datetime,249180130,249180160,249180210,249180230,249180260,249190030,249190090,249190130,249190140,249190190,249190240,249190280,249190320,249190350,249190440,249190480,249190520,249190530,249190560,249190640,249190670,249190780,249190790,249190890,249200020,249200070,249200110,249200120,249200130,249200180,249200240,249200260,249200270,249200320,249200340,249200360,249200370,249200420,249200480,249200490,249200540,249200550,249200910,249200920,249200930,249210070,249210140,249210150,249210230,249210240,249210260,249220040,249220060,249220080,249220120,249220150,249220170,249220180,249220210,249220220,249220240,249220280,249220290,249220320,249220330,249220350,250140030,250150090,250150150,250150170,250150220,250150250,250160090,250160480,250160520,250170110,250170250,250170330,250170390,250180030,250180270,250180580,250190030,250190290,250190470,250200040,250200210,250200220,250200230,250200280,250210050,250210110,250210130,250210180,250210220,250210240,250220030,250220120,250220140,250230020,250230070,250230140,251150180,251160170,251170030,251170290,251180090,251200030,251200150,251200270,252210050,252230030,253140040,253180040,253180150,253190030,253190070,253190220,253210130,253210210,253220070,253220270,253230020,253230160,254160110,254180010,254180060,254190020,254190050,254200080,254220030,349190600,349190625,349190650,349200660,349210670,349220690,349220695,350150500,350150510,350160520,350170530,350180540,350190550,350190560,350190566,350200570,350200575,350210585,350220580,350230595,351150400,351160415,351160418,351160424,351180435,351180455,351190465,351190469,351210488,351220495,351230497,352140310,352150300,352160330,352180345,352190360,352200375,352220385,352230399,353140200,353140205,353150210,353160215,353160230,353200270,353210280,353210285,353230295,354150100,354160105,354160115,354170120,354170125,354180135,354190160,354210185,354220195
2008-12-01 00:00,9,8.79,6.30,7.46,4.40,8.16,9.19,8.70,3.99,7.81,6.69,6.92,3.18,6.07,6.02,5.32,4.47,0.27,5.70,7.02,3.53,4.90,7.17,,6.23,9.35,5.38,5.53,7.51,5.10,8.07,2.59,1.01,1.06,2.39,4.07,8.77,3.20,,7.26,0.30,-0.40,3.41,8.42,7.40,7.43,6.40,6.51,5.19,5.91,4.57,6.97,7.67,8.70,8.73,9.56,9.38,7.20,8.91,10.34,6.86,8.20,5.78,2.06,7.21,,5.03,2.12,2.30,-2.27,3.53,4.09,2.81,2.35,5.89,4.03,8.30,6.99,6.80,0.54,7.39,7.50,5.50,4.71,6.12,7.47,5.62,5,6.19,7.38,4.33,6.24,6.72,7.30,6.85,8.02,6.63,6.51,4.86,5.89,4.49,3.54,-2.72,4.53,2.49,5.22,7.06,7.50,7.22,5.99,6.94,5.19,0.07,1.60,3.97,6,4.20,6.11,6.61,,7.40,6.78,5.45,6.63,1.99,3.89,4,4.31,5.98,7.36,7.60,8.60,7.30,-4.20,9.90,6.70,9,,-2.30,-2,5.50,7.60,6.90,7.70,6.40,2.80,7.30,7.30,6.40,7.70,4.70,1.10,-1,-2.10,-0.20,5.50,6.50,7.20,7.20,6.40,7.40,5,-2.40,-0.20,1.10,5.40,7.20,7.20,7,5.30,0.20,0.60,0.30,,-1.10,6.60,7.30,,5.90,1.30,1.30,3.60,4.10,4.10,4.80,5.90,7.60,5.60
2008-12-01 00:10,8.90,8.71,6.49,7.58,4.30,8.39,8.43,8.80,4.08,7.42,6.75,6.82,3.09,6.17,6.04,5.47,3.63,0.72,5.80,7.20,3.39,5.28,7.35,,6.52,9.40,5.30,5.59,7.70,5.40,8.15,2.11,0.63,1.34,1.48,3.75,8.67,3.40,,7.29,0.10,-0.33,3.32,8.20,7.40,7.36,6.30,6.61,5.43,5.76,4.12,7.11,7.81,8.12,9.01,9.51,9.18,7.20,8.78,10.23,7.02,8.20,5.76,1.97,7.25,,5.22,1.53,2.10,-2.46,3.22,4,2.55,2.15,5.82,4.29,8,6.89,6.80,-24.57,6.91,7.20,5.17,4.30,5.26,7.43,5.30,4.70,6.21,7.45,4.09,6.18,6.51,7.10,6.74,8.27,6.48,6.13,4.70,5.81,4.48,3.35,-2.78,4.41,2.18,5.25,6.80,7.50,7.39,6.10,6.98,5.06,0.18,1.82,4,6.02,4.10,6.09,6.64,,7.30,6.71,5.48,6.53,1.98,3.73,4,4.27,5.93,7.23,7.60,,7,-4.20,9.70,6.70,9,,,,,,,7.40,5.80,,7.40,,6.40,7.40,,,,,,,,7.20,6.90,6.30,7.30,5,,,,,7.30,,6.90,5.30,0.20,0.60,0.40,,,6.60,,,5.80,,,3.60,4.10,4.10,4.80,5.90,7.60,
2008-12-01 00:20,8.70,8.75,6.40,7.55,4.30,8.56,8.27,8.80,4.06,7.42,6.81,6.90,3.91,6.25,6.05,5.49,3.14,0.75,5.60,7.08,3.35,5.21,7.87,,6.37,9.42,5.65,5.99,7.68,5.20,8.22,1.87,0.87,1.28,1.89,5.17,8.74,3.28,,7.34,0.10,-0.43,3.59,8.39,7.20,7.44,6.50,6.73,5.49,5.76,4.54,8.32,7.65,8.74,9.02,9.64,9.20,7.20,9.28,10.21,6.87,8.10,5.68,1.86,7.26,,4.64,1.20,2.70,-2.39,2.52,4.11,2.22,1.72,5.87,4.02,8.20,6.70,6.70,-19.60,6.21,7,5.13,3.90,4.49,7.58,4.86,4.60,6.07,5.82,4.15,5.88,6.28,7.10,6.93,8.25,6.25,6.07,4.51,5.63,4.51,3.02,-2.92,4.34,1.78,4.81,6.71,7.50,7.15,6.18,6.96,4.82,0.02,1.60,3.80,5.76,4,6.05,6.68,,7.20,6.64,5.32,6.34,1.95,3.65,3.90,4.21,6.04,7.10,7.60,,6.30,-4.20,9.90,6.50,8.90,,,,,,,7.40,6.50,,7.40,7.40,6.30,7.06,,,,,,,,7.50,6.60,6.20,7.30,5,,,,,7.30,,6.80,5.20,0.10,0.70,0.40,,,6.60,,,5.80,,,3.60,4.10,4.10,4.70,5.90,7.50,
2008-12-01 00:30,8.60,8.63,6.45,7.53,4.10,8.28,8.24,9.10,3.96,8.49,6.87,7.05,4.27,6.20,6.17,5.28,4.22,1.15,5.60,6.48,3.27,4.66,7.90,,6.30,9.21,5.76,6.19,7.78,5.20,8.17,1.65,1.34,0.29,2.23,4.73,8.74,3.29,,7.33,-0.10,-0.49,3.39,8.33,6.90,7.23,6.30,6.87,5.47,5.95,4.85,8.63,6.84,9.25,9.09,9.38,9.14,7.20,9.34,9.95,6.86,8.10,5.72,1.73,6.94,,4.04,0.88,2.70,-2.40,2.35,3.68,2.15,1.39,5.75,2.97,8.20,6.60,6.60,-7.01,6.42,6.90,4.80,3.92,4.37,7.51,4.45,4.50,5.84,4.65,4.22,5.39,5.97,7,6.90,8.17,6.08,6.08,4.45,5.59,4.32,2.56,-3.03,4.38,1.83,4.45,6.37,7.50,7.05,6.15,6.97,4.64,-0.17,1.68,3.86,5.60,4,6.03,6.67,,7.10,6.74,5.19,5.94,1.95,3.43,3.90,4.21,5.76,7.02,7.50,,6.70,-4.20,10,7,9.10,,,,,,,7.10,7,,7.30,7.50,6.50,6.64,,,,,,,,7.50,6.40,6.40,7,5.10,,,,,7.20,,6.80,5.20,0,0.70,0.40,,,6.60,,,5.80,,,3.60,4,4.10,4.80,5.80,7.30,
2008-12-01 00:40,8.80,8.68,6.64,7.61,4.20,8.14,8.19,9.30,3.94,8.85,6.80,7.25,4.22,6.19,6.15,5.20,5.70,1.15,5.50,6.91,3.52,4.65,7.91,,5.98,9.24,5.14,5.73,8.15,5.40,8.06,1.49,1.44,0.48,1.49,4.50,8.05,3.13,,7.38,0.10,-0.35,3.98,8.50,6.80,7.29,6.60,7.01,5.52,5.92,5.29,8.65,7.02,9.38,8.94,9.33,9,7.30,9.51,9.97,6.91,8.20,5.70,1.75,7.05,,3.62,1.03,2.80,-2.73,2.37,3.86,2.71,1.06,5.65,3.93,8.30,6.58,6.60,-8.22,6.70,7,4.36,4.84,3.96,7.41,4.03,4.40,5.83,4.56,4.12,5.19,5.65,7.10,6.61,8.15,6.06,5.61,4.64,5.37,4.51,2.34,-3.06,4.49,1.49,4.36,6.04,7.50,6.83,6.20,7.08,4.59,-0.32,1.33,3.84,5.49,3.80,6.02,6.68,,7.10,6.76,5.17,5.98,2.07,3.30,3.90,4.38,5.74,7.07,7.50,,7,-4.20,9.80,7.40,8.90,,,,,,,7,7.10,,7.10,7.70,6.80,6.60,,,,,,,,7.60,6.10,6.70,6.90,5.10,,,,,7.20,,6.80,5.20,-0.10,0.70,0.40,,,6.60,,,5.70,,,3.50,3.80,4,4.70,5.80,7.40,
2008-12-01 00:50,8.70,8.68,6.67,7.55,4.20,7.96,7.21,9.10,3.81,8.73,6.78,7.31,4.34,6.19,6.14,4.99,5.68,0.96,5.30,7.01,3.86,4.54,7.85,,5.65,9.72,5.03,5.55,8.25,5.80,8.09,1.27,1.34,-0.07,1.18,4.64,7.69,2.87,,7.58,0.30,-0.16,4.06,8.67,7.10,7.42,6.90,7.16,5.76,5.97,5.80,8.86,7.84,9.33,8.81,9.46,9.03,7.40,9.37,9.92,6.77,8,5.62,1.72,7.07,,3.36,0.97,3.10,-2.50,2.04,4.26,2.98,0.88,5.52,4.59,8.10,6.40,6.40,6.06,7.03,6.80,3.59,5.06,3.51,7.29,3.84,4.10,5.86,4.40,4.14,5.03,5.58,7.20,6.46,8.22,5.91,5.10,4.38,5.14,4.47,2.43,-2.91,4.53,1.59,4.46,5.96,7.40,6.60,5.95,7.29,4.64,-0.40,1.80,3.87,5.74,3.70,6.02,6.60,,6.90,6.63,4.99,6.02,1.97,3.12,4,4.64,5.86,6.94,7.60,,7,-4.20,9.90,7.70,9.20,,,,,,,6.90,6.90,,6.90,7.50,6.60,6.36,,,,,,,,7.40,5.70,7.20,6.70,4.90,,,,,7.30,,6.60,5.10,-0.10,0.30,0.50,,,6.60,,,5.70,,,3.50,3.80,4,4.70,5.80,7.40,
2008-12-01 01:00,8.70,8.55,6.68,7.52,4.20,7.59,6.85,8.90,3.66,8.35,6.91,7.58,4.29,6.19,6.22,5.18,5.10,0.60,4.90,7.36,4.02,4.79,8.11,,5.47,9.70,4.90,5.62,8.05,5.90,7.97,1.25,1.29,-0.33,1.05,3.82,7.02,2.50,,7.62,1.40,0.01,4.23,8.63,7,7.49,7,7.28,5.86,6.17,5.60,8.59,7.82,9.45,8.68,9.44,9,7.40,9.10,9.80,6.88,7.90,5.65,1.72,7.05,,3,0.56,2.40,-2.50,2.04,4.28,2.69,0.53,5.35,4.64,7.90,6.39,6.10,9.24,6.15,6.70,3.13,4.23,2.70,7.18,3.75,3.70,5.72,4.48,4.15,4.40,5.59,7.10,6.38,8.15,5.59,5.01,4.89,5.17,4.52,2.25,-3.12,4.33,1.76,4.53,5.98,7.40,6.35,5.75,7.45,4.58,-0.20,1.78,3.78,5.65,3.60,6.16,6.63,,6.80,6.67,4.91,5.77,1.85,3.29,4.10,4.55,5.95,6.93,7.60,8.40,7.20,-4.30,9.70,7.90,9.30,6.10,-2.80,-2.30,5.80,7.80,6.90,6.70,7.20,5.50,6.10,7.50,6.30,6.50,,1,-1.20,-2.50,-0.90,5.70,6.30,6.90,5.80,7.40,6.60,5,-2.30,-0.40,-1.20,5.60,7.40,7.40,6.50,5.20,-0.10,-0.70,0.40,,0.20,6.70,7.20,8.10,5.70,0.60,1,3.50,3.80,3.80,4.80,5.70,7.50,5.40
2008-12-01 01:10,8.70,8.53,6.81,7.57,4.20,7.57,7.10,9.10,3.56,8.78,6.92,7.35,4.55,6.35,6.23,5.09,4.84,0.44,4.90,7.23,4.14,5.10,7.85,,5.43,8.74,4.23,6,7.80,5.90,8.27,1.37,1.54,-0.12,1.28,3.96,6.72,2.33,,7.44,1.80,0.14,3.95,8.65,7.10,7.28,7,7.43,5.99,6.25,5.37,8.07,7.69,9.55,8.55,9.40,8.93,7.30,8.74,9.82,6.84,7.90,5.76,1.72,6.88,,3.29,0.31,2.30,-2.80,2.27,4.28,2.21,0.50,5.39,4.26,7.80,6.30,6,14.99,5.07,6.70,3.36,3.81,2.40,6.83,3.75,3.10,5.58,4.87,3.77,4.02,5.62,7,6.11,8.20,5.40,4.73,5.23,5.07,4.27,2.21,-3.07,4.18,1.19,4.31,5.97,7.20,6.39,5.56,7.43,4.56,-0.13,1.64,3.49,5.40,3.60,6.28,6.62,,6.80,6.65,4.92,5.67,1.90,3.38,4.20,4.63,6.11,6.93,7.50,,7.90,-4.40,9.90,7.80,9.10,,,,,,,6.50,7.40,,6.10,7.40,6.30,6.51,,,,,,,,6.90,5.80,7.40,6.40,5,,,,,7.40,,6.40,5.10,-0.10,-0.70,0.20,,,6.70,,,5.70,,,3.40,3.90,3.80,4.90,5.70,7.40,
2008-12-01 01:20,8.70,8.47,6.86,7.53,4.20,7.52,7.05,9.10,3.58,8.55,7.03,7.24,4.79,6.39,6.16,4.99,4.77,0.45,5.10,7.53,4.02,5.25,8.02,,5.51,8.67,4.93,6.07,7.63,6.10,8.45,1.77,1.85,0,0.77,3.20,5.30,2.22,,7.01,1.40,0.12,3.63,8.56,7.40,7.09,7,7.57,6.05,6.39,5.18,8.18,7.41,9.59,8.44,9.32,8.85,7.40,8.79,9.57,6.75,7.80,5.93,1.67,6.70,,2.81,0.09,2.40,-2.94,2.13,4.35,1.62,0.18,5.44,3.84,7.80,6.04,5.80,29.62,4.50,6.50,3.35,4.14,2.09,6.72,3.60,3,5.45,4.60,3.86,3.84,5.65,7,6.08,8.08,5.13,4.50,4.38,5,4,2.45,-2.87,3.34,1.25,4.24,6.15,6.90,6.61,5.52,7.35,4.59,-0.11,1.23,3.04,5.33,3.70,6.35,6.63,,6.80,6.35,4.97,5.59,1.79,3.33,4,4.53,5.99,6.96,7.40,,7.50,-4.40,9.90,7.50,9.30,,,,,,,6,7.10,,5.80,7.60,6.30,6.80,,,,,,,,6.90,5.70,7.40,6.50,5.10,,,,,7.40,,6.30,5.10,-0.10,-0.70,-0.20,,,6.70,,,5.70,,,3.40,3.90,3.60,4.80,5.70,7.30,
2008-12-01 01:30,8.50,8.51,6.72,7.50,3.90,7.91,7.02,9.20,3.90,8.46,7.10,7.15,5.10,6.37,6.40,4.67,4.94,1.64,5.40,7.91,3.88,5.57,7.13,,4.94,8.67,5.13,6.19,7.50,5.40,8.55,1.69,1.91,0.26,0.40,3.77,4.53,2.09,,6.67,1.20,0.04,3.55,8.67,7.30,7.28,7.10,7.54,6.06,6.38,5.50,7.73,7.54,9.54,8.71,9.38,8.78,7.50,8.84,9.56,6.90,7.60,5.98,1.62,6.84,,3.74,0.08,3.80,-2.66,2.15,4.02,1.42,0.25,5.23,3.40,7.50,5.74,5.30,1.22,4.11,6.30,3.22,4.80,1.99,6.49,2.93,2.70,5.39,5.11,3.74,3.84,5.54,6.90,6.29,8.07,5.04,4.55,3.75,4.96,3.63,2.47,-3.02,2.83,1.40,4.20,6.22,6.70,6.86,5.48,7.36,4.62,-0.09,1.32,3.18,5.20,3.80,6.30,6.57,,6.70,6.43,4.99,5.67,1.66,3.34,4.20,4.47,5.86,6.91,7.40,,7.30,-4.40,10,7.50,9.60,,,,,,,5.80,7.80,,5.50,7.50,5.90,7.11,,,,,,,,7,5.50,7.20,6.40,5.10,,,,,7.40,,6.20,5.20,-0.10,-0.80,-0.30,,,6.70,,,5.60,,,3.30,3.80,3.60,4.90,5.60,7.30,
2008-12-01 01:40,8.50,8.63,6.52,7.40,3.80,8.15,6.90,9.20,4.17,7.83,7.26,7.65,4.95,6.35,6.46,4.59,5,0.40,5.60,8.01,4.20,5.55,6.40,,4.10,8.39,5.05,6.10,7.23,5.80,8.60,1.24,1.80,0.19,0.30,4.14,4.40,1.99,,6.79,1.20,0.06,3.51,8.80,7.30,7.05,7.10,7.27,5.96,6.38,5.47,7.91,7.41,9.69,8.86,9.34,8.81,7.40,8.77,9.56,6.73,7.70,5.99,1.67,6.80,,4.39,0.13,3.90,-2.04,3.56,4.23,1.51,0.18,5.09,2.89,7.20,5.50,4.60,-213.51,3.71,6,3.88,4.65,2,6.32,3.08,3.20,5.10,4.85,3.50,4.29,5.67,6.70,6.64,8.27,5.13,5.15,3.67,4.77,2.96,2.61,-3.10,2.75,1.16,4.21,6.30,6.60,7.06,5.42,7.32,4.67,-0.33,2,3.22,5.32,4.10,6.16,6.52,,6.70,6.65,4.99,5.79,1.67,3.21,4.10,4.25,5.87,6.90,7.20,,7.50,-4.40,9.70,7.60,9.40,,,,,,,5.90,7.70,,5.50,7.30,6.10,7.04,,,,,,,,7.10,5.20,7.40,6.50,4.80,,,,,7.50,,6.20,5.20,-0.10,-0.90,-0.50,,,6.60,,,5.70,,,3.30,3.70,3.50,4.90,5.70,7.10,
2008-12-01 01:50,8.50,8.80,6.50,7.42,3.70,8.07,6.13,9,4.60,8.54,7.22,7.51,4.49,6.41,6.65,4.73,5.39,0.45,5.50,7.63,4.17,5.49,5.74,,4.24,6.87,4.55,6.23,6.84,5.70,8.58,0.60,1.86,0.53,0.09,3.92,4.77,2.13,,6.55,1.10,-0.03,3.18,8.85,7.50,7.49,7.20,7.27,6.10,6.41,5.81,8.03,7.77,9.71,8.88,9.18,8.86,7.40,8.31,9.51,6.52,7.60,5.95,1.56,6.74,,4.74,0.99,4.30,-2.41,4.52,4.28,1.78,0.01,4.97,2.27,6.90,5.20,4.64,-225.14,2.67,5.70,4.91,4.31,1.92,6.01,2.42,3.70,4.83,4.75,3.35,4.53,5.66,6.40,6.83,8.48,5.25,5.07,3.68,4.36,2.41,2.91,-3.36,2.85,1.05,4.04,5.97,6.90,6.88,5.42,7.21,4.70,-0.94,2.13,3.19,5.32,4.20,6.12,6.58,,6.70,6.65,5.06,5.92,1.71,3.20,4,4.17,5.90,6.97,6.90,,7.30,-4.40,9.20,7.60,9.50,,,,,,,5.60,7.80,,5.10,7.10,6.10,7.30,,,,,,,,7,5.10,7.30,6.30,4.90,,,,,7.30,,6,5.20,-0.10,-0.80,-0.50,,,6.60,,,5.60,,,3.20,3.80,3.50,4.80,5.50,7.10,
2008-12-01 02:00,8.60,8.76,6.76,7.39,3.80,8.27,6.20,9.20,4.65,9.33,7.41,7.45,4.39,6.57,6.81,5.04,5.48,0.43,5.60,7.61,4.08,5.30,5.10,,3.90,6.68,4.40,6.38,6.29,5.90,8.71,0.40,1.86,0.39,-0.33,4.39,6.62,2.46,,7.19,1.10,-0.12,3.16,8.78,7.80,7.56,7.50,7.40,5.52,6.30,6.12,8.71,7.92,9.61,8.84,9.03,8.86,7.20,8.58,9.19,6.58,7.60,5.90,1.49,6.55,,5.40,1.88,4.20,-1.91,4.90,4.37,0.79,0.05,4.87,2.60,7.10,5.05,4.72,-225.01,2.31,5.40,5.16,4.65,1.54,6,1.95,3.50,4.45,4.68,3.34,4.56,5.71,6.30,7.10,8.46,5.54,5.03,3.76,3.96,2.19,3.16,-3.23,2.54,1.26,4.03,5.85,6.80,6.69,5.53,7.40,4.69,-0.86,2.25,3.33,5.38,4.10,6.19,6.53,,6.50,6.50,5.08,5.81,1.50,3.19,3.90,4.26,5.89,6.89,6.70,8.70,6.90,-4.30,9.50,7.80,9.40,5.60,-2.70,-2.20,5.60,7.40,6.70,5.50,7.80,2.20,4.60,7.30,5.90,7.90,3.30,1.90,-1.20,-2.60,0.40,5.20,6.10,6.30,5.10,7.10,6.10,4.60,-2.90,-0.20,-2.80,4.80,7.20,6.40,6.10,5.20,-0.10,-0.80,-0.60,0.30,-0.60,6.80,6.50,7.40,5.50,0.50,0.80,3.10,3.60,3.20,4.70,5.40,7.20,5.10
2008-12-01 02:10,8.80,8.87,6.85,7.38,3.69,8.17,6.47,8.90,4.78,9.27,7.61,7.39,4.24,6.35,6.64,5.18,5.45,1.04,5.50,7.44,4.21,5.01,5.41,,2.35,8.08,4.20,5.92,5.96,5.50,8.54,0.44,2.10,0.79,-0.12,5.32,6.56,2.34,,7.39,1,-0.17,3.01,8.76,7.70,7.50,7.40,7.49,5.30,6.13,5.65,8.85,8.45,9.49,8.77,9.12,8.54,7.10,8.72,9.40,6.59,7.40,5.75,1.50,6.37,,5.83,3.10,4.30,-1.37,4.92,4.30,0.98,0.21,4.83,2.46,6.50,4.66,4.59,-237.30,2.45,5.50,5.24,5.19,1.34,6.11,2.37,2.80,4.55,4.45,3.38,4.64,5.77,6.40,7.13,8.47,5.71,4.91,3.96,3.69,1.96,2.96,-3.24,2.07,1.45,4.04,5.61,6.50,6.67,5.42,7.42,4.73,-0.76,1.90,3.23,5.26,4,6.28,6.39,,6.50,6.53,5.07,5.56,1.41,3.18,3.90,4.27,6.06,6.99,6.70,,6.70,-4.10,10.20,7.90,9.20,,,,,,,5.40,8,,4.70,7.50,5.80,7.88,,,,,,,,6.30,5,7.10,6,4.60,,,,,6.90,,6.10,5.20,-0.10,-0.80,,,,6.80,,,5.50,,,2.90,3.60,3.20,4.70,5.40,7,
2008-12-01 02:20,8.80,8.94,6.91,7.39,3.87,8,7.19,8.80,4.94,9.74,7.73,7.18,4.15,6.47,6.67,5.33,5.35,1,5.60,7.22,4.23,4.83,8.54,,2.73,9.86,4.05,5.98,5.79,4.80,8.49,0.38,1.75,0.73,0.45,4.98,6.82,2.30,,7.45,1.20,-0.20,2.76,8.75,7.50,7.45,7.20,7.65,5.47,5.94,5.18,9.17,8.62,9.38,8.72,8.91,8.33,6.90,8.59,9.22,6.60,7.30,5.84,1.58,6.42,,5.54,3.31,4.30,-0.62,5.15,4.31,1.13,0.68,4.88,2.48,6.50,4.26,4.40,-243.15,2.52,5.39,5.43,5.66,1.22,6.02,2.51,2.50,4.66,3.80,3.32,4.50,6.01,6.60,7.64,8.61,5.58,4.76,3.84,3.29,2.07,2.65,-3.14,2.76,1.50,4.01,5.21,6.20,6.59,5.06,7.42,4.70,-0.66,1.91,3.12,5.36,4.10,6.44,6.21,,6.60,6.64,5.14,5.32,1.57,3.22,3.90,4.33,5.68,6.72,6.60,,6.70,-4,10.30,7.60,9.30,,,,,,,5.30,7.80,,4.60,7.70,5.60,7.84,,,,,,,,6.40,4.50,6.80,5.90,4.80,,,,,6.80,,5.90,5.30,-0.10,-1,-0.70,,,6.80,,,5.40,,,2.80,3.60,3.10,4.60,5.40,7,
2008-12-01 02:30,8.80,9,7.04,7.30,3.66,8.10,7.18,9.10,4.88,9.76,7.54,7.25,4.22,6.36,6.79,5.43,5.47,0.52,5.90,6.85,4.38,4.70,7.81,,4.33,10.03,4.40,5.73,6.53,4.30,8.48,0.34,1.33,0.73,0.51,5.08,7.35,2.28,,7.38,0.70,-0.32,2.80,8.61,7.50,7.64,7.20,7.57,5.45,5.91,4.76,9.10,8.64,9.38,8.64,8.83,8.22,7,8.29,9.18,6.57,7.20,5.87,1.40,6.37,,5.75,3.26,4.40,-0.15,5.18,4.24,1.37,0.08,5,2.09,6.60,4.12,5.08,-241.84,2.35,5.08,5.09,5.31,1.09,5.68,2.20,2.60,4.74,3.51,3.25,4.29,6.06,6.50,7.53,8.90,5.33,4.64,3.32,3.15,2.21,2.75,-2.98,2.09,0.70,3.92,5.02,6,6.31,4.87,7.46,4.68,-0.65,1.88,3.02,5.37,4.10,6.36,6.11,,6.60,6.50,5.11,5.54,1.25,3.33,4,4.41,5.72,6.64,6.40,,6.60,-3.90,10.20,8,9.10,,,,,,,5.10,7.60,,4.20,7.80,5.70,8,,,,,,,,6.50,4.40,6.70,5.80,4.90,,,,,6.80,,5.90,5,0,-1.20,-0.80,,,6.70,,,5.30,,,2.70,3.50,2.90,4.60,5.40,7.10,
2008-12-01 02:40,8.80,9.02,7.15,7.18,3.74,8.21,6.19,9.30,5.01,9.66,7.38,7.35,4.15,6.36,6.90,5.32,5.32,0.66,5.90,6.57,4.46,4.75,7.27,,4.24,10.20,4.04,5.79,7.26,4,8.57,0.42,1.26,0.93,0.27,5.54,7.89,2.15,,6.96,0.70,-0.15,3.16,8.40,7.40,7.78,6.90,7.50,5.38,5.97,4.75,8.84,9.15,9.27,8.68,8.56,8.25,7,8.07,9.31,6.39,7,5.71,1.42,6.18,,5.89,3.88,4.10,0.56,5.25,4.15,0.39,-0.10,4.92,1.33,6.50,3.90,5.07,-244.09,1.97,4.82,3.99,5.22,0.81,5.69,1.07,2.40,4.83,3.51,3.23,4.11,5.94,6.30,7.47,9.05,5.18,4.45,2.70,2.89,1.99,2.85,-3.03,1.79,0.66,3.90,4.75,5.90,6.16,4.57,7.44,4.65,-0.98,1.92,3.15,5.40,4,6.20,5.97,,6.50,6.48,5.12,5.59,1.19,3.36,4.20,4.88,5.89,6.65,6.40,,6.60,-3.80,10.20,7.90,9,,,,,,,4.80,7.60,,4.20,7.90,5.70,8.30,,,,,,,,6,4.60,6.50,5.80,4.90,,,,,6.90,,6,5.10,0,-1.20,-0.80,,,6.40,,,5.20,,,2.60,3.30,2.90,4.50,5.30,7.10,
2008-12-01 02:50,8.80,9.08,7.26,7.59,4.03,7.96,5.67,9.40,5.16,9.53,7.30,7.28,4.51,6.38,6.80,5.21,5.15,0.77,6,7.29,4.57,4.52,6.44,,3.87,10.35,4.69,6.60,7.39,3.80,8.71,0.22,1,1.70,0.15,5.08,8.32,2.09,,6.80,0.80,0.02,3.50,8.76,7.70,7.79,6.90,7.49,5.20,5.78,4.29,8.78,8.97,9.22,8.49,8.42,8.16,6.80,7.93,9.33,6.31,7.20,5.61,1.27,6.04,,6.14,4.15,4.80,0.36,5.13,4.06,0.30,-0.22,4.72,1.49,6.20,4.07,5.02,-239.29,1.83,4.36,3.19,4.61,0.88,5.62,1.38,1.90,4.77,2.98,3.20,3.79,5.74,6.30,7.09,8.99,5.31,4.41,2.71,2.49,1.88,2.66,-3.01,1.85,0.78,3.97,4.50,6,6.25,4.43,7.36,4.63,-1.16,1.75,2.77,5.30,3.70,6,5.91,,6.40,6.42,5.13,5.48,1.18,3.35,4.30,5.16,5.91,6.62,6.30,,6.70,-3.70,10.10,8.10,9,,,,,,,4.70,7.60,,4.10,8.10,5.80,8.27,,,,,,,,6,4.80,6.40,5.70,5.10,,,,,7,,5.90,5.10,0,-1.10,-0.70,,,6.20,,,5,,,2.60,3.20,2.80,4.60,5.40,7.10,
2008-12-01 03:00,8.80,9.07,7.21,7.78,3.84,7.85,6.03,9.40,5.32,9.20,7.34,7.17,4.34,6.43,6.73,5.33,5.15,0.24,5.80,7.42,4.54,4.02,5.78,,3.10,10.30,5.51,6.96,7.75,4.20,8.41,0.15,1.13,0.75,0.09,5.04,7.21,2.39,,6.37,1,0.25,4,8.71,7.50,7.83,6.90,7.41,5.07,5.73,3.99,9,8.77,9.10,8.36,8.43,8.14,6.70,7.52,9.25,6.30,7.10,5.42,1.32,5.94,,6.45,4.02,4.70,0.14,5.52,4.02,1.19,-0.07,4.72,1.52,6.40,3.94,5.03,-240.62,1.46,4.21,3.17,4.36,0.62,5.44,1.78,1.60,4.90,3,3.20,3.61,5.56,6.50,6.99,9.05,5.54,4.44,2.50,2.70,1.84,2.58,-3.15,1.80,0.60,3.86,4.29,6,6.07,4.24,7.28,4.70,-1,1.59,2.57,5.43,3.50,5.67,5.95,,6.40,5.95,5.08,5.45,0.90,3.29,4.40,5.53,5.65,6.51,6.30,9.60,6.70,-3.60,10.10,8.20,8.80,6.40,-2.30,-1.60,5.10,6.80,6.70,4.50,7.70,0.90,4,8.10,5.70,8.90,3.20,2.70,0.50,-2.50,0.40,4.30,5.20,5.30,4.60,6.30,5.50,4.40,-3.20,0.10,-3.60,4.60,7.10,6.70,5.80,5.20,-0.20,-1.40,-0.70,-0.20,-0.90,6.50,6.50,,4.90,0.40,0.20,2.50,2.80,2.50,4.70,5.40,7,5.20
2008-12-01 03:10,8.90,9.23,7.30,7.90,3.96,7.81,7.22,9.30,5.24,9.16,7.60,7.13,4.22,6.62,6.52,5.26,5.23,1.22,5.40,6.94,4.79,4.49,5.63,,3.03,10.17,5.59,6.46,8.03,4.70,8.27,0.23,1.42,1.15,-0.11,4.51,5.38,2.22,,6.59,1.30,0.82,4.10,7.84,7.90,7.75,7,7.47,5.15,5.65,3.98,8.89,9.34,9,8.24,8.39,8.13,6.60,7.57,9.23,6.30,7,5.41,1.48,5.72,,6.49,4.46,4.50,0.09,5.76,3.99,1.17,-0.29,4.80,1.88,6.20,3.86,5,-243.77,1.35,3.40,3.31,4.59,1.25,5.31,2.45,1.10,5.30,3.94,3.20,3.29,5.53,6.50,7.08,9.13,5.53,4.26,2.50,2.82,1.82,2.56,-3.07,1.86,0.90,3.84,4.34,5.80,5.81,4.14,7.38,4.82,-0.75,1.56,2.11,5.28,3.50,5.33,5.96,,6.40,5.82,5.06,5.23,0.83,3.25,4.50,5.78,5.79,6.42,6.30,,7.50,-3.50,10,7.70,8.40,,,,,,,4.40,7.40,,4,8,5.70,8.51,,,,,,,,5.10,4.60,6.20,5.50,4.40,,,,,7,,5.70,5,-0.20,-1.30,-0.80,,,6.50,,,4.80,,,2.30,2.50,2.50,4.70,5.40,7,
2008-12-01 03:20,9.30,9.06,7.29,7.80,3.85,7.45,6.83,9.60,5.24,9.22,7.31,7.29,4.29,6.85,6.25,5.07,5.11,1.16,5.20,5.64,4.75,4.41,4.36,,2.15,10.33,5.47,5.38,7.80,4.70,8.52,0.41,1.51,1.27,-0.20,4.46,6.05,2.08,,6.56,1.20,0.77,4.18,7.64,7.70,7.65,6.70,7.56,5.32,5.53,3.67,9.10,9.36,8.83,8.48,8.21,7.89,6.30,7.12,8.78,6.40,6.90,5.44,1.39,5.57,,6.18,4.28,4.80,0.13,5.77,3.84,0.10,-0.57,4.64,1.81,6.10,3.94,5,-243.43,1.12,3.70,3.13,4.66,1.30,5.33,2.93,1.20,5.69,4.07,3.04,3.15,5.38,6.70,7.12,9.04,5.46,3.90,2.50,3.05,1.80,2.55,-2.97,1.89,0.68,3.92,4.13,5.60,5.70,3.98,7.47,4.92,-0.45,1.40,2.30,5.29,3.50,5,5.86,,6.40,5.79,5.14,5.13,0.79,3.08,4.40,5.82,5.91,6.38,6.20,,6.90,-3.40,9.90,7.80,7.80,,,,,,,4.40,7.50,,3.80,8,5.60,8.41,,,,,,,,5,4.40,6.10,5.50,4.20,,,,,7,,5.80,4.90,-0.20,-1.30,-0.80,,,6.70,,,4.80,,,2.10,2.30,2.40,4.60,5.40,7.10,
2008-12-01 03:30,9.10,8.99,7.14,7.72,3.77,7.73,7.40,9.60,5.23,9.41,7.19,7.07,4.19,7.11,6.06,4.75,4.90,1.07,5.10,4.76,4.60,4.47,3.20,,1.98,10.43,6.36,5.29,7.16,4.70,8.73,0.05,1.58,1.38,-0.36,4.44,6.08,2.23,,6.52,1,0.82,3.97,7.67,7.60,7.69,6.70,7.53,5.48,5.56,3.50,9.06,9.28,8.83,8.65,7.99,7.18,6.20,6.33,8.26,6.24,6.60,5.34,1.31,5.14,,6.28,4.30,4.10,-0.46,6.40,3.62,0.35,-0.67,4.57,2.18,6,4.11,5.10,-241.98,0.86,4.20,2.78,2.20,1.10,5.36,2.91,1.50,4.34,3.77,3,3.01,5.38,6.70,7.62,8.93,5.34,3.98,2.59,2.89,1.66,2.54,-3.14,2.27,0.28,3.63,3.90,5.30,5.59,3.70,7.38,4.94,-0.53,1.53,2.20,5.08,3.50,5.02,5.75,,,5.50,5.07,5.32,0.65,2.98,4.50,5.86,5.69,6.34,6.20,,7.40,-3.20,9.90,7.50,8.40,,,,,,,4.30,7.80,,3.70,8.20,5.80,8.20,,,,,,,,5.80,4.30,5.90,5.40,4.10,,,,,6.70,,5.60,4.70,-0.10,-1.20,-0.80,,,6.60,,,4.80,,,2.10,2.20,2.20,4.70,5.30,7.10,
2008-12-01 03:40,9.10,8.92,7.27,7.60,3.37,8.34,7.71,9.60,4.96,9.40,7.19,7.14,4.14,7.13,5.74,4.39,4.94,0.99,5.20,5.11,4.53,3.99,3.07,,2.50,10.46,6.66,5.53,7.35,4.90,8.78,0.13,1.71,1.67,-0.39,3.93,5.29,2.06,,6.63,0.90,0.78,3.82,7.49,7.70,7.63,6.30,7.55,5.35,5.55,3.29,8.79,9.37,8.94,8.52,7.71,6.89,6.20,5.95,8.38,6.26,6.30,5.28,1.38,4.62,,6.26,3.88,3.50,-1.15,6.07,3.41,1.08,-0.35,4.62,2.49,6.30,4.42,5.30,-241.75,1.36,4.70,2.57,2.11,0.61,5.24,2.83,1,3.74,5.51,2.89,2.70,5.46,6.80,7.84,8.85,5.21,4.54,2.60,2.67,1.53,2.50,-2.40,2.54,0.51,3.17,3.78,5.10,5.45,3.53,7.53,4.88,-0.35,1.60,2.46,4.84,3.50,5.03,5.67,,,5.40,5.05,5.16,0.57,2.82,4.40,5.67,5.75,6.40,6.20,,7.40,-3.10,9.90,7.50,8.20,,,,,,,4.30,8.10,,3.70,,5.80,8.20,,,,,,,,6,4.20,5.60,5.30,4.10,,,,,6.50,,5.70,4.70,-0.10,-1.40,-0.80,,,6.80,,,4.80,,,1.90,1.90,2.20,4.60,5.20,7,
2008-12-01 03:50,8.90,9.05,7.46,7.62,3.49,8.25,8.48,9.80,4.71,9.38,7.10,7.03,4.20,7.27,5.74,4.21,4.63,1.28,5.60,6.15,4.66,4.41,3.15,,4.06,10.50,6.62,5.41,7.89,5.20,8.73,0.10,1.40,1.55,-0.52,4.15,3.91,1.81,,6.02,0.80,0.85,4.02,7.35,7.60,7.69,6.20,7.39,5.22,5.36,2.94,8.63,9.36,8.98,8.72,7.57,6.61,6.10,5.74,8.58,6.33,6.20,5.35,1.40,4.05,,6.47,4.67,3.30,-0.85,4.69,3.46,1.21,-0.38,4.57,2.32,6.90,4.36,5.50,-243.30,3.23,4.80,2.10,2.29,1.13,5.29,2.59,1.60,3.77,6.50,2.90,3.56,5.45,6.80,7.88,8.81,5.29,4.85,2.88,2.77,1.40,2.47,-1.61,2.12,0.61,3.24,3.59,4.90,5.14,3.46,7.43,4.97,-0.25,1.49,2.31,4.56,3.30,4.83,5.57,,,5.18,5.06,4.98,0.72,2.83,4.20,5.01,5.35,6.31,6.20,,7.10,-3.10,9.80,7.40,8.40,,,,,,,4.30,7.90,,3.10,8.30,5.70,8.18,,,,,,,,5.20,4.10,5.80,5.20,4.10,,,,,6.30,,5.50,4.60,-0.20,-1.40,-0.90,,,6.80,,,4.70,,,1.80,2.10,2.30,4.60,5,6.90,
2008-12-01 04:00,9,9.09,7.62,7.28,3.53,7.96,8.24,9.60,4.60,9.38,7.06,7.09,4.43,7.53,5.93,4.57,4.77,1.76,5.60,6.03,4.74,5.14,3.20,,3.58,10.21,6.25,5.40,8.22,5.50,8.38,-0.03,0.96,1.03,-0.89,4.44,3.40,1.94,,6,1.20,0.76,4.47,6.99,7.20,7.60,6.10,6.97,4.85,5.29,2.91,8.70,9.23,9.04,8.71,7.49,6.85,6.10,5.91,8.45,6.15,6.20,5.27,1.40,3.47,,6.57,5.15,3.40,0.91,4.45,3.34,1.19,-0.50,4.59,1.30,6.50,4.69,5.90,-243.07,3,5,1.81,2.75,2.49,5.19,1.92,1.80,4.13,6.92,2.89,4.47,5.37,7.30,8.16,8.82,5.21,4.79,2.98,2.76,1.51,2.27,-1.11,2.11,0.37,3.43,3.56,4.70,4.88,3.30,7.26,5.06,-0.14,1.48,2.12,4.57,3.30,4.98,5.55,,6.70,5.03,5.08,5.32,0.78,2.80,4.10,4.69,5.04,6.15,6.20,10.10,7.30,-3.20,9.80,7.50,8.30,3.50,3.70,-2,4.60,6.90,5.20,4.30,7.60,1.50,3.10,8.30,5.60,8.70,2.70,3,0.50,-1.70,1.90,3.70,4.10,4.60,4.30,5.60,5.10,4.10,-2.30,-0.10,-2.30,4.10,6.10,6.10,5.50,4.60,-0.30,-1.70,-0.90,-0.40,-1.20,6.90,6.40,,4.70,0.50,0.30,1.60,2.20,2.40,4.60,4.70,6.80,5.40
2008-12-01 04:10,8.90,9.01,8.01,7.24,3.79,7.93,7.35,9.50,4.58,9.26,7.09,6.91,4.28,7.88,6.29,4.58,4.55,1.84,5.70,6.54,4.98,4.74,2.88,,4.34,10.14,6.66,5.74,7.87,5.40,8.25,-0.29,0.49,1.14,-1.06,3.60,2.47,2.05,,5.41,1.40,1.08,4.96,6.99,7.30,7.37,6.10,6.49,5.03,5.33,2.87,8.56,9.42,8.56,8.56,7.43,6.38,5.90,5.63,8.36,6.21,6.20,5.13,1.32,3.02,,6.57,5.28,3.30,0.58,5.13,3.08,1.80,-0.49,4.57,1.29,5.40,4.78,5.58,-241.56,2.22,5.10,1.85,2.39,2.65,5.32,1.82,1.80,4.77,6.44,2.84,4.83,5.25,7.30,8.14,8.60,5.44,4.60,2.98,2.68,1.63,2.12,-0.46,2.70,-0.19,3.62,3.49,4.40,4.50,3.24,7.17,5.06,-0.07,1.27,2.05,4.40,3.30,5,5.65,,6.60,4.95,5.14,5.18,0.73,2.69,4.10,4.44,5.10,6,6.30,,6.90,-3.20,9.70,7,8.20,,,,,,,4.50,7.30,,3.10,8.30,5.60,7.74,,,,,,,,4.50,4.30,5.40,5.30,4.10,,,,,5.90,,5.40,4.40,-0.30,-1.70,,,,6.90,,,4.80,,,1.60,2,2.40,4.60,4.60,6.70,
2008-12-01 04:20,8.90,9.01,8.18,7.20,3.80,7.88,6.81,9,4.43,9.12,7.24,7.09,3.92,7.26,6.18,4.54,4.52,1.33,5.40,6.18,4.93,4.44,2.31,,5.50,9.78,6.86,5.98,7.75,5.40,8.07,-0.55,0.65,0.95,-0.99,3.49,2.03,1.92,,4.71,2.20,1.66,5.16,6.83,7.70,7.41,6,6.31,5.03,5.39,2.97,8.11,9.53,8.20,8.50,7.36,6.22,5.70,5.01,8.25,6.15,6.40,5.08,1.29,3.02,,6.98,5.24,3.20,0.32,5.40,2.83,1.76,-0.79,4.71,1.04,5.90,5.45,5.66,-233.74,1.60,5.17,1.85,2.93,2.09,5.40,2.14,1.50,4.69,6.18,2.72,5.08,5.04,7.40,8.06,8.49,5.45,4.43,2.78,2.51,1.60,1.90,-0.83,3.46,-0.43,3.57,3.23,4.20,4.45,3.16,6.97,5.01,-0.13,1.14,2.13,4.34,3.20,4.91,5.80,,6.60,4.78,5.18,5.02,0.63,2.60,4,4.13,5.17,6.05,6.40,,7.30,-3,9.40,6.90,7.70,,,,,,,4.50,6.70,,3.10,7.90,5.80,7.22,,,,,,,,4.10,3.70,5.40,5.50,3.90,,,,,5.60,,5.20,4.20,-0.40,-1.80,-1.10,,,6.80,,,4.80,,,1.50,1.80,2.40,4.70,4.50,6.80,
2008-12-01 04:30,9.20,8.99,8.09,7.07,3.99,7.93,6.49,8.70,4.57,9.19,7.63,7.24,3.54,7.04,6.16,4.93,4.54,1.65,5.20,5.25,4.55,4.45,1.91,,6.19,8.83,7.24,5.91,8.05,5.60,8.20,-0.46,0.87,0.66,-1.24,3.29,2.01,1.57,,4.20,2,1.46,5,6.59,7.40,7.47,6,6.26,5.10,5.42,3.49,7.37,9.82,7.98,8.41,7.20,5.51,6,4.46,7.91,6.08,6.30,5.23,1.39,2.93,,6.36,5.03,3.60,0.23,5.23,2.82,2.77,-1.02,4.73,0.90,6.60,5.83,5.96,-228.29,1.27,4.65,1.38,3.79,1.69,5.26,2.79,1.30,4.52,6.17,2.74,4.93,4.85,7.50,7.93,8.68,5.56,3.97,2.52,2.40,1.51,1.90,-0.71,3.18,-0.38,3.64,3.05,4.20,4.47,3.22,6.80,4.93,-0.02,1.26,2.07,4.05,3,4.68,5.96,,6.50,4.75,5.18,5.02,0.59,2.42,3.90,4.06,5.10,6.09,6.40,,7.70,-2.90,9.30,6.60,7.70,,,,,,,4.60,6.90,,3.20,7.70,5.70,6.88,,,,,,,,4.40,3.30,5.40,5.50,3.80,,,,,5.60,,5.10,3.90,-0.40,-1.90,-1.20,,,6.50,,,4.70,,,1.50,1.70,2.20,4.50,4.40,6.80,
2008-12-01 04:40,9.10,9.15,7.80,6.83,4.27,7.73,7.51,8.80,4.47,9.49,7.70,7.18,3.30,7.01,6.09,4.94,4.44,1.82,4.90,5.47,4.45,4.79,1.65,,6.52,8.18,7.61,5.80,7.96,5.70,8.20,-0.49,0.79,0.67,-1.44,3.49,1.94,1.55,,3.83,1.90,1.46,4.77,6.47,7.50,7.31,6,6.29,5.02,5.41,3.69,7.80,9.54,7.79,8.10,7.16,5.13,5.80,4.32,6.91,6.06,6.20,5.31,1.33,3.22,,6.44,5.02,3,0.76,4.79,2.86,3.31,-1.03,4.81,0.84,5.90,6.09,5,-235.04,0.80,4.35,1.24,3.21,1.62,5.46,2.75,0.80,4.97,5.88,2.95,5.04,4.76,7.40,7.89,8.51,5.47,3.98,2.41,2.37,1.46,2.15,-0.64,2.40,1.11,3.41,3.28,4.20,4.04,3.14,6.54,4.93,0.02,0.95,2.07,3.98,2.80,4.51,6.09,,6.30,4.76,5.12,5.28,0.64,2.26,4,4.03,5.26,6.10,6.40,,7.70,-2.80,9.20,6.50,7.50,,,,,,,4.30,7,,3.10,7.80,5.70,6.94,,,,,,,,4.30,3.50,5.40,5.70,3.60,,,,,5.80,,5.20,3.60,-0.60,-2.10,-1.30,,,6.30,,,4.70,,,1.50,1.50,2.20,4.40,4.30,7,
2008-12-01 04:50,8.90,9.05,8.05,6.38,4.52,7.71,7.23,8.90,4.77,9.33,7.81,7.15,3.24,7.42,6.34,4.71,4.34,2.38,4.40,5.97,4.46,4.89,1.17,,6.41,7.98,7.77,5.88,7.85,5.80,8.36,-0.21,0.78,1.28,-1.45,4.08,1.83,0.75,,3.65,2.10,1.58,4.67,6.36,7.50,7.35,6,6.15,5.02,5.33,3.77,7.93,9.03,7.79,7.90,6.92,5,5.70,4.01,5.83,5.99,6.10,5.33,1.35,2.80,,6.43,5.15,3,1.13,4.53,2.98,3.44,-0.09,5,0.86,5.50,6.67,4.70,-233.24,0.55,3.87,1.41,3.09,1.67,5.35,2.55,0.90,4.23,5.67,2.77,4.97,5.02,7.20,7.83,8.72,5.34,3.77,2.66,2.41,1.24,2.21,-0.35,1.87,1.63,3.22,3.13,4.20,4.09,3.32,6.34,4.90,-0.14,0.87,1.48,3.99,2.80,4.33,6.22,,6.10,4.67,5.15,5.05,0.61,2.13,3.90,4.02,5.32,6.14,6.40,,7.50,-2.50,9.20,6.40,7.60,,,,,,,4.20,7,,3.10,7.60,5.50,6.93,,,,,,,,4.20,3.40,5.20,5.60,3.50,,,,,6,,5,3.50,-0.60,-2,-1.40,,,5.90,,,4.50,,,1.50,1.50,2.30,4.40,4.30,7.10,
2008-12-01 05:00,8.80,9.07,8.36,6.08,4.59,7.58,7.64,8.60,5.17,9.27,7.83,6.81,3.17,7.19,6.42,4.55,4.45,2.54,3.90,5.61,4.52,4.85,0.66,,6.97,8.02,7.58,5.76,7.77,5.70,8.14,-0.33,0.92,0.69,-1.55,2.88,1.54,0.96,,3.42,2.20,1.76,4.82,6.20,7.20,7.39,5.90,6.10,5.08,5.22,3.78,7.52,8.41,7.79,7.73,6.84,4.65,5.50,3.65,5.31,5.90,6.10,5.30,1.36,2.46,,6.26,5.58,3.50,1.22,4.66,2.99,3.35,-0.30,5.14,1.31,4.70,6.98,4.30,-232.37,0.64,3.90,1.83,3.31,1.09,5.34,1.75,1.90,4.56,5.50,3,4.73,5.16,7.10,7.60,8.68,5.06,3.70,2.50,2.44,1.06,2.05,-0.06,1.40,2.38,3.65,2.83,4.30,4.30,3.55,6.18,4.86,-0.27,0.96,1.25,3.54,2.70,3.94,6.16,,6,4.34,4.99,5.05,0.62,2.06,3.90,4.13,5.23,5.93,6.40,11.50,7.60,-2.40,9.10,6.70,7.50,,5.50,-3,4.30,5.70,5.80,4.40,6.80,0.50,3.10,7.60,5,7.30,3.10,3.30,1,0.40,1.40,3.70,3.40,3.90,3.20,5.20,5.60,3.40,-3.40,0.10,-1.50,2.90,6.20,5.10,5.20,3.60,-0.60,-1.60,-1.50,-0.70,-1.50,5.60,6.80,7,4.50,0,0.50,1.40,1.20,2.30,4.20,3.90,7.20,6.10
2008-12-01 05:10,8.70,8.90,8.50,5.61,4.30,7.36,7.70,8.70,5.44,9.18,7.83,6.03,3.07,7.09,5.80,4.42,4.74,2.40,3.40,5.51,4.70,5.06,0.40,,7.08,7.95,7.19,5.78,7.70,5.50,7.92,-0.59,1.01,0.84,-1.62,2.72,1.01,0.87,,3.62,,1.80,4.92,6.13,7.10,7.35,5.90,6.13,5.16,5.26,3.72,7.36,8.87,7.67,7.47,6.93,4.90,5.50,3.84,4.64,6.05,5.50,5.35,1.44,2.37,,6.16,5.63,3.40,1.12,4.74,3.11,3.75,-0.22,5.21,1.19,4.30,7.25,4.01,-238.69,0.67,2.90,2.10,3.79,0.46,5.31,1.49,1.70,5.70,5.24,2.96,3.89,5.12,7.10,7.69,8.73,4.86,3.95,2.34,2.50,1.05,1.84,0.44,1.20,2.42,3.80,2.71,4.20,4.17,3.33,6.19,4.70,-0.30,0.94,1.35,3.63,2.60,3.83,5.99,,5.90,4.29,5.07,5.05,0.58,1.99,3.80,4.15,4.98,5.85,6.40,,7.70,-2.40,8.90,6.50,7.20,,,,,,,4.50,6.70,,3.10,7.50,5,6.81,,,,,,,,3.90,3.30,5.10,5.40,3.50,,,,,6.30,,5.10,3.40,-0.60,-1.70,-1.60,,,5.60,,,4.40,,,1.50,1.40,2.30,4.20,3.90,7.30,
2008-12-01 05:20,8.60,8.93,8.54,4.91,3.90,7.67,9.45,8.40,5.37,9.36,7.53,5.82,3.03,7.11,5.71,4.48,4.60,1.98,2.80,5.71,4.69,5.46,0.18,,7.11,7.12,7.13,5.97,7.58,5.30,7.64,-0.45,1.60,0.67,-1.82,2.85,1.14,0.76,,3.60,2.70,2,4.95,5.93,8,7.31,5.80,6.22,4.97,5.18,3.84,7.16,8.98,7.72,7.18,7.24,5.57,5.60,3.89,4.06,6.17,5.30,5.31,1.31,2.21,,5.80,5.29,4.20,1.54,4.50,2.94,4.15,-0.06,5.30,1.41,4,7.47,3.61,-240.70,0.19,2.80,1.75,3.59,0.09,5.52,3.63,1.30,6.87,5.27,3.09,3.68,5.19,6.80,7.71,8.81,4.61,3.98,2.30,2.39,0.99,1.82,0.79,1.34,2.31,3.87,2.65,4,4.07,3.05,6.22,4.61,-0.38,1.06,1.09,3.73,2.20,3.82,5.81,,5.80,3.98,4.92,4.99,0.53,2,3.60,3.68,4.67,5.65,6.50,,8.30,-2.40,9,6.60,7.10,,,,,,,4.70,6.40,,2.70,7,4.80,7.17,,,,,,,,3.70,3.50,5.10,5.10,3.50,,,,,6.20,,4.80,3.20,-0.70,-1.60,-1.40,,,5.50,,,4.30,,,1.50,1.30,2.10,4.10,4,7.30,
2008-12-01 05:30,8.60,8.77,8.33,4.36,3.80,7.66,10.14,8.60,5.30,9.65,7.34,5.63,3.20,7.75,5.44,4.67,4.48,1.96,2.50,5.42,4.87,5.27,0.21,,7.12,6.07,7.85,5.92,7.46,5.80,7.18,-0.42,1.78,0.34,-2.04,2.89,1.28,0.48,,3.83,2.90,1.97,5.10,6.03,7.70,7.48,5.80,6.25,4.69,5.15,4.01,7.49,8.39,7.52,6.89,7.27,5.66,5.50,3.93,3.78,6.29,5.10,5.30,1.38,2.05,,5.66,5.53,4.70,2.43,4.48,2.78,3.75,0.65,5.33,0.80,3.40,7.54,3.27,-236.40,0.06,2.60,1.17,3.93,-0.08,5.57,5.14,1.30,6.57,4.98,3.29,3.51,5.16,6.70,7.39,8.80,4.54,3.94,2.15,2.30,0.85,1.63,1.20,1.31,2.16,3.70,2.52,3.80,3.95,2.96,6.27,4.57,-0.23,1.02,0.73,3.97,2.10,3.80,5.77,,5.70,3.85,4.78,4.84,0.51,2.06,3.60,2.97,4.35,5.79,6.60,,8.30,-2.40,8.90,6.30,7.10,,,,,,,5.20,6.20,,2.60,7.10,4.80,7.61,,,,,,,,3.70,3.20,4.90,4.90,3.40,,,,,6.20,,4.60,3.10,-1,-1.60,-1.40,,,5.70,,,4,,,1.50,1.10,2,4,3.90,7.30,
2008-12-01 05:40,8.60,8.73,7.98,3.84,3.70,7.78,10.13,8.20,5.30,9.56,7.04,5.19,3.73,8.17,5.48,4.57,4.15,1.50,2.40,5.08,5.15,4.86,-0.12,,7.16,5.82,7.73,5.86,7.38,5.20,7.06,-0.47,1.98,0.11,-2.21,2.55,1.34,0.65,,3.80,2.90,2.14,5.07,6.05,7.30,8.01,5.80,6.16,4.78,5.07,3.95,7.78,8.77,7.08,6.64,7.29,5.14,5.60,4.04,3.59,6.15,5.50,5.30,1.43,1.93,,4.87,5.57,5,2.50,4.62,2.86,3.89,1.25,5.58,1.31,3,7.76,3.32,-224.54,0.62,2.40,1.16,4.47,-0.10,5.65,5.08,1.10,6.19,3.99,3.49,3.20,4.62,6.40,6.93,8.80,4.58,3.90,1.96,2.37,0.60,1.38,1.64,1.20,1.87,3.72,2.71,3.80,3.80,2.86,6.36,4.57,-0.37,0.95,0.81,3.71,2,3.70,5.49,,5.40,3.98,4.79,4.56,0.53,1.88,3.80,2.87,4.15,5.62,6.50,,8.70,-2.60,8.90,6.30,7.10,,,,,,,5.30,5.60,,2.70,7.50,5.10,7.49,,,,,,,,3.60,3,4.90,4.70,3.40,,,,,6.20,,4.50,3.20,-1.10,-1.60,-1.40,,,5.80,,,3.90,,,1.50,0.90,1.80,3.90,3.90,7.20,
2008-12-01 05:50,8.80,8.72,7.38,3.42,3.70,7.82,9.90,8.20,5.47,9.16,7.16,4.91,4.01,8.47,5.48,4.85,4.09,1.83,2.10,3.59,4.95,4.83,-0.29,,7.14,6.26,7.50,5.92,7.15,5.20,6.77,-1.01,2.52,-0.33,-2.22,2.56,0.77,0.45,,3.95,3.20,2.13,5.05,6.03,7.30,7.72,5.60,6.13,4.77,5.04,3.89,7.85,8.91,7.03,6.46,7.07,5.10,5.60,4,3.30,6.26,5.90,5.28,1.49,1.93,,4.33,5.37,4.10,1.44,4.98,2.84,4.72,2.35,5.78,0.86,3,8.06,3.24,0,0.97,2.20,1.11,4.28,-0.03,5.73,4.85,0.60,6.05,3.46,3.52,2.85,3.11,6.70,7.02,8.82,4.69,3.92,2.04,2.46,0.91,1.43,2.05,1.26,2.16,3.75,2.64,3.70,3.73,2.68,6.27,4.42,-0.34,0.82,0.34,3.28,1.90,4.02,5.42,,5.30,3.97,4.87,4.50,0.52,1.78,3.60,2.74,4.31,5.47,6.60,,8.50,-2.60,8.80,6.60,7,,,,,,,5.80,5.20,,2.60,7.80,5.10,7.32,,,,,,,,3.50,2.70,4.90,4.70,3.30,,,,,6.30,,4.50,2.90,-1.40,-2.20,-1.30,,,5.60,,,3.90,,,1.50,0.80,1.70,3.70,4,7,
2008-12-01 06:00,9,7,6.71,3,4,7.66,10.07,8.60,5.34,8.80,6.95,4.87,4.21,8.58,5.75,6,5,2.28,1,2.60,5,5.30,-0.31,3,8,5,6.77,6.11,7,6,6,-1,3.06,-1,-2.31,3,2,0,5,5,3,2,5,6,4.70,7.16,6,6.17,4,5.10,4,8,8.81,7.39,6.46,8,4,5,4,3.05,6.25,6,5.41,1.42,2.04,,4.17,5.37,3.50,2.03,5.24,3.05,4.26,3.57,5.77,0.70,2.80,8.52,3,4,3,2,1.02,5,0.10,5.87,3,1,5.74,3.09,3.67,2.51,2.74,6.70,7,8.55,4.48,3.86,2.18,2.47,0.50,1.50,2.44,1.60,2.40,3.84,2.43,3.50,3.84,2.62,6.17,4.38,-0.35,0.60,0.01,3.30,1.70,4.10,5.30,,5,3.86,4.78,4.71,0.31,1.90,3.70,2.65,3.90,5.41,6.60,8,8,-3,8.40,6.70,6.90,3.20,1,-3,5,4,3,6,5,2.60,2.60,8,4.70,7.70,,4,1,1,1,3.80,3.50,3.60,2.80,4.60,4.50,3,-2.90,0.20,-0.20,3.10,6.40,4.50,4.40,2.90,-0.90,-2.30,-1.20,-0.90,-2.50,5.30,6.50,6.70,3.90,-0.40,0.30,1.50,0.70,1.50,3.20,3.80,7,5.80
2008-12-01 06:10,8.80,7.52,6.82,2.90,3.70,7.28,10.18,8.70,5.16,8.46,6.92,4.74,4.20,8.70,6.13,4.86,4.49,2.25,0.70,3.15,5.24,5.65,-0.53,,6.54,4.76,6.80,6.05,6.94,4.90,6.19,-1.37,2.87,-0.42,-2.14,4.25,0.51,0.43,,4.65,,1.76,4.46,5.96,3.70,6.61,5.40,6.21,4.94,5.10,3.89,7.69,8.51,7.45,6.63,7.12,4,5.20,4.03,2.65,6.25,5.80,5.31,1.69,2.16,,4.71,5.40,3.90,2.64,5.23,2.97,4.31,4.49,5.99,1.11,3.10,8.61,3.04,0,0.59,1.80,0.99,4.45,0.20,6.11,4.08,0.70,5.72,3.38,3.76,2.03,2.38,6.90,7.13,8.20,4.53,3.83,2.61,2.56,0.38,1.46,2.75,1.63,2.84,4.03,2.44,3.50,3.89,2.63,5.95,4.29,-0.47,0.62,-0.15,3.21,1.70,4.08,5.26,,4.70,3.86,4.80,4.25,0.07,1.44,3,2.54,4.28,5.29,6.70,,8.30,-2.60,8.40,6.40,7.20,,,,,,,5.90,5.50,,2.50,7.90,4.70,7.27,,,,,,,,3.60,2.90,4.40,4.50,3,,,,,6.60,,4.40,2.90,-0.90,-2.40,-1.30,,,5.30,,,3.80,,,1.30,0.60,1.50,3.20,3.80,6.80,
2008-12-01 06:20,8.70,6.97,6.86,2.48,3.70,7.12,9.80,8.70,5.31,8.32,7.02,4.41,4.83,8.61,6.39,4.74,4.77,1.98,0.50,3.83,5.32,5.46,-0.66,,6.62,4.69,7.56,6.21,6.87,4.70,6.40,-1.51,2.60,-0.70,-1.76,4.73,0.49,0.36,,4.72,3.10,1.70,4.40,6.13,3.70,6.15,5.50,6.27,5.15,5.04,3.88,7.52,7.74,7.40,6.80,7.27,3.53,4.20,3.91,2.63,6.28,6.10,5.33,1.67,2.06,,5.13,5.26,3.70,2.58,5.50,2.91,4.23,5.31,6.48,1.52,3.30,8.34,3.31,0,0.62,1.70,0.81,4.38,0.46,6.30,3.56,0.40,5.87,3.50,3.78,1.63,2.32,7,7.24,8.04,4.48,3.88,2.92,2.84,0.89,1.80,2.57,1.65,2.37,4.15,2.50,3.60,4.05,2.63,5.83,4.10,-0.50,0.54,-0.23,3.05,1.60,4.20,5.29,,4.50,3.91,4.77,4.46,0.18,1.36,3.30,2.35,3.81,5.23,6.70,,8,-2.50,8.40,6.40,6.90,,,,,,,5.80,5.30,,2.60,7.60,4.70,6.98,,,,,,,,3.50,3.10,4.20,4.50,2.70,,,,,6.50,,4.20,2.80,-0.80,-2.50,-1.30,,,5.40,,,3.80,,,1.30,0.30,1.40,3.20,3.70,6.40,
2008-12-01 06:30,8.70,6.63,6.30,2.22,4,7.28,9.78,8.70,5.29,8.05,6.97,3.88,4.63,8.73,6.29,4.77,4.28,1.93,0.30,3.53,5.42,5.70,-0.52,,7.04,4.53,7.01,6.23,6.84,4.50,6.75,-1.35,1.83,-0.06,-0.82,5.31,0.81,1.05,,4.47,3.10,1.67,4.31,6.26,2.50,6.27,5.50,6.17,5.15,4.97,4.06,7.17,7.32,7.18,6.79,7.19,3.66,3.60,3.62,2.45,5.93,5.90,5.10,1.73,1.97,,6.67,5.01,4.20,2.72,5.70,2.96,4.01,5.88,6.45,2.09,3.50,8.30,4.04,0,0.99,1.50,0.99,5.07,0.72,6.56,3.47,0.70,5.86,3.03,3.53,1.35,3.11,6.80,7.24,7.80,4.46,3.86,3.08,2.84,1.54,1.98,2.51,1.68,0.90,4.15,2.67,3.60,4.16,2.52,5.90,3.97,-0.39,0.42,-0.29,2.88,1.10,4.26,5.18,,4.20,3.78,4.88,4.35,0.07,1.36,3.20,2.28,3.07,5.16,6.70,,8.60,-2.40,8.10,6.50,7.30,,,,,,,5.70,4.60,,2.40,7.70,5.10,6.52,,,,,,,,3.70,3,4.20,4.30,2.50,,,,,6.20,,4,2.70,-0.80,-2.90,-1.30,,,5.70,,,3.90,,,1.20,0.10,1.20,2.90,3.60,6.30,
2008-12-01 06:40,8.80,6.66,6.03,2.16,4.20,7.10,9.81,8.70,5.77,7.64,7.02,3.82,4.64,9.13,6.18,4.98,3.38,2.25,0,4.35,5.71,5.64,-0.18,,7.25,4.13,6.80,6.16,6.78,4.20,6.94,-1.05,1.77,0.23,-0.09,5.56,0.63,2.02,,4.33,3.20,1.55,4.26,6.24,3.20,6.54,5.50,6.12,5.20,5.16,3.83,7.15,7.09,6.93,6.84,6.78,3.27,3.30,3.46,2.59,5.25,5.90,5.03,1.60,1.86,,7.12,5.18,4.20,2.97,6.59,3,4.12,5.86,6.51,2.33,3,8.32,4.18,0,0.88,1.50,1.47,5.18,0.24,6.44,3.69,1,5.49,2.95,3.56,0.98,2.88,6.70,7.11,7.90,4.63,3.81,3.08,2.71,1.34,2.11,2.28,1.66,1.33,3.92,2.65,3.60,4.14,2.29,5.98,3.89,-0.41,0.22,-0.57,3.10,1.10,4.24,4.96,,4.20,3.62,5.08,4.28,0.11,1.18,3,2.45,3.33,5.02,6.70,,8.30,-2.30,7.90,6.60,7.40,,,,,,,5.50,4.80,,2.40,7.70,5.40,6.50,,,,,,,,3.80,2.90,3.90,4.20,2.50,,,,,6,,3.70,2.60,-0.90,-2.60,-1.40,,,5.90,,,3.70,,,1.20,-0.10,1.20,2.70,3.60,6.40,
2008-12-01 06:50,8.50,6.61,6.33,2.02,4.60,6.65,9.87,8.70,6.35,7.58,6.94,3.77,4.72,9.24,6.31,5.38,3.67,2.67,-0.20,6.57,5.64,5.83,-0.36,,7.33,3.92,6.47,6.29,6.78,4.20,7.14,-0.73,1.82,0.96,-0.45,5.66,1.32,2.34,,4.14,3.30,1.67,4.21,6.41,2.50,6.65,5.50,6.09,5.23,5.10,3.87,6.84,7.24,6.90,6.54,6.52,3.14,2.90,3.87,2.54,4.37,6,5.01,1.38,1.66,,7.23,5.38,5.40,3.36,7.05,2.98,4.17,5.90,6.67,2.21,3.10,8.21,3.37,725.06,0.17,1.50,1.82,4.99,0.19,6.28,3.85,0.90,5,3.06,4.06,1.12,2.63,7.20,7.13,7.87,4.61,3.96,3,2.89,1.19,2.21,2.16,1.64,1.48,3.99,2.55,3.70,4.33,2.23,6.09,3.81,-0.37,0.14,-0.86,3.04,1.10,4.15,4.96,,4.10,3.91,5.01,4.24,0.08,1.04,3,2.36,3.38,4.91,6.60,,8.80,-2.30,8.10,6.70,7.40,,,,,,,5.30,5.10,,2.40,7.70,5.10,6.49,,,,,,,,3.70,2.90,3.70,4.40,2.50,,,,,5.90,,3.50,2.50,-1,-2.60,-1.20,,,6.10,,,3.70,,,1,0,1,2.50,3.60,6.40,
2008-12-01 07:00,8.40,6.52,6.56,2.03,5.10,6.47,10.02,8.80,6.55,7.40,6.67,3.62,4.93,9.35,6.50,5.69,4.48,2.51,-0.30,6.81,5.79,5.89,-0.24,,7.14,4.42,6.91,6.57,6.58,4.50,7.34,-0.28,2.06,2.38,1.85,5.81,2.06,3.61,,4.28,3.40,1.84,4.30,6.32,2.60,6.50,5.60,6.08,5.26,5.13,4.24,6.32,7.15,7.08,6.20,6.28,3.28,2.70,3.59,3.21,4.05,5.90,5.17,1.23,1.60,,7.04,5.68,5.80,3.77,7.45,2.97,4.33,6.22,6.86,2.75,4.10,8.19,2.88,859.27,0.05,1.50,1.82,5.25,0.34,5.94,3.96,0.70,5.43,3,4.02,0.92,2.80,7.40,7.16,7.94,4.62,3.89,3.22,3.05,1.08,2.16,2.11,1.65,1.19,4.06,2.50,3.70,4.20,2.30,5.98,3.90,-0.33,0.03,-1.23,2.95,0.70,3.84,4.81,,4.10,4.16,5.05,4.26,-0.10,0.98,2.80,2.09,3.42,5.04,6.60,8.10,8.30,-2.10,8.20,6.70,7,2.70,6,-0.10,4.90,4,3.40,5.10,5.50,3.10,2.60,7.50,3.60,6.80,4.20,3.40,2.50,2.50,1,3.70,3.90,2.90,2.90,3.60,4.30,2.80,-3,0.20,-1,2.70,5.80,3.90,3.60,2.60,-1.20,-2.80,,-0.90,-2.20,6.30,6.30,6.40,4,-0.80,0,0.90,0,0.90,2.60,3.60,6.20,5.40
2008-12-01 07:10,8.30,6.56,6.78,2.04,5.49,6.42,9.22,8.60,6.60,7.34,7.10,3.67,5.30,9.11,6.63,6.15,4.83,2.28,0.30,7.22,5.88,6.19,0.15,,7.85,4.68,7.61,6.85,6.66,4.80,6.64,0.13,2.38,3.50,5.19,6.03,4.54,4.12,,4.20,3.50,1.95,4.42,6.44,3.90,7.08,5.60,6.29,5.23,5.16,4.51,6.02,7.75,7.18,6.03,6.23,3.22,2.80,3.52,4.58,3.92,5.60,5.31,1.45,1.51,,6.95,5.80,6.80,4.36,8,3.01,4.29,6.48,6.84,2.50,,8.14,2.80,878.64,0.32,1.60,2.06,5.74,0.17,5.93,4.31,1.10,5.21,3.43,3.60,0.95,3.80,7.30,7.33,7.87,4.66,3.95,3.32,3.10,1.20,2.15,2.19,1.75,1.66,4.49,2.41,4,4.37,2.45,5.91,3.90,-0.32,-0.11,-1.08,2.99,0.50,3.93,4.74,,4,4.48,5.20,4.21,-0.19,1.13,2.50,2.06,3.35,5,6.50,,8.10,-2,7.90,6.90,6.90,,,,,,,5.10,5.70,,2.60,7.50,3.50,7.09,,,,,,,,2.80,3.10,3.80,4.60,2.90,,,,,5.40,,3.70,3,-1.30,-2.80,,,,6.30,,,4.20,,,0.80,0.40,0.90,2.70,3.60,6.40,
2008-12-01 07:20,8.40,6.56,7.35,2.08,5.42,6.38,9.09,8.60,6.51,7.22,7.53,3.76,5.56,8.97,6.28,6.58,5.44,2.34,1.20,7.33,6.01,6.40,0.48,,8.24,4.79,7.74,7.32,7.14,5,5.85,0.38,2.83,5.16,6.11,6.46,6.85,6.31,,3.85,3.60,2.01,4.43,6.58,3.80,7.20,5.60,6.65,5.39,5.27,4.50,5.50,8.57,7.06,5.92,6.37,2.97,2.80,3.62,5.59,4.02,5.50,5.51,1.52,1.48,,7.05,6.24,7,4.62,7.88,3.10,4.77,6.60,7.20,3.31,,8.17,2.90,886.09,0.51,1.90,2.42,5.45,0.65,6.20,4.45,1.70,5.27,3.54,3.73,1.17,4.65,7.40,7.35,7.85,4.72,3.83,3.50,3.19,1.31,2.15,1.86,1.63,1.72,4.96,2.61,4.40,4.61,2.58,5.88,3.88,0.12,-0.31,-0.93,2.95,1.10,3.91,4.82,,4.10,4.68,5.23,4.34,-0.19,1.20,2.70,2.36,3.15,4.99,6.50,,9.20,-2,7.90,7.10,6.90,,,,,,,5.10,7.10,,3.20,7.50,3.60,7.60,,,,,,,,2.90,3.10,3.90,4,2.90,,,,,5.40,,3.70,3.20,-1.30,-2.90,-1.30,,,6.40,,,4.40,,,0.80,0.20,0.50,2.60,3.40,6.50,
2008-12-01 07:30,8.80,6.57,7.56,2.19,5.54,6.32,8.84,8.90,6.23,7.21,7.65,4.11,5.78,9,6.07,7.04,5.74,2.07,1.70,8.72,6.10,6.66,1.06,,8.18,5.31,7.83,7.71,7.34,5.30,6,0.89,2.85,5.80,6.43,6.61,7.47,6.82,,4.34,3.60,2.01,4.31,6.80,4.20,6.92,5.70,6.96,5.35,5.35,4.63,5.35,9.03,7.20,6,6.74,3.20,2.90,3.85,6.22,3.97,5.40,5.76,1.74,1.40,3.97,6.94,6.76,7.30,4.87,7.63,3.36,4.57,6.74,7.53,3.80,,8.31,3.20,872.41,0.85,2.20,2.78,5.10,0.76,6.91,4.49,2.30,5.76,3.72,3.90,1.66,5.09,7.50,7.06,7.79,4.96,3.86,3.56,3.32,1.28,2.17,2.41,1.68,1.50,5.61,3.04,4.80,4.63,3,6.05,4,0.27,-0.33,-0.83,2.47,1.60,3.88,4.83,,4.20,5.03,5.22,4.40,-0.24,1.31,2.70,2.31,2.92,5.03,6.40,,9.30,-2,8.70,7.40,7.10,,,,,,,5.10,6.40,,3.80,7.70,3.80,7.93,,,,,,,,3,3.30,4.40,3.90,3,,,,,5.50,,3.70,3.50,-1.40,-2,-1,,,6.40,,,4.40,,,0.80,0.30,0.50,2.60,3.40,6.60,
2008-12-01 07:40,9.30,6.73,7.67,2.32,5.96,6.46,8.44,9.30,5.36,7.14,7.12,3.77,5.81,8.93,6.05,7.22,5.52,2.23,2.20,9.39,6.20,7.05,2.68,,8.23,5.50,7.89,7.75,7.61,5.50,6.19,1.40,2.52,6.04,6.70,7.01,8.05,7.23,,4.43,3.50,2.02,4.36,6.98,4.50,7.13,6.30,7.05,5.07,5.77,5.20,5.07,9.28,7.33,6.11,7.07,3.39,3,3.92,6.73,4.40,5.20,6.23,2.17,1.43,4.13,6.87,7.19,7,4.82,7.51,3.67,4.52,6.92,7.95,4.38,,7.93,3.60,868.54,1.08,3,3.19,5.30,0.84,7.20,4.38,2.70,6.19,4.08,4.07,3.28,5.10,7.50,7.24,7.70,5.07,4.10,3.55,3.40,1.21,2.20,3.32,1.94,1.35,6.24,3.29,5.20,4.47,3.59,6.16,4.23,0.15,-0.30,-0.74,2.38,1.60,3.79,4.96,,4.30,5.22,5.14,4.22,-0.18,1.29,2.90,2.18,2.62,5.10,6.40,,9.70,-1.90,9.30,7.40,7.20,,,,,,,5.30,6.20,,4.70,7.70,3.50,8.19,,,,,,,,3.30,3.30,4.90,4,3.20,,,,,5.50,,3.60,3.80,-1.30,-1.60,-0.40,,,6.40,,,4.50,,,0.60,0.40,0.50,2.60,3.30,6.60,
2008-12-01 07:50,9.60,7.05,8.08,2.59,6.06,6.39,8.32,9.70,5.34,7.04,6.53,3.85,5.98,9.09,6.14,7.67,6.19,2.56,2.60,9.47,6.27,7.31,3.24,,8.59,5.51,8.17,7.50,7.80,5.90,6.21,1.88,2.62,6.35,6.93,7.21,8.14,7.61,,4.46,3.80,2.18,4.60,7.06,5,7.44,6.70,7.46,5.23,5.96,5.44,5.15,9.54,7.61,6.12,6.98,3.67,3.20,4.38,7.03,5.25,5.20,6.30,2.11,1.48,4.06,6.74,7.50,7.20,4.88,7.63,3.88,4.55,7.19,8.29,4.64,,7.38,3.90,850.86,1.91,3.60,3.70,5.31,1.08,7.47,4.39,3.10,6.57,4.79,4.26,5.19,5.55,7.40,7.23,7.54,5.18,4.02,3.57,3.78,1.17,2.42,3.47,2.19,1.80,6.32,3.62,5.20,4.65,3.97,6.29,4.35,0.22,-0.40,-0.64,3.09,1.50,3.87,5.08,,4.30,5.30,5.13,4.27,-0.11,1.44,3.30,2.44,2.17,5.22,6.50,,9.80,-1.80,9.70,7.50,7.40,,,,,,,5.50,7.40,,5.10,7.70,3.50,8.33,,,,,,,,3.50,3.70,5.20,4,3.60,,,,,5.30,,3.60,4.20,-1.20,-0.80,-0.10,,,6.30,,,4.80,,,0.20,0.60,0.60,2.70,3.20,6.80,
2008-12-01 08:00,10,7.56,8.42,2.83,6.57,6.51,8.54,10.20,5.59,7.06,6.43,3.92,6.07,9.33,6.32,8.18,6.59,2.78,3.10,9.82,6.13,7.68,3.50,,8.81,5.48,8.07,7.31,8.07,6.10,5.99,2.66,3.02,6.68,7.20,7.30,8.26,7.77,,4.44,3.80,2.20,4.50,7.09,6,7.47,7,7.96,4.77,5.92,5.05,5.83,9.56,8.10,6,7.10,4.15,3.60,6.76,7.44,6.08,5.10,6.17,-0.31,1.59,4.19,6.57,7.57,7.30,5.11,7.41,4.23,5.60,7.53,8.29,4.57,,6.82,4.30,861.96,2.67,4.50,4.41,5.54,1.20,7.52,4.51,3.40,6.82,4.87,4.35,6.08,6.34,7.60,7.26,7.41,5.17,4.10,3.59,3.90,1.45,2.46,3.69,2.15,1.73,6.32,4.11,5.20,5.58,4.47,6.44,4.64,0.31,-0.31,-0.72,3.15,1.30,3.94,5.22,,4.40,5.42,5.09,4.84,-0.28,1.75,3.40,2.97,3.47,5.35,6.50,9.50,9.70,-1.70,9.90,7.80,7.50,3.60,7.70,0.10,7.30,5.90,4,5.50,7.90,3.50,5.60,7.70,4.30,8.30,4.80,3,2.40,2.60,3.40,4,6.30,4.50,3.80,5.80,4.10,4.20,-2.30,1.90,1.20,3.70,5.40,5.20,3.70,4.60,-0.40,0,-0.20,-0.50,-1.30,6.40,7.10,,5,0.20,0.10,0.10,0.80,0.70,2.90,3.50,7,5.40
2008-12-01 08:10,10.50,7.88,8.77,3.23,7.20,6.53,8.75,10.60,5.69,7.37,6.18,4.31,5.74,9.93,6.61,8.44,6.83,2.92,3.80,10.28,6.01,7.61,3.80,,9.15,5.81,8.12,7.13,8.44,6.30,6.14,3.55,3.09,7.01,7.40,7.46,8.13,8.21,,4.75,3.80,2.14,4.48,7.20,6.80,7.40,7.50,8.18,4.88,6.12,4.78,7.48,9.66,8.43,5.88,7.12,4.39,3.80,8.22,7.61,,4.90,6.48,-0.33,1.73,4.27,6.72,7.83,7.40,5.28,7.76,4.51,6.30,7.85,8.53,5.34,,6.42,4.75,866,3.73,5.20,4.97,5.67,1.33,7.83,4.50,3.70,7.23,4.84,4.61,6.54,6.28,7.60,7.35,7.59,5.14,4.61,3.53,4.20,1.62,2.79,3.37,2.11,1.47,6.53,4.78,5.10,6.29,4.83,6.56,4.84,0.40,-0.39,-0.74,3.59,1.40,3.71,5.34,,4.30,5.44,5.07,5.01,-0.37,1.92,3.40,3.06,3.43,5.47,6.50,,9.70,-1.60,10.10,8.80,7.40,,,,,,,6.20,8.70,,5.70,7.90,4.40,7.57,,,,,,,,4.50,4.50,6.60,4.40,4.20,,,,,5.20,,3.60,5,-0.30,0.10,,,,6.40,,,5,,,-0.10,0.90,0.80,2.90,3.50,7.40,
2008-12-01 08:20,11,8.50,9.23,3.80,7.90,6.55,8.95,11.10,5.73,7.63,6.79,4.50,4.51,9.94,6.94,8.83,7.27,2.72,4.60,10.06,6,7.49,4.04,,9.44,6.20,8.65,7.54,8.86,6.60,5.94,4.23,2.84,7.14,7.70,8.38,8.01,8.58,,5.32,3.90,2.31,4.75,7.13,7.90,7.56,8,8.32,4.73,6.37,4.63,7.01,9.81,8.56,5.65,6.98,4.77,4,8.16,7.74,,4.90,7.19,1.20,1.93,4.78,7.97,8.06,8,5.59,8.04,4.69,6.52,8.35,8.82,5.79,,5.96,5.02,864.72,4.67,5.70,5.51,5.96,1.98,7.72,4.48,4.30,7.43,5.04,4.66,7.07,6.49,7.70,7.60,7.74,5.28,4.87,3.54,4.37,1.99,3.18,3.46,1.80,1.62,6.79,5.05,5.40,6.55,4.90,6.41,4.95,0.55,-0.37,-0.72,3.83,1.50,3.29,5.44,,4.60,5.67,5.14,5.06,-0.40,2.06,3.50,3.16,3.59,5.59,6.40,,9.90,-1.50,10.30,9.30,7.40,,,,,,,7,9.20,,5.90,8.60,4.70,6.88,,,,,,,,4.70,5,7.10,5,4.20,,,,,5.20,,3.80,4.80,-0.30,0,-0.10,,,6.60,,,5,,,0,1,1,3.20,3.70,7.50,
2008-12-01 08:30,11.60,9.35,9.91,4.56,8.20,7.01,9.14,11.50,6.10,7.80,7.45,3.85,4.30,9.72,6.98,9.13,6.30,2.87,5.10,10.08,6.14,7.80,4.34,,9.42,7.03,9.18,7.99,9.17,7.40,5.76,4.37,2.47,7.51,8.23,8.68,7.92,8.72,,6.19,3.90,2.45,4.53,7.42,7.50,7.73,8.20,8.52,4.70,6.80,4.65,6.94,9.68,8.47,5.57,7.03,5.20,5,8.14,7.78,,4.80,7.62,2.09,2.16,5.21,8.50,8.35,7.90,5.66,7.95,4.96,7.58,8.64,9.09,6.13,,5.92,5.39,870.76,6.34,6.50,6.01,6.17,3.41,8.05,4.58,5,7.64,5.22,4.72,7.38,7.17,7.60,7.97,7.96,5.29,4.94,3.76,4.45,2.30,3.49,4.07,1.70,1.25,7.12,5.24,5.60,6.63,5.11,6.66,5.15,0.67,-0.38,-0.56,4.06,1.40,3.95,5.55,,5.20,5.84,5.22,5.27,-0.52,2.61,3.70,3.78,3.85,5.82,6.40,,10.40,-1.50,10.60,9.60,7.60,,,,,,,7.10,9.50,,6,9,5.20,6.03,,,,,,,,4.90,5.40,7.60,5.60,4.20,,,,,5.20,,4.10,4.80,-0.20,-0.10,0,,,6.60,,,5.20,,,0,0.90,1.20,3.30,3.90,7.60,
2008-12-01 08:40,12,9.82,10.31,5.64,8.70,7.36,9.44,11.90,6.28,8.09,9.47,3.52,4.81,9.93,7.42,9.37,6.23,2.80,5.10,10.39,6.23,8.07,4.70,,9.66,7.53,9.09,8.23,9.55,7.60,5.68,4.60,2.32,7.91,8.60,8.63,7.84,8.35,,6.46,3.80,2.32,4.63,7.43,8.10,7.96,8.50,8.77,4.72,7.41,4.56,7.20,9.68,8.45,5.69,7.36,5.89,5.90,8.57,7.89,,4.90,7.95,2.51,2.44,5.86,7.51,8.45,7.90,5.53,8.01,4.05,8.42,8.68,9.25,6.50,,6.26,5.63,878.66,7.48,7.10,6.32,6.13,5.79,8.44,4.76,5.30,7.83,5.43,5.07,7.60,7.88,7.60,8.25,8.29,5.44,5.04,3.94,4.56,2.41,3.68,3.93,1.88,1.30,7.37,5.64,6.40,7.18,5.33,6.70,5.32,0.73,-0.36,-0.36,4.25,1.40,4.43,5.73,,5.50,5.81,5.31,5.59,-0.59,3.01,3.90,3.90,4.15,6.05,6.40,,10.50,-1.50,10.70,9.20,7.80,,,,,,,7.20,9.30,,6.10,9.10,5.40,5.47,,,,,,,,5.20,5.90,7.90,5.60,4.10,,,,,5.60,,4.40,5.20,-0.10,-0.10,-0.10,,,6.60,,,5.40,,,0.10,0.60,1.70,3.60,4,7.70,
2008-12-01 08:50,12.20,10.80,10.47,7.02,9,7.52,9.52,11.80,6.13,8.37,10.12,3.82,5.29,10.02,8.07,9.56,6.43,2.99,5,10.51,6.64,7.70,5.01,,10.05,7.86,9.36,8.21,9.63,8.20,5.62,6.26,2.61,8.07,8.55,8.66,7.66,8.38,,6.47,4.10,2.40,5.02,7.61,8.80,8.35,8.70,9.09,4.83,7.68,4.66,8.75,9.46,8.63,6.26,7.64,6.74,6.50,8.70,7.92,,5,7.85,3.16,2.71,5.96,7.32,8.54,8.20,5.52,7.91,3.08,8.61,9.02,9.49,6.86,,6.69,6.25,897.27,7.90,7.50,6.68,5.98,7.88,8.43,4.96,5.30,7.98,5.69,5.45,7.88,8.07,7.70,8.48,8.88,5.76,5.08,4.32,4.75,2.51,3.94,3.59,2.11,1.76,7.91,6.04,6.80,7.76,5.46,6.63,5.48,0.93,-0.39,-0.23,4.18,1.50,4.81,5.87,,5.70,5.88,5.47,5.62,-0.56,3.43,4.10,4.13,4.29,6.28,6.80,,10.20,-1.40,10.70,9.60,7.80,,,,,,,7.80,8.90,,6.20,9.20,5.40,5.05,,,,,,,,5.60,6.50,8.10,5.60,4.50,,,,,5.80,,4.80,5.80,0,-0.20,0,,,6.50,,,5.70,,,0.20,0.70,1.90,3.70,4,7.70,
2008-12-01 09:00,12.50,11.26,10.64,8.36,9.30,7.63,9.42,12.20,5.76,8.54,10.33,4.09,4.92,10.25,8.47,9.70,6.61,3.28,5,10.63,6.70,7.79,5.42,,10.53,8.05,9.59,8.16,9.61,7.50,5.61,7.35,2.71,8.03,8.37,8.63,7.69,8.17,,6.73,4.30,2.44,4.79,7.38,10.20,8.45,9,9.45,4.99,7.69,4.81,9.11,9.39,8.74,6.48,7.47,7.94,8.40,8.88,7.86,,5,7.78,3.20,2.92,5.93,8.51,8.57,8.30,5.82,8.06,3.19,8.49,9.64,9.38,7.07,8.60,7.20,6.57,960.29,7.78,8.20,6.88,5.99,7.99,8.32,5.09,5.50,8.28,6.50,5.49,7.95,7.90,7.80,8.64,9.37,6.46,5.20,4.67,5.19,2.71,4.27,3.39,2.19,2.60,7.82,6.65,7.30,8.39,5.74,6.59,5.46,1.17,-0.42,-0.20,4.21,1.70,5.18,5.98,,5.80,6.23,5.86,5.60,-0.58,4.11,4.10,4.44,4.32,6.55,6.80,11.30,10.40,-1.40,10.90,9.90,7.90,3.80,9,0.20,9.60,7.40,7,8.80,8.50,5.40,6.50,9.90,5.10,4.30,,3.20,4,4.20,7.60,5.60,7.10,6,7.30,8.30,5.80,5.60,-0.90,2.30,2.10,5.50,6.20,6.40,4.80,6.10,0.30,0.10,0,-0.60,-0.30,6.20,7,8,5.80,1.40,1,0.30,1,2.60,4.50,4,7.90,5.50
2008-12-01 09:10,12.80,12.41,10.83,9.68,9.62,7.56,9.38,12.70,5.98,8.76,9.91,4.86,4.98,10.53,8.77,9.85,7.05,3.43,5.10,10.75,6.62,8.12,6.31,,10.64,7.97,10.01,7.58,9.40,7.30,5.53,7.72,2.99,7.99,8.21,8.72,7.62,8.09,,7.10,4.20,2.51,4.79,7.24,10.90,8.51,9.10,9.82,5.15,8.12,4.74,9,9.49,8.96,6.06,7.22,8.61,9.50,8.90,7.97,,5,7.68,3.28,3.06,5.94,8.77,8.62,8.40,6.14,8.08,4.10,8.56,9.84,9.73,7.36,8.60,7.70,6.53,956.55,8.04,8.92,7.25,5.96,8.03,8.40,5.01,5.50,8.67,7.45,5.61,7.82,7.79,8.20,8.83,10.11,6.75,5.36,5.65,5.58,2.99,4.44,3.43,2.61,2.95,7.92,7.24,7.80,8.72,6.54,6.94,5.40,1.19,-0.44,-0.09,4.27,2.10,5.10,6.05,,6,6.24,5.96,5.77,-0.65,4.37,4.10,4.75,4.08,6.58,6.90,,10.50,-1.40,10.80,10.30,7.90,,,,,,,9.40,8.20,,6.50,10,5.20,4.89,,,,,,,,6.50,7.80,8.50,5.50,5.50,,,,,6.70,,5.40,6.60,0.30,0.20,0.30,,,6.20,,,6,,,0.50,1.40,2.60,4.50,4,8,
2008-12-01 09:20,13.30,13.77,11.03,10.51,10.01,7.95,9.35,12.90,6.20,9.09,9.40,5.31,4.84,10.69,9.16,10.02,7.05,3.44,5.50,11.07,6.74,8.58,7.98,,10.69,8.15,10.12,7.56,9.03,7.20,5.51,8.03,3.07,7.85,8.01,8.61,7.48,7.97,,7.34,4.30,2.34,4.86,7.44,11.80,8.38,9.40,10.02,5.37,8.40,4.59,8.76,8.95,9.17,5.76,7.22,8.51,10,8.98,7.83,,5.10,8.16,3.64,3.30,6.12,8.94,9.02,8.40,6.52,7.93,5.16,8.46,9.81,9.85,7.72,8.90,8.36,6.86,952.33,8.16,9.41,7.89,6.16,8,8.64,5.21,5.90,8.87,7.54,5.71,7.95,8.04,8.50,9.09,10.69,6.85,5.56,5.58,5.87,3.25,4.71,3.61,2.95,3.27,8.35,7.72,8.10,8.75,7.10,7.08,5.48,1.32,-0.47,0.16,4.50,2.10,5.32,6.11,,6.10,6.13,6.01,5.92,-0.51,4.59,4.30,5.11,3.84,6.60,6.80,,10.60,-1.40,10.10,10.40,7.80,,,,,,,9.80,8,,6.70,10.70,5,5.23,,,,,,,,6.90,7.90,8.70,6.20,5.20,,,,,6.80,,6,6.80,0.40,0.30,0.60,,,6.20,,,6.20,,,0.90,1.80,2.90,4.50,3.90,7.80,
2008-12-01 09:30,13.60,14.14,11.40,12.02,10.06,8.12,9.42,13.10,6.41,9.55,9.10,5.67,4.86,11.02,9.60,10.17,7.51,3.48,5.90,11.25,6.80,8.75,11,,10.63,8.50,9.96,7.58,8.72,,5.69,8.38,3.16,7.69,7.91,8.28,7.47,7.97,,7.54,4.10,2.31,4.84,7.69,10.20,8.28,9.70,10.16,5.59,8.54,4.70,8.79,8.88,9.27,5.83,7.14,8.36,10.40,9.10,7.67,,5.10,8.54,3.65,3.57,6.26,9.45,9.30,8.60,6.47,8.13,6.75,8.46,9.90,9.74,8.02,9.10,9.08,7.26,949.22,8.58,9.80,8.36,6.35,8.02,8.95,5.33,6,8.87,7.58,5.68,7.90,8.23,8.70,9.43,11.11,6.98,5.68,5.58,6.03,3.36,4.85,3.87,3.52,3.83,8.22,8.09,8.50,8.73,7.50,7.35,4.95,1.39,-0.68,0.25,4.76,2.30,5.92,6.12,,6.50,6.22,6.06,6.21,-0.19,4.95,4.40,5.04,3.59,6.38,6.50,,10.70,-1.30,9.70,10.70,7.90,,,,,,,8.90,8,,7.50,10.70,5.30,5.25,,,,,,,,7,8.10,8.90,6.60,5.10,,,,,6.90,,6.60,7,0.50,0.30,0.70,,,6.30,,,6.30,,,1.40,2,2.80,4.40,3.90,7.50,
2008-12-01 09:40,13.70,14.43,11.37,12.68,10.26,8.36,9.62,13.40,6.61,9.87,9.49,5.78,4.86,10.68,9.91,10.13,7.60,3.60,6.10,11.60,6.70,8.77,11.16,,10.38,9.13,9.96,7.68,8.50,7.10,5.73,8.75,3.09,7.57,7.97,8.36,7.80,8.06,,7.77,3.90,2.40,4.60,7.86,12.30,8.29,10,10.45,5.55,8.63,4.94,9.12,8.93,9.31,6.91,7.24,8.95,10.20,9.47,7.22,,5.10,8.80,3.86,3.67,6.22,9.47,9.79,8.50,6.50,8.10,7.44,8.61,9.86,9.98,8.20,9.50,9.83,7.58,930.56,8.90,10.20,8.54,6.27,8.01,9.01,5.54,6.20,9.13,7.76,5.71,7.92,8.01,9,9.62,11.38,7.18,5.73,5.89,5.97,3.77,4.99,3.73,4.54,4.15,8.16,8.44,8.60,8.91,7.88,7.45,4.72,1.30,-0.55,0.30,4.83,2.60,6.20,6.18,,6.70,6.48,6.37,6.26,-0.08,5.01,4.60,4.83,3.79,6.32,6.50,,10.90,-1.30,10.30,11,7.90,,,,,,,8.70,8.30,,8.10,10.60,5.10,5.25,,,,,,,,7.40,8.50,9.20,7.40,5.10,,,,,6.80,,7,6.90,0.70,0.40,0.90,,,6.40,,,6.30,,,1.60,2.20,3.20,4,4,7.40,
2008-12-01 09:50,14.10,14.58,11.49,13.21,10.55,8.48,9.82,13.20,6.72,10.15,10.08,6.51,4.84,10.96,9.94,10.45,7.58,3.60,6.30,11.65,6.40,8.36,11.43,,10.26,9.64,9.88,7.36,8.51,7.10,6,9.17,2.97,7.55,8.07,8.52,8,8.20,,7.92,3.70,2.26,4.54,8.02,12.90,8.46,9.90,10.55,5.89,8.92,5.13,9.22,8.69,9.20,6.85,8.53,9.42,10.30,9.72,6.89,,5.30,9.26,4.28,3.85,6.36,9.83,9.91,8.40,6.39,8.24,7.85,9.06,9.93,10.22,8.70,9.70,10.50,7.90,-14.08,8.91,10.40,8.28,6.40,8.31,9.08,5.77,6.40,9.53,8.20,5.62,7.97,7.80,9.20,9.73,11.68,7.40,5.72,6.01,6.09,4.14,5.15,3.89,4.69,4.47,8.18,8.91,8.90,8.81,8.33,7.76,4.86,1.47,-0.47,0.55,4.61,2.70,6.18,6.26,,7,6.68,6.44,6.71,0.24,5.07,4.60,4.33,3.95,6.37,6.30,,10.70,-1.20,10.10,11.30,7.90,,,,,,,8.10,8.50,,8.20,10.60,5.10,5.25,,,,,,,,7.80,8.90,9.40,7.60,5.20,,,,,7.10,,7.10,7.70,0.70,0.50,1.20,,,7.10,,,6.40,,,1.70,1.70,3.70,3.90,4.10,7.10,
2008-12-01 10:00,14.30,14.83,11.98,13.41,10.60,8.25,9.69,12.90,6.73,10,10.79,6.64,4.87,11.15,9.86,10.41,7.62,3.85,6.90,11.23,6.50,7.87,11.46,,10.41,9.98,9.72,7.38,8.42,7.20,6.20,9.38,2.73,7.69,7.98,8.52,8.22,8.65,,7.98,3.30,2.11,4.19,7.96,12.90,8.58,10.30,10.55,6.13,9.01,5.35,8.52,8.49,9.11,6.81,9.15,9.71,10.60,10.06,6.74,10.19,5.60,9.48,4.68,4.52,6.76,10.91,9.77,8.40,6.46,8.57,7.97,9.10,10.07,10.53,8.73,10,11.10,8.26,-10.94,9.01,10.50,8.10,6.66,8.57,8.96,5.62,6.70,10.03,9.08,5.56,7.91,7.67,9.60,9.35,11.69,7.45,5.81,6.46,6.23,4.69,5.09,4.37,4.65,4.94,8.60,9.24,9.20,8.91,8.72,8.16,4.93,1.61,-0.42,0.88,4.37,2.90,6.27,6.25,,7.20,6.95,6.55,6.59,0.30,5.22,4.40,4.24,4.22,6.47,6.50,12.70,10.10,-1.20,10.10,11.30,7.80,4.40,8.40,0.30,10.90,10.20,11.60,8.10,8.50,6.90,8.10,10.50,5.40,4.90,,3.80,7.50,4.90,9.50,7.20,8.30,8.20,9.10,9.50,7.80,5.40,0,3.50,3.40,6.40,7,7.60,7.40,8.10,1,0.60,1.40,0.40,0.50,7.90,6.80,,6.40,1.80,2.10,1.70,1.60,3.60,4,4.40,7.20,6.60
2008-12-01 10:10,14.70,14.81,12.28,13.54,10.40,8.39,9.59,13.50,7.12,9.91,11.09,7.53,4.81,11.26,9.99,10.48,7.49,4.16,7.50,10.43,6.20,7.33,,,9.98,10.54,9.74,7.57,8.53,7.20,6.51,9.60,2.55,7.60,7.99,8.57,8.35,8.68,,7.86,3.50,2,4.20,7.98,11.80,8.76,10.50,10.62,6.34,9.25,5.63,7.68,8.45,9.10,7.25,9.37,10.33,11,10.40,6.59,10.63,6,9.64,4.66,6.71,6.90,10.72,9.41,8.60,,8.74,8.46,9.10,9.88,10.65,8.56,10.40,11.25,8.60,-40.95,9.09,10.20,7.99,6.67,8.80,8.75,5.99,7.20,10.26,9.85,5.49,7.77,7.57,10,8.97,11.77,7.68,6.16,7.08,6.16,5.48,5.14,5.05,4.71,5.36,9.15,9.41,9.30,9.27,9.02,8.59,4.79,1.76,-0.35,1.11,4.40,3,6.54,6.30,,7.10,7.12,6.70,6.85,0.43,5.20,4.20,4.36,4.36,6.54,6.50,,9.60,-1.10,10,11.30,8.20,,,,,,,8.70,8.80,,8.10,10.30,5.40,5.30,,,,,,,,8.50,9.40,9.70,7.70,5.50,,,,,7.20,,7.80,7.90,1,0.50,1.70,,,7.90,,,6.30,,,1.80,2,3.60,4,4.50,7.30,
2008-12-01 10:20,14.80,14.66,12.16,13.56,10.40,8.49,9.87,13.90,7.52,9.95,11.40,8.45,4.79,11.24,10.12,10.47,7.49,4.22,8,10.36,6.34,7.50,,,9.88,11.16,9.81,7.40,8.67,7.30,6.96,9.37,2.69,7.80,8.09,8.55,8.45,9.26,,8.17,3.60,2.19,4.02,8.26,11.50,8.77,10.60,10.81,6.48,9.34,5.96,7.54,8.29,9.18,7.25,9.12,11.28,11.10,10.83,6.97,10.64,6.70,9.52,4.45,8.36,7.03,10.83,9.37,8.50,,8.98,8.82,9.12,9.86,10.97,8.27,10.90,11.92,9.30,-42.24,9.18,10.70,8.24,6.25,9.05,8.99,6.22,7.60,10.40,10.22,5.32,7.78,7.63,10.20,8.79,11.59,8.17,6.61,7.53,6.23,6.12,5.32,5.36,4.94,5.64,9.65,9.42,9.40,9.36,9.36,8.90,4.95,1.87,-0.39,1.33,4.41,3.10,6.77,6.40,,7.40,7.18,6.81,6.73,0.58,5.33,4.20,5,4.84,6.48,6.50,,9.90,-1.10,10,11.40,8.30,,,,,,,9.90,9.10,,7.60,10.10,5.50,5.53,,,,,,,,8.80,9.60,9.70,7.90,5.70,,,,,7.70,,8.20,8.20,1.20,0.70,1.90,,,7.70,,,6.50,,,2.20,2.90,3.80,4,4.40,7.40,
2008-12-01 10:30,15.10,14.08,12.34,13.63,10.50,9.10,9.76,13.80,7.43,9.99,11.91,8.40,4.78,11.39,10.42,10.49,7.07,4.30,8.20,10.64,6.52,8.08,,,9.61,11.30,9.82,7.41,8.74,7.30,7.35,9.48,2.64,7.80,8.33,8.66,8.71,9.22,,8.16,3.80,2.30,4.46,8.52,11.60,9.10,10.70,11.14,6.74,9.36,6.10,7.54,8.24,9.27,7.09,8.87,11.98,11.70,11.01,7.81,10.70,7.60,9.81,4.84,9.19,7.17,10.50,9.41,8.70,,8.98,8.75,9.36,10.02,11.27,8.32,11.20,11.58,9.50,-55.31,9.36,10.50,7.89,6.17,9.31,8.82,6.51,7.90,10.50,10.32,5.30,7.89,7.60,10.40,8.76,11.61,8.74,6.97,7.78,6.82,6.65,5.43,5.41,5.36,6.08,9.85,9.65,9.60,9.36,9.63,9.20,5.22,1.86,-0.19,1.32,4.47,3.40,7.05,6.84,,7.40,7.21,6.83,6.28,0.70,5.19,4.20,5.44,5.09,6.54,6.40,,10.20,-1,10.50,11.60,8.50,,,,,,,9.50,9.60,,7.30,10,5.40,5.80,,,,,,,,8.80,9.80,9.90,7.50,6,,,,,7.90,,8.20,7.50,1.50,0.90,2.10,,,7.60,,,6.70,,,2.10,2.90,3.40,3.90,4.30,7.50,
2008-12-01 10:40,14.90,14.10,12.50,13.82,10.30,9.42,8.63,14.20,7.33,9.81,12.55,8.65,4.64,11.57,10.54,10.75,6.96,4.24,8.50,11.32,6.63,8.30,,,9.29,11.10,9.83,7.37,8.83,7.50,7.63,9.76,2.59,8.11,8.38,8.55,8.89,8.93,,8.01,4.10,2.27,4.74,8.49,12.30,9.27,10.80,11.33,6.98,9.67,6.05,7.37,8.07,9.11,6.58,9.25,12.56,12.30,11.89,8.36,10.76,8.70,9.78,4.90,9.80,7.33,10.58,9.41,8.80,,8.80,8.96,9.27,9.97,11.45,8.85,11.30,11.23,9.70,-47.79,9.75,9.90,7.56,6.33,9.84,8.62,6.53,8.40,10.53,10.40,5.35,8.01,7.57,10.40,8.69,11.59,8.92,7.20,7.86,7.73,6.86,5.49,5.32,5.92,6.55,9.97,9.94,9.80,9.08,9.92,9.35,5.30,1.97,-0.04,1.32,4.64,3.50,6.97,7.43,,7.40,7.30,6.84,6.44,0.87,4.74,4.20,5.60,5.14,6.74,6.40,,10.60,-1,10.70,12,8.60,,,,,,,9.80,9.40,,7.30,10.20,5.30,5.58,,,,,,,,9.10,9.90,10,7.80,6.30,,,,,7.70,,8.50,8.10,1.80,1,2.20,,,7.50,,,6.40,,,2.10,2.50,3.30,4,4.20,7.40,
2008-12-01 10:50,15.20,14.52,12.19,13.34,10,9.70,8.65,14.10,7.28,10.34,12.43,8.72,4.71,11.55,10.58,10.80,6.91,4.10,8.50,11.42,6.48,8.61,,,9.30,10.99,10.01,7.24,9,7.60,7.89,9.81,2.38,8.61,8.27,8.64,9.01,8.74,,7.89,4.10,2.18,4.69,8.44,12.80,9.47,11,11.51,7.16,9.60,6.05,7.28,7.96,9.24,6.46,9.78,12.88,12.70,12.50,9.52,10.58,10,9.68,4.85,10.13,7.32,10.81,9.54,8.60,,8.61,8.61,8.93,9.89,11.74,9.09,11.40,11.36,10.10,-38.45,10.07,9.50,7.46,6.71,10.33,8.24,6.72,9.20,10.39,10.46,5.30,8.12,7.31,10.60,8.70,11.67,9.47,7.61,7.82,8.08,7.06,5.61,5.10,6.25,6.66,10.25,10.19,9.90,9.34,10.06,9.44,5.44,2.29,-0.06,1.51,4.93,3.70,7,7.61,,7.60,7.12,7.23,6.71,0.96,4.20,4.30,5.27,5.05,6.71,6.40,,10.50,-0.90,10.90,12.30,9.90,,,,,,,10,9.30,,7.50,10.40,5.40,5.56,,,,,,,,9.40,9.90,10.20,8.60,6.70,,,,,8.40,,8.90,8.30,2.20,1.10,2.30,,,7.70,,,6.50,,,2.20,2.50,3.20,4.10,4.20,7.70,
2008-12-01 11:00,14.90,14.83,12.06,12.99,10,10.10,8.81,14.30,7.14,10.96,12.21,8.93,4.78,11.57,10.58,10.85,6.79,4.03,8.80,11.73,6.37,8.81,,,9.43,11.08,10.24,6.98,9.13,7.60,8,9.62,1.97,8.54,8.30,8.88,9.02,8.73,,7.89,3.70,2.29,4.31,8.58,13,9.59,11,11.78,7.30,9.56,6.05,7.21,7.88,9.48,7.01,10.14,12.86,12.70,12.69,11.08,10.63,11.20,9.96,5.01,10.34,7.48,10.85,9.79,8.70,,8.61,8.69,8.37,9.67,12.05,9.45,11.50,11.81,10.60,-95.25,10.02,9.40,7.54,6.74,10.55,8.04,7.13,9.30,10.21,10.35,5.30,8.20,7.46,10.50,8.60,11.86,9.69,8.01,7.82,8.38,7,5.58,5.15,7.23,6.53,10.49,10.41,10.30,9.74,10.15,9.46,5.67,2.38,0.01,1.97,5.12,3.80,7.13,7.91,,7.50,7.26,6.93,6.70,1.03,4.14,4.30,5.03,4.95,6.63,6.50,13.40,10.50,-1,10.90,12.50,10.70,4.80,10.60,0.30,11,12.30,13.30,9.60,9.50,8.60,7.50,10.50,5.50,5.60,,4.70,9.80,6.60,9.80,9,8.80,9.60,10.30,10.30,8.60,8,0.90,3,4.30,7.70,8.70,9.50,8.90,8.40,2.50,1.50,2.40,1,2.40,8.40,7.60,9,6.70,2.40,3.10,2.40,2.90,2.80,4.30,4.40,8.30,6.60
2008-12-01 11:10,14.70,14.92,11.80,12.95,9.70,10.57,8.98,14,7.08,10.98,12.01,9.13,4.88,11.57,10.53,10.47,6.58,3.91,9.20,11.92,6.32,8.60,,,9.50,11.15,10.19,6.91,9.30,7.70,8.14,9.57,1.83,8.39,8.14,8.73,9.01,8.69,,7.87,3.40,2,4.36,8.73,13.20,9.79,11.20,11.82,7.27,9.89,6.41,7.02,8.01,9.50,7.46,10.48,12.81,13.10,12.83,12.87,10.51,11.80,10.39,4.72,10.79,7.69,11.01,9.81,8.60,,8.69,8.38,8.50,9.79,12.08,9.70,11.30,12.28,11,-123.29,9.92,10,7.54,6.73,10.95,8.54,7.68,9.10,10.08,10.15,5.33,8.03,7.39,10.50,8.36,12,9.45,8.19,7.75,8.75,6.91,5.65,5.43,7.93,6.72,10.77,10.53,10.80,9.79,10.24,9.47,5.17,2.52,0.08,2.51,5.25,4,7.18,8.14,,7.60,7.48,7.09,6.58,1.17,4.14,4.40,5.11,5.18,6.55,6.50,,10.30,-1,11,13,11.20,,,,,,,8.70,9.90,,7.50,10.60,5.50,5.88,,,,,,,,9.80,10.10,10.20,8.70,8,,,,,8.90,,9.30,8,2.50,1.50,2.70,,,8.40,,,6.90,,,2.50,3.90,2.80,4.30,4.40,8,
2008-12-01 11:20,15,14.36,11.77,12.68,9.50,10.65,8.98,14,6.95,10.90,12.04,9.39,5.05,11.49,10.46,10.58,6.82,3.79,9.80,11.50,6.19,7.92,,,9.62,11.13,10.23,6.87,9.50,7.80,8.47,9.60,1.74,8.46,7.82,8.69,9.08,8.82,,7.78,3.30,1.94,3.97,8.85,12.90,10.38,11.80,12.23,7.59,9.76,6.63,7.10,8.01,9.67,8.16,10.68,13.09,13.50,12.69,13.30,10.71,12.80,10.77,5.40,11.17,7.80,11.13,9.88,8.80,,8.74,8.27,8.86,9.88,12.33,9.87,11.50,12.89,11.20,335.42,9.90,10.70,7.69,7.24,11.09,8.84,7.85,9.10,10.09,9.83,5.21,7.70,7.69,10.60,8.53,12.04,9.19,8.54,7.46,8.83,6.61,5.75,5.74,8.39,7.08,10.86,10.63,11.20,9.30,10.34,9.81,5.26,2.79,0.04,2.69,5.37,4.10,7.14,8.26,,7.40,7.40,7.23,6.69,1.40,4.20,4.60,5.11,4.89,6.56,6.40,,9.20,-1,11.10,13,11.30,,,,,,,9,9.70,,7.60,10.80,5.60,6.21,,,,,,,,10,10,10,9,8.40,,,,,9.10,,9.40,7.40,2.60,1.70,3,,,8.40,,,7.10,,,2.50,3.90,3.10,4.30,4.60,8,
2008-12-01 11:30,14.50,13.97,11.56,12.62,9.60,10.65,8.93,13.80,6.91,10.86,12.57,9.35,5.34,11.34,10.39,10.60,7.10,3.83,10.40,11.30,6.16,7.29,,,9.75,11.05,10.35,6.83,9.59,8,8.33,10.13,1.68,8.22,7.82,8.58,8.92,8.50,,7.80,3.30,1.80,3.71,9.30,12.60,10.41,12.40,12.93,7.56,9.74,6.82,7.22,7.98,10.53,8.97,11.36,13.57,13.30,13.09,13.64,11,13.30,10.79,5.45,11.37,8.18,11.42,10.01,8.80,,8.82,8.13,8.75,9.73,12.24,9.96,11.70,13.26,11.70,643.15,9.66,10.10,7.91,7.47,11.29,7.98,8.10,9.20,10.14,9.99,5.16,7.66,7.86,10.70,8.45,12.14,8.98,8.71,7.42,8.89,6.62,6.02,6.04,9.09,7.48,11.16,10.67,11.50,9.08,10.46,9.99,5.78,2.91,0.28,2.78,5.42,4.40,7.19,8.09,,7.40,7.37,7,7.08,1.82,4.24,4.80,5.02,4.84,6.58,6.30,,8.60,-1,11.90,13.70,11.70,,,,,,,9.20,9.60,,7.70,10.90,5.90,6.65,,,,,,,,10.10,9.70,9.70,9.10,8.90,,,,,9,,9.70,6.90,2.70,1.90,3.20,,,8.50,,,7.10,,,2.80,3.80,2.90,4.30,4.90,8.10,
2008-12-01 11:40,14.30,13.92,11.59,12.62,9.70,10.58,9.11,13.70,7.09,10.77,12.63,9.55,5.40,11.16,10.27,10.51,7.10,3.85,10.80,10.72,6.05,7.03,11.46,,9.88,11.04,10.54,7.05,9.71,8.30,8.68,10.55,1.72,8.21,8.10,8.71,8.99,8.91,,7.95,3.40,1.75,3.63,9.73,12.80,10.39,11.70,12.97,7.95,9.78,6.87,7.44,8.08,11.85,9.40,11.84,13.65,13.30,13.34,14.07,10.78,12.90,10.37,5.02,11.51,8.10,11.65,9.93,8.50,,8.81,8.24,8.79,9.55,12.43,10.01,11.80,13.47,12.20,0,9.50,9.30,8.04,7.65,11.19,7.60,8.68,9.30,10.20,10.13,5.12,7.68,7.63,10.90,8.48,12.16,8.77,8.58,7.32,8.87,6.86,6.29,6.16,9.74,7.67,11.32,10.74,11.50,8.92,10.28,10.08,6.67,2.79,0.44,2.35,5.45,4.70,7.34,7.98,,7.50,7.55,6.96,6.86,1.94,4.20,4.10,5.12,5.33,6.85,6.50,,9.10,-1,12.20,14.10,12.60,,,,,,,9.20,9.40,,7.70,11,6.10,6.81,,,,,,,,10,9.50,9.70,9.10,8.90,,,,,9,,9.90,7.30,2.80,2,3.20,,,8.40,,,7.10,,,3.30,3.90,2.90,4.20,5.30,8.10,
2008-12-01 11:50,14,13.90,11.64,12.69,10.30,10.52,9.21,13.70,7.35,10.81,12.48,9.51,5.09,10.98,10.18,10.19,6.93,3.70,10.70,10.08,5.84,6.65,11.32,,9.84,11.12,10.44,7.83,9.92,8.50,8.68,10.72,1.96,8.31,8.20,8.65,8.72,9.05,,8.59,3.60,1.57,3.46,9.78,12.20,10.81,11.70,12.74,7.79,9.81,7.01,7.33,8.11,13.14,9.88,12.93,13.33,13.20,13.44,14.46,10.71,12.40,10.11,4.85,11.24,8.04,11.30,9.91,8.40,,8.81,8.23,8.98,9.50,12.48,10.25,11.90,13.25,12.90,0,9.46,8.90,8.10,7.91,11.21,7.40,8.72,9.50,10.55,9.98,5.04,7.75,7.44,10.50,8.69,11.93,8.61,8.63,7.37,8.90,6.88,6.47,6.60,10.03,7.73,11.42,10.52,11.60,8.77,10.39,10.08,6.89,3,0.69,2.82,5.64,4.70,7.48,8.26,,7.50,7.73,7.16,7.36,2.20,4.19,3.30,5.18,5.20,7.21,7.10,,9.30,-1.10,12.20,14,13.90,,,,,,,9.10,9.40,,7.60,11.10,6.40,6.82,,,,,,,,9.80,9.40,9.40,9.30,9.30,,,,,9,,10.10,7.90,3,2.30,3.30,,,8.30,,,7.30,,,3.70,3.80,3.10,4,5.40,8.20,
2008-12-01 12:00,13.70,13.87,11.59,12.78,10,10.65,9.30,13.60,7.31,10.87,12.21,9.73,5.14,10.81,10.13,9.98,7.25,3.76,10,9.80,5.90,6.67,11.14,,9.96,11.11,10.39,8.57,10.33,8.50,8.68,10.72,1.83,8.44,8.32,8.79,9.17,9.14,,9.34,3.30,1.35,3.18,9.84,11.70,11.31,11.50,12.48,7.63,9.79,7.08,7.27,7.86,13.89,10.67,13.58,12.82,12.90,12.98,14.12,10.79,12.40,10.05,5.09,10.79,8.16,11.39,10.38,8.30,,8.68,8.34,8.87,9.36,11.86,10.48,12.40,13.32,12.70,0,9.45,8.90,8.33,8.01,11.01,7.14,8.50,9.70,10.48,9.76,5.13,7.79,7.21,10.10,8.77,11.95,8.74,8.76,7.34,8.85,6.89,6.51,8.10,9.90,8.18,11.61,10.11,11.60,8.66,10.22,10.19,6.92,3.28,0.64,3.24,5.88,4.90,7.41,8.66,,7.60,7.78,7.11,7.32,2.58,4.40,3.70,5.29,6.30,7.22,7,12.80,9.30,-1.20,12.10,14.10,14.40,5.10,11.20,0.30,11.60,13.80,13.40,9,9.40,10.30,7.60,11.30,6.40,7.20,9,4.90,9.80,7.30,9.80,9,8.70,9.70,9.40,9.30,9,9.50,1.90,2.90,5.70,9.30,9.10,10.40,10.50,7.90,3.30,2.40,3.30,2.20,2.70,8.40,7.30,,7.10,3.20,5,3.80,3.60,3.40,3.60,5.90,8.20,7.20
2008-12-01 12:10,13.50,13.81,11.36,12.81,9.65,10.53,9.27,13.50,7.24,11,11.53,9.84,5.32,10.66,10.12,10,7.46,3.67,9.60,9.67,6.02,6.60,10.81,,10.13,11.02,10.43,9.23,10.69,8.50,8.62,10.69,1.94,8.64,8.57,8.80,9.44,9.07,,9.23,3.40,1.20,3.04,9.74,11.40,11.21,11.60,12.17,7.70,10.18,7.18,7.14,7.75,14.39,11.06,13.53,12.70,12.80,12.82,13.76,10.89,12.30,10.15,5.15,10.43,8.22,11.37,10.35,8.40,,8.64,8.21,8.91,9.28,11.59,10.63,12.40,13.42,12.50,0,9.58,8.90,8.42,7.93,10.56,6.63,8.36,9.80,10.58,9.71,4.92,7.78,7.14,9.90,8.71,11.80,9,8.91,7.17,8.52,7.17,6.39,8.61,9.74,8.18,11.63,9.75,11.50,8.61,9.80,10.16,7.02,3.83,0.90,3.37,6.03,4.80,7.44,8.60,,7.60,7.84,7.14,7.18,2.84,4.40,3.10,5.41,5.28,7.18,7.10,,9.30,-1.20,12.20,13.50,13.40,,,,,,,8.90,9.40,,7.60,11.30,6.50,7.02,,,,,,,,9.60,9.30,9.40,8.90,9.60,,,,,9.20,,10.40,7.90,3.30,2.40,3.50,,,8.30,,,7,,,3.80,3.50,3.40,3.50,5.90,8.10,
2008-12-01 12:20,13.30,13.81,11.27,12.74,10.13,10.36,9.13,13.30,7.11,11.35,11.33,9.52,5.37,10.47,10.07,10.05,7.31,3.60,10,9.56,6.04,6.60,10.74,,10.15,11.01,10.56,9.37,11.01,8.50,8.61,10.68,1.99,8.61,8.54,8.88,9.77,8.91,,9.28,3.30,1.22,3.21,9.89,11.30,11.17,11.70,12.12,7.46,10.21,7.22,7.29,8.02,14.90,11.32,13.32,12.97,13.30,13.21,13.71,10.83,12.20,10.19,5.22,10.26,8.19,10.88,10.20,8.30,,8.52,8.36,8.85,9.19,11.32,10.73,13.70,13.54,12.20,0,9.53,8.80,8.39,8.01,10.26,6.47,8.46,9.90,10.64,9.76,4.71,7.81,7.14,9.90,8.91,11.66,9.29,9.03,7.01,7.95,7.30,6.21,9.04,9.80,8.20,11.59,9.60,11.10,8.44,9.51,10.16,7.14,3.94,1.11,3.52,6.06,5,7.72,8.61,,7.60,7.96,7.16,7.16,3.07,4.48,3.10,5.39,5.50,7.14,7,,9.30,-1.30,11.80,13.30,13.50,,,,,,,8.90,9.50,,7.60,11.60,6.60,7.07,,,,,,,,9.70,9.30,9.50,8.90,9.50,,,,,9.10,,10.50,8.10,3.50,2.20,3.70,,,8.20,,,6.90,,,4,3.40,3.30,3.40,6,8.30,
2008-12-01 12:30,13.10,13.79,11.17,12.57,9.98,10.12,9.17,13,6.98,11.56,10.95,9.33,5.37,10.31,9.83,10.14,7.48,3.53,10.10,9.54,6.15,7.08,11.03,,10.23,11.16,10.59,9.37,11.40,8.50,8.68,10.64,2.03,8.47,8.53,8.84,9.74,8.69,,9.37,3.40,1.40,3.07,9.97,11.30,11.23,11.80,12.21,7.38,10.05,7.26,7.60,8.24,15.07,11.71,13.39,13.23,12.90,13.24,13.83,10.77,12.10,10.15,5.16,10.16,8.07,10.88,10.11,8.30,6.25,8.56,8.33,8.83,9.21,11.41,11.03,13.90,13.32,11.90,,9.51,8.70,8.63,8.17,10.14,6.31,8.60,10.10,10.83,9.79,4.85,7.77,7.21,9.90,9.19,11.85,9.21,9.04,6.92,7.69,7.35,6,9.36,9.82,8.28,11.43,9.50,10.60,8.08,9.10,10.17,7.25,3.73,0.94,3.82,6.15,5.10,7.98,8.62,,7.60,7.89,7.27,7.19,3.27,4.62,3.10,5.60,5.78,7.10,7,,9.50,-1.30,11.50,13,14,,,,,,,8.90,9.50,,7.60,11.90,6.70,7.14,,,,,,,,9.60,9.20,9.50,8.80,9.40,,,,,9.10,,10.60,8.10,3.80,2.30,3.70,,,8.20,,,7,,,4.10,3.30,3.30,3.40,6.10,8.20,
2008-12-01 12:40,13.10,13.68,11.18,12.55,10.13,10.23,9.26,12.90,6.94,11.53,10.71,9.38,5.25,10.04,9.72,10.57,7.28,3.49,9.90,9.84,5.93,7.37,10.98,,10.46,11.27,10.57,8.98,11.53,8.40,8.72,10.75,2.52,8.34,8.63,8.45,10,8.58,,9.27,3.30,1.25,2.94,9.96,11.70,10.92,11.80,12.43,7.55,10.34,7.57,8.10,8.53,15.25,12.40,13.28,13.06,12.80,12.94,13.80,10.54,12,10.26,4.97,9.88,8.12,10.80,10.15,8.40,6.33,8.61,8.57,9.04,9.22,11.36,11.29,14.70,12.97,11.60,0,9.54,8.70,8.64,8.27,10.12,6.28,8.59,10.10,11.08,9.68,4.78,7.44,7.26,10,9.08,10.81,9.30,8.87,6.87,7.68,7.46,5.96,9.33,9.68,8.23,11.43,9.48,10.20,8.08,8.86,10.31,7.18,3.82,0.86,4.14,6.41,5.30,7.98,8.56,,7.60,7.65,7.37,7.12,3.25,4.68,3.20,5.85,5.95,7.36,7.10,,9.70,-1.30,11.30,13.20,13.80,,,,,,,9,9.50,,7.60,12.30,6.80,6.96,,,,,,,,9.50,9.10,9.40,8.90,9.30,,,,,9,,10.50,8.20,4.20,2.40,3.90,,,8.10,,,7,,,4.10,3.30,3.80,3.50,5.90,8.10,
2008-12-01 12:50,13.20,13.70,11.24,12.73,10.01,10.29,9.42,12.80,6.86,11.47,10.45,9.21,5.24,10.04,9.58,10.76,7.58,3.55,9.90,10.31,5.98,7.32,10.91,,10.62,11.37,10.44,8.63,11.38,8.30,8.73,10.63,3.29,8.35,8.54,8.29,10.05,8.50,,9.61,3.20,1.22,3.19,10.29,11.70,11.04,11.90,12.55,7.69,10.42,7.54,8.36,8.92,15.17,12.96,13.31,12.87,12.60,12.88,13.45,10.45,12,10.37,4.85,9.63,8.02,10.95,9.86,8.40,6.19,8.77,8.78,9.39,9.30,11.04,11.48,14.90,12.62,11.80,0,9.51,8.70,8.78,8.24,10.12,6.23,8.50,10.10,11.24,9.82,4.97,7.48,7.16,9.70,8.84,10.09,9.28,8.83,6.77,7.59,7.56,5.92,9.17,9.69,8.22,11.52,9.37,10,7.81,8.56,10.24,7.06,4.06,0.88,4.45,6.52,5.40,7.84,8.57,,7.50,7.72,7.30,7.05,3.38,4.69,3.30,5.88,5.94,7.50,7,,9.70,-1.40,11.30,13.40,13.70,,,,,,,9.10,9.50,,7.70,12.40,7,6.81,,,,,,,,9.40,9.20,9.30,8.90,9.10,,,,,9,,10.50,8.10,4.30,2.80,3.90,,,7.90,,,7,,,4.10,3.50,4.10,3.50,5.90,8,
2008-12-01 13:00,13.60,13.86,11.35,13.02,10.01,10.21,9.54,13,7.14,11.42,10.50,8.81,5.06,10.15,9.59,10.49,7.99,3.60,10.80,10.39,5.78,7.24,10.91,,10.74,11.30,10.26,8.40,11.09,8.30,8.75,10.81,4.04,8.47,8.77,8.61,9.92,8.57,,9.64,3.40,1.26,3.44,10.42,11.50,10.93,12,12.58,7.72,10.37,7.64,8.52,9.33,14.82,13.01,13.30,12.76,12.10,13.20,13.19,10.40,11.90,10.27,4.78,9.42,8.02,11.17,9.92,8.50,6.18,8.82,9.11,9.54,9.33,11.29,11.39,14.40,12.72,12.10,0,9.43,8.80,8.79,8.16,10.18,6.38,8.62,10.10,11.26,9.86,5.14,7.56,7.15,9.50,8.79,10.32,8.61,8.82,6.76,7.53,7.22,5.89,8.97,9.87,8.23,11.63,9.37,9.90,7.78,8.31,10.26,7.04,3.90,1.07,4.73,6.52,5.50,7.87,8.32,,7.30,7.54,7.31,7.06,3.31,4.50,3.50,5.64,5.65,7.76,6.90,12.30,9.70,-1.50,11.30,13.40,13.40,,10.70,0.30,11.10,12.50,12.70,9.10,9.50,9.30,8.20,12.40,7.10,6.20,,5.60,9.70,7.80,10.80,9.40,8.60,9.30,9.20,9.30,8.90,8.50,3.80,3.60,7.10,9.40,9.10,9.90,10.20,8.30,4.40,2.90,4.20,2.50,3.50,7.70,7.50,9.20,7,3.80,5.20,4.20,3.60,4.10,3.60,6.20,7.90,6.70
2008-12-01 13:10,13.90,13.99,11.53,12.84,9.80,10.12,10.25,13.10,7.86,11.42,10.57,8.84,5.55,10.02,9.62,10.30,8.49,3.56,11.50,9.99,5.75,7.24,11.02,,11.09,11.29,10.23,8.33,10.69,8.30,8.59,11.04,4.31,8.57,8.58,8.55,9.90,8.63,,10.13,3.20,1.18,3.47,10.47,11.20,10.61,11.90,12.56,7.52,10.35,7.55,8.57,8.99,14.56,12.73,13.42,12.55,11.70,13.15,13.18,10.31,11.80,10.11,4.93,9.32,8.01,11.07,9.96,8.30,6.09,8.95,9.02,9.68,9.32,11.33,11.32,14.10,12.77,12.24,0,9.46,8.77,8.84,7.99,10.25,6.28,8.64,9.90,11.33,10,4.88,7.53,7.24,9.40,9.02,12,7.91,8.75,6.81,7.66,6.82,5.89,8.90,9.81,8.21,11.73,9.50,9.60,7.57,8.19,10.17,6.94,3.86,1.18,5.06,6.63,5.50,7.81,8.06,,7.20,7.48,7.05,6.86,3.15,4.45,3.40,5.57,5.75,7.87,6.80,,9.40,-1.50,11.30,13.30,13.50,,,,,,,9.10,9.70,,8.20,12.40,7.10,6.60,,,,,,,,9.30,9.20,9.10,8.80,8.50,,,,,9,,9.90,8,4.40,2.90,4.20,,,7.80,,,6.90,,,4.30,3.60,4.10,3.60,6.20,8,
2008-12-01 13:20,13.60,14.16,11.53,12.59,9.37,10.17,10.50,13.10,8.23,11.86,10.49,9.14,6.22,9.86,9.56,9.90,8.96,3.56,11.60,9.69,5.56,7.18,10.77,,11.21,11.10,10.43,8.32,10.43,8.30,8.74,11.16,3.97,8.59,8.43,8.78,9.68,8.73,,10.54,3.10,1.20,3.42,10.55,11.10,10.42,11.70,12.41,7.45,10.06,7.88,8.36,8.70,14.41,12.77,13.27,12.34,11.90,12.95,13.22,10.15,11.40,9.78,5,8.76,7.78,11.02,9.88,8.40,5.99,9.08,9.28,10.10,9.33,10.86,11.42,14.10,12.60,12,0,9.65,8.60,8.92,7.89,10.04,6.15,8.71,9.70,11.38,10.16,4.70,7.57,7.22,9.40,8.90,10.86,8.12,8.60,6.66,7.61,6.57,5.94,8.92,9.72,8.18,11.89,9.43,9.40,7.53,8.08,9.87,6.82,3.90,1.23,5.27,6.61,5.60,7.56,7.80,,7,7.52,6.86,6.37,3.24,4.44,3.40,5.61,5.75,7.83,6.60,,9.10,-1.50,11.20,13.30,13.30,,,,,,,9.10,9.70,,8.30,12.20,7.50,6.41,,,,,,,,9.20,9.20,9.10,8.60,8.50,,,,,8.80,,9.70,7.60,4.40,3,4.30,,,7.70,,,6.80,,,4.40,3.70,4.20,3.60,6.30,7.90,
2008-12-01 13:30,13.20,14.08,11.08,12.33,9.06,10.27,11.31,13,8.22,12.20,10.28,9.38,6.35,9.84,9.47,9.49,8.84,3.49,11,9.45,5.66,6.78,10.75,,11.12,10.95,10.71,8.34,10.36,8.70,9.37,11.21,3.51,8.31,8.48,8.63,9.70,8.73,,10.26,3.30,1.39,3.60,10.46,11,10.48,11.60,12.29,7.66,9.82,7.92,8.31,8.44,14.22,12.54,13.06,12.08,11.90,12.62,13.04,10.06,11.30,9.71,4.99,8.75,7.92,11.12,9.78,8.10,5.97,9.12,9.36,11.08,9.23,10.47,11.62,14,12.44,11.82,0,9.57,8.60,8.76,7.81,9.96,6.27,8.77,9.60,11.48,10.18,4.67,7.59,7.28,9.40,8.84,9.91,8.17,8.45,6.62,7.55,6.56,5.87,8.79,9.89,8.29,11.94,9.36,9.30,7.53,7.92,9.58,6.76,4,1.23,5.39,6.64,5.60,7.29,7.47,,6.80,7.38,6.59,6.06,3.04,4.31,3.50,5.67,5.84,7.45,6.50,,8.90,-1.60,11.40,13.20,13.50,,,,,,,9.10,9.90,,8.30,12.20,7.90,6.17,,,,,,,,9.20,9.30,9.20,8.80,8,,,,,8.70,,9.20,7.40,4.20,3,4.40,,,7.60,,,6.70,,,4.40,3.80,4.10,3.80,6.40,7.80,
2008-12-01 13:40,12.90,13.76,10.72,12.17,8.80,10.21,12.41,12.80,8.19,12.46,10.15,9.68,6.79,9.83,9.32,9.23,8.40,3.41,10.40,9.36,5.58,6.62,10.62,,11.29,10.95,10.64,8.44,10.31,9.20,9.24,11.29,3.18,8,8.50,8.50,9.60,8.66,,9.89,3.20,1.29,3.49,10.28,10.80,10.50,11.30,12.08,7.51,9.90,8.02,8.07,8.25,14.08,12.15,13.10,12.02,11.70,12.33,12.68,10.07,11.10,9.76,5.28,9.11,7.96,11.06,9.57,8,5.69,9.13,8.88,11.08,9.04,10.26,11.76,13.80,11.98,11.92,0,9.65,8.50,8.69,7.81,9.78,6.38,8.69,9.60,11.62,10.31,4.81,7.65,7.53,9.30,8.89,9.71,8.23,8.31,6.46,7.34,6.34,5.86,8.96,10.09,8.46,12.01,9.33,9.20,7.67,7.76,9.41,6.42,3.89,1.12,5.52,6.61,5.70,7.09,7.16,,6.60,7.28,6.40,6.05,2.93,4.16,3.10,5.57,5.78,7.22,6.20,,9,-1.50,11.40,13.40,13.50,,,,,,,9.10,10,,8.20,12,8,6,,,,,,,,9,9.30,9.20,8.60,7.80,,,,,8.80,,8.90,7.20,4.50,3.10,4.40,,,7.50,,,6.60,,,4.50,3.90,3.90,4,6.40,7.50,
2008-12-01 13:50,12.70,13.30,10.73,11.99,8.65,10.18,12.48,12.80,8.06,12.69,10.13,9.86,6.95,9.56,9.15,9.01,8.58,3.19,9.80,9.15,5.37,6.46,10.40,,11.23,11.08,10.65,8.46,10.22,9.40,9.24,11.25,2.83,7.95,8.38,8.45,9.32,8.61,,9.60,3.50,1.07,3.44,10.18,10.60,10.43,11.40,11.98,7.55,10.05,7.94,8.17,7.64,14.11,11.91,12.81,11.92,11.70,12.07,12.52,9.96,10.90,9.73,5.12,9.22,8.03,10.81,9,7.70,5.57,8.72,8.47,11.47,8.86,10.05,11.79,13.60,11.28,11.68,0,9.74,8.70,8.76,7.76,9.80,6.54,8.56,9.80,11.80,10.42,4.84,7.98,8.05,9.50,9.07,9.52,7.86,8.19,6.50,7.01,6.12,6.01,8.84,10.16,8.26,12.13,9.20,9.10,7.75,7.88,9.26,6.22,3.64,1.17,5.72,6.64,5.70,6.81,6.95,,6.40,7.12,6.16,5.63,3.08,4.03,3,5.39,5.94,6.96,6,,9.20,-1.50,11.60,13.10,13,,,,,,,9.10,10,,8.10,12,7.90,5.93,,,,,,,,9,9.20,9.10,8.90,7.60,,,,,8.80,,8.70,7,4.80,3.20,4.40,,,7.50,,,6.40,,,4.40,3.60,4,4.30,6.30,7.30,
2008-12-01 14:00,12.40,12.81,10.58,11.66,8.36,10.28,12.42,12.70,7.81,12.69,9.91,9.11,6.58,9.66,8.97,9,7.89,3.07,9.40,9.04,5.31,6.39,10.37,,11.18,11.12,10.79,8.55,10.15,9.60,9.12,10.97,2.44,7.75,8.14,8.33,9.30,8.43,,9.20,3.20,1.14,3.13,10.03,10.70,10.45,11.50,11.85,7.37,10.23,7.94,8.20,7.11,14.13,11.50,12.62,11.99,11.60,11.96,11.92,10.02,10.60,9.56,5.10,8.84,7.88,10.75,8.31,7.60,5.58,7.88,8.50,11.61,8.68,9.64,12.05,13.40,10.91,11.53,0,9.67,8.70,9.05,7.74,9.82,8.16,8.58,10.10,11.78,10.61,5.01,8.39,8.25,9.60,9.04,9.47,7.20,7.99,6.43,6.80,5.83,5.83,9.05,9.82,8.48,12.01,9.29,9,7.57,7.89,9.14,5.90,3.53,1.25,6.01,6.52,5.80,6.58,6.83,,6.30,6.99,5.91,5.40,3.30,3.95,2.70,5.01,5.88,6.54,5.60,11.90,9,-1.60,11.90,13.10,13,5.30,10.80,0.30,10.40,11.50,12.50,9.10,10.10,9.10,8.50,11.90,7.90,5.70,,6,9.10,8.90,11.40,8.80,8.30,9,9.10,9.10,9,7.10,5.70,3.80,7.10,9,8.90,9.10,8.60,7,4.60,3.20,4.10,2.90,4.40,7.20,6.70,7.50,6.30,4.60,6.20,4.30,3.40,4.10,4.50,6.70,7.10,5.40
2008-12-01 14:10,12,12.40,10.35,11.42,8.10,10.58,12.37,12.50,7.67,12.47,9.70,8.55,6.49,9.36,8.83,8.86,6.64,2.96,9.10,8.91,5.12,5.80,10.14,,10.99,11.03,10.64,8.73,10.40,9.50,9.05,10.77,2.30,7.71,8.15,8.33,9.12,8.35,,9.12,3.20,1.02,3.06,10.03,10.50,10.34,11.30,11.75,7.31,10.05,7.84,7.95,6.66,14.11,11.21,12.48,11.76,11.50,11.79,11.63,10.10,10.70,9.50,5.12,9.07,7.97,10.74,8.35,7.70,5.57,7.68,8.98,11.57,8.48,9.38,11.89,13,10.64,11.90,0,9.73,8.70,9.10,7.71,9.86,8.61,8.70,10.50,11.91,10.68,5.10,8.66,8.44,9.60,8.48,9.81,6.83,7.80,6.58,6.74,5.68,5.78,9.13,10.06,8.48,11.88,9.25,8.90,7.37,8.03,8.83,5.64,3.62,1.29,6.08,6.51,5.70,6.38,6.69,,6.10,6.99,5.61,5.18,3.35,3.87,2.60,4.77,5.55,6.39,5.40,,8.50,-1.50,11.90,13,12.90,,,,,,,9.30,9.70,,8.60,11.90,7.90,5.86,,,,,,,,9,9,9.10,9,7,,,,,8.90,,8.70,6.60,4.60,3.30,4.30,,,7.20,,,6,,,4.10,3.40,4.10,4.50,6.70,7.20,
2008-12-01 14:20,11.50,12.07,10.18,11.13,7.50,10.43,12.19,12.50,7.58,,9.45,8.18,6.23,9.31,8.82,8.40,6.74,2.90,8.90,8.89,4.88,5.75,10.36,,10.77,10.91,10.42,8.85,10.62,9.40,8.80,10.78,2.23,7.51,7.83,8.14,9.04,8.16,,8.92,2.90,0.99,3.08,9.68,10.20,10.11,11,11.71,7.17,9.84,7.69,7.59,6.53,14.21,11.18,12.48,11.60,11.50,11.85,11.58,9.90,10.70,9.48,4.71,9.15,7.78,10.81,8.42,7.50,5.39,7.79,8.82,11.73,8.33,9.11,12.08,12.80,10.46,11.60,0,9.70,8.68,9.07,7.67,9.90,7.22,8.80,10.40,11.69,10.72,5.39,9.06,8.58,9.70,8.08,10.10,7.07,7.69,6.79,6.64,5.77,5.72,8.87,10.77,8.42,11.85,9.21,8.70,7.28,8.01,8.58,5.47,4,1.36,6.32,6.46,5.50,6.27,6.46,,5.80,6.91,5.25,5.14,3.45,4.08,2.60,4.64,5.46,6.11,5.40,,8.60,-1.50,11.50,12.90,12.80,,,,,,,9.30,9.70,,8.50,11.60,7.80,5.70,,,,,,,,9.10,8.90,9.10,8.70,6.70,,,,,8.90,,8.60,6.40,4.50,3.30,4.10,,,7.20,,,6.20,,,4.20,3.30,4.10,4.60,6.60,6.70,
2008-12-01 14:30,11.20,11.74,9.89,10.57,6.80,10.22,12.10,12.40,7.64,,9.48,7.75,5.85,9.52,8.60,7.86,6.42,2.70,8.70,8.51,4.74,5.38,10.30,,10.67,10.80,10.25,8.88,10.49,9.20,8.69,10.61,2.32,7.53,7.98,7.99,8.95,8.09,,8.81,2.80,1.03,2.95,9.48,10.10,9.91,10.70,11.54,7.22,9.80,7.60,7.42,6.43,13.92,11.04,12.46,11.13,11.40,11.80,11.61,9.91,10.30,9.48,4.83,9.42,7.56,10.59,8.47,7.30,5.31,8.07,8.69,11.75,8.10,9.14,12.23,12.50,10.26,11.20,0,9.52,8.46,9.10,7.66,10.32,7.17,8.81,10.50,11.52,10.39,5.39,9.20,8.99,9.90,8.03,10.07,7.07,7.62,6.74,6.51,5.74,5.52,8.95,11.16,8.25,11.82,9.03,8.60,7.25,7.82,8.55,5.21,4.19,1.49,6.41,6.49,5.50,6.17,6.29,,5.50,6.37,5.06,5.14,3.65,4.21,2.70,4.65,5.51,5.62,5.10,,8.30,-1.50,11.50,12.50,12.50,,,,,,,9.30,9.80,,8.60,11.50,7.80,5.68,,,,,,,,9,8.80,9.20,8,6.50,,,,,8.90,,8.40,6.30,4.70,3.40,,,,7.20,,,6,,,4.20,3.20,4.30,4.80,6.70,6.60,
2008-12-01 14:40,10.90,11.06,9.22,9.83,6.30,10.26,11.98,12.20,7.23,,9.20,7.82,6.02,9.27,7.72,7.21,6.12,2.39,8.60,8.33,4.61,5.11,9.94,,10.34,10.74,10.16,8.84,10.35,9.20,8.65,10.37,2.42,7.70,7.90,8.08,9.01,8.18,,8.78,2.70,1.12,2.52,9.43,10,9.72,10.50,11.32,7.26,10.13,7.50,7.28,6.19,13.75,11.02,12.42,10.88,11.20,11.64,11.68,9.72,10.60,9.38,4.89,9.46,7.73,10.35,8.61,7.40,5.25,8.10,8.58,11.35,8,9.28,12.24,12.30,10.17,10.90,0,9.30,8.76,9.20,7.77,10.35,7.30,8.91,10.60,11.44,10.12,5.53,9.33,9.35,10,8.16,9.82,7,7.51,6.62,6.38,5.56,5.16,9.04,11.08,8.06,11.67,8.88,8.60,7.92,7.87,8.39,5.10,4.29,1.73,6.44,6.37,5.60,6,6.20,,5.40,6.43,4.93,5.05,3.70,4.06,2.90,4.69,5.46,5.42,5,,8.20,-1.50,11.30,12.40,12.30,,,,,,,9.20,9.80,,8.70,11.30,8.10,5.61,,,,,,,,8.90,8.90,9.50,8.20,6.50,,,,,9,,8.30,6,4.80,3.40,3.70,,,7.20,,,5.70,,,4.20,3.40,4.60,4.90,6.80,6.30,
2008-12-01 14:50,10.50,10.58,8.60,9.31,5.90,10.09,11.90,11.80,7.18,,8.66,8.50,6.17,8.35,7.22,6.91,6.03,2.27,8.70,8.01,4.22,4.93,9.68,,10.17,10.74,10.05,8.78,10.12,9.20,8.65,10.29,2.80,7.68,7.91,8.15,9.06,8.17,,8.71,2.50,1.02,2.29,9.59,9.80,9.54,10.60,11.20,7.28,10.11,7.51,7.21,6.37,13.62,10.98,12.22,10.87,11,11.57,11.59,9.58,10.80,9.26,4.88,9.35,7.73,10.21,8.54,7.40,5.25,7.99,8.28,11.05,7.84,9.34,12.31,12.30,10.07,10.70,0,9.42,9.12,9.25,7.70,9.94,9.15,9.09,10.50,11.38,10.01,5.62,9.45,9.27,9.90,8.25,9.46,7.28,7.46,6.55,6.34,5.40,4.92,8.84,11.17,8.17,11.62,8.86,8.70,8.32,8.08,8.48,4.91,4.67,1.85,6.62,6.14,5.80,5.78,5.95,,5.40,6.32,4.88,4.84,3.87,4,3.10,4.74,5.15,5.65,5.10,,8,-1.50,11.20,11.90,12.10,,,,,,,9.30,9.60,,8.60,11.20,8.10,5.71,,,,,,,,8.80,8.80,9.80,7.90,6.30,,,,,8.80,,8.30,5.90,4.70,3.30,3.70,,,7.20,,,5.50,,,4.10,3.30,5,5.40,6.90,6.40,
2008-12-01 15:00,10.20,10.35,8.23,8.88,5.80,9.93,11.84,11,6.93,11.13,8.17,9.38,6.24,8.20,7.08,6.71,6.06,2.26,8.50,8.09,4.12,4.89,9.37,,10.17,10.71,10.03,8.80,9.98,9.20,8.40,10.46,2.93,7.73,7.92,8.22,8.82,8.24,,8.77,2.30,1.27,2.69,9.44,9.70,9.55,10.70,11.18,7.26,9.96,7.07,7.22,6.26,13.29,10.78,11.98,11.07,10.90,11.64,11.34,9.59,10.20,9.29,5.02,9.20,7.90,10.12,8.45,7.30,5.20,8.12,8.21,11.01,7.78,9.39,12.15,12,10.10,10.60,0,9.44,9.07,9.14,7.59,9.84,9.93,9.05,10.30,11.52,9.73,5.76,9.43,9.08,9.90,7.92,9.18,7.10,7.49,6.46,6.21,5.55,4.68,8.71,11.17,8.21,11.37,8.93,8.60,8.32,8.09,8.29,4.80,4.81,1.92,6.69,6.16,5.90,5.83,5.87,,5.20,6.15,4.87,4.86,3.98,3.95,3.20,4.73,4.34,5.67,5.30,9.60,7.90,-1.50,11.20,11.70,11.90,4.70,10,0.10,9.70,10.70,11.90,9.30,9.40,8.70,9.30,11,8,5.70,,6.70,10.30,10,11.30,8.60,8.30,8.80,8.80,9.70,7.90,6.20,4.70,4.30,8.20,9,8.70,8.80,8.10,5.80,4.40,3.40,3.80,,3.90,6.90,4.80,6.50,5.20,4.40,5.10,4.30,3.50,5,5.70,7,6.30,4.80
2008-12-01 15:10,10,10.22,7.95,8.65,5.60,9.80,11.54,10.70,6.72,10.65,8.09,9.52,6.11,8.23,7.11,6.58,6.25,2.29,8.30,7.74,3.91,4.21,9.17,,10.12,10.71,9.87,8.72,9.74,9,8.22,10.62,3.14,7.85,7.89,8.21,8.98,8.31,,8.69,2.40,1.32,2.83,9.33,9.20,9.58,10.60,11.08,7.16,9.80,7.27,6.92,6.16,12.98,10.59,11.96,11.22,10.80,11.55,11.60,9.56,9.50,9.37,5.18,8.65,7.89,9.91,8.51,7.40,5.18,8.13,8.21,10.65,7.74,9.50,11.99,12,10.21,10.28,0,9.34,9.20,9.02,7.52,9.73,10.46,8.91,10.20,11.47,9.54,5.91,9.16,9.30,9.90,7.80,8.31,6.98,7.31,6.34,6.15,5.30,4.54,8.17,11.02,8.13,11.35,8.89,8.50,8.53,8.10,8.06,4.74,4.92,1.91,6.78,6.08,6,5.79,5.70,,5.20,6.01,4.79,4.66,4.07,4.04,3.50,4.64,4.29,5.45,5.30,,7.30,-1.60,11.10,12.30,11.80,,,,,,,9.40,9.70,,9.40,10.90,8,5.74,,,,,,,,8.90,8.80,9.80,8,6.20,,,,,8.80,,7.90,5.80,4.40,3.40,4.20,,,6.90,,,5.20,,,4.20,3.70,5,5.70,7,6.30,
2008-12-01 15:20,9.90,10.19,7.61,8.54,5.40,9.95,11.40,10.60,6.55,9.87,8.23,7.37,5.95,8,7.01,6.36,6.37,2.35,8.10,7.03,3.91,3.91,8.86,,10.15,10.44,9.86,8.62,9.45,8.90,8.54,10.67,3.06,7.73,7.91,8.27,9.33,8.32,,8.65,2.30,1.09,2.48,9.42,8.80,9.62,10.50,10.87,7.63,9.61,7.37,6.55,6.14,12.69,10.30,11.76,11.03,11.10,11.41,11.75,9.73,8.70,9.47,5.21,7.80,7.82,10,8.59,7.30,5.22,8.03,8.06,10.51,7.65,9.43,11.76,11.90,10.16,10.27,0,9.42,9.10,8.94,7.63,9.85,10.71,8.97,10.10,11.28,9.32,5.91,9.16,9.51,9.90,7.72,8.04,6.76,7.09,6.35,6.01,4.98,4.38,8.27,10.88,8.29,11.20,8.94,8.20,8.32,8.18,7.96,4.79,5.02,2.16,6.78,6.09,6,5.75,5.67,,5,5.70,4.78,4.70,4.30,4.07,3.90,4.54,4.46,5.44,5.10,,7.70,-1.60,11.10,11.90,11.90,,,,,,,9.40,9.60,,9.50,10.40,7.90,5.73,,,,,,,,8.70,8.70,9.90,7.70,5.90,,,,,8.80,,7.90,5.70,4.20,3.40,,,,7,,,4.90,,,4.30,3.80,4.80,5.70,7.20,6.40,
2008-12-01 15:30,9.60,9.89,7.49,8.42,5.30,9.81,11.28,10.30,6.48,9.67,8.14,7.75,5.92,7.87,6.99,6.34,6.31,2.27,8.30,6.97,3.70,3.95,8.63,,10.10,10.26,9.88,8.55,9.45,9,8.70,10.50,2.89,7.72,8.10,8.37,9.24,8.25,,8.73,2.40,0.66,1.88,9.47,8.30,9.44,10.30,10.76,7.48,9.32,7.33,6.37,6.11,12.61,10.12,11.83,11.20,11.20,11.57,11.33,9.89,8.60,9.48,5.22,7.57,7.77,9.88,8.43,7.20,5,7.95,7.90,10.29,7.63,9.33,11.65,12,10.09,10,0,9.18,9,9.39,8.02,9.70,10.44,8.89,10,11.15,9.17,6.02,9.25,9.50,9.70,7.71,7.64,6.60,7.05,6.19,5.98,4.77,4.18,8.30,11,8.10,11.16,8.95,8.10,7.92,8.16,7.94,4.85,5.13,2.31,6.65,5.98,6.10,5.76,5.51,,5,5.28,4.80,4.30,4.23,4.12,4.10,4.59,4.75,5.40,5,,7.50,-1.60,11,11.30,11.60,,,,,,,9.40,9.40,,9.60,10.50,8,5.68,,,,,,,,8.50,8.70,10,7.60,5.70,,,,,8.70,,7.80,5.60,4.10,3.50,4.30,,,7,,,4.80,,,4.60,4.60,4.70,5.90,7.30,6.40,
2008-12-01 15:40,9.40,9.25,7.22,8.30,5.20,9.58,11.09,10.10,6.23,9.57,8.09,8.22,5.78,8,6.84,6.36,5.97,2.14,8.10,7.02,3.63,3.77,9.05,,10.25,10.20,10.09,8.55,9.80,9.40,8.43,10.46,2.56,7.77,8.21,8.32,8.78,8.52,,8.83,2.50,0.45,2.09,9.22,7.90,9.25,10.30,10.58,7.58,9.16,7.53,6.12,5.98,12.41,10.04,11.87,11.29,11,11.98,10.44,10.02,8.70,9.40,5.31,7.10,7.83,9.80,8.42,7.20,4.89,7.78,7.92,10.13,7.70,9.20,11.54,11.80,9.99,9.89,0,8.96,8.60,9.48,8.27,9.41,10.33,8.82,9.90,11.09,8.97,6.15,9.23,9.01,9.50,7.76,7.27,6.35,6.97,6.10,5.82,4.68,3.92,8.72,11.09,8,11.15,9.02,8.10,8.10,8.09,8.13,4.91,4.84,2.28,7.02,6.06,6.10,5.74,5.46,,4.80,5.05,4.75,4.35,4.30,4.30,4.10,4.66,4.96,5.49,4.90,,7.70,-1.50,11.10,11.20,11.60,,,,,,,9.30,9.10,,9.50,10.40,8,5.63,,,,,,,,8.40,8.90,9.90,7.50,5.50,,,,,8.70,,7.80,5.60,3.90,3.60,4.30,,,7,,,4.80,,,4.80,4.80,4.60,5.90,7.10,6.30,
2008-12-01 15:50,9.20,9.07,7.48,8.20,5.20,9.64,11.01,10,6.13,9.11,8.15,8.88,5.48,8.35,6.84,6.41,5.74,2.09,7.70,7.43,3.76,4.84,8.89,,10.37,10.29,10.46,8.59,9.91,9.40,8.25,10.63,2.35,7.92,8.47,8.28,8.96,8,,8.81,2.60,0.50,2.05,9.51,7.40,9.08,10.40,10.50,7.88,9.07,7.52,6.05,5.85,12.24,9.88,12,11.37,11.10,12.12,9.37,9.69,8.20,9.49,5.38,6.48,7.84,9.87,8.26,7,4.75,7.80,7.81,9.96,7.52,9.07,11.44,11.50,9.98,9.54,0,8.90,8.50,9.34,7.95,9.22,10.26,8.66,9.70,10.88,8.90,6.38,9.27,8.83,9.30,7.69,7.40,6.30,6.98,5.95,5.76,4.61,3.87,9.72,10.93,8.14,10.97,9.17,8,8.79,8.05,8.22,5.01,4.74,2.39,7.36,6.09,6.10,5.77,5.38,,4.90,5.22,4.70,4.26,4.29,4.66,4.10,4.67,5.07,5.37,4.80,,8.20,-1.40,11.20,11.50,11.40,,,,,,,9.40,9.60,,9.80,10.40,7.90,5.61,,,,,,,,8.40,9.10,9.50,7.30,5.30,,,,,8.70,,8,5.50,4,3.70,4.30,,,7,,,4.70,,,4.70,4.70,4.30,5.90,6.90,6.30,
2008-12-01 16:00,9.20,9.04,7.53,8.02,5.10,9.25,10.97,9.90,6.10,8.61,8.09,9.03,5.52,7.95,6.63,6.31,6.58,1.83,7.50,7.70,4.32,4.62,9.01,,10.95,10.08,10.41,8.55,9.88,9.10,8.28,10.55,2.16,7.82,8.34,7.85,8.85,7.76,,8.80,2.60,0.72,2.03,9.09,7.20,9.14,10.10,10.67,8.47,9.34,7.72,5.88,5.57,11.99,9.72,12.06,11.17,11.30,11.79,8.81,9.70,8.90,9.51,5.31,5.79,7.91,9.87,8.11,6.90,4.51,7.65,7.49,9.77,7.54,8.94,11.34,11.70,9.83,9.50,0,8.74,8.40,9.61,7.78,9.03,10.53,8.51,9.50,10.73,8.80,6.65,9.36,9.19,9.20,7.43,8.31,6.32,6.86,5.76,5.68,4.44,3.94,10.13,10.80,8.04,10.85,9.13,8,9,7.84,8.28,5,4.70,2.53,7.34,6.26,6.20,5.89,5.36,,4.80,5.34,4.77,4.33,4.30,4.76,4.20,5.08,5.30,5.30,4.80,8.20,7.80,-1.40,11.10,11,11.50,3.90,9.90,-0.30,9.40,11.60,10.20,9.50,10.30,8.30,9.80,10.50,7.80,5.50,5.40,7,10.60,10.20,10.40,8.50,8.70,8.40,9.30,9.40,7.10,4.90,4.20,5,9.10,8.80,8.60,9.10,8,5.50,4.20,4.10,4.20,3.50,4.60,6.90,4.30,,4.70,4.80,5.40,4.60,4.80,4.20,6,6.70,6.30,4.40
2008-12-01 16:10,9.30,9.39,7.24,7.92,5.10,9.55,10.94,10,6.16,8.30,7.64,8.16,5.11,7.80,6.41,6.04,6.47,1.57,7.60,7.82,4.60,4.64,8.92,,11.14,9.84,10.35,8.66,9.80,9,7.93,10.30,2.04,7.83,8.06,7.65,8.66,7.87,,8.62,,0.75,2.08,8.84,7.10,8.97,10.30,10.74,9.01,9.52,7.62,5.74,5.41,11.82,9.67,11.73,10.73,11.20,12.05,8.99,9.78,9.40,9.55,5.16,5.34,7.84,9.69,7.91,6.70,4.32,7.68,7.43,9.71,7.46,8.93,11.23,11.60,9.85,9.50,0,8.81,8.10,9.41,7.74,8.98,10.42,8.34,9.40,10.65,8.74,6.71,9.27,9.42,9.30,7.13,8.86,6.28,6.87,5.50,5.61,4.28,3.97,10.43,10.69,8.20,10.89,9.28,8,9.09,7.99,8.32,4.93,4.77,2.85,7.57,6.35,6.20,6.13,5.21,,4.70,5.33,4.93,4.63,4.42,4.84,4.30,5.12,5.67,5.23,4.70,,7.50,-1.40,11.20,11.20,11.60,,,,,,,9.30,10.20,,9.70,10.40,7.80,5.43,,,,,,,,8.50,9.40,9.20,7.10,5,,,,,8.60,,7.80,5.50,4.30,4,4.20,,,6.90,,,4.70,,,4.60,4.80,4.20,6,6.70,6.30,
2008-12-01 16:20,9.40,9.49,7.18,8.11,5.10,9.56,10.85,9.80,5.94,8.16,6.90,8.03,5.17,7.39,6.25,5.83,6.60,1.43,7.30,7.70,4.66,4.74,8.70,,10.59,9.80,10.08,8.59,9.85,8.70,8.01,10.10,1.99,7.46,8.21,7.87,8.56,7.81,,8.40,2.70,0.73,2.81,8.72,6.90,9.02,10.40,10.75,8.96,9.77,7.37,5.70,5.04,11.65,9.75,11.69,11.30,11.10,11.97,9.31,9.59,10.20,9.58,5.25,5.38,7.90,9.51,7.79,6.70,4.36,7.56,7.29,9.86,7.34,8.91,10.92,11.70,9.86,9.40,0,9.02,8.30,9.29,7.46,9.01,10.58,8.44,9.40,10.55,9.05,6.66,9.14,9.46,9.20,7.11,9.07,6.21,6.78,5.41,5.61,4.19,3.88,10.49,10.48,8.13,10.74,9.43,7.90,9.10,8.15,8.46,5.02,4.85,3.13,7.40,6.38,6.40,6.16,5.08,,4.60,5.19,4.94,4.61,4.59,4.81,4.40,5.67,5.90,5.48,4.70,,7.70,-1.40,11,11.40,11.40,,,,,,,9,10.20,,9.60,10.40,7.80,5.24,,,,,,,,8.60,9.50,9.20,6.80,5.10,,,,,8.60,,7.70,5.50,4.50,4.10,4.30,,,7,,,4.80,,,4.70,4.70,4.10,6.10,6.80,6.10,
2008-12-01 16:30,9.50,9.42,7.06,8.07,5.10,9.36,10.71,9.70,5.38,7.84,6.84,8.36,5.10,6.98,6.24,5.68,6.47,1.63,6.80,7.51,4.39,4.76,8.45,,10.06,10.01,10.21,8.48,9.81,8.60,8.08,9.93,1.79,7.54,8.29,7.78,8.30,7.68,,7.76,2.80,0.83,2.46,8.61,6.70,9.12,10.50,11.02,8.47,9.61,7.16,5.75,5.05,11.54,9.71,11.58,11.32,11.20,12.03,8.99,9.73,9.90,9.52,5.29,5.56,8.05,9.49,7.79,6.40,4.47,7.56,7.32,10.27,7.25,8.90,10.97,11.60,9.91,9,0,9.03,8.60,9.33,7.41,9.01,10.72,8.73,9.40,10.40,9.22,6.66,9.48,9.37,9.10,7.02,8.99,6.07,6.75,5.42,5.60,4.17,3.84,10.22,10.37,8.36,10.72,9.52,7.90,8.79,8.34,8.70,5.06,5.01,3.24,7.43,6.46,6.40,6.08,4.97,,4.60,5.11,4.81,4.42,4.59,4.79,4.50,6.07,6.02,5.80,4.70,,8.10,-1.40,10.80,11.30,11.40,,,,,,,8.80,10.20,,9.60,10.40,7.60,5.25,,,,,,,,8.60,9.50,9.10,6.70,5,,,,,8.60,,7.70,5.50,4.70,4.30,4.40,,,7.20,,,4.80,,,4.60,4.60,4,6.30,6.80,6,
2008-12-01 16:40,9.60,9.46,7.08,8.02,5,9.14,10.20,9.40,5.10,7.79,6.70,7.90,4.87,7.01,6.21,5.42,6.15,1.56,6.50,7.77,4.20,4.77,8.62,,9.75,10.24,10.54,8.39,9.69,8.80,8.27,10.14,1.80,7.68,8.18,7.44,8.30,7.53,,8,2.60,0.79,2.46,8.65,7.20,9.03,10.70,11.28,8.43,8.94,7.15,5.67,5.04,11.53,9.88,11.42,11.32,11,12.01,8.86,9.72,8.90,9.49,5.15,5.56,8.11,9.54,7.68,6.50,4.32,7.41,7.19,9.91,7.18,8.67,11.12,11.60,9.99,8.90,0,9.06,8.70,9.35,7.50,9.08,10.64,8.75,9.10,10.46,8.96,6.80,9.76,9.57,9.10,7.09,8.69,5.86,6.72,5.24,5.55,4.12,3.73,10.08,10.52,8.46,10.56,9.55,7.80,9,8.71,8.82,5.04,4.99,3.41,7.45,6.35,6.50,6.31,4.87,,4.70,5.25,4.82,4.41,4.58,4.71,4.60,6.24,5.87,6.19,4.80,,8.20,-1.40,10.60,11.40,11.50,,,,,,,9,9.20,,10,10.40,7.30,5.19,,,,,,,,8.70,9.60,9.10,6.70,4.90,,,,,8.50,,7.70,5.40,4.90,4.30,4.50,,,7.20,,,4.90,,,4.80,4.50,4.20,6.50,6.80,6,
2008-12-01 16:50,9.60,9.41,7.10,8.05,4.80,9,10.03,9.40,4.98,7.85,6.73,7.66,4.84,6.75,6.06,5.44,6.06,1.53,6.30,7.33,3.93,4.40,8.55,,9.79,10.10,10.85,8.41,9.61,8.60,8.53,10.41,2.03,7.72,7.97,7.27,8.29,7.58,,8.51,2.50,0.52,2.24,8.97,7.40,9.13,10.70,11.39,8.38,9.06,7.25,5.51,5.11,11.71,10.11,11.30,11.16,10.90,11.93,9.03,9.81,9.30,9.43,5.25,5.22,7.99,9.46,7.54,6.70,4.27,7.46,7.10,10.15,7.02,8.55,11.13,11.70,9.91,9,0,9.07,9,9.45,7.42,9.16,10.73,8.72,8.90,10.57,9.42,6.87,9.62,9.52,8.90,6.96,8.44,5.80,6.62,5.05,5.46,4.09,3.57,10.18,10.41,8.60,10.47,9.55,8,8.93,8.61,9,4.97,4.97,3.78,7.59,6.21,6.40,6.26,4.96,,4.80,5.26,4.88,4.55,4.65,4.84,4.60,6.30,6,6.62,4.90,,7.80,-1.40,10.30,11.20,12,,,,,,,9,9.50,,10,10.30,7.20,5.08,,,,,,,,8.70,9.80,9.20,6.70,4.90,,,,,8.50,,7.60,5.30,4.90,4.40,4.50,,,7.10,,,4.90,,,4.90,4.50,4.20,6.60,6.90,5.90,
2008-12-01 17:00,9.70,9.29,6.92,8.02,4.80,9.07,9.92,9.20,4.86,8.27,6.79,7.23,4.82,6.58,6.06,5.48,6.05,1.44,6.10,6.81,4.06,4.05,8.06,,9.88,10.23,10.97,8.22,9.48,8.60,8.55,10.35,2.08,8,7.91,7.41,8.75,7.49,,9.24,,0.60,2.25,9.51,7.30,9.36,10.40,11.40,8.63,9.81,6.82,5.31,5.16,11.81,10.15,11.20,10.89,10.80,11.80,8.60,9.86,10.10,9.45,5.18,4.80,7.87,9.43,7.58,6.70,4.33,7.47,7.03,10.03,7.06,8.59,11.36,11.80,9.82,9,0,8.91,9,9.47,7.54,9,10.81,8.62,8.80,10.45,9.18,7.06,9.85,9.52,8.70,6.65,8.45,5.85,6.57,4.90,5.34,4,3.45,9.72,10.32,8.62,10.31,9.57,8.20,8.90,8.58,9.25,4.98,4.81,3.76,7.74,6.34,6.80,6.23,5.26,,4.80,5.23,4.77,4.60,4.97,5.11,4.60,6.32,6.43,6.47,4.90,8.20,6.60,-1.40,10.10,11.30,11.90,3,8.90,-0.50,8.70,11,9.30,8.70,10.40,9.70,10.20,10.40,7.10,4.90,,7.50,10.30,10.30,10.40,10,9.20,8.80,9.90,9,6.70,4.90,5.90,5.50,8.50,8.90,8.50,9.90,7.50,5.10,5.10,4.80,4.60,,5.60,7.20,4.30,7.30,4.90,5,5.60,5.10,4.40,4.40,6.50,7.60,5.90,4.60
2008-12-01 17:10,9.70,9.07,6.65,8.01,4.80,8.99,9.82,9,4.91,8.20,6.78,7.52,4.64,6.33,6.01,5.54,6.17,1.05,5.90,6.71,4.26,3.99,7.44,,9.89,10.26,10.96,8.39,9.20,8.20,8.64,10.21,2.03,7.79,7.92,7.56,9.32,7.37,,9.66,2.70,0.70,2.25,9.97,6.90,9.37,10.30,11.32,8.18,9.86,6.86,5.36,5.18,11.77,9.94,10.99,10.88,10.90,11.61,8.31,10.17,10.30,9.50,5.34,4.31,7.89,9.30,7.68,6.60,4.37,7.44,7.15,9.74,7.15,8.53,11.33,11.60,9.84,8.88,0,9.09,8.70,9.14,7.60,8.35,10.82,8.56,8.90,10.56,8.86,7.05,10,9.39,8.90,6.58,9.37,5.90,6.54,4.69,5.25,3.81,3.40,9.57,10.21,8.65,10.32,9.58,8.50,9.14,8.56,9.31,4.83,4.77,3.75,7.86,6.48,6.70,6.46,5.51,,4.80,5.12,4.89,4.45,5.14,5.54,4.80,6.48,6.61,6.54,4.80,,7,-1.50,10.20,11.10,11.70,,,,,,,9,10.60,,10.20,10.40,7.10,5.02,,,,,,,,8.70,10,8.80,6.60,4.80,,,,,8.50,,7.40,5,5.10,4.80,4.70,,,7.20,,,4.80,,,5.20,4.20,4.30,6.50,7.60,5.80,
2008-12-01 17:20,9.70,9.27,6.64,8.07,4.90,9.01,9.79,9,4.91,7.94,6.47,7.08,4.35,6.16,5.73,5.74,6.03,1.09,5.70,6.66,4.14,3.83,6.73,,10.16,10.36,10.81,8.46,8.96,8.50,9.19,9.86,2.06,7.56,7.93,7.36,9.40,7.51,,9.39,2.60,0.54,2.58,10.22,6.70,9.56,10.50,11.17,7.87,9.89,6.75,5.33,5.38,11.74,9.39,10.65,11,11,11.95,8.23,10.27,9.70,9.41,5.38,4,7.96,9.25,7.61,6.60,4.43,7.34,7.05,9.58,7.03,8.49,11.29,11.60,9.85,8.83,0,8.85,8.50,8.80,7.49,7.74,10.93,8.65,9.20,10.25,8.76,7.03,9.92,9.34,9.30,6.61,11.75,5.86,6.57,4.60,5.08,3.74,3.25,9.46,10.20,8.70,10.51,9.69,8.40,8.96,8.58,9.35,4.87,4.81,3.74,7.92,6.55,6.80,6.60,5.59,,4.80,5.02,4.89,4.74,5.15,6.03,5.30,6.28,6.64,6.67,4.70,,6.80,-1.60,10.40,11.20,12.10,,,,,,,9,10.50,,10.20,10.50,7.20,4.90,,,,,,,,8.90,10,8.80,6.50,4.80,,,,,8.50,,7.20,5,5.20,5.20,4.70,,,7.20,,,4.80,,,5.30,4.40,4.40,6.40,7.70,5.80,
2008-12-01 17:30,9.70,9.51,6.84,8.25,5,8.75,9.65,9.10,4.69,7.74,6.21,6.78,4.01,5.99,5.62,5.86,6.03,0.85,5.50,7.07,3.84,4.01,6.34,,9.98,10.08,10.86,8.67,8.94,8.60,9.39,10.34,2.13,7.88,8.17,7.54,9.10,7.89,,9.51,2.30,0.44,2.66,10.19,6.50,9.85,10.40,11.21,7.90,9.90,6.80,5.04,5.02,12.07,8.97,10.46,11.35,11.40,12.02,8.56,10.32,8.70,9.44,5.24,3.79,8.02,9.13,7.50,6.50,4.48,7.38,6.67,9.68,6.94,8.41,11.12,11.40,9.96,9.09,0,9.06,8.60,9.03,7.46,7.37,10.76,8.55,9,10.12,8.56,7.03,9.86,9.33,9.60,6.45,11.91,5.75,6.40,4.36,4.96,3.62,3.14,9.22,10.18,8.84,10.52,9.83,8.40,9,8.63,9.22,4.86,4.82,3.85,7.88,6.61,6.90,6.57,5.76,,4.60,5.09,4.97,4.66,5.39,6.19,5.90,6.03,6.63,6.66,4.70,,6.80,-1.70,10.40,11.20,12.30,,,,,,,9.10,10.60,,10.10,10.60,6.80,4.72,,,,,,,,9.10,9.80,8.80,6.30,4.80,,,,,8.60,,7,4.90,5.20,5.10,4.70,,,7.40,,,4.80,,,5.30,4.20,4.70,6.50,7.50,5.90,
2008-12-01 17:40,9.80,9.71,7.29,8.39,4.90,8.48,9.49,9.10,4.35,7.61,6.15,6.54,3.68,6,5.73,5.81,5.49,1.09,5.30,6.94,3.57,4.05,6.27,,9.88,8.71,10.88,8.87,9.17,8.50,9.46,10.20,2.21,7.75,8.26,8,9.92,8.24,,9.38,1.90,0.43,2.47,9.89,6.30,10,10.10,11.06,7.81,9.74,7.30,5.14,4.80,12.34,8.81,10.51,11.37,11.10,12.12,10.82,10.26,7.70,9.45,5.21,3.85,8.20,8.95,7.32,6.60,4.45,7.65,6.70,9.79,7,8.47,11.13,11.30,9.82,9.49,0,9.16,8.60,8.85,7.65,7,10.70,8.59,9,10.04,8.44,7.06,10.01,9.08,9.60,6.36,12.06,5.68,6.09,4.20,4.81,3.47,3.08,8.80,10.03,9.12,10.52,9.65,8.30,9.34,8.59,9.11,4.96,4.64,3.80,7.86,6.55,6.80,6.59,5.91,,4.60,4.97,5.04,4.62,5.37,6.15,6.20,6.01,6.54,6.48,4.50,,7.90,-1.80,9.90,11.80,12.40,,,,,,,9.10,10.10,,10,10.60,6.70,4.56,,,,,,,,9.30,9.80,8.90,6.10,4.80,,,,,8.40,,6.80,4.90,5.30,5.50,4.60,,,7.60,,,4.80,,,5.50,4.20,4.60,6.70,7.40,5.80,
2008-12-01 17:50,9.80,9.66,7.30,8.25,4.80,8.32,9.25,9,4.10,7.33,6.51,6.33,3.50,5.66,5.57,5.72,5.21,0.90,5.20,6.76,3.48,3.87,6.04,,9.64,8.42,10.71,8.90,10.22,8.70,9.52,10.76,2.04,7.58,8.25,8.27,10.03,8.35,,9.34,1.60,0.23,2.18,10.02,6.40,10.03,9.90,10.86,8.36,9.53,7.88,5.31,4.84,12.42,9.19,10.69,11.52,10.50,12.20,10.10,10,7.80,9.40,4.89,4.87,8.25,8.73,7.20,6.40,4.40,7.82,6.72,10.14,7.04,8.43,10.81,11.20,9.86,9.50,0,9.19,8.60,8.91,7.68,6.81,10.54,8.59,8.80,10.15,8.38,7.09,9.80,8.97,9.70,6.45,12.17,5.72,5.84,4.07,4.76,3.46,3.03,8.83,9.80,9.37,10.51,9.68,8.50,9.50,8.54,8.98,4.90,4.69,3.70,7.94,6.62,6.70,6.55,5.90,,4.70,4.83,4.89,4.76,5.38,6,6.50,6.06,6.42,6.34,4.40,,7.10,-1.90,10.20,11.70,12.40,,,,,,,9.10,10.10,,9.80,10.70,6.80,4.63,,,,,,,,9.30,9.80,8.80,6,4.80,,,,,8.50,,6.60,4.80,5.30,5.50,4.50,,,7.50,,,4.80,,,5.50,4.50,4.80,6.80,7.30,6,
2008-12-01 18:00,10,9.49,7.41,8,5,8.18,9,8.90,4.08,6.96,6.25,6.45,3.44,6,5.41,7,5,1.16,5,6.34,3,3.50,5.86,5,9,8,10.63,8.96,11,9,9,11,2.10,7,8.18,7,10,7,7,9,1,0,2,10,6.30,9.96,10,10.62,8.51,9.47,7,5,4.60,12.87,9.23,11,11,10,12,10.69,9.92,8,9.24,4.45,5.15,8.25,8.70,7.02,6.40,4.47,7.73,6.61,9.93,7.22,8.46,10.73,11.10,9.62,9.30,0,6,8.70,9.05,7.90,6.71,10.39,6,8.90,10.34,8.11,6.92,9.56,8.89,9.50,6.47,12.18,5.50,5.67,3.93,4.80,3.31,3.05,8.88,9.61,9.47,10.46,9.54,8.40,9.43,8.31,9.06,4.89,4.70,3.66,7.80,6.73,6.80,6.70,5.84,,4.80,5.10,5.03,4.82,5.50,6,6.30,6.19,6.70,6.35,4.40,8,7,-2,10.70,11.60,12.50,,9,-0.60,8.40,10.60,9.60,8.90,10,8.30,9.70,10.80,6.60,4.80,4,8.70,9.40,10.80,9.90,10.60,9.20,9.60,9.50,8.80,5.80,4.70,7.10,6.10,8.50,9.30,8.50,9.50,6.50,4.70,5.30,5.30,4.50,5.10,6.60,7.40,4.90,7.50,4.80,5.20,6.10,5.50,5.10,4.80,7.10,7.60,6,4.60
2008-12-01 18:10,9.50,9.53,7.39,8.28,4.90,7.90,9.13,9.10,4.24,6.91,6.13,6.62,3.44,5.84,5.33,5.63,5.06,0.68,5,5.85,3.25,3.21,5.80,,9.58,8.25,10.60,8.79,10.94,9.40,9.33,11.09,2.19,7.62,8.21,8.27,9.41,7.84,,8.40,0.90,0,2.23,9.71,6.30,10.72,9.30,10.47,8.51,8.95,7.83,5.47,4.85,13.11,9.13,10.91,11.34,10.10,11.98,10.45,9.80,7.70,9.17,4.29,6.25,7.84,8.95,6.94,6.40,4.28,7.50,6.40,9.99,7.15,8.42,10.79,11.20,9.76,8.90,0,9.35,8.50,8.92,8.11,7.43,10.50,8.24,9,10.56,7.92,6.63,9.43,8.79,9.30,6.78,12.10,5.46,5.62,3.79,4.63,3.27,3.03,9.11,9.43,9.48,10.40,9.42,8.50,9.39,8.26,8.95,4.87,4.67,3.78,7.71,6.79,6.90,6.76,5.81,,4.90,4.98,4.85,4.72,5.45,6.34,6.90,6.13,6.70,6.55,4.40,,6,-2.50,10.80,11.50,12.20,,,,,,,8.90,9.80,,9.60,10.80,6.60,4.67,,,,,,,,9.60,9.30,8.70,5.80,4.70,,,,,8.70,,6.30,4.80,5.30,5.30,,,,7.40,,,4.70,,,5.40,5.10,4.80,7.10,7.60,6.10,
2008-12-01 18:20,9.40,9.48,7.25,8.16,5,7.85,9.18,8.80,4.14,6.81,6.46,6.51,3.48,5.96,5.48,5.73,5.06,0.71,4.80,5.99,3.10,3.10,5.68,,10.08,8.41,10.32,8.70,10.91,9.50,9.24,10.66,2.18,7.43,8.16,7.99,9.46,7.89,,8.57,0.80,-0.15,2.28,9.56,6.30,10.48,8.90,10.11,8.42,8.13,7.70,5.33,4.86,13.05,9.24,11.50,11.19,9.70,11.88,11.72,9.60,8.20,9.04,4.72,6.73,7.78,8.92,6.85,6.10,3.91,7.51,6.48,9.83,7.18,8.58,10.77,11.20,9.64,8.80,0,9.41,8.30,9.02,8.47,7.51,10.37,7.95,9,10.67,7.81,6.49,9.50,8.85,9.20,6.84,12.11,5.39,5.62,3.56,4.37,3.29,3.09,9.01,9.10,9.66,10.27,9.38,8.70,9.43,8.23,8.91,4.87,4.52,3.81,7.87,6.79,6.90,6.94,5.68,,5,4.93,4.87,4.68,5.41,6.52,7.10,6.03,6.48,6.62,4.40,,6.90,-2.70,10.60,11.20,12.40,,,,,,,9.10,9.90,,9.60,,6.60,4.76,,,,,,,,9.40,9.40,8.60,5.70,4.70,,,,,8.70,,6.10,5,5.30,5.40,4.90,,,7.50,,,4.60,,,5.30,5.10,5.10,7.10,7.70,6.20,
2008-12-01 18:30,9.30,9.72,7.49,8.01,5,8.12,9.17,8.80,4.04,6.56,6.80,6.25,3.41,6.29,5.45,5.94,4.68,0.82,4.60,5.63,3.51,3.68,6.03,,10.28,8.26,10.30,8.70,10.90,9.40,9.27,10.72,2.14,6.99,7.96,8.11,9.44,7.98,,8.58,0.80,-0.45,2.32,9.53,6.20,10.30,8.50,9.40,8.28,7.72,7.67,5.23,4.44,12.96,9.10,11.80,11.30,9.20,11.77,12,9.56,9.20,8.60,4.55,7.54,7.84,8.62,6.71,5.90,3.68,7.38,6.36,9.65,7.04,8.40,10.60,11.20,9.56,8.80,0,9.41,8.50,9,8.21,8.13,10.17,7.84,9,10.59,7.66,6.21,9.37,8.65,9.20,6.83,12.31,5.24,5.50,3.39,4.18,3.27,2.96,9.21,9.09,9.69,10.28,9.32,8.90,9.38,8.34,8.71,4.81,4.80,3.89,7.86,6.70,7,6.87,5.59,,5,5.04,4.80,4.77,5.65,6.46,7,5.97,6.27,6.95,4.30,,6.70,-2.70,11.20,10.70,12,,,,,,,9.20,9.80,,9.60,10.90,6.70,4.66,,,,,,,,9.20,9.40,8.40,5.60,4.60,,,,,8.60,,6,5.10,5.30,5.30,5.10,,,7.50,,,4.50,,,5.20,5.30,5.40,7,7.80,6.20,
2008-12-01 18:40,9.30,9.67,7.58,8.17,5,8.28,9.17,8.80,4.01,6.45,6.86,6.10,3.62,6.79,5.43,5.88,4.39,0.98,4.40,5.29,3.45,3.89,5.97,,10.51,8.08,10.14,8.72,10.87,9.30,9.34,10.68,2.12,6.59,7.70,7.71,9.16,7.79,,8.21,0.80,-0.51,2.18,9.51,5.90,10.02,8.50,8.85,8.38,7.83,7.55,5.25,4.33,12.83,8.90,11.79,10.45,8.80,11.60,12.12,9.11,10.10,8.28,4.31,8.22,7.70,8.45,6.56,5.80,3.77,7.38,6.39,9.56,6.96,8.32,10.63,11.20,9.58,8.90,0,9.39,8.80,8.95,8.01,8.05,10.01,7.90,9,10.41,7.80,6.35,9.36,8.61,9.30,6.75,12.36,5.10,5.27,3.32,4.14,3.14,2.97,9.23,8.83,9.70,10.29,9.28,9,9.07,8.55,8.75,4.79,4.74,3.86,7.73,6.78,7,6.98,5.75,,5,5.13,4.78,4.49,5.69,6.25,7.10,5.99,6.49,7.04,4.40,,6.90,-2.70,11.40,9.90,11.80,,,,,,,9.10,9.70,,9.50,10.90,6.20,4.57,,,,,,,,9.20,9.50,8.30,5.50,4.50,,,,,8.80,,5.80,5.20,5.30,5.50,5.20,,,7.60,,,4.60,,,5.30,5.40,5.60,7,7.70,6.10,
2008-12-01 18:50,9.30,9.77,7.59,8.28,5,8.09,9.17,8.70,4.13,6.82,6.82,5.99,3.58,6.82,5.47,6.10,4.31,1.10,4.30,5.63,3.10,3.52,5.60,,10.73,7.82,9.24,8.74,10.85,9.10,9.59,10.53,2.02,6.16,7.58,7.55,9.22,7.80,,8.18,0.90,-0.56,1.96,9.40,5.70,10,8.10,8.58,8.30,7.79,7.50,5.28,4.42,12.26,8.93,11.73,9.84,8.50,11.13,12.35,8.92,10.50,7.81,3.61,8.55,7.24,8.19,6.62,5.90,3.81,7.45,6.28,9.94,7.03,8.19,10.46,11,9.56,8.70,0,9.36,8.80,9.07,7.94,8.06,9.91,8,8.90,10.23,8.05,6.21,9.23,8.55,9.30,6.93,12.26,5.04,5.15,3.20,3.92,3.16,3.03,9.23,8.66,9.54,10.06,9.25,9,9.03,8.93,8.69,4.91,4.87,3.99,7.77,6.65,7.10,7,5.86,,5.10,5.18,4.84,4.68,5.54,6.36,7.10,5.97,6.39,7,4.40,,6.60,-2.80,11.50,9.60,11.10,,,,,,,8.90,9.60,,9.40,11,5.90,4.56,,,,,,,,9.40,9.60,8.20,5.50,4.50,,,,,8.70,,5.80,5.30,5.30,5.70,5.20,,,7.60,,,4.60,,,5.40,6,5.60,6.90,7.60,6.20,
2008-12-01 19:00,9.30,9.65,7.68,8.58,5.30,8,9.36,8.70,4.45,6.68,6.86,5.71,3.50,6.75,5.54,6.45,4.23,1.20,4.30,5.36,3.15,3.50,5.17,,10.99,7.92,8.55,8.69,10.81,9,9.40,10.60,1.94,6.12,7.38,7.27,9.03,7.81,,7.90,0.70,-0.66,1.87,9.34,5.60,10.24,8.10,8.61,8.12,7.61,7.53,5.20,4.57,11.55,8.83,11.32,9.21,8.50,10.17,12.15,8,10.10,7.45,3.49,8.33,7.03,8.17,6.73,6.20,3.80,7.44,6.26,9.83,7.10,8.15,10.46,10.90,9.49,8.50,0,9.24,8.90,9.01,7.86,8.01,9.83,7.86,8.60,10.21,7.90,6.04,9,8.48,9.40,7.11,12.11,4.72,5.16,3.12,3.90,3.10,3.04,9.24,8.82,9.36,10.06,9.13,9.10,8.74,9.12,8.45,4.98,5.01,3.97,7.88,6.76,7.10,7.11,5.78,,5.20,5.21,4.87,4.81,5.69,6.61,7.10,6.06,6.39,6.91,4.50,8.60,6.60,-2.90,11.30,9.20,10.40,2.60,8.90,-0.70,7.80,10.70,9.80,8.80,9.10,9,9.20,10.80,5.90,4.50,3.70,8.90,9.50,9.60,8.90,10.30,9.20,9.30,9.60,8.20,5.40,4.40,7,6.90,8.90,9.30,8.60,9.10,5.70,5.20,5.20,5.90,5.30,5.40,6.50,7.90,5,,4.70,5.40,6.20,5.50,6.20,5.80,6.60,7.70,6.20,4.80
2008-12-01 19:10,9.30,9.63,7.84,8.76,5.30,7.87,9.33,9.10,4.56,7.15,6.72,5.31,3.29,6.81,5.55,6.73,4.58,1.32,4.30,4.75,2.94,3.52,5.10,,11.05,8.09,8.25,8.48,10.75,9,9.17,10.52,1.86,6.54,7.45,7.52,8.95,7.71,,7.68,0.70,-0.80,1.85,8.62,5.70,10.32,8.30,8.70,8.03,7.74,7.12,5.20,4.86,11.16,8.82,10.57,8.87,8.50,9.38,11.88,7.64,10,7.20,2.92,8.58,6.51,8.32,6.64,6.40,3.71,7.16,6.21,9.83,7.09,8.03,10.37,10.80,9.37,8.40,0,9.19,8.90,8.79,7.86,8.62,9.71,7.54,8.40,10.14,7.68,6.13,9,8.40,9.70,7.35,11.85,4.72,5.16,3.18,3.89,3.01,3.11,9.12,8.83,9.28,10.04,8.98,9.10,8.95,9.24,8.32,4.98,5.17,3.84,8.01,6.95,7.10,7.18,5.85,,5.20,5.34,4.91,4.90,5.85,6.73,7,6.24,6.44,6.83,4.60,,6.80,-3,11.20,9.30,10.10,,,,,,,8.80,9.40,,9.30,10.90,5.90,4.59,,,,,,,,9.40,9.60,8.20,5.40,4.40,,,,,8.50,,5.70,5.30,5.20,5.90,5.50,,,7.90,,,4.80,,,5.80,6.30,5.80,6.60,7.80,6.10,
2008-12-01 19:20,9.30,9.74,7.97,8.85,5.50,7.77,9.17,9.20,4.46,7.19,6.35,5.32,3.21,6.98,5.58,6.78,4.98,1.32,4.20,5.81,2.95,3.13,4.85,,10.94,8.09,8.07,8.45,10.49,8.90,8.95,10.51,1.83,6.24,7.49,7.24,8.47,7.21,,7.47,0.70,-0.74,1.96,8.14,5.60,10.21,8.40,8.85,7.95,7.87,6.74,5.12,4.96,11.02,9.75,10.02,8.78,8.40,8.93,11.44,7.66,9.40,7.14,2.73,8.38,5.83,8.02,6.61,5.30,3.24,7.24,6.41,9.59,7.12,7.90,10.12,10.70,9.18,8.80,0,9.22,8.90,8.51,7.84,9.03,9.61,7.36,8.10,9.92,7.73,6.15,8.87,8.42,10.10,7.49,11.81,4.58,5.02,3.14,3.86,3.10,3.11,9.07,8.74,9.20,9.95,8.83,9.10,8.79,9.04,8.31,5.03,5.37,3.85,7.88,7.30,7.20,7.13,5.73,,5.20,5.31,4.91,4.97,5.77,6.76,7,6.36,6.55,6.85,4.80,,6.60,-3,11.10,9.40,10.20,,,,,,,8.90,9.60,,9,10.80,6.10,4.73,,,,,,,,9.30,9.50,8.10,5.20,4.30,,,,,8.60,,5.60,5.30,5.20,5.90,,,,7.80,,,4.90,,,5.90,6.30,5.50,6.50,7.90,6.20,
2008-12-01 19:30,9.40,10.01,7.98,8.83,5.60,7.94,9.08,9.10,4.45,6.90,6.35,5.26,3.32,6.95,5.66,6.91,5.18,1.14,3.80,5.78,3.21,3.23,4.45,,10.95,8.48,8.08,8.24,10.34,8.90,8.62,10.13,2.06,6.20,7.44,6.92,8.24,7.21,,7.13,0.80,-0.73,1.66,8.40,5.90,10.21,8.70,8.93,7.93,8.01,6.60,5.26,4.98,10.90,9.83,9.64,8.73,8.50,8.71,10.60,7.33,8.60,6.87,2.88,7.92,5.44,7.52,6.57,5.10,2.60,7.07,6.30,9.54,7.38,7.85,9.98,10.60,9.02,9.10,0,9.56,9.20,8.09,7.81,9.49,9.52,7.44,7.50,9.71,7.54,5.88,8.86,8.76,10.40,7.29,11.73,4.37,4.82,3.10,3.79,2.99,3.11,9.18,8.65,9.37,9.97,8.66,9.10,8.66,9.16,8.29,4.88,5.61,3.90,8.05,7.37,7.20,7.31,5.67,,5.20,5.39,4.80,4.82,5.69,6.89,7,6.49,6.65,6.94,4.90,,6.50,-3,10.80,9.60,10,,,,,,,9.10,9.40,,8.90,11,6,5.28,,,,,,,,9.10,9.50,7.90,5.10,4.20,,,,,8.50,,5.60,5.30,5.30,6.10,5.70,,,7.80,,,4.90,,,6,6.10,5.60,6.30,8.10,6.30,
2008-12-01 19:40,9.40,10.14,7.93,8.87,5.70,7.83,9.18,8.90,4.50,7.29,6.44,5.05,3.16,6.92,5.94,6.96,4.98,1.35,3.50,5.76,2.82,3.44,4.15,,11,8.65,8.05,8.22,10.20,8.70,8.52,9.83,2,6.13,7.11,6.76,8.19,7.01,,7.18,0.60,-0.81,1.79,8.30,6.80,9.57,8.70,8.81,7.76,7.94,6.49,5.27,5.03,10.87,9.74,9.37,8.68,8.50,8.87,10.31,7.42,8.20,6.90,2.81,7.29,5.42,7.39,6.20,5.10,2.32,6.51,5.97,9.37,7.34,7.77,10,10.40,8.97,8.80,0,9.60,9.20,8.24,7.83,9.61,9.16,7.82,6.90,9.78,7.27,5.73,8.91,9.27,11,7.15,11.49,4.19,4.63,3.20,3.77,3.02,3.10,9.19,8.60,9.71,10.07,8.52,9.10,8.70,9.12,8.20,4.92,5.58,3.82,8.01,7.39,7.30,7.41,5.67,,5.20,5.25,4.84,4.98,5.70,6.94,7,6.58,6.60,7.06,5.10,,6.20,-3,10.40,9.30,9.80,,,,,,,9.10,9.30,,9,11,5.80,5.46,,,,,,,,8.90,9.40,7.80,4.90,4.20,,,,,8.50,,5.50,5.40,5.30,5.90,5.80,,,7.90,,,5,,,6,6,5.70,6.30,8.20,6.20,
2008-12-01 19:50,9.30,10.28,7.94,8.88,5.70,8.41,9.25,8.80,4.43,7.53,6.84,4.93,3.45,7.02,6.08,6.93,4.94,1.49,3.10,5.90,3.18,3.34,4.07,,11.14,8.62,8.30,8.12,10.07,8.70,8.61,9.45,1.84,6.63,7.07,6.54,7.99,6.90,,7.14,0.60,-0.90,1.45,8.45,6.70,9.31,8.90,8.79,7.85,7.85,6.08,5.21,5.62,11.03,9.46,9.23,8.78,8.50,8.70,10.22,7.56,8.10,6.74,2.89,7.12,5.20,6.72,6.22,5,2.78,6.31,5.87,9.19,7.09,7.59,9.88,10.40,8.87,9,966.81,9.48,9.20,8.57,7.64,9.29,9.14,8.08,6.90,10.04,7.50,5.54,8.87,9.78,11,7.14,11.54,4.20,4.55,3.28,3.81,3.02,3.11,9,8.56,9.76,10.08,8.54,9.40,8.60,9.09,8.10,5.06,5.56,3.82,7.95,7.50,7.50,7.34,5.66,,5.30,5.05,4.87,5.02,5.74,6.92,6.90,6.71,6.64,7.14,5.20,,6.30,-3.10,10.10,9.30,9.50,,,,,,,8.90,9.20,,8.90,11,5.80,5.79,,,,,,,,8.80,9.20,7.70,4.80,4.20,,,,,8.70,,5.40,5.40,5.30,5.90,5.80,,,7.80,,,5,,,6,6,5.70,6.50,8.30,6.10,
2008-12-01 20:00,9.10,10.07,7.79,8.67,5.70,8.68,9.01,8.60,4.44,7.26,6.89,5.51,3.33,6.83,5.98,6.81,4.45,1.45,2.90,6.26,3.13,3.50,4.55,,11.06,8.53,8.32,8.08,10.03,8.60,8.48,9.52,1.71,7.66,6.85,6.35,7.87,6.74,,6.93,0.70,-0.78,1,8.46,7.30,9,8.60,8.70,7.87,7.79,5.92,4.93,5.80,10.92,9.02,9,8.83,8.70,8.86,9.91,7.28,7.80,6.53,2.93,7.03,5.04,6.09,6.02,4.90,2.91,6.13,5.64,9.27,6.84,7.57,9.97,10.20,8.68,8.90,0,9.30,9.30,8.65,7.71,9.06,9.23,8.27,7.10,10.18,7.92,5.61,8.67,10.19,11.10,7.21,11.39,4.20,4.48,3.32,3.83,3.02,3.14,9.16,8.42,9.76,10.04,8.61,9.60,8.42,9.02,7.80,5.11,5.50,3.78,7.96,7.55,7.60,7.54,5.57,,5.30,5.18,4.90,4.97,5.74,6.94,7,6.81,6.94,7.20,5.20,10.30,6.80,-3,10,9.30,9.50,2.90,8.40,-1.10,7.60,10.10,9.70,8.80,8.80,9.10,8.70,11,5.80,6.30,3.50,8.40,8.30,9.20,7.40,10.60,9.20,8.80,9,7.70,4.60,4.10,7.60,7.20,9.20,8.50,8.70,8.80,5.40,5.40,5.50,6.20,5.90,5.60,7.20,7.90,5.10,,5.10,6,6.60,5.90,6.20,5.90,6.60,8.40,6.10,4.90
2008-12-01 20:10,9.20,10.08,7.84,8.57,5.72,8.60,9.27,8.70,4.40,7.58,7,6.46,3.23,6.98,6.16,6.79,4,1.52,2.80,6.36,3.14,3.53,4.11,,11.15,8.26,7.96,7.88,9.94,8.40,8.54,9.67,1.54,8.59,6.77,6.23,7.93,6.69,,6.53,0.60,-0.94,1.25,8.57,6.70,8.89,8.50,8.53,7.62,7.80,5.93,4.81,4.87,10.88,9.09,9.11,8.77,8.60,9.10,9.99,7.25,7.90,6.57,2.96,6.98,5.24,5.51,6.02,4.80,2.89,5.92,5.58,9.81,6.72,7.52,9.86,10.20,8.54,8.82,0,9.07,9.40,8.75,7.83,8.57,9.22,8.11,7,10.26,8.18,5.61,8.77,10.40,10.80,7.11,11.09,4.12,4.40,3.34,3.79,3.01,3.22,9.17,8.41,9.54,9.78,8.65,9.60,8.32,8.89,7.70,5.12,5.61,3.72,7.92,7.53,7.90,7.49,5.47,,5.30,5.03,4.91,5.05,5.86,6.76,7,7,7.17,7.18,5.10,,6.40,-3.10,10.20,9.70,9.70,,,,,,,8.80,8.50,,8.60,10.80,5.80,6.34,,,,,,,,8.90,8.80,7.80,4.50,4.10,,,,,8.90,,5.30,5.40,5.50,6.20,6.10,,,7.90,,,5.10,,,6,6.40,5.90,6.60,8.40,6,
2008-12-01 20:20,9.40,10.17,7.85,8.61,5.64,8.53,9.27,9.20,4.50,7.70,7.07,6.79,3.27,6.96,6.38,7,3.90,1.24,2.80,6.33,2.62,3.22,3.88,,11.05,7.96,9,7.66,9.98,8,8.46,9.33,1.45,8.14,6.75,6.20,8.04,6.83,,6.47,0.50,-0.95,0.94,8.54,7.20,9.07,8.50,8.48,7.22,7.76,5.64,4.76,4.63,10.97,9.15,9.03,8.58,8.50,9,9.84,7.20,7.90,6.44,2.72,6.88,5.52,4.95,5.36,4.80,2.30,6.07,5.52,9.93,6.61,7.40,9.96,10.10,8.38,8.72,0,8.77,9.30,8.78,7.75,7.94,9.13,8.26,6.70,10.49,8.23,5.57,9.06,10.36,10.90,6.86,10.84,4.01,4.33,3.35,3.83,3.01,3.21,9.07,8.30,9.18,9.72,8.76,9.60,8.26,8.84,7.71,5.08,5.66,3.67,8.10,7.69,8,7.64,5.32,,5.20,5.11,4.80,5.23,5.83,6.67,7,7.19,7.43,6.85,5.10,,6.60,-3.20,10.20,9.60,9.60,,,,,,,8.80,8.20,,8.50,10.70,6.10,6.11,,,,,,,,8.90,8.60,7.50,4.40,4.10,,,,,8.90,,5.10,5.30,5.60,6.30,6.10,,,7.70,,,5.20,,,6,6.50,6,6.80,8.30,6.10,
2008-12-01 20:30,9.40,9.99,7.73,8.36,5.67,8.63,9.51,9.30,4.57,8.55,7.14,6.98,3.29,7,6.39,6.57,3.74,1.58,2.60,6.19,3.04,3.35,3.74,,11,7.98,8.99,7.54,9.81,7.90,8.43,9.13,1.38,7.76,6.64,6.02,8.08,6.73,,6.65,0.40,-0.93,1.09,8.32,7.40,8.96,8.30,8.47,7.54,7.85,5.38,4.60,4.46,10.93,9.04,9.20,8.68,8.30,8.75,9.72,7.16,7.70,6.29,2.67,6.77,5.44,5.07,4.52,4.70,1.15,5.95,5.23,9.98,6.52,7.33,9.87,10.20,8.46,8.68,0,8.67,9.20,8.67,7.56,7.22,9.04,8.25,6.70,10.27,8.03,5.44,9.09,10.21,10.80,6.90,10.86,3.97,4.27,3.35,3.73,3.03,3.14,9.64,8.29,9.04,9.63,8.83,9.50,8.20,8.84,7.58,5.05,5.72,3.58,8.19,7.72,8.10,7.51,5.47,,5.10,5.26,4.83,5.33,5.97,6.65,7,7.19,7.61,6.82,5.10,,6,-3.20,10.20,9.60,9.60,,,,,,,8.50,7.70,,8,10.80,6.10,5.62,,,,,,,,9.30,8.60,7.50,4.40,4,,,,,8.90,,4.90,5.20,5.60,6.40,6.20,,,7.70,,,5.30,,,6.10,6.50,6.10,6.80,8.30,6.20,
2008-12-01 20:40,9.50,9.87,7.91,8.23,4.81,8.42,9.53,9.40,4.69,9.08,7.09,6.92,3.34,7.07,6.31,5.70,4.17,1.31,2.90,6.15,2.65,3,5.95,,10.93,7.91,8.95,7.32,9.75,7.80,8.53,9.23,1.43,7.59,6.60,5.69,7.84,6.62,,6.24,0.40,-0.91,1.25,8.05,7.10,9.01,8.30,8.51,7.32,7.60,5.47,4.76,4.40,11.04,9.14,9.14,8.67,8.30,8.83,9.77,7.30,8,6.15,2.67,6.82,5.42,4.87,4,3.60,0.83,5.94,5.37,9.66,6.47,7.22,9.74,10,8.48,8.62,0,8.42,9.27,8.82,7.53,7.49,9.13,8.03,7,10.27,7.74,5.60,9.28,10.24,10.60,8.73,10.81,3.91,4.29,3.29,3.79,3.03,3.08,9.68,8.06,8.97,9.40,8.82,9.40,8.01,8.66,7.49,5.08,5.57,3.43,8.13,7.81,8.10,7.49,5.56,,5,5.32,4.94,5,6.01,6.69,7,7.18,7.63,6.92,5.20,,5.30,-3.10,10.10,9.20,9.60,,,,,,,8.30,7.60,,8.30,10.90,6.30,5.01,,,,,,,,9.40,8.60,7.40,4.60,4,,,,,8.90,,4.80,5.20,5.50,6.30,6.30,,,7.60,,,5.30,,,6.10,6.50,6.20,6.80,8.30,6.20,
2008-12-01 20:50,9.80,9.78,7.23,7.98,4.28,8.25,9.75,9.80,4.62,9.31,7.39,6.74,3.11,6.99,5.94,5.32,4.43,1.08,2.90,5.27,1.98,2.62,7.28,,10.60,7.56,8.87,7.22,9.57,7.70,8.45,9.04,1.67,7.77,6.70,5.78,7.79,6.57,,6.10,0.20,-0.99,0.99,7.75,7,8.92,7.80,8.50,7,7.41,5.44,5.03,4.72,10.99,9.14,9.12,8.98,8.40,8.71,9.60,7.26,7.90,6.17,2.49,6.72,5.34,4.52,3.73,3.10,0.61,5.72,5.36,9.75,6.59,7.11,10.07,9.90,8.28,8.50,0,8.37,9.27,8.97,7.90,8.04,9.15,7.95,7.90,10.17,7.63,5.61,9.45,10.22,10.50,9.94,10.66,3.85,4.32,3.47,3.88,3.08,2.91,9.47,8.09,8.82,9.43,9.01,9.20,7.97,8.66,7.49,5.21,5.56,3.42,8.21,8,8,7.44,5.64,,5,5.34,5,5.41,5.93,6.59,7,7.02,7.63,7.09,5.20,,5.60,-3.20,10,9.10,9.50,,,,,,,8.20,7.60,,8.20,10.80,6.60,4.80,,,,,,,,9.40,8.60,7.30,4.40,4,,,,,9.10,,4.80,5.10,5.50,6.20,6.30,,,7.50,,,5.40,,,6.20,6.50,6.10,6.70,8.40,6.30,
2008-12-01 21:00,9.60,9.50,6.64,7.78,4.32,8.37,9.89,9.60,4.74,9.57,7.15,6.61,3.05,6.43,5.74,5.50,5.04,0.80,2.90,4.77,2.02,2.31,6.93,,10.56,7.25,8.58,7.07,9.53,7.50,7.94,8.64,1.70,8.51,6.74,6.02,7.53,6.56,,6.09,0.20,-1.02,0.83,7.44,6.10,9.01,7.70,8.40,7.04,7.14,5.30,5.15,4.88,11.06,9.07,9.10,8.93,8.50,8.86,9.38,7.37,7.70,6.31,2.29,6.73,5.27,4.72,3.42,2.40,0.32,4.86,5.24,9.74,6.48,7,10.21,9.70,8.08,8.50,0,8.20,9.21,8.36,7.46,9.14,9.23,8.08,8.30,10.07,7.07,5.59,9.58,10.21,10.50,10.18,10.66,3.70,4.38,3.43,3.90,3.12,2.86,8.95,7.97,8.46,9.22,8.94,9.10,7.66,8.47,7.40,5.16,5.44,3.78,8.08,7.93,7.80,7.37,5.69,,5,5.46,5.01,5.18,5.86,6.63,7,6.94,7.36,7.16,5.20,9.50,5.30,-3.20,9.90,8.60,9.60,2.90,7.50,-2.60,7.40,9.80,9.30,8,7.80,10.20,8.10,10.80,6.80,4.50,3.50,7.90,9.50,8.40,7.50,9.90,8.30,9.50,8.60,7.40,4.30,4.10,7.30,7.90,9.30,8.10,9.10,8.70,4.80,5,5.50,6.10,6.50,6.20,7,7.50,5.70,6.30,5.40,6.40,6.90,6.20,6.40,6.40,6.70,8.40,6.30,5
2008-12-01 21:10,9.70,9.30,6.78,7.64,4.40,8.67,9.74,9.30,4.56,9.38,6.75,6.55,3.02,5.50,5.70,5.73,5.09,1.11,3.60,4.56,2.48,2.55,6.58,,10.25,7.50,8.38,6.87,9.63,7.30,7.59,8.39,2.12,7.90,6.48,6.36,7.47,6.54,,6.04,0.30,-0.92,0.83,7.34,5.60,8.97,7.50,8.20,7.12,7.07,5.19,5.28,6.66,10.90,9.09,9.15,8.75,8.30,8.86,8.97,7.31,7.60,6.31,2.40,6.76,5.07,4.60,3.13,1.80,-0.02,4.18,4.52,9.61,6.25,6.77,10.07,9.50,7.99,8.40,-201.51,8.18,8.90,7.97,7.26,9.51,9.09,8.19,8.50,10.09,6.74,5.45,9.65,10.23,10.60,9.98,10.75,3.66,4.32,3.51,3.85,3.07,2.89,8.65,8,8.57,8.96,8.80,8.90,7.47,8.30,7.27,5.20,5.48,3.86,7.95,7.95,7.90,7.34,5.65,,5.10,5.51,5.16,5.40,5.75,6.52,7,7.37,7.49,7.22,5.20,,5.70,-3.20,9.70,8.30,9.70,,,,,,,7.90,9,,8.10,10.70,6.90,4.49,,,,,,,,9.50,8.70,7.60,4.30,4.10,,,,,9,,4.80,4.80,5.50,6.10,6.50,,,7.40,,,5.40,,,6.30,6.50,6.40,6.80,8.40,6.30,
2008-12-01 21:20,10.10,9.24,6.96,7.95,4.69,8.80,9.56,9,4.41,8.75,6.27,6.73,2.94,5.53,5.65,5.79,5.10,1.06,4.20,4.68,2.40,2.28,6.33,,10.20,7.55,8.07,6.70,9.42,7.20,7.23,8.80,2.08,7.27,6.60,6.13,7.47,6.38,,5.71,0.30,-0.86,1.16,7.31,5.90,8.82,7.30,7.98,6.96,7.11,5.07,5.32,8.58,10.84,9.35,9.16,8.66,8.20,8.79,8.77,7.24,7.50,6.35,2.61,6.77,5.04,4.60,2.83,1.50,-0.29,3.86,3.58,9.59,5.98,6.77,9.82,9.40,8.01,8.20,-232.66,8.01,8.90,7.82,7.44,9.47,9.06,8.26,8.30,9.87,7.13,5.38,9.67,10.11,10.60,9.90,10.61,3.64,4.30,3.57,3.80,3.12,2.94,8.33,7.97,8.55,8.75,8.63,8.90,7.54,8.24,7.24,5.15,5.64,4.23,7.74,7.90,8,7.26,5.67,,5.20,5.56,5.29,5.19,5.75,6.39,7,7.42,7.69,7.19,5.20,,5.40,-3.10,9.50,8.20,9.50,,,,,,,7.40,9.10,,8.40,10.70,7.20,4.49,,,,,,,,9.60,8.60,7.80,4.30,4.10,,,,,8.80,,4.80,4.70,5.50,6.10,6.60,,,7.30,,,5.40,,,6.40,6.40,6.40,6.80,8.40,6.30,
2008-12-01 21:30,9.90,9.44,7.08,8.12,4.78,8.47,9.28,9,4.17,7.98,6.36,6.52,2.75,6.04,5.74,5.77,5.18,1.05,4.20,4.42,2.35,1.98,5.78,,9.92,7.39,8.13,6.69,9.29,7.10,6.77,8.93,1.81,6.46,6.27,5.98,7.42,6.17,,5.86,0,-1.07,0.74,7.63,5.90,8.52,7.20,7.88,6.97,7.12,5.07,5.66,9.30,10.83,9.23,9.15,8.75,8,8.78,8.90,7.16,7.50,6.47,2.62,6.81,5.22,4.66,2.83,1.30,-0.44,3.59,2.94,9.53,4.94,6.73,9.66,9.30,7.99,8.10,-27.80,7.82,8.90,7.95,6.78,9.64,9.04,8.22,8.20,9.70,7.88,5.32,9.65,9.97,10.60,9.61,10.34,3.68,4.34,3.66,3.73,3.14,3.02,7.68,7.99,8.38,8.64,8.48,8.80,7.58,8.24,7.18,5.11,5.68,4.42,7.53,7.88,8,7.03,5.73,,5.20,5.49,5.15,5.13,5.86,6.47,7,7.46,7.85,7.24,5.20,,4.70,-3.30,9.30,8.10,9.40,,,,,,,7.60,9.20,,8.80,10.50,7.50,4.49,,,,,,,,9.60,8.50,8,4.10,4.20,,,,,8.50,,4.80,4.70,5.40,6,6.60,,,7.10,,,5.50,,,6.40,6.40,6.30,7,8.40,6.30,
2008-12-01 21:40,9.90,9.49,7.04,8.23,4.90,8.40,9.26,9.20,4.07,7.95,6.61,6.37,2.57,5.90,5.75,5.83,4.93,1.02,4.30,4.17,2.37,2.15,5.27,,9.96,6.85,10.36,6.42,9.05,7,6.43,8.82,1.64,6.31,6.29,5.83,7.35,6.21,,5.79,-0.10,-1.36,0.89,7.78,5.40,8.32,7.30,7.73,6.83,7.09,5.04,5.86,9.57,10.66,9.19,9.08,8.39,7.80,8.53,9.25,7.02,7.60,6.39,2.48,6.76,5.24,4.43,2.88,1.40,-0.59,3.31,2.97,9.44,4.40,6.60,9.68,9.20,8.11,7.90,-40.46,7.61,8.80,8.10,6.44,10.28,8.83,8.08,8.20,9.64,6.84,5.15,9.50,9.96,10.70,9.30,9.95,3.64,4.33,3.68,3.68,3.13,3.05,6.86,7.95,8.36,8.66,8.29,8.70,7.56,8.17,7.11,5.06,5.78,4.66,7.46,7.77,7.70,7.05,5.63,,5.40,5.46,5.22,5.14,5.82,6.51,7,7.44,7.88,7.25,5.10,,4.40,-3.60,8.80,8,9.30,,,,,,,7.60,9.50,,8.90,10.20,7.40,4.62,,,,,,,,9.40,8.40,7.80,4,4.20,,,,,8.60,,4.80,4.70,5.40,6.30,,,,6.90,,,5.40,,,6.40,6.30,6.60,7.20,8.50,6.30,
2008-12-01 21:50,9.70,9.43,6.90,8.22,5,8.81,9.27,9.20,4.12,8.12,6.74,5.77,2.41,5.68,5.65,5.76,4.27,0.75,4.10,4.55,1.99,2.14,5.12,,9.90,7.40,10.48,6.24,8.86,7,6.20,8.83,1.53,6.46,6.15,5.76,7.40,6.38,,5.89,-0.20,-1.50,1.03,7.63,5.70,7.96,7.50,7.65,6.63,7.21,5.22,6.24,9.96,10.44,9,8.83,8.22,7.80,8.77,9.45,6.96,7.70,6.33,2.44,6.62,5.11,4.22,2.78,1.40,-0.52,3.05,2.93,9.39,3.96,6.52,9.66,9.10,8.31,7.80,0,8.82,8.70,8.59,7.35,10.13,8.82,7.88,8.10,9.36,6.35,5.12,9.47,9.97,10.30,9.06,9.80,3.55,4.46,3.67,3.70,3.15,3.20,6.12,7.83,8.19,8.42,8.17,8.70,7.53,8.14,7.07,5.09,6.04,4.70,7.44,7.67,7.60,7.02,5.58,,5.40,5.50,5.31,5.25,5.68,6.38,7,7.45,7.86,7.20,5.10,,5.70,-3.80,8.90,8,9.30,,,,,,,7.90,9.30,,9.10,10,6.70,4.73,,,,,,,,9.30,8.40,7.80,3.80,4.20,,,,,8.70,,4.90,4.70,5.50,6.40,6.60,,,6.80,,,5.50,,,6.30,6.30,6.60,7.20,8.40,6.40,
2008-12-01 22:00,9.60,9.42,6.85,8.19,4.87,8.95,9.31,9.30,4.24,8.33,6.62,5.66,2.18,5.66,5.46,5.78,3.67,0.80,3.90,4.49,1.73,1.83,4.84,,9.71,8.12,9.51,6.34,8.69,7.20,5.89,8.80,1.33,6.70,5.94,5.81,7.38,6.27,,5.93,-0.30,-1.67,0.98,7.77,5.80,8.63,7.50,7.66,6.49,7.16,5.60,8.57,9.73,10.14,8.50,8.69,8.17,7.70,8.85,9.15,7.02,7.50,6.40,2.30,6.60,4.95,4.21,2.72,1.40,-0.57,2.99,2.85,9.28,3.56,6.38,9.52,8.80,8.20,7.50,0,9.28,8.60,8.65,8.04,9.91,8.72,8.13,7.80,9.06,7.02,5.19,9.44,9.81,10.10,9.05,9.68,3.74,4.58,3.68,3.74,3.11,3.16,5.99,7.55,8.04,8.23,8.01,8.60,7.48,8.07,6.90,5.10,6.05,4.71,7.42,7.51,7.60,6.66,5.52,,5.50,5.54,5.32,5.39,5.64,6.58,6.70,7.49,7.99,7.10,5.20,9.20,5.20,-3.80,8.90,8,9.20,2.90,5,-4.40,6.90,9.40,8.70,8,9.30,9.50,9.40,10,5.60,4.20,,7.70,8.70,8,9.20,9.40,8.50,9.20,8.30,7.70,3.80,4.30,6,7.20,8.80,9,8.60,8.70,5,4.70,5.60,6.90,6.70,6,6.90,6.30,5.60,,5.40,6.50,7,6.30,6.20,6.40,7.20,8.30,6.30,5.20
2008-12-01 22:10,9.60,9.42,6.80,8.15,4.80,8.56,9.38,9.30,4.23,8.46,6.69,5.95,2.01,5.85,5.64,5.55,3.62,0.94,3.70,4.43,1.22,1.75,5.31,,9.51,8.86,8.92,6.16,8.40,7.20,5.95,8.96,1.14,6.21,5.77,5.92,7.47,6,,6.45,-0.30,-1.64,0.79,7.84,5.50,8.91,7.60,7.64,6.31,7.14,5.69,9.64,9.20,10.06,8.24,8.90,8.37,7.70,8.62,8.90,7.08,7.40,6.28,2.34,6.53,4.88,4.12,2.71,1.30,-0.65,2.92,2.85,9,3.22,6.32,9.39,8.40,7.79,7.50,0,9.32,8.70,8.88,8.24,9.60,8.91,8.59,7.40,8.75,7.31,5.58,9.32,9.99,10,9.47,9.60,3.81,4.58,3.55,3.71,3.03,3.31,6.10,7.65,8,8.17,7.76,8.40,7.09,8.06,6.95,4.95,6.15,4.76,7.59,7.39,7.70,6.87,5.45,,5.60,5.42,5.30,5.23,5.61,6.66,6.60,7.53,7.99,7.02,5.20,,5.10,-3.90,8.60,8,9.20,,,,,,,8.10,9.40,,9.30,9.70,5.60,4.47,,,,,,,,9.10,7.90,7.60,3.70,4.30,,,,,8.60,,5,4.70,5.70,6.90,6.80,,,6.30,,,5.50,,,6.30,6.60,6.50,7.10,8.30,6.30,
2008-12-01 22:20,9.60,9.28,6.69,7.95,4.70,8.36,9.28,9.10,4.22,8.79,6.55,6.02,1.90,5.91,5.61,5.43,3.42,0.90,3.50,4.43,1.50,1.75,5.84,,9.49,9.09,9.07,5.95,8.04,7.10,6.33,8.94,0.85,5.44,5.69,5.41,7.46,5.85,,6.69,,-1.58,0.83,7.93,5.60,8.77,7.60,7.66,6.70,7.05,6.21,9.75,9.19,10.04,8.35,8.89,8.38,7.60,8.44,8.95,6.94,7.40,6.21,2.36,6.53,4.86,3.74,2.63,1.30,-0.86,2.83,2.76,8.54,3.23,6.26,9.26,8.50,7.66,7.50,0,9.28,8.70,8.80,8.19,9.69,8.90,8.73,7.70,8.38,7.15,5.91,9.42,9.97,9.80,9.54,9.54,3.96,4.53,3.45,3.62,3.01,3.41,5.97,7.40,8.08,8.12,7.56,8.20,7.21,8.02,7.01,4.88,6.03,4.63,7.63,7.38,7.70,6.90,5.48,,5.60,5.38,5.35,5.33,5.79,6.71,6.40,7.49,7.86,6.86,5.30,,4.50,-3.90,8.40,8.10,9.20,,,,,,,8.10,9.40,,9.40,9.50,5.40,4.51,,,,,,,,9,7.80,7.50,3.80,4.30,,,,,8.80,,4.90,4.70,5.60,7,,,,6.10,,,5.40,,,6.40,6.60,6.40,7.20,8,6.20,
2008-12-01 22:30,9.50,9.29,6.58,7.99,4.70,8.23,9.38,9.10,4.12,8.85,6.50,6.03,1.96,5.94,5.45,5.37,3.43,0.88,3.50,4.09,1.53,1.47,6.08,,9.34,9.18,9.27,5.77,7.61,7.40,7.47,8.99,0.57,5.07,5.29,5.17,7.57,5.98,,6.46,-0.30,-1.56,0.95,7.88,5.70,8.69,7.80,7.62,6.71,6.95,6.04,9.67,9.77,9.93,8.43,8.77,8,7.60,8.47,9.07,6.93,7.60,6.22,2.34,6.59,4.95,3.63,2.53,1.10,-0.88,2.64,2.75,7.73,3.35,6.32,9.30,8.40,7.53,7.40,0,9.29,8.60,8.60,8.18,9.44,8.97,8.92,7.60,7.97,8.05,6.02,9.32,9.83,9.50,9.34,9.37,4.30,4.46,3.54,3.66,2.82,3.42,5.71,7.81,8.33,7.98,7.47,8,7.41,7.89,6.78,4.80,6.11,4.85,7.56,7.35,7.80,6.57,5.50,,5.60,5.31,5.40,5.02,5.97,6.80,6.50,7.45,7.84,6.86,5.40,,5,-4.10,8.50,8.10,8.90,,,,,,,8.10,9.30,,9.30,9.30,5.80,4.59,,,,,,,,9,8,7.50,3.90,4.40,,,,,8.60,,4.90,4.80,5.60,7.10,6.70,,,6.10,,,5.40,,,6.40,6.60,6.50,7.30,7.90,6.20,
2008-12-01 22:40,9.40,9.10,6.59,7.92,4.70,8.13,9.29,9.10,4,9.03,6.58,6.13,1.88,5.84,5.46,5.34,3.35,0.61,3.20,4.17,2.03,1.59,5.90,,9.35,9.50,9.31,5.89,7.43,7.40,8.16,8.82,0.50,4.64,4.80,5.48,7.72,5.70,,7.19,,-1.67,0.72,8.32,5.60,8.66,7.30,7.70,6.73,6.83,6.24,9.66,9.72,9.91,8.51,8.76,7.95,7.60,8.53,9.17,6.96,7.70,6.33,2.30,6.47,4.91,3.73,2.42,1.10,-1.05,2.43,2.49,7,3.26,6.21,8.99,8.40,7.43,7.20,0,9.18,8.60,8.35,8.26,8.75,9.02,8.86,7.70,7.98,8.35,6.07,9.28,9.77,9.40,9.55,9.39,4.32,4.52,3.58,3.67,2.81,3.40,5.62,8.13,8.32,8,7.44,7.80,7.43,7.66,6.56,4.80,6.07,4.80,7.46,7.19,7.80,6.40,5.46,,5.60,5.21,5.41,4.90,5.90,6.92,6.40,7.38,7.62,6.86,5.40,,5,-4.10,8.70,8.10,8.60,,,,,,,8.20,9.30,,9.10,9.20,6,4.59,,,,,,,,8.80,8.20,7.50,3.90,4.50,,,,,8.70,,4.70,4.80,5.70,7.20,6.70,,,6.20,,,5.30,,,6.40,6.60,6.50,7.50,7.80,6.20,
2008-12-01 22:50,9.40,9.21,6.44,7.99,4.90,8.19,9.35,9,3.92,9.15,6.51,6.16,1.78,5.80,5.63,5.55,3.09,0.75,3.30,4.68,1.96,1.76,5.95,,9.21,9.54,10.27,5.87,7.57,7.60,8.51,8.73,0.49,4.49,4.93,5.31,7.53,5.70,,7.33,-0.40,-1.83,0.77,8.39,5.50,8.58,7.20,7.53,6.60,6.83,6.27,9.89,9.79,9.91,8.31,8.62,8.09,7.60,8.75,9.37,6.95,7.90,6.61,2.23,6.62,4.99,3.60,2.37,1,-1.09,2.31,2.35,6.66,3.25,6.04,8.75,8.20,7.38,7.20,0,9.03,8.60,7.99,8.23,7.70,8.90,8.29,7.60,8.19,8.42,6.16,8.97,9.59,9.30,9.38,9.38,4.20,4.66,3.73,3.70,2.78,3.19,5.41,8.23,8.43,8.04,7.34,7.90,7.13,7.62,6.32,4.81,6.23,5.03,7.35,7.03,7.90,6.23,5.61,,5.60,5.14,5.34,4.93,5.94,7.22,6.20,7.50,7.76,6.77,5.30,,5.10,-4.20,9,8,8.50,,,,,,,8.40,9.20,,8.80,8.90,6.30,4.97,,,,,,,,8.70,7.90,7.50,4.10,4.50,,,,,8.60,,4.70,4.80,5.80,7.50,,,,6.20,,,5.20,,,6.40,6.90,6.60,7.60,7.70,6.20,
2008-12-01 23:00,9.20,9.30,6.34,8.03,4.80,8.06,9.24,9,3.84,9.08,6.47,6.33,1.85,5.90,5.93,5.63,2.77,0.58,3.90,4.82,1.92,1.93,5.77,,9.10,9.34,10.41,5.81,7.48,6.90,8.78,8.60,0.38,3.84,5.12,5.13,7.68,5.28,,7.42,-0.50,-1.89,0.73,8.47,5.60,8.57,7.10,7.41,6.49,6.86,6.26,9.76,9.97,9.87,8.27,8.51,8.41,7.60,8.77,9.58,7.19,7.90,6.67,2.30,6.68,5.05,3.86,2.35,0.90,-1.20,2.35,2.38,6.51,3.25,5.81,8.26,8.30,7.34,7.10,0,8.90,8.70,6.99,8.31,6.12,8.65,8,7.20,8.30,8.44,5.96,8.73,9.41,9.20,9.22,9.43,4.20,4.78,3.92,3.78,3.03,3.07,5.35,7.85,8.24,8.01,7.29,7.80,7.04,7.63,6.41,4.80,6.37,5.31,7.31,6.81,7.90,6.14,5.70,,5.60,5.16,5.35,5.24,5.91,7.32,6.30,7.38,7.46,6.68,5.20,8.40,5,-4.30,9.60,8.10,8.60,2.80,4.40,-5.20,5.60,8.70,8.10,8.30,8.90,9.40,8.80,8.90,6,8.20,3.50,5.60,6.70,8.30,9.20,8.90,8.90,8.40,8,7.40,4.30,4.60,4.50,7.10,8.60,8.80,8.30,8,4.60,4.80,6,7.50,6.90,5.80,6.90,6,5.50,5.80,5.20,6.70,7,6.70,7,6.60,7.70,7.70,6.20,5.30
2008-12-01 23:10,9.10,9.30,6.49,7.95,4.90,8.22,9.22,8.90,3.98,9.14,6.45,6.43,2.03,5.93,5.82,5.51,2.60,0.63,4.30,5.21,1.60,2.13,5.86,,8.95,8.98,10.44,5.99,7.55,7.30,8.72,8.87,0.48,3.33,4.83,4.89,7.95,5.45,,7.30,-0.60,-1.84,0.73,8.81,5.70,8.53,7,7.25,6.61,6.56,6.27,9.71,9.93,9.79,8.16,8.57,8.65,6.90,9.10,9.60,7.20,8.10,6.62,2.31,6.95,5.15,3.57,2.22,0.80,-1.33,2.50,2.36,6.39,3.14,5.58,7.35,8.20,7.23,7,0,8.71,8.50,6.62,8.30,7.47,8.72,7.88,7.20,8.28,8.79,6.02,8.62,9.21,9.20,9.20,9.21,4.12,4.59,4.21,3.76,3.04,3.05,5.31,7.41,8.25,7.90,7.16,7.90,6.88,7.62,6.50,4.75,6.46,5.50,7.22,6.70,7.80,5.94,5.67,,5.60,5.29,5.28,5,5.83,7.19,6.30,7.14,7.46,6.39,5.30,,4.60,-4.20,9.70,8.10,8.80,,,,,,,8.50,8.80,,8.90,8.90,6,8.56,,,,,,,,8.40,8.30,7.10,4.70,4.60,,,,,8.30,,4.40,4.80,6.10,7.50,6.90,,,6,,,5.10,,,6.80,7,6.60,7.70,7.70,6.20,
2008-12-01 23:20,9,9.21,6.50,8.13,4.90,8.17,9.16,9,3.94,9.19,6.34,6.30,2.11,5.85,5.77,5.51,2.65,0.66,4.50,4.98,0.99,2.16,5.89,,8.94,8.92,10.35,5.96,8.20,7.20,8.75,8.66,0.38,2.74,4.28,4.42,7.54,5.54,,7.06,-0.50,-1.90,0.79,8.73,5.50,8.41,7.10,7.05,6.47,6.57,6.34,9.63,9.81,9.83,8.20,8.80,8.33,6.40,8.93,9.66,7.05,8.10,6.63,2.25,7.01,5.09,3.22,2.12,0.80,-1.45,2.34,2.20,6.33,3.08,5.23,7.19,8,7,6.90,0,8.60,8.50,6.90,8.32,8.67,8.78,7.80,6.90,8.38,8.63,5.97,8.50,9.02,9.10,9.24,9.16,4.05,4.33,4.33,3.74,3.03,2.87,5.37,7.06,8.06,7.68,6.98,8,6.68,7.58,6.55,4.69,6.59,5.75,7.45,6.66,7.70,5.81,5.61,,5.60,5.28,5.15,4.98,5.91,7.32,6.50,7.24,7.62,6.26,5.30,,4.70,-4.20,9.40,8.20,8.90,,,,,,,8.30,8.80,,8.70,9,5.60,9.24,,,,,,,,8.30,8.10,7.20,5,4.60,,,,,8.30,,4.30,4.80,6.20,7.50,7,,,6.10,,,5.10,,,7,7,6.60,7.80,7.70,6.30,
2008-12-01 23:30,9,9.09,6.51,8.15,4.80,8.25,9.06,8.90,3.87,9.01,6.39,6.46,2.09,5.87,5.72,5.52,3.09,0.25,4.40,4.63,1.05,2.38,5.80,,8.86,9.13,9.77,6.03,8.49,7.30,8.86,8.58,0.15,3.05,4.19,4.48,7.69,5.45,,6.54,-0.50,-1.81,0.73,8.75,5.30,8.45,6.90,6.97,6.18,6.38,6.26,9.39,9.76,9.16,8.46,8.94,7.07,6.20,8.74,9.70,6.18,8.50,6.48,2.23,7.04,4.97,3.19,2.04,0.70,-1.38,2.20,2.16,6.28,3.03,4.96,7.07,7.90,6.72,6.60,0,8.54,8.50,6.58,8.18,8.60,8.92,7.82,7.20,8.22,8.33,5.93,8.53,8.87,9,9.18,9.31,4.03,4.28,4.33,3.66,3,2.70,5.24,6.89,7.85,7.61,7.23,7.70,6.62,7.57,6.49,4.70,6.58,5.79,7.82,6.57,7.60,5.63,5.62,,5.60,5.17,5.23,4.94,5.76,7.23,6.60,7.36,7.49,6.33,5.40,,4.50,-4.20,9.60,7.80,7.30,,,,,,,8.20,8.60,,8.80,9.10,5.50,9.23,,,,,,,,8.10,8,7.10,4.90,4.70,,,,,8.40,,4.20,4.80,6.30,7.30,7,,,6.20,,,5.10,,,6.90,7.20,6.60,7.90,7.50,6.20,
2008-12-01 23:40,8.80,9.08,6.43,8.15,4.80,8.54,9.08,8.70,4.10,8.79,6.33,6.55,1.93,5.85,5.83,5.39,3.44,0.23,4.60,4.53,0.82,2.28,6.11,,8.19,9.03,9.14,5.84,8.44,7.40,8.85,8.83,0.15,3.15,4.61,4.92,7.88,5.42,,6.53,-0.40,-1.82,0.74,8.52,5.50,8.40,6.90,6.97,6.10,6.23,6.22,9.06,9.20,8.56,8.60,8.72,6.59,6.10,8.28,9.82,5.65,8.50,5.87,2.23,7.12,4.98,3.21,1.99,0.70,-1.41,2.23,2.02,6.23,3.07,4.62,6.83,7.80,6.73,6.40,0,8.36,8.30,6.46,8.22,7.58,8.93,7.75,6.90,7.95,8.02,5.75,8.69,8.81,9,9.33,9.45,4.08,4.09,4.19,3.72,3.07,2.46,5.20,6.75,7.53,7.58,8.36,7.70,6.65,7.35,6.51,4.63,6.66,5.87,8.15,6.43,7.70,5.45,5.57,,5.60,5.14,5.20,4.96,5.71,7.44,6.60,7.15,7.11,6.24,5.30,,4.80,-4.30,9.90,7.80,6.50,,,,,,,8.20,8.10,,8.50,9.10,5.30,9.30,,,,,,,,8.10,8,7,4.80,4.70,,,,,8.50,,4.10,4.90,6.30,7.40,6.90,,,6.30,,,5,,,6.90,7.20,6.70,7.90,7.50,6.20,
2008-12-01 23:50,8.60,9,6.29,8,4.70,8.54,9.12,8.70,3.97,8.72,6.36,6.58,1.89,5.88,5.76,5.20,3.76,0.29,4.90,4.50,1.09,2.42,6.16,,7.03,8.86,7.99,5.75,8.28,7.70,8.66,8.72,0.13,2.59,5.31,5.53,8.10,5.29,,6.41,-0.40,-1.81,0.72,8.31,5.50,8.55,6.80,6.88,5.99,5.97,6.02,8.80,7.94,8.24,7.33,7.62,6.36,6,7.50,9.67,5.35,8.30,5.45,2.23,7.12,4.87,3.21,1.94,0.70,-1.36,2.14,1.92,6.12,2.96,4.53,6.70,7.70,6.62,6.40,0,8.16,8.10,6.77,7.90,6.33,8.92,7.53,6.80,7.77,8,5.74,8.79,8.82,9,9.31,9.61,4.11,4,4.19,3.66,3.01,2.43,5.08,6.65,7.63,7.78,8.40,7.60,6.67,7.21,6.42,4.56,6.73,6.06,8.36,6.29,7.50,5.49,5.53,,5.50,4.76,4.95,4.97,5.75,7.43,6.60,6.84,6.98,6.15,5.30,,4.80,-4.30,10,7.70,6.40,,,,,,,8.10,8,,8.30,9.10,5.50,9.39,,,,,,,,7.90,8.50,6.90,4.60,4.70,,,,,8.40,,4,4.90,6.20,7.40,,,,6.20,,,5,,,6.90,7.40,6.80,7.90,7.30,6.20,
2008-12-02 00:00,8.40,8.74,6.27,7.89,4.60,8.58,9.01,8.90,4.07,8.71,6.45,6.56,2.11,5.77,5.77,5.18,4.18,0.08,5,4.46,1.27,2.02,6.15,,6.84,9,7.75,6.05,8.28,7.90,8.55,8.71,0.13,2.67,4.58,5.56,8.06,5.35,,6.43,-0.60,-1.83,0.49,8.26,5.70,8.47,6.70,6.72,6.07,5.96,6.07,8.55,7.58,8.11,6.45,7.16,6.18,5.90,7.04,8.52,5.33,8.20,5.24,2.20,7.12,4.71,2.99,1.89,0.60,-1.37,1.91,1.93,5.88,2.86,4.51,6.68,7.60,6.52,6.20,0,8.19,8,6.83,7.77,6.84,8.82,7.44,7.30,7.67,7.88,5.66,8.65,8.76,9,9.42,9.75,4.30,3.97,4.34,3.58,3.18,2.58,4.97,6.40,7.73,7.74,8.21,7.70,6.48,6.94,6.60,4.63,6.77,6.38,8.51,6.29,7.30,5.60,5.38,,5.40,4.66,4.88,4.74,5.75,7.45,6.70,6.68,6.96,5.95,5.30,8.20,4.60,-4.30,10,7.50,6.40,,3.90,-5.50,5,7.60,7.60,8,7.90,10.10,7.60,9.10,5.80,9.70,,4.40,6.40,6.70,7.10,8.40,8,8,8.50,6.70,4.60,4.60,3.50,6.30,8.40,8.40,8.40,7.60,3.90,5,6.20,7.40,6.80,,6.90,6,5.80,,4.90,6.70,7,6.80,7.30,6.60,7.70,7.30,6.20,5.20
2008-12-02 00:10,8.30,8.56,6.17,7.77,4.50,8.66,8.93,8.90,3.97,8.73,6.36,6.28,2.17,5.75,5.63,5.04,4.17,0.08,4.80,4.33,0.93,1.74,6.30,,6.42,8.96,7.43,6.34,8.07,7.40,8.50,8.69,0.21,2.42,3.78,5.41,8.20,5.44,,6.42,-0.70,-1.75,0.26,7.77,5.50,8.23,6.50,6.86,5.82,5.94,5.94,8.41,7.20,7.77,6.16,7.08,6.22,5.80,6.94,8.05,5.14,8.10,5.05,2.17,7.02,4.67,2.88,1.96,0.60,-1.43,1.77,1.51,5.82,2.71,4.53,6.83,7.40,6.35,6.10,-153.19,8.15,7.90,6.85,7.57,7.83,8.74,7.25,7.20,7.27,7.81,5.68,8.43,8.55,9,9.64,9.84,4.29,4.24,4.40,3.57,3.27,2.62,4.81,6.34,7.58,7.71,8.01,7.90,6.52,6.88,6.71,4.60,6.71,6.78,8.65,6.23,7.10,5.64,5.52,,5.30,4.66,4.94,4.92,5.81,7.40,7,6.60,6.97,6.04,5.30,,5,-4.30,10,7.10,6.10,,,,,,,8,7.90,,7.60,9,5.80,9.24,,,,,,,,8,8.50,6.60,4.60,4.60,,,,,8.20,,4,5,6.20,7.40,7,,,6.10,,,4.80,,,6.90,7.30,6.60,7.70,7.30,6.30,
2008-12-02 00:20,8.30,8.54,6.02,7.67,4.30,8.65,8.68,8.90,3.93,8.67,6.35,6.18,2.26,5.80,5.43,4.98,4.04,0.06,4.90,4.22,0.79,1.75,6.17,,5.16,8.95,8.17,6.24,7.84,7.70,8.51,8.73,0.17,1.86,3.13,4.92,7.95,4.92,,6.35,-0.70,-1.78,0.55,7.85,5.20,8.24,6.50,6.95,5.79,5.88,6.03,8.32,6.98,7.72,6.24,7.02,6.51,5.80,6.68,7.73,5.28,7.90,4.98,2.02,6.95,4.58,2.85,1.99,0.50,-1.53,1.61,1.26,5.78,2.67,4.38,6.67,7.20,6.25,5.90,-208.14,8.11,7.80,7.77,7.41,8.27,8.64,7.12,6.70,6.95,7.54,5.65,8.17,8.52,8.90,9.58,9.59,4.13,4.51,4.48,3.53,3.30,2.78,4.77,6.04,7.60,7.72,7.95,7.80,6.43,6.86,7.02,4.50,6.69,6.98,8.88,6.23,6.90,5.59,5.42,,5.30,4.63,4.97,4.55,5.87,7.45,6.90,6.59,6.87,6.03,5.30,,4.30,-4.30,9.90,7.50,6.20,,,,,,,8,8.10,,7.50,8.70,6.20,9.26,,,,,,,,7.90,8.40,6.40,4.50,4.50,,,,,8,,4.10,5,6.10,7.30,7.10,,,6,,,4.70,,,7,7.30,6.50,7.80,7.20,6.30,
2008-12-02 00:30,8.30,8.40,5.94,7.57,4.30,8.49,8.63,8.80,3.91,8.42,6.26,6.20,2.11,5.75,5.47,4.92,3.99,0.20,4.90,4.37,0.79,1.74,6,,6.21,9,7.58,6.33,8.73,7.40,8.43,8.81,0.05,1.73,2.88,5.05,8.03,4.52,,6.31,-0.60,-1.81,0.61,8.04,4.60,8.37,6.70,6.91,5.57,5.88,6.42,7.94,6.58,7.52,6.36,6.93,6.47,5.80,6.68,7.18,5.37,7.90,4.99,1.98,6.91,4.54,2.85,2.03,0.60,-1.42,1.47,1.17,5.66,2.73,4.27,6.61,7,6.19,5.80,-226.08,8.09,7.80,8.02,7.20,9.51,8.54,7.32,5.60,6.92,8.44,5.49,8.05,8.52,8.90,9.13,9.39,4.28,4.76,4.19,3.68,3.30,2.96,4.75,6.13,7.40,7.65,7.83,7.40,6.27,6.72,7.05,4.45,6.70,7.02,8.47,6.10,6.80,5.75,5.57,,5.20,4.66,4.99,4.79,5.61,7.39,6.80,6.49,6.65,6.14,5.30,,4.30,-4.40,9.70,7.70,6.20,,,,,,,7.90,7.80,,7.40,8.60,6.30,9.16,,,,,,,,7.90,8.60,6.30,4.40,4.40,,,,,7.90,,4.10,5.20,6.10,7.10,7.20,,,5.80,,,4.70,,,7,7.40,6.50,7.80,7.20,6.40,
2008-12-02 00:40,8.20,8.31,5.85,7.45,4.10,8.33,8.59,8.70,3.86,8.23,6.06,6.04,2.09,5.58,5.29,4.65,4.09,-0.27,5.10,4.22,0.69,1.66,5.92,,6.63,8.86,7.82,6.26,9.10,7.70,8.38,8.76,0.10,1.97,2.89,4.98,7.95,4.17,,6.29,-0.70,-1.81,0.60,7.76,5,8.42,6.80,6.93,5.78,6.14,6.24,7.77,6.33,7.60,6.42,6.96,6.68,5.60,6.65,6.94,5.28,8,5.04,1.99,6.79,4.50,3.04,2.09,0.60,-1.38,1.41,0.82,5.55,2.75,4.28,6.71,6.90,5.89,5.50,-233.74,7.95,7.60,7.97,7.18,9.77,8.26,7.44,6.60,7.08,8.84,5.31,8.11,8.41,8.70,9.05,9.31,4.52,4.95,4.13,3.62,3.29,3.01,4.68,5.98,7.52,7.64,7.94,7.40,6.25,6.71,6.96,4.50,6.62,7.20,8.19,6.06,6.80,5.91,5.48,,5.20,4.80,4.94,4.70,5.52,7.24,6.90,6.34,6.79,6.20,5.30,,4.20,-4.40,9.60,7.70,6.20,,,,,,,7.80,7.80,,7.50,8.80,6.70,8.98,,,,,,,,7.80,8.40,6.30,4.30,4.50,,,,,7.90,,4.10,5.20,6,7,7.20,,,5.80,,,4.70,,,6.80,7.40,6.60,7.80,7.30,6.40,
2008-12-02 00:50,8.10,8.26,5.82,7.36,4,8.29,8.66,8.60,3.73,8.28,5.87,5.88,2.08,5.33,5.28,4.29,4.19,0.08,5.20,4.07,0.97,1.46,5.74,,4.81,8.74,8.31,5.89,8.75,7.70,8.40,9.04,0.22,1.75,2.24,4.97,7.79,3.56,,6.25,-0.70,-1.75,0.46,8.07,5.20,8.58,7,6.92,5.95,5.86,6.07,7.79,6.17,7.65,6.47,6.99,6.62,5.70,6.86,7.53,5.30,8.10,5.38,1.95,6.70,4.54,2.89,1.96,0.60,-1.49,1.53,0.96,5.52,2.57,4.35,6.54,6.90,5.75,5.30,-245.66,7.85,7.50,7.52,7.28,9.69,8.11,7.44,6.50,6.88,8.82,5.33,7.96,8.36,8.40,8.79,9.28,4.51,5.06,4.03,3.54,3.17,2.69,4.58,5.77,7.32,7.24,7.81,7.40,6.22,6.66,6.91,4.50,6.58,7.13,8.16,6.04,6.90,6.08,5.40,,5.10,4.73,4.83,4.73,5.46,7.22,7,6.31,6.64,6.19,5.30,,4.30,-4.30,9.60,7.70,6.20,,,,,,,7.50,7.90,,7.20,8.80,6.60,8.68,,,,,,,,7.80,8.30,6.20,4.30,4.50,,,,,8.10,,4.20,5.20,6,6.70,7.20,,,5.80,,,4.70,,,6.80,7.30,6.70,7.80,7.10,6.50,
2008-12-02 01:00,8,8.16,5.58,7.31,3.90,8.11,8.59,8.60,3.56,8.24,5.82,6.16,2.06,5.25,5.36,3.97,4.32,-0.36,4.80,4.44,1.12,1.94,5.28,,5.25,8.74,8.40,6.01,8.63,7.70,8.29,8.98,0.06,2.11,2.16,4.77,7.55,3.28,,6.67,-0.70,-1.82,0.47,7.89,5.20,8.53,7,6.92,6.54,5.93,6.09,7.95,5.95,7.65,6.57,6.96,6.71,5.80,7.01,8.32,5.56,7.80,5.33,1.99,6.73,4.51,3.02,2.05,0.60,-1.49,1.62,1.01,5.48,2.60,4.51,6.28,6.70,5.53,5.30,-242.83,7.61,7.30,7.41,7.04,9.60,8.05,7.54,6.90,6.56,8.48,5.24,7.40,8.20,8.40,8.55,9.37,4.56,5.33,3.87,3.49,3.27,2.66,4.57,5.54,6.86,6.94,7.58,7.30,5.98,6.54,6.75,4.48,6.52,6.92,8.06,5.98,7,6.28,5.33,,5.10,4.69,4.72,4.60,5.43,7.21,7.10,6.30,6.48,6.15,5.40,7.60,4.60,-4.30,9.50,7.60,6.50,3.20,3.40,-5.50,4.90,7.10,6.30,7.60,7.70,9.20,7,8.70,7.50,8.50,3.70,3.60,6.10,6.30,6.50,8,7.10,8.10,8.30,6.20,4.30,4.30,2.60,4.40,6.40,7.40,8,6.70,4.20,5.20,5.90,6,7.30,6.30,7,6,5.70,5.90,4.70,6.60,6.60,6.80,7.30,6.80,7.60,7,6.50,5
2008-12-02 01:10,7.90,7.95,5.46,7.07,3.70,7.81,8.43,8.40,3.54,8.16,5.87,6.17,2.05,5.18,5.04,3.96,3.87,-0.36,4.70,4.20,1.07,1.92,4.92,,4.61,8.75,8.61,6.20,8.99,7.50,8.26,8.69,-0.01,2.58,1.72,4.83,7.62,4.30,,6.74,-0.80,-1.83,0.58,7.72,4.90,8.43,6.70,7.01,7.09,5.97,6.13,7.88,5.90,7.81,6.56,7.07,6.90,5.80,7.48,9.03,5.95,7.90,5.40,1.88,6.75,4.57,3.07,1.98,0.60,-1.42,1.84,1.06,5.25,2.69,4.41,6.51,6.70,5.42,5.10,-239.63,7.44,7.20,7.27,7.14,9.39,8.03,7.67,7,6.16,8.94,5.19,7.22,8.08,8.10,8.31,9.08,4.57,5.37,3.65,3.60,3.45,2.37,4.54,5.57,6.82,6.70,7.49,7.20,5.87,6.44,6.61,4.36,6.47,6.96,8.25,6.03,6.90,6.42,5.34,,5.10,4.84,4.62,4.65,5.48,7.21,7.20,6.34,6.34,6.22,5.30,,4.70,-4.40,9.30,7.90,6.50,,,,,,,7.50,7.70,,6.90,8.60,7.50,8.16,,,,,,,,8.10,8.20,6.10,4.30,4.30,,,,,7.80,,4.20,5.30,5.90,5.90,7.30,,,6,,,4.70,,,7,7.20,6.90,7.70,7,6.40,
2008-12-02 01:20,7.70,7.94,5.36,7,3.70,7.63,8.33,8.20,3.46,8.25,5.77,6.02,1.91,5.05,5,4.23,3.51,-0.30,4.70,4.03,1.19,1.69,5.45,,4.17,8.87,8.75,6.25,9.18,7.70,8.21,8.55,-0.20,2.39,1.82,5,7.57,3.48,,6.42,-0.80,-1.89,0.54,7.96,5.10,8.63,6.60,6.89,7.13,6.14,6.09,7.94,6.12,8.06,6.79,7.37,7.29,5.70,7.96,9.09,6.09,7.90,5.57,1.70,6.69,4.52,2.99,2.02,0.60,-1.45,1.92,1.02,5.02,2.61,4.32,6.56,6.80,5.33,5.40,-236.77,7.43,7,7.64,7.21,9.24,7.91,7.69,6.80,6.02,8.98,5.11,6.95,7.74,8,8.20,8.96,4.64,5.43,3.44,3.72,3.42,2.04,4.44,5.64,6.72,6.59,7.36,7.20,5.90,6.52,6.59,4.35,6.66,7.04,8.44,5.98,7,6.40,5.36,,5,4.80,4.61,4.53,5.52,7.26,7,6.36,6.26,6.32,5.20,,4.70,-4.50,9.20,8,7,,,,,,,7.50,7.20,,6.80,8.60,7.80,7.95,,,,,,,,8,8.10,6.10,4.40,4.20,,,,,7.70,,4.20,5.30,6,5.30,,,,5.90,,,4.70,,,7,7.30,7,7.60,6.90,6.40,
2008-12-02 01:30,7.60,7.83,5.27,6.98,3.60,7.80,8.21,7.90,3.47,8.13,5.63,5.89,2.01,4.99,5.11,4.17,3.60,-0.42,4.50,4.12,1.63,2.10,5.50,,5.01,9.03,8.57,6.41,9.25,7.80,8.21,8.69,-0.06,1.92,1.77,4.88,7.21,3.95,,6.72,-0.80,-2,0.12,7.72,5.10,8.50,6.60,6.79,6.79,6.06,6.04,8.01,6.26,8.11,6.96,7.85,7.49,6,8.21,9.27,6.37,7.80,5.66,1.69,6.72,4.56,2.86,1.94,0.50,-1.43,1.68,0.97,5.04,2.55,4.39,6.55,6.60,5.19,5.50,-234.59,7.46,6.90,7.97,7.17,9.04,8.05,7.84,6.70,6.03,8.79,5.01,6.81,7.67,7.50,8.09,9,4.55,5.35,3.26,3.91,3.13,2.03,4.36,5.65,6.43,6.50,7.35,7.30,5.65,6.40,6.41,4.37,6.64,7.19,8.49,5.95,7,6.35,5.37,,5.10,4.88,4.62,4.38,5.61,7.15,6.90,6.45,6.20,6.28,5.20,,4.80,-4.50,9,7.90,7.20,,,,,,,7.30,7.20,,6.60,8.50,8,7.76,,,,,,,,7.90,8,6.10,4.60,4.10,,,,,7.60,,4.30,5.20,6.10,5.10,7.10,,,5.90,,,4.70,,,7,7.40,7,7.70,6.90,6.30,
2008-12-02 01:40,7.80,7.80,5.20,6.83,3.60,7.74,8.08,7.60,3.28,8.01,5.58,5.93,1.94,5.07,4.94,4.07,3.56,-0.34,4.50,3.92,1.61,1.73,4.76,,5.30,8.76,8.79,6.38,9.42,7.80,7.90,8.65,-0.10,1.33,1.86,3.90,7.19,3.94,,6.89,-0.90,-1.98,0.32,7.53,5.20,8.46,6.70,6.80,7.16,6.26,6.10,8.01,6.43,8.10,7.17,8.13,7.72,6.10,8.23,9.40,6.45,7.80,5.71,1.62,6.54,4.66,2.85,1.98,0.60,-1.44,1.69,0.84,4.91,2.53,4.42,6.45,6.60,5.17,5.40,-233.38,7.29,6.60,7.99,7.27,8.97,7.96,7.90,6.40,5.74,8.97,4.95,6.51,7.77,7.30,8.02,8.96,4.51,5.26,3.30,4.14,2.87,1.88,4.31,5.51,6.32,6.51,7.46,7.10,5.98,6.18,6.50,4.41,6.24,7.38,8.60,5.91,7,6.17,5.41,,5.10,4.72,4.54,4.40,5.78,7.05,6.90,6.32,6.41,6.33,5.20,,4.60,-4.60,9.10,7.60,7.20,,,,,,,7.30,6.80,,6.60,8.70,7.60,7.97,,,,,,,,7.90,7.70,6.10,4.80,4.10,,,,,7.40,,4,5.20,6.20,4.90,7,,,5.80,,,4.70,,,7,7.40,6.90,7.70,6.90,6.30,
2008-12-02 01:50,7.90,7.79,5.15,6.83,3.60,7.90,8.10,7.50,3.41,7.87,5.48,5.87,1.84,4.95,4.88,4.02,3.54,-0.10,4.30,4.09,1.42,2.03,4.15,,5.75,8.60,9.10,6.62,9.52,7.40,7.83,8.45,-0.25,0.75,1.32,3.71,6.95,3.17,,6.61,-0.90,-2.07,0.52,7.72,4.90,8.61,6.80,6.82,6.72,6.38,6.01,7.95,7.47,8.20,7.31,8.31,7.91,6.40,8.34,9.37,6.42,7.90,5.82,1.46,6.43,4.49,3.10,2.05,0.70,-1.37,1.58,0.89,4.87,2.43,4.27,6.35,6.60,5.19,5.20,-231.02,7.22,6.40,7.96,7.12,9.15,7.85,7.40,6.50,5.58,9.07,4.99,6.44,7.76,7.40,7.79,8.65,4.69,5.15,3.38,4.42,2.69,1.81,4.20,5.38,6.28,6.30,7.48,6.90,6.43,5.87,6.33,4.44,5.74,7.42,8.63,5.87,7,5.82,5.41,,5.10,4.82,4.56,4.38,5.83,7.05,6.80,6.18,6.62,6.42,5.20,,4.60,-4.60,9.30,7.60,7.70,,,,,,,7,6.80,,6.70,9,7.60,7.89,,,,,,,,7.80,7.30,6,4.90,4.30,,,,,7.20,,4.10,5.40,6.20,4.80,,,,5.70,,,4.70,,,6.90,7.30,6.70,7.60,6.90,6.30,
2008-12-02 02:00,7.90,7.65,5.18,6.78,3.60,8.11,8,7.40,3.24,7.69,5.58,5.73,1.75,4.92,4.77,4.01,3.70,-0.25,4.30,4.58,1.19,1.86,3.82,,5.38,8.71,8.88,6.80,9.33,7.50,7.91,8.39,-0.30,0.41,1.17,3.24,6.60,3.03,,6.55,-0.90,-2.10,0.52,7.73,4.80,8.47,6.80,6.85,6.07,6.39,5.98,7.93,8.13,8.80,7.24,8.61,7.98,6.60,8.09,9.20,6.56,7.70,5.79,1.48,6.58,4.50,3.11,2.14,0.60,-1.30,1.65,0.93,4.85,2.36,4.34,6.33,6.50,5.20,5,-231.30,7.09,6.20,7.88,6.83,9.35,7.89,6.91,7.30,5.31,8.64,4.80,6.04,7.57,7,7.85,8.42,4.95,5.42,3.40,4.33,2.41,1.73,4.07,5.14,6.30,6.23,7.29,6.80,6.52,5.78,6.28,4.48,5.45,7.43,8.65,5.98,6.90,5.57,5.25,,5,4.68,4.59,4.55,5.98,7.07,6.90,6.32,6.59,6.36,5.10,6.90,5,-4.60,9.30,7.80,8,,3.50,-5.40,4.60,6.20,5.70,6.90,6.80,8.90,6.50,8.90,7.60,7.50,,2.40,5.40,5.90,6.10,6.90,6.50,7.60,7.10,5.90,5,4.30,2.30,3,6,7.10,7.20,6.30,4.20,5.20,6.20,4.50,7.10,5.70,6.90,5.50,5.60,5,4.70,6.30,6.40,6.80,7.30,6.90,7.50,6.60,6.40,4.70
2008-12-02 02:10,7.90,7.66,5.12,6.65,3.50,7.96,7.91,7.40,3.14,7.82,5.52,5.58,1.76,4.91,4.64,3.99,3.57,-0.42,4.20,4.36,1.55,1.88,3.67,,4.55,8.60,8.60,5.98,9.04,7.50,7.90,8.16,-0.24,0.12,1.19,3.45,6.52,3.08,,6.61,-0.90,-2.09,0.23,7.46,5.10,8.28,6.90,7.01,5.77,6.70,5.96,7.98,8.33,8.99,7.43,8.39,8.04,6.90,8.01,9.04,6.22,7.80,5.65,1.27,6.56,4.50,3.16,2.14,0.70,-1.30,1.78,0.75,4.79,2.24,4.26,6.38,6.60,5.08,4.93,-231.38,6.90,6,8.03,6.81,9.54,7.78,6.69,7.70,4.71,8.47,4.83,5.42,7.39,6.90,8.05,8.41,4.87,5.61,3.42,4.17,2.46,1.96,3.98,5.10,6.16,6.15,7.17,6.60,6.89,5.63,6.29,4.53,5.09,7.57,8.42,6.08,6.80,5.61,5.26,,5.10,4.55,4.64,4.38,5.89,7.01,6.70,6.39,6.29,6.23,5.20,,5.50,-4.60,8.90,7.60,8.40,,,,,,,6.70,7.10,,6.40,8.70,7.50,7.42,,,,,,,,7.60,7.30,5.70,4.90,4.30,,,,,7.30,,4.50,5.10,6.10,4.40,7.10,,,5.40,,,4.70,,,6.80,7.40,6.90,7.60,6.60,6.40,
2008-12-02 02:20,7.80,7.67,5.04,6.72,3.50,7.82,7.81,7.40,3.05,7.78,5.40,5.51,1.61,4.82,4.40,3.97,3.51,-0.63,4.10,4.57,1.47,1.94,2.72,,5.42,8.55,8.18,5.25,8.82,7.60,7.80,8.15,-0.39,-0.05,1.22,3.55,6.95,2.97,,6.82,-0.90,-1.98,0.35,7.80,5.20,8.13,7.20,7.20,5.61,6.67,5.87,7.96,8.49,9.12,7.69,8.36,8.05,7.10,8.13,8.81,5.99,7.80,5.69,1.26,6.56,4.44,3.23,2.13,0.80,-1.34,1.82,0.70,4.86,2.02,4.17,6.38,6.60,4.99,4.85,-231.97,6.67,5.90,8.06,6.63,9.38,7.78,6.55,7.50,4.45,8.41,4.86,5.34,7.26,7.60,7.77,8.43,4.98,5.99,3.14,4.13,2.75,1.94,3.91,5.02,6.09,6.19,7.15,6.20,7.60,5.59,6.41,4.58,4.80,7.51,8.40,6.31,6.80,5.52,5.22,,5.10,4.79,4.66,4.48,6.05,6.89,6.70,6.17,6.33,6.19,5.20,,4.70,-4.60,8.90,7.70,8.50,,,,,,,6.30,7.10,,6.30,8.60,7.30,7.37,,,,,,,,7.50,7.20,5.60,4.70,4.30,,,,,6.90,,4.60,5,6,4.20,7.10,,,5.30,,,4.80,,,6.70,7.40,6.90,7.50,6.70,6.30,
2008-12-02 02:30,7.80,7.61,5.04,6.66,3.40,7.72,7.79,7.50,2.99,7.78,5.36,5.37,1.51,4.71,4.71,4,3.35,-0.69,4,4.84,1.43,2.24,2.24,,4.30,8.45,8.23,5.60,9.04,7.60,7.88,8.21,-0.43,-0.18,1.36,3.28,7.31,2.65,,6.68,-1,-1.92,0.30,7.76,5,7.94,7.10,7.17,6.67,6.46,6.10,8.15,8.53,9.31,7.74,8.36,7.95,7.10,7.87,8.86,5.77,8,5.70,1.13,6.45,4.34,3.30,2.23,0.80,-1.23,1.72,0.68,4.82,1.87,4.20,6.38,6.60,5.03,4.61,-232.71,6.41,5.70,7.96,6.27,9.39,7.81,7.15,7,4.26,8.42,4.75,6.32,6.94,7.80,7.65,8.55,5.26,5.84,2.95,4.36,2.90,2.08,3.86,4.85,5.98,6.21,6.93,6,7.68,5.57,6.45,4.64,4.59,7.59,8.33,6.51,6.70,5.68,5.21,,5.10,4.91,4.62,4.62,5.84,6.88,6.60,6.19,6.55,6.28,5.20,,4.60,-4.60,8.80,7.60,8.40,,,,,,,6.30,6.80,,6.20,8.40,7,7.40,,,,,,,,7.40,7.10,5.40,4.30,4.70,,,,,6.80,,4.70,5,5.60,4.10,6.80,,,5.40,,,4.70,,,6.60,7.30,6.80,7.50,6.60,6.20,
2008-12-02 02:40,7.50,7.50,4.98,6.65,3.40,7.71,7.76,7.60,2.99,7.86,5.29,5.37,1.33,4.75,4.81,3.97,3.24,-0.49,4,4.84,1.43,2.26,2.05,,3.42,8.36,8.15,5.65,9.07,7.30,8,8.32,-0.64,-0.05,0.70,3.71,7.29,2.44,,6.45,-0.90,-1.94,0.48,7.43,5,7.83,7,7.14,7.06,6.26,6,8.50,8.84,9.38,7.72,8.25,7.80,7,8.14,8.93,5.68,8,5.52,1.07,6.30,4.34,3.29,2.36,0.80,-1.26,1.96,0.89,4.84,1.82,4.16,6.32,6.50,5.09,4.54,-232.83,6.22,5.60,7.97,6.36,9.22,8.02,7.53,6.60,3.80,8.54,4.58,6.43,6.98,7.80,8,8.72,5.62,5.77,2.84,4.89,2.96,2.20,3.78,4.78,5.97,6.25,6.62,6.30,7.31,5.54,6.44,4.66,4.42,7.55,8.29,6.49,6.60,5.79,5.16,,5.20,4.83,4.69,4.64,5.97,6.86,6.70,6.16,6.52,6.26,5.10,,4.60,-4.60,8.90,7.90,8.40,,,,,,,6,6.60,,5.80,8.90,6.50,7.41,,,,,,,,7.20,6.60,5.30,4.10,4.90,,,,,6.80,,5,4.80,5.40,4,5.90,,,5.40,,,4.90,,,6.50,7.20,6.70,7.50,6.70,6.20,
2008-12-02 02:50,7.40,7.51,4.99,6.59,3.30,7.60,7.75,7.60,2.98,7.61,5.28,5.27,1.27,4.65,4.64,3.93,3.18,-0.61,3.80,4.74,1.37,2.32,2.28,,2.52,8.32,7.99,6.20,8.96,7.10,7.91,8.33,-0.45,-0.04,0.45,3.97,7.21,2.38,,6.72,-1,-1.98,0.28,7.33,4.70,7.56,6.90,7.10,6.95,6.20,6.07,8.76,8.78,9.36,7.62,8.13,7.73,6.80,8.08,8.90,5.73,7.90,5.47,1.05,6.27,4.28,3.31,2.37,0.80,-1.26,1.96,1,4.70,1.72,4.12,6.17,6.50,5.06,4.47,-234.16,6.04,5.50,8.18,6.38,9.18,8,7.48,6.40,3.19,8.49,4.50,6.50,6.88,7.60,7.75,8.63,5.69,5.98,2.63,5.63,2.86,2.04,3.88,4.90,5.95,6.27,6.45,7,7,5.50,6.49,4.75,4.26,7.63,8.17,6.58,6.80,5.82,4.95,,5.20,5.06,4.63,4.55,5.79,6.83,6.70,5.97,6.23,6.12,5.10,,4.70,-4.70,8.90,7.70,8.40,,,,,,,5.90,6.40,,5.40,8.90,6.30,7.34,,,,,,,,7,6.80,5.50,4.60,4.90,,,,,6.90,,5.20,4.70,5.20,3.90,,,,5.40,,,5,,,6.30,7.20,6.90,7.50,6.90,6.10,
2008-12-02 03:00,7.20,7.51,4.88,6.56,3.30,7.72,7.66,7.60,3.01,7.34,5.35,5.22,1.45,4.97,4.78,3.95,3.32,-0.33,3.70,4.55,0.98,2.20,2.33,,3.40,8.12,8,6.25,8.87,7.30,7.88,8.15,-0.58,0.76,0.50,4.08,6.96,2.22,,6.47,-0.90,-2.01,0.40,7.28,4.80,7.50,6.80,7.15,6.72,6.07,6.07,8.90,8.64,9.23,7.83,8.19,7.58,6.60,8.10,9.02,5.95,7.70,5.43,1.09,6.29,4.40,3.24,2.35,0.80,-1.29,2.02,1.03,4.80,1.83,4.22,6.08,6.60,4.97,4.43,-235.51,5.99,5.30,8.07,6.56,9.07,8.18,7.57,6.60,2.78,8.20,4.41,6.10,6.67,7.30,7.65,8.74,5.69,5.52,2.48,6.11,2.28,1.92,3.92,5.02,5.78,6.19,6.31,7.60,6.66,5.50,6.55,4.87,4.18,7.59,8.08,6.53,6.70,5.78,4.71,,5.20,4.94,4.76,4.79,5.80,6.67,6.70,5.97,6.17,6.04,5.10,6.80,4.80,-4.70,8.80,7.70,8.50,2.50,4.30,-5.20,3.90,5.60,5.20,5.50,6.20,7.40,5,8.90,5.80,7.30,4.10,1.10,5.90,4.20,5.70,6.30,5.40,6.80,6.90,5.50,5.30,4.40,1.90,2.50,5.20,7,7.10,6,5.20,4.50,4.70,3.60,5.20,5.70,5.40,5.30,5.50,5.20,5.10,6.40,6.20,6.20,7.10,7.40,7.40,7.10,6,4.70
2008-12-02 03:10,7,7.35,4.82,6.42,3.20,7.43,7.52,7.70,3.04,7.35,5.35,5.21,1.45,4.91,4.88,3.94,3.45,-0.39,3.90,4.30,1.19,2.15,2.29,,4.01,8.04,8.02,6.28,8.85,7.20,7.78,8.08,-0.64,1.68,0.48,3.63,7.02,1.81,,6.23,-0.80,-2.03,0.43,7.23,4.90,7.53,6.70,7.06,6.55,6.17,5.93,8.80,8.73,9.18,7.84,8.31,7.63,6.50,8.07,8.87,6.07,8,5.39,1.10,6.19,4.30,3.30,2.40,0.80,-1.19,2.05,1.19,4.72,1.88,4.02,5.88,6.50,4.89,4.29,-235.88,5.77,5.41,7.97,6.43,8.98,7.89,7.51,6.50,2.98,7.81,4.51,6.21,6.45,6.30,7.64,8.72,5.45,5.48,2.60,6.49,1.79,1.91,4.03,5,5.64,6.26,6.02,7.70,6.82,5.31,6.42,4.97,4.04,7.69,7.91,6.51,6.90,5.81,4.57,,5.20,5.24,4.69,4.83,5.75,6.43,6.60,5.78,6.13,5.91,5.10,,5.20,-4.70,8.80,7.70,8.30,,,,,,,5.40,6,,5,8.80,5.80,7.16,,,,,,,,6.70,7.40,5.60,5.10,4.40,,,,,7.10,,5.30,4.40,4.70,3.60,5,,,5.30,,,5.10,,,6.30,7.10,7.40,7.40,7.10,6,
2008-12-02 03:20,6.80,7.21,4.75,6.32,3.10,7.65,7.51,7.70,2.94,7.18,5.41,5.28,1.31,4.91,4.93,3.77,3.24,-0.47,4.10,4.59,1.34,2.45,1.73,,6.59,7.96,7.67,6.08,8.89,6.80,7.80,7.91,-0.69,2.55,0.18,2.95,7,1.82,,6.23,,-2.02,0.43,7.10,4.90,7.73,6.70,6.95,6.64,6.08,5.93,8.78,8.81,9.10,7.90,8.23,7.66,6.40,8.19,8.85,6.07,7.60,5.35,1.08,6.18,4.27,3.33,2.33,0.70,-1.24,2.10,1.32,4.92,1.99,3.79,5.82,6.30,5.05,4.45,-235.82,5.72,5.20,7.61,6.34,8.92,7.90,7.49,5.90,3.68,7.83,4.61,5.80,6.44,5.80,7.66,8.53,5.25,4.84,2.44,6.88,1.82,1.91,4.01,4.90,5.50,6.24,6.08,7.80,6.80,5.17,6.30,5.05,3.99,7.64,8.05,6.59,7.20,5.96,4.44,,5.40,5.13,4.82,4.87,5.68,6.43,6.60,5.73,6.01,5.82,5.10,,5,-4.70,8.90,7.90,8.20,,,,,,,5.20,6,,5,8.70,5.70,7.35,,,,,,,,6.70,7,5.60,5,4.40,,,,,7.20,,5.40,4.40,4.40,3.40,4.80,,,5.30,,,5.40,,,6.30,7.10,7.60,7.30,7.20,5.90,
2008-12-02 03:30,6.70,7.19,4.68,6.25,3,7.57,7.43,7.70,2.98,7.08,5.32,5.12,1.38,4.89,4.97,3.74,3.24,-0.52,4,4.80,1.65,2.31,1.40,,4.11,8.10,7.52,6.01,8.91,6.20,7.71,7.84,-0.77,2.37,0.82,2.50,7.03,2.34,,6.33,-0.90,-2.10,0.46,7.19,5.10,7.80,6.70,6.88,6.55,6.15,6.01,8.71,8.81,8.90,7.86,8.12,7.42,6.40,8.04,8.72,6.07,7.40,5.32,0.99,6.02,4.38,3.38,2.51,0.80,-1.27,2.07,1.35,4.97,2.12,3.76,5.81,6.20,5.05,4.49,-236.90,5.64,5.20,7.44,6.34,8.71,7.80,7.62,5.70,4.41,8.09,4.71,5.16,5.83,5.40,7.52,8.85,5.16,4.43,2.40,7.05,1.98,1.92,3.96,5,5.38,6.16,6.06,7.60,6.73,6.14,6.18,4.94,3.91,7.57,7.96,6.82,7.50,6.25,4.30,,5.40,5.23,4.86,5.16,5.76,6.28,6.40,5.81,6.12,5.79,5.10,,4.80,-4.70,8.70,7.70,8.20,,,,,,,5.30,6,,4.70,8.70,5.80,7.18,,,,,,,,6.60,6.60,5.50,5,4.40,,,,,7.20,,5.30,4.60,4.20,3.20,4.50,,,5.40,,,5.40,,,6.40,7.20,7.70,7.30,7.30,5.80,
2008-12-02 03:40,6.50,7.12,4.59,6.04,3,7.52,7.36,7.60,2.89,7.20,5.46,5.01,1.57,4.83,4.96,3.68,3.25,-0.69,4.10,4.69,1.22,2.45,1.07,,4.85,8.17,7.33,5.97,8.73,6,7.78,7.91,-0.66,1.61,1.91,2.17,7.25,2.57,,5.77,-1,-1.92,0.45,7.16,4.90,7.93,6.70,6.88,6.87,6.15,5.93,8.68,8.78,8.76,7.83,7.96,7.44,6.30,7.93,8.88,6.19,6.90,5.34,1.01,5.99,4.43,3.41,2.59,0.80,-1.15,2.03,1.42,4.96,2.17,3.92,5.70,5.90,5.03,4.36,-237.76,5.57,5.20,7.27,5.89,8.66,7.95,7.70,5.10,4.06,8.21,4.80,4.67,5.54,5.40,7.65,8.71,4.95,4.60,2.65,7.15,2.04,1.75,3.89,4.97,5.43,6.01,5.91,7.40,6.49,7.46,6.07,4.94,3.63,7.45,7.84,6.91,7.60,6.36,4.22,,5.50,5.25,4.94,5.13,5.76,6.24,6.40,5.77,6.12,6.06,5.20,,5.30,-4.70,8.80,7.50,8.20,,,,,,,5.20,5.90,,4.80,8.60,5.90,7.23,,,,,,,,6.60,6.10,5.70,5.40,4.50,,,,,7.30,,5.30,4.80,4.10,3,4.30,,,5.50,,,5.50,,,6.50,7.30,7.80,7.20,7.40,5.80,
2008-12-02 03:50,6.40,7.11,4.52,5.79,2.80,7.54,7.19,7.50,2.95,7.16,5.58,5.07,1.49,4.96,4.92,3.58,3.07,-0.67,4.10,4.57,1.76,2.68,0.83,,4.45,8.08,7.47,5.98,8.65,5.40,7.74,7.80,-0.54,1.75,3.03,2.27,7.03,2.47,,6.23,-1,-1.94,0.51,6.81,5,7.76,6.70,6.94,6.87,6.15,5.74,8.56,8.75,8.71,7.74,7.99,7.50,6.40,7.95,8.81,6.07,6.90,5.41,1.05,5.83,4.23,3.29,2.67,0.90,-1.15,2.11,1.38,4.93,2.22,3.85,5.61,5.90,4.97,4.41,-238.35,5.60,5.20,6.99,5.62,8.57,8.10,7.82,3.80,4.79,8.05,4.77,4.72,5.36,5.10,7.17,8.73,5,4.42,2.93,7.32,2.14,1.75,3.89,4.99,5.49,6.06,6.12,7.30,6.65,7.72,5.79,4.96,3.61,7.50,7.69,6.94,7.60,6.40,4.14,,5.50,5.45,4.95,5.37,5.65,6.17,6.40,5.98,6.14,5.79,5.20,,5.20,-4.80,8.60,7.70,8.20,,,,,,,5.10,6,,4.90,8.50,5.90,7.39,,,,,,,,6.40,6.20,5.70,5.70,4.40,,,,,7.30,,5.30,4.80,4,2.90,,,,5.60,,,5.30,,,6.40,7.30,8,7.30,7.40,5.80,
2008-12-02 04:00,6.30,7.04,4.50,5.56,2.80,7.54,7.02,7.50,2.85,7.31,5.39,5.14,1.36,4.87,4.72,3.48,3.08,-1.08,4.20,4.52,1.47,2.45,0.43,,5.31,8.19,7.71,6.02,8.73,5.10,7.77,7.61,-0.37,2.12,3.73,2.27,5.08,1.61,,6.36,-0.90,-1.90,0.57,6.64,4.90,7.74,6.70,6.90,6.79,6.21,5.80,8.60,8.75,8.80,7.64,8,7.48,6.50,7.96,8.82,6.05,7,5.38,1.10,5.87,4.11,3.22,2.63,1,-1.22,2.17,1.51,4.98,2.26,3.71,5.62,6,4.98,4.52,-239.12,5.58,5.10,6.80,5.56,8.47,8.13,7.45,3.90,5.42,7.45,4.88,4.58,5.20,5.10,7.42,8.73,5.07,4,2.75,7.22,2,1.79,3.94,5.08,5.41,5.99,6.12,7,6.57,7.60,5.77,4.93,3.55,7.46,7.46,6.90,7.50,6.52,4.09,,5.50,5.52,5.07,5.01,5.76,6.16,6.40,6.17,5.84,5.88,5.20,6.10,4.60,-4.80,8.50,7.30,8.10,6.80,4,-5.10,4.10,5.80,4.80,5.20,6,7.80,5.60,8.30,5.70,7.40,,1.80,6.20,3.70,5.50,6,5.60,6.10,6.10,5.80,5.60,4.10,2.80,1.70,3.60,6.10,7.40,6.20,5.20,4.60,3.80,2.80,4.10,,4.60,5.50,5.50,5.90,5,5.90,6.50,6.40,7.30,7.90,7.20,7.50,5.60,4.90
2008-12-02 04:10,6.20,7.04,4.40,5.79,2.61,7.63,6.85,7.40,2.80,7.16,5.33,5.16,1.22,4.52,4.88,3.33,3.37,-0.65,4.10,4.37,1.12,2.11,0.18,,6.34,8.14,7.59,6,8.56,5.10,7.86,7.87,-0.29,2.14,3.26,1.98,4.52,1.32,,6.48,-0.80,-1.81,0.46,7.22,5,7.81,6.70,6.92,6.83,6.28,5.75,8.37,8.64,8.91,7.56,7.91,7.42,6.50,7.82,8.75,6.09,7.10,5.40,1.07,5.85,4.14,3.48,2.61,0.80,-1.18,2.14,1.66,4.95,2.32,3.61,5.63,6,5.03,4.32,-239.92,5.42,5,6.82,5.50,8.53,8.14,7.22,4.10,6.45,6.93,5.10,5.24,5.35,5,6.87,8.75,5.09,3.93,2.58,7.20,1.88,1.91,4.10,5.29,5.33,6.01,6.04,6.80,6.62,7.57,5.67,5.01,3.41,7.38,7.45,6.86,7.40,6.43,4.04,,5.50,5.71,5.14,5.26,5.66,6.17,6.30,6.24,6.02,5.86,5.20,,4.90,-4.80,8.20,7.40,7.80,,,,,,,5,5.90,,5.60,8,5.70,7.02,,,,,,,,6.10,6,5.80,5.40,4.10,,,,,7.30,,5,4.40,3.80,2.80,3.90,,,5.50,,,5,,,6.30,7.40,7.80,7.20,7.50,5.80,
2008-12-02 04:20,6.10,6.91,4.34,5.76,2.47,7.64,6.82,7.30,2.69,7.05,5.42,5.06,1.28,4.35,5,3.26,3.64,-0.50,3.90,4.29,1,2.42,1.22,,7.10,7.82,7.52,6.06,8.62,5.50,7.72,7.43,-0.53,2.37,2.17,1.09,4.19,1.25,,6.65,-0.90,-1.97,0.35,7.30,5,7.86,6.70,6.88,6.76,6.17,5.26,8.40,8.48,8.88,7.65,8.07,7.50,6.50,7.86,8.82,6,7.10,5.18,1.05,5.89,3.98,3.73,2.63,0.80,-1.25,2.12,1.50,4.97,2.33,3.48,5.61,6,5.11,4.26,-240.10,5.44,4.90,6.53,5.18,8.50,8.11,7.11,4.60,6.66,7.07,5.22,6.26,5.64,4.80,6.64,8.62,5.16,3.82,2.57,6.86,1.64,2.30,4.06,5.38,5.23,6,6.22,6.60,6.51,7.55,5.61,4.99,3.29,7.40,7.35,6.77,7.30,6.33,4.26,,5.50,5.97,5.25,4.97,5.77,6.10,6.30,6.35,6.39,5.87,5.20,,5.30,-4.80,7.50,7.50,8,,,,,,,5,5.80,,6,7.30,5.60,6.74,,,,,,,,5.90,5.80,5.80,5.10,4.50,,,,,7.10,,5,4.20,3.70,2.80,3.70,,,5.50,,,5,,,6.20,7.50,7.90,7.40,7.50,5.70,
2008-12-02 04:30,6.30,6.85,4.13,5.71,2.39,8.03,6.87,7.20,2.44,6.96,5.35,4.95,1.36,4.55,5.05,3.29,3.57,-1.18,3.50,4.19,1.06,2.36,4.19,,6.34,7.60,7.36,5.94,8.47,5,7.64,5.60,-0.47,2.01,1.62,1.09,4.24,1.22,,6.39,-1,-1.95,0.35,7.21,5.30,7.82,6.70,6.80,6.76,5.88,5.11,8.52,8.31,8.81,7.78,7.96,7.49,6.50,7.82,8.90,5.88,7.30,5.10,1,6.08,4,3.62,2.69,0.80,-1.28,2.28,1.64,4.94,2.29,3.40,5.67,6,5.02,4.22,-241.49,5.36,4.90,6.22,5.04,8.23,7.81,6.72,5.20,6.64,7.08,5.28,6.50,5.19,4.60,6.21,8.52,5.03,3.48,2.65,6.58,1.46,2.61,4.15,5.31,5.20,5.79,6.05,6.60,6.16,7.34,5.58,5.06,3.19,7.33,7.35,6.85,7.20,6.31,4.39,,5.60,5.87,5.22,4.93,5.79,6.07,6.30,6.56,6.56,5.93,5.30,,5.30,-4.80,7.70,7.10,7.90,,,,,,,5,5.50,,6,6.90,5.80,6.81,,,,,,,,5.90,5.60,5.60,5.20,4.10,,,,,7.10,,5.10,4.10,3.60,2.80,3.60,,,5.80,,,5.30,,,6.20,7.40,7.80,7.50,7.50,5.50,
2008-12-02 04:40,6.30,6.85,4.23,5.69,2.60,7.90,6.83,7.10,2.20,6.94,5.28,5.08,1.22,4.56,4.89,3.26,3.13,-0.86,3.20,4.07,0.93,2.37,4.11,,6.81,7.52,7.62,5.81,8.44,4.90,7.49,5.14,-0.53,2.19,1.30,1.40,4.25,1.48,,6.41,-1,-1.96,0.41,7.07,5.30,7.94,6.50,6.73,6.52,5.83,4.97,8.54,8.33,8.94,7.59,7.84,7.62,6.50,7.74,8.84,5.86,7.20,5.14,0.85,5.91,3.89,3.71,2.97,0.80,-1.40,2.23,1.61,5.03,2.33,3.53,5.75,5.90,4.86,4.27,-243.55,5.30,4.80,6.03,4.75,8.05,7.62,6.23,5.10,6.42,6.55,5.34,6.32,5.06,4.30,5.85,8.48,5.15,3.29,2.65,6.43,1.52,2.62,4.27,5.26,4.97,5.62,5.84,6.60,5.63,7.17,5.48,5.10,3.17,7.20,7.04,6.74,7.20,6.14,4.32,,5.50,5.71,5.24,4.94,5.56,6.06,6.50,6.53,6.59,5.84,5.30,,4.90,-4.90,8.10,7.20,7.90,,,,,,,4.90,5.60,,5.90,,5.70,6.98,,,,,,,,5.90,5.60,5.50,5,3.90,,,,,6.90,,5.30,4,3.60,2.90,3.40,,,6.20,,,5.60,,,6.30,7.30,7.60,7.40,7.50,5.40,
2008-12-02 04:50,6.20,6.92,4.19,5.61,2.50,7.61,6.86,7.10,2.11,6.94,5.37,5.11,0.99,4.43,4.96,3.15,3.08,-0.52,3.10,3.99,1.02,2.30,4.04,,7.33,7.48,7.65,5.83,8.16,4.70,7.43,4.32,-0.66,2.43,0.70,1.11,3.83,1.59,,5.90,-1,-2.12,0.30,7.14,4.80,7.90,6.60,6.68,6.59,5.59,4.82,8.30,8.43,9,7.50,7.75,7.50,6.50,7.61,8.86,5.68,7.10,5.18,0.79,5.90,3.80,3.79,2.84,0.80,-1.37,2.18,1.55,4.94,2.27,3.77,5.66,5.70,4.67,3.95,-244.30,5.27,4.70,5.84,4.66,7.83,7.63,6.04,5,6.37,6.34,5.22,5.87,5.76,4.50,5.88,8.08,5.06,3.64,2.59,6.11,1.26,2.97,4.46,5.27,4.77,5.54,5.98,6.50,6.24,6.82,5.30,5.29,3.13,7.08,6.93,6.70,7,5.89,4.48,,5.50,5.38,5.23,4.82,5.06,5.94,6.70,6.55,6.64,5.61,5.40,,4.70,-4.90,8.40,7.30,7.90,,,,,,,4.80,5.50,,5.40,6,5.40,7.22,,,,,,,,5.90,5.40,5.50,4.90,4,,,,,6.80,,5.20,4.10,3.50,2.90,3.20,,,6.30,,,5.50,,,6.30,7.20,7.60,7.30,7.50,5.40,
2008-12-02 05:00,6,6.77,4.16,5.65,2.50,7.33,6.89,7,2.29,6.79,5.22,5.18,0.91,4.47,4.82,3.05,2.82,-0.84,3.30,4.14,0.91,2.30,3.98,,5.95,7.39,7.17,5.70,7.66,4.70,7.36,3.87,-0.74,3.09,1.94,1.26,3.24,1.44,,4.80,-1.10,-2.18,0.25,7.02,5.20,7.34,6.40,6.66,6.65,5.43,4.31,8.03,8.32,8.91,7.54,7.70,7.48,6.30,7.41,8.69,5.75,7,5.06,0.79,5.91,3.79,3.74,2.54,0.80,-1.24,1.91,1.61,4.90,2.41,3.98,5.83,5.80,4.65,3.91,-245.34,5.24,4.70,5.56,4.39,7.77,7.60,6.19,5.60,5.84,6.53,5.09,5.43,6.23,3.80,5.89,8.10,4.95,3.36,2.40,5.83,1.05,2.82,4.49,5.19,4.47,5.51,5.93,6.50,6.56,6.83,5.28,5.35,2.93,6.78,6.89,6.93,6.90,5.83,4.41,,5.40,5.39,5.38,4.91,4.67,5.92,6.80,6.51,6.54,5.47,5.40,5.80,4.50,-4.90,8.40,7.20,7.90,,3.80,-5.10,4.40,5.70,4.80,4.70,5.40,6.90,5.40,5.50,5.10,7.70,3.30,2.70,6,4.30,5.30,6,5.40,5.70,5.20,5.40,4.80,4,3.60,1.40,3,6.30,6.80,6.20,5.40,4.10,3.40,3.10,3.10,3.90,3.30,6,5.50,5.50,5.20,4.50,5.80,6.30,7.30,7.60,7.60,7.70,5.50,5
2008-12-02 05:10,5.80,6.61,4.11,5.61,2.49,7.12,6.74,6.90,2.37,6.70,5.19,5.11,1,4.48,4.73,2.92,2.74,-0.95,3.20,4.23,0.73,2.15,4.07,,5.81,7.17,7.12,5.60,7,4.80,7.05,3.40,-0.71,3.32,3.13,1.66,2.81,1.24,,3.90,-1.20,-2.19,0.44,7.01,4.80,7.37,6.30,6.60,6.64,5.50,4.45,8.13,8.19,8.91,7.35,7.58,7.54,6.20,7.49,8.50,5.73,6.80,4.94,0.78,5.88,3.77,3.70,2.44,0.70,-1.34,1.89,1.70,4.82,2.34,4.11,5.84,5.90,4.58,3.80,-246.32,5.26,4.79,5.49,4.27,8.01,7.53,6.30,5.50,5.68,6.71,4.98,5.90,6.53,3.80,5.88,7.89,4.65,2.90,2.09,5.29,1.18,2.60,4.48,5.17,4.34,5.56,5.82,6.20,5.80,6.78,5.14,5.38,3.01,6.76,6.52,7.03,6.70,5.91,4.34,,5.40,5.23,5.58,4.99,4.40,5.96,6.70,6.36,6.42,5.49,5.40,,4.10,-5,6.30,7.20,7.90,,,,,,,4.90,5.40,,5.30,4.60,5.20,7.07,,,,,,,,5.50,5.10,5.40,5.10,4,,,,,6.90,,5.40,4.10,3.40,3.10,3,,,6,,,5.20,,,6.40,7.40,7.50,7.60,7.60,5.70,
2008-12-02 05:20,5.90,6.40,3.93,5.55,2.44,7.05,6.69,7,2.33,6.62,5.09,5.05,1.10,4.30,4.78,2.86,2.74,-1.19,3.20,4.01,0.78,2.10,4.21,,5.75,6.84,6.94,5.69,6.01,4.70,6.94,2.98,-0.81,3.09,2.47,2.08,3.04,0.82,,3.58,-1.20,-2.23,0.56,7.05,4.30,7.29,6.30,6.58,6.37,5.55,4.28,7.90,8.32,8.87,7.29,7.60,7.45,6.20,7.46,8.52,5.75,6.80,4.97,0.77,5.93,3.64,3.70,2.48,0.80,-1.29,1.90,1.69,4.70,2.32,4.24,5.79,5.90,4.29,3.90,-246.21,5.24,4.75,5.44,4.29,7.99,7.33,6.11,5.10,5.66,6.77,4.80,5.98,6.52,3.70,6.07,7.11,4.51,3.24,1.91,4.54,1.28,2.39,4.45,5.20,4.28,5.48,5.74,6.10,5.92,6.45,5.36,5.35,2.97,6.56,6.32,7.10,6.50,6.07,4.24,,5.20,5.14,5.54,5.38,4.36,6.01,6.70,6.41,6.49,5.28,5.20,,3.60,-5,6.20,6.80,7.80,,,,,,,4.70,5.30,,5.40,4.20,5.20,7.14,,,,,,,,5.50,5.10,5.30,5.10,4,,,,,7,,5.70,4,3.30,3,2.80,,,5.80,,,4.90,,,6.50,7.40,7.40,7.60,7.70,5.80,
2008-12-02 05:30,6,6.23,3.82,5.46,2.39,7.04,6.62,6.90,1.95,6.47,5.20,4.96,1.11,4.30,4.78,2.75,2.63,-1.11,3.10,3.77,0.88,2.14,3.80,,6.20,6.51,7.08,5.44,5.24,3.50,7.18,2.64,-0.85,2.98,1.83,1.20,3.01,0.95,,3.38,-1.10,-2.19,0.50,6.84,4.10,7.13,6,6.55,6.33,5.51,4.23,7.57,8.46,8.66,7.12,7.42,7.62,6.10,7.63,8.56,5.98,7,5.16,0.79,5.89,3.61,3.53,2.56,0.70,-1.25,1.88,1.66,4.56,2.34,4.10,5.64,5.90,4.51,3.90,-246.16,5.09,4.72,5.51,4.31,7.87,6.91,5.71,4.70,5.26,6.51,4.70,5.75,6.08,3.40,5.80,6.93,4.52,3.18,2.04,4.27,1.52,2.53,4.65,5.17,4.45,5.29,5.93,6,6.37,6.20,5.46,5.36,2.97,6.44,6.34,7.02,6.40,6.01,4.34,,5.10,5.30,5.47,5.32,4.30,6.23,6.70,6.46,6.64,5.30,5.20,,3.10,-5.10,6.50,6.50,7.80,,,,,,,4.70,5.30,,5.50,4.20,5.20,6.72,,,,,,,,5.30,5,5.20,5.20,3.80,,,,,6.90,,5.90,4,3.30,2.70,2.70,,,5.70,,,4.80,,,6.50,7.30,7,7.60,7.50,5.80,
2008-12-02 05:40,6.10,6.22,3.86,5.35,2.33,7.06,6.65,6.70,1.84,6.37,5.29,4.92,1.05,4.44,4.95,2.67,2.76,-0.89,3.10,2.54,0.79,2.06,3.79,,6.17,6.57,7.13,5.35,4.67,3.70,7.17,2.14,-0.83,3.37,3.08,0.58,3.08,0.68,,3.18,-1.10,-2.20,0.58,6.74,3.90,7.13,6,6.58,6.64,5.36,4.02,7.63,8.54,8.61,7.22,7.37,7.58,6.30,7.64,8.39,5.93,6.80,5.10,0.74,5.97,3.61,3.59,2.60,0.70,-1.19,1.89,1.62,4.59,2.23,3.94,5.60,5.90,4.72,4,-245.36,5.13,4.60,5.57,4.49,7.84,6.49,5.74,3.70,4.75,6.15,4.68,5.93,5.70,3.30,5.71,6.56,4.44,3.07,2.12,4.23,1.65,2.22,4.58,5.16,4.69,5.30,5.93,5.80,6.72,6.10,5.68,5.29,2.98,6.24,6.29,6.99,6.20,5.91,4.39,,5.20,5.26,5.60,5.11,4.12,6.29,6.70,6.47,6.78,5.31,5.20,,3.70,-5.10,6.60,6.30,7.80,,,,,,,4.60,4.90,,5.40,3.40,5.10,6.64,,,,,,,,5.10,5,5.30,5.10,3.70,,,,,6.90,,6.10,3.90,3.20,2.50,2.60,,,5.50,,,4.60,,,6.50,7.10,6.90,7.70,7.40,5.70,
2008-12-02 05:50,6.10,6.37,3.79,5.24,2.17,7.20,6.44,6.60,1.60,6.58,5.10,5.03,0.88,4.54,4.79,2.63,2.71,-1.22,3.10,2,0.86,1.99,3.91,,6.46,6.26,7.14,5.10,3.65,4,7.12,2.09,-0.88,3.46,3.01,1,2.39,0.44,,2.86,-1.20,-2.23,0.45,6.87,3.30,6.92,6,6.46,6.41,5.29,3.85,7.63,8.55,8.38,7.26,7.41,7.39,6.40,7.41,8.40,5.79,6.80,5.06,0.71,6.02,3.60,3.44,2.52,0.80,-1.25,1.85,1.50,4.75,2.11,3.90,5.53,5.90,4.73,4.20,-244.66,5.02,4.44,5.66,4.43,7.90,6.35,5.48,2.60,4.36,5.95,4.64,5.94,5.45,2.90,5.13,5.71,4.48,2.90,2.11,4.46,1.79,2.05,4.63,5.15,4.85,5.47,6.01,5.70,6.46,5.92,5.88,5.21,2.98,6.20,6.13,6.87,6,5.83,4.48,,5.10,5.18,5.54,5.09,3.99,6.37,6.90,6.57,7.17,5.58,5.30,,3.40,-5.10,5.40,5.90,7.70,,,,,,,4.50,5,,4.60,3.40,4.80,6.46,,,,,,,,5,4.80,5.50,5,3.70,,,,,6.90,,5.50,3.70,3.20,2.40,2.50,,,5.50,,,4.70,,,6.50,6.80,6.90,7.40,7.60,5.70,
2008-12-02 06:00,6,6,3.71,5,2,6.99,6.24,6.40,1.38,6.74,4.50,4.97,0.82,4,4.81,3,3,-1.45,4,1.77,1,1.90,4,5,7,7,7.24,5.04,3,5,6,2,-0.87,3,2.95,2,3,1,4,4,-1,-3,0,7,2.70,6.84,6,6.34,6,5.22,4,8,8.47,8.38,7.17,8,7,6,7,8.44,5.70,7,5.06,0.58,5.97,3.62,3.70,2.68,0.80,-1.21,1.89,1.53,4.82,2.07,3.79,5.32,5.90,4.57,4,4,4,4,5.76,5,7.89,6.33,3,2.90,3.86,5.85,4.48,5.98,5.61,2.80,6,5.10,4.38,2.63,2.24,4.38,2.28,1.84,4.60,5.14,4.98,5.44,6.10,5.50,6.62,5.62,5.87,5.23,2.79,5.98,5.94,6.75,6.10,5.70,4.54,,5,4.97,5.27,5,3.88,6.40,6.50,6.52,7.90,5.57,5.30,6,3,-5,4.10,5.90,7.70,8.90,4,-5,4,5,5,4,5,4.90,4.20,2.90,4.40,7,3.60,3.10,6,5,5.60,5.90,5.20,4.90,4.70,5.50,4.90,3.70,4.20,2.80,3.40,6.20,6.90,4.90,5.30,3.60,3.10,2.30,2.50,,2.20,5.70,5.30,5.50,4.60,4,4.80,6.40,6.60,6.90,7.40,7.50,5.60,4.80
2008-12-02 06:10,5.90,6.20,3.61,5.05,2.01,6.60,6.22,6.60,1.37,6.52,4.10,4.76,0.71,4.79,4.78,2.77,2.45,-1.21,3.40,1.40,0.78,2.34,3.93,,7.49,7.18,7.13,5.09,2.64,4.40,7.01,3.65,-0.84,3.62,3.20,1.01,1.66,0.45,,2.40,-1.20,-2.15,0.24,6.74,3.30,6.45,5.80,6.13,6.56,5.04,4.08,7.06,8.38,8.40,7.29,7.26,7.34,6.20,7.51,8.27,5.70,6.70,4.83,0.69,5.86,3.58,3.60,2.56,0.80,-1.32,1.93,1.64,4.62,2.01,3.72,5.39,5.80,4.49,4.34,-244.15,4.96,4.10,5.55,4.08,7.69,6.16,5.52,2.40,4.09,5.52,4.25,5.72,5.55,3,4.98,4.74,4.35,2.44,2.44,4.65,2.57,1.58,4.82,5.32,5.01,5.27,6.15,5.60,6.66,5.46,5.77,5.17,2.62,6.02,5.73,6.58,6,5.48,4.56,,4.80,4.84,5.13,5.22,3.80,6.57,7.30,6.40,7.18,5.50,5.30,,3.70,-5.10,3.70,6.40,7.70,,,,,,,4.30,4.90,,4.20,2.80,4.40,6.36,,,,,,,,4.80,5,5.90,4.70,3.70,,,,,6.80,,5.20,3.50,3.10,2.30,2.40,,,5.70,,,4.50,,,6.10,6.60,6.90,7.50,7.50,5.90,
2008-12-02 06:20,5.80,6.09,3.53,4.99,1.91,6.22,6.07,6.50,1.28,6.18,4.02,4.64,0.73,4.76,4.26,2.75,2.55,-1.19,3.50,1.31,0.61,2.18,3.94,,7.30,7.51,7.04,4.99,2.39,4.10,6.93,2.83,-0.91,3.40,3.27,1.39,1.48,0.54,,2.29,-1.10,-2.20,0.35,6.53,2.50,6.30,5.60,6.12,6.33,5.03,4.09,6.83,8.36,8.23,7.14,7.30,7.23,6.20,7.46,8.22,5.90,6.80,4.77,0.68,5.90,3.56,3.46,2.31,0.70,-1.30,1.76,1.66,4.58,1.94,3.63,5.27,5.60,4.67,4.13,27.22,4.87,4,5.64,3.82,7.65,6.23,5.11,2.20,4.60,5.19,4.22,5.37,5.14,2.70,4.89,5.03,4.37,2.35,2.60,4.91,2.50,1.59,4.84,5.30,5.07,5.19,6,5.60,6.16,5.31,5.69,4.99,2.52,5.79,5.72,6.45,5.80,5.45,4.41,,4.70,4.68,5,4.85,3.59,6.54,7.30,6.53,7.41,5.38,5.30,,3.90,-5.10,4.10,6.30,7.60,,,,,,,4.20,4.70,,4,2.50,4.40,6.24,,,,,,,,4.90,4.70,6,4.50,3.70,,,,,6.70,,5.20,3.40,3.10,2.30,2.40,,,5.40,,,4.50,,,5.90,6.60,6.90,7.50,7.10,6,
2008-12-02 06:30,5.70,6.05,3.43,4.73,1.81,5.96,6.09,6.30,1.32,6.18,3.81,4.75,0.89,4.75,4.17,2.54,2.80,-1.22,3.50,1.20,0.86,2.49,3.97,,6.85,7.39,7.19,4.91,2.07,4,6.88,2.36,-0.92,3.31,3.51,1.27,1.40,0.15,,2.40,-1.30,-2.22,0.47,5.81,2.20,6.32,5.60,6.02,6.29,4.91,3.93,6.72,8.27,8.24,7.05,7.41,7.13,6,7.47,8.25,5.90,6.90,4.73,0.63,5.89,3.56,3.34,2.34,0.70,-1.48,1.65,1.58,4.34,1.93,3.53,5.18,5.50,4.68,3.98,-222.74,4.78,3.90,5.68,3.72,7.63,6.01,4.74,2.50,5.22,4.78,4.13,5.17,4.66,2.80,4.66,4.65,4.08,2.19,2.57,5.29,2.38,1.48,4.69,5.30,5.21,5.22,6.02,5.50,6.27,5.33,5.58,4.87,2.36,5.65,4.74,6.33,5.70,5.38,4.44,,4.60,4.69,5.01,5.02,3.45,6.39,7.20,6.83,7.48,5.28,5.10,,4.30,-5.20,4.80,6.40,7.60,,,,,,,4.10,4.70,,4.20,2.10,4.30,6.44,,,,,,,,4.90,4.90,5.80,4.50,3.70,,,,,6.70,,5.20,3.60,2.90,2.30,2.40,,,5.60,,,4.40,,,5.70,6.60,6.40,7.50,7,6.20,
2008-12-02 06:40,5.60,5.82,3.33,4.80,1.68,6.12,5.81,6.40,1.35,6.30,3.77,4.72,0.93,4.53,4.31,2.25,2.81,-1.16,3.60,0.93,0.88,2.39,4.27,,6.84,7.49,7.05,5.13,1.91,4.30,6.96,1.64,-0.78,3.02,3.57,1.58,1.40,0.37,,2.72,-1.30,-2.20,0.33,5.27,1.60,6.17,5.50,5.94,6.24,4.92,3.79,6.59,8.47,8.25,6.95,7.38,7.17,5.90,7.54,8.17,5.90,6.80,4.73,0.60,5.85,3.52,3.26,2.18,0.70,-1.47,1.76,1.50,4.25,1.88,3.60,5.13,5.50,4.60,3.91,-212.63,4.68,3.90,5.43,3.79,7.84,5.99,4.60,3.40,5.74,4.52,3.86,4.52,4.05,2.80,4.54,4.72,4.07,2.09,2.40,5.61,2.28,1.66,4.63,5.24,5.20,5.19,5.93,5.50,6.28,5.32,5.65,4.86,2.21,5.53,4.28,6.23,5.60,5.28,4.49,,4.70,4.72,4.89,5.02,3.31,6.51,7.10,7.10,7.55,5.26,5.10,,4.20,-5.20,4.80,6.10,7.70,,,,,,,4.20,4.90,,4.60,2,4.20,6.72,,,,,,,,5,4.90,5.90,4.50,3.80,,,,,6.60,,5.30,3.80,2.90,2.20,2.50,,,5.70,,,4.30,,,5.50,6.50,6.20,7.30,6.90,6.10,
2008-12-02 06:50,5.60,5.89,3.35,4.77,1.77,5.80,5.91,6.50,1.42,6.40,3.72,4.74,1.11,4.43,4.18,2.19,3.05,-1.20,3.50,1.12,0.80,2.12,4.51,,7.06,7.45,7.12,5.26,1.71,4.70,6.93,1.48,-0.66,2.78,3.71,2.04,1.51,0.38,,3.62,-1.30,-2.12,0.33,4.41,1.40,5.76,5.60,5.90,5.33,4.99,4.16,6.48,8.37,8.31,6.91,7.41,7.18,5.90,7.32,8.27,5.78,6.90,4.76,0.62,5.93,3.52,3.05,2.15,0.60,-1.56,1.60,1.59,4.30,1.76,3.47,5.41,5.40,4.63,4.07,-217.66,4.70,3.90,5.37,3.77,7.71,5.86,4.77,3.20,5.42,4.78,3.83,3.60,4.60,3.40,4.59,4.42,4.17,2.07,2.21,5.74,2.50,1.61,4.71,5.21,5.27,5.11,5.78,5.60,6.21,5.33,5.97,4.90,2.05,4.95,4.28,6.05,5.50,5.30,4.57,,4.70,4.96,4.98,4.82,3.21,6.77,7,7.11,7.53,5.25,5.10,,4.10,-5.20,3.10,6,7.60,,,,,,,4.20,5,,4.90,2.10,4.30,6.88,,,,,,,,5.20,4.90,5.90,4.60,4.10,,,,,6.50,,5.30,3.90,2.80,2.20,,,,5.60,,,4.20,,,5.40,6.50,6,7.30,6.70,6.20,
2008-12-02 07:00,5.70,5.92,3.31,4.78,1.86,6.16,6.04,6.50,1.76,6.37,3.72,4.67,1.11,4.52,4.16,2.11,3.18,-1.54,3.30,1.19,0.80,1.68,4.49,,7.32,7.06,7.18,5.39,1.86,5.60,7.03,1.40,-0.60,2.72,3.56,2.14,1.54,0.44,,5.09,-1.40,-2.11,0.31,4.16,1.60,6.35,5.60,5.83,5.47,5,4.59,6.53,8.49,8.35,6.98,7.46,7.41,5.90,7.35,8.23,5.83,7.10,4.70,0.61,5.96,3.53,3.25,2,0.60,-1.52,1.64,1.61,4.36,1.66,3.52,5.27,5.40,4.69,4.18,-225.22,4.75,4,5.51,4.04,7.63,5.82,4.67,3.80,5.37,4.65,3.98,3.19,5.22,3.90,4.41,4.59,4.25,2.51,2.82,5.42,2.28,1.73,4.87,5.29,5.31,5.27,5.64,5.60,6.39,5.47,6.48,4.94,2.03,4.63,4,5.94,5.20,5.61,4.57,,4.70,5.04,4.97,4.63,3.11,6.86,6.80,6.95,7.19,5.35,5.20,5.40,4.40,-5.20,3,6.10,7.80,8.30,3.30,-5.50,3.90,4.30,4.70,4.10,5,5.60,5.10,2.30,4.90,7.70,3.60,3.30,5.60,5,5.60,5.80,4.60,5.40,5,5.90,4.80,4.50,4.30,3.50,4,6,6.50,6,5.30,4.10,2.40,2.30,2.50,,2.30,5.80,5,5.70,4.40,3.40,3.80,5.30,6.40,5.60,6.90,6.70,6.20,4.30
2008-12-02 07:10,5.80,5.88,3.22,4.81,1.80,6.34,6.20,6.50,2.11,6.44,3.79,4.83,1.19,4.49,4.32,2.16,3.23,-1.19,3,0.86,0.87,1.62,4.43,,7.48,6.95,7.37,5.57,1.89,6,7.05,1.46,-0.39,2.92,3.44,2.86,1.65,0.80,,6.05,-1.40,-2.33,0.35,3.89,1.90,6.79,5.70,5.97,5.50,5.22,4.65,6.64,8.30,8.45,7.02,7.44,7.63,5.90,7.52,8.19,5.79,7.20,4.74,0.49,6.05,3.65,3.54,2.01,0.50,-1.57,1.64,1.62,4.41,1.79,3.58,5.15,5.40,4.79,4.42,-229.67,4.86,4.10,5.44,4.34,7.82,5.85,4.60,4.60,5.52,5.46,4.03,3.38,5.42,4.50,4.92,4.77,4.52,3.55,3.16,4.83,1.93,1.97,4.88,5.33,5.27,5.47,5.66,5.50,6.50,5.52,6.54,5.08,1.93,4.50,3.86,5.86,4.90,5.72,4.70,,4.70,5.29,4.93,4.78,2.98,6.78,6.70,6.74,7.04,5.32,5.30,,4.30,-5.30,3.70,6.10,7.80,,,,,,,4.10,5.20,,5.20,2.40,4.90,7.13,,,,,,,,5.40,5,5.80,4.80,4.50,,,,,6.60,,5.20,4.80,2.30,2.30,2.50,,,5.80,,,4.40,,,5.20,6.10,5.50,6.90,6.60,6.10,
2008-12-02 07:20,5.90,5.91,3.28,4.77,1.80,6.66,6.33,6.60,2.30,6.54,3.91,4.89,1.27,4.41,4.17,2.17,3.21,-1.27,3.10,0.97,0.93,1.73,4.23,,7.80,6.91,7.61,5.92,2.02,6,7.10,1.28,-0.44,2.94,3.21,2.78,2,0.82,,6.24,-1.50,-2.39,0.27,3.48,2.10,6.82,5.90,6.17,6.12,5.40,4.69,6.80,8.33,8.46,7.08,7.45,7.67,6.10,7.66,8.38,5.72,7.30,4.78,0.55,6.03,3.85,3.45,1.98,0.50,-1.44,1.61,1.82,4.57,1.72,3.45,5.29,5.30,4.87,4.76,-233.40,4.92,4.10,5.44,4.54,7.93,5.96,4.57,5.20,5.32,4.60,4.14,3.44,5.74,5.50,5.39,5.24,4.86,4.34,3.84,4.67,2.08,2.61,4.81,5.38,5.25,5.15,5.69,5.40,6.40,5.52,6.85,5.16,1.95,4.19,3.69,5.57,4.60,5.74,4.88,,4.70,5.40,4.88,5.02,2.87,6.49,6.70,6.58,7.23,5.46,5.30,,4.30,-5.30,4,6.20,8,,,,,,,4.20,5.30,,5.10,3.30,5,7.40,,,,,,,,5.30,5.10,5.90,5,4.50,,,,,6.50,,5,5.10,2.30,2.70,2.40,,,5.80,,,4.50,,,5.20,6,5.40,6.80,6.50,6.10,
2008-12-02 07:30,6.20,5.88,3.32,4.77,2,6.72,6.30,6.60,2.39,6.34,3.99,4.93,1.34,4.39,4.23,2.50,3.29,-1.57,3.20,1.43,0.94,1.93,4.23,,8.03,7.21,7.73,6.36,2.10,6.20,7.10,1.44,-0.07,3.13,3.39,3.22,1.97,0.67,,6.44,-1.50,-2.42,0.24,3.82,2.40,6.91,6.10,6.40,6.47,5.60,5.11,7.41,8.27,8.47,7.28,7.53,7.72,6.20,7.91,8.48,5.69,7.30,4.73,0.55,6.04,3.82,3.37,2.09,0.50,-1.55,1.67,1.79,4.63,1.60,3.41,5.31,5.40,4.85,4.96,-236.34,5.11,4.30,5.76,4.59,7.98,5.98,4.61,5.30,5.47,4.59,4.16,4.59,6.07,6,5.88,6.98,5,5.04,4.28,4.67,2.84,3.05,4.83,5.34,5.24,5.26,5.74,5.60,6.39,5.44,7.01,5.25,1.82,3.88,3.53,5.61,4.20,5.74,4.98,,4.80,5.43,4.89,5.13,2.83,6.23,6.60,6.69,6.81,5.45,5.30,,4,-5.30,5.20,6.50,8.20,,,,,,,4.30,5.40,,5.30,5.50,5.50,7.47,,,,,,,,5.20,5.40,6.10,5.20,4.60,,,,,6.30,,5.20,5.40,2.20,2.80,2.30,,,5.80,,,4.70,,,5,5.80,5.30,6.70,6.40,6,
2008-12-02 07:40,6.30,6.13,3.23,4.80,2,6.64,6.30,6.70,2.58,6.63,4.46,4.99,1.27,4.20,4.24,2.63,3.31,-1.41,3.40,1.26,0.87,1.97,3.92,,8.53,7.79,7.66,6.41,2.08,6,7.26,2.32,0.11,3.65,3.37,3.23,2.28,1.09,,6.18,-1.50,-2.43,0.30,4.39,3.20,6.87,6.50,6.57,6.96,5.80,5.18,7.68,8.49,8.58,7.48,7.63,7.68,6.40,8.09,8.68,5.74,7.60,4.76,0.51,6.11,4.09,3.69,2.10,0.60,-1.52,1.71,1.82,4.71,1.63,3.39,5.22,5.50,5.04,4.93,-239.19,5.28,4.50,6.12,4.57,7.97,6.01,5.48,5.70,5.43,5.23,4.18,5.52,6.20,6.20,6.44,8.18,4.95,5.74,4.82,4.93,3.72,3.23,4.78,5.40,5.39,5.26,5.99,5.80,6.43,5.53,6.93,5.42,1.50,3.58,3.54,5.58,4,5.71,5.09,,4.90,5.79,5,5.04,2.88,6.10,6.50,6.52,6.82,5.38,5.20,,4.20,-5.30,5.90,7.20,8.20,,,,,,,4.50,5.60,,5.70,6.60,5.70,7.60,,,,,,,,5.40,5.40,6.30,5.20,4.80,,,,,6.30,,5.70,5.70,2.20,3,2.20,,,5.90,,,4.90,,,4.90,5.50,5.40,6.60,6.40,6,
2008-12-02 07:50,6.50,6.17,3.26,4.84,2,6.64,6.26,6.70,2.78,6.78,4.92,5.11,1.28,4.17,4.25,2.59,3.08,-1.62,3.50,1.34,0.85,2.05,3.99,,8.81,8.09,7.76,6.61,2.21,5.70,7.49,2.95,0.25,4.45,3.23,3.36,2.64,1.87,,5.96,,-2.42,0.33,4.89,3.80,7.08,6.70,6.77,6.78,5.96,5.06,8,8.72,8.67,7.72,7.67,7.96,6.60,8.12,8.93,5.91,7.70,4.79,0.62,6.12,4.36,3.67,2.14,0.60,-1.54,1.75,1.76,4.98,1.63,3.40,5.55,5.40,5.06,5.10,-242.01,5.52,4.60,6.32,4.65,8,6.10,5.60,6.10,6.42,6.11,4.18,6.31,6.26,6.50,6.72,8.62,5.01,6.09,5.38,5.53,4.37,3.63,4.81,5.60,5.43,5.35,6.02,6,6.61,5.60,6.90,5.66,1.48,3.50,3.47,5.49,3.80,5.47,5.20,,5,6.16,5.04,5.19,2.52,6.03,6.30,6.49,6.98,5.36,5.20,,4,-5.30,4.20,7.40,8.40,,,,,,,4.60,5.70,,6,7.60,6.10,7.83,,,,,,,,5.40,5.40,6.20,5.40,5.10,,,,,6.30,,6.40,5.90,2.20,3.10,2.10,,,5.90,,,5.10,,,4.70,5.20,5.30,6.60,6.40,6,
2008-12-02 08:00,6.50,6.29,3.30,4.97,2,6.84,6.44,6.60,2.85,7.04,4.92,5.19,1.50,4.25,4.44,2.56,3.22,-1.42,3.80,1.58,0.84,2.43,4.48,,8.90,8.41,7.87,6.83,2.92,5.90,7.62,3.81,0.61,4.36,3.02,3.77,3.60,2.18,,5.97,-1.70,-2.42,0.42,5.65,4.60,7.40,6.90,6.94,7.03,6.11,5.33,8.30,8.86,8.78,7.85,7.86,8,6.80,8.11,9.16,5.94,7.60,4.91,0.81,6.08,4.36,3.55,2.13,0.60,-1.46,1.83,1.78,5.07,1.61,3.52,5.58,5.50,5.03,5.50,-244.34,5.70,4.80,6.46,4.79,8.45,6.15,5.84,6.80,7.35,7.32,4.34,6.75,6.68,6.50,7.50,8.79,5.18,6.62,5.78,6.04,5.28,4.35,4.70,5.56,5.34,5.51,6.16,6.30,6.55,5.51,6.87,5.99,1.44,3.28,3.36,5.33,3.60,5.27,5.22,,5.20,6.16,5.23,5.56,2.51,5.98,6.10,6.74,6.94,5.41,5.30,5.70,3.90,-5.30,5.60,7.70,8.50,10,3.90,-5.60,3.80,4.70,5.70,4.80,5.90,7,5.70,7.90,6.60,8.50,,3.50,5.70,5.30,5.40,5.80,5.70,5.50,5.60,6.70,5.50,5.60,4.50,3.80,4.90,6.20,6.30,6.50,6.80,6.10,2.20,3.30,2.10,,2.80,5.90,5.30,6.60,5.40,3.20,3.30,4.70,5,4.90,6.30,5.80,6.30,5.40
2008-12-02 08:10,6.70,6.44,3.33,5.07,2.10,7.25,6.57,6.80,2.96,7.51,4.96,5.33,1.72,4.26,4.69,2.74,3.36,-1.50,4.20,2.48,0.99,2.39,5,,9.05,8.63,7.90,6.92,4.37,6.40,7.87,4.38,0.59,4.65,3.43,3.60,4.11,2.44,,6.08,-1.70,-2.41,0.32,6.72,5.10,8.02,6.90,6.90,7.08,6.22,5.66,8.46,8.99,8.83,7.90,7.95,7.95,7.30,8.31,9.21,6.19,7.60,4.98,0.64,6.20,4.09,3.74,2.20,0.70,-1.40,1.93,1.75,4.92,1.61,3.62,5.27,5.50,5.05,5.40,-246.03,5.90,4.90,6.71,4.97,8.63,6.35,6.21,7.40,8.10,7.69,4.57,7.33,6.96,7.20,7.89,8.99,5.48,7.08,6.16,6.09,6.16,4.82,4.65,5.53,5.40,5.55,6.16,6.30,6.57,5.73,6.95,6.22,1.43,2.90,3.43,4.92,3.60,5.08,5.37,,5.30,6.05,5.39,5.62,2.34,6.02,6,6.74,6.74,5.69,5.30,,4.10,-5.40,6.50,7.50,8.60,,,,,,,5,6.10,,5.60,,6.70,8.28,,,,,,,,5.70,5.70,7.10,5.80,5.70,,,,,6.30,,7.30,6.30,2.20,3.30,,,,5.90,,,5.60,,,4.60,4.80,4.90,6.30,5.80,6.30,
2008-12-02 08:20,6.40,6.61,3.34,5.09,2.20,7.63,6.77,6.90,3.08,7.74,4.98,5.53,1.94,4.07,5.13,3.03,3.48,-1.35,4.70,3.05,1.04,2.22,5.39,,9.17,8.82,7.90,7.06,5.77,6.40,8.03,5.93,0.37,5.34,3.84,3.65,4.54,2.86,,6.50,-1.60,-2.34,0.25,7.96,5.80,8.69,6.90,7.08,7.13,6.21,5.78,8.65,9.07,9.01,8.11,8.10,8.14,7.50,8.31,9.27,6.28,7.80,5.15,0.74,6.15,3.93,3.91,2.27,0.80,-1.45,1.95,1.66,4.70,1.61,3.56,5.24,5.50,5.06,5.30,-245.23,5.98,5.10,6.85,5.29,8.86,6.31,6.62,7.50,8.19,7.27,4.49,7.59,7.12,7.90,8.30,9.20,5.79,7.46,6.75,6.10,6.86,5.39,4.71,5.61,5.44,5.70,6.25,6.10,6.65,6.02,6.97,6.43,1.38,2.88,3.39,4.67,3.30,4.94,5.58,,5.50,6.22,5.47,6.08,2.13,6.04,5.90,6.62,6.64,5.79,5.40,,4,-5.40,5.70,7.60,8.90,,,,,,,5.20,6.30,,5.70,8.70,6.80,8.36,,,,,,,,5.80,5.50,7.80,6.10,6,,,,,6.30,,7.50,6.70,2,3.40,1.90,,,5.90,,,5.60,,,4.60,4.70,4.70,6.20,5.20,6.20,
2008-12-02 08:30,6.30,6.73,3.40,5.11,2.20,7.89,6.84,7,3.30,7.92,5.19,5.82,1.92,4.31,5.08,3.35,3.65,-1.67,5,3.88,1.18,2.49,5.74,,9.37,9.11,7.98,7.28,6.76,6.40,7.92,8.21,0.36,5.84,4.15,3.93,5.10,2.89,,6.53,-1.50,-2.37,0.47,8.75,6.10,8.85,7.10,7.29,7.45,6.02,5.79,8.64,9.27,9.26,8.20,8.23,8.33,7.70,8.24,9.41,6.32,7.90,5.25,0.73,6.15,3.93,3.91,2.32,0.80,-1.55,1.96,1.77,4.78,1.63,3.58,5.38,5.90,5.38,5.80,-244.24,6.12,5.20,6.73,5.75,8.99,6.36,6.80,8,8.23,7.31,4.37,7.56,7.51,8.90,8.65,9.03,6.28,7.72,7.18,6.13,7.32,5.76,4.82,5.59,5.65,5.96,6.27,6.10,6.74,6.13,6.99,6.76,1.33,3,3.51,4.50,3.20,4.66,5.65,,5.70,6.41,5.60,6.11,2.04,5.94,5.70,6.36,6.32,5.76,5.60,,4.20,-5.40,7.60,7.80,8.80,,,,,,,5.40,6.40,,5.90,9.20,6.90,8.47,,,,,,,,6,5.70,8,6.60,6.70,,,,,6.30,,7.70,7,1.90,3.50,1.90,,,5.60,,,5.50,,,4.30,4.50,4.60,6.10,4.90,6.20,
2008-12-02 08:40,6.50,6.70,3.38,5.14,2.20,8.17,6.87,7.20,3.38,8.11,5.20,5.92,2.15,4.36,5.49,3.39,3.83,-1.72,5.10,4.48,1.13,2.92,6.13,,9.49,9.34,8.17,7.39,7.61,6.70,8.12,8.77,0.59,6.01,4.40,4.27,5.96,3.83,,6.47,,-2.35,0.61,8.59,6.60,9.27,7.50,7.46,7.59,6.13,5.62,8.85,9.32,9.48,8.28,8.29,8.36,7.50,8.25,9.49,6.42,7.90,5.21,0.74,6.21,3.94,3.94,2.41,0.90,-1.44,1.92,1.84,4.68,1.59,3.57,5.38,6.10,5.61,5.90,-241.95,6.23,5.40,6.75,6.17,9.16,6.60,6.92,8.50,8.25,7.86,4.66,7.07,7.96,9.20,9.03,9.26,6.75,7.92,7.72,6.48,7.94,6.66,4.98,5.58,5.84,5.95,6.35,6.30,6.79,6.45,6.95,6.99,1.10,3,3.63,4.50,3.20,4.43,5.67,,5.90,6.38,5.84,6.16,2.10,5.86,5.50,6.11,5.78,5.85,5.80,,4.40,-5.50,8.10,7.90,8.80,,,,,,,5.60,6.50,,5.70,9.50,7.30,8.63,,,,,,,,6.10,6,8,7.10,7.20,,,,,6.40,,7.80,7.30,1.80,3.70,2,,,5.50,,,5.80,,,4.10,4.40,4.50,5.90,4.50,6.30,
2008-12-02 08:50,6.60,6.75,3.39,5.43,2.10,8.34,6.96,7.20,3.51,8.19,5.06,6.11,2.18,4.51,5.53,3.01,3.92,-1.64,5.20,4.95,1.25,3.07,6.36,,9.79,9.51,8.46,7.36,8.48,7.10,8.50,8.88,0.92,6.47,4.63,4.53,6.29,4.19,,6.52,-1.50,-2.44,0.72,8.84,6.50,9.10,7.50,7.69,7.52,6.61,5.63,8.97,9.38,9.70,8.62,8.27,8.49,7.90,8.32,9.46,6.43,8.30,5.27,0.91,6.32,3.98,4.01,2.35,0.90,-1.43,2.10,1.76,4.89,1.57,3.59,5.57,6.20,5.83,6.20,-235.51,6.34,5.60,7.15,6.23,9.38,6.75,7.23,8.90,8.68,7.81,4.81,7.14,8.29,9.50,9.17,9.45,7.07,8.82,8.26,6.87,8.44,7.04,4.95,5.63,5.80,6.12,6.66,6.40,6.79,6.89,7.07,7.33,0.85,2.97,3.89,4.39,3.10,4.19,5.67,,6.20,6.55,6.19,6.33,2.11,5.65,5.30,5.83,5.24,6,5.80,,4.60,-5.50,8,8,8.90,,,,,,,5.80,6.60,,6.30,9.80,7.60,8.92,,,,,,,,6.20,6.20,8.10,7.40,7.40,,,,,6.40,,7.60,7.70,1.70,3.80,2,,,5.50,,,5.90,,,4,4.10,4.50,5.80,4.40,6.20,
2008-12-02 09:00,6.60,6.65,3.64,5.65,2.20,8.74,6.91,7.30,3.20,8.34,5.23,6.16,2.43,4.58,5.67,2.78,4.11,-1.35,5.40,5.23,1.18,3.14,6.57,,9.94,9.65,8.55,7.41,9.33,7.30,8.56,9.02,1.06,6.79,4.93,4.83,6.26,4.75,,6.54,-1.60,-2.53,0.69,8.70,6.60,8.78,7.70,7.83,7.62,6.71,5.64,9.08,9.58,9.85,8.71,8.31,8.53,7.60,8.36,9.47,6.39,8.60,5.39,1.05,6.48,4,4.04,2.41,1,-1.47,2.10,1.71,5.49,1.67,3.50,5.41,6.10,6.06,6.40,-232.37,6.46,5.70,7.42,6.42,9.70,6.78,7.61,9.20,9.06,7.84,4.98,7.25,8.70,9.60,9.29,9.56,7.33,9.13,8.53,6.99,8.86,7.33,4.99,5.70,5.85,6.26,6.98,6.70,7.10,7.27,6.90,7.75,0.90,2.95,4.20,4.24,3.10,4.25,5.66,,6.40,6.72,6.45,6.57,2.18,5.51,5.10,5.37,4.87,5.91,5.70,6.30,4.70,-5.50,7.80,8,8.40,,4.70,-5.60,4,6,6.70,6,6.70,8.10,6.70,10,8,9.30,8.90,3.90,6.10,5.70,5.90,5.90,6.30,6.30,6.40,8.10,7.30,7.90,4.70,4.10,5,6.20,6.40,7.40,7.60,7.90,1.30,3.90,2.10,2.50,3.90,5.50,6.60,7.10,5.80,3,3.10,4,4,4,5.10,4.30,6.50,6.10
2008-12-02 09:10,6.60,6.62,4.07,5.61,2.19,8.78,7.01,7.30,3.52,8.53,5.19,6.17,2.33,4.45,5.71,2.73,4.36,-1.58,5.40,5.50,1.20,3.43,6.64,,10.11,9.85,8.76,7.50,9.83,7.70,8.64,9.33,1.11,7.03,5.38,5.45,6.45,5.39,,6.70,-1.60,-2.49,0.78,8.77,6.70,8.34,7.90,7.94,7.72,6.47,5.61,9.17,9.55,9.88,8.87,8.32,8.76,7.80,8.48,9.64,6.40,8.60,5.52,1,6.69,4.01,4.14,2.28,0.90,-1.57,2.15,1.71,5.72,1.60,3.54,5.83,6.30,6.09,6.44,-232.52,6.53,6,7.68,6.39,9.72,6.93,7.67,9.40,9.34,8.12,5.09,7.56,8.92,9.70,9.38,9.41,7.51,9.45,8.67,7.18,9.04,7.27,4.94,5.72,5.93,6.32,7.39,6.90,7.03,7.67,7.03,7.88,0.96,2.97,4.35,3.99,3.20,4.35,5.71,,6.70,6.85,6.62,6.59,2.33,5.35,4.90,5,4.84,6.08,5.70,,4.40,-5.50,8.30,8.40,8.70,,,,,,,6,6.90,,6.70,9.80,8.10,9.19,,,,,,,,7,6.50,8.10,7.60,7.90,,,,,6.50,,7.90,8.30,1.30,3.90,2.10,,,5.50,,,6.60,,,4,4,4,5.10,4.30,6.60,
2008-12-02 09:20,6.80,6.22,4.29,5.34,2.12,8.78,7.02,7.40,3.41,8.59,5.01,6.32,2.50,4.31,5.72,2.91,4.30,-1.72,5.50,5.54,1.22,3.86,6.71,,10.09,10.14,8.84,7.51,9.94,7.80,8.63,9.60,1.34,7.17,5.52,6.05,6.79,5.97,,6.91,-1.60,-2.48,0.73,9.04,6.80,8.45,,8.10,7.83,6.98,6.02,9.25,9.66,10.01,8.90,8.58,8.68,7.90,8.74,9.82,6.50,8.40,5.58,1.09,6.76,3.95,4.22,2.26,1,-1.52,2.17,1.78,5.95,1.61,3.52,6.41,6.70,6,6.28,-231.69,6.69,6.14,7.93,6.61,9.68,6.94,7.83,9.40,9.42,9.13,5.08,7.87,8.97,9.90,9.52,9.49,7.72,9.55,8.85,7.34,9.27,7.43,5.10,5.81,5.91,5.91,7.54,7.20,7.20,7.66,7.02,7.95,1.26,3.02,4.44,3.76,3.30,4.50,5.35,,6.80,7.03,6.68,6.67,2.40,5.17,4.80,4.86,4.69,5.95,5.90,,4.40,-5.40,8.80,8.40,9.10,,,,,,,6.20,7,,6.90,9.70,8.60,9.30,,,,,,,,7.30,6.70,8.10,7.60,8.30,,,,,6.40,,7.80,8.90,1.10,4,,,,5.50,,,7.10,,,3.90,4.20,3.90,4.90,4.20,6.70,
2008-12-02 09:30,6.80,6.43,3.98,5.37,2.08,8.71,7.17,7.40,3.54,8.88,5.23,6.42,2.67,4.61,5.49,3.37,4.24,-1.44,5.30,5.73,1.41,3.97,6.30,,10.24,10.13,9.12,7.57,10.03,8.10,8.82,9.64,1.66,6.81,5.82,6.29,7.05,6.27,,6.88,-1.60,-2.49,0.72,9.28,6.80,9.09,,8.22,7.42,7.19,7,9.41,9.75,10.12,8.81,8.85,8.60,8,8.76,9.79,6.50,8.50,5.56,1.05,6.62,3.97,4.35,2.28,1,-1.53,2.23,1.71,6.19,1.68,3.64,6.63,6.70,5.67,6.15,-230.89,6.84,6.28,8.02,6.81,9.71,7.06,7.86,9.40,9.78,9.75,5.14,8.65,9.01,10.20,9.87,9.63,7.87,9.66,9.01,7.73,9.62,8.04,4.98,5.72,5.97,5.57,7.50,7.50,7.33,7.76,7.06,7.92,1.59,2.89,4.56,3.60,3.40,4.59,5.17,,6.80,7.13,6.57,6.73,2.49,4.90,4.70,4.93,5.02,5.74,6,,4.90,-5.40,9.40,8.30,8.90,,,,,,,6.40,7.30,,7,9.80,9,9.54,,,,,,,,7.20,6.70,8.30,7.90,8.80,,,,,6.50,,7.90,9.20,0.90,4.10,2,,,5.60,,,7.60,,,3.90,4.20,3.90,4.80,4.10,6.80,
2008-12-02 09:40,6.80,6.72,4.35,5.38,2.28,8.96,7.25,7.40,3.45,8.86,5.19,6.21,3.01,4.81,5.39,3.92,4.31,-1.62,5.30,5.70,1.49,4,6.16,,10.36,9.29,9.24,7.64,10.46,8.70,8.89,9.60,1.71,6.72,6.22,6.98,7.39,6.73,,6.85,-1.50,-2.46,0.74,9.05,6.80,9.24,7.10,8.23,7.40,7.39,7.44,9.61,9.79,9.97,8.54,8.79,8.75,8.30,8.90,9.81,6.54,8.70,5.67,1.01,6.68,4.01,4.54,2.24,1,-1.64,2.26,2.04,6.49,1.84,3.72,6.57,6.60,5.52,5.99,-230.41,6.99,6.36,8.02,6.88,9.61,7.13,7.98,9.30,9.84,10.22,5.18,8.92,9.22,10.50,10.05,9.64,8.13,9.93,9,7.92,9.58,8.65,4.85,5.77,6.27,5.57,7.47,8,7.46,7.72,7.13,7.98,1.88,3.02,4.66,3.59,3.50,4.72,5.27,,6.90,6.93,6.67,7.04,2.55,4.61,4.60,4.94,4.67,5.77,5.80,,5.10,-5.40,9.70,8.50,9,,,,,,,6.50,7.50,,7.10,9.90,9.30,9.71,,,,,,,,7.20,6.80,8.20,7.90,9.10,,,,,6.50,,8,9.30,0.50,4,1.90,,,5.50,,,7.80,,,3.90,3.90,3.80,4.70,4,6.60,
2008-12-02 09:50,6.80,7.07,4.57,5.48,2.34,9.08,6.99,7.50,3.47,8.77,5.19,6.02,2.83,4.75,5.42,4,4.43,-1.41,5.40,6.09,1.52,3.86,6.07,,10.64,8.70,9.38,8.10,10.66,9.40,8.92,9.90,1.46,6.66,6.56,7.18,7.60,6.96,,6.87,-1.60,-2.44,0.77,8.59,7,9.25,6.40,8.34,6.84,7.23,7.41,9.65,9.76,10.07,8.70,8.94,8.85,8.10,9.03,9.96,6.55,8.50,5.64,1.08,6.79,4.01,4.58,2.35,1,-1.72,2.14,1.99,6.06,2.06,3.73,6.62,6.50,5.43,6.38,-196.97,7.01,6.54,7.82,7.11,9.62,7.18,8.28,9.60,9.98,9.96,5.28,9.03,9.52,10.50,10.16,9.90,8.44,10.20,9.13,7.68,9.79,8.99,4.77,5.75,6.48,5.69,7.46,8.40,7.52,7.60,7.14,8.01,2.19,3.16,4.61,3.64,3.70,4.67,5.31,,7.20,6.87,6.73,7.46,2.47,4.45,4.50,4.89,4.75,5.74,6,,5.20,-5.30,10.30,8.50,8.90,,,,,,,6.80,7.50,,7.30,9.90,9.60,9.72,,,,,,,,7.10,6.90,8.20,8.30,9.20,,,,,6.60,,7.60,9.50,0.50,4,,,,5.50,,,7.70,,,3.90,3.90,3.70,4.70,3.90,6.20,
2008-12-02 10:00,6.80,6.78,4.26,5.78,2.91,8.88,6.66,7.50,3.75,8.43,5.33,6.10,2.96,5.09,5.55,4.07,4.31,-1.54,5.60,6,1.62,3.88,5.68,,10.74,8.67,9.53,8.12,10.96,9.30,8.88,10.25,1.19,6.41,6.29,7.25,8.02,7.30,,6.98,-1.60,-2.33,0.73,8.65,7.20,9.33,7,8.37,6.92,7.37,7.51,9.69,9.75,9.79,8.92,8.81,8.83,8.30,8.88,9.93,6.59,8.60,5.64,0.96,6.93,3.95,5.07,2.38,1,-1.63,1.97,1.99,5.36,2.14,3.81,6.76,6.70,5.55,6.30,-185.74,7.23,6.81,7.98,7.25,9.74,7.37,8.34,9.50,10.24,10.10,5.59,9.23,9.69,10.60,10.19,10.29,8.45,10.49,9.28,8.06,9.87,9.40,4.93,5.51,6.36,6.06,7.62,8.60,7.42,7.61,7.12,8.10,2.62,3.41,4.91,3.79,3.90,4.45,5.31,,7.30,7.02,6.80,7.29,2.60,4.37,4.40,4.70,4.57,5.72,6,6.90,5.30,-5.30,10.60,8.90,8.70,,4.50,-6,4.20,7.80,7,6.80,7.60,8.70,7.60,10,9.40,10,,4.30,6.40,6.40,5.90,6.50,6.70,7,7,8.40,8.50,9.50,5.20,4.50,5.40,6.70,6.60,8.40,7.60,9.60,1.30,4.10,1.80,,4.20,5.80,6.40,,7.60,2.40,2.60,3.80,3.80,3.80,4.50,4,5.90,6.80
2008-12-02 10:10,6.80,6.92,4.26,6.07,3,8.71,6.71,7.40,3.56,8.62,5.49,5.96,2.95,5.15,5.89,4.07,4.32,-1.63,5.90,6,1.50,4.29,5.32,,10.62,8.57,9.59,8.20,11.09,9.20,9.03,10.37,0.72,6.61,6.18,7.10,8.40,7.49,,7.14,-1.60,-2.34,0.73,9.06,6.60,10.03,7.30,8.29,6.76,7.19,7.67,9.83,9.88,9.70,9.09,8.70,9.15,8.50,9,10.10,6.60,8.50,5.62,0.99,6.97,3.94,4.99,2.49,1,-1.57,,2.03,5.14,2.15,3.80,6.68,6.60,5.81,6.37,-206,7.27,6.60,7.81,7.26,9.96,7.45,8.51,9.80,10.36,10.42,5.94,9.36,9.67,10.70,10.57,10.59,8.55,10.57,9.41,8.12,9.95,9.49,4.95,5.51,6.39,6.14,7.51,8.40,7.63,7.84,7.06,8.23,2.97,3.61,4.76,3.91,4,4.43,5.30,,7.20,6.98,6.78,7.40,2.54,4.30,4.30,4.51,4.23,5.75,6.20,,5.30,-5.30,10.80,9.20,8.80,,,,,,,7.20,7.70,,7.60,10.20,9.50,9.75,,,,,,,,6.90,7.10,8.50,8.50,9.50,,,,,6.80,,7.50,9.70,1.30,4.20,1.80,,,5.70,,,7.60,,,3.60,3.80,3.80,4.50,4,6.20,
2008-12-02 10:20,6.80,7.51,4.78,6.35,3.40,8.69,6.60,7.30,3.17,9.03,5.44,6.32,3.04,5.20,5.74,3.99,4.38,-0.62,6,6.30,1.45,4.08,5.19,,10.56,8.59,9.47,8.10,11.02,8.90,9.14,10.70,0.52,6.62,6.55,7.31,8.67,8.05,,7.41,-1.50,-2.31,0.89,9.33,6.60,10.21,8,8.45,7.11,7.07,7.27,9.86,9.80,9.51,8.90,8.85,9.27,7.80,9.01,10.27,6.63,8.20,5.71,0.94,7.05,3.98,4.97,2.49,1.10,-1.67,,2.08,5.40,2.27,3.83,6.50,6.60,6.14,6.44,-219.42,7.27,6.40,8.01,7.62,10.25,7.47,8.78,9.90,10.11,10.56,5.79,9.40,9.78,10.90,10.84,10.58,8.87,10.60,9.38,7.81,10,10.01,5.01,5.52,6.46,5.90,7.32,8.30,7.73,7.79,7.06,8.32,3.30,3.72,4.68,3.97,4.10,4.53,5.24,,7.10,6.96,6.93,7.27,2.58,4.11,4.20,4.37,4.26,5.70,6.10,,5.30,-5.30,10.50,9.40,8.90,,,,,,,7.40,7.80,,7.80,11,9.60,9.86,,,,,,,,6.90,7.20,8.60,8.60,9.70,,,,,6.90,,7.40,9.70,1.80,4.20,1.90,,,5.80,,,7.40,,,3.70,3.70,3.80,4.40,4.20,6.30,
2008-12-02 10:30,7.10,7.21,5.13,6.57,3.40,8.61,6.67,7.90,3.31,9.34,5.75,6.31,3.10,5.40,5.98,4.07,4.62,-0.61,6,6.35,1.49,3.95,5.05,,10.48,9.04,9.41,8.43,11.22,9.20,8.95,10.83,0.53,6.58,7.13,7.56,9.18,8.38,,7.39,-1.50,-2.28,1.16,9.43,6.80,10.41,7.70,8.49,7.44,7.24,6.83,9.64,9.80,9.49,8.62,8.74,9.11,8.30,9.30,10.29,6.61,8.60,5.72,0.99,7.07,3.97,5.11,2.56,1.10,-1.54,,2.17,5.91,2.17,3.86,6.66,6.70,6.38,6.48,-229.84,7.29,6.60,8.20,7.70,9.93,7.53,8.75,10,9.52,10.54,6.10,9.58,9.95,11,10.68,10.54,9.02,10.81,9.48,8.12,9.91,10.12,5.21,5.43,6.53,5.64,7.15,8.20,7.82,7.92,7.06,8.24,3.58,3.77,4.92,4.10,4.10,4.85,5.15,,6.90,6.97,6.97,7.28,2.52,4.04,4.20,4.33,4.42,5.40,6,,5.30,-5.30,11.20,9.50,9.40,,,,,,,7.40,7.90,,7.90,11.40,9.80,10.09,,,,,,,,7,7.30,8.70,8.70,9.60,,,,,6.80,,7.60,9.80,2.40,4.30,1.90,,,5.80,,,7.20,,,3.60,3.70,3.70,4.40,4.40,6.40,
2008-12-02 10:40,7.60,7.25,5.20,6.63,4.30,8.47,7.12,8.20,3.83,9.56,6.23,6.73,3.32,5.76,6.07,4.22,4.96,-0.71,6.20,6.39,1.68,3.71,5.13,,10.32,9.57,9.17,8.26,11.49,9.10,9.14,10.99,0.89,6.81,7.49,7.71,9.36,8.57,,7.43,-1.40,-2.18,,9.39,7,10.41,7.90,8.56,7.82,7.08,6.64,9.71,9.96,9.47,8.55,8.76,9.15,8,9.38,10.11,6.55,8.60,5.79,1.21,7.14,3.94,5.14,2.53,1.20,-1.56,,2.10,6.20,2.39,3.74,6.85,6.70,6.46,6.03,-235.80,7.56,6.60,8.28,7.48,9.59,7.60,9.13,10.10,9.87,10.55,6.16,9.60,9.91,11.30,10.75,10.82,9.15,10.65,9.60,8.31,9.98,10.71,5.34,5.36,6.29,5.77,7.15,8.30,8.13,8,7.15,8.24,3.70,3.99,5.04,4.34,4.20,5.05,4.92,,7,7.19,6.77,7.33,2.39,3.80,4.10,,4.44,5.02,5.90,,5.50,-5.30,11.40,9.50,8.90,,,,,,,7.50,8.20,,7.90,11.60,9.90,10.14,,,,,,,,7,7.40,8.50,8.90,9.70,,,,,6.90,,7.70,9.60,2.80,4.30,2,,,5.70,,,7.20,,,3.50,3.70,3.60,4.40,4.60,6.40,
2008-12-02 10:50,7.50,7.45,5.46,6.62,4.50,8.49,7.77,8,4.32,9.75,6.40,6.91,3.54,5.69,6.04,4.03,5.38,-0.98,6.50,5.88,1.70,4.04,5.07,,10.52,9.28,9.21,8.37,11.66,9.20,9.10,11,1.44,6.95,7.57,7.40,9.72,8.70,,7.46,-1.40,-2.19,,9.53,7.10,10.39,7.40,8.75,7.88,6.97,6.60,9.75,9.95,9.34,8.66,8.86,9.06,8.50,9.39,10.22,6.57,8.50,5.91,1.41,7.20,4.05,5.13,2.61,1.20,-1.52,,2.25,6.40,2.39,4,6.83,6.70,6.46,5.91,-244.20,7.58,6.80,8.61,7.43,9.35,7.75,8.77,10,10.15,10.38,6.16,9.68,10.10,11.50,10.67,10.87,9.39,10.81,9.63,8.43,9.91,10.82,5.50,5.27,6.03,5.93,7.51,7.80,8.18,8.04,7.25,8.19,3.84,4.29,5.27,4.45,4.40,5.36,4.72,,7,7.32,6.81,7.32,2.17,4.01,4.10,,4.69,4.78,6,,5.30,-5.30,11.90,9.20,9.20,,,,,,,7.30,8.10,,8.10,11.70,9.90,10.21,,,,,,,,7,7.50,8.60,8.90,9.80,,,,,6.90,,7.90,9.80,3,4.30,2.40,,,5.70,,,7.10,,,3.40,3.70,3.50,4.30,4.70,6.40,
2008-12-02 11:00,7.80,7.82,5.53,6.88,4.40,8.95,8.11,7.50,4.47,10.05,6.34,7.03,3.48,5.19,6.34,4.62,5.39,-0.73,6.30,5.97,1.75,3.76,5.51,,10.58,9.35,9.36,8.43,11.80,9.20,9.22,10.87,1.61,7.25,7.60,7.71,8.85,8.51,,7.40,-1.40,-2.23,,9.80,7.20,10.50,7.40,8.90,7.78,6.92,6.86,9.54,9.66,9.45,8.72,8.79,9.06,8.80,9.22,10.28,6.55,8.50,5.88,1.61,6.98,4.06,5.26,2.65,1.30,-1.48,,2.29,6.41,2.46,4.23,6.80,6.50,6.42,6.12,-244.52,7.38,6.70,8.87,7.71,9.31,7.77,8.88,9.50,10.32,10.22,6.19,9.57,10.22,11.50,10.85,10.91,9.55,10.95,9.57,8.62,10.03,10.79,5.63,5.29,5.77,6.61,7.68,7.70,8.24,7.88,7.12,7.99,3.96,4.39,5.53,4.48,4.40,5.46,4.77,,7.20,7.24,7.06,7.26,2.10,3.95,4.20,4.64,4.73,4.73,5.90,7.80,5.40,-5.20,11.70,9.30,9.30,11.20,5.40,-6,4.50,7.90,6.70,7.30,8.40,7.50,8.20,11.90,10.30,10.40,,4.70,7.30,5.70,6.80,6.50,6.90,7.10,7.60,8.50,8.90,9.80,5.50,4.90,5.60,7.30,7.10,9,8,9.90,3.40,4.10,2.70,3,4.40,6.10,6.40,7,7.10,2.20,2,3.30,3.70,3.60,4.40,4.80,6.30,6.30
2008-12-02 11:10,8.40,8.34,5.45,7.07,4.87,9.26,8.36,7.80,4.25,10.21,6.28,6.94,3.13,4.90,6.53,5.30,5.42,-0.99,6.10,6.32,1.78,3.76,6.62,,10.30,9.98,9.52,8.40,11.90,9.30,9.15,10.97,1.96,7.63,7.75,7.59,8.60,8.56,,7.32,-1.30,-2.28,,9.36,6.60,10.52,7.50,8.97,7.67,7.06,7.89,9.77,9.71,9.80,8.46,8.84,9.25,8.70,9.17,10.23,6.70,8.40,5.88,1.26,6.86,3.99,5.47,2.63,1.40,-1.48,,2.41,6.67,2.55,5.11,6.57,6.20,6.60,5.90,-240.73,7.70,6.60,8.83,7.80,9.40,8,8.88,9.30,10.40,10.24,6.31,9.54,10.30,11.60,10.98,10.99,9.68,11.02,9.70,8.72,10.21,10.89,5.73,5.41,5.72,6.79,7.55,8.10,8.44,7.81,7.06,7.84,3.92,4.55,5.65,4.38,4.40,5.76,4.94,,7,7.27,6.74,7.12,2.25,3.95,4.40,4.62,4.76,4.60,6,,5.30,-5.20,11.60,9.10,9.20,,,,,,,7.20,8.30,,8.20,11.40,10.30,10.41,,,,,,,,7.10,7.70,8.70,9.10,9.70,,,,,7.10,,8.10,9.90,3.40,4.10,2.90,,,6.10,,,7.20,,,3.40,3.70,3.60,4.40,4.80,6.30,
2008-12-02 11:20,9.10,8.49,5.66,7.10,4.76,9.29,8.09,8.40,4.36,9.89,6.26,6.94,2.98,4.81,6.68,5.10,5.64,-0.71,6.40,6.37,1.67,3.88,6.67,,10.17,10.37,9.33,8.31,11.70,9.60,9.35,10.87,2.22,7.73,8.04,7.85,8.94,8.69,,7.26,-1.20,-2.39,0.80,9.07,6.70,10.57,8.30,9.20,7.92,7.35,7.87,10.02,9.85,9.82,8.60,8.88,9.38,8.30,9.19,10.15,6.65,8.40,5.78,1.22,6.83,4.04,4.94,2.63,1.40,-1.47,,2.52,6.40,2.68,4.87,6.50,6.10,6.80,6.55,-236.88,7.63,6.80,8.70,7.61,9.76,8.01,8.92,9.10,10.28,10.40,6.49,9.53,10.34,11.40,11.21,11.20,9.79,10.92,9.84,8.93,10.01,10.87,6.02,5.26,5.60,6.83,7.29,8,8.40,8,7.49,7.69,4.02,4.68,5.80,4.34,4.40,5.85,4.97,,6.90,7.16,6.68,7.20,2.60,3.92,4.60,4.76,5.07,4.84,6,,5.50,-5.20,11.50,9.20,9.10,,,,,,,7.50,8.30,,8.30,11.80,10.50,10.53,,,,,,,,6.80,7.70,8.80,9.10,9.70,,,,,7.20,,8.20,9.90,3.60,4.20,3,,,6.30,,,7.40,,,3.30,3.60,3.60,4.40,4.70,6.20,
2008-12-02 11:30,9,8.83,5.85,7.07,4.83,9.44,8.19,8.60,4.40,9.71,5.85,6.91,3.24,4.73,6.70,4.99,5.57,-1.02,6.60,6.11,1.83,4.04,6.73,,9.79,10.27,9.30,8.15,11.92,9,9.36,10.02,2.41,7.68,8.25,7.90,8.80,9,,7.37,-1.20,-2.36,0.67,9.13,7.20,10.27,8.60,9.42,8.37,7.16,7.86,10.15,10.01,10.02,8.67,8.83,9.27,8.70,9.43,10.48,6.55,8.30,5.90,1.38,6.80,4.08,5.08,2.64,1.30,-1.51,,2.51,6.74,2.75,4.67,6.68,6.20,6.89,6.36,-233.32,7.88,6.70,8.63,7.90,9.83,8.23,9.09,9.10,10.27,10.45,6.38,9.44,10.28,11.70,10.85,11.18,9.90,11.05,9.90,9.07,10.29,10.84,6.13,5.55,5.61,6.70,7.01,8,8.56,7.95,7.78,7.50,4.14,4.74,5.94,4.50,4.60,6.08,4.94,,6.90,6.98,6.69,7.41,2.67,3.88,4.60,4.67,5.03,4.67,6,,5.60,-5.20,11.60,9.20,9.80,,,,,,,7.30,8.60,,8.30,12.10,9.90,10.56,,,,,,,,7.20,7.80,8.90,9,9.70,,,,,7.10,,8.10,10,3.50,4.20,3.10,,,6.50,,,7.40,,,3.30,3.40,3.70,4.50,4.70,6.10,
2008-12-02 11:40,9.10,8.92,5.97,7.03,5.08,9.50,8.28,9.10,4.41,9.56,5.85,6.98,3.53,4.76,6.57,5.17,5.99,-1.31,6.70,6.49,1.80,3.98,6.93,,9.51,10.10,9.44,8.28,11.92,9.30,9.46,9.81,2.03,7.25,8.27,8.15,9.05,8.71,,7.37,-1.30,-2.38,0.63,9.16,7.20,10.27,8.50,9.15,8.44,7.13,7.18,10.29,10.23,10.27,8.82,8.88,9.20,8,9.29,10.46,6.63,8.30,5.89,1.46,6.94,4.15,5.06,2.76,1.30,-1.37,,2.37,6.33,2.80,4.95,7.05,6.30,6.94,5.95,-230.32,7.93,6.50,8.64,8.27,9.98,8.29,8.92,9.40,10.39,10.56,6.17,9.30,10.44,11.50,10.67,11.45,9.79,11.05,10.01,9.18,10.37,11.12,6.28,5.77,5.62,6.76,6.75,8.20,8.51,8.05,7.89,7.49,4.12,4.56,6.03,4.52,4.70,6.17,5,,7,6.92,6.68,7.56,2.57,3.86,4.50,4.82,4.98,4.50,6.10,,5.50,-5.20,11,9.40,9.80,,,,,,,7.60,8.40,,8.40,12.20,10,10.55,,,,,,,,6.90,7.80,8.90,8.80,9.80,,,,,7,,8.20,10.10,3.40,4.30,3.30,,,6.50,,,7.30,,,3.20,3.40,3.70,4.70,4.80,6.20,
2008-12-02 11:50,9.50,8.91,6.12,6.87,4.90,9.66,8.33,8.90,4.41,10.04,5.88,6.81,3.34,4.85,6.30,5.18,5.96,-0.92,6.50,6.37,1.88,4.08,7.22,,9.47,10.31,9.53,8.39,11.72,9.50,8.98,9.73,1.66,6.92,8.33,8.27,9,7.99,,7.29,-1.30,-2.28,0.64,9.54,7.30,10.07,8.60,8.94,8.46,7.42,6.95,10.24,9.98,10.38,8.82,8.87,9.08,7.60,9.13,10.65,6.75,8.50,5.84,1.43,6.92,4.21,5.39,2.74,1.40,-1.33,,2.43,6.10,2.86,4.74,7.36,6.30,7.09,5.73,-229.47,7.41,6.80,8.76,8.11,10.14,8.17,8.79,9.70,10.52,10.49,6.07,9.14,10.24,11.10,10.37,11.26,9.56,11.03,9.93,9.35,10.41,11.21,6.27,5.77,5.41,7.04,6.63,8,8.51,8.02,7.84,7.45,4.15,4.48,6.04,4.75,4.90,6.37,5.31,,7,6.92,6.73,7.30,2.35,3.74,4.50,4.85,5.06,4.54,6.20,,5.20,-5.20,10.70,9.20,9.70,,,,,,,7.30,8.60,,8.50,12.20,10.20,10.63,,,,,,,,6.80,7.80,8.90,9,9.80,,,,,6.90,,8.40,10.10,3.50,4.40,3.40,,,6.50,,,7.30,,,2.80,3.40,3.70,4.70,4.80,6.20,
2008-12-02 12:00,9.80,8.78,5.74,6.70,4.90,9.46,8.42,8.70,4.50,9.82,5.98,6.68,3.04,4.89,6.17,5.14,5.76,-0.71,6.20,6.50,1.92,3.76,7.65,,9.49,10.45,9.54,8.28,11.72,9.80,8.50,10.51,1.53,6.87,8.76,8.38,9.16,8.21,,7.76,-1.20,-2.23,0.86,9.45,7.10,10.02,8.60,8.84,8.70,7.17,6.66,10.27,9.94,10.25,8.71,8.73,9.09,7.90,9.01,10.69,6.68,8.20,5.87,1.28,6.76,4.25,5.46,2.78,1.40,-1.29,,2.33,6.03,2.87,4.58,7.69,6.50,6.83,6.12,-228.54,7.55,6.70,8.92,8.05,10.17,8.21,8.87,9.80,10.41,10.44,6.07,9.20,10.03,11.50,10.97,11.17,9.71,11.14,10.05,9.45,10.44,11.09,6.22,5.90,5.56,6.97,6.44,7.90,8.72,8.16,8.07,7.42,4.31,4.72,5.86,5.08,5.10,6.43,5.50,,6.90,7.01,6.67,7.48,2.22,3.90,4.40,4.85,6.70,4.64,6.10,8.50,5.20,-5.20,11.50,9.40,9.30,,5.10,-5.70,5,7.60,7.60,7.20,8.50,9.10,8.70,12.20,10.10,10.60,,4.90,7,5.90,7.30,6.20,6.70,7,7.90,8.90,8.50,9.90,4.70,4.80,5.90,6.80,7,8.30,8.50,10.10,3.60,4.60,3.50,3.10,4.50,6.60,6.40,6.90,7.20,2.80,1.40,2.70,3.40,3.60,4.80,5.20,6.20,6.50
2008-12-02 12:10,9.70,8.95,5.23,6.52,4.50,9.72,8.62,8.40,4.48,9.76,5.99,6.82,2.99,5.29,6.07,4.87,5.66,-0.68,5.90,6.81,1.93,3.72,7.22,,9.73,10.53,9.59,8.59,11.58,10.10,8.11,10.52,1.41,7.02,8.93,8.48,9.15,8.50,,7.79,-1.20,-2.18,1.03,9.84,7.10,9.98,8.70,8.73,8.82,7.21,6.49,10.33,10.09,9.64,8.60,8.66,9.15,7.60,9.12,10.07,6.63,8.10,5.82,1.27,6.72,4.26,5.85,2.79,1.60,-1.26,,2.41,6.15,2.96,4.84,7.45,6.40,6.60,6.69,-226.24,7.60,6.94,8.88,7.89,10.38,8.23,9.13,9.70,10.38,10.44,6.27,9.07,10.15,11.80,11.18,11.41,9.55,10.91,10.08,9.51,10.16,11.16,5.96,6.09,5.75,6.92,6.34,8.10,8.72,8.22,8.10,7.36,4.36,4.79,5.99,5.25,5.40,6.32,5.80,,6.90,6.94,6.66,7.26,2.32,3.74,4.70,4.93,4.93,4.75,6,,5.40,-5.20,11.70,9.60,9.50,,,,,,,7.30,8.30,,8.70,12.40,10.20,10.68,,,,,,,,6.90,7.90,9,8.20,9.90,,,,,7,,8.40,10.20,3.60,4.60,3.60,,,6.60,,,7.30,,,2.60,3.30,3.60,4.80,5.20,6.20,
2008-12-02 12:20,9.60,8.58,5.18,6.40,4.50,9.52,8.61,8.50,4.22,9.94,5.76,6.95,3.07,4.91,6.41,4.80,5.75,-0.88,5.90,7.07,1.89,3.73,7.14,,10.27,10.13,9.61,8.37,11.56,10.20,7.97,10.79,1.35,7.14,8.95,9.03,9.20,8.53,,7.40,-1.20,-2.15,0.89,9.87,6.90,9.70,8.40,8.81,9.10,7.21,6.43,10.16,10.21,9.86,8.53,8.64,9.10,7.50,8.91,10.08,6.67,8.10,5.74,1.11,6.68,4.20,5.39,2.81,1.50,-1.36,2.99,2.58,6.10,2.78,4.99,7.52,6.30,6.46,6.21,-224.52,7.65,7.03,8.88,7.84,10.44,8.62,9.12,9.90,10.51,10.40,6.27,9.45,10.42,11,11.18,11.48,9.60,10.46,9.99,9.56,10.11,11.15,5.69,6.18,5.85,6.84,6.36,8,8.75,8.05,8.20,7.35,4.46,4.72,6.13,5.47,5.40,6.11,6.15,,7,7.30,6.77,7.19,2.58,3.66,4.70,4.95,5.03,4.94,6,,5.30,-5.20,11.40,9.50,9.50,,,,,,,7.20,7.90,,8.80,11.80,10.10,10.68,,,,,,,,6.50,7.90,9,8.30,9.80,,,,,6.90,,8.40,10.30,3.80,4.50,3.60,,,6.60,,,7.50,,,2.50,3.10,3.50,4.80,5.50,6.20,
2008-12-02 12:30,9.70,8.30,5.30,6.41,4.30,9.62,8.47,8.20,4.20,10.21,5.86,7.01,3.07,4.75,6.40,4.74,5.86,-0.74,5.90,7.12,2.11,4,7.21,,10.24,9.77,9.73,8.28,11.56,10.20,7.97,10.96,1.48,6.96,8.43,8.92,9.21,8.63,,7.01,-1.20,-2.12,0.78,9.17,7,9.54,7.90,8.76,8.80,7.26,6.58,10.23,10.09,10.13,8.30,8.67,8.71,7.50,9.12,10.46,6.65,8,5.83,1.37,6.76,4.36,4.98,2.93,1.60,-1.33,2.95,2.39,5.88,2.73,5.12,7.50,6.50,6.27,6.02,-223.21,7.68,6.99,8.56,7.72,10.25,8.49,9.33,10.10,10.66,10.37,6.20,9.87,10.37,11.30,11.13,11.20,9.71,10.71,9.88,9.43,10.16,11,5.75,6.25,5.87,6.68,6.28,8,8.81,8.13,7.90,7.33,4.49,4.71,6.09,5.65,5.40,6.13,6.21,,7,7.32,6.73,7.26,2.68,3.65,4.80,4.98,5.18,5.32,5.90,,5.20,-5.10,11.10,8.90,9.20,,,,,,,7.10,7.90,,8.80,11.60,10.20,10.72,,,,,,,,6.30,7.20,9,8,9.80,,,,,6.90,,8.40,10.10,3.90,4.60,3.60,,,6.60,,,7.40,,,2.50,3,3.40,4.80,5.80,6.20,
2008-12-02 12:40,9.70,8.35,5.10,6.43,4.40,9.43,8.53,8.40,4.31,9.97,5.71,7.15,3.10,4.69,5.99,5.02,5.53,-0.83,5.90,7.13,2.06,4.27,7.22,,10.73,9.68,9.64,8.17,11.45,9.40,8.13,10.47,1.39,6.75,8.17,8.68,9.12,8.94,,6.75,-1.20,-2.11,0.74,8.85,7.10,9.47,7.90,8.50,8.21,7.26,6.41,10.37,9.88,9.93,8.21,8.59,8.58,7.70,8.70,10.63,6.69,8,5.92,1.57,6.52,4.42,4.93,2.95,1.60,-1.23,2.87,2.45,6.53,2.84,5.56,6.88,6.50,6.11,6.04,-221.74,7.72,6.95,8.53,7.60,9.96,8.45,9.26,9.90,10.66,10.43,6.20,10.05,10.29,11.80,10.80,11.14,9.65,10.73,9.80,9.32,10.16,10.96,6,6.28,5.79,6.46,6.27,7.80,8.64,8.14,7.88,7.32,4.48,4.78,6.18,5.77,5.40,6.23,6.28,,7,7.28,6.67,7.35,2.90,3.66,4.80,5.27,5.41,5.78,6,,5.20,-5.20,10.80,9.50,9.30,,,,,,,7.30,7.80,,8.60,12.10,10.40,10.51,,,,,,,,6.30,7.40,9,8,9.70,,,,,6.90,,8.30,9.90,4,4.60,3.80,,,6.60,,,7.40,,,2.50,3,3.30,4.90,6,6.20,
2008-12-02 12:50,9.70,8.34,4.98,6.50,4.40,9.68,8.42,8.20,4.24,9.63,5.68,6.99,2.88,4.71,5.48,4.53,5.37,-0.88,5.90,6.84,2.16,4.03,7.22,,10.72,9.61,9.56,8.09,11.29,9.40,7.99,10.41,1.21,7.09,8.53,9.10,8.84,9.06,,6.39,-1.30,-2.15,0.92,8.72,6.90,9.28,7.90,8.10,7.77,7.07,6.53,10.23,9.80,9.76,8.04,8.49,8.59,7.40,8.32,10.76,6.58,7.90,5.87,1.30,6.41,4.33,4.89,2.90,1.60,-1.29,2.93,2.46,7.30,3.07,5.65,6.93,6.60,5.97,6.02,-220.35,7.83,6.86,8.54,7.53,10.18,8.42,9.10,10,10.64,10.38,6.34,10.02,10.32,11.90,10.55,11.04,9.37,10.68,9.79,8.83,10.22,10.81,6.03,6.38,5.70,6.55,6.22,7.60,8.64,8.07,7.74,7.45,4.47,4.64,6.35,5.75,5.50,6.08,6.30,,7,7.29,6.69,7.62,3.20,3.63,4.70,5.48,5.72,5.85,6,,5,-5.10,10.80,9.10,9.20,,,,,,,7.10,7.70,,8.60,12.30,10.30,10.31,,,,,,,,6.30,7.30,9,7.90,9.60,,,,,6.80,,8.30,9.70,4,4.70,3.80,,,6.30,,,7.40,,,2.50,2.90,3.20,4.90,6.20,6.30,
2008-12-02 13:00,9.50,8.53,4.93,6.50,4.30,9.68,8.19,7.70,4.11,9.40,5.76,6.73,2.99,4.81,5.25,4.51,5.54,-1.07,5.90,6.08,2.11,3.48,6.82,,10.80,9.47,9.56,7.94,11.17,9.70,7.75,10.17,0.87,7.23,8.84,9.02,8.75,8.64,5.55,6.36,-1.30,-2.11,0.82,8.85,6.30,8.78,8.10,7.80,7.46,6.97,6.41,9.86,9.71,9.41,7.95,8.49,8.40,7.30,8.26,10.76,6.49,7.90,5.85,1.52,6.33,4.26,4.87,2.96,1.50,-1.41,3.02,2.42,6.89,3.05,5.75,6.96,6.70,5.89,6.22,-219.84,7.83,6.71,8.33,7.61,10.30,8.42,9.22,9.80,10.70,10.27,6.28,9.85,10.20,11.80,10.50,10.82,9.29,10.54,9.63,8.84,10.17,10.55,5.91,6.33,5.75,5.86,6.37,7.50,8.76,8.02,7.87,7.39,4.48,4.75,6.27,5.73,5.50,5.96,6.23,,6.90,7.03,6.62,7.62,3.28,3.67,4.70,5.68,5.81,6.06,6,6.70,5,-5.20,10.70,9,9.10,,4.80,-5.50,5.50,7.50,7,7.10,7.90,9.70,8.50,12.30,10.30,10.20,,5,7.20,6.50,6.30,6.40,6.50,6.30,7.30,8.90,8,9.50,5.30,4.70,6,6.20,6.80,8.20,8.20,9.60,4.10,4.70,3.90,,4.30,6.20,6.80,7.60,7.20,3.50,3.50,2.50,2.80,2.80,4.90,6.30,6.50,6.60
2008-12-02 13:10,9.10,8.37,4.93,6.36,4,9.60,8.06,7.50,3.90,9.15,5.74,6.60,3,4.83,5.05,4.49,5.36,-1.48,6,5.69,2.02,3.23,5.97,,10.66,9.36,9.46,7.64,11.02,10,7.31,10.07,0.78,7.22,8.95,8.63,8.67,8.43,5.24,6.38,-1.10,-2.02,1.13,8.37,6,8.70,7.90,7.72,7.29,6.98,6.45,9.64,9.60,9.30,7.86,8.46,8.31,7.40,8.38,9.99,6.44,7.90,5.91,1.47,6.22,4.34,4.77,2.96,1.40,-1.28,3.09,2.60,6.42,3.07,5.56,6.94,6.60,5.91,6.10,-219.35,7.52,6.74,8.24,7.46,10.37,8.35,9.26,9.80,10.62,10.27,6.12,9.69,9.95,11.60,10.23,10.67,9.32,10.36,9.51,8.82,10.12,10.28,5.82,6.09,5.73,5.90,6.66,7.30,8.58,7.97,7.80,7.32,4.59,4.93,6.09,5.76,5.50,5.86,6.15,,6.80,6.86,6.57,7.09,3.44,3.61,4.70,5.76,6.27,6.16,5.90,,4.60,-5.20,10.60,8.80,9.20,,,,,,,7.20,7.80,,8.50,12.20,10.30,10.02,,,,,,,,6.50,7.30,8.80,8,9.50,,,,,6.70,,8.20,9.40,4.10,4.70,4,,,6.20,,,7,,,2.60,2.50,2.80,4.90,6.30,6.50,
2008-12-02 13:20,9.20,8.13,4.94,6.30,3.70,9.47,7.84,7.40,3.66,9.02,5.62,6.49,2.81,4.83,4.90,4.24,5.30,-1.07,6,5.47,1.98,3.23,5.50,,10.59,9.30,9.32,7.37,10.81,9,7.70,9.86,0.72,7.02,8.71,8.38,8.33,7.89,4.95,6.44,-1.10,-1.96,1.31,8.23,5.90,8.72,7.50,7.49,7.42,6.99,6.35,9.53,9.31,9.18,7.79,8.38,8.06,7.40,8.47,9.50,6.49,7.90,5.93,1.20,6.38,4.25,4.71,2.87,1.40,-1.15,3.10,2.74,6.35,3.14,5.48,6.97,6.70,5.93,5.80,-219.57,7.35,6.69,8.24,6.98,10.37,8.27,9.01,9.60,10.63,10.16,6.04,9.40,9.89,11.50,10.16,10.53,9.11,10.32,9.41,8.80,10.01,10.05,5.80,6.21,5.56,6.22,6.53,7.30,8.52,7.82,7.80,7.13,4.63,5.06,5.82,5.76,5.50,5.84,6.14,,6.70,6.87,6.58,7.13,3.29,3.52,4.60,5.84,6.30,6.12,5.80,,4.80,-5.20,10.50,8.60,9.10,,,,,,,7,7.70,,8.50,11.70,10.20,9.83,,,,,,,,6.40,7.30,8.70,8.40,9.30,,,,,6.60,,8,9.20,4.10,4.70,4.10,,,6.20,,,6.90,,,2.70,2.50,2.50,5.10,6.30,6.70,
2008-12-02 13:30,8.90,7.96,4.87,6.16,3.40,9.27,7.74,7.40,3.44,8.73,5.68,6.41,2.66,4.70,4.91,4.15,5.25,-1.35,5.70,5.24,1.85,3.37,5.69,,10.13,9.26,9.24,7.27,10.36,8.50,7.43,9.52,0.60,6.53,8.32,8,7.93,7.52,4.89,6.51,-1.20,-1.98,1.40,8.27,5.80,8.83,7.30,7.44,7.18,7.06,6.32,9.22,9.05,9.19,7.80,8.27,7.80,7.20,8.35,9.31,6.43,7.70,5.69,1.17,6.36,4.25,4.84,2.88,1.60,-1.09,3.10,2.86,6.36,3.15,5.15,6.73,6.70,5.92,5.80,-219.16,7.41,6.51,8.20,6.71,10.17,8.19,8.88,9.60,10.58,10.39,6.01,8.66,9.60,11.20,9.83,10.38,8.89,10.10,9.29,8.67,9.66,9.78,5.72,6.12,5.67,6.21,6.65,7.10,8.32,7.72,7.65,7.13,4.58,4.98,5.94,5.81,5.50,5.83,6.20,,6.60,6.61,6.55,6.88,3.63,3.34,4.50,5.88,6.28,6.26,5.90,,5.10,-5.20,10.30,8.40,8.90,,,,,,,6.40,7.70,,8.30,11.40,10,9.67,,,,,,,,6.40,7.20,8.50,8.40,9.30,,,,,6.60,,7.80,8.90,4,4.80,4.10,,,6.10,,,6.80,,,2.80,2.50,2.40,5.10,6.30,6.90,
2008-12-02 13:40,8.50,7.95,5.12,6.05,3.10,9.17,7.48,7.30,3.13,8.39,5.64,6.49,2.44,4.77,4.68,3.91,5.19,-0.97,5.30,5.64,1.63,3.15,5.67,,9.93,9.05,9.21,7.29,9.98,8,6.79,9.33,0.70,6.41,8.26,7.80,7.64,7.37,4.96,6.39,-1.30,-1.93,1.45,7.88,5.80,8.67,7.20,7.32,7.09,7.05,6.28,8.95,9.04,9.10,7.87,8.16,7.79,7.20,8.10,9.12,6.47,7.60,5.79,1.17,6.23,4.16,4.83,2.92,1.60,-1.13,3.01,2.91,5.90,3.13,4.83,7.02,6.70,5.94,6.10,-6.50,7.30,6.46,7.89,6.67,9.91,8.06,8.61,9.50,10.48,10.84,5.87,8.73,9.32,10.90,9.64,10.22,8.77,9.79,9.07,8.54,9.58,9.54,5.60,6.24,5.85,6.14,6.34,7.20,8.26,7.55,7.35,7.01,4.59,5.04,5.92,5.81,5.40,5.81,6.17,,6.70,6.40,6.45,6.58,3.44,3.07,4.50,6,6.03,6.42,5.90,,5.10,-5.20,9.80,8.10,8.70,,,,,,,6.40,7.30,,8.10,10.90,9.90,9.43,,,,,,,,6.40,7.10,8.30,8.20,8.40,,,,,6.50,,7.60,8.80,4.10,4.80,4.10,,,6.10,,,6.60,,,3,2.60,2.50,4.90,6.30,6.90,
2008-12-02 13:50,8.30,7.86,4.96,6.01,2.80,8.74,7.20,7.30,2.73,8.46,5.51,6.36,2,4.81,4.43,3.83,5.03,-1.25,5,5.78,1.62,2.83,5.13,,9.54,8.94,9.03,7.25,9.57,7.90,6.85,9.12,0.58,6.30,8.11,7.76,7.61,7.03,4.96,6.62,-1.40,-2.04,1.50,7.86,5.60,8.33,6.90,7.13,7.08,7.05,6.13,8.83,8.72,9.02,7.68,8.03,7.68,7.20,8.21,9.01,6.52,7.50,5.70,1.14,5.93,4.07,4.79,2.92,1.70,-1.03,3.15,2.90,5.64,3.16,4.85,6.87,6.90,5.83,6.20,115.13,6.98,6.10,7.79,6.58,9.55,7.87,8.27,9.40,10.43,10.27,5.70,8.67,8.98,10.20,9.36,10.01,8.60,9.61,8.83,8.42,9.33,9.14,5.63,6.09,5.94,6.43,6.60,7.10,7.94,7.25,7.08,6.70,4.59,5.07,5.96,5.88,5.30,5.79,6.05,,6.60,6.21,6.16,6.29,3.40,2.74,4.50,5.70,5.93,6.40,6,,4.90,-5.30,9.50,7.90,8.50,,,,,,,6.40,7.20,,7.80,10.50,9.70,9.20,,,,,,,,6.30,6.70,8.30,7.80,8.60,,,,,6.50,,7.40,8.40,4,4.80,4.20,,,6,,,6.30,,,3.30,2.80,2.70,4.90,6.30,7,
2008-12-02 14:00,8.20,7.69,4.68,5.93,2.70,8.18,6.92,7.10,2.38,8.26,5.58,6.16,1.78,4.66,4.44,3.63,4.60,-1.44,4.80,5.78,1.58,2.85,5.26,,9.28,8.91,8.77,7.14,9.13,7.60,6.81,9.18,0.28,5.88,7.64,7.76,7.49,6.67,4.86,6.45,-1.20,-1.99,1.66,7.77,5.50,8.01,7.10,7.03,7.09,7,6.09,8.47,8.50,8.82,7.43,7.96,7.59,7.10,8.17,8.87,6.44,7.50,5.67,1.07,6.01,4.02,4.79,3,1.70,-1.03,3.18,2.83,5.44,3.29,4.90,6.47,6.80,5.67,5.80,83.83,6.78,5.80,7.68,6.26,9.37,7.80,8,8.90,10.26,9.62,5.37,8.40,8.49,9.60,9.07,9.59,8.12,9.32,8.40,8.31,8.93,8.66,5.61,5.99,5.74,6.37,6.54,6.80,7.44,6.98,6.78,6.32,4.70,5.07,5.98,5.83,5.30,5.78,5.97,,6.60,6.21,6,6.28,3.57,2.52,4.40,5.47,5.71,6.36,6,6.40,4.60,-5.30,9.60,7.70,8.20,9.80,4.20,-5.30,5.20,6.70,6.20,6.30,6.90,8.80,7.30,10.40,9.20,8.80,8.50,4.80,6.50,6.40,6.20,6.10,5.30,6.20,6.40,8.10,7.60,7.40,5.30,4.60,5.80,6.20,6.40,7.50,7.20,8.10,4.10,4.70,4.20,4,4.60,6.10,6.60,,6.30,4.20,4,3.50,2.90,3.10,4.90,6.10,6.80,6.10
2008-12-02 14:10,8,7.46,4.38,5.76,2.70,8.28,6.95,7.10,2.21,7.80,5.57,6.12,1.62,4.53,4.38,3.45,4.16,-1.18,4.60,5.21,1.79,2.90,5.21,,9.40,8.73,8.39,7.08,8.70,7.20,6.77,9.19,-0.10,5.65,6.94,7.50,7.19,6.49,4.60,6.52,-0.90,-1.92,1.74,7.68,5.20,7.94,6.90,6.96,7.02,7.01,5.91,8.47,8.44,8.80,7.50,7.97,7.60,7,8.09,8.88,6.47,7.40,5.68,1,6.23,4.10,4.60,3,1.70,-0.96,3.21,2.75,5.40,3.10,4.88,6.14,6.80,5.55,5.23,66.54,6.69,5.60,7.39,5.91,9.34,7.60,7.71,8.30,9.95,8.98,5.40,8.10,8.46,8.90,8.89,9.39,7.64,8.99,7.83,8.41,8.52,7.68,5.71,5.82,5.73,6.07,6.48,6.60,7.32,6.77,6.79,5.91,4.71,5.05,5.90,5.78,5.30,5.88,5.89,,6.30,6.07,5.83,6.13,3.64,2.38,4.30,5.41,5.61,6.32,6.10,,4.30,-5.30,9.70,7.50,8.10,,,,,,,6.20,6.80,,7.30,10.10,9.20,8.59,,,,,,,,5.80,6.40,7.60,7.30,7.40,,,,,6.20,,6.90,7.70,4.10,4.70,4.20,,,6.10,,,6.10,,,3.80,2.90,3.10,4.90,6.10,6.70,
2008-12-02 14:20,7.90,7.09,4.22,5.62,2.60,7.95,6.70,7.10,2.07,7.43,5.17,5.77,1.45,4.63,4.51,3.18,3.80,-1,4.50,4.21,1.65,2.60,4.88,,9.28,8.59,8.08,6.83,8.49,6.70,6.80,8.40,-0.20,5.40,6.27,7.03,6.92,6.47,4.54,6.63,-1,-1.98,1.75,7.46,5,7.90,7.10,7.01,6.92,6.87,5.65,8.25,8.17,8.75,7.45,7.99,7.41,6.90,8.12,8.81,6.42,7.30,5.69,1.05,6.10,3.99,4.41,2.92,1.60,-1,3.08,2.81,5.54,3.24,4.69,6.05,6.80,5.43,4.98,49.47,6.60,5.50,7.20,5.68,9.23,7.30,7.50,7.20,9.56,8.67,5.20,7.62,8.30,8.30,8.90,9.34,7.34,8.67,7.48,7.85,8.10,6.82,5.64,5.68,5.53,5.84,6.38,6.60,7.26,6.52,6.76,5.46,4.69,5.09,5.80,5.76,5.30,5.67,5.87,,6.10,5.97,5.71,5.90,3.70,2.36,4.30,5.31,5.83,6.20,6,,4.50,-5.30,9.40,7.50,7.90,,,,,,,5.90,6.80,,6.90,9.80,8.70,8.42,,,,,,,,5.70,6.50,7.60,6.80,7.30,,,,,6.30,,6.50,7.30,4,4.80,4.30,,,6,,,5.90,,,3.90,3.10,3.30,4.80,6,6.70,
2008-12-02 14:30,7.80,7.09,4.05,5.40,2.50,7.95,6.50,7,1.86,7.12,5.08,5.50,1.56,4.42,4.47,3.32,3.60,-1.18,4.20,3.21,1.54,2.53,4.36,,9.13,8.43,7.79,6.71,8.24,6.70,6.59,7.16,-0.42,5.35,5.88,6.21,6.72,6.31,4.44,6.45,-1.20,-2.01,1.63,7.30,4.90,7.79,7.10,6.98,6.61,6.80,5.80,7.97,8.03,8.56,7.37,7.99,7.49,6.90,7.96,8.74,6.30,7.20,5.66,0.94,5.98,3.89,4.30,2.94,1.70,-1.08,3.05,2.75,5.54,3.25,4.51,5.87,6.90,5.34,4.86,36.02,6.41,5.20,6.87,5.37,9.10,7.33,7.23,6.20,8.80,8.59,5,7.23,8.01,7.70,8.64,9.18,6.98,7.95,7.33,7.58,7.71,6.89,5.58,5.58,5.35,5.56,6.10,6.30,6.88,6.35,6.82,5.03,4.68,4.99,5.87,5.67,5.20,5.64,5.80,,6.30,5.78,5.55,5.59,3.70,2.35,4.30,5.40,5.88,6.22,6,,4.50,-5.30,9.20,7.30,7.80,,,,,,,5.70,6.70,,6.60,9.40,8.40,8.29,,,,,,,,5.20,6.60,7.10,6.60,6.60,,,,,6.20,,6.30,6.90,4.10,4.80,4.30,,,6,,,5.70,,,4,3.30,3.40,4.70,6,6.70,
2008-12-02 14:40,7.60,6.86,3.84,5.25,2.40,7.74,6.48,6.70,1.70,6.76,5.10,5.21,1.48,4.47,4.54,3.20,3.44,-1.80,3.70,2.66,1.41,2.34,4.20,,9.33,8.29,7.43,6.51,7.99,6.50,6.54,6.96,-0.72,5.20,5.65,5.90,6.51,5.56,3.42,6.29,-1.40,-2.08,1.55,7.02,4.30,7.55,7.20,6.94,6.24,6.66,5.81,7.79,7.80,8.44,7.21,7.96,7.49,6.90,7.87,8.55,6.36,7.20,5.54,0.84,5.86,3.82,4.26,2.90,1.60,-1.05,3.12,2.70,5.47,3.14,4.60,5.59,6.80,5.19,4.90,25.35,6.18,5,6.68,4.96,8.94,7.23,7.07,5.60,7.87,8.13,4.86,6.97,7.40,6.90,8.51,9.04,6.92,7.12,6.85,7.44,7.30,6.52,5.55,5.39,5.34,5.25,5.71,6,6.86,6.16,6.86,4.86,4.72,4.96,5.78,5.61,5.20,5.36,5.64,,6.20,5.35,5.43,5.43,3.65,2.54,4.50,5.44,5.76,6.18,6.10,,4.10,-5.30,8.90,7.20,7.90,,,,,,,5.40,6.60,,6.40,8.90,8.10,8.03,,,,,,,,5.20,6.20,6.90,6.20,6,,,,,6.20,,6,6.40,4.10,4.70,4.30,,,6,,,5.40,,,4.10,3.50,3.50,4.70,6.20,6.60,
2008-12-02 14:50,7.50,6.75,3.72,5.15,2.30,7.45,6.43,6.50,1.59,6.22,4.92,4.94,1.40,4.56,4.39,3.11,3.52,-1.44,3.40,1.92,1.46,2.09,4.08,,9.32,8.16,7.07,6.41,7.82,6.10,6.36,6.33,-0.90,4.96,5.23,5.32,5.87,5.32,2.67,6.25,-1.40,-2.26,1.37,6.66,4,7.44,6.90,6.84,5.97,6.50,5.63,7.68,7.81,8.26,7.23,7.90,7.45,6.90,7.89,8.63,6.39,7,5.57,0.77,5.71,3.87,4.18,2.88,1.60,-1.09,3.14,2.62,5.54,3.17,4.49,5.44,6.80,5.19,4.72,10.19,5.93,4.80,6.47,4.53,8.99,7.03,6.95,5.30,7.64,7.64,4.86,6.12,6.73,6.50,8.28,8.71,6.88,6.83,6.64,7.40,6.48,5.39,5.38,5.40,5.38,4.95,5.53,5.90,6.32,5.84,6.90,4.62,4.71,4.97,5.71,5.52,5.10,5.17,5.59,,6,5.38,5.37,5.51,3.85,2.87,4.80,5.53,5.97,6.20,6,,4.10,-5.30,8.70,7.10,7.90,,,,,,,5.20,6.40,,5.90,8.50,7.60,7.77,,,,,,,,5,6.30,6.70,6.20,5.40,,,,,6.10,,6.10,6.40,4.10,4.70,,,,5.90,,,5,,,4.10,3.70,3.60,4.80,6.30,6.60,
2008-12-02 15:00,7.40,6.64,3.84,4.97,2.20,7.26,6.07,6.30,1.79,5.48,4.70,4.92,1.34,4.52,4.40,2.90,3.65,-1.61,3.10,1.57,1.52,2.23,3.77,,9.28,8.05,7.20,6.40,7.66,5.80,6.25,5.68,-0.91,4.81,4.90,4.54,5.71,5.36,2.38,6.12,-1.50,-2.22,0.89,6.05,2.90,7.32,6.80,6.80,5.65,6.48,5.18,7.57,7.91,8.21,7.22,7.81,7.45,6.90,7.85,8.58,6.34,6.90,5.61,0.75,5.20,3.72,4.11,2.76,1.40,-1.22,3.12,2.64,5.60,3.21,4.39,5.40,6.50,5.04,4.52,-5.10,5.63,4.70,6.05,4.53,8.75,7.07,6.87,4.80,7.37,7.12,4.95,5.28,6.48,6.20,7.95,8.48,6.40,6.54,7.03,7.58,5.68,5.86,5.49,5.40,5.21,4.91,5.30,5.70,6.01,5.78,6.95,4.39,4.66,5.06,5.77,5.42,5.20,5.48,5.61,,5.80,5.37,5.26,5.04,3.91,3.06,5,5.59,5.83,6.04,5.70,5.50,4.20,-5.30,8.50,7,7.90,8.90,4.70,-5.40,4.70,5.50,5.30,5,6.40,6.40,5.30,8.50,7.10,7.90,6.10,4.60,5.90,5.90,5.40,6,4.90,5.20,6,6.50,6.40,5,5.20,4.70,5.70,6,6,6.20,6,6,4.10,4.70,4.30,4,4.70,5.70,6.30,6.70,4.80,4.40,4.20,4.20,3.70,4.10,5,6.20,6.50,5.80
2008-12-02 15:10,7.20,6.60,3.73,4.87,2.20,6.96,6.01,6.40,1.65,4.85,4.58,4.84,1.29,4.53,4.41,2.76,3.51,-1.64,2.80,1.12,1.68,2.23,3.70,,9.16,7.95,7.25,6.25,7.37,5.40,6.04,5.03,-1.06,4.46,4.44,3.41,5.18,4.58,2.36,5.89,-1.40,-2.21,0.85,5.95,2.40,7.27,6.70,6.75,5.74,6.46,4.98,7.63,7.92,8.12,7.22,7.74,7.34,6.80,7.73,8.46,6.29,6.60,5.53,0.54,4.94,3.62,4.16,2.56,1.40,-1.16,3.12,2.57,5.61,3.17,4.30,5.31,6.50,4.84,4.27,-9.84,5.44,4.40,5.77,4.63,8.41,6.84,6.81,4.40,6.60,6.96,4.83,4.92,6.43,6,7.39,8.36,6.13,6.56,6.69,7.40,5.10,6.59,5.27,5.46,4.99,4.75,4.67,5.80,5.77,5.88,6.87,3.82,4.59,5.08,5.76,5.56,5.20,5.51,5.70,,5.60,5.25,5.15,4.68,3.83,3.21,5.10,5.62,5.85,6,5.70,,3.90,-5.30,8.30,7.30,7.60,,,,,,,4.80,6,,5.20,8.70,7.10,7.64,,,,,,,,5.20,5.20,5.90,6.10,5,,,,,6,,5.80,5.20,4.10,4.70,4.30,,,5.70,,,4.60,,,4.20,3.70,4.10,5,6.20,6.40,
2008-12-02 15:20,6.90,6.65,3.72,4.62,2.10,6.66,5.72,6.60,1.38,4.17,4.33,4.74,1.12,4.43,4.02,2.64,3.40,-1.98,2.50,0.95,1.80,1.96,3.62,,8.92,7.74,7.29,6.04,7.28,5.40,6.10,5.07,-0.98,4.22,3.77,2.58,4.83,4.75,2.69,5.81,-1.30,-2.27,0.81,5.43,2,7.18,6.70,6.75,5.69,6.44,4.83,7.60,7.72,8.18,7.12,7.91,7.17,6.70,7.31,8.46,6.17,6.40,5.46,0.47,4.89,3.55,4.23,2.62,1.30,-1.23,3.15,2.63,5.63,3.18,4.33,5.15,6.50,4.61,4.13,-12.76,5.39,4.30,5.33,4.75,8.29,6.43,6.60,5.20,6.25,6.93,4.84,4.39,6.22,5.60,7.07,8.40,5.99,6.44,6.58,6.84,4.79,6.43,5.34,5.29,5.34,4.55,4.38,5.80,5.31,5.96,6.63,3.40,4.55,5.14,5.76,5.57,5.20,5.49,5.77,,5.50,4.96,4.91,4.86,3.81,3.31,5.10,5.51,5.71,6.01,5.80,,3.20,-5.30,8.10,7.40,7.60,,,,,,,4.50,5.40,,4.90,8.90,6.90,7.51,,,,,,,,4.80,5,6.20,6.40,4.90,,,,,6,,5.70,5.90,4.10,4.60,4.20,,,5.70,,,4.60,,,4.20,3.90,4.30,5.20,6.10,6.50,
2008-12-02 15:30,6.80,6.57,3.65,4.35,2,6.59,5.65,6.60,1.38,3.87,4.05,4.64,1.13,4.40,3.35,2.43,3.24,-2.01,2.30,0.36,1.91,2.13,3.54,,9.12,7.38,7.36,5.79,7.09,5.30,6.17,5.04,-0.83,3.83,3.16,2.13,4.48,4.25,3.45,5.68,-1.30,-2.27,0.73,5.14,1.70,6.93,6.70,6.80,5.46,6.41,4.68,7.84,7.89,8.20,7.11,7.56,6.95,6.70,7.50,8.28,6.02,6.30,5.40,0.48,5.23,3.54,4.19,2.59,1.40,-1.20,3.02,2.66,5.59,3.26,4.23,4.96,6.30,4.55,3.70,-16.98,5.17,4.20,5.30,4.77,8.10,6.25,6.33,6.20,6.16,6.84,4.87,3.91,5.59,5.60,6.84,8.35,5.88,6.27,6.55,6.85,4.06,6.28,5.36,5.10,5.30,4.50,4.19,5.80,5.14,6.07,6.38,3.73,4.49,5.14,5.63,5.42,5.10,5.44,5.78,,5.30,5.04,4.63,4.57,3.80,3.39,5.40,5.43,5.75,6.05,5.70,,2.80,-5.30,7.90,7.30,7.60,,,,,,,4.50,5.10,,4.80,8.90,6.90,7.40,,,,,,,,4.60,5.10,6.20,6.30,4.60,,,,,5.80,,5.70,5.40,4.20,4.60,4.20,,,5.70,,,4.30,,,4.30,4,4.40,5.30,6.10,6.40,
2008-12-02 15:40,6.70,6.40,3.62,4.58,2,6.40,5.73,6.50,1.56,3.52,3.98,4.80,1.16,4.33,2.48,2.29,3.06,-1.72,2.20,0.11,1.98,2.31,3.20,,9.03,7.16,7.34,5.65,6.85,5.20,6.13,4.39,-0.98,3.70,2.69,2.46,4.14,3.58,3.67,5.45,-1.30,-2.26,0.77,4.52,1.80,6.72,6.70,6.78,4.96,6.43,4.61,7.85,7.98,8.25,7.08,7.52,6.83,6.70,7.41,8.19,5.96,6.20,5.35,0.48,5.14,3.50,4.36,2.54,1.40,-1.25,2.95,2.78,5.53,3.30,4.28,5.05,6.50,4.52,3.53,-20.22,4.95,4.20,5.22,4.48,7.76,6.07,6.06,6.40,5.76,6.84,4.87,3.38,5.15,5.60,6.34,8.28,5.62,6.22,6.34,6.97,3.65,6.14,5.16,4.98,5.33,4.43,3.84,5.90,5.35,5.97,6.13,3.96,4.48,5.12,5.78,5.43,5,5.41,5.71,,5.40,4.97,4.64,4.15,3.82,3.41,5.50,5.35,5.44,6.06,5.70,,3,-5.30,7.40,7.20,7.40,,,,,,,4.30,5,,4.90,8.90,6.90,7.41,,,,,,,,4.50,4.60,6,5.90,4.30,,,,,5.60,,5.60,5.20,4.10,4.60,4.20,,,5.50,,,4,,,4.30,4.10,4.40,5.50,6,6.20,
2008-12-02 15:50,6.70,6.35,3.56,4.32,1.90,6.36,5.76,6.30,1.49,3.40,3.91,4.91,1.42,4.35,1.98,2.16,3.11,-1.43,2.40,0.08,1.77,2.17,2.77,,8.90,7.01,7.17,5.50,6.54,5.20,6.20,4.46,-1.06,3.24,2.39,2.41,4.46,3.27,3.64,5.23,-1.30,-2.19,0.74,3.91,2.80,6.71,6.70,6.73,4.97,6.35,4.44,7.85,8.15,8.46,7.06,7.36,6.74,6.70,7.35,8.17,5.86,6,5.26,0.36,4.93,3.38,4.34,2.60,1.40,-1.19,2.86,2.73,5.47,3.33,4.33,5.44,6.30,4.59,3.40,-23.78,4.72,4.10,5.21,4.44,7.46,5.95,5.89,5.80,5.29,6.96,4.90,2.65,4.68,6.20,6.09,8.06,5.47,6.24,6.07,7.18,3.43,5.87,5.09,4.99,5.45,4.26,3.70,5.50,4.74,5.87,5.89,3.80,4.47,5.16,5.76,5.48,5,5.40,5.61,,5.50,4.79,4.70,3.93,3.94,3.64,5.50,5.14,5.41,5.98,5.70,,2.30,-5.30,7,7.60,7.60,,,,,,,4.10,5,,4.60,8.80,6.40,7.30,,,,,,,,4.40,4.60,5.70,6.40,4.60,,,,,5.40,,5.50,4.90,4.10,4.50,4.30,,,5.50,,,4,,,4.40,4.10,4.40,5.70,5.80,6.10,
2008-12-02 16:00,6.60,6.37,3.48,4,1.80,6.47,5.88,6.10,1.39,3.22,3.99,4.73,1.66,4.39,1.76,2.05,2.91,-1.65,2.30,0.16,1.51,2.28,2.28,,8.51,6.90,7.17,5.43,6.48,4.80,6.16,3.93,-1.11,1.98,2.34,1.71,3.97,2.61,2.93,5.04,-1.20,-2.27,1.03,3.71,3.50,6.55,6.70,6.71,5.06,6.24,4.56,7.93,8.17,8.56,6.92,7.22,6.99,6.60,7.35,8.15,5.88,6,5.31,0.38,5.03,3.38,4.40,2.64,1.40,-1.21,2.69,2.56,5.57,3.25,4.46,5.66,6.10,4.51,3.10,-23.95,4.45,3.90,5.17,4.12,7.17,5.87,5.85,5,4.89,6.36,4.71,2.31,4.22,6.40,6.30,8.08,5.41,6.38,5.34,7.19,3.25,4.78,5.17,5.10,5.46,4.09,3.78,5.40,4.91,5.54,5.80,3.68,4.48,5.23,5.65,5.42,5,5.49,5.45,,5.90,4.59,4.79,4.12,3.97,4,5.50,5.01,5.43,6.02,5.80,5.50,2.80,-5.30,6.70,7.40,7.40,7.80,4.10,-5.40,4.90,3.90,4.40,3.80,4.80,7,3,8.70,6.30,7.40,4.20,4.10,4.80,5.30,5.80,5.20,3.90,4,4.40,5.60,6.30,4,4.10,4.60,5.40,5.60,5.50,5,5.40,4.40,4,4.50,4.20,3.90,4.70,5.40,6.40,6.30,3.90,4.40,4.30,4.40,4.20,4.50,5.70,5.90,6.20,5.40
2008-12-02 16:10,6.50,6.38,3.31,3.94,2.07,6.46,5.74,5.90,1.22,2.84,3.88,4.83,1.55,4.39,1.47,2.09,2.94,-1.92,2.10,0.50,1.49,1.91,1.69,,8.52,6.84,6.90,5.35,6.74,4.50,6.26,3.41,-1.06,1.10,1.70,1.62,3.45,2.44,2.23,5.29,-1.30,-2.23,0.84,3.17,2.30,6.49,6.50,6.72,5.32,6.13,4.54,7.74,8.28,8.40,6.87,7.23,7.12,6.60,7.17,8.09,5.88,6,5.30,0.36,5.14,3.39,4.26,2.59,1.40,-1.18,2.76,2.60,5.53,3.17,4.70,5.92,6.10,4.48,2.80,-23.16,4.43,3.90,5.28,3.92,7.08,5.94,5.65,5.20,5.22,5.65,4.51,1.94,3.50,6.30,6.42,7.98,5.30,6.71,5.21,6.87,2.89,4.33,5.11,5.18,5.41,3.51,3.75,5.20,4.85,5.24,5.59,3.91,4.41,5.19,5.63,5.32,5,5.48,5.37,,5.80,4.31,4.54,4.25,3.93,4.13,5.60,5.08,5.46,5.81,5.70,,2.10,-5.20,6.70,7.10,7.30,,,,,,,3.70,4.50,,2.80,8.50,6.30,7.02,,,,,,,,3.70,4.40,5.10,5.90,4,,,,,5.60,,5.40,4.10,4,4.50,4.20,,,5.40,,,3.50,,,4.50,4.10,4.50,5.60,5.90,6.30,
2008-12-02 16:20,6.40,6.20,3.21,4.40,2.12,6.06,5.61,6.10,1.27,2.30,3.92,4.77,1.54,4.20,0.87,2.02,3.22,-1.39,1.90,0.04,1.53,1.67,1.72,,8.48,6.68,7.02,5.29,5.93,4.30,6.27,3.37,-1.01,0.70,1.31,1.54,3.16,2.08,1.86,5.19,-1.30,-2.17,0.66,3.04,1.70,6.40,6.60,6.76,5.46,6.16,4.51,7.68,8.10,8.35,6.82,7.25,7.23,6.40,7.19,8.08,5.86,6,5.30,0.29,5.31,3.37,4.17,2.59,1.40,-1.12,2.81,2.40,5.28,2.96,4.73,6.10,6.20,4.31,2.70,-25.57,4.46,3.88,5.49,3.88,7.23,5.41,5.74,5.20,5.10,5.52,4.42,1.65,3.50,6.20,6.43,7.83,5.43,6.65,5.56,6.62,2.58,4.65,5.02,5.10,5.31,3.08,3.60,4.90,5.09,5.03,5.37,4.06,4.37,5.22,5.65,5.24,4.90,5.40,5.44,,5.90,3.62,4.53,4.57,3.99,4.21,5.60,5.09,5.38,5.64,5.70,,1.80,-5.20,6.80,7.30,7.40,,,,,,,3.50,3.40,,2.90,8.40,6.50,6.87,,,,,,,,3.70,4.10,4.50,5.80,3.90,,,,,5.60,,5.20,3.40,4,4.50,4.20,,,5.20,,,3.60,,,4.50,4.30,4.60,5.70,5.90,6.20,
2008-12-02 16:30,6.40,6.22,3.20,4.42,2.09,5.89,5.26,6,1.22,2.09,3.73,4.81,1.46,4.39,1.04,1.97,3.08,-1.35,1.90,-0.22,1.87,1.94,1.45,,8.52,6.51,7.05,5.25,5.03,4.40,6.27,3.06,-1.05,0.73,1.04,1.92,2.75,1.85,1.62,5.23,-1.20,-2.13,1.06,2.86,1.50,6.25,6.60,6.73,5.28,6.17,4.55,7.29,8.02,8.30,6.88,7.31,7.18,6.20,7,7.83,5.95,6.10,5.29,0.31,5.37,3.45,4.20,2.54,1.30,-1.06,2.82,2.34,5.30,2.91,4.80,5.77,6.30,4.13,2.50,-26.62,4.41,3.69,5.53,3.42,7.21,4.70,5.75,4.60,4.68,5.41,4.41,1.15,2.85,6.30,6.41,7.80,5.45,6.18,5.68,6.29,2.30,4.96,4.94,5.06,5.16,2.54,3.42,4.60,5.18,4.86,5.12,3.86,4.51,5.31,5.65,5.28,4.90,5.23,5.44,,5.80,4.09,4.62,4.72,3.93,4.37,5.60,5.16,5.60,5.78,5.80,,1.30,-5.20,6.60,7.10,7.10,,,,,,,3.60,3.30,,2.90,8.20,6.60,6.65,,,,,,,,3.60,3.70,4.60,5.70,3.80,,,,,5.60,,4.90,3.60,4.10,4.50,4.20,,,5.20,,,3.70,,,4.50,4.30,4.70,5.60,6,6,
2008-12-02 16:40,6.30,6.10,3.10,4.26,1.78,5.74,5.22,6.30,1.21,2.03,3.82,4.58,1.46,4.49,0.52,2.04,2.80,-1.54,1.90,0.80,1.89,2.17,1.11,,8.08,6.38,6.94,5.19,4.43,4.50,6.36,2.64,-1.03,0.53,0.53,2.36,2.21,1.76,1.61,5.10,-1.20,-2.09,1.17,2.61,1.40,6.44,6.70,6.63,5.08,6.29,4.63,7.06,8.14,8.54,6.91,7.37,7.10,6.10,6.75,7.92,6.01,6.10,5.28,0.38,5.31,3.35,4.18,2.53,1.40,-1.03,2.87,2.54,5.54,2.98,4.52,5.56,6.20,4.30,2.40,-27.72,4.51,3.49,5.04,3.13,6.76,4.61,5.50,4.50,4.56,5.36,4.59,0.87,2.40,6.60,5.98,7.89,5.30,5.89,5.85,6.16,1.65,5.11,4.90,5.23,5.02,2.50,3.14,4.40,5.25,4.68,5.16,3.85,4.48,5.19,5.61,5.33,4.90,5.17,5.36,,5.90,3.71,4.69,4.93,3.84,4.47,5.70,5.25,5.98,5.90,5.70,,1.60,-5.20,5.80,7.30,7.10,,,,,,,3.30,3.20,,2.30,8.10,6.30,6.61,,,,,,,,2.90,3.60,4.30,5.60,3.40,,,,,5.70,,4.90,4.40,4.10,4.40,4.20,,,5.20,,,3.60,,,4.60,4.30,4.80,5.70,6,6.30,
2008-12-02 16:50,6.30,6.16,3.13,4.12,1.52,5.22,5.12,6.40,1.23,2.19,3.98,4.45,1.43,4.45,0.35,2.34,2.90,-1.36,1.70,0.17,1.88,1.76,1.18,,7.68,6.40,6.99,5.16,3.73,4.50,6.41,2.30,-1.05,-0.11,0.04,1.19,1.86,1.50,1.76,4.93,-1.20,-2.06,1,2.44,1,6.61,6.50,6.67,4.87,6.26,4.15,7.04,8.24,8.51,6.91,7.26,7.12,6.10,6.54,7.84,5.74,6.20,5.23,0.36,5.32,3.37,3.99,2.49,1.40,-1.17,3.04,2.57,5.39,3.06,4.41,5.92,6.10,4.51,2.10,-29.28,4.44,3.39,4.51,3.04,6.46,4.22,5.28,4.20,4.39,5.14,4.46,0.75,2.47,6.50,6.23,7.79,5.33,5.46,5.67,6.57,1.27,5.01,4.79,5.29,5,2.30,2.83,4.10,5.15,4.43,5.24,3.86,4.45,5.16,5.62,5.23,4.90,5.34,5.27,,5.80,3.67,4.72,5.01,3.76,4.53,5.70,5.41,5.88,5.86,5.80,,1.40,-5.20,5.50,7,7.20,,,,,,,3.40,3.50,,2.50,7.90,5.90,6.68,,,,,,,,2.90,3.50,4,5.30,3.10,,,,,5.70,,4.70,4.20,4.10,4.40,,,,5.10,,,3.60,,,4.60,4.40,4.80,5.80,6,6.10,
2008-12-02 17:00,6.40,5.84,3.12,4.28,1.39,5.07,4.98,6,1.13,2.09,3.98,4.57,1.51,4.51,0.32,2.39,2.81,-1.15,1.60,-0.07,2.06,2.14,1.05,,7.52,6.22,7.14,5.05,3.20,4.20,6.38,2.13,-0.90,-0.25,-0.42,0.62,1.97,1.39,1.52,4.67,-1.10,-2.02,0.86,2.19,0.60,6.64,6.60,6.74,4.97,6.15,3.86,6.95,8.17,8.45,6.81,7.24,7.03,6.10,6.62,7.59,5.57,6.20,5.22,0.50,5.35,3.26,4,2.49,1.30,-1.19,2.95,2.43,5.46,3.07,4.48,6.06,6,4.42,1.90,-31.13,4.52,3.40,4.21,3.02,6.16,4.04,5.46,3.80,4.22,4.43,4.23,0.51,2.38,5.70,6.21,7.67,5.18,5.15,5.44,6.67,1.51,5.13,4.83,5.02,5.08,2.76,2.62,3.90,5.24,4.15,5.27,4.07,4.45,5.23,5.57,5.32,4.80,5.41,5.17,,6,3.63,4.69,4.90,3.87,4.61,5.70,5.47,6.11,5.70,5.70,4.70,1.40,-5.10,5.80,7,7.40,7.10,4.40,-5.60,5.20,3.80,4.40,3.30,3.50,4.90,2.40,7.70,5.50,6.90,2.80,3.60,3.90,5.20,5,5,2.40,2.90,3.60,4.60,5.20,2.80,4.10,4.30,5.40,5.50,5.60,5.50,4.40,4.20,4.20,4.50,4.10,,4.90,4.90,6.20,5.10,3.40,4.40,4.30,4.70,4.40,4.70,5.90,5.90,6.10,5.50
2008-12-02 17:10,6.40,5.39,3.27,4.10,1.30,5.01,4.82,5.70,1.06,1.85,4.01,4.66,1.74,4.60,0.28,2.38,2.50,-1.42,1.50,-0.03,2.01,1.83,1.08,,7.21,6.03,7.10,4.90,3.01,3.90,6.26,2.19,-0.79,-0.52,-0.63,1.03,1.43,1.27,1.31,4.55,-1.10,-1.82,0.83,1.76,0,6.58,6.60,6.71,4.60,6.10,3.78,6.78,8.06,8.29,6.69,7.22,6.85,6.10,6.89,7.47,5.59,6.30,5.24,0.42,5.33,3.30,3.92,2.53,1.30,-1.20,2.83,2.52,5.21,2.97,4.40,5.94,6,4.47,1.51,-33.19,4.41,3.20,3.57,3.26,6.27,4,5.47,4,4.14,3.77,4.22,0.37,3.08,5,6.04,7.73,5,4.69,5.32,6.72,1.30,4.77,4.79,4.97,5.03,3.88,2.41,3.80,4.65,3.97,5.11,4.16,4.54,5.23,5.51,5.27,4.90,5.41,4.96,,6.20,3.53,5.11,5.14,3.99,4.70,5.70,5.48,6.07,5.71,5.60,,2,-5.10,5.90,6.80,6.70,,,,,,,3.20,4.30,,2.40,7.50,5.50,6.44,,,,,,,,2.90,3.40,5,5.10,2.80,,,,,5.50,,4.30,3.80,4.20,4.50,4.10,,,4.90,,,3.60,,,4.70,4.50,4.70,5.90,5.90,6,
2008-12-02 17:20,6.40,5.01,3.32,3.19,1.30,4.88,4.79,5.60,1.37,1.64,3.48,4.64,1.78,4.79,0.35,2.28,2.45,-1.34,1.40,0.29,1.75,1.46,0.92,,7.16,5.84,7.28,4.75,2.78,3.40,6.07,1.96,-0.70,-1.15,-1.14,0.72,1.40,1.24,1.11,3.55,-0.90,-1.81,0.93,1.51,-0.40,6.44,6.60,6.60,4.50,6.19,3.48,6.88,7.93,8.25,6.54,7.03,6.39,5.70,6.72,7.42,5.31,6.20,5.20,0.41,5.42,3.54,3.83,2.51,1.30,-1.23,2.89,2.48,4.97,2.96,4.42,6.03,6.10,4.40,1.28,-35.51,4.30,3.20,2.86,2.83,6.42,3.68,5.47,3.30,4.13,3.01,4.05,0.28,2.26,4.80,6.06,7.86,4.81,4.40,5.04,6.50,1.22,4.23,4.73,4.91,5.02,4.14,2.60,3.50,4.09,4.09,5.05,4.35,4.62,5.19,5.59,5.35,4.90,5.41,5.05,,6.30,3.13,5.19,5,3.90,4.77,5.70,5.52,6.10,5.78,5.60,,2.60,-5.10,5.90,7,7,,,,,,,3,4.50,,2.30,7.30,5.60,6.41,,,,,,,,2.70,3.20,5.60,4.80,2.50,,,,,5.30,,4,3.50,4.10,4.60,4,,,4.80,,,3.50,,,4.70,4.50,4.70,5.90,5.90,5.90,
2008-12-02 17:30,6.40,4.76,3.42,2.99,1.30,4.92,4.73,5.50,1.47,1.57,3.60,4.44,1.92,4.82,0.39,2.29,2.22,-1.41,1.40,-0.02,1.94,1.11,0.92,,6.75,5.85,7.43,4.69,2.50,3.30,6.15,1.52,-0.70,-1.34,-1.34,1.02,1.35,1.17,1.04,3.32,-0.80,-1.86,1.05,1.23,-0.70,6.46,6.60,6.54,4.21,6.16,3.43,7.11,7.98,8.15,6.50,6.98,6.44,6.10,6.90,7.15,5.32,6,5.08,0.60,5.36,3.64,3.74,2.55,1.20,-1.27,2.78,2.38,4.80,2.93,4.46,6.10,6.40,4.50,1.16,-37.67,4.26,3.20,2.45,2.54,6.37,3.86,5.20,3.40,4.14,3.39,3.86,0.22,2.21,4.50,5.95,7.68,4.66,4.22,5.10,6.29,1,3.86,4.75,4.74,4.98,4.44,2.60,3.40,3.33,4.02,5.09,4.33,4.51,5.13,5.69,5.35,5,5.35,5.18,,6.20,3.06,5.06,4.93,3.92,4.89,5.70,5.53,6.02,5.86,5.60,,1.70,-5,5.60,7,6.40,,,,,,,3.20,4.40,,1.90,7,5.20,6.33,,,,,,,,3.10,3.30,5.70,4.80,2.30,,,,,4.90,,3.60,3,4.20,4.60,4,,,4.80,,,3.80,,,4.70,4.30,4.80,6,5.90,5.90,
2008-12-02 17:40,6.30,4.28,3.41,2.80,1.30,4.90,4.56,5.50,1.62,1.54,4.17,3.89,1.91,4.87,0.55,2.34,2.25,-0.95,1.30,-0.40,1.91,2.17,0.59,,6.36,5.65,7.58,4.67,2.17,3,6.13,1.25,-0.58,-1.24,-1.39,0.84,0.81,1.01,0.79,3.17,-0.90,-1.72,1.01,0.77,-1.30,6.50,6.30,6.40,3.83,6,3.38,6.94,7.92,7.97,6.52,6.80,6.08,6,6.65,6.70,5.42,6,4.84,0.45,5.39,3.66,3.65,2.53,1.30,-1.17,2.75,2.29,4.59,2.85,4.29,6.16,6.30,4.21,0.86,-38.21,4.03,3,2.63,2.93,6.12,3.68,3.93,3.30,4.42,3.58,3.68,0.13,1.21,4.10,5.40,7.48,4.49,4.09,4.39,6.37,0.89,3.66,4.53,4.74,5.02,4.70,2.33,3.30,3.09,3.92,5,4.18,4.37,5.13,5.67,5.37,4.90,5.18,5.20,,5.90,2.80,4.91,5.06,3.92,4.82,5.70,5.56,5.94,5.79,5.60,,1.50,-5,4.80,6.70,6.50,,,,,,,2.90,4.30,,2.50,6.70,5.10,6.35,,,,,,,,2.80,3,5.30,4.90,2.10,,,,,4.90,,3.20,2.70,4.30,4.60,4,,,4.80,,,3.80,,,4.60,4.40,4.80,6,5.80,5.70,
2008-12-02 17:50,6.10,4.34,3.35,2.48,1.30,5.08,4.76,5.20,1.85,1.53,4.50,3.57,1.72,4.98,1.07,2.41,2.46,-0.72,1.30,0.03,1.45,2.13,0.65,,6.47,5.67,7.57,4.62,1.93,3.30,5.96,1.16,-0.62,-1.14,-1.56,0.59,0.57,0.72,0.65,2.91,-0.70,-1.68,1.21,0.51,-1.20,6.55,6.30,6.35,3.68,5.94,2.83,6.83,7.77,7.95,6.54,6.70,6.17,6,5.98,6.36,5.42,6,4.70,0.48,5.10,3.68,3.55,2.51,1.20,-1.17,2.71,2.36,4.52,2.91,4.11,6.29,6.30,3.89,0.40,-39.55,4.03,3,2.94,3.22,6.23,3.36,3.92,3.40,4.40,3.09,3.59,-0.27,0.74,3.90,5.01,7.40,4.13,4.17,4.42,6.50,0.76,4.06,4.46,4.73,4.86,4.80,2.57,3.10,3.90,3.83,4.62,4.03,4.59,5.20,5.60,5.27,4.90,5.05,5.16,,5.70,2.71,5.08,5.12,3.91,4.77,5.60,5.58,5.91,5.62,5.50,,1.60,-5,4.70,6.30,6.60,,,,,,,2.80,4.60,,2.50,6.40,4.90,6.21,,,,,,,,2.80,2.90,5,5,2.20,,,,,5,,3.10,2.50,4.20,4.60,4,,,4.90,,,3.80,,,4.70,4.50,4.90,6,5.80,5.60,
2008-12-02 18:00,6,4.17,3.38,2,1,5.30,4.75,4.90,1.83,1.61,4.70,3.61,1.57,5,1.22,3,2,-0.76,2,-0.28,2,1.88,0.64,5,7,5,6.37,4.58,1,4,4,1,-0.60,-1,-1.29,2,2,2,1,3,-1,-2,1,0,-1.10,6.49,7,6.27,3.72,5.76,4,7,7.59,7.84,6.43,7,6,6,5,6.08,5.42,6,4.69,0.48,4.71,3.76,3.42,2.34,1.20,-1.18,2.70,2.32,4.59,2.77,4.04,6.55,6.30,3.94,0.50,-35.22,3,2.90,2.76,2.98,6.64,3.12,4,3.60,4.63,3.26,3.41,-0.06,0.68,3.60,4.84,7.24,3.92,4,4.88,6.47,0.48,3.73,4.42,4.76,4.75,4.74,2.31,3.10,4.32,3.78,4.71,3.84,4.53,5.33,5.68,5.22,4.90,5.11,5.10,,5.10,2.64,5.15,4.89,3.93,4.90,5.70,5.67,6.20,5.82,5.50,5,1,-5,4.70,6.80,6.50,6.70,4.30,-5.80,4.70,4,3.50,2.70,5,4.90,1.20,6.40,5,5.60,3.70,3,4.60,4.80,4.80,4.60,2.80,2.50,2.80,4.70,4.80,2.30,4.30,3.50,4.70,5.40,4.90,3.80,3.10,2.40,4.30,4.50,4.10,,4.90,4.90,5.80,,3.60,4.40,4.30,4.70,4.60,4.90,5.90,5.80,5.60,5.50
2008-12-02 18:10,5.60,4.23,3.50,1.81,1.40,5.66,4.60,4.90,1.44,1.58,4.87,3.81,1.58,5.14,1.55,2.24,1.99,-1.11,1.20,-0.34,1.26,1.97,0.39,,5.55,5.36,6.29,4.54,1.16,3.30,4.57,1.01,-0.63,-1.40,-1.58,0.59,0.42,0.59,0.63,2.54,-0.60,-1.62,1.48,0.21,-1.40,6.21,6.20,6.08,4.01,5.63,2.01,6.81,7.41,7.77,6.33,6.92,5.82,5.90,4.36,5.85,5.57,5.90,4.93,0.39,4.10,3.68,3.30,2.40,1.30,-1.23,2.75,2.36,4.84,2.84,3.84,6.27,6.20,3.97,0.60,-36.78,4.15,2.90,1.78,2.89,6.94,3.12,3.69,3.70,4.87,3.48,3.16,0.10,0.99,3.10,4.44,7.23,3.90,3.91,4.94,6.44,0.42,4,4.21,4.74,4.81,4.74,2.06,3.20,3.49,3.70,4.80,3.90,4.58,5.26,5.57,5.30,4.90,5.08,5.03,,4.70,2.52,4.86,4.53,3.88,4.84,5.60,5.54,5.99,5.77,5.40,,0.80,-4.90,4.30,6.40,6.20,,,,,,,2.60,4.50,,1.20,6.30,4.90,5.62,,,,,,,,2.50,3,4.10,4.60,2.30,,,,,4.60,,3.10,2.70,4.30,4.50,4.10,,,4.90,,,3.40,,,4.70,4.50,4.90,5.90,5.80,5.60,
2008-12-02 18:20,5.20,4.14,3.50,1.50,1.30,5.77,4.02,4.30,1.37,1.62,4.98,4.17,1.58,4.95,1.65,2.11,1.94,-0.84,1.20,-0.67,1.46,2.25,0.24,,4.70,4.93,5.98,4.53,0.82,3.60,4.41,0.73,-0.65,-1.48,-1.84,0.78,0.13,0.39,0.38,2.50,-0.60,-1.50,1.40,-0.07,-1.50,6.22,6.20,5.96,3.70,5.74,1.76,6.47,7.45,7.73,6.39,6.90,5.65,6,4.02,7.19,5.64,5.90,4.91,0.43,3.77,3.56,3.22,2.43,1.20,-1.22,2.52,2.31,4.82,2.71,3.68,6.25,6,4.35,0.88,-38.11,4.03,2.80,1.24,2.71,7.32,3.20,3.71,3.60,4.37,3.74,3.23,0.15,1.03,3.10,4.16,7.04,3.83,3.93,4.91,6.51,0.55,3.47,4.16,4.78,4.82,5.03,1.89,3.20,3.16,3.60,4.84,4.05,4.50,5.19,5.59,5.38,4.90,5.01,4.95,,4.70,2.11,4.56,4.67,3.99,4.90,5.60,5.53,5.87,5.80,5.30,,0.90,-4.90,4,7.20,5.90,,,,,,,2.70,3.70,,0.90,5.90,4.80,5.53,,,,,,,,2.90,2.80,3.70,4.80,2.50,,,,,4.40,,3.20,2.20,4.30,4.50,4.20,,,4.90,,,3.20,,,4.60,4.50,5,6,5.70,5.70,
2008-12-02 18:30,4.70,4.58,3.59,1.30,1.30,5.88,3.99,4.30,1.22,1.77,5.03,4.21,1.32,4.82,2.88,2.37,1.75,-0.92,1,-0.75,1.57,1.79,0.11,,4.17,4.80,5.60,4.45,0.66,3.80,3.76,0.40,-0.73,-1.54,-2.01,0.63,-0.10,0.08,0.32,2.26,-0.50,-1.54,1.38,-0.38,-1.50,6.22,6,5.79,3.69,5.72,2.02,6.19,7.36,7.47,6.37,6.88,6.13,6,3.72,6.90,5.55,5.70,4.86,0.28,3.41,3.58,3.31,2.38,1.20,-1.22,2.48,2.25,4.67,2.64,3.73,6.12,6,4.31,0.94,-37.65,3.92,2.80,0.92,2.32,7.36,3.18,3.80,3.50,4.38,3.69,3.19,-0.03,1.83,3.10,3.49,6.87,3.78,4.08,4.77,6.52,0.43,3.60,4.07,4.65,4.78,4.90,1.60,3.10,4.02,3.42,4.56,4.32,4.51,5.27,5.64,5.30,4.90,5.10,4.62,,4.60,2.54,4.35,4.51,4.02,4.92,5.70,5.53,5.72,5.63,4.90,,0.80,-4.80,3.30,7.10,6.10,,,,,,,2.60,3.40,,1,5.60,4.70,5.51,,,,,,,,3,2.40,3.10,4.80,2.30,,,,,4.30,,3.10,2.40,4.30,4.50,4.20,,,4.80,,,3.30,,,4.50,4.50,4.90,6,5.70,5.50,
2008-12-02 18:40,4.30,4.97,3.54,1.11,1.40,5.87,4.15,4,1.22,1.95,4.74,4.11,1.01,4.73,4.48,2.25,1.81,-1.06,1.20,-0.68,1.39,2.12,0.16,,4.70,5.18,5.30,4.72,0.44,3.60,3.78,0.36,-0.82,-1.85,-2.16,1.28,-0.18,0,0.31,2.01,-0.40,-1.44,1.32,-0.35,-1.60,5.48,5.90,5.48,3.70,5.53,1.81,6.25,7.20,7.33,6.63,6.91,6.23,6,5.13,6.69,5.41,5.60,4.49,0.36,3.85,3.63,3.41,2.41,1.20,-1.24,2.45,2.26,4.58,2.49,3.74,6.11,5.90,4.11,1,-11.51,3.79,2.80,1.30,2.15,7.31,3.02,3.72,3.50,3.91,3.29,3.05,-0.08,2.14,3.20,2.76,6.92,3.76,3.65,4.89,6.27,0.21,3.53,4.06,4.67,4.79,4.62,1.55,2.90,3.88,3.29,4.48,4.52,4.57,5.06,5.69,5.33,4.90,5.07,4.49,,4.70,3.36,4.19,4.57,3.93,4.96,5.80,5.56,5.83,5.73,4.80,,0.80,-4.80,3.30,6.90,5.90,,,,,,,3,3.40,,0.80,5.50,4.60,5.39,,,,,,,,3.10,2.10,2.60,4.60,2.10,,,,,4.70,,3.50,2.20,4.30,4.40,4.10,,,4.80,,,3,,,4.60,4.50,4.80,6,5.70,5.40,
2008-12-02 18:50,4,5.85,3.51,1.02,1.60,5.83,4.54,3.80,1.24,2.16,4.53,4.36,0.97,4.64,4.44,2.21,1.65,-0.45,1.50,-0.61,1.44,2.12,-0.02,,4.31,5.61,5.16,5.04,0.16,3.20,4.87,0.06,-0.99,-2.03,-2.18,0.72,-0.34,-0.09,0.37,2.13,-0.40,-1.54,1.39,-0.54,-1.20,4.41,6.10,5.26,3.56,5.60,1.96,6.48,6.95,7.26,6.62,6.82,6.27,5.90,6.30,6.90,5.47,5.20,4.26,0.28,3.78,3.66,3.72,2.32,1.20,-1.27,2.41,2.31,4.63,2.36,3.76,5.80,5.90,4.04,0.66,44.47,3.60,3.06,1.49,2.22,7.14,2.73,3.69,3.50,3.84,3.33,2.87,0.02,2.23,3.40,2.49,6.97,3.89,2.38,4.86,5.89,0.03,3,3.81,4.36,4.83,4.33,1.48,2.70,3.22,3.13,4.43,4.51,4.56,5.10,5.65,5.35,4.90,5.15,4.41,,4.50,3.70,4.20,4.41,3.85,4.95,5.90,5.43,5.74,5.78,4.70,,0.90,-4.70,2.90,7,6.10,,,,,,,3,3.90,,1.10,5,4.60,5.19,,,,,,,,3.40,2.10,2.60,4.30,2.70,,,,,4.80,,3.70,2.30,4.30,4.60,4.10,,,4.40,,,3,,,4.50,4.40,4.70,6.10,5.70,5.40,
2008-12-02 19:00,4,5.60,3.55,1,1.60,5.84,4.24,3.60,1.30,2.24,4.82,4.52,0.92,4.69,4.81,2.39,1.32,-0.48,1.70,-0.06,1.52,1.98,-0.23,,3.58,5.52,5.12,5.04,0.16,3.10,5.47,0.09,-0.96,-2.07,-2.37,0.12,-0.29,-0.09,0.57,2.17,-0.20,-1.42,1.38,-0.30,-1.30,3.94,6,5.14,3.36,5.55,1.62,6.40,6.50,7.08,6.59,6.85,5.77,5.90,6.60,7.21,5.32,4.50,3.96,0.43,3.45,3.72,3.78,2.24,1.20,-1.27,2.47,2.10,4.67,2.11,3.78,5.56,5.80,3.87,0.45,29.44,3.76,2.96,1.44,2.10,6.94,2.58,3.51,3.40,4.11,3.59,3.01,0.17,2.64,3.40,1.77,6.79,4.01,2.04,4.20,5.83,-0.30,3.37,3.50,4.41,4.71,3.95,1.66,2.60,2.45,3.11,4.40,4.68,4.54,5.18,5.63,5.22,4.90,5.23,4.20,,4.20,3.95,4.24,4.18,3.99,5,6,5.40,5.91,5.70,4.50,4.50,1.10,-4.70,1.90,6.80,6.10,6.20,3.70,-5.70,4.40,3.20,3.30,2.90,3.90,4.80,0.40,4.60,4.30,5.70,,2.60,3.50,4.10,5.10,4.80,2.80,3.10,2.70,2.40,4,2.70,4.20,3.20,3.80,5.10,4.90,3.20,3.70,2.40,4.40,4.40,4.10,3.90,4.60,4.10,4.90,4.10,3,4.50,4.20,4.60,4.50,4.80,6.10,5.70,5.30,4.80
2008-12-02 19:10,4,5.68,3.51,0.88,1.70,5.75,4.36,3.30,1.25,2.49,4.76,4.56,0.89,4.57,4.91,2.51,1.68,-0.85,1.90,-0.33,1.65,1.31,-0.45,,3.69,5.90,4.80,4.84,-0.06,3.30,5.85,0.20,-0.81,-2.15,-2.24,-0.08,-0.04,-0.36,0.73,1.92,-0.20,-1.46,1.20,-0.21,-1.40,3.64,6,4.97,2.97,5.42,1.31,6.32,7.01,6.88,6.36,6.64,4.97,5.80,6.34,7.38,5.14,4.20,3.63,0.37,3.06,3.69,3.68,2.34,1.10,-1.24,2.40,2.17,4.37,1.80,3.83,5.67,5.70,3.55,0.30,18.32,3.75,2.90,1.44,1.77,6.79,2.59,3.34,3.40,4.23,3.84,3.07,0.43,2.60,3.40,1.29,6.66,4.01,1.88,4.51,6.02,-0.37,3.34,3.37,3.89,4.70,3.59,1.94,2.80,2.41,3.16,4.27,4.73,4.61,5.18,5.47,5.09,4.80,5.18,4.10,,4,4.18,4.15,4.02,3.80,4.97,6,5.49,6.07,5.59,4.50,,0.60,-4.70,2.20,6.80,5.90,,,,,,,2.80,4.30,,0.40,4.40,4.30,4.78,,,,,,,,2.60,2.90,2.40,4.20,2.80,,,,,5,,3.50,2.50,4.40,4.40,4.10,,,4.20,,,3.30,,,4.50,4.50,4.80,6.10,5.70,5.40,
2008-12-02 19:20,3.80,6.07,3.50,0.82,1.60,5.70,4.63,3.10,1.38,2.70,4.56,4.70,0.90,4.56,4.87,2.58,1.80,-0.99,2.10,-0.44,1.59,1.22,-0.50,,3.80,6.02,4.24,4.81,-0.14,3.50,5.88,0.22,-0.80,-2.09,-1.95,0.22,-0.11,-0.37,0.84,1.63,-0.20,-1.41,1.41,-0.43,-1.50,3.67,6,4.80,3.46,5.44,1.26,6.38,6.87,6.63,6.41,6.36,4.67,5.70,5.93,7.39,4.78,3.90,4.22,0.43,3.21,3.71,3.56,2.19,1,-1.28,2.35,2.01,4.17,1.81,3.87,5.73,6,3.29,0.50,-0.41,3.75,2.84,1.63,2.14,6.72,2.62,3.26,3.10,4.33,2.90,2.97,0.63,2.53,2.80,0.57,6.74,3.95,1.57,3.91,5.94,-0.44,2.54,3.05,3.74,4.25,2.84,2.09,3.10,2.53,3,4.15,4.84,4.61,5.15,5.47,5.17,4.80,4.93,4.29,,3.80,4.18,4.19,4.20,3.77,4.95,6,5.48,5.93,5.55,4.20,,0.80,-4.60,2.30,7.10,6.20,,,,,,,2.60,4.70,,0.70,4.70,4.50,4.47,,,,,,,,2.40,3.10,2.10,4,2.90,,,,,5,,3.20,2.30,4.40,4.40,4.10,,,4.10,,,3.60,,,4.50,4.50,4.80,6.10,5.70,5.20,
2008-12-02 19:30,3.90,5.95,3.41,0.73,1.60,5.67,4.79,3.10,1.46,2.44,4.49,4.64,1.07,4.50,5.02,2.63,1.86,-0.76,2.10,-0.08,1.59,1.19,-0.50,,4.22,5.32,4.09,4.66,0.04,3.10,5.90,0.41,-0.70,-2,-1.85,0.08,-0.28,-0.22,0.96,1.71,-0.20,-1.38,1.50,-0.44,-1.50,3.89,6,4.82,3.30,5.16,1.38,5.44,6.53,6.33,6.25,5.78,4.06,5.60,5.31,6.80,5.04,3.50,4.44,0.37,2.69,3.71,3.64,2.19,1.10,-1.24,2.31,1.81,4.30,1.71,3.89,5.47,5.80,3.39,1,-16.05,3.73,2.84,2.58,2.39,6.13,2.58,3.03,3,4.58,2.77,3.11,0.88,2.34,2.40,0.30,6.78,3.89,1.44,3.41,5.58,-0.49,2.36,3.04,3.61,3.94,2.28,1.99,3.10,2.78,2.89,3.99,4.83,4.51,5.17,5.54,5.17,4.80,4.70,4.36,,3.90,3.98,3.87,4.41,3.88,4.81,5.80,5.45,5.74,5.62,4.20,,0.90,-4.60,2.20,7.30,6.20,,,,,,,2.40,4.70,,0.80,5.20,4.50,4.17,,,,,,,,2.60,3.20,1.80,3.70,2.70,,,,,5.10,,3.10,2.50,4.40,4.50,4.10,,,4.20,,,3.80,,,4.50,4.40,4.80,6.10,5.70,5.20,
2008-12-02 19:40,4,5.55,3.34,0.57,1.60,5.58,4.98,3.10,1.46,2.51,4.41,4.55,1.04,4.26,5.01,2.59,1.60,-0.90,2.10,-0.23,1.23,0.79,-0.47,,6.19,5.15,4.40,4.92,-0.14,3,5.79,0.58,-0.60,-2.04,-1.98,0.03,-0.48,-0.27,0.95,1.44,-0.40,-1.43,1.42,-0.66,-1.30,3.70,5.90,5.18,3.11,5.11,0.66,4.27,6.40,6.23,6.17,5.27,3.76,5.50,5.26,5.86,5.04,2.90,4.59,0.42,2.20,3.77,3.53,2.22,1,-1.29,2.23,1.66,4.08,1.57,3.64,5.30,5.80,3.43,1.10,-23.93,3.77,2.79,2.88,2.65,5.80,2.55,2.80,3,4.48,3.23,3.22,0.80,2.10,2,0.10,6.71,3.91,1.35,2.59,5.53,-0.58,2.65,3.15,3.46,3.51,1.75,2.05,2.90,3.69,3.07,3.96,4.87,4.61,5.21,5.38,5.21,4.80,4.47,4.46,,4.10,3.69,4.06,4.45,3.84,4.76,5.80,5.49,5.67,5.74,4.10,,0.80,-4.60,1.70,7.50,5.60,,,,,,,2.30,3.80,,0.60,5.70,4.40,3.38,,,,,,,,2.70,3.30,1.60,3.20,2.30,,,,,5.10,,3.30,2.50,4.40,4.50,4.10,,,4,,,3.90,,,4.50,4.30,4.80,6.10,5.70,5.10,
2008-12-02 19:50,4,5.57,3.48,0.56,1.60,5.72,4.95,3,1.36,2.52,4.54,4.47,1.19,4.14,4.91,2.59,1.42,-1.09,2.30,0.03,0.97,0.57,-0.30,,4.64,5.04,4.52,4.46,-0.30,3.30,5.85,0.68,-0.53,-1.81,-1.83,-0.04,-0.69,-0.32,0.83,0.86,-0.40,-1.57,1.07,-0.82,-1.20,3.53,6.10,5.27,3.34,5.34,0.43,3.75,4.87,6.27,5.91,5.43,3.69,4.60,5.08,3.75,4.59,2.40,4.55,0.61,1.60,3.78,3.44,2.35,1,-1.37,2.11,1.68,3.84,1.41,3.41,4.68,5.90,3.35,1.50,-31.45,3.67,2.67,3.09,2.89,5.42,2.72,2.65,3.20,4.02,2.94,3.20,0.97,1.81,1.80,0,6.66,3.70,0.92,2.22,5.14,-0.85,2.79,3.08,3.34,3.19,1.26,1.99,2.80,3.48,3,3.96,4.87,4.44,4.90,5.39,5.22,4.80,4.44,4.62,,4.40,3.55,3.92,4.56,3.63,4.61,5.80,5.58,5.64,5.70,4.10,,0.90,-4.50,1.90,7.30,5.10,,,,,,,2.40,3.40,,0.80,5.90,4.30,3.31,,,,,,,,2.60,3.10,1.50,3.40,2.20,,,,,4.80,,3.20,2.50,4.30,4.60,4.10,,,3.70,,,3.60,,,4.50,4.20,4.80,6.10,5.70,4.70,
2008-12-02 20:00,3.60,5.47,3.60,0.45,1.70,5.55,4.94,3.10,1.25,2.63,4.56,4.53,1.19,4.34,4.76,2.63,1.58,-0.74,2.40,0,0.73,0.74,0.20,,4.30,5.04,4.50,4.37,-0.34,3.20,5.80,0.87,-0.47,-1.77,-1.71,-0.18,-0.69,-0.17,0.90,0.71,-0.50,-1.64,0.90,-0.87,-1,3.17,6.10,5.24,3.23,5.44,0.46,3.31,4,6.26,5.58,5.93,3.31,4,4,3.09,3.80,1.60,4.31,0.70,1.13,3.69,3.45,2.21,1.10,-1.34,2.07,1.79,4,1.33,3.33,4.96,5.70,2.95,1.30,-26.48,3.61,2.63,3.21,2.86,5.06,2.92,2.53,3.40,4.07,2.48,3.32,1.17,1.84,2.10,0.65,6.51,3.60,0.81,2.23,4.99,-0.88,2.68,3.27,2.95,3.08,1.78,2.14,2.70,2.73,2.90,3.84,4.70,4.50,4.95,5.36,5.17,4.80,4.40,4.72,,4.50,3.41,3.90,4.49,3.45,4.63,5.80,5.49,5.74,5.49,4,4.50,1,-4.50,2.30,7.20,5,,3.10,-5.80,3.30,2.70,3.10,2.30,3.40,4.40,0.60,5.80,4.20,3.40,1.90,2.20,3.40,3.60,3.80,4.20,2.70,2.60,3,1.70,3.50,2.70,3.80,2.60,3.60,4.90,4.50,3.60,3.20,2.70,4.30,4.50,4.10,,4.10,3.50,4.20,3.40,3.40,4.50,4.40,4.50,4.30,4.70,5.90,5.60,4.80,3.90
2008-12-02 20:10,3.40,5.57,3.65,0.44,1.60,5.64,5.18,3.30,1.55,2.68,4.69,4.66,1.06,4.38,4.73,2.49,1.95,-1.12,2.70,0.31,0.59,1.04,0.59,,4.18,5.07,4.38,4.30,-0.30,3,5.70,1.17,-0.44,-1.73,-1.69,-0.14,-0.97,-0.07,1.22,0.57,-0.80,-1.81,0.49,-1.07,-0.70,2.66,6.10,5.32,3.51,5.30,0.44,3.04,4.10,5.71,5.01,6.18,2.49,3.60,3.27,2.40,3.31,1,4.05,0.66,0.84,,3.44,2.22,1,-1.25,2.13,1.64,4.03,1.41,3.31,4.84,5.40,2.69,1.15,-34.37,3.47,2.40,3.32,2.70,4.65,3.05,2.41,3.40,4.38,2.58,3.45,1.19,2.17,2,1.14,6.49,3.76,0.57,2.45,4.84,-0.65,1.94,3.36,2.68,2.88,1.84,2.17,2.70,2.77,2.92,3.80,4.61,4.35,5.15,5.16,5.09,4.80,4.16,4.59,,4.30,3.11,3.88,4.24,3.44,4.77,5.70,5.56,5.90,5.50,4.20,,1,-4.50,2.20,7.50,4.60,,,,,,,2.30,3.30,,0.60,5.80,4.10,2.53,,,,,,,,2.70,3.10,1.90,3.50,2.70,,,,,4.30,,3.20,2.50,4.30,4.50,4.10,,,3.60,,,3.10,,,4.50,4.30,4.80,5.90,5.60,4.90,
2008-12-02 20:20,2.90,5.67,3.65,0.49,1.60,5.62,5.53,3.30,1.72,2.35,4.68,4.74,0.96,4.45,4.36,2.50,2,-0.77,2.80,0.51,0.60,1.01,1.01,,4.52,5.17,4.56,4.37,-0.33,3,5.51,1.12,-0.54,-1.62,-1.36,0.06,-1.07,-0.03,1.53,0.10,-0.80,-1.72,0.07,-1.22,-0.40,2.42,6.10,5.54,3.12,5.17,0.10,2.81,4.44,5.63,4.16,6.30,2.17,3,2.45,2.10,2.98,0.20,3.43,0.78,0.63,,3.09,2.25,1.10,-1.34,2.18,1.87,4,1.50,3.23,4.41,5.30,2.36,0.99,-38.75,3.36,2.40,3.22,2.59,4.62,3.20,1.93,3,4.67,2.61,3.46,1.19,2.58,2.40,0.67,6.34,3.80,0.62,3.07,4.81,-0.72,1.68,3.13,2.60,2.69,1.58,2.28,2.80,2.75,2.76,3.81,4.36,4.48,5.16,4.96,5.09,4.70,4.18,4.60,,4.10,2.97,3.93,4.05,3.52,4.74,5.80,5.51,5.85,5.47,4,,1,-4.50,1.50,7.30,4.90,,,,,,,2.10,3.10,,0.90,5.60,3.10,2.22,,,,,,,,2.50,2.90,2.40,3.30,3.10,,,,,4.30,,3.10,2.40,4.30,4.50,4.10,,,3.40,,,2.80,,,4.50,4.40,4.70,5.90,5.60,5,
2008-12-02 20:30,2.80,5.63,3.65,0.58,1.70,5.61,4.82,3.60,1.83,2.28,4.22,4.54,0.86,4.25,3.84,2.40,2.13,-0.77,2.80,0.48,0.54,0.58,0.75,,4.91,5.18,4.61,4.39,-0.39,3.40,5.13,0.93,-0.64,-1.42,-1.20,0.30,-1.53,0.07,1.44,0.06,-0.80,-1.82,-0.30,-1.21,-0.40,2.42,6,5.56,3.32,5.02,0.05,2.69,3.76,5.60,3.72,6.31,1.68,2.50,1.97,1.45,2.70,-0.10,2.62,0.81,0.42,,2.98,2.08,1.10,-1.35,2.15,1.78,3.70,1.76,3.19,4.56,5.10,2.70,1.14,-43.11,3.26,2.30,2.91,2.33,4.66,3.21,1.76,2.90,4.03,2.80,3.33,1.19,2,2.70,0.52,6.25,3.77,0.78,2.88,4.69,-0.92,2.34,3.38,2.77,2.64,1.36,2.22,2.80,2.63,2.46,3.90,4.06,4.38,5.20,4.79,5.12,4.70,4.32,4.69,,3.70,2.80,3.71,3.42,3.55,4.78,5.70,5.44,5.75,5.37,3.60,,1.20,-4.50,1.30,7.20,4.40,,,,,,,2,3.20,,1,5.40,3.20,1.93,,,,,,,,2.70,2.70,2.50,2.90,3.20,,,,,4.40,,3.20,2.50,4.30,4.50,4.10,,,3.50,,,2.60,,,4.40,4.40,4.70,5.90,5.60,5.10,
2008-12-02 20:40,2.30,5.60,3.56,0.72,1.70,5.61,4.25,3.30,1.80,2.23,3.77,4.36,0.81,4.21,4.06,2.41,2.03,-0.83,2.70,0.42,0.37,0.22,1.02,,5.10,5.22,4.79,4.48,-0.48,3.10,5.06,0.63,-0.70,-1.32,-1.20,0.14,-1.32,0.04,1.17,-0.19,-0.60,-1.59,-0.29,-1.19,-0.20,2.55,6,5.55,3.12,4.71,-0.21,2.59,3.64,5.57,3.10,6.04,1.69,1.80,1.44,1.15,2.25,-0.30,1.83,0.77,0.28,,2.90,2.06,1,-1.35,2.29,1.64,3.52,1.91,3.13,4.49,5,3,0.95,-46.14,3.23,2.30,2.62,2.47,4.59,3.31,1.70,2.70,4.05,3.11,3.28,1.10,1.73,3.10,0.07,6.25,3.67,0.72,2.59,4.37,-1.06,2.37,3.06,3.03,2.61,1.23,2.25,2.90,2.44,2.47,3.90,4.06,4.34,4.98,4.81,5,4.80,4.40,4.51,,3.40,2.74,3.55,3.56,3.50,4.78,5.60,5.48,5.86,5.36,3.50,,1.20,-4.40,1.50,7.20,4.90,,,,,,,2.10,3.20,,1.30,5.30,3.30,1.74,,,,,,,,3.20,2.60,2.30,3,3.10,,,,,4.30,,2.90,2.50,4.40,4.50,4.10,,,3.80,,,2.60,,,4.40,4.20,4.60,5.90,5.60,5.10,
2008-12-02 20:50,2.10,5.72,3.57,1.20,1.70,5.53,4.13,3.20,1.68,2.15,3.51,4.39,0.79,4.31,4.16,2.43,2.05,-1.02,2.60,0.34,0.28,0.15,0.85,,4.83,5.19,4.87,4.54,-0.72,3,5.10,0.72,-0.60,-1.11,-1.10,0.27,-1.12,0.12,0.79,-0.58,-0.50,-1.32,-0.40,-1.07,-0.10,2.01,5.80,5.57,3.67,4.11,-0.48,2.36,4.15,5.39,2.39,5.53,1.58,1.60,1,0.73,1.61,-0.60,0.97,0.68,0.16,,2.74,1.97,1.10,-1.32,2.27,1.54,2.57,1.93,2.94,4.06,5,2.60,0.78,-48.14,3.33,2.20,2.67,2.69,4.87,3.09,1.80,2.90,3.86,3.04,3.26,0.96,1.72,2.90,-0.21,6.45,3.79,0.88,2.43,3.82,-1.31,3.12,3.12,3.15,2.35,1.12,2.16,2.90,2.35,2.82,3.64,3.83,4.34,4.86,4.63,5,4.60,4.49,4.32,,3.30,2.73,3.48,3.09,3.77,4.75,5.60,5.45,5.93,5.41,3.40,,0.80,-4.40,1.50,6.90,4,,,,,,,2.10,3.10,,1.50,5.10,3.30,1.71,,,,,,,,3.30,2.60,2.10,3.10,2.90,,,,,4.30,,2.70,2.20,4.40,4.50,,,,3.90,,,2.40,,,4.50,4.30,4.50,5.90,5.60,4.90,
2008-12-02 21:00,1.90,5.69,3.61,1.51,1.70,5.55,4.23,3.30,1.55,2.11,3.44,4.22,0.75,4.34,4,2.48,1.99,-0.75,2.60,0.27,0.34,-0.06,0.67,,4.74,5.29,4.90,4.54,-0.66,3.40,4.84,0.79,-0.60,-1.16,-0.84,0.49,-0.94,0.34,0.81,-0.49,-0.60,-1.28,-0.38,-0.99,-0.10,2.55,5.40,5.53,3.12,4.26,-0.46,1.76,2.72,4.96,1.72,4.81,1.13,1.40,0.51,0.56,1.19,-0.90,0.93,0.85,0,,2.89,1.95,1.10,-1.43,2.37,1.73,2.15,1.95,2.93,3.44,5.10,1.91,0.44,-50.47,3.50,2.20,2.72,2.65,4.73,3.11,1.79,2.90,3.83,3.27,3.22,0.89,1.67,3,-0.72,6.49,3.80,0.94,2.69,2.23,-1.40,2.63,2.74,2.88,2.26,0.93,1.78,2.70,2.41,2.77,3.55,3.70,4.28,4.74,4.57,4.92,4.60,4.48,4.16,,3.20,2.68,3.35,3.16,3.71,4.72,5.60,5.34,5.65,5.42,3.30,,0.60,-4.40,1.20,7.30,4.20,,,,,,,2,2.90,,1.50,4.80,3.30,1.73,,,,,,,,3.10,2.50,2.10,3.10,2.50,,,,,4.40,,2.60,1.90,4.40,4.50,4.10,,,3.80,,,2.30,,,4.50,4.40,4.40,5.80,5.60,4.70,
2008-12-02 21:10,1.90,5.61,3.65,1.83,1.70,5.50,3.98,3.30,1.50,2.10,3.53,4,0.86,4.49,4.03,2.59,2.07,-0.69,2.50,0.51,0.32,-0.23,0.60,,4.67,5.33,4.94,4.50,-0.46,3.20,5.33,1.23,-0.83,-1.28,-0.72,0.48,-0.92,0.29,0.97,-0.78,-0.50,-1.31,-0.36,-1.02,-0.10,1.71,4.50,5.52,2.97,3.48,-0.60,1.46,2.66,4.68,1.42,4.41,0.88,0.90,0.34,0.37,0.96,-1,0.73,0.81,-0.19,,3.01,2,1.10,-1.44,2.49,1.58,2.29,1.92,2.89,3.42,5.30,1.59,0.08,-51.27,3.45,1.70,2.65,2.44,4.58,2.89,1.78,2.80,3.71,3.07,3.08,0.48,1.16,2.50,-0.91,6.54,4,0.78,2.89,1.18,-1.05,2.29,2.56,2.78,2.19,0.62,1.49,2.70,2.12,2.89,3.67,3.52,4.21,4.60,4.75,4.78,4.50,4.23,4.06,,3,2.64,3.37,2.85,3.79,4.64,5.60,5.33,5.78,5.34,3.20,,0.50,-4.40,0.70,7.10,3.90,,,,,,,2.10,2.50,,1.60,4.50,3.50,1.61,,,,,,,,2.80,2.50,1.70,3,2.40,,,,,4.40,,2.40,1.60,4.40,4.40,4.10,,,3.70,,,1.70,,,4.50,4.20,4.40,5.80,5.60,4.70,
2008-12-02 21:20,1.70,5.69,3.52,2.12,1.70,5.68,4.04,3.40,1.44,2.01,3.54,4.22,0.74,4.55,3.93,2.65,2.08,-0.46,2,0.37,0.23,-0.55,0.56,,4.69,5.18,4.93,4.49,-0.62,3.70,5.46,1.44,-0.74,-1.23,-0.69,0.28,-0.76,-0.29,0.84,-0.97,-0.70,-1.37,-0.32,-0.83,0,1.84,4,5.48,2.41,2.32,-0.64,1.50,2.58,4.60,1.20,4.17,0.68,0.90,0.16,0.43,0.55,-1.20,0.55,0.79,-0.30,,3.04,2.08,1.10,-1.41,2.49,1.62,2.39,1.76,2.69,3.04,5.30,1.78,0.24,-55.47,3.31,1.70,2.42,3.02,4.17,2.72,1.59,2.60,3.60,3.12,2.93,0.31,1.06,2.50,-0.84,6.51,3.89,0.34,3.76,0.59,-0.97,2.99,2.20,2.85,2.15,0.29,1.39,2.50,2.36,2.83,3.68,3.33,4.07,4.50,4.71,4.82,4.40,4.12,3.82,,2.70,2.98,3.40,2.83,3.81,4.71,5.70,5.41,5.81,5.28,3.40,,0.50,-4.40,1.20,6.70,3.90,,,,,,,2,2.40,,1.20,4.40,3.60,1.29,,,,,,,,2.60,2.40,1.60,2.70,2.60,,,,,4.10,,2.50,1.70,4.40,4.40,4.10,,,3.60,,,1.30,,,4.40,4.30,4.40,5.80,5.50,4.70,
2008-12-02 21:30,1.50,5.90,3.46,2.31,1.60,5.55,4.24,3.50,1.46,1.84,3.27,4.25,0.78,4.40,3.78,2.48,1.98,-0.84,1.60,0.66,0.16,-0.29,0.81,,4.75,4.97,4.99,4.61,-0.68,3.50,4.78,1.44,-0.70,-1.15,-0.78,0.47,-0.84,-0.27,0.92,-0.80,-0.70,-1.47,-0.51,-1.14,0,1.44,3.80,5.51,1.96,1.72,-0.65,1.44,2.94,4.93,0.84,3.81,0.39,0.90,-0.06,0.70,0.28,-1.30,0.54,0.93,-0.32,,2.93,2.17,1.10,-1.52,2.47,1.70,2.10,1.74,2.49,2.06,5.30,1.68,0.13,-60.70,3.27,2,2.62,3.07,3.86,2.56,1.91,2.70,3.72,2.99,2.94,0.17,1.09,2.10,-0.80,6.69,3.58,0.93,3.20,1.09,-1.21,3.19,2.03,2.89,2.14,0.18,1.51,2.60,2.33,2.79,3.54,3.05,4.03,4.40,4.61,4.83,4.40,4.12,3.09,,2.40,2.74,3.43,2.77,3.80,4.65,5.60,5.40,5.71,5.38,3.40,,0.60,-4.40,1.40,6.20,3.60,,,,,,,2,2.40,,0.80,4.30,3.50,0.82,,,,,,,,2.30,2.30,1.30,2.40,2.50,,,,,3.70,,2.50,1.80,4.40,4.20,4.10,,,3.70,,,1.20,,,4.40,4.30,4.40,5.80,5.50,4.30,
2008-12-02 21:40,1.60,5.62,3.44,2.23,1.60,5.47,4.27,3.30,1.57,1.72,2.82,4.12,0.79,4.27,3.58,2.51,2.21,-0.72,1.40,0.66,0.13,-0.31,1.01,,4.58,4.77,4.83,4.55,-0.78,3.30,4.15,1.55,-0.61,-1.21,-0.73,0.58,-0.77,-0.34,0.94,-0.82,-0.80,-1.71,-0.98,-1.17,0.20,0.99,3.80,5.37,1.67,1.59,-0.53,0.93,2.23,4.55,0.34,3.61,0.19,0.60,-0.32,0.64,0.29,-1.40,0.73,1.01,-0.30,,2.92,2.22,1.10,-1.41,2.62,1.65,1.77,1.76,2.61,2.06,4.90,1.86,0.24,-63.27,3.27,1.90,2.27,3.14,3.81,2.54,1.91,2.70,3.71,3.09,2.73,-0.01,1.61,2,-0.77,6.41,3.37,0.89,2.96,1.20,-1.17,3.17,1.83,2.62,2.08,0.43,1.61,2.50,2.55,2.86,3.17,2.98,4.01,4.32,4.51,4.76,4.30,4.23,2.74,,2.10,2.76,3.34,2.93,3.78,4.50,5.50,5.40,5.61,5.11,3.60,,0.50,-4.40,1.20,6,3.60,,,,,,,2.10,2.30,,0.70,4.20,3.30,0.60,,,,,,,,2.30,2.10,0,2.40,2.90,,,,,3.60,,2.40,1.20,4.30,4.10,4,,,3.60,,,1.30,,,4.40,4.30,4.40,5.80,5.40,4.30,
2008-12-02 21:50,1.70,5.34,3.50,2.31,1.50,5.14,4.23,3.30,1.53,1.80,2.78,4.06,0.76,3.80,3.55,2.47,2.16,-0.93,1.40,0.44,0.11,-0.19,1,,4.49,4.62,4.74,4.67,-0.77,3.50,3.92,1.53,-0.46,-1.18,-0.69,0.53,-0.74,-0.34,0.77,-0.79,-1.10,-1.79,-1.04,-1.08,0.30,1.09,4.10,5.20,1.71,2.23,-0.74,0.80,1.52,4.13,-0.03,3.78,0.24,0.40,-0.50,0.27,0.03,-1.50,0.86,0.99,-0.39,,2.90,2.34,1,-1.32,2.43,1.49,1.48,1.78,2.57,2.81,4.70,2.20,0.60,-64.66,2.91,1.80,1.96,3.19,3.83,2.62,2.33,2.60,3.70,3.74,2.41,-0.15,1.31,2,-0.88,5.98,3.04,0.46,3.01,0.26,-1.24,3.16,1.85,2.60,2.01,0.55,1.39,2.40,2.64,2.55,3.01,2.98,4.01,4.21,4.64,4.72,4.30,4.09,2.63,,2,2.88,3.24,2.85,3.71,4.41,5.50,5.34,5.53,5.17,3.30,,0.50,-4.50,1.20,5.80,3.10,,,,,,,1.80,2.20,,0.50,4.20,3.60,0.81,,,,,,,,2.10,1.80,-0.50,2.60,2.90,,,,,3.30,,2.10,1.10,4.30,4.10,,,,3.40,,,1.10,,,4.40,4.30,4.30,5.70,5.30,4.50,
2008-12-02 22:00,1.60,4.73,3.47,2.23,1.50,4.93,4.36,3.30,1.41,1.76,2.72,4.01,0.74,3.59,3.40,2.45,2.17,-0.78,1.40,0.48,0.01,-0.13,1.33,,4.06,4.60,4.78,4.66,-0.71,3.90,4.01,1.55,-0.61,-1.03,-0.51,0.68,-0.73,-0.29,0.84,-0.89,-1.30,-1.82,-1.13,-0.90,0.30,0.93,4.10,5.15,2.08,2.39,-0.82,0.61,2.13,3.88,-0.18,3.41,0.28,0.10,-0.80,-0.13,-0.09,-1.50,0.75,1.05,-0.48,,2.86,2.32,1,-1.43,2.49,1.39,1.65,1.74,2.61,3.49,4.70,2.31,0.60,-65.21,2.68,1.70,1.87,3.08,3.79,2.60,2.04,2.40,3.72,3.81,2.46,-0.18,2.06,1.90,-1.20,5.70,2.69,0.38,3.38,-0.12,-1.21,2.77,2.12,2.51,2.04,0.62,1.50,2.30,2.24,2.53,2.90,2.69,3.98,4.24,4.51,4.57,4.20,4.15,2.70,,1.90,2.79,3.17,2.93,3.65,4.46,5.50,5.27,5.60,5.01,3.40,,0.50,-4.40,1.10,5.70,2.80,,,,,,,1.60,2.60,,0.40,4.30,3.70,1.05,,,,,,,,2,1.70,-0.50,2.80,2.20,,,,,3.10,,1.80,1.50,4.30,4,4,,,3.40,,,0.90,,,4.40,4.30,4.30,5.70,5.20,4.70,
2008-12-02 22:10,1.40,4.32,3.46,2.19,1.42,4.91,4.40,3.20,1.37,1.73,2.70,3.96,0.71,3.33,3.36,2.38,1.63,-0.70,1.30,0.44,0.04,-0.21,1.36,,4.24,4.74,4.88,4.34,-0.66,4,3.80,1.65,-0.70,-0.87,-0.38,0.46,-0.44,-0.29,0.78,-0.88,-1.20,-1.72,-1.16,-1.09,0.30,0.81,4,5.01,2.33,2.06,-0.48,0.27,2.45,3.76,-0.43,2.55,-0.39,-0.30,-0.92,-0.21,-0.26,-1.30,0.75,1.36,-0.55,,2.68,2.25,1,-1.44,2.62,1.42,2.50,1.75,2.53,3.15,4.80,2.05,0.70,-65.11,2.43,1.70,1.63,2.96,4.07,2.60,2.14,2.10,3.85,3.66,2.44,-0.09,1.41,1.80,-1.11,5.66,2.56,0.61,3.38,-0.20,-1.09,2.73,2.25,2.24,2,0.56,1.24,2.10,2.40,2.55,2.73,2.35,3.94,4.23,4.36,4.52,3.90,3.79,2.53,,2,2.59,3.26,2.72,3.67,4.31,5.40,5.29,5.33,4.77,3.40,,0.50,-4.40,1.30,5.70,3.20,,,,,,,1.30,3,,0.40,4.30,3.70,1.62,,,,,,,,2.20,1.40,-0.30,2.20,1.60,,,,,2.90,,1.40,1.50,4.20,3.80,3.90,,,3.20,,,0.70,,,4.40,4.30,4.30,5.70,5.20,5,
2008-12-02 22:20,1.50,4.02,3.52,2.36,1.25,4.83,4.49,3.30,1.32,1.63,2.79,4.01,0.75,3.16,3.43,2.35,1.15,-0.81,1.30,0.58,0.05,-0.11,1.14,,4.37,4.75,5.19,4.30,-0.58,4,3.48,1.44,-0.70,-0.82,-0.28,0.55,-0.41,-0.39,0.79,-0.43,-1.40,-1.66,-0.88,-1.14,0.30,1.24,3.70,5.21,2.38,1.37,-0.47,0.11,2.06,3.49,-0.51,2.16,-0.51,-0.50,-1.08,-0.48,-0.30,-1.40,0.50,1.22,-0.62,,2.73,2.30,1,-1.48,2.51,1.38,2.73,1.74,2.55,2.75,4.60,2.43,0.90,-65.57,2.35,2,1.18,2.94,4.05,2.54,2.68,2,3.86,3.61,2.47,0.17,1.82,1.80,-1.24,5.22,2.45,-0.60,3.19,-0.14,-1.06,2.71,2.16,1.79,1.98,0.28,0.70,1.90,2.01,2.40,3.03,2.12,3.94,4.24,4.13,4.45,3.70,3.56,2.27,,2.20,2.36,3.28,2.64,3.60,4.32,5.30,5.29,5.64,4.76,3.40,,0.50,-4.50,1.50,5.80,3.10,,,,,,,1.40,2.90,,-0.40,4.50,3.70,1.87,,,,,,,,1.80,1.10,-0.70,2.30,1.50,,,,,2.70,,1.50,1.40,4.10,3.60,3.90,,,3.10,,,0.60,,,4.30,4.20,4.30,5.70,5.10,4.90,
2008-12-02 22:30,1.80,3.77,3.34,2.32,1.24,4.99,4.25,3.20,1.31,1.50,2.83,4.04,0.76,3.01,3.37,2.40,0.93,-0.72,1.30,0.36,-0.06,-0.13,1.37,,4.44,4.59,5.21,4.33,-0.53,4.20,3.50,1.22,-0.81,-0.59,-0.29,0.49,-0.28,-0.28,0.87,-0.23,-1.40,-1.89,-0.88,-0.84,0.30,1.04,3.60,5.11,2.75,1.15,-0.54,0.09,1.72,3.26,-0.73,2.34,-0.50,-0.70,-0.85,-0.36,-0.47,-1.50,0.32,1.33,-0.67,,2.84,2.28,1,-1.43,2.46,1.37,2.91,1.65,2.43,2.82,4.60,2.30,0.90,-66.27,2.96,2.10,0.29,2.82,3.87,2.17,2.65,1.60,3.92,3.28,2.58,0.36,1.12,2.10,-1.62,4.87,2.60,-0.09,3.47,-0.62,-1.07,1.81,2.02,2.18,1.80,-0.13,0.63,1.70,1.15,2.21,3.24,2.01,4,4.22,4.08,4.27,3.70,3.31,2.20,,2.20,2.03,3.15,2.42,3.82,4.29,5.10,5.23,5.61,4.78,3.30,,0.50,-4.50,1.60,5.60,3.20,,,,,,,1.30,3.10,,-0.30,4.50,3.80,2,,,,,,,,1.50,0.30,-0.50,2.30,1.20,,,,,2.70,,1.20,1.40,4.10,3.50,4,,,3.10,,,0.60,,,4.30,4.10,4.30,5.70,5,4.60,
2008-12-02 22:40,1.70,3.84,3.29,2.35,1.10,5.24,4.08,3.20,1.27,1.69,2.89,3.99,0.78,2.87,3.46,2.29,0.70,-0.81,1.30,0.25,-0.03,-0.21,1.61,,3.92,4.50,4.98,4.64,-0.48,4.20,3.35,1.06,-0.92,-0.40,-0.39,0.55,-0.39,-0.24,0.91,-0.27,-1.50,-1.84,-0.86,-0.75,0.30,0.47,3.50,5.21,2.14,1.38,-0.39,-0.21,2.03,3.17,-0.98,2.43,-0.55,-0.70,-1.02,-0.33,-0.71,-1.60,0.22,1.32,-0.67,,2.76,2.25,1,-1.45,2.42,1.37,2.99,1.63,2.62,3.76,4.60,1.96,0.70,-65.80,3.12,1.70,-0.22,2.83,3.57,1.27,2.87,1.70,3.90,3.29,2.57,0.36,1.49,2.20,-1.75,4.60,2.52,0.10,3.36,-0.62,-1.10,2.16,2.24,2.25,1.84,-0.05,0.43,1.70,1.44,2.26,3.09,1.75,4.03,4.26,3.97,4.25,3.70,2.98,2.27,,2.20,2.17,3.04,2.51,3.80,4.25,5.10,5.21,5.39,4.82,3.20,,0.50,-4.50,1.40,5.70,3,,,,,,,1.10,3.10,,-0.10,4.50,3.70,1.86,,,,,,,,1.60,0.40,1.20,2.10,1.20,,,,,2.40,,1.10,1.50,4.10,3.40,4,,,2.90,,,0.50,,,4.30,4.20,4.30,5.70,5,4,
2008-12-02 22:50,1.60,3.95,3.30,2.35,1.18,5.23,3.99,3.10,1.26,1.62,2.92,3.80,0.84,2.85,3.52,2.24,0.59,-0.97,1.20,0.34,0.11,-0.20,1.71,,3.52,4.64,5.02,4.66,-0.39,4.10,3.32,1.31,-0.68,-0.34,-0.33,0.58,-0.20,-0.25,0.84,-0.18,-1.50,-1.94,-0.87,-0.68,0.30,0.37,3.80,5.30,2.41,1.22,-0.49,-0.18,1.83,3.10,-1.09,2.46,-0.79,-0.90,-1.18,-0.62,-0.95,-1.90,0.04,1.49,-0.78,,2.75,2.17,1,-1.48,2.28,1.30,2.96,1.54,2.73,3.20,4.50,1.89,0.80,-65.37,3.22,1.80,-0.60,2.66,3.36,1.20,2.98,1.80,3.90,3.35,2.50,0.20,1.43,2,-1.79,3.91,2.67,-0.07,3.39,-0.49,-0.94,1.76,2.17,2.22,1.70,0.45,0.22,1.60,1.67,2.35,2.96,1.44,3.98,4.18,3.77,4.07,3.70,2.71,2.22,,2.20,2.12,2.96,2.28,3.75,4.23,5,5.20,5.16,4.80,3.20,,0.50,-4.50,1.30,5.40,3,,,,,,,1,3.10,,0.30,4.60,3.70,1.67,,,,,,,,1.20,1.10,0.80,2,1.30,,,,,2.20,,1.10,1.50,4,3.40,3.90,,,2.60,,,0.70,,,4.30,4.20,4.20,5.60,5,3.80,
2008-12-02 23:00,1.80,3.86,3.17,2.34,1.37,5.13,4.13,3.10,1.23,1.56,2.89,3.72,0.98,2.65,3.41,2.25,0.67,-1.21,1.20,0.35,0.08,-0.42,1.63,,3.45,4.50,5.19,4.38,-0.33,4,3.52,1.66,-0.60,-0.36,-0.21,0.56,0.01,-0.15,0.73,-0.31,-1.50,-1.91,-0.95,-0.60,0.30,0.71,4,5.29,2.17,1.53,-0.42,-0.13,1.58,3.04,-1.03,2.44,-1.04,-1,-1.31,-1,-1.11,-1.90,-0.04,1.32,-0.76,,2.69,2.21,0.90,-1.59,2.22,1.30,2.89,1.45,2.67,3.09,4.20,1.87,1.20,-64.63,3.22,1.70,-0.90,2.54,3.11,1.29,2.61,1.90,3.62,3.49,2.75,0.10,1.54,2,-1.81,3.30,2.93,-0.71,3.40,-0.51,-0.85,2.13,1.59,2.16,1.51,0.63,0.13,1.70,1.30,2.28,2.80,1.26,3.97,4.18,3.55,3.84,3.70,2.47,2.04,,2.30,2.05,2.73,2.13,3.63,4.17,5.10,5.19,5.07,4.82,3.30,,0.50,-4.50,1.30,5.20,3,,,,,,,0.80,2.50,,0.50,4.90,3.80,1.12,,,,,,,,1.50,1.50,-0.70,1.80,1.40,,,,,2.10,,0.80,1.70,3.90,3.20,3.90,,,2.60,,,0.50,,,4.30,4.20,4.20,5.50,4.90,3.70,
2008-12-02 23:10,2.10,3.90,2.99,2.43,1.20,5.03,4.32,3.20,1.27,1.56,2.91,3.81,0.84,2.70,3.37,2.18,0.72,-0.99,1.10,0.39,0.12,0.06,1.37,,3.38,4.44,4.98,4.19,-0.26,3.50,3.59,1.83,-0.50,-0.28,-0.27,0.52,0.41,-0.06,0.90,-0.44,-1.50,-1.87,-1,-0.72,0.30,0.93,4.10,5.35,2.30,1.46,-0.34,-0.03,0.99,2.77,-0.88,2.19,-1.03,-1,-1.41,-1.21,-1.28,-1.90,-0.04,0.97,-0.82,,2.66,2.21,0.90,-1.54,2.27,1.18,3.04,1.51,2.62,3.57,4.10,1.53,1.10,-63.51,3.40,1.60,-0.93,2.44,2.93,1.72,2.25,1.80,3.39,3.49,2.69,0.15,1.68,2.20,-1.54,3.14,2.75,-1.03,4.09,-0.55,-0.68,2.37,1.30,1.89,1.28,0.51,0.16,1.60,0.52,2.03,2.62,0.99,3.87,4.23,3.37,3.83,3.60,2.38,2.01,,2.40,2.03,2.39,2.05,3.61,4.16,5.10,5.05,5.16,4.70,3.30,,0.50,-4.60,1.30,5,2.80,,,,,,,1.10,2.80,,0.60,5,3.70,0.74,,,,,,,,1.50,0.40,-1.40,1.70,1.20,,,,,2.30,,0.60,1.90,3.90,2.90,,,,2.40,,,0.10,,,4.30,4.10,4.30,5.50,4.90,3.30,
2008-12-02 23:20,2.10,4.01,2.99,2.48,1.20,5.08,4.48,3.20,1.37,1.57,2.93,3.69,0.93,2.81,3.13,2.11,0.72,-0.77,1.10,0.39,0.14,0,1.23,,3.77,4.44,4.80,3.98,-0.18,3.50,3.54,1.85,-0.56,-0.32,-0.13,0.53,0.06,-0.07,0.79,-0.19,-1.50,-1.82,-0.91,-0.36,0.40,0.46,4.20,5.41,2.68,1.25,-0.49,0.01,0.84,2.45,-0.91,2.11,-1.11,-1.10,-1.21,-1.43,-1.35,-1.90,-0.08,1.14,-0.84,,2.86,2.15,0.80,-1.61,2.29,1.26,2.93,1.41,2.65,3.33,3.70,1.26,0.90,-63.65,3.42,1.60,-0.81,2.44,3.01,1.43,2.01,1.70,3.34,3.42,2.67,0.18,1.23,2.30,-1.19,3.24,2.43,-0.80,4.68,-0.18,-0.53,2.59,1.14,1.94,1.41,0.61,0.33,1.60,0.98,1.79,2.49,0.82,3.71,4.24,3.26,3.81,3.50,2.27,1.93,,2.40,2.35,1.84,2.18,3.70,4.03,5.20,5.03,5.21,4.46,3.30,,0.50,-4.60,1.20,5.40,2.80,,,,,,,0.90,3.10,,0.30,5.10,3.60,1.02,,,,,,,,1.40,0.90,-1.30,1.90,1.60,,,,,2.20,,0.80,1.90,3.80,2.70,3.90,,,2.20,,,-0.10,,,4.30,4.10,4.30,5.50,4.90,3.20,
2008-12-02 23:30,2,3.85,3.03,2.40,1.30,5.05,4.46,3,1.43,1.57,2.89,3.54,1.02,2.69,3.26,2.03,0.60,-0.85,1,0.44,-0.10,0.04,1.16,,3.98,4.53,4.55,3.79,-0.13,3.50,3.74,2.15,-0.48,-0.23,-0.06,0.47,-0.07,-0.09,0.82,-0.28,-1.60,-1.86,-0.86,-0.37,0.40,0.73,4.50,5.49,2.75,1.18,-0.35,0.34,0.89,2.27,-1.05,2.16,-1.31,-1.40,-1.30,-1.49,-1.36,-2.10,-0.16,1.18,-0.83,,2.86,2.16,0.80,-1.72,2.11,1.41,2.74,1.34,2.49,2.64,3.30,1.26,0.80,-63.55,3.34,1.50,-1.03,2.60,3.04,1.31,1.82,1.60,3.28,3.61,2.61,0.03,1.07,2.50,-1.03,3.32,2.36,-0.45,4.37,1.04,-0.40,2.25,1.33,2.12,1.66,0.41,0.09,1.40,1.75,1.56,2.52,1.04,3.79,4.28,2.93,3.61,3.40,2.20,1.89,,2.40,2.39,1.67,2.08,3.60,3.96,5.20,4.96,5.07,4.43,3.20,,0.40,-4.60,1.30,5.90,2.60,,,,,,,0.80,1.80,,0.60,5.20,3.90,0.90,,,,,,,,1.10,1,-1.70,1.90,1.50,,,,,2,,1.50,2,3.80,2.60,3.90,,,2.10,,,0.10,,,4.40,4.10,4.30,5.50,4.90,3.10,
2008-12-02 23:40,2.20,3.76,3.02,2.42,1.40,5.02,4.24,2.80,1.46,1.48,2.85,3.48,1.03,2.73,3.20,1.90,0.58,-0.82,1.10,0.39,0.04,-0.01,1.01,,3.83,4.60,4.50,3.75,-0.03,3.30,4.01,2.07,-0.37,-0.18,-0.19,0.40,-0.01,0.05,0.73,-0.19,-1.60,-1.90,-0.84,-0.18,0.40,0.83,4.60,5.44,2.96,0.91,-0.05,0.36,0.64,2.32,-0.91,2.30,-1.27,-1.40,-1.15,-1.57,-1.52,-2.30,-0.21,1.25,-0.86,,2.86,2.16,0.80,-1.77,2.33,1.29,2.36,1.34,2.34,2.03,2.90,1.50,0.80,-60.03,3.40,1.60,-1.01,2.67,2.81,1.21,1.28,1.70,3.31,3.34,2.53,-0.10,1.38,2.60,-1.01,3.26,2.26,-0.35,4.15,0.77,-0.31,1.78,1.58,2.72,1.70,0.02,0.29,1.30,1.68,1.47,2.50,1.11,3.48,4.33,2.77,3.59,3.40,2.24,1.94,,2.40,2.66,1.82,2.13,3.44,3.95,5.20,5.03,5.22,4.24,3.10,,0.40,-4.60,1.30,5.60,2.90,,,,,,,1.20,2.60,,0.80,5.20,3.90,0.94,,,,,,,,0.90,1.40,-1.40,1.50,1.70,,,,,1.90,,1.80,2,3.70,2.50,3.60,,,2.10,,,0.20,,,4.40,4.10,4.30,5.50,4.90,3.10,
2008-12-02 23:50,2.50,3.74,2.94,2.32,1.40,4.96,3.29,2.90,1.62,1.46,2.96,3.23,1,2.65,3.03,2.02,0.43,-0.97,1.20,0.58,0.06,-0.12,1.06,,3.55,4.50,4.32,3.69,0.03,3.10,4.27,1.98,-0.30,-0.20,-0.12,0.45,0.02,0.16,0.74,-0.21,-1.60,-1.90,-0.83,-0.10,0.30,0.84,4.60,5.46,3.01,0.98,0.03,0.33,0.50,2.24,-1.14,2.33,-1.39,-1.40,-1.31,-1.60,-1.62,-2.30,-0.27,1.20,-0.90,,2.75,1.98,0.80,-1.73,2.19,1.26,2.56,1.09,2.21,2.17,2.80,1.59,0.70,-58.35,3.57,1.20,-1.11,2.68,2.76,1.24,1.41,1.90,3.28,3.18,2.45,-0.20,1.31,2.70,-0.71,3.30,2.07,-0.42,3.61,0.29,-0.25,2.21,1.76,2.76,1.36,-0.12,0.15,1.10,1.63,1.43,2.40,1.08,3.43,4.26,2.49,3.59,3.30,2.06,1.95,,2.20,2.39,1.80,2.19,3.48,3.99,5.20,4.96,5.16,4.27,2.90,,0.40,-4.60,1.30,5,1.90,,,,,,,1.10,2.70,,0.70,5.20,3.80,1.13,,,,,,,,0.90,1.10,-1.20,1.30,1.80,,,,,1.50,,1.70,2,3.60,2.50,3.40,,,1.90,,,0.30,,,4.30,4.10,4.40,5.50,4.80,3,
2008-12-03 00:00,2.40,3.77,3.02,2.21,1.40,5.03,3.13,2.90,1.47,1.60,2.70,3.14,1.03,2.70,3.23,2.13,0.42,-0.64,1.10,0.55,0.08,-0.21,1,,3.50,4.41,4.26,3.73,0.19,3.10,4.29,2.04,-0.30,-0.25,-0.05,0.54,-0.02,0.30,0.70,0.04,-1.60,-1.74,-0.90,0.05,0.30,0.99,4.50,5.40,2.51,0.73,-0.06,0.25,0.50,1.95,-1.03,2.21,-1.49,-1.70,-1.53,-1.57,-1.65,-2.40,-0.46,1.29,-0.97,,2.76,1.91,0.70,-1.73,2.21,1.22,3.05,0.95,2.23,2.09,2.60,1.14,0.70,-55.25,3.55,1.28,-0.97,2.61,2.65,1.32,1.39,2,3.14,3.05,2.57,-0.20,1.18,2.80,-0.69,3.29,2.01,-0.40,2.80,0.71,-0.26,2.22,1.97,2.35,1.24,0,0.17,0.80,1.91,1.24,2.40,0.95,3.35,4.27,1.98,3.47,3.20,2.02,1.90,,2,2.47,1.78,2.18,3.46,3.95,5.20,4.85,4.82,4.26,2.70,4.70,0.40,-4.60,1.40,5,1.70,,3.30,-6.30,2.10,-0.40,1.30,1.10,2.80,2.40,0.80,5.20,3.60,1.70,,0.30,2.20,0.70,1.40,1.70,1.90,0.90,1.30,-1.10,1.30,2,2.70,1,1.50,,1.70,1.80,1.80,2.10,3.50,2.50,,,1.20,1.60,3.30,,0.30,,4.10,4.50,4.20,4.40,5.50,4.80,2.80,2.70
2008-12-03 00:10,2.50,3.85,2.86,2.15,1.50,5.12,3.41,2.90,1.53,1.59,2.74,3.06,0.96,2.70,3.43,2.13,0.55,-0.81,1,0.58,0.03,-0.23,0.94,,3.47,4.30,4.14,3.65,0.36,3.20,4.37,1.84,-0.33,-0.17,-0.04,0.67,0.22,0.29,0.58,0.11,-1.50,-1.88,-0.79,0.13,0.30,1.20,,5.39,2.32,0.58,0.08,0.03,0.54,1.81,-1.04,1.91,-1.40,-1.70,-1.71,-1.63,-1.75,-2.50,-0.46,1.30,-0.98,,2.94,1.97,0.60,-1.79,2.22,1.21,3.14,0.85,2.26,2.56,2.20,0.79,0.70,-54.44,3.03,0.80,-0.80,2.62,2.55,1.34,1.19,1.90,3.11,2.87,2.54,-0.21,1.05,2.70,-0.36,3.34,1.88,-0.03,2.92,1.17,-0.11,2.86,1.96,2.25,1.38,0.15,0.04,0.60,1.88,1.24,2.34,0.95,3.01,4.20,1.87,3.51,3.10,1.70,2.07,,1.80,2.45,1.84,2.07,3.37,3.98,5.20,4.70,4.84,4.22,2.60,,0.40,-4.50,1.40,5.60,2.20,,,,,,,1,0.70,,0.70,5.20,3.60,1.53,,,,,,,,0.80,1.50,-0.70,1.50,2,,,,,1.80,,1.70,2.20,3.50,2.50,3.30,,,1.60,,,0.90,,,4.50,4.30,4.40,5.50,4.80,2.80,
2008-12-03 00:20,2.40,3.86,2.75,2.24,1.50,5.09,3.38,2.90,1.59,1.62,2.85,2.93,0.70,2.63,3.42,2.22,0.43,-0.77,0.90,0.53,0.01,0.04,0.86,,3.90,4.07,4.20,3.53,0.42,3.40,4.41,1.77,-0.45,-0.04,-0.01,0.80,0.23,0.13,0.48,0.18,-1.30,-1.90,-0.79,0.16,0.30,1.40,4.30,4.92,2.57,0.38,0.26,-0.12,0.46,1.62,-0.98,1.84,-1.60,-1.80,-1.76,-1.73,-1.94,-2.20,-0.62,1.62,-0.90,,2.81,1.94,0.70,-1.75,2.30,1.23,3.29,0.85,2.19,3.28,1.40,1.20,0.90,-51.87,2.21,0.60,-0.83,2.35,2.57,1.05,1.44,1.90,2.97,2.91,2.44,-0.14,1.34,2.80,-0.14,3.42,1.80,0.08,3.06,1.15,-0.09,2.99,1.62,2.33,1.66,0.13,0.33,0.30,2.10,1.18,2.34,0.78,2.71,4.23,1.55,3.56,2.90,1.56,1.69,,1.50,2.39,1.75,1.69,3.31,3.91,5.10,4.56,4.49,4.07,2.40,,0.50,-4.50,1.40,5.40,2.50,,,,,,,1.10,1,,0.70,5.10,3.70,1.67,,,,,,,,0.90,1.30,-0.80,1.60,1.90,,,,,1.40,,1.50,2.20,3.40,2.40,3.20,,,1.60,,,1.10,,,4.50,4.30,4.40,5.40,4.70,2.70,
2008-12-03 00:30,2.30,3.81,2.61,2.28,1.50,5.07,3.38,3,1.60,1.54,2.84,2.91,0.55,2.54,3.37,2.28,0.52,-0.88,0.90,0.59,0.02,-0.04,0.82,,3.93,3.87,4.23,3.45,0.63,3.50,4.82,1.71,-0.46,-0.02,0.08,0.76,0.12,0.17,0.47,0.22,-1,-1.74,-0.85,0.29,0.30,1.63,3.80,4.76,2.25,0.22,0.51,-0.27,0.28,1.63,-0.92,1.56,-1.67,-1.90,-1.55,-1.81,-1.96,-2,-1.01,1.29,-0.88,,2.48,1.89,0.60,-1.82,2.24,1.22,3.33,0.59,1.97,3.58,1.50,1.37,0.90,151.88,2.11,0.60,-0.73,2.37,2.61,1.04,1.57,1.90,3.04,3.01,2.41,-0.05,1.75,2.80,0.02,3.39,1.89,0.10,2.49,1.17,-0.20,2.63,1.63,2.41,2,0.09,0.24,0.40,2.02,1.13,2.18,0.64,2.43,4.17,1.60,3.48,2.60,1.32,1.28,,1.30,2.48,1.52,1.53,3.34,3.92,5.10,4.53,4.70,3.83,2.50,,0.30,-4.50,1.40,5.10,2.10,,,,,,,1,1.80,,1.10,5,3.70,1.78,,,,,,,,0.90,0.70,-0.60,1.80,1.50,,,,,1.70,,1.10,2.40,3.30,2.30,3.10,,,1.50,,,1.10,,,4.40,4.30,4.40,5.30,4.50,2.50,
2008-12-03 00:40,2.30,3.74,2.64,2.32,1.60,4.96,3.50,3,1.59,1.63,2.71,2.74,0.52,2.50,3.40,2.27,0.48,-1,0.90,0.65,-0.11,-0.32,0.79,,3.87,3.85,4.15,3.50,0.70,3.50,4.82,1.76,-0.52,0.03,0.20,0.77,0.39,0.22,0.40,0.21,-0.90,-1.65,-0.83,0.23,0.40,1.14,,4.75,2.22,-0.05,0.39,-0.27,0.12,1.75,-0.87,1.49,-1.48,-1.90,-1.72,-1.88,-2.01,-2.30,-1.03,1.33,-0.83,,2.53,1.75,0.40,-1.86,2.21,1.04,3.24,0.55,1.74,2.93,1.90,1.06,0.90,174.50,2.77,0.60,-0.86,2.38,2.63,1.37,1.46,1.80,3.28,3.04,2.37,0,1.95,2.80,0.05,3.33,1.77,-0.11,1.77,0.33,-0.26,2.43,1.54,2.26,1.90,0.32,0.22,0.70,2.14,0.80,2.09,0.71,2.22,4.04,1.73,3.38,2.50,1.08,1,,1.20,2.40,1.48,1.57,3.44,3.97,5.10,4.66,4.95,3.64,2.50,,0.30,-4.50,1.50,5.10,1.80,,,,,,,1.10,2.10,,0.80,4.80,3.60,1.93,,,,,,,,0.90,0.90,0,2,1.60,,,,,1.60,,0.70,2.30,3.30,2.30,,,,1.30,,,1.10,,,4.30,4.30,4.40,5.10,4.50,2.40,
2008-12-03 00:50,2.40,3.80,2.74,2.34,1.70,5.09,3.55,3.10,1.58,1.61,2.55,2.63,0.62,2.49,3.42,2.25,0.44,-1.09,0.80,0.50,-0.05,-0.29,0.70,,4.08,3.95,4.21,3.60,0.79,3.50,4.53,1.73,-0.57,0.12,0.15,0.90,0.33,0.21,0.35,0.28,-0.80,-1.44,-0.75,0.26,0.40,1.31,3.70,4.72,2.07,-0.06,0.46,-0.26,0.10,1.79,-0.81,1.46,-1.73,-2,-1.58,-1.96,-2.06,-2.30,-1.28,1.17,-0.87,,2.42,1.67,0.40,-2.02,2.08,1.19,3.21,0.56,1.53,2.70,2.50,0.92,0.80,220.17,2.53,0.60,-0.90,2.36,2.80,1.38,1.37,1.90,3.42,3.21,2.31,0.22,2.17,2.90,0.06,3.31,1.86,-0.10,1.38,-0.09,-0.26,2.06,1.35,2.38,2.05,0.51,0.07,1.10,2.11,0.44,1.99,0.52,2.02,4.02,1.72,3.33,2.40,0.86,0.93,,1.10,2.02,1.48,1.74,3.49,4.19,5,4.74,4.86,3.45,2.40,,0.30,-4.50,1.60,4.80,1.70,,,,,,,1.10,2.40,,0.50,4.80,3.80,2.07,,,,,,,,0.80,1,-0.30,2.10,1.60,,,,,1.50,,1.10,2.20,3.20,2.20,2.80,,,1.30,,,1.10,,,4.30,4.30,4.30,5.10,4.40,2.30,
2008-12-03 01:00,2.50,3.87,2.79,2.36,1.70,5.30,3.63,3.20,1.57,1.60,2.45,2.60,0.68,2.42,3.44,2.35,0.49,-0.77,0.80,0.72,0.04,-0.10,0.59,,4.12,4.07,4.29,3.52,0.91,3.50,4.59,1.72,-0.57,0.02,0.17,1.01,0.38,0.25,0.33,0.32,-0.60,-1.35,-0.78,0.34,0.30,1.45,4.30,4.70,1.90,0.52,0.59,-0.22,0.08,1.75,-0.83,1.41,-1.73,-2,-1.62,-1.94,-2.05,-2.30,-1.36,1.20,-0.86,,2.49,1.58,0.30,-2.06,2.10,1.29,3.02,0.64,1.05,2.42,2.50,0.82,0.90,137.22,3.05,0.92,-0.90,2.29,2.89,1.50,1.36,1.90,3.59,3.25,2.25,0.26,2.43,3,0.02,3.44,2.06,-0.13,1.41,0.28,-0.18,1.75,1.04,2.37,2.25,0.66,0.09,1.20,1.96,0.08,1.77,0.43,1.78,3.82,1.88,3.26,2.40,0.91,0.97,,1,1.51,1.45,1.73,3.47,4.23,5,4.60,4.80,3.47,2.40,3.50,0.30,-4.40,1.60,4.60,1.40,,3.60,-6.30,2.90,-0.30,1.60,1,0.80,2.30,0.60,4.80,3.80,2.60,,0.80,2.80,2.40,2.70,0.60,1.50,0.70,1.10,0.10,2.30,1.50,2.60,0.60,1.40,,1.50,1.20,1.30,2.20,3.20,2,2.70,,0.90,0.90,2.80,,1,,3.90,4.30,4.10,4.40,5.20,4.30,2.20,2.30
2008-12-03 01:10,2.50,3.89,2.77,2.37,1.62,5.22,3.61,3.20,1.52,1.67,2.51,2.41,0.72,2.34,3.35,2.47,0.41,-0.88,0.80,0.80,0.02,-0.22,0.62,,4.03,4.26,4.48,3.36,1.12,3.30,4.37,1.82,-0.36,0.01,0.15,1.04,0.51,0.28,0.37,0.34,-0.40,-1.29,-0.81,0.34,0.40,1.52,,4.84,1.73,0.09,0.43,-0.12,-0.23,1.56,-0.82,1.41,-2.01,-2,-1.56,-1.99,-2.16,-2.40,-1.43,1.29,-0.89,,2.61,1.53,0.20,-2.19,1.98,1.23,2.06,0.56,0.96,2.15,2.50,0.72,0.90,169.31,3.24,0.74,-1.03,2.22,2.99,1.43,1.30,1.90,3.63,3.55,1.95,0.43,3.17,2.90,0.20,3.67,2.35,0.03,1.44,0.07,-0.34,1.63,0.86,2.16,2.11,0.62,0.16,1.20,2.03,0.20,1.58,0.50,1.68,3.71,1.90,3.25,2.50,0.92,0.97,,1,1.39,1.37,1.73,3.35,4.31,4.90,4.61,4.75,3.32,2.30,,0.20,-4.40,1.70,4.40,1.10,,,,,,,1.10,2.10,,0.60,4.80,3.80,2.18,,,,,,,,0.70,1.10,0.10,2.20,1.50,,,,,1.40,,1.30,2.10,3.20,1.90,,,,0.90,,,1,,,4.30,4.30,4.40,5.20,4.40,2.30,
2008-12-03 01:20,2.50,3.88,2.84,2.34,1.55,5.17,3.49,3.30,1.59,1.72,2.47,2.36,0.65,2.29,3.30,2.21,0.41,-0.92,0.80,0.77,-0.19,-0.11,0.73,,3.93,4.28,4.16,3.24,1.22,3.30,4.23,1.84,-0.37,0.05,0.13,1.11,0.54,0.24,0.32,0.36,-0.50,-1.11,-0.79,0.60,0.40,1.94,3,5.23,2.05,0.06,0.36,-0.07,-0.27,1.47,-0.81,1.29,-1.89,-2.10,-1.26,-1.99,-2.31,-2.50,-1.39,1.08,-0.92,,2.59,1.49,0.10,-2.24,1.83,1.23,1.38,0.53,0.76,2.61,1.60,0.64,0.70,247.32,2.85,0.65,-1.11,2.47,3.14,1.44,1.59,1.90,3.71,3.65,1.94,0.50,2.51,2.90,0.45,3.61,2.46,0.15,1.47,-0.32,-0.48,1.73,0.83,2.34,1.80,0.57,0.23,1.20,2.02,0.31,1.50,0.47,1.48,3.79,2.07,3.33,2.40,0.78,0.97,,1,1.54,1.23,1.63,3.24,4.44,4.90,4.60,4.70,3.48,2.30,,0.30,-4.40,1.80,4.50,1,,,,,,,1,2.50,,0.60,4.70,3.70,2.22,,,,,,,,0.70,0.80,0.20,2.10,1.50,,,,,1.30,,1.30,1.70,2.80,1.90,2.40,,,0.60,,,1,,,4.30,4.30,4.50,5.30,4.30,2.20,
2008-12-03 01:30,2.50,3.91,2.82,2.37,1.41,5.11,3.30,3.30,1.30,1.96,2.42,2.45,0.68,2.28,3.11,2.33,0.40,-1.05,0.80,0.78,-0.15,-0.23,0.67,,3.95,4.24,4.03,3.16,1.29,3.20,4.31,1.90,-0.37,0.05,0.16,0.95,0.48,0.26,0.25,0.36,-0.50,-0.99,-0.86,0.68,0.40,1.97,3,5.45,2.19,0.31,0.57,-0.07,-0.02,1.30,-0.67,1.14,-1.68,-2.10,-1.56,-2.07,-2.21,-2.50,-1.38,1.29,-0.98,,2.54,1.31,0,-2.34,1.68,1.13,1.25,0.47,0.76,2.76,1.20,0.32,0.60,269.85,3.08,0.57,-0.97,2.13,3.05,1.65,1.66,2,3.73,3.51,2.04,0.70,2.80,3,0.72,3.58,2.58,0.47,1.39,-0.65,-0.43,1.85,0.74,2.53,1.64,0.58,0.18,1.30,1.86,0.10,1.49,0.28,1.36,3.83,1.99,3.28,2.50,0.82,1,,0.90,1.41,1.21,1.45,3.26,4.51,5,4.52,4.52,3.27,2.20,,0.30,-4.40,1.80,4.30,0.80,,,,,,,1,1,,1,4.60,3.80,2.39,,,,,,,,0.70,0.50,0.50,2.10,1.30,,,,,1.20,,1.40,1.90,2.50,1.90,2.10,,,0.40,,,1,,,4.20,4.20,4.40,5.20,4.20,2.10,
2008-12-03 01:40,2.60,3.97,2.77,2.40,1.30,5.14,3.16,3.30,1.11,2.13,2.21,2.31,0.80,2.23,2.83,2.08,0.48,-0.95,0.80,0.82,-0.04,-0.19,0.58,,4.02,4.10,3.96,2.99,1.38,3.20,4.09,1.80,-0.48,0.12,0.39,0.94,0.47,0.23,0.26,0.43,-0.40,-1.28,-0.75,0.70,0.30,1.81,,5.57,2.37,0.25,0.70,-0.03,-0.09,1.21,-0.45,1.04,-1.67,-2.10,-1.45,-2.12,-2.15,-2.60,-1.42,1.68,-0.97,,2.54,1.16,-0.10,-2.44,1.57,1.14,0.78,0.66,0.90,2.97,1.60,0.68,0.70,290.62,3.40,0.56,-0.78,2.14,3.04,1.57,1.47,2,3.78,3.60,2.14,0.63,2.52,3,0.94,3.63,2.54,0.58,1.33,-0.60,-0.45,2.07,1.85,2.29,1.47,0.68,0.21,1.10,1.79,-0.24,1.31,0.30,1.34,3.75,1.74,3.28,2.50,0.58,0.89,,0.80,1.51,1.32,1.44,3.32,4.49,5.20,4.56,4.68,3.18,2,,0.40,-4.40,1.80,4.30,1.20,,,,,,,1,1.20,,1.10,4.60,3.90,2.54,,,,,,,,0.80,0.40,0.40,2.10,1.60,,,,,1.10,,1.30,1.70,2.20,2,1.80,,,0.40,,,0.90,,,4.10,4.30,4.40,4.90,4,2,
2008-12-03 01:50,2.70,3.87,2.63,2.34,1.20,5.01,3.12,3.30,1.07,2.08,2.13,2.33,0.72,2.20,2.74,2.13,0.67,-0.66,0.80,0.84,-0.14,0.03,0.49,,3.97,3.83,3.97,2.71,1.46,3.20,4.24,1.83,-0.58,0.21,0.39,0.93,0.45,0.21,0.33,0.46,-0.30,-1.32,-0.75,0.72,0.40,1.71,3.60,5.60,2.90,-0.01,0.35,0.03,0.18,1.29,-0.33,1.04,-1.78,-2.10,-1.41,-2.04,-2.17,-2.50,-1.21,1.85,-1,,2.52,1.07,-0.10,-2.48,1.59,1.05,1.07,0.83,1.50,3.12,0.90,1.21,0.60,303.86,2.96,0.56,-0.81,2.01,3.01,1.51,1.80,2.30,3.99,3.58,2.12,0.63,2.08,3,0.99,3.64,2.59,0.71,1.49,-0.26,-0.83,2.24,2.42,2.11,1.32,0.68,0.15,1.20,1.20,-0.47,1.31,0.47,1.43,3.74,1.46,3.24,2.40,0.53,0.64,,0.60,1.57,1.26,1.42,3.17,4.45,5.20,4.51,4.49,3.03,2,,0.40,-4.30,1.80,4.50,1.40,,,,,,,1,1.50,,1.10,4.50,3.80,2.56,,,,,,,,1,0.70,1.20,2.30,1.50,,,,,1,,1.20,1.80,2.10,1.90,1.60,,,0.70,,,0.70,,,4.10,4.20,4.40,5,3.90,2,
2008-12-03 02:00,2.70,3.84,2.44,2.37,0.90,4.91,3.18,3.40,0.92,2.08,1.97,2.32,0.54,2.14,2.62,2.21,0.74,-0.95,0.80,0.71,-0.22,-0.09,0.40,,4.11,3.61,3.97,2.67,1.48,3,4,1.72,-0.64,0.27,0.27,0.81,0.44,0.17,0.37,0.48,-0.80,-1.48,-0.76,0.73,0.40,1.77,3.90,5.46,3.25,0.07,0.73,0.03,0.71,1.29,-0.38,0.90,-1.71,-1.90,-1.06,-2.08,-2.10,-2.50,-1.06,1.93,-1.01,,2.63,0.98,-0.10,-2.51,1.61,0.95,1.95,0.83,1.55,3.40,0.60,1.41,0.50,301.50,1.78,0.82,-0.89,2.05,2.97,1.77,1.84,2.30,4.04,3.68,2.03,0.79,2.45,2.90,0.87,3.58,2.52,0.74,1.84,-0.09,-0.80,2.39,2.49,1.86,1.13,0.58,0.09,1.10,0.65,-0.63,1.28,0.58,1.39,3.32,1.31,3.34,2.40,0.59,0.50,,0.30,1.24,1.18,1.20,3.03,4.47,5.20,4.42,4.34,3.13,1.90,4.60,0.50,-4.30,1.80,4.50,1.50,,1.50,-7.10,1.30,0.80,1.30,1.10,1.20,3,1.50,4.60,3.80,2.60,,1.10,2.60,1.60,2,0.50,1.20,1.10,0.40,1.30,2.40,1.40,2.10,1.40,2,,1,-1.30,1.20,1.90,1.80,1.70,1.50,,0,0.50,2.30,,0.60,,3.30,4.10,4.20,4.40,5.30,3.90,1.70,1.70
2008-12-03 02:10,2.80,3.86,2.40,2.41,0.70,4.89,3.07,3.40,0.83,2.16,2,2.30,0.43,2.01,2.45,2.13,1.04,-0.99,0.80,0.67,-0.22,-0.24,0.35,,4.19,3.38,3.84,2.82,1.63,2.90,3.57,1.71,-0.69,0.27,0.31,0.88,0.60,0.23,0.45,0.48,-1.20,-1.38,-0.74,0.71,0.40,1.78,,5.36,2.96,0,0.51,0.04,0.38,1.22,-0.38,0.65,-1.41,-1.90,-0.83,-2.14,-2.18,-2.50,-1.07,2.06,-0.95,,2.42,0.77,-0.20,-2.55,1.57,0.90,2.21,0.85,1.41,3.25,0.50,1.44,0.55,301.07,1.13,0.63,-0.83,2.31,3.09,1.88,1.64,2.40,4.04,3.64,1.99,0.91,3.01,3,1.24,3.52,2.63,0.57,2.13,0.23,-0.65,2.46,2.32,1.89,0.86,0.41,-0.01,1,0.96,-0.78,1.56,0.55,1.24,3.21,1.29,3.22,2.30,0.57,0.37,,0.20,0.96,1.29,1.38,2.84,4.38,5.20,4.41,4.48,3.24,1.80,,0.60,-4.30,2,4.80,1.30,,,,,,,1,1.30,,1.50,4.60,3.80,2.60,,,,,,,,0.90,0.30,1.20,2.40,1.50,,,,,0.60,,1.40,2,1.90,1.70,1.40,,,0.50,,,0.50,,,4.10,4.30,4.40,5.30,3.90,2,
2008-12-03 02:20,2.80,3.95,2.09,2.34,0.50,4.73,3.14,3.40,0.83,2.10,2,2.31,0.44,1.95,2.38,2.10,1.12,-0.61,0.80,0.85,-0.25,0.10,0.32,,4.05,3.24,3.84,3.33,1.69,3,3.42,1.68,-0.78,0.20,0.31,1.04,0.42,0.37,0.36,0.50,-1.10,-1.20,-0.66,0.80,0.40,1.80,3.50,5.29,2.69,-0.01,0.50,0.21,-0.05,1.16,-0.27,0.74,-1.04,-1.90,-0.63,-2.32,-2.15,-2.50,-0.89,2.14,-0.86,,2.60,0.68,-0.30,-2.46,1.58,0.67,2.42,0.88,1.27,2.86,0.60,1.52,0.39,302.02,1.14,0.43,-0.60,2.59,3.14,2.07,1.74,2.30,3.98,3.50,2.05,0.96,2.89,2.90,1.35,3.53,3.15,0.43,2.11,0.34,-0.42,2.49,1.58,1.71,0.88,0.30,-0.11,0.50,1.43,-0.81,1.84,0.48,1.20,3.05,1.22,3.16,2.20,0.44,0.32,,0.20,0.97,1.26,1.34,3,4.23,5.20,4.37,4.45,3.28,1.70,,0.40,-4.30,2.30,5,1.20,,,,,,,1,1.40,,1,4.50,3.70,2.56,,,,,,,,0.60,0.20,1,2.40,1.50,,,,,0.90,,1.60,2.20,1.80,1.80,1.30,,,0.40,,,0.50,,,4.10,4.20,4.40,5.40,3.60,2,
2008-12-03 02:30,2.80,3.99,1.93,2.38,0.40,4.69,3.15,3.50,0.83,2.07,2.04,2.12,0.53,1.87,2.34,2.06,1.07,-0.80,0.80,0.80,-0.22,-0.27,0.28,,3.90,3.10,3.83,3.26,1.88,3,3.20,1.61,-0.76,0.32,0.26,1.04,0.46,0.30,0.27,0.58,-1,-1.38,-0.64,0.84,0.40,1.84,3.30,5.44,2.65,0.07,0.82,0.15,0.22,1.23,-0.30,0.58,-1.24,-2,-0.54,-2.29,-2.18,-2.50,-1.02,2.06,-0.70,,2.40,0.79,-0.30,-2.51,1.51,0.41,2.39,0.84,0.84,2.95,0.60,1.63,0.42,301.91,0.99,0.36,-0.72,2.63,3.23,2.55,1.82,2.30,4.08,3.48,2.02,1,3.07,2.80,1.45,3.59,2.93,0.45,1.99,0.40,-0.38,2.57,0.99,1.79,0.69,0.27,-0.15,0.30,1.93,-0.60,1.81,0.33,1.23,2.99,1.13,3.09,2.10,0.38,0.13,,0.30,1.05,1.33,0.96,2.87,4.08,5.20,4.26,4.15,3.17,1.70,,0.50,-4.30,2.20,4.90,1.60,,,,,,,1.10,1.70,,1.60,4.50,3.40,2.57,,,,,,,,0.80,0.40,0.60,2.40,1.40,,,,,0.90,,1.70,2.30,1.80,1.90,1.30,,,0.20,,,0.20,,,4.10,4.20,4.40,5.40,3.60,1.90,
2008-12-03 02:40,2.80,4.28,1.83,2.36,0.30,4.44,3.25,3.50,0.79,1.96,1.94,2.09,0.67,1.88,2.40,1.97,0.99,-0.87,0.80,0.77,-0.09,0.17,0.29,,3.90,3.02,3.76,3.30,1.92,2.70,3.01,1.54,-0.47,0.25,0.28,1.15,0.41,0.36,0.14,0.59,-0.70,-1.32,-0.64,0.90,0.40,1.76,,5.50,3.06,0.02,0.68,0.26,0.34,1.31,-0.56,0.66,-1.18,-1.80,-0.49,-2.29,-2.20,-2.70,-1,2,-0.65,,2.20,0.78,-0.30,-2.53,1.40,0.32,2.06,0.64,0.47,2.82,0.70,1.61,0.50,294.26,0.84,0.42,-0.67,2.49,3.33,2.91,2.27,2.30,3.98,3.59,1.93,1.08,3.19,2.80,1.53,3.53,2.69,0.57,1.85,0.51,-0.44,2.55,0.76,1.67,0.91,0.32,-0.20,0.30,1.91,-0.30,1.66,0.38,1.19,3.09,1.06,3.01,1.90,0.35,0.11,,0.20,0.92,1.31,0.77,2.62,4.21,5.20,4.17,4.04,3.05,1.60,,0.50,-4.30,2.10,4.60,2,,,,,,,1.10,2.20,,1.50,4.40,3.30,2.51,,,,,,,,0.70,0.20,0.80,2.50,1.30,,,,,0.80,,1.80,2.30,1.80,2.10,1.30,,,0.10,,,-0.20,,,4,4.30,4.40,5.40,3.50,1.90,
2008-12-03 02:50,2.90,4.24,1.74,2.37,0.30,4.21,3.20,3.50,0.81,1.84,1.78,1.99,0.62,1.73,2.35,1.92,0.95,-0.63,0.80,0.77,0.07,-0.09,0.36,,3.91,3.06,3.72,3.29,1.96,2.50,3.11,1.45,-0.50,0.40,0.31,1.14,0.50,0.52,0.20,0.84,-0.50,-1.30,-0.57,1.18,0.50,1.56,2.80,5.61,2.80,-0.14,0.53,0.06,0.30,1.33,-0.51,0.73,-0.96,-1.90,-0.54,-2.30,-2.24,-2.60,-1.04,2.03,-0.51,,2.16,0.59,-0.30,-2.60,1.47,0.19,2.03,0.49,0.18,3.07,0.60,1.24,0.70,292.58,0.76,0.34,-0.50,2.55,3.32,3.31,2.69,2.40,3.85,3.69,2.14,1.09,2.35,2.90,1.65,3.88,2.63,0.77,1.64,0.43,-0.71,2.62,0.92,1.41,1.07,0.46,-0.20,0.30,1.78,-0.24,1.47,0.38,1.15,3.08,1.01,2.95,1.80,0.12,-0.09,,0.30,0.40,1.16,0.89,2.46,4.23,5.10,4.11,3.92,3.12,1.50,,0.50,-4.20,2,4.40,1.70,,,,,,,1.20,2.40,,1.50,4.40,3.20,2.46,,,,,,,,0.80,0.20,1,2.40,1.40,,,,,0.50,,1.80,2.30,1.80,2.10,1.30,,,0,,,-0.20,,,4,4.30,4.30,5.30,3.40,1.90,
2008-12-03 03:00,2.80,3.93,1.56,2.41,0.20,4.08,2.85,3.60,0.75,1.90,1.75,1.89,0.76,1.72,2.45,1.88,0.90,-0.71,0.70,0.79,0.07,-0.24,0.35,,3.88,3.08,3.58,3.28,1.94,2.60,3.14,1.45,-0.73,0.43,0.48,1,0.62,0.54,0.29,0.68,-0.50,-1.34,-0.59,1.02,0.50,1.67,3.20,5.60,2.69,-0.17,0.60,0.15,0.28,1.40,-0.39,0.65,-1.15,-1.80,-0.50,-2.34,-2.27,-2.60,-0.85,2,-0.43,,2.10,0.56,-0.40,-2.59,1.34,-0.02,1.88,0.29,-0.28,2.65,0.50,0.99,0.70,291.23,0.83,0.32,-0.71,2.50,3.36,3.39,2.46,2.40,3.86,3.65,1.97,1.12,2.83,2.90,1.63,3.99,2.56,0.89,1.13,0.15,-1.03,2.89,1.14,1.40,0.78,0.64,-0.18,0.20,1.82,-0.25,1.33,0.37,1.18,3,1.09,2.72,1.60,-0.11,-0.30,,0.20,0.48,1.16,0.68,2.38,4.25,5.10,3.92,3.68,3.10,1.50,3.80,0.50,-4.20,2,4.20,1.40,4.10,2.60,-7.80,0.90,0.50,1.70,1.20,2.50,2.90,1.80,4.40,3.40,2.40,0.70,0.90,2.60,1.20,1.70,0.10,1.10,0.90,0.50,1.70,2.40,1.40,2.10,1.50,1.70,-0.10,0.60,-1.30,1.80,2.30,1.60,2.40,1.40,,0.20,0,1.70,0.30,-0.30,,3.10,4,4.20,4.30,5.30,3.10,1.80,1.20
2008-12-03 03:10,2.90,3.80,1.35,2.47,0.20,3.45,2.76,3.60,0.67,1.91,1.75,1.90,0.90,1.71,2.45,1.70,0.84,-0.71,0.70,0.71,-0.04,-0.25,0.39,,3.83,3.18,3.46,3.10,1.92,2.70,3.12,1.49,-0.73,0.29,0.44,1.11,0.71,0.54,0.33,0.76,-0.70,-1.46,-0.60,1.10,0.40,1.72,,5.38,2.76,-0.09,0.58,0.33,0.55,1.48,-0.36,0.62,-1.19,-1.90,-0.53,-2.32,-2.28,-2.40,0.43,1.84,-0.27,,1.82,0.68,-0.40,-2.54,1.37,0.09,2.05,0.37,-0.08,2.42,0.40,0.94,0.90,289.89,0.82,0.42,-0.56,2.84,3.37,3.58,2.22,2.40,3.81,3.59,1.89,1.14,2.88,2.90,1.60,3.78,2.46,0.99,0.83,0.01,-1.16,3.08,0.68,1.48,0.77,0.82,-0.21,0.20,1.75,-0.14,1,0.48,1.18,2.92,1.18,2.45,1.40,-0.21,-0.55,,0.10,0.68,1.12,0.26,2.33,4.25,5,3.64,3.50,3.03,1.50,,0.50,-4.20,1.90,4.10,1.40,,,,,,,1.40,2.80,,1.90,4.40,3.50,2.18,,,,,,,,1.10,0.60,1.70,2.40,1.40,,,,,0.70,,2,2.30,1.60,2.40,1.50,,,0,,,-0.40,,,4,4.10,4.30,5.30,3.10,1.50,
2008-12-03 03:20,2.90,3.57,1.34,2.49,0.20,3.44,2.71,3.60,0.66,1.94,1.85,1.88,0.83,1.68,2.45,1.68,1.03,-0.53,0.70,0.61,0.05,-0.23,0.34,,3.79,3.30,3.48,2.91,1.91,2.70,3.06,1.52,-0.81,0.23,0.40,1.27,0.73,0.54,0.29,0.64,-0.70,-1.56,-0.60,1.16,0.40,1.91,3.10,5.19,2.80,-0.15,0.75,0.36,0.68,1.50,-0.32,0.73,-1.18,-1.90,-0.50,-2.16,-2.16,-1.90,2.43,1.42,-0.31,,1.89,0.65,-0.40,-2.51,1.24,0.49,2.46,0.46,-0.12,2.35,0.10,0.87,1,287.17,0.77,0.44,-0.42,2.81,3.47,3.50,2.34,2.30,3.77,3.67,1.66,1.27,3.65,2.90,1.78,3.52,2.40,1.13,0.62,-0.02,-1.15,2.79,0.42,1.67,0.83,0.65,-0.33,0.40,1.79,-0.17,0.75,0.54,1.40,2.85,1.19,2.18,1.10,-0.46,-0.62,,0,0.87,1.09,0.19,2.39,4.26,5,3.46,3.53,3.08,1.40,,0.50,-4.20,1.90,4,1.60,,,,,,,1.50,2.90,,1.90,4.20,3.50,2.16,,,,,,,,1,0.60,2.20,2.50,1,,,,,0.70,,1.90,2.20,1.70,2.60,,,,0.10,,,-0.50,,,4,4.10,4.20,5.20,2.80,1.30,
2008-12-03 03:30,2.90,3.41,1.38,2.51,0.30,3.18,2.75,3.50,0.70,1.97,1.72,1.91,0.78,1.64,2.46,1.79,0.88,-0.83,0.70,0.70,-0.02,-0.07,0.29,,3.79,3.27,3.51,2.78,1.98,2.70,3.13,1.54,-0.84,0.26,0.41,1.41,0.72,0.72,0.26,0.71,-0.60,-1.71,-0.50,1.28,0.40,1.96,2.60,4.88,2.74,0.10,0.66,0.36,0.38,1.48,-0.09,0.75,-0.99,-1.60,-0.18,-1.97,-2.14,-2,4.17,1.45,-0.15,,1.82,0.68,-0.40,-2.58,1.02,0.55,2.32,0.47,-0.03,2.69,0,1.02,1,285.70,0.72,0.38,-0.38,2.94,3.46,3.29,2.27,2.20,3.98,3.84,1.47,1.30,3.53,3,1.53,3.34,2.52,1.27,0.51,0.10,-1.15,2.53,0.32,1.70,0.84,0.58,-0.35,0.50,1.96,-0.29,0.50,0.51,1.62,3,1.07,1.97,0.80,-0.49,-0.55,,-0.10,0.97,1.08,0.01,2.35,4.34,5,3.18,3.08,2.59,1.30,,0.50,-4.10,1.80,3.80,1.60,,,,,,,1.70,2.90,,2,4.10,3.40,2.27,,,,,,,,0.70,0.70,2.50,2.60,1,,,,,0.80,,1.90,2.20,1.60,2.70,1.80,,,0.30,,,-1,,,3.90,4.10,4.20,5.20,2.60,1.20,
2008-12-03 03:40,3,3.35,1.42,2.40,0.20,2.98,2.82,3.50,0.71,1.94,1.78,1.80,0.91,1.76,2.43,1.61,1.03,-1.07,0.70,0.63,0.03,0.10,0.32,,3.78,3.32,3.55,2.89,2.09,2.60,3.15,1.67,-0.93,0.22,0.37,1.48,0.72,0.78,0.37,0.99,-0.40,-1.40,-0.46,1.42,0.50,1.91,,4.67,2.77,0.09,0.83,0.50,0.39,1.38,0.10,0.73,-0.65,-1.60,0.30,-1.49,-2.17,-1.90,4.57,1.38,-0.03,,1.73,0.62,-0.30,-2.59,0.96,0.58,1.83,0.48,0.06,2.45,0.50,1.42,0.90,267.71,0.71,0.41,-0.38,2.93,3.53,2.84,2.22,2.10,3.97,3.91,1.38,1.24,3,3.10,1.55,3.32,2.62,1.31,0.67,-0.06,-1.30,2.45,-0.05,1.63,0.98,0.69,-0.37,0.60,2.02,-0.34,0.38,0.42,1.71,2.99,1.11,1.74,0.60,-0.53,-0.59,,-0.20,1.05,1.08,0.30,2.31,4.25,4.90,2.94,2.96,2.35,1.20,,0.50,-4.10,1.80,3.90,1.90,,,,,,,1.70,3.10,,2.10,4,3.40,2.38,,,,,,,,0.80,0.70,2.80,2.90,0.70,,,,,0.80,,0.70,2.50,1.80,2.80,1.70,,,0.20,,,-1.20,,,3.80,4,4.10,5.10,2.60,1.30,
2008-12-03 03:50,3,3.29,1.35,2.35,0.20,2.78,2.90,3.50,0.73,1.92,1.72,1.98,1.01,1.82,2.40,1.68,0.99,-0.79,0.70,0.59,0.19,0.18,0.26,,3.84,3.34,3.53,2.94,2.02,2.70,3.21,1.78,-0.94,0.17,0.36,1.60,0.79,0.81,0.43,1.05,-0.30,-1.03,-0.54,1.50,0.40,1.80,2.30,4.57,2.78,0.46,0.91,0.53,0.50,1.49,0.64,0.59,-1.05,-1.70,-0.05,-1.05,-2.04,-1.90,4.65,1.31,-0.07,,1.71,0.31,-0.50,-2.70,0.79,0.77,1.90,0.45,0.07,2.35,0.70,1.56,0.80,270.73,0.73,0.58,-0.19,2.77,3.55,2.33,2.22,2.20,3.93,3.80,1.32,1.34,3.16,3.20,1.59,3.28,2.45,1.32,0.77,-0.10,-1.35,2.38,-0.15,1.44,0.89,0.86,-0.40,0.60,1.98,-0.37,0.31,0.42,1.89,2.86,0.98,1.39,0.40,-0.54,-0.72,,-0.30,0.99,0.93,0.73,2.40,4.22,4.90,2.69,3.13,2.21,1.10,,0.40,-4.10,1.90,3.60,2.20,,,,,,,1.50,3.10,,2,4,3.40,2.48,,,,,,,,0.80,0.80,2.70,2.60,0.70,,,,,0.60,,0.80,2.70,1.80,2.90,1.60,,,0.20,,,-1.30,,,3.60,4,4.10,5.10,2.60,1.40,
2008-12-03 04:00,3.10,3.33,1.28,2.36,0.20,2.71,2.78,3.40,0.66,2.01,1.68,1.77,0.84,1.84,2.41,1.63,1.06,-0.90,0.70,0.72,0.33,0.11,0.31,,3.60,3.23,3.46,2.77,2.11,2.70,3.19,1.78,-0.93,0.29,0.42,1.59,0.87,0.73,0.32,0.93,-0.30,-0.88,-0.44,1.42,0.40,1.90,2.20,4.37,2.62,-0.07,0.72,0.46,0.32,1.54,1.89,0.66,-1.04,-1.60,-0.13,-0.99,-1.89,-1.90,4.97,1.27,-0.11,,1.79,0.37,-0.50,-2.80,0.86,0.57,2.09,0.54,0.12,2.17,0.70,1.69,0.80,272.76,0.68,1.12,-0.05,2.63,3.47,2.12,2.39,2.30,3.93,3.71,1.31,1.47,3.23,3.10,1.23,3.32,2.33,1.24,0.72,0.05,-1.31,2.62,-0.25,1.41,1.04,0.95,-0.24,0.60,1.88,-0.39,0.14,0.35,1.85,2.62,0.70,1.26,0.20,-0.55,-0.78,,-0.60,0.83,0.94,0.67,2.39,4.22,4.80,2.59,3.07,2.15,1.20,2.50,0.40,-4,1.90,3.40,2.30,,2.20,-8,1,0.30,1.80,1.50,3.10,3.70,2.20,4,3.50,2.70,-0.20,0.80,1.90,1.40,2.90,0.40,0.80,0.80,0.90,1.80,2.80,1,0.90,1,1.80,0,0.60,0.40,0.70,2.60,1.80,2.90,1.70,1.30,-0.40,0.50,1.20,0.10,-1,2,2.80,3.50,3.90,3.80,5,2.80,1.40,0.70
2008-12-03 04:10,3.10,3.19,1.33,2.38,0.07,2.62,2.79,3.40,0.46,1.82,1.59,1.71,0.59,1.83,2.39,1.51,1.38,-1.05,0.60,0.73,0.36,0.28,0.34,,3.66,3.09,3.48,2.62,2.11,2.70,3.26,1.80,-0.87,0.32,0.41,1.61,0.95,0.66,0.17,1.19,-0.30,-1.04,-0.09,1.48,0.40,1.94,2.20,4.26,2.72,0.12,1,0.56,0.71,1.52,2.89,1.16,-1.06,-1.50,-0.31,-0.99,-1.85,-2.10,5.12,1.27,-0.26,,1.67,0.38,-0.70,-2.86,0.80,0.65,1.92,0.51,0.14,2.13,0.90,1.72,0.80,274.45,0.72,1.60,0.01,2.45,3.51,2.27,2.12,2.40,3.93,3.62,1.62,1.45,3.81,3.10,1.24,3.34,2.37,1.19,0.71,-0.24,-1.26,2.30,-0.61,1.28,1.13,0.90,-0.15,0.50,1.94,-0.33,0.10,0.05,1.88,2.60,0.26,0.66,0.10,-0.38,-0.76,,-0.60,0.72,0.79,0.64,2.17,4.26,4.70,2.66,2.84,2.01,1,,0.40,-4,1.90,3.30,2.40,,,,,,,1.50,2.80,,2.20,4.10,3.50,2.55,,,,,,,,0.40,0.80,2.10,2.80,1,,,,,0.50,,0.50,2.20,1.80,2.90,1.80,,,0.50,,,-1.10,,,3.40,3.90,3.80,5,2.70,1.50,
2008-12-03 04:20,3,3.11,1.21,2.26,0.10,2.64,2.80,3.30,0.31,1.89,1.66,1.79,0.45,1.87,2.38,1.37,1.60,-1.24,0.70,0.56,0.39,-0.02,0.34,,3.75,3.01,3.42,2.47,2.12,2.80,3.28,1.69,-0.88,0.22,0.35,1.57,0.94,0.73,0.08,1.33,-0.30,-1.01,-0.14,1.58,0.40,2.03,2,4.29,2.75,0.06,1.23,0.52,0.44,1.60,3.17,0.97,-0.91,-1.60,-0.29,-1.20,-1.87,-2.50,5.05,1.33,-0.32,,1.49,0.37,-0.70,-2.86,0.71,0.77,1.78,0.56,0.13,2.05,1.10,1.85,0.70,269.49,0.75,1.60,0.07,2.26,3.55,2.27,2.10,2.60,3.91,3.43,1.68,1.58,3.30,3,1.50,3.08,2.32,1.22,0.81,-0.30,-1.19,2.10,-0.80,1.33,1.20,0.84,-0.28,0.50,2.02,-0.38,0.08,-0.23,1.87,2.44,0.25,0.50,-0.10,-0.36,-0.79,,-0.90,0.85,0.75,-0.07,2.02,4.24,4.60,2.63,2.88,1.73,0.90,,0.40,-4,1.90,3.20,2.30,,,,,,,1.60,2.70,,2.40,4.20,3.50,2.49,,,,,,,,0.30,0.60,2.10,2.70,1.10,,,,,0.60,,0.40,2.20,1.70,2.70,,,,0.40,,,-0.90,,,3.30,3.80,3.70,4.90,2.80,1.40,
2008-12-03 04:30,3,3.07,1.18,2.23,0.10,2.59,2.71,3.40,0.26,1.94,1.79,1.78,0.36,1.82,2.47,1.33,1.59,-0.98,0.70,0.54,0.56,0.17,0.38,,3.76,2.96,3.42,2.44,2.21,2.80,3.14,1.76,-0.90,0.30,0.44,1.61,0.79,0.63,0.18,1.11,-0.30,-0.86,-0.19,1.57,0.40,2.16,2.10,4.24,2.42,-0.01,1.25,0.71,0.31,1.76,3.49,0.69,-1,-1.50,-0.43,-1.30,-1.81,-2.60,5.23,1.44,-0.45,,1.73,0.38,-0.60,-2.82,0.34,0.63,1.91,0.61,0.38,2.27,1.10,2.01,0.80,268.69,0.75,1.60,-0.04,2.19,3.75,2.46,2.14,2.70,3.84,3.52,1.78,1.57,3,3,1.47,3.06,2.12,1.29,1.22,0.54,-0.94,2.04,-1.12,1.33,1.19,0.77,-0.19,0.60,1.61,-0.39,0,-0.15,1.87,2.33,0.08,0.17,-0.30,-0.34,-0.67,,-1,0.66,0.65,-0.47,1.99,4.19,4.50,2.71,2.99,1.54,0.80,,0.40,-3.90,1.90,3,2.50,,,,,,,1.70,2.70,,2.50,4.20,3.60,2.49,,,,,,,,0.40,0.70,1.30,2.70,1.10,,,,,0.50,,0.90,2.20,1.60,2.60,2.10,,,0.40,,,-0.90,,,3.20,3.60,3.40,4.80,2.80,1.50,
2008-12-03 04:40,3.10,3.07,1.27,2.27,0.20,2.67,2.75,3.40,0.21,1.95,1.77,1.88,0.37,1.78,2.46,1.39,1.34,-0.93,0.70,0.42,0.59,0.05,0.41,,3.97,3.07,3.50,2.42,2.25,2.80,3.08,1.78,-0.98,0.33,0.51,1.70,1.01,0.48,0.15,1.20,-0.10,-0.87,-0.14,1.87,0.40,2.21,2.20,4.13,2.44,0.14,0.95,0.73,0.54,1.81,3.79,0.92,-1.08,-1.40,-0.68,-1.31,-1.77,-2.50,5.42,1.46,-0.51,,1.63,0.56,-0.40,-2.82,0.04,0.45,1.97,0.57,0.73,2.61,0.90,1.91,1,266.96,0.87,1.30,0.01,2.14,3.96,2.58,2.23,2.70,3.88,3.46,2.24,1.68,2.84,3,1.34,3.25,2.18,1.44,1.65,0.98,-0.55,2.23,-1.42,1.35,1.20,0.84,-0.11,0.60,1.69,-0.37,-0.05,0.12,2.07,2.26,0.40,-0.16,-0.40,-0.31,-0.51,,-0.90,0.84,0.39,-0.72,2.03,4.11,4.30,2.87,2.93,1.48,0.90,,0.60,-3.90,2,2.90,2.60,,,,,,,1.70,2.70,,2.20,4.20,3.60,2.48,,,,,,,,0.60,0.60,1.70,3,1.10,,,,,0.50,,1.30,2,1.60,2.50,2.10,,,0.40,,,-1,,,3.20,3.60,3.40,4.70,2.80,1.30,
2008-12-03 04:50,3.10,3.07,1.29,2.26,0.20,2.58,2.78,3.40,0.24,1.97,1.72,2.13,0.30,1.67,2.69,1.32,1.22,-1.09,0.70,0.34,0.44,-0.11,0.39,,4.03,3.02,3.45,2.46,2.25,2.80,3.11,1.80,-0.89,0.36,0.55,1.55,0.95,0.67,0.27,1.14,0.10,-0.54,-0.16,1.85,0.40,2.27,2.30,4.08,2.66,0.37,0.96,0.81,0.82,1.85,3.75,1.15,-0.76,-1.30,-0.56,-1.33,-1.68,-2.50,5.61,1.57,-0.53,,1.62,0.41,-0.40,-2.99,0.30,0.34,2.14,0.54,0.86,2.35,1,1.82,1.20,270.87,0.92,1.20,0.14,1.85,4.12,2.61,2.32,2.80,3.89,3.51,2.34,1.70,3.19,3.20,1.52,3.37,2.17,1.45,1.91,0.80,-0.30,2.34,-1.71,1.25,1.26,0.95,-0.07,0.60,1.67,-0.35,-0.10,0.31,2.11,2.14,0.13,-0.20,-0.60,-0.27,-0.50,,-0.90,0.69,0.30,-0.67,1.96,4.06,4.20,2.86,2.95,1.40,0.90,,0.50,-3.80,2.20,2.80,2.60,,,,,,,1.70,2.50,,2,4.20,3.40,2.43,,,,,,,,0.30,0.60,1.60,2.80,1.10,,,,,0.60,,0.30,1.80,1.50,2.30,2.10,,,0.40,,,-0.80,,,3.20,3.50,3.30,4.50,2.70,1.20,
2008-12-03 05:00,3.20,3.10,1.44,2.29,0.20,2.61,2.78,3.40,0.25,1.96,1.65,1.99,0.27,1.65,2.63,1.25,1.28,-1.19,0.80,0.50,0.46,0.18,0.44,,4.02,3,3.52,2.59,2.45,2.80,3.17,1.77,-0.78,0.43,0.48,1.82,0.97,1.01,0.29,1.17,0.20,-0.58,-0.09,1.84,0.50,2.47,2.20,4.05,2.77,0.42,1.01,0.81,0.67,1.91,3.60,1.30,-0.78,-1.10,-0.39,-1.23,-1.61,-2.30,5.61,1.61,-0.60,,1.75,0.32,-0.40,-2.96,0.20,0.37,2.18,0.56,1.23,2.15,1.30,1.92,1.30,268.53,1,1.40,0.27,1.61,4.13,2.73,2.34,2.90,3.85,3.59,2.44,1.82,3.73,3.10,1.59,3.89,2.09,1.55,1.71,1.14,0.32,2.29,-1.99,1.26,1.27,0.83,0.08,0.60,1.88,-0.21,-0.17,0.24,1.90,1.99,0.15,-0.39,-0.60,-0.43,-0.46,,-0.90,0.95,0.28,-0.30,1.82,3.99,4,2.99,3.02,1.16,0.80,2.60,0.60,-3.80,2.40,2.90,2.70,2.80,-1.30,-7.80,1.60,0.70,1.50,1.70,2.30,3.50,1.90,4.20,2.70,2.70,-0.10,-0.30,0.40,1.10,3.20,0.70,0.70,0.20,0.70,1.40,3,0.90,0.80,0.20,2.70,-0.10,0.60,0.40,0.40,1.80,1.30,2.10,2.10,,0.40,0.30,1.20,0.30,-0.80,1.90,2.40,3.40,3.50,3.10,4.20,2.40,1.20,0.40
2008-12-03 05:10,3.20,3.03,1.41,2.29,0.15,2.86,2.73,3.40,0.55,1.99,1.64,1.95,0.30,1.60,2.66,1.22,1.35,-1,0.80,0.47,0.39,0.15,0.51,,3.97,3.04,3.47,2.66,2.60,2.80,3.04,1.83,-0.66,0.26,0.34,2.22,1.09,0.94,0.36,1.21,0.20,-0.72,-0.06,2,0.50,3.03,2,4.11,2.95,0.36,1.11,0.72,0.67,1.98,3.41,1.24,-0.84,-1.10,-0.14,-1.26,-1.41,-2.20,5.52,1.56,-0.64,,1.77,0.29,-0.60,-3.02,0.17,0.33,1.90,0.50,1.22,2.37,1.70,2.06,1.37,231.83,0.98,1.90,0.31,1.60,4.15,2.67,2.36,2.90,3.83,3.55,2.57,1.93,2.64,3,1.54,4.30,2.14,1.61,1.69,1.23,0.53,2.20,-1.98,1.21,1.34,0.77,0.20,0.60,2.14,-0.19,-0.07,0.37,1.75,1.97,0.28,-0.49,-0.60,-0.42,-0.49,,-0.80,0.90,0.22,-0.09,1.63,3.69,3.90,2.96,3,0.93,0.70,,0.60,-3.70,2.50,2.60,2.60,,,,,,,1.70,2.30,,1.90,4.10,2.70,2.39,,,,,,,,0.20,0.70,1.20,3.20,0.80,,,,,0.80,,0.80,2,1.30,2.10,2.10,,,0.30,,,-0.40,,,3.40,3,3.10,4.20,2.40,1.20,
2008-12-03 05:20,3.20,3.06,1.30,2.25,0.09,2.96,2.73,3.40,0.75,2.15,1.71,1.78,0.40,1.60,2.70,1.23,1.20,-1.10,0.80,0.27,0.36,-0.02,0.48,,3.91,3.03,3.39,2.76,2.67,2.80,2.99,1.75,-0.75,0.26,0.39,2.70,1.05,1.19,0.45,1.15,0.40,-0.51,0.02,1.91,0.50,3.34,2,4.07,2.88,0.30,1.36,0.73,0.81,2.24,3.25,1.19,-0.80,-1.10,0.03,-1.34,-1.26,-2.40,5.57,1.52,-0.63,,1.95,0.23,-0.60,-2.97,0.53,0.13,1.55,0.28,1.43,2.41,1.70,2.20,1.39,176.11,1.04,2,0.33,1.68,4.19,2.34,2.45,2.90,3.82,3.52,2.57,2.01,2.81,3.10,1.67,4.52,2.25,1.77,1.69,1.09,0.47,2.29,-1.78,1.09,1.45,0.82,0.10,0.70,1.72,-0.14,0.09,0.51,1.55,2.06,0.41,-0.20,-0.50,-0.41,-0.54,,-0.60,0.81,0.31,-0.22,1.57,3.63,3.90,2.92,2.84,1.02,0.70,,0.70,-3.60,2.50,2.60,2.60,,,,,,,1.80,2.40,,1.90,4.10,2.60,2.51,,,,,,,,0.30,0.70,1.20,3.20,0.60,,,,,0.60,,1.10,1.90,1.40,2.10,2.20,,,0.20,,,-0.30,,,3.30,2.90,3,4,2.30,1.30,
2008-12-03 05:30,3.20,3.08,1.31,2.21,0.10,2.88,2.72,3.40,0.65,2.12,1.76,1.85,0.38,1.71,2.65,1.34,1.16,-0.71,0.80,0.37,0.39,0.10,0.66,,3.99,3.08,3.42,2.67,2.77,2.90,2.96,1.77,-0.77,0.34,0.39,2.49,1.19,1.46,0.51,1.22,0.40,-0.63,0.06,1.84,0.40,3.48,1.80,3.98,2.93,0.28,1.50,0.79,0.68,2.49,3.36,1.19,-0.57,-1,0.01,-1.37,-1.11,-2.20,5.60,1.76,-0.55,,1.98,0.20,-0.50,-3,0.44,-0.22,1.46,0.19,1.57,2.38,1.70,2.17,1.18,156.37,1.11,2.20,0.34,1.87,4.21,2.29,2.39,3,3.82,3.53,2.53,1.98,3.30,3.10,1.88,4.71,2.24,1.73,1.86,0.98,0.46,2.71,-1.56,1.02,1.51,0.88,0.05,0.60,1.41,-0.05,0,0.53,1.62,1.96,0.67,0.12,-0.50,-0.50,-0.52,,-0.50,0.91,0.27,-0.19,1.49,3.32,3.80,2.60,2.63,0.78,0.80,,0.70,-3.50,2.40,2.60,2.60,,,,,,,1.70,2.50,,1.80,4.10,2.70,2.32,,,,,,,,0.40,0.70,1.20,3,0.70,,,,,0.30,,1.30,2,1.40,2,2,,,0.10,,,-0.50,,,3.20,3.10,2.70,3.80,2.20,1.30,
2008-12-03 05:40,3.20,3.04,1.41,2.21,0.10,2.72,2.75,3.50,0.73,2.07,1.68,2.03,0.33,1.70,2.59,1.21,0.97,-0.76,0.80,0.32,0.43,0.35,0.65,,4.04,3.11,3.38,2.75,2.75,2.90,2.89,1.87,-0.75,0.35,0.41,2.14,1.28,1.75,0.51,1.12,0.30,-0.56,0.43,1.89,0.40,3.41,1.70,3.90,2.88,0.40,1.78,0.88,0.68,2.56,3.70,1.29,-0.64,-0.90,0,-1.27,-0.97,-2.20,5.62,1.71,-0.56,,2.02,0.27,-0.40,-3.05,0.17,-0.35,1.66,0.19,1.57,2.44,2.20,1.96,0.85,172.21,1.23,2.27,0.36,1.83,4.23,2.34,2.31,3.10,3.74,3.52,2.53,1.93,2.74,3.10,1.80,4.67,2.20,1.76,1.95,0.98,0.29,2.65,0.11,0.99,1.48,0.94,0.02,0.60,1.07,-0.05,-0.03,0.65,1.48,1.69,0.85,0.24,-0.30,-0.72,-0.47,,-0.50,1.01,0.31,-0.15,1.50,3.10,3.70,2.22,2.41,0.73,0.80,,0.70,-3.50,2.40,2.80,2.50,,,,,,,1.80,2.60,,1.90,4.10,2.90,2.27,,,,,,,,0.40,0.70,1.40,3,0.90,,,,,0.30,,1.10,2.30,1.50,1.90,1.70,,,0.20,,,-0.50,,,3,3,2.80,3.70,2,1.20,
2008-12-03 05:50,3.10,2.98,1.37,2.21,0.10,2.58,2.85,3.50,0.84,2.02,1.68,2.23,0.40,1.70,2.65,1.16,0.86,-1.08,0.80,0.37,0.61,0.16,0.58,,3.82,3.16,3.35,2.66,2.73,2.90,3,1.87,-0.64,0.44,0.39,1.63,1.41,1.58,0.39,0.95,0.40,-0.61,0.40,1.94,0.50,2.85,1.70,3.86,2.98,0.56,1.28,0.79,0.99,2.72,4,1.48,-0.62,-0.80,0.09,-1.09,-0.44,-2.40,5.69,1.52,-0.62,,1.73,0.23,-0.50,-3.06,0.62,-0.44,2.03,0.17,1.42,2.26,2.50,1.86,0.64,175.60,1.17,2.13,0.37,1.90,4.18,2.21,2.48,3,3.87,3.54,2.59,2.01,2.81,3.10,1.81,4.46,2.15,1.92,2.02,1.09,0.40,2.58,0.11,1.11,1.39,1.14,0.03,0.50,1.20,-0.03,-0.10,0.69,1.28,1.35,0.77,0.26,-0.30,-0.52,-0.52,,-0.40,0.83,0.40,-0.01,1.48,3.04,3.60,1.92,2.49,0.72,0.80,,0.80,-3.40,2.50,3,2.90,,,,,,,1.80,2.60,,2,4.10,3,2.28,,,,,,,,0.50,0.70,1.40,2.90,1.10,,,,,0.40,,0.90,2.10,1.40,1.60,1.50,,,0,,,-0.60,,,2.90,2.70,2.70,3.60,1.70,1.20,
2008-12-03 06:00,3,3,1.31,2,0,2.67,2.77,3.50,0.78,2,1.69,2.28,0.45,2,2.68,2,0,-1,2,0.52,1,-0.04,0.55,3,4,3,3.28,2.61,3,3,3,2,-0.62,1,0.52,2,2,2,0,2,0,-1,1,2,0.50,2.56,2,4.10,3,0.52,1,1,1.11,2.68,4.11,2,0,-1,0,-0.87,0.15,-2,5.87,1.64,-0.60,,1.72,0.22,-0.50,-2.99,0.97,-0.55,2.01,0.04,1.31,2.36,2.50,1.86,1,2,2,2,0.43,2,4.21,2.17,3,3,3.87,3.46,2.57,2.08,2.46,3.10,2,4.31,2.22,1.99,2.37,1.18,0.54,2.62,-0.07,1.17,1.43,1.21,0.06,0.40,1.33,0.13,-0.01,0.73,1.14,0.95,0.61,0.34,-0.20,-0.40,-0.62,,-0.40,0.83,0.41,0.05,1.44,3.20,3.70,1.59,2.50,0.63,1,3,1,-3,2.20,3.10,3.10,2.40,-1,-8,1,2,2,2,3,3.70,1.90,4.20,3.20,2.50,0.70,-0.70,1,0,2.70,0.60,1.40,0.40,0.70,1.30,3,1.50,0.20,-0.60,1.50,0.10,0.30,0.60,1.10,2.10,1.30,1.50,1.30,0.60,0.40,0,1.50,0.20,-0.70,2.30,2.40,2.90,2.60,2.60,3.50,1.10,1,-0.70
2008-12-03 06:10,3.30,2.85,1.14,2.33,0.10,2.75,2.78,3.50,0.71,2.18,1.66,2.07,0.54,1.77,2.66,1.17,0.64,-0.35,1.10,0.47,0.89,0.10,0.53,,3.93,3.18,3.30,2.61,2.70,2.90,3.07,1.65,-0.70,0.57,0.60,1.63,1.56,1.39,0.24,1.08,0.40,-0.69,0.63,1.91,0.40,2.51,1.80,3.96,3.65,0.31,1.37,0.89,1.03,2.68,4.25,2.17,-0.48,-0.70,0.18,-0.59,0.71,-2.50,5.83,1.85,-0.63,,1.97,0.30,-0.50,-2.92,1.05,-0.63,2.41,0.08,1.41,3.14,2.30,1.83,0.40,165.57,1.27,2,0.32,1.84,4.17,2.18,2.23,3.10,3.87,3.48,2.47,2.03,3.27,3.10,2.04,4.10,2.19,1.95,2.23,1.36,0.72,2.85,-0.30,1.13,1.33,1.29,0.02,0.50,1.33,0.10,0.10,0.80,1.10,0.72,0.65,0.18,-0.20,-0.35,-0.70,,-0.30,0.64,0.49,0.03,1.32,2.77,3.50,1.51,2.49,0.51,1.10,,0.80,-3.40,2.20,3.10,3.40,,,,,,,1.80,2.70,,1.90,4.20,3.20,2.54,,,,,,,,0.60,0.40,1.20,3.20,1.50,,,,,0.20,,1.20,2.30,1.30,1.50,1.10,,,0,,,-0.40,,,2.70,2.20,2.60,3.50,1.10,1.20,
2008-12-03 06:20,3.10,2.73,1,2.13,0.10,2.85,2.73,3.50,0.72,2.09,1.67,2.04,0.57,1.74,2.54,1.22,0.48,-0.70,1.10,0.44,0.94,0.57,0.57,,4.08,3.29,3.41,2.70,2.69,2.60,2.82,1.60,-0.73,0.64,0.57,1.53,1.61,1.24,0.19,0.93,0.30,-0.64,0.85,1.91,0.60,2.55,2.10,3.94,4.20,0.28,2.04,0.95,0.94,2.72,4.53,2.22,-0.37,-0.70,0.34,-0.49,1.34,-2.40,5.86,2.10,-0.63,,1.96,0.34,-0.40,-2.85,0.98,-0.55,2.32,0,1.32,3.14,2.70,1.68,0.40,165.49,1.24,2,0.45,1.83,4.16,2.02,2.17,3.10,3.90,3.49,2.58,2.03,2.92,3.10,2.01,3.97,2.17,1.75,2.80,1.80,0.77,3.23,-0.90,1.08,1.10,1.22,0.06,0.60,1.49,0.16,0.16,0.90,1.03,0.61,0.44,0.16,-0.20,-0.18,-0.64,,-0.30,0.57,0.40,0.02,1.52,2.79,3.60,1.51,2.32,0.43,1.20,,0.80,-3.30,2.10,2.90,3.70,,,,,,,1.70,,,2,4.10,3.30,2.63,,,,,,,,0.60,0.30,1,3.30,1.50,,,,,0.30,,1.40,2.40,1.30,1.40,1,,,0,,,-0.30,,,2.70,1.90,2.50,3.60,1,1.20,
2008-12-03 06:30,3.10,2.77,1.07,2.11,0.10,2.89,2.65,3.40,0.76,2.09,1.76,1.99,0.53,1.71,2.55,1.29,0.45,-0.99,1.10,0.54,0.93,0.20,0.57,,4.05,3.27,3.36,2.66,2.60,2.60,2.57,1.68,-0.67,0.65,0.66,1.48,1.71,1.35,0.33,1,0.60,-0.56,0.67,2.06,0.50,2.67,2.30,4.04,4.43,0.29,1.93,0.89,1.09,2.64,4.76,3.01,-0.24,-0.70,0.29,-0.38,1.21,-2,5.97,1.97,-0.46,,2.06,0.46,-0.50,-2.88,0.89,-0.24,1.79,-0.39,1.33,3.01,3,1.65,0.30,166.70,1.22,2.10,0.64,1.82,4.16,1.96,2.17,3.20,3.94,3.54,2.27,2.08,3,3.30,2.08,3.96,2.06,1.73,3.53,2.02,0.77,3.37,-1.25,1,1.07,1.23,0.36,0.70,1.58,0.14,0.31,0.83,0.87,0.54,0.49,0.11,-0.10,0,-0.70,,-0.40,0.54,0.35,-0.06,1.57,2.67,3.50,1.80,2.20,0.41,1.10,,0.80,-3.30,2.10,2.80,3.70,,,,,,,1.70,2.70,,2.10,4.10,3.10,2.58,,,,,,,,0.80,0.50,1.10,3.20,1.80,,,,,0.30,,1.60,2.60,1.30,1.20,1,,,0.10,,,-0.30,,,2.60,1.80,2.50,3.50,0.90,1.10,
2008-12-03 06:40,3,2.74,1.12,2.09,0.10,3.03,2.68,3.30,0.83,2.18,1.81,1.95,0.51,1.72,2.62,1.32,0.56,-0.65,1.10,0.40,1.09,0,0.57,,3.90,3.27,3.27,2.72,2.63,2.60,2.59,1.89,-0.64,0.68,0.58,1.59,1.75,1.37,0.53,0.98,0.60,-0.54,0.92,1.89,0.60,2.70,2.50,4.23,4.27,0.43,2.06,0.86,1.29,2.48,4.91,3.45,-0.28,-0.60,0.37,-0.17,1.19,-1.90,5.78,1.91,-0.41,,1.84,0.45,-0.40,-2.77,1.13,-0.35,1.21,-0.35,1.25,2.86,3.30,1.61,0.40,176.41,1.27,2.10,0.59,1.78,4.10,1.94,2.14,3.20,3.95,3.53,2.23,2.33,2.73,3.20,2.17,3.76,2.11,1.56,3.48,1.99,0.88,3.39,-1.34,1.09,1.07,1.27,0.53,0.70,1.24,0.27,0.38,0.97,0.92,0.41,0.26,0.08,0,-0.06,-0.55,,-0.30,0.58,0.26,-0.03,1.46,2.54,3.50,1.80,2.02,0.45,1.10,,0.80,-3.30,2.10,3,3.80,,,,,,,1.80,2.70,,2.30,4.20,3,2.68,,,,,,,,0.90,0.50,1.20,3.20,1.90,,,,,0.30,,1.40,2.70,1.10,1.20,0.80,,,0.30,,,0,,,2.60,2,2.40,3.40,0.90,1.10,
2008-12-03 06:50,2.90,2.67,1.22,2.01,0.10,3.01,2.77,3.30,0.83,2.10,1.90,1.81,0.51,1.78,2.55,1.21,0.62,-0.11,1.20,0.56,1.07,0.37,0.73,,3.97,3.25,3.21,2.68,2.70,2.60,2.63,2.14,-0.60,0.69,0.74,1.48,1.88,1.31,0.59,1.11,0.70,-0.34,0.74,2.05,0.70,2.59,2.80,4.46,4.23,0.48,2.77,0.81,1.35,2.45,4.98,5.27,-0.20,-0.40,0.53,0.71,1.31,-1.90,5.70,1.81,-0.43,,1.58,0.51,-0.50,-2.84,1.19,-0.29,0.98,-0.75,1.15,3.05,3.20,1.55,0.40,254.03,1.40,2,0.45,1.74,4.09,2.19,2.21,3.40,4.08,3.49,2.16,2.57,2.89,3.10,2.18,3.81,2.38,1.76,3.63,1.97,1,3.43,-1.45,1.17,1.23,1.47,0.67,0.70,1.42,0.29,0.50,1.13,0.69,0.27,0.35,0.08,0,0.04,-0.45,,-0.20,0.49,0.23,-0.05,1.33,2.36,3.40,1.77,1.82,0.25,1.10,,0.80,-3.20,2.20,3.50,4.10,,,,,,,1.90,2.70,,2.30,4.10,3,2.71,,,,,,,,0.90,0.60,1.30,3.20,2.10,,,,,0.40,,1.50,2.90,1,1,0.80,,,0.40,,,0,,,2.70,2,2.40,3.30,0.90,1.20,
2008-12-03 07:00,2.90,2.67,1.28,1.98,0.10,2.94,2.73,3.40,0.90,2,1.90,1.93,0.63,1.78,2.57,1.08,0.74,-0.78,1.20,0.37,1.25,0.45,0.82,,4.11,3.23,3.24,2.66,2.68,2.50,2.79,2.15,-0.42,0.70,0.75,1.61,1.85,1.43,0.52,1.18,0.90,-0.20,0.78,2.08,0.70,2.59,2.90,5.06,4.30,0.61,2.95,0.90,1.45,2.66,5.27,5.54,-0.27,-0.40,0.69,1.86,1.36,-2,5.75,1.86,-0.41,,1.38,0.47,-0.50,-2.84,1.10,-0.34,0.77,-1.18,1.27,2.78,3,1.52,0.40,253.33,1.48,2.10,0.43,1.72,4.11,2.32,2.63,3.40,4.18,3.55,2.09,2.77,2.94,3.20,2.34,3.72,2.68,1.95,3.45,1.86,0.95,3.41,-1.67,1.34,1.56,1.34,0.86,0.70,1.65,0.46,0.64,1.21,0.76,0.21,0.51,0.02,0,0.14,-0.43,,-0.30,0.49,0.26,-0.09,1.30,2.26,3.20,1.67,1.70,0.44,1.20,2.40,0.80,-3.20,2.20,3.50,4.20,,-2.80,-7.40,0.70,1.60,2.10,2,2.70,3.70,2.40,4.10,3,2.50,1.30,-0.60,1.10,-0.60,2.70,1,1.90,0.90,0.50,1.30,3.20,2.70,-0.10,-0.50,1.20,0,0.40,1,1.70,3.10,0.90,1,0.70,0.60,0.80,0.30,0.90,0,0.20,1.80,2,2.70,2.10,2.50,3.30,0.90,1.10,-0.40
2008-12-03 07:10,2.90,2.61,1.29,1.90,0.06,3.06,2.77,3.30,0.89,1.85,1.84,1.90,0.69,1.86,2.50,0.93,0.72,-0.69,1.30,0.64,1.13,0.14,1.17,,4.03,3.23,3.38,2.62,2.81,2.40,2.95,2.04,-0.44,0.73,0.73,1.46,1.89,1.54,0.53,1.18,0.50,-0.34,0.92,2.04,0.70,2.68,2.90,5.37,4.45,0.73,2.96,0.99,1.29,2.92,5.41,5.20,-0.29,-0.40,0.53,2.14,,-2,5.85,2.19,-0.30,,1.43,0.44,-0.50,-2.85,0.93,-0.42,0.64,-1.51,1.20,2.90,2.90,1.42,0.40,253.49,1.48,2.20,0.39,1.65,4.26,2.48,2.73,3.30,4.19,3.58,2.11,2.97,3.76,3.20,2.46,3.71,2.60,2.12,3.04,1.66,0.91,3.53,-1.71,1.30,1.79,1.53,0.92,0.90,,0.54,0.59,1.30,0.61,0.15,0.76,0.09,0,0.24,-0.38,,-0.10,0.66,0.42,-0.19,1.39,2.21,3.10,1.69,1.62,0.29,1.30,,0.70,-3.20,2.30,3.30,4.40,,,,,,,2.10,2.80,,2.50,4.10,3,2.58,,,,,,,,1,0.80,1.40,3.30,2.70,,,,,0.40,,2,3.30,1,0.90,0.60,,,0.30,,,0.20,,,2.80,2,2.40,3.20,0.90,1.40,
2008-12-03 07:20,2.90,2.60,1.30,1.88,0.13,3.12,2.83,3.30,0.70,1.72,1.95,1.99,0.79,1.94,2.46,0.97,0.85,-0.38,1.30,0.53,1.20,0.21,1.33,,3.98,3.32,3.39,2.63,2.93,2.40,3.11,2.04,-0.42,0.83,0.73,1.57,1.97,1.63,0.46,1.44,0.50,-0.33,1.09,2.08,0.70,2.89,3,6,4.47,0.58,2.48,1.12,1.12,3.27,5.49,5.04,-0.26,-0.30,0.71,1.97,,-1.90,5.92,2.26,-0.22,,1.60,0.47,-0.50,-2.80,0.95,-0.35,0.90,-1.72,1.21,2.70,2.90,1.43,0.40,252.42,1.62,2.20,0.37,1.66,4.32,2.34,2.96,3.30,4.15,3.45,2.17,3.10,3.29,3.20,2.35,3.69,2.64,2.44,2.86,1.57,0.96,3.63,-1.64,1.32,1.76,1.43,1.08,1,,0.65,0.58,1.17,0.48,0.18,0.86,-0.03,0.10,0.28,-0.33,,0.10,0.81,0.49,-0.07,1.27,2.34,3,1.52,1.71,0.35,1.50,,0.80,-3.20,2.70,3.30,4.20,,,,,,,2.10,2.80,,2.60,4.10,3.20,2.54,,,,,,,,1.10,0.80,1.40,3.50,2.60,,,,,0.50,,2,3.40,0.90,1,0.60,,,0.20,,,0.50,,,2.80,2.20,2.50,3.20,0.90,1.60,
2008-12-03 07:30,2.90,2.62,1.21,1.90,0.10,3.13,2.76,3.30,0.74,1.74,2.03,2.08,0.99,1.98,2.40,0.99,0.85,-0.33,1.40,0.61,1.39,0.33,1.33,,4.05,3.47,3.41,2.63,2.97,2.40,3.28,2.16,-0.33,0.97,0.95,1.65,2.06,1.78,0.48,1.36,0.40,-0.37,0.81,2.39,0.70,3.18,3,6.20,4.23,3.21,2.69,1.07,1.16,3.49,5.50,5.02,-0.01,-0.20,0.78,1.49,,-1.60,5.57,2.39,-0.07,,1.59,0.39,-0.50,-2.80,0.93,-0.39,1.31,-1.55,1.12,2.67,2.80,1.46,0.50,251.89,1.71,2.30,0.45,1.74,4.38,2.24,3.01,3.40,4.15,3.47,2.15,3.21,3.43,3.30,2.58,3.79,2.65,2.58,2.79,1.65,1,3.63,-1.42,1.66,1.60,1.43,1.22,1,,0.80,0.62,1.30,0.51,0.12,0.97,0.10,0.20,0.13,-0.34,,0.30,0.80,0.62,0.11,1.19,2.26,2.90,1.56,1.60,0.40,1.40,,0.80,-3.20,2.90,3.20,4.30,,,,,,,2.20,2.80,,2.60,4.20,3.10,2.64,,,,,,,,1.20,0.80,1.60,3.50,2.40,,,,,0.60,,2.10,3.40,0.80,1.10,0.60,,,0.20,,,0.40,,,2.80,2.10,2.30,3.20,1,1.50,
2008-12-03 07:40,2.90,2.68,1.06,1.92,0.20,3.16,2.65,3.30,0.93,1.92,1.97,2.09,0.83,2.06,2.42,1.03,0.91,0.09,1.40,0.66,1.49,0.31,1.47,,4.08,3.55,3.51,2.79,2.96,2.50,3.43,2.23,-0.12,1.05,1.22,1.49,2.23,1.82,0.51,1.56,0.20,-0.35,0.89,2.63,0.70,3.31,2.90,6.30,4.47,4.30,2.99,1.13,1.43,3.77,5.49,4.49,0.16,-0.10,0.81,1.44,,-1.10,5.48,2.18,0.42,,1.64,0.42,-0.50,-2.83,0.86,-0.45,1.76,-1.48,1.05,2.81,2.70,1.49,0.50,250.82,1.76,2,0.56,1.82,4.38,2.36,3,3.40,4.11,3.45,2.07,3.22,3.57,3.30,2.59,3.87,3.12,2.90,2.90,1.75,1.36,3.82,-1.02,1.86,1.33,1.50,1.48,1.10,1.63,0.94,0.68,1.42,0.48,0.23,1.02,0.15,0.20,0.21,-0.34,,0.40,0.80,0.76,-0.03,1.02,2.16,2.90,1.51,1.54,0.43,1.50,,0.80,-3.20,3,3.20,5,,,,,,,2.30,2.80,,2.70,4.20,3.20,2.74,,,,,,,,1.40,0.70,1.70,3.70,2.60,,,,,0.70,,2.20,3.50,0.70,1.10,0.70,,,0.20,,,0.50,,,2.80,2.30,2.50,3,1,1.30,
2008-12-03 07:50,3,2.61,0.73,1.94,0.20,3.11,2.68,3.30,1.06,2.08,1.97,2.22,0.87,2.16,2.64,0.85,0.86,-0.23,1.50,0.76,1.72,0.45,1.58,,4.15,3.54,3.62,2.88,3.07,2.60,3.54,2.39,-0.18,1.13,1.34,1.84,2.45,1.86,0.55,1.85,0.30,-0.20,0.76,2.80,0.80,3.29,3.70,6.34,4.16,4.17,3.12,1.30,1.61,4.46,5.65,4.08,1,0.20,0.90,1.32,,-0.20,5.27,2.08,0.71,,2.18,0.40,-0.40,-2.78,0.88,-0.40,1.85,-1.42,1,2.96,2.80,1.65,0.60,249.38,1.75,1.80,0.64,2.11,4.37,2.47,3.07,3.50,4.23,3.47,2.01,3.24,3.93,3.40,2.77,3.82,4.35,3.30,3.01,2.05,1.72,3.92,-0.29,2.01,1.36,1.57,1.53,1.20,1.80,0.93,0.68,1.55,0.65,0.10,1.31,0.25,0.30,0.23,-0.29,,0.50,0.85,0.93,0.24,1.07,2.14,3,1.41,1.46,0.61,1.40,,0.90,-3.20,3.10,3.30,4.90,,,,,,,2.40,2.80,,2.80,4.20,3.20,2.79,,,,,,,,1.40,0.90,1.80,3.80,2.90,,,,,0.80,,2.20,3.70,0.80,1.30,0.80,,,0.20,,,0.60,,,2.90,2.50,2.50,2.90,1,1.30,
2008-12-03 08:00,2.90,2.60,0.69,1.96,0.10,3.26,2.74,3.30,1.01,2.25,1.98,2.56,1.18,2.48,2.59,0.61,0.80,-0.22,1.50,0.87,1.67,0.41,1.68,,4.20,3.67,3.75,3.02,3.28,2.90,3.98,2.66,-0.06,1.31,1.39,2.21,2.54,2.17,0.59,1.82,0.30,-0.32,0.86,2.70,0.90,3.35,4.10,5.98,4.14,4.55,3.12,1.36,1.65,4.98,5.59,3.88,1.02,0.80,0.96,1.65,4.51,0,5.15,2.06,1.38,,2.37,0.55,-0.20,-2.78,0.91,-0.37,1.88,-1.25,0.88,2.98,2.80,1.76,0.70,247.06,1.93,1.80,0.78,2.21,4.36,2.43,2.99,3.50,4.20,3.47,1.88,3.31,3.66,3.50,2.84,3.89,5.18,4.04,3.25,2.15,1.73,4.17,0.11,2.22,1.57,1.47,1.76,1.40,2.13,0.91,0.77,1.62,0.64,0.31,1.39,0.29,0.40,0.36,-0.32,,0.60,0.92,0.99,0.47,1.11,2.21,2.90,1.31,1.50,0.70,1.40,2,1,-3.20,3,3.60,5.70,2.70,2.80,-7.30,1.80,1.60,2.30,2.50,2.70,4.10,3.10,4.20,3.20,2.70,1.80,0,3,0.40,2,1.70,1.10,1.50,1.10,1.90,3.90,3.80,0.50,0.20,1.20,0.80,0.80,1.70,2.40,3.80,0.80,1.50,0.90,0.50,0.50,0.40,0.70,0.60,0.80,1.40,1.80,2.80,2.70,2.50,2.80,1,1.20,0
2008-12-03 08:10,3,2.60,0.62,2.02,0.10,3.24,2.69,3.30,0.84,2.42,1.99,2.66,1.24,4.14,2.68,0.55,0.85,-0.60,1.60,0.84,2.27,0.35,1.77,,4.20,3.73,3.80,3.06,3.50,2.90,4.39,3.11,-0.10,1.49,1.55,2.46,2.56,2.23,0.61,2.21,0.40,-0.33,1.61,2.88,0.90,3.48,4.40,5.58,4.15,4.77,3.37,1.66,2.04,5.49,5.39,3.70,1.31,1.40,1.22,2.22,4.63,0.10,5.59,2.11,2.30,,2.50,0.61,0,-2.79,1.02,-0.31,2.30,-0.99,0.79,3.14,2.70,1.77,0.83,246.48,2.19,1.80,0.84,2.40,4.38,2.51,3.03,3.50,4.24,3.71,1.98,3.38,3.63,3.50,2.88,3.84,5.16,4.36,3.49,2.30,1.59,4.30,0.80,2.40,1.69,1.37,1.97,1.50,2.31,1.06,0.86,1.69,0.76,0.21,1.50,0.32,0.40,0.43,-0.25,,0.70,1.07,1.07,0.20,1.16,2.26,3,1.38,1.34,0.82,1.40,,1,-3.20,3,3.50,5.50,,,,,,,2.60,2.70,,3.10,4.30,3.20,2.91,,,,,,,,1.70,1.40,2.10,3.90,3.80,,,,,0.80,,2.50,4,0.70,1.50,0.90,,,0.40,,,1,,,2.70,2.70,2.50,2.80,1.10,1.20,
2008-12-03 08:20,3,2.63,0.73,1.99,0.10,3.12,2.63,3.40,0.58,2.54,1.98,2.76,1.19,4.50,2.59,0.60,0.98,-0.29,1.80,0.96,2.06,0.91,1.93,,4.17,3.71,3.94,3.23,3.66,3.30,5.06,3.49,-0.18,1.61,1.77,2.58,2.78,2.34,0.81,2.47,0.40,-0.27,1.50,3.22,1,3.63,4.90,5.85,4.04,4.78,3.29,1.78,2.43,5.75,5.23,4.05,1.70,1.90,1.41,2.63,5.04,0.40,5.92,2.44,3.67,,2.46,0.60,0.20,-2.80,1.06,-0.20,2.81,-0.65,0.76,3.12,2.60,1.83,1.03,244.76,2.34,2,0.79,2.31,4.39,2.64,3.15,3.60,4.32,3.62,1.91,3.59,3.89,3.50,2.87,3.84,5.33,4.37,3.62,2.45,1.58,4.35,0.92,2.56,1.87,1.38,1.88,1.60,2.39,1.13,0.93,1.82,1.11,0.27,1.55,0.35,0.50,0.50,-0.22,,0.90,1.38,1.22,0.28,1.27,2.16,2.90,1.52,1.36,0.93,1.40,,1,-3.20,2.90,3.60,5.30,,,,,,,2.60,2.80,,3.20,4.40,3.40,2.95,,,,,,,,1.90,1.50,2.20,4,4.30,,,,,0.90,,2.50,4.10,0.70,1.60,0.90,,,0.40,,,1.20,,,2.70,2.70,2.60,2.70,1.20,1.30,
2008-12-03 08:30,3,2.72,0.91,2.05,0.20,3.40,2.62,3.30,0.17,2.81,1.99,2.88,1.23,4.62,2.83,0.52,1.07,-0.47,1.90,1.16,2.12,1.15,2.10,,4.29,3.81,4.05,3.27,3.81,3.40,6.10,3.65,-0.06,1.82,1.65,2.55,3,2.41,0.82,2.76,0.50,-0.43,0.88,,1.30,3.80,5.50,5.98,4.32,4.91,3.49,1.97,4.82,5.98,5.27,3.85,1.76,1.90,1.63,3.74,5.18,1.10,6.11,2.57,4.62,4.92,2.54,0.69,0.20,-2.63,1.04,-0.07,3.17,-0.36,0.96,3.55,2.50,1.85,0.95,247.96,2.54,2,1.08,2.32,4.41,2.63,3.24,3.60,4.38,3.72,1.99,3.62,4.46,3.50,2.91,3.96,5.76,4.30,3.62,2.61,1.59,4.64,1.23,2.96,1.99,1.38,1.65,1.70,2.33,1.21,1.06,1.99,1.42,0.44,1.56,0.45,0.50,0.57,-0.17,,0.80,1.36,1.42,0.64,1.29,2.33,3,1.58,1.42,1.03,1.60,,1.10,-3.20,3.10,3.80,5.10,,,,,,,2.70,2.80,,3.30,4.40,3.80,3.01,,,,,,,,2.10,1.50,2.30,4.10,4.30,,,,,1,,2.60,4.20,0.70,1.80,1,,,0.50,,,1.40,,,2.80,2.70,2.60,2.70,1.30,1.30,
2008-12-03 08:40,3,2.76,1.05,2.15,0.20,3.60,2.62,3.40,-0.06,2.96,2.08,2.93,1.30,4.79,2.76,0.39,1.12,-0.37,2,1.17,2,0.87,2.33,,4.36,3.78,4.14,3.34,3.93,3.60,6.52,3.84,0.02,1.93,1.94,2.64,3.01,2.62,0.79,3.13,0.50,-0.31,0.95,3.72,1.30,4.09,5.50,5.96,4.38,5.23,3.91,2.15,7.74,6.15,4.96,4.06,2.05,2.10,1.74,3.88,5.69,1.70,6.33,2.74,5.42,5.10,2.61,0.78,0.30,-2.61,1.23,-0.14,3.37,0.14,1.02,3.87,2.30,2,1.01,-126.99,2.57,2,1.26,2.32,4.54,2.68,3.29,3.70,4.47,3.89,2.16,3.59,4.28,3.50,3.04,3.90,6.07,4.44,3.86,2.81,1.65,4.79,1.72,3.18,2.17,1.26,1.47,1.80,2.27,1.35,1.24,2.03,1.73,0.57,1.62,0.55,0.60,0.44,-0.18,,0.90,1.59,1.31,0.89,1.41,2.44,3.10,1.61,1.49,1.06,1.60,,1.10,-3.20,3.40,4,5.30,,,,,,,2.80,2.80,,3.40,4.50,3.80,3,,,,,,,,2.20,1.50,2.50,4.20,4.20,,,,,1.20,,2.50,4.20,0.80,1.90,1.10,,,0.60,,,1.70,,,3,2.70,2.60,2.80,1.40,1.40,
2008-12-03 08:50,3,2.82,1.30,2.26,0.10,3.59,2.62,3.30,-0.20,3.13,2.06,3.16,1.41,4.82,2.57,0.48,1.24,-0.59,2.10,1.34,2,0.44,2.36,,4.41,3.83,4.23,3.12,3.95,3.70,6.85,4.19,0.12,2.23,2.19,2.80,3.26,2.79,0.81,3.19,0.60,-0.33,0.71,4.03,1.50,4.57,5.40,5.92,4.59,5.31,4.04,2.37,7.09,6.88,5.16,4.34,2.66,2.70,2.32,4.56,5.77,2.30,6.45,2.87,6.27,5.10,2.86,0.77,0.30,-2.56,1.14,-0.01,3.85,0.88,1.65,4.10,2.10,2.16,1.31,82.08,2.55,1.90,1.27,1.92,4.71,2.72,3.45,3.80,4.53,3.94,2.17,3.71,4.24,3.50,2.99,4.09,6.41,4.57,4.10,3.25,1.73,5.04,1.95,3.13,2.21,1.18,1.31,2.10,2.37,1.46,1.22,2.19,2.06,0.57,1.52,0.59,0.70,0.43,-0.11,,1.10,1.64,1.44,1.06,1.67,2.56,3,1.82,1.64,1.05,1.40,,1,-3.20,3.60,4.20,5.60,,,,,,,3,2.80,,3.50,4.60,3.80,3.15,,,,,,,,2.40,1.40,2.60,4.20,4.30,,,,,1.30,,2.50,4.30,0.70,2,1.40,,,0.70,,,2,,,3,2.80,2.70,2.70,1.50,1.40,
2008-12-03 09:00,3.20,2.97,1.46,2.34,0.20,3.63,2.62,3.40,-0.36,3.30,1.96,3.37,1.53,4.88,2.61,0.47,1.41,-0.59,2.30,1.54,2.21,0.83,2.48,,4.40,4.03,4.37,3.22,4.10,3.80,6.97,4.66,0.42,2.54,2.44,2.98,3.79,2.97,0.95,3.24,0.40,-0.26,0.96,4.22,1.60,4.94,6,5.96,4.62,5.58,4.50,2.82,5.60,7.54,5.22,4.55,3.31,4,2.85,4.91,6.28,3,6.63,2.68,6.92,5.18,2.93,0.78,0.40,-2.42,1.26,0.02,4.29,1.25,2.05,4,1.90,2.19,1.59,131.99,2.61,1.90,1.25,1.73,4.86,2.78,3.39,3.80,4.58,3.97,2.11,3.88,4.52,3.60,3.14,4.43,6.40,4.71,4.17,3.63,1.72,5.06,2.31,3.31,2.19,1.37,1.27,2.40,2.44,1.53,1.20,2.43,2.23,0.74,1.64,0.67,0.80,0.55,0,,1.20,1.73,1.39,1.26,1.77,2.65,3,1.90,1.70,1.25,1.40,2.40,1.10,-3.20,3.70,4,6,,3.60,-7.10,3.10,1.80,2.60,3,2.90,4.40,3.70,4.70,3.70,3,,2.30,4,3.10,3.70,2.30,1.40,2.40,1.40,2.70,4.70,4.80,2,1.70,2.60,1.30,1.30,2,2.40,4.40,1.10,2.20,2,,1.90,0.90,1.30,1.20,2.30,1.80,2,2.90,2.80,3,2.60,1.70,1.50,1
2008-12-03 09:10,3.30,2.91,1.47,2.33,0.20,3.62,2.61,3.30,-0.32,3.50,1.93,3.83,1.67,5.01,2.54,0.54,1.44,-0.61,2.50,1.52,2.07,1.39,2.62,,4.42,4.17,4.45,3.31,4.26,4,6.98,5.09,0.68,2.81,2.64,3.51,3.83,3.15,1.02,3.38,0.40,-0.29,1.89,4.45,1.90,6.43,6.80,6.48,4.52,5.60,4.93,3.68,6.48,7.91,5.31,4.87,3.86,4.80,3.15,5.18,6.73,3.50,6.78,2.56,7.50,5.29,3.01,1.04,0.50,-2.22,1.32,-0.16,4.59,1.62,2.19,4.16,2,2.43,2,156,2.65,1.90,1.42,1.80,4.92,2.82,3.48,3.90,4.69,4,2.21,4.05,4.46,3.70,3.25,5.23,6.91,4.85,4.28,3.80,1.78,5.13,2.71,3.49,2.39,1.54,1.29,2.60,2.50,1.61,1.37,2.52,2.46,0.91,1.68,0.79,0.80,0.57,0.02,,1.30,2,1.64,1.09,1.74,2.71,3.10,1.90,1.54,1.37,1.40,,1.10,-3.20,3.80,4.40,7.20,,,,,,,3.10,3,,3.70,4.70,3.60,3.29,,,,,,,,2.60,1.50,2.60,4.40,4.80,,,,,1.40,,2.50,4.50,1.10,2.20,2,,,0.90,,,2.50,,,3,2.80,3.10,2.60,1.70,1.60,
2008-12-03 09:20,3.40,3.04,1.66,2.39,0.40,3.69,2.60,3.40,-0.33,3.72,2,4.18,1.69,5.18,2.52,0.67,1.49,-0.53,2.60,1.49,2.17,1,2.82,,4.47,4.16,4.54,3.64,4.51,4.20,6.36,5.72,0.72,3,3.02,3.50,3.91,3.30,1.14,3.62,0.30,-0.32,2.21,4.64,2.20,7.49,7.20,6.96,4.65,5.75,5.32,4.82,6.68,8.07,5.74,5.17,4.24,6.60,4.03,5.42,6.75,4.30,6.88,2.52,7.89,5.53,3.24,0.98,0.50,-2.31,1.46,-0.12,4.84,1.87,2.42,4.37,2.30,2.76,2.10,173.36,2.70,2,1.55,1.82,4.88,2.82,3.71,4,4.74,4.01,2.43,4.18,4.40,3.80,3.38,6.27,7.22,4.91,3.93,3.76,1.78,5.14,3.14,3.79,2.94,1.53,1.27,2.80,2.72,1.61,1.43,2.70,2.43,0.90,1.69,0.99,1,0.85,0.14,,1.40,2.05,1.91,1.33,1.86,2.88,2.80,1.98,1.96,1.32,1.40,,1.30,-3.20,4,5.70,7.90,,,,,,,3.10,3.10,,3.70,4.80,3.60,3.26,,,,,,,,2.60,1.60,2.60,4.50,4.90,,,,,1.50,,2.50,4.70,1.20,2.30,2.20,,,1,,,2.50,,,3,3.20,3.30,2.60,1.80,1.60,
2008-12-03 09:30,3.40,3.13,2.18,2.53,0.50,3.75,2.62,3.50,-0.37,3.74,2.12,4.30,1.36,5.25,2.35,0.77,1.64,-0.73,2.70,1.76,2.26,0.92,2.85,,4.52,4.21,4.91,4.33,4.72,4.80,6.78,6.18,0.87,3.20,3.26,3.51,4.03,3.35,1.10,3.80,0.30,-0.30,2.33,4.72,2.20,7.91,7.30,7.19,4.51,5.97,5.24,4.96,7.14,7.89,6.33,5.39,4.86,6.80,4.62,6.07,7.03,5.10,6.98,2.84,8.02,5.60,3.25,0.93,0.60,-2.40,1.81,0.05,4.85,2.05,2.59,4.60,3.50,3.27,2.30,0,2.75,2,1.51,1.82,4.93,2.89,3.63,4,4.79,4.01,2.60,4.41,4.82,3.80,3.92,6.87,6.93,4.89,4,3.59,1.86,5.19,3.45,3.90,3.15,1.76,1.31,2.80,2.70,1.53,1.53,2.81,2.18,1.01,1.87,1.17,1.10,1,0.16,,1.40,2.05,2.20,1.65,2.09,2.92,2.60,2.06,2,1.54,1.50,,1.40,-3.20,4.50,5.80,6.50,,,,,,,3,3.20,,3.80,4.90,3.50,3.36,,,,,,,,2.60,1.80,2.70,4.50,4.90,,,,,1.60,,2.50,4.90,1.40,2.30,2.50,,,1,,,2.40,,,3,3.50,3.40,2.60,2,1.70,
2008-12-03 09:40,3.40,3.25,1.92,2.52,0.50,3.76,2.50,3.40,-0.04,4,2.13,4.38,1.11,5.36,2.28,1,1.71,-0.74,2.80,1.76,2.17,0.53,2.86,,4.65,4.34,4.97,4.51,4.93,5.30,6.44,6.12,0.83,3.38,3.49,3.58,4.10,3.40,1.13,4.21,0.20,-0.25,2.37,4.96,2.20,7.93,6.90,7.27,4.66,6.23,5.34,4.65,8.84,7.62,6.98,5.53,5.30,6.60,5.52,6.72,7.09,7.20,7.13,2.64,8.01,5.55,3.24,0.96,0.60,-2.40,1.96,-0.02,4.84,2.21,2.86,5.02,4.30,3.48,3,0,2.72,2.10,1.66,1.81,4.85,3.12,3.77,4,4.82,4.12,2.70,4.55,4.66,3.90,4.32,7.09,6.48,4.76,4.34,3.42,1.90,5.32,3.78,4.25,3.67,2.22,1.29,2.80,2.65,1.59,1.71,2.89,1.88,1.44,1.88,1.40,1.30,1.12,0.36,,1.60,2.10,2.39,1.57,2.24,2.86,2.60,2.15,1.83,1.56,1.70,,1.50,-3.20,5,7.30,6.30,,,,,,,2.90,3.20,,4,5,3.30,3.45,,,,,,,,2.70,2,2.80,4.50,5.20,,,,,1.70,,2.60,5.20,1.40,2.30,2.80,,,1,,,2.40,,,3,3.40,3.50,2.70,2,1.80,
2008-12-03 09:50,3.50,3.39,2.01,2.56,0.60,3.72,2.64,3.40,0.46,4.07,2.18,4.27,1.07,5.33,2.33,1.24,1.84,-0.67,3,1.81,2.22,0.69,2.94,,4.83,4.37,4.79,4.29,5.01,5.40,5.79,6.20,0.84,3.34,3.61,3.58,4.32,3.64,1.19,4.72,0.30,-0.24,2.28,5.71,2.40,7.82,7.20,7.39,4.79,6.17,5.27,4.61,9.66,7.29,7.45,5.85,6.07,6.70,6.47,8.44,7.32,7.90,7.08,2.73,7.94,5.47,3.36,1.04,0.70,-2.20,2.09,0.17,5.03,2.28,3.21,5.33,4.70,3.55,3.27,0,2.75,2.20,1.99,1.70,4.89,3.21,3.80,4.10,4.83,4.21,2.89,4.73,4.71,3.90,4.55,7.48,6.04,4.63,4.56,3.33,2.05,5.43,3.88,4.37,3.75,2.65,1.49,2.80,2.90,1.71,1.79,3.06,1.84,1.42,1.94,1.50,1.30,1.21,0.43,,1.50,2.17,2.58,1.89,2.35,2.82,2.50,2.25,2.10,1.58,1.80,,1.70,-3.20,5,7.30,6.60,,,,,,,2.80,3.20,,4.10,5.10,3.10,3.53,,,,,,,,2.50,2.20,3.10,4.60,5.10,,,,,1.80,,2.90,5.40,1.60,2.30,2.90,,,1,,,2.40,,,3.10,3.50,3.50,2.90,2,1.80,
2008-12-03 10:00,3.60,3.50,2.11,2.59,0.70,3.71,2.76,3.40,1.02,4.17,2.14,4.36,1,5.19,2.49,1.43,1.87,-0.66,3.20,1.88,2.08,0.86,3.05,,4.91,4.39,4.84,4.13,5.04,5.40,5.84,6.45,0.87,3.56,3.68,3.62,4.57,3.68,1.31,4.93,0.30,-0.26,2.04,6.06,2.50,7.98,7.20,7.88,4.98,6.22,5.12,4.98,10.12,7.18,8.07,6.35,6.64,6.60,6.85,9.33,7.42,8,7.14,2.67,8.08,5.44,3.62,1.04,0.80,-2.25,2.57,0.16,5.23,2.48,3.18,5.44,5.30,3.60,3.48,0,2.80,2.30,2.25,1.86,4.89,3.32,3.74,4.30,5.01,4.31,2.88,4.96,4.54,4,4.64,7.95,5.93,4.70,4.83,3.28,2.25,5.77,4.02,4.66,3.85,2.83,1.58,3,3.17,1.70,1.86,3.12,1.95,1.53,1.95,1.62,1.60,1.59,0.48,,1.60,2.05,2.64,1.89,2.50,2.92,2.50,2.13,2.27,1.59,1.90,3.10,1.80,-3.20,5.20,7.90,7.10,7,4.20,-6.90,3.40,2.60,3.40,2.80,3.20,4.60,4.30,5.10,3.10,3.80,3.70,4,5.20,4.70,4.40,2.60,1.40,2.50,2.30,3.30,4.60,5.60,3.60,3.40,4,1.30,1.90,2,3,5.60,1.90,2.70,3,,3.30,1.10,1.70,,2.30,2.20,2.70,3.20,3.70,3.40,2.80,2.20,1.80,1.60
2008-12-03 10:10,3.60,3.54,2.26,2.65,0.80,3.62,2.77,3.50,1.23,4.14,2.31,4.26,1.04,5.31,2.58,1.41,1.99,-0.62,3.40,1.94,2.07,1.38,3.09,,5.15,4.53,4.95,3.88,5.09,5.40,5.93,6.57,0.91,3.73,4,3.86,4.77,3.86,1.39,5.07,0.50,-0.40,1.12,6.47,2.70,8.02,7.30,8.03,4.90,6.42,5.23,5.68,10.54,7.28,8.59,6.57,7.91,7,7.65,10.28,7.54,8.40,7.11,2.74,8.15,5.65,3.72,1.10,0.90,-2.42,2.59,0.16,5.27,2.50,3.35,5.54,5.60,3.83,3.90,0,2.92,2.64,2.42,1.95,4.85,3.46,3.50,4.40,5.10,4.35,2.87,5.08,4.39,4,4.83,8.33,5.60,4.96,5.30,3.40,2.58,5.96,4.35,4.80,4.01,2.64,1.59,3.10,3.32,1.78,1.88,3.25,1.93,1.76,1.78,1.77,1.40,1.75,0.47,,1.50,1.74,2.55,1.86,2.65,3.11,2.60,2.20,2.19,1.60,2,,1.90,-3.20,5.90,8.20,7.50,,,,,,,2.80,3.20,,4.30,5.20,3.10,4.39,,,,,,,,2.30,2.40,3.40,4.60,5.60,,,,,2,,3,6,1.90,2.60,3,,,1.10,,,2.40,,,3.20,4,3.50,2.80,2.20,1.80,
2008-12-03 10:20,3.80,3.59,2.75,2.70,0.80,3.68,2.73,3.50,1,4.22,2.34,4.22,1.04,5.47,2.52,1.74,1.98,-0.60,3.80,1.94,2.29,1.63,3.07,,5.26,4.51,4.86,3.82,5.23,5.20,6.03,6.96,0.94,3.92,4.12,4.06,4.74,4,1.53,,0.40,-0.57,0.61,6.66,2.80,8.11,7.50,8.15,4.86,6.84,5.40,6.11,10.74,7.79,8.93,7.17,8.94,7.40,9.07,10.37,7.42,8.60,6.93,2.73,8.16,5.66,3.60,1.34,1.10,-2.24,2.11,0.40,5.60,2.49,3.76,5.77,6.20,4.09,4,0,2.92,2.82,2.65,1.97,4.89,3.63,3.33,4.50,5.20,4.46,2.93,5.08,4.58,4.10,5.14,7.59,5.33,5.01,5.58,3.41,2.85,5.91,4.68,4.69,4.29,2.64,1.82,3.10,3.34,1.89,1.83,3.29,2.11,1.83,2.03,1.86,1.50,1.82,0.49,,1.50,1.83,2.44,1.98,2.79,3.38,2.60,2.28,2.21,1.68,2.10,,2,-3.30,6.10,8.60,7.70,,,,,,,2.80,3.20,,4.40,5.30,3.20,4.90,,,,,,,,2.30,2.60,3.50,4.70,5.90,,,,,2.10,,3.10,6.10,2.10,2.70,3.30,,,1.30,,,2.40,,,3.40,4.10,3.50,2.90,2.40,1.90,
2008-12-03 10:30,3.70,3.67,3.25,2.75,0.90,3.55,2.77,3.40,1.17,4.37,2.37,4.11,1,5.55,2.55,1.97,2.11,-0.47,3.90,1.93,2.37,1.55,3.12,,5.15,4.51,4.66,3.89,5.41,5.30,6.21,6.91,0.77,3.87,4.23,3.90,4.84,4.08,1.54,,0.40,-0.52,0.39,6.71,2.90,8.20,7.60,8.28,5.35,6.84,5.55,6.20,10.86,8.11,8.91,7.49,9.22,7.80,8.97,10.59,7.20,8.60,6.71,2.48,8.14,5.53,3.60,1.36,1.10,-2.32,2.21,0.63,5.73,2.68,3.56,5.83,6.10,4.40,4.10,0,2.92,2.77,2.65,2.02,4.88,3.65,3.32,4.50,5.15,4.41,2.99,5.34,4.72,4.40,5.48,7.16,5.40,4.91,5.76,3.45,3.07,6.01,4.99,4.83,4.63,2.46,1.93,3.20,3.39,2.03,1.71,3.35,2.13,1.87,2.01,2.21,1.70,1.94,0.59,,1.40,1.96,2.11,2,2.93,3.60,2.60,2.33,2.36,1.74,2.50,,1.90,-3.20,6.40,9,7.90,,,,,,,2.90,3.20,,4.40,5.40,3.10,4.95,,,,,,,,2.30,2.80,3.60,4.70,6.10,,,,,2.20,,3.20,6.30,2.20,2.90,3.40,,,1.30,,,2.60,,,3.60,4,3.60,3,2.50,2,
2008-12-03 10:40,3.70,3.75,3.06,2.84,1,3.65,2.86,3.50,1.35,4.34,2.54,4.18,1.09,5.53,2.70,2.09,2.21,-0.56,4.20,1.87,2.50,1.57,3.13,,5,4.56,4.69,4.17,5.49,5.20,6.75,7.11,0.77,4,4.13,4.07,4.91,4.16,1.71,7.15,0.60,-0.58,0.33,6.88,3,8.29,7.50,8.27,5.75,6.88,5.72,6.40,11.20,8.99,8.95,7.69,9.50,7.90,8.91,10.65,7.01,8.30,6.48,2.24,8.01,5.37,3.88,1.52,1.10,-2.11,2.43,1.05,5.82,2.79,3.45,5.99,6.40,4.80,4.20,0,3.02,2.75,2.73,2.03,4.86,3.78,3.25,4.60,5.20,4.51,2.93,5.50,4.87,4.40,5.86,7.19,5.62,4.86,5.79,3.62,3.45,6.15,5.60,4.78,4.81,3.20,2.04,3.20,3.30,2.20,1.81,3.33,2.27,1.90,2.11,2.44,1.80,1.89,0.62,,1.40,1.96,1.86,1.92,3.16,3.70,2.70,2.56,2.56,2.13,2.70,,2,-3.20,6.60,9.10,8.70,,,,,,,2.90,3.30,,4.50,5.60,3.20,5.16,,,,,,,,2.30,2.80,3.70,4.60,6.20,,,,,2.40,,3.30,6.40,2.20,2.90,3.20,,,1.50,,,2.60,,,3.60,3.90,3.70,3.10,2.60,2.10,
2008-12-03 10:50,3.70,3.55,2.84,2.90,0.90,3.73,2.87,3.80,1.54,4.40,2.61,4.33,1.18,5.57,2.87,2.20,2.14,-0.47,4.50,1.76,2.30,1.02,3.22,,5.07,4.54,4.75,4.16,5.66,5,7.36,7.13,0.62,4.02,4.18,4,4.96,4.31,1.81,7.27,0.50,-0.43,0.22,7.05,3.10,8.44,7.80,8.41,5.75,6.78,5.69,6.71,11.16,9.88,8.93,8.08,9.02,8,8.79,10.36,6.93,8.20,6.47,2.02,7.61,5.05,4.09,1.70,1.30,-2.03,2.48,1.25,5.95,2.91,3.59,5.94,6.40,5.10,4.20,0,3.07,2.74,2.87,1.96,4.85,3.91,3.36,4.70,5.29,4.58,2.83,5.41,4.98,4.40,6.05,7.18,5.75,4.91,5.57,3.78,3.49,6.27,6,4.80,4.87,3.64,2.19,3.20,3.27,2.26,1.85,3.56,2.31,1.94,2.24,2.62,1.90,2.03,0.60,,1.30,1.89,1.80,2.20,3.26,3.84,2.80,2.65,2.57,2.22,3,,2.10,-3.20,6.80,8.90,8.90,,,,,,,3,3.30,,4.50,5.70,3.30,5.56,,,,,,,,2.40,2.80,3.80,4.70,6.30,,,,,2.60,,3.40,6.40,2.20,2.90,2.90,,,1.70,,,2.70,,,3.70,3.70,3.90,3.10,2.70,2.20,
2008-12-03 11:00,3.80,3.50,2.91,2.95,0.90,3.79,2.91,3.80,1.53,4.43,2.66,3.98,1.21,5.61,2.95,2.10,2.22,-0.50,5.10,1.86,2.42,0.81,3.30,,5.13,4.63,4.90,4.21,5.70,4.70,6.49,7.30,0.44,4.05,4.23,4.23,5.21,4.41,1.78,7.40,0.50,-0.40,0.36,7.04,3.10,8.56,7.70,8.52,5.67,6.64,5.83,6.87,11.04,10.46,8.96,8.64,8.76,8.20,8.97,10.69,6.82,7.80,6.58,2.15,7.14,4.64,4.07,1.73,1.30,-1.93,2.57,1.26,6.06,3.23,3.41,6.25,6.40,5.18,4.34,0,3.14,2.97,3.04,1.92,4.81,4.03,3.42,4.70,5.33,4.57,2.87,5.38,5.06,4.50,6.17,6.99,5.80,4.97,5.50,3.95,3.55,6.60,6.45,4.87,4.94,4.06,2.67,3.30,3.19,2.35,1.85,3.84,2.44,2.20,2.42,2.82,2,1.94,0.67,,1.40,2.11,1.90,2.31,3.48,3.59,2.90,2.91,2.98,2.39,3,3.10,2,-3.20,6.60,9.20,9,,5.80,-7,3.90,4.70,4.60,3.10,3.30,4.50,4.60,5.70,3.40,6,5.60,4.80,5.50,5.50,5.60,3.60,2.80,2.50,3,3.90,4.90,6.40,4.80,4.60,4.90,1.50,2.60,2.30,3.40,6.40,2.50,3.10,2.90,3.20,4.30,1.90,2.20,,2.70,3.20,3.40,3.70,4,3.90,3.40,3,2.20,1.50
2008-12-03 11:10,3.90,3.49,3.23,3.05,1,3.68,2.89,3.80,1.50,4.33,2.77,3.90,1.29,5.47,3.11,2.28,2.41,-0.54,5.60,1.99,2.26,0.82,3.31,,5.05,4.80,4.87,4.17,5.79,4.80,6.09,7.58,0.44,4.22,4.40,4.26,5.16,4.37,1.83,7.51,0.60,-0.34,0.28,7.33,3.20,8.94,7.60,8.32,5.68,6.65,5.70,7.32,11.25,11,9.07,9.12,8.65,8.40,8.90,10.50,6.78,7.60,6.46,2.23,6.91,4.53,4.15,1.69,1.40,-1.89,2.64,1.39,6.11,3.29,3.12,6.21,6.60,5.38,4.50,0,3.25,3.10,3.15,1.95,4.87,4.07,3.47,4.70,5.27,4.56,2.91,5.20,5.07,4.50,6.42,6.55,5.77,5.40,5.50,4.04,3.62,6.95,6.56,4.92,5.02,4.23,3.22,3.40,3.01,2.51,1.84,3.95,2.68,2.20,2.63,2.88,2.20,1.72,0.66,,1.50,2.40,1.90,2.44,3.58,3.39,2.90,3.16,3.16,2.52,2.70,,2.10,-3.20,6.70,9.20,8.80,,,,,,,3.20,3.40,,4.60,5.80,3.40,6.01,,,,,,,,2.60,3.10,4,5.10,6.40,,,,,2.70,,3.20,6.50,2.60,3.10,2.90,,,1.90,,,2.80,,,3.70,4.20,3.90,3.40,3,2.20,
2008-12-03 11:20,3.90,3.55,3.60,3.16,1.17,3.59,2.98,3.90,1.46,,2.91,3.96,1.37,5.44,3.22,2.46,2.53,-0.55,5.80,1.89,2.33,0.89,3.42,,5.05,4.77,4.85,3.85,5.97,4.70,6.02,7.58,0.63,4.32,4.59,4.33,5.23,4.28,1.92,7.63,0.60,-0.15,0.40,7.59,3.40,8.95,7.70,8.29,6.02,6.76,5.63,7.56,11.44,11.21,8.92,9.23,8.67,8.50,9.14,10.45,6.72,7.30,6.32,2.22,6.86,4.40,4.21,1.71,1.50,-1.83,2.50,1.53,6.48,3.34,3.28,6.32,7.10,5.44,4.50,0,3.42,3.60,3.29,1.91,4.85,4.16,3.53,4.80,5.36,4.69,3,5.22,5.02,4.60,6.43,6.27,5.51,5.43,5.61,4.24,3.79,7.21,6.83,5.16,5.30,4.26,3.44,3.50,2.87,2.60,1.72,3.84,2.79,2.51,3.07,2.95,2.50,1.44,0.71,,1.60,2.42,1.99,2.46,3.53,3.60,2.90,3.14,3.22,3,2.50,,2.30,-3.20,6.70,9.10,9,,,,,,,3.30,3.30,,4.30,5.80,3.60,6.20,,,,,,,,2.60,3.20,4,5.20,6.50,,,,,2.70,,3.20,6.60,2.60,3.20,3.10,,,2,,,2.90,,,3.90,4.20,4,3.60,3,2.20,
2008-12-03 11:30,4,3.63,3.76,3.26,1.24,3.68,2.87,3.90,1.58,,2.89,4.28,1.50,5.49,3.32,2.53,2.62,-0.47,5.90,1.81,2.12,0.89,3.48,,4.87,4.88,4.92,3.57,6.05,4.70,6.19,7.51,0.71,4.44,4.61,4.46,5.54,4.36,2.02,7.47,0.70,0.04,0.67,7.70,3.60,8.81,7.70,8.43,6.59,6.76,5.60,7.40,11.26,11.22,8.85,9.39,8.56,8.50,9.21,10.29,6.62,,6.19,2.26,6.88,4.45,4.37,1.91,1.40,-1.78,2.76,1.65,6.58,3.44,3.31,6.53,7,5.56,4.70,0,3.56,3.80,3.21,2.05,4.91,4.21,3.39,4.90,5.31,4.63,2.93,5.35,5,4.70,6.51,6.15,5.47,5.48,5.60,4.48,4.35,7.23,6.96,5.16,5.03,4.48,3.78,3.60,2.90,2.74,1.74,3.82,2.79,2.42,3.11,2.93,2.80,1.27,0.73,,1.70,2.34,1.94,2.33,3.73,3.71,3.10,3.02,3.22,3.19,2.50,,2.30,-3.20,6.70,9.30,9,,,,,,,3.40,3.30,,4.10,5.80,3.70,6.42,,,,,,,,2.70,3.30,4.10,5.20,6.30,,,,,2.60,,3.20,6.40,2.40,3.40,3.60,,,2.10,,,2.80,,,4,4,4.10,3.60,3,2.20,
2008-12-03 11:40,4,3.59,3.82,3.38,1.33,3.82,2.99,4,1.74,,2.99,4.36,1.56,5.55,3.10,2.52,2.68,-0.40,5.80,1.78,1.78,0.69,3.59,,5.03,4.87,4.99,3.51,6.06,4.80,6.30,7.72,0.69,4.81,5.03,4.49,5.39,4.60,1.94,7.63,0.70,0.10,0.97,7.78,3.50,8.81,7.80,8.45,6.93,6.65,5.58,7.61,10.76,11.24,8.88,9.44,8.45,8.60,9.33,10.05,6.67,,6.16,2.37,6.92,4.60,4.42,2.05,1.50,-1.64,2.95,1.64,6.71,3.10,3.55,6.70,7.20,5.54,4.70,0,3.69,3.90,3.15,2.20,4.96,4.33,3.44,4.90,5.36,4.86,3.03,5.45,5.09,4.70,6.47,6.19,5.94,5.52,5.77,4.60,4.72,7.11,6.70,5.20,5.09,4.61,3.74,3.60,3.03,2.89,1.71,4,2.79,2.72,3.14,2.95,3,1.36,0.94,,1.80,2.50,1.99,2.32,3.88,3.73,3.10,3.17,3.13,3.08,2.50,,2.40,-3.20,6.80,9.10,8.90,,,,,,,3.70,3.50,,4.10,5.80,3.70,6.71,,,,,,,,2.90,3.30,4.20,5.30,5.70,,,,,2.70,,3.30,6.50,2.10,3.50,3.30,,,2.30,,,2.80,,,4.20,4.20,4,3.80,3,2.20,
2008-12-03 11:50,4.10,3.69,3.95,3.42,1.30,3.66,3.06,4.10,1.39,,3.04,4.22,1.54,5.66,3.20,2.58,2.74,-0.43,5.80,1.79,1.54,0.63,3.69,,5.20,4.92,5.06,3.64,5.80,5.10,6.33,7.73,0.85,4.75,4.97,4.71,5.48,4.63,1.77,7.76,0.70,-0.08,1.35,7.71,3.30,8.83,8.10,8.30,7.06,6.78,5.70,7.89,10.50,11.53,9.22,9.48,8.47,8.40,9.13,9.92,6.69,8,6.07,2.50,6.99,4.75,4.54,1.97,1.40,-1.58,3,1.79,6.73,3.23,3.88,6.69,7.10,5.37,4.80,0,3.73,4.20,3.31,2.15,4.99,4.28,3.43,5,5.31,4.68,2.98,5.46,5.20,4.90,6.67,6.29,5.86,5.55,5.91,4.93,4.91,6.92,6.58,5.32,4.98,4.59,4.14,3.50,3.05,2.92,1.76,4.11,2.84,3.04,3.05,3.04,2.60,1.48,0.95,,1.80,2.45,2.03,2.55,4.07,3.73,3.30,3.22,3.09,3.17,2.50,,2.30,-3.10,7,8.90,9.20,,,,,,,4.10,3.50,,4.10,5.80,3.70,6.91,,,,,,,,3.10,3.40,4.20,5.50,5.30,,,,,2.70,,3.40,6.50,1.80,3.60,3.50,,,2.30,,,2.60,,,4.20,4.20,4.20,3.80,3.30,2.20,
2008-12-03 12:00,4.20,3.74,3.98,3.60,1.37,3.65,3.09,4,1.51,5.01,3.09,4.09,1.53,5.69,3.23,2.55,2.88,-0.16,5.70,1.97,1.34,0.27,3.91,,5.22,4.96,5.21,3.74,5.61,5.60,6.37,8.11,0.70,4.77,5.13,5,5.68,4.45,1.78,7.81,0.80,-0.18,1.90,7.75,3.30,8.82,8.40,8.39,6.91,6.87,5.82,8.89,10.58,11.72,9.53,9.45,8.54,8.30,9.05,9.75,6.70,7.80,5.91,2.62,7.15,4.66,4.51,2.01,1.30,-1.51,2.89,1.96,6.67,3.34,4.07,6.78,6.90,5.20,4.80,0,3.86,4.20,3.56,2.14,5.01,4.26,3.34,5.10,5.44,4.78,3.20,5.49,5.13,5,6.86,6.33,5.80,5.69,5.95,5.16,5.03,6.81,6.64,5.45,5.41,4.59,3.45,3.50,3.04,2.92,1.86,4.03,2.93,3.03,3.47,3.19,2.40,1.56,1.02,,1.80,2.34,2.18,2.58,4.10,3.80,3,3.23,4.20,3.20,2.40,3.20,2.30,-3.10,6.20,9,9.50,7.50,7,-6.80,3.90,5.50,5.40,4.10,3.50,4.60,4.30,5.80,3.90,7.20,5.20,4.90,5.60,5.90,6.50,4,4.10,3.20,3.50,4.10,5.70,4.90,5.10,5.60,5.30,2.80,2.70,2.70,3.50,6.60,1.10,3.70,3.50,3.80,4.60,2.40,2.10,1.90,2.70,3.80,3.70,4.30,4.20,4.30,3.90,3.80,2.20,1.60
2008-12-03 12:10,4.70,3.80,4.03,3.72,1.40,3.60,3.06,4.10,1.75,4.83,3.13,4.25,1.52,5.65,3.34,2.69,3.01,-0.38,5.50,1.85,1.14,0.41,4.05,,5.29,5.05,5.37,3.83,5.64,5.80,6.28,8.38,0.60,4.88,5.78,5.09,5.71,4.59,1.75,7.71,0.60,-0.29,2.42,7.88,3.10,8.58,7.90,8.49,6.86,6.73,6.14,10.04,10.26,11.59,9.92,9.44,8.72,8.30,8.89,9.67,6.61,7.80,5.74,2.58,7.16,4.55,4.38,2.08,1.50,-1.37,3.04,2.03,6.84,3.61,3.82,6.98,7.10,5,4.83,0,4.07,4.25,3.52,2.29,5.03,4.36,3.37,5.10,5.44,4.74,3.05,5.42,5.22,5.10,6.97,6.34,5.88,5.73,5.97,5.26,5.28,6.66,6.25,5.67,5.59,4.82,3.48,3.50,3.01,2.71,1.88,3.97,3.01,2.92,3.96,3.25,2.40,1.74,1.07,,1.80,2.39,2.21,2.62,4.07,3.58,3.50,3.42,3.32,3.04,2.10,,2.30,-3.10,6.20,9.20,9.30,,,,,,,4.20,3.50,,4.30,5.80,3.90,7.25,,,,,,,,3.40,3.50,4.20,5.70,4.80,,,,,2.90,,3.50,6.80,1.10,3.70,3.50,,,2.40,,,2.70,,,4.40,4.10,4.40,3.90,3.80,2.20,
2008-12-03 12:20,4.90,3.93,4.04,3.82,1.40,3.38,3.03,4.20,1.47,4.57,3.21,4.19,1.78,5.60,3.47,2.65,3.01,-0.32,5,1.72,1.20,0.57,4.35,,5.42,4.98,5.36,3.63,5.60,6,6.21,8.19,0.48,4.96,5.91,5.11,5.71,5.16,1.72,7.69,0.60,-0.37,2.39,8.21,3,8.52,7.90,8.44,7.19,6.58,6.34,10.32,10.03,11.30,9.74,9.32,8.69,8.30,8.82,9.61,6.59,7.80,5.72,2.37,7.34,4.82,4.61,2.16,1.70,-1.35,3.14,2.06,6.95,3.77,3.65,6.87,7.10,4.76,4.99,0,4.07,4.22,3.62,2.45,4.90,4.40,3.48,5.10,5.47,4.80,2.97,5.42,5.24,5.20,6.95,6.42,5.90,5.66,6.02,5.23,5.24,6.83,6.28,5.81,5.63,4.81,3.66,3.70,2.96,2.81,2.01,3.91,3.15,2.80,3.79,3.18,2.60,1.97,1.07,,1.80,2.53,2.19,2.72,4.12,3.40,3.60,3.68,3.53,3.19,1.80,,2.10,-3.10,6.60,9.30,9.20,,,,,,,4.10,3.60,,4.20,,4.20,7.33,,,,,,,,3.70,3.60,4.20,5.70,4.50,,,,,3,,3.60,6.80,0.90,3.80,3.60,,,2.50,,,2.70,,,4.50,4.20,4.40,4,4.30,2.30,
2008-12-03 12:30,5.30,3.84,3.98,3.89,1.50,3.32,3.11,4.20,1.05,4.49,3.32,4.47,1.75,5.71,3.54,2.77,3.14,-0.17,5,1.83,1.25,0.64,4.66,,5.40,4.88,5.52,3.76,5.64,6.20,6.21,8.34,0.45,5.14,5.61,5.12,5.92,4.99,1.78,7.77,0.50,-0.41,2.38,8.52,2.80,8.48,7.80,8.37,6.90,6.37,6.15,10.37,9.97,10.94,9.63,9.19,8.58,8.40,8.87,9.53,6.49,7.70,5.82,2.39,7.40,4.83,4.69,2.25,1.70,-1.24,2.98,2.30,6.99,3.70,3.44,6.92,7.20,4.73,5.10,0,3.89,4.34,3.83,2.50,4.78,4.51,3.50,5.10,5.53,4.85,3,5.38,5.35,5.20,6.92,6.58,6.03,5.73,6.10,5.24,5.16,7.07,6.40,6,5.45,4.65,3.36,3.60,2.92,3.03,2.18,3.79,2.82,2.68,3.57,3.07,2.80,1.92,1.10,,1.80,2.54,2.29,2.74,4.10,3.27,3.60,3.99,4.18,3.37,1.70,,2.20,-3.10,6.60,9.40,9.20,,,,,,,4,3.70,,4.20,5.70,4.10,7.30,,,,,,,,3.60,3.80,4.10,5.70,4.20,,,,,3,,3.60,6.70,0.70,3.90,3.60,,,2.50,,,2.80,,,4.70,4.20,4.40,4.10,4.10,2.30,
2008-12-03 12:40,5.70,4.30,3.96,4.13,1.50,3.38,3.20,4.20,1.23,4.39,3.32,4.54,1.80,5.59,3.72,2.89,3.28,-0.19,5,1.91,1.27,0.69,4.84,,5.38,4.89,5.61,3.89,5.80,6.20,6.08,8.12,0.41,5.27,5.41,5.36,5.86,4.87,1.82,8.32,0.50,-0.48,2.36,8.24,2.70,8.51,7.70,8.21,6.49,6.29,5.80,10.01,10.07,10.54,9.50,9.21,8.70,8.20,8.81,9.61,6.36,7.60,5.78,2.34,7.31,4.77,4.67,2.24,1.70,-1.26,2.98,2.33,6.75,3.60,3.66,7.01,7.30,4.57,5,0,3.91,4.47,3.84,2.41,4.68,4.48,3.48,5.10,5.54,4.85,2.99,5.39,5.25,5.20,6.99,6.51,5.97,5.77,6.18,5.31,5.11,7.31,6.58,6.07,5.25,4.81,3.72,3.70,2.86,3.06,2.13,3.81,2.64,2.63,3.53,3.02,2.90,1.69,1.10,,1.80,2.60,2.16,2.83,3.95,3.22,3.70,4.22,4.28,3.37,1.30,,2.30,-3.10,6.60,8.90,9.10,,,,,,,4.10,3.70,,4.20,5.70,4.30,7.22,,,,,,,,3.50,3.70,4.10,5.70,4.10,,,,,3,,3.70,6.60,0.70,4,3.60,,,2.60,,,2.80,,,4.50,4.10,4.30,4.30,4,2.30,
2008-12-03 12:50,5.80,5.12,3.94,4.33,1.60,3.72,3.28,4.10,1.49,4.34,3.31,4.63,1.76,5.53,3.80,3.12,3.49,-0.20,5.10,1.90,1.29,0.70,4.86,,5.36,4.95,5.89,3.78,5.98,6.40,6.07,8.04,0.34,5.23,5.39,5.18,5.78,4.93,1.82,8.75,0.50,-0.35,2.60,7.93,2.70,8.87,7.70,8.07,6.50,6.07,5.83,9.69,10.15,10.43,9.30,9.24,8.60,8,8.62,9.60,6.45,7.50,5.62,2.29,7.19,4.69,4.70,2.09,1.80,-1.14,2.88,2.29,6.50,3.45,3.77,6.95,7.20,4.38,5.10,0,3.88,4.50,3.88,2.48,4.80,4.50,3.53,5.10,5.61,4.77,2.93,5.40,5.24,5.30,6.82,6.26,6.01,5.84,6.41,5.24,5.13,7.04,6.96,5.88,5.43,4.91,4,3.80,2.95,3,2.28,3.85,2.60,2.73,3.55,3.10,3,1.89,1.23,,1.80,2.59,2.21,2.86,3.83,3.22,3.70,3.85,3.92,3.63,1.20,,2.30,-3.10,6.50,8.80,9.10,,,,,,,3.80,3.70,,4.10,5.80,4.30,7.15,,,,,,,,3.60,3.60,4,5.80,3.90,,,,,2.90,,3.70,6.40,0.70,4.10,3.70,,,2.50,,,2.80,,,4.50,3.90,4.30,4.10,4,2.30,
2008-12-03 13:00,6.10,5.56,3.88,4.48,1.70,3.96,3.25,3.90,1.59,4.37,3.27,4.85,1.92,5.44,3.84,3.16,3.62,-0.24,5.10,2.15,1.20,0.85,4.75,,5.32,4.83,5.51,4.33,5.96,6.10,6.03,7.98,0.37,5.01,5.39,5.21,5.74,4.93,1.79,8.37,0.60,-0.48,2.30,7.73,2.70,8.74,7.70,8.09,6.33,6.19,5.94,9.50,9.85,10.38,9.13,8.93,8.42,7.80,8.29,9.37,6.44,7.40,5.59,2.24,7.15,5.11,4.64,2.01,1.90,-1.10,2.95,2.29,6.47,3.37,3.72,6.97,7.10,4.26,5.10,0,3.86,4.37,3.92,2.56,4.85,4.52,3.36,5,5.59,4.82,2.93,5.30,5.32,5.30,6.55,6.25,6.10,5.79,6.44,5.22,4.98,6.81,7.03,5.85,5.17,4.90,3.95,3.70,2.93,2.95,2.42,3.93,2.35,2.67,3.56,3.01,3,1.73,1.31,,1.80,2.65,2.18,2.65,3.54,3.22,3.60,3.55,3.89,3.66,1.10,4.30,2.40,-3.10,6.30,8.60,8.90,7.60,6,-6.30,3.70,5.80,5.40,3.80,3.70,4.60,4,5.80,4.30,7.60,,5.50,6,6.20,6.60,4.70,3.90,3.50,3.70,3.80,5.90,4.10,5.20,5.40,5.30,3.30,2.90,3,3.70,6.20,0.50,3.50,3.80,,4.90,2.70,1.30,,2.80,3.80,3.80,4.70,3.90,4.10,3.90,4,2.30,1.40
2008-12-03 13:10,6.30,5.71,3.88,4.67,1.80,4.04,3.25,3.80,1.62,4.43,3.21,5.61,2.13,5.23,3.87,3.14,3.55,-0.31,5.10,2.36,1.10,0.73,4.64,,5.29,4.89,5.33,4.45,5.93,6,6.10,7.74,0.40,4.95,5.42,5.46,5.76,5.05,1.78,8.18,0.60,-0.42,2.41,7.55,2.80,8.78,7.60,7.96,6.09,6.39,5.89,9.17,9.64,10.21,8.99,8.58,8.25,7.50,8.06,9.39,6.47,7.30,5.72,2.14,7.25,5.04,4.79,2.08,2.10,-1.18,2.88,2.29,6.43,3.63,3.53,6.88,7.20,4.24,5.06,0,3.88,4.07,3.81,2.45,4.69,4.28,3.50,5,5.54,4.86,2.97,5.27,5.31,5.30,6.33,6.18,5.99,5.83,6.48,5.24,4.94,6.59,7.21,6.03,4.97,4.92,3.98,3.60,2.90,2.93,2.46,3.89,2.02,2.61,3.57,2.94,2.90,1.65,1.29,,1.80,2.73,2.16,2.47,3.43,3.20,3.70,3.39,3.75,3.59,1.20,,2.50,-3.20,6.20,8.40,8.40,,,,,,,3.90,3.70,,4,5.80,4.40,7.16,,,,,,,,3.90,3.60,3.80,5.90,4.10,,,,,3,,3.70,5.90,0.50,3.50,3.80,,,2.70,,,2.80,,,4.70,3.80,4.10,4,4,2.20,
2008-12-03 13:20,6.50,5.85,3.90,4.84,1.90,4.08,3.24,3.70,1.71,4.16,3.15,5.32,2.05,5.14,3.67,3.18,3.23,-0.40,5,2.30,1.04,0.60,4.51,,5.35,4.80,5.28,4.42,5.94,6,6.06,7.44,0.23,4.89,5.34,5.43,5.57,5.14,1.80,8.06,0.50,-0.43,2.37,7.29,2.80,8.96,7.40,7.95,5.80,6.48,5.87,8.63,9.42,10.14,8.87,8.27,8.11,7.30,8.08,9.13,6.45,7.30,5.73,1.87,7.30,4.71,4.91,2.19,2.40,-1.23,2.98,2.14,6.30,3.99,3.58,6.77,7.10,4.20,5.14,0,3.95,3.79,3.99,2.52,4.76,4.16,3.58,5,5.54,4.93,2.92,5.20,5.29,5.40,6.05,6.25,5.82,5.88,6.50,5.07,4.86,6.46,7.15,5.95,4.66,4.98,3.99,3.60,2.91,3,2.48,3.97,1.71,2.56,3.54,2.92,2.70,1.67,1.21,,1.80,2.79,2.21,2.73,3.22,3.14,3.80,3.50,3.77,3.63,1.10,,2.50,-3.20,6,8.30,8.20,,,,,,,3.60,3.70,,3.90,5.80,4.40,7.21,,,,,,,,4.10,3.60,3.70,5.70,4.10,,,,,3,,3.70,5.70,0.50,2.70,3.90,,,2.70,,,2.80,,,4.50,3.60,4,4.10,3.90,2.20,
2008-12-03 13:30,6.60,6.06,3.85,4.92,2,3.98,3.22,3.40,1.83,4.12,3.09,4.68,1.96,4.98,3.53,3.13,3.09,-0.49,5,2.23,0.97,0.38,4.36,,5.36,4.78,5.27,4.44,5.82,6,6.10,7.36,0.30,4.81,5.33,5.39,5.59,5.24,1.76,7.80,0.60,-0.41,2.39,7.34,2.50,8.91,7.10,7.90,5.83,6.41,5.49,8.56,9.33,9.85,8.57,8.14,8.03,7.20,7.72,9.11,6.27,7.10,5.72,1.71,7.10,4.47,4.50,2.19,2.10,-1.31,2.83,2.26,6.12,3.82,3.31,6.69,6.90,4.12,4.96,0,4.06,3.46,3.78,2.59,4.85,4.04,3.66,4.70,5.55,4.84,2.97,5.23,5.25,5.50,6.18,6.33,5.73,5.89,6.35,4.95,4.76,6.35,6.59,5.93,4.72,4.98,3.97,3.60,2.89,3.19,2.44,3.93,1.45,2.44,3.61,2.78,2.50,1.74,1.23,,1.70,2.70,2.20,2.79,3.05,3.06,3.80,3.61,3.54,3.57,1.10,,2.40,-3.20,6.10,8.30,8.10,,,,,,,3.30,3.80,,3.80,5.80,4.50,7.22,,,,,,,,3.90,3.50,3.70,5.60,4,,,,,3,,3.70,5.50,0.60,2.30,4,,,2.60,,,2.80,,,4.30,3.40,3.90,3.80,4,2.20,
2008-12-03 13:40,6.30,6.06,3.95,4.82,2,4,3.13,3.20,1.68,4.04,3,4.54,1.74,5.08,3.23,3.11,3.15,-0.27,5,2.16,1.03,0.36,4.25,,5.41,4.72,5.10,4.56,5.80,5.90,6.02,7.13,0.34,4.85,5.16,,5.47,5.28,1.62,7.46,0.40,-0.45,0.91,7.37,2.60,8.81,7,7.84,5.75,6.42,5.35,8.43,9.22,9.51,8.24,8.01,7.85,7.10,7.82,8.98,6.30,7,5.73,1.62,6.91,4.25,4.06,2.12,2.10,-1.36,2.75,2.32,5.88,3.52,2.97,6.61,6.60,3.91,4.59,0,4.01,3.47,3.44,2.55,4.83,4,3.67,4.60,5.50,4.90,3.03,5.23,5.25,5.50,6.21,6.23,5.65,5.81,6.13,4.95,4.77,6.18,6.31,5.71,4.53,4.98,3.92,3.50,3,3.20,2.32,3.93,1.34,2.38,3.29,2.66,2.30,1.76,1.20,,1.60,2.70,2.15,2.63,2.84,2.97,3.80,3.68,3.53,3.32,1,,2.50,-3.30,6.10,8.20,7.90,,,,,,,3.40,3.60,,3.70,5.70,4.20,7.21,,,,,,,,3.70,3.50,3.70,5.60,4,,,,,3,,3.60,5.40,0.70,2.20,4,,,2.60,,,2.80,,,4.20,3,3.80,3.70,4,2.10,
2008-12-03 13:50,6.30,5.92,3.92,4.83,2,3.71,2.94,3,1.53,3.93,2.88,4.31,1.57,5.07,2.87,3.16,3.11,-0.40,4.90,2.07,1.22,0.43,4.18,,5.32,4.63,4.96,4.46,5.76,5.70,5.97,7.08,0.20,4.71,5.13,5.35,5.49,5.39,1.52,7.37,0.40,-0.69,0.23,7.22,2.50,8.77,7.10,7.80,5.52,6.45,5.10,8.32,8.65,9.36,8.02,7.84,7.72,7.10,7.73,8.92,6.30,7.20,5.60,1.55,6.54,4.18,4.09,2.02,2.20,-1.27,2.70,2.22,5.80,3.16,2.54,6.36,6.30,3.93,4.47,0,3.95,3.50,3.19,2.75,4.86,4.05,3.63,4.50,5.54,4.99,2.93,5.15,5.27,5.50,6.20,6.24,5.67,5.81,6.10,4.93,4.76,5.83,6.11,5.41,4.41,4.87,3.77,3.50,2.91,2.99,2.32,4.01,1.26,2.35,3.16,2.61,2.10,1.68,1.07,,1.60,2.85,2.13,2.72,2.75,2.85,3.80,3.79,3.82,3.21,1,,2.50,-3.30,6.20,8.10,7.60,,,,,,,3.50,3.30,,3.80,5.70,4.20,7.29,,,,,,,,3.50,3.50,3.80,5.50,4,,,,,2.90,,3.60,5.10,0.80,2,4,,,2.60,,,2.80,,,4.10,2.90,3.50,3.70,3.90,1.90,
2008-12-03 14:00,6.30,5.89,3.92,4.91,2.10,3.95,2.83,2.80,1.38,3.75,2.82,4.08,1.56,5.05,2.70,3.11,3.08,-0.25,4.80,2.01,1.24,0.28,4.12,,5.26,4.66,4.90,4.29,5.69,5.50,5.96,7.06,0.12,4.68,5.19,5.26,5.38,5.12,1.46,7.56,0.30,-0.83,-0.52,7.08,2.40,8.50,7.10,7.80,5.60,6.58,5.02,8.26,8.34,9.15,7.84,7.80,7.60,7,7.47,8.63,6.26,6.80,5.45,1.49,6.33,4.19,4.23,1.93,2,-1.46,2.77,2.07,5.40,3.14,2.27,6.20,5.70,4.06,4.23,0,3.81,3.53,2.82,2.66,4.79,3.92,3.55,4.40,5.51,5.08,2.88,5.21,5.30,5.40,6.19,6.17,5.64,5.64,6.03,4.81,4.66,5.62,5.90,5.02,4.27,4.78,3.61,3.50,2.92,2.93,2.30,4.04,1.24,2.26,3.07,2.47,2,1.64,0.92,,1.50,2.45,2.21,2.80,2.77,2.77,3.70,3.87,4.16,3.19,0.90,4.90,2.30,-3.30,6.20,8.30,7.50,7.40,5,-7.10,2.60,5.10,4.80,3.40,3,4.40,3.90,5.60,4.20,7.20,,4.40,5.30,5.30,5.90,3.90,3.70,3.20,3.50,3.80,5.50,4,5,4.70,4.80,2.50,2.90,3,3.60,5,0.90,1.70,4.10,2.80,3.90,2.60,1.40,2.20,2.80,3.80,3.70,4,2.60,3.20,3.50,3.60,1.80,0.80
2008-12-03 14:10,6,6.02,3.96,4.97,2.10,3.92,2.71,2.60,1.29,3.69,2.75,3.90,1.43,4.94,2.48,3.01,3,-0.37,4.70,1.96,1.33,0.20,4.16,,5.24,4.58,4.80,4.04,5.59,5.20,5.98,7.09,-0.05,4.72,5.27,5.09,5.31,4.99,1.29,7.03,0.30,-0.71,-0.44,7.01,2.20,7.96,7.10,7.71,5.64,6.58,5.01,8.04,8.09,9.03,7.68,7.62,7.51,7,7.53,8.38,6.23,6.50,5.29,1.52,6.18,4.32,4.24,1.90,1.80,-1.56,2.93,2.05,4.65,3.02,2.01,5.76,5.20,4.18,3.88,0,3.55,3.10,2.68,2.32,4.70,3.75,3.62,4.40,5.45,5,2.69,5.10,5.27,5.30,6.05,6.30,5.50,5.73,5.89,4.72,4.63,5.53,5.57,4.78,4.11,4.48,3.45,3.50,3.04,2.99,2.24,3.88,1.24,2.15,2.69,2.28,1.80,1.61,0.90,,1.50,2.52,2.24,2.84,2.69,2.61,3.50,3.85,4.13,2.97,0.80,,2.10,-3.40,6,8.40,7.50,,,,,,,3.10,3.10,,3.90,5.60,4.20,7.17,,,,,,,,2.90,3.40,3.60,5.40,4,,,,,2.90,,3.60,4.80,0.90,1.80,4.10,,,2.60,,,2.80,,,3.90,2.50,3.10,3.50,3.60,1.70,
2008-12-03 14:20,5.80,6.13,3.99,4.90,2.10,3.68,2.68,2.60,1.29,3.65,2.74,3.72,1.31,4.76,2.45,3.10,2.97,-0.52,4.60,1.70,1.29,0.15,4.05,,5.25,4.57,4.81,3.78,5.53,5.10,5.92,6.99,-0.17,4.66,4.99,4.82,5.18,4.82,1.30,6.33,0.40,-0.56,0,6.91,1.90,7.72,7.10,7.56,5.66,6.48,4.88,7.82,7.93,8.92,7.61,7.53,7.33,6.90,7.49,8.18,6.31,6.40,5.20,1.57,5.89,4.19,4.21,1.91,1.80,-1.44,3.05,2.12,3.50,2.53,1.85,5.39,4.90,3.64,3.52,0,3.35,2.90,2.34,2.25,4.71,3.73,3.63,4.30,5.49,4.95,2.74,5.05,5.22,5.30,5.82,6.31,5.46,5.64,5.74,4.70,4.50,5.55,4.82,4.47,4.06,4.21,3.12,3.40,2.94,2.91,2.35,3.87,1.20,2.09,2.49,2.18,1.60,1.49,0.89,,1.50,2.53,2.29,2.80,2.50,2.47,3.40,3.61,4.07,3,0.70,,1.90,-3.40,6,8.30,7.40,,,,,,,3,3.10,,3.90,5.60,4.10,6.98,,,,,,,,2.80,3.40,3.50,5.30,4,,,,,2.90,,3.60,4.80,0.90,1.70,4.10,,,2.50,,,2.60,,,4,2.40,2.90,3.40,3.50,1.60,
2008-12-03 14:30,5.60,6.07,3.90,4.67,2.10,3.72,2.66,3.20,1.31,3.45,2.63,3.98,1.29,4.74,2.33,3.16,2.82,-0.39,4.50,1.55,1.27,0.22,3.88,,5.14,4.51,4.70,3.67,5.46,5.10,5.87,6.94,-0.12,4.63,4.72,4.63,5.10,4.68,1.23,6.17,0.40,-0.49,0.58,6.71,1.50,7.66,7.10,7.44,5.58,6.53,4.62,7.79,8.04,8.82,7.44,7.48,7.08,6.70,7.45,7.96,6.25,6.50,5.11,1.40,5.73,4.22,4.22,1.92,1.70,-1.59,3.19,2.06,3.13,1.94,1.68,5.19,4.60,2.99,3.20,0,3.21,2.70,2.08,2.04,4.58,3.64,3.59,4.30,5.49,4.99,,4.95,5.11,5.20,5.79,6.20,5.46,5.39,5.62,4.74,4.47,5.42,3.66,4.28,3.93,3.76,2.66,3.30,3.12,2.82,2.30,3.91,1.13,2,2.29,2.11,1.50,1.49,0.79,,1.50,2.53,2.29,2.66,2.41,2.46,3.30,3.52,3.87,2.80,0.60,,1.80,-3.50,5.90,8.10,7.30,,,,,,,2.80,3.10,,3.80,5.60,4.10,6.91,,,,,,,,2.50,3.40,3.50,5.30,3.90,,,,,2.70,,3.50,4.80,0.90,1.70,,,,2.40,,,2.50,,,3.90,2.30,2.70,3.40,3.30,1.50,
2008-12-03 14:40,5.50,5.95,3.81,4.49,2.10,3.73,2.51,3.70,1.31,3.46,2.23,3.75,1.27,4.80,2.08,3.26,2.44,-0.40,4.30,1.16,0.99,0.27,3.84,,5.13,4.48,4.62,3.18,5.36,4.90,5.90,6.80,-0.15,4.58,4.42,4.45,4.88,4.59,1.07,6.04,0.60,-0.42,2.83,6.59,1.20,7.57,7,7.50,5.19,6.50,4.55,7.63,7.93,8.69,7.25,7.47,6.97,6.70,7.22,7.70,6.02,6.20,5.23,1.34,5.53,3.99,3.91,1.91,1.60,-1.54,3.18,1.97,3.03,1.36,1.48,4.90,4.20,2.36,2.80,0,3.18,2.50,2.01,1.80,4.54,3.64,3.66,4.30,5.45,4.96,,5,5.05,5.20,5.92,6.16,5.41,5.33,5.49,4.72,4.42,5.41,3.03,4.04,3.72,3.40,2.38,3,2.99,2.77,2.21,3.91,1.17,1.80,2.04,1.92,1.50,1.28,0.83,,1.50,2.54,2.33,2.49,2.36,2.39,3.30,3.21,3.53,2.74,0.60,,1.80,-3.50,5.80,8.10,7.40,,,,,,,2.60,3,,3.70,5.50,4.10,6.80,,,,,,,,2.60,3.40,3.40,5.20,3.90,,,,,2.60,,3.50,4.70,0.90,1.80,3.10,,,2.30,,,2.40,,,3.80,2.30,2.60,3.30,3.10,1.50,
2008-12-03 14:50,5.20,6.01,3.83,4.45,2.10,3.75,2.35,3.90,1.31,3.44,1.90,3.43,1.20,4.77,1.81,3.08,2.35,-0.47,4.20,0.97,1.30,0.20,3.71,,5.06,4.49,4.56,3.40,5.33,4.70,5.84,6.63,-0.25,4.46,4.28,4.28,4.76,4.53,0.98,5.90,0.70,-0.27,3.26,6.36,0.90,7.50,6.90,7.43,4.87,6.46,4.39,7.59,8.05,8.43,7.07,7.44,7,6.70,7.26,7.16,5.79,6.20,5.24,1.13,5.43,3.91,3.94,1.92,1.60,-1.64,3.16,1.78,2.98,0.70,1.43,4.38,4,1.92,2.40,0,3.15,2.60,1.78,1.73,4.51,3.72,3.67,4.30,5.29,4.84,2.54,4.96,5.06,5.10,5.63,6.16,5.31,5.27,5.29,4.70,4.39,5.30,2.69,3.77,3.54,3.27,2.11,2.80,2.89,2.71,2.16,3.92,1.26,1.63,1.88,1.69,1.60,1.05,0.83,,1.40,2.59,2.25,2.77,2.33,2.31,3.20,2.85,3.50,2.79,0.60,,1.80,-3.60,5.80,8,7.30,,,,,,,2.50,2.70,,3.60,5.40,4.10,6.81,,,,,,,,1.70,3.30,3.40,5.20,3.90,,,,,2.20,,3.50,4.70,0.90,1.80,3.10,,,2.30,,,2.40,,,3.70,2.40,2.30,3.30,2.80,1.50,
2008-12-03 15:00,4.90,5.89,3.76,4.48,2,3.73,2.20,4.20,1.17,3.31,1.70,3.54,1.15,4.72,1.63,2.74,2.14,-0.57,4,0.69,1.37,0.07,3.65,,5.01,4.57,4.50,3.30,5.24,4.40,5.81,6.47,-0.22,4.30,4.11,4.28,4.45,4.53,1.02,5.69,0.60,-0.24,2.99,6.26,0.50,7.20,6.80,7.31,4.96,6.40,4.41,7.45,7.60,8.24,6.95,7.40,6.91,6.70,7.18,6.93,5.81,6.10,5.12,1.37,5.33,3.75,3.88,1.90,1.60,-1.55,3.20,1.67,2.66,0.15,1.23,4.30,3.80,1.53,2.20,0,3.25,2.20,1.57,1.50,4.52,3.67,3.58,4.20,5.16,4.84,2.58,4.82,4.97,5.10,5.73,6.16,5.32,5.23,5.20,4.68,4.30,5.25,1.97,3.58,3.35,2.91,1.76,2.60,3.08,2.60,2.07,3.86,1.27,1.67,1.84,1.60,1.50,0.98,0.87,,1.50,2.61,2.22,2.59,2.30,2.14,3.10,2.53,3.04,2.54,0.70,4.30,1.70,-3.60,5.80,7.90,7,,6.40,-6.70,1.40,3.90,4.80,2.30,2.70,4.10,3.20,5.50,4.10,6.80,4.40,4,4.20,3.20,3.10,2.70,2.70,1.50,3.10,3.40,5.10,3.80,5.30,4.20,3.80,1.60,1.90,2.30,3.50,4.60,1,1.70,2.20,2.20,2.90,2.30,1.50,2,2.50,3.80,3.50,3.70,2.60,2.20,3.10,2.60,1.40,0.30
2008-12-03 15:10,4.70,5.78,3.69,4.42,1.90,3.68,2.09,4.30,1.26,3.21,1.70,3.51,1.11,4.62,1.45,2.47,2,-0.75,3.80,0.54,1.31,0.06,3.39,,5.04,4.50,4.49,3.29,5.28,4.20,5.82,6.36,-0.25,4.22,4.01,4.35,4.15,4.45,1.13,5.50,0.70,-0.31,3.13,6.20,0.30,7.01,6.90,7.28,5.02,6.41,4.43,7.44,7.50,8.21,6.81,7.31,6.94,6.60,7.18,6.63,6,6,5.02,1.38,5.26,,3.81,1.85,1.60,-1.60,3.18,1.59,2.03,-0.07,1.30,4.09,3.50,1.31,1.80,0,3.26,2.48,1.32,1.39,4.47,3.50,3.68,4.10,5.10,4.88,2.59,4.83,4.91,5,5.41,6.18,5.31,5.20,5.15,4.62,4.16,5.17,1.41,3.44,3.13,2.62,1.39,2.40,2.97,2.61,2.02,3.88,1.36,1.43,1.68,1.27,1.30,0.74,0.86,,1.50,2.48,2.28,2.50,2.15,2.12,3.10,2.18,3.16,2.55,0.70,,1.70,-3.70,5.70,7.80,7,,,,,,,2.30,2.60,,3.20,5.50,4.10,6.66,,,,,,,,1.40,2.80,3.30,5,3.80,,,,,1.40,,3.50,4.50,1,1.70,2.20,,,2.30,,,2.60,,,3.60,2.50,2.20,3.10,2.60,1.40,
2008-12-03 15:20,4.60,5.77,3.61,4.44,1.80,3.51,1.97,4.20,1.20,3,1.59,3.49,1.07,4.53,1.01,2.32,2.08,-0.60,3.60,0.40,1.48,0.34,2.99,,5.07,4.46,4.41,3.31,5.27,4,5.85,6.16,-0.26,4.09,3.87,4.26,3.91,4.45,1.02,5.16,0.50,-0.35,2.97,6.11,-0.10,6.91,6.80,7.25,5.06,6.31,4.40,7.68,7.56,8.24,6.68,7.22,6.83,6.50,7.20,6.59,5.65,5.90,4.94,1.58,5.21,,3.85,1.82,1.70,-1.59,3.10,1.50,1.57,-0.38,1.45,3.64,3.20,1.39,1.50,0,3.11,2.58,0.77,1.49,4.39,3.49,3.66,3.90,5.05,4.69,2.49,4.77,4.91,5,5.50,5.97,5.28,5.21,5.06,4.57,4.13,5.07,1.09,3.13,3.06,2.45,1.37,2.20,3.13,2.39,2,3.98,1.35,1.46,1.63,1.17,1.30,0.54,0.91,,1.50,2.49,2.41,2.54,2.06,2.12,3.10,1.71,3.01,2.59,0.70,,1.60,-3.80,5.60,7.70,6.90,,,,,,,2.30,2.40,,2.90,5.30,4.10,6.50,,,,,,,,1.30,2.60,3.30,5,3.80,,,,,1.40,,3.50,4.40,1,1.80,,,,2.30,,,2.70,,,3.60,2.60,2.30,3.10,2.50,1.50,
2008-12-03 15:30,4.70,5.44,3.59,4.37,1.70,3.61,1.99,3.60,1.36,2.72,1.64,3.43,1.09,4.54,1.24,2.33,2.09,-0.57,3.40,0.04,1.62,0.34,2.51,,4.86,4.54,4.39,3.26,5.28,3.80,5.88,5.47,-0.28,3.81,3.76,3.96,3.58,4.33,1.10,4.83,0.40,-0.39,3.03,6.06,-0.10,6.90,6.70,7.05,4.99,6.17,4.27,7.56,7.41,8.17,6.55,6.98,6.77,6.40,7.17,6.50,5.45,5.70,4.94,1.59,5.10,,3.81,2.03,1.60,-1.45,2.84,1.30,1.79,-0.50,1.41,3.22,3,1.35,1.50,0,3.01,2.69,0.28,1.44,4.34,3.48,3.61,3.70,5.05,4.64,2.41,4.74,5,4.90,5.50,5.70,5.17,5.23,4.98,4.53,4.26,5,0.43,2.96,2.81,2.31,1.44,1.90,3.24,2.36,1.97,3.91,1.38,1.49,1.35,1.11,1.40,0.46,0.90,,1.60,2.38,2.45,2.79,2.05,1.99,3,1.24,2.75,2.49,0.70,,1.60,-3.80,5.40,7.50,7.10,,,,,,,2.30,2.20,,2.70,,4.10,6.28,,,,,,,,1.10,2.50,3.30,5,3.80,,,,,1.50,,3.50,4.30,1,1.80,1.50,,,2.20,,,2.80,,,3.50,2.40,2.10,3.10,2.70,1.50,
2008-12-03 15:40,4.40,5.38,3.63,4.38,1.80,3.70,1.89,3,1.57,2.48,1.64,3.57,1.10,4.52,1.30,2.50,2.07,-0.78,3.20,-0.24,1.63,-0.15,2.18,,4.96,4.43,4.40,2.85,5.21,3.80,5.67,5.33,-0.41,3.65,3.63,3.21,3.08,4,1.02,4.85,0.20,-0.85,2.81,6.06,0,7.03,6.60,6.90,4.92,6.12,4.05,7.84,7.28,8.10,6.45,6.85,6.52,6.50,7,6.31,5.31,5.60,4.97,1.58,4.91,,3.80,2.11,1.50,-1.55,2.85,1.62,1.27,0.37,1.32,2.70,2.80,1.38,1.50,0,2.82,2.62,0.53,1.46,4.34,3.54,3.61,3.40,4.96,4.67,2.29,4.69,4.96,4.80,5.39,5.76,5.12,5.18,4.92,4.48,4.24,4.77,0.33,3.05,2.59,2.27,1.41,1.70,3.21,2.25,1.89,4.02,1.46,1.44,1.69,0.84,1.40,0.41,0.82,,1.60,2.37,2.47,2.91,1.99,1.97,2.90,0.95,2.54,2.38,0.70,,1.50,-3.90,5.10,7.20,7,,,,,,,2.30,2.20,,2.50,5.20,4.10,6.29,,,,,,,,1.30,2.50,3.30,4.90,3.70,,,,,1.30,,3.50,4.20,1,1.90,1.20,,,2.10,,,2.70,,,3.50,2.60,2.20,3.10,2.80,1.50,
2008-12-03 15:50,4,5.88,3.69,4.26,1.80,3.68,1.93,2.60,1.59,2.31,1.41,3.45,1.13,4.59,1.15,2.62,2.08,-0.81,2.90,-0.34,1.51,-0.21,1.92,,5.03,4.45,4.35,2.77,5.18,3.70,5.45,4.87,-0.49,3.07,3.03,3.16,2.58,3.96,1.09,4.29,0.40,-1.39,2.66,5.96,0,6.73,6.60,6.80,4.57,6.17,3.91,8.03,7.14,8.07,6.17,6.92,6.12,6.40,6.65,6.21,5.28,5.90,5.09,1.80,4.89,,3.92,2.16,1.60,-1.39,2.78,1.56,1.25,1.77,1.44,2.64,2.70,1.75,1.80,0,2.63,2.46,0.66,1.41,4.26,3.42,3.52,3.20,4.76,4.62,2.06,4.63,4.88,4.70,5.37,5.77,5.01,5.09,4.79,4.45,4.19,4.58,0.67,2.94,2.53,2.28,1.28,1.60,3.25,2.26,1.83,4.11,1.58,1.31,1.77,0.29,1.30,0.48,0.79,,1.60,2.51,2.45,2.88,1.96,1.88,2.80,1.09,2.26,2.32,0.80,,1.40,-3.90,4.70,7,7,,,,,,,2.20,1.90,,2,5.20,4,6.29,,,,,,,,0.60,2.50,3.30,4.90,3.70,,,,,1.10,,3.60,4.20,1,2,1.10,,,2.10,,,3,,,3.50,2.50,2.30,3.10,2.70,1.50,
2008-12-03 16:00,3.70,5.94,3.72,4.30,1.90,3.63,1.95,2.40,1.54,1.94,1.09,3.47,1.16,4.62,0.98,2.42,2.13,-0.70,2.80,-0.18,1.68,-0.47,1.75,,5.08,4.38,4.26,2.88,5.12,3.70,5.12,3.84,-0.52,2.94,2.77,3.45,2.29,3.85,1.15,4.10,0.30,-1.36,2.89,5.85,-0.10,6.55,6.50,6.82,4.27,6.22,3.57,8.01,7.16,8.03,5.95,6.72,5.86,6.40,6.19,6.16,5.47,5.70,5.21,2.04,4.82,,4.01,2.07,1.50,-1.29,2.47,1.63,1.39,2.25,1.51,3.23,2.70,2.30,2.30,0,2.55,2.43,0.87,1.47,4.27,3.22,3.57,2.80,4.73,4.63,1.93,4.59,4.78,4.60,5.33,5.61,5.03,5.15,4.79,4.42,4.15,4.49,0.83,2.87,2.19,2.51,1.28,1.50,3.21,2.28,1.93,4.17,1.62,1.33,1.86,0.10,1.10,0.42,0.84,,1.60,2.47,2.54,3.22,1.88,1.80,2.90,1.40,1.95,2.29,0.80,2.20,1.30,-4,4.80,6.90,7,,4.10,-6.40,0.90,3.10,3.30,2.20,1.90,,1.90,5.20,4.10,5.80,4.20,3.10,3.90,2.20,2.90,2.70,2.10,0.60,2.50,3.30,4.90,3.70,3.60,4.40,3.60,1.10,1,1.90,3.50,4.20,0.90,1.80,1.20,1.70,2.80,2.10,1.70,2,3.10,2.20,3.80,3.50,2.60,2.30,3.30,2.40,1.60,0.50
2008-12-03 16:10,3.50,5.86,3.77,4.55,2,3.69,2.06,2.30,1.43,1.79,1.01,3.34,1.19,4.70,0.50,2.08,2.34,-1.07,2.30,-0.42,1.68,-0.58,1.36,,5.06,4.38,4.22,2.97,4.97,3.60,4.76,3.50,-0.55,2.92,2.71,3.49,1.91,3.72,1.18,3.84,0.50,-1.23,2.73,5.76,-0.10,6.37,6.60,6.78,4.27,6.06,3.04,7.94,7.04,8.09,5.72,6.34,5.66,6.50,5.86,5.88,5.90,5.70,5.34,2.17,4.77,,4.09,2.04,1.60,-1.30,2.50,1.67,1.43,2.43,1.67,3.06,2.90,2.43,2.60,0,2.46,2.30,0.97,1.47,4.38,2.74,3.63,2.60,4.66,4.58,2,4.49,4.67,4.50,5.18,5.58,4.86,5.10,4.64,4.38,4.17,4.34,0.81,3.07,1.97,2.48,1.45,1.40,3.23,2.33,1.94,4.12,1.58,1.42,2.08,0.35,1,0.34,0.87,,1.60,2.57,2.52,3.69,1.77,1.76,2.70,1.26,1.99,2.44,0.90,,1.20,-4,4.80,6.80,7,,,,,,,2.10,1.80,,1.90,5.10,4.10,5.57,,,,,,,,0.50,2.50,3.30,4.90,3.70,,,,,0.80,,3.50,4.10,0.90,1.80,1.20,,,2.10,,,3.10,,,3.50,2.50,2.30,3.30,2.40,1.70,
2008-12-03 16:20,3.10,6.17,3.88,4.59,2,3.77,2.09,2.30,1.49,1.66,0.81,3.30,1.17,4.79,0.43,2.16,2.39,-0.29,2,-0.42,1.58,-0.10,1.17,,4.98,4.35,4.08,2.80,4.77,3.50,4.67,3.43,-0.46,2.49,2.59,3.51,1.68,3.57,1.34,3.60,0.40,-1.20,2.63,5.74,-0.40,6.27,6.60,6.75,4.33,6.05,2.72,7.69,6.90,8.18,5.53,6.06,5.54,6.60,5.66,5.71,5.80,5.70,5.36,2.16,4.63,,3.99,1.97,1.50,-1.14,2.55,1.65,1.44,2.41,1.47,3.15,2.80,2.24,2.70,0,2.31,2.20,1.46,1.42,4.42,2.69,3.75,2.30,4.60,4.53,1.97,4.47,4.39,4.40,5.08,5.63,4.90,5.15,4.60,4.36,4.17,4.38,0.69,2.89,1.86,2.41,1.54,1.30,2.96,2.32,1.95,4.17,1.71,1.50,2.16,0.52,1.30,0.37,0.93,,1.70,2.51,2.68,3.72,1.82,1.72,2.90,1,2.06,2.48,0.90,,1.30,-4.10,4.40,6.70,7,,,,,,,1.90,2,,1.80,5.10,3.90,5.38,,,,,,,,0.50,2.50,3.20,4.80,3.70,,,,,0.80,,3.40,4,0.90,1.80,1.20,,,2.10,,,3.30,,,3.40,2.50,2.40,3.40,2.20,1.70,
2008-12-03 16:30,2.80,6.16,3.75,4.65,2,3.68,2.04,1.90,1.37,1.37,0.82,3.51,1.19,4.81,0.33,2.17,1.92,-0.27,1.80,-0.16,1.49,-0.06,0.93,,5,4.29,3.81,2.53,4.44,3.10,4.55,3.13,-0.42,2.31,2.30,2.92,1.57,3.20,1.22,3.46,0.50,-1.38,2.77,5.73,-0.40,6.21,6.60,6.66,4.34,5.92,2.99,6.74,6.81,8.12,5.26,6.32,5.37,6.70,5.56,5.59,5.57,5.70,5.33,2.04,4.62,,3.88,1.96,1.40,-1.14,2.53,1.51,1.26,2.47,1.37,3.04,3.30,1.99,2.90,0,2.06,2,1.62,1.50,4.39,2.45,3.73,2.60,4.43,4.54,1.87,4.36,4.31,4.40,5.24,5.56,4.82,5.14,4.66,4.38,4.09,4.19,0.69,2.86,1.65,2.30,1.58,1.20,2.72,2.39,2.01,4.21,1.64,1.49,2.06,0.74,1.60,0.16,0.91,,1.70,2.48,2.76,3.86,2.01,1.80,2.80,0.88,1.69,2.36,1,,1.40,-4.10,4.20,6.80,6.90,,,,,,,1.80,2.10,,1.90,5.10,3.60,5.26,,,,,,,,0.50,2.40,3.20,4.80,3.70,,,,,0.70,,3.30,3.90,0.90,1.80,1.30,,,2,,,3.20,,,3.40,2.70,2.50,3.60,2,1.70,
2008-12-03 16:40,2.80,6.13,3.79,4.55,2,3.65,2.14,1.60,1.34,1.33,0.77,3.35,1.11,4.87,0.29,2.25,1.65,0.12,1.80,0.62,1.65,-0.45,0.82,,4.94,4.26,3.75,2.33,4.06,3.10,4.69,2.81,-0.26,2.15,2.13,2.78,1.47,2.96,1.17,3.41,0.30,-1.40,2.88,5.72,-0.30,5.56,6.60,6.77,4.06,5.86,3.02,6.14,6.75,7.78,5.02,6.30,5.21,6.60,5.41,5.50,5.49,5.80,5.20,2.10,4.73,,4.15,1.94,1.50,-1.17,2.45,1.41,1.34,2.31,1.51,3.21,3.40,1.81,3,0,1.97,1.70,1.90,1.51,4.46,2.31,3.85,2.90,4.57,4.47,1.96,4.25,4.32,4.30,4.98,5.30,4.73,5.18,4.49,4.39,3.99,4.08,0.87,2.91,1.58,2.04,1.62,1.40,2.54,2.47,1.95,4.24,1.54,1.57,1.91,0.64,1.60,0.07,0.93,,1.80,2.54,2.71,3.84,2.11,1.94,2.80,0.73,1.92,2.24,1,,1.30,-4.10,3.80,6.90,6.60,,,,,,,1.70,2,,1.80,5,3.60,5.13,,,,,,,,0.70,2.40,3.20,4.80,3.60,,,,,0.80,,3.20,3.80,0.80,1.80,1.30,,,1.80,,,3.30,,,3.40,2.60,2.50,3.70,1.90,1.80,
2008-12-03 16:50,2.80,6.25,3.84,4.12,1.90,3.72,2.15,1.30,1.25,1.43,0.55,3.49,1.10,4.88,0.39,2.30,1.24,-0.28,2.10,0.58,1.93,-0.42,0.73,,4.84,4.19,3.51,2.30,3.65,3,4.77,2.54,-0.20,1.89,2.08,2.76,1.52,2.70,1.04,3.23,0.10,-1.65,2.86,5.61,-0.50,5.52,6.60,6.80,4.25,5.87,2.65,6.49,6.81,7.64,4.89,6.15,4.88,6.70,5.18,5.39,5.66,5.70,5.04,1.94,4.50,,4.38,1.79,1.40,-1.18,2.38,1.32,1.54,2.28,1.52,3.13,3.70,1.64,3.20,0,1.86,1.50,1.93,1.46,4.43,2.50,3.92,3.10,4.77,4.42,1.79,4.14,4.26,4,4.61,4.75,4.80,5.13,4.35,4.31,4.03,4.05,0.90,2.77,1.62,2.09,1.60,1.40,2.49,2.47,1.92,4.21,1.46,1.60,1.75,0.48,1.70,0.01,0.99,,1.80,2.60,2.71,4.03,2.21,2.01,2.60,0.62,1.69,2.23,1,,1.30,-4.20,3.80,6.90,6.70,,,,,,,1.60,1.80,,2.10,4.90,3.90,5.05,,,,,,,,1.10,2.30,3.30,4.40,3.50,,,,,0.80,,3.30,3.80,0.70,1.80,1.30,,,1.60,,,3.50,,,3.50,2.60,2.50,3.60,1.80,1.80,
2008-12-03 17:00,2.60,6.37,3.93,3.91,1.90,3.62,1.91,1.40,1.18,1.37,0.22,3.39,1.02,4.89,0.35,2.25,1.22,-1.02,2.50,0.28,1.76,-0.19,0.21,,4.86,4.15,3.47,2.46,3.35,2.80,4.45,2.06,-0.30,1.85,1.75,2.71,1.63,2.63,0.86,2.93,-0.10,-1.92,2.69,5.72,-0.50,5.41,6.60,6.81,4.28,5.77,2.50,6.56,6.98,7.43,4.54,6.42,4.77,6.80,5.08,5.38,5.75,6,5,1.85,4.29,,4.31,1.82,1.40,-1.21,2.47,1.05,1.73,2.24,1.52,2.89,3.60,1.62,3.40,0,1.83,1.50,2.19,1.53,4.57,2.31,3.88,3.50,4.65,4.44,1.77,4,4.25,4.10,4.31,4.50,4.70,5.12,4.18,4.26,3.89,3.89,0.19,2.58,1.59,2.10,1.55,1.40,2.19,2.48,2.06,4.26,1.34,1.56,1.64,0.42,1.70,0.06,0.95,,1.80,2.78,2.60,3.83,2.18,2.06,2.50,0.53,1.50,2,1,3.20,1.30,-4.20,3.60,6.90,6.50,5.90,3.70,-6.10,1.40,3.10,3.80,1.60,1.80,4,2.20,4.90,3.80,4.20,3.90,2.60,3.80,2.10,1.40,2.50,1.60,1.50,2.20,3.30,4.20,3.60,2.20,3.70,3.70,1.10,0.80,1.70,3.50,3.80,0.60,1.70,1.30,,3.10,1.80,1.80,,3.60,1.80,3.70,3.60,2.70,2.50,3.50,1.70,1.90,0.50
2008-12-03 17:10,2.40,6.43,3.80,3.85,2,3.55,1.92,1.30,1.31,1.55,2.61,3.38,0.98,4.67,0.14,2.20,1.41,-0.71,2.60,0.01,1.84,0.15,-0.17,,4.73,4.12,3.40,2.50,3.16,2.90,4.70,1.88,-0.43,1.78,1.42,2.61,1.68,2.57,0.70,2.74,0,-1.76,2.51,5.51,-0.30,5.43,6.50,6.87,4.13,5.72,2.57,5.72,6.87,7.27,4.02,6.71,4.94,6.90,5.11,5.33,5.89,5.90,4.95,2.05,4.56,,4.14,1.86,1.40,-1.25,2.59,0.91,1.84,2.08,1.62,2.18,3.60,1.64,3.50,0,1.76,1.60,2.38,1.59,4.58,2.11,3.81,3.60,4.59,4.51,1.72,3.78,4.07,4,4.11,4.11,4.72,5.16,4.11,4.12,3.80,3.90,0.14,2.41,1.86,2.06,1.45,1.50,1.99,2.49,2.15,4.30,1.25,1.54,1.68,0.33,1.90,0.17,1.06,,1.80,2.94,2.64,4.09,2.24,2.18,2.60,0.37,1.51,1.73,1.10,,1.10,-4.30,3.40,6.80,6.60,,,,,,,1.60,1.70,,2.20,4.90,3.80,4.61,,,,,,,,1.30,2.10,3.30,3.70,3.60,,,,,1.10,,3.60,3.80,0.60,1.70,,,,1.80,,,3.50,,,3.50,2.70,2.50,3.50,1.70,1.90,
2008-12-03 17:20,2.20,6.36,3.95,3.75,1.90,3.45,1.64,1.10,1.36,1.52,3.81,3.32,0.96,4.74,0.50,2.16,1.32,-0.74,2.50,-0.19,1.87,1.12,0.14,,4.78,4,3.37,2.29,3,3.10,4.69,1.90,-0.60,1.70,1.09,2.46,1.67,2.39,0.61,2.42,-0.10,-1.95,2.59,5.09,-0.50,5.24,6.40,6.93,3.61,5.66,2.52,5.56,6.62,7.11,3.56,7.21,4.90,7,5.24,5.27,5.89,5.80,4.92,2.07,5.07,,4.10,1.83,1.50,-1.25,2.63,0.69,2.32,2.10,1.53,2.03,3.60,1.73,3.70,0,1.71,1.69,2.40,1.71,4.61,2.24,3.68,3.60,4.58,4.44,1.69,3.58,4.07,4.10,3.72,3.72,4.77,5.14,3.89,4.13,3.90,3.91,0.25,2.63,2.16,2.07,1.57,1.60,1.94,2.42,2.07,4.26,1.17,1.74,1.49,0.29,1.90,0.19,1.08,,1.80,2.90,2.78,4.06,2.40,2.22,2.50,0.30,1.46,1.67,1.10,,1.10,-4.30,3.40,6.80,6.80,,,,,,,1.70,1.70,,2.30,4.80,3.70,4.74,,,,,,,,1.50,1.90,3.40,3.50,3.50,,,,,1.20,,3.60,3.70,0.70,1.70,1.30,,,1.80,,,3.50,,,3.60,2.70,2.60,3.60,1.60,2,
2008-12-03 17:30,2.60,6.32,3.99,3.82,1.90,3.58,1.58,1.50,1.29,1.45,4.01,3.48,1.03,4.80,0.82,2.17,1.28,-0.58,2.20,-0.49,1.94,1.76,0.54,,4.77,3.98,2.83,2.25,2.84,3.20,4.82,1.90,-0.72,1.59,0.88,2.37,1.43,2.13,0.41,2.10,-0.10,-1.77,2.59,4.67,-0.60,4.57,6.30,6.94,3.43,5.65,2.17,4.94,6.27,7.06,3.68,7.44,4.80,7,5.24,5.22,5.98,5.90,4.92,2.14,5.15,,4.05,1.90,1.90,-1.35,2.61,0.54,2.69,2.32,1.47,1.43,3.30,1.63,3.80,0,1.95,1.70,2.44,1.85,4.53,1.77,3.67,3.60,4.51,4.41,1.84,3.49,4.17,4.40,3.50,3.28,4.65,4.82,3.57,4.10,3.89,3.83,0.15,2.60,2.29,1.91,1.61,1.80,1.99,2.47,2.05,4.30,1.07,1.75,1.54,0.37,1.90,0.13,1.08,,1.80,2.84,3,3.91,2.46,2.07,2.60,0.48,1.58,1.73,1.10,,0.90,-4.30,2.90,6.70,6.60,,,,,,,1.80,1.70,,2.40,4.80,3.60,4.76,,,,,,,,1.30,1.80,3.40,3.50,3.50,,,,,1.30,,3.70,3.60,0.90,1.70,1.20,,,1.90,,,3.50,,,3.50,2.70,2.60,3.50,1.60,2,
2008-12-03 17:40,3.40,6.39,4.01,4.29,1.80,3.10,1.59,2.50,1.25,1.42,4.03,3.58,0.96,4.67,0.92,2.45,1.35,-0.94,1.60,-0.71,2.18,1.53,0.66,,4.62,3.96,2.79,2.48,2.69,3.10,4.37,1.70,-0.54,0.89,0.48,1.91,1.26,1.89,0.16,1.86,-0.10,-1.43,2.58,4.22,-0.70,4.64,6.30,6.96,2.92,5.56,2.04,4.68,6.36,6.99,3.52,7.25,4.78,7,5.21,4.92,6.03,5.90,4.87,2.23,4.81,,4.07,1.99,2,-1.34,2.66,0.49,3.26,2.69,1.49,1.84,3.10,1.75,3.90,0,1.97,1.69,2.47,1.96,4.47,1.77,3.72,3.70,4.46,4.52,1.96,3.50,3.92,4.30,3.17,2.67,4.66,4.66,3.56,4.05,3.70,3.77,0.26,2.72,2.41,1.71,1.47,2,1.99,2.39,2.13,4.28,1.02,1.76,1.58,0.54,1.70,0,1.16,,1.80,2.73,3.25,3.81,2.34,1.97,2.60,0.65,1.56,1.76,1.20,,0.80,-4.40,2.70,6.50,7.10,,,,,,,1.70,1.70,,2.40,4.80,3.40,4.68,,,,,,,,1.40,1.80,3.50,3.30,3.50,,,,,1.40,,3.70,3.60,1,1.60,1.20,,,1.80,,,3.50,,,3.50,2.70,2.60,3.50,1.50,2.10,
2008-12-03 17:50,4,6.33,4.03,4.54,1.80,3.18,1.65,3.30,1.24,1.15,4.05,3.22,0.95,4.64,1.71,2.39,1.58,-0.32,0.90,-1.02,1.96,1.81,0.73,,4.46,3.85,2.59,3.12,2.49,3,4.61,1.32,-0.52,0.57,-0.08,1.68,1.16,1.81,0.62,1.50,-0.20,-1.18,2.51,3.64,-0.60,4.60,6.40,7.02,3.33,5.57,1.54,4.59,6.46,6.99,3.24,7.24,5.26,7,5.32,4.82,6.02,5.90,4.83,2.28,4.79,,3.94,2.08,2.10,-1.31,2.65,0.31,2.97,2.51,1.49,1.94,3.40,2.17,3.90,0,2,1.65,2.59,1.90,4.44,1.52,3.64,3.70,4.42,4.54,1.86,3.47,3.78,4.30,2.38,2.78,4.50,4.27,3.38,4.05,3.69,3.66,0.21,2.72,2.47,2.04,1.41,2.20,2.28,2.31,2.15,4.21,0.97,1.86,1.51,0.66,1.20,0.31,1.29,,1.80,2.70,3.28,3.89,2.42,1.97,2.80,0.75,1.45,1.77,1.30,,0.60,-4.40,2.40,6.40,7.10,,,,,,,1.80,1.70,,2.40,4.80,3.30,4.56,,,,,,,,1.30,1.80,3.40,3.10,3.40,,,,,1.20,,3.80,3.60,1.10,1.60,1.10,,,1.70,,,3.50,,,3.40,2.80,2.70,3.40,1.70,2.10,
2008-12-03 18:00,4,6.36,4.01,4,2,3.02,1.39,3.60,1.28,0.85,4.19,3.10,0.98,4,1.42,2,1,-0.73,1,-0.93,2,2.05,0.31,5,5,3,2.42,3.35,2,3,4,1,-0.61,1,-0.11,4,2,3,0,2,0,-2,2,4,-0.40,4.06,7,7.03,3.94,5.52,3,6,6.30,7.19,2.85,8,5,7,5,4.80,6.02,6,4.84,2.24,4.95,,4.17,2.12,2.20,-1.27,2.67,0.18,2.54,2.52,1.59,2.01,3.40,2.20,4,0,2.01,1.62,2.76,2.01,4.36,1.70,3,3.70,4.34,4.47,1.81,3.42,4,4.30,1.92,2.75,4.49,3.36,3.19,3.97,3.44,3.51,0.32,2.61,2.41,2.09,1.35,2.40,2.17,2.30,2.27,4.24,1.02,2,1.34,0.75,0.80,0.83,1.26,,1.80,2.64,3.39,3.97,2.54,2.10,2.50,0.80,1.80,1.84,1.30,6,1,-4,2.80,6.50,7.10,,1.90,-5.90,1.50,2.50,5.10,1.80,2,4,2.40,4.80,3.20,2.10,,2.40,4.30,2.30,1.10,2,1.30,1.20,1.80,3.20,1.80,3.50,2.20,2.10,3.40,1,1.10,1.90,3.80,3.70,1.10,1.50,1.20,2.60,3.10,1.60,2,2.20,3.40,1.80,1.90,3.50,2.80,2.80,3.30,1.80,2.10,0.60
2008-12-03 18:10,3.60,6.34,4.06,4.87,1.80,3.10,1.12,3.70,1.30,0.58,4.11,3.05,1.01,4.63,1.37,2.58,1.21,-0.89,0.20,-0.95,2.21,2.13,-0.06,,4.48,3.70,2.43,3.46,2.38,2.90,4.19,1.39,-0.73,0.22,0.03,1.35,0.83,1.68,1.55,1.82,-0.30,-1.36,2.12,3.27,-0.60,3.60,6.30,6.98,4.18,5.49,1.45,4.09,6.34,7.26,2.59,7.28,5.12,7,5.27,4.80,6.02,6,4.93,2.27,5.56,,4.22,2.33,2.10,-1.24,2.63,0.14,2.37,2.77,1.75,2.17,3.20,2.13,4.10,0,1.90,1.50,2.88,2.02,4.35,1.44,3.39,3.70,4.35,4.44,2.01,3.44,3.81,4.30,1.96,2.52,4.34,3.29,3.15,3.87,3.32,3.25,0.34,2.59,2.31,2.01,1.23,2.50,2.09,2.23,2.39,4.20,0.98,1.93,1.22,0.74,0.60,0.79,1.31,,1.70,2.43,3.29,3.92,2.57,1.75,2.60,1.02,1.34,1.78,1.40,,0.10,-4.40,2,6.50,6.90,,,,,,,1.70,1.90,,2.40,4.80,3.20,3.65,,,,,,,,1.30,1.70,2.80,1.50,3.40,,,,,1,,3.80,3.70,1.10,1.60,1.20,,,1.60,,,3.40,,,3.40,2.90,2.80,3.30,1.70,2.20,
2008-12-03 18:20,3.40,6.44,4.15,4.89,1.80,3.16,1.20,4,1.18,0.48,4.33,3.01,0.78,4.77,0.70,2.46,0.95,-0.73,0,-0.79,2.11,1.96,-0.16,,4.28,3.67,2.19,3.76,2.21,3.20,4.33,1.25,-0.86,-0.01,-0.15,1.09,0.79,1.73,1.99,1.67,-0.40,-1.28,2.30,2.74,-0.70,3.53,6.30,6.77,4.50,5.52,0.76,3.91,6.46,7.27,2.46,7.22,5.15,7.10,5.39,4.79,5.90,6.30,4.92,2.38,6.05,,4.24,2.19,2,-1.40,2.71,0.04,2.56,2.84,1.83,2.52,2.70,2.20,4.10,0,1.88,1.50,2.99,2.06,4.25,1.10,3.43,3.70,4.16,4.39,2.19,3.44,3.64,4.40,1.94,2.66,4.26,3.10,3.29,3.66,3.24,2.97,0.30,2.57,2.28,1.74,1.23,2.60,1.74,2.20,2.29,4.16,0.80,1.88,1.27,0.81,0.40,0.84,1.39,,1.80,2.36,3.30,3.65,2.68,1.93,2.60,1.12,1.23,1.59,1.70,,-0.30,-4.40,1.50,6.70,6.70,,,,,,,1.60,2,,2.40,4.80,3.30,3.27,,,,,,,,1.30,1.80,2.50,2.10,3.40,,,,,0.90,,3.80,3.70,1.10,1.50,1.20,,,1.50,,,3,,,3.40,2.90,2.70,3,1.60,2.20,
2008-12-03 18:30,2.90,6.51,4.08,4.88,1.80,2.86,1.46,4.10,1.27,0.26,4.36,2.92,0.71,4.82,0.50,2.48,1.07,-0.84,-0.20,-0.99,2.02,1.89,-0.04,,4.14,3.50,1.61,3.83,2.02,3.40,4.74,0.90,-0.98,-0.42,-0.13,1.35,0.81,1.80,2.63,1.32,-0.20,-1.35,2.24,2.58,-0.90,3.84,6.10,6.63,4.64,5.53,1,3.66,6.56,7.29,2.32,7.24,5.23,7,5.36,4.83,6.18,6.40,4.96,2.32,6.23,,4.20,2.06,1.80,-1.45,2.74,-0.01,2.55,2.69,1.73,2.24,2.90,2.28,4.10,0,1.87,1.60,3.09,2.12,4.28,1.33,3.38,3.60,4.13,4.35,2.07,3.39,3.65,4.50,1.87,2.56,4.10,2.81,3.19,3.68,2.87,2.83,0.39,2.43,2.33,1.73,1.18,2.60,1.64,2.25,2.33,4.27,0.88,1.87,1.27,0.90,0.30,0.85,1.28,,1.80,2.32,3.32,3.63,2.71,2.07,2.70,1.09,1.50,1.85,1.60,,-0.50,-4.50,1.50,6.80,6.70,,,,,,,1.40,2.20,,2.40,4.80,3.30,3.73,,,,,,,,1.40,1.90,2.50,1.60,3.40,,,,,0.70,,3.70,3.80,1.10,1.50,1.30,,,1.50,,,2.70,,,3.40,2.90,2.80,3,1.40,2.20,
2008-12-03 18:40,2.60,6.56,4.08,4.81,1.90,2.80,1.53,4.10,1.30,0.08,4.48,2.76,0.78,4.70,0.51,2.54,1.16,-0.69,-0.40,-0.78,2.15,1.96,-0.06,,4.28,3.46,1.58,3.81,1.92,3.50,4.98,1.14,-1.01,-0.36,-0.04,1.52,0.86,1.65,3.53,1.40,-0.10,-1.31,2.39,2.45,-1,3.79,6.10,6.52,4.67,5.56,1.23,3.62,6.49,7.36,2.25,7.15,5.28,7,5.64,4.96,6.13,6.40,5.02,2.42,6.35,,3.98,1.90,1.90,-1.57,2.49,-0.21,2.43,2.71,1.67,1.68,2.80,2.06,4.20,0,1.86,1.70,3.17,2.21,4.17,1.38,3.29,3.60,4.13,4.20,2.28,3.37,3.36,4.50,1.94,2.62,3.86,2.19,3.08,3.58,2.60,2.37,0.42,2.50,2.21,1.70,1.12,2.70,1.16,1.93,2.37,4.20,0.98,1.90,1.31,0.98,0.30,0.92,1.45,,1.80,2.38,3.30,3.81,2.43,2.17,2.80,1.07,1.20,1.85,1.60,,-0.70,-4.50,1.50,6.80,6.70,,,,,,,1.30,2.20,,2.20,4.80,3.40,4.18,,,,,,,,1.40,1.90,2.40,1.60,3.20,,,,,0.80,,3.60,3.80,1.10,1.40,1.30,,,1.50,,,2.40,,,3.30,3,2.80,3,1.20,2.30,
2008-12-03 18:50,2.50,6.57,4.07,4.82,1.90,2.85,1.50,4.10,1.43,-0.14,4.44,2.56,0.85,4.64,1.75,2.54,1.01,-0.94,-0.70,-0.86,2.01,2.10,-0.29,,4.28,3.30,2.04,3.65,1.71,3.80,4.82,1.31,-1.12,-0.69,0.06,1.11,0.97,1.52,3.37,1.60,-0.10,-1.30,2.24,2.32,-1,3.81,6.10,6.49,4.49,5.63,1.83,3.42,6.04,7.40,2.63,7.16,5.35,7.10,5.44,5.06,6.31,6.50,5.13,2.57,6.40,,3.80,1.80,1.70,-1.70,2.43,-0.17,2.25,2.61,1.68,1.76,2.80,1.83,4.30,0,1.94,1.90,3.17,2.20,4,1.18,3.31,3.60,4.13,4.15,2.33,3.39,3.54,4.50,1.81,2.71,3.70,1.95,3.37,3.56,2.52,2.36,0.45,2.38,2.33,1.53,1.22,2.90,0.23,1.66,2.42,4.16,0.99,1.92,1.28,0.91,0.20,0.96,1.31,,1.80,2.37,3.29,3.41,2.19,2.25,2.80,1.08,1.09,1.87,1.60,,-0.90,-4.50,1.70,6.80,6.80,,,,,,,1.20,2.10,,2.20,4.70,3.40,3.66,,,,,,,,1.50,2,2.20,2.50,3,,,,,0.80,,3.60,3.80,1.10,1.40,1.30,,,1.50,,,2.50,,,3.20,3,2.90,3,1.20,2.30,
2008-12-03 19:00,2.40,6.62,3.86,4.89,1.90,2.74,1.42,4,1.42,-0.32,4.49,2.69,0.84,4.65,3.09,2.66,1.01,-0.98,-1.10,-1.01,2.19,2.19,-0.24,,4.34,3.16,2.18,3.66,1.63,3.80,4.96,1,-1.25,-0.52,0.28,1.25,1.12,1.58,3.70,1.32,0.10,-1.33,2.36,2.20,-1.50,4.19,6.10,6.57,4.84,5.59,1.31,3.62,5.24,7.57,2.68,7.28,5.46,7.10,5.35,5.11,6.21,6.60,5.24,2.56,6.44,,3.92,1.84,1.70,-1.54,2.18,-0.16,2.28,2.66,1.84,2.19,3.40,1.34,4.40,0,1.88,1.90,3.03,2.15,4.03,0.67,3.36,3.50,4.16,4.10,2.43,3.41,3.42,4.50,1.67,2.59,3.60,2.16,3.59,3.44,2.35,2.38,0.92,2.49,2.36,1.54,1.25,2.90,0.51,1.37,2.48,4.04,1.05,2,1.27,0.87,0.20,1.04,1.25,,1.90,2.25,3.16,3.53,2.31,2.27,3,1.19,1.34,1.73,1.50,5.60,-0.20,-4.50,2,6.90,6.60,5.10,1.70,-6.10,1.80,4,4.70,1.10,2.10,3.50,2.20,4.60,3.20,2.50,2.80,3,4.50,3.10,2.60,1.70,1.40,1.70,2,1.70,3,2.70,2.30,2,3.70,0.90,0.70,2.80,3.60,3.80,1,1.40,1.20,2.20,2.90,1.50,2,,2.40,1.70,2.20,3.10,2.90,2.90,3.10,1.30,2.30,0.90
2008-12-03 19:10,2.20,6.65,3.68,4.79,1.90,2.52,1.23,4,1.46,-0.31,4.63,2.85,0.84,4.60,3.57,2.67,0.95,-0.80,-1.30,-0.91,2.20,2.14,-0.45,,4.36,3.07,1.89,3.57,1.42,3.80,4.78,0.79,-1.21,-0.51,0.26,0.90,1.35,1.52,3.04,1.28,0,-1.34,2.08,2.22,-1.40,4.80,6.20,6.61,4.88,5.57,1.12,3.12,5.55,7.74,3.25,7.23,5.58,7.10,5.37,5.17,6.19,6.70,5.25,2.56,6.51,,3.83,1.98,1.70,-1.63,2.09,0.01,2.37,2.71,1.75,2.16,3.40,0.82,4.30,0,2,1.90,3.09,2,3.91,1,3.37,3.50,4.27,4.02,2.63,3.32,3.38,4.50,1.56,2.23,3.22,2.50,3.36,3.33,1.79,2.06,3.35,2.62,2.25,1.48,1.31,2.90,0.66,1.24,2.54,4.05,1.11,1.98,1.34,0.83,0.30,1.17,1.22,,2,2.32,2.95,3.29,2.25,2.23,3,1.20,1.18,1.54,1.50,,-0.90,-4.50,1.60,6.80,6.60,,,,,,,1.10,2.10,,2.20,4.50,3.20,2.48,,,,,,,,1.70,2.10,1,3.10,2.70,,,,,0.70,,3.60,3.80,1,1.40,1.20,,,1.50,,,2.40,,,3.10,2.80,3,3.10,1.30,2.20,
2008-12-03 19:20,2,6.78,3.56,4.83,1.90,2.21,0.89,4.20,1.50,-0.38,4.59,3.25,0.62,4.73,3.81,2.82,0.86,-0.84,-1.50,-0.58,2.25,2.48,-0.88,,4.31,2.97,2.35,3.61,1.25,4,4.93,0.39,-1.14,-0.31,0.33,0.59,1.27,1.40,1.31,1.47,0.40,-1.37,1.92,2.21,-1.30,5.69,6.20,6.67,5.09,5.63,1.64,2.51,6.30,7.81,4.24,7.20,5.72,7,5.37,5.15,6.21,6.80,5.25,2.62,6.59,,3.75,1.99,1.50,-1.71,2.29,-0.11,1.90,2.73,1.76,1.96,3.80,0.61,4.40,0,2.04,1.90,3.12,2.11,3.85,0.71,3.27,3.50,4.34,3.91,2.70,3.29,3.45,4.40,1.53,1.98,3.04,2.39,3.24,3.34,1.84,1.76,4.40,2.57,2.10,1.30,1.15,2.80,0.52,1.08,2.48,3.99,1.15,1.96,1.57,0.66,0.30,1.21,1.19,,2.10,2.23,2.72,3.16,2.03,2.23,3.10,1.27,1.15,1.45,1.40,,-0.80,-4.60,1.50,6.80,6.80,,,,,,,1.20,2.10,,2.20,4.50,3.20,2.51,,,,,,,,1.90,2.20,0.40,3.10,2.60,,,,,0.90,,3.50,3.80,1,1.50,1.10,,,1.50,,,2,,,3.10,2.80,2.90,3.10,1.40,2,
2008-12-03 19:30,2,6.71,3.72,4.90,1.90,1.78,0.69,4.50,1.45,-0.37,4.72,3.28,0.52,4.70,3.76,2.81,0.64,-0.89,-1.80,0.35,2.29,2.44,-1.08,,4.35,2.96,2.58,3.59,1.09,3.80,5.12,0.53,-1.16,-0.28,0.63,0.52,1.20,1.23,0.29,1.15,0.20,-1.18,2.07,2.13,-1.40,5.97,6.20,6.70,5.02,5.58,1.74,2.44,6.77,7.82,5.32,7.34,5.97,6.90,5.27,5.23,6.22,7,5.38,2.55,6.57,,3.79,1.82,1.40,-1.76,2.36,0.10,1.50,2.62,1.77,1.57,4,0.57,4.50,0,2.09,1.90,3.26,2.04,3.87,0.43,3.22,3.50,4.36,3.81,2.37,3.27,3.34,4.50,1.30,1.60,2.89,2.13,3.43,3.36,2.27,1.87,4.38,2.42,2.24,1.30,0.90,2.70,0.41,0.82,2.55,3.91,1.10,2.10,1.63,0.70,0.50,1.22,1.04,,2.20,2.33,2.72,3.05,1.67,2.09,3.10,1.46,1.21,1.30,1.40,,0,-4.60,1.60,6.90,7.10,,,,,,,1.30,1.90,,2.30,4.30,3.20,2.70,,,,,,,,2.10,2.30,0.50,3,2.30,,,,,0.90,,3.50,3.80,1,1.50,1.10,,,1.60,,,1.90,,,3,2.80,2.90,3.10,1.30,2.10,
2008-12-03 19:40,1.80,6.53,3.72,4.72,1.90,1.84,0.64,4,1.39,-0.43,4.71,3.51,0.39,4.73,3.94,2.78,0.53,-0.84,-1.70,0.93,2.29,2.47,-1.18,,4.18,2.97,2.58,3.88,0.85,3.70,4.95,0.55,-1.08,-0.20,0.83,0.79,1.21,1.13,-0.17,0.90,0.10,-1.32,2.01,2.15,-1.10,5.95,6.30,6.70,4.91,5.51,1.91,2.51,6.27,7.83,6.05,7.39,6.19,7,5.25,5.17,6.18,7.10,5.46,2.60,6.62,,3.25,1.85,1.30,-1.77,1.99,0.09,1.56,2.07,1.79,1.68,4.10,0.94,4.50,0,2.06,2.02,3.47,1.79,3.84,0.34,3.27,3.50,4.46,3.78,1.75,3.24,2.89,4.50,1.22,1.51,2.70,2.25,3.64,3.19,2.34,1.65,4.61,2.44,2.17,1.30,0.83,2.70,0.27,0.53,2.64,3.83,1.08,2.24,1.61,0.67,0.70,1.35,1.02,,2.20,2.22,2.55,2.86,1.58,2.09,3.10,1.47,1.23,1.43,1.30,,-0.40,-4.60,1.70,7,6.40,,,,,,,1.30,1.80,,2.40,4.20,3.30,2.93,,,,,,,,2.60,2.40,0.20,3,1.50,,,,,0.90,,3.40,3.80,1,1.50,1.10,,,1.60,,,2.70,,,2.80,2.70,2.90,3.20,1.30,1.90,
2008-12-03 19:50,1.50,6.66,3.77,4.64,1.80,1.69,0.37,4.70,1.31,-0.67,4.55,3.27,0.31,4.82,4.12,2.67,0.30,-0.90,-1.80,0.48,2.19,2.41,-1.14,,3.95,2.86,2.56,3.76,0.63,3.60,5.07,0.55,-1.18,-0.01,0.68,0.73,1.15,1.13,0.20,0.85,-0.30,-1.43,2.16,2.45,-1.40,5.76,6.30,6.64,5.04,5.49,2.38,2.35,5.77,7.94,6.61,7.42,7.02,7,5.35,5.18,6.18,7.20,5.55,2.63,6.64,,3.33,1.96,1.20,-1.79,2.01,0.15,1.65,1.81,1.80,1.04,4.20,1.33,4.60,0,2.02,2.01,3.56,1.55,3.71,0.13,3.29,3.50,4.51,3.77,1.09,3.08,3.10,4.40,1.24,1,2.78,1.96,3.72,3.12,2.34,1.36,4.65,2.53,1.92,1.45,0.76,2.60,0.35,0.53,2.57,3.76,1.13,2.28,1.67,0.61,0.90,1.46,1.01,,2.30,2.46,2.61,2.47,1.66,1.98,3.10,1.40,1.20,1.41,1.20,,-0.20,-4.70,1.80,7.10,7,,,,,,,1.30,1.60,,2.50,4.10,3.40,2.63,,,,,,,,2.70,2.50,-0.10,2.90,1.50,,,,,0.90,,3.50,3.80,0.90,1.50,0.90,,,1.60,,,2.70,,,2.60,2.80,3.10,3.30,1.40,2,
2008-12-03 20:00,1.50,6.69,3.71,4.75,1.90,1.53,-0.13,5.70,1.44,-0.60,4.72,3.93,0.29,4.85,4.06,2.46,0.08,-0.85,-2,0.51,2.27,2.39,-1.61,,3.86,2.79,2.50,3.94,0.36,3.50,5.56,0.76,-1.14,-0.07,0.59,0.25,1.07,1.12,0.15,0.81,-0.20,-1.41,2.11,4.07,0.70,5.58,6.30,6.60,5.32,5.48,3.17,1.98,5.69,7.98,6.93,7.33,7.40,6.80,5.51,5.18,6.21,7.20,5.57,2.56,6.76,,2.86,1.90,1.30,-1.81,2.10,0.24,1.52,2.07,1.95,1.48,4.20,1.68,4.50,0,1.92,1.97,3.56,1.50,3.49,-0.01,3.32,3.60,4.52,3.74,1.14,3.03,3.50,4.30,1.27,0.96,2.51,2.01,3.69,2.91,2.31,1.46,4.70,2.50,1.93,1.42,0.70,2.50,0.28,0.55,2.67,3.69,0.97,2.26,1.65,0.50,1,1.58,1.02,,2.40,2.56,2.62,2.45,1.74,2.11,3.10,1.25,1.21,1.30,1.20,5.50,0.20,-4.70,1.80,7.10,6.90,,4.30,-6.30,2.40,4.10,4.40,1.40,1.60,2.90,2.60,3.80,3.50,4.40,2.60,3,3.90,3.70,3.10,2.10,2,2.70,2.60,-0.40,2.90,1.30,2.40,2.10,4.20,1.10,0.80,3,3.50,3.80,1,1.50,0.70,,3,1.80,2,2.50,2.80,,2,2.50,2.60,3,3.30,1.40,2.20,2
2008-12-03 20:10,1.80,6.54,3.64,4.58,1.72,1.55,-0.64,6.20,1.42,-0.85,4.77,3.81,0.18,4.97,4.09,2.43,-0.08,-0.84,-2.10,0.46,2.35,2.39,-1.65,,3.78,2.57,2.55,3.83,0.16,3.50,5.58,0.99,-1.29,-0.12,0.58,0.09,1.02,1.03,0.37,1.08,-0.20,-1.50,2.14,4.85,2.50,5.55,6.30,6.60,5.42,5.49,3.24,1.84,5.81,8.13,7.17,7.30,7.51,6.70,5.53,5.32,6.29,7.10,5.65,2.58,6.85,,2.73,1.86,1.20,-1.98,1.99,0.25,1.59,2.19,2.16,2.08,4.20,1.69,4.50,0,1.83,1.70,3.55,1.24,3.09,-0.03,3.24,3.60,4.56,3.74,0.99,3.07,3.11,4.30,1.13,0.89,2.22,1.82,3.40,2.73,2.26,1.50,4.52,2.45,1.94,1.31,0.73,2.50,0.14,0.68,2.76,3.69,0.80,2.23,1.59,0.51,1,1.65,0.96,,2.40,2.50,2.61,2.35,1.80,2.09,3.20,1.02,1.20,1.41,1.30,,0,-4.70,1.80,7,6.90,,,,,,,1.40,1.40,,2.60,3.70,3.50,5.05,,,,,,,,2.70,2.70,-0.40,3,1.30,,,,,0.70,,3.60,3.90,1,1.50,0.70,,,1.80,,,2.70,,,2.50,2.50,3,3.30,1.40,2.30,
2008-12-03 20:20,2.30,6.57,3.62,4.51,1.76,1.52,-0.06,6.50,1.28,-0.94,4.77,3.93,0.04,4.80,4.16,2.32,0.28,-1.07,-2.20,0.24,2.38,2.03,-2.03,,3.69,2.48,2.62,3.83,-0.01,3.50,5.02,0.79,-1.31,-0.15,0.63,0.10,0.98,1.01,1.21,1.34,0,-1.53,2.33,5.18,2,5.51,6.20,6.63,5.53,5.44,3.01,1.79,5.55,8.25,7.28,7.36,7.69,6.70,5.68,5.67,6.37,7.10,5.79,2.48,6.92,,2.67,1.84,1.20,-2.11,2.05,0.33,1.84,2.20,1.99,1.61,4.30,1.40,4.40,0,1.75,1.70,3.48,0.93,2.96,0.70,3.36,3.60,4.59,3.73,1.22,3.14,3.27,4.30,0.98,0.79,2.02,1.89,3.27,2.62,2.22,1.52,4.63,2.72,2.02,1.12,0.66,2.40,-0.10,0.75,2.78,3.69,0.82,2.23,1.52,0.76,1.10,1.74,0.98,,2.40,2.52,2.60,2.67,1.83,2.10,3.30,0.95,1.52,1.56,1.40,,-0.20,-4.70,1.60,7,7,,,,,,,1.50,1.30,,2.60,3.60,3.50,6.49,,,,,,,,2.70,2.90,-0.40,3.10,1.80,,,,,0.70,,3.70,3.80,1,1.50,0.60,,,2,,,2.70,,,2.40,2.40,2.70,3.30,1.40,2.30,
2008-12-03 20:30,3,6.51,3.53,4.25,1.73,1.12,1.50,6.70,1.13,-1.05,4.66,3.83,0,4.79,4.44,2.31,0.36,-0.96,-2.30,0.50,2.30,2.23,-2.12,,3.53,2.45,2.59,3.66,-0.21,3.20,5.23,0.74,-1.20,-0.09,0.75,0.21,0.82,0.79,1.90,1.53,-0.10,-1.55,2.21,5.36,-0.10,5.72,6.20,6.50,5.68,5.39,2.30,1.75,5.31,8.31,7.28,7.38,7.71,6.70,5.82,5.67,6.29,7.20,5.82,2.63,6.96,,2.68,1.60,1.10,-2.06,1.93,0.33,2.01,2.34,2.15,1.67,4.50,1.54,4.20,0,1.54,1.80,3.31,0.78,3.15,1.49,3.25,3.60,4.58,3.73,1.34,3.19,3.49,4.10,0.53,2.54,1.87,1.75,3.07,2.06,2.12,1.77,4.75,2.81,2.04,1.11,0.79,2.30,-0.45,0.83,2.83,3.61,0.83,2.29,1.64,1.14,1,1.93,1.10,,2.50,2.64,2.51,2.71,1.81,2.10,3.30,1,1.67,1.78,1.40,,0.30,-4.80,1.50,7,6.80,,,,,,,1.50,1.10,,2.70,3.40,3.50,7.07,,,,,,,,2.60,2.90,0.10,3.10,1.80,,,,,1,,3.70,3.80,1,1.50,0.70,,,2.10,,,2.60,,,2.50,2.40,2.40,3.30,1.40,2.30,
2008-12-03 20:40,4.20,6.42,3.56,4.05,1.69,0.74,1,6.80,1.13,-1.27,4.67,4.08,0.10,4.74,4.35,2.21,0.14,-1.08,-2.20,0.80,2.26,2.32,-2.20,,3.58,2.28,2.44,3.61,-0.38,3.30,5.38,0.71,-1.39,0.07,0.87,-0.09,1.02,0.53,2.47,1.33,-0.20,-1.75,2.24,5.22,-0.70,5.86,6.20,6.50,5.64,5.36,2.30,3.08,5.20,8.46,7.33,7.45,7.78,6.60,6.10,5.77,6.26,7.30,5.75,2.55,6.92,,2.70,1.31,0.90,-2.05,1.93,0.33,1.87,2.55,2.30,2.02,4.40,2.56,4.10,0,1.34,1.90,3.24,0.58,3.32,1.37,3.25,3.60,4.59,3.55,1.46,3.21,3.51,4,0.13,4.41,2.13,1.58,3.02,1.98,2.10,1.75,4.76,2.82,2.19,1.19,0.69,2.30,-0.35,0.84,2.77,3.58,0.78,2.27,1.72,1.34,1.10,2.02,1.13,,2.50,2.70,2.59,3.19,1.77,2.10,3.30,0.85,1.73,2.02,1.40,,0.30,-4.80,1.20,7,6.80,,,,,,,1.50,1,,2.70,3.30,3.50,7.41,,,,,,,,2.70,3,0.30,2.90,1.90,,,,,1,,3.70,3.90,1,1.40,0.70,,,2.10,,,2.70,,,2.50,2.30,2.30,3.40,1.50,2.40,
2008-12-03 20:50,5,6.45,3.64,3.70,1.60,0.63,1,6.80,1.31,-1.38,4.73,4.31,0.02,4.82,4.44,2.10,-0.10,-1.35,-2.10,1.71,2.04,2.56,-2.36,,3.38,2.07,2.36,3.38,-0.40,3.40,5.66,0.66,-1.41,0.18,0.83,-0.34,1.12,0.54,3.05,1.63,-0.20,-1.93,1.97,5.31,1.10,6.01,6.20,6.43,5.63,5.46,2.38,5.81,5.16,8.56,7.50,7.50,7.89,6.60,6.04,5.71,6.35,7.40,5.80,2.58,6.98,,2.63,1.25,0.70,-1.97,1.91,0.41,2.22,2.67,2.32,1.45,4.20,3.59,4,0,1.23,1.90,3.46,0.65,3.29,1.72,3.21,3.60,4.54,3.46,1.57,3.28,3.67,3.80,-0.24,6.04,2.35,1.83,2.86,1.98,1.87,1.71,4.36,2.76,2.32,1.13,0.74,2.30,-0.41,0.90,2.88,3.52,0.74,2.08,1.66,1.49,1,2,1.17,,2.50,2.75,2.63,2.91,1.69,2.16,3.30,0.97,1.82,2.17,1.50,,0.90,-4.80,1,6.90,6.90,,,,,,,1.40,0.80,,2.80,3,3.60,7.14,,,,,,,,2.80,3,0.50,2.80,2.20,,,,,0.90,,3.70,3.90,1.10,1.30,0.80,,,2.10,,,2.60,,,2.50,2.30,2,3.40,1.50,2.60,
2008-12-03 21:00,5.10,6.38,3.51,3.26,1.54,0.43,1.79,6.80,1.38,-1.60,4.74,4.03,-0.05,4.77,4.36,2,-0.32,-1.11,-2,2.61,2.07,2.24,-2.55,,3.24,1.59,2.41,3.53,-0.56,3.20,6.48,0.60,-1.13,0.18,0.72,-0.44,1.05,0.54,3.80,2.48,-0.50,-2.02,2.01,5.25,1.30,6.16,6.20,6.49,5.66,5.51,2.16,6.53,4.73,8.54,7.60,7.69,7.91,6.60,6.28,5.71,6.41,7.40,5.77,2.69,6.93,,2.54,1.24,0.70,-1.99,1.76,0.31,2.96,2.81,2.31,2.81,4.10,3.38,3.90,0,0.95,2,3.16,0.76,3.44,1.84,3.16,3.60,4.57,3.32,1.71,3.28,3.59,3.60,-0.28,6.30,2.59,1.99,2.80,1.39,1.75,1.75,4.19,3.25,2.19,1.31,0.59,2.40,-0.75,0.88,3,3.51,0.71,2.08,1.75,1.54,1,1.99,1.20,,2.50,2.69,2.71,2.94,1.65,2.17,3.30,1.21,1.64,2.27,1.70,5.60,1.10,-4.80,0.70,6.90,6.80,,4,-6.30,2.30,4.40,4.80,1.20,0.80,3.10,2.80,2.90,3.60,7.60,3.40,2.50,4,3,3.30,1.90,2.50,2.60,3.10,1,3,1.50,2.40,1.80,4,0.90,1,2.40,3.60,3.90,1,1.40,0.90,1.20,2.70,2.20,2.60,2.90,2.60,1,1.40,2.40,2.40,2,3.50,1.60,2.70,2.30
2008-12-03 21:10,5.20,6.31,3.54,3.06,1.62,0.34,1.99,6.80,1.32,-1.79,4.61,3.99,0.26,4.89,4.39,2.05,-0.48,-1.17,-1.90,2.90,2.12,2.66,-2.82,,3.17,1.35,2.95,3.56,-0.59,3.30,6.64,0.32,-1.08,0.23,0.70,-0.50,0.99,0.32,4.07,2.11,-0.40,-2.01,1.95,5.22,2.50,6.28,6.40,6.45,5.47,5.57,2.21,6.91,4.39,8.56,7.68,7.51,7.84,6.50,6.50,5.70,6.35,7.60,5.82,2.65,6.94,,2.59,1.28,0.70,-2.02,1.65,0.33,3.70,3,2.40,4.06,4.10,3.60,3.80,0,1.06,1.90,3.15,0.80,3.38,1.98,2.99,3.50,4.54,3.10,1.69,3.44,3.43,3.60,-0.58,6.82,2.60,1.92,2.68,1.11,1.71,1.79,4.27,3.52,2.21,1.51,0.43,2.40,-0.96,0.85,3,3.52,0.70,2.12,1.79,1.62,1.10,2.06,1.26,,2.50,2.68,2.77,2.92,1.53,2.26,3.40,1.27,1.39,2.34,1.80,,1,-4.90,0.60,6.70,7.10,,,,,,,1.40,0.70,,2.90,2.90,3.60,7.30,,,,,,,,2.60,3.20,1.30,3,1.40,,,,,1.10,,3.60,3.90,1,1.40,0.90,,,2.20,,,2.60,,,2.10,2.40,2,3.50,1.60,2.70,
2008-12-03 21:20,5,6.26,3.62,3.07,1.51,0.06,2.30,6.80,1.24,-1.94,4.65,3.82,0.14,4.91,3.61,2.06,-0.95,-1.23,-2,2.71,1.99,2.32,-2.93,,3.05,1.09,2.96,3.44,-0.50,3.40,6.77,-0.15,-1.27,0.20,0.51,-0.45,0.91,0.17,4.24,2.35,-0.30,-2.12,2.03,5.45,3.70,6.18,6.30,6.39,5.39,5.69,1.92,7,4.09,8.50,7.59,7.49,7.69,6.50,6.50,5.78,6.36,7.60,5.98,2.66,6.88,,2.53,1.34,0.70,-2.12,1.63,0.32,3.77,2.81,2.25,4.02,4.10,3.33,3.70,0,1.05,1.70,3.11,0.74,3.29,2.29,2.94,3.50,4.55,3.15,1.62,3.46,4.03,3.50,-0.72,6.76,2.51,1.66,2.60,2.04,1.48,2.02,4.07,3.68,2.03,1.35,0.58,2.40,-0.95,1.02,3.10,3.52,0.71,2.12,1.81,1.66,1.40,2.16,1.38,,2.60,2.83,2.61,3.04,1.63,2.16,3.40,1.29,1.55,2.37,1.90,,0.80,-4.90,0.50,6.60,7.60,,,,,,,1.40,,,2.90,2,3.60,7.42,,,,,,,,2.30,3.10,1.40,3,1.20,,,,,1.30,,3.50,3.90,1,1.50,0.90,,,2.20,,,2.70,,,1.90,2.30,2.10,3.40,1.60,2.80,
2008-12-03 21:30,4.90,6.18,3.60,3.63,1.58,-0.57,3.26,6.80,1.23,-2.01,4.54,3.96,0.03,4.87,3.42,1.83,-0.91,-1.32,-2.10,1.95,1.89,2.01,-2.94,,2.90,0.98,3.32,3.26,-0.39,3.60,6.97,-0.38,-1.32,0.19,0.35,-0.53,0.75,0.14,3.84,2.69,-0.50,-2.34,2.03,5.51,4.40,6.37,6.30,6.35,5.48,5.75,1.72,7.12,3.95,8.42,7.47,7.55,7.56,6.40,6.54,5.77,6.33,7.50,5.90,2.61,6.84,,2.57,1.32,0.70,-2.12,1.75,0.30,4.18,2.89,2.23,4.20,4.10,3.42,3.50,0,1.10,1.60,3.06,0.65,3.24,2.26,3,3.40,4.72,3.17,1.76,3.53,4.03,3.30,-0.71,6.90,2.71,1.93,2.54,1.25,1.44,1.98,4.01,3.76,1.99,1.06,0.49,2.50,-0.87,1.04,3.03,3.55,0.86,2.22,1.94,1.76,1.50,2.03,1.55,,2.50,2.85,2.71,3.05,1.68,2.14,3.50,1.37,1.94,2.46,1.90,,3.50,-4.90,0.30,6.60,7.60,,,,,,,1.40,0.30,,2.90,1.80,3.60,7.29,,,,,,,,2.40,3.30,1.40,2.80,1.10,,,,,1.40,,3.40,3.90,1,1.60,0.90,,,2.30,,,2.70,,,2,2.20,2.10,3.50,1.60,2.90,
2008-12-03 21:40,4.80,6.30,3.55,3.97,1.64,0.23,4.30,6.60,1.18,-1.97,4.40,3.88,-0.03,4.74,3.58,1.91,-0.73,-1.14,-2.20,1.91,2.04,2.41,-3.04,,2.74,0.89,3.03,3.32,-0.31,4.10,6.75,-0.45,-1.31,-0.05,0.21,-0.52,0.70,0.04,2.86,2.55,-0.70,-2.28,2.03,5.64,4.50,6.26,6.40,6.42,5.58,5.69,2.09,7.17,4.32,8.42,7.61,7.49,7.47,6.40,6.65,5.87,6.25,7.40,5.83,2.58,6.93,,2.59,1.34,0.70,-2.01,1.73,0.37,4.40,2.65,2.44,4.54,4,2.88,3.40,0,1.08,1.70,3.01,0.51,3.18,2.25,2.82,3.40,4.71,2.96,1.78,3.61,3.79,3.10,-0.96,7.04,2.89,2.23,2.40,1.43,1.28,1.75,4.12,3.70,2.09,0.88,0.40,2.60,-0.59,1.12,3.11,3.54,0.98,2.21,1.87,1.81,1.60,2.07,1.78,,2.50,2.94,2.59,3,1.58,2.04,3.60,1.62,1.97,2.55,2,,2.90,-5,0.10,6.60,7.30,,,,,,,1.30,0.20,,2.90,1.40,3.60,7.05,,,,,,,,2.40,3.20,1.60,2.80,1.30,,,,,1.40,,3.40,4,1.10,1.60,0.90,,,2.30,,,2.70,,,2,2.20,2.20,3.40,1.50,2.90,
2008-12-03 21:50,4.40,6.21,3.67,4.07,1.47,-0.18,2.42,6.50,1.29,-2.01,4.51,3.36,-0.02,4.71,4.13,1.98,-0.53,-1.18,-2.40,2.02,2.08,2.63,-3.05,,2.68,0.61,3.16,3.33,-0.25,4.10,7.10,-0.71,-1.37,-0.19,0.04,-0.61,0.59,-0.09,2.30,2.55,-0.80,-2.16,1.84,5.62,4.80,6.38,6.20,6.42,5.48,5.75,1.90,7.36,4.06,8.49,7.51,7.40,7.39,6.40,7.03,6.28,6.21,7.40,5.78,2.55,6.87,,2.72,1.31,0.60,-2.01,1.89,0.53,4.40,2.73,2.48,4.21,4.20,3.40,3.40,0,1.11,1.90,3.06,0.34,3.01,2.21,2.63,3.40,4.65,2.85,1.77,3.66,3.97,2.90,-1.11,6.99,2.83,2,2.15,1.28,0.99,1.96,4.21,3.58,2.10,0.82,0.26,2.90,-0.53,1.19,3.06,3.52,1.12,2.23,1.84,1.94,1.60,2.27,1.97,,2.50,2.87,2.54,3.28,1.41,1.90,3.60,1.63,1.99,2.38,2.10,,4.10,-5,0.30,6.70,7.10,,,,,,,1.30,0.20,,3,1.40,3.50,6.83,,,,,,,,2.30,3,1.80,2.70,2.40,,,,,1.40,,3.40,4,1.10,1.70,0.90,,,2.30,,,2.60,,,2.10,2.10,2.10,3.40,1.70,2.90,
2008-12-03 22:00,4.60,6.22,3.73,4,1.52,-0.22,0.45,6.50,1.13,-2.28,4.33,3.45,-0.02,4.59,3.81,1.86,-0.42,-1.40,-2.70,1.62,1.88,2.53,-3.24,,2.44,0.34,2.72,3.39,-0.22,3.10,7.09,-0.63,-1.39,-0.34,0,-0.39,0.78,-0.23,2.66,3.09,-0.60,-2.17,1.73,5.65,4.10,6.41,6.30,6.34,5.16,5.77,2.23,7.47,4,8.48,7.53,7.30,7.36,6.40,7.53,6.41,6.29,7.40,5.79,2.45,6.88,,2.65,1.17,0.50,-1.93,1.87,0.45,4.23,2.72,2.64,4.24,4.40,3.68,3.40,0,1.01,2.10,3.10,0.12,2.90,2.40,2.56,3.30,4.52,2.66,1.82,3.74,3.94,2.70,-0.83,6.84,2.81,2.06,2.04,0.61,0.72,1.70,4.13,3.54,2.23,0.77,0.29,2.90,0.03,1.19,2.90,3.57,1.13,2.25,2.03,2.06,1.70,2.17,1.96,,2.50,2.93,2.55,3.07,1.34,1.74,3.60,1.83,2.25,2.52,2.20,5.50,4.50,-5,-0.10,6.60,7,4.60,3.80,-6.20,2.50,3.90,4.40,1.40,0,2.30,3,1.30,3.40,7,3.30,2.30,3.70,3.30,2.60,1.40,2.80,2.20,2.80,2,3,2.70,2.30,1.70,3.70,1,1.40,2.20,3.30,4,1.20,1.80,0.90,1.10,1.90,2.50,2.70,3.20,2.60,0.70,1.40,2.20,2.10,2.20,3.40,1.90,2.90,2.50
2008-12-03 22:10,4.70,6.12,3.52,4.13,1.58,-0.07,1.19,6.40,1.34,-2.22,4.55,3.59,-0.08,4.39,3.42,1.95,-0.58,-1.59,-2.80,1.49,1.82,2.27,-3.28,,2.18,-0.06,2.16,3.37,-0.38,2.90,7.15,-0.63,-1.50,-0.42,-0.07,-0.32,0.78,-0.32,2.21,4.25,-0.80,-2.16,1.80,5.71,1.80,6.45,6.30,6.46,5.16,5.72,2.14,7.53,4.80,8.44,7.41,7.11,7.64,6.40,7.46,6.14,6.26,7.60,5.71,2.45,6.86,,2.68,1.05,0.50,-1.93,1.97,0.43,4.09,2.57,2.76,4.19,4.40,4,3.45,0,0.92,2.30,2.99,-0.01,2.88,2.60,2.48,3.30,4.45,2.50,1.56,3.74,4.24,2.50,-0.71,6.78,2.89,2.19,1.77,0.38,0.61,1.58,4.10,3.52,2.55,0.73,0.91,2.90,0.18,1.23,2.94,3.62,1.08,2.28,2.08,2.10,1.70,2.18,2.02,,2.60,3.07,2.55,3.12,1.30,1.84,3.70,1.98,2.26,2.65,2.20,,4.60,-5,-0.30,6.40,6.80,,,,,,,1.50,-0.10,,3,1.30,3.40,7.08,,,,,,,,2.20,2.60,2.50,3.10,2.70,,,,,1.40,,3.30,4,1.10,1.80,0.90,,,2.50,,,2.60,,,2.20,2.20,2.20,3.40,1.90,3.10,
2008-12-03 22:20,5.10,6.13,3.46,4.47,1.61,-0.49,2.18,6.50,1.28,-2.31,4.32,3.92,-0.01,4.42,3.96,1.83,-0.12,-1.72,-2.90,1.22,1.88,2.59,-3.35,,1.96,-0.30,2,3.56,-0.36,3.20,7.24,-0.94,-1.65,-0.50,-0.24,-0.36,0.56,-0.42,2.01,4.30,-0.40,-2.35,1.87,5.61,1.70,6.53,6.30,6.29,5.08,5.73,1.71,7.40,5.53,8.42,7.36,7.07,7.45,6.30,7.48,6.11,6.16,7.80,5.64,2.42,6.80,,2.70,1.18,0.40,-1.95,1.93,0.35,3.93,2.50,2.74,4.39,4.40,4.06,3.52,0,0.67,2.40,2.84,0,2.76,2.63,2.44,3.20,4.36,2.44,1.62,3.77,4.05,2.30,-0.76,6.92,2.96,2.14,1.72,0.13,0.49,1.38,4.20,3.52,2.68,0.78,1.33,2.80,0.42,1.39,2.97,3.65,1.17,2.03,2.01,2.18,1.80,2.30,2.12,,2.50,3.18,2.55,3.07,1.45,1.85,3.70,2.13,2.44,2.57,2.20,,4.80,-5.10,-0.40,6.30,6.80,,,,,,,1.60,-0.20,,3,0.70,3.30,7,,,,,,,,2.10,2.70,2.70,3.10,2.80,,,,,1.40,,3.30,4,1.20,1.80,1,,,2.70,,,2.70,,,2.20,2.20,2.10,3.30,2.10,3.20,
2008-12-03 22:30,5.30,5.98,3.49,4.65,1.64,-0.30,3.25,6.60,1.36,-2.58,4,3.98,0.08,4.46,4.01,1.75,0.13,-1.79,-3,0.53,2.01,2.64,-3.57,,1.78,-0.23,2.05,3.39,-0.40,3.30,7.18,-1.05,-1.66,-0.56,-0.28,-0.45,0.43,-0.54,2.56,4.82,-0.20,-2.35,1.89,5.28,3.80,6.60,6.10,6.18,4.99,5.70,1.68,7.55,7.30,8.42,7.26,7.39,7.20,6.30,7.58,6.22,6.05,7.70,5.64,2.37,6.79,,2.67,1.20,0.40,-2,1.91,0.49,4,2.41,2.82,3.83,4.30,4.01,3.49,0,0.51,2.30,2.87,-0.26,2.60,2.70,2.28,3.10,4.25,2.36,1.69,3.85,4.10,1.90,-0.76,6.83,3.11,2.14,1.72,-0.12,0.53,1.51,4.10,3.40,2.77,0.84,1.35,2.60,0.55,1.57,2.99,3.62,1.28,1.96,2,2.28,1.80,2.37,2.22,,2.50,3.15,2.40,3.09,1.38,1.79,3.60,2.19,2.33,2.43,2.20,,5.10,-5.10,0.70,6.50,7.20,,,,,,,1.70,-0.30,,2.90,0.50,3.30,6.78,,,,,,,,2.10,2.70,2.90,3.20,2.90,,,,,1.30,,3.30,4,1.20,1.80,1,,,2.90,,,2.70,,,2.20,2.20,2.10,3.30,2.10,3.20,
2008-12-03 22:40,5.40,5.92,3.54,4.92,1.50,-0.67,1.27,6.30,1.44,-2.64,4.02,3.79,0.10,4.43,4.09,1.56,0.21,-1.91,-2.20,-0.08,1.91,2.45,-3.55,,1.36,-0.32,2.26,3.12,-0.45,3.50,7.14,-0.84,-1.70,-0.75,-0.28,-0.39,0.23,-0.37,2.79,5.15,0.60,-2.17,1.75,5.23,4.60,6.39,6.10,6.22,4.56,5.70,1.88,7.32,7.77,8.39,7.24,7.41,7.19,6.30,7.56,6.53,6.01,7.70,5.65,2.41,6.66,,2.80,1.19,0.40,-1.98,1.88,0.50,4.12,2.37,2.91,3.54,4.20,4.11,3.60,0,0.47,2.50,2.59,-0.33,2.54,2.50,2.15,3.10,4.12,2.15,1.68,3.81,4.17,1.60,-1.12,6.77,3.17,2.18,1.82,0.08,0.43,1.62,4.36,3.50,2.67,0.93,1.50,2.50,0.57,1.60,2.94,3.66,1.19,1.72,2.21,2.41,1.90,2.37,2.16,,2.50,3.14,2.25,3.05,1.15,1.85,3.50,2.19,2.58,2.45,2.20,,4.60,-5.10,-0.20,6.60,7.10,,,,,,,1.80,-0.50,,2.90,0.50,3.30,6.44,,,,,,,,2,2.50,2.90,3.40,2.90,,,,,1.30,,3.30,4,1.20,1.90,1,,,3,,,2.80,,,2.10,2.20,2.10,3.30,2.30,3.20,
2008-12-03 22:50,5.40,5.96,3.44,5.09,1.54,-1.10,2.60,6.30,1.43,-2.77,4.39,3.92,0.14,4.22,3.88,1.43,0.22,-1.91,-0.60,-0.44,1.77,1.90,-3.10,,1.17,-0.14,2.35,3.16,-0.34,2.80,7.02,-1.04,-1.49,-0.73,-0.46,-0.17,0.24,-0.36,2.58,5.09,0.90,-2.01,1.57,5.17,4.10,6.27,6.10,6.21,4.66,5.64,2.08,7.28,7.88,8.43,7.25,7.41,7.14,6.30,7.27,6.51,6.02,7.50,5.62,2.34,6.57,,2.78,1.28,0.50,-2.07,1.91,0.54,4.29,2.41,2.79,3.48,4.20,4.63,3.64,0,0.41,2.70,2.24,-0.47,2.60,2.24,2.02,3,3.91,2.05,1.78,3.78,4.29,1.30,-1.04,6.42,3.18,2.20,1.86,0.70,0.40,1.52,4.32,3.43,2.49,0.85,1.61,2.40,0.86,1.54,3,3.70,1.22,1.64,2.50,2.45,1.90,2.33,2.11,,2.50,3.33,2.24,3.02,1.11,1.81,3.30,2.29,2.71,2.52,2.20,,4.80,-5.20,0.10,6.80,6.90,,,,,,,1.70,-0.60,,2.80,0.30,3.20,6.42,,,,,,,,2,2.90,2.80,3.10,3,,,,,1.30,,3.30,3.90,1.30,1.80,,,,3,,,2.90,,,2.10,2.20,2.20,3.40,2.50,3.20,
2008-12-03 23:00,5.30,6.01,3.40,4.99,1.48,-1.01,3.50,6.40,1.40,-2.71,3.93,4.12,0.14,4.30,3.83,1.35,0.13,-1.93,-0.20,-0.06,1.99,1.49,-3.40,,0.76,-0.23,2.64,3.25,-0.50,3.20,6.77,-1.14,-1.43,-0.66,-0.48,-0.15,0.47,-0.65,2.84,4.85,0.40,-2.24,1.63,5.29,4.40,6.35,6.10,6.22,4.66,5.76,1.63,7.34,7.86,8.46,7.27,7.46,7.22,6.30,7.50,6.50,5.99,7.40,5.50,2.27,6.48,,2.64,1.26,0.40,-2,1.94,0.48,4.15,2.41,2.54,3.15,3.90,5.09,3.70,0,0.23,2.70,2.09,-0.52,2.53,2.09,1.97,2.90,3.74,1.98,1.83,3.78,4.34,1.20,-1.20,5.85,3.32,2.08,1.68,0.54,0.43,1.95,4.24,3.56,2.70,0.82,1.53,2.60,1.47,1.48,3.12,3.83,1.26,1.56,2.13,2.51,1.80,2.21,2.15,,2.50,3.46,2.20,3.03,1.13,1.91,3.20,2.38,2.58,2.66,2.30,5.40,3.60,-5.30,0.50,6.80,7,5,3.50,-6.10,1.80,4.10,3.80,1.70,-0.70,2,2.80,0.20,3.10,6.80,3.20,2.30,4.30,3.30,0.90,2,2.40,1.80,2.70,2.80,3,3.10,1.70,1.70,3.70,1.30,1.40,2.20,3.20,3.90,1.50,1.70,1.10,1.20,1.80,3,2.90,3.20,2.90,1.20,1,2.10,2.20,2.20,3.40,2.60,3.20,2.20
2008-12-03 23:10,5.40,6,3.44,4.88,1.41,-1.27,3.50,6.40,1.35,-2.69,3.33,4.40,0.13,4.21,3.95,1.54,0.07,-2.03,0.10,0.19,2.14,1.92,-3.16,,0.79,1.41,3.14,3.23,-0.40,3.40,6.73,-0.67,-1.42,-0.83,-0.65,-0.32,0.27,-0.64,2.50,5.11,0.10,-2.30,1.50,5.24,2.60,6.79,6.10,6.28,4.51,5.72,1.55,7.58,7.70,8.50,7.19,7.53,7.37,6.30,7.47,6.45,6.02,7.40,5.41,2.24,6.48,,2.80,1.23,0.30,-2.05,1.82,0.44,3.83,2.44,2.40,3.29,3.60,5.32,3.70,0,0.08,2.95,1.89,-0.57,2.46,2.06,1.83,2.90,3.55,2.02,1.81,3.78,3.97,1.10,-1.05,5.09,3.33,2.01,1.96,0.93,0.50,2.13,4.34,3.59,3,0.75,1.56,2.80,1.75,1.53,3.14,3.88,1.18,1.51,2,2.53,1.70,2.12,2.19,,2.60,3.48,2.25,3.04,1.24,1.77,3,2.41,2.65,2.67,2.30,,4.70,-5.40,0.40,6.90,7.10,,,,,,,1.90,-0.80,,2.80,0.20,3.10,6.57,,,,,,,,1.80,2.70,2.80,3.10,3.10,,,,,1.30,,3.30,3.80,1.50,1.70,1.10,,,3,,,2.90,,,1.90,2.10,2.20,3.30,2.70,3.20,
2008-12-03 23:20,5.40,5.97,3.35,4.95,1.30,-1.27,1.03,6.40,1.21,-2.70,3.23,4.31,0.15,4.25,3.87,1.70,-0.10,-1.82,0.90,0.58,1.96,2.17,-2.85,,0.70,2.53,4.14,3.15,-0.40,3.40,6.61,-0.46,-1.44,-0.91,-0.77,-0.39,0.51,-0.78,1.86,5.25,-0.30,-2.34,1.38,5.34,1.40,7.17,6.10,6.21,4.45,5.77,1.88,7.75,7.87,8.44,7.28,7.50,7.55,6.40,7.57,6.61,5.95,7.40,5.31,2.19,6.41,,2.77,1.36,0.30,-2.22,1.64,0.50,3.84,2.31,2.35,3.49,3.40,3.91,3.70,0,-0.04,2.99,1.61,-0.83,2.45,1.96,1.77,2.90,3.37,1.93,1.80,3.78,3.96,0.80,-1.24,4.43,3.38,1.97,2.23,0.92,0.50,1.88,4.45,3.76,3.26,0.64,1.87,3,1.49,1.53,3.21,3.89,1.33,1.53,1.95,2.70,1.60,2.14,2.15,,2.70,3.44,2.46,3.09,1.31,1.77,2.80,2.63,2.85,2.61,2.30,,3.50,-5.40,0,7,7.10,,,,,,,2,-0.80,,2.80,-0.10,3.10,6.43,,,,,,,,1.70,2.40,2.80,3.10,3.20,,,,,1.30,,3.30,3.80,1.50,1.70,1.20,,,3.10,,,3,,,1.90,2.10,2.30,2.90,2.80,3.20,
2008-12-03 23:30,5.40,5.92,3.23,4.92,1.40,-1.07,1.65,6.30,1.09,-2.62,3.26,3.75,0.26,4.14,3.70,1.48,-0.18,-1.80,1.30,1.60,1.96,1.70,-2.35,,0.58,2.97,3.42,3.37,-0.50,2.90,6.68,-0.64,-1.41,-1.04,-0.89,-0.55,1.04,-0.70,1.24,5.39,-0.60,-2.23,1.31,5.32,1,7.20,6.10,6.29,4.57,5.76,1.87,7.95,8.02,8.45,7.30,7.54,7.52,6.40,7.67,6.77,6,7.40,5.35,2.16,6.45,,2.78,1.50,0.40,-2.11,1.83,0.59,3.73,2.27,2.27,3.86,3.40,3.16,3.70,0,-0.48,2.99,1.33,-1.33,2.37,2.16,1.60,2.80,3.35,1.73,1.75,3.80,3.74,0.50,-1.58,3.92,3.44,2,2.08,0.82,0.65,2,4.26,3.67,3.42,0.79,1.98,2.90,1.52,1.26,3.14,3.93,1.29,1.54,1.88,2.59,1.60,2.15,2.20,,2.70,3.31,2.56,3.19,1.26,1.78,2.80,2.67,2.96,2.77,2.40,,4.30,-5.60,-0.20,6.90,7.20,,,,,,,2,-0.90,,2.80,-0.10,3,6.14,,,,,,,,1.70,2.40,2.80,3,3.20,,,,,1.60,,3.20,3.80,1.50,1.70,1.30,,,3,,,3,,,1.70,2.10,2.20,2.80,2.90,3.30,
2008-12-03 23:40,5.60,5.93,3.28,4.77,1.31,-1.16,2.99,6.20,0.91,-2.20,3.30,3.60,0.38,4.14,3.60,1.32,-0.35,-1.87,1.40,1.61,1.90,0.96,-2.63,,0.64,2.73,4.02,3.33,-0.65,3,6.63,-0.28,-1.45,-1.13,-0.95,-0.71,1.03,-0.70,1.14,5.38,-1.30,-2.21,1.20,5.52,1.30,7.02,6.10,6.35,4.69,5.71,1.99,7.98,8.15,8.40,7.31,7.65,7.53,6.40,7.72,6.75,5.86,7.30,5.41,2.11,6.42,,2.89,1.47,0.40,-2.14,1.69,0.67,3.69,2.36,2.11,3.46,2.60,2.43,3.60,0,0.11,3.23,1.44,-1.62,2.24,2.37,1.53,2.80,3.35,1.63,1.78,3.63,4.01,0.50,-1.54,4.23,3.27,1.77,1.65,0.99,0.80,2.08,4.17,3.54,3.45,0.69,2.08,2.80,1.70,0.94,3.17,3.97,1.31,1.68,1.87,2.63,1.70,2.21,2.26,,2.70,3.27,2.60,3.16,1.19,1.81,2.70,2.90,2.91,2.83,2.40,,4.30,-5.60,-0.20,7,7.40,,,,,,,1.90,-1,,2.80,-0.10,2.80,6.32,,,,,,,,1.70,2.40,2.80,2.90,3.30,,,,,1.70,,3.30,3.80,1.50,1.70,1.40,,,3,,,3.10,,,1.50,2.30,2.20,2.70,2.90,3.20,
2008-12-03 23:50,5.60,5.87,3.30,4.77,1.11,-1.18,3.93,5.80,0.79,-1.93,3.37,3.56,0.11,4.13,3.61,1.29,-0.20,-1.84,1.40,0.83,1.59,0.48,-2.66,,0.54,2.96,4.39,3.43,-0.78,2.60,6.75,-0.20,-1.53,-1.28,-0.94,-0.74,0.90,-0.75,2.22,5.31,-1.30,-2.36,1.05,5.91,2.40,7.04,6.20,6.35,4.85,5.68,2.31,8.05,8.29,8.45,7.35,7.61,7.52,6.40,7.77,7.36,5.95,7.40,5.38,2.09,6.40,,3.05,1.51,0.40,-2.14,1.72,0.57,3.91,2.32,2.21,3.25,3,1.91,3.70,0,0.99,3.46,1.56,-1.79,2.22,2,1.39,2.70,3.21,1.30,1.56,3.50,3.81,0.40,-1.41,4.93,3.24,1.88,1.76,1.48,0.76,1.99,4.20,3.59,3.44,0.48,2.11,2.80,1.86,0.76,3.12,3.97,1.42,1.76,1.86,2.63,1.60,2.23,2.42,,2.80,3.37,2.66,2.99,1.06,1.81,2.70,2.90,2.93,2.96,2.50,,4.20,-5.70,-0.60,7,7.50,,,,,,,2.10,-1.40,,2.80,-0.20,2.70,6.61,,,,,,,,1.80,2.10,2.80,2.90,3.30,,,,,1.70,,3.40,3.80,1.50,1.70,1.30,,,3.10,,,3.20,,,1.50,2.20,2.30,2.70,2.90,3.20,
2008-12-04 00:00,5.30,5.79,3.33,4.70,1.19,-1.32,4.34,5.80,0.89,-2.01,3.57,3.34,-0.06,3.95,3.71,1.30,0.04,-1.82,1.30,1.26,1.50,0.26,-2.02,,1.29,3.25,3.07,3.24,-0.81,2.90,6.89,-0.28,-1.47,-1.40,-0.92,-0.84,0.56,-0.53,2.93,5.17,-1.50,-2.35,1.10,5.99,2.90,7.01,6.10,6.35,4.94,5.71,1.29,8.13,8.22,8.40,7.42,7.49,7.46,6.40,7.63,8.15,5.99,7.20,5.23,2,6.36,,3.04,1.58,0.40,-2.15,1.75,0.45,3.83,2.16,2.19,3.24,3.60,2.71,3.80,0,1.03,3.49,1.41,-2.18,2.18,2,1.36,2.70,3.16,1.18,1.54,3.49,3.91,0.40,-1.60,5.22,3.23,1.86,1.96,2.07,0.80,2.15,4.19,3.64,3.42,0.36,2.11,2.80,1.75,0.85,3,3.93,1.47,1.85,1.77,2.56,1.60,2.23,2.42,,2.80,3.41,2.71,3.36,0.88,1.77,2.70,2.97,3.05,2.92,2.60,5.40,3.90,-5.70,-0.50,6.90,7.60,5.70,3.50,-6.30,1.20,3.80,3.30,2.30,-1.50,2,2.70,-0.30,2.60,7.40,1.70,2.20,4,3.70,1.50,1.50,2.60,1.70,2,2.70,3,3.20,1.50,1.30,3.20,1.40,1.80,2.60,3.50,3.80,1.40,1.80,1.40,1,1.90,3,3,,3.30,1.60,1.20,1.50,2.30,2.40,2.70,2.60,3.30,2.30
2008-12-04 00:10,5.40,5.62,3.22,4.68,1.20,-1.46,4.46,5.70,1,-1.49,3.60,3.14,-0.37,3.87,3.85,1.09,0.48,-1.84,1.20,1.82,1.38,0.31,-2.41,,0.73,3.44,2.78,3.23,-0.57,3,6.70,0.04,-1.64,-1.50,-0.95,-1.03,0.42,-0.50,2.80,5.14,-1.70,-2.31,1.20,5.98,2.50,7.01,6.20,6.36,4.86,5.75,0.93,8.07,8.16,8.42,7.35,7.47,7.52,6.40,7.50,8.21,5.93,7,5.15,1.95,6.25,,3.12,1.57,0.40,-2.18,1.70,0.56,3.88,2.08,2.21,3.16,3.70,4.20,3.80,0,0.96,3.10,1.28,-2.36,1.86,2.04,1.11,2.60,3,1.25,1.43,3.44,3.82,0.30,-1.85,5.51,3.19,1.74,2.02,2.46,0.90,2.20,4.12,3.50,3.38,0.33,2.08,2.80,1.78,0.95,2.97,4,1.46,1.79,1.71,2.66,1.60,2.13,2.62,,2.80,3.40,2.78,3.17,1.13,1.84,2.70,3,2.84,3.09,2.60,,4,-5.80,-0.60,6.80,7.50,,,,,,,2.10,-2.10,,2.70,-0.30,2.60,6.82,,,,,,,,1.70,1.70,2.70,3.20,3.20,,,,,1.80,,3.70,3.90,1.50,1.80,,,,3,,,3.30,,,1.60,2.40,2.40,2.70,2.50,3.30,
2008-12-04 00:20,5.40,5.65,3.13,4.60,1.16,-1.46,4.73,5.70,0.99,-1.12,3.10,2.97,-0.53,3.68,3.81,1.11,0.89,-1.94,1.20,1.61,1.47,-0.02,-2.70,,0.16,3.42,3.48,3.50,-0.80,3.20,6.64,0.02,-1.73,-1.62,-1,-1.20,0.33,-0.62,2.66,5.32,-1.70,-2.19,1.23,5.92,1.40,6.73,6.20,6.23,4.51,5.68,1.24,8.09,8.26,8.41,7.28,7.52,7.35,6.40,7.56,8.32,5.94,6.90,5.24,2.06,6.16,,3.30,1.62,0.40,-2.10,1.79,0.64,4.04,2.12,2.12,3.20,4.20,5.03,3.90,0,0.68,3,1.24,-2.36,1.76,1.94,0.96,2.40,2.96,1.15,1.34,3.46,3.73,0,-1.48,5.82,3.25,1.63,1.84,2.12,0.81,2.32,4.19,3.56,3.24,-0.15,2.08,2.70,1.69,0.99,2.92,3.98,1.37,1.95,1.77,2.51,1.70,2.21,2.71,,2.90,3.53,2.83,3.16,1.04,1.94,2.90,2.86,2.82,3.09,2.70,,4.10,-5.80,-0.40,6.60,7.60,,,,,,,2,-2,,2.60,-0.30,2.60,6.70,,,,,,,,1.70,1.70,2.60,3.30,3.30,,,,,1.90,,3.70,3.90,1.50,1.80,1.40,,,3,,,3.30,,,1.70,2.20,2.40,2.70,2.50,3.30,
2008-12-04 00:30,5.30,5.54,3,4.52,1.11,-1.56,5,5.70,0.94,-1.37,2.90,2.72,-0.68,3.68,3.62,1.13,0.90,-2.10,1.10,1.16,1.30,0.78,-2.98,,0.12,3.45,3.97,3.14,-0.95,2.50,6.73,0.02,-1.83,-1.34,-1.07,-1.30,0.23,-0.62,2.95,5.16,-1.50,-2.65,1.25,5.66,1,7,6.20,6.25,4.99,5.68,1.35,8.10,8.25,8.41,7.22,7.54,7.32,6.40,7.59,8.24,5.99,6.80,5.22,1.91,6.16,,3.40,1.68,0.40,-2.13,1.99,0.81,4.13,2.02,2.15,3.54,4.10,5.50,3.90,0,0.71,2.90,1.21,-2.31,1.59,1.96,0.80,2.40,2.99,1.13,1.38,3.46,3.78,0,-1.46,6.05,3.21,1.59,1.71,1.80,0.72,2.44,4.12,3.73,3.21,-0.58,2.06,2.60,1.70,1.12,2.67,4,1.44,2.10,1.80,2.47,1.60,2.17,2.70,,2.90,3.54,2.80,3.32,0.96,1.90,2.90,2.66,2.61,3.15,2.70,,4.20,-5.90,-0.30,6.70,7.60,,,,,,,1.80,-1.90,,2.70,-0.20,2.60,6.37,,,,,,,,1.70,1.60,2.60,3.10,3.10,,,,,1.80,,3.60,4,1.60,1.90,1.40,,,3,,,3.40,,,1.70,2.10,2.40,2.70,2.50,3.40,
2008-12-04 00:40,5.20,5.50,2.99,4.41,1.03,-1.60,5,5.40,0.70,-1.32,2.57,2.92,-0.50,3.62,3.60,1.01,1.06,-2.07,1.20,1.44,1.01,1.28,-3.05,,0.88,2.89,3.85,3.18,-0.97,2,6.67,0.14,-1.52,-1.43,-1.15,-1.18,0.54,-0.76,2.97,5.17,-1.80,-2.64,1.10,5.53,2.20,6.86,6.30,6.23,5,5.70,1.49,7.89,8.30,8.40,7.15,7.62,7.25,6.40,7.42,7.82,6.01,6.80,5.34,1.88,6.14,,3.44,1.73,0.50,-2.03,2.01,1.01,4.15,2.06,2.25,3.77,4.10,5.67,3.90,0,0.76,3.10,1.27,-2.59,1.25,2.05,0.52,2.30,2.94,0.92,1.42,3.39,3.65,-0.10,-1.60,6.44,3.15,1.57,1.78,2.15,0.53,2.38,4.30,3.69,3.14,-0.89,1.84,2.60,1.46,1.03,2.43,3.96,1.42,2.07,1.72,2.23,1.70,2.13,2.71,,3,3.63,2.89,3.55,1.04,1.90,3.10,2.52,2.61,3.25,2.70,,4.20,-5.90,0,6.80,7.60,,,,,,,1.80,-2,,2.60,0,2.70,6.18,,,,,,,,1.80,1.60,2.50,3,3,,,,,1.90,,3.50,4,1.60,1.90,1.40,,,3,,,3.40,,,1.80,2,2.40,2.80,2.50,3.40,
2008-12-04 00:50,5.10,5.41,2.99,4.42,1.05,-1.15,5.04,5.20,0.47,,2.99,2.93,-0.19,3.71,3.56,1.17,1.01,-2.04,1.50,1.69,1.15,1.88,-2.93,,1,3.32,4.09,3.63,-0.98,1.80,6.79,0.20,-1.63,-1.65,-1.27,-1.29,0.68,-0.65,3.08,4.40,-1.90,-2.70,1.38,6.36,3.70,6.51,6.40,6.16,4.76,5.75,1.42,7.73,8.30,8.35,7.19,7.65,7.22,6.40,7.26,7.37,6,6.80,5.32,1.80,6.15,,3.50,1.72,0.50,-2.16,2.01,1.02,4.08,2.11,2.48,3.99,3.70,5.75,3.90,0,0.59,3.20,1,-2.09,1.06,1.73,0.34,2.30,2.78,0.94,1.35,3.36,3.61,-0.20,-1.34,7,2.99,1.35,1.85,1.76,0.26,2.51,4.25,3.71,3.10,-0.71,1.84,2.60,1.25,1.09,2.35,3.90,1.33,2.07,1.71,2.06,1.50,2.19,2.68,,3,3.48,2.94,3.56,0.93,2.05,3.10,2.56,2.52,3.24,2.70,,3.40,-6,0.20,6.60,7.40,,,,,,,1.80,-2.50,,2.60,0.10,2.90,6.13,,,,,,,,1.80,1.70,2.40,2.90,2.70,,,,,1.80,,3.40,4.10,1.60,1.90,1.40,,,2.90,,,3.40,,,1.80,1.80,2.30,2.80,2.40,3.40,
2008-12-04 01:00,5,5.55,3.09,4.40,0.99,-0.36,5.11,5.20,0.62,-1.85,3.34,3.76,-0.12,3.65,3.58,1.13,0.73,-2.26,1.80,-0.30,1.22,1.99,-3.02,,0.03,3.29,4.25,3.60,-0.97,2.10,6.85,0.54,-1.74,-2,-1.31,-1.12,0.67,-0.75,3.35,3.54,-1.40,-2.55,1.40,6.29,3.90,6.50,6.30,6.16,4.38,5.87,1.24,7.60,8.31,8.32,7.27,7.55,7.25,6.50,7.16,7.11,5.87,6.90,5.28,1.84,6.12,,3.45,1.76,0.60,-2.08,2.02,1.18,4.09,2.15,2.52,3.90,3.90,5.78,3.90,0,0.26,3.20,0.85,-1.92,1.04,1.51,0.28,2.10,2.69,0.89,1.12,3.17,3.57,-0.30,-1.28,7.29,3.09,1.02,1.90,2.30,0.29,2.72,4.29,3.80,3.15,-0.60,1.97,2.70,1.37,0.99,2.29,3.89,1.25,2.09,2,1.92,1.40,2.14,2.65,,3.10,3.69,2.93,3.65,0.87,2.11,3.20,2.45,2.48,3.22,2.70,5,2.90,-6.10,0.90,6.50,7.60,6.10,3.50,-6,2.50,3.80,3.40,1.80,-2.40,1,2.50,0.10,3,6.80,,1.90,4.80,3.10,3.50,2.80,2.50,1.90,1.70,2.50,2.90,2.60,1.50,1,3,1.80,1.90,2.10,3.40,4.20,1.60,1.80,1.50,0.80,1.60,2.90,3.20,3.40,3.50,1.80,1.60,1.80,1.60,2,2.90,2.50,3.50,2.20
2008-12-04 01:10,4.90,5.61,2.99,4.49,1.04,-0.67,5.06,5.40,0.75,-1.96,3.53,3.82,-0.02,3.65,3.40,1.10,0.73,-2.38,1.80,-0.17,1.27,2.30,-3.12,,-0.23,2.70,4.28,3.53,-1,2.20,6.54,0.56,-1.83,-2.15,-1.27,-1.54,0.57,-0.71,2.92,3.23,-1.90,-2.46,1.51,6.24,3.40,6.20,6.30,6.24,4.37,5.74,1.12,7.47,8.39,8.12,7.23,7.54,7.04,6.60,6.82,7.25,6.02,6.80,5.25,1.82,6.15,,3.26,1.70,0.70,-2.07,2.02,1.13,4.15,2.13,2.55,4.21,4.20,5.55,3.80,0,-0.04,3.10,0.64,-2.11,0.73,1.63,0.19,2,2.62,0.83,1.02,3.09,3.55,-0.30,-1.36,7.51,3.33,1.05,2.28,2.34,0.38,2.88,3.99,3.71,3.10,-0.28,2.03,2.80,1.58,0.86,2.27,3.94,1.37,2.06,2.16,1.83,1.40,2.21,2.67,,3.10,3.70,3.08,3.75,0.84,2.07,3.20,2.56,2.57,3.28,2.80,,2.90,-6.30,-0.30,6.60,7.40,,,,,,,1.70,-2.40,,2.40,0,3,6.45,,,,,,,,1.80,1.60,2.60,2.90,2.50,,,,,2,,3.30,4.10,1.60,1.80,1.50,,,2.90,,,3.50,,,1.80,1.30,2,2.90,2.50,3.50,
2008-12-04 01:20,5,5.58,2.97,4.47,1.02,-0.65,5.11,5.40,0.77,-1.96,3.18,3.79,0.22,3.58,3.21,1.11,0.90,-2.53,2,-0.12,1.37,2.09,-3.15,,0.07,2.29,4.49,3.37,-1.13,2.70,6.46,1.07,-1.92,-2.05,-1.30,-1.67,0.78,-0.72,2.79,3.21,-1.40,-2.62,1.16,6.54,2.20,5.84,6.20,6.18,4.22,5.68,1.04,7.25,8.35,7.79,7.20,7.56,6.98,6.50,6.95,7.21,6.01,6.80,5.29,1.72,6.18,,3.21,1.76,0.70,-2.02,1.99,1.28,4.12,2.10,2.87,4.27,4.50,5.01,3.60,0,-0.20,2.90,0.27,-2.32,0.36,1.51,-0.09,1.90,2.55,0.56,1.06,3.09,2.69,-0.30,-1.51,5.54,3.52,1.44,2.92,2,0.41,3.02,3.84,3.60,2.96,-0.02,2.19,3,1.90,0.84,2.23,3.94,1.38,2.02,2.24,1.77,1.40,2.06,2.68,,3.20,3.44,3.21,3.75,0.85,2.13,3.20,2.55,2.81,3.33,2.80,,2.40,-6.40,0.40,6.80,7.50,,,,,,,1.80,-2.70,,2.30,-0.20,3.10,6.57,,,,,,,,1.80,1.50,2.60,2.70,2.30,,,,,2,,3.10,4.20,1.60,1.80,1.50,,,2.80,,,3.50,,,1.80,1.60,2,2.90,2.60,3.60,
2008-12-04 01:30,4.90,5.53,2.92,4.45,0.98,-1.22,5.23,5.50,0.83,-1.91,2.67,3.71,0.25,3.43,2.95,1.28,1.11,-2.62,2,-0.81,1.44,1.98,-3.31,,0.13,4.31,4.89,3.26,-1.06,2.50,6.47,1.49,-1.98,-2.15,-1.43,-1.74,0.22,-0.69,3.20,2.99,-1.10,-2.79,0.88,6.31,1.50,5.99,6.10,6.17,4.11,5.64,0.58,7.02,8.39,7.68,7.18,7.44,6.67,6.50,6.96,7.09,6.07,6.80,5.34,1.60,6.14,,3.40,1.91,0.70,-1.94,2.09,1.21,3.97,2.07,3.89,3.55,4.60,4.81,3.60,0,-0.15,2.90,0.14,-2.28,0.38,1.37,-0.37,1.90,2.46,0.43,0.99,3.01,3.12,-0.30,-1.56,5.12,3.37,1.31,3.46,1.66,0.69,3.36,3.85,3.71,2.97,-0.04,2.32,3.20,1.83,0.72,2.12,3.92,1.62,2.15,2.35,1.70,1.50,1.94,2.65,,3.10,3.36,3.13,3.53,0.97,2.02,3.20,2.57,2.73,3.21,2.80,,2,-6.50,-0.30,6.90,7.10,,,,,,,2,-2.70,,2.40,-0.30,3.10,6.59,,,,,,,,2.10,1.30,2.60,2.60,2.40,,,,,1.80,,2.80,4.20,1.70,1.80,1.50,,,2.80,,,3.50,,,1.80,1.80,2,3,2.60,3.50,
2008-12-04 01:40,4.80,5.47,2.87,4.35,0.78,-0.87,5.26,5.20,0.74,-1.96,2.29,3.73,0.07,3.40,3.06,1.28,1.23,-2.72,1.90,-0.93,1.61,2.04,-3.25,,0.21,5.71,4.85,3.23,-0.94,1.50,6.37,1.45,-2.02,-1.85,-1.51,-1.70,-0.06,-0.75,3.23,4.11,-0.90,-2.63,1.38,6.41,0.90,5.88,6.10,6.25,3.81,5.58,0.08,6.85,8.33,7.79,7.19,7.32,6.33,6.50,7.10,6.68,6.18,6.70,5.36,1.52,6.06,,3.48,1.93,0.70,-1.96,2.04,1.19,3.96,2.07,3.96,3.42,4.50,4.66,3.60,0,0.62,2.80,0.09,-2.34,0.25,1.38,-0.36,1.80,2.30,0.40,0.97,2.93,3.28,-0.40,-1.48,6.04,3.23,1.38,2.65,1.09,0.58,3.63,3.72,3.66,3.06,0.02,2.43,3.30,1.86,0.56,1.99,3.90,1.51,2.15,2.46,1.73,1.50,1.93,2.69,,3.20,3.49,3.21,3.35,0.95,1.87,3.20,2.56,2.78,3.30,2.70,,1.90,-6.70,0.30,6.80,7.20,,,,,,,2,-2.80,,2.40,-0.40,3.20,6.35,,,,,,,,2.20,1.20,2.70,2.70,2,,,,,2,,2.60,4.20,1.80,1.90,1.50,,,2.70,,,3.50,,,1.70,1.90,1.90,3.10,2.60,3.50,
2008-12-04 01:50,4.70,5.44,2.76,4.12,0.73,0.33,5.12,5,0.75,-2.14,2.26,3.55,-0.09,3.43,3,1.14,1.24,-2.66,1.60,-1.26,1.74,2.28,-2.93,,-0.19,5.93,4.82,3.09,-0.55,1.30,6.38,1.53,-1.94,-1.52,-1.70,-1.75,-0.19,-1.07,3.05,4.90,-0.50,-2.06,1.96,6.44,0.30,6.33,6.10,6.23,4.10,5.62,0.61,7.31,8.31,7.98,7.29,7.40,6.62,6.60,7.26,6.97,6.38,6.60,5.38,1.65,6,,3.47,1.84,0.70,-2.04,2,1.26,4.10,1.99,3.94,3.31,4.40,4.51,3.30,0,0.42,3.10,0.15,-2.55,0.31,1.52,-0.37,1.40,2.27,0.28,1.07,2.71,2.44,-0.50,-1.54,7.36,3.06,1.41,2.69,0.81,-0.09,3.35,3.59,3.69,3.13,0.01,2.44,3.30,2.20,0.24,1.83,3.91,1.50,2.16,2.47,1.76,1.60,1.67,2.63,,3.10,3.62,3.16,3.54,0.85,1.68,3.20,2.60,2.86,3.13,2.70,,1.50,-6.80,1.30,6.80,7.40,,,,,,,2,-2.70,,2.40,-0.40,3.10,5.93,,,,,,,,2.10,1.40,2.60,2.90,2.10,,,,,2,,2.60,4.20,1.80,1.90,1.50,,,2.60,,,3.80,,,1.70,2,1.80,3.20,2.60,3.40,
2008-12-04 02:00,4.70,5.50,2.65,3.87,0.71,-0.66,5.09,5.10,0.59,-1.96,2.21,3.38,0.06,3.20,2.72,1.08,0.98,-2.67,1.10,-1.37,1.86,2.22,-3.02,,-0.44,6.21,5.16,2.97,-0.39,1.60,6.26,1.53,-2,-1.63,-1.89,-2.12,-0.13,-1.20,3,4.31,0,-1.48,2.31,6.22,-0.20,6.38,6,6.30,4.13,5.66,1.28,7.57,8.24,7.97,7.34,7.42,7.04,6.60,7.27,6.89,6.38,6.60,5.29,1.66,5.88,,3.27,1.79,0.60,-2.06,1.95,1.25,4.12,1.80,3.99,3.13,4.50,4.35,3,0,-0.56,3,0.10,-2.54,0.31,1.64,-0.49,1.40,2.23,0.33,1.17,2.52,2.55,-0.30,-1.55,7.52,3.17,1.25,2.53,0.87,-0.20,3.20,3.56,3.65,2.99,-0.02,2.45,3.30,1.94,0.18,1.68,3.90,1.26,2.19,2.60,1.76,1.60,1.58,2.57,,3.30,3.72,3.21,3.98,0.93,1.56,3.10,2.64,2.61,2.97,2.60,4.90,1.30,-6.90,0.40,6.70,7.20,6.40,3.30,-5.90,3.60,3.50,2.70,2.10,-2,0.20,2,-0.30,2.90,6.60,0.40,1.70,4.90,3.20,3.90,3,2.80,2.30,1.40,2.50,2.90,2.20,1.20,0.90,3.20,2.50,2,1.60,2.60,4.20,1.70,1.90,1.50,1,1.50,2.40,3.30,3.40,3.80,2,1.80,1.80,2,1.90,3.40,2.60,3.50,2.90
2008-12-04 02:10,4.50,5.41,2.71,3.57,0.70,-0.54,4.91,5.10,0.53,-2.30,2.52,3.41,-0.11,3.09,2.51,1,0.01,-2.69,1.10,-1.52,1.86,0.95,-3.23,,0.33,6.03,5.23,3.18,-0.28,1.20,6.46,2.02,-2.12,-1.86,-1.95,-2.35,-0.35,-1.18,3.44,3,0.10,-1.37,2.33,5.86,-0.60,6.24,5.90,6.32,3.77,5.64,1.63,7.49,8.21,7.97,7.37,7.43,7.22,6.60,7.22,6.59,6.19,6.60,5.27,1.57,5.74,,3.21,1.77,0.60,-2.09,1.97,1.13,3.95,1.38,4.02,3.23,4.60,4.32,2.72,0,-1.03,3.11,-0.08,-2.55,0.21,1.65,-0.62,1.30,2.14,0.09,1.40,2.45,2.42,-0.20,-1.77,7.79,2.82,1.09,2.34,0.93,-0.24,2.80,3.56,3.91,2.91,-0.08,2.62,3.30,1.65,-0.05,1.76,3.98,1.34,2.33,2.60,1.85,1.60,1.59,2.64,,3.30,3.81,3.25,3.83,0.75,1.59,3,2.63,2.78,2.73,2.60,,0.40,-7.10,-0.40,6.60,6.90,,,,,,,2.30,-2.80,,2,-0.60,2.90,5.97,,,,,,,,2.30,1.30,2.10,2.90,2.20,,,,,2.10,,2.70,4.20,1.70,1.90,1.50,,,2.40,,,3.80,,,1.80,2,1.90,3.40,2.60,3.40,
2008-12-04 02:20,4.50,5.32,2.67,3.72,0.53,-0.53,4.85,4.90,0.44,-2.16,2.71,3.61,-0.26,2.73,2.54,0.93,-0.24,-2.68,1.10,-1.55,1.85,1.76,-3.51,,0.72,5.73,5.32,2.81,-0.29,1.60,6.28,2.43,-2.34,-2.15,-1.77,-2.35,-0.52,-0.85,3.54,2.86,0.40,-1.12,2.75,6.27,-1.10,6.21,6,6.31,3.99,5.66,1.60,7.59,8.23,7.91,7.34,7.34,7.25,6.50,6.97,6.12,6.06,6.70,5.18,1.55,5.50,,3.29,1.83,0.70,-2.04,2.02,1.15,3.89,1.12,3.82,3.56,4.70,4.58,2.69,0,-0.52,2.90,-0.23,-2.36,0.26,1.66,-0.81,1.10,1.90,-0.11,1.37,2.40,2.81,-0.10,-1.87,7.73,2.59,1.10,2.36,0.63,-0.43,3.03,3.54,3.66,2.62,-0.14,2.54,3.30,1.17,0.11,1.85,4.09,1.45,2.24,2.54,1.84,1.60,1.59,2.69,,3.30,3.77,3.30,3.75,1.01,1.57,2.40,2.57,2.67,2.73,2.70,,0.20,-7.30,-0.30,6.50,7.10,,,,,,,2.50,-2.70,,1.90,-0.70,2.80,6.47,,,,,,,,2.30,1.20,2.20,2.90,2,,,,,2.10,,2.70,4.30,1.70,1.80,,,,2.30,,,3.90,,,1.90,1.90,1.90,3.20,2.50,3.40,
2008-12-04 02:30,4.50,5.29,2.61,3.74,0.50,0.01,4.83,5,0.39,-1.81,2.62,3.33,-0.27,2.77,2.60,0.98,0.87,-2.76,1.20,-1.94,1.87,2.34,-3.49,,1.08,5.57,5.37,2.59,-0.49,1.50,6.36,2.06,-2.35,-2.20,-1.72,-2.61,-0.57,-0.95,3.54,2.33,0.50,-1.08,2.65,6.09,-1.40,6.06,5.90,6.23,4.42,5.70,1.85,7.44,8.20,7.81,7.23,7.21,7.13,6.40,7.20,6.59,6,6.80,5.18,1.54,5.46,,3.22,1.73,0.60,-1.99,2,1.20,3.89,1.02,3.54,4.14,4.80,4.46,2.90,0,0.34,2.85,-0.13,-2.15,0.12,1.69,-0.90,0.90,1.76,-0.09,1.36,2.36,2.72,0,-1.86,7.42,2.63,1.23,2.43,0.75,-0.60,3.29,3.61,3.56,2.75,-0.24,2.41,3.20,0.95,0.07,1.95,4.20,1.45,1.99,2.36,1.84,1.60,1.60,2.62,,3.30,3.99,3.33,3.79,1.05,1.57,2.30,2.53,2.68,2.75,2.70,,-0.10,-7.40,0.30,6.50,7.40,,,,,,,2.60,-2.50,,1.80,-0.70,2.70,6.36,,,,,,,,2.50,1.20,1.80,2.90,2.20,,,,,2.20,,2.70,4.40,1.60,1.80,1.60,,,2.30,,,3.90,,,1.90,1.90,1.90,3.10,2.50,3.40,
2008-12-04 02:40,4.30,5.25,2.59,3.72,0.49,0.49,4.73,4.70,0.33,-1.71,2.43,3.41,-0.27,2.75,2.48,0.92,1.16,-2.63,1.20,-2.03,2.43,2.89,-3.28,,1.46,5.52,5.40,2.70,-0.65,1.50,6.26,1.09,-2.42,-2.53,-1.77,-2.65,-0.47,-1.08,3.66,2.59,0.50,-0.92,2.80,5.82,-1.70,5.83,5.90,6.18,4.22,5.64,1.56,7.23,8.10,7.78,7.06,7.17,7.21,6.30,7.28,7.42,6.01,6.70,5.10,1.46,5.36,,3.06,1.67,0.50,-2.12,1.86,1.20,3.96,0.94,3.51,4.15,4.80,4.35,3.21,0,1.05,2.69,-0.48,-1.91,-0.08,1.60,-1.04,0.60,1.82,-0.25,1.26,2.27,2.71,0,-1.88,7.18,2.77,1.26,2.41,1.89,-0.65,2.81,3.52,3.42,2.90,-0.37,2.53,3.30,0.91,0.77,1.93,4.19,1.48,2.02,2.39,1.82,1.60,1.63,2.60,,3.40,3.90,3.37,3.89,0.98,1.56,2.40,2.56,2.88,2.62,2.80,,0,-7.50,0.60,6.50,7.40,,,,,,,2.70,-2.70,,1.60,-0.90,2.50,6.22,,,,,,,,2.60,1,1.70,2.90,2.20,,,,,2.30,,2.70,4.50,1.60,1.70,1.60,,,2.30,,,3.90,,,1.90,1.90,1.80,3.30,2.40,3.40,
2008-12-04 02:50,4.30,5.15,2.54,3.70,0.48,0.91,4.92,4.50,0.30,-1.55,2.27,3.55,-0.10,2.39,2.58,1,1.17,-2.48,1.20,-2.01,2.72,2.87,-3.14,,1.23,5.62,5.28,3.11,-0.79,1.10,6.39,0.90,-2.62,-2.61,-2.09,-2.57,-0.52,-1.15,2.28,3.06,0.40,-0.75,2.56,5.10,-2.10,5.84,5.80,6.18,3.93,5.60,1.88,7.11,8.03,7.69,7.13,7.17,7.27,6.20,7.35,7.51,5.89,7,4.99,1.42,5.38,,2.90,1.76,0.60,-2.01,1.97,1.19,3.86,0.88,3.43,4.25,4.80,4.37,3.15,0,0.99,2.63,-0.46,-1.32,-0.11,1.41,-1.20,0.40,1.69,-0.45,1.32,2.23,2.04,0,-1.71,7.07,2.79,1.15,2.55,2.08,-0.58,4.36,3.38,3.33,3.15,0.05,2.61,3.30,0.75,1.27,2.03,4.22,1.44,1.94,2.80,1.85,1.70,1.64,2.65,,3.40,3.78,3.40,4.08,0.97,1.65,2.50,2.67,2.86,2.51,2.90,,-0.20,-7.60,1.40,6.40,7.50,,,,,,,2.60,-2.40,,1.50,-0.90,2.50,6.07,,,,,,,,2.70,1,1.60,2.90,1.80,,,,,2.30,,2.70,4.40,1.50,1.50,1.60,,,2.20,,,3.90,,,2,1.90,1.80,3,2.40,3.50,
2008-12-04 03:00,4.20,5.09,2.54,3.57,0.28,1.47,4.81,4.40,0.43,-1.34,2.26,3.53,-0.06,2.32,2.67,0.93,1.31,-2.20,1.30,-1.76,2.67,0.71,-3.28,,1.04,5.64,5.25,3.42,-0.85,1.70,6.41,1.05,-2.66,-2.56,-2.08,-2.53,-0.20,-1.40,0.70,3.34,0.50,-0.84,2.47,4.69,-2,5.79,5.70,6.14,4.02,5.38,2.31,7.17,7.96,7.39,6.80,7.07,7.28,6.10,7.28,7.41,5.83,6.90,4.85,1.38,5.54,,2.94,1.85,0.50,-2.09,1.99,1.16,3.85,0.71,3.33,3.78,4.70,4.32,2.93,0,0.65,2.72,-0.42,-1.65,-0.20,1.34,-1.31,0,1.41,-0.57,1.53,2.14,2.47,0.10,-1.89,7.07,2.85,1.28,2.39,2.75,-0.39,5.01,3.40,3.32,3.32,0.93,2.61,3.20,0.32,1.51,2.27,4.17,1.45,1.80,2.64,1.88,1.90,1.64,2.64,,3.50,3.70,3.65,4.24,1,1.81,2.50,2.71,2.62,2.42,2.90,5.50,0.70,-7.70,0.60,6.40,7.40,6.90,3.30,-5.90,2.40,2.90,2.20,2.50,-2,-1,1.30,-1,2.30,6.50,1.80,1.50,4.50,2.90,4.20,3.40,2.70,2.70,1.20,1.50,2.90,1.60,0.70,1,2.50,3.10,2.30,1.30,2.80,4.30,1.50,1.40,1.60,1.10,1.70,2.20,3.30,2.90,4,2.10,1.80,2.10,1.90,1.80,2.90,2.50,3.60,3.10
2008-12-04 03:10,4.10,5.15,2.49,3.56,0.15,1.35,4.79,4.70,0.37,-1.49,2.21,3.39,-0.47,2.42,2.56,0.93,1.24,-2.36,1.10,-1.65,2.46,-1.07,-3.21,,0.90,5.61,5.11,3.54,-0.77,1.90,5.79,1.12,-2.76,-2.96,-2.26,-2.60,-0.05,-1.32,-0.03,4.48,0.30,-0.64,2.59,4.44,-2.20,5.78,5.60,5.94,4.37,5.35,2.43,7.25,8.05,7.61,6.51,7.09,7.28,5.90,7.36,7.57,5.71,6.70,4.76,1.36,5.74,,3.03,1.88,0.40,-2.07,1.92,1.09,3.80,0.74,3.28,3.66,4.70,4.18,2.60,0,1.23,2.50,-0.39,-1.19,-0.33,1.16,-1.27,-0.10,1.26,-0.68,1.43,2.05,2.67,0.10,-2.05,7.12,2.81,1.05,1.93,3.23,-0.54,4.58,3.24,3.37,3.25,1.40,2.48,3.20,0.09,1.53,2.21,4.03,1.36,1.67,2.62,2.04,2,1.66,2.65,,3.50,3.62,3.71,4.21,1.10,1.73,2.70,2.70,2.76,2.32,2.90,,0.40,-7.80,1.10,6.50,7.60,,,,,,,2.50,-2.60,,1.30,-1,2.30,6.49,,,,,,,,2.70,1.10,1.60,2.90,1.60,,,,,2.30,,2.60,4.20,1.50,1.40,1.60,,,2.20,,,3.90,,,2.10,2,1.80,2.90,2.50,3.50,
2008-12-04 03:20,4.10,5.20,2.53,3.63,0.08,1.59,4.73,4.70,0.42,-1.60,2.06,3.50,-0.42,2.53,2.29,0.83,1.16,-2.14,1,-1.73,1.87,-1.28,-3.11,,1.13,5.51,5.39,3.32,-0.70,1.80,5.67,0.80,-2.78,-3.09,-2.41,-2.68,-0.05,-1.24,-0.70,4.64,0.30,-0.78,2.84,4.41,-1.70,5.72,5.60,5.77,4.43,5.48,2.62,7.18,8.04,7.66,6.59,7.12,7.14,5.90,7.30,7.25,5.62,6.80,4.73,1.34,5.82,,2.88,1.98,0.40,-1.95,1.91,1.14,3.79,0.67,3.31,3.87,4.70,4,2.70,0,1.55,2.40,-0.59,-1.02,-0.28,1.03,-1.19,-0.20,1.10,-0.68,1.43,1.98,2.15,0.10,-2.12,6.94,2.73,0.79,1.99,3.73,-0.82,3.96,3.13,3.31,3.27,1.60,2.49,3.30,0.51,1.53,2.35,3.98,1.28,1.70,2.66,2.13,2.20,1.63,2.63,,3.50,3.44,3.89,4.10,1.07,1.75,2.60,2.58,2.52,2.29,2.90,,0.20,-7.90,0.30,6.40,7.40,,,,,,,2.40,-2.60,,1.20,-0.90,2.30,6.15,,,,,,,,2.70,0.90,1.40,2.90,1.70,,,,,2.50,,2.50,4.20,1.40,1.30,,,,2.20,,,3.90,,,2.20,2,1.80,3.10,2.60,3.60,
2008-12-04 03:30,4.10,5.17,2.42,3.64,0.01,1.72,4.85,4.50,0.45,-1.55,2.11,3.33,-0.54,1.77,2.08,0.79,1.46,-1.88,0.90,-2.03,2.49,-0.67,-2.09,,1.39,5.50,5.47,3.41,-0.73,2.10,4.98,0.65,-2.74,-2.88,-2.45,-2.52,-0.28,-1.24,-0.95,4.58,0.40,-0.65,2.83,4.52,-1.90,5.54,5.50,5.69,4.93,5.44,3.22,6.87,7.96,7.53,6.46,7.12,7.07,5.70,7.23,7.04,5.73,6.80,4.71,1.24,5.78,,2.42,1.83,0.40,-1.85,1.95,1.09,3.88,0.60,3.32,4.24,4.60,3.99,2.70,0,1.44,2.40,-0.72,-0.81,-0.27,1.09,-1.44,-0.30,1.11,-0.83,1.59,1.92,2.46,0,-2.29,6.49,2.88,0.33,3,3.92,0.21,4.19,3,3.18,3.33,1.71,2.57,3.30,1.09,1.53,2.50,3.82,1.21,1.72,2.57,2.16,2.20,1.70,2.55,,3.60,3.47,3.98,3.86,1.17,1.73,2.70,2.48,2.46,2.40,2.90,,0,-8,0.10,6.30,7.20,,,,,,,2.30,-3.40,,0.90,-1.10,2.20,5.82,,,,,,,,2.70,0.90,1.30,2.90,1.70,,,,,2.50,,2.20,4.20,1.30,1.20,1.50,,,2.20,,,3.90,,,2.30,2.10,1.90,3.10,2.60,3.50,
2008-12-04 03:40,4.10,5.19,2.27,3.61,0.01,1.79,4.78,4.40,0.55,-1.71,2.12,3.34,-0.58,1.26,2.08,0.54,1.28,-1.84,0.90,-2.23,2.80,-0.11,-0.90,,1.78,5.83,5.39,3.80,-0.78,1.90,5.49,0.57,-2.75,-2.94,-2.56,-2.73,0.06,-1.18,-1.03,4.55,0.50,-0.59,2.93,4.56,-2,5.43,5.50,5.82,4.99,5.38,2.99,6.76,7.87,7.45,6.33,7.13,7.03,5.70,7.13,7.43,5.63,6.50,4.73,1.14,5.76,,1.94,1.63,0.40,-1.86,1.95,1.09,3.92,0.59,3.20,4.03,4.40,4.06,2.60,0,1.82,2.50,-0.92,-0.66,-0.40,1,-1.51,-0.50,1.10,-0.96,1.45,1.87,1.45,0.10,-2.34,6.25,2.88,0.20,2.41,4.16,3.82,4.06,2.73,3.12,3.19,1.64,2.36,3.40,1.61,1.56,2.37,3.56,0.96,1.80,2.53,2.17,2.10,1.86,2.45,,3.60,3.46,3.94,3.92,1.31,1.72,2.70,2.57,2.44,2.39,2.90,,-0.50,-8.10,1.10,5.90,7.20,,,,,,,2.20,-3.20,,0.80,-1.20,2.20,5.84,,,,,,,,2.60,0.60,1.40,2.80,1.20,,,,,2.50,,2,4.20,1.10,1,1.40,,,2.20,,,4,,,2.20,2.10,1.90,3.10,2.70,3.50,
2008-12-04 03:50,3.90,5.20,2.26,3.62,-0.06,2.10,5,4.70,0.77,-1.51,2.05,3.27,-0.69,0.79,2.41,0.59,1.03,-1.99,1.20,-2.57,2.22,0.13,-1.10,,2.27,5.99,5.23,3.58,-0.91,2.20,5.94,0.34,-2.48,-3.08,-2.72,-2.80,-0.10,-1.25,-1.10,4.29,0.50,-0.55,2.91,4.44,-2.30,5.93,5.50,5.81,4.79,5.36,3.21,6.65,7.70,7.56,6.27,7.11,7.12,5.70,7.01,7.74,5.45,7,4.64,1.16,5.77,,1.30,1.45,0.40,-1.95,1.81,0.89,3.75,0.63,3.28,3.87,4.10,3.96,2.50,0,1.75,2.60,-0.94,-0.59,-0.43,0.97,-1.54,-0.60,0.96,-1.11,1.75,1.76,1.69,0,-2.11,5.74,2.79,0.02,2.89,4.16,4.38,3.84,2.28,2.90,3.05,1.59,2.33,3.50,1.79,1.57,2.28,3.78,0.83,1.79,2.55,2.18,2.10,1.90,2.32,,3.50,3.27,3.97,3.99,1.17,1.75,2.70,2.47,2.81,2.37,2.90,,-1.10,-8.20,1.20,5.90,7.20,,,,,,,2.20,,,0.60,-1.30,2,5.71,,,,,,,,2.70,0.40,1.10,2.90,0.80,,,,,2.60,,1.80,4.20,0.80,1.10,1.30,,,2.20,,,3.70,,,2.10,2.20,1.90,3.10,2.70,3.40,
2008-12-04 04:00,3.80,5.13,2.25,3.66,-0.24,1.84,4.86,4.60,0.75,-1.36,1.72,3.01,-0.66,0.47,2.48,0.74,0.94,-1.92,1.40,-2.81,1.86,-0.29,-1.36,,2.58,6.11,5.04,3.73,-0.99,2.70,6.07,0.24,-2.43,-3.29,-2.81,-2.79,-0.46,-1.48,-1.16,4.02,0.40,-0.67,2.65,3.65,-2.50,5.90,5.40,5.87,4.46,5.24,3.26,6.43,7.65,7.49,6.29,7.07,6.85,5.70,6.97,7.91,5.37,6.90,4.64,1.15,5.75,,1.03,1.04,0.40,-1.88,1.75,0.59,3.84,0.71,3.40,3.76,4.20,3.82,2.70,0,1.76,2.80,-0.98,-0.60,-0.50,0.94,-1.60,-0.70,0.80,-1.12,1.61,1.59,1.55,-0.30,-2.64,3.64,2.84,-0.05,2.98,4.01,4.40,3.35,1.91,2.84,3.04,1.58,2.27,3.50,1.83,1.41,2.29,3.79,0.62,1.82,2.39,2.21,2.10,1.89,2.19,,3.50,3.10,3.96,4.05,1.19,1.66,2.60,2.47,2.70,2.39,2.90,4.80,-1.20,-8.20,0.50,5.80,7.10,,2.80,-5.80,2.10,2.90,1.70,2.20,-2.60,-1.60,0.30,-1.20,1.90,5,,0.30,3.90,2.30,4.30,3.20,2.60,2.70,0.10,1.40,2.90,1.30,0.60,0.70,2.50,2.90,2.50,1.20,1.60,4.20,0.60,1,1.10,1.10,1.60,2.30,3.10,2.70,3.50,2,1.80,2.20,2.20,2,3,2.50,3.30,3.20
2008-12-04 04:10,3.50,5.12,2.40,3.64,-0.28,1.59,4.15,4.30,0.43,-1.60,1.85,2.78,-0.64,0.14,2.30,0.64,1.02,-2.01,1.30,-2.89,0.97,-0.80,-1.38,,3,6.07,4.82,3.76,-1.07,2.20,6.01,0.09,-1.78,-3.37,-2.85,-2.65,-0.68,-1.78,-1.27,4.43,0.10,-0.44,2.39,3.09,-2.30,5.67,5.40,5.82,4.24,5.02,3.25,6.08,7.47,7.41,6.46,7.05,6.81,5.70,7.01,7.78,5.28,6.80,4.52,1.06,5.79,,0.86,0.81,0.40,-1.82,1.74,0.50,3.75,0.70,3.32,3.68,4.20,3.83,2.58,0,1.78,2.80,-0.91,-0.73,-0.47,0.90,-1.69,-0.80,0.56,-1.10,1.66,1.44,1.55,-0.60,-2.60,2.38,2.96,-0.10,2.61,3.84,4.43,2.47,1.76,2.67,2.77,1.30,2.15,3.60,1.91,1.36,2.40,4.02,0.50,1.81,2.29,2.19,1.70,1.87,2.10,,3.50,3.05,3.89,3.93,1.25,1.68,2.60,2.60,2.59,2.48,2.80,,-1.40,-8.30,2,6.30,6.90,,,,,,,2.40,-3.10,,0.40,-1.20,1.90,5.01,,,,,,,,2.60,0.30,1.30,2.90,1.30,,,,,2.80,,1.50,4.30,0.60,0.90,1.10,,,2.30,,,3.50,,,2.10,2.20,2,3,2.50,3.20,
2008-12-04 04:20,3.20,5.11,2.36,3.50,-0.47,1.94,4.03,4.20,0.32,-1.93,1.89,2.65,-0.48,0.25,2.24,0.47,1,-2.21,1.10,-2.74,0.34,-0.25,-1.82,,3.67,6.14,4.78,3.32,-1.13,3,4.80,-0.26,-2.09,-3.44,-2.79,-2.25,-0.72,-1.88,-1.35,4.49,0.40,-0.45,1.83,2.79,-2.10,5.55,5.40,5.76,4.23,4.90,3.11,5.96,7.12,7.39,6.48,7.04,6.61,5.80,7.17,7.79,5.30,6.80,4.48,0.96,5.86,,0.91,0.84,0.30,-1.91,1.82,0.71,3.67,0.70,3.36,3.80,4.20,3.77,2.47,0,1.68,2.90,-0.75,-1.02,-0.49,0.92,-1.71,-0.90,0.46,-1.15,1.63,1.28,1.69,-0.60,-2.65,1.92,2.97,0.05,2.89,3.64,4.34,2.59,1.45,2.16,2.70,1.18,2.21,3.60,1.82,1.33,2.53,4.04,0.48,1.86,2.15,2.18,1.60,1.92,2.15,,3.50,3.01,3.76,3.80,1.42,1.75,2.70,2.58,2.58,2.46,2.80,,-1.60,-8.30,2.40,6,6.90,,,,,,,2.40,-3.20,,0.30,-1.30,1.60,4.88,,,,,,,,2.60,0.40,1.20,2.90,1.40,,,,,2.90,,1.30,4.30,0.60,0.70,0.90,,,2.40,,,3.40,,,2.10,2.30,2,3,2.50,3.20,
2008-12-04 04:30,2.80,4.88,2.31,3.23,-0.35,1.35,3.92,3.90,0.39,-1.85,2,2.67,-0.29,0.25,1.82,0.42,1,-2.09,0.90,-2.86,-0.05,-1.51,-2.06,,3.82,5.80,5.13,3.34,-1.15,3,3.95,-0.58,-2.68,-3.52,-2.65,-2.30,-0.78,-1.94,-1.36,4.84,0.10,-0.31,2.72,2.40,-2.60,5.49,5.30,5.69,4.44,4.81,2.87,5.92,7.03,7.30,6.50,6.83,6.22,5.80,6.84,7.70,5.32,6.80,4.33,0.93,5.67,,1.35,0.88,0.20,-1.89,1.86,0.76,3.54,0.85,3.25,3.81,4.50,3.70,2.49,0,1.85,2.80,-0.88,-0.80,-0.61,0.69,-1.80,-0.90,0.34,-1.31,1.61,1.25,1.03,-0.70,-2.83,2.05,3.01,-0.07,2.57,3.24,2.20,2.54,1.53,1.86,2.70,1.38,2.29,3.60,1.76,1.30,2.55,4.09,0.32,1.79,2.15,2.08,1.70,1.97,2.16,,3.40,2.85,3.68,3.45,1.48,1.73,2.60,2.49,2.72,2.35,2.80,,-1.50,-8.30,1.40,5.90,7.30,,,,,,,2.40,-3.10,,0.20,-1.20,1.40,4.71,,,,,,,,2.60,0.40,1.60,2.90,1.20,,,,,2.80,,1.30,4.20,0.40,0.70,0.80,,,2.40,,,3.20,,,2.10,2.20,2,3,2.60,3.20,
2008-12-04 04:40,2.30,4.75,2.44,3.11,-0.43,0.07,3.83,3.90,0.36,-1.96,2.12,2.54,-0.31,0.08,2.43,0.34,1.04,-1.86,0.60,-2.68,-0.77,-2.02,-2.20,,4.11,5.47,5.21,3.81,-1.34,2.70,3.86,0.18,-2.22,-3.82,-2.51,-2.16,-1,-1.97,-1.27,4.47,-0.10,-0.44,2.57,1.73,-2.50,5.37,5.30,5.62,4,4.84,2.76,5.95,6.99,7.15,6.61,6.83,6.06,5.70,6.70,7.74,5.26,6.70,4.27,0.89,5.68,,1.16,0.46,0.30,-1.89,1.78,0.71,3.38,1.02,3.20,3.87,4.60,3.57,2.57,0,2.10,2.70,-1.01,-0.83,-0.85,0.68,-1.88,-0.90,0.28,-1.26,1.66,1.11,0.71,-0.70,-2.74,1.63,2.78,-0.20,3.07,2.89,0.72,3.04,1.32,1.35,2.62,1.84,2.34,3.60,1.72,1.11,2.56,4.07,0.30,1.77,2.26,1.89,1.70,2.03,2.14,,3.40,2.96,3.56,3.27,1.35,1.84,2.60,2.50,2.71,2.36,2.90,,-1.80,-8.40,3.20,5.90,7.10,,,,,,,2.30,-3,,0.20,-1.20,1.20,4.37,,,,,,,,2.50,0,1.60,2.90,1.50,,,,,2.80,,1.20,4.10,0.40,0.70,0.70,,,2.40,,,3,,,1.80,2.20,2,3,2.60,3.20,
2008-12-04 04:50,1.40,4.39,2.55,3.03,-0.39,-0.14,3.59,3.90,0.27,-2.27,1.98,2.41,-0.37,0.12,2.14,0.26,0.96,-1.64,0.30,-2.36,-0.94,-1.07,-2.24,,3.63,5.23,5.16,3.88,-1.33,3.10,3.71,-0.19,-1.92,-3.82,-2.57,-2.10,-1.26,-1.79,-1.57,4.51,-0.20,-0.49,1.48,1.41,-2.70,5.17,5.30,5.58,3.65,4.76,2.89,5.77,7.02,7.13,6.63,6.87,6.23,5.60,6.51,7.56,5.37,6.70,4.26,0.83,5.72,,0.82,0.12,0.40,-1.92,1.73,0.61,3.37,1.11,3.19,3.62,4.70,3.67,2.32,0,2.33,2.70,-1.01,-1.75,-0.96,0.72,-1.88,-1,0.37,-1.04,1.62,0.97,1.23,-0.70,-2.88,1.61,2.78,-0.51,2.98,2.69,0.71,3.69,0.60,0.86,2.46,2.08,2.34,3.60,1.80,0.79,2.54,4.02,0.27,1.80,2.32,1.81,1.80,2.15,2.18,,3.40,2.72,3.48,3.16,1.33,1.90,2.70,2.54,2.73,2.38,2.70,,-2,-8.40,3.20,5.70,7,,,,,,,2.30,-3,,0.10,-1.20,1.10,4.44,,,,,,,,2.60,0.20,1.70,2.80,1.80,,,,,2.80,,1.40,4.20,0.40,0.80,0.70,,,2.30,,,2.90,,,1.90,2.20,2,3,2.50,3.20,
2008-12-04 05:00,1.10,4.07,2.57,2.81,-0.39,-0.04,3.34,3.90,0.47,-2.24,1.75,2.41,-0.51,-0.03,1.90,0.18,0.87,-1.57,-0.10,-2.61,-1.41,-0.70,-1.95,,3.31,4.98,5.35,3.99,-1.48,3.40,3.34,-0.31,-2.01,-3.49,-2.32,-1.84,-1.42,-1.94,-1.82,3.99,-0.40,-0.68,0.69,1.14,-2.80,4.73,5.10,5.37,3.40,4.76,2.97,5.97,6.77,6.97,6.57,6.90,6.25,5.60,6.04,7.47,5.36,6.50,4.30,0.84,5.68,,1.74,0.10,0.40,-1.84,1.58,0.56,3.44,1,3.08,3.73,4.70,3.69,2.18,0,2.40,2.60,-1,-2.03,-0.99,0.67,-1.97,-1.20,0.33,-0.83,1.55,0.99,0.60,-0.70,-2.92,1.61,2.32,-0.60,1.96,2.48,0.56,2.56,0.07,0.31,2.19,1.94,2.33,3.60,1.82,0.58,2.63,3.98,0.34,1.82,2.23,1.92,2,2.23,2.18,,3.30,2.80,3.36,2.98,1.46,1.91,2.60,2.71,2.61,2.49,2.70,4.10,-2.10,-8.40,0.50,5.70,7.10,,3,-5.80,2.30,2.20,1.90,2.30,-3.60,-1.80,0.10,-1.10,1,5,1.60,-0.80,3.10,-0.40,4.10,2.60,2.90,2.60,0.50,1.70,2.80,2.30,0.10,0.40,1.80,3.30,2.80,1.60,1.40,4,0.40,1,0.70,,1.60,2.40,2.90,2.50,2.80,1.90,1.70,1.80,1.90,2.10,3,2.50,3.20,3.10
2008-12-04 05:10,0.90,4.07,2.51,2.62,-0.45,-0.67,3.02,4.10,0.31,-2.25,1.95,2.50,-0.33,-0.12,2.46,0.01,0.87,-1.61,-0.40,-2.77,-1.51,-1.25,-2.03,,3.55,4.73,5.07,3.89,-1.54,3.10,3.01,-0.60,-1.51,-3.52,-2.21,-1.84,-1.51,-2.17,-2.09,3.43,-0.60,-0.72,0.23,1,-3,4.95,5,5.31,3.12,4.74,2.69,6.14,6.96,7.11,6.60,6.74,6.20,5.60,5.36,7.64,5.37,6.50,4.38,0.79,5.66,,1.83,-0.35,0.50,-1.84,1.52,0.56,3.46,1.05,2.86,3.62,4.70,3.85,2.23,0,2.30,2.72,-0.56,-1.68,-1.12,0.65,-1.98,-1.30,0.11,-0.88,1.55,0.87,0.84,-0.70,-2.81,1.98,2.18,-0.32,1.68,1.27,0.40,2.92,-0.27,0.40,1.90,1.88,2.34,3.70,1.99,0.44,2.82,3.84,0.23,1.61,2.01,1.93,1.90,2.09,2.11,,3.30,2.62,3.42,3.14,1.38,1.69,2.70,2.64,2.65,2.54,2.60,,-2.30,-8.40,0.60,5.70,7,,,,,,,2.40,-3.20,,0.10,,1,5.05,,,,,,,,2.60,0.90,1.70,2.80,2.30,,,,,2.70,,1.50,3.90,0.40,1.10,0.70,,,2.40,,,2.60,,,1.60,1.90,2.10,3,2.50,3.10,
2008-12-04 05:20,0.80,4.29,2.44,2.60,-0.64,-0.51,1.97,4,0.43,-2.43,1.80,2.37,-0.51,-0.18,2.19,0.14,0.30,-1.52,-0.70,-2.75,-1.55,-1.31,-1.74,,4.02,4.36,4.61,3.06,-1.32,2.70,3.02,-0.78,-1.48,-3.27,-2.25,-1.82,-1.57,-2.37,-2.02,3,-0.70,-1.55,0.30,0.75,-3.30,4.90,5,5.26,3.02,4.65,1.56,6.03,7.13,7.24,6.63,6.72,6.33,5.60,5.24,7.72,5.24,6.30,4.29,0.84,5.65,,1.80,-0.65,0.30,-1.85,1.47,0.51,3.29,1.16,2.78,3.75,4.60,3.75,2.35,0,2.08,2.62,0,-1.51,-1.02,0.61,-1.95,-1.30,-0.09,-0.90,1.07,0.68,0.62,-0.70,-2.90,1.67,2.33,0.40,2.41,0.27,0.57,3.06,-0.67,0.49,1.64,1.80,2.59,3.70,1.80,0.41,2.98,3.67,0.23,1.56,1.93,1.95,1.80,2.18,2.07,,3.20,2.58,3.30,2.90,1.19,1.64,2.60,2.68,2.49,2.37,2.70,,-2.40,-8.40,1.50,5,6.70,,,,,,,2.50,-1.90,,0,-1,0.90,5.06,,,,,,,,2.60,0.90,1.60,2.70,2.50,,,,,2.90,,1.40,3.70,0.60,1.20,0.80,,,2.40,,,2.50,,,1.30,1.90,2.10,3.10,2.50,3.10,
2008-12-04 05:30,0.70,4.05,2.25,2.58,-0.84,-0.35,1.24,3.60,0.51,-2.44,1.44,2.50,-0.42,-0.16,2.28,-0.15,-0.86,-1.39,-1,-3.06,-1.60,-1.59,-1.56,,2.70,4.18,4.77,2.93,-1.57,2.20,2.91,-0.07,-1.72,-3.22,-2.31,-1.67,-1.23,-2.59,-1.95,2.49,-0.60,-1.84,-1.96,0.40,-3.70,4.86,5.20,5.16,3,4.63,1.78,5.59,7,7.11,6.58,6.60,6.36,5.60,5.11,7.58,5.14,6.30,4.27,0.72,5.57,,1.83,0.05,0.40,-1.74,1.16,0.59,3.14,1.21,2.86,3.68,4.60,3.18,2.23,0,2.05,2.65,0.43,-1.44,-0.86,0.53,-2.03,-1.40,-0.08,-0.88,1.18,0.51,0.32,-0.80,-3.01,0.90,2.25,0.24,2.72,-0.45,0.47,2.01,-1.04,0.59,1.23,1.47,2.68,3.60,1.95,0.34,3.08,3.65,0.17,1.62,1.51,2.15,1.70,1.98,2.14,,3.20,2.64,3.20,2.71,1.13,1.65,2.60,2.64,2.72,2.26,2.70,,-2.30,-8.50,1.70,5.20,6.70,,,,,,,2.50,-0.10,,0,-0.80,0.80,5.20,,,,,,,,2.50,0.90,1.50,2.60,2.50,,,,,2.90,,1.40,3.50,0.50,1.30,0.90,,,2.40,,,2.40,,,1.70,1.90,2.10,2.90,2.40,3.10,
2008-12-04 05:40,0.50,3.89,2.21,2.08,-0.63,-0.54,0.82,3.20,0.31,-2.63,1.03,2.61,-0.10,-0.26,2.30,-0.36,-1.19,-1.26,-1.30,-3.09,-1.62,-1.53,-1.61,,0.92,4.30,5.09,3.11,-1.51,2.10,3.20,-0.08,-2.15,-3.43,-2.48,-1.51,-1.55,-2.58,-1.99,2.01,-0.90,-1.48,-2.53,0.29,-4.10,4.74,5.10,5.02,2.95,4.66,1.84,5.76,7.09,7.15,6.47,6.33,6.35,5.60,4.21,7.72,5.21,6.30,4.24,0.58,5.61,,2.24,0.93,0.50,-1.72,1.05,0.60,3.25,1.23,2.71,3.48,4.50,2.86,2.33,0,1.97,2.69,0.41,-1.38,-0.98,0.42,-1.97,-1.30,-0.11,-0.91,1.35,0.32,0.36,-0.90,-3.14,1.19,2.26,-0.26,2.58,-0.74,0.32,2.23,-1.07,0.59,0.89,1.38,2.62,3.70,1.91,0.38,3.18,3.57,0.26,1.72,1.35,2.11,1.70,1.92,2.15,,3,2.58,3.06,2.49,1.04,1.68,2.50,2.63,2.77,2.04,2.80,,-2.80,-8.50,1.50,5.40,6.80,,,,,,,2.70,-2.60,,-0.30,-0.70,0.80,5.18,,,,,,,,2.50,0.60,1.50,2.40,2.30,,,,,2.60,,1.50,3.30,0.40,1.40,0.90,,,2.40,,,2.40,,,2,1.60,2.20,2.70,2.30,3.10,
2008-12-04 05:50,0.40,3.70,2.01,1.65,-0.69,-0.07,0.57,2.50,-0.01,-2.72,0.74,2.34,0.06,-0.46,2.26,-0.46,-1.56,-0.98,-1.60,-2.95,-1.63,-0.32,-2,,0.15,4.12,4.88,3.38,-1.36,2.20,3.68,-0.39,-1.76,-3.62,-2.78,-1.97,-1.81,-2.59,-1.92,1.37,-0.70,-1.03,-2.38,-0.05,-4.70,4.67,5,5,2.62,4.61,1.98,5.76,6.86,7.06,6.32,6.58,6.22,5.40,4.06,7.59,5.22,6.30,4.21,0.67,5.48,,2.65,1.19,0.50,-1.69,1.14,0.47,3.20,1.30,2.53,3.83,4.50,2.37,2.24,0,2.08,2.68,0.53,-1.59,-1.13,0.33,-1.98,-1.30,-0.25,-1.08,1.30,0.10,0.13,-1,-3.18,1.41,2.15,-0.36,2.54,-0.27,0.52,2.51,-1.10,0.41,0.58,1.31,2.46,3.60,1.60,0.39,3.27,3.50,0.26,1.76,1.49,1.98,1.70,1.90,2.20,,2.80,2.32,3.05,2.72,0.98,1.57,2.50,2.57,2.51,2.05,2.70,,-2.70,-8.60,1.90,5.40,6.80,,,,,,,2.80,-0.60,,-0.40,-0.70,0.80,4.79,,,,,,,,2.60,0.80,1.40,2.40,2.30,,,,,2.60,,1.50,3.10,0.40,1.50,1,,,2.40,,,2.40,,,2.30,1.70,2.10,2.70,2.30,3.10,
2008-12-04 06:00,0,3,1.93,1,-2,-0.36,0.62,1.90,-0.19,-2.73,0.70,2.16,0.03,-1,2.12,0,-1,-1.10,-2,-2.58,-2,0.08,-2.79,1,1,3,4.57,5.03,-2,2,5,-1,-1.04,-3,-2.83,-2,-2,-3,-2,2,-1,-2,-1,0,-4.30,4.63,5,4.97,2,4.50,2,6,6.77,7.04,6.30,7,6,5,4,7.56,5.23,6,4.19,0.70,5.33,,2.64,1.29,0.60,-1.64,1.40,0.53,3.11,1.29,2.69,3.98,4.50,2.18,2,2,1,2,0.80,-1,-1.40,0.14,-3,-1.30,-0.22,-1.11,1.33,-0.03,1,-1.10,-2,1.05,2.25,-0.34,2.33,-0.66,0.37,1.79,-1.24,-0.06,0.44,1.17,2.27,3.30,1.29,0.55,3.27,3.39,0.18,1.73,1.46,1.84,1.80,1.75,2.21,,2.80,2.25,3.03,2.56,0.84,1.80,2.30,2.53,2.40,2.01,2.80,1,-3,-9,1.60,5.40,6.60,6.90,0,-6,3,2,1,3,0,-2.20,-0.60,-0.70,0.70,4.30,2.40,-1.20,2,-1,3.40,1.60,2.90,2.70,0.60,1.40,2.30,2.40,-0.70,0,0.60,2.10,2.10,2.50,1.60,3,0.90,1.50,0.90,1,1,2.40,2.90,2.30,2.40,1.20,1.20,2.30,1.70,2.10,3,2.30,3.10,2.80
2008-12-04 06:10,-0.10,3.19,1.79,0.61,-0.84,-0.20,0.71,1.60,0.02,-2.78,0.50,2.71,-0.06,0.02,0.98,-0.37,-0.78,-1.05,-2,-2.78,-1.45,1.22,-3.07,,0.74,3.61,4.13,6.01,-1.62,2,4.71,-0.66,-0.48,-3.90,-2.65,-2.14,-2.16,-2.70,-1.76,1.02,-0.80,-1.45,1.05,0.74,-4.20,4.62,4.80,4.99,2.57,4.41,1.32,5.70,6.78,6.87,6.31,6.55,6.02,5.40,4.73,7.55,4.89,6.20,4.10,0.59,5.29,,2.55,1.55,0.60,-1.60,1.43,0.56,3.18,1.29,2.57,3.84,4.50,2.44,1.98,0,2.21,2.40,0.65,-1.54,-1.49,0.06,-2.18,-1.40,-0.35,-1.39,1.28,-0.17,0.03,-1.20,-3.13,1.13,2.52,-0.02,2.44,-0.59,0.06,2.11,-1.53,0.35,0.44,1.20,2.26,3.10,1.27,0.71,3.23,3.35,0.03,1.68,1.56,1.74,1.80,1.72,2.16,,2.80,2.34,3.03,2.59,0.80,1.65,2.60,2.28,2.15,2.01,2.80,,-2.40,-8.60,0.70,5.50,6.60,,,,,,,2.60,-0.20,,-0.60,-1,0.70,4.42,,,,,,,,2.60,0.70,1.40,2.30,2.40,,,,,2.50,,1.60,2.80,0.90,1.50,0.90,,,2.40,,,2.50,,,2.30,1.60,2.10,3,2.30,3.10,
2008-12-04 06:20,-0.10,2.97,1.70,0.37,-1.03,0.65,0.41,1.30,0.22,-2.92,0.59,2.94,0.18,-0.04,0.75,-0.39,-0.69,-1.09,-2.30,-1.98,-1.53,1.67,-3.02,,-0.19,3.34,3.95,4.93,-1.68,1.80,4.80,-0.51,-0.64,-3.82,-2.61,-2.25,-2.22,-2.78,-1.90,0.62,-1,-1.42,-0.90,0.41,-3.60,4.11,4.70,4.94,1.66,4.30,0.64,5.30,6.66,6.58,6.09,6.54,6.13,5.30,4.19,7.53,4.76,6.20,3.98,0.65,5.08,,2.36,1.61,0.60,-1.70,1.55,0.55,3.13,1.41,2.42,3.90,4.50,2.25,2.36,0,2.34,2.40,0.80,-1.62,-1.44,0.16,-2.17,-1.40,-0.44,-1.50,1.24,-0.49,-0.06,-0.90,-3.34,1.64,2.43,0.06,1.41,-0.15,-0.12,2.15,-1.74,-0.15,0.38,1.35,2.27,2.90,1.37,0.77,3.30,3.21,0.04,1.52,1.49,1.74,1.80,1.56,2.14,,2.80,2.19,2.95,2.60,0.81,1.63,2.60,2.12,2.22,2,2.70,,-2.50,-8.50,1.10,5.10,6.70,,,,,,,2.40,-2,,-0.80,-0.70,0.80,4.07,,,,,,,,2.60,0.60,1.40,2.30,3,,,,,2.40,,1.60,2.50,0.80,1.30,0.90,,,2.30,,,2.40,,,2.30,1.70,2.10,2.90,2.20,3.20,
2008-12-04 06:30,-0.20,2.88,1.71,0.10,-1.07,1.18,0.39,1,0.28,-2.99,0.77,3.09,0.49,-0.02,0.13,-0.27,-1,-0.98,-2.40,-1.83,-1.62,2.17,-3.46,,0.14,2.92,3.79,5,-1.63,1.70,4.85,-0.51,-0.94,-3.84,-2.59,-2.39,-2.05,-2.77,-1.87,0.50,-0.60,-1.34,-1.87,0.17,-3.60,4.06,4.70,4.89,1.23,4.26,0.44,4.87,6.57,6.67,5.98,6.54,6.09,5.20,4.70,7.39,4.85,6.10,4.06,0.63,4.95,,2.40,1.61,0.60,-1.67,1.57,0.58,3.10,1.44,2.46,4,4.40,2.02,2.44,0,2.33,2.30,0.91,-1.64,-1.54,0.15,-2.12,-1.50,-0.42,-1.58,1,-0.55,-0.18,-1.30,-3.24,2.74,2.20,0.01,1.20,-0.62,-0.40,2.83,-1.94,-0.52,0.41,1.52,2.34,2.80,1.52,0.92,3.34,3.11,0.15,1.56,1.41,1.78,1.60,1.50,2.16,,2.80,2.18,2.96,2.58,0.75,1.86,2.50,2.05,2.19,2.02,2.70,,-2.60,-8.30,1.10,4.80,6.60,,,,,,,2.10,-1.50,,-0.80,-0.90,0.60,3.91,,,,,,,,2.60,0.70,1.50,2.10,3,,,,,2.50,,1.40,2.40,0.80,1.20,1,,,2.30,,,2.50,,,2.30,1.90,2.10,2.90,2.20,3,
2008-12-04 06:40,-0.20,2.89,1.82,-0.17,-1.07,1.26,0.55,0.80,0.16,-3.06,0.74,2.67,-0.39,-0.26,-0.13,-0.35,-1.03,-0.99,-2.40,-2.41,-1.66,2.54,-3.69,,-0.35,2.59,3.63,4.58,-1.67,1.70,5.25,-0.35,-0.93,-3.55,-2.61,-2.32,-2,-2.76,-1.54,0.17,-0.70,-1.20,-1.50,0.05,-3.50,3.56,4.70,4.93,1.51,4.29,0.06,4.91,6.16,6.86,5.88,6.49,5.89,5.30,4.42,7.35,4.89,6,4.13,0.63,4.83,,2.69,1.60,0.70,-1.57,1.37,0.54,3.07,1.57,2.51,3.63,4.40,2.20,2.04,0,2.25,2.30,1.13,-1.53,-1.64,-0.12,-2.08,-1.60,-0.45,-1.63,0.82,-0.56,-0.28,-1.40,-3.37,2.74,2.10,-0.05,1.45,-1.22,-0.57,1.73,-1.83,-0.34,0.45,1.61,2.28,2.80,1.37,0.81,3.28,3.09,0.22,1.54,1.33,1.85,1.30,1.47,2.13,,2.70,1.83,2.86,2.47,0.68,1.60,2.50,1.95,1.97,2.07,2.70,,-2.30,-7.90,1.10,4.80,6.60,,,,,,,1.90,-3.30,,-0.90,-0.90,0.50,3.81,,,,,,,,2.50,0.70,1.30,2,3,,,,,2.50,,1.20,2.40,0.90,1.20,1,,,2.20,,,2.50,,,2.20,2.10,2.10,2.80,2.20,2.40,
2008-12-04 06:50,-0.30,3.04,1.93,-0.26,-0.97,1.45,0.69,0.60,0.05,-3.13,0.65,2.29,-1.15,-0.21,-0.54,-0.38,-0.87,-1.10,-2.70,-2.42,-1.72,2.39,-3.67,,-0.23,2.16,3.33,3.91,-1.77,1.60,5.33,-0.19,-0.79,-3.49,-2.45,-2.32,-1.96,-2.85,-1.70,0.03,-0.70,-1.28,-2.20,-0.14,-3.10,3.47,4.70,4.97,1.36,4.14,-0.07,4.92,6.48,7.14,5.82,6.53,5.88,5.20,4.51,7.48,4.88,6,4.14,0.55,4.73,,2.72,1.71,0.60,-1.63,1.38,0.50,3.60,1.43,2.53,3,4.40,1.84,2.30,0,2.17,2.30,1.11,-1.48,-1.42,-0.13,-2.06,-1.50,-0.52,-1.66,0.77,-0.59,-0.42,-1.50,-3.36,2.37,1.92,-0.26,2.07,-0.90,-0.55,1.69,-1.92,-0.20,0.46,1.25,2.25,2.70,1.25,0.75,3.39,3.11,0.08,1.40,1.10,1.80,1,1.44,1.98,,2.70,1.80,2.84,2.39,0.81,1.62,2.40,1.93,1.89,2.14,2.60,,-2.60,-7.60,1.30,5.10,6.60,,,,,,,1.80,-2.40,,-1,-1,0.20,3.57,,,,,,,,2.50,0.70,1,1.90,2.60,,,,,2.20,,1.40,2.30,0.90,1.20,1,,,2.30,,,2.30,,,2,2.20,2.10,2.70,1.90,2.40,
2008-12-04 07:00,-0.40,3.45,1.99,-0.45,-0.83,1.21,0.36,0.50,0.30,-3.18,0.68,2.37,-1.37,-0.17,-0.69,-0.45,-0.70,-1.16,-2.90,-2.49,-1.64,2.46,-3.53,,0.11,2.15,3.18,3.54,-1.50,1.50,5.49,-0.12,-1.08,-3.56,-2.45,-2.52,-2.12,-3,-1.63,-0.28,-1,-1.87,-2.45,-0.15,-3,3.72,4.70,4.91,1.91,4.15,-0.13,4.44,6.43,7.09,5.87,6.51,5.90,5.30,4.80,7.49,4.77,6,4.16,0.52,4.90,,3.02,1.77,0.70,-1.63,1.77,0.62,3.78,1.57,2.61,2.76,4.30,1.55,2.45,0,2.14,2.30,0.88,-1.28,-1.38,-0.03,-1.82,-1.30,-0.67,-1.58,0.52,-0.61,-0.56,-1.50,-3.20,2.69,1.69,-0.48,2.29,-0.62,-0.77,1.07,-1.90,-0.77,0.49,1.47,2.29,2.60,1.23,0.79,3.39,3.05,0.18,1.33,0.98,1.81,0.80,1.37,1.81,,2.60,1.76,2.72,2.41,0.92,1.47,2.40,1.86,2.05,2.22,2.70,-0.70,-2.60,-7.10,1.30,5.20,6.70,,0.10,-5.80,2.20,2.30,2.40,1.70,-2,-3.10,-1,-1.10,0.30,3.60,2.80,-1.90,-0.70,-1.60,1.50,1.40,2.80,2.50,0.80,0.40,1.90,2.70,-1,-0.70,0.40,1.20,1.90,2.40,1.40,2.20,0.70,1,1.10,0.70,0.90,2.30,2.80,2.40,2.20,1.20,1,1.90,2.10,1.60,2.70,1.80,2.10,2.90
2008-12-04 07:10,-0.50,3.65,2.03,-0.52,-0.80,1.33,0.13,0.40,0.48,-3.04,0.90,2.21,-1.42,-0.24,-0.75,-0.19,-0.65,-1.18,-2.80,-2.42,-1.45,2.60,-3.46,,-0.26,2.41,3.24,4.04,-1.54,1.60,4.83,0.14,-0.98,-3.62,-2.51,-2.47,-2.40,-3.01,-1.60,-0.40,-1.50,-2.09,-2.51,-0.30,-3.10,3.52,4.80,4.96,2.17,4.13,-0.30,5.33,6.59,7.07,5.95,6.39,6.18,5.40,5.04,7.48,4.80,6.10,4.18,0.41,5.13,,2.96,1.82,0.80,-1.54,1.76,0.57,3.84,1.63,2.68,3.28,4.20,1.58,2.26,0,2.20,2.40,0.76,-1.25,-1.50,0.02,-1.85,-1.20,-0.86,-1.36,0.59,-0.60,-0.48,-1.60,-3.25,2.71,1.68,-0.66,1.84,0.22,-0.64,1.76,-2.31,-0.11,0.55,1.46,2.34,2.40,1.39,0.75,3.37,2.84,0.22,1.37,1.08,1.76,0.80,1.34,1.66,,2.50,1.66,2.72,2.40,0.82,1.28,2.40,1.80,2.20,2.14,2.40,,-2.80,-6.60,1.10,5.10,6.60,,,,,,,1.70,-1.20,,-1.10,-1.20,0.30,2.96,,,,,,,,2.30,0.60,0.30,2,2.70,,,,,1.50,,1.50,1.90,0.80,1,1.10,,,2.30,,,2.10,,,1.70,2,1.60,2.70,1.80,1.80,
2008-12-04 07:20,-0.60,3.89,2.15,-0.23,-0.80,1.21,0.19,0.90,0.70,-2.96,1.08,2.14,-1.34,-0.41,-0.77,-0.09,-0.34,-1.06,-2.70,-2.68,-1.32,2.25,-3.57,,-0.62,2.42,3.23,3.97,-1.42,1.50,4.13,0,-1.37,-3.62,-2.53,-2.48,-1.87,-2.92,-1.84,-0.33,-1.40,-2.04,-2.33,-0.48,-3.30,3.53,4.80,4.91,2.28,4.12,-0.34,5.74,6.53,7.28,5.99,6.28,6.48,5.40,5.44,7.43,4.56,6.20,4.22,0.44,5.27,,3.25,1.89,1,-1.41,1.90,0.74,3.80,1.57,2.81,3.83,4.10,1.55,2.29,0,2.23,2.40,0.73,-1.06,-1.37,0.16,-1.47,-1.30,-0.87,-1.22,0.53,-0.64,-0.61,-1.70,-2.99,1.49,1.63,-0.75,1.50,-0.43,-0.56,2.10,-2.27,0.09,0.59,1.50,2.40,2.40,1.34,0.65,3.26,2.73,0.42,1.21,1.32,1.83,0.90,1.11,1.64,,2.40,1.58,2.82,2,0.95,1.23,2.40,1.90,2.16,2.20,2.40,,-2.60,-6.30,1.20,5.20,6.70,,,,,,,1.70,-0.50,,-1.10,-1,0.20,2.81,,,,,,,,2.50,0.80,0.40,1.80,2.60,,,,,1.60,,1.50,1.80,0.80,1,1.10,,,2.20,,,2,,,1.60,2.20,1.50,2.80,1.70,2,
2008-12-04 07:30,-0.40,4.01,2.25,1.61,-0.60,0.96,0.50,1.10,1.51,-2.61,1.17,2.07,-1.23,-0.35,-0.61,0.14,-0.19,-1.06,-2.60,-2.84,-1.27,0.70,-2.98,,-0.46,2.45,3.57,2.97,-1.48,1.90,3.67,0.09,-1.28,-3.51,-2.50,-2.39,-1.52,-2.93,-1.76,-0.24,-1,-1.74,-2.35,-0.30,-3.30,3.41,4.80,4.99,2.58,4.16,-0.36,6.01,6.95,7.34,6.02,6.50,6.53,5.50,6.15,7.03,4.63,6.20,4.21,0.55,5.34,,3.26,1.95,1.10,-1.49,2.09,0.64,3.70,1.61,2.76,4.04,4.20,1.45,2.43,0,2.19,2.40,0.70,-0.68,-1.28,0.45,-0.97,-1.30,-0.74,-1.05,0.68,-0.68,-0.54,-1.80,-2.93,1.04,1.75,-0.70,2.20,-0.49,-0.30,1.75,-2.19,0.42,0.72,1.77,2.48,2.50,1.54,0.69,3.25,2.83,0.46,1.12,1.60,1.71,1,1.11,1.72,,2.50,1.50,2.82,2.27,1.12,1.37,2.50,2.06,1.89,2.10,2.50,,-2.50,-5.90,1,5.30,6.80,,,,,,,1.80,-1.70,,-1.20,-0.90,0.10,3.14,,,,,,,,2.70,1,0.20,1.70,2.50,,,,,1.70,,1.40,2,0.90,1.10,1,,,2.10,,,2.10,,,1.50,2,1.60,2.80,1.50,2.10,
2008-12-04 07:40,0.30,4.27,2.57,2.41,-0.60,1.10,0.78,1.30,2.03,-2.07,1.34,2.24,-0.89,-0.29,-0.12,0.31,-0.17,-1.26,-2.40,-2.19,-1.11,2.44,-2.57,,0.39,2.51,3.93,3.28,-1.42,2.10,3.56,0.37,-1.23,-3.37,-2.52,-2.43,-1.52,-2.89,-1.69,-0.42,-1.20,-1.98,-2.32,-0.12,-2.90,3.45,4.80,4.98,2.58,4.12,-0.50,6.23,6.78,7.18,6.09,6.61,6.55,5.60,6.36,6.83,4.89,6.20,4.23,0.66,5.40,,3.27,2.08,1.30,-1.45,2.12,0.38,3.14,1.60,2.74,4.20,4.50,1.47,2.30,0,2.26,2.30,0.89,-0.73,-1.12,0.71,-0.56,-1.20,-0.69,-1.20,0.91,-0.62,-0.33,-1.80,-2.76,1.62,1.76,-0.77,2.81,-0.14,-0.23,1.78,-1.78,0.74,0.75,1.89,2.59,2.80,1.78,0.69,3.16,2.81,0.46,1.27,1.75,1.84,1,1.31,1.76,,2.50,1.79,2.86,2.25,0.97,1.67,2.50,2.10,2.18,2.08,2.40,,-1.90,-5.70,0.50,5.20,6.80,,,,,,,1.70,-1.80,,-1.10,-0.80,0,3.18,,,,,,,,2.70,0.90,0.50,1.80,2.60,,,,,1.80,,1.40,2.40,0.80,1,1,,,1.90,,,2.10,,,1.50,1.90,1.50,2.70,1.50,2.50,
2008-12-04 07:50,1.40,4.48,2.82,2.70,-0.50,1.31,0.89,1.80,2.14,-1.49,1.72,2.53,-0.23,-0.40,0.24,0.55,0.11,-1.12,-2,-1.72,-0.89,3.01,-2.08,,0.45,2.88,3.94,3.63,-1.22,1.90,3.55,0.65,-1.04,-2.96,-2.73,-2.17,-1.63,-2.46,-1.13,-0.47,-1,-2.14,-2.27,-0.10,-2.10,3.20,4.90,4.89,1.88,4.04,-0.60,6.28,6.68,7.26,6.14,6.70,6.65,5.60,6.55,6.87,5.06,6.30,4.18,0.65,5.47,,3.38,1.99,1.30,-1.46,2.17,0.55,3.25,1.63,2.75,4.05,4.70,2.30,2.34,0,2.06,2.30,1.17,-0.67,-0.98,0.68,-0.26,-1,-0.60,-1.51,1.15,-0.57,-0.40,-1.80,-2.61,1.92,1.94,-0.94,2.81,-0.23,0,1.94,-1.51,1.03,1.09,1.80,2.64,2.80,1.67,0.66,3.17,2.79,0.49,1.25,1.75,1.97,0.90,1.55,1.75,,2.60,2.13,2.92,2.25,0.97,1.94,2.50,2.17,2.11,2,2.30,,-1.50,-5.60,0.40,5.30,7,,,,,,,1.70,-1.10,,-1.10,-0.30,0.10,2.83,,,,,,,,2.80,1.50,0.90,1.70,2.70,,,,,1.80,,1.40,2.60,0.80,1,,,,1.90,,,2.30,,,1.50,1.80,1.60,2.70,1.50,2.80,
2008-12-04 08:00,2.90,4.64,2.98,2.84,-0.40,1.32,1.05,3,2.04,-1.02,2.04,2.86,-0.01,-0.44,0.63,0.88,0.26,-1.04,-1.40,-1.42,-0.88,3.82,-1.65,,0.33,3.13,4.13,4.07,-1.10,1.90,3.30,0.99,0.06,-2.84,-2.76,-1.78,-1.19,-2.13,-0.69,-0.59,-0.90,-2.08,-2.16,0.38,-1.50,4.03,5.20,4.91,1.84,4.12,-0.65,6.34,6.84,7.23,6.24,6.73,6.78,5.70,6.85,7.02,5.22,6.50,4.24,0.66,5.60,,3.51,1.96,1.40,-1.39,2.19,0.48,3.56,1.89,2.56,4.33,4.60,3.01,2.47,0,1.94,2.10,1.64,-0.60,-0.82,0.77,-0.26,-0.90,-0.50,-1.58,1.30,-0.44,-0.37,-1.70,-2.46,1.89,2.23,-0.92,2.83,-0.07,0.09,2.24,-1.47,1.59,0.94,1.76,2.90,3,1.81,0.56,3.11,2.80,0.42,1.34,1.70,1.88,1,1.74,1.97,,2.70,2.42,2.96,2.43,0.95,2.03,2.60,2.20,1.96,2.02,2.30,2.90,-1,-5.50,0.90,5.30,7,7.40,2,-5.60,3.20,2.60,2,1.80,-1,-1.30,-0.40,0,0.30,3.20,,-0.90,-0.70,-0.60,4.60,1.10,3.40,3,1.50,1,1.60,2.70,-0.60,-0.50,1.30,0.90,2.10,2.60,1.60,2.70,0.80,0.90,1,0.60,0.90,1.80,2.90,2.40,2.30,1.60,1.30,1.50,1.80,1.70,2.80,2,2.80,2.70
2008-12-04 08:10,4.20,4.83,3.16,3,-0.30,1.61,1.64,4.20,2.48,-0.56,2.44,2.99,-0.22,0.15,1.31,1.07,0.16,-0.96,-1,-0.83,-0.67,4.27,-1.12,,0.80,3.30,4.67,4.51,-0.67,2.70,3.39,1.62,0.89,-2.88,-2.73,-1.80,-0.90,-1.89,0.31,-0.73,-0.90,-1.91,-2.20,1.07,-1.10,3.63,5,4.99,2.47,4.13,-0.39,6.44,6.88,7.20,6.43,6.81,6.92,5.70,6.80,7.08,5.21,6.70,4.30,0.69,5.69,,3.59,2.03,1.30,-1.53,2.15,0.65,4.04,2.17,2.41,4.99,4.90,3.43,2.90,0,2.04,2.22,1.91,-0.64,-0.68,1,0.01,-0.70,-0.30,-1.75,1.20,-0.30,-0.23,-1.60,-1.76,1.85,2.37,-0.79,3.41,0.72,0.33,2.30,-1.36,1.61,0.88,1.79,2.79,3,2,0.60,3.10,2.70,0.39,1.39,1.92,1.85,1,1.72,2.11,,2.60,2.46,3.05,2.66,0.87,1.88,2.50,2.32,1.99,2.08,2.50,,-0.20,-5.30,1.10,5.70,7,,,,,,,2,-0.40,,-0.40,0,0.30,3.04,,,,,,,,3.30,1.90,1.20,1.70,2.70,,,,,2.10,,1.90,2.90,0.80,0.90,1,,,1.80,,,2.30,,,1.50,1.70,1.70,2.80,2.10,2.60,
2008-12-04 08:20,4.70,4.84,3.24,3.06,-0.20,2.53,1.95,4.50,2.75,0.09,2.75,3.01,-0.23,0.62,1.68,1.15,0.75,-0.77,-0.30,0.09,-0.38,4.40,-0.38,,1.27,3.87,5.18,4.08,-0.15,2.90,4.15,1.97,1.09,-2.36,-2.68,-1.52,-0.52,-1.07,0.84,-0.56,-1,-2.33,-2.31,1.61,-0.70,3.71,5.20,5.24,2.65,4.17,-0.18,6.74,6.93,7.13,6.48,6.83,7.08,5.80,6.91,6.94,5.39,6.70,4.30,0.64,5.82,,3.63,2.03,1.40,-1.58,2.16,0.69,4.39,2.72,2.40,5.19,5.50,3.75,3.40,0,1.96,2.28,2.07,-0.21,-0.29,1.13,0.24,-0.30,-0.06,-1.58,1.31,-0.15,-0.11,-1.60,-1.34,2.24,2.61,-0.65,3.98,0.54,0.55,1.83,-0.85,1.63,0.98,2.05,3.02,3.10,2.10,0.49,3.43,2.80,0.38,1.37,2.14,1.87,1,1.87,2.19,,2.70,2.62,2.93,2.68,0.85,1.85,2.50,2.58,2.20,2.11,2.50,,0.90,-5.10,2.50,6,7,,,,,,,2.10,0.30,,-0.10,1.30,0.30,3.69,,,,,,,,3.40,1.70,1.60,1.70,2.90,,,,,1.80,,2.10,3.10,0.80,0.80,1,,,2,,,2.50,,,1.40,1.60,1.80,2.80,2.20,2.90,
2008-12-04 08:30,5,4.83,3.59,3.40,0,2.88,1.83,4.60,2.78,0.67,2.20,3.18,0.01,0.97,1.88,1.22,0.92,-0.54,0.30,0.49,-0.38,4.65,0.31,,1.55,4.33,5.57,3.76,0.29,3.30,4.74,2.14,1.37,-2,-2.46,-1.54,0.10,-0.61,1.33,-0.48,0,-1.90,-2.32,2.19,-0.40,4.29,5,5.61,2.81,4.10,0.12,6.87,7.07,7.12,6.53,6.96,7.15,5.80,7.11,6.96,5.45,6.80,4.31,0.62,6.02,3.51,3.51,2,1.50,-1.52,2.32,0.83,4.58,2.71,2.55,5.36,5.70,3.87,3.50,0,1.86,2.25,2.27,-0.06,0.43,1.38,0.62,0,0.12,-1.44,1.58,-0.02,0.04,-1.30,-0.72,2.30,2.76,-0.42,4,1.02,0.92,2.90,-0.58,1.42,1.03,2.54,3.18,3.60,1.94,0.65,4.05,3.17,0.32,1.45,2.40,1.75,1.20,2.07,2.29,,2.60,2.59,2.94,2.68,0.90,1.88,2.50,3.01,2.62,2.31,2.50,,1,-4.90,3,6,7.20,,,,,,,2.10,0.80,,0.30,1.50,0.60,4.10,,,,,,,,3.50,1.80,1.80,1.70,2.90,,,,,2.10,,2.20,3.30,0.90,1,1,,,2.30,,,2.60,,,1.40,1.70,1.80,2.90,2.30,3,
2008-12-04 08:40,5.10,5.01,4.12,3.60,0.20,3.06,2.20,5,3.12,0.98,2.09,3.67,0.02,1.39,1.99,1.69,0.99,-0.50,0.60,1.03,-0.05,4.78,1.31,,1.90,4.40,6.11,4.34,1.11,4,4.73,2.74,1.81,-1.49,-2.34,-1.71,0.26,-0.12,1.64,-0.57,-0.10,-1.47,-2.36,2.78,0.20,4.67,5.70,5.51,3.01,4.12,0.53,7.16,7.48,7.11,6.47,7.02,7.33,5.80,7.27,7.23,5.54,6.80,4.40,0.74,6.14,3.51,3.76,2.17,1.50,-1.45,2.42,0.81,4.90,2.74,2.67,5.52,5.90,3.99,3.70,,1.72,2,2.46,0.24,0.66,1.48,1.04,0.60,0.36,-1.40,1.65,0.33,0.24,-1.20,-0.29,3.78,2.94,-0.30,4.59,1.22,0.99,3.51,0,1.46,1.30,3.11,3.32,4,2.11,0.91,4.29,3.58,0.43,1.52,2.54,1.76,1.40,2.29,2.43,,2.90,2.53,3,2.87,0.99,2,2.60,3.27,2.92,2.31,2.60,,1.10,-4.70,3.70,6.20,7.30,,,,,,,2.20,1.10,,0.50,1.70,1.30,4.56,,,,,,,,3.60,1.70,2,1.70,3,,,,,2.70,,2.30,3.50,0.90,1.10,1,,,2.40,,,2.70,,,1.40,1.80,1.90,2.80,2.30,3.10,
2008-12-04 08:50,5.40,5.31,4.50,3.74,0.60,2.88,2.68,4.90,3.51,1.27,1.98,3.93,0.22,1.84,2.76,1.81,1.31,0.04,1.30,1.55,0.13,5.03,1.91,,2.16,4.43,6.04,5.41,1.79,4.70,5.11,3.69,2.34,-0.95,-2.22,-1.57,0.64,-0.16,1.85,-0.37,0,-1.60,-2.05,3.25,1.40,4.66,5.90,5.62,3.13,4.22,0.98,7.35,7.49,7.24,6.59,7.03,7.26,5.80,7.50,7.60,5.64,7,4.52,0.87,6.16,3.54,3.71,2.16,1.50,-1.35,2.60,0.82,5.31,2.93,2.69,5.66,6,3.85,3.50,0,1.85,2.30,3,0.54,0.64,1.67,1.16,0.80,0.56,-1.20,1.59,0.51,0.38,-1,0.84,4.60,3.38,-0.13,5.67,1.49,1.17,3.65,0.59,1.65,1.63,3.67,3.45,4.10,2.37,1.14,4.49,3.56,0.49,1.53,2.56,1.84,1.70,2.50,2.55,,3.30,2.65,3.09,2.98,0.94,1.96,2.70,3.18,2.85,2.36,2.70,,2.40,-4.50,4.30,6.90,7.10,,,,,,,2.20,1.90,,0.90,2,2.10,5.17,,,,,,,,3.70,1.70,2.30,1.80,3.10,,,,,3,,2.50,3.80,0.90,1,0.90,,,2.60,,,2.80,,,1.40,1.90,1.90,2.80,2.40,3.10,
2008-12-04 09:00,5.50,5.45,4.96,3.96,1.17,2.45,2.69,5.20,3.49,1.69,2.45,4.32,0.78,3.16,3.33,2.19,1.49,0.30,1.70,1.53,0.35,4.92,2.22,,2.63,4.47,6.32,5.48,2.25,5,5.08,3.32,2.74,-0.54,-1.77,-1.74,1.06,-0.11,2.15,0.05,0.90,-1.59,-1.72,3.26,1.70,4.83,6.10,5.84,3.30,4.22,1.22,7.55,7.43,7.22,6.56,7.11,7.33,5.80,7.75,7.89,5.87,7.10,4.61,0.79,6.18,3.54,3.92,2.10,1.60,-1.22,2.70,0.86,4.83,3.07,2.61,5.88,6.10,4.10,3.10,0,2.20,2.30,3.32,1.21,1.10,2.16,1.14,1.30,0.77,-0.89,1.58,0.68,0.64,-0.70,1.27,4.77,3.63,-0.04,5.73,2.25,1.02,3.79,0.62,1.89,1.58,3.92,3.80,4.10,2.62,1.49,4.82,3.39,0.68,1.53,2.45,1.90,1.90,2.48,2.64,,3.60,2.72,3,2.84,0.90,1.87,2.70,3.57,2.96,2.58,2.90,5.80,3.60,-4.30,3.90,6.60,7,,3.40,-5.40,3.80,4.10,3.80,2.30,1.30,-0.20,1.30,2.40,3.20,6.80,,0.20,1.90,1.10,5.70,2.90,4.20,3.80,1.60,2.70,2.20,3,0.50,0.50,2.20,2.90,3.20,4.10,2.80,3.90,1,0.90,0.80,0.60,1.40,2.80,3.40,3.80,3.10,1.60,1.60,1.40,1.80,1.90,2.90,2.50,2.90,3.20
2008-12-04 09:10,5.80,5.88,5.38,4.19,1.40,2.63,3,5.60,3.74,2.30,3.23,4.64,1,4.27,3.53,2.23,1.47,0.70,2.80,2.12,0.49,5.08,2.45,,2.86,4.62,6.52,5.39,2.67,5.10,5.64,3.59,2.65,-0.36,-1.08,-1.79,1.44,-0.22,2.69,0.58,1.50,-1.67,-2.04,3.68,2.20,5.27,6.90,6.02,3.38,4.27,1.46,7.89,7.60,7.34,6.60,7.29,7.55,5.80,7.71,8.12,5.91,7.20,4.69,0.77,6.16,3.52,3.97,2.28,1.70,-1.21,2.69,0.83,4.58,3.15,2.25,5.99,6,4.39,3.17,0,2.24,2.50,3.68,1.15,1.36,2.40,1.46,1.10,1.07,-0.69,1.29,0.86,0.72,-0.30,1.49,4.75,3.85,0.13,5.94,3.54,1.21,4.34,1.22,1.95,1.56,4.24,4.15,4,2.68,1.90,4.93,3.42,0.74,1.65,2.41,2.05,1.90,2.56,2.78,,3.50,2.90,2.99,2.84,1.06,1.98,2.70,3.57,3.16,2.72,2.80,,2.30,-3.90,3.90,6.80,7.10,,,,,,,2.40,1.50,,1.30,2.40,3.30,6.58,,,,,,,,4.10,1.80,3,2.90,3,,,,,3.50,,2.70,4.30,1,0.90,0.80,,,2.90,,,3.40,,,1.60,1.70,1.90,2.90,2.50,3,
2008-12-04 09:20,6.20,6.20,5.62,4.25,1.60,3.06,3.39,5.50,4.08,3.39,3.78,4.64,0.89,5.17,5.08,2.56,1.35,0.63,3.40,2.30,0.43,5.34,2.24,,3.53,4.89,6.80,4.95,2.99,5,6,4.15,2.78,0.42,-0.58,-1.71,2.06,-0.37,3.13,0.84,0.90,-1.44,-1.83,4.55,3.50,5.63,6.60,6.03,3.74,4.21,1.76,8.32,7.90,7.28,6.54,7.34,7.64,5.80,7.80,8.31,6.02,7.10,4.82,0.68,6.20,3.56,4.02,2.46,1.90,-1.25,2.90,0.91,4.71,3.47,2.74,5.95,6.20,4.55,3.44,0,2.28,2.60,4.01,1.69,1.81,2.71,1.67,1.30,1.50,-0.30,1.33,1.04,0.80,0.10,1.98,4.71,3.96,0.34,6.22,4.67,1.34,4.61,1.79,2.24,1.86,4.33,4.54,4.10,2.98,2.03,4.94,3.40,0.78,1.57,2.45,2.23,2,2.48,3.07,,3.50,2.99,2.94,3.25,0.92,2,2.90,3.72,2.97,2.75,2.80,,2.60,-3.60,4.30,7,7.30,,,,,,,2.50,1.70,,1.60,3,2.80,7.19,,,,,,,,4.20,2,3.30,3.10,3,,,,,3.60,,2.60,4.30,1,0.90,0.80,,,2.90,,,3.50,,,1.60,1.70,1.90,3,2.50,3.10,
2008-12-04 09:30,6.50,6.51,6.11,4.58,2.10,3.43,3.71,5.80,4.46,4.88,4.48,4.86,1.43,6.03,5.48,2.70,1.39,1.11,3.70,2.49,1.01,5.41,2.66,,4.12,4.90,6.82,5.11,3.37,4.90,6.32,4.94,3.22,0.97,-0.15,-1.69,2.64,-0.36,3.22,1.13,1.70,-0.70,-2.08,5.44,3,6.09,5.40,5.85,3.59,4.20,2.07,8.22,7.59,7.35,6.69,7.38,7.71,5.90,7.73,8.39,6.11,7.10,4.83,0.84,6.36,3.72,4.11,2.48,1.90,-1.20,3.32,0.80,4.99,3.54,2.54,5.85,6.10,4.49,3.33,0,2.41,2.80,4.07,1.93,2.35,2.94,1.91,1.70,1.93,-0.05,1.51,1.12,0.90,0.30,2.78,4.72,4.26,0.77,6.62,5.15,1.59,4.96,2.17,2.72,1.86,4.38,4.97,4.40,3.15,2.01,4.93,3.58,0.89,1.87,2.42,2.45,1.80,2.44,3.34,,3.70,2.98,2.87,3.69,0.89,1.98,2.90,3.67,2.93,2.94,2.70,,4,-3.60,4.50,6.90,7.20,,,,,,,2.80,1.90,,2.10,3.40,1.60,7.35,,,,,,,,4.60,2,3.60,3.50,3.40,,,,,4,,3,4.40,1.10,1,0.90,,,3,,,3.40,,,1.70,1.80,2,3,2.40,3.30,
2008-12-04 09:40,6.80,6.84,6.44,4.90,2.10,3.70,4.11,6,5.10,5.99,5.41,4.90,2.01,6.36,5.66,2.90,1.69,1.10,3.90,2.89,1.70,5.61,3.30,,4.31,5.21,6.83,5.40,4.05,5,5.92,5.10,3.41,1.88,-0.44,-1.53,3.17,-0.42,2.96,1.70,2.20,-0.67,-1.86,5.59,3,6.45,4.80,5.61,3.84,4.25,2.54,8.01,7.70,7.45,6.86,7.42,7.69,6,7.90,8.33,6.21,7.30,4.74,0.99,6.52,3.89,4.20,2.42,1.90,-1.11,3.61,0.80,5.45,3.45,2.42,5.93,6,4.13,3.53,0,2.60,3.31,4.27,2.19,3.25,3.18,2.20,2,2.42,0.25,2.20,1.28,1.41,0.60,3.32,4.96,4.60,1.20,6.91,5.64,2.15,5.48,2.38,2.83,2.08,4.47,5.43,4.60,3.43,1.71,5.02,3.53,0.98,1.97,2.55,2.47,2,2.46,3.23,,3.40,3.07,3.04,3.59,0.95,1.94,3,3.86,3.10,2.96,3,,3.60,-3.50,6.20,7.10,7.40,,,,,,,3.10,2.50,,2.20,3.80,1.50,7.60,,,,,,,,4.60,1.90,3.90,4.20,3.40,,,,,3.90,,3.20,4.50,1.10,1,0.90,,,3.20,,,3.30,,,1.80,1.80,2.10,2.90,2.50,3.20,
2008-12-04 09:50,7,6.96,6.52,4.92,2,3.88,4.25,6,5.21,6.48,6.70,4.89,2.82,6.67,5.42,3.06,1.61,1.18,4.20,3.24,2.21,5.79,3.02,,4.47,5.29,6.76,5.42,4.61,5.20,6.06,5.28,3.24,1.89,-0.87,-1.07,3.09,-0.48,2.79,2.09,2.70,0.05,-1.64,5.73,3.80,6.54,4.70,5.42,3.88,4.33,2.79,7.74,7.79,7.60,7.02,7.52,7.74,6.20,8.10,8.49,6.40,7.20,4.96,1.05,6.73,3.98,4.53,2.41,1.90,-1.13,3.38,0.90,5.55,3.67,2.37,6.72,6.20,3.87,3.89,5.76,2.42,3.71,4.50,2.43,3.56,3.34,2.44,2.40,2.88,0.78,2.65,1.55,1.86,0.80,3.88,5.33,4.88,1.52,6.83,5.95,2.52,5.91,2.82,3.05,2.36,4.54,5.63,5,3.44,1.71,5.03,3.48,1.02,2.01,2.89,2.58,2.30,2.35,2.83,,3.40,3.35,3.30,3.72,0.93,1.96,3.10,3.86,3.08,3.09,2.80,,3.60,-3.80,6.50,7.20,7.40,,,,,,,3.30,2.60,,2.60,4.10,1.40,8.06,,,,,,,,4.60,2,4.10,4.60,3.30,,,,,4.10,,3.50,4.70,1.20,1,0.90,,,3.30,,,3.30,,,1.90,1.90,2.10,2.90,2.60,3.20,
2008-12-04 10:00,7.40,7.10,6.93,5.30,2.47,4,4.24,6.40,5.40,6.91,7.58,5.50,3.58,7.31,5.87,3.51,1.88,1.44,4.70,3.96,3.33,5.48,3.54,,4.64,5.40,6.73,5.15,5.16,5.30,5.92,5.17,3.27,1.81,-0.72,-0.49,3.48,-0.31,2.73,2.37,3.10,0.25,-1.29,5.94,4,6.70,4.70,5.36,3.73,4.43,2.33,7.60,7.71,7.71,7.21,7.49,7.89,6.30,8.09,8.52,6.57,7.10,4.97,1,6.68,3.96,4.53,2.51,2,-1.09,3.25,1.02,5.60,3.81,2.35,7.30,6.20,3.69,4.18,5.34,2.57,3.96,4.62,2.64,3.75,3.61,2.50,3,3.14,1.38,3.24,1.89,2.65,1.50,4.48,5.62,5.05,1.63,6.27,6.28,2.83,6.16,3.42,3.45,2.53,4.83,5.42,5.30,3.67,1.85,5.16,3.55,1.06,2.01,2.48,2.66,2.40,2.34,2.73,,3.40,3.38,3.59,3.64,1.03,1.97,3,3.95,3.06,3.18,3,7,3.80,-3.90,7.10,6.50,7.50,7.50,5.30,-5.10,3.70,4.50,4.30,3.50,2.60,2.40,3.30,4.60,2.40,8.50,,1.40,5.60,2.90,6.80,4.30,5.30,4.40,1.80,4.30,5,4,1.60,1.20,2.80,3.80,4.50,5.20,3.80,4.70,1.10,1.20,1,0.60,2.40,3.10,3.80,4.40,3.40,1.90,1.60,1.90,1.90,2.20,3,3.10,3.30,3.50
2008-12-04 10:10,7.50,7.68,7.35,5.46,3,4.09,4.81,7.10,5.77,7.70,7.30,5.59,3.85,7.66,5.68,3.81,2.05,1.35,4.90,3.78,3.65,5.96,3.52,,4.67,5.69,7.15,5.28,5.28,5.40,6.16,5.33,3.01,1.76,-0.44,-0.06,3.75,-0.01,3.58,2.82,3.40,-0.14,-1.52,5.96,4.10,6.77,4.90,5.43,3.79,4.58,2.26,7.60,7.78,7.76,7.33,7.62,7.97,6.40,7.99,8.53,6.65,7.20,5.04,0.88,6.61,4.22,4.49,2.55,2.20,-1.18,3.44,1.07,5.67,3.79,2.23,7.22,6.50,3.95,4.33,5.15,2.84,3.95,4.73,2.89,4.15,3.77,2.92,3.10,3.30,1.72,3.44,2.21,3.13,2.10,5.01,5.95,5.07,1.63,5.87,6.73,3.21,6.32,3.88,4.09,2.66,5.21,6.05,5.30,3.85,2.10,5.19,3.62,1.13,1.95,2.41,2.81,2,2.45,2.67,,3.20,3.48,3.29,3.61,1.24,2.04,3.10,3.84,2.91,3.19,3,,5.70,-4.20,6.50,6.10,7.50,,,,,,,3.70,2.80,,3.20,4.60,2.40,8.52,,,,,,,,4.90,2,4.40,5.30,4,,,,,4.70,,3.80,4.80,1.10,1.20,1,,,3.20,,,3.40,,,2,1.90,2.30,3,3.20,3.40,
2008-12-04 10:20,7.80,7.87,7.24,5.58,3.20,4.15,5.35,7.10,5.89,8.13,7.70,5.36,4.36,7.76,5.68,4.04,1.98,1.53,4.50,3.97,3.51,5.73,3.51,,4.73,5.62,7.70,5.50,5.64,5.40,6.39,5.43,3.01,1.94,-0.47,0.51,4.15,0.48,3.77,2.98,3.60,1.24,-1.65,5.87,5,6.63,5.30,5.55,3.86,4.70,2.50,7.74,7.87,7.75,7.39,7.82,8.21,6.60,7.96,8.55,6.73,7.20,5.10,0.93,6.85,4.06,4.53,2.43,2.30,-1.14,3.17,1.08,5.72,3.96,2.59,7.18,6.50,4.31,4.25,5.32,2.96,4.12,4.82,2.90,4.78,3.63,2.83,3.40,3.16,2.19,2.80,2.56,3.33,2.70,5.71,6.34,5.17,1.71,5.65,6.83,4.18,6.34,4.34,4.58,2.94,5.45,5.88,5.50,4.10,2.40,5.26,3.78,1.14,2.12,2.82,2.87,2.20,2.72,2.85,,3.10,3.62,3.29,3.41,1.21,2.15,3.30,4.04,3.06,3.33,3,,5,-4.60,6.40,6.20,7.60,,,,,,,3.80,3,,3.20,5.70,3,8.64,,,,,,,,5.20,2,4.40,5.50,4.30,,,,,5,,3.90,4.80,1.20,1.20,1.10,,,3.20,,,3.40,,,2.10,2.10,2.40,3.10,3.30,3.60,
2008-12-04 10:30,8,8.13,6.54,5.88,3.60,4.26,5.85,7.20,6.30,8.74,7.99,5.43,4.84,7.71,6.07,4.24,2.39,1.67,4.80,4.18,3.48,4.94,3.66,,5,5.71,7.71,5.82,5.90,5.70,6.29,6.46,3.16,2.04,-0.22,1.29,4.68,0.75,4,3.10,3.70,2.01,-1.67,5.32,5.30,6.60,5.40,5.69,3.92,4.75,2.64,7.88,7.95,7.85,7.59,7.97,8.35,6.80,7.99,8.46,6.70,7.30,5.06,1.03,6.89,4.16,4.42,2.36,2.40,-0.92,3.21,1.17,6.17,4.31,2.98,7.17,6.70,4.72,4.11,5.20,3.11,4.17,4.89,3.05,5.17,3.95,2.98,3.70,3.65,2.47,2.73,3.04,3.50,3.20,5.95,7.07,5.63,2.18,5.84,6.80,4.80,6.32,4.79,5.12,3.06,5.89,5.95,5.70,4.42,2.43,5.47,3.94,1.35,2.25,2.79,2.87,2.30,2.79,2.98,,3.30,3.26,3.22,3.18,1.14,2.14,3.20,4.15,3.12,3.45,3,,4.80,-4.50,6.50,6.10,7.70,,,,,,,4.10,3,,3.60,6.10,3.70,8.81,,,,,,,,5.40,2,4.70,5.60,4.20,,,,,4.90,,4,4.90,1.20,1.30,1.20,,,3.20,,,3.40,,,2.20,2.20,2.60,2.90,3.10,3.70,
2008-12-04 10:40,8.30,8.47,6.41,6.06,3.80,4.25,6.27,7.50,6.54,9,7.97,5.69,5.11,8,6.60,4.56,2.38,2,5.10,4.45,2.84,4.66,3.99,,5.13,5.76,7.59,6.11,6.29,5.60,6.49,6.15,3,1.86,-0.20,1.85,4.94,0.45,4.23,3.28,3,1.88,-1.05,4.93,5.30,6.70,5.50,5.91,3.90,4.86,2.73,7.88,7.99,7.82,7.65,7.98,8.29,7,8.05,8.44,6.70,7.20,5.01,1.06,6.90,4.20,4.26,2.24,2.50,-0.72,3.69,1.25,6.56,4.43,3.32,7.34,6.90,5.35,4.03,5.11,3.23,4.02,4.88,3.43,5.42,4.47,3.25,4,3.72,2.84,3.13,3.12,3.84,3.90,6.07,8.13,5.83,2.36,5.78,6.92,4.89,6.40,4.89,5.64,3.39,6.13,6.24,5.60,4.64,2.59,5.54,3.88,1.38,2.42,2.67,2.92,2.30,2.99,3.13,,2.90,3.21,3.42,3.21,1.11,2.13,3.20,4.22,3.30,3.43,2.90,,4.70,-4.80,7.30,6,7.70,,,,,,,4.10,2.80,,3.30,6.80,4.30,8.54,,,,,,,,5.70,2.20,4.80,5.80,3.90,,,,,5.20,,4,5.10,1.20,1.40,1.30,,,3.40,,,3.40,,,2.20,2.20,2.70,2.80,3.40,3.90,
2008-12-04 10:50,8.40,8.64,6.39,6.32,3.90,4.55,6.56,8.10,6.77,9.02,8.27,5.89,5.11,8.34,6.92,4.96,2.75,2.15,5.30,3.92,3.18,4.70,3.99,,5.41,5.90,7.64,6.31,6.38,5.70,6.47,6.42,3.49,1.86,-0.23,1.39,4.63,-0.05,4.13,3.38,2.80,1.90,-0.18,4.94,5.10,6.86,5.60,6.09,3.83,4.98,2.95,7.89,7.96,7.87,7.71,7.92,8.28,7.10,8.13,8.38,6.88,7.20,4.98,1.13,7,4,4.35,2.35,2.40,-0.69,3.87,1.65,6.59,4.88,3.32,7.44,6.80,5.83,3.96,5.65,3.30,4.03,4.73,4.05,6.09,4.62,3.37,4.40,3.14,3.11,3.11,3.61,4.19,4.20,6.63,8.17,6.06,2.52,5.57,6.97,4.60,6.63,4.73,5.48,3.70,6.26,6.53,5.90,4.64,2.78,5.63,3.85,1.40,2.22,2.57,2.70,2.50,3.01,3.29,,2.90,3.43,3.51,3.24,1.05,2.19,3.30,4.11,3.21,3.37,3,,4.50,-5.40,6.40,6.10,7.50,,,,,,,4.10,2.90,,3.30,7.40,4.80,8.08,,,,,,,,6,2.60,5,5.90,3.30,,,,,5.20,,4,5,1.30,1.50,1.40,,,3.40,,,3.30,,,2.30,2.40,2.80,2.80,3.10,4,
2008-12-04 11:00,8.70,8.91,6.57,6.75,4,4.88,6.96,8.20,6.69,9.38,8.31,6.61,5.13,8.70,7.12,4.96,2.67,2.63,5.40,3.65,3.92,4.46,3.64,,5.65,6.10,7.82,6.27,6.26,5.50,5.93,6.10,3.39,1.66,-0.21,1.20,4.54,-0.10,4.04,3.61,2.30,1.80,2.98,5.07,4.70,6.92,5.90,6.29,3.81,5.11,3.05,7.98,7.94,7.88,7.69,8.01,8.50,7.30,8.04,8.23,6.95,7.30,5.04,1.06,7.03,3.89,4.46,2.44,2.40,-0.65,3.60,1.82,6.29,5.17,3.23,7.53,6.70,6.11,4.22,5.61,3.14,4.30,4.70,4.86,5.95,4.79,3.54,4.60,2.99,3.42,3.52,4.23,4.52,4.60,6.56,7.97,6.18,3.11,5.16,6.90,4.52,6.82,5.01,5.55,3.94,6.63,6.76,6,4.82,2.77,5.68,3.91,1.43,1.89,2.51,2.58,2.50,2.94,3.22,,3.10,3.50,3.41,3.36,0.85,2.23,3.60,4.15,3.29,3.50,2.90,6.10,4.70,-5.60,6.60,6.20,7.50,7.20,5.30,-4.80,3.40,5.40,6.30,4.20,3.10,4.40,3.90,7.90,1.60,8.20,6.30,2.90,6.30,4.30,7.50,5.60,5.80,6.30,2.90,5.20,6.20,3.70,2.60,1.80,3.40,4.60,5.20,5.50,4,5.10,1.40,1.30,1.50,1.10,2.70,3.20,3.50,,3.40,2.20,1.70,2.40,2.40,2.50,2.90,3.20,4.10,3.30
2008-12-04 11:10,8.70,9.28,6.63,7.11,3.90,4.96,6.88,8.60,6.38,9.57,8.45,6.72,4.73,9.01,7.35,5.35,2.38,2.62,5.20,2.83,4.60,4.31,3.51,,5.89,6.15,7.82,5.89,6.15,5.20,5.90,5.93,2.64,1.35,0.07,1.52,4.38,0.01,4.12,3.71,2.80,1.67,4.13,5.08,4.60,7.14,6,6.34,3.75,5.20,3.22,8.08,7.98,7.99,7.70,8.07,8.77,7.60,8.15,8.23,6.92,7.30,4.98,1.08,6.86,3.90,4.36,2.41,2.80,-0.47,3.75,1.75,6.79,5.11,2.89,7.45,6.50,6.40,4.59,5.40,3.40,4.60,4.71,5.45,6.10,4.71,3.83,4.80,2.94,3.44,3.67,4.61,4.84,4.70,6.39,8.03,6.36,3.80,4.95,6.84,4.50,7.03,5.30,5.84,4.11,6.79,6.81,6,5.15,2.77,5.89,3.93,1.38,1.89,2.60,2.49,2.30,2.99,3.07,,3.30,3.52,3.31,4.05,0.81,2.36,3.60,4.16,3.15,3.30,2.90,,5,-5.70,6.20,6.30,7.50,,,,,,,4.60,3.50,,4,8,1.50,,,,,,,,,6.10,3.10,5.20,6.40,3.70,,,,,5.20,,4.10,4.90,1.40,1.30,1.60,,,3.30,,,3.40,,,2.40,2.70,2.50,2.90,3.20,4,
2008-12-04 11:20,8.90,9.28,6.93,7.13,3.90,5.08,6.72,8.80,6.07,9.67,8.35,6.50,4.44,8.81,7.53,5.54,2.61,2.53,4.80,2.45,4.74,3.96,3.53,,6.24,6.18,7.74,5.67,6.06,5.10,5.96,5.85,1.98,1.15,0.60,2.09,4.39,0.17,4.12,3.84,2.90,1.49,3.44,5.10,4.40,7.23,6.10,6.50,3.71,5.22,3.14,8.16,8.14,8.13,7.74,7.97,9.09,7.60,8.17,8.22,6.80,7.40,5.05,1.17,6.70,3.89,4.55,2.56,3,-0.29,3.85,1.78,7.24,5.28,2.58,7.42,6.70,6.53,4.84,5.54,3.53,4.70,4.74,5.68,6.33,4.79,4.08,5.20,2.93,3.81,3.94,4.90,5.14,5,6.19,8.14,6.41,4.07,5.05,6.82,4.58,7.14,4.87,6.05,4.38,6.92,7.14,6.10,5.16,2.96,5.82,3.99,1.45,2.04,2.74,2.53,2.20,3.07,3.23,,4.20,3.47,3.24,3.66,0.98,2.52,3.30,4,3.39,3.43,3.10,,4.70,-5.80,6.20,6.50,7.50,,,,,,,4.70,3.60,,4.20,7.80,1.30,,,,,,,,,6.10,3.20,5.30,6.40,3.70,,,,,5.30,,4.10,5.30,1.60,1.30,1.60,,,3.20,,,3.30,,,2.60,2.50,2.20,3.10,3.20,4.10,
2008-12-04 11:30,8.90,9.47,6.73,7.01,3.90,5.15,6.85,8.90,6.03,9.25,8.16,6.23,4.42,8.46,7.68,5.40,2.40,2.77,4.70,2.29,4.67,3.59,3.44,,6.47,6.36,7.72,5.21,6.17,5.20,5.88,5.80,1.44,0.89,0.97,2.94,4.38,0.24,4.01,4.07,2.40,1.52,3.32,5.34,4.10,7.20,6.10,6.49,3.84,5.42,3.25,8.34,8.26,8.29,7.80,7.97,9.05,7.60,8.13,8.28,6.75,7.20,5.15,1.24,6.59,3.81,4.56,2.77,3.10,-0.56,3.99,2.03,7.13,4.96,2.52,7.71,7,6.49,5.02,5.41,3.73,4.90,4.80,5.72,6.39,5.17,4.10,5.30,3.25,4.52,4.12,5.34,5.45,5.50,6.67,8.11,6.02,4.50,5.04,6.75,4.89,7.27,4.74,6.10,4.47,6.84,7.17,6.10,5.41,3.08,5.91,3.93,1.53,2.01,3.09,2.45,2.20,2.94,3.18,,4.30,3.46,3.22,3.50,1.04,2.69,3.10,4.06,3.35,3.34,2.90,,4.70,-6,6.20,6.50,7.50,,,,,,,4.40,3.70,,4.40,7.50,1.10,,,,,,,,,6.30,3.60,5.40,6.90,3.80,,,,,5.30,,4.30,5.60,1.60,1.30,,,,3.40,,,3.20,,,2.60,2.40,2,3.20,3.30,3.90,
2008-12-04 11:40,9.10,9.54,6.88,6.98,4.30,5.23,6.79,8.90,6.14,8.69,7.22,5.99,4.02,7.78,7.41,5.13,2.43,2.36,4.30,2.41,4.50,4.01,3.35,,6.52,6.19,7.78,4.97,6.29,5.20,5.72,5.82,1.08,1.09,1.03,3.33,4.31,0.65,3.97,4.19,2.10,1.48,3.49,5.43,3.70,7.25,6.30,6.50,3.78,5.53,3.18,8.19,8.25,8.39,7.85,8.02,8.87,7.60,8.12,8.24,6.78,7.10,5.19,1.48,6.53,3.90,4.73,2.94,3.30,-0.37,4.27,1.86,6.86,4.85,2.82,7.82,6.90,6.25,5.07,5.69,3.77,5.30,4.92,5.86,6.47,5.40,4.25,5.70,3.48,5.01,4.01,5.52,5.68,5.20,7.18,8.05,5.70,4.86,5.20,6.80,5.10,7.40,5.06,6.03,4.60,6.94,7.28,6.10,5.65,3.03,5.87,3.84,1.66,1.94,3.13,2.48,2.10,3.03,2.92,,4.50,3.55,3.15,3.36,0.98,2.79,2.80,4.02,3.31,3.23,2.90,,4.60,-6.40,6.10,6.60,7.60,,,,,,,4.70,4,,4.60,7.40,1.40,,,,,,,,,6.40,3.80,5.60,6.70,3.90,,,,,5,,4.30,5.50,1.60,1.40,1.60,,,3.60,,,3.10,,,2.60,2.40,2,3.30,3.30,3.60,
2008-12-04 11:50,9.10,9.51,6.94,6.89,3.70,5.16,6.50,8.40,6,8.32,6.66,6.07,3.68,7.83,7.13,4.82,3.23,1.82,3.80,2.36,4.42,4.01,3.37,,6.16,6.14,7.60,5.20,6.28,5.30,5.68,5.77,1.23,1.47,1,3.50,4.24,0.90,3.90,4.42,1.70,1.25,3.50,5.15,3.50,7.19,6.10,6.57,3.77,5.61,3,8.29,8.19,8.48,7.86,8.14,8.59,,8.11,8.34,6.66,7,5.20,1.56,6.38,3.95,4.88,3.02,3.30,-0.09,4.17,1.65,6.45,5.12,2.84,7.89,6.70,6.19,5.20,5.84,3.88,5.50,4.91,5.82,6.25,5.47,4.25,5.70,3.76,5.41,3.81,5.97,5.90,5.10,7.09,8.14,5.57,5.07,5.36,6.73,5.38,7.52,5.34,6.29,4.74,7.12,7.52,6.20,5.88,3.09,5.76,3.92,1.60,1.84,2.99,2.42,2.20,3.03,3.26,,4.30,3.23,3.28,3.36,1.10,2.91,2.70,3.94,3.33,3.15,2.80,,4.70,-6.70,6.20,6.60,7.90,,,,,,,4.70,4.40,,4.60,7.50,1.40,,,,,,,,,6.50,3.90,5.60,6.90,4.10,,,,,5.20,,4.40,5.60,1.50,1.40,1.60,,,3.70,,,3.10,,,2.60,2.50,2.10,3.30,3.30,3.80,
2008-12-04 12:00,9.20,9.08,6.46,6.73,3.40,4.90,6.24,8.20,5.76,8.09,6.44,6.07,3.65,7.06,6.75,4.57,4.41,1.63,3.50,2.47,4.62,4.17,3.36,,6.49,5.91,7.38,5.37,6.33,5.10,5.56,5.61,1.67,1.68,0.83,2.23,4.71,0.89,3.75,4.42,1.80,1.46,3.44,5.12,3.50,7.05,6.10,6.64,3.92,5.72,2.95,8.24,8.13,8.52,7.88,8.01,8.39,7.90,8.14,8.32,6.81,7,5.19,1.71,6.40,3.91,5.05,3.21,3.20,0.09,4.13,1.65,6.30,5.05,3.05,7.79,7,6.10,5.30,5.73,3.84,5.50,4.92,5.98,6.07,5.50,4.31,5.90,3.89,5.54,3.79,5.83,6.06,5.30,7.15,8.02,5.62,5.29,5.31,6.57,5.63,7.50,5.60,6.54,4.98,7.11,7.63,6,6.07,3.37,5.59,3.96,1.49,1.83,3.13,2.43,2.10,2.99,3.25,,4.50,3.06,3.20,3.29,1.08,3,2.90,3.72,3.60,3.21,3,6.30,4.90,-6.90,6.30,6.50,8.10,8,6.50,-4.50,3.80,6.20,7.30,4.80,4.50,5.40,4.70,7.50,2,7.80,6.30,4.10,7,5.70,7.70,6.40,5.70,6.40,4,5.80,6.90,4.20,3.40,2.50,4,5.20,5.40,4.30,4.70,5.50,1.40,1.50,1.60,1.60,3.80,3.90,3.90,5.20,3.20,2.20,1.80,2.60,2.50,2.30,3.10,2.90,3.30,3.50
2008-12-04 12:10,9.10,7.81,6.18,6.61,3.50,5.04,5.99,8,4.84,7.79,6.10,6.04,3.71,6.56,6.39,4.28,4.83,1.87,3.40,2.20,4.74,3.91,3.29,,6.76,5.67,7.23,5.31,6.36,5,5.34,5.61,2.14,1.82,1.02,2.26,4.99,1.39,3.40,4.39,1.90,1.31,3.42,5.21,3.50,6.92,6.20,6.70,4.01,5.84,2.99,8.18,8.15,8.52,7.72,8.09,8.39,7.70,8.22,8.46,6.70,7,5.17,1.64,6.29,3.83,5.06,3.23,3.20,0.27,4.21,1.76,6.08,4.81,3.09,7.64,6.70,6.26,5.40,5.70,4.04,5.45,4.95,6.33,6.02,5.33,4.32,5.70,3.89,5.33,3.65,6.13,6.01,5.60,7.24,7.86,5.52,5.37,5.23,6.49,5.67,7.58,5.53,6.57,5.14,6.96,7.63,5.70,6.24,3.78,5.61,4.03,1.41,1.91,3.13,2.46,2,2.80,3.10,,4.10,3.31,3.29,3.22,1.03,2.66,2.70,3.43,3.16,3.23,3,,5,-7,6.30,6.40,8.30,,,,,,,4.90,4.80,,4.60,7.60,2,,,,,,,,,6.40,4.30,5.80,6.70,4.20,,,,,5.10,,4.90,5.40,1.40,1.60,,,,4,,,3.20,,,2.50,2.40,2.30,3.10,2.90,3.20,
2008-12-04 12:20,9.10,7.35,6.07,6.38,3.10,5.05,5.74,7.80,4.24,7.55,6.07,5.78,3.91,6.37,6.18,4.07,4.49,1.79,3.30,2,4.61,3.72,3.36,,6.77,5.55,7.12,5.17,6.48,4.90,5.13,5.62,2.33,1.83,1.11,2.58,4.86,1.27,3.04,4.19,2.50,1.11,3.06,5.22,3.40,6.78,6.20,6.79,4.01,5.88,2.85,8.10,8.16,8.49,7.80,8.06,8.24,7.50,8.12,8.41,6.40,6.80,5.18,1.75,6.38,3.72,4.90,3.44,3.30,0.30,4.44,1.84,5.63,4.74,3.25,7.46,6.90,6.49,5.53,5.85,4.20,5.41,4.91,6.12,5.81,5.22,4.45,5.30,3.84,5.36,3.49,6.54,6.07,5.30,7.33,7.97,5.41,5.49,5.16,6.50,5.62,7.73,5.54,6.40,5.24,7.05,7.66,5.50,6.26,3.92,5.02,4.04,1.60,1.93,3.03,2.39,1.90,2.98,3.06,,4.20,3.22,3.10,3.11,1.04,2.57,2.60,3.15,2.98,3.03,3,,4.80,-7,6.30,6.30,8.20,,,,,,,4.80,4.50,,4.60,7.50,2.10,,,,,,,,,6.30,4.60,5.70,6.70,4,,,,,5.10,,4.90,5.50,1.40,1.70,1.60,,,3.80,,,3.10,,,2.50,2.10,2.20,2.80,2.80,3.30,
2008-12-04 12:30,9,6.86,6.01,6.23,3,4.87,5.50,7.50,3.83,7.37,6.04,5.75,4.81,6.24,5.79,3.94,3.66,1.96,3.20,1.73,4.43,3.78,3.40,,6.82,5.57,7.26,5.03,6.58,4.90,5.03,5.46,2.61,1.78,1.22,2.62,4.77,1.40,2.81,3.96,2.50,1.14,3.49,5.17,3.40,6.67,6.20,6.79,3.93,5.89,2.65,7.92,8.25,8.56,7.73,7.97,8.13,7.50,7.98,8.38,6.29,6.80,5.14,1.80,6.43,3.72,5,3.58,3.40,0.20,4.74,1.97,5.34,4.70,2.90,7.73,7.30,6.56,5.52,6.14,4.25,5.55,5.02,5.89,5.82,5.26,4.52,5,3.83,5.25,3.54,6.21,5.52,5.50,7.39,7.92,5.31,5.62,4.96,6.50,5.63,7.72,5.55,6.44,5.43,7.16,7.69,5.40,6.31,4.20,5.04,4.15,1.37,1.90,2.99,2.23,1.90,3.03,3.06,,4,3.33,3.18,2.90,1,2.27,2.60,3.07,3.16,2.96,2.80,,4.60,-7.10,6.20,6.30,8.10,,,,,,,4.90,4.40,,4.70,7.40,1.80,,,,,,,,,6.10,4.60,5.80,6.60,4,,,,,4.90,,5,5.50,1.40,1.70,1.60,,,3.70,,,3.10,,,2.40,2.10,2.20,2.70,2.70,3.40,
2008-12-04 12:40,8.60,6.67,5.95,6.13,3,4.75,5.37,7.10,3.68,7.18,5.98,5.46,4.70,6.09,5.20,3.92,2.91,2.04,3.20,1.89,4.30,3.64,3.37,,6.89,5.48,7.45,4.94,6.52,5.10,4.79,5.24,2.67,1.79,1.29,2.98,4.84,1.52,2.53,3.85,2.30,1.32,3.44,5.05,3.30,6.51,6.20,6.82,3.80,5.90,2.77,7.88,8.21,8.51,7.52,7.91,8.07,7.50,7.91,8.36,6.20,6.80,5.08,1.78,6.53,3.65,4.82,3.61,3.50,0.27,4.53,1.97,5,4.46,2.82,7.59,7.10,6.10,5.50,5.97,4.53,5.61,5.02,5.27,5.85,5.31,4.53,4.90,3.82,5.26,3.40,6.18,4.81,5.50,7.38,7.90,5.21,5.61,4.82,6.54,5.61,7.75,5.26,6.63,5.71,7.08,7.79,5.20,6.33,4.15,5.15,4.25,1.42,1.97,3.04,2.15,2,3.13,3.13,,3.70,3.46,3.38,2.93,1.24,2.10,2.60,2.99,3.19,3.05,2.70,,4.50,-7.20,6.10,6.30,8.10,,,,,,,5,4.50,,4.70,7.50,2.20,,,,,,,,,6,4.70,5.60,6.40,4.10,,,,,5,,5,5.40,1.40,1.70,1.60,,,3.80,,,3.10,,,2.30,2,2.10,2.80,2.70,3.40,
2008-12-04 12:50,8.30,6.64,5.97,6.14,3,4.67,5.22,6.90,3.56,7.19,5.99,5.19,4.20,5.84,4.85,3.85,2.38,2.22,3.10,1.87,4.15,3.38,3.34,,6.88,5.47,7.44,4.77,6.55,4.90,4.68,5.16,2.37,2.06,1.43,4.03,4.93,1.56,2.24,3.76,2.30,1.42,3.79,5.11,3.10,6.37,6.20,6.77,3.92,5.95,2.87,7.90,8.20,8.48,7.48,7.92,7.93,7.40,7.87,8.27,6.06,6.80,5.05,1.89,6.64,3.63,4.67,3.69,3.50,0.23,4.35,1.88,4.81,4.26,2.95,7.42,7,5.80,5.60,6.21,4.47,5.59,4.78,4.84,5.84,5.47,4.61,4.80,3.85,5.26,3.24,5.80,4.64,5.60,,7.65,5.17,5.63,4.72,6.49,5.48,7.76,5.28,6.87,5.90,7.02,7.63,5,6.11,4.19,4.89,4.36,1.46,1.79,3.17,1.88,1.90,3.10,2.98,,3.50,3.51,3.38,3.14,1.25,1.91,2.60,2.96,2.86,2.87,2.70,,4.30,-7.10,6.10,6.50,7.90,,,,,,,5.10,4.50,,4.70,7.40,2.30,,,,,,,,,5.80,4.70,5.60,6,4,,,,,4.80,,4.70,5.30,1.40,1.80,1.70,,,4,,,3.10,,,2.30,2,2.10,2.90,2.60,3.40,
2008-12-04 13:00,8.10,6.59,6.01,6.08,3,4.63,5.26,6.80,3.48,7.23,5.76,4.84,4.43,6.01,4.75,4.04,2.18,2.51,3.10,1.82,4.18,3.31,3.27,,6.70,5.55,7.21,4.56,6.54,4.80,4.76,5.33,2,2.28,1.52,4.61,4.67,1.77,2.03,3.64,2.30,1.44,3.58,5.09,3,6.30,6.30,6.72,4.02,5.97,2.79,7.78,8.09,8.39,7.38,7.71,7.78,7.40,7.76,8.26,6.06,6.80,5.08,2.24,6.75,3.71,4.69,3.70,3.50,0.16,4.27,1.78,4.90,4.03,2.87,7.17,7.10,5.67,5.70,6.23,4.45,5.59,4.72,4.40,5.73,5.25,4.45,4.60,3.84,5.20,3.14,5.48,4.58,5.60,7.06,7.47,5.19,5.47,4.66,6.43,5.62,7.67,5.59,6.69,5.80,6.74,7.62,5,5.87,4.12,4.89,4.10,1.41,1.83,3.27,1.78,2,2.79,2.91,,3.70,3.41,3.34,3.22,1.13,1.76,2.60,2.99,3.25,2.53,2.60,5.70,4.20,-7.20,6.20,6.50,7.90,7.70,6.50,-4.20,2.90,6.30,6.50,5,4.30,4.80,4.60,7.40,2.20,7.10,6.10,4.80,7,5.80,7.20,6.40,5.30,5.60,4.80,5.50,5.70,3.90,3.90,3,4.20,5.10,4.60,3.70,4.60,5.30,1.30,1.80,1.70,1.60,3.70,3.60,3.70,,3.10,2,1.80,2.30,2,1.90,2.70,2.50,3.30,2.80
2008-12-04 13:10,7.90,6.63,5.83,6.04,2.90,4.75,5.26,6.70,3.43,7.20,5.47,4.66,4.19,6.03,4.57,4.12,2.23,2.49,3.10,2.13,4.42,3.29,3.18,,6.76,5.61,7.05,4.48,6.37,4.70,4.74,5.29,1.98,2.33,1.68,4.65,4.94,1.70,1.97,3.68,2.30,1.39,3.66,5.29,2.80,6.15,6.30,6.78,4.15,5.99,2.73,7.63,8.08,8.36,7.34,7.50,7.60,7.30,7.48,8.15,6.12,6.90,5.12,2.29,6.78,3.75,4.75,3.69,3.90,0.06,4.24,1.67,4.93,3.71,2.85,6.97,7.10,5.61,5.43,6.02,4.42,5.30,4.46,3.88,5.77,4.93,4.27,4.60,3.85,5.10,3.06,5.40,4.18,5.50,6.74,7.33,5.15,5.46,4.68,6.38,5.59,7.52,5.45,6.40,5.79,6.53,7.44,4.80,5.67,4.12,5.07,4.02,1.35,1.81,3.24,1.87,2,2.72,2.77,,3.60,3.24,3.26,3.33,1.04,1.68,2.60,2.91,2.94,2.41,2.40,,3.60,-7.10,6.10,6.60,7.70,,,,,,,5,4.30,,4.60,7.30,2.20,7.42,,,,,,,,5.60,4.80,5.30,5.30,3.90,,,,,4.40,,4.50,5.10,1.30,1.80,1.70,,,3.50,,,3.10,,,2.20,1.90,1.90,2.70,2.50,3.10,
2008-12-04 13:20,7.90,6.63,5.79,5.93,2.80,4.63,5.21,6.60,3.56,7.26,5.26,4.72,3.93,5.78,4.52,4.09,2.15,2.26,3.10,1.89,4.43,3.37,3.01,,6.71,5.54,7.02,4.39,6.46,4.70,4.81,5.17,1.79,2.27,1.73,4.52,4.99,1.83,1.88,3.87,2.30,1.45,3.55,4.99,2.70,6.11,6.20,6.79,4.21,5.96,2.69,7.45,8.15,8.30,7.22,7.44,7.51,7.20,7.49,8.03,6.07,6.90,5.12,2.29,6.71,3.74,4.76,3.55,4,0.05,4.39,1.60,4.73,3.75,2.78,6.92,6.90,5.75,5.43,6.10,4.24,5.10,3.90,3.40,5.59,4.79,4.26,4.50,3.85,5.01,2.96,5.30,3.96,5.50,6.46,7.24,5.15,5.46,4.67,6.30,5.59,7.42,4.80,6.14,5.76,6.18,6.86,4.90,5.24,4.07,5.12,3.77,1.31,1.77,3.14,1.90,1.90,2.54,2.52,,3.50,3.22,3.09,2.98,1.09,1.63,2.60,2.70,3.03,2.29,2.20,,3.30,-7.10,6.20,6.70,7.70,,,,,,,4.90,4.20,,4.40,7.20,2.50,7.33,,,,,,,,5.20,4.90,4.90,5.20,3.80,,,,,4.50,,4.40,4.90,1.40,1.90,1.70,,,3.40,,,3.10,,,2.20,1.70,1.80,2.60,2.40,2.80,
2008-12-04 13:30,7.80,6.30,5.86,5.90,2.70,4.52,5.14,6.40,3.63,7.35,5.07,4.63,3.71,5.95,4.40,4.11,1.91,2.30,3,1.77,4.55,3.89,2.84,,6.82,5.51,6.95,4.31,6.35,4.80,4.47,5.20,1.65,2.15,1.73,4.54,4.79,2.08,1.80,3.65,2.10,1.20,3.07,4.89,2.50,6.06,6.30,6.83,4.02,6.02,2.76,7.39,7.93,8.22,7.08,7.30,7.45,7,7.50,7.80,5.98,6.80,5.12,2.40,6.65,3.73,4.70,3.38,4,-0.03,4.41,1.60,4.75,3.92,2.94,6.73,6.90,5.77,5.43,5.88,4.02,4.80,3.89,3.27,5.56,4.73,4.13,4.10,4.08,4.89,2.91,5.10,3.76,5.50,6.64,7.24,5.06,5.58,4.78,6.27,5.62,7.36,4.43,6.30,5.66,5.89,6.52,4.50,4.88,4,4.94,3.42,1.29,1.79,2.89,1.91,1.80,2.46,2.25,,3.30,2.92,3.05,2.84,1.01,1.58,2.60,2.58,2.94,2.18,2,,3.20,-7.10,6.20,6.80,7.50,,,,,,,5,4.20,,4.20,7.10,2.50,7.21,,,,,,,,5.10,4.80,4.50,5.20,3.70,,,,,4.20,,4.20,4.70,1.50,2,1.70,,,3.30,,,2.90,,,2.10,1.50,1.70,2.50,2.20,2.20,
2008-12-04 13:40,7.60,6.12,6.08,5.94,2.60,4.46,5.14,6.40,3.68,7.23,4.98,4.49,3.67,5.60,4.34,3.99,1.93,2.24,2.90,1.74,4.52,3.74,2.77,,6.81,5.40,6.92,4.23,6.29,4.70,4.46,5.06,1.39,2.34,1.87,4.61,4.66,2.30,1.89,3.74,1.90,0.81,3.02,4.94,2.40,6.09,6.30,6.79,3.92,6.12,2.80,7.14,7.74,8.25,7.06,7.26,7.29,6.90,7.24,7.87,6,6.80,5.07,2.45,6.55,3.73,4.54,3.23,3.60,-0.24,3.57,1.58,4.53,3.48,3,6.68,6.90,5.66,5.36,5.32,3.81,4.60,3.52,3.12,5.55,4.23,4.05,3.90,4.21,5.06,2.77,4.97,3.67,5.40,6.58,7.17,5.01,5.67,4.82,6.17,5.53,7.31,4.67,6.17,5.50,5.62,6.13,4.30,4.76,3.71,4.64,3,1.37,1.80,2.57,1.76,1.60,2.35,2.10,,3.10,2.74,2.75,2.97,0.91,1.41,2.60,2.42,2.62,2.17,1.50,,3.10,-7,6.20,6.60,7.50,,,,,,,4.70,4.30,,4.10,6.90,2.60,7.08,,,,,,,,4.80,4.70,4,5,3.40,,,,,4,,4,4.40,1.50,2.10,1.70,,,3.10,,,2.70,,,2,1.30,1.70,2.50,2.10,1.90,
2008-12-04 13:50,7.50,6.08,6.65,5.94,2.50,4.51,5.06,6.20,3.51,,4.86,4.55,3.55,5.04,4.41,3.96,1.73,2.11,2.80,1.33,4.38,3.94,2.68,,6.67,5.39,6.82,4.10,6.12,4.70,4.50,4.94,1.48,2.40,2.02,4.35,4.53,2.71,2.04,3.75,2,1.02,3.06,5.01,2.20,6.03,6.30,6.75,4.02,6.08,2.89,6.84,7.87,8.18,6.99,7.12,7.12,6.90,7.32,7.79,5.94,6.80,5.08,2.34,6.63,3.81,4.55,3.19,3.30,-0.22,3,1.49,4.23,3.30,2.88,6.62,6.60,5.74,5.21,5.01,3.50,4.10,3.37,3.08,5.54,4.08,4.08,3.90,4.29,5.22,2.74,4.58,3.59,5.40,6.64,7.12,4.98,5.75,4.74,6.09,5.38,7.20,4.52,6.03,5.27,5.38,5.72,4.20,4.59,3.51,4.18,2.80,1.66,1.73,2.39,1.60,1.40,2.15,1.91,,2.90,2.56,2.57,2.71,0.77,1.37,2.50,2.22,2.48,2.20,1.30,,2.90,-6.80,5.70,6.50,7.30,,,,,,,4.70,4.40,,4.10,6.80,2.90,,,,,,,,,4.50,4.40,3.80,5,3.40,,,,,3.90,,3.80,4,1.40,2.20,1.70,,,3,,,2.50,,,1.90,1.10,1.50,2.40,2.10,1.80,
2008-12-04 14:00,7.50,6.03,6.90,5.78,2.40,4.48,4.90,6.10,3.31,7.31,4.64,4.39,3.80,4.78,4.38,3.63,1.73,2.05,2.70,1.30,4.39,4.46,2.48,,6.52,5.31,6.73,4.06,6.02,4.70,5.65,4.76,1.38,2.76,1.92,4.34,4.53,2.97,1.92,3.68,1.90,1.16,2.95,5.08,2.10,5.97,6.20,6.66,4.12,6.16,2.98,6.80,7.68,8.13,6.86,7.08,7.09,7,7.27,7.83,5.94,6.70,5.11,2.23,6.64,3.88,4.46,3.05,3.50,-0.19,2.85,1.33,4.20,3.04,2.79,6.23,6,5.64,4.89,4.64,3.33,3.80,3.18,3.21,5.45,3.96,4.01,3.80,4.30,4.97,2.72,4.45,3.65,5.40,6.49,7.13,5.06,5.79,4.68,5.91,5.07,7.21,4.40,5.98,5.06,4.99,5.36,3.90,3.98,3.26,3.87,2.59,1.63,1.66,1.95,1.35,1.10,2.01,1.65,,2.70,2.55,2.41,2.45,0.75,1.30,2.40,2.05,2.46,1.98,1,5.10,3,-6.40,5.60,6.40,7.10,,4.70,-4.20,2.70,5.80,5.70,4.80,4.20,4.50,3.80,6.70,3.20,6.30,5.40,4.60,6.30,5.30,6.50,6.20,4.20,4.20,4.40,3.50,4.90,3.40,4.30,2.90,4,4.10,3.80,2.90,3.60,3.90,1.20,2.40,1.60,1.60,3.50,2.80,2.40,3.80,2.10,1.80,1.60,1.80,1.10,1.30,2.30,1.80,1.80,2.20
2008-12-04 14:10,7.40,5.94,7.11,5.64,2.20,4.40,4.69,6,3.27,7.34,4.50,4.43,3.46,4.68,4.36,3.49,1.90,2.37,2.60,1.26,4.27,4.43,2.37,,6.64,5.19,6.82,4.12,5.90,4.60,6.20,4.63,1.56,2.68,2.13,4.53,4.39,2.89,1.80,3.80,1.90,1.01,2.85,5.06,2.20,6.01,6.30,6.66,4.14,6.04,2.99,6.80,7.54,8.17,6.86,7.13,7.17,6.90,7.42,8.14,5.89,6.70,5.12,2.14,6.64,3.91,4.43,3.03,3.70,-0.02,2.79,1.16,3.97,2.85,2.68,5.89,5.60,5.18,4.90,4.41,3.02,3.80,2.95,2.88,5.46,3.77,3.93,3.80,4.41,5.10,2.52,4.31,3.70,5.40,6.37,7.05,5.06,5.64,4.77,5.75,5.10,7.18,4.04,5.69,4.80,4.75,4.98,3.60,3.63,2.93,3.60,2.17,1.57,1.50,1.81,1.07,0.80,1.98,1.44,,2.40,2.32,2.25,2.38,0.87,1.25,2.40,1.95,2.13,1.83,0.60,,2.90,-6.30,5.50,6.40,7.20,,,,,,,4.60,3.90,,3.80,6.60,3.20,6.60,,,,,,,,3.90,4,3.50,4.80,3.40,,,,,3.40,,3.40,3.20,1.20,2.40,1.60,,,2.70,,,1.70,,,1.70,1,1.30,2.30,1.80,1.80,
2008-12-04 14:20,7.40,5.68,7.26,5.47,2.10,4.28,4.51,5.90,3.19,7.19,4.44,4.19,3.93,5.07,4.19,3.47,1.77,2.41,2.50,1.06,4.25,4.43,2.16,,6.67,5.05,6.93,4.18,5.94,4.40,6.04,4.77,1.82,2.63,2.07,4.84,4.26,2.94,1.62,3.76,2,1.31,2.61,4.90,2,6,6.30,6.64,4.23,6.02,2.86,6.72,7.47,8.16,6.90,7.17,7.22,6.90,7.92,8.18,5.87,6.60,5.07,2.31,6.58,3.96,4.55,3.06,3.40,-0.26,2.63,1.07,3.75,2.39,2.57,5.24,5.20,4.39,4.70,3.91,2.86,3.70,2.57,2.99,5.49,3.73,3.95,3.80,4.28,5.03,2.27,4.18,3.77,5.40,6.22,7.05,5.07,5.46,4.87,5.72,4.99,7.10,3.71,5.37,4.61,4.56,4.64,3.10,3.54,2.55,3.35,1.80,1.66,1.50,1.75,0.99,0.60,1.84,1.18,,2,2.22,2.12,1.89,0.86,1.08,2.40,1.62,1.91,1.72,0.50,,3.10,-6.10,5.50,6.40,7.20,,,,,,,4.20,4.10,,3.60,,3.30,6.46,,,,,,,,3.40,3.70,3.40,4.80,3.60,,,,,3.20,,3.10,2.70,1.20,2.50,1.60,,,2.60,,,1.30,,,1.60,0.90,1.10,2.20,1.60,1.80,
2008-12-04 14:30,7.30,5.36,7.30,5.40,2.10,4,4.43,5.80,3.49,7.22,4.43,4.15,3.76,5.01,4.10,3.22,1.93,2.37,2.40,1.55,4.26,4.31,2.05,,6.50,5.02,6.92,4.16,5.97,4.50,6.28,4.72,2.37,2.74,2.22,4.74,4.36,3.19,1.49,3.76,1.80,1.49,2.25,4.72,1.90,6.03,6.20,6.66,4.32,6.06,2.94,6.99,7.35,8.28,6.86,7.32,7.09,6.80,7.96,8.18,5.90,6.60,5,2.55,6.50,4.02,4.47,2.88,3.10,-0.39,2.26,0.98,3.33,2.07,2.23,4.78,4.70,4.37,4,3.33,2.63,3.60,2.29,2.98,5.39,3.67,3.96,3.70,4.33,4.69,2.20,4.06,3.77,5.30,6.01,6.75,4.99,5.35,4.83,5.63,4.81,7.05,3.27,5.41,4.56,4.43,4.11,3,3.72,2.29,3.14,1.60,1.76,1.42,1.51,0.86,0.40,1.65,1.07,,1.80,1.93,1.81,1.71,0.96,0.98,2.40,1.25,1.91,1.49,0.30,,2.80,-5.90,5.60,6.40,7.30,,,,,,,4,4,,3.60,6.40,3.50,6.33,,,,,,,,3.30,3.50,3.20,4.80,3.80,,,,,3,,3.10,2.90,1.20,2.50,1.70,,,2.20,,,0.80,,,1.60,1,1,2.20,1.40,1.40,
2008-12-04 14:40,7.10,5.24,7.20,5.39,1.90,3.97,4.43,5.70,3.26,7.24,4.36,4.09,3.31,5.03,4.21,3.10,1.96,2.14,2.30,1.15,3.87,4.12,1.98,,6.43,4.98,6.86,4.11,5.85,4.40,6.19,4.59,2.48,2.63,2.10,4.62,4.20,3.21,1.40,3.71,1.60,1.46,1.94,4.93,1.80,6.02,6,6.49,4.23,6,2.92,7.03,7.59,8.28,6.98,7.83,7.06,6.70,7.98,8.13,5.97,6.50,4.96,2.70,6.46,4.14,4.45,2.80,3.20,-0.36,2.19,1.02,3.06,1.98,2.02,4.64,4.60,4.68,3.80,2.99,2.47,3.40,2.09,3.15,5.31,3.73,3.89,3.80,4.30,4.48,2.27,3.97,3.80,5.10,5.79,6.58,4.91,5.31,5.13,5.47,4.95,7.16,2.77,5.28,4.38,4.24,3.61,2.70,3.53,2.06,2.84,1.35,1.78,1.48,1.34,0.64,0.30,1.59,0.90,,1.90,1.46,1.59,1.35,0.91,0.80,2.40,0.94,2.05,1.27,0,,2.70,-5.70,5.70,6.70,7.30,,,,,,,3.80,4.10,,3.50,6.40,3.60,6.33,,,,,,,,3.30,3.10,2.80,4.70,3.80,,,,,2.90,,3,3.10,1.20,2.50,1.70,,,1.90,,,0.40,,,1.50,0.90,0.80,2.30,1.20,1.60,
2008-12-04 14:50,7.10,4.97,6.91,5.28,1.90,4.03,4.38,5.50,3.30,7.09,4.38,4.09,3.21,4.83,4.15,3.13,2.09,2.37,2.30,1.09,3.53,3.88,1.84,,6.30,5,6.57,4.01,5.78,4.50,5.59,4.47,2.15,2.68,2.05,4.76,4.55,3.20,1.22,3.61,1.40,0.89,1.92,4.95,1.70,5.97,6,6.40,4.43,5.87,3.03,6.98,7.62,8.33,7,7.93,6.96,6.70,7.85,8.10,5.87,6.40,4.88,3.22,6.42,4.35,4.29,2.78,3.20,-0.44,2.13,0.77,2.56,1.98,1.80,4.50,3.50,4.48,3.30,2.86,1.84,3.20,1.60,3.02,5.44,3.47,3.77,3.70,4.27,4.45,2.15,3.94,3.81,5.10,5.93,6.94,4.93,5.21,5.24,5.41,5.14,7.17,2.60,4.86,4.20,3.96,3.38,2.40,3.12,1.97,2.64,0.90,1.80,1.48,1.33,0.34,0.30,1.14,0.82,,1.70,1.03,1.53,1.32,0.97,0.74,2.40,0.56,1.51,1.16,-0.30,,2.50,-5.80,5.50,6.70,7.30,,,,,,,3.60,3.80,,3.50,6.40,3.80,6.24,,,,,,,,3.20,2.70,2.40,4.70,3.80,,,,,2.70,,3,3.40,1.30,2.60,1.70,,,1.70,,,0,,,1.40,0.80,0.80,2.30,1.20,1.50,
2008-12-04 15:00,6.90,4.82,6.61,5.13,1.71,4.04,4.50,5.40,3.35,7.08,4.25,4.15,3.19,4.63,4.11,3.57,2.49,2.58,2.20,1.05,3.83,3.71,1.74,,6.14,5.14,6.31,3.87,5.74,4.40,5.61,4.33,1.99,2.68,2.21,4.66,4.12,3.28,1.02,3.61,1.50,1.19,2.55,5.15,1.80,5.93,6.10,6.47,4.47,5.68,2.89,6.90,7.45,8.44,6.86,7.96,7.03,6.60,7.75,7.96,5.87,6.30,4.82,3.25,6.38,4.15,4.04,2.90,2.80,-0.45,1.83,0.74,2.59,1.48,1.84,4.52,3,4.40,2.90,2.72,1.69,2.80,1.21,2.89,5.43,3.34,3.84,3.80,4.27,4.37,2.45,3.77,3.82,5,5.81,6.71,4.96,5.16,5.36,5.41,5.23,7.23,2.20,4.44,4.07,3.68,3.28,2.40,2.98,1.91,2.41,0.91,1.87,1.32,1.53,0.29,0.40,0.73,0.55,,1.50,1.06,1.49,0.87,0.98,0.73,2.60,0.23,1.64,1.05,-0.20,6.20,2.40,-5.90,5.40,6.70,7.40,6.80,3.20,-4,1.90,4,4.10,3.40,3.80,4.60,3.60,6.50,4,5.80,5.10,3.90,5.10,4.10,3.50,4.30,3.30,2.80,2.60,2.30,4.60,3.90,4.60,3,3.60,2.70,2.60,2.40,2.70,3.30,1.50,2.90,1.70,1.50,3.10,1.50,1.20,1.80,-0.20,1.40,1.50,1.30,0.40,0.90,2.40,1.10,1.60,0.40
2008-12-04 15:10,6.70,4.71,5.87,5.05,1.70,3.80,4.53,5.20,3.52,7.07,3.98,4.13,4.47,4.48,4.12,3.71,2.66,2.51,2.20,0.93,4.10,3.86,1.61,,6.20,5.24,6.27,3.82,5.71,4.30,4.90,4.34,1.72,2.70,2.96,4.69,4.21,3.26,1.03,3.57,1.40,1.22,1.86,5.01,1.90,6,6,6.46,4.33,5.54,2.85,6.86,7.20,8.48,6.80,8.06,7.25,6.50,7.48,7.76,5.86,6.20,4.76,3.19,6.29,,4.02,2.96,3,-0.48,1.72,0.81,2.15,1.15,1.62,4.42,2.80,4.20,2.80,2.70,1.14,2.70,1.06,2.93,5.38,3.35,3.91,3.80,4.33,4.24,2.75,3.78,3.82,4.80,5.65,6.23,4.71,5.11,5.38,5.40,5.24,7.33,2.16,4.33,4.03,3.46,3.20,2.30,3,1.74,2.16,1.22,1.97,1.06,1.66,0.28,0.50,0.45,0.26,,1.40,1.16,1.57,0.50,1.04,0.66,2.60,-0.31,1.45,0.91,-0.30,,2.40,-5.90,5.20,6.50,7.60,,,,,,,3.30,4,,3.70,,4,5.93,,,,,,,,2.50,2.50,2.20,4.60,3.90,,,,,2.60,,2.30,3.40,1.50,2.90,1.70,,,1.50,,,-0.60,,,1.30,0.60,0.90,2.40,1.10,1.50,
2008-12-04 15:20,6.40,4.60,5.40,4.92,1.60,3.78,4.56,5.20,3.77,7.21,3.98,4,5.12,4.26,4.22,3.82,2.39,2.67,2.10,0.78,3.88,2.98,1.69,,6.09,5.26,6.24,3.83,5.68,4.30,4.59,4.17,1.50,2.74,3.37,4.72,4.10,3.49,1.18,3.48,1.20,1.09,1.36,5.12,1.80,6.11,6,6.36,4.29,5.72,2.98,6.94,7.10,8.53,6.76,8.16,7.25,6.40,7.17,7.52,5.78,6,4.53,3.58,6.21,,3.82,2.88,2.50,-0.61,1.84,0.82,2.08,0.58,1.67,4.29,2.10,4.01,2.60,2.61,0.82,2.33,1.06,3.13,5.28,3.33,3.83,3.80,4.40,4.35,2.88,3.73,3.89,4.70,5.59,6.18,4.60,5.09,5.32,5.32,5.13,7.30,1.58,4.22,3.88,3.54,3.17,2.30,3.08,1.67,2.06,1.54,2.07,0.91,1.84,0.36,0.50,0.23,-0.04,,1.20,0.79,1.64,0.44,1,0.80,2.60,-0.71,1.28,0.85,-0.20,,2.20,-5.60,5.10,6.70,7.60,,,,,,,3.10,3.80,,3.70,6.50,4.20,5.91,,,,,,,,2.60,2.20,2.10,4.40,3.80,,,,,2.60,,1.90,3.40,1.60,3,1.80,,,1.50,,,-0.70,,,1.40,0.70,0.90,2.40,1.30,1.40,
2008-12-04 15:30,6.20,4.36,5.15,4.90,1.70,3.82,4.56,5.10,4.48,6.92,3.86,3.94,3.05,3.93,4.26,4.03,2.23,2.49,2.20,0.66,3.33,3.35,1.85,,6.02,5.23,6.21,3.83,5.63,4.20,4.62,4.24,0.92,2.59,3.69,4.71,3.92,3.73,1.12,3.42,1.40,1.04,1.69,5.09,1.60,6.10,5.90,6.29,4.27,5.66,3,7.09,7.11,8.47,6.69,8.09,7.21,6.40,6.94,7.37,5.75,6,4.53,3.51,6.17,,3.76,2.84,2.40,-0.88,1.73,0.69,2.11,0.22,1.62,4.17,1.60,3.90,2.40,2.57,1.10,1.88,1.33,3.09,5.02,3.20,3.80,3.80,4.45,4.27,2.94,3.83,3.70,4.70,5.33,6.24,4.62,5.11,5.54,5.28,5.04,7.10,2.22,4.13,3.56,3.43,2.94,2.30,3.08,1.42,1.95,1.72,2.08,0.85,1.90,0.31,0.50,0.07,-0.19,,1.10,0.94,1.40,0.39,1,0.88,2.50,-0.56,1.15,0.81,-0.20,,2.10,-5.70,5.10,6.90,7.80,,,,,,,3,3.80,,3.70,6.40,4.30,5.91,,,,,,,,2.80,2,2,4.30,3.90,,,,,2.60,,1.70,3.40,1.50,3,2,,,1.50,,,-0.80,,,1.40,0.70,0.90,2.50,1.20,1.10,
2008-12-04 15:40,5.80,4.25,5.11,4.92,1.70,3.60,4.55,5.10,3.95,6.06,4,4.07,2.45,3.88,4.13,4.24,2.25,2.34,2.10,0.78,2.96,3.53,1.80,,6.11,5.05,6.21,3.97,5.51,4.10,5.68,3.97,0.32,3.10,4.48,4.76,3.76,3.89,1.16,3.28,1.30,1.04,1.17,5,1.60,6.21,5.90,6.24,4.43,5.59,2.99,7,7.11,8.51,6.69,7.96,7.24,6.30,7.14,7.36,5.70,5.90,4.62,3.55,5.99,,3.84,2.88,2.20,-0.98,1.74,0.60,2.36,-0.09,1.54,3.92,1.20,3.78,1.90,2.52,1.39,1.80,1.24,3.12,5.09,3.30,3.83,3.80,4.30,4.35,3.09,3.83,3.69,4.80,5.25,6.29,4.63,5.08,5.71,5.15,5.02,6.92,2.69,3.96,3.44,3.23,2.69,2,3.11,1.29,1.71,1.69,2.13,0.75,1.94,0.26,0.40,-0.08,-0.32,,1,0.66,1.24,0.05,0.98,0.98,2.50,-0.40,1.15,0.75,-0.40,,2.10,-5.70,5.10,7.10,7.80,,,,,,,3,3.80,,3.70,6.40,4.20,6.04,,,,,,,,2.70,2,2,4.20,3.70,,,,,2.50,,2.10,3.20,1.60,2.90,2.20,,,1.40,,,-0.80,,,1.40,0.70,1,2.50,1.20,0.80,
2008-12-04 15:50,5.80,4.12,5.21,4.91,1.70,3.75,4.33,5,4.52,5.69,4.17,4,2.16,3.70,4.03,4.12,2.57,2.10,2,0.95,2.31,3.50,1.76,,6.16,5.03,6.31,3.81,5.51,3.90,6.85,3.89,0.31,3.73,4.64,4.79,3.75,4.07,1.18,3.22,1,0.82,0.81,4.93,1.60,6.28,5.80,6.19,4.52,5.39,2.93,6.81,6.90,8.49,6.84,7.84,7.05,6.20,7.19,7.78,5.58,5.80,4.54,3.64,5.93,,3.84,2.88,1.70,-1.11,1.64,0.50,2.26,-0.50,1.68,3.82,0.70,3.84,1.50,2.24,1.39,1.80,1.15,2.89,5.29,3.20,3.87,3.80,4.25,4.46,3.17,3.81,3.83,4.90,5.70,6.18,4.36,5.08,5.84,5.01,5.19,7.03,3.06,3.72,3.56,3.13,2.49,1.70,3.15,1.02,1.46,1.52,2.18,0.70,2.01,0.14,0.50,-0.22,-0.42,,1,0.47,1.29,-0.42,1.06,1.17,2.50,-0.17,1.15,0.66,-0.30,,2.10,-5.30,5.10,7,7.60,,,,,,,2.90,3.70,,3.70,6.40,4.20,6.12,,,,,,,,2.40,1.80,2,4.20,3.50,,,,,2.40,,2.40,3.20,1.60,3,2.30,,,1.50,,,-1,,,1.50,0.80,1.10,2.40,1.20,0.50,
2008-12-04 16:00,5.70,4.10,5.15,4.91,1.86,3.77,4.28,5.10,4.36,5.95,4.31,4.04,3.43,3.56,4.06,4.05,3.32,2.15,2,1.07,2.17,3.15,1.74,,6.20,5.14,6.31,4.21,5.45,3.80,7.04,4.03,0.67,4.20,4.89,5,3.69,4.42,1.30,3.15,0.50,0.78,0.46,4.78,1.50,6.18,5.70,6.12,4.50,5.42,2.76,6.67,6.85,8.43,6.71,7.85,6.94,6.10,7.10,7.75,5.61,5.70,4.44,3.77,5.88,,3.76,2.70,1.30,-1.14,1.14,0.42,1.95,-0.59,1.67,3.84,0,3.62,1,1.92,1.23,1.86,1.05,3,5.43,3.11,3.87,3.90,4.22,4.67,3.28,3.86,3.88,4.80,5.91,6.10,4.41,5.52,5.81,4.90,5.26,6.83,2.81,3.63,3.93,2.74,2.48,1.10,3.22,0.99,1.47,1.41,2.43,0.68,2.06,0.05,0.40,-0.23,-0.55,,1,0.57,1.14,-0.29,1.13,1.31,2.60,-0.21,1.03,0.60,-0.10,5.10,2.10,-4.20,5.10,7,7.10,6.60,2.40,-4.30,1.70,3.20,3.60,2.70,3.30,4.50,3.60,6.40,4.40,6.20,,3.50,3.70,3.10,2.90,3.80,2.50,2.40,1.60,1.80,4.30,4,4.70,3.30,3.30,3.10,2.40,1.90,2.60,3.10,1.80,3.20,2.40,2.10,3.10,1.80,0.60,1.30,-0.70,1.60,1.70,1.60,0.90,1.40,2.60,0.90,0.50,-0.50
2008-12-04 16:10,5.80,4.13,4.99,4.92,1.89,3.98,4.26,5,3.95,6.23,4.28,4.05,4.42,3.69,4.07,3.94,3.16,1.97,1.90,0.76,1.96,2.89,1.66,,6.14,5.18,6.37,4.26,5.21,3.70,7.23,4.02,0.46,4.41,4.98,4.98,3.42,4.35,1.19,3.09,-0.10,0.85,0.48,4.57,1.50,6.15,5.70,6.08,4.45,5.40,2.69,6.68,6.65,8.40,6.56,7.81,6.71,6.10,7.05,7.57,5.61,5.80,4.43,3.83,5.73,,3.92,2.47,1,-1.16,0.92,0.41,1.44,0.55,1.60,3.39,-0.70,3.53,0.82,1.49,0.93,1.51,1.03,2.91,5.48,2.99,3.76,4,4.27,4.76,3.25,3.94,3.75,4.80,5.91,6.05,4.97,5.94,5.98,4.97,5.27,6.72,2.88,3.81,4,2.73,2.22,0.60,3.12,0.98,1.27,1.26,2.35,0.63,2.04,0,0.30,-0.21,-0.71,,1,0.54,1.13,-0.11,1.18,1.33,2.50,-0.37,1.01,0.75,0.20,,2,-3.50,4.90,7,7.10,,,,,,,2.30,3.80,,3.60,6.50,4.40,6.14,,,,,,,,2.20,1.30,1.80,4.40,4,,,,,2.20,,2.80,3.10,1.80,3.10,2.50,,,1.80,,,-0.70,,,1.60,0.90,1.40,2.60,0.90,0.30,
2008-12-04 16:20,5.80,4.96,4.85,4.78,1.85,3.97,4.31,4.90,3.17,6.59,4.27,3.99,4.22,4.30,3.90,3.78,2.92,1.56,1.80,0.88,1.91,2.88,1.62,,6.03,5.05,6.53,4.39,5.20,3.70,6.27,4.04,0.59,4.61,4.77,4.69,3.31,4.03,1.25,3.12,-0.70,1.45,0.49,4.61,1.50,6.14,5.60,6.10,4.34,5.43,2.87,6.74,6.60,8.28,6.66,7.40,6.46,6,6.79,7.40,5.47,5.70,4.36,4.08,5.60,,3.87,2.32,0.60,-1.19,0.43,0.50,0.89,0.47,1.74,3.07,-0.70,3.63,1,2,0.76,1.29,1.10,3.13,5.44,2.89,3.89,4,4.40,4.76,3.18,3.92,3.71,4.70,5.91,6.17,5.21,6.18,5.92,5.11,5.47,6.65,2.61,3.47,3.67,2.70,2.13,0.50,3.11,1.01,1.13,1.28,2.54,0.73,1.93,-0.12,0.40,-0.23,-0.74,,1,0.62,1.13,-0.20,1.50,1.24,2.50,-0.40,0.86,0.72,0.10,,2.10,-2.80,4.70,6.90,7,,,,,,,2.40,3.90,,3.40,6.50,4.50,6.09,,,,,,,,2.20,1.10,1.90,4.50,4.20,,,,,2,,2.80,3.10,1.90,3.20,,,,1.80,,,-0.90,,,1.70,1,1.50,2.70,1,0.20,
2008-12-04 16:30,6.70,5.09,4.73,4.76,1.78,3.97,4.27,4.90,3.66,6.78,4.29,3.79,4.01,4.40,3.78,3.70,2.82,1.41,1.70,0.93,1.96,2.54,1.50,,6.09,5.06,6.60,4.33,5.18,3.70,5.32,3.94,0.60,4.55,4.63,4.64,3.25,3.89,1.51,3.18,-0.60,2.59,0.42,4.52,1.30,6.13,5.60,6.03,4.50,5.37,2.72,6.66,6.42,8.21,6.69,7.12,6.55,5.90,6.52,7.31,5.44,5.60,4.35,4.22,5.50,,3.90,2.16,0.80,-1.23,0.19,0.46,0.94,-0.30,1.78,2.57,-0.80,3.86,1.17,2.26,0.78,1.51,1.24,3.36,5.46,2.82,4.01,4,4.53,4.54,3.26,3.91,3.87,4.70,6.12,6.15,5.15,6.19,5.58,5.22,5.52,6.78,2.23,3.18,3.29,2.36,2.03,0.40,3.18,1.02,1.07,1.50,2.63,0.70,1.73,-0.18,0.60,-0.25,-0.74,,0.80,0.50,1.03,0.02,1.67,1.26,2.40,-0.46,0.35,0.76,0.20,,2.10,-1.80,4.90,6.80,6.90,,,,,,,2.50,4,,3.50,6.60,4.50,6.12,,,,,,,,1.70,1,1.90,4.60,4.20,,,,,2,,2.80,3.20,2.10,3.30,2.80,,,1.60,,,-1.30,,,1.70,0.90,1.60,2.60,1.10,0.10,
2008-12-04 16:40,7,5.39,4.56,4.59,1.75,4,4.28,4.90,3.95,6.77,4.36,3.65,3.90,4.35,3.80,3.62,3,1.19,1.60,0.87,1.71,2.02,1.48,,6.01,5.29,6.59,3.76,5.20,3.80,6.26,3.90,0.45,4.36,4.45,4.55,3.12,3.85,1.57,3.25,0.10,3.44,0.47,4.56,1.20,6.16,5.50,5.92,4.59,5.29,2.92,6.76,6.41,8.18,6.59,7.02,6.53,5.90,6.20,7.06,5.40,5.50,4.30,4.41,5.22,,3.51,2.05,1.10,-1.28,0.13,0.36,0.88,-1.02,2.15,2.04,-1.10,3.96,1.30,2.17,0.90,1.79,1.20,3.49,5.32,2.76,4.17,4,4.79,4.37,3.35,3.91,4.01,5.30,6.50,6.17,5.18,6.22,5.32,5.27,5.42,6.86,1.93,2.89,3.11,2.40,1.98,0.30,3.48,0.92,1,1.39,2.60,0.78,1.70,-0.02,0.80,-0.30,-0.68,,0.80,0.22,0.94,-0.77,1.57,1.20,2.50,-0.42,0.66,0.74,0.40,,1.90,-1.90,4.90,6.80,7,,,,,,,2.50,4,,3.50,6.40,4.60,6.18,,,,,,,,1.90,1,2,4.70,4.10,,,,,1.80,,2.80,3.20,2.20,3.40,2.90,,,1.50,,,-1.30,,,1.70,1.10,1.50,2.60,1.30,0.60,
2008-12-04 16:50,7,5.55,4.42,4.52,1.79,3.89,4.25,4.80,3.86,6.78,4.48,3.45,3.72,4,3.76,3.80,2.74,1.23,1.50,0.85,1.42,2.03,1.40,,5.70,5.39,6.44,3.77,5.18,3.80,6.23,3.88,0.66,3.94,4.19,4.60,3.03,3.86,1.39,3.23,0.20,3.27,0.39,4.50,1.30,6.19,5.50,5.97,4.66,5.13,2.82,6.94,6.35,7.98,6.52,6.96,6.37,5.70,6.06,6.96,5.24,5.30,4.24,4.96,4.95,,3.34,2.01,0.80,-1.40,0.06,0.37,1.20,-1.42,2.01,1.67,-1.20,4.12,1.30,1.68,0.96,1.80,1.20,3.43,5.26,2.79,4.12,4,5.08,4.47,3.32,3.95,4.11,5.60,6.44,6.17,5.07,6.36,5.37,5.35,5.59,6.78,1.76,2.62,2.96,2.24,1.76,0.20,3.41,1.06,0.84,1.34,2.58,0.70,1.65,0.16,0.80,-0.19,-0.71,,0.60,0.42,0.93,-0.43,1.69,1.13,2.40,-0.43,0.42,0.70,0.80,,1.90,-1.50,4.90,6.90,6.90,,,,,,,2.50,3.80,,3.50,6.40,4.60,6.25,,,,,,,,1.80,1,2.30,4.80,4.20,,,,,1.50,,2.80,3.20,2.30,3.30,3,,,1.50,,,-1.30,,,1.80,1.30,1.70,2.80,1.30,0.80,
2008-12-04 17:00,6.90,5.54,4.53,4.68,1.90,3.84,4.26,4.90,4.03,6.75,4.72,3.30,4.05,4,3.73,3.94,2.16,0.99,1.50,0.84,1.64,1.32,1.42,,5.65,5.40,6.01,3.92,5.25,3.70,5.88,3.89,0.78,3.79,4.01,4.56,2.97,4.03,1.20,3.22,0.10,3.30,0.47,4.56,1.10,6.21,5.50,5.95,4.62,5.04,2.79,6.97,6.30,8,6.44,6.94,6.21,5.70,6.10,6.87,5.12,5.10,4.13,5.01,4.75,,3.23,1.91,0.50,-1.57,-0.26,0.22,1.21,-1.63,2.19,1.76,-1.20,4.09,1.22,1.83,0.85,2.50,1.57,3.42,5.09,2.84,3.97,3.90,5.60,4.72,3.45,3.95,4.08,5.70,6.38,6.02,5.30,6.31,5.26,5.39,5.67,6.61,1.02,2.55,2.99,2.21,1.61,0.30,3.38,1.06,0.76,1.32,2.71,0.49,1.52,0.37,0.70,0.05,-0.93,,0.40,0.42,0.52,-0.26,2.03,1.09,2.40,-0.53,0.63,0.74,0.80,6,1.90,-1.10,4.70,7,6.90,6.40,1.50,-5.30,2.50,2.10,3,2.40,3.70,4.30,4.40,6.30,4.60,6.10,5.30,3.30,3.30,3.90,2.20,2.50,1.40,1.50,1,2.40,4.80,3.80,3.80,3.40,3.30,2.20,1.40,1.80,2.80,3.30,2.40,3.60,3.10,2.20,2.70,1.20,0.90,1,-1.20,2.30,2.50,1.80,1.50,1.90,2.70,1.30,0.90,-0.70
2008-12-04 17:10,6.90,5.52,5.34,4.94,1.80,3.62,4.19,5,4.48,6.48,5.11,3.01,3.33,3.71,3.80,3.95,1.73,1.22,1.50,0.73,2,1.47,1.43,,5.62,5.27,5.97,3.67,5.11,3.50,5.51,3.92,1.02,3.52,4.03,4.55,2.96,4.09,1.10,3.11,0.10,3.60,0.50,4.67,1.10,6.10,5.40,5.90,4.67,5,2.79,7.04,6.24,7.91,6.34,6.73,6.08,5.60,5.88,6.71,5.16,5,4.03,5.32,4.53,,3.17,1.79,0.20,-1.48,0.03,0.19,1.12,-1.70,2.22,1.38,-0.90,4.12,1.25,1.78,1.25,2.79,2.33,3.40,5.02,2.77,4.08,3.90,5.83,5.01,3.36,4.09,4.05,5.80,6.27,6,5.57,6.16,5.15,5.42,5.67,6.56,0.29,2.48,2.85,2.14,1.72,0.30,3.48,0.99,0.79,1.20,2.89,0.53,1.64,0.40,0.80,0.20,-0.81,,0.20,0.29,0.27,-0.28,1.98,1.19,2.30,-0.78,0.79,0.61,0.90,,1.90,-1.10,4.60,7.20,7,,,,,,,2.10,3.60,,4.40,6.30,4.60,6.22,,,,,,,,1.70,1.30,2.50,4.90,3.80,,,,,1.40,,3,3.40,2.40,3.60,,,,1.20,,,-1.10,,,1.80,1.60,1.90,2.70,,1.20,
2008-12-04 17:20,6.90,5.51,5.30,4.73,1.90,3.75,4.26,5.20,4.87,6.25,5.59,2.95,3.11,3.38,4.01,3.93,1.68,0.84,1.40,0.83,2.49,2.11,1.45,,5.70,5.36,5.68,3.82,5.10,3.60,5.36,4.05,1.12,3.34,3.93,4.63,2.90,3.72,1.06,3.06,0.10,3.28,0.46,4.82,1.20,6.06,5.50,5.83,4.45,5,2.81,7.18,6.33,7.80,6.28,6.59,6.15,5.50,5.69,6.47,5.06,4.70,3.86,5.30,4.28,,3.09,1.81,0,-1.69,-0.20,0.28,0.86,-1.67,2.15,1.78,-0.70,4.05,1.11,1.45,1.47,2.67,2.84,3.49,5.11,2.86,4.08,3.80,5.84,4.77,3.36,4.11,4.15,6,6.33,6,5.30,5.97,5.23,5.39,5.73,6.67,0.51,2.10,2.64,2.16,1.46,0.10,3.34,1.03,0.72,1.32,3,0.50,1.92,0.42,0.70,0.51,-0.76,,0.10,0.30,0.15,-0.48,1.95,1.30,2.30,-0.74,0.73,0.49,1.10,,1.80,-0.70,4.30,7.20,6.90,,,,,,,2.20,3.80,,4.60,6.20,4.70,6.35,,,,,,,,1.60,1.50,2.60,4.80,3.80,,,,,1.30,,2.90,3.50,2.50,3.80,3.30,,,1.10,,,-1,,,1.90,1.60,2,2.80,1.30,1.20,
2008-12-04 17:30,6.80,5.35,4.85,4.53,2.70,3.78,4.34,5.70,5,6.25,5.63,3.10,3.50,3.34,3.97,3.98,1.69,0.93,1.30,1.04,2.53,2.27,1.45,,5.72,5.46,5.40,4.23,5.16,3.60,5.38,3.95,1.12,3.28,3.68,4.41,3.04,3.72,1.11,3.18,0.10,3.49,0.37,4.85,1.10,6,5.40,5.87,4.50,4.95,2.78,7.11,6.38,7.78,6.31,6.47,6.06,5.30,5.64,6.30,4.99,4.40,3.80,5.84,4,,2.88,1.69,-0.20,-1.67,-0.39,0.34,0.63,-1.52,2.26,2.12,-1.50,4.05,0.85,1.16,1.59,2.36,3.11,3.64,5.32,2.84,4.02,4,5.78,4.86,3.49,4.20,4.22,6.20,6.37,5.98,5.20,5.93,5.28,5.38,5.71,6.63,0.47,1.76,2.41,2.35,1.20,0.10,3.25,1.20,0.65,1.37,3.19,0.39,2.01,0.42,0.70,0.87,-0.66,,0,0.47,0.29,-0.65,1.86,1.49,2.40,-0.59,0.52,0.53,1.20,,1.70,-0.70,4.80,7.30,6.90,,,,,,,2.10,3.80,,4.70,6.20,4.90,6.48,,,,,,,,1.60,1.70,2.60,4.80,4.40,,,,,1.40,,3,3.50,2.60,3.80,3.40,,,1,,,-1,,,2,1.80,2.20,2.90,1.30,1.20,
2008-12-04 17:40,7,4.98,4.55,4.50,2.80,3.89,4.23,5.70,4.32,5.92,5.54,3.13,4.12,3.70,3.70,3.91,1.83,1.58,1.30,0.80,1.91,1.58,1.44,,5.60,5.52,5.33,3.49,5.32,3.40,5.41,3.93,1.15,3.02,3.51,4.40,2.99,3.66,0.80,3.17,0.40,3.30,0.51,4.54,1,5.90,5.40,5.96,4.56,4.97,2.78,6.98,6.34,7.73,6.30,6.48,5.92,5.20,5.62,6.17,4.89,4.20,3.75,5.74,3.78,,2.95,1.47,0.60,-1.79,-0.54,0.38,0.94,-1.66,2.40,1.05,-1.50,4.14,0.90,1.32,1.84,2.05,3.14,3.50,5.35,2.95,3.98,4,5.70,5.13,3.57,4.04,4.34,6.20,6.33,5.95,5.26,5.82,5.34,5.44,5.78,6.66,0.58,1.69,2.11,2.54,1.22,0,3.41,1.34,0.50,1.34,3.29,0.60,2.26,0.42,0.90,0.93,-0.54,,-0.10,0.15,0.04,-0.75,1.69,1.57,2.30,-0.23,0.45,0.55,1.10,,1.50,-0.70,4.80,6.90,6.90,,,,,,,2.20,3.80,,4.90,6.20,5,6.59,,,,,,,,1.60,2,2.60,4.70,4.50,,,,,1.30,,3.10,3.60,2.70,3.90,3.50,,,0.90,,,-0.90,,,2.20,1.90,2.30,2.90,1.30,1.10,
2008-12-04 17:50,7,4.94,4.75,4.47,3.30,3.80,4.27,5.70,4.26,5.53,5.36,2.73,4.42,3.61,3.66,3.93,1.68,1.20,1.30,0.70,1.61,1.14,1.40,,5.44,5.38,5.46,3.12,5.36,3.40,5.39,3.90,1.20,2.92,3.18,4.21,3.04,3.48,0.86,3.02,0.80,3.34,0.66,4.47,0.90,5.84,5.40,5.95,4.62,4.96,2.79,6.92,6.48,7.59,6.39,6.35,6.14,5.20,5.56,5.97,4.77,4,3.62,5.47,3.64,,2.74,1.42,0.80,-2.01,1.28,0.39,0.94,-1.30,2.42,1.01,-1.20,4.18,0.55,1.19,1.74,1.76,3.15,3.55,5.32,3.10,4.11,4.10,5.42,5.21,3.68,4.17,4.24,6.10,6.03,5.95,5.42,5.82,5.48,5.69,5.82,6.78,1.37,1.88,2.08,2.56,1.29,0,3.46,1.46,0.40,1.37,3.21,0.86,2.30,0.34,1.10,0.86,-0.48,,-0.80,0.20,0.05,-0.84,1.63,1.62,2.30,-0.03,0.41,0.71,0.90,,1.50,-0.30,4.80,6.60,6.90,,,,,,,2.20,4,,4.90,6.20,5,6.60,,,,,,,,1.40,2.40,2.70,5,4.60,,,,,1.30,,3.10,3.60,2.80,4.10,3.70,,,0.90,,,-0.70,,,2.30,2.10,2.40,3,1.40,1.10,
2008-12-04 18:00,7,5.04,4.92,4,3,3.87,4.14,5.60,4.16,5.38,5.33,2.63,4.19,7,3.60,3,0,1.29,2,0.88,2,1.03,1.48,7,5,5,5.50,3.19,5,4,5,4,1.42,3,3.02,5,3,2,1,4,1,3,1,4,1,5.84,6,5.98,4.57,4.89,3,7,6.44,7.57,6.34,7,6,5,6,5.95,4.70,4,3.64,5.86,3.59,,2.58,1.30,0.90,-2.03,1.69,0.46,0.82,-1.11,2.44,1.05,-1,4.36,0.50,1.18,3,1.73,3.32,3.48,5.03,3.56,4,4.30,5.30,5.14,3.54,4.27,4,6.10,5.99,5.93,5.32,5.99,5.53,5.80,5.84,6.77,1.77,1.75,2.19,2.33,1.37,-0.10,3.36,1.64,0.29,1.38,3.15,1.02,2.19,0.33,1.10,0.92,-0.43,,-1.40,0.29,0.12,-0.71,1.64,1.80,2.10,0.11,1,0.88,0.90,4,2,0,4.80,6.60,6.90,,0.10,-6.70,1.50,0.90,2.50,2.40,4,4.50,5,6.30,5.10,6.70,5.20,2.90,3.20,2.80,-0.60,2.20,1.20,1.40,2.20,2.70,5,4.80,3.70,3.20,3.50,1.60,1.30,1.50,2.90,3.70,3,4.20,3.90,2.30,2.20,1,0.60,0.20,-0.60,3.20,3.30,2.40,2.10,2.40,3.20,1.70,1.20,-0.80
2008-12-04 18:10,7.10,4.96,4.88,4.35,3.80,3.84,4.25,5.50,4.10,5.51,5.20,2.59,3.53,3.12,3.29,3.74,1.53,1.46,1.20,0.84,1.37,0.80,1.71,,5.66,5.15,5.72,3.48,5.33,3.80,5.35,3.69,1.45,2.56,2.89,3.82,3.14,2.89,1.14,3.08,0.50,2.83,0.90,4.37,1,5.84,5.30,5.88,4.48,4.95,2.95,7.19,6.37,7.55,6.44,6.24,5.75,5.40,5.51,6.31,4.76,3.80,3.71,6.34,3.49,,2.38,1.23,0.90,-2.11,1.74,0.47,0.86,-1.13,2.46,0.91,-1.40,4.64,0.62,1.72,1.70,2,3.42,3.51,4.97,3.79,4.13,4.80,5.38,5.08,3.52,4.48,4.41,6.30,6.18,6.03,5.46,5.87,5.43,5.81,5.97,6.78,1.60,1.50,2.17,2.22,1.35,0,3.36,1.75,0.14,1.27,3.31,1.22,2.15,0.51,1.10,1,-0.42,,-1.40,0.58,0.05,-0.83,1.75,1.67,2.30,0.05,0.74,1.05,0.90,,1.40,-0.30,4.60,6.50,6.20,,,,,,,2.30,4,,5.10,6.20,5.10,6.52,,,,,,,,1.50,2.40,2.70,5.30,4.80,,,,,1.40,,2.80,3.80,3,4.30,,,,1,,,-0.30,,,2.60,2.20,2.40,3.30,1.60,1.20,
2008-12-04 18:20,7.20,4.75,4.68,4.35,4,4,4.34,5.60,3.85,5.45,5.19,2.65,3.14,2.78,3.17,3.65,1.30,1.86,1.20,0.86,1.19,0.62,1.71,,5.56,4.95,5.85,3.12,5.29,3.80,5.28,3.56,1.39,2.40,2.77,3.70,2.98,2.79,1.22,2.96,2.30,3.10,1.11,4.40,1.20,5.79,5.30,5.90,4.62,5.04,2.76,7.15,6.31,7.55,6.45,6.13,5.70,5.40,5.60,6.29,4.81,3.20,3.77,6.74,3.57,,2.28,1.17,0.90,-2.21,1.77,0.37,0.87,-0.79,2.32,-0.05,-1.20,4.57,0.87,1.77,1.81,2.80,3.35,3.74,5.13,4.25,4.14,5,5.41,5.07,3.46,4.69,4.58,6.20,6.05,6.12,5.25,6.05,5.52,5.81,6,6.96,1.28,1.35,2.08,2.23,1.20,0.60,3.17,1.78,0.37,1.22,3.36,1.58,2.15,0.60,1.10,0.88,-0.35,,-1.40,0.62,0.13,-0.67,1.85,1.73,2.20,0.09,0.51,1.11,0.80,,1.20,-0.30,4.50,6.50,6.20,,,,,,,2.30,4,,5.20,6.10,5.10,6.50,,,,,,,,1.30,2.50,2.80,5.20,4.70,,,,,1.30,,3,3.90,3.10,4.30,4,,,1,,,0,,,2.70,2.30,2.40,3.30,1.60,1.10,
2008-12-04 18:30,7.20,4.71,4.51,4.33,3.90,4.18,4.38,5.70,3.93,5.27,5.09,2.82,3.55,2.49,2.91,3.76,1.03,1.76,1.30,0.72,1.02,0.63,1.76,,5.57,4.90,5.96,2.75,5.33,3.90,5.30,3.44,1.20,2.35,2.88,3.70,2.96,2.66,0.99,2.81,3.90,3.23,1.40,4.17,1.20,5.81,5.30,5.78,4.70,5.03,3.04,7.23,6.17,7.51,6.38,6.02,5.59,5.40,5.53,6.28,4.82,3.70,3.77,6.86,3.68,,2.26,1.12,0.90,-2.42,2.14,0.27,1.41,-0.54,2.29,-0.13,-1.50,4.02,1,1.30,2.01,3.20,3.51,3.80,5.02,4.44,4.17,5.10,5.18,4.96,3.60,4.77,4.62,6.20,6.40,6.13,5.03,6.28,5.56,5.75,5.91,7.17,0.81,1.27,1.88,2.06,1.03,0.80,3.29,1.78,0.54,1.18,3.34,1.55,2.11,0.51,1.10,0.52,-0.40,,-0.60,0.38,0.25,-0.88,1.92,1.76,2.10,0.05,0.54,1.17,0.70,,1,-0.30,4.50,6.50,6.30,,,,,,,2.20,4,,5.30,6,5.40,6.51,,,,,,,,1.20,2.50,3.10,5.10,4.80,,,,,1.50,,2.90,4,3.20,4.40,4.10,,,1,,,0.40,,,2.80,2.20,2.40,3.30,1.60,0.90,
2008-12-04 18:40,7.50,4.65,4.30,4.21,3.80,4.18,4.79,5.70,3.91,5.11,4.96,2.85,3.66,2.47,3.13,3.71,0.98,1.96,1.30,0.62,0.89,1.08,1.77,,5.72,4.89,5.97,2.74,5.31,4,5.25,3.39,1.12,2.36,2.82,3.80,2.93,2.50,0.80,2.77,4,3.38,2.52,4.06,1.20,5.58,5.30,5.82,4.75,5.04,2.94,7.07,6.06,7.35,6.33,6.22,5.61,5.30,5.55,6.95,4.82,3.70,3.93,6.99,3.67,,2.24,0.97,1,-2.58,1.90,0.43,2.18,-0.39,0.73,-0.20,-1.60,3.32,1.11,1.06,1.82,3.20,3.54,3.73,4.94,4.85,4.24,5.20,5.29,4.91,3.76,5.01,4.93,6.30,6.44,6.09,5.20,6.19,5.57,5.79,5.95,7.15,0.55,1.17,1.65,1.84,0.94,0.90,3.43,1.72,0.59,1.22,3.46,1.82,1.90,0.49,1.10,0.06,-0.26,,-0.20,0.26,0.32,-0.43,2.12,1.82,2,0.06,0.45,1.21,0.60,,1,-0.20,4.50,6.40,6.30,,,,,,,2.30,4.10,,5.50,6,5.50,6.50,,,,,,,,1.30,2.40,3.20,4.90,4.90,,,,,1.60,,3,4.10,3.20,4.50,4.30,,,0.90,,,0.40,,,2.90,2.30,2.50,3.40,1.60,0.70,
2008-12-04 18:50,7.40,4.61,4.15,4.25,3.60,3.92,4.96,5.70,3.67,5.27,4.96,2.84,4.11,2.48,3.09,3.79,0.92,2.30,1.30,0.60,0.91,0.89,1.65,,5.74,4.93,6.06,2.94,5.21,3.90,4.97,3.30,1.33,2.29,2.48,3.54,3.17,2.29,0.77,2.77,4.20,3.31,4.42,4.12,1.20,5.56,5.20,5.82,4.53,5.04,2.77,6.84,6.01,7.30,6.22,6.27,5.59,5.30,5.65,6.85,4.82,3.70,4,6.87,3.86,,2.37,0.79,0.70,-2.63,2.35,0.25,2.05,-0.33,-0.37,-0.17,-0.80,2.93,1.30,0.97,1.68,3.30,3.78,3.83,4.76,5.16,4.25,5.20,5.36,5.04,3.93,5.09,5.04,6.30,6.27,6.06,5.16,6.13,5.59,5.83,5.79,7.10,0.71,0.91,1.49,1.61,0.94,0.90,3.51,1.81,0.40,1.35,3.54,1.79,1.92,0.55,1,-0.15,-0.13,,-0.10,0.36,0.34,-0.40,2.15,1.90,2,0.06,0.45,1.27,0.60,,1,-0.20,4.70,6.30,6.40,,,,,,,2.50,4.20,,5.60,5.90,5.60,6.47,,,,,,,,1.30,2.50,3.20,4.80,5.10,,,,,1.60,,3.40,4.40,3.20,4.40,4.30,,,0.90,,,0.60,,,2.90,2.10,2.40,3.50,1.50,0.90,
2008-12-04 19:00,7.40,4.66,4.44,4.39,3.40,4.05,4.86,5.70,3.93,5.38,4.64,2.89,4.63,2.74,2.98,3.76,0.94,2.41,1.30,0.72,1.06,1.28,1.53,,5.69,4.82,6.29,3.01,5.24,3.80,5.03,3.31,1.55,1.99,2.19,3.63,3.16,2.32,0.89,3.03,3.90,3.12,5.10,3.96,1.20,5.45,5.10,5.72,4.72,5.08,2.70,6.85,6.04,7.26,6.11,6.14,5.78,5.30,5.77,6.87,4.79,3.90,4.06,6.94,3.88,,2.47,0.74,0.50,-2.70,2.34,0.18,1.81,-0.62,-0.65,-0.52,-0.50,2.70,1.70,1.23,1.66,3.40,3.87,3.88,4.82,5.09,4.35,5.20,5.41,5.29,4.15,5.18,5.18,6.30,6.05,5.98,5.16,6.12,5.61,5.88,5.74,7.07,0.90,1.21,1.64,1.29,0.86,1,3.68,2,0.16,1.43,3.55,1.61,1.67,0.43,1,-0.28,-0.06,,-0.30,0.34,0.33,-0.28,2.13,1.98,2,-0.06,0.51,1.26,0.70,6,1,-0.20,4.60,6.30,6.50,6.20,0.50,-7.30,0.80,1.30,2.80,2.70,4.30,4.60,5.50,5.90,5.50,6.60,5.50,2.40,3.10,1.60,0.90,1.50,1,1.50,2.70,3.10,4.80,5.10,3.20,2.70,3,0.90,1.70,1.10,3.40,4.50,3.30,4.60,4.20,2.50,1.80,0.90,0.70,,0.60,3.60,3.20,2.90,2.20,2.40,3.80,1.50,0.90,-0.40
2008-12-04 19:10,7.50,4.67,4.28,4.39,3.30,4.08,4.76,5.80,4.77,5.37,4.36,2.77,4.53,3.10,2.86,3.62,0.83,2.19,1.30,0.81,1.63,1.28,1.55,,5.53,4.63,6.08,3.20,5.22,3.50,4.90,3.37,1.77,1.68,2.01,3.40,3.06,2.15,0.83,2.75,4.10,3.08,4.93,3.85,1.10,5.36,5.10,5.66,4.80,5.01,2.72,6.78,6.04,7.14,6.10,6.23,5.82,5.20,5.67,6.67,4.78,4.10,4.20,7.08,4.11,,2.42,0.70,0.40,-2.76,2.46,0.29,1.81,-0.64,-0.73,-0.61,0.10,2.57,1.90,1.41,1.86,3.60,3.80,3.82,4.69,4.81,4.36,5.20,5.39,5.16,4.48,5.10,5.39,6.30,6.05,5.85,5.27,6.10,5.66,6.02,5.79,7.06,0.67,1.22,1.71,1.01,0.76,1,3.67,2.33,0.51,1.59,3.52,1.49,1.47,0.17,1.10,-0.46,0.09,,-0.40,0.48,0.33,-0.23,2.03,2.04,2,-0.17,0.32,1.31,0.80,,1.10,-0.20,4.60,6.20,6.60,,,,,,,3.20,4.30,,5.50,5.90,5.50,6.46,,,,,,,,1.50,2.80,3,5,5.10,,,,,1.60,,3.30,4.50,3.20,4.60,4.20,,,0.90,,,0.70,,,2.90,2.30,2.50,3.80,1.50,0.90,
2008-12-04 19:20,7.60,4.61,4.55,4.50,3.20,4.13,4.55,6.10,5.14,5.50,3.62,2.60,4.60,3.22,2.73,3.44,0.84,2.59,1.30,0.80,2.56,0.94,1.60,,5.48,4.59,6.11,3.19,5.22,3.40,4.85,3.14,2.05,1.63,1.83,3.14,3.07,2.20,0.98,2.67,4.10,2.96,4.79,3.77,1.20,5.25,5,5.75,4.58,4.94,2.70,6.77,5.99,7.07,5.93,6.18,5.60,5.20,5.58,6.42,4.77,4.20,4.25,7.13,3.90,,2.32,0.70,0.50,-2.62,0.97,0.26,1.52,-0.28,-0.45,-0.65,0.50,2.32,2.20,1.36,2.08,3.40,3.67,3.70,4.87,4.69,4.34,5.20,5.50,5.29,4.62,5.30,5.43,6.30,6.09,5.83,5.29,6.17,5.66,5.96,5.83,6.96,0.47,1.06,1.65,0.63,0.70,1.10,3.85,2.55,1.04,1.74,3.42,1.44,1.22,0.08,1,-0.54,0.20,,-0.30,0.68,0.30,-0.27,1.91,2.12,2.10,-0.10,0.12,1.21,0.60,,1.10,-0.20,4.50,6.10,6.50,,,,,,,3.50,4.30,,5.40,5.80,5.60,6.41,,,,,,,,1.50,2.70,3.30,4.90,5.10,,,,,1.60,,3.40,4.60,3.40,4.40,4.20,,,0.90,,,0.70,,,2.90,2.40,2.80,3.80,1.60,0.90,
2008-12-04 19:30,7.50,4.54,4.53,4.77,3.10,3.85,4.26,6,5.53,5.50,3.30,2.69,4.37,3.04,2.77,3.18,0.79,2.62,1.30,0.84,2.98,1.37,1.59,,5.47,4.75,6.04,3.07,5.18,3.30,4.72,3.20,2.16,1.64,1.63,3.21,3.24,2.19,1.01,2.87,4.10,2.64,4.82,3.78,1.10,5.08,5,5.75,4.67,4.91,2.74,6.75,5.86,7.05,5.81,6.27,5.59,5.10,5.61,6.34,4.71,4.20,4.35,7.16,3.74,,2.28,0.67,0.30,-2.73,0.69,0.02,1.27,0.25,1.04,-0.59,1.20,2.09,2.20,1.41,2.14,3.40,3.60,3.61,4.81,4.50,4.25,5.10,5.61,5.26,4.69,5.43,5.63,6.30,6.02,5.90,5.19,6.22,5.63,5.94,5.88,7.03,0.20,0.99,1.75,0.02,0.64,1.40,3.96,2.80,1.32,1.80,3.55,1.42,1.17,-0.06,1.10,-0.61,0.21,,0.10,0.71,0.33,-0.21,1.97,2.08,2.10,-0.13,0.20,1.08,0.50,,1.20,-0.30,4.40,6.20,6.40,,,,,,,3.60,4.40,,5.40,,5.60,6.46,,,,,,,,1.70,2.80,3.60,5,5.20,,,,,1.50,,3.30,4.60,3.40,4.70,3.90,,,0.80,,,0.80,,,2.80,2.40,2.80,3.80,1.60,0.90,
2008-12-04 19:40,7.50,4.37,4.36,5.42,3,3.62,4.14,5.60,5.63,5.40,3.30,2.70,4.26,3.07,2.67,3.36,0.72,2.58,1.30,0.62,3.57,1.70,1.68,,5.48,4.87,5.90,3.05,5.15,3.30,4.67,3.21,1.94,1.63,1.70,3.25,3.13,2.11,1.26,2.88,4.10,2.80,4.04,3.63,1.20,5,5,5.63,4.81,4.94,2.85,6.65,5.76,7.03,5.80,6.25,5.56,5.10,5.55,6.33,4.59,4.10,4.81,7.09,3.56,,2.15,0.69,0.40,-2.76,1.19,-0.05,1.06,0.71,2.36,-0.55,1.10,1.89,2.30,1.35,2.10,3.70,3.81,3.59,4.59,4.74,4.19,5.10,5.66,5.23,4.70,5.58,5.62,6.20,5.90,5.86,5.27,6.50,5.67,6.08,5.98,7.01,0.16,0.72,1.84,-0.66,0.64,1.60,4.05,2.95,1.65,1.82,3.54,1.22,1.16,-0.24,1.10,-0.51,0.20,,0.20,1.03,0.12,-0.05,2.16,2.06,2.20,-0.20,0.47,1.17,0.60,,1.20,-0.30,4.30,6.30,6.40,,,,,,,3.50,4.30,,5.50,5.80,5.70,6.39,,,,,,,,1.70,3.10,3.90,5.10,5.10,,,,,1.60,,3.40,4.80,3.60,4.50,3.60,,,0.80,,,0.70,,,2.80,2.40,2.90,3.60,1.70,0.90,
2008-12-04 19:50,7.40,4.33,4.38,5.86,2.70,3.76,4.13,5.50,5.85,5.12,3.63,2.65,3.90,3.11,2.70,3.34,0.53,2.63,1.30,0.85,3.66,1.31,1.74,,5.55,4.80,5.62,3.09,5.17,3.40,4.69,3.15,1.65,1.59,1.88,3.24,3.17,2.12,1.17,2.99,4.20,3.23,4.30,3.61,1.20,5.02,5,5.65,5.01,4.91,2.94,6.64,5.86,6.93,5.84,6.09,5.25,5.10,5.53,6.16,4.34,3.90,5.92,7.19,3.61,,2.21,0.72,1.10,-2.84,2.09,-0.10,1.51,1,2.76,-0.31,1.20,1.88,2.30,1.19,2.04,4,4.19,3.56,4.54,4.98,4.19,5,5.71,5.17,4.61,5.59,5.70,6.20,5.81,5.89,5.39,6.39,5.69,6.18,5.96,6.87,-0.05,0.56,2.06,-1.19,0.63,1.70,4.12,3,1.92,1.85,3.66,1.27,1.10,-0.16,1.10,-0.23,0.28,,0.30,1.14,0.12,-0.02,2.16,2.10,2.20,-0.47,0.47,1.08,0.80,,1.30,-0.20,4,6.30,6.20,,,,,,,3.40,4.30,,5.80,5.80,5.70,6.32,,,,,,,,1.70,3.20,4,5.10,5,,,,,1.40,,3.80,4.70,3.60,4.50,3.40,,,0.70,,,0.60,,,2.70,2.50,2.90,3.70,1.70,1,
2008-12-04 20:00,7.20,4.48,4.23,6.07,2.60,3.71,4.04,5.30,5.90,4.88,4.25,2.66,3.59,3.01,2.67,3.52,0.62,2.73,1.20,0.64,3.65,0.96,1.68,,5.58,4.76,5.25,3.11,5.20,3.50,4.68,3.21,1.64,1.74,1.86,3.20,3.26,2.07,0.90,2.95,4,3.10,5.35,3.80,1.10,5.04,5.10,5.72,5.39,4.93,2.76,6.67,5.73,7.08,5.84,6.04,5.07,5.10,5.47,6.03,4.48,3.60,7.50,6.63,3.60,,1.98,0.70,1.70,-2.83,2.35,-0.18,1.78,1.10,2.99,-0.17,1.10,2.09,2.20,1.50,2.06,4.20,4.57,3.58,4.44,5.22,4.41,5,5.81,5.19,4.67,5.70,5.82,6.10,5.78,5.95,5.44,6.46,5.70,6.12,5.94,6.75,-0.16,0.90,2.20,-0.93,0.81,1.70,4.46,3.06,2.19,2,3.74,1.20,1.16,-0.10,1,-0.29,0.31,,0.50,1.11,0.25,0.10,2.11,2.08,2.30,-0.26,0.65,1.21,1,4.70,1.30,-0.20,3.90,6.20,6.10,6.20,0.30,-7.30,3.40,1.10,2.80,3.30,4.30,4.30,5.90,5.80,5.80,6.30,5.60,2.10,2.90,1.60,-0.90,0.50,1.20,1.70,3.30,4,5.20,5.10,3.70,2.50,2.70,0.10,1.50,1.40,3.80,4.70,3.70,4.30,3.10,2.10,1.40,0.90,1,1.30,0.60,3.10,3.50,2.60,2.50,3.20,4,1.80,1,-0.50
2008-12-04 20:10,7.20,4.63,3.89,5.92,3.28,3.49,3.91,5.20,5.57,4.66,4.37,2.82,3.32,2.97,2.68,3.31,0.64,2.81,1.30,0.62,4.03,1.21,1.59,,5.62,4.71,5.03,3.24,5.25,3.70,4.64,3.21,2.24,1.72,1.74,2.79,3.32,2.12,0.75,2.79,3.90,2.95,5.27,3.77,1.10,4.91,5.10,5.66,5.23,4.99,2.69,6.65,5.72,7.05,5.79,6.08,5.15,5.10,5.50,6.02,4.49,3.40,9.23,6.30,3.54,,2.23,0.71,1.90,-2.86,2.60,-0.30,1.21,1.26,3.06,0.44,1.20,2.22,2.09,1.48,2.13,4.39,4.72,3.54,4.40,5.19,4.51,5,5.82,5.14,4.65,5.76,5.88,6.10,5.90,5.94,5.55,6.44,5.94,6.07,6.01,6.69,-0.08,1.03,1.87,-1.16,0.86,1.80,4.75,3.12,2.60,2.03,3.77,1.24,1.14,-0.02,0.90,-0.23,0.22,,0.50,1.04,0.40,0.50,1.99,2.15,2.40,-0.13,1.07,1,1,,1.40,-0.20,3.80,6.20,6.20,,,,,,,3.20,4.30,,5.90,5.80,5.90,6.27,,,,,,,,1.90,3.10,4.80,5.20,5.10,,,,,1.50,,4.10,4.60,3.70,4.20,3.10,,,0.90,,,0.60,,,2.60,2.60,3.10,4,1.80,1,
2008-12-04 20:20,7.10,4.57,3.82,5.64,3.31,3.47,3.79,5.10,5.51,4.59,4.26,3.03,3.05,3.17,2.72,3.29,0.72,2.70,1.20,0.63,4.25,1.92,1.55,,5.65,4.59,5.10,3.41,5.26,3.80,4.80,3.14,2.70,1.56,1.74,2.65,3.28,2.12,0.64,2.72,3.80,2.70,5.31,3.59,1.10,4.90,5.10,5.70,5.21,4.97,2.59,6.65,5.67,6.93,5.81,6.13,4.95,5.20,5.38,5.92,4.93,3.20,9.35,6.12,3.32,,2.37,0.75,2,-2.89,2.33,-0.40,0.45,1.68,3.09,0.68,1.20,2.03,2.51,1.84,2.16,4.36,4.63,3.52,4.29,4.93,4.50,5,5.64,5.03,4.54,5.76,5.92,6.10,6.05,5.90,5.51,6.47,5.98,6.02,6.13,6.75,0.15,1.36,1.60,-1.04,0.80,1.90,5.22,3.44,2.82,2.16,3.84,1.29,0.98,0.33,0.90,-0.06,0.23,,0.60,0.97,0.27,0.51,1.94,2.22,2.30,0.06,1.04,1.13,0.90,,1.40,-0.20,3.80,6.20,5.90,,,,,,,3.50,4.20,,6,5.80,5.80,6.25,,,,,,,,1.80,3.20,5.60,5.30,5.20,,,,,1.60,,4.10,4.70,3.80,4.30,3.10,,,0.70,,,0.90,,,2.70,2.60,3.20,3.90,1.90,1.10,
2008-12-04 20:30,7,4.56,3.75,5.47,3.33,3.63,3.76,5.10,5.55,4.52,4.35,3.06,3.81,3.47,3.01,3.21,0.85,2.79,1.10,0.69,4.48,1.99,1.44,,5.52,4.52,4.89,3.53,5.25,4,4.80,3.14,2.89,1.56,1.81,2.55,3.44,2.09,0.76,2.71,3.60,2.68,5.15,3.57,1,4.91,5,5.77,5.85,5.02,2.54,6.55,5.59,6.95,5.71,6.04,5,5.20,5.38,5.80,5.65,3.60,9.12,5.87,3.14,,2.36,0.76,2.10,-2.95,2.21,-0.37,0.38,2.09,3.04,0.45,1.40,1.72,3.26,2.11,2.32,4.41,4.39,3.51,4.26,4.91,4.54,5,5.53,5.10,4.55,5.80,5.95,6.10,5.84,5.91,5.54,6.44,6.03,6.11,5.91,6.69,0.18,1.15,1.41,-0.70,0.75,2.20,5.57,3.43,2.91,2.16,3.82,1.26,1.03,0.34,1,-0.06,0.07,,0.60,0.88,0.51,0.25,1.72,2.19,2.30,0.38,0.90,1.02,0.80,,1.40,-0.20,3.90,6.10,6.10,,,,,,,3.50,4.30,,6.10,5.80,5.80,6.30,,,,,,,,1.80,3.20,5.60,5.30,5.20,,,,,1.60,,4.50,4.70,3.80,4,3.10,,,0.50,,,1,,,2.70,2.50,3.20,3.70,2,1.20,
2008-12-04 20:40,7,4.48,3.57,5.34,3.25,3.50,3.64,5,5.70,4.57,4.01,3.16,4.83,3.58,3.49,3.27,0.75,2.74,1.10,0.68,4.91,2,1.42,,5.50,4.49,4.81,3.79,5.23,4,4.69,3.07,3.17,1.39,1.85,2.42,3.67,2.02,0.85,2.88,3.70,2.73,5.33,3.27,1,5.04,5,5.75,6.20,5.03,2.69,6.36,5.59,6.88,5.68,5.83,5.16,5.10,5.48,5.60,6.22,3.70,8.95,5.97,3.02,,2.42,0.74,2.20,-2.90,2.16,0.14,0.67,2.22,2.90,0.22,1.40,1.61,3.42,2.22,2.26,4.48,4.70,3.49,4.28,4.89,4.71,5,5.44,5.24,4.95,5.84,6.01,6.10,6.06,5.89,5.65,6.56,6.11,6.18,5.92,6.76,0.13,1.07,1.16,-0.53,0.86,2.30,5.67,3.53,2.94,2.24,3.83,1.11,1.04,0.36,0.90,-0.11,-0.04,,0.70,1,0.71,0.52,1.70,2.12,2.30,0.72,0.98,0.79,0.80,,1.50,-0.20,4,6.10,6,,,,,,,3.70,4.30,,6.20,5.70,5.80,6.37,,,,,,,,1.80,3.20,5.60,5.40,5.30,,,,,1.70,,4.30,4.80,3.70,4,3,,,0.30,,,1.10,,,2.70,2.50,3.20,3.70,2,1.30,
2008-12-04 20:50,6.90,4.50,3.62,5.17,3.44,3.42,3.65,4.90,5.90,4.61,3.96,3.18,4.61,3.44,3.56,3.40,0.80,2.90,1.10,0.71,4.79,1.27,1.46,,5.37,4.47,4.73,3.99,5.29,4.10,4.80,3.15,3.52,1.25,1.83,2.46,3.52,2.24,0.87,2.71,3.90,2.77,5.71,3.31,1,4.84,5.10,5.75,5.91,5.01,2.71,6.37,5.57,6.84,5.69,5.85,5.22,5.10,5.43,5.51,6.43,3.80,8.87,5.89,2.96,,2.49,0.80,2.40,-2.83,3.24,0.52,0.88,2.26,2.91,0.14,1.70,1.70,3.32,2.15,2.18,4.48,4.93,3.51,4.27,4.66,4.85,5,5.48,5.19,4.83,5.94,6.16,6.10,6.21,6.03,5.63,6.55,6.19,6.30,5.84,6.72,0.02,1.32,1.55,-0.43,0.86,2.30,5.55,3.58,3.08,2.29,3.79,0.92,0.99,0.32,1,-0.14,-0.05,,0.60,1.05,0.91,0.53,1.70,2.10,2.20,0.82,1.11,0.73,0.80,,1.50,-0.20,3.90,6,6.20,,,,,,,3.90,4.30,,6.10,5.80,5.80,6.35,,,,,,,,1.70,3,5.60,5.50,5.30,,,,,1.60,,4.20,4.80,3.80,4,3,,,0.30,,,1.10,,,2.80,2.60,3.20,3.60,2.10,1.40,
2008-12-04 21:00,6.80,4.58,3.58,5.01,3.28,3.62,3.74,4.90,5.87,4.37,4.18,3.56,4.26,3.38,3.95,3.40,0.87,3.03,1,0.75,5.05,1.17,1.45,,5.41,4.43,4.85,3.99,5.26,3.80,4.75,3.31,3.34,1.32,1.83,2.31,3.79,2.17,0.73,2.91,4.20,3.16,5.93,3.29,1.10,5.07,5.10,5.76,6.17,5.07,2.75,6.24,5.59,6.81,5.58,5.87,5.26,5,5.55,5.53,7.13,3.90,9.07,5.89,3.21,,2.64,0.84,2.50,-2.59,3.22,0.80,1.29,2.53,2.90,0.33,1.70,1.47,3.19,2.07,2.15,4.35,5.23,3.56,4.46,4.62,4.85,4.90,5.53,5.07,4.49,6.04,6.25,6.20,6.33,6.07,5.48,6.45,6.25,6.34,5.79,6.69,-0.13,1.40,1.61,-0.37,0.96,2.50,5.47,3.59,3.14,2.51,3.84,0.98,0.73,0.26,0.90,-0.25,0.03,,0.30,0.97,0.89,0.68,1.58,2.09,2.30,0.87,0.95,0.85,1,4.50,1.50,-0.20,3.90,6.10,6.40,6.10,-0.20,-6.90,2.90,0.70,3.10,4,4.10,4.70,5.70,5.80,5.90,6.40,5.60,1.40,2.90,0.80,1.30,0.30,1.20,1.60,2.70,5.50,5.60,5.20,3.60,2,1.90,0.20,1.60,3.40,4.10,4.70,3.80,4,2.90,1.90,1.30,0.50,1.10,1.70,1.20,2.90,3.10,2.70,2.60,2.70,3.60,2.20,1.50,-0.10
2008-12-04 21:10,6.70,4.54,3.53,4.84,3.22,3.46,3.70,5,5.76,4.42,4.24,3.76,4.26,3.32,3.82,3.60,0.93,2.97,1,0.79,5.11,1.29,1.49,,5.32,4.45,4.60,4.02,5.22,3.70,4.60,3.40,3.42,1.29,1.72,2.37,3.92,2.21,0.63,3.02,3.60,2.71,5.14,3.29,1.10,5.11,5.10,5.70,6.07,5.03,2.75,6.27,5.47,6.79,5.61,5.98,5.13,5,5.61,5.61,7.40,3.80,9.28,5.72,3.46,,2.75,0.82,2.70,-2.69,2.94,0.86,1.57,2.37,2.96,0.54,1.70,1.64,3.14,2.14,2.12,4,5.03,3.62,4.50,4.63,4.81,4.90,5.59,5.12,4.22,6.07,6.19,6.30,6.51,6.19,5.41,6.37,6.22,6.24,5.78,6.78,-0.20,1.41,1.35,-0.45,0.92,2.40,5.54,3.67,3.06,2.64,3.86,1.20,0.82,0.16,0.80,-0.18,-0.04,,0.10,1.24,1.03,0.79,1.43,2.11,2.10,0.52,0.77,0.88,0.90,,1.30,-0.20,3.90,6.10,6.30,,,,,,,4,4,,5.60,5.80,5.90,6.31,,,,,,,,1.70,2.60,5.60,5.70,5.20,,,,,1.60,,4.20,4.80,3.80,3.90,2.90,,,0.50,,,1.40,,,2.80,2.60,2.80,3.60,2.20,1.50,
2008-12-04 21:20,6.70,4.55,3.46,4.77,3.24,3.78,3.72,4.90,5.75,4.49,3.78,3.71,5.03,3.29,3.42,3.64,1.04,3.13,1,0.89,5.08,1.92,1.51,,5.33,4.37,4.67,4.16,5.22,3.80,4.26,3.38,3.18,1.29,1.74,2.25,4.03,2.23,0.57,3.05,3.40,2.49,5.09,3.30,1.10,5.12,5.20,5.70,5.96,4.97,2.72,6.28,5.42,6.76,5.53,6.02,5.19,5,5.67,5.53,7.64,3.90,9.36,5.46,3.70,,2.87,0.86,2.50,-2.71,2.44,0.81,1.52,2.48,2.93,0.42,1.60,1.64,3.37,2.40,2.12,3.80,4.92,3.80,4.45,4.73,4.86,5,5.73,5.10,4.28,6.15,6.12,6.40,6.60,6.34,5.49,6.34,6.13,6.23,5.78,6.82,-0.25,1.45,1.11,-0.59,0.85,2.40,5.52,3.78,2.73,2.64,3.74,1.23,0.92,0.21,0.80,0,0,,0.30,1.43,1.04,0.83,1.42,2.20,2.30,0.36,0.79,0.79,1,,1.20,-0.20,4,6.10,6.10,,,,,,,3.90,3.70,,5.60,5.80,5.90,6.38,,,,,,,,1.60,2.50,5.60,5.60,5.20,,,,,1.50,,4.20,4.90,3.80,4.10,2.80,,,0.70,,,1.50,,,2.80,2.70,2.40,3.60,2.10,1.50,
2008-12-04 21:30,6.60,4.52,3.38,4.63,3.22,3.59,3.63,4.90,5.95,4.40,3,3.62,5.32,3.37,3.24,3.36,0.83,3.14,1,0.75,5.10,2.55,1.65,,5.35,4.32,4.60,4.07,5.05,3.90,4.10,3.41,3.14,1.41,1.79,2.34,4.06,2.24,0.56,3.04,3.40,2.53,5.19,3.51,1.20,5.23,5.20,5.69,6.17,4.69,2.81,6.28,5.48,6.70,5.50,6.11,5.26,5,5.69,5.43,8.12,4.10,9.31,5.37,4.12,,3.14,0.82,2.30,-2.65,1.83,1.14,1.52,2.56,3.01,0.15,1.50,1.53,3.74,2.38,2.14,3.70,4.84,3.92,4.51,4.82,4.90,5,5.68,5.04,4.49,6.16,6.26,6.40,6.67,6.45,5.60,6.37,6.02,6.30,5.73,7,-0.27,1.25,1.21,-0.58,0.80,2.30,5.55,3.91,2.34,2.79,3.58,1.22,0.89,0.31,0.70,0.21,0.07,,0.50,1.32,1.13,0.88,1.45,2.08,2.30,0.31,0.84,0.89,0.90,,1.40,-0.20,4.20,6,6,,,,,,,3.80,3.50,,5.60,5.80,6.10,6.29,,,,,,,,1.50,2.20,5.40,5.60,5.20,,,,,1.50,,4.30,4.90,3.80,3.80,2.70,,,0.90,,,1.70,,,2.80,2.60,2.30,3.70,2,1.50,
2008-12-04 21:40,6.40,4.53,3.46,4.57,3.03,3.52,3.50,5,5.88,4.25,3.87,3.73,4.46,3.27,3.46,3.40,0.84,3.09,1,0.84,5.06,2.88,1.56,,5.24,4.32,4.33,4.35,4.89,4,4.08,3.65,3.05,1.36,1.89,2.32,3.98,2.29,0.68,3.05,3.50,2.58,5.07,3.84,1.10,5.57,5.20,5.57,6.16,4.56,2.94,6.21,5.40,6.52,5.47,6.12,5.32,5.10,5.73,5.38,8.33,4.10,9.04,5.36,4.48,,3.13,0.96,2.20,-2.58,1.24,1.40,1.43,2.86,3.16,0.28,1.50,1.57,3.84,2.34,2.14,3.60,4.62,3.95,4.58,4.80,4.89,5,5.77,4.97,4.79,6.26,6.29,6.50,6.60,6.54,5.57,6.32,6,6.34,5.67,7.20,-0.28,1.17,1.23,-0.46,0.70,2.40,5.47,4.06,2.51,2.83,3.37,1.22,1.09,0.40,0.80,0.30,0.13,,0.80,1.44,1.12,0.99,1.30,2.16,2.30,0.44,0.78,1.03,0.90,,1.50,-0.20,3.70,6,6.10,,,,,,,4,3.20,,5.60,5.80,6.20,6.31,,,,,,,,1.40,2,5.30,5.80,5.20,,,,,1.60,,4.40,4.90,3.80,3.80,2.50,,,0.90,,,1.90,,,2.80,2.20,2.10,3.70,1.90,1.50,
2008-12-04 21:50,5.70,4.61,3.60,4.59,2.81,3.61,3.54,5,5.65,4.22,4.99,4.02,3.64,3.42,3.39,3.33,0.59,2.94,1,0.96,5.28,2.97,1.65,,5.07,4.30,4.23,4.19,4.82,4.20,4.21,3.67,2.65,1.44,1.85,2.35,3.79,2.37,0.66,2.98,3.30,2.55,5.09,3.93,1.20,5.61,5,5.48,6.15,4.48,2.86,6.09,5.37,6.62,5.48,6.05,5.23,5.10,5.82,5.40,8.40,4.10,8.75,5.35,4.91,,3.05,1.03,2.50,-2.28,1.15,1.28,2.17,3.27,3.04,0.77,1.40,1.67,3.76,2.15,2.08,3.40,4.48,4.05,4.71,4.82,4.80,5,5.81,4.96,4.73,6.29,6.29,6.50,6.61,6.52,5.53,6.40,6.02,6.32,5.68,7.35,0.31,1.14,1.29,-0.38,0.73,2.40,5.43,4.31,2.80,2.91,3.33,1.18,1.33,0.40,0.80,0.22,0.19,,0.80,1.47,1.24,1.26,1.28,2.27,2.20,0.39,1.21,1.01,1,,1.50,-0.20,3.80,5.90,6.20,,,,,,,4.10,3.60,,5.60,5.70,6.20,6.32,,,,,,,,1.10,2,5.30,5.80,5.30,,,,,1.70,,4.40,4.90,3.80,3.70,2.50,,,0.90,,,2.10,,,2.70,2.30,2,3.60,1.80,1.40,
2008-12-04 22:00,5.20,4.79,3.66,4.62,2.58,3.74,3.57,5,5.28,4.21,3.94,3.88,3.17,3.30,2.98,3.18,0.48,3.02,1,0.92,5.04,3.82,1.49,,5.11,4.21,4.61,4.39,4.72,4.20,4.05,3.70,3.11,1.55,1.74,2.27,3.74,2.43,0.62,3.02,3.50,2.58,5.11,4.24,1.10,5.51,5.40,5.52,6.05,4.55,2.87,5.94,5.38,6.58,5.46,6.11,5.24,5.30,5.91,5.44,8.51,4.20,8.51,5.26,4.85,,2.97,1.15,2.70,-2.21,0.59,1.24,2.38,3.29,3.10,0.78,1.40,1.68,3.79,2.17,2.08,3.30,4.33,4.14,4.71,4.77,4.83,5.10,5.70,4.95,4.73,6.31,6.31,6.50,6.44,6.41,5.47,6.51,5.95,6.28,5.67,7.30,1.01,1.05,1.11,-0.45,0.93,2.10,5.36,4.59,3.30,2.98,3.32,1,1.34,0.20,0.80,0.16,0.09,,0.70,1.66,1.35,1.34,1.40,2.39,2.30,0.38,0.84,1.08,0.90,4.40,1.40,-0.20,4.10,6,6.10,,-1,-6.10,3.70,1.50,3.10,4.30,3.80,4.70,5.70,5.70,6.20,6.30,5.70,0.90,3.20,0.30,1.50,1.10,1.50,1.20,2,5.40,5.80,5.30,3.60,2,1.20,0.30,1.70,4.20,4.50,5,3.60,3.50,2.50,1.60,1.50,1.10,1.20,1.60,2.10,2.70,2.80,2.60,2.30,1.70,3.70,1.90,1.40,0.20
2008-12-04 22:10,5,4.89,3.68,4.53,2.46,3.78,3.49,4.90,5.28,4.25,3.12,4.08,2.37,3.24,2.66,3.16,0.39,3.04,0.90,0.94,4.96,3.43,1.43,,5.04,4.21,4.56,4.36,4.73,4.40,3.86,3.72,3.04,1.62,1.74,2.09,3.46,2.42,0.78,3.16,3.40,2.80,4.96,4.45,0.90,5.40,5.90,5.54,6.03,4.75,3.02,5.98,5.37,6.59,5.52,6.09,5.38,5.30,5.89,5.41,8.78,4.20,8.34,,4.59,,2.80,1.17,2.90,-1.91,0.68,1.26,3.09,3.16,3.29,0.58,1.50,1.36,3.37,2.33,2.20,3.34,4.28,4.15,4.72,4.73,4.91,5.10,5.78,4.92,4.82,6.29,6.29,6.50,6.39,6.49,5.45,6.58,5.92,6.21,5.72,7.34,0.96,1.08,1.09,-0.51,1.25,2.30,5.37,4.70,3.42,3.09,3.18,1.03,1.33,0.08,0.70,0.19,0.06,,0.70,1.95,1.45,1.47,1.25,2.47,2.20,0.37,1.12,0.36,0.70,,1.40,-0.20,3.80,6,6.10,,,,,,,4.30,3.80,,5.70,5.70,6.20,6.25,,,,,,,,1.20,2.10,5.30,5.90,5.30,,,,,1.70,,4.50,4.90,3.60,3.50,2.50,,,1.10,,,2.30,,,2.50,2.40,1.70,3.70,1.90,1.40,
2008-12-04 22:20,4.90,5.03,3.63,4.51,2.24,3.93,3.38,4.90,5.36,4.35,3.05,3.71,3.64,3.89,2.46,3.03,0.39,2.80,0.90,0.78,5.18,3.50,1.33,,4.73,4.25,4.29,4.04,4.74,4.30,3.66,3.63,2.94,1.72,1.73,1.91,3.68,2.13,0.67,3.14,3.40,2.76,4.79,4.91,0.70,5.33,6.20,6.10,5.93,5.12,2.92,5.87,5.33,6.64,5.67,6.56,5.44,5.30,5.89,5.49,8.96,4.30,8.27,,4.87,,2.93,1.33,3,-2.08,0.47,1.20,3.69,3,3.29,0.57,1.70,1.06,2.88,2.35,2.24,3.26,4.34,4.15,4.67,4.69,4.80,5.10,5.93,4.96,4.71,6.36,6.26,6.50,6.54,6.59,5.46,6.63,5.91,6.19,5.65,7.28,0.70,1.42,1.17,-0.29,1.46,2.40,5.51,4.95,3.38,3.09,2.98,0.96,1.52,0.01,0.80,0.37,0.17,,0.70,2.11,1.50,1.53,1.24,2.45,2.30,0.42,1.22,0.41,0.70,,1.40,-0.20,3.80,6,6.10,,,,,,,4.30,3.70,,5.70,5.80,6.30,6.23,,,,,,,,1.40,1.90,5.30,5.80,5.40,,,,,1.80,,4.50,4.80,3.50,3.70,,,,1.10,,,2.40,,,2.50,2.30,1.80,3.70,2,1.50,
2008-12-04 22:30,4.80,5.14,3.68,4.60,2.09,4.09,3.23,4.80,5.31,4.14,3.08,3.22,4.55,6.14,2.38,2.89,0.43,2.71,0.90,0.76,5.22,3.75,1.13,,4.89,4.31,4.40,4.51,4.75,4.10,3.73,3.44,3.45,1.65,1.76,1.85,3.65,1.85,0.57,3.09,3.40,2.91,4.76,5.25,0.50,5.42,6.30,6.90,5.91,6.06,2.99,5.70,5.36,6.68,5.85,6.80,5.33,5.40,5.80,5.54,8.79,4.40,8.14,,5.80,,2.34,1.61,3,-2.31,0.37,1.22,4.23,3.15,3.31,0.77,1.70,1.03,2.81,2.77,2.28,3.22,3.97,4.14,4.69,4.81,4.63,5.10,6.02,4.87,4.73,6.39,6.31,6.50,6.57,6.73,5.55,6.63,5.85,6.21,5.64,7.32,0.50,1.30,1.39,-0.05,1.47,2.60,5.46,4.97,3.38,3.24,2.88,0.73,1.46,0.06,0.70,0.44,0.23,,0.70,2.02,1.29,1.34,1.23,2.50,2.30,0.43,1.01,0.58,0.60,,1.30,-0.20,3.90,5.90,6.10,,,,,,,4.30,3.70,,5.70,,6.30,6.22,,,,,,,,1.50,2,5.30,5.80,5.50,,,,,1.90,,4.60,4.80,3.40,3.70,2.50,,,1.10,,,2.50,,,2.40,2.20,1.90,3.80,2.20,1.50,
2008-12-04 22:40,4.60,5.09,3.88,4.51,2.01,4,3.28,4.80,5.29,3.91,3.03,3.34,4.68,7.62,2.11,2.85,0.95,2.73,0.80,0.68,4.97,4.23,1.18,,4.90,4.10,4.34,4.63,4.57,4.40,3.86,3.23,3.50,1.62,1.70,1.93,3.48,1.65,0.52,3,3.40,3.16,4.74,5.19,0.50,5.36,6.70,7.59,5.96,6.79,3.05,5.86,5.37,6.75,5.86,7.46,5.29,5.60,5.83,5.65,8.73,4.50,8.09,,6.59,,2.64,1.78,2.90,-2.43,0.19,1.18,4.42,3.22,3.33,1.17,1.70,1,2.83,2.84,2.26,3.26,3.98,4.11,4.78,4.90,4.57,5.10,6.02,5,4.61,6.47,6.32,6.50,6.60,6.81,5.57,6.63,5.83,6.20,5.77,7.30,0.57,1.22,1.12,0.18,1.53,2.80,5.48,5.19,3.22,3.18,2.85,0.55,1.45,0,0.60,0.56,0.24,,0.70,2.10,1.22,1.32,1.15,2.53,2.30,0.22,1.06,0.66,0.50,,1.30,-0.20,3.80,6,6.30,,,,,,,4.20,3.70,,5.70,5.80,6.30,6.29,,,,,,,,1.50,2,5.40,5.80,5.80,,,,,2.10,,4.70,4.90,3.40,3.50,2.50,,,1.10,,,2.80,,,2.40,2.10,1.80,3.70,2.10,1.40,
2008-12-04 22:50,4.50,5.04,3.84,4.47,2.10,3.98,3.31,4.80,5.13,3.74,3.52,3.29,4.70,7.85,2.19,2.80,0.83,2.73,0.70,0.55,4.79,4.86,1.02,,4.74,4.06,4.42,5.16,4.55,4.10,4.11,3.36,3.39,1.52,1.63,1.64,3.61,1.64,0.53,2.93,3.40,2.74,5.67,5.11,0.30,5.43,6.90,8.08,5.97,6.74,3.10,5.81,5.34,6.84,5.75,7.58,5.43,5.90,5.92,5.90,8.76,4.60,8.05,,7.60,,2.68,1.96,3,-2.42,0.05,1.15,4.26,3.15,3.30,1.17,1.80,1,2.80,2.67,2.29,3.10,4.12,4.12,4.81,4.94,4.61,5.10,6.05,4.99,4.69,6.38,6.26,6.60,6.52,6.72,5.55,6.77,5.86,6.18,5.80,7.21,0.64,1.46,0.91,0.17,1.56,2.80,5.53,5.23,3.01,3.15,2.82,0.49,1.43,-0.05,0.60,0.88,0.31,,0.60,2.20,1.06,1.67,1.21,2.59,2.30,0.10,1.03,0.58,0.50,,1.40,-0.20,3.50,6.10,6.30,,,,,,,4.10,3.30,,5.80,5.70,6.20,6.26,,,,,,,,1.70,2,5.50,5.80,6,,,,,2.10,,4.80,5,3.40,3.50,2.50,,,1.20,,,3,,,2.30,2,2,3.60,2.10,1.50,
2008-12-04 23:00,4.40,5.01,3.87,4.37,1.99,3.70,3.29,4.70,4.97,3.66,3.57,2.75,4.16,7.70,2.24,2.76,0.57,2.75,0.80,0.48,4.86,4.86,0.97,,4.72,3.88,4.17,5.09,4.43,4,4.58,3.19,3.40,1.33,1.66,1.46,3.26,1.52,0.43,3.23,3.20,2.62,6.06,5.05,0.30,5.45,7.10,8.44,6.04,6.79,3.10,5.83,5.29,6.88,5.81,7.22,5.49,7.20,5.87,6.27,8.86,4.60,8.09,,7.47,,2.42,2.13,2.90,-2.49,0.04,1.17,4.06,3.12,3.42,1.25,1.90,1.08,2.80,2.64,2.31,3,4.03,3.96,4.74,5.12,4.58,5.10,6.18,4.84,4.69,6.37,6.29,6.60,6.57,6.37,5.52,6.80,5.90,6.22,5.78,7.22,0.57,1.69,0.97,0.03,1.56,3,5.58,5.22,3,3.12,2.90,0.37,1.59,0.08,0.60,1.09,0.37,,0.50,2.60,1.09,2.12,1.26,2.62,2.20,0.13,0.96,0.33,0.50,4.80,1.30,-0.30,3.20,6.20,6.10,,0.10,-6.20,3.80,2.40,3.20,4.20,3.30,4.50,6.10,5.70,6.20,6.40,,0.90,3.20,-0.20,2.10,1.40,2.20,1.70,2.10,5.60,5.80,6.10,3.20,2,0.80,0.90,2.30,4.90,4.80,5.10,3.20,3.60,2.40,1.40,1,1.10,1.30,1.90,3.10,2.60,2.90,2.30,2,2.60,3.60,2.10,1.50,0.40
2008-12-04 23:10,4.30,5.03,4.28,4.33,2.09,3.82,3.29,4.60,4.89,3.56,3.80,2.56,3.28,7.98,2.14,2.73,0.58,2.75,0.80,0.63,4.68,5.18,1.04,,4.50,3.60,3.68,5.16,4.35,3.80,4.77,3.01,3.37,1.42,1.59,1.52,3.31,1.30,0.60,3.09,3,2.47,5.66,4.88,0.20,5.44,7.50,8.51,5.76,6.91,3.20,5.78,5.34,7.02,5.82,8.27,5.39,8,5.90,6.60,8.88,4.70,8,,7.24,,2.26,2.36,2.80,-2.56,-0.09,1.17,3.67,3.18,3.47,1.30,2.10,1.18,2.90,2.70,2.45,3,3.97,3.91,4.63,5.23,4.54,5,6.15,4.96,4.62,6.39,6.36,6.60,6.46,6.75,5.62,6.70,5.88,6.12,5.73,7.28,0.21,1.88,0.95,0.32,1.77,3.10,5.60,5.24,3.15,3.22,2.83,0.25,1.57,0.08,0.50,1.28,0.47,,0.60,2.67,1.15,2.35,1.34,2.72,2.10,0.38,1.06,0.34,0.50,,1.30,-0.40,3.30,6.20,6.40,,,,,,,3.90,3.40,,6.10,5.70,6.20,6.24,,,,,,,,1.80,2.20,5.50,5.80,6.10,,,,,3,,4.90,5.10,3.20,3.60,2.40,,,1.10,,,3.20,,,2.30,2,2.60,3.60,2.10,1.60,
2008-12-04 23:20,4.40,5.12,5.32,4.23,2.14,3.84,3.29,4.60,4.96,3.42,4.02,2.57,3.19,8.13,1.90,2.74,0.65,2.67,0.80,0.51,4.45,5.17,1.31,,4.49,3.77,3.69,4.50,4.24,3.80,5.17,2.96,3.20,1.14,1.41,1.36,3.26,1.21,0.80,3.06,2.80,2.48,5.41,4.71,0.10,5.40,7.80,8.51,5.57,7.20,3.30,5.77,5.25,7.03,5.93,8.72,5.59,8.20,5.97,6.71,8.96,4.70,7.82,,7.33,,2.58,2.31,2.50,-2.72,0.05,1.11,3.47,3.46,3.52,1.44,2.30,1.30,3,2.91,2.43,3.10,4.04,4.06,4.72,5.38,4.52,5,6.12,4.92,4.59,6.41,6.30,6.60,6.40,6.84,5.55,6.74,6.10,6.06,5.72,7.20,-0.11,1.87,1.08,0.21,1.83,3.40,5.50,5.44,3.50,3.29,2.65,0.28,1.72,0.06,0.40,1.32,0.49,,0.60,2.55,1.09,2.43,1.37,2.67,2.10,0.57,0.95,0.39,0.60,,1.40,-0.40,3.20,6.30,6.50,,,,,,,3.90,3.40,,6,5.60,6.20,6.25,,,,,,,,1.90,2.30,5.60,5.70,6.10,,,,,3.50,,5,5.10,3.10,3.60,2.50,,,1.20,,,3.20,,,2.30,1.90,2.90,3.60,2.10,1.70,
2008-12-04 23:30,4.30,5.11,5.80,4.24,2.38,3.94,3.32,4.70,5.03,3.29,4.18,3.13,2.91,8.15,2.11,2.75,0.75,2.45,0.80,0.69,3.98,3.31,1.79,,4.53,3.78,3.33,5.18,4.15,3.80,5.30,2.75,3.06,1.05,1.52,0.86,3.07,1.19,1.43,3.06,2.90,2.22,5.32,4.44,0.30,5.46,7.90,8.47,5.50,7.08,3.31,5.77,5.14,7.07,5.71,9.13,5.67,8.50,6.15,6.65,8.90,4.80,7.76,,7.79,,2.67,2.22,2.30,-2.59,-0.09,1.23,3.38,3.45,3.61,2.26,2.40,1.47,2.90,3.06,2.40,3,4.12,4.09,4.84,5.35,4.58,5,6.06,4.85,4.52,6.37,6.30,6.50,6.50,6.47,5.54,6.79,6.32,6.05,5.81,7.14,-0.38,2.35,1.16,0.16,1.97,3.40,5.47,5.56,3.68,3.38,2.75,0.40,1.69,0.12,0.40,1.31,0.49,,0.60,2.69,1.12,2.59,1.40,2.61,2.30,0.85,1.03,0,0.70,,1.50,-0.40,3,6.60,6.80,,,,,,,3.90,3.30,,6.10,5.50,6.20,6.27,,,,,,,,2,2.40,5.70,5.60,6.20,,,,,3.80,,5.10,5.30,3.10,3.70,2.50,,,1.10,,,3.30,,,2.30,1.90,2.90,3.60,2.20,1.70,
2008-12-04 23:40,4.30,5.32,5.34,4.40,2.57,4.03,3.31,4.70,4.89,3.23,4.43,3.37,2.50,8.09,1.96,3.12,0.96,2.29,0.80,0.65,3.82,2.64,1.91,,4.65,3.77,3.56,5.46,4.05,3.20,5.19,3.18,3.25,1.11,1.37,1.01,3.11,1.13,1.41,3.08,2.80,2.19,5.20,4.20,0.40,5.47,7.90,8.37,5.52,6.99,3.26,5.75,5.21,7.03,5.77,9.11,5.97,8.70,6.21,6.62,8.74,4.80,7.76,,7.80,,2.98,2.35,2.30,-2.71,-0.09,1.37,2.68,3.31,3.62,1.35,2.50,1.87,2.90,2.69,2.45,3,4.11,3.98,4.83,5.30,4.69,5,6.11,4.88,4.69,6.32,6.27,6.50,6.42,6.25,5.61,6.74,6.43,6.10,5.87,7.04,-0.59,2.54,1.15,0.21,2.09,3.30,5.48,5.52,3.74,3.38,2.84,0.42,1.61,0.31,0.60,1.54,0.50,,0.70,2.80,1.26,2.54,1.37,2.63,2.20,1.05,1.11,0.26,0.60,,1.50,-0.50,3.40,6.80,6.90,,,,,,,3.80,3.30,,6,5.50,6.30,6.26,,,,,,,,2,2.40,5.80,5.70,6.10,,,,,3.70,,5.10,5.30,3,3.60,2.50,,,1.20,,,3.40,,,2.40,1.80,3,3.50,2.20,1.60,
2008-12-04 23:50,4.30,5.24,5.21,4.94,2.46,3.97,3.28,4.70,4.98,3.12,4.28,3.59,2.57,8.03,2.18,3.45,1.06,2.14,0.80,0.75,3.17,2.90,1.82,,4.57,3.72,3.64,5.60,3.94,3.10,5.07,3.56,3.07,0.97,1.31,1.21,3.11,1.09,1.23,3.24,2.70,2.01,5.06,4.10,0.40,5.38,7.80,8.40,5.44,7.01,3.28,5.60,5.25,7.02,6,8.67,6.17,8.90,6.17,6.70,8.90,4.80,7.66,,8,,2.93,2.26,2.50,-2.70,-0.14,1.26,2.59,3.28,3.57,0.89,3.20,1.92,2.90,2.96,2.37,3,4.09,3.86,4.90,5.41,4.67,5,5.99,4.93,4.60,6.33,6.44,6.50,6.28,6.16,5.61,6.79,6.51,6.13,5.99,6.92,-0.62,2.39,1.18,0.30,2.24,3.20,5.60,5.50,3.95,3.46,2.87,0.57,1.74,0.59,0.80,1.46,0.69,,0.70,2.82,1.39,2.76,1.21,2.58,2.10,1.12,1.22,0.50,0.60,,1.50,-0.60,3,6.60,7.20,,,,,,,3.90,3.40,,6,5.60,6.40,6.24,,,,,,,,2.20,2.40,5.70,5.60,6.10,,,,,3.80,,5,5.30,3,3.60,2.50,,,1.30,,,3.50,,,2.50,2.10,2.90,3.50,2.30,1.60,
2008-12-05 00:00,4.30,5.35,5.08,5.06,2.57,3.95,3.23,4.60,4.77,3.15,4.81,3.36,2.80,7.86,2.39,3.76,1.20,1.94,0.70,0.88,3.01,3.74,1.43,,4.50,3.67,3.65,5.53,3.90,3.10,5.13,3.94,3.07,0.88,1.31,1.14,3.11,1.21,0.96,3.26,2.70,1.91,4.69,4.32,0.40,5.38,7.80,8.41,5.40,7.04,3.37,5.60,5.12,6.95,6.04,8.86,6.56,8.90,6.19,6.82,8.67,4.90,7.71,,8.30,,3.04,2.01,2.30,-2.70,0.17,1.29,2.48,3.33,3.73,0.73,3.30,2.04,3,3.01,2.39,3.20,4.15,3.75,4.95,5.44,4.59,4.90,5.89,4.93,4.54,6.32,6.33,6.40,6.29,6.05,5.64,6.73,6.47,6.22,5.83,6.91,-0.81,2.33,1.15,0.14,2.26,3.20,5.32,5.43,4.15,3.43,2.80,0.41,1.75,0.65,1.10,1.43,0.74,,0.80,2.94,1.71,2.50,1.09,2.47,2.30,1.15,1.04,0.32,0.70,4.70,1.30,-0.60,2.70,6.60,7.20,,0.60,-5.50,4.10,3.40,3.20,3.90,3.50,4.90,5.90,5.50,6.40,6.20,6.10,0.70,4,0.20,0.90,1.40,2.30,2.10,2.60,5.70,5.60,6.10,2.90,1.80,0.70,1.90,3.70,4.80,5,5.40,3,3.40,2.60,,0.60,1.50,1.50,,3.50,2.60,3,2.60,2.20,2.70,3.50,2.50,1.60,0.60
2008-12-05 00:10,4.30,5.18,5.61,4.98,2.65,3.94,3.21,4.70,4.76,3.03,5.20,3.31,3.16,7.48,2.78,4.25,1.89,1.94,0.60,0.94,2.90,4.41,1.04,,4.39,3.66,3.45,5.65,3.73,3.30,5.08,4.36,3.19,0.89,1.27,1.57,3.10,1.28,0.72,3.22,2.70,2.06,3.36,4.32,0.50,5.39,7.70,8.39,5.67,7.06,3.55,5.75,6.56,7.05,6.41,9.32,6.65,9,6.08,6.74,8.74,5,7.73,,8.46,,2.89,1.91,2.20,-2.58,0.27,1.39,2.29,3.45,3.79,1.07,3.30,2.26,2.97,3.11,2.48,3.20,4.26,3.77,4.75,5.43,4.59,4.90,5.88,4.94,4.52,6.26,6.25,6.40,6.39,5.90,5.71,6.74,6.45,6.17,5.71,6.87,-1.02,2.59,1.09,0.26,2.51,3.20,5.34,5.39,4.20,3.41,2.67,0.45,1.72,0.81,1.30,1.47,0.63,,0.90,3.21,1.58,2.53,1.15,2.27,2.30,1.44,1.07,0.02,0.80,,1.30,-0.70,2.90,6.80,7,,,,,,,3.90,3.50,,5.90,5.40,6.40,6.21,,,,,,,,2.30,2.60,5.70,5.60,6.10,,,,,3.70,,4.90,5.60,3,3.50,2.60,,,1.50,,,3.70,,,2.60,2.40,2.70,3.60,2.50,1.80,
2008-12-05 00:20,4.30,5.06,5.98,4.96,2.69,4.02,3.25,4.60,5.13,2.90,5.70,2.87,3.64,7.40,2.58,4.79,2.03,2.08,0.40,0.89,2.74,4.43,0.97,,4.23,3.59,3.05,5.73,3.76,3.60,5.39,4.37,3.15,0.75,1.26,1.52,3.09,0.98,0.79,3.24,2.80,2.01,3.14,4.73,0.60,5.31,7.70,8.34,5.36,7.04,3.59,5.76,7.27,7.09,6.97,9.36,7.71,9,6.35,6.64,8.73,5.60,7.88,,8.53,,2.91,1.89,2,-2.55,0.55,1.53,2.12,3.45,3.76,1.37,2.90,2.10,2.98,3.02,2.47,3.10,4.11,3.67,4.82,5.48,4.56,4.90,5.79,4.89,4.62,6.28,6.22,6.40,6.12,5.90,5.74,6.73,6.45,6.13,5.84,6.75,-1.11,2.95,1.01,0.42,2.82,3.10,5.33,5.37,4.22,3.46,2.67,0.27,1.61,0.82,1.40,1.50,0.78,,1.10,3.53,1.35,2.55,1.02,2.27,2.30,1.63,1.44,0.09,0.80,,1.30,-0.80,3.20,7.20,6.90,,,,,,,4,3.50,,5.90,5.10,6.40,6.16,,,,,,,,2.40,2.70,5.70,5.50,6.20,,,,,3.80,,5,5.60,2.90,3.50,2.60,,,1.60,,,3.60,,,2.50,2.70,2.60,3.60,2.60,1.90,
2008-12-05 00:30,4.40,4.98,6.51,5.05,2.70,3.87,3.28,4.60,5.18,2.93,5.87,2.81,3.60,7.35,2.52,5.07,2.13,2.02,0.40,1.03,2.79,4.48,0.86,,4.24,3.68,3.30,5.60,3.76,3.40,5.04,4.80,3.25,0.81,1.16,1.24,3.21,1.14,0.70,3.23,2.90,2.05,2.87,4.24,0.70,5.65,7.80,8.26,5.74,7.13,3.67,5.64,7.83,7.25,7.02,9.23,8.10,9,6.42,6.91,8.59,6,7.82,,8.40,,2.94,1.81,2.10,-2.59,1.05,1.72,2.04,3.39,3.68,1,2.80,2.14,3.01,3.09,2.55,3.10,4.03,3.68,4.81,5.31,4.53,4.90,5.81,4.81,4.58,6.22,6.26,6.30,6.19,5.85,5.81,6.69,6.40,6.09,5.93,6.69,-0.69,2.93,0.79,0.63,3.08,3.10,5.46,5.34,4.27,3.56,2.69,0.16,1.61,0.93,1.50,1.48,0.82,,1.20,3.44,1.39,2.71,1.18,2.40,2.20,1.81,1.69,0.09,1,,1.20,-0.80,3.10,7.40,7.10,,,,,,,4.10,3.50,,5.90,5,6.50,6.08,,,,,,,,2.30,2.70,5.70,5.50,6.20,,,,,3.80,,5,5.70,2.80,3.50,2.70,,,1.60,,,3.60,,,2.50,2.70,2.60,3.70,2.60,2,
2008-12-05 00:40,4.40,5.01,6.40,4.98,2.70,3.83,3.31,4.60,5.09,2.84,5.70,2.39,3.25,7.43,2.56,5.12,1.42,2.01,0.30,1.09,2.84,3.34,0.79,,4.17,3.81,3.90,5.46,3.79,3.50,4.66,4.11,3.23,0.70,1.12,1.32,3.13,1.24,0.82,3.25,2.70,1.95,2.46,4.09,0.70,5.34,7.90,8.27,5.84,6.97,4.29,5.56,6.45,7.49,6.96,9.42,8.72,9,6.54,7.18,8.54,7.20,7.80,,8.11,,2.82,1.73,1.70,-2.24,1.23,1.90,1.83,3.33,3.73,0.84,2.80,2.03,3.22,3.25,2.57,3.20,4.28,3.62,4.82,5.31,4.44,4.90,5.78,4.82,4.61,6.24,6.33,6.10,6.27,5.94,5.82,6.73,6.40,6.08,6.08,6.65,-0.54,2.71,0.60,0.75,3.23,3.10,5.39,5.37,4.31,3.58,2.68,0.31,1.50,1.16,1.80,1.50,0.88,,1.40,3.60,1.30,3,1.34,2.44,2.10,1.93,1.62,0.45,1.10,,1.20,-0.90,3,7.40,7.50,,,,,,,4,3.50,,5.90,4.90,6.50,6.05,,,,,,,,2.40,2.70,5.70,5.50,6.30,,,,,3.90,,5.10,5.80,2.80,3.60,2.60,,,1.80,,,3.70,,,2.50,2.90,2.80,3.80,2.80,2.10,
2008-12-05 00:50,4.40,5.64,6.39,5.13,2.74,3.68,3.37,4.60,5.05,2.96,4.87,2.53,3.05,7.83,2.39,5.13,1.46,1.91,0.40,1.03,2.66,3.40,0.78,,3.85,3.74,4.80,5.34,3.77,3.30,6.28,3.96,3.17,0.77,1.27,1.35,3.09,1.32,0.82,3.54,2.60,2.01,2.57,4.11,0.60,5.18,7.80,8.36,5.82,6.87,4.38,5.54,5.90,7.68,7.13,9.20,9.31,9,6.50,7.33,8.63,7.80,7.82,,7.99,,2.83,1.71,1.60,-1.91,1.61,1.84,2.03,3.10,3.75,1.04,2.50,2.17,3.27,3.25,2.54,3.10,4.24,3.51,4.85,5.26,4.36,4.90,5.76,4.90,4.52,6.17,6.40,6,6.10,5.87,5.81,6.74,6.37,6.05,6.20,6.52,-0.26,2.70,0.38,0.95,3.19,3.10,5.37,5.33,4.27,3.74,2.75,0.46,1.52,1.27,1.90,1.49,1.05,,1.50,3.76,1.47,3.14,1.34,2.40,2.10,1.99,1.63,0.61,1.30,,1.30,-1,3.30,7.50,7.70,,,,,,,4,3.60,,5.80,4.90,6.50,6,,,,,,,,2.40,2.80,5.70,5.60,6.30,,,,,3.90,,5.30,5.80,2.80,3.60,2.50,,,1.80,,,3.90,,,2.50,2.90,3,3.80,2.80,2.20,
2008-12-05 01:00,4.50,7.57,6.37,5.04,2.84,3.61,3.45,4.60,5.08,2.92,4.58,2.50,3.13,7.82,2.33,5.01,1.70,2.01,0.40,1.17,3.52,3.43,0.77,,3.85,3.56,4.87,5.79,3.67,3.30,5.62,4.35,2.88,0.65,1.10,1.43,3.06,1.14,0.68,3.53,2.50,1.99,3.13,4.24,0.60,5.05,7.80,8.45,5.92,6.83,4.32,5.55,6.42,7.79,7.07,9.22,9.63,9.10,6.56,7.37,8.46,8,7.82,,8.06,,3.01,1.62,1.80,-1.85,1.40,2.08,2.33,3.12,3.70,0.97,2.30,2.49,3.28,3.37,2.54,3.20,4.15,3.63,4.86,5.31,4.33,4.80,5.84,4.77,4.41,6.16,6.27,6,5.93,5.49,5.69,6.77,6.43,6.01,6.28,6.40,-0.24,2.72,0.22,1.26,3.28,2.90,5.39,5.29,4.07,3.79,2.80,0.49,1.44,1.33,2,1.47,1.17,,1.70,3.67,1.70,3.11,1.31,2.50,2.10,1.86,1.71,0.53,1.40,4.70,1.40,-1,3.40,7.50,7.70,,0.20,-5.40,4.10,3.90,3.30,4,3.60,4.70,5.80,4.80,6.50,6,5.90,1,4.60,-0.40,1.20,1.50,2.60,2.60,2.80,5.60,5.50,6.30,3.20,1.40,0.60,1.80,3.90,5.20,5.30,5.80,2.80,3.50,2.30,0.30,0.30,1.90,1.80,3.10,4.10,,2.60,2.50,2.90,3,3.80,2.70,2.20,0.80
2008-12-05 01:10,4.50,8.04,6.32,5,3.11,3.55,3.47,4.50,5.07,2.75,4.42,2.11,3.25,7.64,2.33,4.95,1.29,2.16,0.30,1.05,3.04,3.37,0.71,,3.89,3.41,4.95,6.32,3.57,3.40,5.96,4.32,2.55,0.67,0.91,1.21,3.04,1.16,0.84,3.17,2.10,1.72,4.06,4.20,0.60,5.12,7.70,8.36,5.83,6.75,4.12,5.60,5.96,7.98,7.48,9.27,9.71,9.10,6.72,7.35,,8,7.79,,8.29,,3.05,1.50,1.70,-1.76,1.24,1.97,2.79,2.77,3.58,0.86,2,2.68,3.45,3.50,2.57,3.30,4.05,3.66,4.80,5.16,4.37,4.80,5.91,4.78,4.51,6.21,6.25,5.80,5.96,5.51,5.79,6.70,6.50,5.98,6.39,6.35,-0.16,2.53,0.24,1.18,3.39,2.90,5.24,5.27,4.11,3.73,2.94,0.53,1.32,1.43,2.20,1.62,1.26,,1.80,3.66,2.01,3.21,1.19,2.41,2.10,1.89,1.63,1,1.50,,1.50,-1.10,3.10,7.90,7.70,,,,,,,3.90,3.70,,5.80,4.60,6.40,5.87,,,,,,,,2.70,2.80,5.60,5.50,6.30,,,,,3.80,,5.20,5.80,2.90,3.50,2.30,,,1.90,,,4.20,,,2.60,2.90,3,3.80,2.70,2.30,
2008-12-05 01:20,4.40,7.83,6.31,4.99,3.19,3.50,3.50,4.50,5.03,2.50,4.57,1.94,3.29,7.62,2.56,4.97,1.09,2.16,0.20,0.97,2.70,2.83,0.65,,3.82,3.38,4.67,6.25,3.46,3.70,5.89,4.37,2.47,0.63,0.93,1.19,2.74,1.21,1.09,2.96,2.10,1.66,4.23,4.22,0.60,5.26,7.60,8.35,5.86,6.71,4.23,5.81,6.86,8.10,7.63,9.46,9.97,9,6.92,7.32,,8.10,7.79,,8.41,,3.08,1.52,1.90,-1.71,1.89,2.11,3.91,2.78,3.59,1.04,1.90,2.37,3.54,3.67,2.63,3.30,4.19,3.52,4.95,5.07,4.42,4.80,5.86,4.69,4.61,6.20,6.27,5.80,6,5.41,5.79,6.69,6.47,6,6.42,6.28,0,2.35,0.12,1.22,3.41,3,5.26,5.29,3.95,3.89,2.96,0.62,1.26,1.43,2.10,1.69,1.28,,1.80,3.72,2.15,3.41,1.09,2.35,2.10,1.97,1.73,1.47,1.70,,1.50,-1.10,3.30,8.30,8.10,,,,,,,4.10,3.80,,5.70,4.50,6.50,5.94,,,,,,,,2.90,2.80,5.60,5.60,6.30,,,,,3.60,,5.20,5.90,2.90,3.50,,,,2.10,,,4.20,,,2.60,2.70,3,3.70,2.70,2.30,
2008-12-05 01:30,4.40,8.18,6.18,5.21,3.57,3.61,3.43,4.50,4.72,2.40,4.64,1.71,3.25,7.67,2.46,5.10,0.95,2,0.10,1.41,2.80,2.49,0.66,,3.74,3.39,3.70,6.03,3.39,3.70,5.32,4.73,2.44,0.60,0.93,1.34,2.61,1.07,1.29,2.85,2.10,1.68,4.53,4.13,0.70,5.39,7.60,8.24,5.92,6.60,4.18,6.39,8.12,8.30,8.24,9.44,10.12,8.90,7.40,7.42,,8.10,7.71,,8.50,,3.04,1.66,1.90,-1.49,3.17,2.01,4.58,2.56,3.50,1.12,1.90,2.58,3.62,3.68,2.65,3.30,4.21,3.61,5.02,5.07,4.38,4.80,5.74,4.68,4.47,6.16,6.23,5.70,5.77,5.29,5.80,6.84,6.42,6.05,6.47,6.27,-0.06,2.32,0.10,1.22,3.23,3.30,5.23,5.29,3.85,3.96,2.97,0.55,1.12,1.53,2.10,1.82,1.49,,1.90,3.59,2.18,3.47,1.17,2.34,2,2.04,1.85,1.64,1.80,,1.50,-1.10,3.60,8.40,8.40,,,,,,,3.70,3.90,,5.70,4.50,6.40,6.04,,,,,,,,3,2.80,5.50,5.60,6.30,,,,,3.70,,5.20,5.90,2.80,3.60,2.40,,,2.20,,,4.20,,,2.50,2.80,2.90,3.60,2.70,2.40,
2008-12-05 01:40,4.40,8.20,6.04,5.63,3.58,3.63,3.33,4.50,4.83,2.41,4.73,1.35,3.20,7.63,2.64,4.98,1.25,1.86,0.10,1.29,3.51,2.88,0.65,,3.65,3.27,3.63,6.75,3.39,3.90,5.47,4.67,2.57,0.67,0.92,1.20,2.62,1.16,1.36,2.80,2.20,1.73,4.36,3.89,0.70,5.62,7.50,8.19,5.83,6.53,4.39,7.38,8.55,8.22,8.73,9.55,10.24,9,8.16,7.44,,8.30,7.71,,8.44,,2.87,1.69,1.60,-1.49,3.55,1.86,4.92,2.37,3.53,0.90,1.90,2.47,3.73,3.83,2.56,3.20,4.12,3.69,5.02,5,4.42,4.80,5.61,4.68,4.51,6.17,6.21,5.60,5.71,5.23,5.78,6.81,6.43,6.08,6.32,6.14,-0.08,2.23,0.06,1.40,3.28,3.40,5.22,5.20,3.74,4,2.99,0.68,0.94,1.62,2.10,2.05,1.68,,2,3.52,2.38,3.37,1.07,2.26,1.90,2.11,2.16,1.94,1.80,,1.40,-1.10,3.30,8.30,8.70,,,,,,,3.80,3.90,,5.70,4.40,6.40,6.05,,,,,,,,3.10,2.80,5.50,5.50,6.20,,,,,3.70,,5.20,5.90,2.80,3.70,,,,2.30,,,4,,,2.50,2.80,2.90,3.50,2.80,2.40,
2008-12-05 01:50,4.50,8.19,6.06,5.95,3.51,3.54,3.37,4.50,4.91,2.39,4.63,1.08,3.18,7.59,2.80,4.79,1.93,1.81,0.20,1.41,4.21,3.63,0.61,,3.48,3.32,4.04,6.80,3.34,4.10,5.30,4.45,2.43,0.54,0.90,1.38,2.65,1.02,1.22,2.70,2.40,1.92,4.71,4.02,0.60,5.56,7.50,8.16,5.77,6.46,4.46,6.70,8.76,8.20,9.20,9.58,10.14,9,9.08,7.36,,8.50,7.80,,8.31,,2.94,1.78,1.30,-1.68,3.58,1.85,4.95,2.38,3.36,1.21,1.90,2.54,3.81,3.65,2.60,3.20,4.08,3.48,4.95,5.06,4.33,4.70,5.64,4.59,4.50,6.12,6.19,5.70,5.37,5.16,5.76,6.77,6.43,6.06,6.34,6.08,0.03,1.96,-0.20,1.19,3.23,3.40,5.37,5.13,3.78,4.05,2.86,0.64,1.02,1.78,2.10,2.07,1.65,,2,3.74,2.39,3.42,1.06,2.20,1.90,2.06,2.06,2.09,1.90,,1.40,-1.10,3,8.20,8.80,,,,,,,4,3.90,,5.70,4.30,6.30,6.01,,,,,,,,3.10,2.80,5.50,5.60,6.20,,,,,3.60,,5.20,5.90,2.80,3.60,2.30,,,2.30,,,3.90,,,2.40,2.70,2.90,3.50,2.80,2.60,
2008-12-05 02:00,4.50,8.12,6.01,6.02,3.45,3.51,3.30,4.70,4.78,2.23,3.99,1.17,3.11,7.36,2.85,4.81,2.01,1.86,0.20,1.49,4.41,3.94,0.64,,3.61,3.37,4.39,6.74,3.36,4.30,5.09,3.64,2.30,0.53,0.77,1.49,2.71,0.98,0.89,2.91,2.30,1.91,4.75,3.96,0.70,5.74,7.50,8.14,5.81,6.39,4.38,6.58,9.26,8.44,9.52,9.60,9.95,8.90,9.53,7.37,8.47,8.60,7.79,,8.35,,2.85,1.85,1.70,-1.77,3.54,1.83,4.99,2.17,3.41,1.08,1.80,2.58,3.90,3.54,2.71,3.40,4.01,3.50,4.89,5.24,4.34,4.70,5.77,4.57,4.54,6.09,6.19,5.60,5.31,5.01,5.80,6.72,6.35,6.02,6.42,6.05,-0.03,1.99,0.15,1.25,2.99,3.50,5.20,5.17,3.80,4.01,2.87,0.46,0.91,1.70,2.20,2.11,1.63,,2.10,3.56,2.37,3.45,0.89,2.20,2,1.99,2.10,2.11,1.90,5.50,1.60,-1.10,3.20,8.10,9.20,,-0.20,-5.10,3.50,3.90,3.50,4.20,4,4.70,5.60,4.30,6.30,6,,1.10,3.60,-0.60,0.80,2.40,3,3.10,2.90,5.40,5.50,6.30,3.20,1.70,0.60,2.30,3.60,5.70,5.30,5.90,2.80,3.60,2.30,0.60,-0.10,2.30,2,3.40,3.80,2.20,2.50,2.40,2.60,2.70,3.20,2.60,2.70,1.30
2008-12-05 02:10,4.50,8.17,5.97,6.11,3.43,3.54,3.22,4.70,4.68,2.37,3.64,1.28,2.90,7.32,3.53,4.74,2.24,1.82,0.30,1.54,4.48,3.89,0.77,,3.17,3.35,4.54,6.65,3.18,4,5.05,3.58,2.36,0.60,0.77,1.48,2.90,0.99,1.08,2.75,2.30,1.94,4.78,3.98,0.70,5.61,7.50,8.16,5.85,6.46,4.37,7.28,10.11,8.60,9.52,9.46,9.91,8.90,9.56,7.69,8.50,9.10,7.77,,8.38,,2.82,1.85,1.40,-1.53,2.59,1.95,4.98,1.88,3.31,0.80,1.60,2.32,4,3.56,3.16,3.63,4.11,3.61,4.99,5.33,4.32,4.70,5.63,4.47,4.65,6.01,6.21,5.30,5.08,5.01,5.80,6.70,6.48,6.13,6.55,6.01,0.20,1.94,0.23,1.16,2.98,3.40,5.10,5.16,3.76,4.16,2.91,0.44,0.93,1.87,2.30,2.25,1.80,,2.20,3.39,2.41,3.43,0.98,2.10,2,1.84,2.03,2.11,1.90,,1.60,-1.10,2.80,8.30,9.60,,,,,,,4.30,4,,5.60,4.20,6.30,5.83,,,,,,,,3.20,2.90,5.50,5.50,6.30,,,,,3.60,,5.30,5.90,2.80,3.60,2.30,,,2.30,,,3.80,,,2.30,2.60,2.70,3.20,2.70,2.70,
2008-12-05 02:20,4.50,8.14,5.74,5.97,3.30,3.34,3.25,4.70,4.80,2.37,3.62,1.83,2.89,7.13,3.46,4.47,2.59,1.79,0.40,1.52,4.38,4.36,0.94,,2.57,3.51,4.30,6.72,3.19,4,5.26,3.46,2.05,0.63,0.77,1.71,2.84,1.07,1.46,2.78,2.10,1.62,4.58,4.04,0.70,5.67,7.50,8.13,5.70,6.58,4.31,6.84,10.47,8.88,9.48,9.60,9.79,8.80,9.98,7.84,8.43,9.10,7.62,,8.51,,2.84,1.82,1.30,-1.56,2.73,1.89,4.91,1.71,3.21,0.93,1.40,2.12,3.90,3.67,3.70,3.73,4.12,3.62,4.95,5.27,4.23,4.70,5.64,4.44,4.55,6.01,6.14,5.10,4.96,4.77,5.67,6.70,6.50,6.15,6.68,5.91,-0.11,1.98,0.39,0.72,3.04,3.30,5.18,5.14,3.75,4.24,2.84,0.34,0.69,1.84,2.40,2.35,1.89,,2.10,3.38,2.46,3.44,1.06,2.10,1.80,1.70,1.85,2.17,1.90,,1.60,-1.10,2.30,8.20,9.70,,,,,,,4,4,,5.60,4.20,6.30,5.69,,,,,,,,3.20,2.90,5.50,5.50,6.30,,,,,3.70,,5.30,5.90,2.80,3.60,2.30,,,2.30,,,3.80,,,2.30,2.40,2.60,3.10,2.70,2.70,
2008-12-05 02:30,4.50,8.19,5.55,5.87,3.21,3.60,3.47,4.90,4.84,2.57,3.78,2.31,2.91,7.13,3.74,4.25,3.07,1.58,0.50,1.48,4.37,2.85,1.05,,2.60,3.47,4.71,6.64,3.11,4.40,5.86,3.41,2.16,0.63,1.03,1.74,2.74,1.16,1.72,2.67,2.20,1.40,4.33,3.90,0.70,6.23,7.50,8.08,5.82,6.63,4.40,7.06,10.46,9.24,9.61,9.62,9.91,8.70,9.74,9.04,8.38,9.10,7.63,,8.53,,2.72,1.82,1.20,-1.50,3.88,1.87,4.60,1.52,3.18,1.64,1.40,2.11,3.98,3.79,3.71,3.50,4.15,3.65,4.86,5.38,4.21,4.70,5.78,4.31,4.54,5.93,6.10,5,4.69,4.78,5.56,6.61,6.31,6.11,6.80,5.84,-0.10,1.81,0.45,0.38,3.17,3.40,5.19,5.09,3.75,4.26,2.86,0.30,0.58,1.94,2.60,2.41,1.90,,2,3.55,2.50,3.59,1.02,2.01,1.70,1.72,1.82,2.30,2,,1.60,-1.10,2.50,8,9.80,,,,,,,4,4.10,,5.60,4.20,6.20,5.62,,,,,,,,3.30,2.90,5.50,5.60,6.30,,,,,3.70,,5.30,5.80,2.80,3.60,2.30,,,2.30,,,3.90,,,2.20,2.30,2.40,3.10,2.80,2.80,
2008-12-05 02:40,4.40,8.31,5.47,5.93,3.31,3.47,4.07,5.20,4.77,2.74,4.12,2.51,2.75,7.20,3.83,4.01,3.17,1.70,0.60,1.28,4.96,2.90,0.94,,2.79,3.40,5.21,6.50,3,4.50,6.19,3.20,1.94,0.54,1.03,1.73,2.72,1.12,2.07,2.75,2.50,1.42,4.41,3.90,0.70,6.45,7.40,8.01,5.61,6.71,4.47,7.25,10.31,9.57,9.67,9.79,9.82,8.60,9.64,9.55,8.32,9.10,7.70,,8.51,,2.44,1.86,1.40,-1.49,3.50,1.87,4.60,1.46,2.95,2.85,1.20,1.94,4.13,3.91,3.71,3.40,4.19,3.63,4.78,5.25,4.27,4.80,5.68,4.33,4.48,5.92,6.08,4.80,4.47,4.76,5.60,6.55,6.42,6.01,6.83,5.82,-0.05,1.50,0.67,0.13,3.27,3.40,5.05,5.12,3.62,4.22,2.96,0.59,1.27,1.92,2.60,2.33,2.04,,2,3.78,2.66,3.60,1.03,1.97,1.70,1.65,1.90,2.42,2,,1.70,-1.10,2.50,8.10,9.70,,,,,,,4,4.10,,5.50,4.20,6.20,5.61,,,,,,,,3.40,3,5.50,5.60,6.30,,,,,3.70,,5.30,5.80,2.90,3.60,2.30,,,2.50,,,3.90,,,2.10,2.20,2.40,3.10,2.90,2.90,
2008-12-05 02:50,4.50,8.25,5.47,6.20,3.47,3.47,4.11,5.60,4.69,2.81,4.57,2.89,2.50,7.29,3.99,3.89,3.41,1.58,0.70,1.31,4.93,3.02,1.04,,3.13,3.31,4.99,6.54,2.90,4.40,5.90,3.07,1.77,0.67,1.17,1.93,2.95,1.16,2.11,2.60,2.50,1.36,4.19,4.03,0.80,5.81,7.40,7.96,5.80,6.76,4.35,7.09,10.36,9.96,9.59,9.70,9.83,8.60,9.68,9.70,8.28,9.10,7.76,,8.51,,2.47,1.85,1.20,-1.50,2.78,1.75,4.83,1.49,2.95,3.49,1,1.92,4.36,4.02,3.73,3.40,4.20,3.64,4.75,5.28,4.28,4.70,5.59,4.30,4.38,5.96,6.05,4.70,4.35,4.79,5.65,6.49,6.42,6,6.85,5.88,-0.37,1.42,0.77,0.32,3.35,3.40,4.98,5.11,3.73,4.21,2.91,0.66,1.67,1.90,2.80,2.32,2.20,,2.10,3.99,2.76,3.48,1.15,2,1.70,1.73,1.93,2.47,2.10,,1.70,-1.10,2.80,8.10,9.80,,,,,,,3.90,4.20,,5.50,4.10,6.20,5.44,,,,,,,,3.50,3,5.50,5.60,6.30,,,,,3.70,,5.20,5.90,2.90,3.60,2.20,,,2.60,,,3.90,,,2.10,2.20,2.40,3.10,3.20,2.90,
2008-12-05 03:00,4.50,8.06,5.37,6.25,3.42,3.60,4.66,5.90,4.58,2.79,4.96,2.51,2.50,7.12,3.95,3.95,3.54,1.46,0.80,1.62,4.89,3.04,1.16,,3.37,3.33,5.23,6.63,2.77,4.40,5.61,3.16,1.78,0.72,1.01,1.65,3.15,1.02,2.10,3.07,2.30,1.32,3.98,4.33,0.90,5.52,7.40,8.07,5.94,6.81,3.91,6.69,10.50,10.13,9.62,9.59,9.77,8.40,9.59,9.65,8.30,8.90,7.60,,8.52,,2.49,1.92,1.10,-1.50,2.67,1.84,4.69,1.59,3.09,3.36,0.90,2.01,4.54,4.10,3.80,3.40,4.06,3.93,4.76,5.28,4.25,4.80,5.62,4.33,4.38,5.96,6.12,4.70,4.27,4.80,5.73,6.36,6.23,5.96,6.86,5.86,-0.57,1.04,1.01,0.59,3.38,3.50,5.13,5.05,3.75,4.17,2.95,1.08,1.71,1.89,2.80,2.13,2.31,,2.20,3.95,2.74,3.40,1.14,2.01,1.90,1.64,2.04,2.74,2.10,7.10,1.70,-1.10,2.30,8,9.70,,-0.30,-5.20,3.10,4.50,3.60,3.90,4.20,4.50,5.50,4.10,6.10,6.50,6,1.40,2.60,0.30,1,2.20,3.30,3.60,3.10,5.50,5.60,6.40,3.10,1.40,0.40,2.50,3.80,5.70,5.20,5.90,2.90,3.50,2.20,,-0.50,2.70,2.10,,4,2.30,2.20,2,2.30,2.30,3.40,3.20,2.80,1.60
2008-12-05 03:10,4.50,7.50,5.20,6.35,3.40,3.62,5.12,6.10,4.55,2.82,5.19,3.37,2.47,7.05,4.07,3.88,3.64,1.51,0.80,1.66,4.90,2.72,1.28,,3.45,3.44,5.63,6.56,2.76,4.40,5.31,3.14,1.98,0.70,1.06,1.41,3.14,0.94,2.28,3.68,2.20,1.47,3.88,4.21,0.90,5.38,7.50,8.18,5.93,6.88,3.63,6.90,10.31,10.44,9.62,9.55,9.70,8.30,9.40,10.01,8.17,9,7.54,,8.56,,2.28,1.83,0.60,-1.54,1.98,1.74,4.68,1.13,3.06,3.42,0.70,2.04,4.80,4.38,3.88,3.40,4.06,3.93,4.80,5.55,4.29,4.80,5.56,4.20,4.42,5.94,6.17,4.60,3.96,4.85,5.73,6.27,6.39,5.87,6.78,5.75,-0.76,0.62,0.92,0.86,3.42,3.50,5.13,5.02,3.77,4.25,2.96,1.44,1.59,1.94,2.80,2.18,2.40,,2.30,3.91,2.68,3.48,1.06,1.86,1.90,1.70,2.09,2.51,2.20,,1.90,-1.20,2.20,7.90,9.60,,,,,,,4.10,4.20,,5.60,4.10,6.10,6.38,,,,,,,,3.60,3.10,5.40,5.60,6.40,,,,,4.10,,5.20,5.90,2.90,3.50,2.20,,,2.70,,,4.20,,,2.10,2.30,2.30,3.40,3.20,2.90,
2008-12-05 03:20,4.60,6.37,5.04,6.30,3.40,3.51,4.94,6.40,4.35,2.88,5.15,4.28,2.30,7.04,4.16,3.74,3.17,1.42,1,1.54,4.64,2.59,1.47,,3.55,3.45,5.50,6.38,2.85,4.10,5.38,3.40,1.75,0.85,1.16,1.50,2.97,1.02,2.23,4.96,2.10,1.41,3.79,4.08,0.90,5.61,7.60,8.22,6.01,6.92,3.59,7.96,10.30,10.48,9.54,9.48,9.57,8.20,9.32,9.93,8.05,9,7.48,,8.50,,2.42,1.84,0.10,-1.57,1.69,1.73,4.51,0.55,2.86,3.01,0.60,2.10,4.70,4.28,3.86,3.40,4.08,3.90,4.73,5.54,4.25,4.70,5.55,4.13,4.55,5.93,6.13,4.80,4.01,4.72,5.88,6.10,6.19,5.93,6.66,5.58,-0.93,0.34,0.94,0.89,3.52,3.60,5.18,4.96,3.69,4.11,2.91,1.51,1.36,1.88,2.90,2.07,2.57,,2.50,3.86,2.64,3.44,1.07,1.84,1.90,1.85,2.18,1.70,2.20,,1.90,-1.20,2.40,8.10,9.60,,,,,,,4,4.20,,5.50,4,6.10,6.48,,,,,,,,3.80,3,5.30,5.70,6.40,,,,,4.10,,5.20,5.90,2.80,3.50,2.20,,,2.70,,,4.30,,,2.10,2.20,2.20,3.60,3.40,2.90,
2008-12-05 03:30,4.50,7.79,4.94,6.27,3.18,3.49,5.03,7.20,4.09,2.99,5.09,4.29,2.23,6.93,4.23,3.57,3.24,1.28,1,1.64,4.69,2.58,1.40,,3.66,3.50,5.84,6.84,2.73,4.10,5.67,3.70,1.74,0.97,1.22,1.70,3.01,1.24,2.36,5.01,2,1.34,3.58,4.09,1,5.86,7.50,8.21,6.02,6.91,4.07,8.48,10.32,10.30,9.48,9.42,9.57,8.20,9.33,10.06,7.98,9,7.49,,8.41,,2.43,1.77,-0.20,-1.58,1.47,1.71,4.20,0.09,2.75,3.55,0.30,1.65,4.70,4.03,3.84,3.40,3.98,3.87,4.75,5.53,4.31,4.70,5.47,4.15,4.44,5.93,6.05,4.70,3.47,4.61,6.03,5.88,5.89,5.94,6.51,5.42,-1.07,0.30,0.90,1.09,3.63,3.60,5.13,4.87,3.60,4.01,2.93,1.77,1.13,1.74,2.90,2.20,2.73,,2.50,3.80,2.67,3.38,1.20,1.92,1.90,1.70,1.93,1.84,2.30,,1.80,-1.30,2.20,8.50,9.60,,,,,,,4,4.20,,5.50,4,6.10,6.91,,,,,,,,3.80,3,5.30,5.70,6.40,,,,,4.20,,5.20,6,2.90,3.40,2.20,,,2.80,,,4.20,,,2,2.20,2.30,3.70,3.40,2.90,
2008-12-05 03:40,4.50,7.84,4.86,6.29,3.18,3.65,5.73,7.30,3.92,2.99,4.97,4.44,2.24,6.93,4.13,3.47,3.28,1.18,1.10,1.94,4.72,2.63,1.56,,3.25,3.54,6.52,7.31,2.63,4.10,5.51,3.64,1.83,0.96,1.24,1.73,3.01,1.36,2.25,4.48,2.10,1.29,3.55,4.23,1,5.91,7.60,8.15,6.28,6.88,4.34,8.64,10.24,10.22,9.46,9.43,9.46,8.10,9.43,10.21,8.07,8.90,7.39,,8.32,,2.50,1.79,-0.30,-1.62,0.79,1.68,3.73,-0.48,2.75,3.92,0,1.52,4.80,3.85,3.78,3.40,4,3.90,4.75,5.52,4.33,4.70,5.46,4.21,4.38,5.90,6.03,4.90,3.29,4.63,6.07,6.07,5.96,6.03,6.32,5.68,-1.34,0.20,0.85,1.05,3.62,3.60,5.10,4.91,3.60,3.99,2.90,1.78,1.06,1.72,2.90,2.11,2.84,,2.60,3.85,2.61,3.51,1.16,2.10,2,1.63,2.30,1.46,2.20,,1.90,-1.40,2.20,8.40,9.70,,,,,,,4.10,4.10,,5.50,4,6.10,7,,,,,,,,3.90,3,5.30,5.70,6.30,,,,,4.20,,5.20,6.10,2.80,3.40,2.20,,,2.80,,,4.20,,,2,2,2.30,3.80,3.30,2.90,
2008-12-05 03:50,4.50,7.79,4.73,6.22,3.21,3.61,5.47,7,3.87,3.31,4.92,4.40,2.10,6.74,4.48,3.37,3.17,1.03,1.10,1.87,4.82,3.35,2.05,,3.32,3.59,7.08,6.86,2.54,4.40,5.24,3.58,1.56,0.87,1.23,1.86,3.08,1.54,2.20,4.60,1.90,1.44,3.63,4.22,1,6.19,7.60,8.04,6.46,6.90,4.40,9.02,10.22,10.08,9.43,9.49,9.31,8.10,9.45,10.06,7.94,8.70,7.28,,8.30,,2.55,1.84,0.80,-1.82,0.34,1.71,3.31,-0.82,2.95,3.71,-0.50,1.38,4.70,3.89,3.74,3.40,3.86,3.89,4.78,5.43,4.31,4.70,5.39,4.17,4.44,5.93,6.09,5,3.03,4.57,6.12,6.20,6.12,6.02,6.20,5.59,-1.50,0.11,1.01,1.01,3.55,3.60,4.97,4.84,3.74,4.02,2.82,1.81,1.32,1.63,3,2.06,3.03,,2.70,3.83,2.55,3.43,1.06,2.26,2.10,1.60,2.33,0.92,2.30,,1.90,-1.60,2.40,8.40,9.50,,,,,,,4.10,4,,5.50,4,6.10,6.88,,,,,,,,3.90,3,5.30,5.70,6.30,,,,,4.30,,5.10,6.10,2.90,3.20,2.20,,,2.90,,,4.20,,,2,2.10,2.30,3.90,3.50,2.80,
2008-12-05 04:00,4.50,7.69,4.76,6.12,3.22,3.53,6.05,6.80,3.76,3.30,4.78,4.52,2.17,6.52,4.25,3.31,3.24,0.83,1.10,1.76,4.23,4.26,1.95,,3.42,3.65,7.91,6.11,2.50,4.30,5.61,3.56,1.57,0.81,1.12,1.78,3.35,1.48,2.08,5.37,1.90,1.30,3.73,4.23,1,7,7.60,8.03,6.21,6.88,4.45,9.42,10.14,10.15,9.38,9.46,9.27,8,9.34,9.98,7.95,8.70,7.16,,8.22,,2.63,1.74,1.20,-1.90,0.01,1.67,3.13,-0.89,2.99,3.76,-0.60,1.20,4.50,4.20,3.79,3.40,4.01,3.91,4.87,5.39,4.15,4.60,5.30,4.09,4.64,5.95,6.04,5.10,2.87,4.61,6.10,5.97,5.95,5.98,6.19,5.66,-1.70,-0.27,0.93,1.08,3.52,3.60,4.91,4.78,3.82,3.85,2.66,1.93,2.01,1.67,3.10,2.11,3.10,,2.70,3.71,2.51,3.55,1.23,2.33,2.30,1.72,2.08,0.70,2.40,6.70,1.80,-1.80,2.70,8.30,9.50,,-2.50,-4.90,1.90,4.50,5.50,4.10,3.90,4.40,5.50,4,6,7,5.60,2,0.90,-0.80,-0.60,2.60,3.60,3.90,3,5.30,5.70,6.40,3.20,1.30,0.60,2.40,4.30,5.50,5.20,6.20,2.80,2.90,2.10,0.50,-0.50,3,2.20,3.60,4.20,2.20,2,2,2.10,2.30,3.90,3.40,2.80,2.50
2008-12-05 04:10,4.50,7.57,4.61,6.02,3.16,3.57,5.79,6.90,3.67,3.37,4.67,4.25,2.23,6.58,4.52,3.31,3.39,0.65,1.20,1.83,3.90,3.58,1.35,,3.63,3.67,7.98,5.97,2.54,4.30,5.11,3.64,1.71,0.80,1.08,1.54,3.30,1.39,2.01,6.01,2.10,1.27,3.79,4.49,0.90,7.22,7.60,8.04,6.22,6.87,4.31,9.37,10.03,10.12,9.38,9.41,9.28,7.80,9.37,10.09,7.81,8.60,7.19,,8.19,,2.71,1.84,1.10,-1.97,-0.26,1.53,3.10,-0.02,2.83,3.65,-0.90,1.44,4.55,4.46,3.85,3.40,3.93,3.85,4.71,5.43,4.24,4.60,5.31,4.17,5.08,5.96,6.01,5.10,2.74,4.69,6.23,5.78,5.51,6.09,6.22,5.54,-1.41,0.30,0.97,0.95,3.64,3.60,4.96,4.84,3.80,3.82,2.48,1.94,2.14,1.83,3.10,2.09,3.28,,2.70,3.93,2.53,3.55,1.17,2.26,2.50,1.94,2.10,0.69,2.30,,1.60,-2,2.80,8.30,9.50,,,,,,,4.10,3.90,,5.50,4.10,6,6.96,,,,,,,,3.80,3,5.30,5.70,6.50,,,,,4.20,,5.10,6.30,2.90,3,2.10,,,3,,,4.20,,,2,2,2.30,3.90,3.50,2.80,
2008-12-05 04:20,4.50,7.50,4.62,5.88,2.98,3.70,4.48,7.20,3.64,3.31,4.75,4.37,2.24,6.54,4.44,3.32,3.40,0.52,1.20,1.55,3.81,3.65,1.13,,3.72,3.43,7.66,6.41,2.57,4.20,4.94,3.42,1.74,0.78,1.08,1.42,2.93,1.26,2.04,7.08,2.20,1.13,4.29,4.39,0.90,7.25,7.50,8.01,6.21,6.95,4.69,9.62,10.01,10.01,9.45,9.46,9.28,7.70,9.30,10,7.81,8.60,7.06,,8.02,,2.77,1.85,1.40,-1.92,-0.59,1.29,3.16,0.44,2.77,3.77,-1.10,1.06,4.67,4.54,3.84,3.60,4.16,3.88,4.69,5.30,4.23,4.60,5.27,4.14,5.15,5.93,6.05,5.20,2.85,4.48,6.46,5.74,5.52,6.05,6.11,5.49,-1.73,0.58,0.91,0.59,3.56,3.70,4.95,4.92,3.96,3.92,2.34,2.11,2.07,1.83,3.10,2.07,3.40,,2.80,3.89,2.46,3.47,0.96,2.16,2.50,2.05,2.22,0.66,2.30,,1.50,-2.20,2.50,8.30,9.60,,,,,,,4.10,3.90,,5.50,4.20,6,7.14,,,,,,,,3.80,3,5.40,5.60,6.50,,,,,4.10,,5.20,6.30,3,3.10,2.10,,,3,,,4.20,,,2,2,2.20,4.10,3.40,2.80,
2008-12-05 04:30,4.50,7.45,4.64,5.84,2.90,3.72,4.98,7.30,3.55,3.17,4.93,4.49,2.14,6.50,4.21,3.21,3.32,0.32,1.10,1.29,3.93,2.68,1.23,,3.75,3.22,6.24,6.43,2.61,4.30,5.06,3.13,1.60,0.61,1.14,1.52,2.91,1.12,2.11,6.94,2.10,1.09,4.43,4.36,0.90,7.32,7.40,8.03,6.40,6.83,5.12,9.79,9.86,9.97,9.59,9.34,9.13,7.60,9.05,9.93,7.56,8.60,6.97,,8.05,,3.06,1.83,1.80,-1.95,-0.73,1.18,3.79,0.51,2.59,3.64,-0.60,0.66,4.55,4.60,3.84,3.74,4.20,3.78,4.72,5.44,4.27,4.60,5.16,3.98,5.04,5.91,5.99,5.20,3,4.45,6.54,5.67,5.41,6.14,6.07,5.29,-1.70,0.78,0.94,0.40,3.54,3.70,4.83,4.79,4.25,3.93,2.20,2.12,2.25,1.92,3.10,2.01,3.44,,2.80,3.69,2.47,3.47,0.93,2.03,2.60,2.26,2.48,0.89,2.20,,1.40,-2.40,3.10,8.30,9.40,,,,,,,4.20,3.90,,5.50,,5.90,7.52,,,,,,,,3.80,3,5.30,5.60,6.50,,,,,4.10,,5.20,6.40,2.90,3.20,2,,,3,,,4.20,,,2,2,2.30,4.10,3.40,3,
2008-12-05 04:40,4.60,7.32,4.54,5.94,2.60,3.71,5.08,7.30,3.42,3.02,4.94,4.52,2.09,6.35,4.88,3.13,3.14,0.33,1.10,1.37,3.71,2.29,1.47,,3.86,3.20,6.24,5.18,2.64,4.50,5.72,2.93,1.40,0.65,1.04,1.54,2.99,1.04,1.95,6.87,2.30,1.04,4.47,4.40,0.90,6.79,7.30,8,6.51,6.81,5.96,9.61,9.92,10.04,9.53,9.33,9.05,7.50,9.13,10.03,7.51,8.70,6.91,,7.99,,3.02,1.82,2,-1.90,-0.38,1.05,4.09,0.69,2.32,3.51,-0.80,0.54,4.36,4.66,3.78,3.85,4.20,3.72,4.70,5.40,4.21,4.60,5.12,4.12,4.96,5.90,5.97,5.10,3.18,4.49,6.61,5.78,5.52,5.83,6.03,5.43,-1.85,0.94,0.82,0.22,3.58,3.60,4.70,4.78,4.32,3.96,2.23,2.09,2,2.01,3.20,1.99,3.54,,2.90,3.78,2.58,3.56,0.92,1.83,2.50,2.39,2.68,1.04,2.20,,1.20,-2.70,2.70,8.40,9.40,,,,,,,4.20,3.90,,5.40,4.20,5.90,7.92,,,,,,,,3.70,3.10,5.30,5.60,6.50,,,,,4,,5.10,6.40,2.80,3.10,2,,,3.10,,,4.20,,,2,2,2.20,4.20,3.40,3,
2008-12-05 04:50,4.80,7.22,4.36,5.98,2.60,3.97,5.76,7.60,3.33,2.91,5,4.08,1.95,6.22,5.36,2.89,2.96,0.30,1.40,0.99,4.06,1.82,2.04,,3.82,3.27,6.13,5.19,2.63,4.80,5.26,3.12,1.30,0.67,1.02,1.47,3.11,1.06,1.87,6.85,2.50,0.62,4.41,4.38,0.90,6.92,7.30,7.88,6.49,6.80,6.09,9.45,10.03,9.95,9.44,9.30,8.86,7.50,9.13,9.96,7.39,8.70,6.87,,7.88,,2.85,1.83,2,-1.88,-0.66,0.95,4.01,1,1.89,3.53,-1,1.51,4.22,4.83,3.81,3.96,4.18,3.85,4.66,5.37,4.16,4.60,5.09,4.10,4.92,5.84,5.92,5.10,3.27,4.75,6.54,5.63,5.79,6.19,5.68,5.35,-1.63,0.95,0.60,-0.32,3.74,3.60,4.73,4.74,4.36,4,2.18,2.08,1.83,2.30,3.20,2.02,3.58,,3,3.84,2.61,3.46,1.11,1.76,2.40,2.34,2.73,0.95,2.20,,1.20,-2.90,2.70,8.20,9.30,,,,,,,4.10,3.90,,5.40,4.30,5.90,8.06,,,,,,,,3.70,3.10,5.30,5.70,6.40,,,,,4,,5.10,6.40,2.90,3.10,1.90,,,3.10,,,4.20,,,2,2,2.20,4.20,3.40,3.20,
2008-12-05 05:00,4.80,7.19,4.26,6,2.60,4.14,6.18,7.60,3.10,2.84,4.95,4.25,1.92,6.20,5.38,2.83,2.83,0.18,1.50,1.25,4.08,1.43,1.84,,3.69,3.44,5.89,5.43,2.65,5,5.34,3.25,1.29,0.67,1.22,1.46,3.12,1.10,1.63,6.57,2.30,0.23,4.56,4.34,0.50,7,7.20,7.82,6.50,6.74,6.10,9.57,10.15,9.76,9.44,9.18,8.83,7.50,9.01,10.09,7.32,8.50,6.79,,7.77,,2.95,1.93,2,-1.92,-0.24,0.97,3.84,1.18,2.14,3.93,-1,2.06,4.14,4.89,3.82,4.04,4.24,3.68,4.55,5.32,4.15,4.60,5.07,3.96,4.98,5.76,5.90,5.10,3.13,4.63,6.50,5.38,6.19,6.55,4.85,5.20,-1.67,0.69,0.40,-0.62,3.82,3.60,4.99,4.79,4.51,3.98,2.07,2.07,1.47,2.46,3.20,2.11,3.51,,3.10,3.78,2.63,3.65,1.06,1.54,2.70,2.55,2.76,1.06,2.30,6.80,1.50,-3.30,2.60,8.10,9.30,10.30,-1.70,-4.50,0.40,4.10,4.90,4.10,3.90,4.30,5.30,4.20,5.90,8.80,,1.40,-0.80,-2.50,-0.90,2.40,3.20,3.80,3.20,5.30,5.80,6.60,2.80,1.40,0,2.60,4,5.40,5.10,6.40,2.90,3.10,1.90,0.40,-0.20,3.10,2.30,4.30,4.20,2.20,1.80,2.10,2,2.20,4.20,3.70,3.30,3.40
2008-12-05 05:10,4.80,6.94,4.33,5.95,2.50,4.33,6.37,7.60,2.96,2.56,5.22,4.38,1.89,6,5.30,2.97,2.92,0.07,1.40,1.26,4.09,2.58,1.93,,3.74,3.56,6.33,5.64,2.62,4.90,5.57,3.32,1.21,0.64,1.32,1.50,3.06,1.13,1.83,6.58,2.50,-0.31,4.67,4.23,0.60,7.08,7.20,7.86,6.51,6.69,6.28,9.76,10.09,9.64,9.32,9.11,8.71,7.40,8.92,9.87,7.30,8.50,6.54,,7.60,,2.77,1.91,2.10,-1.81,-0.39,0.83,3.84,1.19,1.95,3.72,-1.10,1.88,4.06,5.01,3.96,4.10,4.30,3.61,4.51,5.36,4.11,4.50,5.05,3.84,5.10,5.70,5.84,5.10,3.71,4.77,6.42,5.58,6.28,6.68,5.15,5.38,-1.79,0.25,-0.11,-0.76,3.78,3.60,4.84,4.76,4.49,3.96,2.01,1.99,1.34,2.47,3.30,2.20,3.44,,3.10,3.79,2.77,3.63,0.96,1.60,2.70,2.46,2.50,0.94,2.40,,1.90,-3.50,2.40,8.10,9,,,,,,,4.20,3.90,,5.30,4.10,5.90,8.29,,,,,,,,3.90,3.20,5.30,5.90,6.60,,,,,3.90,,5.10,6.40,2.90,3.20,,,,3.10,,,4.20,,,2.10,1.90,2.20,4.20,3.70,3.50,
2008-12-05 05:20,4.60,6.87,4.44,5.89,2.50,4.62,6.49,7.60,2.97,2.49,5.02,4.68,1.90,5.88,5.12,2.89,2.97,0.05,2,1.09,3.95,3.08,2,,3.95,3.84,7.58,5.66,2.53,4.90,5.40,3.40,1.03,0.79,1.40,1.68,2.93,1.20,1.83,6.51,2.50,-0.71,4.79,4.12,0.60,7.41,7.20,7.79,6.57,6.70,6.15,9.78,9.95,9.71,9.18,9.06,8.60,7.30,8.81,10,7.26,8.40,6.34,,7.54,,2.93,1.96,2.20,-1.88,-0.40,0.76,3.95,1.11,1.51,4.15,-1.20,1.57,3.80,4.64,4.07,4.30,4.25,3.67,4.57,5.33,4.27,4.50,4.89,3.84,5.05,5.70,5.71,5,4.55,4.91,6.42,5.85,6.19,6.79,6.23,5.75,-2,-0.06,-0.18,-0.90,3.65,3.60,4.81,4.70,4.48,4.05,2.05,2.07,1.54,2.43,3.40,2.30,3.43,,3.20,3.74,2.86,3.22,0.89,1.64,2.80,2.56,2.60,0.93,2.40,,1.50,-3.70,2.80,8.10,9,,,,,,,4.20,3.80,,5.30,4.20,5.90,8.29,,,,,,,,3.90,3.20,5.30,6,6.80,,,,,4,,5.10,6.50,3.10,3.40,1.90,,,3,,,4.10,,,2.10,2,2.10,4.20,3.80,3.60,
2008-12-05 05:30,5,6.79,4.31,5.81,2.30,4.71,6.35,7.50,2.89,2.37,5.24,4.61,1.84,5.72,5.22,2.82,2.99,-0.10,2.70,1.32,3.76,3.02,2.24,,4.25,4.05,7.22,6.02,2.50,4.70,5.70,3.38,0.87,0.95,1.45,1.56,3.19,1.29,1.94,6.58,2,-0.99,4.97,3.96,0.40,7.54,7.30,7.80,6.65,6.70,6.22,9.82,9.98,9.64,9.06,9,8.64,7.30,9.07,10.05,7.15,8.30,6.13,,7.55,,3.23,1.94,2.30,-1.87,-0.37,0.69,3.88,0.94,1.20,4.37,-1.50,1.78,3.70,4.35,4.51,4.20,4.27,3.84,4.45,5.31,4.12,4.50,4.73,3.74,5.05,5.64,5.64,5,4.87,4.91,6.51,5.88,6.50,6.72,6.60,6.11,-1.95,0.13,-0.63,-0.66,3.65,3.60,4.85,4.71,4.46,3.93,2.11,2.01,1.67,2.43,3.40,2.32,3.46,,3.20,3.68,2.83,3.48,0.99,1.64,2.80,2.50,3.03,1.02,2.40,,1.60,-3.70,2.70,8,8.90,,,,,,,4.20,3.90,,5.30,4.10,5.70,8.33,,,,,,,,3.90,3.20,5.50,6,6.80,,,,,4.20,,5,6.40,3.10,3.40,1.90,,,2.70,,,4,,,2.10,2,2.20,4.30,3.80,3.80,
2008-12-05 05:40,5.50,6.64,4.28,5.64,2.30,4.82,6.22,7.40,2.87,2.22,5.22,4.48,1.70,5.72,5.14,2.72,2.87,-0.31,2.80,1.46,3.76,3.21,2.38,,4.14,4.48,6.60,5.98,2.59,4.90,6.43,3.76,0.66,0.90,1.46,1.54,3.12,1.46,2.17,6.65,1.80,-1.21,4.58,3.79,0.50,7.47,7.20,7.73,6.77,6.64,6.31,9.73,9.80,9.57,9,9.04,8.41,7.30,8.91,9.97,7.02,8.30,5.99,,7.51,,3.24,1.87,2.20,-1.79,-0.28,0.72,3.99,0.54,1.13,4.56,-1.60,2.27,3.60,4.27,4.57,4.10,4.22,3.98,4.45,5.29,4.09,4.40,4.57,3.57,5,5.63,5.61,5,4.92,4.97,6.48,6.11,6.31,6.44,6.64,6.10,-1.94,0.32,-0.88,-0.95,3.84,3.60,4.88,4.72,4.41,3.91,2.16,1.99,1.71,2.40,3.40,2.42,3.62,,3.20,3.70,2.81,3.39,0.98,1.58,2.90,2.35,2.82,0.95,2.50,,1.40,-4,2.70,7.80,8.80,,,,,,,4.10,4.40,,5.20,4,5.70,8.34,,,,,,,,3.90,3.10,5.60,6,7.10,,,,,4.30,,5,6.40,3,3.50,2,,,2.70,,,3.90,,,2.10,2,2.20,4.20,3.80,3.80,
2008-12-05 05:50,5.70,6.53,4.26,5.59,2.20,4.97,6.10,7.20,2.60,1.94,5.14,4.46,1.59,5.43,5.04,2.58,2.67,-0.30,2.90,1.41,3.50,3.39,2.34,,4.23,4.87,6.64,5.66,2.45,5,7.42,3.54,0.50,0.91,1.47,1.76,2.91,1.45,2.27,6.67,1.80,-1.29,4.54,3.78,0.60,7.36,7.20,7.70,6.57,6.52,6.03,9.54,9.75,9.47,8.96,9.02,8.41,7.20,8.79,9.84,6.92,8.30,5.84,,7.43,,3.32,1.88,2.30,-1.80,-0.04,0.74,4.05,0.14,1.01,3.86,-1.40,2.01,3.47,4.06,4.60,3.90,4.20,4.34,4.14,5.27,4.05,4.40,4.55,3.45,5.26,5.58,5.57,4.90,4.51,4.99,6.41,6.26,6.22,6.30,6.70,5.81,-1.62,0.29,-0.51,-1.31,3.81,3.70,4.99,4.67,4.43,3.99,2.18,2.12,1.68,2.36,3.40,2.50,3.65,,3.20,3.71,2.85,3.53,0.96,1.63,3,2.49,2.90,1.06,2.90,,1.20,-4.10,2.10,7.90,8.70,,,,,,,4.10,4.40,,5.20,4,5.70,8.33,,,,,,,,4,3.10,5.60,6,7.10,,,,,4.40,,5,6.40,3,3.60,2,,,2.90,,,3.90,,,2.20,2,2.30,4.10,3.90,3.80,
2008-12-05 06:00,6,6,4.18,5,2,4.75,6.41,7,2.47,2.03,4.94,4.29,1.49,5,4.83,4,2,-0.65,3,1.23,4,3.05,2.20,6,4,5,7.10,5.75,3,5,7,4,0.35,1,1.47,2,4,2,2,7,2,-1,5,4,0.60,7.28,8,7.60,6,6.48,6,9,9.73,9.32,8.91,9,8,7,8,9.66,6.79,8,5.68,,7.41,,3.44,1.97,2.20,-1.87,0.36,0.84,3.91,0,1.03,3.40,-1.40,1.67,4,3,4,3,4.15,4,4.04,5.19,3,4.30,4.57,3.40,5.40,5.51,6,4.90,4,4.95,6.46,6.27,5.95,6.34,6.86,6.17,-0.69,0.33,-0.57,-1.15,3.82,3.70,4.89,4.66,4.51,3.95,2.19,2.26,1.73,2.43,3.40,2.61,3.70,,3.10,3.73,2.74,3.42,1.02,1.80,2.90,2.60,3.60,0.79,3,6,1,-4,2,8.10,8.60,,-1,-4,1,3,4,4,4,3.70,5.20,4,5.60,8.70,6.90,1.20,-1,-3,-3.10,2.40,3.80,4,3.20,5.70,5.90,7.30,3,1.20,-0.40,2.90,4.30,5.20,5,6.50,3.10,3.30,2,0.40,-0.10,3.20,2.80,4.20,3.80,3.20,1.60,2.20,2,2.30,4.10,3.90,3.80,2.90
2008-12-05 06:10,5.70,6.34,3.98,5.37,2.10,4.40,6.31,6.90,2.29,1.82,4.83,4.17,1.40,5.25,4.69,2.71,2.44,-0.55,2.70,1.31,3.19,2.57,1.91,,4.30,5.91,7.11,5.88,2.34,4.70,7.88,3.64,0.13,0.89,1.61,1.92,3.19,1.58,2.59,6.39,1.10,-0.84,4.42,4.25,0.60,6.98,7.40,7.55,6.19,6.64,6.25,9.39,9.74,9.16,8.92,8.63,8.13,7.10,8.44,9.34,6.78,8.10,5.52,,7.23,,3.35,1.87,2.10,-1.85,1.17,0.89,3.98,-0.40,1.21,3.90,-1.60,1.60,3.47,3.82,4.47,3.79,4.31,4.70,4.01,5.19,3.86,4.30,4.52,3.44,5.12,5.52,5.48,4.80,4.73,5.03,6.40,6.32,6.03,5.90,7.06,6.25,-1.02,0.62,-0.68,-1.15,3.81,3.80,4.81,4.72,4.59,3.93,2.14,2.22,2.05,2.42,3.40,2.63,3.75,,3.20,3.82,2.94,3.49,0.96,1.69,3,2.55,3.21,0.52,3.30,,1,-4.20,2.30,8,8.40,,,,,,,4,4.50,,5.10,4.20,5.60,8.45,,,,,,,,4,3.30,5.70,5.90,7.30,,,,,4.30,,5,6.60,3.10,3.30,2,,,3.20,,,3.80,,,2.20,2,2.20,4.10,3.90,3.80,
2008-12-05 06:20,5.80,6.28,3.97,5.29,2,4.63,6.15,6.80,2.32,1.63,4.93,3.93,1.20,4.90,4.75,2.57,2.28,-0.53,2.50,1.41,2.65,2.66,1.83,,4.63,5.69,7.06,5.87,2.32,4.60,7.74,3.78,0.12,0.87,1.57,1.98,3.48,1.63,2.61,6.19,1,-0.40,4.74,4.50,0.70,6.84,7.50,7.47,6.35,6.64,6.04,9.33,9.49,9.23,8.66,8.29,7.94,6.90,8.15,9.06,6.71,8,5.13,,7.01,,3.19,1.87,2.10,-1.73,1.47,0.86,4.09,-0.70,1.26,3.48,-1.50,1.52,3.47,3.45,4.31,3.50,4.44,4.71,3.98,5.02,3.78,4.30,4.42,3.17,4.90,5.54,5.42,4.70,4.67,4.97,6.30,6.19,6.12,6.20,7.20,6.28,-1.28,0.28,-1.18,-1.48,3.90,3.80,4.75,4.63,4.57,3.97,2.01,2.33,2.01,2.49,3.40,2.64,3.72,,3.20,3.75,2.72,3.62,0.92,1.70,3,2.54,3.11,0.85,3.10,,1,-4.30,2.50,7.90,8.10,,,,,,,3.90,4.30,,5.10,3.90,5.60,8.50,,,,,,,,3.90,3.40,5.70,5.90,7.30,,,,,4.30,,5,6.70,3.10,3.30,1.80,,,3.10,,,3.80,,,2.20,2.10,2.20,4.20,3.90,3.90,
2008-12-05 06:30,5.80,6.25,3.98,5.27,1.90,4.29,6.18,6.80,2.22,1.39,4.77,3.68,1.15,4.73,4.68,2.68,2.16,-0.72,2.50,1.27,2.76,2.91,1.68,,4.48,6.72,7.43,5.93,2.20,4.70,7.72,4.10,0.07,0.66,1.58,1.94,3.44,1.73,2.55,6.37,1.30,-0.43,4.98,4.70,0.80,6.87,7.50,7.49,6.34,6.57,5.93,9.11,9.35,9.26,8.45,8.02,8.10,6.90,8.12,8.85,6.57,7.60,4.90,,6.76,,3.33,1.95,2,-1.69,1.43,0.86,4.31,-0.68,1.18,3.33,-1.60,0.93,3.37,3.19,4.13,3.32,4.49,4.68,3.92,5.16,3.69,4.30,4.37,3.08,4.62,5.53,5.44,4.60,4.64,4.97,6.28,6.18,5.95,6.11,7.24,6.97,-1.20,-0.03,-1.14,-1.59,3.93,3.90,4.79,4.60,4.58,4.05,1.82,2.38,2.49,2.51,3.40,2.54,3.59,,3.20,3.58,2.72,3.47,0.99,1.82,3,2.56,3.02,1.09,3.20,,0.90,-4.40,2.70,8,8,,,,,,,3.70,4.10,,5.10,3.80,5.60,8.51,,,,,,,,3.90,3.30,5.70,5.90,7.20,,,,,4.30,,5,6.80,3,3.30,1.80,,,3.10,,,3.80,,,2.20,2,2.30,4.30,3.90,4,
2008-12-05 06:40,5.90,6.25,3.87,5.27,1.80,4.24,6.02,6.80,2.18,,4.50,3.99,1.07,4.52,4.68,2.58,2.07,-0.29,2.50,1.05,2.83,2.74,1.74,,5.09,7.19,7.45,5.76,2.07,4.70,7.24,4.21,0.07,0.53,1.51,2.01,3.49,1.60,2.58,6.35,0.60,-1.26,3.46,4.87,0.60,7.10,7.40,7.57,6.32,6.62,5.98,9.04,9.33,9.21,8.24,7.89,8.11,6.80,7.84,8.57,6.35,7.30,4.63,,6.42,,3.45,1.95,2.10,-1.72,1.89,0.99,4.48,0.21,1.02,3.75,-1.40,1.19,3.55,2.93,3.94,3.34,4.47,4.57,3.84,5.15,3.50,4.30,4.43,2.91,4.20,5.48,5.33,4.70,4.60,5.39,6.20,6.21,5.99,6.25,7.27,6.93,-1.09,-0.23,-1.11,-1.79,3.94,4,4.67,4.63,4.57,4.16,1.84,2.37,2.94,2.49,3.40,2.58,3.47,,3.20,3.73,2.75,3.44,0.86,1.82,3,2.58,3.29,1.35,3.10,,0.90,-4.50,2.40,8,8.10,,,,,,,3.60,4,,5,3.80,5.60,8.63,,,,,,,,3.90,3.40,5.70,5.90,7.20,,,,,4.20,,5.10,6.90,3,3.50,1.70,,,3.10,,,3.80,,,2.20,2,2.30,4.30,3.80,3.90,
2008-12-05 06:50,6,6.22,3.82,5.29,1.80,4.13,6.19,6.70,2.14,,4.76,4.32,0.98,4.51,4.45,2.63,2.02,-1.24,2.60,1,2.53,2.33,1.91,,5.72,7.20,7.12,5.70,2.08,4.60,7.48,4.37,-0.05,0.61,1.56,2.09,3.38,1.41,2.61,6.06,0.30,-1.92,2.99,5.09,0.50,7.51,7.40,7.57,6.26,6.49,5.89,8.99,9.42,9.02,8.03,7.90,7.86,6.70,7.29,8.28,5.95,6.90,4.35,,6.05,,3.59,1.76,2.20,-1.65,1.63,1.16,4.54,1.23,1.25,3.74,-0.90,1.30,3.55,3.08,3.92,3.25,4.48,4.49,3.68,5.10,3.42,4.20,4.44,2.81,4.02,5.51,5.34,4.70,4.67,7.35,6.22,6.21,6.28,6.45,7.41,6.84,-0.99,0.07,-1.16,-2.04,3.97,4.20,4.61,4.65,4.56,4.28,1.94,2.18,2.46,2.42,3.40,2.52,3.43,,3.20,3.72,2.87,3.77,0.76,2.02,3,2.72,3.33,1.41,3.10,,0.70,-4.60,2.80,8.20,8.10,,,,,,,3.40,3.80,,5,3.80,5.50,8.73,,,,,,,,3.90,3.50,5.70,5.90,7.10,,,,,4.30,,5.10,7,3,3.60,,,,3.20,,,3.80,,,2.10,2,2.30,4.40,3.80,3.90,
2008-12-05 07:00,5.90,6.21,3.77,5.25,1.90,4.07,6.32,6.60,2.02,0.52,4.63,4.41,0.89,4.52,4.28,2.82,2.07,-1.05,2.50,1.09,2.17,2.64,1.73,,5.74,7.27,6.87,5.20,2.04,4.70,7.51,4.36,0.04,0.50,1.57,2.13,3.53,1.46,2.48,5.99,-0.10,-2.37,2.72,5.50,0.50,7.70,7.40,7.59,6.13,6.45,6.05,9.07,9.23,8.96,7.88,7.65,7.58,6.70,6.90,7.73,5.66,6.20,4.11,,5.51,,3.67,1.93,2.20,-1.39,1.62,1.36,4.50,1.61,1.45,3.98,-1.10,1.52,3.72,2.90,3.79,3,4.53,4.42,3.57,5.20,3.20,4.20,4.46,2.61,4.08,5.42,5.29,4.80,4.82,8.44,6.23,6.19,6.63,6.48,7.64,7.16,-0.94,-0.04,-0.82,-2.32,4.01,4.20,4.60,4.65,4.58,4.55,2.15,2.30,2.52,2.39,3.40,2.40,3.37,,3.20,3.69,2.86,3.41,0.70,2.05,3.10,2.77,3.29,1.50,3.10,6.10,1.20,-4.70,3,8.30,8.10,,-1.20,-4,2.60,1.70,4.60,3.30,4,2.60,5.10,4,5.40,9.20,,0.50,-1.40,-3,-1.90,1.80,3.80,4,3.70,5.70,5.90,7,2.90,1.40,-1.30,3,4.30,5.20,5.10,7,3.10,3.60,1.80,0.50,0.20,3.70,3.30,4.20,3.90,2,1.60,2.10,2.10,2.20,4.50,3.70,4,3.10
2008-12-05 07:10,5.50,6.21,3.78,5.31,1.90,4.18,6.31,6.50,2.10,0.44,4.50,4.12,0.76,4.48,4.20,2.78,2.03,-1.11,2.30,0.96,2.51,2.74,1.50,,5.87,7.21,6.86,5.06,2.03,4.90,7.42,4.49,-0.12,0.61,1.75,2.17,3.83,1.59,2.38,6.03,-0.40,-2.37,2.59,6.03,1,7.95,7.40,7.41,6.20,6.39,5.82,9.04,9.06,8.96,7.79,7.13,7.34,6.50,6.61,7.28,5.29,5.60,3.91,,5.01,,3.57,2.06,2.50,-1.26,2.21,1.43,4.39,2.16,1.53,4.26,-0.70,1.60,4.20,3.02,3.76,3,4.57,4.17,3.43,5.32,3.04,4.10,4.52,2.42,4.22,5.44,5.33,4.90,5,8.83,6.32,6.32,7.07,6.77,7.65,7.41,-0.75,-0.25,-0.52,-1.74,4.04,4.20,4.71,4.67,4.64,4.58,2.13,2.23,2.39,2.48,3.30,2.44,3.38,,3.20,3.72,2.73,3.38,0.95,2.11,3.20,2.63,3.35,1.40,3.10,,1.60,-4.80,2.20,8.20,7.80,,,,,,,3.20,4.10,,5.10,4,5.40,8.85,,,,,,,,4.20,3.80,5.80,5.90,7,,,,,4.40,,5.20,7.10,3.10,3.60,1.80,,,3.70,,,3.90,,,2.10,2,2.20,4.50,3.80,4.30,
2008-12-05 07:20,5.40,6.33,3.69,5.26,1.90,4.80,6.43,6.50,2.56,0.58,4.71,4.47,0.66,4.25,4.39,2.65,2.02,-1.13,2.50,0.94,2.34,2.61,2.09,,5.76,7.16,6.75,5,2.06,4.70,7.35,4.73,-0.39,0.57,1.85,2.21,3.71,1.78,2.24,5.87,-0.80,-2.79,1.60,6.57,1.80,7.87,7.30,7.37,6.19,6.27,5.84,9.02,9.04,8.93,7.50,6.90,6.91,6.30,6.57,7.13,4.88,5.40,3.73,,4.72,,3.27,2.09,2.80,-1.27,2.39,1.55,4.43,2.46,1.98,4.13,-0.40,2.12,4.30,2.84,3.96,3.20,4.66,3.81,3.44,5.30,2.98,4,4.57,2.27,4.54,5.49,5.29,5.10,5.54,9.08,6.30,6.37,7.13,6.49,7.69,7.51,-0.74,-0.10,-0.62,-1.79,4.10,4.20,4.70,4.70,4.60,4.57,2.14,2.29,2.45,2.50,3.50,2.56,3.32,,3.30,3.76,2.70,3.44,0.91,2.09,3.20,2.66,3.32,1.22,3.10,,1.60,-5,2.10,8.20,7.60,,,,,,,3.20,4.40,,5.10,4.10,5.40,8.88,,,,,,,,4.30,4.10,5.90,5.90,7,,,,,4.30,,5.20,7.10,3.10,3.50,1.90,,,3.80,,,3.90,,,2.10,2,2.30,4.50,3.80,4.40,
2008-12-05 07:30,5.40,6.36,3.66,5.16,1.90,5.20,6.54,6.70,2.78,0.87,4.90,4.71,0.74,4.11,4.40,2.58,2.16,-1.29,2.70,1.05,2.03,2.41,2.11,,5.72,7.38,6.49,5.15,2,4.70,7.24,5.20,-0.65,0.76,1.92,2.06,3.40,1.90,2.06,5.80,-0.50,-3.20,1.02,6.83,3.80,7.84,7.20,7.26,6.20,6.15,5.68,8.89,9.05,8.86,7.13,6.68,6.66,6.20,6.30,7.10,4.61,5.10,3.43,,4.46,,3.22,2.09,2.90,-1.38,3.06,1.63,4.29,2.49,2.70,4.43,-0.10,2.71,4.30,3.08,4.25,3.30,4.81,3.76,3.23,5.33,2.97,3.90,4.53,2.21,4.77,5.40,5.31,5.20,5.79,9.01,6.29,6.45,7.10,6.25,7.85,7.59,-0.60,0.23,-0.76,-2.17,4.21,4.30,4.77,4.84,4.58,4.57,2.11,2.31,2.73,2.52,3.40,2.62,3.40,,3.30,3.78,2.76,3.61,0.89,1.94,3.30,2.64,3.29,1.30,3.20,,2,-5.10,2.10,8.20,7.20,,,,,,,3.30,4.50,,5.10,5,5.30,9.01,,,,,,,,4.30,4.40,5.80,5.90,6.90,,,,,4.30,,5.30,7.20,3.10,3.60,1.90,,,3.90,,,4,,,2.10,2.10,2.30,4.50,3.70,4.50,
2008-12-05 07:40,5.30,6.38,3.51,5.21,1.90,5.41,6.74,6.80,2.94,1.44,4.85,4.61,0.71,4.03,4.48,2.56,2.39,-1.55,2.80,0.97,2.10,2.67,2.16,,6.19,7.79,6.77,5.19,2.11,4.60,7.12,6.74,-0.73,0.87,1.95,2.38,3.41,2.27,2.09,5.96,0.70,-3.31,0.93,6.83,3.50,7.65,7.10,7.18,6.18,6.05,5.50,8.86,9.05,8.72,6.92,6.41,6.44,5.90,6.29,6.88,4.26,4.80,2.83,,4.15,,3.34,2.29,2.70,-1.34,3.16,1.34,4.50,2.55,3.18,4.64,0.20,3.30,4.30,3.22,4.48,3.30,5.16,3.74,3.03,5.28,2.88,3.90,4.65,2.04,4.88,5.43,5.26,5.40,5.89,9.02,6.36,6.46,7.11,6.35,7.89,7.75,-0.37,0.77,-0.33,-1.79,4.22,4.30,4.73,4.93,4.59,4.71,2.22,2.41,2.85,2.43,3.40,2.75,3.45,,3.40,3.90,2.80,3.57,0.96,1.91,3.30,2.71,2.66,1.45,3.20,,2.70,-5.20,2,8.40,7,,,,,,,3.60,4.60,,5.10,5.80,5.30,9.16,,,,,,,,3.90,4.50,5.80,5.90,6.90,,,,,4.20,,5.30,7.20,3.10,3.60,1.90,,,4,,,4,,,2.10,2.20,2.40,4.50,3.70,4.50,
2008-12-05 07:50,5.40,6.31,3.53,5.16,1.80,5.52,6.73,6.60,3.20,1.87,4.62,4.77,0.66,3.95,4.38,2.53,2.51,-1.35,3,2.16,2.37,2.19,2.44,,6.20,7.88,7.04,5.21,2.12,5.40,7,7.34,-0.99,1.04,2.10,2.65,3.62,3.56,1.92,5.93,0.10,-3.35,1.89,6.83,3.20,7.64,6.80,7.04,6.02,5.97,5.42,9.01,8.90,8.59,6.77,6.52,6.13,5.50,5.97,6.34,3.86,4.30,2.47,,3.95,,3.37,2.24,2.50,-1.02,3.93,1.67,4.52,2.88,3.28,4.46,1.40,3.62,4.40,3.49,4.65,3.40,5.14,3.72,2.59,5.47,3.04,3.80,4.72,2,4.94,5.41,5.18,5.50,7.16,9.22,6.37,6.50,7.26,6.54,7.93,8.37,-0.36,1.11,0.07,-0.86,4.37,4.20,4.77,4.94,4.62,4.81,2.24,2.31,3.02,2.38,3.40,2.82,3.56,,3.40,3.83,2.85,3.64,1.01,1.96,3.20,2.72,2.51,1.58,3.10,,2.60,-5.40,2.40,8.10,6.80,,,,,,,3.80,4.40,,5.10,6.30,5.30,9.19,,,,,,,,4.30,4.60,5.90,5.90,6.90,,,,,4.30,,5.40,7.20,3.10,3.60,2,,,4,,,4.10,,,2.10,2.30,2.40,4.60,3.70,4.40,
2008-12-05 08:00,5.60,6.19,3.52,5.25,1.80,5.77,6.68,6.60,3.26,2.03,4.70,4.93,0.71,4.20,4.60,2.50,2.57,-0.98,3.10,3.26,2.41,2.16,3.10,,6.38,8.15,7.22,5.21,2.18,5.80,6.85,7.48,-1.18,1.56,2.29,2.97,4.22,3.30,2.11,6,0,-3.25,2.90,6.61,2.90,7.63,6.70,6.91,6.12,5.71,5.36,8.92,8.74,8.48,6.69,6.46,5.71,4.90,5.11,5.96,3.53,4,2.23,,3.64,,3.49,2.27,2.80,-0.86,4.10,1.29,4.49,3.06,3.48,4.25,2.60,3.95,4.40,3.70,4.56,3.50,5.61,3.82,2.54,5.43,3.24,3.70,4.78,2.33,4.99,5.43,5.18,5.50,7.91,9.32,6.40,6.62,7.97,6.62,8.03,8.85,-0.30,1.18,0.13,-0.50,4.54,4.30,4.89,5.07,4.75,4.82,2.29,2.19,2.96,2.29,3.50,2.89,3.50,,3.50,4.07,2.75,3.79,0.95,2.07,3.20,2.72,2.74,1.66,3.10,6.30,2.80,-5.50,3.70,7.90,6.60,10.20,1,-4,3.30,2.40,5,4,4.60,2.10,5.20,6.80,5.50,9.50,7.80,1.40,0.20,-2,0.20,2.20,4,4.50,4.60,6,5.90,6.90,3,1.40,-0.80,2.80,4.50,5.40,5.50,7.20,2.80,3.70,2,0.90,0.70,4,3.80,4.30,4.20,2.20,1.50,2.10,2.40,2.60,4.60,3.80,4.50,2.70
2008-12-05 08:10,6.40,6.48,3.48,5.40,1.92,6,6.59,6.60,3.41,2.36,4.67,4.72,0.78,4.66,4.52,2.48,2.48,-1.83,3.30,3.88,2.45,2.58,3.20,,6.56,8.28,7.32,5.05,2.19,5.70,6.87,8.11,-1.35,2.89,2.26,3.07,4.51,3.25,2.09,6.14,1.10,-3.30,2.68,6.43,2.90,7.80,6.50,6.80,6.28,5.51,5.20,9.01,8.54,8.05,6.38,5.54,5.17,4.40,4.60,5.56,3.30,3.80,2.05,,3.22,,3.62,2.31,3,-0.86,3.92,1.33,4.45,3,3.47,4.06,3.40,5.17,4.30,3.80,4.67,3.80,5.91,3.94,2.50,5.48,2.83,3.70,4.85,2.49,4.89,5.43,5.18,5.60,8.52,9.28,6.30,6.70,8.49,6.60,7.97,9.29,-0.05,1.18,0.52,-0.21,4.60,4.40,5.08,5.15,4.69,4.98,2.37,2.20,2.81,2.28,3.70,3,3.60,,3.50,3.87,2.90,3.81,0.94,2.25,3.20,2.85,2.73,1.86,3.10,,2.60,-5.50,4.80,7.70,6.20,,,,,,,4.30,4.70,,5.20,7,5.50,9.43,,,,,,,,4.80,4.60,6,5.90,6.90,,,,,4.60,,5.60,7.20,2.80,3.70,2.10,,,4,,,4.30,,,2.10,2.40,2.60,4.60,3.80,4.50,
2008-12-05 08:20,6.50,6.57,3.41,5.50,2.05,6.15,6.46,6.90,3.25,2.43,4.78,4.64,0.94,4.78,4.96,2.47,2.54,-1.64,3.70,3.12,2.39,3.42,3.31,,7.18,8.36,7.41,4.94,2.33,5.80,,8.16,-1.30,3.39,2.38,3.09,4.90,3.35,2.06,6.20,1.20,-3.07,2.42,6.61,3.60,7.88,6.20,6.75,6.16,5.24,5.28,8.98,7.99,7.60,5.88,4.93,4.84,4.10,4.23,5.49,3,3.50,1.90,,2.99,,3.52,2.20,3.10,-0.81,3.74,1.34,4.60,3.06,3.73,3.68,3.50,5.49,4.10,3.76,4.69,3.80,6.13,4,2.59,5.51,2.72,3.80,4.96,2.56,4.75,5.38,5.27,5.60,8.82,9.37,6.38,6.71,9,6.91,8,9.47,0.26,1.45,0.79,0.26,4.64,4.50,5.26,5.22,4.89,5.18,2.32,2.32,2.60,2.30,3.80,3.23,3.66,,3.50,4.07,3,3.79,1,2.35,3.30,2.85,2.76,1.88,3.10,,3.50,-5.40,3.70,7.60,5.70,,,,,,,4.20,4.80,,5.20,7.20,5.50,9.54,,,,,,,,4.80,4.80,6.10,5.90,6.90,,,,,4.70,,5.70,7.20,2.80,3.80,2.10,,,4.10,,,4.40,,,2.20,2.50,2.70,4.60,4,4.50,
2008-12-05 08:30,6.50,6.47,3.54,5.28,1.76,6.23,6.42,7.20,3.25,2.64,5.06,4.73,1.04,4.90,5.24,2.30,2.73,-1.64,4.10,3.46,2.28,3.84,3.75,,7.71,8.33,7.22,5.16,2.68,5.60,7.26,7.67,-1.19,3.62,2.62,2.96,5.18,3.34,2.08,5.71,0.30,-2.48,3.47,6.82,3.80,7.91,6,6.49,6.04,5.20,5.35,8.81,7.83,6.86,5.12,4.44,4.65,4,4.34,5.15,2.89,3.40,1.88,,2.98,,3.11,2.18,3.10,-0.90,4.18,1.24,4.89,2.60,3.96,4.42,3.80,5.19,4,3.92,4.65,3.80,6.28,4.17,2.67,5.53,2.71,4,5.09,2.77,4.50,5.45,5.16,5.70,8.87,9.36,6.36,6.69,8.87,6.98,8.19,9.36,0.37,1.69,0.96,0.48,4.77,4.70,5.51,5.32,4.96,5.45,2.50,2.33,2.70,2.18,3.80,3.67,3.60,,3.60,4.09,2.92,4.03,1.13,2.48,3.20,2.88,2.87,2.06,3.20,,3.90,-5.50,4.90,7.40,5.20,,,,,,,4.40,4.90,,5.10,7.60,5.50,9.34,,,,,,,,5.10,5.40,6.10,5.90,6.90,,,,,4.90,,5.80,7.20,2.70,3.90,2.20,,,4.20,,,4.30,,,2.20,2.50,2.80,4.70,4.10,4.50,
2008-12-05 08:40,6.40,6.28,3.50,5.16,1.78,6.20,6.37,7.20,3.46,2.89,5.09,5.14,1.06,4.92,4.96,2.20,3.22,-1.62,4.20,4.20,2.20,4.07,4.68,,7.67,8.21,7.37,5.17,3.50,5.60,7.28,7.45,-1.01,3.92,2.99,2.92,5.36,3.50,2.63,5.50,0.60,-1.83,2.77,6.74,5.10,7.96,5.80,6.21,5.95,5,5.12,8.57,7.70,6.36,4.50,4.41,4.45,3.90,4.38,5.12,2.68,3.40,1.84,,2.76,,3.20,2.33,3.10,-0.80,4.67,1.31,4.99,2.53,3.90,4.76,4,5.42,4.10,3.93,4.69,3.80,6.34,3.91,2.81,5.73,2.84,3.80,5.15,2.99,4.45,5.44,5.10,5.70,8.90,9.47,6.34,6.72,8.67,7.05,8.22,9.44,0.52,1.60,0.95,0.91,5.03,4.90,5.66,5.35,4.97,5.71,2.79,2.28,2.61,2.18,3.80,3.65,3.69,,3.60,4.01,2.90,4.09,1.30,2.59,3.30,3,2.82,2.11,3.20,,3.80,-5.50,5.70,7.20,4.80,,,,,,,4.30,5,,5.30,7.80,5.60,9.33,,,,,,,,5.20,5.90,6.10,5.90,7,,,,,4.90,,5.90,7.20,2.60,4,2.40,,,4.20,,,4.40,,,2.30,2.50,2.90,4.60,4.10,4.50,
2008-12-05 08:50,6.30,6.13,3.45,5.11,1.80,5.98,6.39,6.80,3.61,3.54,4.68,5.56,1.33,4.64,4.78,1.99,3.41,-1.78,4.30,4.32,2.17,4.37,4.71,,7.82,7.99,7.52,5.24,4.11,5.80,7.44,8.03,-0.52,4.05,3.86,3.07,5.87,3.84,3.93,5.45,-0.20,-2.41,2.64,7.01,5.80,7.89,5.60,5.90,6.03,4.88,4.76,8.32,7.24,6.23,4.36,4.40,4.27,3.80,4.34,4.92,2.73,3.70,1.79,,2.69,,3.67,2.41,3.10,-0.70,4.69,1.30,5.07,2.60,3.89,4.58,4.70,5.64,4,3.71,4.72,3.80,6.17,3.82,3.08,5.87,2.97,3.80,5.16,3.40,4.57,5.44,5.10,5.70,9.03,9.74,6.42,6.77,8.68,7.16,8.69,9.36,0.68,1.64,1.18,1.16,5.08,5,5.79,5.35,5.02,5.89,2.90,2.31,2.56,2.48,3.90,3.75,3.85,,3.60,4.02,3.08,3.91,1.42,2.61,3.30,2.97,3.05,2.21,3.20,,4.20,-5.50,6,6.90,4.70,,,,,,,4.20,5,,5.40,8.20,5.60,9.26,,,,,,,,5.30,5.90,6.20,6,6.90,,,,,5.10,,6,7.20,2.60,4,2.50,,,4.20,,,4.40,,,2.40,2.50,2.90,4.50,4.20,4.60,
2008-12-05 09:00,6.30,6.17,3.50,5.16,2.08,6.13,6.47,6.50,2.97,5.01,4.73,5.49,1.34,4.40,4.84,1.97,3.56,-1.74,4.10,3.83,2.53,3.84,4.45,,8.08,7.85,8.29,5.76,4.55,5.80,7.56,8.10,-0.26,4.46,4.64,3.33,6.08,4.31,3.20,5.22,-0.60,-3.16,1.27,7.24,4.70,7.82,5.50,5.79,5.92,4.73,5.37,7.70,6.70,6.01,4.38,4.27,4.18,3.70,4.19,4.74,2.67,3.70,1.78,,2.78,,3.97,2.51,3,-0.41,4.32,1.40,5.12,2.70,3.90,4.66,5.40,5.34,4.10,3.86,4.78,3.90,6.51,4.26,3.82,5.91,3.43,3.80,5.13,3.92,4.56,5.41,5.12,5.80,8.78,9.90,6.44,6.84,8.72,7.40,9.28,9.14,0.77,1.94,1.36,1.35,4.95,5.20,5.86,5.39,5.05,6.06,3.02,2.36,2.74,2.45,4.10,4.14,4.02,,3.60,4.02,3.13,4.26,1.55,2.67,3.40,2.88,2.89,2.36,3.40,6,4.10,-5.60,6.80,6.70,4.50,8.30,1.90,-4.20,4,4.10,4.80,4.20,5,4.90,5.80,8.30,5.70,9,8.80,2,3.50,-0.40,2.20,2.20,3.80,5.20,6,6.30,6,7,3.60,2.30,0.70,3.80,5,5.60,6.10,7.20,2.70,4.10,2.70,1.50,0.90,4.30,4,4.60,4.40,2.20,1.70,2.50,2.60,3.20,4.50,4.40,4.70,2.40
2008-12-05 09:10,6.30,6.27,3.93,5.39,2.40,6.33,6.35,6.30,2.59,6.75,4.65,5.48,1.59,4.56,5.05,2.27,3.54,-1.62,3.90,3.38,2.78,3.15,4.31,,8.33,8.60,8.65,6.23,5.47,6.30,7.97,8.42,-0.25,4.39,4.62,3.63,6.04,4.23,2.39,5.13,0.60,-2.97,1.21,7.09,4.30,7.75,5.70,5.64,6.28,4.65,5.36,7.47,6.18,5.94,4.33,4.23,4.28,3.80,4.23,4.78,2.62,3.70,1.79,-3.27,2.84,,4.20,2.70,3.40,-0.11,4.25,1.41,5.13,2.87,4.13,5.11,5.50,4.95,4.02,3.84,4.89,3.90,6.65,4,4.08,6.06,4.28,3.70,5.36,4.46,4.45,5.44,5.29,5.80,8.87,9.96,6.52,6.91,8.66,7.44,9.43,9.06,1.01,2.09,1.46,1.48,4.75,5.40,6.01,5.49,5.01,6.14,3.48,2.41,2.87,2.72,4.20,4.12,4.02,,3.70,4.01,3.01,4.07,1.81,2.63,3.40,2.90,3.21,2.49,3.60,,4.20,-5.70,7.90,6.40,4.60,,,,,,,4.20,5.20,,5.80,8.30,5.70,8.96,,,,,,,,5.30,6.10,6.40,6,7,,,,,5.20,,6.30,7.20,2.70,4.10,2.70,,,4.30,,,4.50,,,2.60,2.70,3.20,4.50,4.40,4.70,
2008-12-05 09:20,6.30,6.37,4.68,5.42,2.10,6.08,6.31,6.60,2.55,6.97,4.79,5.07,1.45,4.57,5.67,2.74,3.45,-1.35,4.10,3.40,3.01,2.55,4.31,,8.76,8.77,8.56,6.47,6.77,6.70,8.11,8.24,-0.56,4.37,4.38,3.80,5.41,4.11,2.12,4.99,1.10,-2.55,1.84,6.88,4,7.95,5.60,5.48,6.49,4.57,5.01,7.16,5.93,5.95,4.26,4.19,4.49,3.80,4.60,4.88,2.69,3.80,1.82,-3.25,2.82,,4,2.82,3.90,-0.33,5.20,1.28,5.30,3.35,4.28,5.29,5.50,5.03,4.02,4.01,4.96,4.10,6.59,3.87,4.36,6.35,4.83,3.90,5.50,4.80,4.72,5.61,5.38,5.80,9.17,9.99,6.68,7.07,8.53,7.31,9.21,8.67,1.30,2.04,1.51,1.59,4.73,5.40,6.33,5.55,5.13,6.18,3.66,2.35,3.04,2.83,4.30,4.13,4.22,,3.70,3.94,3.05,4.29,2.28,2.63,3.50,2.95,3.38,2.39,3.50,,4.50,-5.80,8.60,6.40,4.70,,,,,,,4.20,5.30,,6,8.40,5.70,8.98,,,,,,,,5.20,6.30,6.40,6.10,6.90,,,,,5.40,,6.30,7.20,2.80,4.20,2.80,,,4.30,,,4.60,,,2.80,2.80,3.20,4.50,4.50,4.80,
2008-12-05 09:30,6.40,6.77,4.58,5.51,2.10,5.76,6.46,6.70,3.12,6.97,5.34,5,1.26,4.58,6.10,2.88,3.42,-1.43,4.30,3.74,2.81,3.19,4.51,,8.73,8.49,8.31,6.27,7.63,6.80,8.07,7.86,-0.47,4.64,4.44,4.21,5.63,4.18,1.88,4.84,0.30,-2.02,2.12,6.81,4,8.43,5.50,5.42,6.20,4.48,5.05,7.01,5.84,6,4.28,4.32,4.55,3.90,4.74,5.08,2.75,4,1.88,-3.34,2.90,,4.09,3.04,4.40,-0.07,5.43,1.06,5.58,4.10,4.57,5.51,5.70,5.28,4.03,4.37,5,4.20,6.16,3.95,4.48,6.09,5.53,4,5.50,5.25,4.95,5.95,5.49,5.80,8.85,9.72,6.78,7.90,8.54,7.08,9.09,8.10,1.59,2.37,1.43,1.86,4.73,6,6.43,5.57,5.29,6.10,3.72,2.39,3.09,3.07,4.40,4.13,4.25,,3.70,3.84,3.08,4.28,2.54,2.75,3.50,3.02,3.23,2.43,3.50,,4.40,-5.50,9.30,6.40,4.80,,,,,,,4.20,5.40,,6,8.80,5.70,8.80,,,,,,,,5.20,6.20,6.40,6.10,6.90,,,,,5.40,,6.30,7.10,2.90,4.30,2.80,,,4.30,,,4.60,,,3,2.90,3.30,4.50,4.60,4.80,
2008-12-05 09:40,6.60,6.93,4.62,5.47,1.90,5.45,7.09,6.80,4.49,7.66,5.53,5.24,1.27,5.01,6.31,3.49,3.64,-0.99,4.30,3.87,2.69,1.93,4.48,,8.87,8.13,8,5.88,8.44,6.40,7.22,7.77,-0.40,5.17,4.66,4.37,5.47,4.69,1.56,4.85,0.20,-2.99,1.79,7.05,4.10,8.44,5.30,5.33,5.89,4.39,4.90,6.85,5.80,6.06,4.31,4.68,4.54,4.10,4.90,5.16,2.88,4,1.84,-3.45,3.03,,4.33,3.27,4.30,0.25,5.19,0.97,5.65,4.60,5.37,5.72,5.80,5.37,4.37,4.75,5.01,4.30,5.96,4.01,4.55,6.01,5.85,4,6.17,5.45,4.82,6.27,5.61,5.90,9.11,9.59,6.84,8.57,8.53,7.03,8.96,7.70,1.98,2.72,1.69,2.26,4.73,6.10,6.88,5.79,5.25,6.12,3.76,2.49,3.33,3.18,4.40,4.08,4.27,,3.70,3.89,3.05,4.28,2.66,2.85,3.50,3.08,3.37,2.67,3.40,,4.10,-5.50,8.60,6.40,4.90,,,,,,,4.40,5.50,,6,9.30,5.80,8.69,,,,,,,,5.10,5.90,6.50,6.10,6.80,,,,,5.40,,6.20,7.10,2.90,4.30,2.90,,,4.30,,,4.60,,,2.80,3,3.40,4.70,4.60,4.90,
2008-12-05 09:50,6.70,7.05,4.15,5.44,2,5.38,8,6.80,5.03,7.96,5.64,5.58,1.50,5.03,6.65,3.94,3.57,-0.63,4.50,3.96,2.81,1.90,4.55,,8.46,8.34,8.03,5.83,8.54,6.30,7.23,7.76,-0.22,5.22,5.23,4.59,5.85,5.70,1.52,5.10,0,-3.65,1.46,7.08,4.30,8.27,5.10,5.36,5.62,4.29,4.58,6.72,5.81,6.38,4.49,4.90,4.66,4,5,5.43,2.91,4.10,1.90,-3.11,3.06,,4.42,3.51,4.20,0.21,5.47,1.05,5.79,4.84,5.95,5.80,6,5.36,4.40,4.88,5.10,4.40,5.87,3.91,4.69,6.19,5.80,4.20,6.89,5.50,4.96,6.23,5.62,5.90,9.03,9.31,6.83,8.67,8.39,7.30,8.88,7.46,2.17,2.74,1.79,2.73,4.71,6.50,7.11,5.82,5.38,6.14,3.78,2.58,3.27,3.27,4.40,4.12,4.44,,3.80,4.08,3.19,4.36,2.64,2.86,3.50,3.10,3.47,2.76,3.40,,4.10,-5.80,8.40,6.40,5,,,,,,,4.50,5.80,,6.20,9.40,6,8.50,,,,,,,,5.10,5.90,6.50,6.10,6.90,,,,,5.50,,6.20,7.10,3,4.30,3,,,4.30,,,4.60,,,2.80,3.20,3.60,4.80,4.70,5,
2008-12-05 10:00,6.70,7.49,4.19,5.56,2.20,5.58,8.12,6.60,5.21,8.29,5.64,5.55,1.78,5.65,6.65,4.21,3.44,-0.55,4.80,4.29,2.90,2.82,4.94,,8.24,9.47,8.50,6.07,8.57,7,7.08,8.01,-0.28,5.27,5.74,4.77,6.48,6.35,1.67,4.97,-0.30,-3.77,1.77,7.51,4.50,8.21,5.10,5.37,5.34,4.21,4.56,6.91,5.83,6.90,4.72,4.92,4.77,3.90,5.06,5.42,2.84,4.10,2.02,-2.73,3.20,,4.24,3.65,4.20,0.20,5.62,1.07,5.86,5.11,6.32,5.77,6.60,5.66,4.80,4.96,5.49,4.40,5.81,4.06,5.20,6.57,5.72,4.30,7.47,5.79,4.76,6.32,5.66,6.10,8.63,9.19,6.90,8.62,7.99,7.47,8.88,7.32,2.55,3.07,1.85,3.18,4.54,6.50,7.25,5.96,5.50,6.15,3.90,2.65,3.08,3.34,4.50,4.20,4.38,,3.80,4.01,3.31,4.31,2.60,2.92,3.50,3.24,3.48,2.74,3.40,8.30,4.20,-5.80,8.30,6.10,5.50,7.30,7,-3.50,5.20,5.50,5.20,4.40,5.90,7.20,6.90,9.50,6.20,8.90,,3,5.50,0.80,4.30,2.20,4,5.10,5.80,6.50,6.20,6.90,3.60,2.30,2.10,3.60,5.60,6.10,6.20,7.10,3.20,4.50,3.30,1.70,1.70,4.40,4.50,4.90,4.70,3.40,1.90,2.80,3.50,3.70,4.80,5.10,5,2.70
2008-12-05 10:10,7.10,7.45,4.44,5.65,2.01,5.98,8.09,6.90,5.07,8.73,5.91,5.78,1.99,6.02,6.59,4,3.60,-0.84,5,4.42,2.84,3.28,5.47,,8.50,9.79,8.33,6.55,8.54,7.70,7.24,7.90,-0.17,5.41,6.04,4.64,6.53,6.32,2.32,4.86,-0.50,-3.68,1.38,7.34,4.70,7.62,5.10,5.12,5.04,4.05,4.71,6.93,6.11,6.87,5.02,5.10,4.72,4,4.95,5.52,2.88,4.30,2.15,-2.51,3.51,,4.02,3.83,4.20,0.54,5.28,1.19,6.48,5.12,6.40,5.96,7.80,6.35,5.10,5.16,6.07,4.80,5.81,4.46,6.18,7.21,5.67,4.40,7.41,6.06,4.74,6.54,5.75,6.80,8.43,9.10,6.91,8.59,7.58,7.47,8.79,7.29,3.06,3.27,1.86,3.34,4.49,6.40,7.23,6.21,5.43,6.16,4,2.80,3.07,3.37,4.70,4.10,4.34,,3.90,4.08,3.31,4.21,2.59,3.12,3.60,3.29,3.55,2.77,3.40,,4.40,-6,9.10,6.20,5.40,,,,,,,4.50,5.70,,6.90,9.50,6.20,8.92,,,,,,,,5.20,5.70,6.90,6.20,6.90,,,,,5.70,,6.10,7.10,3.20,4.60,3.30,,,4.40,,,4.60,,,2.80,3.50,3.70,4.80,5.10,5,
2008-12-05 10:20,6.80,7.69,4.53,5.65,2.10,6.58,8.12,7.60,4.90,8.92,5.77,5.82,2.17,5.78,6.72,3.91,3.61,-1.01,5,4.65,2.57,3.65,6.24,,9.31,10.22,8.29,6.70,8.93,7.90,7.51,7.89,0.03,5.69,6.02,4.52,6.86,6.10,3.01,4.65,-0.90,-3.95,1.10,6.99,5.10,7.17,4.80,5.08,5.26,4.10,4.55,6.69,6.32,6.62,5.13,5.13,4.70,4,4.99,5.52,3,4.30,2.20,-2.35,3.58,,3.71,3.76,3.80,0.43,5.72,1.31,7.93,4.74,6.20,6.14,8.50,6.49,5.80,5.53,6.48,5.10,5.83,4.84,7.22,7.01,5.82,4.40,7.43,6.52,4.71,6.74,6.07,7.10,8.50,9.12,7,8.50,7.39,7.43,8.52,7.40,4.28,3.31,1.75,3.36,4.38,6.40,7.15,6.74,5.59,6.07,4.11,2.90,3.22,3.44,4.70,4.20,4.42,,3.90,4.19,3.38,4.33,2.54,3.67,3.60,3.38,3.45,2.95,3.50,,4.60,-6.10,8.30,5.90,5.30,,,,,,,4.50,5.80,,6.90,9.20,6.20,8.49,,,,,,,,5.20,5.60,7.10,6.20,7,,,,,5.80,,6.20,7,3.20,4.60,3.40,,,4.50,,,4.60,,,2.80,3.50,4.10,4.80,5.20,5,
2008-12-05 10:30,6.70,7.77,4.78,5.94,2.22,6.90,8.43,7.90,5.19,9.03,5.93,5.47,2.50,5.40,6.55,4.24,3.64,-0.95,5.30,4.81,2.21,3.69,6.65,,9.71,10.51,8.28,6.86,9.61,8,7.56,8.18,0.29,5.98,6.08,4.35,7.03,6.20,3.25,4.69,-1.20,-3.63,1.12,7.19,5.80,7.15,5.40,5.02,4.94,4.31,4.44,6.80,6.22,6.41,5.27,5.25,4.83,4,5.08,5.76,3.06,4.40,2.26,-2.16,3.56,,3.70,3.76,3.80,0.20,6.15,1.30,8.11,4.83,5.80,6.61,8.70,6.39,6.30,5.93,6.45,5.50,5.82,5.72,8.02,6.66,5.86,4.90,7.59,7.13,4.43,7,6.16,7.20,8.56,8.98,7.10,8.44,7.29,7.46,8.20,6.91,5.37,3.58,1.72,3.92,4.36,6.40,7.18,6.61,5.56,5.97,4.44,3.03,3.33,3.46,4.70,4.47,4.41,,4,4.11,3.50,4.42,2.51,3.99,3.60,3.56,3.69,2.86,3.40,,4.60,-6.40,8.60,5.60,5.50,,,,,,,5.10,6.20,,6.50,9.90,6.20,8.57,,,,,,,,5.10,5.50,7.30,6.30,7,,,,,5.80,,6.20,7,3.30,4.60,,,,4.60,,,4.50,,,2.80,3.70,4.60,4.90,5.20,5.10,
2008-12-05 10:40,6.90,7.74,4.82,6.03,2.27,7.33,8.40,8.30,5.05,9.33,6.31,5.23,1.77,4.82,6.61,4.64,3.67,-0.86,5.30,4.66,2.43,3.76,7.15,,9.99,10.25,8.41,7.18,9.83,8.10,7.77,8.65,0.40,6.02,6.23,4.38,7.21,6.32,3.17,4.90,-1.30,-3.06,0.90,7.52,5.80,7.58,5.60,5.45,4.87,4.45,4.03,6.81,6.29,6.31,5.53,5.34,4.70,4,5.24,6.02,3.12,4.40,2.31,-2.07,3.64,,3.76,3.73,3.60,0.13,5.52,1.35,8.12,5.38,5.05,7.13,8.60,6.71,6.40,5.75,6.84,5.50,5.91,5.88,8.58,6.50,5.96,5.20,8.33,7.69,4.42,6.98,6.17,7.30,8.46,8.62,7.20,8.38,7.15,7.57,7.71,6.76,5.66,3.75,1.84,4.27,4.43,6.20,7.72,6.44,5.58,6.01,4.80,3.03,3.37,3.58,4.70,4.45,4.50,,4,4.18,3.56,4.50,2.64,4.15,3.70,3.59,3.88,2.93,3.30,,5.30,-6.20,8.90,6.10,5.30,,,,,,,5.70,6.10,,6.40,10.40,6.30,8.34,,,,,,,,5,5.50,7.30,6.40,7.10,,,,,5.80,,6.30,7,3.30,4.80,3.60,,,4.60,,,4.60,,,2.90,3.70,4.50,5,5.10,5.10,
2008-12-05 10:50,7,7.81,5.03,5.78,2.60,7.64,8.48,7.80,4.96,9.73,6.09,5.16,1.61,4.47,6.73,4.79,3.93,-0.87,5.60,4.93,2.42,4.32,7.77,,10.07,9.97,8.64,7.14,10.07,8.40,7.78,8.49,0.48,5.99,6.27,4.88,7.08,6.41,3.42,5.01,-0.90,-2.65,1.01,7.46,6.30,7.49,5.90,5.66,5.48,4.52,4.23,6.60,6.16,6.55,5.37,5.32,4.93,4.20,5.28,6.20,3.21,4.50,2.43,-1.77,3.54,,3.64,3.64,3.50,0.30,5.09,1.40,8.26,5.60,5.03,8.31,8.60,7.80,6.46,6.22,6.50,5.70,5.97,6.17,8.44,6.35,6.45,5.80,8.78,7.96,4.23,6.99,6.33,7.20,8.50,9.03,7.18,8.34,6.92,7.52,7.50,6.81,5.96,4.03,2.01,4.49,4.50,6.20,7.42,6.39,5.68,5.99,4.79,3.17,3.25,3.64,4.60,4.63,4.55,,4,4.26,3.58,4.20,2.70,4.10,3.70,3.59,3.76,2.96,3.30,,5.70,-6,8.60,6.20,5.30,,,,,,,5.60,6.10,,6.30,10.60,6.60,7.95,,,,,,,,5,5.50,7.10,6.40,7.10,,,,,5.80,,6.20,7,3.40,5,3.60,,,4.80,,,4.60,,,3,3.70,4.30,5,5.10,5.20,
2008-12-05 11:00,7,7.93,4.80,5.87,3.49,8.25,8.56,8.10,5.11,10.28,6.02,5.25,1.82,4.65,6.62,4.59,4.35,-0.74,5.50,5.74,2.53,4.40,7.72,,10.04,9.87,8.74,7.11,9.87,8.20,7.58,8.38,0.91,6.13,6.71,5.52,7.03,6.90,3.76,5.19,-1.20,-2.88,1.23,7.27,7.10,7.64,6,5.74,5.69,4.62,4.42,6.77,6.31,7.01,5.42,5.46,5.06,4.30,5.37,6.44,3.31,4.50,2.49,-1.88,3.46,,4.03,3.58,3.30,0.23,4.90,1.94,8.70,5.81,4.97,8.71,8.50,9.42,6.70,6.18,6.15,5.70,6.22,6.59,8.59,6.28,6.83,5.90,9.02,7.86,4.27,7.15,6.69,7.50,8.33,8.92,7.19,8.35,6.82,7.63,7.27,7.25,6.52,4.43,2.27,4.41,4.64,6.20,7.31,6.48,5.73,6.12,4.70,3.12,3.16,3.69,4.60,4.62,4.45,,4,4.34,3.68,4.34,2.60,3.98,3.70,3.72,3.96,3.15,3.20,7.60,6.90,-5.90,8.40,6.20,5.50,8.50,8.20,-3.30,4.80,6.20,6.90,5.80,6.40,7.60,6.90,10.60,6.80,7.60,8,3.10,6.30,3.20,5.40,3.30,5.60,4.90,5.50,7.50,6.40,7.30,4.50,3.10,2.60,4,5.90,6.40,6.20,6.90,3.60,4.80,3.70,,2.30,4.90,4.50,,4.60,4.20,2.90,3.10,3.70,4.30,5,5.10,5,2.70
2008-12-05 11:10,7.10,8.01,4.65,6.09,3.30,8.43,8.80,8.20,4.95,10,5.29,5.27,1.84,5.16,6.47,4.43,4.51,-0.82,5.60,6.16,2.50,4.64,7.86,,10.05,9.91,8.93,7.54,9.68,8.30,7.34,8.79,1.20,6.26,7.14,6.32,7.58,7.08,4.09,5.69,-1.10,-2.88,1.21,7.77,7.30,7.92,6.10,5.61,5.79,4.76,4.91,7.16,6.19,7.26,5.65,5.63,5.20,4.40,5.48,6.34,3.34,4.60,2.58,-1.88,3.49,,4.16,3.52,3.10,0.04,4.49,3.10,8.71,5.49,5.20,8.92,8.60,9.89,6.80,5.75,5.99,5.60,6.68,6.61,8.57,6.33,6.77,6.40,9.20,7.91,4.16,7.78,7.61,7.90,8.70,9.09,7.28,8.30,6.75,7.44,7.01,7.87,6.73,4.60,2.55,4.34,4.64,6.10,6.98,6.38,5.84,6.03,4.62,3.30,3.28,3.80,4.50,4.62,4.51,,4.10,4.46,3.71,3.95,2.65,3.92,3.70,3.85,3.88,3.18,3.10,,6.80,-5.90,9.10,6.60,5.50,,,,,,,6.40,6.50,,7,10.60,6.80,7.62,,,,,,,,4.90,5.50,7.80,6.40,7.30,,,,,5.80,,6.60,7,3.60,4.80,3.70,,,4.90,,,4.60,,,3.20,3.80,4.30,5,5.10,5,
2008-12-05 11:20,7.70,7.71,4.59,6.33,3.61,8.86,9.30,8,4.93,10.03,5.27,5.76,2.24,5.39,6.20,4.49,4.52,-1,5,6.39,2.53,4.77,7.75,,10.07,9.78,8.99,7.73,9.63,8.60,7.46,9.10,1.65,6.74,7.45,6.46,7.45,6.62,4.47,6.09,-1.40,-2.84,1.10,8.03,7.90,7.83,5.90,5.70,6.31,4.66,5.34,7.30,6.21,7.58,5.77,5.77,5.29,4.30,5.62,6.37,3.31,4.70,2.50,-1.83,3.48,,4.31,3.42,2.80,0.02,4.22,3.37,8.35,5.27,5.29,9.28,8.60,10.11,6.90,5.91,6.17,5.80,6.86,6.23,8.26,6.82,7.01,7.40,9.32,8.24,4.56,8.08,7.78,8.10,8.49,9.14,7.38,8.13,6.67,7.38,7.02,8.45,6.74,4.73,2.71,4.49,4.83,6.10,6.88,6.25,5.93,6.02,4.55,3.45,3.11,3.83,4.50,4.56,4.56,,4.10,4.40,3.75,3.82,2.56,3.59,3.80,3.95,4.36,3.36,3,,6,-5.90,9.60,6.60,5.50,,,,,,,6.20,6.40,,7.10,10.50,6.80,7.53,,,,,,,,4.90,5.40,7.80,6.50,7.40,,,,,5.70,,6.60,7,3.70,4.80,3.70,,,5.10,,,4.60,,,3.40,3.90,4.40,5,5.20,4.90,
2008-12-05 11:30,8.20,7.78,4.85,6.30,3.39,8.36,9.17,8.10,4.68,9.74,5.54,5.61,2.08,5.17,5.69,4.56,4.14,-0.90,5.10,6.22,2.57,4.06,6.79,,10.14,9.66,8.94,7.86,9.94,9.10,7.46,8.98,1.62,6.89,7.31,6.74,7.68,6.80,4.62,6.19,-1.10,-2.47,1.37,8.30,7.40,7.78,5.90,5.71,6.41,4.65,5.62,7.47,6.48,7.55,5.81,6.06,5.16,4.30,5.54,6.37,3.29,4.70,2.55,-1.71,3.53,,4.43,3.37,3.20,0.01,4.33,4.19,7.77,5.26,5.19,9.43,8.80,9.79,6.70,6.25,6.47,5.60,7.11,6.22,8.28,7.37,7.45,8.20,9.13,8.40,4.66,7.88,8,8.40,8.23,8.71,7.42,8.09,6.57,7.35,6.95,8.48,6.91,5.25,2.88,4.55,4.96,6.20,6.64,6.14,5.91,5.98,4.59,3.38,3.30,3.93,4.50,4.53,4.58,,4.20,4.35,3.70,4.14,2.44,3.39,3.90,4.32,4.48,3.52,2.90,,6.10,-5.80,9.50,6.90,5.30,,,,,,,6,6.70,,6.70,10.60,7,7.79,,,,,,,,4.90,5.40,7.60,6.50,7.30,,,,,5.80,,6.60,7,3.70,4.80,3.80,,,5.20,,,4.60,,,3.50,4,4.40,5,5.10,4.80,
2008-12-05 11:40,8.20,7.76,5.03,6.10,2.86,8.29,9.33,8.20,4.68,9.68,5.96,5.47,1.88,5.23,5.43,4.09,4.34,-0.75,4.90,6.25,2.66,3.89,6.57,,10.03,9.56,8.62,7.72,10.11,9.10,7.67,8.70,1.13,6.96,6.92,6.72,8.13,6.71,5.14,5.95,-0.90,-2.35,1.89,8.50,6.50,7.97,6,5.67,6.76,4.73,6.04,7.63,6.74,7.13,5.69,5.73,5.11,4.30,5.28,6.27,3.32,4.80,2.69,-1.70,3.66,,4.64,3.34,3.10,-0.04,4.23,4.36,7.51,5.13,5.41,9.17,8.70,9.35,6.40,6.64,6.45,5.90,6.90,6.69,8.23,6.98,7.85,8.40,9.49,8.36,4.49,7.81,7.99,8.30,8.23,8.78,7.39,8.05,6.53,7.23,6.81,8.67,6.73,5.95,3.47,4.47,4.99,6.10,6.62,6.15,5.96,5.98,4.44,3.31,3.26,3.94,4.50,4.50,4.59,,4.30,4.43,3.74,4.28,2.51,3.30,3.80,4.60,4.57,3.59,2.80,,5.90,-5.70,9.60,6.90,5.40,,,,,,,6,7.20,,6.60,11,7.30,8.12,,,,,,,,4.90,6.20,7.50,6.70,7.40,,,,,5.70,,6.60,7,3.70,4.90,,,,5.30,,,4.60,,,3.70,3.90,4.40,5,5,4.80,
2008-12-05 11:50,7.90,7.42,4.85,5.98,2.80,8.36,9.48,8.10,4.63,9.67,5.74,5.67,1.77,5.14,5.15,3.82,4.21,-0.78,5,5.81,2.77,3.56,6.31,,9.85,9.27,8.66,7.49,10.30,9.20,8.07,8.74,1.14,7.13,6.98,7.05,8.22,7.48,5.44,5.92,-0.80,-2.05,2.11,8.42,6.20,8.14,6.10,5.71,6.79,4.71,6.10,7.61,6.70,7,5.54,5.75,5.10,4.40,5.34,6.27,3.41,5.10,2.77,-1.60,3.83,,4.72,3.26,3,0.08,4.68,4.44,7.76,5.05,5.80,8.97,8.70,9.18,6.20,6.52,6.34,6.10,6.83,6.67,8.47,6.63,8.19,8.50,9.39,8.13,4.45,7.55,7.98,9.20,8.36,9.01,7.35,7.98,6.57,7.08,6.81,7.84,6.63,5.61,3.93,4.62,5.59,6.20,6.65,6.13,6.03,5.94,4.31,3.36,3.19,4,4.60,4.46,4.60,,4.30,4.32,3.69,4.31,2.60,3.45,3.90,4.65,4.70,3.58,2.60,,5.50,-5.50,9.60,6.80,5.30,,,,,,,5.90,7.90,,6.60,11.10,7.10,8.36,,,,,,,,5,6.40,7.60,6.70,7.40,,,,,5.70,,6.80,7.10,3.70,4.90,3.90,,,5.40,,,4.60,,,3.80,3.90,4.30,4.80,5,4.90,
2008-12-05 12:00,7.50,7.26,4.94,5.99,3.01,8.41,8.85,8,3.93,9.44,5.55,5.73,1.74,4.68,5.15,4.29,4.18,-0.71,5.30,5.86,2.93,3.93,6.21,,9.89,9.34,8.63,7.40,10.18,8.50,7.91,8.88,0.88,6.98,6.72,6.74,8.06,7.01,5.29,5.97,-0.90,-1.80,2.16,8.56,6.40,8.23,6.40,5.80,6.65,4.74,6.31,7.45,6.68,7.15,5.58,5.71,5.03,4.40,5.44,6.41,3.62,5.20,2.89,-1.55,4,,4.65,3.22,2.80,-0.01,4.77,4.07,8.52,5.25,5.94,9.62,8.40,8.86,6.20,6.77,6.58,6.20,6.83,7.07,8.46,6.48,8.57,8.50,9.36,8.23,4.44,7.85,8.08,9.60,8.50,9.24,7.32,7.88,6.57,7.08,6.80,7.92,6.61,5.34,4.46,5.29,5.98,6.10,6.59,6.10,6.18,5.95,4.20,3.50,3.40,4.08,4.50,4.56,4.57,,4.30,4.49,3.70,4.47,2.46,3.70,3.80,4.62,5,3.43,2.70,8.40,5.90,-5.40,9.60,7,5.30,8.20,7,-3.70,4.60,7.60,7.60,6,7.80,8.40,7.20,10.90,7.50,8.10,7.20,3.10,7.40,3.10,7.70,5.10,6.20,5.10,6.60,7.70,6.70,7.30,4.60,3.40,3.10,4.30,5.70,6.40,7,7.10,3.80,5,3.90,2.50,3.20,5.70,4.40,5.50,4.70,4.40,3.30,3.90,3.90,4.30,4.80,4.90,4.90,2.90
2008-12-05 12:10,7.30,7.22,5.07,6.03,2.67,8.53,8.62,8.10,4.05,9.07,5.68,5.77,1.90,4.57,5.35,4.40,4.44,-0.92,5.50,6.03,2.63,4.01,6.07,,9.97,8.94,8.48,7.47,10.22,7.80,7.59,8.95,0.89,6.90,6.35,6.95,7.76,7.17,5.12,6.04,-1.10,-1.92,2.21,8.49,6.50,8.11,6.20,5.93,6.44,4.74,6.29,7.41,6.85,7.21,5.59,5.65,5.12,4.40,5.67,6.40,3.74,5.10,3.05,-1.53,4.20,,4.52,3.23,2.80,0.03,4.69,3.63,8.88,5.37,5.34,9.55,8,8.41,6.10,7.09,7.12,6.50,6.86,7.48,8.99,6.63,8.71,8.30,9.38,8.68,4.55,8.46,8.68,9.60,8.58,9.34,7.23,7.88,6.49,6.98,6.82,8.04,6.70,5.31,4.73,6.03,5.90,6.10,6.53,6.22,6.05,5.94,4.13,3.66,3.30,4.22,4.30,4.43,4.59,,4.30,4.65,3.82,4.42,2.50,3.57,4.10,4.40,4.59,3.59,2.60,,5.90,-5.50,10.10,7,5.40,,,,,,,6.30,8.20,,7.30,10.50,7.60,8.17,,,,,,,,5.30,6.40,7.50,6.80,7.30,,,,,5.60,,6.90,7.20,3.80,5,3.90,,,5.70,,,4.70,,,4,3.90,4.30,4.80,4.90,4.80,
2008-12-05 12:20,7.20,7.13,4.84,6.10,2.62,8.36,8.72,8,4.15,9.35,5.58,5.75,2.12,4.44,5.48,3.98,4.48,-1.06,5.10,6.10,2.55,3.74,5.91,,9.86,8.61,8.53,7.35,10.36,8,7.77,9.23,0.78,7.31,6.46,7.35,7.90,7.60,5.60,5.77,-1.30,-2.17,1.86,8.34,6.50,8.46,6.10,5.79,5.94,4.66,5.77,7.61,6.85,7.37,5.63,5.79,5.21,4.50,5.69,6.29,3.70,5.20,3.20,-1.69,4.29,,4.80,3.12,2.80,0.05,4.60,3.41,9.13,5.43,4.93,9.44,8.10,8.49,5.80,7.21,7.44,6.60,6.98,7.94,9.63,6.93,8.55,8.40,9.34,9.29,4.81,8.59,8.63,9.10,8.51,9.18,7.12,7.84,6.55,6.81,6.78,7.96,7.13,5.29,4.79,6.45,6.41,6.10,6.54,6.26,6.03,5.93,4.16,3.60,3.27,4.23,4.10,4.52,4.63,,4.40,4.70,3.76,4.49,2.74,3.66,4.10,4.17,4.67,3.50,2.60,,5.80,-5.50,10,6.90,5.40,,,,,,,6.50,8.30,,7.30,10.60,7.80,8.30,,,,,,,,5.50,6.60,7.60,7,7.30,,,,,5.60,,6.80,7.20,3.80,5,3.80,,,5.70,,,4.70,,,4,4,4.30,4.80,5,4.90,
2008-12-05 12:30,7.10,6.88,4.54,5.90,2.60,8.58,8.52,7.90,3.82,9.56,5.40,5.67,2.03,4.33,5.13,3.79,4.19,-0.73,4.80,5.79,2.44,3.39,5.68,,9.61,8.78,8.56,7.33,10.33,7.90,7.75,9.22,0.48,6.99,6.46,7.22,7.64,7.34,5.46,5.71,-1.20,-2.36,1.75,8.57,6,8.45,5.80,5.90,5.58,4.71,5.83,7.66,6.62,7.68,5.75,5.95,5.33,4.50,5.72,6.28,3.88,5.20,3.17,-2.82,4.34,,4.72,3.20,2.80,0.05,4.55,3.46,9.40,5.38,4.65,9.60,7.80,8.42,5.90,6.94,7.80,6.70,7.33,8.17,9.45,6.90,8.57,8.50,9.51,9.61,4.81,8.62,8.63,8.90,7.97,9.09,7.09,7.77,6.56,6.74,6.68,7.92,7.67,5.26,4.87,6.90,6.28,6.10,7.04,6.26,5.98,5.88,4.14,3.56,3.23,4.25,3.90,4.61,4.55,,4.30,4.89,3.77,4.43,2.72,3.70,4.20,3.83,4.67,3.54,2.60,,5.50,-5.40,10.10,6.90,5.50,,,,,,,6.70,8,,7.20,10.40,8.10,8.28,,,,,,,,5.90,6.40,7.60,6.90,7.30,,,,,5.50,,6.70,7.20,3.90,5.10,,,,5.70,,,4.60,,,4,4,4.50,4.70,5,4.90,
2008-12-05 12:40,7,6.87,4.35,5.76,2.60,8.73,8.23,7.70,3.48,9.02,5.15,5.54,2.06,4.28,4.91,3.73,4.10,-0.81,4.70,5.04,2.42,3.22,5.50,,9.87,8.76,8.58,7.24,10.28,7.90,7.98,9.12,0.16,6.85,6.24,6.87,7.12,6.83,4.96,5.81,-0.90,-2.39,1.56,8.44,5.90,8.29,5.40,5.75,5.36,4.78,5.79,7.50,6.72,7.67,5.80,6.01,5.44,4.60,5.83,6.42,3.85,5.50,3.16,-3.20,4.36,,4.65,3.31,2.60,0.07,4.47,3.61,8.85,4.76,4.57,9.55,7.70,8.30,6,6.77,8.03,6.80,7.64,8.20,9.66,6.79,8.76,8.40,9.94,9.95,4.82,8.62,8.59,9.50,8.17,9.06,6.98,8.24,6.66,6.65,6.66,7.82,7.46,5.24,4.95,6.46,5.63,6.10,7.10,6.26,5.96,5.90,4.12,3.60,3.29,4.28,3.90,4.55,4.60,,4.30,4.95,3.81,4.20,2.87,3.68,4.20,3.73,4.55,3.65,2.60,,5.50,-5.30,9.90,7,5.60,,,,,,,6.80,8,,7.10,,8.30,8.20,,,,,,,,5.90,7,7.50,6.90,7.40,,,,,5.60,,6.80,7.20,4,5.20,3.90,,,5.60,,,4.60,,,4,4,4.60,4.70,5.10,5,
2008-12-05 12:50,6.80,6.85,4.29,5.74,2.62,8.55,7.93,7.60,3.17,8.25,5.07,5.27,1.78,4.27,4.75,3.63,3.65,-1.08,4.60,5.18,2.63,3.19,5.53,,9.92,8.57,8.24,7.06,10.28,7.80,7.88,8.81,-0.16,6.32,5.89,6.69,7.15,6.71,4.65,5.81,-1,-2.32,1.68,7.92,6,8.25,5.40,5.54,5.07,4.87,5.32,7.32,6.69,7.65,5.80,5.88,5.52,4.60,5.94,6.62,3.84,5.40,3.09,-2.90,4.39,,4.77,3.29,2.60,0.01,4.42,3.78,8.24,4.41,4.52,9.41,7.50,7.70,5.80,6.54,7.86,7,7.51,8.09,9.61,6.86,8.89,8.40,10.15,9.94,4.81,8.60,8.56,9.20,8.37,9.23,6.95,7.99,7.18,6.64,6.67,8.02,7.23,5.32,4.95,6.38,5.54,6.10,6.95,6.26,6.04,5.90,4.19,3.49,3.34,4.24,3.80,4.59,4.59,,4.30,4.98,3.85,4.52,2.86,3.64,4.30,3.84,4.37,3.57,2.60,,5.60,-5.20,9.60,6.90,5.60,,,,,,,7,8.30,,7.20,10.60,8.10,8.24,,,,,,,,5.90,7,7.30,6.90,7.50,,,,,5.50,,6.80,7.10,4.10,5.10,3.90,,,5.50,,,4.50,,,4.10,4,4.70,4.70,5.10,5,
2008-12-05 13:00,6.90,6.86,4.36,5.70,2.70,8.38,7.74,7.50,3.10,7.86,5.07,5.17,1.64,4.36,4.67,3.63,3.62,-0.77,4.60,5.32,2.81,3.18,5.46,,9.91,8.29,8.07,6.87,9.93,7.30,7.56,8.39,-0.42,5.86,5.71,6.28,7.12,6.64,4.38,5.57,-0.90,-2.34,1.55,7.74,6.10,7.97,5.30,5.60,5.15,4.71,5.26,7.15,6.78,7.63,5.72,6.02,5.55,4.70,6.01,6.71,3.79,5.40,3.10,-3.03,4.41,,4.74,3.32,2.70,0.10,4.57,3.61,8.16,4.24,4.45,9.17,7.70,7.28,5.70,6.82,7.82,6.70,7.50,7.96,8.95,6.86,8.96,8.30,10.22,9.67,4.73,8.55,8.62,9,8.08,9.41,6.87,7.53,7.44,6.55,6.67,8.01,7.26,5.74,5.04,6.91,5.80,6.20,6.95,6.45,6.10,5.79,4.23,3.29,3.27,4.28,3.70,4.64,4.65,,4.30,5.16,3.90,4.47,2.80,3.74,4.30,3.87,4.49,3.65,2.60,6.80,5.70,-5.10,9,6.90,5.70,8.30,6,-3.80,4.80,7.30,6.90,7.30,7.80,8.20,7.30,10.40,7.90,8.20,6.70,3.90,7.70,3.70,7.90,5.90,6.40,6,6.30,7.50,6.90,7.40,5.70,3.80,3.10,4.70,5.50,6.30,6.80,7.10,4.10,5.20,3.80,2.60,3.30,5.40,4.40,5.70,4.40,4.20,3.70,4.10,4,4.50,4.60,5.10,4.90,3.10
2008-12-05 13:10,7.10,6.81,4.27,5.85,2.70,8.09,7.75,7.40,3.10,7.71,5.16,5.27,1.60,4.55,4.62,3.74,3.84,-1.16,4.70,5.55,2.88,3.10,5.46,,9.49,8.14,8,6.54,9.66,6.90,7.40,8.20,-0.31,5.63,5.70,5.88,6.89,6.17,4.84,5.41,-0.70,-2.26,1.36,7.18,5.70,7.59,5.30,5.53,5.25,4.63,5.16,7.01,6.69,7.67,5.71,6.11,5.66,4.70,5.84,6.81,3.85,5.40,3.12,-3.11,4.28,,4.87,3.50,3,0.16,4.51,3.68,8.04,4.38,4.64,9.15,7.90,6.84,5.60,7.06,7.58,6.40,7.53,7.37,7.69,6.76,8.54,8.10,10.04,9.17,4.80,8.36,8.62,9.10,8.50,9.43,6.80,7.73,7.35,6.66,6.66,7.93,6.87,5.72,5.04,7.15,6.20,6,6.96,6.12,6.18,5.77,4.20,3.30,3.24,4.29,3.70,4.63,4.59,,4.20,5.13,3.86,4.40,2.77,3.77,4.30,3.96,4.73,3.68,2.60,,5.70,-5,8.70,6.60,5.80,,,,,,,7.40,7.80,,7.30,10,7.90,8.10,,,,,,,,6.20,6.70,7.40,6.80,7.40,,,,,5.70,,6.90,7.10,4.10,5.20,3.80,,,5.40,,,4.40,,,4,4,4.50,4.60,5.10,4.90,
2008-12-05 13:20,7.10,6.76,4.41,5.80,3,7.82,7.78,7.40,3.08,7.61,5.25,5.33,1.60,4.55,4.63,3.76,3.90,-1.12,4.70,5.32,3,2.99,5.56,,9.08,8.05,7.98,6.24,9.31,6.80,7.39,8.04,-0.43,5.40,5.70,5.49,6.60,6.08,4.91,5.24,-0.40,-2.08,1.62,6.76,5.30,7.61,5.20,5.49,5.01,4.58,5.23,7.03,6.49,7.49,5.77,6.20,5.77,4.70,5.98,6.99,4,5.60,3.27,-3,4.21,,5.01,3.66,2.90,0.36,4.55,3.70,8.10,4.62,4.84,9.10,8,6.44,5.48,6.81,7.57,6.40,7.56,6.80,6.85,6.69,8.02,7.60,9.47,8.63,4.73,8.13,8.46,8.80,8.40,9.35,6.86,7.78,7.31,6.82,6.60,7.86,6.37,6.09,4.96,7.21,6.74,5.90,6.91,5.95,6.14,5.70,4.20,3.35,3.35,4.23,3.70,4.63,4.56,,4.30,5.14,3.91,4.36,2.88,3.76,4.30,4.08,4.64,3.67,2.70,,5.90,-4.90,8.70,6.10,5.90,,,,,,,7.30,8.20,,7.20,9.70,7.80,7.96,,,,,,,,5.50,6.60,7.40,6.80,7.40,,,,,5.70,,6.80,7,4.10,5.30,3.70,,,5.40,,,4.50,,,4,4,4.40,4.60,4.90,4.90,
2008-12-05 13:30,7,6.74,4.51,5.90,2.88,7.52,7.68,7.30,3.05,7.60,5.25,5.31,1.66,4.60,4.68,3.74,3.87,-0.63,4.80,5.12,3.41,3.21,5.48,,9.09,7.98,7.91,6.10,9.03,6.60,7.12,8.03,-0.35,5.16,5.58,5.87,6.68,5.96,4.85,5.22,-0.20,-1.79,2.33,6.73,5.40,7.11,5.40,5.38,5.30,4.61,5.24,6.88,6.54,7.36,5.75,5.97,5.78,4.70,5.91,6.97,4.07,5.60,3.20,-2.70,4.30,,5.05,3.65,2.90,0.34,4.58,3.73,7.96,4.50,4.69,8.71,8.50,6.19,5.40,6.56,7.63,6.30,7.63,6.84,7.80,6.89,7.72,7.30,8.90,8.35,4.68,7.76,8.37,8.40,7.95,9.15,6.88,7.84,7.13,6.72,6.69,7.77,6.24,6.25,4.99,7.20,6.56,5.80,6.86,6.28,6.04,5.66,4.28,3.42,3.19,4.27,3.70,4.63,4.57,,4.20,5.29,3.87,4.27,2.95,3.74,4.30,4.39,4.46,3.77,2.70,,5.90,-4.80,8.50,6.20,5.90,,,,,,,6.90,8.10,,7,9.40,7.80,7.87,,,,,,,,5.50,6.70,7.10,6.90,7.40,,,,,5.30,,6.80,7,4.10,5,3.70,,,5.40,,,4.60,,,4,4,4.40,4.50,4.60,4.90,
2008-12-05 13:40,6.90,6.93,4.70,5.79,2.75,7.83,7.75,7.20,2.88,7.58,5.32,5.38,1.69,4.74,4.64,3.65,3.90,-0.79,4.70,5,3.64,3.57,5.11,,9.10,7.97,7.91,6.04,8.89,6.60,6.92,7.95,-0.39,4.92,5.48,5.79,6.48,5.91,4.62,4.98,-0.10,-1.31,2.88,6.53,5.40,6.71,5.40,5.33,4.83,4.60,5.08,6.69,6.46,7.06,5.75,6,5.83,4.90,6.01,6.96,4.15,5.70,3.27,-2.17,4.31,,4.94,3.70,2.90,0.34,4.62,3.73,7.74,4.36,4.25,8.41,8.30,5.90,5.31,6.65,7.47,6.30,7.43,7.31,8.03,6.80,7.49,7.30,8.74,8.25,4.67,6.93,8,8.20,7.60,8.92,6.65,7.57,7.03,6.56,6.82,7.63,6.33,6.17,5.19,7.22,6.33,5.90,6.68,6.14,6.15,5.62,4.32,3.37,3.22,4.42,3.60,4.62,4.53,,4.20,5.19,3.94,4.18,2.86,3.71,4.40,4.57,4.50,3.93,2.70,,6.10,-4.80,8.30,6.10,6,,,,,,,6.50,7.50,,6.80,9.30,7.70,7.67,,,,,,,,5.70,6.50,6.70,6.90,7.50,,,,,5.30,,6.80,7,4,4.90,3.70,,,5.40,,,4.70,,,3.90,4,4.50,4.50,4.60,4.90,
2008-12-05 13:50,7,7.09,4.86,5.86,2.83,7.80,7.64,7.20,2.66,7.50,5.34,5.39,1.71,4.71,4.65,3.92,3.91,-0.74,4.60,4.78,3.57,3.98,5,,9.02,7.86,7.95,5.97,8.51,6.60,6.87,7.73,-0.34,4.90,5.71,5.75,6.49,5.71,4.54,4.94,-0.20,-1.15,3.62,6.51,5.10,6.60,5.30,5.42,4.57,4.66,4.84,6.69,6.46,6.98,5.71,6.10,5.85,4.90,6,7.02,4.17,5.70,3.31,-1.75,4.43,,4.96,3.67,3,0.26,4.67,3.83,7.70,4.33,3.91,7.99,8.20,5.52,5.24,6.62,7.26,6.20,7.20,7.09,7.50,6.52,7.45,7.60,8.64,8.07,4.61,6.05,7.75,8,7.33,8.69,6.50,7.31,6.84,6.41,7.02,7.30,6.29,6.35,5.11,7.07,6.33,5.80,6.53,5.96,6.10,5.56,4.30,3.33,3.25,4.47,3.40,4.65,4.50,,4.20,5.32,3.85,4.34,2.80,3.70,4.40,4.52,4.57,3.94,2.70,,6,-4.80,8,5.90,5.90,,,,,,,6.50,7.10,,6.50,9.10,7.50,7.47,,,,,,,,5.70,6.10,6.60,6.80,7.50,,,,,5.20,,6.80,7.10,3.90,4.70,3.70,,,5.40,,,4.80,,,3.90,4,4.40,4.50,4.50,4.80,
2008-12-05 14:00,7.20,7.20,4.85,5.91,3.05,7.65,7.59,7.10,2.64,7.42,5.35,5.45,1.75,4.61,4.62,3.97,3.96,-0.70,4.60,4.16,3.50,4.19,4.76,,8.61,7.79,7.98,5.86,8.10,6.60,6.77,7.54,-0.33,4.86,5.64,5.30,6.42,5.49,3.99,4.73,0,-0.95,3.80,6.34,5,6.45,5.10,5.39,4.67,4.69,4.71,6.85,6.58,7.05,5.70,6.05,5.86,5,6.17,7,4.31,5.80,3.58,-1.47,4.51,,5,3.75,3.10,0.32,4.75,3.76,7.71,4.30,3.84,7.59,8.20,5.14,5.17,6.65,7.13,6.10,7.18,6.54,6.93,6.55,7.35,7.50,8.64,7.94,4.28,5.79,7.31,7.80,7.19,8.33,6.14,6.98,6.62,6.17,6.99,6.84,6.26,6.42,5.17,7.01,6.11,5.70,6.39,5.63,6.23,5.54,4.04,3.36,3.22,4.39,3.40,4.67,4.52,,4.30,5.29,3.86,4.56,2.97,3.52,4.30,4.54,4.53,3.82,2.70,7,5.30,-4.70,8.10,5.90,6,7.70,6.50,-3.70,3.40,6.70,6,6.20,6.80,7.80,6,9,7.10,7.20,,4,7,3.40,8.40,5.70,5.50,5.20,5.80,6.50,6.50,7.40,5.40,3.70,3.30,3.80,5.20,6,6.80,7.10,3.80,4.60,3.60,2.80,3.10,5.60,4.50,5.70,4.80,4.20,3.70,3.90,4,4.60,4.60,4.40,4.80,3.40
2008-12-05 14:10,7.30,7.18,4.79,6.01,3.09,7.29,7.67,7.10,2.60,7.30,5.35,5.34,1.81,4.68,4.60,3.96,4.01,-0.79,4.50,3.88,3.39,4.07,4.89,,8.49,7.82,7.97,5.61,8.08,6.60,6.54,7.37,-0.30,4.89,5.34,5.17,6.19,5.37,3.46,4.79,0.20,-0.76,3.80,6.18,4.70,6.36,5.30,5.31,4.65,4.76,4.82,6.72,6.59,7.07,5.76,6.03,5.92,5.10,6.24,7.07,4.45,6,3.70,-1.20,4.66,,5.04,3.76,3.20,0.39,4.85,3.72,7.63,4.65,3.88,7.25,8.20,4.92,4.90,6.73,7.06,6,7.05,6.05,7.42,6.40,7.01,7.40,8.20,7.79,3.99,5.76,7.11,7.60,7.02,7.97,5.89,6.68,6.45,6.15,6.90,6.66,6.23,6.41,5.14,6.79,5.97,5.40,6.41,5.32,6.28,5.50,4.10,3.22,3.15,4.43,3.30,4.75,4.53,,4.30,5.25,3.80,4.58,2.93,3.50,4.40,4.50,4.80,3.88,2.70,,5.20,-4.50,7.90,5.80,6.10,,,,,,,5.90,6.70,,5.90,8.70,7,7.17,,,,,,,,4.90,5.40,6,6.30,7.40,,,,,5.20,,6.80,7.10,3.80,4.50,3.60,,,5.60,,,4.90,,,3.90,4,4.60,4.60,4.40,4.80,
2008-12-05 14:20,7.40,7.29,4.85,6,3.10,7.17,7.60,7.20,2.70,7.01,5.38,5.41,1.86,4.86,4.55,4.02,4.09,-0.67,4.50,3.44,3.48,4.18,4.76,,8.70,7.72,7.91,5.45,7.83,6.40,6.41,7.34,-0.07,4.84,5.07,4.84,6.15,5.12,3.20,4.90,0.60,-0.47,4.01,6.06,4.50,6.25,5.30,5.40,4.70,4.83,4.89,6.59,6.68,7.17,5.77,6.11,6.19,5.20,6.59,7.28,4.49,6.10,3.85,-1.10,4.67,,5,3.95,3.30,0.46,4.98,3.87,7.62,4.73,3.75,6.99,7.10,4.54,4.80,6.79,6.87,5.90,6.85,5.71,7.95,6.34,6.77,7.30,7.90,7.67,4.03,5.39,6.79,7.30,6.95,7.58,5.76,6.50,6.30,5.99,6.74,6.25,5.97,6.55,5.17,6.16,5.72,5.30,5.85,5.01,6.24,5.47,4.03,3.26,2.95,4.39,3.20,4.59,4.51,,4.30,5.12,3.84,4.45,2.81,3.59,4.40,4.51,4.95,3.81,2.70,,5.60,-4.40,8,5.80,6.20,,,,,,,5.60,6.40,,5.60,8.50,6.80,7.01,,,,,,,,4.80,5.30,5.60,6.20,7.30,,,,,5.10,,6.80,7.10,3.80,4.50,,,,5.50,,,4.90,,,3.90,3.90,4.60,4.50,4.30,4.70,
2008-12-05 14:30,7.50,7.29,4.93,6.04,3.09,6.93,7.78,7.20,2.85,7.05,5.41,5.57,1.95,4.96,4.53,4.20,4.11,-0.76,4.50,3.26,3.65,4.03,4.44,,8.89,7.83,7.99,5.44,7.38,6.10,6.41,7.16,0.06,4.64,4.80,4.51,6.39,5.04,3.41,4.90,0.90,-0.42,3.83,5.90,4,6.13,5.40,5.40,4.81,4.84,4.79,6.51,6.50,7.11,5.82,6.20,6.38,5.30,6.68,7.34,4.59,6.20,4.03,-0.83,4.76,,5.27,4,3.40,0.39,5.03,3.90,7.58,4.79,3.74,6.93,6.70,3.86,4.70,6.50,6.84,5.80,6.45,5.47,7.71,6.22,6.62,7.10,7.78,7.69,3.99,4.90,6.54,6.70,6.73,7.47,5.78,6.39,6.17,5.88,6.59,6.19,5.83,6.41,5.20,5.66,5.50,5.20,5.57,4.68,6.14,5.48,3.93,2.97,2.80,4.37,3.20,4.62,4.56,,4.30,4.96,3.81,4.59,2.73,3.52,4.40,4.53,4.91,3.79,2.70,,5.20,-4.10,7.90,5.80,6.30,,,,,,,5.70,6.30,,5.20,8.20,6.60,6.81,,,,,,,,4.40,5.30,5.20,6.10,7.40,,,,,5.10,,6.50,7.10,3.70,4.50,3.60,,,5.50,,,4.80,,,3.90,3.80,4.50,4.60,4.10,4.70,
2008-12-05 14:40,7.50,7.44,5.01,6.08,3.30,6.71,7.70,7.20,2.81,6.95,5.30,5.63,1.90,5.14,4.50,4.39,4.15,-0.49,4.60,3.06,3.78,3.73,4.03,,8.68,7.87,8.09,5.35,7.05,6.10,6.28,6.87,0.11,4.31,4.24,4.25,6.31,4.91,3.79,4.95,0.90,-0.23,3.73,5.59,3.70,6.20,5.50,5.62,4.75,4.90,4.98,6.59,6.53,7.17,5.87,6.40,6.41,5.50,6.85,7.49,4.99,6.40,4.21,-0.61,4.77,,5.14,3.98,3.50,0.49,5.02,3.94,7.31,4.84,3.67,6.96,5.90,3.54,4.70,6.47,6.66,5.80,6.44,5.06,6.79,5.97,6.16,7,7.46,7.47,3.74,4.39,6.38,6.50,6.66,7.33,5.73,6.40,5.98,5.86,6.44,6.18,5.31,6.21,5.20,5.50,5.44,5.20,5.45,4.36,5.98,5.61,3.90,3.02,2.83,4.38,3.20,4.62,4.43,,4.30,5.08,3.82,4.80,2.90,3.47,4.40,4.45,4.53,3.91,2.70,,5.80,-4,7.90,6,6.50,,,,,,,5.60,6.10,,5,8.20,6.40,6.65,,,,,,,,4.40,5.10,5.30,6,7.40,,,,,5.10,,6.30,7,3.70,4.50,3.60,,,5.30,,,4.80,,,4,3.60,4.40,4.50,4,4.70,
2008-12-05 14:50,7.60,7.56,5.34,6.10,3.56,6.76,7.61,7.30,2.96,6.79,5.25,5.67,1.90,5.54,4.60,4.69,4.10,-0.24,4.70,2.94,3.69,3.57,3.55,,8.39,7.93,7.89,5.33,6.87,5.80,6.39,6.75,0.22,3.66,3.97,4.04,6.37,4.79,3.29,4.99,0.70,-0.13,3.54,5.57,3.40,6.22,5.60,5.63,4.54,4.93,4.99,6.61,6.70,7.21,5.94,6.55,6.49,5.60,6.97,7.61,5.07,6.40,4.44,-0.54,4.63,,5.01,4.09,3.50,0.73,5.04,3.93,7.14,4.71,3.72,6.70,6,3.28,4.70,6.14,6.42,5.70,5.70,4.85,5.46,5.84,5.97,6.80,8.18,7.48,3.72,4.06,6.08,6.50,6.84,7.22,5.41,6.52,5.85,5.86,6.17,5.83,5.34,6.22,5.20,5.55,5.24,5,5.36,4.06,5.83,5.61,3.80,2.79,2.75,4.35,3.20,4.59,4.54,,4.30,5.38,3.80,4.77,2.92,3.47,4.40,4.44,4.79,4.08,2.70,,5.70,-3.80,7.80,6.10,6.50,,,,,,,5.60,5.90,,4.80,8,6.30,6.54,,,,,,,,4.20,5.10,5.30,6.10,7.10,,,,,4.80,,6,7,3.70,4.20,3.60,,,5.30,,,4.80,,,3.90,3.50,4.40,4.40,3.90,4.60,
2008-12-05 15:00,7.60,7.59,5.51,6.17,3.67,6.69,7.80,7.30,2.97,6.08,5.35,5.63,2.02,5.64,4.65,4.78,3.97,-0.23,4.80,2.55,3.54,3.75,3.33,,7.95,8.09,7.88,5.39,6.97,5.60,6.40,6.94,0.05,3.34,3.76,4.07,6.38,4.65,2.62,4.78,0.60,-0.56,3.28,5.77,3.40,6.19,5.60,5.65,4.51,4.95,4.69,6.70,6.79,7.19,6.04,6.64,6.56,5.70,7.08,7.58,5.17,6.40,4.37,-0.46,4.65,,4.97,4.11,3.50,0.81,5.21,3.58,6.64,4.63,3.64,6.56,5.30,3.04,4.50,6.04,6.35,5.60,5.09,4.69,4.73,5.82,5.77,6.80,7.64,7.47,3.58,3.51,5.90,6.20,6.53,7.26,5.28,6.59,5.59,5.86,5.91,5.12,4.80,6.07,5.20,5.43,5.18,4.90,5.28,3.74,5.90,5.73,3.64,2.77,2.40,4.40,3.20,4.58,4.56,,4.30,5.56,3.80,4.53,2.84,3.54,4.40,4.41,4.65,4.06,2.70,8,5.20,-3.70,8,6.20,6.60,7.60,5.70,-3.50,3.50,5.80,4.70,5.60,5.90,7.30,3.90,7.90,5.90,6.60,5.60,4.40,5.60,3.20,7.60,5.50,4.80,4,4.70,5.20,5.90,6.40,5.20,3.40,3.90,3.10,4.70,4.90,5.80,6.90,3.80,3.90,3.40,2.60,2.80,5.30,4.60,5.90,4.90,3.80,3.40,4,3.60,4.30,4.30,4,4.60,3.20
2008-12-05 15:10,7.50,7.84,5.54,6.27,3.80,6.50,7.86,7.30,3.07,5.91,5.37,5.74,2.09,5.60,4.71,4.97,4,0.44,4.90,2.09,3.50,4.32,3.33,,7.37,7.90,8.14,5.47,6.85,5.50,6.54,7.04,0.03,3.22,3.84,4.23,6.51,4.53,2.50,5,0.40,-0.64,2.94,5.88,4.10,6.25,5.80,5.76,4.90,5.06,4.85,6.75,7.03,7.22,6.21,6.84,6.65,5.80,7.18,7.80,5.28,6.50,4.52,-0.44,4.81,,4.93,4.03,3.50,0.70,5.16,3.40,6.05,4.92,3.59,6.59,5.10,2.79,4.28,5.80,6.12,5.60,5.09,4.52,5.34,5.40,5.68,6.70,6.91,7.32,3.71,3.25,5.82,5.90,6.52,7.27,5.37,6.43,5.66,5.95,5.91,4.49,3.98,5.86,4.94,5.05,4.97,4.80,5.13,3.47,5.91,5.77,3.54,2.79,1.98,4.41,3.10,4.64,4.59,,4.20,5.49,3.84,4.72,2.83,3.43,4.40,4.40,4.60,4.05,2.70,,4.40,-3.70,8.10,6.20,6.90,,,,,,,5.40,5.80,,3.80,7.90,6,6.55,,,,,,,,3.90,4.40,5.10,5.80,6.40,,,,,4.50,,5.60,6.90,3.80,3.90,,,,5.30,,,5,,,4,3.50,4.30,4.30,4,4.60,
2008-12-05 15:20,7.50,7.98,5.64,6.41,3.72,6.21,7.89,7.30,3.16,5.83,5.58,5.80,2.10,5.55,5.22,4.96,4.16,-0.11,4.70,2.11,3.39,4.12,3.18,,7.28,7.99,8.16,5.34,6.70,5.60,6.77,7.14,0,2.79,3.84,4.30,6.26,4.66,2.39,5.28,0.40,-0.44,2.68,6.15,6,6.42,5.80,5.92,4.75,5.16,4.90,6.89,6.94,7.30,6.28,6.81,6.66,5.90,7.06,7.86,5.36,6.60,4.71,-0.47,4.89,,5.09,3.88,3.40,0.60,4.97,3.06,5.58,5.36,3.52,6.30,5.30,2.51,4.05,5.40,6.06,5.60,4.83,4.45,4.89,5.25,5.65,6.80,6.58,7.57,3.64,2.86,5.80,6,6.68,7.20,5.24,6.34,5.64,5.89,5.71,4.23,3.59,5.80,4.92,4.78,4.85,4.50,5.12,3.29,5.80,5.81,3.36,2.72,1.91,4.37,3,4.60,4.54,,4.20,5.49,3.84,4.81,2.84,3.48,4.30,4.39,4.62,4.18,2.70,,5,-3.60,8,6.20,7,,,,,,,5.50,6,,3.60,7.80,5.80,6.50,,,,,,,,3.90,4,5,5.50,5.90,,,,,4.40,,5.50,6.80,3.80,4,3.30,,,5.30,,,5.10,,,4,3.60,4.30,4.40,4.10,4.40,
2008-12-05 15:30,7.70,7.97,5.73,6.70,3.80,5.92,7.86,7.40,3.22,6.35,5.78,5.79,2.18,5.70,5.09,4.92,3.92,-0.18,4.60,2.68,3.45,4.07,2.85,,6.70,8.22,7.76,5.20,6.80,5.50,6.95,6.93,0.08,2.71,3.75,4.17,6.34,4.63,4.01,4.96,0.30,-0.19,2.46,5.81,6.60,6.56,5.80,6.07,4.89,5.26,4.92,7.11,6.94,7.36,6.40,6.98,6.76,6,7.23,7.74,5.47,6.70,4.86,-0.41,5.02,,5.41,3.90,3.50,0.63,4.91,3.04,5.40,5.48,3.40,5.86,5.20,2.43,3.88,5.31,6.05,5.50,5.05,4.44,4.48,4.89,5.61,6.50,6.71,7.67,3.59,2.33,5.77,6.10,6.61,7.25,5.04,6.23,5.76,5.86,5.57,4.96,2.86,5.34,5.04,4.36,4.66,4,5.12,3.12,5.71,5.88,3.23,2.70,2.08,4.28,3,4.61,4.59,,4.30,5.48,3.84,4.68,2.79,3.50,4.30,4.38,4.39,4.33,2.70,,5.60,-3.50,8.20,6.40,7.10,,,,,,,5.50,5.90,,4,7.70,5.90,6.52,,,,,,,,3.80,3.70,4.70,5.30,5.60,,,,,4.40,,5.70,6.80,3.80,4.20,3.10,,,5.20,,,5.20,,,4,3.60,4.10,4.40,4.10,4.50,
2008-12-05 15:40,7.80,7.86,5.78,6.68,3.90,6.21,8.11,7.70,3.22,7.10,5.69,5.84,2.39,5.66,4.94,5.16,3.55,0.07,4.40,2.36,3.45,3.88,2.50,,6.37,8.37,7.59,5.14,6.82,5.40,7.14,6.53,0.15,2.80,3.79,4.21,6.36,4.45,5.37,5.38,0.20,-0.32,2.50,5.96,6.60,6.50,5.90,6.09,4.95,5.38,5.02,7.19,7.09,7.46,6.52,7.08,6.96,6.10,7.32,7.95,5.47,6.70,4.86,-0.19,5.18,,5.52,3.98,3.70,0.61,4.80,2.77,5.97,5.64,3.53,6.43,5.90,2.31,4,5.51,5.89,5.30,5.04,4.37,4.07,4.99,5.64,6.40,6.65,7.71,3.80,1.82,5.61,6.30,6.59,7.19,4.98,6.52,5.77,5.71,5.81,5.15,1.97,5.08,5.15,4.11,4.39,3.30,5.04,2.98,5.50,5.91,3.27,2.71,1.87,4.25,3.10,4.41,4.60,,4.30,5.45,3.84,4.73,2.86,3.62,4.20,4.23,4.44,4.30,2.70,,5.60,-3.60,8.10,6.40,7.10,,,,,,,5.60,5.90,,4.10,7.70,5.60,6.56,,,,,,,,3.90,3.40,4.50,5.30,5.30,,,,,4.30,,5.60,6.50,3.70,4.20,2.90,,,5.20,,,5.20,,,4,3.50,4.20,4.40,4,4.80,
2008-12-05 15:50,7.80,8.02,5.94,6.86,4,6.33,8.17,7.60,3.41,7.51,5.70,5.81,2.25,5.52,5.15,5.23,3.27,0.44,4.10,2.64,3.23,3.87,2.12,,6.94,8.59,7.66,5.12,6.73,5.50,6.95,5.72,0.05,2.61,3.77,4.05,6.28,4.33,4.50,5.55,-0.20,-0.14,2.61,6.15,6.60,6.66,6,6.09,5.05,5.53,5.02,6.98,7.41,7.50,6.51,7.12,7.12,6.20,7.43,8.07,5.60,6.70,4.91,-0.03,5.22,,5.66,4.08,3.80,0.63,5.07,2.41,6,5.66,3.64,6.10,6.60,1.96,4.04,5.38,5.69,5.20,4.72,3.93,3.95,5.03,5.50,6.30,6.74,7.62,3.76,1.92,5.85,6.40,6.59,7.25,4.93,6.40,5.72,5.59,5.87,5.16,1.51,4.88,5.04,4.06,4.27,3.10,4.93,2.60,5.47,5.74,3.16,2.74,1.97,4.22,3,4.41,4.69,,4.30,5.07,3.76,4.87,2.94,3.75,4.20,4.16,4.76,4.16,2.70,,6.20,-3.70,8.10,6.60,7.20,,,,,,,5.40,6.30,,3.90,7.60,5.50,6.69,,,,,,,,4,3.40,4.30,5.10,5.20,,,,,4.10,,5.20,6.50,3.70,4.40,2.90,,,5.10,,,5.20,,,3.90,3.40,4.10,4.40,4,4.90,
2008-12-05 16:00,7.90,8.05,5.99,6.88,4.10,6.34,7.98,7.60,3.49,7.92,5.76,5.82,2.23,5.66,5.18,5.30,3.03,0.07,3.70,4.13,3.13,3.83,2.31,,7.08,8.65,7.77,5.19,6.69,5.60,6.52,5.33,-0.06,2.33,3.84,4.23,6.29,4.32,3.85,5.52,-0.10,-0.16,2.69,6.37,6.60,6.79,6,6.30,5.15,5.63,5.03,6.77,7.58,7.74,6.59,7.22,7.15,6.30,7.53,8.15,5.59,6.70,5,0.08,5.26,,5.71,3.93,4,0.59,5.18,2.15,5.68,5.63,3.72,5.67,6.20,2.05,4.23,5.67,5.57,5.20,4.10,3.86,3.40,5.46,5.27,6.20,6.58,7.51,3.62,2.28,5.75,6.30,6.56,7.28,4.82,6.54,5.70,5.77,5.66,5.53,1.08,4.63,4.95,4.03,4.10,3,4.60,2.43,5.51,5.52,3.22,2.77,2.21,4.15,2.90,4.23,4.80,,4.20,4.78,3.82,4.86,2.78,3.71,4.20,4.10,4.78,4.40,2.80,8.20,5.60,-3.70,8.20,6.70,7.40,,6.50,-3.40,3.50,6,5.30,5.40,6.40,4.80,3.90,7.50,5.40,6.90,,4.50,4.70,3.40,5,5.10,3.70,3.90,3.60,4.30,5.10,5.10,4.80,3.20,3.80,3.90,3.80,4.30,5,6.40,3.60,4.60,2.80,,2.50,5.10,4.70,,5.20,3.80,3.40,3.90,3.70,4.10,4.40,4.10,4.90,3.20
2008-12-05 16:10,7.90,8.11,6.07,6.74,4.12,6.35,8.21,7.60,3.51,8.05,5.63,5.63,2.21,5.58,5.34,5.43,2.49,0.44,3.50,5.55,3,3.70,2.21,,6.94,8.68,7.10,5.27,6.73,5.60,6.29,5.04,-0.09,2.37,3.69,4.24,6.45,3.96,5.48,5.34,0.60,-0.18,2.62,6.55,6.20,6.84,6.20,6.36,5.21,5.79,5.16,6.90,7.64,7.90,6.71,7.32,7.25,6.40,7.57,8.29,5.66,6.70,5,0.08,5.15,,5.90,4.04,4.20,0.85,5.23,2.11,5.32,5.60,3.64,6.23,6,2.05,4.22,5.67,5.42,5.20,3.82,3.66,3.12,5.70,4.94,6.10,6.19,7.52,3.75,2.37,5.61,6.40,6.55,7.24,4.78,6.50,5.50,5.99,5.45,5.18,0.77,4.63,4.54,3.80,3.97,3,4.90,2.53,5.56,5.47,3.27,2.63,2.21,4.20,2.60,4.33,4.90,,4.30,4.77,3.87,4.60,2.94,3.70,4.30,4.14,4.73,4.41,2.80,,5.80,-3.60,8.30,7,7.60,,,,,,,5.50,6.50,,3.90,7.50,5.50,6.83,,,,,,,,3.80,3.50,4.40,5.10,5.10,,,,,3.30,,4.80,6.30,3.60,4.60,2.80,,,5,,,5.10,,,3.90,3.70,4.10,4.50,4.10,4.90,
2008-12-05 16:20,7.90,8.11,6.12,6.77,4.22,6.40,7.99,7.70,3.47,7.95,5.65,5.64,1.94,5.49,5.39,5.45,2.48,0.23,3.30,5.58,2.98,4.01,1.70,,6.69,8.75,6.70,5.26,6.88,5.80,6.39,4.81,-0.16,1.85,3.46,4.17,6.69,3.48,6.07,5.38,0.40,-0.21,2.75,6.57,6.30,6.77,6.20,6.35,5.28,5.88,5.07,6.90,7.65,8.07,6.81,7.42,7.31,6.50,7.46,8.44,5.71,6.80,5.05,0.17,5.33,,6.01,3.85,4.30,1.21,5.36,2.01,5.56,5.40,3.43,6.34,4.60,2.77,4.22,5.84,5.40,5.20,3.46,3.65,2.79,5.98,4.90,5.90,6.13,7.86,3.65,2.87,5.82,6.30,6.58,7.28,4.91,6.43,5.50,5.88,5.18,5.02,0.78,4.55,4.02,3.92,3.89,3,4.82,2.80,5.59,5.60,3.25,2.66,2.39,4.22,2.60,4.31,5.03,,4.20,5.24,3.93,4.96,2.90,3.68,4.30,4.08,4.49,4.39,2.90,,6.10,-3.60,8.30,7.10,7.60,,,,,,,5.40,6.60,,3.70,,5.30,6.79,,,,,,,,3.90,3.70,4.60,5,4.70,,,,,3,,4.70,6.30,3.50,4.60,2.80,,,5,,,5,,,3.80,3.60,4.10,4.50,4.10,4.90,
2008-12-05 16:30,7.90,8.11,6.41,6.80,4.30,6.50,7.95,7.70,3.31,8.07,5.77,5.71,1.90,5.47,5.37,5.39,2.94,0.55,3.10,5.41,2.94,4.33,1.32,,6.78,8.57,6.60,5.28,6.89,5.70,6.45,4.52,-0.08,1.98,3.07,4.20,6.65,3.02,5.97,5.46,0.50,-0.04,2.65,6.61,6.70,6.82,6.40,6.54,5.44,5.94,5.04,7.04,7.83,8.19,6.92,7.47,7.46,6.60,7.69,8.30,5.69,6.80,5.13,0.16,5.46,,6.12,3.98,4.40,0.96,5.47,1.84,5.61,5.16,3.32,5.84,3.70,3.48,4.10,5.83,5.27,5.30,2.99,4.03,2.60,5.90,4.87,6,6.30,8.15,3.52,3.15,5.76,6.20,6.69,7.32,4.88,6.33,5.25,5.86,4.88,4.95,0.65,4.60,3.68,4.16,3.82,3,5.09,2.89,5.52,5.62,3.29,2.75,2.72,4.26,2.80,4.21,5.12,,4.10,5.65,3.92,4.68,2.93,3.71,4.30,4.14,4.62,4.43,2.90,,6.40,-3.60,8.40,7.20,7.60,,,,,,,5.50,6.60,,3.70,7.50,5.30,6.89,,,,,,,,3.90,3.30,4.50,5,4.70,,,,,2.90,,4.60,6.20,3.40,4.60,2.80,,,4.80,,,5.20,,,3.90,3.80,4.10,4.60,4,5,
2008-12-05 16:40,7.90,8.29,6.41,6.89,4.30,6.57,7.58,7.70,3.27,8.26,5.89,5.38,2.13,5.45,5.13,5.29,3.12,0.30,3.20,4.91,2.92,4.19,1.22,,7.01,8.85,6.68,5.29,6.94,5.60,6.34,4.11,0.07,1.96,2.25,4.23,6.73,3.24,5.92,5.63,0.90,-0.01,2.57,6.91,6.90,6.98,6.50,6.61,5.65,6.03,4.98,7.06,7.90,8.34,6.99,7.46,7.46,6.60,7.63,8.29,5.77,6.90,5.24,0.27,5.40,,6.38,4.15,4.50,0.66,5.28,1.84,5.20,5.19,3.48,5.16,4.70,3.84,4.09,5.70,4.87,5.57,2.83,4.03,2.38,5.90,4.89,6.60,6.22,8.18,3.40,3.54,5.52,6,6.67,7.53,4.85,6.32,5.31,5.81,4.77,4.77,0.45,4.80,3.49,4.32,3.77,2.90,5.59,2.99,5.45,5.66,3.43,2.71,2.82,4.32,2.90,4.13,5.17,,4.10,5.81,3.88,4.73,2.93,3.83,4.40,4.27,4.68,4.51,3,,6.10,-3.50,8.30,7.40,7.70,,,,,,,5.60,6.60,,3.80,7.40,5.40,6.92,,,,,,,,3.90,3.50,4.50,4.90,4.60,,,,,2.80,,4.40,6.10,3.40,4.60,2.70,,,4.70,,,5.40,,,3.90,3.90,4.10,4.50,3.80,5,
2008-12-05 16:50,7.90,8.25,6.49,7.01,4.20,6.76,7.57,7.80,3.13,8.36,5.73,5.30,2.22,5.35,4.88,5.32,3.39,0.21,3.10,4.98,2.87,4.46,1.10,,7.25,8.72,6.63,5.29,7.08,5.40,6.54,4.01,0.01,1.88,3.51,4.08,6.72,4.02,5.99,5.82,0.80,-0.04,2.48,6.65,6.90,6.98,6.50,6.73,5.59,6.13,4.82,7.35,8.05,8.58,7.10,7.60,7.68,6.70,7.88,8.15,5.92,7,5.32,0.40,5.46,,6.51,4.10,4.50,0.66,5.12,1.72,4.26,4.93,3.51,4.77,5.30,4.17,3.83,5.83,4.59,5.60,2.76,4.07,2.24,6.03,5.06,6.70,6.47,7.92,3.38,3.06,5.42,6,6.63,7.70,4.97,6.19,5.23,5.89,4.20,4.38,0.10,4.66,3.26,4.36,3.88,2.70,5.38,2.90,5.31,5.83,3.51,2.54,3.09,4.32,2.90,4.09,5.01,,4.20,5.88,3.83,4.94,2.83,3.89,4.30,4.36,4.42,4.54,3.10,,6,-3.40,8.30,7.50,7.80,,,,,,,5.50,6.80,,3.90,7.50,5.20,6.94,,,,,,,,4.10,3.20,4.60,5,4.50,,,,,2.60,,4.20,6,3.30,4.50,,,,4.50,,,5.50,,,3.90,3.90,4.10,4.60,3.70,5.10,
2008-12-05 17:00,8,8.41,6.48,7,4.20,6.84,7.27,7.80,3.34,8.45,5.74,5.19,2.43,5.23,4.85,5.27,3.78,0.34,2.80,5.80,3,4.19,1.10,,7.32,8.58,6.54,5.26,7.11,5.50,6.77,3.78,-0.07,2.06,4.14,4.35,6.58,3.76,6.16,5.71,0.80,0.01,2.41,6.53,6.90,7.21,6.60,6.81,5.67,6.14,5.37,7.46,8.04,8.51,7.15,7.62,7.68,6.70,7.98,8.25,6.09,7.20,5.27,0.42,5.73,,6.07,4.11,4.50,0.64,5.26,1.48,4.27,4.84,3.46,4.74,5.80,4.21,3.50,5.80,4.34,5.64,2.61,3.74,2.07,5.76,5.14,6.10,6.52,7.35,3.39,3.14,5.18,5.80,6.93,7.62,4.90,6.23,5.09,5.67,3.89,4.38,-0.19,3.51,2.94,4.34,4.07,2.70,5.05,2.54,5.15,6.01,3.57,2.49,3.02,4.30,3,4.07,4.95,,4.10,5.82,3.81,5.07,2.70,3.81,4.30,4.27,4.41,4.72,3.10,8.60,6.40,-3.40,8.40,7.60,7.70,8.20,7.20,-3.30,3.70,5.90,4.80,5.60,7,2.70,3.90,7.40,4.90,7.40,5.20,3.80,2.50,2.30,4.90,4.20,4.90,3.90,3.30,4.60,4.80,4.20,4.90,3.60,4,3.50,2.10,3.20,4.20,5.90,3.10,4.50,2.60,,2.70,4.30,4.90,,5.50,3.60,3.10,3.90,3.90,4.30,4.60,3.70,5.20,3.50
2008-12-05 17:10,8,8.46,6.31,6.72,3.91,6.70,7.46,7.70,3.26,8.32,5.79,5.17,2.66,5.47,5.04,5.23,4.26,0.44,2.60,6.45,2.80,4.34,0.96,,7.43,8.93,6.61,5.28,7.29,5.50,6.77,3.45,0.27,2.20,4.20,4.20,6.27,4.53,6.24,5.80,1,0.11,2.46,6.40,7,7.17,6.60,6.80,5.93,6.32,5.44,7.83,8,8.49,7.28,7.63,7.78,6.80,7.98,8.41,6.09,6.90,5.24,0.44,5.76,,6.31,4.36,4.70,0.90,5.85,1.51,4.39,4.68,3.43,4.90,6,4.38,3.50,5.72,4.27,5.50,2.59,3.79,2.31,5.58,5.30,6,6.45,6.86,3.35,3.45,5.12,5.70,6.93,7.58,4.82,6.31,4.87,5.44,3.59,4.76,-0.11,3.38,2.97,4.19,4.45,2.80,4.69,2.38,4.92,6.05,3.63,2.52,3.08,4.24,3,4.02,4.92,,4.20,5.62,3.86,5.18,2.71,3.83,4.30,4.25,4.36,4.93,3.10,,6.40,-3.40,8.30,7.70,8,,,,,,,5.50,7,,3.80,7.20,4.80,7.19,,,,,,,,3.70,3.40,4.70,4.80,4.10,,,,,2.10,,4.40,5.70,3.10,4.50,2.50,,,4.30,,,5.60,,,4,3.90,4.30,4.60,3.70,5.20,
2008-12-05 17:20,7.90,8.25,6.15,6.35,3.74,7.12,7.69,8,3.19,8.16,5.85,5.25,2.86,5.68,5.12,5.30,4.42,0.59,2.40,6.65,3.18,3.94,0.97,,7.27,8.85,6.65,5.36,7.38,5.10,6.71,3.30,0.61,2.21,4.38,4.51,6.30,5.05,6.35,5.97,1,-0.07,2.25,6.25,6.80,7.29,6.70,6.86,5.90,6.30,5.44,7.90,8.16,8.51,7.37,7.71,7.73,6.80,7.73,8.54,6,6.80,4.98,0.45,5.60,,6.23,4.44,4.70,1.48,5.52,1.77,4.65,3.67,3.56,4.70,6.10,4.44,3.60,5.76,4.46,5.30,2.88,3.93,2.40,5.35,5.49,5.70,6.51,6.68,3.27,3.85,5.31,5.50,7.11,7.81,4.82,6.41,4.98,5.24,3.02,4.97,-0.43,3.03,2.98,4.01,4.69,2.80,4.74,2.07,4.73,6.11,3.65,2.47,3.15,4.20,3,3.92,4.89,,4.20,5.58,3.97,5.33,2.61,3.88,4.20,4.30,4.38,4.95,3.20,,6.20,-3.40,8,7.70,8,,,,,,,5.40,6.90,,3.80,7.50,5.10,7.29,,,,,,,,3.90,3.50,4.60,4.70,3.70,,,,,2.20,,4.30,5.50,3,4.30,2.40,,,4.10,,,5.70,,,4,3.90,4.30,4.60,3.70,5.20,
2008-12-05 17:30,7.90,8.01,5.98,6.09,3.75,7.41,7.84,8.60,3.34,8.08,5.88,4.84,2.94,5.89,5.21,5.27,4.36,0.26,2.40,6.37,3.15,4.23,1.01,,7.33,8.11,6.56,5.33,7.33,4.80,6.73,3.30,0.54,2.99,4.46,4.63,6.17,4.99,6.30,6,1,-0.22,1.80,6.24,6.90,7.18,6.90,7.01,5.87,6.53,5.22,8.02,8.22,8.55,7.41,7.79,7.71,6.80,7.49,8.36,5.91,6.70,4.76,0.58,5.52,,6.04,4.18,4.60,1.33,5.56,1.73,4.30,3.07,3.65,4.25,6,4.52,3.60,6.08,4.14,5.30,2.88,3.99,2.44,5.80,5.51,5.60,6.46,6.79,3.23,3.99,5.27,5.60,7.21,7.88,4.73,6.31,5.09,5.14,2.58,4.30,-0.40,2.60,2.94,3.89,4.81,2.80,4.73,1.80,4.41,6.18,3.61,2.49,3.06,4.25,3,3.95,4.89,,4.20,5.51,3.97,5.62,2.48,3.82,4.20,4.27,4.45,4.92,3.30,,6.50,-3.40,8.20,7.70,7.90,,,,,,,5.50,7,,3.80,7.60,5,7.46,,,,,,,,3.50,3.70,4.60,4.50,3.50,,,,,2.30,,4.20,5.30,2.90,4.20,2.30,,,4,,,5.70,,,4,4,4.20,4.60,3.70,5.20,
2008-12-05 17:40,7.80,7.91,5.90,5.93,3.74,7.56,7.53,8.60,3.38,8.17,5.86,5.15,3.14,5.87,5.34,5.10,4,0.21,2.10,6.46,3.08,4.24,1.07,,7.36,7.52,6.34,5.18,7.16,4.70,6.76,3.24,0.52,3.83,4.65,4.63,6.29,5.14,6.40,5.92,0.90,-0.20,1.74,6.30,7.10,7.05,7,6.99,5.90,6.50,5.19,8.16,8.30,8.62,7.32,7.69,7.60,6.70,7.27,8.16,5.65,6.50,4.72,0.78,5.41,,5.79,4.11,4.70,1.53,5.30,1.54,4.28,2.84,3.69,4.45,6.20,4.55,3.60,6.20,4.24,5.20,2.92,4,2.48,5.93,5.46,5.40,6.41,6.75,3.18,3.94,5.30,5.70,7.25,7.89,4.75,6.50,5.08,5.08,2.28,3.77,-0.57,3.14,2.66,3.98,4.67,2.70,4.44,1.70,4.15,6.10,3.64,2.56,3.21,4.31,3.10,3.82,4.89,,4.20,4.91,4.14,5.77,2.50,3.76,4.10,4.30,4.03,5.03,3.50,,6.40,-3.40,8,7.80,8.10,,,,,,,5.50,6.60,,3.60,7.80,4.90,7.51,,,,,,,,3.70,3.90,4.60,4.40,3.60,,,,,2.30,,4.20,5.20,2.80,3.90,2.20,,,3.80,,,5.80,,,4,4,4.40,4.60,3.60,5.20,
2008-12-05 17:50,7.70,7.85,6,5.87,3.69,7.86,7.31,8.60,3.43,8.12,5.98,5.54,3.06,5.68,5.54,5.12,4.51,0.53,2.10,6.34,3.11,4.38,0.92,,7.29,7.31,6.20,5.36,7.09,4.60,6.78,2.98,0.33,3.90,4.58,4.56,6.67,5.21,6.29,6.17,0.80,-0.39,1.77,6.29,7.30,7.08,7,7.11,5.90,6.49,5.07,8.04,8.42,8.81,7.25,7.59,7.54,6.90,7.19,8.09,5.51,6.50,4.67,0.88,5.37,,5.57,4.04,4.70,0.58,4.97,1.65,4.15,2.98,3.58,4.45,6.20,4.61,3.50,5.93,4.23,5.20,3,4.42,2.73,5.93,5.68,5.50,6.33,6.70,3.12,3.99,5.37,5.50,7.26,7.86,4.73,6.44,5.02,5.02,2.21,4.37,-0.86,3.80,2.46,3.93,4.44,2.60,4.45,1.77,4.06,6.21,3.50,2.55,3.26,4.29,3.10,3.53,4.89,,4.20,4.74,4.35,5.51,2.34,3.86,4.20,4.16,3.90,4.92,3.70,,6.30,-3.50,8.10,7.80,8.10,,,,,,,5.40,7,,3.90,7.90,4.80,7.57,,,,,,,,3.80,3.90,4.80,4.50,3.30,,,,,2.50,,4.30,4.90,2.90,4.20,2.30,,,3.40,,,5.60,,,4,4.10,4.30,4.60,3.70,5.40,
2008-12-05 18:00,8,7.87,6,6,4,7.85,7.12,8.70,3.36,8.11,6.09,5.96,2.76,5,5.75,4,5,0.21,3,6.45,3,4.14,0.81,7,7,7,5.92,5.43,7,5,7,3,0.39,3,4.74,4,7,4,6,6,1,0,2,6,7.30,7.24,6,7.06,5.81,6.45,5,8,8.43,8.85,7.13,8,7,7,7,8.01,5.45,7,4.72,0.83,5.27,,5.79,4.17,4.90,0.43,4.87,1.52,3.90,2.63,3.73,4.39,6.60,4.93,3.80,6.37,3,5.20,3.18,4.86,3.51,5.78,4,5.60,6.33,6.65,3.13,4,5,5.40,7.35,8,4.57,6.54,5.21,5,1.95,3.74,-0.78,3.96,2.49,3.75,4.21,2.50,4.24,1.82,3.92,6.28,3.53,2.58,3.12,4.21,3.10,3.55,4.85,,4.40,4.45,4.48,5.87,2.31,4,4,4.11,4.50,4.96,3.90,9,6,-4,7.90,8,8,8.60,8.20,-3.30,3.70,6.30,6.20,5.50,7,4.10,3.90,8.10,4.70,7.80,4.80,4.10,3.40,1,4.10,3.90,4.50,3.60,3.80,5,4.40,3.20,4.70,3.90,4.30,3,2.60,2.80,4.40,4.80,3.30,3.90,2.50,1.90,2.80,3,5.30,4.50,5.60,3.60,3.20,4,4.20,4.30,4.60,3.80,5.50,3.80
2008-12-05 18:10,7.60,7.98,6.03,6.08,3.59,7.84,7.08,8.80,3.61,8.62,6.12,5.84,2.77,5.70,5.69,4.81,4.18,0.20,2.70,6.72,3.09,3.98,0.91,,7.20,6.80,5.67,5.45,7.07,4.60,6.98,3.62,0.49,3.87,4.84,4.98,6.66,5.27,6.23,5.99,0.80,-0.53,1.50,6.39,7.20,7.40,7.10,7.04,5.80,6.33,5.19,8.16,8.49,9,7.13,7.40,7.34,6.60,7.16,7.99,5.43,6.40,4.72,0.86,5.26,,5.67,4.13,4.70,0.49,4.59,1.65,3.52,2.40,4.06,4.44,6.50,5.27,3.97,6.20,4.23,5.30,3.35,5.25,3.67,5.81,5.73,5.40,6.49,6.34,3.16,4.33,5.40,5.40,7.27,8.07,4.51,6.28,4.97,5.15,1.72,3.78,-0.93,3.85,2.77,3.81,3.79,2.60,4.19,1.91,3.76,6.07,3.52,2.47,2.95,4.09,3,3.42,4.82,,4.50,4.09,4.46,5.53,2.34,3.93,4.10,4.02,3.89,4.86,3.90,,6.40,-3.50,8.30,7.90,8,,,,,,,5.50,7.60,,3.90,8,4.70,7.72,,,,,,,,3.50,3.70,5.20,4.50,3.20,,,,,2.70,,4.40,4.70,3.30,3.90,2.50,,,3,,,5.50,,,4,4,4.30,4.60,3.80,5.70,
2008-12-05 18:20,7.70,7.95,6.11,6.27,3.67,7.91,7.21,8.70,3.78,8.97,6.23,5.64,2.66,5.84,5.49,4.81,4.15,0.35,2.40,6.52,2.55,3.89,3.17,,7.16,6.76,5.88,5.53,7.09,4.70,7.02,4.18,0.48,3.60,4.94,5.33,6.81,5.60,6.27,5.99,0.70,-0.39,1.79,6.37,7.20,7.47,7.10,6.99,6.08,6.24,5.19,8.28,8.52,8.84,7.12,7.39,7.08,6.40,7.18,8.11,5.40,6.50,4.66,0.71,5.17,,5.58,4.35,4.50,0.73,5.05,1.87,3.07,2.03,4.04,4.15,6.40,5.39,4.05,6.33,4.66,5.30,3.02,5.55,3.55,5.63,5.95,5.60,6.71,6.26,3.09,4.62,5.41,5.50,7.01,8.10,4.41,6.23,5.06,5.22,1.43,4.74,-0.95,3.83,2.91,3.65,3.53,2.50,3.97,1.86,3.45,5.96,3.49,2.56,3.15,4.06,3,3.33,4.73,,4.60,3.99,4.57,5.62,2.20,4.02,4.10,3.96,3.96,4.86,4,,6.10,-3.40,8.20,7.80,7.80,,,,,,,5.60,8,,4.10,8.10,4.60,7.62,,,,,,,,3.30,3.90,5.40,4.50,3.20,,,,,2.80,,4.70,4.60,3.40,4.10,2.60,,,2.80,,,5.50,,,4,4,4.30,4.60,3.80,5.70,
2008-12-05 18:30,7.70,7.89,6.02,6.38,3.75,7.99,7.23,8.40,3.89,8.73,6.22,5.56,2.59,5.55,5.30,4.72,4.21,0.42,2.40,6.04,2.38,3.48,6.34,,7.25,7.05,6.05,5.53,7.15,4.70,6.93,3.81,0.38,4.10,5.19,5.36,6.50,6.01,6.50,6.16,0.80,-0.43,1.59,6.61,6.90,7.42,7.10,6.93,5.88,6.29,5.04,8.42,8.44,8.88,7.01,7.18,6.84,6.30,7.11,8.19,5.40,6.60,4.60,0.86,5.13,,5.63,4.53,4.20,0.79,4.99,1.90,3.02,1.41,4.10,4.09,6.60,5.50,4.28,6.54,5.54,5.30,3.01,5.57,3.63,5.65,6.24,5.70,6.79,6.09,3.16,5.13,5.50,5.90,7.10,8.18,4.38,6.06,4.81,5.11,1.29,5.33,-0.76,4,2.71,3.59,3.31,2.60,3.93,1.83,3.28,5.83,3.38,2.49,3.10,4.03,3,3.31,4.80,,4.70,3.86,4.65,5.66,2.44,4.08,4.10,3.88,3.96,4.88,4,,5.90,-3.40,8.40,7.80,7.70,,,,,,,5.50,7.70,,4.10,,4.60,7.61,,,,,,,,3.10,3.90,5.40,4.50,3.20,,,,,2.90,,4.60,4.40,3.40,4.10,2.70,,,2.40,,,5.30,,,4.10,4,4.30,4.50,3.80,5.70,
2008-12-05 18:40,7.70,7.93,6.09,6.32,3.84,7.96,7.28,8.20,3.93,7.92,6.11,5.40,2.58,5.19,5.23,4.60,4.07,0.21,2.30,5.66,2.56,3.34,7.23,,7.46,7.35,5.99,5.78,7.34,4.50,6.92,3.84,0.52,4.24,5.26,5.40,6.46,6.23,6.37,6.21,0.60,-0.40,1.38,6.50,6.90,7.54,7.10,6.92,6.05,6.16,5.01,8.42,8.40,8.81,6.97,6.88,6.89,6.30,7.04,8.21,5.34,6.50,4.66,0.91,5.28,,5.73,4.28,3.90,0.82,4.69,1.67,3.03,1.75,4.15,4.06,5.60,5.56,4.36,6.49,5.84,5.40,2.84,5.56,3.82,5.65,6.27,5.70,6.90,6.09,3.15,5.31,5.64,6.40,7.26,8.13,4.43,5.65,4.65,4.93,1.05,5.15,-0.40,3.84,2.68,3.50,3.20,2.70,3.77,1.75,3.09,5.45,3.31,2.53,3.15,3.97,2.90,3.25,4.52,,4.80,3.66,4.84,5.69,2.50,4.10,4.20,3.95,4.07,4.83,4,,5.90,-3.40,8.40,7.90,7.50,,,,,,,5.60,8,,4.10,8.10,4.50,7.68,,,,,,,,2.90,3.80,5.60,4.70,3.20,,,,,2.90,,4.60,4,3.40,4.10,2.80,,,2.50,,,5.10,,,4.10,4,4.30,4.50,3.80,5.70,
2008-12-05 18:50,7.70,8.01,6.14,6.30,3.65,7.88,7.76,8.10,3.98,7.69,5.95,5.29,2.69,5.22,5.05,4.50,4.07,-0.08,2.20,5.39,2.78,3.19,7.06,,7.53,7.41,6.68,5.91,7.43,4.50,6.87,4.31,0.41,4.53,5.28,5.47,6.49,6.29,6.19,6.25,0.60,-0.44,1.41,6.52,6.90,7.56,6.90,6.95,6.08,6.27,5.04,8.58,8.32,8.67,6.89,7.07,7.09,6.40,7.33,8.22,5.44,6.70,4.76,1.10,5.41,,5.66,4.01,4,0.83,4.40,1.48,3.28,1.86,4.32,4.25,5.40,5.31,4.42,6.47,6.25,5.50,3.02,5.70,4.26,5.49,6.19,5.50,7.21,6.06,3.12,5.46,5.86,6.50,7.46,8.26,4.42,5.20,4.61,4.72,0.93,5.46,-0.60,3.59,2.46,3.38,3.14,2.70,4,1.76,2.94,5.14,3.28,2.48,3.29,3.92,2.90,3.23,4.51,,5.10,3.45,4.90,5.44,2.49,4.13,4.20,4.02,4.17,4.80,4,,6.20,-3.30,8.30,7.80,7.50,,,,,,,5.60,7.80,,3.70,8.20,4.70,7.72,,,,,,,,3.30,3.80,5.60,4.90,3.30,,,,,2.80,,4.60,3.60,3.50,4.20,2.80,,,2.70,,,4.70,,,4.10,4,4.30,4.40,3.80,5.70,
2008-12-05 19:00,7.80,8.01,6.19,6.22,3.79,7.83,8,8.30,3.95,8.11,5.73,5.04,2.78,5.11,4.75,4.38,4.33,-0.23,2.90,5.53,2.50,3.56,6.92,,7.59,6.85,6.95,5.86,7.21,4.70,6.81,4.73,0.31,4.71,5.43,5.50,6.55,5.98,5.98,6.42,0.60,-0.29,1.49,6.65,6.80,7.65,6.70,6.94,6.02,6.45,4.95,8.47,8.38,8.56,6.79,7.13,7.12,6.50,7.34,8.42,5.52,6.60,4.72,1.07,5.43,,5.54,3.73,4,0.65,4.34,1.46,3.39,2.26,4.42,4.22,5.70,4.91,4.54,6.65,6.55,5.60,3.24,5.68,4.33,5.74,6.12,5.70,7.27,6.41,3.15,5.30,6.07,6.50,7.85,8.45,4.37,5.12,4.69,4.41,0.74,5.40,-0.35,3.53,2.26,3.31,3,2.80,3.64,1.74,2.89,4.89,3.21,2.54,3.44,3.89,2.90,3.20,4.37,,5.20,3.59,5.03,5.15,2.47,4.13,4.10,4.04,3.97,4.81,4.10,7.60,6.10,-3.30,8.30,7.80,7.50,9,6.80,-3.40,3.40,6.20,6.50,5.50,7.90,4.20,3.50,8.30,5.40,7.80,4.10,3.50,4.30,1.60,3.20,3.70,4.30,3.40,3.80,5.60,4.80,3.30,4.60,3.70,4.70,2.40,2.60,3.20,4.60,3.40,3.50,4.20,2.90,2.20,2.60,2.80,5.30,3.50,4.50,3.30,2.80,4.10,3.90,4.40,4.20,3.90,5.60,4
2008-12-05 19:10,7.70,8.05,6.21,6.19,3.88,7.65,7.75,8.30,3.87,8.43,5.64,5.16,2.86,5.12,4.76,4.23,4.48,0.02,3.40,5.84,2.46,3.70,6.90,,7.90,6.91,6.97,5.86,7.12,5.50,7.07,5.65,0.45,4.99,5.54,5.41,6.54,5.79,5.86,6.36,0.70,-0.32,1.56,6.65,6.80,7.63,6.70,6.93,5.94,6.59,4.86,8.26,8.22,8.52,6.85,7.20,7.21,6.60,7.37,8.48,5.53,6.90,4.72,1.11,5.48,,5.34,3.54,4,0.70,4.24,1.49,3.56,2.76,4.22,4.02,5.20,5.24,4.59,6.71,6.68,5.81,3.16,6.22,4.26,5.62,6.16,5.90,7.40,6.52,3.25,5.30,6.20,6.30,8.10,8.57,4,5.20,4.80,4.12,0.88,5.61,-0.16,3.47,1.64,3.21,3.01,2.90,3.72,1.66,2.84,4.68,3.20,2.58,3.48,3.73,3,2.98,4.39,,5.40,3.22,5.23,4.89,2.31,4.08,4.20,3.92,3.83,4.90,4.10,,5.80,-3.20,8.50,7.80,7.50,,,,,,,5.60,8,,3.50,8.50,5.40,7.91,,,,,,,,3.70,3.80,5.60,4.90,3.40,,,,,2.60,,4.60,3.40,3.50,4.20,2.90,,,2.80,,,4.30,,,4.20,3.90,4.30,4.20,3.90,5.60,
2008-12-05 19:20,7.70,8.02,6.19,6.24,3.78,7.40,7.52,8.30,3.80,8.39,5.59,5.18,2.88,5.13,4.69,4.12,4.33,-0.06,3.80,5.75,2.35,3.69,6.74,,8.01,6.76,6.93,5.83,7.18,5.80,7.31,4.68,0.84,4.28,5.33,5.14,6.75,5.79,5.79,6.60,0.80,-0.24,1.45,6.61,6.60,7.68,6.80,7.01,6.07,6.63,4.95,8.29,8.12,8.42,6.93,7.25,7.28,6.70,7.41,8.69,5.58,6.90,4.81,1.24,5.65,,5.49,3.35,4,0.86,4.46,1.62,3.63,3.38,3.85,3.94,5.10,5.36,4.63,6.32,6.80,5.75,3.36,6.47,4.17,5.77,6.26,6.10,7.28,6.58,3.39,5.46,6.29,6.50,8.13,8.75,3.76,5.24,4.72,3.76,0.92,5.72,-0.02,3.23,1.70,3.20,2.90,3.10,3.86,1.75,2.63,4.44,3.29,2.58,3.72,3.48,3,2.84,4.35,,5.40,3.24,5.34,4.60,2.13,4.07,4.20,3.73,3.94,4.90,4.10,,6.20,-3.20,8.30,7.70,7.60,,,,,,,5.70,8.10,,3.30,8.70,5.40,8.03,,,,,,,,3.80,4,5.60,4.90,3.60,,,,,2.50,,4.60,3.40,3.50,4.40,3,,,2.80,,,4.20,,,4.10,3.80,4.20,4,3.90,5.50,
2008-12-05 19:30,7.70,8.06,6.25,6.26,3.94,7.39,7.48,8.30,3.76,8.24,5.57,5.09,3.12,5.20,4.68,3.86,4.36,0.03,3.90,5.97,2.11,3.30,6.65,,7.95,6.72,6.91,5.82,7.42,5.90,7.31,4.24,1.18,3.96,5.34,5.35,6.72,5.59,5.59,6.51,0.80,-0.15,1.45,6.72,6.60,7.76,7.10,7.24,5.98,6.72,5.19,8.31,8.25,8.49,6.96,7.39,7.28,6.90,7.31,8.73,5.69,7,4.89,1.34,5.77,,5.38,3.53,3.90,0.88,5.19,1.78,3.76,3.31,3.63,3.75,5.20,5.20,4.74,5.99,7.29,5.73,3.36,6.44,4.25,5.80,6.45,6.10,7.30,6.53,3.29,5.55,6.52,6.80,8.42,8.62,3.76,4.84,4.62,3.52,1.15,5.87,-0.10,3.34,1.83,2.84,2.80,3,4.42,2.11,2.56,4.22,3.31,2.50,3.72,3.56,3,2.72,4.19,,5.20,3.06,5.39,4.43,2.01,4.12,4.20,3.68,4.03,4.95,4.20,,5.90,-3.20,8.70,7.80,7.60,,,,,,,5.70,8.20,,3.40,8.60,5.40,8.04,,,,,,,,3.90,4,5.50,4.90,3.70,,,,,2.70,,4.50,3.50,3.50,4.50,3.10,,,2.90,,,4,,,4.10,3.80,4.10,3.90,4.10,5.60,
2008-12-05 19:40,7.70,8.01,6.27,6.50,4,7.29,7.47,8.20,3.61,8.15,5.56,5.08,3.11,5.09,4.51,3.96,4.79,0,4,5.93,1.91,3.05,6.77,,8.06,6.88,6.79,5.76,7.39,5.90,7.31,4.23,0.97,3.74,5.29,5.38,6.51,5.38,5.35,6.58,0.70,0.01,1.54,6.79,6.70,7.60,7.10,7.26,5.91,6.69,5.37,8.41,8.29,8.41,6.96,7.58,7.41,6.90,7.47,8.75,5.69,7.10,5.05,1.40,5.86,,5.30,3.35,3.80,0.79,5.32,1.89,4.05,3.20,3.13,3.99,5.80,5.46,4.61,6,7.45,5.73,3.41,6.49,4.28,5.69,6.32,6.20,7.21,6.54,3.40,5.76,6.59,7,8.60,8.73,3.82,4.85,4.73,3.31,1.06,5.84,0.02,3.38,1.96,2.54,2.81,2.90,4.35,2.43,2.62,3.87,3.33,2.46,3.84,3.62,3,2.70,3.89,,5.10,3.09,5.46,4.12,2.17,4.01,4.20,3.73,4.19,4.94,4.30,,5.80,-3.10,8.80,7.90,7.70,,,,,,,5.80,8,,3.50,8.80,5.50,7.96,,,,,,,,4,3.90,5.60,4.80,3.80,,,,,2.70,,4.50,3.40,3.40,4.40,3.20,,,2.80,,,3.90,,,4.10,3.80,4,3.90,4.10,5.70,
2008-12-05 19:50,7.60,8.07,6.32,6.55,3.99,7.13,7.75,8.20,3.53,8.15,5.48,5.35,3.24,4.98,4.37,3.91,4.54,0.08,3.90,5.83,1.69,2.96,6.82,,8.24,6.96,6.92,5.76,7.16,6,7.24,4.07,0.81,3.90,5.22,5.31,6.61,5.40,5.11,6.47,0.80,-0.09,1.36,6.75,6.60,7.77,7.20,7.30,6.29,6.70,5.66,8.43,8.41,8.59,6.96,7.66,7.62,7,7.70,8.79,5.86,7.40,5.30,1.52,5.97,,5.40,3.40,3.80,0.64,5.28,1.97,4.14,3.23,2.89,4.81,5.90,5.45,4.48,6.27,7.46,5.88,3.61,6.35,4.22,5.73,6.29,6.10,7.25,6.26,3.59,5.90,6.76,7.20,8.56,9.02,3.93,4.89,5.04,3.07,1.40,5.82,0.05,3.58,2.04,2.21,2.65,3.20,4.26,2.42,2.56,3.65,3.30,2.55,4.02,3.57,3.10,2.65,3.66,,5,3.03,5.40,3.76,2.11,3.90,4.20,3.99,4.01,4.95,4.30,,5.70,-3.10,8.90,7.90,7.90,,,,,,,5.90,7.80,,3.70,8.70,5.70,7.81,,,,,,,,4,3.90,5.50,4.70,3.80,,,,,2.50,,4.50,3.40,3.30,4.40,,,,2.70,,,3.60,,,4,3.90,4,3.90,4.10,5.60,
2008-12-05 20:00,7.60,8.09,6.39,6.57,4.08,7.20,7.34,8.10,3.52,8.08,5.36,5.14,3.32,5.06,4.36,3.66,4.41,-0.04,3.90,5.56,1.80,2.89,6.67,,8.29,6.51,6.93,5.76,7.45,5.70,7.19,4.15,0.81,4.47,5.19,5.40,6.74,5.58,5.07,6.51,0.60,-0.20,1.30,6.82,6.40,7.83,7.30,7.30,6.64,6.80,5.77,8.39,8.32,8.54,7.16,7.67,7.74,7,7.81,9.02,5.95,7.40,5.36,1.63,6.15,,5.48,3.52,3.70,0.63,4.79,2.13,3.92,3.18,2.61,4.21,5.80,5.65,4.76,6.01,7.37,5.90,3.59,6.42,4.19,5.68,6.08,6.10,7.30,6.09,3.60,5.76,6.93,7.40,8.77,9.03,4.04,5.19,5.57,2.88,1.49,5.50,-0.08,3.83,1.97,2.11,2.48,3.30,4.69,2.28,2.60,3.68,3.31,2.48,3.85,3.66,3.20,2.58,3.60,,5,3.11,5.18,3.68,2.43,3.73,4.20,3.95,4.09,4.86,4.40,7,5.60,-3.10,9,8.10,8,8.50,7.40,-3.10,3.90,6.20,6.60,6,7.80,4.80,3.60,8.60,5.80,8.20,4.20,3.70,3.90,1.60,3.10,3.30,4.20,4,4.20,5.60,4.70,3.50,4.50,3.60,2.90,2.30,2.40,3.50,4.40,3.30,3.20,4.40,3.50,,2.80,2.30,4.80,,3.30,,2.40,3.90,4,3.70,3.90,4.10,5.60,4.50
2008-12-05 20:10,7.60,8.08,6.23,6.63,4.05,7.33,7.84,8,3.50,8.01,5.31,5.29,3.17,5.15,4.31,3.59,4.38,0.16,3.90,5.57,1.77,2.84,6.52,,8.24,6.45,7.01,5.84,7.97,5.30,7.19,5.71,0.89,4.85,5.22,5.53,6.63,5.60,4.79,6.71,0.60,-0.33,1.23,6.95,6.30,8.08,7.40,7.42,6.94,6.85,5.87,8.28,8.31,8.62,7.28,7.93,7.81,7.10,7.99,9.07,6.13,7.50,5.38,1.53,6.41,,5.36,3.76,3.50,0.34,4.61,1.89,3.73,3.04,2.17,3.63,5.80,5.73,4.80,5.83,7.73,5.80,3.57,6.33,4.32,5.60,5.89,6,7.18,6.21,3.69,5.53,6.78,7.50,8.65,8.91,4.09,5.09,5.20,2.60,1.83,5.84,-0.54,3.78,2.05,2.17,2.42,3.40,5.13,2.29,2.53,3.49,3.38,2.40,3.67,3.70,3.20,2.37,3.55,,4.90,3.01,4.83,3.38,2.36,3.61,4.10,3.95,3.94,4.80,4.50,,5.50,-3.20,8.60,8.10,8.10,,,,,,,6.20,7.70,,3.60,8.50,5.80,7.94,,,,,,,,4.10,4.40,5.70,4.70,3.50,,,,,2.10,,4.50,3.20,3.20,4.50,3.50,,,2.20,,,3,,,3.80,3.90,3.70,3.90,4.10,5.60,
2008-12-05 20:20,7.60,8.24,6.11,6.67,4,7.40,8,7.90,3.45,8.08,5.36,5.24,3.09,4.92,4.25,3.56,4.10,-0.05,3.80,5.48,1.69,2.66,6.50,,8.08,6.52,7.04,5.80,8.02,5.40,7.21,7.53,0.83,4.99,5.29,5.61,6.77,5.76,4.73,6.83,0.50,-0.43,0.91,7,6.40,8.19,7.50,7.61,7.15,6.92,6.10,8.53,8.33,8.80,7.37,7.97,7.89,7.20,7.91,9.30,6.13,7.40,5.51,1.62,6.32,,5.50,3.81,3.40,0.25,4.81,1.87,3.61,3.10,1.96,3.87,5.70,5.56,4.62,6.05,7.79,5.90,3.75,6.32,4.78,5.78,5.74,6,7.36,5.98,3.80,5.37,6.77,7.50,8.67,8.99,4.01,4.48,5.23,2.07,1.88,6.06,-0.57,3.79,1.95,2.23,2.30,3.40,5.37,2.48,2.58,3.56,3.44,2.54,3.50,3.67,3.20,2.13,3.53,,4.70,2.75,4.69,3.29,2.34,3.61,4.10,3.91,4.02,4.87,4.50,,5.50,-3.20,8.90,8.10,8.10,,,,,,,6.20,7.50,,3.70,8.60,6,8.02,,,,,,,,4.20,4.40,5.70,4.60,3.50,,,,,1.90,,4.40,3,3.10,4.60,,,,2.20,,,2.70,,,3.70,3.90,3.70,3.90,4.10,5.50,
2008-12-05 20:30,7.60,8.14,6.06,6.53,3.92,7.23,7.99,7.80,3.37,8.05,5.28,5.20,3.17,4.98,4.01,3.54,4.32,-0.11,3.70,5,2,3.10,6.34,,8.39,6.58,7.16,5.84,8.05,6.20,7.28,7.78,0.77,5.10,5.36,5.51,6.64,5.73,4.83,6.78,0.40,-0.47,0.63,6.78,6.20,8.26,7.50,7.72,6.90,7,6.33,8.70,8.32,8.91,7.42,8.17,7.95,7.30,8.13,9.40,6.05,7.40,5.49,1.54,6.26,,5.36,3.94,3.30,0.22,5.23,1.74,3.59,3.64,1.95,4.32,5.50,5.12,5.04,5.88,7.67,6.10,3.95,6.16,5.13,5.74,5.83,5.90,7.47,5.89,3.66,5.37,6.80,7.70,8.66,9.13,4.08,4.27,4.81,1.49,1.95,5.85,-0.70,3.55,2.11,2.22,2.18,3.40,5.48,2.69,2.54,3.36,3.42,2.59,3.36,3.63,3.10,2,3.34,,4.40,2.83,4.78,3.19,2.43,3.61,4,3.96,4.16,4.90,4.50,,5.70,-3.20,9.10,8.20,8.40,,,,,,,6.20,7.50,,3.80,8.80,6.40,8.23,,,,,,,,4,4.40,5.80,4.60,3.40,,,,,1.90,,4.40,2.70,3.20,4.70,3.60,,,2.20,,,2.70,,,3.70,3.80,3.80,3.90,4.10,5.30,
2008-12-05 20:40,7.50,8.06,6.06,6.50,3.58,7.11,7.84,7.70,3.45,8.08,5.12,5.23,3.18,4.81,3.97,3.47,4.43,-0.11,3.60,5.06,2.03,2.76,6.23,,8.58,6.60,7.26,5.83,8.03,6.50,7.52,8.14,0.66,5.17,5.45,5.60,6.61,5.55,4.84,6.79,0.50,-0.29,0.55,6.71,6.10,8.21,7.80,7.81,7.42,6.88,6.17,8.56,8.33,8.96,7.47,8.29,7.97,7.40,8.24,9.30,6.17,7.30,5.47,1.56,6.21,,5.26,3.93,3.40,0.18,5.47,1.73,3.75,3.88,2.06,4.52,5.60,5.21,5.14,5.78,7.58,6,3.95,5.86,5.18,5.81,5.86,5.90,7.47,5.75,3.65,5.44,6.81,7.70,8.48,9.14,4.07,4.03,4.93,1.84,2.25,5.26,-0.75,3.33,2.14,1.90,2,3.60,5.61,2.58,2.42,3.16,3.48,2.64,3.48,3.61,3.10,1.91,3.22,,4.20,2.95,4.42,2.84,2.41,3.59,4,3.98,4.18,4.78,4.60,,5.80,-3.20,9.20,8.40,8.50,,,,,,,6.20,7.50,,3.90,8.80,6.50,8.53,,,,,,,,4,4.30,5.80,4.50,3.20,,,,,1.90,,4.60,2.40,3.20,5,3.60,,,2.30,,,2.70,,,3.70,3.80,3.60,3.90,4.20,5.10,
2008-12-05 20:50,7.40,8.05,5.77,6.34,3.57,7.15,7.78,7.80,3.51,8.12,5.18,5.33,3.22,4.98,3.98,3.34,4.33,-0.09,3.60,4.87,2.01,3.04,6.12,,8.70,6.75,7.38,5.89,7.91,6.70,7.81,8.04,0.67,5.19,5.54,5.26,6.56,5.44,4.51,7.28,0.50,-0.16,0.47,6.41,5.70,8.33,7.60,7.93,7.48,6.79,5.97,8.53,8.47,9.10,7.76,8.43,8.11,7.40,8.29,9.28,6.23,7.30,5.48,1.64,6.29,,5.32,3.91,3.30,0.22,5.69,1.47,3.41,3.79,1.86,4.60,5.80,5.45,5.36,5.72,7.77,5.80,4.05,5.57,5.09,5.87,5.85,5.90,7.44,5.81,3.69,5.38,6.84,7.70,8.73,9.13,4.13,3.87,5.30,2.67,2.30,5.22,-0.73,3.38,2.18,1.82,2.09,3.80,5.15,2.60,2.45,3.39,3.51,2.69,3.70,3.58,3.10,1.73,3.05,,4,3.06,4.07,2.56,2.43,3.69,4,3.95,4.12,4.80,4.60,,5.90,-3.20,9.10,8.40,8.60,,,,,,,6.30,7.50,,3.90,8.90,6.40,8.55,,,,,,,,3.90,4.30,5.90,4.60,3.10,,,,,1.70,,4.70,2,3.30,5,3.60,,,2.50,,,2.60,,,3.60,3.80,3.60,3.90,4.10,5.10,
2008-12-05 21:00,7.20,7.80,5.66,5.98,3.32,7.07,7.68,7.90,3.50,8.01,5.03,5.31,3.14,5.31,3.98,3.21,4.27,-0.30,3.60,4.77,2.06,2.69,5.95,,8.81,7.08,7.48,5.97,7.95,6.60,7.98,7.97,0.58,5.21,5.31,5.30,6.56,5.40,4.27,7.09,0.50,-0.09,0.81,6.44,5.20,8.38,7.60,8,7.42,6.78,5.98,8.45,8.75,9.36,7.87,8.44,8.43,7.30,8.31,9.22,6.32,7.20,5.63,1.71,6.18,,5.27,3.89,3.40,0.24,5.57,1.37,3.47,3.56,1.94,4.69,5.20,5.44,5.38,5.69,7.82,5.70,4.46,5.57,5.23,5.88,5.87,5.90,7.55,6.10,3.75,5.39,6.79,7.80,8.74,9.24,4.26,4.14,5.49,2.48,1.79,5.36,-1.02,3.82,2.01,1.71,2.24,4.10,5.06,2.71,2.35,3.48,3.54,2.67,3.79,3.62,3.10,1.54,2.89,,3.80,2.70,3.76,2.47,2.55,3.82,4,3.91,4.15,4.70,4.60,7,6,-3.10,9.10,8.60,8.80,8,6.50,-3,3.80,5.60,6.60,6.40,7.60,6.20,4.10,8.90,6.60,9,4.10,3.50,2.50,1.60,3.20,3.10,3.60,4.10,4.40,6.20,4.50,3,2.80,3.80,2.70,2.30,1.80,3.90,4.60,1.90,3.30,4.70,3.60,2.40,2.40,2.20,4.20,2.70,2.50,3,2.60,3.60,3.60,3.30,3.90,4.10,5,4.70
2008-12-05 21:10,7,7.61,5.47,5.88,3.40,6.88,7.88,7.90,3.48,8.11,5.10,5.32,3.10,5.09,3.92,3.31,4.47,-0.20,3.60,4.75,1.94,3.20,5.66,,8.82,6.93,7.23,5.91,7.90,6.60,7.93,8.14,0.48,5.20,5.12,5.20,6.72,5.44,4.05,7.22,0.40,-0.25,0.84,6.63,5.20,8.19,7.60,7.91,7.59,6.76,6.23,8.59,9.02,9.50,7.88,8.44,8.44,7.30,8.39,9.18,6.29,7.20,5.72,1.75,6.14,,5.52,3.83,3.50,0.50,5.42,1.41,3.47,3.21,2.43,4.35,4.70,5.30,5.40,5.84,7.52,5.70,4.65,5.46,5.55,5.98,5.92,6,7.68,6.51,3.80,5.39,6.88,7.80,8.82,9.42,4.78,4.25,5.86,2.38,1.40,5.67,-1.05,3.94,1.93,1.79,2.46,4.30,5.19,2.77,2.41,3.48,3.54,2.68,3.79,3.61,3.10,1.50,2.77,,3.40,2.63,3.69,1.91,2.56,3.92,4,3.94,4.12,4.66,4.60,,6.10,-3.10,9.10,8.60,8.90,,,,,,,6.30,7.30,,4.10,9,6.60,8.74,,,,,,,,4.10,4.60,6.10,4.60,3,,,,,1.50,,4.60,2,3.30,4.70,3.60,,,2.20,,,2.20,,,3.50,3.50,3.30,3.90,4.10,5.10,
2008-12-05 21:20,6.80,7.58,5.35,5.82,3.40,6.86,7.81,7.70,3.53,8.21,5.18,5.16,3.11,4.90,3.98,3.28,4.23,-0.18,3.60,4.51,1.97,2.95,5.71,,8.72,6.81,7.23,5.74,8.04,6.60,8.08,8.18,0.51,5.23,5.16,5.25,6.73,5.57,3.84,7.36,0.50,-0.25,1.07,6.65,5.10,7.89,7.60,7.77,7.74,6.84,6.36,8.89,9.01,9.49,8.09,8.39,8.32,7.40,8.50,9.21,6.47,7.30,5.77,1.85,6.19,,5.25,3.63,3.50,0.41,5.49,1.38,3.52,3.04,2.79,4.11,4,5.66,5.50,5.93,7.40,5.70,4.76,5.27,5.94,5.92,5.93,5.70,7.64,6.54,3.82,5.40,7.16,8.10,8.76,9.40,5.28,3.99,6.42,2.60,1.59,5.62,-1.08,3.82,1.86,1.86,2.60,4.40,5.30,2.96,2.29,3.61,3.59,2.50,3.76,3.63,3.20,1.51,2.68,,3.10,2.91,3.65,1.27,2.39,3.92,3.80,3.92,4.13,4.74,4.60,,6,-3.10,9,8.60,9,,,,,,,6,6.60,,4.30,9.10,6.60,8.82,,,,,,,,3.50,4.80,6.10,4.40,3,,,,,1.80,,4.70,1.80,3.30,4.60,3.70,,,2,,,2.30,,,3.50,3.40,3,3.80,4.10,5,
2008-12-05 21:30,6.60,7.50,5.35,5.77,3.30,6.76,7.96,7.50,3.48,8.13,5.10,5.03,3.03,5.22,3.90,3.34,4.34,-0.21,3.60,4.27,2.15,3,5.93,,8.84,6.73,7.26,5.64,8.12,6.60,8.20,8.09,0.60,5.14,5.18,5.37,6.52,5.60,3.90,7.29,0.50,-0.01,1.01,6.45,4.80,8.30,7.50,7.72,7.74,6.82,6.34,8.99,9.06,9.50,8.32,8.47,8.45,7.50,8.57,9.42,6.66,7.30,5.89,1.97,6.36,,5.20,3.67,3.50,0.38,5.46,1.30,3.35,3.20,2.42,4.41,3.50,6.04,5.40,5.58,7.46,5.70,4.74,5.08,6.04,5.87,5.97,5.50,7.59,6.22,3.74,5.32,7.13,8.20,8.53,9.50,5.41,4.18,6.62,3.01,1.68,5.71,-1.07,3.79,1.69,2.02,2.70,4.50,5.15,3.26,2.16,3.62,3.56,2.33,3.78,3.60,3.20,1.58,2.44,,3.10,3.20,3.57,1.24,2.40,3.81,3.80,3.90,4.39,4.51,4.60,,6.30,-3.10,9.10,8.50,9,,,,,,,5.70,6.10,,4.60,9.20,6.70,8.58,,,,,,,,3.60,5,6.10,4.50,3,,,,,1.80,,4.60,1.90,3.30,4.50,3.70,,,2,,,2.40,,,3.40,3.10,2.90,3.80,4.10,4.90,
2008-12-05 21:40,6.60,7.28,5.26,5.67,3.20,6.63,7.91,7.40,3.30,7.83,5.09,5.11,3.08,5.32,3.73,3.28,4.78,-0.19,3.60,4.45,2.34,2.96,5.43,,8.69,6.87,7.19,5.76,8.13,6.70,8.36,8.05,0.70,5.09,5.23,5.40,6.61,5.53,3.86,7.33,0.60,0.04,1.10,6.16,4.70,8.48,7.60,7.67,7.78,6.87,6.29,9.37,9,9.51,8.40,8.67,8.52,7.50,8.73,9.45,6.68,7.40,6.04,2.11,6.52,,5.15,3.66,3.40,0.30,5,1.23,3.30,3.24,2.25,4.44,3.50,5.80,5.30,5.43,7.42,5.90,4.75,5.10,6.28,5.73,5.90,5.40,7.51,6.10,3.76,5.34,6.94,8.20,8.81,9.54,5.38,4.23,6.28,3.15,1.75,5.64,-0.99,3.76,1.48,2.23,2.65,4.40,5.08,3.50,2.23,3.37,3.65,2.48,3.69,3.43,3.20,1.42,2.24,,2.90,3.16,3.61,1.69,2.61,3.67,3.70,3.91,4.30,4.50,4.60,,6.20,-3,9.20,8.40,9,,,,,,,5.60,5.80,,4.70,9.30,6.90,8.64,,,,,,,,3.60,4.90,6.10,4.90,2.80,,,,,1.70,,4.70,2,3.30,4.60,3.70,,,1.90,,,2.60,,,3.40,3,2.80,3.70,4.10,4.70,
2008-12-05 21:50,6.60,7.32,5.12,5.64,3.20,6.52,7.87,7.30,3.19,,5,5.02,3.21,5.17,3.57,3.28,4.60,0.01,3.60,4.60,2.20,2.84,4.87,,8.62,6.67,7.25,5.75,8.12,6.70,8.53,8.22,0.73,4.96,5.37,5.34,6.95,5.53,4.12,7.24,0.60,0.09,0.85,5.93,4.70,8.76,7.60,7.82,7.93,6.79,6.43,9.45,8.94,9.67,8.49,8.65,8.56,7.40,8.62,9.48,6.85,7.80,6.11,2.13,6.64,,5.08,3.70,3.40,0.44,4.77,1.26,2.71,3.18,2.16,4.93,3.20,5.54,5.20,5.37,7.18,5.90,4.78,5.13,6.34,5.57,5.84,5.30,7.32,5.96,3.90,5.38,6.78,8.30,9.08,9.61,5.24,4.70,5.94,2.93,1.68,5.92,-1.05,3.76,1.49,1.98,2.61,4.40,5.27,3.58,2.30,3.57,3.73,2.37,3.58,3.36,3.30,1.35,2.09,,2.90,3.03,3.61,1.51,2.48,3.69,3.50,3.97,3.94,4.32,4.60,,6.10,-3,9.20,8.60,9.10,,,,,,,5.60,5.80,,4.90,9.40,6.90,8.82,,,,,,,,3.60,5,5.90,5.30,2.50,,,,,1.50,,4.60,1.90,3.30,4.70,3.70,,,1.90,,,2.20,,,3.40,2.90,2.60,,4.20,4.40,
2008-12-05 22:00,6.50,7.37,5.05,5.68,3.10,6.38,7.73,7.40,2.94,7.93,4.90,4.98,3.30,5.36,3.62,3.18,4.60,-0.03,3.60,4.07,2.01,3.23,4.83,,8.72,6.67,7.28,5.84,8.26,6.60,8.42,8,0.62,5.01,5.34,5.26,6.84,5.57,4.11,7.29,0.70,0.10,1.20,6.12,4.70,8.67,7.60,7.79,7.91,6.81,6.74,9.57,9.28,9.88,8.57,8.59,8.48,7.50,8.52,9.71,6.97,7.90,6.18,2.06,6.83,,5.15,3.86,3.30,0.37,5.36,1.15,2.74,3.19,2.02,5,3.20,5.69,5.10,5.28,6.75,5.90,4.81,4.97,6.14,5.31,5.94,5.10,7.55,6,4.05,5.49,6.69,8.40,9.31,9.62,5.26,4.97,6.06,2.67,1.99,5.91,-1.40,4.03,1.52,1.93,2.68,4.30,6.33,3.49,2.32,3.57,3.69,2.55,3.41,3.43,3.20,1.53,1.88,,2.80,3.08,3.50,0.65,2.38,3.61,3.40,3.99,4.29,4.25,4.60,7.50,6.40,-3,9.20,8.60,9.20,7.70,3.40,-3,2.20,5.10,6.70,5.50,5.70,5.70,5.10,9.40,6.70,9.40,4.50,3.70,1,1.40,3.20,3.20,3.50,3.60,5,6,5.30,2.70,2,3.10,2.20,2.20,1.80,4,4.30,1.90,3.40,4.70,3.60,2.40,2.70,2,3.60,2.50,2.10,3.40,2.80,3.40,2.70,2.40,3.70,4.20,4.10,4.60
2008-12-05 22:10,6.50,7.36,5.20,5.64,3.20,6.49,7.66,7.40,2.92,7.88,4.78,5.02,3.22,5.50,3.69,3.11,4.51,-0.01,3.50,4.02,2.18,3.53,4.79,,8.63,6.71,7.40,5.90,8.45,6.70,8.22,8,0.44,5.04,5.27,5.42,6.85,5.67,4.01,7.32,0.50,0.02,1.14,6.30,4.60,8.30,7.60,7.90,8,6.87,6.52,9.60,9.68,9.95,8.60,8.79,8.61,7.40,8.45,9.92,6.89,7.80,6.15,2.21,6.81,,4.94,3.87,3.10,0.40,5.23,1.21,2.90,3.13,2.23,4.60,3.30,5.85,4.90,5.26,6.23,5.90,4.73,5.03,6,5.44,5.95,5,7.64,5.68,3.95,5.52,6.57,8.50,9.12,9.66,5.33,5.50,6.21,3.04,3,5.79,-1.34,4.07,1.59,2.14,2.65,4.30,6.55,3.49,2.40,3.46,3.75,2.70,3.10,3.53,3.20,1.55,1.86,,2.70,3.25,3.34,0.83,2.21,3.48,3.30,3.95,4.05,4.11,4.50,,6,-3,9.60,8.60,9.10,,,,,,,5.40,5.60,,5.10,9.40,6.60,9.15,,,,,,,,3.50,4.90,6.10,5.30,2.70,,,,,1.80,,4.20,1.80,3.40,4.70,3.60,,,2,,,2.30,,,3.30,2.40,2.40,3.70,4.20,4,
2008-12-05 22:20,6.40,7.33,5.33,5.61,3.10,7.03,7.54,7.50,2.86,8.29,4.69,5.08,2.81,5.58,3.62,3.14,4.14,-0.10,3.50,4.37,2.01,3.06,4.12,,8.54,6.62,7.19,5.91,8.53,6.70,8.33,8.08,0.48,5.07,5.40,5.70,6.79,5.82,4.12,7.39,0.60,0.05,0.86,6.58,4.60,8.88,7.70,7.96,7.78,6.90,6.65,9.73,10.03,9.96,8.65,8.90,8.59,7.40,8.41,9.79,6.99,7.80,6.10,2.18,6.88,,4.96,3.79,3.20,0.29,4.97,1.19,3.39,2.98,2.53,4.63,3.20,5.34,4.80,5.55,5.94,5.70,4.72,4.90,5.69,5.49,5.89,5,7.40,5.37,3.99,5.47,6.44,8.60,9.22,9.59,5.49,6.35,6.14,3.38,3.19,5.39,-1.31,3.96,1.60,2.46,2.67,4.30,6.41,3.63,2.40,3.33,3.67,2.76,3.13,3.55,3.10,1.61,1.95,,2.20,3.48,3.23,1.30,2.17,3.42,3.20,3.88,4.11,3.80,4.40,,6.20,-3,9.40,8.60,9.20,,,,,,,5.40,5.50,,5.10,9.50,6.40,9.24,,,,,,,,3.40,4.90,6.20,5.30,2.40,,,,,1.80,,4.20,1.70,3.30,4.80,3.60,,,1.90,,,2.10,,,3.30,2.40,2.30,3.90,4.30,4.10,
2008-12-05 22:30,6.40,7.26,5.23,5.55,3.10,6.89,7.49,7.50,2.83,8.24,4.79,5.03,2.46,5.27,3.57,3.17,4.01,-0.09,3.40,4.67,1.98,3.39,3.69,,8.62,6.63,7.01,5.91,8.67,6.80,8.40,8.24,0.35,5.05,5.52,5.93,6.81,5.93,4.47,7.41,0.70,0,0.53,7.06,4.40,8.83,7.70,7.96,7.98,6.94,6.66,9.89,10.06,9.90,8.72,8.89,8.51,7.30,8.33,9.69,7.06,7.80,6.19,2.42,6.84,,4.94,3.73,3,0.23,4.89,1.21,2.93,2.75,2.43,4.67,2.80,5.27,4.65,5.74,5.83,5.80,4.70,4.88,5.53,5.70,5.89,5,7.43,5.33,4.04,5.50,6.35,8.60,9.21,9.71,5.53,6.47,6.21,3.33,3.23,5.20,-1.31,3.69,1.96,2.58,2.64,4.40,6.16,3.81,2.44,3.21,3.59,2.72,3.21,3.54,3.10,1.61,1.97,,1.70,3.46,3.23,1.33,2.22,3.50,3.20,3.89,4.08,3.58,4.10,,5.90,-2.90,9.50,8.90,9.20,,,,,,,5.30,5.60,,5.10,9.50,6.30,9.32,,,,,,,,3.30,4.80,6.10,5.30,2.30,,,,,1.70,,4.10,1.80,3.30,4.50,3.40,,,1.80,,,2.30,,,3.30,2.50,2.20,4,4.30,3.70,
2008-12-05 22:40,6.40,7.20,5.37,5.44,3.10,6.75,7.28,7.40,2.88,7.86,4.85,5.04,2.60,5.62,3.51,3.21,4.08,-0.12,3.40,4.40,2.09,3.33,3.48,,8.41,6.64,6.85,5.81,8.86,6.80,8.52,8.09,0.36,5.20,5.61,5.79,6.94,6.10,4.52,7.48,0.80,0.02,0.57,7.47,4.40,8.87,7.70,7.92,7.71,6.98,6.46,10.06,10.17,9.81,8.83,8.81,8.41,7.30,8.26,9.73,6.99,7.80,6.19,2.36,6.80,,4.91,3.65,2.60,0.14,4.63,1.05,3.61,2.57,2.51,4.69,2.70,5.20,4.68,5.40,5.74,5.80,4.54,4.86,5.37,5.73,5.86,4.90,7.31,5.40,4.17,5.39,6.32,8.50,9.15,9.78,5.84,6.48,6.42,3.38,3.41,5.21,-1.24,3.62,1.90,2.54,2.57,4.50,6,3.86,2.61,3.06,3.65,2.57,3.09,3.46,3,1.48,1.94,,1.70,3.24,3.25,1.15,2.15,3.53,3.10,3.93,4.11,3.60,3.90,,5.90,-2.90,9.50,8.90,9.10,,,,,,,5.40,5.60,,5.10,9.70,6.30,9.23,,,,,,,,3.10,4.80,6.10,5.40,2.10,,,,,1.60,,4.20,1.90,3.30,4.40,3.40,,,1.90,,,2.30,,,3.20,2.50,2.10,3.70,4.30,3.60,
2008-12-05 22:50,6.30,7.26,5.25,5.30,3.10,6.65,7.27,7.30,3.03,8.14,5,5.04,2.59,5.50,3.52,3.18,4.22,-0.14,3.10,4.64,2.26,3.31,3.26,,8.26,6.59,7.10,5.83,9.12,6.90,8.51,8.09,0.40,5.17,5.58,5.76,6.88,6.14,4.37,7.45,0.60,0.07,0.56,7.74,4.40,8.96,7.70,7.89,7.79,6.93,6.57,10.11,10.24,9.77,8.84,8.74,8.30,7.30,8.25,9.64,7.14,7.80,6.09,2.33,6.76,,4.86,3.57,2.50,0.17,4.53,1.10,4.44,2.35,2.60,4.61,2.70,4.95,4.94,5.33,5.73,5.70,4.50,4.77,5.28,5.97,5.78,4.70,7.39,5.73,4.15,5.36,6.33,8.40,9.08,9.74,5.78,6.79,6.72,3.48,3.53,4.99,-1.30,3.43,2.22,3,2.59,4.60,5.94,3.86,2.66,2.94,3.67,2.40,2.92,3.51,2.80,1.21,1.88,,1.80,3.26,3.17,1.45,2,3.30,3.20,3.93,4.11,3.61,3.90,,6.30,-2.90,9.70,8.80,9.10,,,,,,,5.40,5.70,,5.20,9.60,6.20,9.41,,,,,,,,3.30,4.70,5.90,5.30,2.10,,,,,1.60,,4.40,1.70,3.40,4.30,3.40,,,2.10,,,2.40,,,3.20,2.30,2,3.60,4.30,3.60,
2008-12-05 23:00,6.30,7.20,5.20,5.21,3.10,6.64,7.19,7.20,3.02,8.33,5.02,4.89,2.21,5.51,3.79,3.30,4.15,0.03,3.10,4.60,2.26,3.25,2.92,,9.01,6.79,7.37,6.02,9.34,6.90,8.49,8.03,0.49,5.17,5.66,5.83,6.87,6.10,4.26,7.38,0.70,0.12,0.33,7.80,4.70,9.01,7.70,7.87,7.92,6.94,6.59,10.20,10.31,9.78,8.90,8.75,8.22,7.30,8.28,9.69,7.11,7.90,6.04,2.32,6.70,,4.69,3.45,2.20,0.09,4.32,1.07,4.54,2.02,2.63,4.44,2.60,4.78,4.88,5.34,5.79,5.70,4.46,4.52,5.18,6.01,5.69,4.70,7.46,5.98,4.20,5.22,6.45,8.40,9.03,9.86,5.71,6.88,6.97,3.13,3.49,5.45,-1.29,3.21,2.18,3.41,2.60,4.50,5.96,3.84,2.74,2.99,3.57,2.36,2.45,3.45,2.80,0.92,1.78,,1.90,3.40,2.97,1.39,2.03,3.18,3.10,3.91,4.02,3.40,3.70,6.60,6.30,-2.80,9.50,8.80,9,8.90,0.90,-3.30,1.40,5.20,5.80,5.30,5.70,4.80,5.10,9.70,6.40,9.80,5.60,3.40,-0.20,1.90,2.70,2.70,4.40,3.40,4.70,5.70,5.10,2.30,3.90,3.40,3.30,1.40,1.70,3.90,4.30,1.50,3.30,3.70,3.50,2.30,2.60,2,3.10,,2.50,3.60,2.90,3.20,2.30,2,3.70,4.40,3.50,3.90
2008-12-05 23:10,6.30,7.10,5.16,5.18,3.23,6.79,7.20,7.10,3.03,8.06,5.03,4.82,2.61,5.41,3.82,3.32,4.10,-0.04,3,4.24,2.39,3.58,2.73,,8.73,6.69,7.17,6.14,9.48,6.90,8.33,8.10,0.34,5.12,5.59,5.90,6.89,6.13,4.08,7.42,0.70,0.17,0.28,7.79,4.40,8.88,7.70,7.97,8.07,6.88,6.66,10.16,10.29,9.81,8.99,8.76,8.28,7.30,8.13,9.49,7.11,7.90,5.92,2.26,6.60,,4.35,3.52,2.10,0.19,4.38,0.90,4.36,1.64,2.60,4.10,2.60,4.27,4.90,5.59,5.85,5.70,4.47,4.48,5.14,5.91,5.42,4.70,7.55,5.84,4.34,5.13,6.47,8.30,9.14,9.91,5.66,6.83,6.80,3.25,3.61,5.89,-1.18,2.97,1.78,3.61,2.57,4.60,5.97,3.84,2.76,3.08,3.58,2.35,2.37,3.31,2.80,0.79,1.74,,1.90,3.46,2.95,1.86,2.06,2.85,3.10,3.86,4,3.33,3.70,,6.50,-2.70,9.30,8.80,8.90,,,,,,,5.40,5.70,,5.10,9.80,6.30,9.52,,,,,,,,3.40,4.80,5.60,4.80,2.30,,,,,1.70,,4.30,1.40,3.30,3.70,3.50,,,2,,,2.50,,,3.20,2,2,3.70,4.40,3.30,
2008-12-05 23:20,6.20,7.18,5.04,5.17,3.20,6.93,7.18,6.80,3.18,7.48,4.82,4.90,2.86,5.52,3.84,3.19,4.15,-0.11,2.90,4.12,2.08,3.46,2.50,,8.92,6.76,7.03,6.22,9.37,6.90,8.35,7.94,0.41,5.16,5.64,5.89,6.72,6.17,4.08,7.37,0.70,0.18,0.46,7.76,4.40,8.99,7.70,8.06,8.08,6.90,6.51,10.10,10.27,9.66,8.97,8.64,8.32,7.40,8.10,9.49,7.01,7.90,5.96,2.33,6.63,,4.67,3.48,2.40,0.29,4.29,0.69,4.29,1.39,2.61,4.60,2.70,4.25,4.90,5.28,5.90,5.70,4.38,4.52,5.11,5.91,5.27,4.70,7.57,5.50,4.34,5.07,6.53,8.40,9.29,9.91,5.55,7.08,6.08,3.82,3.78,6.33,-1.24,2.60,1.72,3.74,2.78,4.60,5.85,3.87,2.73,3.05,3.41,2.30,2.06,3.11,2.90,0.89,1.58,,1.80,3.41,2.96,2.14,2.16,2.60,3,3.80,3.95,3.23,3.60,,6.20,-2.70,9.30,8.80,9,,,,,,,5.40,5.80,,5.10,9.80,6.60,9.52,,,,,,,,3.30,5,5.60,4.90,2.60,,,,,1.70,,4.20,1.60,3.10,3.40,3.50,,,1.90,,,2.60,,,3.20,2.30,2.10,3.70,4.50,3.20,
2008-12-05 23:30,6.20,7.14,4.98,5.14,3.05,6.84,6.99,6.50,2.91,7.26,4.88,4.96,2.48,5.73,3.96,3.10,4.12,-0.12,2.80,4.24,2.47,3.56,2.25,,9.18,6.89,6.65,6.29,9.23,7,8.31,7.80,0.56,5.17,5.66,6.08,6.62,6.36,4.12,7.45,0.70,0.06,0.71,7.69,4.30,8.82,7.80,8.04,8.03,6.90,6.55,9.99,10.20,9.81,8.86,8.55,8.34,7.30,8.17,9.42,6.98,7.80,6.02,2.31,6.64,,4.83,3.57,2.50,0.23,4.59,0.51,4.33,1.09,2.82,4.42,2.90,4.31,4.90,5.67,5.99,5.70,4.32,4.53,5.12,5.97,5.16,4.60,7.63,5.60,4.36,4.96,6.61,8.40,9.48,10.06,5.49,7.19,5.97,4.18,3.70,7.07,-1.31,2.22,1.45,3.69,2.93,4.60,5.51,3.93,2.72,3.03,3.28,1.77,1.78,2.92,2.90,0.75,1.44,,1.20,3.40,2.89,2.24,2.12,2.52,2.90,3.71,3.86,3.08,3.40,,6.40,-2.70,9.10,8.90,8.90,,,,,,,5.40,5.70,,5.20,9.90,6.80,9.72,,,,,,,,3.40,5,5.60,5.10,2.90,,,,,1.80,,4.20,1.90,3,3.50,,,,2,,,2.80,,,3.20,2.70,2.20,3.90,4.50,3,
2008-12-05 23:40,6.20,7.06,4.91,5.07,3.11,6.79,6.88,6,2.73,7.55,4.82,4.96,2.62,5.70,3.92,2.95,3.90,-0.04,2.70,4.43,2.67,3.46,2.28,,9.14,6.45,5.54,6.26,9.07,7.10,8.31,7.86,0.62,5.25,5.80,6.15,6.65,6.54,4.08,7.84,0.60,0.14,0.49,7.97,4.20,8.92,7.80,8.02,8.26,6.87,6.59,9.93,10.10,9.68,8.90,8.57,8.33,7.30,8.23,9.46,7.04,8,5.99,2.29,6.71,,4.81,3.41,2.50,0.25,4.52,0.47,4.29,0.88,2.73,4.34,3.10,4.34,4.80,5.49,6.01,5.70,4.36,4.46,5.08,5.83,4.94,4.50,7.67,5.90,4.31,4.90,6.70,8.30,9.46,10.22,5.42,7.32,6,4.46,3.73,7.82,-1.25,2.25,1.71,3.50,2.81,4.60,5.37,4.02,2.80,3.03,3.17,1.76,1.72,2.72,2.90,0.74,1.32,,1.50,3.39,2.84,1.91,2.16,2.46,2.90,3.72,3.92,3.22,3.10,,6.30,-2.70,9.40,8.90,9,,,,,,,5.40,5.70,,5.20,9.80,6.50,9.88,,,,,,,,3.50,5,5.50,5,3,,,,,1.80,,4.20,1.90,3.10,3.50,3.50,,,1.90,,,2.80,,,3.20,2.60,2.20,3.90,4.50,3.20,
2008-12-05 23:50,6.10,7,4.93,5.03,3.14,6.85,6.59,5.80,2.77,7.32,4.83,5.01,2.50,5.36,3.88,2.87,4.36,-0.01,2.60,4.60,2.75,3.54,2.16,,8.73,6.14,5.82,6.25,9,7.20,8.44,7.73,0.85,4.93,6.10,6.22,6.74,6.43,4.06,7.84,0.70,0.24,0.51,7.93,4.10,9.05,7.70,8.16,8.29,7.03,6.77,9.84,10.11,9.66,8.75,8.73,8.30,7.40,8.17,9.25,6.93,7.80,5.92,2.33,6.58,,4.64,3.43,2.50,0.28,4.56,0.66,4.12,0.78,2.60,4.90,3,4.40,4.80,5.63,5.96,5.70,4.37,4.40,5.10,5.71,4.78,4.50,7.72,6.02,4.33,4.86,6.86,8.10,9.26,10.31,5.44,7.22,6,4.56,3.77,8.37,-1.46,1.91,1.87,3.40,2.69,4.70,5.29,4.14,2.87,2.93,2.93,1.77,1.76,2.31,2.90,0.45,1.31,,1.60,3.42,2.81,2.39,2.09,2.59,2.90,3.64,3.97,3.23,2.90,,6.70,-2.60,9.50,8.80,9,,,,,,,5.40,5.60,,5.20,9.90,6.40,9.95,,,,,,,,3.40,4.90,5.40,4.90,3.20,,,,,1.90,,4.30,2.30,3.30,3.50,3.50,,,2,,,2.90,,,3.30,2.50,2.30,4,4.50,3.20,
2008-12-06 00:00,6.10,6.80,4.97,5.05,3.25,6.95,6.63,5.70,2.60,7.24,4.89,4.91,2.14,5.16,3.76,2.88,4.48,0.01,2.60,4.91,2.51,3.23,2.27,,8.82,6.33,5.69,6.37,8.88,7.30,8.50,7.85,0.91,4.91,6.35,6.21,7.16,6.55,3.84,8.10,0.70,0.23,0.49,8.03,4.20,9.08,7.80,8.06,8.09,7.05,6.66,9.65,10.08,9.81,8.78,8.70,8.28,7.40,8.07,9.31,6.82,7.90,6.01,2.29,6.46,,4.51,3.40,2.60,0.24,4.58,0.69,4.08,0.63,2.50,4.74,2.90,4.52,4.80,5.61,5.92,5.70,4.33,4.40,5.11,5.75,4.72,4.40,7.86,5.84,4.34,4.74,6.96,8.40,9.16,10.24,5.36,6.97,5.95,4.67,3.85,9.08,-1.24,2.83,1.55,3.43,2.69,4.70,5.22,4.06,2.87,2.94,2.96,1.38,1.58,2.10,2.80,-0.02,1.33,,1.70,3.22,2.77,2.17,2.05,2.45,3.10,3.62,4.03,2.98,2.80,5.30,6.60,-2.50,9.40,8.70,8.90,,1.30,-3.40,1.80,5.50,5.80,5.40,5.60,5,5.20,9.90,6.50,10.30,5.80,2.60,-0.40,1,1.10,2.60,4.30,3.50,5,5.40,4.80,3.40,4,3.20,2.70,1.50,2,3.90,4.40,2.50,3.30,3.60,3.40,2,2.50,1.90,2.90,3.10,3.10,3.50,3.10,3.30,2.60,2.40,3.80,4.50,3.20,2.40
2008-12-06 00:10,6.10,6.81,4.87,5.05,3.24,6.98,6.50,5.60,2.50,6.99,4.89,4.71,1.85,5.10,3.80,2.81,3.67,-0.08,2.60,5.11,2.28,3.26,2.35,,8.82,6.35,5.98,6.36,8.97,7.40,8.53,8.40,1.05,4.87,6.32,6.36,7.03,6.67,4.07,8.14,0.60,0.08,0.36,8.32,4.10,9.22,7.80,8.09,7.78,7.02,6.81,9.80,10.23,9.87,8.81,8.65,8.40,7.40,8.03,9.22,6.75,7.80,6.05,2.21,6.48,,4.35,3.54,2.50,0.35,4.74,0.73,4.16,0.52,2.78,4.91,3,4.50,4.90,5.54,5.88,5.82,4.47,4.36,5.39,5.61,4.66,4.50,7.85,5.46,4.36,4.70,6.94,8.50,9.32,10.22,5.38,6.77,5.84,4.93,3.97,9.43,-1.13,2.70,1.47,3.22,2.34,4.80,5.15,4.03,2.92,2.89,3.05,1.23,1.65,1.90,2.80,0.23,1.21,,1.80,3.11,2.80,2.41,2.06,2.52,3.10,3.54,3.95,2.89,2.70,,6,-2.40,9.10,8.80,9,,,,,,,5.40,5.50,,5.20,9.90,6.50,9.86,,,,,,,,3.60,5,5.30,5,3.50,,,,,2.10,,4.50,2.70,3.30,3.60,3.40,,,1.90,,,3.10,,,3.30,2.40,2.40,3.80,4.50,3,
2008-12-06 00:20,6.10,6.72,4.68,5.13,3.22,6.90,6.37,5.70,2.51,6.87,4.71,4.60,1.75,4.80,3.76,2.78,3.14,-0.05,2.50,4.94,2.23,2.83,2.48,,8.93,6.53,6.02,6.49,9.12,7.30,8.75,8.63,1.10,5,6.40,6.56,7.34,6.73,4.59,8.26,0.50,0.12,0.55,8.40,4,9.33,7.80,8.16,8.29,7.06,7.23,9.95,10.30,9.86,8.83,8.57,8.39,7.50,8.14,9.14,6.73,7.70,6.01,2.22,6.57,,4.10,3.42,2.60,0.40,4.64,0.66,4.17,0.71,2.74,5.01,2.90,4.80,5,5.49,5.82,5.83,4.50,4.31,5.28,5.38,4.61,4.70,7.74,5.52,4.27,4.66,6.98,8.50,9.52,10.10,5.47,6.72,5.87,4.97,4.50,9.50,-1.01,2.65,1.48,2.85,2.26,4.70,5.16,4.15,2.95,2.91,3.15,1.17,1.53,1.74,2.80,0.27,1.01,,1.80,3.18,2.77,2.55,2.04,2.62,3.20,3.63,3.91,2.88,2.50,,6,-2.50,9.40,9.10,9,,,,,,,5.50,5.50,,5.10,9.90,6.60,9.84,,,,,,,,3.70,5,5.40,5,3.60,,,,,2.20,,4.70,2.60,3.30,3.60,3.40,,,1.90,,,3.10,,,3.20,2.30,2.40,3.60,4.40,3,
2008-12-06 00:30,6.10,6.57,4.71,5.05,3.18,6.80,6.33,5.80,2.42,6.66,4.65,4.71,1.65,4.84,3.73,2.76,2.80,0.02,2.50,4.73,2.37,3.13,2.63,,9.38,6.66,6.12,6.39,9.17,7,8.95,8.61,1.13,5.40,6.54,6.65,7.57,6.79,4.74,8.26,0.50,0.03,0.41,8.39,4,9.28,7.80,8.16,8.27,7.20,7.40,9.90,10.25,9.86,8.86,8.46,8.25,7.50,8.14,9.08,6.78,7.60,5.98,2.29,6.47,,3.95,3.24,2.60,0.28,4.67,0.75,4.26,0.53,2.50,5.07,3,5.30,5.10,5.54,5.85,5.85,4.51,4.33,5.29,5.38,4.50,4.70,7.69,5.76,4.41,4.64,7.10,8.20,9.33,10.12,5.51,6.77,5.91,5,4.90,9.70,-0.98,2.83,1.50,2.67,2.30,4.70,5.02,4.07,2.98,2.95,3.27,0.94,1.25,1.88,2.70,0.22,1.06,,1.90,3.31,2.81,2.47,1.95,2.63,3.30,3.64,3.99,2.65,2.50,,6,-2.60,9.40,9.40,8.90,,,,,,,5.40,5.50,,5,9.90,6.70,9.69,,,,,,,,3.80,5.10,5.40,5.30,3.60,,,,,2.20,,4.70,2.80,3.20,3.50,3.40,,,2,,,3.20,,,3.20,2.10,2.30,3.70,4.40,2.80,
2008-12-06 00:40,6.10,6.39,4.62,5.02,3.17,6.47,6.22,6,2.34,6.41,4.49,4.65,1.71,4.89,3.67,2.58,2.77,-0.05,2.50,4.59,2.90,3.07,2.62,,9.34,6.48,6.18,6.42,9.14,7.50,8.91,8.59,1.23,5.33,6.46,6.64,7.54,6.73,4.36,8.02,0.50,-0.08,0.28,8.26,4.10,9.17,7.90,8.17,8.09,7.18,7.41,10.14,10.31,9.81,8.73,8.49,8.24,7.60,8.36,9.13,6.75,7.40,5.94,2.37,6.49,,3.51,3.33,2.60,0.31,4.67,0.61,4.34,0.50,2.49,5.17,2.80,5.70,5.30,5.63,5.83,5.86,4.54,4.41,5.24,5.31,4.54,4.60,7.30,5.83,4.55,4.63,6.74,8.50,9.41,10.04,5.42,6.79,6.05,4.92,5.07,9.67,-1.14,2.61,1.59,2.44,2.06,4.70,4.99,4.15,3.10,2.90,3.25,0.86,1.24,1.84,2.70,-0.04,1.14,,1.90,3.37,2.84,2.49,1.83,2.58,3.40,3.70,3.99,2.55,2.40,,6,-2.60,9.70,9.20,9.10,,,,,,,5.40,5.50,,5,9.90,6.70,9.57,,,,,,,,3.70,5.10,5.40,6.10,3.90,,,,,2.40,,4.70,2.90,3.20,3.40,3.40,,,2.10,,,3.20,,,3.20,2.10,2.20,3.60,4.30,2.70,
2008-12-06 00:50,6,6.77,4.59,5.03,3.25,6.31,6.03,5.80,2.27,6.28,4.38,4.65,1.60,5.20,3.68,2.60,2.63,0.07,2.50,4.53,2.66,3.11,2.54,,9.30,6.52,6.03,6.38,9.26,7.50,8.96,8.51,1.26,4.80,6.39,6.55,7.68,6.68,4.29,7.76,0.50,-0.08,0.28,8.09,4.20,9.33,7.90,8.14,8.09,7.16,7.50,10.23,10.21,9.90,8.64,8.53,8.29,7.60,8.33,9.07,6.79,7.30,5.90,2.33,6.42,,2.91,3.59,2.40,0.29,4.37,0.71,3.95,0.47,2.38,5.25,3.20,5.92,5.30,5.73,5.81,5.60,4.52,4.33,5.24,5.23,4.54,4.80,7.34,5.69,4.59,4.58,6.68,8.30,9.55,10.19,5.52,6.75,7.29,4.93,5.06,9.63,-0.80,2.61,1.63,2.31,1.92,4.60,5.10,4.18,3.12,2.92,3.37,0.77,1.23,1.77,2.50,-0.14,1.10,,1.90,3.49,2.91,2.62,1.91,2.40,3.40,3.81,3.85,2.60,2.20,,5.50,-2.70,10,9.30,9.20,,,,,,,5.30,5.50,,5,10.10,6.60,9.53,,,,,,,,3.60,5,5.40,6.20,4,,,,,2.40,,4.70,3,3.20,3.50,3.40,,,2.30,,,3.20,,,3,2,2.10,3.60,4.30,2.90,
2008-12-06 01:00,6,6.71,4.56,5.06,3.39,6.05,5.78,5.50,2.22,6.17,4.28,4.59,1.54,5.06,3.54,2.62,2.56,0.04,2.40,4.60,2.16,2.80,2.53,,9.01,6.52,5.81,6.44,9.20,7.40,8.89,8.83,1.08,4.50,6.31,6.41,7.77,6.71,4.01,7.79,0.40,-0.02,0.20,7.97,4.10,9.38,8,8.16,8.06,7.10,7.68,10.06,10.19,10.07,8.68,8.49,8.37,7.70,8.33,9.09,6.77,7.30,5.96,2.26,6.33,,3.39,3.55,2.70,0.45,4.16,0.84,3.73,0.28,2.12,5.53,3.60,5.95,5.30,5.73,5.81,5.50,4.43,4.26,5.19,5.26,4.57,4.70,7.08,5.62,4.63,4.56,6.28,8.20,9.41,10.14,5.47,6.79,6.85,5.01,4.81,9.56,-0.44,2.80,1.50,1.98,1.86,4.50,5.19,4.16,3.24,2.99,3.28,0.61,1.21,1.68,2.50,-0.31,1.12,,1.90,3.53,3.04,2.81,1.95,2.33,3.50,3.99,3.87,2.44,2.20,5,4.90,-2.70,10.20,9.50,9.30,9.50,0.60,-3.40,1.20,5.30,5.80,5.30,5.50,5.10,4.90,10.10,6.30,10.20,,2.60,-0.50,0.40,0.80,2.40,5.20,3.60,5.10,5.40,6.20,4.40,3.60,3.70,3,1.60,2.50,4.30,4.80,3.10,3.20,3.60,3.50,1.70,2.50,2.40,3.10,3.20,3.20,,3.20,2.90,2,2,3.80,4.20,2.90,3.10
2008-12-06 01:10,6,6.45,4.53,4.99,3.30,6.11,5.55,5.50,2.31,6.06,4.36,4.44,1.53,4.57,3.40,2.64,2.60,0.12,2.40,4.03,2.30,2.86,2.52,,8.84,6.64,5.78,6.46,9.36,7.30,8.71,8.88,1.03,4.42,6.26,6.29,7.74,6.61,4.34,7.83,0.40,0.11,0.25,7.97,4,9.48,8,8.10,7.93,7.11,7.51,9.99,9.92,10.16,8.70,8.55,8.34,7.70,8.39,8.92,6.93,7.30,5.89,2.35,6.49,,4.11,3.64,2.60,0.41,3.99,0.99,3.78,0.41,1.86,4.94,3.50,6.05,5.34,5.92,5.76,5.50,4.53,4.21,5.11,5.38,4.53,4.60,6.92,5.71,4.66,4.65,5.99,8.30,9.30,10.23,5.52,6.89,6.54,5.19,4.48,9.57,-0.56,2.72,1.44,1.18,1.98,4.40,5.24,4.21,3.22,3.01,3.22,0.37,1.10,1.41,2.40,-0.11,1.18,,1.70,3.53,3.16,2.73,1.88,2.38,3.60,3.86,4.19,2.34,2.30,,5.10,-2.80,10,9.50,9.20,,,,,,,5.30,5.60,,4.90,,6.30,9.60,,,,,,,,3.80,5.10,5.30,6.20,4.40,,,,,2.50,,4.80,3.30,3.20,3.60,,,,2.40,,,3.20,,,2.90,2,2,3.80,4.10,3,
2008-12-06 01:20,6,6.31,4.48,5.01,3.40,6.20,5.50,5.50,2.22,5.98,4.40,4.48,1.62,4.42,3.28,2.38,2.53,-0.04,2.50,2.85,2,2.77,2.42,,8.49,6.80,5.65,6.25,9.34,7.30,8.66,8.74,0.95,4.29,5.45,6.30,7.76,6.59,4.18,7.93,0.50,0.14,0.26,7.95,3.90,9.48,8,8.18,7.70,7.18,7.22,10.17,9.91,10.22,8.59,8.62,8.33,7.60,8.38,9.09,6.84,7.30,5.83,2.30,6.56,,4.34,3.72,2.60,0.50,4.12,1.12,3.95,0.39,1.69,5.09,3.40,5.79,5.17,6.24,5.73,5.40,4.60,4.15,5.17,5.25,4.51,4.60,6.68,5.68,4.62,4.72,5.92,8.50,9.44,10.34,5.65,7.01,6.69,5.35,4.42,9.61,-0.73,2.67,1.59,0.70,2.13,4.40,5.21,4.30,3.28,3.05,3.44,0.07,1.10,1.09,2.10,-0.10,1.12,,1.70,3.54,3.17,2.67,1.68,2.31,3.50,3.90,4.03,2.19,2.40,,4.60,-2.80,10,9.40,9.30,,,,,,,5.30,5.60,,4.90,9.90,6.80,9.90,,,,,,,,4,5.10,5.20,6.30,4.60,,,,,2.40,,4.80,3.40,3.20,3.50,3.50,,,2.40,,,3.30,,,2.80,1.90,1.90,4,4.10,3,
2008-12-06 01:30,6,6.22,4.51,5,3.40,6.06,5.65,5.60,2.18,5.95,4.23,4.39,1.65,4.47,3.23,2.29,2.64,-0.09,2.50,2.84,1.59,2.43,2.50,,8.29,6.42,5.45,6.39,9.20,7.30,8.72,8.92,0.99,4.11,4.91,6.36,7.68,6.59,3.94,7.69,0.40,0.07,0.47,7.85,3.60,9.49,7.80,8.21,7.64,7.15,7.24,10.07,10.09,10.35,8.59,8.57,8.32,7.70,8.38,9.11,6.74,7.30,5.78,2.27,6.53,,4.22,3.72,2.40,0.29,4.01,1.22,3.98,0.36,1.77,4.87,3.40,5.79,5.20,6.20,5.68,5.50,4.65,4.27,5.13,5.14,4.50,4.60,6.64,5.64,4.78,4.79,6.02,8.90,9.70,10.33,5.76,7.04,7.09,5.40,4.49,9.80,-0.71,2.58,1.61,0.62,2.23,4.50,5.16,4.33,3.21,3.07,3.42,-0.16,1.07,1.17,1.90,-0.40,1.10,,1.90,3.53,3.14,3.10,1.70,2.19,3.50,3.83,4.11,2.25,2.40,,4.50,-2.90,9.90,9.40,9.10,,,,,,,5.30,5.60,,4.90,9.90,7.20,9.90,,,,,,,,4.20,5.10,5.20,6.10,4.70,,,,,2.20,,4.80,3.60,3.10,3.50,3.50,,,2.40,,,3.30,,,2.80,1.60,1.80,4.20,4,3.10,
2008-12-06 01:40,5.90,6.15,4.45,4.90,3.20,5.98,5.72,5.50,2.20,5.65,4.13,4.41,1.74,4.59,3.17,2.41,2.54,-0.11,2.50,2.96,1.33,2.18,2.58,,8.06,6.47,5.56,6.59,9.30,7.20,8.63,8.76,1.07,3.90,4.52,6.30,7.69,6.63,3.73,7.62,0.40,0.05,0.44,7.89,3.50,9.32,7.80,8.09,7.86,7.14,7.15,10.12,10.21,10.40,8.49,8.71,8.36,7.70,8.33,9.02,6.75,7.30,5.78,2.36,6.55,,4.02,3.71,2.90,0.40,3.93,1.25,3.66,0.35,1.75,4.85,3.40,5.78,5,6.08,5.65,5.40,4.74,4.31,5.18,5.08,4.42,4.60,6.73,5.50,4.84,4.89,6.10,9.10,10.16,10.33,5.88,7.34,7.79,5.43,4.44,9.75,-0.73,2.35,1.49,0.60,2.36,4.60,4.98,4.47,3.24,2.95,3.55,-0.42,0.87,0.94,1.50,-0.53,1.08,,2,3.47,3.14,3.13,1.89,2.11,3.60,3.83,3.85,2.03,2.50,,4.20,-2.90,9.90,9.40,9.20,,,,,,,5.30,5.60,,4.90,9.90,7.40,9.96,,,,,,,,4.20,5,5.10,5.80,4.80,,,,,2,,4.90,3.70,3.10,3.50,3.50,,,2.20,,,3.40,,,2.80,1.40,1.50,4.20,4,3.10,
2008-12-06 01:50,6,6.25,4.44,4.89,3.10,5.88,5.72,5.50,2.02,5.69,4.07,4.40,1.80,4.48,3.18,2.35,2.73,-0.18,2.40,2.54,1.26,2.19,2.59,,7.66,6.59,5.47,6.60,9.29,7,8.55,8.79,1.10,3.90,4.09,6.47,7.53,6.60,3.71,7.58,0.50,0.03,0.49,7.96,3.40,9.22,7.70,8.03,7.96,7.18,7.13,10.07,10.21,10.38,8.56,8.67,8.38,7.70,8.28,9,6.85,7.30,5.87,2.39,6.49,,3.74,3.65,2.80,0.40,3.80,1.30,3.38,0.41,1.82,4.75,3.30,5.48,5.10,5.98,5.60,5.40,4.84,4.28,5.13,5.03,4.45,4.60,6.54,5.55,4.86,4.92,5.95,9.10,10.11,10.52,5.97,7.36,8.08,5.77,4.52,9.84,-0.77,2.29,1.70,0.72,2.47,4.70,5.12,4.58,3.30,2.99,3.52,-0.51,0.64,1,1.20,-0.39,1.05,,2.40,3.55,3.07,2.73,1.81,2.11,3.70,3.86,3.88,1.99,2.40,,4,-2.90,10.10,9.30,9.30,,,,,,,5.30,5.50,,4.90,9.80,7.60,10.04,,,,,,,,4.10,5,5.10,5.80,5,,,,,2.10,,4.90,3.70,3.10,3.40,3.50,,,2.20,,,3.40,,,2.80,1.30,1.40,4.30,3.90,3,
2008-12-06 02:00,5.90,6.24,4.43,4.88,2.90,5.58,5.86,5.40,2.09,5.61,3.65,4.34,1.74,4.42,3.10,2.40,2.85,-0.34,2.50,2.39,1.20,2.08,2.62,,7.20,6.49,5.46,6.48,9.25,6.80,8.62,8.84,1.05,3.86,3.88,6.32,7.66,6.56,3.85,7.73,0.50,0.08,0.62,8,3.30,9.14,7.70,7.98,7.48,7.11,7.12,10.28,10.31,10.26,8.46,8.52,8.48,7.60,8.40,9.01,6.75,7.30,5.84,2.41,6.53,,3.70,3.69,2.90,0.31,4.05,1.32,3.57,0.38,1.74,4.63,3.10,5.39,5.10,5.94,5.66,5.30,4.85,4.24,5.10,4.99,4.47,4.60,6.60,5.54,4.88,4.91,5.94,9.10,10.39,10.52,5.98,7.24,8.19,5.81,4.49,9.84,-0.84,2.56,1.73,0.73,2.65,4.70,5,4.67,3.33,3.03,3.53,-0.45,0.79,0.63,1.10,-0.58,1.10,,2.70,3.56,3.01,2.67,1.86,2.12,3.70,3.83,4.03,1.81,2.50,4.90,3.90,-2.90,9.90,9.20,9.40,,0.30,-3.40,1.10,5.30,5.50,5.30,5.50,4.70,4.90,9.90,7.60,10.40,5.80,2.40,-0.20,-0.30,0.60,2.80,5,4.10,4.90,5.10,5.90,5.20,2.30,3.80,2.30,1.20,1.90,4.50,4.80,3.70,3.20,3.50,3.50,1.90,2.50,2.20,3.10,3.40,3.50,3.50,3.10,2.90,1.30,1.20,4.30,3.80,3,2.80
2008-12-06 02:10,5.90,6.18,4.21,4.90,2.80,5.34,5.91,5.40,2.11,5.49,3.61,4.30,1.84,4.50,2.85,2.35,2.82,-0.46,2.40,2.23,1.26,2.67,2.78,,7.15,6.39,5.25,6.29,9.30,6.80,8.52,8.69,0.86,3.79,3.62,6.09,7.93,6.60,3.91,7.71,0.50,0.11,0.67,7.87,3.30,9.21,7.60,7.91,7.52,7.08,6.97,10.24,10.27,10.33,8.49,8.58,8.47,7.60,8.25,9.07,6.76,7.40,5.84,2.44,6.65,,3.88,3.68,2.60,0.39,3.81,1.28,4.24,0.44,1.72,4.35,2.90,5.44,5.30,5.73,5.64,5.53,4.94,4.18,5.12,5,4.48,4.70,6.82,5.44,4.91,5.02,5.92,9.30,10.05,10.46,6.18,7.16,8.42,5.76,4.60,9.84,-0.88,2.13,1.78,0.71,2.61,4.80,5.03,4.73,3.37,3.01,3.57,-0.57,0.62,0.54,1,-0.53,1.20,,2.80,3.54,3.10,2.89,1.79,2.01,3.80,3.77,4.10,1.84,2.50,,3.90,-2.90,9.80,9.30,9.30,,,,,,,5.30,5.50,,4.90,10,7.60,10.05,,,,,,,,4.30,5,5.20,5.90,5.20,,,,,2,,4.90,3.70,3.20,3.50,3.50,,,2.30,,,3.40,,,2.90,1.30,1.20,4.30,3.70,2.90,
2008-12-06 02:20,5.90,6.27,4.03,4.81,2.80,5.26,5.71,5.30,1.94,5.30,3.56,4.16,1.85,4.67,2.82,2.25,2.74,-0.45,2.40,2.18,1.23,3.03,2.75,,7.13,6.24,5.06,6.25,9.27,6.50,8.57,8.28,0.87,3.76,3.61,4.66,7.83,6.37,3.60,7.91,0.50,0.17,0.80,7.81,3.30,9.17,7.70,7.90,7.51,7.22,6.90,10.24,10.41,10.31,8.44,8.62,8.42,7.80,8.44,9.05,6.88,7.40,5.84,2.37,6.55,,4.02,3.69,2.50,0.53,3.63,1.24,4.62,0.48,1.76,4.27,2.90,5.30,5.10,5.57,5.55,5.52,5.08,4.25,5.02,5.06,4.46,4.70,6.74,5.40,5.03,4.86,5.95,9.40,10.01,10.37,6.14,7.18,8.81,5.89,4.88,9.80,-0.57,2.22,1.29,0.57,2.67,4.80,5.06,4.76,3.41,2.91,3.50,-0.46,0.48,0.53,0.80,-0.41,1.16,,2.70,3.51,3.09,2.91,1.82,2.02,3.90,3.73,3.90,1.75,2.50,,3.90,-2.90,9.80,9.30,9.10,,,,,,,5.30,5.50,,4.90,10,7.50,10.19,,,,,,,,4.30,5,5.20,5.90,5.10,,,,,2.20,,4.90,3.70,3.10,3.80,3.50,,,2.30,,,3.30,,,2.90,1.50,1.30,4.40,3.60,2.90,
2008-12-06 02:30,5.90,6.14,3.88,4.88,2.70,5.14,5.49,5.20,1.83,5.25,3.37,4.21,1.72,4.62,2.82,2.42,2.77,-0.67,2.40,2.17,1.55,2.95,2.65,,6.88,6.06,5.12,6.19,9.30,6,8.68,7.57,1,3.73,3.67,4.04,7.65,5.76,3.42,8.01,0.60,0.24,0.89,7.42,3.50,9.16,7.70,7.92,7.36,7.15,6.80,10.43,10.44,10.27,8.57,8.63,8.37,7.70,8.57,8.96,6.98,7.40,5.94,2.34,6.53,,3.92,3.86,2.70,0.33,3.30,1.16,4.80,0.51,1.95,4.45,2.80,5.43,5.20,5.49,5.64,5.30,5.12,4.27,5,5.07,4.40,4.70,6.58,5.48,5.01,5.01,6.06,9.30,10.26,10.28,6.17,7.41,9.11,6,5.25,9.85,-0.88,2.40,1.31,0.46,2.63,4.80,5.01,4.78,3.62,2.80,3.50,-0.19,0.50,0.43,0.80,-0.52,1.15,,2.70,3.27,3.18,2.91,1.97,2.04,3.90,3.65,3.71,1.75,2.60,,3.80,-2.90,9.70,9.20,9.20,,,,,,,5.20,5.50,,4.90,10,7.60,10.21,,,,,,,,4.40,5,5.20,6,5.20,,,,,2.30,,4.90,3.80,3.10,4.10,3.50,,,2.20,,,3.20,,,2.90,1.60,1.40,4.40,3.50,3,
2008-12-06 02:40,5.90,6.06,3.93,4.78,2.70,5.14,5.41,5.10,1.83,5.24,3.33,4.29,1.73,4.50,2.74,2.42,2.85,-0.49,2.30,2.06,1.38,2.82,2.67,,6.80,5.93,5.46,6,9.10,5.70,8.63,7.52,0.87,3.59,3.64,4.03,7.57,5.81,3.27,7.82,0.60,0.21,0.71,7.16,3.50,9.17,7.70,7.91,7.36,7.07,7,10.45,10.27,10.26,8.82,8.70,8.28,7.70,8.53,8.93,6.70,,5.97,2.34,6.51,,4.46,3.75,2.90,0.30,3.47,1.13,4.93,0.45,2.02,4.32,2.50,5.56,5.10,5.41,5.65,5.30,5.25,4.40,5,4.96,4.43,4.70,6.47,5.44,5,4.97,6.16,9.30,10.19,10.36,6.33,7.71,9.28,6.07,5.53,9.95,-0.64,2.08,1.59,0.21,2.59,4.70,5,4.74,3.55,2.82,3.45,0.34,0.42,0.38,0.60,-0.61,1.16,,2.70,3.35,3.16,2.91,1.96,2.22,3.90,3.56,3.69,1.66,2.60,,3.70,-2.90,9.90,9.20,9.30,,,,,,,5.20,5.40,,4.90,10,7.60,10.23,,,,,,,,4.20,5,5.10,6,5.20,,,,,2.50,,5,3.80,3.10,4.80,3.50,,,2.10,,,3.20,,,3,1.70,1.50,4.40,3.50,2.90,
2008-12-06 02:50,5.90,6.06,3.91,4.65,2.70,4.92,5.33,5.10,1.76,5.10,3.30,4.27,1.84,4.24,2.66,2.51,2.72,-0.54,2.30,2.10,1.20,2.88,2.72,,6.70,5.86,5.38,5.96,9.09,5.40,8.67,7.62,0.86,3.44,3.56,3.86,7.54,5.41,3.07,7.91,0.50,0.07,1.08,7.15,3.20,9.06,7.50,7.93,7.50,7.13,7.19,10.36,10.51,10.25,8.85,8.75,8.02,7.70,8.42,8.87,6.63,7.30,6.03,2.36,6.60,,4.71,3.86,2.90,0.20,3.54,1.14,4.97,0.24,1.91,4.71,2.60,5.61,5,5.45,5.59,5.30,5.23,4.51,4.95,4.86,4.39,4.70,6.27,5.44,5.09,4.95,6.06,9,10.29,10.32,6.49,7.82,9.42,6.18,6.32,9.99,-0.86,2.24,1.57,0.35,2.63,4.70,5,4.83,3.62,2.85,3.49,0.74,0.17,0.14,0.50,-0.62,1.06,,2.80,3.30,3.17,2.81,1.83,2.35,3.90,3.53,3.76,1.60,2.60,,3.40,-3,9.70,9.10,9.20,,,,,,,5.20,5.40,,4.80,9.80,7.70,10.10,,,,,,,,4.20,4.90,5.10,6.10,5.30,,,,,2.70,,5,3.90,3.20,5,3.50,,,2,,,3.10,,,3,1.80,1.60,4.50,3.40,2.90,
2008-12-06 03:00,5.80,6,3.76,4.63,2.70,4.87,5.38,5.10,1.72,5,3.43,4.38,1.82,4.04,2.66,2.56,2.76,-0.49,2.30,2.21,1.15,2.82,2.81,,6.48,5.76,5.46,5.69,8.88,5.20,8.48,7.79,0.84,3.40,3.43,3.80,7.51,5.08,2.94,7.81,0.50,0.08,0.67,7.07,3.10,9,7.40,7.97,7.62,7.12,7.30,10.50,10.34,10.34,8.72,8.61,8.09,7.60,8.31,8.73,6.79,7.20,5.93,2.27,6.56,,4.97,3.89,3,0.34,4.04,1.16,4.83,0.25,1.84,4.95,2.80,5.56,5.10,5.76,5.59,5.20,5.24,4.45,4.94,4.89,4.29,4.70,6.30,5.32,5.06,5.01,6.01,8.90,10.38,10.28,6.59,7.84,9.54,6.29,8.10,9.99,-0.89,2.27,1.54,0.22,2.61,4.70,4.97,4.89,3.69,2.78,3.45,0.69,-0.07,0.18,0.20,-0.39,1.07,,2.90,3.28,3.14,2.82,1.95,2.44,3.90,3.39,3.52,1.66,2.40,5.20,3.20,-3,9.70,9,9.20,10.50,-0.60,-3.30,1.10,5.20,5.60,5.10,5.40,4.70,4.70,9.60,7.60,10.30,5.70,2.20,0.20,-0.40,1.60,2.90,4.60,4.30,4.90,5.10,6.20,5.30,1.50,3.60,2.20,2,2.70,4.80,5,4.10,3.10,4.80,3.50,,2.60,2.10,2.30,3.70,3.10,3.40,3.20,3,1.90,1.80,4.40,3.40,2.90,2.70
2008-12-06 03:10,5.80,5.87,3.63,4.60,2.60,4.87,5.28,5.10,1.73,4.87,3.35,4.33,1.71,3.79,2.61,2.82,2.71,-0.45,2.40,2.10,1.14,2.65,2.89,,6.43,5.75,5.25,5.76,8.26,5.20,8.56,7.83,0.81,3.35,3.40,3.76,7.68,4.87,2.93,7.87,0.40,0.09,0.31,6.90,3,8.91,7.60,7.79,7.49,7.12,7.51,10.53,10.45,10.30,8.74,8.55,8.11,7.50,8.39,8.79,6.76,7.30,5.94,2.25,6.53,,5.02,4.05,2.90,0.24,4.45,1.39,4.65,0.15,1.83,4.62,2.80,5.43,5.07,5.57,5.55,5.30,5.32,4.54,4.84,4.96,4.35,4.70,6.22,5.31,5.13,4.96,6.12,8.90,10.32,10.21,6.70,7.83,9.58,6.48,9.63,9.94,-0.79,2.07,1.64,0.13,2.44,4.70,4.79,4.91,3.71,2.80,3.38,0.57,-0.34,0.19,-0.10,-0.69,1.11,,3,3.25,3.28,2.76,1.69,2.59,3.90,3.31,3.33,1.75,2.50,,3.10,-3,9.70,9.10,9.10,,,,,,,5.10,5.30,,4.70,9.10,7.60,9.81,,,,,,,,4.40,4.80,5.10,6.30,5.30,,,,,3,,5,4.20,3.10,4.80,3.50,,,2.10,,,3.20,,,2.90,2.10,1.80,4.40,3.30,2.90,
2008-12-06 03:20,5.80,5.80,3.59,4.61,2.60,4.97,5.21,5.10,1.73,4.79,3.30,4.19,1.65,3.87,2.52,2.74,2.68,-0.49,2.30,2.02,1.16,2.90,2.80,,6.34,5.70,5.16,5.55,7.83,5.10,8.68,7.49,0.86,3.14,3.38,3.58,7.63,4.59,3,7.85,0.40,0.02,0.27,6.90,2.80,8.99,7.60,7.81,7.34,7.13,7.38,10.53,10.42,10.26,8.90,8.53,8.19,7.50,8.40,8.76,6.79,7.40,5.92,2.36,6.62,,5.02,3.96,3,0.16,4.57,1.59,4.62,0.07,1.80,4.90,3,5.25,4.95,5.77,5.57,5.20,5.26,4.61,4.88,4.90,4.36,4.70,6.18,5.19,5.01,5.01,5.97,8.70,10.32,10.18,6.87,7.74,9.56,6.54,9.87,9.98,-0.87,2.20,1.62,0.06,2.12,4.70,4.82,4.87,3.70,2.86,3.33,0.72,-0.60,-0.08,-0.10,-0.60,1.02,,3,3.24,3.24,3.08,1.91,2.71,3.90,3.19,3.18,1.46,2.50,,3.10,-3,9.50,9.10,8.90,,,,,,,5.10,5.20,,4.70,8.60,7.60,9.94,,,,,,,,4.60,4.80,5,6.40,5.40,,,,,2.90,,5,4.40,3,4.80,3.40,,,2.30,,,3.20,,,2.90,2.20,2,4.40,3.20,2.90,
2008-12-06 03:30,5.80,5.70,3.57,4.63,2.60,5.06,5.20,5.10,1.76,4.85,3.23,4.16,1.51,3.93,2.52,2.83,2.74,-0.57,2.40,1.96,1.13,2.74,2.91,,6.12,5.66,5.10,5.29,7.59,4.90,8.66,7.03,0.74,3.23,3.33,3.54,7.52,4.48,3.02,7.78,0.40,0.01,0.32,7.04,2.80,9.01,7.60,8.04,6.91,7.08,7.53,10.36,10.27,10.25,8.88,8.38,8.12,7.50,8.36,8.78,6.91,7.40,5.85,2.38,6.56,,4.95,3.76,3,0.10,4.47,1.70,4.46,-0.13,1.81,4.90,3.20,5.12,4.81,5.67,5.47,5.30,5.06,4.67,4.73,4.90,4.50,4.70,6.08,4.98,5.06,5.04,6.03,8.70,10.08,9.96,6.91,7.76,9.57,6.45,9.95,9.98,-1.13,2.47,1.64,0.21,2.28,4.80,4.75,4.81,3.53,2.78,3.25,0.65,-0.67,-0.26,-0.10,-0.44,0.99,,3,3.21,3.29,2.72,1.93,2.79,3.90,3.06,2.97,1.59,2.40,,3,-3,9.40,9.10,8.90,,,,,,,5.10,5.20,,4.60,7.80,7.70,10.06,,,,,,,,4.50,4.70,5.10,6.30,5.40,,,,,2.70,,5,4.50,3,4.60,3.40,,,2.40,,,3.20,,,2.90,2.40,2.10,4.40,3.10,3,
2008-12-06 03:40,5.70,5.72,3.55,4.63,2.60,5.10,5.16,5,1.74,4.86,3.19,4.29,1.54,3.76,2.60,2.94,2.84,-0.51,2.40,2.15,1.09,2.65,2.90,,5.79,5.68,5.17,5.38,7.39,4.80,8.58,6.58,0.86,3.44,3.26,3.43,7.63,4.34,2.77,7.75,0.40,0.07,0.47,7.02,2.70,9.03,7.70,7.97,7.02,7.11,7.44,10.35,10.28,10.23,8.72,8.26,8.13,7.50,8.26,8.83,6.82,7.30,5.89,2.29,6.55,,4.96,3.85,3,0.22,4.50,1.62,4.64,-0.04,1.69,4.82,3,4.99,5.06,5.61,5.46,5.20,5.16,4.57,4.53,5.02,4.72,4.70,6.16,4.86,5.04,5.04,5.92,8.50,9.82,9.89,6.84,7.74,9.35,6.48,10.09,10.10,-1.02,2.65,1.84,0.26,2.26,4.80,4.67,4.82,3.51,2.78,3.40,0.62,-0.83,-0.43,-0.20,-0.44,1.07,,3.10,3.23,3.36,2.63,1.84,2.76,4,2.84,3.15,1.61,2.40,,2.90,-3,8.80,9,8.70,,,,,,,5.10,5.20,,4.50,7.50,7.70,10.14,,,,,,,,4.70,4.60,5.10,6.30,5.30,,,,,2.60,,5,4.70,2.90,4.30,3.40,,,2.30,,,3.10,,,2.90,2.40,2.10,4.40,3,2.90,
2008-12-06 03:50,5.60,5.77,3.53,4.66,2.60,5.10,5.14,5,1.76,4.66,3.20,4.04,1.56,3.62,2.52,2.98,2.88,-0.63,2.40,2.16,1.12,2.63,2.97,,5.62,5.64,5.26,5.45,7.15,4.60,8.56,6.30,0.86,3.18,3.21,3.55,7.14,4.18,2.60,7.69,0.40,0.08,0.43,7.03,2.60,8.97,7.70,7.93,6.92,7.09,7.50,10.24,10.25,10.20,8.67,8.15,8.30,7.50,8.23,8.84,6.65,7.20,5.89,2.36,6.54,,4.92,3.94,3,0.01,4.43,1.53,4.84,0.14,1.40,5.03,3,4.81,5.33,5.52,5.47,5.20,5.26,4.57,4.42,5.03,4.93,4.70,6.20,4.74,5.01,5.03,5.93,8.50,9.75,9.92,6.81,7.72,9.23,6.61,10.07,10.07,-0.99,2.61,1.93,0.46,2.38,4.80,4.68,4.80,3.53,2.76,3.41,0.62,-1.06,-0.55,0,-0.65,1.14,,3.10,3.30,3.42,2.76,1.88,2.72,3.90,2.68,2.96,1.35,2.50,,2.70,-3,8.70,9,8.60,,,,,,,5.10,5,,4.60,7.30,7.80,10.34,,,,,,,,4.70,4.50,5.10,6.40,5.30,,,,,2.50,,4.90,4.80,3.10,4.20,3.40,,,2.30,,,3.10,,,3,2.40,2.10,4.30,2.90,2.80,
2008-12-06 04:00,5.70,5.65,3.64,4.68,2.60,5.06,5.20,5,1.70,4.65,3.25,3.92,1.53,3.42,2.51,2.83,2.99,-0.63,2.50,2.04,1.01,2.24,2.98,,5.59,5.62,5.25,5.43,6.81,4.60,8.47,6.19,0.92,3.03,3.26,3.57,6.13,4.17,2.42,7.87,0.40,0.13,0.46,6.75,2.60,8.99,7.80,7.97,6.82,7.11,7.40,10.50,10.24,10.07,8.64,8.19,8.27,7.40,8.32,8.77,6.56,7.20,5.98,2.32,6.55,,4.92,3.93,3,0.09,4.36,1.71,4.79,0.34,1.52,5.36,3,4.56,5.57,5.23,5.48,5.10,5.27,4.63,4.25,4.96,4.92,4.70,6.27,4.93,4.94,4.93,5.88,8.40,9.46,9.99,6.67,7.65,9.09,6.47,10.12,10.03,-1,2.79,1.83,0.36,2.54,4.80,4.88,4.72,3.56,2.77,3.43,0.63,-1.02,-0.63,-0.20,-0.80,1.23,,3.10,3.45,3.25,2.84,1.81,2.65,3.90,2.42,2.96,1.25,2.60,4.90,2.70,-3,8.70,9.10,8.60,10,-0.10,-3.40,0.80,4.80,5.80,5,5,4.50,4.40,7.20,7.80,10.40,5.90,2.30,-0.70,-0.50,1.10,2.30,4.50,4.60,4.50,5.10,6.40,5.30,1.20,3.60,2.20,1.70,2.40,4.80,4.90,4.90,3,4,3.30,1.40,2.60,2.30,2.40,3.90,3.10,3.30,3.30,3.10,2.40,2.30,4.30,2.70,2.80,2.80
2008-12-06 04:10,5.60,5.61,3.55,4.68,2.50,4.98,5.26,4.90,1.70,4.49,3.26,4.30,1.53,3.45,2.46,2.72,2.96,-0.58,2.60,1.86,1.12,2.45,2.86,,5.67,5.47,4.95,5.58,6.65,4.60,8.63,6.19,0.83,3.06,3.12,3.45,5.60,3.92,2.44,7.97,0.40,0.19,0.67,6.68,2.50,8.99,7.80,7.97,6.89,7.12,7.22,10.40,10.12,10,8.53,8.12,8.16,7.40,7.94,8.65,6.73,7.30,5.94,2.42,6.46,,5.01,3.95,2.90,0.09,4.50,1.69,4.93,1.49,1.47,5.06,3.20,4.51,5.43,5.17,5.44,5.39,5.14,4.60,4.29,5.12,4.78,4.60,6.08,4.96,4.77,4.96,5.83,8.30,9.32,9.98,6.74,7.72,9.23,6.50,10.30,9.89,-0.84,2.42,1.53,0.22,2.81,4.80,4.92,4.78,3.73,2.77,3.41,0.58,-1.22,-0.71,-0.30,-0.84,1.21,,3.20,3.31,3.29,2.76,1.76,2.46,3.90,2,2.96,1.38,2.50,,2.50,-3,8.80,9,8.70,,,,,,,5.10,5.10,,4.40,7,7.80,10.07,,,,,,,,4.60,4.60,5.10,6.40,5.30,,,,,2.40,,4.90,5.10,3,3.90,,,,2.30,,,3.10,,,3.10,2.50,2.30,4.30,2.70,2.90,
2008-12-06 04:20,5.50,5.66,3.49,4.66,2.40,5.02,5.33,4.90,1.67,4.50,3.21,4.20,1.50,3.43,2.53,2.75,2.88,-0.68,3.30,1.83,1.21,2.28,2.79,,5.61,5.36,4.97,5.77,6.58,4.60,8.62,6.17,0.59,2.86,2.82,3.17,5.28,3.70,2.50,7.99,0.50,0.16,0.48,6.75,2.20,9.13,8,8,6.84,7.25,6.74,10.36,10.05,9.92,8.53,8.08,8.17,7.50,8.21,8.78,6.71,7.30,6.03,2.27,6.47,,5.04,3.65,2.90,0.03,4.54,1.82,4.96,2.63,1.32,4.60,3.10,4.55,5.41,5.09,5.43,5.34,5.21,4.54,4.93,5.02,4.88,4.50,6.02,4.81,4.72,4.93,5.74,8.10,9.24,9.92,6.80,7.78,9.29,6.75,10.33,9.71,-0.72,2.45,1.52,0.07,2.52,4.80,4.91,4.77,3.73,2.81,3.39,0.58,-1.08,-0.81,-0.30,-0.73,1.30,,3.30,3.42,3.26,2.69,1.74,2.27,3.90,1.97,2.88,1.40,2.50,,2.50,-2.90,8.60,9,8.70,,,,,,,5,5.20,,4.50,6.90,7.80,10.08,,,,,,,,4.60,4.60,5,6.50,5.30,,,,,2.30,,4.90,5.30,3.10,3.70,3.20,,,2.30,,,3.20,,,3.10,2.40,2.10,4.40,2.60,2.80,
2008-12-06 04:30,5.50,5.63,3.42,4.64,2.30,4.83,5.21,4.90,1.61,4.45,3.15,4.24,1.45,3.68,2.54,2.61,2.89,-0.52,3.50,1.88,1.38,2.14,2.76,,5.66,5.40,5.09,6.03,6.67,4.50,8.58,5.85,0.44,2.59,2.66,3.10,4.96,3.49,2.37,8.14,0.40,0.14,0.82,6.67,2.10,9.05,8,8.01,6.87,7.10,6.72,10.26,10.04,9.85,8.53,8.08,8.13,7.40,8.17,8.75,6.78,7.30,6.04,2.14,6.42,,5.14,3.49,2.90,-0.03,4.60,1.77,4.78,2.68,1.35,4.58,3.10,4.70,5.30,4.75,5.39,5.30,5.22,4.62,5.48,5.10,4.80,4.50,5.95,4.77,4.67,4.95,5.71,7.90,9.37,9.77,6.89,7.92,9.61,6.92,10.29,9.66,-0.72,2.40,1.82,0.21,2.73,4.80,4.96,4.73,3.74,2.86,3.40,0.67,-1.09,-0.96,-0.30,-0.53,1.43,,3.30,3.24,3.28,2.77,1.69,2.52,4.10,1.94,3,1.40,2.50,,2.50,-2.90,8.40,9,8.60,,,,,,,5,5.30,,4.40,6.80,7.80,10.08,,,,,,,,4.60,4.60,4.90,6.70,5.50,,,,,2.40,,4.90,5.40,3.20,3.70,3,,,2.20,,,3.20,,,3,2.40,2.10,4.40,2.70,2.80,
2008-12-06 04:40,5.50,5.57,3.37,4.44,2.20,5.04,5.08,4.90,1.60,4.40,3.21,4.10,1.47,3.64,2.57,2.62,2.80,-0.60,3.50,1.96,2.05,1.59,2.76,,5.79,5.35,5.51,5.82,6.77,4.50,8.54,5.63,0.28,2.88,2.38,2.63,4.92,3.38,2.37,8.05,0.40,0.10,0.79,6.52,2,8.91,7.80,8.02,6.83,7.03,6.75,10.20,10.13,9.88,8.60,8.02,8.34,7.50,8.18,8.64,6.69,7.20,5.94,2.17,6.37,,5.06,3.26,2.80,-0.20,4.39,1.89,4.65,2.63,2.01,5.38,2.70,4.58,5.17,4.81,5.33,5.28,5.19,4.60,5.55,5.04,4.85,4.60,5.86,4.82,4.62,4.88,5.82,7.70,9.36,9.75,6.84,7.83,9.69,7.08,10.29,9.55,-0.69,2.02,1.79,0.28,2.89,4.90,4.99,4.71,3.89,3.05,3.30,0.74,-0.95,-1,-0.40,-0.66,1.52,,3.30,3.37,3.22,2.94,1.75,2.78,4.10,1.78,2.92,1.31,2.50,,2.50,-2.90,8.10,9,8.70,,,,,,,5,5.30,,4.20,6.80,7.90,10.06,,,,,,,,4.70,4.60,4.80,6.80,5.50,,,,,2.30,,5,5.60,3.20,3.70,2.90,,,2.20,,,3.20,,,3,2.40,2.20,4.40,2.60,2.90,
2008-12-06 04:50,5.40,5.49,3.27,4.32,2.20,4.97,4.99,4.90,1.60,4.40,3.09,4.10,1.52,3.65,2.62,2.65,2.92,-0.69,3.40,2.03,2.13,1.46,2.94,,5.84,5.23,5.67,5.67,6.62,4.40,8.50,5.41,0.23,2.44,2.22,2.44,4.85,3.28,2.34,8,0.40,0.02,0.43,6.37,2.20,8.84,7.80,8,6.87,7.07,6.67,10.20,10.05,9.95,8.49,7.97,8.23,7.50,8.22,8.62,6.70,7.10,5.89,2.22,6.30,,4.90,3.19,2.60,-0.17,4.44,1.87,4.61,2.27,2.27,5.68,2.60,4.42,5.26,4.72,5.31,5,5.28,4.56,5.75,5.43,4.77,4.60,5.82,4.72,4.66,4.76,5.58,7.50,9.28,9.77,6.92,7.89,9.71,7.22,10.34,9.42,-0.51,1.89,1.77,0.33,2.92,4.90,4.99,4.71,3.86,3.20,3.37,0.73,-0.77,-0.88,-0.50,-0.83,1.54,,3.20,3.43,3.19,2.97,1.81,2.91,4.10,1.77,2.76,1.18,2.60,,2.50,-2.90,8.10,9,8.80,,,,,,,4.90,5.30,,3.90,6.70,7.70,9.96,,,,,,,,4.70,4.60,4.80,6.90,5.60,,,,,2.50,,5,5.70,3.20,3.70,2.90,,,2.20,,,3.20,,,3.10,2.20,2.20,4.50,2.50,2.80,
2008-12-06 05:00,5.40,5.34,3.11,4.34,2.10,4.85,4.94,4.90,1.64,4.37,3.21,4.03,1.41,3.61,2.69,2.59,2.97,-0.71,3.40,1.90,2.18,1.28,3.14,,5.57,5.18,5.72,5.57,6.49,4.40,8.50,5.30,0.32,2.56,2.44,2.58,4.72,3.39,2.36,8.16,0.30,0.11,0.39,6.30,2.30,8.79,7.80,7.99,7.06,7.09,6.59,10.30,10.02,9.93,8.50,8.08,8.29,7.60,8.27,8.62,6.58,7.20,5.92,2.31,6.29,,4.78,3.12,2.50,-0.15,4.25,1.75,4.37,1.76,2.31,5.68,2.70,4.45,5.02,4.58,5.37,5,5.28,4.47,6.08,5.74,4.68,4.50,5.95,4.85,4.55,4.78,5.70,7.40,9.40,9.72,6.87,7.97,9.61,7.31,10.29,9.36,-0.23,2.30,1.75,0.43,2.71,5,5.11,4.63,3.91,3.21,3.32,0.56,-0.76,-0.93,-0.60,-0.70,1.71,,3.20,3.47,3.25,2.93,1.72,3.05,4.10,1.85,2.90,1.33,2.60,4.50,2.60,-2.90,7.60,9,8.80,10.30,0.60,-3.40,0.70,4.70,5.50,5,5.30,3.60,4.10,6.60,7.50,10.40,9.60,1.70,-0.60,-1.10,1.10,2.50,3.70,4.60,4.50,4.70,7,5.70,0.60,3.40,1.80,1.30,2.60,4.80,5,5.80,3.10,3.70,2.90,,2.40,2.30,2.70,3.80,3.30,3.20,3.30,3.10,2.20,2.20,4.40,2,2.80,2.80
2008-12-06 05:10,5.20,5.12,3.09,4.29,2.10,4.87,4.92,4.90,1.54,4.36,3.22,4.04,1.35,3.63,2.68,2.61,2.95,-0.80,3.30,2.16,2.15,1.08,3.15,,5.63,5.17,5.56,5.37,6.45,4.40,8.44,5.15,0.34,2.58,2.54,2.76,4.65,3.51,2.30,8.25,0.40,0.12,0.43,6.28,2.50,8.80,7.80,7.91,7.15,7.11,6.63,10.22,9.99,9.81,8.39,8.13,8.46,7.50,8.20,8.63,6.83,7.20,5.89,2.28,6.28,,4.46,3,2.50,-0.14,4,1.67,4.22,2.13,2.01,5.79,2.70,4.44,4.85,4.35,5.40,5,5.15,4.47,6.24,5.87,4.72,4.40,6.02,4.82,4.40,4.82,5.65,7.30,9.33,9.47,6.86,8.02,9.46,7.62,10.36,9.49,0.27,2.90,1.66,0.36,2.55,5,5.11,4.58,3.92,3.24,3.24,0.43,-0.77,-0.90,-0.50,-0.79,1.68,,3.20,3.38,3.18,2.79,1.73,3.03,4.10,1.95,2.85,1.33,2.80,,2.70,-2.90,7.40,8.90,8.80,,,,,,,5,5.30,,4.10,,7.40,9.87,,,,,,,,4.80,4.60,4.70,7,5.80,,,,,2.70,,5.20,5.80,3.10,3.70,,,,2.30,,,3.30,,,3.20,2.20,2.20,4.40,2,2.90,
2008-12-06 05:20,5.20,5.15,3.11,4.19,2.10,5.08,4.88,4.80,1.61,4.39,3.18,4.01,1.30,3.56,2.84,2.59,2.92,-0.91,3.20,2.32,1.95,1.30,3.14,,5.84,5.20,5.64,5.24,6.46,4.40,8.64,5.16,0.24,2.39,2.62,3.01,4.84,3.63,2.17,8.25,0.50,0.16,0.48,6.36,2.70,8.67,7.90,8,7.14,7.16,6.72,10.18,9.94,9.85,8.34,8.15,8.28,7.50,8.22,8.48,6.88,7.20,5.92,2.32,6.26,,4.67,2.69,2.40,-0.42,4.09,1.83,4.15,2.97,1.91,5.92,2.30,4.77,4.90,4.42,5.36,4.80,5.17,4.51,6.14,5.80,4.81,4.50,5.98,4.84,4.30,4.78,5.56,7.10,9.37,8.97,7.11,7.98,9.57,7.85,10.38,9.59,0.31,3.30,1.57,0.45,2.63,5,4.92,4.52,3.88,3.39,3.10,0.60,-0.69,-1.08,-0.70,-0.80,1.66,,3.20,3.42,3.13,2.79,1.48,3.14,4.20,2.04,2.47,1.33,2.80,,2.60,-3,7.30,8.80,8.70,,,,,,,4.90,5.20,,4,6.50,7.40,9.83,,,,,,,,4.80,4.80,4.80,7,5.80,,,,,2.70,,5.20,5.90,3.10,3.70,2.80,,,2.50,,,3.40,,,3.20,2.40,2.30,4.30,1.90,2.90,
2008-12-06 05:30,5.20,4.97,3.21,4.14,2.10,5.24,4.80,4.70,1.55,4.36,3.32,3.94,1.19,3.51,2.74,2.61,2.89,-0.83,3.10,2.29,1.63,1.04,3.46,,5.78,5.10,5.71,5.34,6.42,4.40,8.76,5.13,0.27,2.45,2.69,3.19,4.72,3.68,2.13,8.28,0.40,0.08,0.58,6.22,2.70,8.77,8.10,7.98,7.05,7.19,6.72,10.03,9.94,9.87,8.33,8.32,8.41,7.50,8.15,8.61,6.93,7.20,5.91,2.43,6.24,,4.47,2.60,2.20,-0.43,4.10,1.83,4.06,3.48,2.17,5.06,1.80,4.81,4.80,4.27,5.44,4.90,5.15,4.45,6.02,5.53,5.03,5.10,5.97,4.67,4.26,4.75,5.42,7,9.08,8.66,7.34,8.05,9.55,8.23,10.46,9.76,0.21,3.50,1.53,0.32,2.67,5.10,4.92,4.44,3.90,3.33,3.11,0.58,-0.65,-1.26,-0.70,-0.62,1.68,,3.20,3.59,3.13,2.94,1.46,3.36,4.20,2.06,2.42,1.32,2.90,,2.50,-3,7.40,8.80,8.90,,,,,,,4.80,5.10,,3.90,6.40,7.30,9.83,,,,,,,,4.80,4.90,4.80,7,5.80,,,,,2.70,,5.10,5.90,3,3.10,2.60,,,2.50,,,3.40,,,3.20,2.50,2.30,4.20,1.80,2.70,
2008-12-06 05:40,5.20,5.09,3.29,4.14,2.20,5.15,4.69,4.80,1.47,4.49,3.25,3.95,1.08,3.34,2.66,2.53,2.93,-0.81,3,2.40,1.54,0.96,3.49,,6,4.98,5.44,5.22,6.49,4.50,8.79,5.06,0.30,2.80,2.77,3.37,4.80,3.63,2.17,8.15,0.40,0.07,0.57,6.43,2.80,8.80,8,7.94,7.15,7.27,6.77,10.05,9.90,9.87,8.38,8.29,8.50,7.60,8.03,8.85,6.90,7.20,5.91,2.39,6.20,,4.42,2.59,2.10,-0.48,3.91,1.87,4.14,3.68,1.89,4.20,2,4.49,4.70,4.31,5.49,4.70,5.17,4.29,5.84,5.36,5.06,5.40,5.89,4.93,4.30,4.72,5.47,7,9.26,8.08,7.56,8.47,9.36,8.91,10.53,9.89,0.33,3.22,1.59,0.41,3.09,5,5.16,4.41,3.99,3.13,3.18,0.70,-0.26,-1.14,-0.50,-0.46,1.80,,3.20,3.63,3.10,2.91,1.42,3.28,4.30,1.95,2.14,1.27,2.90,,2.50,-2.80,7.40,8.90,8.90,,,,,,,4.90,5,,4.10,6.50,7.30,9.80,,,,,,,,4.90,5.20,4.80,7.10,5.90,,,,,2.70,,5.10,6,3.10,3,2.20,,,2.50,,,3.50,,,3.20,2.50,2.20,4.10,2,2.70,
2008-12-06 05:50,5.30,5.02,3.22,4.10,2.50,5.20,4.55,4.80,1.40,4.45,3.21,3.93,1.05,3.27,2.67,2.52,2.95,-0.98,3,2.36,1.41,0.94,3.44,,5.87,5.09,5.82,4.95,6.38,4.70,8.77,5.32,0.05,2.97,2.92,3.51,4.98,3.65,2.18,8.14,0.40,0.03,0.67,6.42,2.80,8.74,8,7.93,7.16,7.22,6.90,10.01,9.96,9.86,8.40,8.19,8.45,7.50,8.13,8.73,6.71,7.20,6.08,2.33,6.23,,4.32,2.63,1.90,-0.60,3.57,1.87,4.17,3.61,2.49,3.89,1.20,4.52,4.40,4.23,5.45,4.60,5.28,4.29,5.79,5.24,5.13,5.50,5.80,5.12,4.27,4.69,5.48,6.90,9.34,7.78,7.49,8.76,9.31,9.13,10.47,9.95,0.59,3.58,1.46,0.43,3.32,5.10,5.31,4.45,4,3.08,3,0.71,-0.28,-1.16,-0.60,-0.14,1.72,,3.20,3.60,3.06,2.87,1.39,3.47,4.30,1.67,2.06,0.99,2.90,,2.50,-2.90,7.70,8.80,8.90,,,,,,,4.80,4.80,,4.10,6.70,7.20,9.82,,,,,,,,5,5.30,4.90,7.20,5.90,,,,,2.80,,5,6.10,3.10,3,2,,,2.50,,,3.50,,,3.20,2.80,2.30,4.10,2.10,2.80,
2008-12-06 06:00,5,5,3.42,4,2,4.88,4.65,4.70,1.36,4.46,3.16,3.92,1.05,3,2.45,3,3,-1.01,3,2.43,-1,1,3.55,5,6,5,5.90,4.80,6,6,8,5,-0.01,3,3.09,3,5,4,2,8,0,0,0,6,2.80,8.79,8,7.97,7,7.23,7,10,9.98,9.84,8.33,8,8,8,8,8.67,6.66,7,6.06,2.39,6.21,,4.24,2.78,1.70,-0.40,3.66,1.65,3.93,3.52,3.22,3.78,0.80,3.99,5,3,4,5,5.16,5,5.70,5.27,4,5.70,5.94,5.13,4.12,4.64,6,6.90,9,7.68,7.41,8.62,9.33,9.15,10.24,9.89,0.51,3.73,1.37,0.33,3.37,5.10,5.36,4.44,3.96,3.13,2.97,0.63,-0.23,-1.27,-0.50,-0.11,1.83,,3.20,3.49,3.05,2.87,1.45,3.50,4.10,1.42,2,0.37,2.90,5,3,-3,7.20,8.80,8.90,,3,-1,3,5,5,5,5,5.10,4.10,6.50,7.10,9.90,9.70,2.50,1,-31,2.20,2.30,4,4.80,5.20,4.90,7.30,5.90,0.80,2.50,0.90,1.40,2.70,4.80,5,6.30,3.10,2.60,2,0.90,1.70,2.60,3,,3.60,2.80,3.30,3.20,2.80,2.20,4.20,2,2.80,2.90
2008-12-06 06:10,5.10,4.89,3.46,3.88,2.50,4.94,4.80,4.80,1.37,4.40,3.13,3.90,1.06,3,2.48,2.46,2.84,-0.88,2.90,2.51,1.29,1.04,3.68,,6.20,5.23,5.72,4.69,6.24,5.10,8.76,5.41,0.04,3.01,2.97,3.66,5.02,3.77,2.27,8.15,0.30,-0.19,0.44,6.49,2.80,8.82,8,8.02,7.25,7.13,7.41,9.97,9.92,9.87,8.43,8.25,8.44,7.70,8.16,8.72,6.59,7.10,6.10,2.49,6.12,,4.27,2.72,1.80,-0.62,3.32,1.46,3.46,3.51,3.58,3.32,1.10,3.70,4.14,4.41,5.40,4.50,5.12,4.20,5.59,5.31,4.91,5.60,6.46,5.56,3.95,4.58,5.77,6.90,8.81,7.50,7.41,8.56,9.07,9.11,10.13,9.80,0.34,3.69,1.45,0.28,3.09,5.10,5.46,4.61,4.06,3.21,2.84,0.67,0.04,-1.27,-0.40,-0.28,1.88,,3.30,3.46,3.13,2.91,1.49,3.47,4.30,1.12,1.71,0.30,2.90,,2.60,-3,7.30,8.80,8.90,,,,,,,4.80,4.90,,4.10,6.40,7,9.56,,,,,,,,4.70,5.20,4.80,7.50,5.90,,,,,2.70,,4.90,6.60,3.10,2.60,1.90,,,2.50,,,3.60,,,3.10,2.80,2.30,4.20,2,2.90,
2008-12-06 06:20,5,4.83,3.50,3.63,2.40,4.76,4.95,4.90,1.36,4.22,3.18,3.75,1,2.71,2.59,2.57,2.72,-0.69,2.90,2.27,1.26,1.05,3.69,,6.25,5.17,5.58,4.71,6.29,5.10,8.64,5.51,0.01,3.13,2.96,3.78,5.08,3.83,2.31,8.02,0.20,-0.15,0.45,6.40,3,8.77,8.10,8.06,7.29,7.29,7.26,9.97,9.96,9.86,8.32,8.17,8.36,7.70,8.04,8.71,6.58,7,6.13,2.52,6.16,,4.28,2.76,1.90,-0.57,3.27,1.34,3.28,3.61,3.67,3.42,0.80,3.58,4.07,4.29,5.37,4.40,5.14,4.23,5.49,5.52,4.96,5.60,6.42,5.71,3.93,4.89,5.69,6.80,8.55,7.55,7.42,8.70,8.91,8.96,9.87,9.91,0.39,3.30,1.49,0.35,3,5.10,5.54,4.63,3.95,3.26,2.78,0.72,-0.01,-1.32,-0.40,-0.43,1.89,,3.30,3.66,3.07,3,1.46,3.53,4.20,0.76,1.65,0.08,3,,2.60,-3,7.30,8.90,8.90,,,,,,,4.70,4.80,,4.20,6.40,7,9.53,,,,,,,,4.60,5.10,4.70,7.60,5.90,,,,,2.70,,4.90,6.50,3.20,2.40,1.90,,,2.50,,,3.60,,,3.10,2.60,2.40,4.20,1.90,3.10,
2008-12-06 06:30,4.90,4.86,3.49,3.37,2.40,4.86,5.15,4.80,1.28,4.20,3.34,3.65,0.93,2.61,2.95,2.57,2.57,-1.17,2.90,2.24,1.19,1.03,3.70,,6.26,5.05,5.67,4.70,6.22,4.90,8.19,5.79,-0.05,3.14,3.12,3.81,5.09,3.97,2.35,8.01,0.20,-0.26,0.39,6.36,3.10,8.92,8.10,8.08,7.17,7.31,7.42,9.97,9.87,9.81,8.35,8.25,8.29,7.70,8.24,8.91,6.73,7.20,6.12,2.49,6.16,,4.46,2.85,1.90,-0.54,3.15,1.58,3.55,3.32,3.68,4.17,0.30,3.21,4.05,4.11,5.27,4.40,5.24,4.06,5.43,5.49,5,5.50,6.38,5.65,4.01,5.27,5.69,6.80,8.33,7.63,7.46,8.67,9.05,8.85,9.79,10,0.19,2.88,1.46,0.62,3.05,5.10,5.44,4.77,4.02,3.26,2.40,0.53,-0.02,-1.36,-0.30,-0.38,1.93,,3.20,3.54,3.05,3.25,1.53,3.83,4.10,0.75,1.83,0.07,3,,2.60,-3.10,7.30,8.70,8.90,,,,,,,4.70,4.70,,4.30,6.40,6.90,9.61,,,,,,,,4.40,4.90,5.10,7.60,5.90,,,,,2.70,,4.90,6.50,3.20,2.40,1.90,,,2.50,,,3.70,,,3.20,2.60,2.30,4.20,2.10,3.20,
2008-12-06 06:40,4.90,4.89,3.56,3.11,2.30,4.79,5.19,4.70,1.29,4.10,2.93,3.52,1.02,2.39,3.04,2.42,2.37,-1,2.80,2.25,1.09,0.92,3.68,,6.24,5.12,5.67,4.68,6.15,4.80,7.69,5.78,-0.13,2.93,3.10,3.81,5.18,4.35,2.32,8.30,0.20,-0.36,0.16,6.58,3.10,8.90,8.20,8.11,7.15,7.32,7.55,9.89,9.77,9.77,8.42,8.34,8.35,7.70,8.36,9.03,6.76,7.10,6,2.49,6.14,,4.61,2.87,1.80,-0.55,3.20,1.56,4.11,3.02,3.75,4.26,0.40,2.67,3.98,4.04,5.18,4.40,5.15,3.88,5.22,5.42,4.99,5.40,6.34,5.61,4.10,5.49,5.74,6.70,7.97,7.61,7.64,8.64,9,8.87,9.70,10.05,-0.04,2.60,1.42,0.53,3.09,5.10,5.52,4.97,4.10,3.27,1.72,0.74,0.08,-1.11,-0.30,-0.41,1.99,,3.20,3.69,3,3.22,1.52,3.75,4.20,0.63,1.71,0.10,3.10,,2.70,-3.10,7.30,8.70,8.80,,,,,,,4.50,4.70,,4.40,6.40,6.80,9.53,,,,,,,,4.20,4.90,5.50,7.60,6.30,,,,,2.70,,4.90,6.40,3.10,2.10,,,,2.60,,,3.70,,,3.20,2.60,2.30,4.20,2.20,3.10,
2008-12-06 06:50,4.80,4.91,3.56,2.84,2.30,4.61,5.27,4.70,1.34,3.99,2.87,3.44,0.94,2.30,2.84,2.58,2.28,-0.83,2.60,2.45,1.02,0.80,3.67,,6.24,5.28,5.80,4.68,6.17,4.70,7.21,5.75,-0.25,3.10,3.52,3.99,5.30,4.46,2.21,8.12,0.10,-0.40,0.12,7.13,3.10,8.84,8.20,8.19,7.22,7.22,7.63,9.83,10.02,9.79,8.42,8.33,8.40,7.60,8.50,8.91,6.66,7.30,5.97,2.50,6.22,,4.45,2.90,1.80,-0.64,3.06,1.49,4.51,2.75,3.87,4.86,0.30,2.32,3.71,3.91,5.38,4.40,4.99,3.89,4.94,5.40,4.93,5.40,6.35,5.57,4.08,5.65,5.76,6.60,7.70,7.60,7.73,8.81,8.95,8.83,9.68,9.88,-0.23,2.44,1.44,0.46,2.89,5.20,5.57,5.03,4.05,3.36,1.58,0.79,0.14,-0.89,-0.30,-0.51,2.17,,3.20,3.66,3.01,3.14,1.43,3.88,4.10,0.86,1.73,0.06,3.10,,3,-3.10,7.20,8.70,8.80,,,,,,,4.40,4.80,,4.50,6.40,6.70,9.56,,,,,,,,4.20,4.90,5.70,7.70,6.30,,,,,2.80,,5,6.40,3,2.30,1.80,,,2.70,,,3.70,,,3.20,2.60,2.50,4.20,2.30,3.10,
2008-12-06 07:00,4.70,5.02,3.45,2.75,2.20,4.55,5.16,4.60,1.33,3.86,3.22,3.21,0.88,1.89,2.60,2.50,2,-0.97,2.50,2.32,0.91,0.90,3.41,,6.17,5.19,5.62,4.55,6.19,4.70,6.97,5.77,-0.38,3.38,3.61,4,5.26,4.41,2.16,8.21,0.10,-0.47,0.05,7.13,3.10,8.59,8.20,8.12,7.27,7.33,7.64,9.98,9.98,9.80,8.51,8.31,8.41,7.70,8.33,8.91,6.66,7.10,6.10,2.55,6.24,,4.34,2.81,1.80,-0.53,3.19,1.29,4.42,2.57,3.98,5.44,0.30,2.41,3.84,4.12,5.35,4.40,4.83,3.86,4.26,5.38,4.88,5.40,6.22,5.35,4.08,5.70,5.92,6.60,7.73,7.47,7.67,8.82,9.02,8.80,9.70,9.76,-0.32,2.49,1.46,0.22,2.84,5.20,5.64,5.09,4.09,3.50,1.91,0.73,0.19,-1.09,-0.20,-0.29,2.08,,3.30,3.55,3.08,2.95,1.58,4.09,4.20,0.55,1.67,0.21,3.10,4.50,3,-3.10,7.10,8.70,8.90,10.70,4.60,-3.70,1.50,4.40,3.90,4.40,4.70,4.40,4.70,6.40,6.60,9.80,,2.80,0.80,-1.70,2.20,2.70,3.30,4.10,4.90,5.80,7.60,6.50,0.40,2.20,0.10,1.20,2.70,5.10,5.10,6.40,3,2.20,1.90,1,1.30,2.70,3,4,3.70,2,3.30,3.30,2.60,3.20,4.10,2.10,3.20,3
2008-12-06 07:10,4.60,4.90,3.38,2.52,2.20,4.62,5.38,4.70,1.37,3.77,3.15,3.22,0.68,1.78,2.53,2.48,2.02,-0.77,2.50,2.44,0.89,1.12,3.25,,6.03,5.13,5.55,4.48,6.26,4.70,6.84,5.79,-0.50,3.34,3.57,3.95,5.20,4.34,2.12,8.23,0.10,-0.86,-0.07,6.87,3.10,7.97,8.20,8.28,7.20,7.38,7.46,9.84,9.92,9.87,8.48,8.42,8.48,7.70,8.44,9.03,6.78,7.10,6.17,2.58,6.23,,4.38,2.81,1.90,-0.55,3,1.25,4.55,2.62,4.37,4.92,1.30,2.46,3.70,4,5.25,4.43,4.71,3.90,4.01,5.40,4.90,5.40,6.17,4.99,3.85,5.69,5.86,6.50,7.47,7.40,7.62,8.77,8.96,8.73,9.60,9.75,0,2.75,1.56,0.23,3.09,5.20,5.90,5.25,4.07,3.72,2.33,0.83,-0.01,-1.02,-0.20,-0.16,2.08,,3.20,3.64,3,3.08,1.63,4.36,3.90,0.67,1.59,0.66,3.10,,3,-3.30,7,9,8.90,,,,,,,4.50,4.60,,4.70,6.40,6.60,9.62,,,,,,,,3.70,4.90,6.10,7.50,6.70,,,,,2.90,,5.10,6.50,3,2.20,1.90,,,2.70,,,3.70,,,3.20,2.50,3.10,4.10,2.10,3.20,
2008-12-06 07:20,4.60,4.91,3.45,2.30,2.20,4.92,5.41,4.70,1.53,3.91,3.04,3.34,0.63,1.52,2.27,2.55,1.93,-0.84,2.50,2.52,0.72,0.82,2.95,,5.97,4.83,5.64,4.49,6.41,4.80,6.64,5.90,-0.57,3.29,3.50,3.87,5.14,4.39,2.14,8.06,0,-1.09,0.01,7.02,2.90,7.39,8.30,8.33,7.57,7.38,7.70,9.92,9.89,9.93,8.49,8.50,8.60,7.70,8.63,9.30,6.81,7.10,6.02,2.43,6.30,,4.46,2.83,1.80,-0.56,3.01,1.32,4.88,2.69,4.46,4.77,1.30,2.87,3.74,3.50,5.17,4.51,4.95,3.93,3.96,5.32,4.93,5.30,6.25,4.70,3.83,5.64,5.86,6.50,7.54,7.26,7.60,8.70,9.02,8.45,9.55,9.70,0.24,3.05,1.70,-0.27,3.34,5.30,5.88,5.22,3.98,3.66,2.25,1.03,-0.10,-0.64,-0.20,-0.19,2.23,,3.30,3.82,2.99,3.27,1.46,4.68,4,0.93,1.50,0.83,3.20,,2.90,-3.40,7.10,9,8.90,,,,,,,4.40,4.50,,4.70,6.30,6.60,9.61,,,,,,,,3.50,4.90,6.20,7.30,6.80,,,,,2.90,,5.20,6.60,3,2.30,2,,,2.70,,,3.80,,,3.20,2.50,3.20,4.10,2.10,3.20,
2008-12-06 07:30,4.80,5.07,3.45,2.18,2.20,5,5.59,4.50,1.91,4.02,3.05,3.37,0.68,1.33,2.31,2.68,1.87,-1.01,2.30,2.60,0.58,0.89,2.52,,5.93,4.79,5.60,4.33,6.52,4.70,6.21,6.29,-0.81,3.03,3.29,3.86,5.05,4.48,2.27,7.72,-0.20,-1.17,-0.05,6.99,2.90,6.91,8.40,8.34,7.56,7.37,7.79,9.97,10.01,9.94,8.46,8.44,8.71,7.80,8.72,9.28,6.87,7.30,6.03,2.39,6.28,,4.49,2.80,1.80,-0.56,3.15,1.48,5.31,2.69,4.41,5.14,2.50,3.32,4,3.24,5.08,4.70,4.96,3.87,3.89,5.32,5.07,5.20,6.30,4.79,3.83,5.56,5.87,6.50,7.38,7.21,7.74,8.61,9.17,8.48,9.62,9.67,0.18,3.36,1.75,-0.75,3.53,5.30,5.88,5.27,3.94,3.72,1.72,1.10,-0.02,-0.45,-0.20,-0.22,2.27,,3.30,3.79,3.05,3.13,1.31,4.71,4,1.08,1.62,0.71,3.20,,2.50,-3.50,7.10,9.10,9,,,,,,,4.40,5.10,,4.80,6.30,6.60,9.60,,,,,,,,3.30,5.10,6.20,7.30,6.90,,,,,2.90,,5.20,6.70,3,2.40,2.30,,,2.60,,,3.90,,,3.10,2.60,3.30,4.20,2,3.20,
2008-12-06 07:40,5,5.22,3.56,2.21,2.20,5.01,5.89,4.30,2.15,4.34,3.44,3.35,0.62,1.22,2.44,2.76,1.81,-0.68,2,2.67,0.58,0.73,2.36,,5.88,4.82,5.47,4.42,6.50,4.60,6.18,6.21,-0.62,3.06,3.02,3.69,5.25,4.40,2.33,7.32,-0.10,-1.20,-0.01,6.85,3,6.60,8.40,8.41,7.37,7.40,7.71,10.07,10.06,9.96,8.45,8.60,8.65,7.80,8.53,9.32,6.92,7.20,6.01,2.33,6.28,,4.38,2.77,1.70,-0.49,3.12,1.52,5.51,2.63,4.29,5.38,5.10,3.63,4.20,3.58,5.19,4.67,5.19,4.03,4.15,5.28,5.27,5.50,6.24,5.16,3.85,5.48,5.81,6.50,7.22,7.15,7.73,8.58,9.24,8.67,9.68,9.54,0.55,3.50,1.89,-0.61,3.58,5.30,5.99,5.34,3.98,3.88,1.20,1.05,0.09,-0.40,-0.10,-0.16,2.24,,3.30,3.72,3.02,3.24,1.39,4.71,4.10,1.16,1.67,0.81,3.30,,2.50,-3.60,6.80,9.10,9.10,,,,,,,4.50,5.10,,4.90,6.30,6.70,9.55,,,,,,,,3.70,5.10,6.30,7.20,7,,,,,2.90,,5.30,6.80,2.90,2.70,2.20,,,2.70,,,3.90,,,3,2.80,3.40,4.30,2,3.30,
2008-12-06 07:50,5.20,5.41,3.68,2.39,2.20,5.09,6.14,4.60,2.24,5.04,3.61,3.21,0.61,1.03,2.49,2.68,2,-0.96,1.90,2.72,0.50,0.81,2.43,,5.87,5.16,6,4.42,6.52,4.50,6.36,6.24,-0.59,2.87,2.94,3.56,5.22,4.49,2.40,6.96,-0.30,-1.32,0.01,6.82,2.90,6.35,8.40,8.43,7.47,7.55,7.31,10.20,10,10.03,8.54,8.69,8.73,7.90,8.64,9.07,7.11,7.30,6.07,2.27,6.34,,4.45,2.79,1.70,-0.44,3.34,1.48,5.53,2.64,4.22,5.52,5.60,4.38,4.60,4.06,5.16,4.65,5.27,4.13,4.35,5.40,5.29,5.70,6.14,5.50,3.80,5.50,5.80,6.50,7.11,7.10,7.81,8.52,9.38,8.86,9.77,9.51,0.76,3.44,2,-0.24,3.72,5.30,6.03,5.30,4.03,4.04,1.17,1.02,-0.16,-0.44,-0.10,-0.22,2.24,,3.40,3.75,3.02,3.23,1.36,4.69,4.20,1.29,1.47,0.92,3.30,,2.40,-3.60,6.70,9,9.10,,,,,,,4.50,5.30,,5,6.20,6.60,9.07,,,,,,,,3.80,5.20,6.50,7.20,7.30,,,,,3,,5.30,6.90,3,1.80,2.40,,,2.70,,,4,,,3,2.80,3.20,4.40,2.20,3.30,
2008-12-06 08:00,5.40,5.64,3.61,2.55,2.20,5.99,6.36,5.50,2.64,5,3.60,3.26,0.53,0.95,2.65,2.57,2.19,-0.85,2,2.70,0.34,0.98,2.21,,5.76,5.39,6.11,4.78,6.54,4.40,6.36,6.58,-0.58,2.81,2.95,3.69,5.18,4.47,2.51,6.75,-0.40,-1.46,0.80,6.57,2.80,6.26,8.40,8.46,7.63,7.63,7,10.18,10.04,10.08,8.67,8.66,8.78,7.80,8.91,8.93,7.12,7.30,6.11,2.29,6.38,,4.71,2.89,1.60,-0.49,3.50,1.37,5.29,2.69,4.26,5.72,5.60,5.12,5.02,4.47,5.30,4.84,5.65,4.23,5.24,5.35,5.25,6,6.01,5.83,3.76,5.56,5.76,6.50,6.98,7.04,7.91,8.22,9.46,8.93,9.79,9.40,1.67,3.38,2.32,0,3.75,5.30,6,5.33,4.08,4.36,1.53,1.09,-0.08,-0.36,0,-0.30,2.28,,3.40,3.83,3.02,3.29,1.30,4.49,4.10,1.38,1.38,1.09,3.40,6.20,2.60,-3.70,6.70,9,9.10,10.80,5.50,-3.90,4.10,5.30,4.70,4.70,5.50,4.50,5.20,6.20,6.60,7.80,9.30,3.20,3.10,-1.60,4,3,3.70,3.80,5.30,6.40,7.20,7.40,0.30,1.90,0,1.40,3.10,5.30,5.40,7,3.20,3,2.50,,0.70,3,3,4.20,4,2.60,3.40,2.90,2.90,3.40,4.50,2.10,3.30,3.10
2008-12-06 08:10,5.80,5.90,3.68,2.95,2.30,6.61,6.16,5.60,2.93,4.97,3.54,3.38,0.55,1.12,2.64,2.56,1.98,-1.09,2.50,2.81,0.47,1.27,2.41,,5.75,5.09,6.09,5,6.60,4.70,6.33,6.69,-0.56,2.54,3.09,3.96,5.30,4.60,2.53,6.43,-0.50,-1.67,1.44,6.51,2.30,6.20,8.50,8.57,7.60,7.64,6.81,10.28,10.09,10.15,8.77,8.80,8.83,7.80,8.94,8.88,7.07,7.20,5.96,2.24,6.32,,4.82,2.87,1.70,-0.43,3.38,1.36,5.33,2.64,4.22,5.79,5.60,5.69,5.28,4.42,5.57,4.90,6.07,4.50,6.16,5.37,5.60,6.40,5.71,5.70,3.77,5.48,5.66,6.50,7.09,7.03,8.02,8.01,9.59,8.91,9.80,9.42,2.73,3.46,2.58,0.54,3.87,5.30,6.11,5.32,4.05,4.70,2.14,1.21,-0.03,-0.33,0.10,-0.15,2.31,,3.50,3.78,3.15,3.55,1.29,4.55,4,1.48,1.44,1.09,3.40,,2.70,-3.80,6.90,9,9.30,,,,,,,4.60,5.70,,5.20,6.10,6.50,7.63,,,,,,,,3.80,5.50,6.40,7.20,7.70,,,,,3.40,,5.50,7.20,3.20,3,2.50,,,3,,,4.10,,,2.80,2.90,3.50,4.50,2.10,3.30,
2008-12-06 08:20,6.30,6.23,3.65,3.34,2.30,7.08,6.28,5.50,3.11,5.40,3.48,3.69,0.66,1.11,3.05,2.60,2.12,-1.16,2.60,3.41,0.59,1.78,2.65,,5.25,5.14,6.25,4.93,6.64,4.70,6.22,6.86,-0.49,2.43,2.75,4.32,5.54,4.74,2.62,6.31,-0.50,-1.62,1.23,6.63,2.40,6.26,8.40,8.59,7.50,7.47,6.69,10.39,10.08,10.21,8.88,8.89,8.92,7.80,8.86,9.06,7.07,7.20,5.94,2.25,6.31,,4.73,2.94,1.60,-0.59,3.32,1.50,5.47,2.62,4.03,6.05,5.70,5.72,5.63,4.61,5.78,5.10,5.90,4.75,7.25,5.46,6.19,6.20,5.61,5.68,3.86,5.51,5.68,6.40,7.16,7.11,7.87,7.80,9.64,9.03,9.68,9.46,3.13,3.68,2.53,1.11,3.82,5.30,6.12,5.32,4.07,4.94,2.33,1.31,0.07,-0.35,0.30,-0.13,2.34,,3.50,3.88,3.16,3.50,1.31,4.65,4.10,1.54,1.43,1.29,3.40,,3.10,-3.90,7,9,9.30,,,,,,,4.60,6,,5.60,6.10,6.50,7.14,,,,,,,,3.80,5.70,6.40,7.20,8,,,,,3.70,,5.60,7.40,3.30,3.20,2.60,,,3,,,4.30,,,2.80,2.90,3.40,4.60,2.10,3.30,
2008-12-06 08:30,6.60,6.49,3.77,4.13,2.30,7.37,6.45,5.90,3.38,5.54,3.77,3.86,0.90,1.31,4.30,2.57,2.55,-0.76,2.70,3.86,0.98,2.37,2.99,,5.52,5.72,5.99,4.98,6.65,5.10,6.28,7.24,-0.17,2.59,3.31,4.58,5.61,4.75,2.85,6.08,-0.50,-1.52,1.17,6.83,3.10,6.35,8.40,8.58,7.32,7.34,6.55,10.30,10.32,10.18,8.75,8.84,8.95,7.70,8.75,9.13,7.04,7.30,6,2.29,6.35,,4.75,3.01,1.60,-0.58,3.19,1.56,5.64,2.56,4.02,6.37,5.90,5.73,6.10,4.92,5.87,5.40,5.83,5.33,7.45,5.82,6.60,6.10,5.72,5.75,3.86,5.61,5.49,6.40,6.99,7.06,7.32,7.62,9.63,9.12,9.64,9.53,3.27,3.89,2.71,2.03,3.88,5.30,6.23,5.40,4.12,5.14,2.38,1.27,0.24,-0.27,0.60,0.04,2.36,,3.60,3.95,3.10,3.57,1.33,4.59,3.90,1.59,1.54,1.37,3.40,,3.60,-3.80,7.30,9,9.30,,,,,,,5,6.20,,5.70,6.10,6.40,6.91,,,,,,,,4.10,5.70,6.50,7.20,8.10,,,,,3.70,,5.60,7.40,3.30,3.40,2.70,,,3.10,,,4.30,,,2.70,3.10,3.40,4.60,2.10,3.30,
2008-12-06 08:40,6.90,6.80,4.01,4.77,2.20,7.47,6.57,5.90,3.16,5.28,3.94,3.94,0.92,1.86,4.41,2.61,2.71,-0.92,2.50,4.26,1.19,2.49,3.46,,6.01,5.48,6.32,5.44,6.73,5.50,6.43,7.20,-0.03,3.02,3.85,4.63,5.52,4.65,3.09,5.89,-0.40,-1.61,1.11,6.91,3.60,6.48,8.60,8.50,7.43,7.37,6.46,10.22,10.37,10.22,8.84,8.79,8.93,7.80,8.77,9.17,7.06,7.40,6.03,2.26,6.39,,4.92,3.21,1.60,-0.49,3.13,1.49,5.64,2.50,4.07,6.67,5.90,5.64,6.30,5.15,6.05,5.60,5.91,5.66,7.10,6.31,6.84,6,5.91,6.01,3.97,5.99,5.49,6.40,7.09,7.09,7,7.44,9.60,9.07,9.59,9.62,3.65,3.94,2.86,2.81,4.04,5.30,6.35,5.43,4.23,5.28,2.65,1.21,0.46,-0.14,0.80,0.12,2.51,,3.60,4.13,3.14,3.69,1.47,4.65,3.90,1.62,1.51,1.39,3.50,,3.70,-3.90,7.30,7.50,9.20,,,,,,,5.40,6.60,,5.80,6.40,6.40,6.80,,,,,,,,4.30,5.80,6.60,7.20,8.30,,,,,3.70,,5.70,7.60,3.30,3.50,2.70,,,3.10,,,4.40,,,2.70,3.20,3.30,4.60,2.20,3.40,
2008-12-06 08:50,7.50,7.02,3.87,5.21,2.30,7.45,6.53,6.30,2.73,5.44,3.71,3.91,0.92,3,4.47,2.63,3,-1.26,2.50,4.63,1.34,2.68,3.74,,6.38,5.58,6.95,5.58,6.88,5.80,6.64,7.55,0,3.58,4.06,4.57,5.57,4.85,3.24,5.70,-0.40,-1.76,1.04,7.25,4,6.54,8.50,8.46,7.58,7.42,6.31,10.24,10.13,10.08,8.87,8.89,8.85,7.80,8.67,9.19,7.06,7.60,6.03,2.30,6.38,,4.94,3.39,1.60,-0.49,3.01,1.42,5.61,2.47,4.20,6.70,6.80,5.54,6.38,5.42,6.29,5.60,5.92,6,7.15,6.36,6.89,5.80,6.30,6.18,3.96,6.30,5.62,6.40,6.99,7.10,6.79,7.36,9.57,8.80,9.62,9.52,4.59,4.21,2.98,3.21,4.25,5.30,6.26,5.42,4.38,5.30,3.14,1.37,0.68,-0.10,1,0.39,2.64,,3.60,4.27,3.26,3.42,1.93,4.57,3.90,1.69,1.74,1.52,3.50,,4.10,-3.90,7.30,6.90,9.20,,,,,,,5.60,6.70,,6,6.50,6.40,6.74,,,,,,,,4.60,5.90,6.60,7.20,8.30,,,,,3.90,,5.90,7.70,3.40,3.60,2.80,,,3.20,,,4.50,,,2.70,3.30,3.30,4.50,2.30,3.40,
2008-12-06 09:00,7.80,7,3.77,5.52,2.30,7.96,6.70,6.60,2.24,6.02,3.91,3.78,0.72,3.94,4.40,3.02,2.89,-1.06,3.10,4.77,1.29,2.93,4.15,,6.23,5.49,6.82,5.81,7,5.70,6.83,7.64,0.01,4.16,4.19,4.54,5.69,5.01,3.46,5.57,-0.50,-1.90,0.90,7.50,4.40,6.76,8.50,8.38,7.76,7.43,6.15,10.12,10.08,10,8.80,8.90,8.78,7.80,8.45,9.10,6.98,7.40,5.96,2.20,6.39,,4.99,3.53,1.60,-0.42,2.99,1.47,5.62,2.38,4.16,7.10,6.60,5.55,6.58,5.61,6.40,5.70,5.92,6.14,7.59,6.25,6.83,6.20,6.61,6.40,3.95,6.48,6.10,6.70,7.16,7.13,6.61,7.25,9.61,8.53,9.66,9.45,4.76,4.31,3.24,3.82,4.65,5.30,6.58,5.44,4.48,5.50,3.20,1.37,0.91,-0.10,1,0.54,2.71,,3.70,4.24,3.30,3.49,2.02,4.64,3.90,1.69,1.74,1.57,3.50,6.60,4.40,-3.80,7.40,6.60,9.20,11.10,5.10,-4,4.20,5.80,5.80,6,6.80,6.90,6.70,6.60,6.20,6.80,9.70,3.30,3.20,2.10,6.60,3.40,4.20,4.70,5.90,6.80,7.20,8.30,2.10,1.20,0,2.90,4,5.80,6,7.80,3.50,3.60,3.20,2.30,1.30,3.30,3.20,4.30,4.50,3.20,3.70,2.70,3.40,3.40,4.60,2.60,3.40,3.40
2008-12-06 09:10,8.20,7.27,3.74,5.54,2.20,8.53,6.88,6.90,2.53,6.46,4.44,3.91,0.58,4.60,4.36,3.03,2.67,-0.93,4,4.71,1.13,2.93,4.42,,6.81,5.43,6.80,5.64,7.07,5.70,6.89,7.78,0.09,4.50,4.33,4.50,5.85,5.34,3.60,5.61,-0.50,-2.12,0.94,7.55,4.70,6.92,8.60,8.35,7.76,7.40,5.95,10.04,10.25,9.90,8.76,8.90,8.95,7.80,8.37,9.06,6.93,7.30,5.91,2.22,6.37,,4.98,3.61,1.70,-0.36,3.15,1.26,5.62,2.44,4.16,7.39,6.70,5.89,7.16,6.24,6.41,5.83,6.06,6.53,7.79,6.18,6.81,7,7.10,6.47,4.03,6.72,6.42,6.70,7.33,7.18,6.56,7.29,8.55,8.44,9.81,9.47,4.78,4.43,3.46,4.40,5.19,5.30,6.76,5.59,4.55,5.68,3.39,1.71,1.06,0.02,1.10,0.70,2.72,,3.70,4.21,3.30,3.66,2.09,4.78,3.90,1.70,1.59,1.69,3.40,,4.50,-3.80,7.60,6.40,9,,,,,,,6.30,6.80,,6.80,6.80,6.20,6.71,,,,,,,,4.70,6,6.90,7.20,8.20,,,,,4.10,,6.30,7.90,3.50,3.60,3.20,,,3.30,,,4.70,,,2.90,3.50,3.40,4.60,2.70,3.50,
2008-12-06 09:20,7.70,7.36,3.82,5.56,2.10,8.74,7.10,7,2.95,6.94,4.36,4.34,0.68,4.70,4.68,2.77,2.91,-1.03,4.50,4.65,1.10,3.21,4.66,,6.97,5.60,7.16,5.78,7.15,5.80,6.97,8.05,-0.03,4.50,4.38,4.64,5.87,5.40,3.55,5.78,-0.60,-2.07,0.92,7.94,4.70,7.16,8.70,8.32,7.79,7.42,5.93,9.89,10.38,9.95,8.78,8.92,8.93,7.70,8.41,9.20,6.91,7.30,5.97,2.25,6.34,,5.14,3.59,1.80,-0.41,3.52,1.42,5.69,2.61,4,7.57,7,5.98,7.46,6.44,6.41,5.88,6.06,6.67,8.09,6.47,7.28,6.80,6.88,6.46,4.01,7.01,6.18,6.90,7.29,7.36,6.50,7.32,7.49,8.45,9.83,9.43,4.85,4.65,3.62,4.87,5.77,5.60,6.84,5.69,4.53,5.85,3.51,1.73,1.13,0.09,1.10,0.69,2.70,,3.70,4.28,3.39,3.73,2.10,4.83,3.90,1.86,1.73,1.30,3.40,,4.70,-3.90,7.80,6.30,9,,,,,,,6.50,6.90,,7,6.90,6.20,6.66,,,,,,,,4.90,6,7,7.20,8.30,,,,,4.10,,6.30,8.10,3.50,3.60,3.40,,,3.30,,,4.80,,,3.10,3.70,3.50,4.60,2.90,3.50,
2008-12-06 09:30,7.20,6.99,3.80,5.51,2.30,8.65,7.16,6.90,2.40,7.78,4.80,4.82,0.87,4.79,4.99,2.60,2.96,-1.27,4.80,4.14,1,2.90,4.55,,7.58,6.14,7.22,6.07,7.44,5.80,7.06,8.06,0.01,4.71,4.30,4.62,6.11,5.55,3.71,5.64,-0.60,-1.69,1.11,7.96,5.10,7.29,8.70,8.43,7.67,7.44,5.74,9.85,10.40,9.95,8.81,8.70,9.04,7.70,8.59,9.34,6.89,7.60,6.01,2.29,6.39,,5.01,3.56,1.90,-0.50,3.58,1.40,5.86,2.79,3.96,7.53,6.70,6.44,7.62,6.38,6.50,5.87,6.43,6.61,8.28,6.76,7.49,7.10,6.96,6.57,4.06,7.28,6.22,6.80,7.33,7.48,6.54,7.41,7.20,8.02,9.85,9.54,4.73,4.62,3.67,5.13,6.23,5.70,7.01,5.69,4.50,6.06,3.75,1.83,1.23,0.06,1.20,0.69,2.83,,3.80,4.34,3.37,3.83,2.15,4.92,4,1.94,1.81,1.06,3.40,,4.70,-3.90,8,6.30,9,,,,,,,6.60,7.10,,6.70,7,6.30,6.66,,,,,,,,5.10,6.50,7.50,7,8.50,,,,,4,,6.30,8.20,3.60,3.50,,,,3.30,,,4.90,,,3.20,3.70,3.70,4.60,3,3.60,
2008-12-06 09:40,6.80,6.63,3.85,5.75,2.70,8.85,7.21,7.10,2.53,8.35,5.03,5.10,0.98,4.79,4.94,2.88,3.09,-1.14,5.20,3.73,0.84,2.61,4.65,,8.19,6.62,7.07,6.18,8.04,5.60,7.08,8.13,-0.03,4.80,4.56,4.55,6.36,5.73,3.90,5.66,-0.60,-1.74,1.29,7.96,5.20,7.57,8.80,8.51,7.85,7.39,5.90,9.73,10.33,9.93,8.78,8.72,9.05,7.70,8.49,9.32,6.92,7.70,5.93,2.32,6.46,,4.93,3.42,1.80,-0.60,3.43,1.44,5.87,2.81,4.12,7.36,6.70,6.52,7.78,6.60,6.63,6.16,6.43,6.81,8.34,6.88,7.61,7,6.86,6.79,4.21,7.31,6.10,6.60,7.64,7.60,6.53,7.38,7.07,7.82,9.94,9.62,4.93,4.64,3.59,5.14,6.73,5.80,7.08,5.78,4.59,6.25,4.09,1.91,1.39,0.07,1.30,0.87,2.83,,3.80,4.41,3.34,4.09,2.35,4.85,4,2.01,1.87,1.17,3.40,,4.30,-4,8.10,6.20,9,,,,,,,6.80,6.90,,6.60,7.20,6.40,6.74,,,,,,,,5.40,6.50,7.80,6.90,8.40,,,,,4,,6.20,8.20,3.60,3.60,3.70,,,3.30,,,5,,,3.50,3.80,3.80,4.60,3.20,3.70,
2008-12-06 09:50,6.60,6.48,3.87,5.76,2.80,8.95,6.87,7.30,2.66,8.78,4.88,5.25,1.07,4.70,5.08,2.83,3.25,-1.17,5.40,4.06,1.05,2.50,5.13,,8.71,7.18,7.14,6.28,8.38,5.90,7.23,8.46,-0.14,4.77,4.79,4.71,6.35,5.98,4.08,5.88,-0.70,-1.97,1.19,8.33,5.30,7.43,8.70,8.59,7.90,7.43,5.93,8.83,10.34,9.93,8.70,8.73,8.98,7.60,8.82,9.21,6.86,7.80,5.90,2.28,6.45,,4.95,3.33,1.60,-0.52,3.41,1.66,5.96,2.95,4.47,7.50,6.80,6.30,8.09,7.21,6.62,6.31,6.47,7.02,8.60,6.83,7.89,7.30,7.23,7.92,4.27,7.55,6.23,6.70,7.66,7.67,6.55,7.43,6.91,7.54,10,9.58,4.98,4.63,3.76,5.43,7.35,5.60,7.25,6.51,4.67,6.48,4.33,2.03,1.59,0.16,1.40,1.70,2.82,,3.80,4.56,3.45,4.21,2.60,4.82,4.10,2.13,1.97,1.21,3.50,,4.20,-4.20,8.30,6.10,9,,,,,,,6.90,7,,6.90,7.50,6.80,6.75,,,,,,,,5.90,6.60,8,6.90,8.50,,,,,4.30,,6.20,8.20,3.60,3.90,3.80,,,3.50,,,5,,,3.80,3.80,3.90,4.60,3.20,3.70,
2008-12-06 10:00,6.60,6.56,3.76,5.92,2.20,8.74,6.96,7.60,2.96,8.91,5,5.23,1.21,4.42,5.26,2.84,3.45,-1.26,5.30,4.52,1.13,2.66,5.54,,8.71,7.63,7.15,6.43,8.63,6.50,7.51,8.75,-0.04,4.96,5.07,4.90,6.21,6.18,4.14,6.01,-0.70,-2.27,0.76,8.69,5.20,7.38,8.60,8.65,7.79,7.36,6.05,7.96,10.39,9.97,8.83,8.67,8.84,7.60,8.81,9.18,6.82,7.80,5.99,2.26,6.40,,5.04,3.28,1.60,-0.53,3.50,1.92,6.62,3.07,4.60,7.88,6.30,5.88,8.21,8.14,6.77,5.95,6.81,7.10,8.71,6.81,7.88,7.50,7.34,7.97,4.29,7.76,6.31,7.10,7.73,7.96,6.73,7.38,6.76,7.42,9.96,9.64,5.23,4.87,3.94,5.88,7.55,5.90,7.47,6.72,4.72,6.58,4.42,2.06,1.66,0.25,1.50,2.02,2.90,,3.80,4.64,3.55,4.31,2.68,4.90,4.20,2.25,2.06,1.13,3.50,6.70,4.40,-4.20,8.90,6.10,9,11.30,5.80,-3.90,4.40,6.40,6.90,6.70,7.20,7.70,7.10,7.70,6.50,7.10,7.90,3.90,5,2.60,6.80,4.60,6.50,6.10,6.70,8,6.90,8.40,3.60,1.70,1.90,5.20,4.60,6.20,6.30,8.20,3.70,3.50,4.10,2.90,2.50,3.50,3.60,,5,3.90,4.20,3.90,3.90,4.10,4.70,3.10,3.70,3.50
2008-12-06 10:10,6.60,6.78,3.98,6.09,2.20,8.57,7.06,7.90,2.86,8.61,4.99,5.53,1.42,4.41,5.20,3.03,3.55,-1.29,5.40,4.45,1.13,2.68,5.58,,8.89,7.73,7.23,6.12,9.10,6.90,7.91,8.90,0.07,5.14,5.23,5.11,6.39,5.96,4.16,6.10,-0.40,-2.26,0.96,8.90,5.50,7.53,7.90,8.77,7.68,7.57,6.08,7.83,10.26,10.05,8.88,8.67,8.87,7.50,8.82,9.34,6.73,7.70,5.92,2.14,6.36,,5.05,3.39,1.80,-0.52,3.49,2.11,7.35,3.15,4.68,7.39,6.80,5.90,7.20,8.35,7,5.90,7.02,7.36,8.89,7.23,8.08,7.40,7.59,8.09,4.32,8.06,6.55,7.60,7.82,8.01,6.73,7.48,6.72,7.35,9.80,9.67,5.48,5.01,4.16,6.19,7.15,5.90,7.46,6.58,4.80,6.61,4.57,2.19,1.77,0.22,1.60,2.40,2.96,,3.80,4.93,3.58,4.86,2.71,4.82,4.20,2.36,1.92,1.21,3.50,,4.80,-4.30,9.10,6.10,8.90,,,,,,,6.70,7.30,,7.20,7.90,6.50,7.04,,,,,,,,6.40,6.70,8.10,7.10,8.30,,,,,4.70,,6.40,8.10,3.70,3.50,4.10,,,3.50,,,5.10,,,4,4,4.10,4.70,3.10,3.80,
2008-12-06 10:20,6.60,6.94,4.22,6.05,2,8.25,7.28,8.20,2.54,8.70,4.84,5.68,1.45,4.36,5.35,2.81,3.58,-1.15,5.60,4.48,1.10,2.75,5.64,,8.56,8.03,7.31,6.03,9.63,6.80,8.40,8.97,0.12,5.63,5.60,5.25,6.37,5.75,4.40,6.26,-0.30,-2.03,0.91,9.56,5.80,7.64,7.60,8.66,7.56,7.56,6.01,7.73,10.08,9.97,8.66,8.73,8.91,7.50,8.72,9.30,6.68,7.60,5.95,2.11,6.34,,4.98,3.39,1.90,-0.41,3.57,2.21,7.23,3.39,4.71,7.20,6.90,5.84,7.40,7.78,7.17,5.70,7.37,7.57,8.95,7.51,8.25,7.50,7.74,8.15,4.32,8.34,6.65,7.50,7.66,8.07,6.75,7.51,6.54,7.23,9.55,9.78,5.58,5.47,4.46,6.35,7.16,5.80,7.30,6.75,4.95,6.67,4.15,2.34,1.76,0.25,1.70,2.52,3.13,,3.90,4.91,3.56,4.99,2.74,4.84,4.10,2.39,2.24,1.14,3.50,,5.30,-4.30,9.40,6,8.80,,,,,,,6.70,7.50,,7.60,8.40,6.40,7.16,,,,,,,,6.60,6.60,8.10,7.30,8.30,,,,,4.80,,6.50,8.10,3.80,4.20,4.20,,,3.60,,,5.10,,,4.10,4.10,4.20,4.80,3,3.90,
2008-12-06 10:30,6.70,7.03,4.13,6.14,2,8.24,7.27,7.80,2.57,8.91,4.45,5.99,1.53,4.35,5.41,2.68,3.73,-1.35,5.60,4.95,1.61,3.08,5.97,,8.48,8.39,7.45,6.02,10.08,6.90,8.52,8.89,0.09,5.99,6.30,5.64,6.48,5.91,4.37,6.52,-0.20,-1.96,0.95,10.15,6,7.67,7.50,8.73,7.34,7.60,6.09,7.63,9.96,9.92,8.61,8.74,8.95,7.40,8.69,9.21,6.66,7.50,5.97,2.11,6.29,,5.18,3.57,2.10,-0.45,3.63,2.13,7.49,3.47,4.83,7.40,6.90,5.93,7,7.66,7.30,5.70,7.67,7.40,9.36,7.50,8.31,7.60,8.08,8.14,4.64,8.49,6.61,7.50,7.95,8.26,6.75,7.66,6.35,7.26,9.34,9.85,5.85,5.44,4.60,6.62,7.39,6.40,7.72,6.89,5.15,6.66,3.91,2.16,1.95,0.35,1.70,2.58,3.35,,3.90,4.99,3.61,4.96,2.90,4.99,4.20,2.46,2.33,1.34,3.50,,5.80,-4.30,9.90,6,8.40,,,,,,,6.60,7.20,,7.60,8.60,6.50,7.21,,,,,,,,6.50,6.50,8.10,7.50,8.20,,,,,4.70,,6.40,8,3.80,4.50,4.30,,,3.70,,,5.10,,,4.30,4.10,4.40,4.80,2.80,3.90,
2008-12-06 10:40,6.60,7.18,4.13,5.93,2,8.50,7.24,7.70,2.87,9.18,4.37,5.80,1.95,4.44,5.50,2.44,4.19,-1.33,5.70,5.26,1.74,2.96,6.33,,8.59,8.66,7.52,6.14,10.47,7.30,8.72,9.05,0.08,6.36,6.54,5.83,6.59,6.17,4.53,6.44,-0.20,-2.26,0.89,10.13,6.20,7.66,7.40,8.65,7.39,7.66,6.03,7.65,9.86,9.93,8.61,8.70,8.96,7.40,8.73,9.18,6.77,7.70,5.96,2.01,6.30,,4.90,3.69,2,-0.52,3.60,2.41,7.70,3.56,4.92,7.53,6.80,5.92,7,7.45,7.35,5.70,7.87,6.68,9.51,7.52,8.54,7.70,8.25,8.29,4.80,8.35,6.59,7.80,8.36,8.58,6.84,7.71,6.51,7.14,8.77,9.23,6.13,5.32,4.57,7.01,7.38,7,7.87,6.87,5.19,6.70,3.79,2.25,2.15,0.39,1.90,2.61,3.39,,3.90,5,3.73,4.92,3.16,5.03,4.40,2.52,2.40,1.43,3.50,,5.60,-4.20,9.90,6.10,8.40,,,,,,,6,7.30,,7.50,8.70,6.80,7.25,,,,,,,,6.70,6.80,8.30,7.30,8.20,,,,,4.70,,6.40,8.10,3.90,4.50,4.40,,,3.70,,,5.20,,,4.50,4,4.80,4.90,2.50,4,
2008-12-06 10:50,6.70,7.10,4.15,5.83,2,8.64,7.40,7.10,3.02,9.15,4.28,5.94,1.93,4.72,5.46,2.39,4.48,-1.20,6,4.86,1.69,2.55,5.76,,8.68,8.97,7.93,6.11,10.42,7.20,8.99,9.60,0.10,6.37,6.55,5.88,6.52,6.05,4.63,6.52,-0.40,-2.08,1.16,9.83,5.90,7.61,7.40,8.62,7.44,7.70,6.31,7.48,9.61,9.90,8.57,8.71,8.85,7.40,8.80,9.26,6.70,7.70,5.96,2.05,6.27,,4.89,3.64,1.90,-0.50,3.50,2.46,7.41,3.61,4.82,8.07,6.80,5.94,7.20,7.88,6.82,5.70,8.18,6.36,9.55,7.21,8.63,8.10,8.57,8.41,4.95,8.44,6.95,8.60,8.40,8.63,7.01,7.65,6.58,7.10,7.85,8.73,6.29,5.25,4.54,7.06,7.18,6.70,7.82,6.94,5.35,6.64,3.67,2.13,2.22,0.59,1.90,2.67,3.47,,4,5.05,3.83,5.19,3.38,5.12,4.50,2.60,2.52,1.60,3.50,,5.40,-4.40,9.80,6.40,8.40,,,,,,,6.10,7.30,,7.50,8.70,7,7.27,,,,,,,,6.80,7.10,8.50,7.60,8.20,,,,,4.60,,6.50,8.10,3.90,4.50,4.50,,,3.80,,,5.20,,,4.60,4,5.20,5,2.50,4,
2008-12-06 11:00,6.70,7.09,4.06,5.77,2,8.68,7.25,6.90,2.86,9.54,4.42,6.11,1.94,4.73,5.59,2.38,4.34,-1.41,6.10,4.54,1.62,2.30,5.68,,8.88,9.72,8.28,6.37,10.37,7.40,9.09,9.45,0.21,6.22,6.34,5.99,6.71,6.28,4.77,6.81,-0.30,-2.05,1.18,9.72,5.90,7.74,7.30,8.60,7.33,7.69,6.45,7.31,9.62,9.97,8.61,8.62,8.72,7.50,8.81,9.25,6.70,7.60,5.99,2,6.22,,4.78,3.53,1.80,-0.33,3.25,2.39,7.37,3.52,5.03,8.14,6.90,6.05,7.10,8,6.70,5.50,8.01,6.14,9.05,7.14,8.46,8.30,8.77,8.75,4.81,8.23,7.09,8.40,8.63,8.68,6.97,7.72,6.54,7.30,7.61,8.34,6.39,5.44,4.67,6.91,7.25,6.70,7.91,7.11,5.45,6.71,3.63,2.12,2.43,0.61,1.90,2.84,3.54,,4,5.18,3.76,5.17,3.31,5.14,4.60,2.55,2.85,1.71,3.50,7.10,5.30,-4.10,10,6.50,8.50,,5.90,-3.90,5.40,8.60,6.90,6.10,6.80,8.40,7.80,8.60,7.20,7.50,,4.10,6.30,3.70,7.10,5.40,6.90,7,7.40,8.50,7.40,8.20,4.90,2.20,3,6.90,4.70,6.40,6.50,8.10,4,3.30,4.60,3.30,3.30,3.80,4,,5.30,4.70,4.40,4.70,4,5.30,5.10,2.50,4,3.50
2008-12-06 11:10,6.70,7.07,4.03,5.65,1.77,8.64,7.09,6.80,2.82,9.66,4.41,6.37,1.80,4.44,5.84,2.40,4.07,-1.27,6.60,4.41,1.75,2.49,5.80,,9.08,9.65,8.04,6.33,10.33,7.10,9.06,9.37,0,6.32,6.54,6.47,7.23,6.67,4.72,6.93,-0.20,-2.02,1.02,9.72,6,8.09,7.30,8.60,7.56,7.78,7.29,7.45,9.59,9.90,8.54,8.56,8.63,7.60,8.70,9.34,6.77,7.60,5.94,1.89,6.25,,4.75,3.52,1.90,-0.25,3.29,2.25,7.01,3.42,5.06,7.79,6.90,6.18,6.60,7.89,6.61,5.50,7.80,6.36,9.40,7.23,7.93,9,8.85,9.31,4.74,8.11,7.36,8.30,8.60,8.96,6.94,7.71,6.60,7.39,7.54,8.01,6.46,5.50,4.76,7,7.53,6.70,8.12,7.27,5.48,6.79,3.76,2.13,2.55,0.66,2,2.94,3.54,,4,5.29,3.84,5.13,3.33,5.07,4.60,2.59,2.96,1.59,3.50,,5.10,-3.90,10.20,6.20,8.50,,,,,,,6.10,6.60,,7.80,8.70,7.30,7.38,,,,,,,,7.20,7.40,8.50,7.80,8,,,,,4.80,,6.70,8.10,4,3.30,4.60,,,3.80,,,5.30,,,4.70,4,5.30,5.10,2.50,4,
2008-12-06 11:20,6.80,6.97,3.89,5.66,1.79,8.80,6.89,6.80,2.74,9.27,4.34,6.39,1.86,4.29,6.11,2.43,4.46,-1.13,6.70,4.32,1.52,2.46,6.09,,8.93,9.16,8.05,6.16,10.06,7,9.43,9.50,-0.08,6.47,6.70,6.70,7.21,7.04,4.79,7.02,-0.30,-2.22,0.82,9.40,5.70,8.58,7.10,8.33,7.57,7.76,7,7.47,9.52,9.75,8.46,8.69,8.55,7.80,8.63,9.25,6.79,7.60,5.92,1.80,6.21,,4.79,3.55,1.90,-0.45,3.67,2.23,6.31,3.39,5.22,7.94,6.90,6.22,6.41,8.32,6.69,5.50,7.39,6.72,9.56,7.61,7.74,8.90,8.95,9.34,4.90,8.13,7.73,8.30,8.30,9.36,6.97,7.58,6.65,7.49,7.38,7.72,6.67,5.66,4.81,7.11,7.97,6.90,8.06,7.22,5.55,6.83,3.90,2.14,2.76,0.67,2,2.99,3.69,,3.90,5.47,3.93,5.11,3.44,5.10,4.60,2.64,2.95,1.58,3.50,,5.10,-4,10.30,6.30,8.50,,,,,,,6,6.50,,7.90,8.80,7.60,7.39,,,,,,,,7.30,7.30,8.40,7.60,8.10,,,,,5,,6.70,8.20,4.10,3.10,4.70,,,3.90,,,5.40,,,4.80,4,5.30,5.10,2.70,4.10,
2008-12-06 11:30,7,7,3.98,5.73,1.87,8.66,7.21,6.90,2.75,9.08,4.36,6.30,1.61,4.34,5.83,2.39,4.39,-1.39,6.60,4.25,1.34,2.50,5.83,,8.86,9.31,8.15,6.24,10.07,7,9.60,9.32,-0.06,6.41,6.86,6.60,7.36,7.34,4.48,7.53,-0.50,-2.59,0.56,8.86,5.70,8.53,7,7.76,7.46,7.74,7.04,7.18,9.37,9.44,8.42,8.55,8.35,7.80,8.89,9.28,6.74,7.60,5.75,1.74,6.14,,4.76,3.72,2,-0.46,3.85,2.33,6.13,3.22,5.32,7.88,6.80,6.28,7.16,8.51,6.81,5.60,7.51,6.67,9.78,7.75,7.64,9,9.01,9.38,4.99,7.89,7.80,8.40,8.57,9.50,6.83,7.45,6.66,7.56,7.21,7.57,6.86,5.53,4.92,7.28,8.34,7.80,8,7.32,5.68,6.95,3.94,2.10,3,0.80,2.10,2.96,3.69,,3.90,5.53,4.02,5.32,3.57,5.20,4.60,2.70,2.72,1.63,3.60,,5,-4.20,10.70,6.50,8.50,,,,,,,5.90,6.60,,8.10,9,7.20,7.54,,,,,,,,7.10,7.50,8.30,7.60,8.30,,,,,5,,6.90,8.10,4.10,3.20,4.80,,,4,,,5.40,,,4.80,4.10,5,5.10,2.80,4.10,
2008-12-06 11:40,7,7.08,3.98,5.84,1.84,8.35,7.57,6.90,2.74,8.90,4.11,6.22,1.67,4.25,5.50,2.37,4.11,-1.28,5.90,4.19,1.58,2.35,5.79,,8.77,9.11,8.43,6.13,10.45,6.90,9.10,9.30,-0.15,6.31,6.88,6.58,7.57,7.37,4.45,7.70,-0.40,-2.67,0.28,8.62,5.90,8.54,7.30,7.48,7.65,7.70,7.21,7.08,9.27,9.23,8.40,8.53,8.33,7.80,8.67,9.23,6.81,7.70,5.75,1.75,6.20,,4.76,3.82,2,-0.48,4.20,2.38,6.13,2.95,5.35,7.49,6.90,6.28,7.64,7.97,7.01,5.70,7.57,6.45,9.90,7.88,7.47,8.40,8.97,9.43,5.03,7.84,7.77,8.70,9.07,9.42,6.75,7.50,6.66,7.39,7.06,7.38,6.51,5.50,4.75,7.46,8.07,7.80,8.13,7.47,5.81,7.13,3.95,2.28,3.21,0.95,2.20,3.01,3.75,,3.90,5.42,4.07,5.49,3.71,5.03,4.70,2.88,2.76,1.84,3.60,,5.10,-4.20,9.70,6.60,8.60,,,,,,,6,6.60,,8.10,9.20,7.20,7.57,,,,,,,,7.30,7.80,8.20,7.60,8.40,,,,,5,,6.80,7.90,4.10,3.30,4.90,,,4.10,,,5.50,,,4.80,4,5.10,5,2.90,4.10,
2008-12-06 11:50,7,7.17,4.02,6.02,1.98,8.26,7.03,6.90,2.67,8.58,3.89,6.10,1.57,4.33,5.57,2.45,4,-1.36,5.70,3.95,1.47,2.37,5.61,,8.82,8.73,8.32,6.16,10.30,6.90,8.69,9.03,-0.24,6.47,6.59,6.65,7.56,7.43,4.41,7.48,-0.40,-2.64,0.48,8.64,5.60,8.80,7.50,7.42,7.91,7.67,7.28,7.11,9.23,9.09,8.36,8.57,8.14,7.80,8.83,9.06,6.94,7.90,5.75,1.75,6.25,,4.76,3.74,2.10,-0.46,4.59,2.41,6.15,2.62,5.38,7.56,6.80,6.39,7.48,7.76,7,5.90,7.80,6.96,9.82,7.78,7.50,8.50,8.97,9.29,5.28,8.13,8,8.90,9.04,9.51,6.81,7.56,6.62,7.36,6.91,7.26,6.23,5.58,4.88,7.74,8.05,8,8.25,7.71,5.85,7.18,3.72,2.49,3.22,1.12,2.30,3.19,3.83,,3.90,5.44,4.03,5.44,3.92,5.07,4.70,2.74,2.77,1.91,3.60,,4.90,-4.40,9.60,6.70,8.70,,,,,,,5.90,6.70,,8.20,9.20,7.30,7.89,,,,,,,,7.50,7.80,8.50,7.60,8.20,,,,,5.50,,6.80,8.10,4.20,3.10,5,,,4.10,,,5.50,,,4.80,3.80,5.10,5,2.90,4.10,
2008-12-06 12:00,7,7.44,4.13,6.04,1.99,8.19,6.80,6.90,3,8.19,3.93,5.87,1.48,4.46,5.17,2.61,3.93,-1.09,5.30,3.83,1.46,2.30,5.63,,8.85,8.38,8.03,6.16,10.12,6.90,8.44,9.01,-0.34,6.14,6.69,6.64,7.71,7.48,4.16,7.72,-0.50,-2.56,1.02,8.52,5.30,9.02,7.50,7.54,7.88,7.65,7.33,7.15,8.31,8.95,8.23,8.51,8.20,7.90,8.88,9.04,6.82,7.80,5.68,1.69,6.25,,4.80,3.49,2.10,-0.40,4.81,2.60,6.20,2.68,5.89,7.43,6.70,6.38,7.62,7.72,6.85,6,7.66,6.79,9.47,7.86,7.90,8.50,8.92,8.73,5.43,8.31,7.95,9,9.15,9.35,6.76,8.02,6.59,7.36,6.75,6.95,6.12,5.59,4.96,8,8.13,8.20,8.40,7.81,5.97,7.13,3.75,2.54,3.27,1.51,2.40,3.18,3.81,,4,5.43,4.18,5.57,3.99,5.20,4.60,2.73,2.80,1.97,3.70,7.50,4.90,-4.50,9.60,6.90,8.70,,5.50,-3.90,5.30,8.70,7.10,5.80,6.80,8.40,7.80,9.20,7.40,8,7.50,5.30,6.80,4.30,8.20,6.70,6.90,7.60,7.70,8.60,7.40,8,5.20,2.90,3.70,7,5.80,6.80,6.80,8.20,4.20,3.20,5.10,,3.60,4.10,4.10,5.30,5.60,4.80,4.60,4.80,3.90,5,5,3,4.20,3.70
2008-12-06 12:10,7.10,7.65,4.03,5.80,2.20,8.27,7.08,6.70,3,7.74,3.89,5.97,1.55,4.59,5.06,2.55,4.03,-1.62,5.10,3.96,1.26,2.38,5.89,,8.85,8.23,7.98,6.15,10,6.80,8.33,8.91,-0.32,6.14,6.55,6.45,7.88,7.25,4.03,7.57,-0.60,-2.78,0.44,8.71,5.30,9.05,7.40,7.55,7.90,7.70,7.41,7.05,8.05,8.80,8.17,8.55,8.27,7.90,8.69,9.07,6.81,7.90,5.59,1.69,6.26,,4.77,3.40,2.10,-0.35,4.74,2.82,6.32,2.65,6.02,7.12,6.70,6.29,7.70,7.77,6.63,6.30,7.53,6.56,9.21,7.91,7.73,8.50,8.81,8.47,5.24,8.23,7.75,8.70,9.23,9.39,6.66,8.01,6.63,7.30,6.75,6.79,5.98,5.68,4.99,7.69,7.40,8.20,8.35,7.84,5.90,6.98,3.67,2.69,3.25,1.77,2.50,3.20,3.85,,3.90,5.26,4.33,5.58,4.08,5.08,4.50,2.68,2.60,2.14,3.60,,5.10,-4.60,9.50,7,8.60,,,,,,,5.80,7.30,,7.80,9.20,7.40,7.98,,,,,,,,7.40,7.80,8.50,7.40,8,,,,,5.90,,7,8.40,4.20,3.20,5.10,,,4.10,,,5.60,,,4.80,3.90,5,5,3,4.20,
2008-12-06 12:20,7.30,7.60,3.82,5.59,2.20,8.06,6.93,6.70,2.68,7.44,3.87,5.92,1.64,4.62,4.82,2.63,3.81,-1.44,5,4.15,1.11,2.62,6.15,,8.95,8.10,7.95,6,9.92,6.70,8.36,8.74,-0.18,6.13,6.38,6.34,7.81,7.23,4,7.57,-0.70,-2.85,0.18,8.61,5.50,8.88,7.20,7.53,8.06,7.64,7.47,7.05,7.88,8.55,7.85,8.61,8.21,7.80,8.59,9.20,6.80,7.80,5.62,1.64,6.18,,4.74,3.25,2.10,-0.41,4.66,2.82,6.35,2.36,5.60,6.89,6.80,6.40,7.10,7.74,6.55,6.40,7.51,6.60,9.09,8.05,7.61,8.80,8.73,8.56,5.33,8.13,7.69,8.80,8.94,9.43,6.83,7.78,6.66,7.05,6.70,6.71,5.88,5.84,5.01,7.59,6.96,8.20,8.26,7.90,5.87,6.77,3.64,2.81,3.23,1.89,2.70,3.42,3.77,,3.90,5.20,4.40,5.57,4.03,5.13,4.50,2.80,2.86,2.20,3.70,,5.20,-4.60,9.50,7,8.60,,,,,,,6,7.20,,8.20,9.20,7.60,7.93,,,,,,,,7.30,7.80,8.50,7.50,8,,,,,6.10,,6.90,8.30,4.30,3.30,,,,4.10,,,5.50,,,4.90,3.80,5,5,3.10,4.30,
2008-12-06 12:30,7.30,7.36,3.75,5.36,2.20,7.75,7.02,6.70,2.49,7.38,3.87,5.91,1.68,4.53,4.76,2.58,3.75,-1.55,5,4.55,0.80,2.90,6.31,,8.94,8.05,8.05,6.02,9.92,6.60,8.24,8.70,-0.28,6.03,6.42,6.35,7.66,7.20,4.13,7.59,-0.60,-2.95,0.26,8.52,5.70,8.80,6.90,7.20,8.01,7.53,7.51,7.06,7.83,8.40,7.86,8.53,8.23,7.80,8.55,9.12,6.81,7.80,5.61,1.70,6.15,,4.83,3.33,2.10,-0.42,4.53,2.69,6.87,2.23,5.82,7,7,6.52,6.90,7.53,6.51,6.30,7.30,6.67,8.90,7.85,7.83,8.80,8.75,8.60,5.46,7.93,7.57,8.70,8.84,9.48,7.02,7.99,6.59,6.86,6.80,6.49,5.87,5.80,4.99,7.37,6.93,8.20,8.19,7.81,5.92,6.60,3.69,2.89,3.13,2.04,2.60,3.34,3.54,,3.90,5.16,4.37,5.67,4.25,5.19,4.60,2.82,2.93,2.18,3.70,,5.40,-4.60,9.40,7,8.60,,,,,,,6.40,7,,8.40,9.20,7.50,8.09,,,,,,,,7,7.90,8.60,7.60,8,,,,,6.10,,6.90,8.10,4.30,3.30,5.10,,,4.20,,,5.50,,,4.90,3.70,5,5,3.20,4.20,
2008-12-06 12:40,7.30,7.12,3.74,5.27,2.20,7.74,6.75,6.50,2.26,7.39,4.01,5.87,1.69,4.26,4.61,2.51,4.20,-1.52,4.80,4.56,0.43,3.04,6.15,,8.76,8.05,7.94,6.01,9.73,6.50,8.09,8.69,-0.38,6.30,6.49,6.38,7.55,7.23,4.54,7.73,-0.70,-3.03,0.38,8.54,5.70,8.74,6.90,6.70,7.94,6.98,7.25,7,7.81,8.40,7.76,8.51,8.20,7.80,8.45,8.99,6.77,7.70,5.57,1.57,6.13,,4.78,3.29,2.10,-0.44,4.59,2.73,7.18,2.09,5.54,6.99,7,6.54,7.50,7.64,6.60,6.30,7.25,6.60,9,7.42,7.31,8.50,8.56,8.53,5.67,7.63,7.44,8.50,8.91,9.47,7.10,8.47,6.65,6.95,6.64,6.43,5.84,5.72,4.85,7.56,6.98,7.60,8.21,7.74,5.93,6.55,3.75,3.13,3,2.10,2.60,3.37,3.62,,3.90,5.06,4.37,5.56,4.21,5.21,4.60,2.77,3.18,2.25,3.60,,5.30,-4.50,9.30,7,8.60,,,,,,,6.70,6.80,,8.40,9.20,7.30,8.17,,,,,,,,7,7.90,8.60,7.40,7.90,,,,,6.20,,6.90,8,4.30,3.50,5,,,4.20,,,5.40,,,4.90,3.70,5,5,3.20,4.20,
2008-12-06 12:50,7.20,6.84,3.76,5.33,2.30,7.80,6.79,6.40,2.25,7.38,4.04,5.79,1.95,4.06,4.56,2.54,4.19,-1.56,4.70,4.67,0.24,3.20,6.07,,8.71,8.19,7.96,6,9.58,6.50,7.87,8.64,-0.37,6.44,6.72,6.42,7.84,7.20,4.50,7.99,-1,-3.05,0.17,8.59,5.90,8.76,6.80,6.24,7.71,6.53,7.31,7,7.81,8.51,7.80,8.46,8.17,7.80,8.49,9.02,6.73,7.70,5.56,1.52,6.01,,4.78,3.31,1.80,-0.48,4.40,2.70,7.35,2.08,5.02,6.98,7.30,6.52,7.75,8.14,6.58,6.40,7.20,6.55,8.51,7.31,6.96,8.40,8.46,8.58,5.41,7.50,7.46,8.40,9.10,9.28,6.93,7.92,6.56,6.94,6.72,6.38,5.77,5.66,4.80,7.36,6.81,7.40,8.07,7.69,6.05,6.51,3.84,3.11,3.02,2.23,2.70,3.43,3.55,,3.90,5.09,4.32,5.37,4.26,5.16,4.80,2.83,3.17,2.24,3.70,,5.20,-4.70,9.20,6.90,8.60,,,,,,,6.30,6.80,,8.70,9.10,7.30,8.16,,,,,,,,7,7.30,8.60,7.30,7.70,,,,,6.30,,6.80,7.90,4.40,3.40,5,,,4.30,,,5.30,,,4.90,3.70,5,5,3.30,4.20,
2008-12-06 13:00,7.10,6.93,3.50,5.47,2.60,7.53,6.83,6.50,2.39,7.66,4.12,5.54,1.66,4.13,4.48,2.84,3.80,-1.77,4.60,5,0.14,3.17,5.78,,8.62,8.40,8.26,6.04,9.41,6.70,7.68,8.74,-0.49,6.37,6.83,6.90,8.23,7.47,4.61,7.91,-1.20,-3.13,-0.11,8.48,6,8.78,6.70,6.11,7.95,6.31,7.40,7.03,7.80,8.53,7.92,8.48,8.34,7.70,8.39,8.86,6.63,7.50,5.63,1.53,5.99,,4.68,3.34,1.60,-0.45,4.23,2.71,7.01,1.85,4.65,6.76,7.20,6.59,7.72,8.01,6.53,6.30,7.08,6.10,8.37,7.49,7.15,8.40,8.41,8.49,5.39,7.36,7.42,8.30,9.09,9.03,6.90,7.60,6.53,7.02,6.67,6.33,5.66,5.63,4.80,7.11,6.76,7.30,8.03,7.38,6.12,6.53,3.84,3.22,3.03,2.17,2.60,3.36,3.61,,3.90,5.14,4.25,5.16,4.43,5.12,4.70,2.88,3.35,2.22,3.70,6.10,5,-4.80,9.20,6.90,8.60,7.40,5.30,-3.80,4.20,8.60,6.90,6.20,6.80,7.70,8.20,9.10,7.10,8.10,7.20,5.40,6.90,5.60,7.20,6.40,6.90,7,7,8.40,7.30,7.50,5.30,3,3.90,6.40,6.20,7.20,6.90,7.70,4.40,3.30,5,4.10,3.80,4.40,4.40,,5.20,4.80,4.60,5,3.60,5.10,4.90,3.20,4.20,3.70
2008-12-06 13:10,7.40,6.90,3.44,5.43,2.50,7.20,6.69,6.50,2.13,7.93,4.46,5.55,1.77,4.16,4.38,2.97,3.67,-2.23,4.50,5.09,-0.05,2.68,5.74,,8.71,8.27,8.07,6.15,9.21,6.70,7.63,8.85,-0.64,6.19,6.71,6.89,8.21,7.46,4.93,7.60,-1.50,-3.28,-0.05,8.34,6,8.66,6.70,6.11,7.71,6.05,7.31,6.94,7.77,8.52,7.97,8.53,8.30,7.50,8.30,8.82,6.56,7.40,5.66,1.44,6.02,,4.70,3.32,1.70,-0.42,4.23,2.58,6.57,1.63,4.39,6.78,7,6.68,7.50,7.43,6.58,6.40,7.20,5.71,8.31,7.29,7.33,8.70,8.33,8.92,5.28,7.08,7.38,8.20,8.76,8.83,6.74,7.52,6.60,7.08,6.66,6.37,5.50,5.51,5.01,7.85,7.05,7.20,7.95,6.88,6.11,6.39,3.77,3.26,3.16,2.17,2.60,3.45,3.52,,3.90,5.20,4.21,4.93,4.37,5.15,4.80,2.88,3.44,2.29,3.70,,5,-5,9.20,6.90,8.60,,,,,,,6,6.80,,8.20,9.10,7.10,8.08,,,,,,,,6.90,7,8.20,6.90,7.20,,,,,5.80,,6.90,7.60,4.40,3.30,5,,,4.50,,,5.10,,,4.90,3.60,5.10,4.90,3.20,4.20,
2008-12-06 13:20,7.70,6.85,3.48,5.52,2.50,6.84,6.46,6.50,1.88,7.83,4.66,5.42,1.82,3.94,4.40,3.18,3.57,-2.10,5,4.91,-0.10,2.67,5.78,,8.94,8.15,8.02,6.07,9.02,6.80,7.40,8.95,-0.80,6.01,6.65,6.81,8.01,7.50,4.82,7.49,-1.70,-3.01,-0.40,8.26,5.90,8.81,6.70,6.10,7.37,5.56,7.04,7.02,7.70,8.57,7.92,8.30,8.26,7.50,8.47,8.71,6.59,7.40,5.59,1.34,6.01,,4.71,3.35,1.80,-0.53,4.24,2.51,6.40,1.53,4.28,6.76,6.90,6.61,7.20,7.34,6.59,6.80,7.37,5.54,8.73,7.36,7.39,9,8.21,8.94,5.24,6.92,7.31,8,8.57,8.66,6.53,7.41,6.59,7,6.62,6.38,5.39,5.30,4.76,8.06,7.25,7.20,7.80,6.67,6.09,6.40,3.67,3.29,3.24,2.20,2.60,3.42,3.57,,3.90,4.96,4.22,4.95,4.31,5.02,4.80,2.90,3.49,2.33,3.60,,4.70,-5.10,9.60,6.80,8.60,,,,,,,6.10,6.70,,8.10,9,7,7.88,,,,,,,,6.80,7,8.10,6.70,7,,,,,5.50,,6.80,7.60,4.40,3.30,5,,,4.50,,,5,,,4.90,3.70,5.10,4.90,3.20,4.20,
2008-12-06 13:30,7.80,6.83,3.61,5.55,2.50,6.93,6.05,6.30,1.94,,4.60,5.36,1.85,3.86,4.26,3.10,3.63,-1.78,5.30,4.60,-0.30,2.66,5.54,,8.97,8.03,7.97,5.97,9.09,6.70,7.40,8.81,-0.75,5.85,6.49,6.64,7.70,7.41,4.24,7.30,-1.90,-2.62,-1.06,8.16,5.90,8.81,6.30,6.13,7.28,5.21,7.25,7,7.69,8.49,7.99,8.34,8.12,7.50,8.40,8.81,6.67,7.40,5.55,1.31,5.91,,4.64,3.36,1.80,-0.55,4.04,2.50,6.18,1.47,4.10,6.55,6.70,6.33,7.40,7.30,6.51,6.40,7.35,5.52,8.84,7.34,7.32,8.40,8.41,8.76,5.09,6.92,7.16,7.90,8.40,8.77,6.59,7.21,6.54,6.92,6.60,6.40,5.26,5.38,4.74,8.03,7.53,7.20,7.75,6.71,6.13,6.36,3.63,3.20,3.18,2.24,2.50,3.38,3.52,,3.90,5.10,4.16,4.89,4.41,4.94,4.80,2.99,3.55,2.37,3.60,,4.80,-5.20,9.60,6.70,8.60,,,,,,,6.20,6.80,,7.90,9,6.90,7.68,,,,,,,,6.80,6.90,7.80,6.40,7,,,,,5.40,,6.80,7.60,4.40,3.30,5,,,4.50,,,4.90,,,4.90,3.90,5.10,4.80,3.20,4.10,
2008-12-06 13:40,7.80,6.64,3.46,5.56,2.40,7.09,6.06,6.20,1.79,,4.34,5.48,1.72,3.87,4.13,3.05,3.67,-2.22,5,4.23,-0.42,2.75,5.36,,8.79,8.09,7.77,5.93,9.02,6.50,7.33,8.54,-0.64,5.67,6.29,6.46,7.56,7.39,4.11,7.30,-1.50,-2.72,-1.03,7.99,5.40,8.78,6.20,6.17,7.08,5.06,7.06,6.99,7.53,8.19,7.96,8.38,8.06,7.40,8.24,8.86,6.62,7.50,5.53,1.24,5.93,,4.58,3.16,1.70,-0.58,4.04,2.17,6.09,1.45,3.94,6.39,6.70,5.95,7.50,7.07,6.40,6.10,7.03,5.62,8.90,7.15,7.10,8,8.53,8.43,4.90,6.85,6.96,7.80,8.33,8.74,6.36,6.92,6.52,6.81,6.52,6.37,5.33,5.32,4.90,7.63,7.39,7.20,7.65,6.75,6.10,6.29,3.55,3.14,3,2.26,2.40,3.47,3.53,,3.90,5.06,4.09,4.66,4.46,4.87,4.90,2.95,3.52,2.35,3.60,,4.50,-5.30,9.30,6.60,8.50,,,,,,,6.20,6.30,,7.60,9.20,6.80,7.37,,,,,,,,6.70,6.80,7.50,6.20,7,,,,,5.30,,6.70,7.50,4.40,3.20,4.80,,,4.40,,,4.90,,,4.90,4,5,4.80,3.10,4.10,
2008-12-06 13:50,7.40,6.38,3.47,5.45,2.20,7.18,5.92,6.10,1.57,,4.26,5.62,1.38,3.81,3.93,2.92,3.34,-2.41,4.60,4,-0.55,2.15,5.06,,8.50,7.75,7.60,5.78,8.83,6.20,7.23,8.54,-0.76,5.46,6.07,6.28,7.36,7,3.87,6.68,-1.70,-3.18,-1.30,7.51,5.10,9.01,6.20,6.03,6.97,5.12,6.76,6.87,7.47,7.98,7.90,8.34,8.05,7.30,8.21,8.75,6.57,7.50,5.55,1.18,5.95,,4.54,3.06,1.70,-0.62,3.76,2.34,5.96,1.56,3.79,6.21,6.60,5.93,7.40,6.72,6.16,6.10,6.79,5.45,8.62,6.99,6.88,7.80,8.63,8.20,4.86,6.82,6.89,7.60,8.31,8.61,6.07,6.58,6.49,7.09,6.50,6.34,5.37,5.29,4.83,7.22,6.99,7.10,7.41,6.76,5.86,6.23,3.54,3.12,2.72,2.26,2.40,3.53,3.52,,3.90,4.85,4,4.63,4.29,4.83,4.80,3.03,3.58,2.24,3.60,,3.30,-5.30,9.20,6.50,8.40,,,,,,,6.10,6.20,,7.50,9,6.60,7.21,,,,,,,,6.90,6.70,7.40,6.10,7,,,,,5.20,,6.80,7.40,4.40,3.20,4.60,,,4.30,,,4.80,,,4.80,4.20,5,4.80,3.10,4,
2008-12-06 14:00,7.10,6.26,3.53,5.40,2.30,7.06,5.52,6,1.49,6.88,3.94,5.43,1.14,3.75,3.77,2.50,3.14,-2.26,4.20,3.90,-0.62,1.57,4.71,,8.36,7.69,7.34,5.44,8.59,6,6.95,8.42,-0.97,5.22,6.01,6.11,6.94,6.73,3.53,6.22,-1.90,-2.97,-1.40,7.35,4.70,8.98,6.20,5.97,6.66,5.08,6.27,6.74,7.45,7.75,7.66,8.27,8.04,7.20,8.16,8.77,6.51,7.40,5.49,1.15,5.71,,4.15,3.04,1.60,-0.58,3.69,2.44,5.93,1.72,3.54,6.21,6.10,5.61,7.40,6.29,6.01,6.10,6.67,5.31,8.09,6.89,6.48,7.40,8.73,8.06,4.88,6.80,6.87,7.50,8.24,8.58,5.84,6.23,6.45,7,6.48,6.35,5.40,5.04,4.83,6.97,6.59,7,7,6.68,5.79,6.14,3.69,2.91,2.56,2.27,2.40,3.37,3.46,,3.80,4.58,3.96,4.57,4.26,4.80,4.90,3.12,3.43,2.21,3.50,5.50,2.60,-5.30,9.10,6.50,8.30,,4.30,-4,4.10,7.10,6.80,6.10,6,6.20,7,8.70,6.30,7.10,6.90,5.20,5.90,5.20,6.40,6,6.40,6.80,6.70,7.30,5.90,6.70,5.10,3.40,3.90,5.90,5.20,6.40,6.70,7.40,4.30,3.20,4.50,3.80,3.60,4.30,4.30,,4.80,4.70,4.50,4.80,4.20,5,4.80,3.10,4,3.50
2008-12-06 14:10,6.80,6.14,3.54,5.34,2.01,6.84,5.35,5.80,1.23,6.64,3.64,5.10,0.86,3.78,3.66,2.42,3.16,-2.28,4.10,3.46,-0.71,1.28,4.16,,8.16,7.39,7.26,5.26,8.25,5.90,6.68,8.21,-1,5.07,5.88,5.79,6.76,6.37,3,5.38,-2.20,-2.40,-1.38,7.24,4.40,8.60,6,5.89,6.36,4.97,5.98,6.73,7.21,7.63,7.67,8.12,7.94,7.20,8.03,8.58,6.47,7.40,5.45,1,5.61,,4.07,3.06,1.50,-0.61,3.58,2.27,5.83,1.71,3.24,6.12,5.80,5.42,7.08,6.38,5.96,6,6.65,5.19,7.61,6.62,6.26,7.20,8.45,7.84,4.77,6.90,6.73,7.30,8.12,8.25,5.59,5.96,6.42,6.91,6.43,6.21,5.34,4.74,4.75,6.62,6.41,6.90,6.41,6.56,5.56,5.99,3.64,2.75,2.47,2.30,2.40,3.38,3.53,,3.80,4.43,3.93,4.73,4.39,4.72,4.90,3.11,3.66,2.22,3.60,,2.30,-5.40,8.90,6.30,8.10,,,,,,,5.90,5.90,,7,8.30,6.30,7.10,,,,,,,,6.70,6.60,7,5.60,6.30,,,,,4.90,,6.40,7.30,4.30,3.20,4.50,,,4.30,,,4.70,,,4.80,4.10,5,4.80,3.10,4,
2008-12-06 14:20,6.60,6.12,3.41,5.27,1.93,6.63,5.04,5.70,0.98,6.23,3.48,4.80,0.64,3.47,3.61,2.17,2.91,-2.09,3.80,2.72,-0.80,0.91,3.48,,7.88,7.10,7.03,5.18,8.02,5.60,6.52,7.74,-1.12,4.85,5.51,5.33,6.43,5.86,2.65,4.85,-2.50,-2.45,-1.55,6.98,4.10,8.32,5.80,5.80,5.99,4.85,5.66,6.72,7.26,7.36,7.58,8.08,7.93,7.10,7.99,8.48,6.39,7.30,5.41,0.99,5.60,,4.03,3.02,1.50,-0.53,3.68,2.23,5.78,1.79,2.93,5.81,6,5.18,6.67,6.62,5.81,5.90,6.60,5.06,7.46,6.35,5.94,6.80,8.11,7.51,4.56,6.66,6.62,7.10,7.92,8.21,5.58,5.78,6.18,6.79,6.44,6.18,5.38,4.62,4.67,6.44,6.02,6.80,5.86,6.31,5.40,5.82,3.65,2.64,2.23,2.33,2.40,3.37,3.43,,3.80,4.17,3.84,4.42,4.28,4.63,4.90,3.13,3.71,2.50,3.70,,2.10,-5.70,8.60,6.50,8,,,,,,,5.70,5.50,,6.60,8,6.20,7.07,,,,,,,,6.40,6.30,6.80,5.30,6.30,,,,,4.80,,6.10,7.20,4.30,3.20,4.50,,,4.30,,,4.60,,,4.80,4.10,4.90,4.70,3.10,4,
2008-12-06 14:30,6.40,5.93,3.32,5.16,1.78,6.27,5.07,5.50,0.65,6.14,3.23,4.56,0.46,3.18,3.41,2.21,2.52,-2.72,3.40,1.91,-0.85,0.72,2.83,,7.78,6.92,6.72,5.15,7.59,5.30,6.33,7.62,-1.20,4.45,4.86,4.86,6.02,5.48,2.40,4.25,-2.70,-2.22,-1.81,6.71,3.70,8.07,5.50,5.58,5.09,4.64,5.11,6.58,6.99,7.22,7.51,8.07,7.80,7,7.92,8.38,6.33,7.20,5.39,1.07,5.60,,4.13,2.94,1.50,-0.54,3.52,2.27,5.65,1.84,2.91,5.76,5.90,5.20,6.31,6.63,5.58,5.80,6.34,4.78,7.17,6.15,5.74,6.20,7.83,7.35,4.54,6.34,6.40,6.70,7.50,8.30,5.41,5.61,6.01,6.67,6.34,6.19,5.30,4.51,4.70,6.33,5.90,6.60,5.69,6,5.20,5.69,3.72,2.77,2.02,2.33,2.40,3.22,3.47,,3.90,4.02,3.83,4.33,4.11,4.57,4.80,3.17,3.62,2.45,3.70,,1.60,-5.90,8.10,6.40,7.10,,,,,,,5.50,5.30,,6.20,7.70,6,7.02,,,,,,,,6.30,6,6.40,5.40,6.10,,,,,4.80,,5.70,7.20,4.20,3.20,4.40,,,4.20,,,4.50,,,4.80,4.10,4.90,4.70,3.20,3.90,
2008-12-06 14:40,6.20,6.09,3.31,5.07,1.74,5.88,5.32,5.40,0.47,5.88,3.19,4.36,0.34,3.01,3.04,2.20,2.39,-2.19,3,1.44,-0.98,0.51,2.57,,7.49,6.71,6.30,4.97,7.01,5,6.11,7.29,-1.24,4.06,4.61,4.53,5.59,5.10,2.21,3.76,-2.80,-1.97,-1.85,5.76,1.90,7.81,5.50,5.60,4.38,4.40,4.13,6.62,6.67,6.93,7.31,7.81,7.74,7,7.79,8.31,6.30,7.10,5.41,0.98,5.65,,4.19,2.85,1.50,-0.58,3.30,2.21,5.48,1.92,3.12,5.46,5.70,5.17,5.93,6.41,5.49,5.50,6.31,4.23,7.06,5.89,5.43,5.60,7.68,7.03,4.35,5.95,5.99,6.40,7.10,8.29,5.08,5.33,5.81,6.43,6.41,6.08,5.16,4.59,4.62,6.15,5.76,6.60,5.57,5.75,5.03,5.54,3.76,2.74,1.94,2.17,2.40,3.13,3.38,,3.90,3.98,3.86,4.54,4.18,4.49,4.90,3.15,3.82,2.37,3.70,,1.20,-6,7.60,6.20,6.90,,,,,,,5.60,4.60,,5.90,7.30,5.60,6.83,,,,,,,,6.30,5.50,5.80,5.40,5.90,,,,,4.90,,5.30,7.10,4.20,3.20,4.40,,,4,,,4.30,,,4.90,4.10,4.90,4.70,3.10,3.90,
2008-12-06 14:50,6,5.99,3.33,4.90,1.63,5.67,5.36,5.20,0.36,5.77,3.32,4.18,0.35,2.62,3.13,2.07,2.21,-2,2.50,0.68,-1.10,0.09,2.46,,7.39,6.53,6.17,4.86,6.35,4.90,5.84,6.73,-1.41,4.11,4.22,4.52,4.99,4.72,2.04,3.47,-3,-2.04,-2.09,4.99,1.10,7.41,5.60,5.42,3.68,4.01,2.92,6.52,6.49,6.70,7.26,7.81,7.71,7,7.77,8.09,6.31,7.10,5.26,0.92,5.55,,4.01,2.80,1.50,-0.54,3.23,1.98,5.37,1.95,3.31,5.26,5.60,5.11,5.56,6.06,5.25,5.30,6.21,3.80,6.74,5.01,5.13,5.50,7.39,6.57,4.23,5.50,5.49,6,6.54,7.90,4.86,5.13,5.60,6.21,6.34,5.71,5.22,4.49,4.57,5.95,5.46,6.50,5.55,5.76,4.93,5.47,3.76,2.72,2.12,2.17,2.30,3.07,3.38,,3.90,3,3.92,4.48,4.20,4.45,4.90,3.14,3.71,2.37,3.60,,1,-6.20,7.50,6.20,6.80,,,,,,,5.60,4.60,,5.50,7.10,5.50,6.62,,,,,,,,6.10,5,5.40,5.30,5.20,,,,,4.60,,5,7.10,4.10,3.20,4.40,,,3.80,,,4,,,4.80,4.10,4.80,4.80,3.10,3.90,
2008-12-06 15:00,5.80,5.41,3.36,4.85,1.57,5.59,5.23,5.30,0.41,5.62,3.40,3.77,0.23,1.80,3.14,1.79,2.02,-2.35,2.20,-0.22,-1.30,0.11,2.29,,7.33,6.30,5.98,4.64,5.84,4.80,6,6.02,-1.71,4.08,4.03,4.03,4.68,4.59,1.94,3.13,-2.90,-2.13,-2.22,4.39,0.50,7.30,5.40,5.31,3.79,4.11,2.73,6.31,6.50,6.62,7.23,7.77,7.54,6.90,7.50,7.83,6.22,7.10,5.20,0.88,5.30,,3.84,2.69,1.50,-0.55,3.03,1.99,5.18,1.89,3.22,4.71,5.50,4.86,5.47,5.92,5.02,5,5.98,3.52,6.69,4.83,4.96,5.50,6.91,6.07,4.13,5.03,4.89,5.70,5.83,7.80,4.78,4.67,5.67,5.98,6.19,5.90,5.10,4.23,4.61,5.75,5,6.50,5.90,5.93,4.85,5.38,3.97,2.91,2.02,2.16,2.30,2.96,3.36,,3.80,2.78,3.77,4.46,4.13,4.37,5.10,3.14,3.93,2.44,3.60,5.20,0.90,-6.30,7.20,6.10,6.80,6.80,4.40,-4.20,3.80,7.20,5.90,5.40,4,4.10,4.90,6.90,5.20,6.50,6,4.90,5.50,5.10,5.90,5.60,5.90,6.20,4.80,4.70,5.30,5.20,4.30,3.40,3.80,5.50,4.30,4.60,4.90,7,4,3.20,4.40,3.10,3.10,3.60,4.10,5.40,3.60,4.60,4.40,4.80,4.10,4.80,4.80,3.10,3.80,3.40
2008-12-06 15:10,5.70,4.93,3.36,4.64,1.60,5.42,5.33,5.20,0.54,5.49,3.28,3.59,0.18,1.86,3.02,1.66,1.79,-2.38,1.90,-0.64,-1.37,-0.07,2.04,,7.10,6.19,5.82,4.61,5.62,4.90,5.98,4.99,-1.82,3.79,3.78,3.37,3.93,4.35,1.46,2.84,-3.10,-1.65,-2.21,3.77,-0.20,7.09,5.20,5.15,3.54,3.87,2.47,6.08,6.38,6.62,6.97,7.63,7.42,6.80,7.48,7.66,6.14,7,5.23,0.89,5.22,,3.76,2.53,1.40,-0.61,2.74,1.85,4.90,1.96,3.28,4.56,5.60,4.69,5.10,5.93,4.95,4.90,5.80,3.18,6.43,4.68,4.71,5.20,6.49,5.77,4,4.89,4.57,5.60,5.06,7.70,4.76,4.41,5.69,5.83,6.14,5.91,4.93,3.97,4.40,5.38,4.66,6.50,5.40,5.86,4.67,5.34,4.22,2.85,2.29,2.18,2.20,2.72,3.39,,3.80,2.82,3.84,4.24,3.92,4.30,5.20,3.12,3.90,2.59,3.50,,0.50,-6.50,7,5.90,6.50,,,,,,,5.40,4.20,,4.90,6.50,5.20,6.47,,,,,,,,6.10,4.30,3.70,5.20,4.90,,,,,4.20,,4.80,6.90,4,3.20,4.40,,,3.60,,,3.70,,,4.80,4.10,4.80,4.80,3.10,3.70,
2008-12-06 15:20,5.60,4.55,3.13,4.52,1.50,5.37,5.13,5,0.67,5.42,2.97,3.47,0.11,1.54,2.84,1.55,1.74,-2.46,1.60,-0.75,-1.56,0.35,1.59,,6.84,6.19,5.92,4.52,4.89,4.60,5.88,4.47,-1.88,3.31,3.33,2.74,3.38,3.99,1.21,2.37,-3.10,-1.23,-2.20,3.35,0,6.59,4.90,5.15,3.36,3.26,2.02,6.09,6.30,6.41,6.75,7.25,7.43,6.80,7.41,7.58,6.10,7,5.14,0.88,5.27,,3.66,2.62,1.40,-0.56,2.61,1.83,4.86,2,3.43,4.44,5.30,4.44,4.80,5.88,4.96,4.80,5.43,3.08,6.07,4.76,4.34,4.80,6.04,5.46,3.74,4.82,4.58,5.20,4.29,6.86,4.72,4.26,5.36,5.72,6.04,5.87,4.77,3.80,4.41,4.91,4.88,6.40,4.51,5.81,4.44,5.31,4.43,3.04,2.16,2.14,2.20,2.45,3.38,,4,2.94,3.62,4.12,3.93,4.33,5.30,3.04,3.82,2.71,3.50,,0.40,-6.60,6.50,5.70,6.30,,,,,,,5.40,4.10,,4.20,6.40,5.30,6.03,,,,,,,,6,4.80,3.30,5.30,4.20,,,,,4.20,,4.50,6.90,4.10,3.20,4.40,,,3.40,,,3.80,,,4.80,4.10,4.70,4.90,3.10,3.70,
2008-12-06 15:30,5.70,4.46,3.05,4.27,1.30,5.04,4.54,5.10,0.77,5.32,2.81,3.34,-0.08,2.02,2,1.46,1.69,-2.05,1.20,-1.07,-1.65,-0.18,1.70,,6.57,6.17,5.33,4.40,4.34,4.30,5.57,3.82,-1.93,2.65,2.78,2.67,2.92,3.66,1.01,2.05,-3.20,-1.71,-2.37,2.89,0.10,5.40,5,4.76,2.82,2.43,1.61,6.10,6.21,6.32,6.69,7.04,7.34,6.70,7.42,7.55,6.03,6.90,5.14,0.66,5.36,,3.63,2.60,1.50,-0.73,2.58,1.83,4.81,2.06,3.44,4.16,5.30,4.47,4.80,5.85,5.11,4.70,5.10,2.95,6.14,4.69,4.14,4.40,5.68,5.14,3.54,4.83,4.34,5.10,3.81,6.52,4.44,4.27,5.12,5.75,5.93,5.62,4.64,3.76,4.40,4.47,4.88,6.40,4.06,5.69,4.24,5.12,4.43,3.15,2.02,2.08,2.10,2.36,3.30,,4.10,3.49,3.60,4.16,4.02,4.09,5.30,3.06,3.92,2.74,3.40,,0.20,-6.70,6.30,5.50,6.10,,,,,,,5.30,3.90,,4.10,6.10,5.20,5.54,,,,,,,,6,4.40,3.30,5.20,3.80,,,,,4.10,,4.40,6.90,4.10,3.20,4.40,,,3.20,,,3.90,,,4.80,4.10,4.80,5,3.10,3.60,
2008-12-06 15:40,5.70,4.35,3.07,3.87,1.20,4.95,4.33,4.80,0.76,4.74,2.76,3.02,-0.22,2.18,1.58,1.60,1.70,-2.46,1,-1.10,-1.77,-0.61,1.43,,6.38,6.27,5.65,4.30,3.81,4.40,4.78,2.98,-2.03,2.25,2.61,2.35,2.78,3.23,0.71,1.98,-3.30,-1.37,-2.43,2.89,-0.10,4.71,4.90,4.63,2.40,2.54,1.17,5.83,6.03,6.28,6.44,6.84,7.22,6.60,7.48,7.41,6.08,7,5.08,0.61,5.27,,3.67,2.55,1.60,-0.67,2.55,1.80,4.80,2.04,3.53,3.81,5.20,4.59,4.50,5.97,5.23,4.70,4.87,2.80,5.49,4.62,3.84,4.30,5.66,4.70,3.44,4.58,3.98,5,3.36,6.17,4.37,4.19,5.13,5.52,5.74,5.63,4.70,3.58,4.32,3.91,4.92,6.50,3.88,5.77,3.96,4.82,4.38,2.90,2.01,2.15,2,2.26,3.27,,4.20,3.69,3.59,3.92,3.99,4.04,5.40,3.22,3.82,2.75,3.30,,-0.10,-6.80,6.30,5.60,5.90,,,,,,,5.10,3.40,,4.10,5.80,5.10,5.53,,,,,,,,5.80,4.30,3.10,5.10,3.90,,,,,4.30,,4,6.80,4.10,3.10,4.30,,,3.20,,,4,,,4.80,4.10,4.90,5,3.20,3.60,
2008-12-06 15:50,5.50,3.80,2.99,3.68,1,4.93,4.48,4.60,0.64,4.26,2.87,2.87,-0.26,1.72,1.49,1.40,1.52,-2.29,0.90,-1.40,-1.86,-0.73,1.41,,6.24,6.15,5.20,4.29,3.39,4.30,3.98,2.64,-2.17,1.95,2.20,2.02,2.88,2.89,0.59,1.88,-3.10,-0.94,-2.37,2.50,-0.50,4.69,4.70,4.67,2.43,2.34,1.13,5.76,5.94,6.08,6.18,6.53,7.29,6.60,7.43,7.13,5.95,6.90,5.05,0.68,5.22,,3.52,2.49,1.50,-0.58,2.54,1.76,4.61,2.10,3.38,3.78,5.30,4.43,4.40,5.86,5.30,4.70,4.59,2.67,4.85,4.33,3.94,4.20,5.33,4.41,3.27,3.71,3.81,5,3.39,5.43,4.20,3.46,5.18,5.29,5.49,5.47,4.68,3.49,4.27,3.77,4.84,6.50,3.86,5.77,3.84,4.48,4.35,2.89,1.97,2.14,1.80,2.02,3.26,,4,3.46,3.68,4.21,4,3.99,5.40,3.32,3.91,2.76,3.30,,-0.20,-6.90,4.90,5.60,5.70,,,,,,,4.90,3.20,,3.80,5.60,4.90,5.20,,,,,,,,5.20,4,3,4.90,3.70,,,,,4.60,,3.70,6.80,4.20,3.20,4.30,,,2.90,,,4,,,4.80,4,4.90,5.10,3.10,3.50,
2008-12-06 16:00,5.30,3.56,3.08,3.80,0.90,4.75,4.22,4.70,0.39,3.73,2.87,3,-0.23,1.71,1.32,1.23,1.56,-2.39,0.70,-1.46,-1.95,-1.05,1.22,,5.86,6.02,5.35,4.16,2.81,4.10,3.42,2.54,-2.28,1.97,2.07,1.56,2.39,2.67,0.38,1.59,-3.10,-0.60,-2.38,2.67,-0.80,4.05,4.70,4.59,2.20,1.77,0.57,5.88,5.98,5.99,6.02,6.22,7.17,6.50,7.34,7.23,6.02,6.60,4.98,0.62,5,,3.65,2.58,1.50,-0.66,2.58,1.90,4.24,2.20,3.34,3.71,5.40,4.26,4.40,5.76,5.31,4.80,4.32,2.61,5.01,3.39,3.60,3.60,4.93,4.18,3.32,2.81,2.37,4.90,2.96,4.99,4.12,3.38,5.04,5.18,5.12,5.54,4.57,3.46,4.23,3.55,4.82,6.40,3.49,5.73,3.87,4.20,4.42,2.86,1.85,1.91,1.60,1.95,3.27,,3.70,3.58,3.80,4.11,3.85,3.88,5.40,3.53,3.96,2.76,3.20,4.40,-0.30,-6.90,5.20,5.90,5.60,6.50,3.80,-4.40,4.10,5.40,5,4.80,3.40,3.80,2.80,5.50,4.90,6.30,5.40,4.50,5.10,4.50,5.30,5.20,5.20,4.80,3.80,2.70,4.70,3.80,4.40,3.40,3.60,5.10,4.70,3.20,3.70,6.60,4.30,3,4.30,2.60,2.60,2.20,3.80,5.20,4,4.60,4.40,4.70,4,4.80,5.10,3.10,3.50,3.20
2008-12-06 16:10,5.10,3.73,3.10,3.75,0.76,4.51,4.15,4.50,0.29,3.26,2.73,2.54,-0.27,1.29,1.25,1.04,1.48,-2.28,0.80,-1.39,-2.02,-1.20,1.04,,5.23,5.65,5.22,4.22,2.37,3.80,4.02,1.88,-2.42,1.96,1.79,1.65,2.26,2.42,0.40,1.57,-3.10,-0.71,-2.36,2.86,-1.50,3.46,4.50,4.50,2.40,1.60,0.75,5.89,5.78,5.89,5.74,6.07,6.85,6.50,7.36,7.52,5.94,6.40,4.97,0.52,4.98,,3.44,2.40,1.40,-0.64,2.65,2.04,3.74,2.35,3.47,3.27,5.40,4.43,4,5.66,5.41,4.99,4.20,2.49,5.21,3.38,3.24,3.50,4.33,4.26,3.29,2.06,2.15,4.80,2.14,5.50,4.14,3.32,4.93,4.95,5.19,5.43,4.43,3.41,4.28,3.45,4.57,6.50,3.54,5.59,3.66,4,4.47,2.95,1.63,1.88,1.50,1.77,3.32,,3.50,3.67,3.75,4.24,4.15,3.90,5.40,3.57,3.84,2.93,3.10,,-0.30,-6.90,4.30,5.70,5.60,,,,,,,4.60,3.90,,2.90,5.40,4.90,4.60,,,,,,,,4.60,3.90,2.40,4.40,4.20,,,,,4.50,,3.80,6.40,4.30,3,4.30,,,2.10,,,4,,,4.70,4,4.80,5.10,3.10,3.60,
2008-12-06 16:20,5,3.56,2.97,3.47,0.80,4.35,4.16,4.50,0.36,2.97,2.73,2.33,-0.38,0.81,1.25,0.95,1.45,-2.05,0.80,-1.37,-2.02,-0.84,1.02,,5.43,5.32,4.85,4.15,2.04,3.70,4.43,1.56,-2.32,1.75,1.80,1.12,1.93,2.18,0.26,1.54,-3.10,-0.51,-2.34,2.40,-1.30,3.24,4.30,4.26,1.54,1.75,0.54,5.60,5.56,5.83,5.74,5.94,6.65,6.40,7.13,7.63,5.87,6,4.94,0.64,4.89,,3.55,2.45,1.40,-0.69,2.58,2.05,3.39,2.36,3.29,3.62,5.50,4.57,3.52,5.82,5.40,4.87,4.13,2.37,5.21,3.26,3.06,2.90,4.30,4.17,3.22,1.70,2.25,4.70,2.18,5.59,4.02,3.25,4.88,4.85,5.27,5.37,4.41,3.43,4.18,3.15,4.69,6.60,4.20,5.60,3.51,3.99,4.44,3.01,1.51,1.85,1.40,1.70,3.32,,3.60,3.74,3.77,4.28,4,3.89,5.40,3.57,3.81,2.93,3.10,,-0.30,-7,4.90,5.50,5.70,,,,,,,4.60,4,,2.90,5.10,4.80,4.10,,,,,,,,5.10,3.70,2.60,4.30,3.90,,,,,4.50,,3.60,6.30,4.30,3,4.30,,,2.10,,,4,,,4.70,4,4.70,5.10,3.10,3.60,
2008-12-06 16:30,4.80,3.12,2.94,3.42,0.80,4.50,4.13,4.50,0.21,2.83,2.83,2.60,-0.50,0.65,1.22,0.77,1.39,-2.12,0.80,-1.64,-2.05,-0.98,1.15,,5.41,5.16,4.26,3.99,1.79,3.90,4.29,1.63,-2.20,1.09,1.99,1.30,1.33,1.99,0.07,1.62,-3.30,-0.75,-2.40,1.83,-1.40,3.63,4.10,4.34,1.50,1.88,0.62,5.54,5.57,5.69,5.66,5.88,6.56,6.40,6.97,7.58,5.80,5.80,4.95,0.68,4.81,,3.55,2.47,1.40,-0.65,2.36,1.99,3.25,2.32,3.07,3.81,5.50,4.49,3.47,5.95,5.30,4.94,3.97,2.22,4.80,3.64,2.95,2.40,4.04,4.09,3.25,1.38,2.51,4.40,1.72,5.72,3.93,3.45,4.74,4.67,5.24,5.38,4.41,3.37,3.98,3.39,4.65,6.70,3.56,5.57,3.46,3.81,4.44,2.91,1.22,1.78,1.10,1.76,3.32,,3.70,3.99,3.83,4.22,3.92,3.97,5.40,3.51,3.87,2.93,3,,-0.40,-7,4.80,5.60,5.80,,,,,,,4.60,3.80,,2.60,4.50,4.70,3.81,,,,,,,,4.90,3.40,2.80,4.10,3.90,,,,,4.60,,3.60,6.30,4.30,3.10,,,,1.70,,,4,,,4.70,4,4.70,5.10,3.10,3.50,
2008-12-06 16:40,4.70,2.90,2.88,3.17,0.80,4.52,4.29,4.20,0.19,2.77,2.97,2.49,-0.56,0.64,1.35,0.77,1.35,-2.42,0.90,-1.51,-2.15,-1.23,1.19,,5.36,5.12,3.67,3.93,1.58,4.10,4.15,1.21,-2.36,0.79,1.74,1.24,1.70,1.80,0.07,1.48,-2.80,-1.42,-2.24,1.74,-1.40,3.62,3.70,4.35,1.52,1.96,0.34,5.32,5.56,5.65,5.54,5.78,6.45,6.30,6.84,7.34,5.75,5.90,5,0.60,4.75,,3.42,2.49,1.40,-0.68,2.37,1.93,3.18,2.26,3.12,3.87,5.50,4.22,3.58,6.15,5.37,5.10,4.15,2.21,4.55,3.87,3.15,1.90,3.70,4.19,3.02,0.84,1.36,3.90,1.18,5.70,3.74,2.58,4.57,4.48,5.16,5.07,4.27,3.59,4.03,3.68,4.52,6.70,3.42,5.67,3.02,3.80,4.47,2.86,0.75,1.79,1,1.83,3.30,,3.60,4.13,3.93,4.25,3.91,4.05,5.40,3.41,3.80,2.93,2.80,,-0.40,-7,4.50,5.20,5.80,,,,,,,4.60,3.50,,2.20,3.90,4.70,3.71,,,,,,,,4.70,3.10,2.60,3.90,3.90,,,,,4.70,,3.50,6.30,4.30,3.20,4.30,,,1.20,,,4.10,,,4.70,4,4.70,5.20,3.10,3.50,
2008-12-06 16:50,4.40,2.98,2.70,2.68,0.60,4.25,4.74,4.30,0.09,2.52,2.97,2.10,-0.62,0.58,1.26,0.76,1.26,-2.30,0.90,-1.25,-2.22,-1.51,0.67,,4.96,5.28,3.91,3.77,1.25,4.20,3.63,0.94,-2.09,0.74,1.14,1.48,1.70,1.65,0.23,1.56,-2.60,-1.58,-2.36,1.83,-1.90,2.68,3.90,4.39,0.82,2.19,0.46,5.28,5.52,5.71,5.32,5.75,6.24,6.30,6.60,7.05,5.76,6.10,4.90,0.60,4.64,,3.26,2.55,1.40,-0.63,2.39,1.87,3.43,2.22,2.97,3.99,5.40,3.63,3.30,6.03,5.39,5.10,3.97,2.27,4.53,3.55,3,1.80,3.43,3.84,2.88,0.50,0.68,3.50,0.84,5.79,3.54,2.23,4.28,4.59,5.24,5.26,4.29,3.54,4.01,3.78,4.65,6.60,3.22,5.78,2.19,3.58,4.45,2.72,0.37,1.63,0.90,1.78,3.35,,3.60,4.15,3.97,4.24,3.88,4.20,5.50,3.43,3.56,2.96,2.90,,-0.60,-7,3.90,5,5.60,,,,,,,4.70,3.30,,2.20,3.50,4.60,3.46,,,,,,,,4.60,3.10,1.80,3.70,3.10,,,,,4.80,,3.80,6.20,4.40,3.30,4.30,,,1.10,,,4.10,,,4.70,4,4.60,5.20,3.10,3.50,
2008-12-06 17:00,4.30,3.12,2.73,2.44,0.60,4.26,4.87,4.10,0.18,2.51,2.97,1.91,-0.66,0.73,1.63,0.73,1.28,-2.17,0.90,-1.47,-2.15,-1.59,0.56,,5.07,5.29,4.35,3.67,1.04,4,3.23,1.20,-2.43,1.05,0.95,0.99,1.64,1.63,0.32,1.79,-2.60,-1.29,-2.39,1.81,-1.70,2.44,3.90,4.34,0.60,2.63,0.42,5.01,5.52,5.71,5.11,5.76,6.17,6.20,6.45,6.74,5.70,6,4.77,0.60,4.59,,3.23,2.27,1.40,-0.60,2.45,1.87,3.55,2.20,2.93,4.27,5.40,3.68,3.13,5.79,5.37,5.15,4.21,2.17,4.39,2.55,2.87,1.80,3.58,3.78,2.71,0.21,0.61,3.60,0.37,5.72,3.47,2.25,4.20,3.75,5.30,5.05,4.35,3.50,3.92,3.68,4.83,6.60,3.01,5.69,1.67,3.30,4.44,2.71,0.24,1.35,0.80,1.70,3.28,,3.70,4.16,4.08,4.15,3.83,4.12,5.50,3.42,3.34,3.02,2.80,4.30,-0.70,-6.90,3.50,5,5.50,6.10,3.60,-4.50,4.20,4.90,4.20,4.70,3.20,1.80,1.90,3.10,4.60,3.20,4.70,4.20,4.90,4.10,5,4.60,4.60,5.20,2.70,1.80,3.60,3.10,4.60,3.50,3.70,4.80,4.80,3.90,3.70,6.20,4.40,3.40,4.30,2.30,2.40,1,3.50,4.70,4.10,4.60,4.40,4.70,4,4.70,5.20,3,3.40,3.40
2008-12-06 17:10,4.10,3.25,2.67,2.38,0.50,4.29,4.97,3.90,0.33,2.29,2.76,2.21,-0.62,0.63,1.20,0.79,1.33,-2.49,0.80,-1.36,-2.30,-1.50,0.82,,5.06,5.08,4.78,3.78,0.84,3.80,3.46,1.06,-2.55,0.76,0.80,0.62,1.53,1.21,0.34,1.74,-2.90,-1.48,-2.38,1.79,-1.70,1.86,3.60,4.33,0.18,2.10,0.39,4.52,5.39,5.57,4.97,5.74,6.02,6.20,6.35,6.50,5.71,5.80,4.75,0.58,4.55,,3.29,1.89,1.40,-0.60,2.36,1.86,3.29,2.22,3.01,4.20,5.40,3.40,3.10,5.61,5.34,4.90,4.19,2.23,4.04,2.11,2.73,1.80,3.62,3.69,2.62,0.11,0.74,3.40,0.18,5.48,3.36,1.91,4.09,3.39,5.40,5.15,4.17,3.59,4.03,3.42,5.09,6.50,3.03,5.47,1.24,3.09,4.56,3.06,-0.19,1.08,0.70,1.66,3.29,,3.60,4.21,4.15,4.08,3.92,4.19,5.50,3.34,3.21,3.18,2.80,,-0.50,-7,3.60,4.80,5.40,,,,,,,4.80,3.10,,1.90,2.60,4.60,2.86,,,,,,,,5.20,2.50,2.40,3.50,3.30,,,,,4.80,,3.50,6.10,4.30,3.30,4.30,,,1,,,4.10,,,4.70,3.80,4.70,5.20,3,3.40,
2008-12-06 17:20,3.80,3.49,2.72,2.29,0.60,4.28,4.87,3.70,0.39,1.91,2.60,1.88,-0.53,0.46,0.92,0.75,1.27,-2.63,0.50,-1.62,-2.38,-1.57,0.82,,4.96,4.99,4.90,3.81,0.70,3.50,3.73,1.11,-2.57,0.57,0.40,0.59,1.44,1.34,0.44,1.49,-2.90,-1.82,-2.31,1.80,-1.80,1.37,3.10,4.31,0.38,2.08,0.52,4.34,5.31,5.45,4.93,5.64,5.88,6.30,5.95,6.19,5.48,5.70,4.80,0.55,4.45,,3.40,1.74,1.40,-0.55,2.08,1.61,3.33,2.18,3.04,3.99,5.40,3.27,3.20,5.36,5.32,4.80,4.35,2.13,3.34,2.35,2.50,1.50,3.72,3.53,2.62,-0.15,0.50,3.40,0.39,5.26,3.28,1.41,3.96,3.87,5.20,5.17,4.08,3.62,3.91,3.53,5.10,6.40,3.16,5.29,1.34,3.04,4.57,3.19,-0.22,0.97,0.50,1.46,3.29,,3.40,3.94,4.05,4.15,3.98,4.28,5.50,3.29,3.30,3.27,2.80,,-0.60,-7.10,3,4.70,5.50,,,,,,,4.80,,,1.80,2.30,4.50,2.59,,,,,,,,5.20,2.80,2.80,3.30,3.40,,,,,4.70,,3.50,6.10,4.40,3.40,4.30,,,1.20,,,4.10,,,4.70,3.90,4.70,5.20,3,3.40,
2008-12-06 17:30,3.70,3.86,2.84,2.41,0.50,4.34,4.71,3.40,0.25,1.62,2.59,1.85,-0.39,0.37,0.65,0.58,1.31,-2.63,0.20,-1.51,-2.27,-1.45,0.77,,4.97,4.99,4.28,3.81,0.74,3.30,3.49,1.06,-2.59,0.72,0.27,0.64,1.51,1.22,0.55,1.48,-3.10,-1.94,-2.39,1.78,-1.60,1.09,3.10,4.40,0.39,2.40,0.41,4.27,5.25,5.29,4.88,5.46,5.84,6.20,5.15,5.83,5.22,5.50,4.63,0.52,4.36,,3.40,1.62,1.40,-0.65,2.12,1.47,3.51,1.92,3.08,3.98,5.40,3.19,2.90,5.23,5.37,4.70,4.29,2.20,2.47,2.60,2.40,1.40,3.76,3.22,2.55,-0.40,0.57,3.40,0.12,5.06,3.24,1.39,3.85,3.98,4.84,5.11,4.07,3.78,3.90,3.43,4.96,6.30,3.38,5.15,1.84,3.18,4.59,3.07,-0.73,0.58,0.50,1.36,3.23,,3.50,3.96,4.07,4.04,3.84,4.34,5.50,3.22,3.31,3.21,2.70,,-0.60,-7.20,3.10,4.80,5.40,,,,,,,4.80,2.90,,1.30,2.10,4.70,2.40,,,,,,,,4.80,3,3.10,3.10,3.20,,,,,4.60,,3.40,6.30,4.40,3.40,4.30,,,1.10,,,4.10,,,4.70,3.70,4.70,5.20,3,3.30,
2008-12-06 17:40,3.60,4.20,2.82,2.37,0.50,4.49,4.60,3.10,0.25,1.34,2.49,1.95,-0.44,0.27,0.54,0.57,1.29,-2.36,0,-1.57,-2.31,-1.30,0.97,,5.12,4.72,3.63,3.86,0.48,3.30,3.56,0.99,-2.60,0.78,0.27,0.75,1.32,1.06,0.65,1.65,-3.20,-1.28,-2.27,1.84,-1.20,0.97,4.10,4.47,0.43,2.24,0.56,4.01,5.08,5.19,4.84,5.52,6,6.10,4.82,5.47,5.19,5.60,4.57,0.44,4.27,,3.25,1.55,1.30,-0.57,2.04,1.26,3.74,1.87,3.08,3.81,5,2.88,2.60,4.75,5.32,4.60,4.14,2.08,1.87,2.44,2.14,1.40,3.73,2.35,2.40,-0.55,0.45,3,-0.23,5.06,3.46,1.35,4.13,3.94,4.83,5.10,4.19,3.77,4.01,3.37,4.94,6.20,3.35,4.96,1.66,3.66,4.59,3.13,-0.98,0.57,0.40,1.10,3,,3.60,4.39,3.99,4.18,3.94,4.34,5.50,3.18,3.30,3.34,2.70,,-0.70,-7.20,2.70,4.90,5.50,,,,,,,4.70,2.90,,1.20,1.80,4.60,2.33,,,,,,,,4.40,3.10,3,3.10,3.70,,,,,4.40,,3.40,6.40,4.40,3.50,4.30,,,0.80,,,4,,,4.70,3.60,4.60,5.20,2.90,3.10,
2008-12-06 17:50,3.70,3.70,2.76,2.31,0.50,4.51,4.61,2.70,0.07,1.09,2.65,1.93,-0.41,-0.18,0.51,0.87,1.19,-2.45,-0.10,-1.42,-2.29,-1.54,0.72,,5.03,4.67,3.92,3.84,0.29,3.30,3.87,0.95,-2.62,0.80,0.26,0.35,1.73,1.05,0.62,1.55,-3.10,-1.16,-2.27,1.81,-1,1.55,4.10,4.28,0.61,2.15,0.60,4.06,5.02,4.90,4.95,5.53,6.08,6,4.58,5.21,5.07,5.60,4.63,0.35,4.24,,3.44,1.74,1.30,-0.67,1.82,1.04,3.81,1.85,2.81,3.76,5,3.20,2.60,4.60,5.23,4.50,4.04,2.12,1.48,2.42,2.21,1.50,3.59,2.43,2.33,-0.68,0.01,3.20,-0.50,5.02,3.49,0.99,4.18,3.86,4.82,5.02,4.20,3.76,4.05,3.55,4.95,6,3.16,4.63,1.29,3.78,4.60,3.24,-0.93,0.10,0.30,1.32,2.99,,3.60,4.43,4.06,4.21,3.94,4.26,5.50,3.11,3.11,3.16,2.70,,-0.60,-7.30,2.80,4.60,5.30,,,,,,,4.60,3.30,,0.90,1.60,4.40,2.29,,,,,,,,3.70,3.30,2.80,3.20,3.70,,,,,4.40,,3.20,6.20,4.40,3.50,4.30,,,0.60,,,4,,,4.80,3.50,4.50,5.20,2.90,3,
2008-12-06 18:00,4,3.57,2.65,2,1,4.45,4.48,2.40,0.07,0.86,2.48,1.99,-0.38,0,0.43,2,1,-2.56,0,-1.04,-2,-1.57,0.76,3,5,5,4.18,3.90,0,4,3,1,-2.63,1,0.39,1,2,2,0,2,-3,-2,-2,2,-1,1.67,3,4.32,0.67,2.30,0,4,5.07,4.70,4.70,6,6,6,5,5.25,5.02,7,4.66,0.49,4.36,,3.47,1.95,1.40,-0.69,1.68,1.06,3.75,1.71,2.87,4.14,5.10,3.13,2.60,4.40,5,4.50,3.99,2.17,1.11,2.11,1,1.60,3.68,2.60,2.25,-0.84,0,3.20,-0.60,4.66,3.68,1.22,3.90,4.01,4.70,5.01,4.18,3.79,4.08,3.46,4.94,6,3.04,4.31,0.85,3.82,4.69,3.26,-1.04,0.28,0,1.21,2.98,,3.60,4.32,4.06,4.19,3.98,4.40,5.20,3.03,3.60,3.13,2.70,4,-1,-7,3,4.60,5.40,6,3.30,-4.60,4.20,4.50,3.30,4.50,4,0.30,0.30,1.70,4.20,2.70,4,4.10,4.80,4.40,4.70,4.30,3.80,3.60,3.40,3.40,2.90,3.80,4.20,3.20,3.60,4.50,4.50,3.70,2.90,6.10,4.40,3.60,4.20,2.70,2.30,0.10,2.80,4,3.90,4.40,4.30,4.80,3.50,4.40,5.10,2.60,3,3.10
2008-12-06 18:10,3.60,3.74,2.67,2.26,0.60,4.38,4.28,2.80,0.15,0.44,2.30,2.24,-0.42,-0.31,0.37,0.72,0.91,-2.43,-0.40,-1.06,-2.32,-1.57,0.30,,4.85,4.65,3.93,3.92,0.29,3.70,4.30,0.82,-2.62,0.21,0.23,0.85,1.39,0.98,0.60,1.47,-3.30,-1.15,-2.21,1.96,-1,1.31,4.20,4.31,0.88,2.46,0.74,3.35,4.95,4.61,4.56,5.44,6.07,5.70,4.68,5.23,5.04,5.60,4.60,0.33,4.48,,3.35,2.10,1.40,-0.69,1.50,1.02,3.59,1.71,2.84,4.42,5.30,3.15,2.40,4.35,5.12,4.40,4.02,2.13,0.63,3,1.91,1.60,3.60,2.60,2.18,-0.94,-0.14,3,-0.50,4.70,3.82,1.28,3.01,4.21,4.63,4.93,4.04,3.71,4.13,3.41,4.83,5.80,2.64,3.92,0.56,3.77,4.80,3.02,-1.40,0.94,-0.10,1.25,2.97,,3.70,4.50,4.02,3.96,3.78,4.13,5.40,2.98,3.07,2.90,2.70,,-0.40,-7.30,3,4.70,5.20,,,,,,,4.30,3.60,,0.40,1.40,4.20,1.95,,,,,,,,3.60,3.50,3.50,3,3.80,,,,,4.40,,3.10,6,4.40,3.60,4.20,,,0.10,,,3.90,,,4.80,3.70,4.40,5.10,2.60,3,
2008-12-06 18:20,3.60,3.72,2.65,2.30,0.50,4.28,4.24,2.90,0.04,0.29,2.26,2.36,-0.50,-0.36,0.19,0.85,0.57,-2.67,-0.60,-1,-2.47,-1.43,0.10,,4.53,4.75,3.69,4.01,0.15,3.50,4.33,0.94,-2.70,0.11,-0.06,0.86,1.59,1.10,0.63,1.43,-3.50,-1.30,-2.25,1.97,-1.10,1.06,4.40,4.56,1.14,2.61,0.81,3.13,4.90,4.60,4.44,5.14,5.85,5.50,4.46,5.05,5.01,5.80,4.48,0.25,4.50,,3.26,2.30,1.40,-0.65,1.48,1.04,3.57,1.85,2.95,4.04,5.30,3.22,2.40,4.08,5.02,4.50,3.82,2.14,0.50,3.71,1.85,1.30,3.37,2.58,2.40,-0.98,-0.29,2.50,-0.44,4.81,3.86,1.30,3.20,4.13,4.49,4.99,3.88,3.62,4.11,3.37,5.03,5.50,2.45,3.93,0.82,3.80,4.82,3.06,-1.27,0.87,0.10,1.25,2.97,,3.70,4.54,4.02,3.93,3.75,4.12,5.40,2.94,3.28,2.81,2.70,,-0.40,-7.40,3.20,4.70,5.30,,,,,,,4.20,3.90,,0.10,1.40,4,1.65,,,,,,,,3.60,3.50,3.60,3,3.90,,,,,4.40,,3.30,5.90,4.40,3.60,4.20,,,0,,,3.90,,,4.80,3.70,4.30,5.10,2.50,2.80,
2008-12-06 18:30,3.50,3.61,2.59,2.19,0.50,4.12,3.84,3.50,-0.11,0.18,2.27,2.50,-0.55,-0.34,0.17,0.87,0.45,-2.48,-0.70,-0.49,-2.38,-1.46,0.05,,4.68,4.89,3.22,3.95,0.12,3.40,3.99,1.09,-2.70,0.06,-0.19,0.72,1.42,1.01,0.64,1.45,-3.60,-1.43,-2.24,2.18,-1,1.35,4.60,4.73,1,2.63,0.73,2.91,4.83,4.58,4.38,5.23,5.50,5.20,4.26,4.95,5.07,5.60,4.36,0.24,4.07,,3.18,2.27,1.40,-0.70,1.39,0.76,3.73,1.91,3.07,3.94,5.10,3.65,2.10,4.25,4.99,4.60,3.95,2.32,0.22,3.67,1.82,1.40,3.25,2.51,2.51,-1.09,-0.06,2.80,-0.67,4.39,3.73,2.12,3.01,3.88,4.45,4.89,3.85,3.62,3.90,3.38,5.18,5.40,2.36,3.97,0.92,3.88,4.76,3.01,-1.30,0.89,0.20,1.34,2.81,,3.70,4.41,3.98,4.09,3.90,4.10,5.40,2.90,3.12,2.64,2.70,,-0.40,-7.40,3.50,4.80,5.50,,,,,,,4.10,3.90,,0.20,1.40,3.90,1.19,,,,,,,,3.60,3.70,3.70,3.20,3.90,,,,,4.70,,3.40,5.80,4.40,3.70,4.10,,,0.10,,,3.90,,,4.80,3.50,4.30,5.10,2.30,2.60,
2008-12-06 18:40,3.20,3.42,2.53,2,0.40,4.19,3.68,3.80,-0.19,0.09,2.24,2.50,-0.54,-0.22,0.28,0.86,0.59,-2.47,-0.80,-0.30,-2.19,-1.35,0.19,,5.05,5.04,3.37,3.91,0.26,3.30,3.62,1.53,-2.85,0,-0.09,0.76,1.47,1.17,0.53,1.53,-3.60,-1.40,-2.26,2.24,-0.90,1.47,3.90,4.72,1.46,2.58,0.79,2.70,4.84,4.37,4.11,5.13,4.95,5,3.97,4.99,5.38,5.30,4.39,0.25,3.75,,3.14,2.36,1.40,-0.58,1.47,0.61,3.67,2,2.95,4.27,4.90,4.06,1.90,4.38,4.93,4.40,4.13,2.53,0.17,3.63,1.73,1.90,3.05,2.27,2.60,-1.13,-0.25,2.60,-0.79,3.52,3.54,2.46,3.09,3.91,4.12,4.74,3.86,3.59,3.87,3.40,5.30,5.30,2.25,3.71,1.15,3.84,4.72,3.03,-1.10,0.91,0.30,1.34,2.77,,3.60,4.48,3.97,3.94,3.86,4.19,5.40,2.87,3.23,2.48,2.70,,-0.30,-7.50,3.40,4.60,5.20,,,,,,,4.10,4.10,,0.10,1.40,3.70,0.91,,,,,,,,4.10,3.90,3.80,3.50,3.90,,,,,4.70,,3.40,5.60,4.40,3.70,,,,0.30,,,3.90,,,4.80,3.80,4.30,5.10,2.20,2.40,
2008-12-06 18:50,3.10,3.18,2.49,1.53,0.30,4.29,3.65,3.90,-0.28,0.07,2.22,2.35,-0.51,0.06,0.41,0.74,1.07,-2.47,-0.80,-0.32,-2.45,-1.46,0.43,,5.24,5.34,3.53,3.98,0.33,3.20,3.50,1.84,-2.75,-0.49,-0.04,0.64,1.59,1.19,0.65,1.46,-3.60,-1.29,-2.20,2.07,-0.70,1.55,3.70,4.83,1.66,2.49,0.91,2.77,4.83,4.22,3.69,4.92,4.55,4.80,3.68,4.91,5.34,4.90,4.33,0.25,3.56,,3.27,2.38,1.40,-0.66,1.79,0.31,3.80,2.06,2.80,4.06,4.60,4.33,2,4.14,4.84,4,4.39,2.87,0.22,3.31,1.64,2,2.72,2.26,2.61,-1.27,-0.44,2.60,-1.01,3.07,3.55,2.28,3.19,3.89,4.07,4.59,3.95,3.57,3.83,3.37,5.20,5.20,1.95,3.46,1.15,3.75,4.78,2.95,-0.83,0.87,0.30,1.34,2.77,,3.50,4.42,3.98,3.84,3.76,4.11,5.50,2.87,3.29,2.29,2.50,,-0.20,-7.50,3.50,4.60,5.10,,,,,,,3.80,4.20,,-0.50,1.40,3.50,0.70,,,,,,,,4,3.50,3.30,4.10,4,,,,,4.70,,3.60,5.40,4.40,3.80,4,,,0.30,,,4,,,4.80,3.90,4.30,5.10,2.30,2.20,
2008-12-06 19:00,3,3.19,2.40,1.45,0.30,4.24,3.91,3.80,-0.18,-0.08,2.11,2.06,-0.53,-0.05,0.62,0.61,1.38,-2.45,-0.90,0.03,-2.40,-1.09,0.52,,5.21,5.05,4.07,3.87,0.48,3.20,4.32,2.49,-2.77,-0.47,-0.03,0.86,1.82,1.31,0.65,1.20,-3.50,-1.40,-2.16,2.07,-0.60,1.64,3.20,4.64,1.55,2.63,0.91,2.76,4.70,3.76,3.09,4.88,4.25,4.80,3.40,4.76,5.33,4.30,4.21,0.25,3.37,,3.31,2.42,1.40,-0.70,1.64,0.37,3.67,2.10,2.84,4.02,5,4.37,2.70,3.93,4.79,3.70,4.49,2.84,0.40,2.98,1.70,2.10,2.45,2.13,2.62,-1.35,-0.47,2.60,-1.14,2.37,3.53,1.91,2.97,3.88,4.32,4.41,3.88,3.63,3.78,3.75,5.22,5.20,2.25,3.07,0.93,3.60,4.83,2.90,-0.83,0.93,0.40,1.39,2.78,,3.50,4.56,3.94,3.87,3.82,4.03,5.50,2.88,3.32,2.06,2.50,4,-0.20,-7.60,3.40,4.80,4.90,5.90,3.20,-4.60,3.50,4.20,2.50,3.60,4.10,0,-1,1.30,3,0.50,2.70,4.10,4.30,4.20,3.40,4.30,3.80,3.90,3.30,3.60,4,3.70,4.20,3.60,3,4.20,4.70,4.70,3.80,5.20,4.40,3.90,3.80,2.70,2.10,0.50,1.90,2.60,4,4.60,4.30,4.90,3.80,4.30,5.10,2.40,2.40,3.10
2008-12-06 19:10,3,3.27,2.55,1.51,0.54,4.15,4.35,3.70,-0.14,-0.08,2.02,1.96,-0.49,-0.25,0.43,0.39,1.53,-2.57,-1,0.34,-2.37,-0.89,0.43,,5.04,4.94,3.36,3.73,0.67,3.30,4.02,1.93,-2.71,-0.07,0.05,0.84,1.87,1.42,0.62,1.28,-3.60,-1.58,-2.08,2.14,-0.60,1.52,3.10,4.20,1.57,2.75,0.76,2.74,4.35,3.33,2.66,4.66,4.06,4.80,2.96,4.63,5.23,3.60,4.19,0.09,3.05,,3.33,2.34,1.30,-0.65,1.55,0.18,3.53,2.16,2.90,4.15,5.30,4.35,3.20,4.22,4.70,3.58,4.61,2.91,0.21,2.59,1.39,1.70,2.45,2.09,2.51,-1.29,-0.45,2.50,-1.25,2.14,3.39,1.87,2.80,3.79,3.93,4.45,3.71,3.66,3.80,4.15,5.16,5.20,2.59,2.78,1.10,3.56,4.78,2.91,-0.66,0.95,0.30,1.48,2.85,,3.60,4.48,3.77,3.92,3.87,3.99,5.60,2.80,3.22,1.96,2.40,,-0.20,-7.70,2.90,4.60,4.70,,,,,,,3.40,4.10,,-0.90,1.30,3,0.65,,,,,,,,4.40,3.30,3.80,4,3.70,,,,,4.70,,3.90,4.90,4.40,3.90,3.80,,,0.40,,,4.10,,,4.90,3.70,4.30,5,2.40,2.20,
2008-12-06 19:20,3,3.23,2.40,1.41,0.45,4.12,4.55,3.70,-0.15,-0.15,1.98,1.75,-0.54,-0.23,0.24,0.30,1.07,-2.54,-1.10,-0.10,-2.36,-1.01,0.38,,4.59,4.83,3.28,3.72,0.80,3.60,3.86,1.85,-2.78,-0.03,0.13,0.92,1.94,1.47,0.58,1.35,-3.40,-3.18,-2.10,2.22,-0.40,1.46,3.30,4.08,1.58,2.81,0.60,2.46,4.31,3.24,2.19,4.47,3.83,4.80,2.72,4.27,5.14,2.80,4.10,0.15,2.75,,3.42,2.22,1.30,-0.66,1.59,0.38,3.59,2.04,2.82,4.11,5.30,4.28,3.30,4.35,4.60,2.90,4.71,2.77,0,2.58,1.57,1.20,2.47,2.46,2.25,-1.37,-0.57,2.10,-1.54,1.84,3.36,1.69,2.58,3.84,3.29,4.44,3.85,3.58,3.76,3.98,5.13,5.20,2.64,2.69,1.22,3.63,4.85,2.91,-0.82,0.99,0.20,1.38,2.93,,3.70,4.62,3.77,4.16,3.87,4.01,5.60,2.83,3.14,1.91,2.30,,0,-7.70,2.90,4.80,4.60,,,,,,,3.40,4.10,,-0.60,1.40,3.10,0.98,,,,,,,,4.30,3.50,3.70,3.90,3.50,,,,,4.60,,4,4.70,4.40,4,3.80,,,0.50,,,4.20,,,4.90,3.60,4.30,5.10,2.40,2.20,
2008-12-06 19:30,3.10,3.24,2.38,1.35,0.38,4.16,4.35,3.90,-0.02,-0.53,1.87,1.58,-0.59,-0.36,0.20,0.24,0.92,-2.76,-1.30,0.20,-2.37,-1.06,0.22,,4.83,4.75,3.51,3.60,0.82,3.90,3.85,1.79,-2.86,-0.46,0.13,1,2.10,1.47,0.56,1.22,-3.40,-4.12,-2.12,2.34,-0.40,1.46,3.20,4.08,1.71,2.82,0.57,2.13,4.13,3.21,2.07,4.41,3.39,4.80,2.83,3.85,5.25,2.40,4.02,0.26,2.44,,3.33,2.19,1.30,-0.64,1.61,0.05,3.54,2.21,2.82,4.06,5.20,4.33,3.20,4.65,4.59,3.10,4.61,3,-0.22,2.44,1.61,0.80,2.47,2.19,2.15,-1.34,-0.62,2.20,-1.61,1.49,3.48,1.26,2.35,3.88,2.41,4.17,3.82,3.51,3.77,3.39,5.01,5.10,2.51,2.62,1.35,3.75,4.83,2.94,-0.95,0.97,0.30,1.45,2.92,,3.70,4.60,3.80,4.20,3.96,4.01,5.60,2.85,3.56,1.84,2,,0.40,-7.80,3,4.90,4.60,,,,,,,3.30,4,,-0.30,1.80,2.90,1.21,,,,,,,,4,3.80,3.30,3.70,3.30,,,,,4.60,,4,4.80,4.40,4.10,3.80,,,0.50,,,4.30,,,5,3.70,4.40,5.10,2.40,2.20,
2008-12-06 19:40,3.20,3.35,2.43,1.31,0.21,4.18,4.07,3.80,-0.02,-0.68,1.71,1.83,-0.74,-0.57,0.29,0.15,0.87,-2.82,-1.30,-0.10,-2.38,-1.04,0.05,,4.88,4.85,4.01,3.77,0.90,3.30,3.88,1.78,-2.79,-0.43,0.07,1.21,2.25,1.38,0.55,1.29,-3.40,-4.02,-2.17,2.55,-0.40,1.55,3.20,4.05,1.90,2.82,0.66,1.86,3.84,3.05,1.99,4.38,3.21,4.70,2.75,3.32,5.21,2,3.94,0.20,2.28,,3.18,2.15,1.30,-0.69,1.52,0.04,3.47,2.25,2.69,3.98,5,4.26,2.90,4.23,4.55,3,4.46,2.85,-0.30,2.27,1.48,0.70,2.14,1.42,1.95,-1.33,-0.68,2.40,-1.43,1.79,3.53,1.37,2.35,3.82,1.91,4.41,3.87,3.49,3.72,3.33,4.87,4.90,2.68,2.69,1.38,3.91,4.82,2.97,-0.76,1.03,0.30,1.39,2.73,,3.70,4.51,3.86,4.18,3.95,3.92,5.70,2.89,3.51,1.82,1.80,,0.40,-7.80,2.90,4.90,4.40,,,,,,,3.20,4,,-0.30,1.70,2.60,1.40,,,,,,,,3.90,4,3.20,3.90,3.20,,,,,4.40,,4,4.70,4.50,4.10,3.80,,,0.60,,,4.40,,,5,3.40,4.40,5.10,2.40,1.80,
2008-12-06 19:50,3.20,3.39,2.54,1.32,0.26,4.21,4.03,3.50,-0.24,-0.59,1.95,2.04,-0.69,-0.34,0.01,0.29,0.87,-2.74,-1.20,-0.23,-2.27,-1.11,-0.03,,4.71,4.91,4.08,3.87,1.08,3.30,4.11,1.75,-2.69,-0.51,-0.26,1.21,2.33,1.28,0.53,1.43,-3.50,-4.25,-2.06,2.69,-0.30,1.64,3.50,4,1.92,2.92,0.69,1.91,3.72,3.14,1.80,4.38,2.98,4.80,2.61,2.76,5.08,1.30,3.98,0.13,2.19,,3.13,2.09,1.30,-0.66,1.55,-0.06,3.47,2.19,2.80,4.09,4.90,4.22,2.87,4.24,4.52,2.70,4.47,2.97,-0.35,2,1.33,0.50,1.85,1.38,1.95,-1.44,-0.79,2.10,-1.50,2.03,3.53,0.63,2.55,3.79,1.21,4.43,3.78,3.53,3.71,3.37,4.81,4.70,2.74,2.65,1.41,4.04,4.82,3.11,-0.78,1.13,0.40,1.44,2.54,,3.60,4.61,3.88,4.15,3.99,3.97,5.70,2.87,3.12,1.82,1.80,,0.40,-7.90,2.80,4.90,4.40,,,,,,,3.10,3.90,,-0.10,1.80,2.10,1.32,,,,,,,,4,4.20,3,3.60,3.10,,,,,4.30,,3.80,4.50,4.50,4.10,3.90,,,1,,,4.50,,,5.10,3.50,4.40,5.10,2.40,1.70,
2008-12-06 20:00,3.30,3.42,2.69,1.31,0.22,4.25,3.89,3.50,-0.17,-0.52,2.01,2.10,-0.77,-0.24,0.01,0.38,0.78,-2.85,-1.10,-0.41,-2.18,-1.10,-0.22,,4.81,4.77,4.42,3.70,1.06,3.40,4.36,1.82,-2.73,-0.73,-0.24,1.20,2.19,1.29,0.41,1.48,-3.50,-4.40,-2,2.61,-0.30,1.67,3.50,4.25,1.77,2.97,0.59,2.16,3.63,2.93,1.52,4.07,2.57,4.80,2.51,2.27,4.92,1.20,4.02,-0.02,2.18,,3,2.09,1.30,-0.61,1.52,-0.14,3.46,2.16,2.83,4.23,4.90,4.27,2.94,4.14,4.49,2.60,4.41,3.04,-0.21,1.70,1.51,0.20,1.83,1.68,2.06,-1.52,-0.76,1.90,-1.79,2.56,3.51,0.61,2.53,3.84,0.83,4.38,3.66,3.45,3.75,3.16,4.80,4.60,2.48,2.45,1.59,4.09,4.89,3.19,-0.90,1.17,0.50,1.39,2.59,,3.70,4.63,3.87,4.05,3.88,3.99,5.70,2.88,3.13,1.64,1.90,4.70,0.40,-7.90,2.90,4.80,4.50,5.90,3.20,-4.60,3.30,4.20,1.80,2.90,3.90,-0.50,-0.30,2,2,1.80,,3.70,4.20,4.20,4.10,4.20,3.30,3.50,4.40,3.40,3.40,2.90,4.50,3.50,3.10,3.60,4.20,3.60,3.60,4.30,4.60,4.20,3.90,3.60,2.20,1,3.20,3.10,4.50,4.80,4.40,5.10,3.40,4.50,5,2.30,1.90,3
2008-12-06 20:10,3.60,3.57,2.78,1.33,0.15,4.23,3.71,3.50,-0.23,-0.58,1.95,1.96,-0.80,-0.49,-0.04,0.40,0.88,-2.90,-1,-0.15,-2.20,-1.07,-0.28,,5.04,4.68,4.09,3.68,1.14,3.50,4.38,1.73,-2.78,-0.56,-0.25,1.29,2.18,1.41,0.37,1.48,-3.50,-4.34,-2.02,2.62,-0.40,1.78,3.40,4.25,2.03,3.09,0.69,2.44,3.74,2.68,0.96,3.87,2.49,4.80,2.47,1.90,4.89,1.10,3.99,0.07,2.20,,2.81,2.02,1.30,-0.68,1.52,-0.28,3.48,2.20,3.03,4.01,5,4.25,2.90,4.16,4.50,2.87,4.13,3.13,-0.36,1.50,1.38,0.30,1.92,1.90,2.06,-1.50,-0.71,2.20,-1.83,2.80,3.41,-0.04,2.42,3.76,1.16,4.24,3.68,3.38,3.90,3.23,4.83,4.50,1.89,2.50,1.59,4.24,4.82,3.13,-0.74,1.23,0.60,1.39,2.53,,3.60,4.49,3.95,4.21,3.83,3.99,5.60,2.89,3.18,1.76,2,,0.50,-7.90,2.90,4.80,4.60,,,,,,,2.70,3.70,,-0.40,2,2,0.88,,,,,,,,3.60,4.40,3.50,3.60,2.70,,,,,4.20,,3.50,4.10,4.50,4.20,3.90,,,1.10,,,4.50,,,5.10,3.40,4.40,5.10,2.30,1.60,
2008-12-06 20:20,3.80,3.77,2.77,1.39,0.24,4.12,3.51,3.20,-0.09,-0.55,1.94,2,-0.78,-0.54,0.56,0.29,1.02,-2.88,-1.10,0,-2.27,-1.37,-0.16,,5.24,4.69,3.83,3.72,1.18,3.40,4.50,1.64,-2.92,-0.52,-0.35,0.83,2.07,1.38,0.35,1.42,-3.50,-4.42,-2.02,2.57,-0.50,1.98,3.10,4.43,1.93,3.13,0.79,2.39,3.78,2.76,0.64,3.69,2.41,4.80,2.40,1.62,4.79,0.90,4.08,0.07,2.17,,2.72,2.04,1.30,-0.70,1.62,-0.27,3.55,2.18,3.05,4.14,4.90,3.86,3.10,4.23,4.49,2.85,3.85,3.24,-0.59,1.73,1.70,0.40,2.12,1.90,1.96,-1.57,-0.68,2,-2.12,3.24,3.20,0.14,2.68,3.77,2.68,4.30,3.73,3.23,3.98,2.96,4.72,4.60,1.38,2.34,1.72,4.23,4.79,3.24,-1.53,1.37,0.60,1.51,2.51,,3.70,4.39,3.94,4.40,3.86,4.01,5.40,2.98,3.40,1.88,2.10,,0.50,-7.80,2.90,4.60,4,,,,,,,2.50,3.90,,-0.30,2.40,1.90,0.97,,,,,,,,3.60,4.40,3.30,3.80,2.70,,,,,4.20,,3.50,3.90,4.60,4.20,3.90,,,1.20,,,4.50,,,5.20,3.40,4.50,5.10,2.30,1.50,
2008-12-06 20:30,4,3.92,2.77,1.49,0.27,4.22,3.33,3,-0.20,-0.76,2.12,2.08,-0.83,-0.52,1.07,0.19,1.03,-3.03,-1.20,0.09,-2.08,-1.03,0.08,,5.01,4.58,3.84,3.80,1.26,3.20,4.60,1.50,-2.71,-0.37,-0.48,0.85,2.21,1.24,0.34,1.26,-3.50,-4.41,-2.13,2.61,-0.60,2.02,3.10,4.62,2.08,3.21,0.65,2.67,3.79,2.66,0.48,3.40,1.93,4.60,2,1.44,4.85,0.80,4.14,0.08,2.22,,2.66,2.01,1.30,-0.80,1.59,-0.48,3.59,2.19,3.26,3.98,4.80,3.80,3.10,4.38,4.43,2.61,3.55,3.43,-0.65,2.03,1.97,0.30,2.42,1.54,2.04,-1.61,-0.77,1.90,-2.02,2.91,3.05,0.21,2.55,3.44,3,3.98,3.75,3.29,4.12,2.84,4.72,4.60,1.26,2.40,1.91,4.36,4.81,3.26,-1.71,1.39,0.50,1.51,2.45,,3.80,4.34,3.88,4.48,3.74,4.18,5.40,2.98,3.52,1.88,2.20,,0.40,-7.80,2.80,4,4.10,,,,,,,2.20,4.30,,-0.40,2.60,1.90,0.96,,,,,,,,3.70,4.30,3.10,4.10,3,,,,,4.10,,3.60,3.70,4.50,4.20,3.90,,,1.10,,,4.50,,,5.20,3.50,4.50,5.10,2.30,1.90,
2008-12-06 20:40,4.20,4.32,2.88,1.56,0.38,4.26,3.29,2.80,-0.40,-0.82,2.07,2.19,-0.80,-0.77,1.01,0.17,1.15,-3,-1.30,0.31,-2.01,-0.86,0.69,,4.95,4.54,3.91,3.76,1.37,3.10,4.66,1.41,-2.76,-0.35,-0.58,0.58,2.36,1.05,0.38,1.35,-3.60,-4.80,-2.14,2.54,-0.80,2.10,3.30,4.77,2.43,3.34,0.49,2.78,3.79,2.62,0.34,3.30,1.74,4.50,2.22,1.23,4.79,0.90,4.16,0.07,2.26,,2.63,1.87,1.20,-0.72,1.44,-0.47,3.53,2.18,3.28,3.61,4.80,3.80,2.80,4.29,4.41,2.46,3.53,3.36,-0.17,1.63,2.08,0.40,2.36,1.54,2.05,-1.63,-0.89,1.60,-2.01,2.70,3.14,-0.05,2.94,3.31,3.46,3.77,3.74,3.24,3.96,2.95,4.65,4.50,1.31,2.44,2,4.51,4.81,3.42,-1.36,1.43,0.60,1.41,2.41,,3.80,4.19,3.88,4.58,3.69,4.31,5.50,2.94,3.64,1.91,2.20,,0.40,-7.80,2.90,3.40,4.10,,,,,,,2.10,4.30,,-0.50,2.70,2.50,0.87,,,,,,,,3.60,4.20,3,4.20,3.10,,,,,4.10,,3.70,3.60,4.60,4.20,3.90,,,1.20,,,4.40,,,5.40,3.50,4.60,5.10,2.40,2,
2008-12-06 20:50,4.10,4.53,2.85,1.67,0.16,4.31,3.19,2.70,-0.47,-0.98,1.90,2.36,-0.75,-0.77,0.82,0.20,1.12,-3.13,-1.40,0.53,-1.91,-0.88,0.99,,4.87,4.47,3.88,3.71,1.48,2.90,4.64,1.23,-2.71,-0.32,-0.69,0.63,2.36,1.10,0.45,1.51,-3.70,-4.72,-2.24,2.45,-0.80,2.19,3.30,4.88,2.43,3.67,0.61,2.69,3.77,2.66,0.35,3.05,1.55,4.50,1.81,1.42,4.93,0.80,4.07,0.07,2.24,,2.70,1.78,1.20,-0.72,1.43,-0.09,3.47,2.10,3.33,3.93,4.70,3.89,2.40,4.37,4.35,2.53,3.35,3.29,0.14,1.26,2.10,0.30,2.10,1.52,1.90,-1.70,-1.04,1.40,-2.15,3.40,2.78,0.10,2.88,3.27,3.52,3.64,3.87,3.29,4.02,3.21,4.63,4.40,1.33,2.50,2.15,4.42,4.87,3.44,-1.15,1.44,0.60,1.46,2.37,,3.80,4.32,3.86,4.59,3.72,4.39,5.50,2.96,3.67,1.96,2.30,,0.50,-7.60,3,3.40,4.10,,,,,,,2.40,4.20,,-0.40,2.60,2.70,0.68,,,,,,,,3.60,3.90,3,4.20,3.20,,,,,4.10,,3.80,3.70,4.60,4.20,3.90,,,1.30,,,4.40,,,5.70,3.40,4.60,5.20,2.40,2.10,
2008-12-06 21:00,4,4.71,2.92,1.60,0.25,4.23,3.13,2.60,-0.56,-1.03,1.80,2.32,-0.88,-0.84,0.63,0.09,1.05,-2.96,-1.40,0.75,-1.72,-0.71,1.06,,4.81,4.41,3.83,3.73,1.44,2.80,4.77,1.03,-2.78,-0.26,-0.52,0.62,2.40,1.12,0.30,1.52,-3.70,-4.72,-2.22,2.51,-0.80,2.05,3.40,4.74,2.31,3.48,0.72,2.67,3.66,2.62,0.23,3.03,1.20,4.50,1.64,1.07,4.68,0.60,3.98,0.04,2.17,,2.75,1.75,1.20,-0.80,1.31,0.10,3.50,2.09,3.31,3.97,4.80,4.03,2,4.34,4.38,2.47,3.25,3.16,0.10,1.57,2,0.40,2.14,1.62,1.66,-1.69,-0.99,1.30,-2.15,2.30,2.65,0.24,2.61,3.11,3.28,3.23,3.68,3.38,3.98,3.49,4.53,4.40,1.82,2.63,2.28,4.41,4.96,3.42,-1.06,1.46,0.70,1.47,2.31,,3.80,4.10,3.94,4.53,3.80,4.45,5.60,2.92,3.65,1.91,2.40,5,0.60,-7.50,3,3.40,4.30,,3.10,-4.60,3.90,4.40,2.60,2.10,4.10,-0.80,-1.30,2.60,2.60,0.90,,3.60,4.20,4.40,4.30,4.10,3.40,3.60,3.50,2.60,4.10,3.30,4.30,3.60,3.10,3.40,4.10,3.40,3.80,3.50,4.60,4.20,4,,2.60,1.60,3.50,2.80,4.40,5.10,4.50,5.80,3.30,4.60,5.10,2.60,2.10,2.90
2008-12-06 21:10,3.90,4.55,2.78,1.70,0.16,3.97,3.12,2.60,-0.48,-1.10,1.95,2.15,-0.86,-1.09,0.48,0.17,0.78,-2.97,-1.50,0.90,-1.78,-0.85,1,,5,4.53,3.72,3.57,1.51,2.60,4.79,1.03,-2.89,-0.07,-0.44,0.74,2.36,1.09,0.38,1.64,-3.80,-4.86,-2.26,2.55,-0.80,2.01,3.50,4.52,2.21,3.40,0.63,2.74,3.68,2.66,0.15,2.81,1.12,4.50,1.39,0.82,4.55,0.50,3.94,0.03,2.17,,2.70,1.79,1.20,-0.81,1.43,0.29,3.54,2.08,3.35,3.58,4.90,4.18,2.13,4.17,4.38,2.50,2.92,3.09,-0.25,1.86,1.71,0.50,2.33,1.38,1.56,-1.67,-1.13,1,-2.09,1.88,2.44,0.07,2.25,2.92,3.20,3.83,3.65,3.41,4.03,3.57,4.64,4.30,1.89,2.65,2.24,4.51,4.91,3.42,-1.05,1.46,0.60,1.49,2.28,,3.70,4.03,3.98,4.64,3.92,4.39,5.60,3.01,3.79,1.85,2.30,,0.70,-7.70,3.20,3.40,3.90,,,,,,,2.10,4,,-1.30,2.60,2.60,0.85,,,,,,,,3.80,3.20,2.70,4,2.90,,,,,4.60,,3.80,3.20,4.60,4.20,4,,,1.60,,,4.20,,,5.90,3.70,4.60,5.10,2.60,2.10,
2008-12-06 21:20,3.70,4.36,2.76,1.77,0.03,3.92,3.29,2.70,-0.51,-1.17,2.05,2.31,-0.99,-0.95,0.87,0.20,0.56,-3.07,-1.60,0.90,-1.99,-0.79,1.35,,4.97,4.28,3.48,3.67,1.62,2.60,4.72,0.98,-2.92,-0.04,-0.32,0.77,2.31,1.09,0.37,1.66,-3.70,-4.58,-2.27,2.54,-0.80,2.18,3.50,4.34,2.23,3.44,0.64,2.84,3.89,2.83,-0.08,2.50,0.96,4.50,1.52,0.56,4.54,0.70,3.87,-0.12,2.25,,2.84,1.80,1.20,-0.77,1.34,0.24,3.59,2.11,3.43,3.63,4.90,4.29,2.64,4.09,4.30,2.70,2.94,3.12,-0.47,1.91,1.79,0.10,2.52,1.35,1.65,-1.73,-1.19,1.30,-1.84,1.81,2.18,-0.36,2.02,2.90,2.89,3.72,3.79,3.29,4.03,3.58,4.70,4.30,2.23,2.74,2.36,4.42,4.88,3.45,-0.97,1.55,0.50,1.32,2.31,,3.80,3.96,4.08,4.45,3.77,4.34,5.60,2.95,3.71,1.81,2.20,,0.60,-7.70,3.10,3.10,4.10,,,,,,,2,4.20,,-1.20,2.50,2.80,1.05,,,,,,,,3.80,2.80,2.80,3.80,2.60,,,,,4.50,,3.80,3,4.50,4.20,4,,,1.50,,,4.10,,,6,3.90,4.60,5.20,2.60,2.20,
2008-12-06 21:30,3.80,4.21,2.79,1.84,0.20,3.96,3.24,2.80,-0.70,-1.15,2.31,2.42,-0.88,-0.51,1.85,0.21,0.44,-2.98,-1.50,0.85,-1.98,-0.61,1.30,,4.92,4.21,3.62,3.76,1.72,2.30,4.70,0.98,-2.89,-0.18,-0.54,0.38,2.31,1.10,0.25,1.53,-3.70,-4.68,-2.31,2.39,-0.70,2.33,3.60,4.20,2.28,3.67,0.75,2.84,3.82,2.79,-0.31,2.48,0.60,4.60,1.24,0.29,4.39,0.60,3.80,-0.31,2.28,,2.61,1.87,1.20,-0.73,1.30,0.25,3.49,2,3.49,3.60,4.80,4.23,2.57,3.86,4.25,2.90,2.86,2.94,-0.77,1.86,1.69,0.20,2.87,1.38,1.59,-1.78,-1.41,1.20,-1.72,1.93,1.96,-0.46,1.89,3.22,2.67,3.99,3.84,3.16,4.09,3.32,4.73,4.10,2.89,2.82,2.36,4.26,4.99,3.43,-0.66,1.56,0.50,1.31,2.27,,3.70,3.96,3.95,4.48,3.76,4.33,5.70,3.06,3.89,1.89,2.20,,0.60,-7.60,3.10,3.20,4.10,,,,,,,2,4,,-1,2.70,2.60,1.37,,,,,,,,3.60,2.20,3.20,3.50,2.40,,,,,4.40,,3.90,2.70,4.50,4.20,4,,,1.60,,,4,,,6,4,4.60,5.30,2.60,2.20,
2008-12-06 21:40,3.90,4.31,2.77,2.14,0.20,3.94,3.32,2.70,-0.76,-1.12,2.27,2.22,-0.96,-0.13,2.02,0.30,0.41,-2.98,-1.60,0.79,-1.92,-0.66,1.33,,4.77,4.03,3.52,3.62,1.87,2.20,4.75,0.71,-2.92,-0.33,-0.76,0.43,2.27,1.14,0.28,1.48,-3.70,-4.52,-2.45,2.46,-0.60,2.25,3.90,3.90,2.34,3.76,0.78,2.77,3.89,2.88,-0.44,2.48,0.38,4.60,1.10,-0.01,4.33,0.50,3.80,-0.38,2.19,,2.67,1.93,1.20,-0.76,1.46,-0.08,3.37,1.95,3.60,3.64,4.60,4.21,2.56,4.10,4.28,2.90,3.02,2.86,-1.08,2.02,1.75,0.50,2.89,1.25,1.60,-1.83,-1.49,1.30,-1.53,1.86,1.57,-0.50,1.88,3.47,2.64,4.14,3.86,3.22,4.16,3.26,4.70,3.90,2.87,2.90,2.53,4.07,5.01,3.49,-0.67,1.53,0.60,1.32,2.18,,3.80,3.99,3.93,4.34,3.95,4.34,5.70,3.09,3.67,1.87,2.20,,0.50,-7.60,3,3.30,3.70,,,,,,,2.20,3.90,,-0.90,2.70,2.20,1.64,,,,,,,,3.60,2.40,3.60,3.10,2.30,,,,,4.40,,4,1.50,4.50,4.30,4,,,1.80,,,4,,,6,3.80,4.60,5.30,2.60,2.20,
2008-12-06 21:50,4.10,4.16,2.73,2.08,0,3.92,3.50,2.80,-0.44,-1.19,2.30,2.16,-0.88,-0.41,2.09,0.26,0.51,-3.03,-1.60,0.70,-1.92,-0.69,1.05,,4.70,3.83,3.58,3.69,1.93,2.10,4.67,0.55,-2.97,-0.58,-0.80,0.43,2.42,1,0.32,1.52,-3.80,-4.72,-2.36,2.54,-0.60,2.29,3.80,3.78,2.20,3.78,0.82,2.92,3.87,3.02,-0.61,2.09,0.40,4.60,0.25,-0.13,4.32,0.60,3.81,-0.45,2.28,,2.67,1.93,1.20,-0.83,1.52,-0.10,3.29,1.82,3.50,3.71,4.40,4.29,2.55,4.05,4.11,2.90,3,3,-1.43,2.26,1.64,0.60,2,1.55,1.52,-2.06,-0.87,1.40,-1.17,2.06,1.34,-0.44,2.29,3.59,2.61,4.24,3.82,3.25,4.12,3.22,4.54,3.80,2.55,3.10,2.51,3.93,5.04,3.46,-0.50,1.67,0.50,1.39,2.28,,3.80,3.75,3.87,4.14,4,4.36,5.70,3.20,3.83,1.97,2.20,,0.40,-7.60,3.20,3.40,3.40,,,,,,,2.30,3.90,,-0.80,2.80,2,1.53,,,,,,,,3.70,2.30,3.90,2.90,2.20,,,,,4.40,,4.10,1.20,4.50,4.30,4,,,2,,,3.90,,,6,3.80,4.60,5.30,2.60,2.20,
2008-12-06 22:00,4.20,4.11,2.71,2.01,0.10,4.02,3.67,3.10,-0.36,-1.08,2.20,2.19,-0.93,-0.38,2.55,0.23,0.53,-2.90,-1.60,0.22,-2.08,-1.06,1.05,,4.79,3.79,3.51,3.77,1.94,2,4.66,0.70,-2.96,-0.69,-0.83,0.57,2.39,1,0.29,1.57,-3.80,-5.03,-2.50,2.56,-0.60,2.34,3.90,3.72,2.32,3.56,0.85,2.93,3.87,3.07,-0.43,2.05,0.30,4.60,0.66,-0.26,4.23,0.70,3.90,-0.45,2.39,,2.50,1.87,1.10,-0.83,1.55,-0.18,3.20,1.80,3.45,3.80,4.40,4.24,2.44,4.11,4.07,2.90,3.23,2.89,-1.14,2.59,1.76,1.40,1.62,1.89,1.48,-2.12,-1.26,1.40,-1.10,2.19,1.41,-0.98,2.45,3.50,2.46,3.75,3.80,3.28,4.14,3.22,4.50,3.70,2.40,3.10,2.42,3.71,4.99,3.65,-0.21,1.63,0.60,1.39,2.29,,3.90,3.55,3.85,4.03,3.91,4.39,5.60,3.31,3.79,2.07,2.20,4.70,0.30,-7.60,3.20,3.30,3.30,,3.10,-4.60,3.60,4.20,2.90,2.30,4,-1,-0.40,2.90,1.70,1.10,1.10,3.60,4.30,4.20,4,4.20,3.80,3.60,2.10,3.80,2.70,2,4.30,3.60,3,3.50,4.30,3.60,4.20,0.90,4.50,4.30,4.10,3.80,2.70,2,3.30,2.80,3.90,5.40,4.70,5.90,4,4.70,5.30,2.60,2.20,2.90
2008-12-06 22:10,4.40,4.03,2.77,1.97,0.12,4.23,3.62,3.20,-0.41,-1.06,2.20,1.64,-1.01,-0.08,2.54,0.33,0.49,-2.85,-1.70,-0.16,-2.18,-0.77,0.86,,4.73,3.82,3.55,3.82,2.02,2,4.67,0.68,-3.02,-0.84,-0.80,0.54,2.15,0.91,0.29,1.63,-3.90,-5.40,-2.44,2.24,-0.60,2.24,3.90,3.70,2.69,3.41,0.73,2.90,3.84,3,-0.18,2.28,0.70,4.60,0.41,-0.41,4.46,0.60,3.92,-0.41,2.44,,2.55,1.76,1,-0.90,1.68,-0.34,3.13,1.86,3.24,3.72,4.30,4.23,2.60,4.12,4.01,2.80,3.12,2.84,-0.97,2.56,2.03,1.40,1.40,2.07,1.41,-2.15,-1.68,1.40,-0.84,2.50,1.21,-0.98,2.45,3.36,2.34,3.61,3.76,3.13,4.15,3.26,4.49,3.70,1.94,3.01,2.47,3.61,4.92,3.64,0.13,1.64,0.60,1.32,2.20,,3.80,3.53,3.84,4.14,3.92,4.44,5.50,3.32,3.88,1.93,2.30,,0.20,-7.50,2.90,3.20,3.20,,,,,,,2.40,3.80,,-0.40,2.90,1.80,0.93,,,,,,,,3.60,1.90,3.80,2.70,2,,,,,4.40,,4.20,1,4.50,4.30,4.10,,,2,,,3.80,,,5.90,4.40,4.70,5.30,2.60,2.30,
2008-12-06 22:20,4.40,3.97,2.74,1.92,-0.03,4.56,3.48,3.30,-0.46,-0.90,2.15,1.51,-1.13,-0.05,2.23,0.36,0.37,-2.80,-1.80,-0.07,-2.07,-0.65,0.60,,4.68,3.80,3.41,3.82,2.03,1.90,4.62,0.61,-3.03,-0.92,-1,0.41,1.89,0.88,0.16,1.46,-3.90,-5.12,-2.46,2.08,-0.90,2.37,3.80,3.81,2.61,3.52,0.99,2.87,3.82,3,-0.13,1.77,0.39,4.60,0.84,-0.52,4.59,0.60,3.82,-0.41,2.54,,2.51,1.68,1,-0.88,1.86,-0.45,3.11,1.72,3.29,3.88,4.30,4.31,2.50,3.76,3.97,2.80,3.35,2.82,-0.85,2.55,2.07,2,1.29,1.77,1.63,-2.04,-1.73,1.30,-0.87,2.54,1.28,-0.94,2,3.28,2.22,3.10,3.64,3.10,4.10,3.16,4.39,3.70,1.59,2.93,2.53,3.38,4.93,3.62,0.14,1.63,0.60,1.40,2.21,,3.80,3.46,3.90,4.11,3.96,4.41,5.40,3.29,4.02,1.90,2.30,,0.20,-7.50,2.80,3.30,3.10,,,,,,,2.30,3.80,,-0.50,2.90,2.40,0.97,,,,,,,,3.50,2,3.90,2.60,2.10,,,,,4.40,,4.20,0.40,4.50,4.40,4.10,,,2,,,3.60,,,5.80,4.40,4.70,5.30,2.60,2.30,
2008-12-06 22:30,4.40,4.07,2.58,1.96,-0.15,4.55,3.40,3.30,-0.40,-0.92,2.09,0.99,-1.20,-0.27,2.04,0.33,0.53,-2.75,-1.90,0.24,-2.14,-0.87,0.39,,4.61,3.70,3.47,3.81,1.98,2,4.56,0.66,-3.11,-0.97,-1,0.39,1.68,0.89,0.19,1.39,-4,-5.44,-2.54,2.01,-1.10,2.42,3.80,3.72,2.49,3.25,0.79,3.04,3.80,3.05,0.01,1.77,0.34,4.70,0.69,-0.49,4.59,0.60,3.66,-0.34,2.71,,2.54,1.66,1.10,-0.83,1.74,-0.35,3.01,1.61,3.22,4.03,4.20,4.01,2.50,3.37,3.98,3.10,3.28,2.75,-0.69,2.67,2.03,1.80,1.33,1.50,1.58,-2.20,-1.60,1.40,-0.75,2.57,1.15,-1.11,1.42,3.41,1.83,2.30,3.56,3.08,4.19,3.16,4.37,3.70,1.51,2.83,2.60,3.33,5.02,3.72,-0.02,1.57,0.60,1.50,2.15,,3.80,3.68,3.74,3.85,4.10,4.47,5.50,3.27,4.14,1.98,2.30,,0.20,-7.50,2.60,3.20,3.30,,,,,,,2.50,3.80,,-0.70,2.90,2.20,1.10,,,,,,,,3.50,2.10,3.60,2.40,2.30,,,,,4.30,,4.10,0.50,4.50,4.40,4.10,,,2,,,3.40,,,5.80,4.20,4.80,5.30,2.70,2.30,
2008-12-06 22:40,4.30,4.08,2.56,1.92,-0.11,4.46,3.66,3.30,-0.34,-0.98,2.11,0.67,-1.23,-0.12,1.20,0.26,0.70,-2.88,-2.20,0.04,-2.10,-0.97,0.19,,4.50,3.50,3.65,3.63,2.01,1.90,4.52,0.72,-3.02,-1.01,-1.05,0.15,1.66,0.90,0.27,1.53,-4.10,-5.46,-2.57,2.02,-1,2.38,3.70,3.62,2.57,2.86,0.70,3.06,3.82,3.18,0.06,1.81,0.47,4.60,1.06,-0.28,4.63,0.50,3.50,-0.33,2.73,,2.60,1.72,1.10,-0.88,1.60,0.12,2.95,1.74,3.17,4.04,4.20,4.16,2.40,3.20,4.02,3,3.28,2.71,-0.54,2.48,1.82,1.40,1.31,1.28,1.62,-2.25,-1.45,1.30,-0.69,3.73,1.14,-1.38,0.89,3.15,1.21,2.96,3.57,3.13,4.02,3.30,4.31,3.70,1.55,2.80,2.56,3.13,5.03,3.78,0.19,1.59,0.70,1.56,2.13,,3.70,3.37,3.88,3.63,4.15,4.45,5.50,3.22,4.15,2.08,2.30,,0.30,-7.50,2.60,3.60,3,,,,,,,2.50,4,,-0.60,2.60,1.80,1.57,,,,,,,,3.60,2.20,3.50,2.30,2,,,,,4.20,,4,1.10,4.50,4.50,4.10,,,2,,,3.40,,,5.80,4.20,4.80,5.30,2.70,2.40,
2008-12-06 22:50,4.30,4.06,2.69,1.96,-0.16,4.36,3.73,3.30,-0.23,-0.95,2.08,1.12,-1.35,-0.27,0.90,0.33,0.76,-2.84,-2.10,-0.02,-2.05,-0.76,0.14,,4.61,3.29,3.38,3.68,1.94,1.90,4.51,0.79,-3.08,-0.92,-1.03,0.19,1.62,0.84,0.34,1.38,-4.10,-5.34,-2.71,2.01,-1.20,2.27,3.60,3.54,2.46,2.59,0.71,3.14,3.97,3.40,0.18,1.94,0.53,4.60,1.14,-0.17,4.56,0.50,3.42,-0.45,2.72,,2.48,1.70,1.10,-0.95,1.57,0.24,3.03,1.82,3.22,3.90,4,4.16,2.50,3.16,3.90,3,3.28,2.52,-0.67,2.51,1.79,1.30,1.13,1.05,1.70,-2.32,-1.74,1.30,-0.49,5.42,1.16,-1.38,1.58,3.03,0.84,3.36,3.67,3.15,4.01,3.32,4.39,3.70,1.37,2.66,2.48,2.95,5.04,3.84,0.47,1.63,0.70,1.89,2.15,,3.70,3.53,3.85,3.64,4.07,4.40,5.50,3.23,3.66,2.22,2.40,,0.30,-7.60,2.60,3.50,3.20,,,,,,,2.40,3.90,,-0.60,2.50,1.50,1.84,,,,,,,,3.70,2.50,3.30,2.20,2.30,,,,,4.20,,3.80,1.10,4.40,4.60,4.20,,,1.60,,,3.40,,,5.80,4.40,4.80,5.30,2.80,2.40,
2008-12-06 23:00,4.20,4.07,2.60,2.04,-0.26,4.44,3.75,3.30,-0.12,-0.93,1.92,1.44,-1.46,-0.29,0.69,0.42,0.71,-2.96,-2.30,-0.27,-2.10,-0.69,0.01,,4.50,3.26,3.42,3.49,1.82,1.90,4.46,0.88,-3.18,-0.91,-1.06,0.14,1.57,0.75,0.09,1.38,-4.20,-5.45,-2.79,2.11,-1.30,2.28,3.60,3.43,2.45,2.57,0.66,3.12,3.93,3.51,0.36,1.94,0.80,4.70,1.16,-0.10,4.49,0.40,3.30,-0.50,2.70,,2.47,1.69,1,-0.93,1.58,0.22,3.10,1.81,3.20,3.91,3.90,4.01,2.50,2.82,3.88,3,3.24,2.40,-0.53,2.52,1.48,1.70,1.07,1.02,1.74,-2.31,-1.80,1.10,-0.35,5.94,1.49,-1.32,2.16,2.87,0.53,3.02,3.53,3.12,4.05,3.40,4.36,3.70,1.27,2.50,2.53,2.72,5.09,3.85,0.74,1.69,0.80,1.92,2.15,,3.60,3.32,3.83,3.52,4.12,4.40,5.40,3.16,3.29,2.15,2.40,4.60,0.10,-7.60,2.70,3.60,3.30,5,3,-4.60,2.90,4.10,3.10,2.20,4,-1,-0.30,2.60,0.70,1.90,0.70,3.40,4.40,4.10,4,4.20,3.80,4,2.70,3.20,2.20,2.30,4.50,4,3.20,3.80,4.20,4.10,3.70,0.90,4.50,4.70,4.20,3.90,3.20,1.30,3,,3.30,5.20,4.80,5.70,4.40,4.80,5.30,3,2.50,3
2008-12-06 23:10,4.20,4.16,2.48,2.09,-0.17,4.21,3.82,3.30,-0.23,-1,1.46,1.30,-1.42,-0.31,0.65,0.36,0.70,-2.96,-2.40,-0.47,-2.04,-0.73,-0.25,,4.29,3.15,3.39,3.49,1.75,2.20,4.24,0.84,-3.21,-1.14,-1.28,-0.01,1.56,0.59,-0.04,1.42,-4.20,-5.15,-2.71,2.13,-1.30,2.36,3.50,3.33,2.23,2.55,0.81,3.16,3.91,3.64,0.71,1.98,1.05,4.80,1.31,-0.20,4.34,0.30,3.19,-0.40,2.63,,2.69,1.74,1.10,-0.87,1.38,0.16,3.17,1.81,3.13,3.90,3.80,3.86,2.40,2.15,4,3,3.32,2.31,-0.67,2.41,1.49,1.80,1.04,0.95,1.72,-2.21,-1.89,0.80,-0.07,5.92,1.67,-1.13,2.09,2.81,-0.13,2.92,3.42,3.11,4.10,3.59,4.41,3.70,1.22,2.35,2.46,2.15,5.04,3.80,0.87,1.68,0.80,2.09,2.05,,3.60,3.31,3.92,3.50,4.12,4.38,5.40,3.09,3.50,2.09,2.40,,0.20,-7.70,2.50,3.90,3.10,,,,,,,2,3.90,,-0.30,2.70,0.70,2.08,,,,,,,,4.10,2.90,3.30,1.70,2.40,,,,,4.10,,3.60,0.90,4.50,4.70,4.20,,,1.20,,,3.30,,,5.60,4.50,4.80,5.30,3,2.50,
2008-12-06 23:20,4.20,4.24,2.54,2.05,-0.03,4.07,3.95,3.40,-0.25,-1.01,1.60,0.84,-1.51,-0.33,0.61,0.33,0.71,-2.84,-2.40,-0.71,-2.05,-0.87,-0.35,,4.18,3.02,3.38,3.45,1.67,2.40,4.15,0.89,-3.25,-1.28,-1.16,-0.30,1.60,0.57,-0.07,1.46,-4.30,-5.20,-2.68,2.07,-1.50,2.32,3.50,3.37,2.20,2.48,0.85,3.19,3.95,3.76,0.89,2.04,1.27,4.60,1.31,-0.31,4.33,0.30,3.12,-0.44,2.68,,2.70,1.81,1.20,-0.90,1.36,0.22,3.19,1.75,3.11,3.90,3.80,3.83,2.60,2.29,3.91,3.10,3.45,2.20,-0.95,2.14,1.19,1.30,1.34,0.89,1.61,-2.08,-1.68,0.80,-0.24,5.74,1.67,-1.06,1.24,2.77,-0.25,2.95,3.54,3.15,4.02,3.64,4.43,3.70,1.51,2.34,2.61,1.80,4.93,3.83,1.02,1.69,0.80,2.11,1.98,,3.50,3.39,3.88,3.72,4.01,4.41,5.40,3.08,3.72,2.31,2.20,,0.10,-7.70,2.40,3.90,2.90,,,,,,,1.90,3.70,,-0.40,2.70,0.70,2.10,,,,,,,,4.10,2.90,3.10,1.80,2.40,,,,,4.10,,3.50,0.60,4.40,4.70,4.30,,,0.80,,,3.30,,,5.50,4.40,4.80,5.30,3.10,2.60,
2008-12-06 23:30,4.10,4.40,2.62,2.02,-0.07,3.92,3.80,3.40,-0.38,-0.99,1.62,0.76,-1.51,-0.34,0.33,0.29,0.50,-2.85,-2.40,-0.80,-2.11,-0.92,-0.41,,4.26,2.83,3.17,3.48,1.61,2.50,4.27,0.57,-3.31,-1.48,-1.13,-0.04,1.50,0.55,0,1.33,-4.40,-5.18,-2.67,2.20,-1.60,2.29,3.50,3.35,2.27,2.54,0.80,3.15,3.94,3.83,0.91,1.92,1.34,4.40,1.41,-0.36,4.19,0.30,2.99,-0.56,2.72,,2.64,1.81,1.20,-0.87,1.34,0.28,3.18,1.69,2.97,3.69,3.90,3.92,2.60,2.25,3.87,3.20,3.45,2.11,-1.02,2.13,1.06,0.70,1.05,0.81,1.49,-1.99,-1.84,0.80,-0.17,5.61,1.70,-0.60,1.06,2.57,-0.43,2.64,3.56,3.22,3.98,3.79,4.45,3.70,1.30,2.46,2.96,1.67,4.65,3.86,1.15,1.77,0.90,1.96,2.07,,3.40,3.24,3.88,3.60,4.23,4.45,5.40,3.09,3.78,2.29,2.10,,0.10,-7.70,2.30,3.50,2.90,,,,,,,1.80,3.70,,-0.60,2.60,1,2.09,,,,,,,,4.10,2.90,3.10,1.90,1.70,,,,,4.10,,3.50,0.60,4.40,4.70,4.30,,,0.60,,,3.10,,,5.50,4.30,4.80,5.30,3.10,2.60,
2008-12-06 23:40,4,4.24,2.64,1.95,-0.10,3.87,3.89,3.20,-0.32,-0.97,2,0.65,-1.58,-0.67,0.43,0.29,0.37,-2.96,-2.50,-0.75,-2.13,-0.77,-0.72,,4.31,2.83,3.12,3.40,1.55,2.50,4.27,0.59,-3.29,-1.50,-1.35,-0.14,1.60,0.46,0.10,1.33,-4.40,-5.15,-2.70,2.18,-1.60,2.32,3.30,3.31,2.18,2.63,0.89,3.26,4,3.79,1.03,1.97,1.28,4.30,1.78,-0.32,4.10,0.40,2.76,-0.63,2.73,,2.67,1.80,1.30,-0.86,1.32,0.31,3.21,1.75,2.96,3.63,3.90,3.93,2.60,2.18,3.84,3.10,3.53,2.14,-0.84,2.07,0.61,0.40,1.59,0.45,1.31,-1.94,-1.95,0.90,-0.21,5.84,1.40,-0.33,1.20,2.36,-0.87,3.21,3.59,3.33,3.98,3.78,4.49,3.60,0.78,2.45,3.08,1.45,4.48,3.83,1.21,1.75,1,1.95,1.94,,3.40,3.19,3.98,3.61,4.20,4.47,5.40,3.03,3.43,2.37,2,,0.10,-7.80,2.30,3.70,2.90,,,,,,,1.90,3.70,,-0.60,2.70,1.50,2.12,,,,,,,,4.10,3,3.10,1.80,1.70,,,,,4.10,,3.40,0.30,4.40,4.70,4.40,,,0.70,,,3,,,5.60,4.20,4.80,5.30,3,2.60,
2008-12-06 23:50,3.90,4.21,2.65,2.04,-0.16,3.67,3.79,3.10,-0.44,-0.93,1.96,0.71,-1.70,-0.80,0.32,0.35,0.39,-2.96,-2.60,-0.80,-2.16,-0.92,-1.09,,4.44,2.89,2.97,3.39,1.55,2.30,4.08,0.78,-3.48,-1.74,-1.38,-0.52,1.26,0.26,0.15,1.40,-4.40,-5.12,-2.76,2.15,-1.60,2.25,3.30,3.30,2.09,2.61,0.71,3.38,3.98,3.91,1.07,2.11,1.35,3.70,1.77,-0.09,3.94,0.70,2.69,-0.52,2.78,,2.52,1.77,1.30,-0.91,1.20,0.37,3.34,1.69,2.96,3.81,3.80,3.88,2.80,2.56,3.79,2.90,3.37,2.21,-0.58,1.91,0.36,0.40,1.93,0.50,1.15,-1.93,-2.13,0.90,-0.05,5.87,1.41,0.01,1.43,2.11,-0.99,3.40,3.74,3.27,4.02,3.77,4.53,3.50,0.51,2.33,3.16,1.28,4.66,3.92,1.14,1.82,1.10,2,1.96,,3.40,3.13,3.98,3.33,4.23,4.46,5.40,2.94,3.97,2.39,2,,0,-7.80,2.20,3.70,3.10,,,,,,,1.70,3.80,,-0.40,2.80,1.50,2.34,,,,,,,,4,3,3.30,2,0.90,,,,,4,,3.30,0.30,4.40,4.70,4.40,,,0.60,,,2.80,,,5.60,4.50,4.80,5.30,3,2.60,
2008-12-07 00:00,3.80,4.27,2.39,2.08,-0.19,3.61,3.85,2.90,-0.41,-0.59,1.87,0.52,-1.72,-0.97,0.11,0.35,0.60,-3.07,-2.70,-0.85,-2.31,-0.72,-1.75,,4.21,2.67,3.05,3.41,1.48,2.20,4.10,0.60,-3.45,-1.57,-1.59,-0.41,1.51,0.29,0.16,1.46,-4.40,-5.20,-2.83,2.15,-1.50,2.43,3.30,3.28,2.08,2.55,0.67,3.33,3.92,3.94,1.22,2.14,1.39,3.30,1.73,0.10,3.93,0.90,2.57,-0.50,2.80,,2.65,1.83,1.30,-0.95,1.01,0.37,3.41,1.69,2.98,4,3.80,3.84,2.90,2.63,3.65,2.80,3.35,2.20,-0.51,1.87,0.18,0.50,1.46,0.64,1.24,-1.99,-2.07,0.60,0.01,5.88,1.38,-0.10,1.55,2.09,-1.17,3.38,3.86,3.40,3.84,3.68,4.55,3.50,0.53,2.25,3.23,1.45,4.74,3.97,1.16,1.84,1.20,2.03,1.93,,3.30,3.05,3.84,3.23,4.07,4.48,5.40,2.82,4.21,2.33,2,4.30,0.10,-7.90,2.30,3.70,3.20,4.60,2.50,-4.60,2.10,3.80,3.10,1.70,3.80,-0.60,-0.80,3.20,0.90,2.30,,3.30,4.10,3.90,4.10,4.20,3.70,4.10,3.10,3.20,2.10,1.10,4.50,4.10,3.50,3.60,4,4.10,3.20,0.10,4.50,4.70,4.40,3.90,3.50,0.40,2.50,2.70,2.70,,4.90,5.60,4.40,4.80,5.20,2.80,2.60,3.20
2008-12-07 00:10,3.70,4.30,2.38,2.05,-0.30,3.92,3.70,2.60,-0.48,-0.65,1.80,0.55,-1.75,-1.09,0,0.25,0.68,-3.10,-2.90,-1.15,-2.41,-0.89,-1.83,,4.01,2.49,2.79,3.41,1.41,2,3.99,0.38,-3.49,-1.66,-1.64,-0.52,1.17,0.28,0.20,1.47,-4.50,-5.18,-2.84,2.07,-1.90,2.25,3.20,3.22,2.31,2.51,0.82,3.25,3.92,3.93,1.34,2.38,1.86,3,1.97,0.10,3.90,0.90,2.64,-0.46,2.80,,2.82,1.88,1.30,-1.02,1.01,0.35,3.34,1.67,2.80,3.98,3.90,3.73,2.90,2.45,3.74,2.96,3.37,2.27,-0.32,1.60,0.15,0.20,1.54,0.69,1.10,-1.98,-1.99,0.60,0.01,5.90,1.56,-0.47,1.67,2.13,-1.35,3.57,3.83,3.32,3.74,3.73,4.55,3.50,0.42,2.08,3.11,1.72,4.80,3.88,1.39,1.80,1.30,2.03,1.80,,3.30,2.92,3.86,3.16,4.08,4.49,5.50,2.64,3.92,2.34,2,,0,-8,2.40,3.50,3.20,,,,,,,1.90,3.70,,-0.90,3.20,0.90,2.26,,,,,,,,4,3.10,3.30,2.10,1.10,,,,,4,,3.10,-0.40,4.50,4.70,4.50,,,0.40,,,2.70,,,5.60,4.10,4.70,5.20,2.80,2.70,
2008-12-07 00:20,3.60,4.40,2.40,1.95,-0.40,3.80,3.72,2.50,-0.53,-0.75,1.76,0.50,-1.69,-1.08,-0.07,0.05,0.58,-3.03,-2.80,-1.25,-2.53,-0.77,-1.92,,3.80,2.64,2.67,3.29,1.43,1.80,4.01,0.17,-3.49,-1.63,-1.44,-0.52,1.09,0.04,0.02,1.40,-4.70,-5.20,-2.83,2.03,-1.80,2.21,3.10,3.23,2.24,2.46,0.73,3.21,3.84,3.77,1.51,2.61,2.65,2.90,1.95,0.23,3.90,0.90,2.52,-0.35,2.85,,2.83,1.85,1.30,-0.95,1.24,0.37,3.33,1.61,2.68,4.05,3.90,3.70,2.81,1.72,3.81,2.80,3.05,2.34,-0.21,1.29,0.06,0,1.51,0.55,1.25,-2.07,-2.10,0.90,-0.02,5.83,1.40,-0.36,2.11,2.05,-1.35,3.64,3.79,3.37,3.75,3.74,4.67,3.70,0.39,2.30,3.08,2.05,4.80,3.77,1.46,1.83,1.40,2.06,1.71,,3.20,2.75,3.86,3.18,4.16,4.48,5.50,2.37,3.51,2.39,2,,-0.30,-8.10,2.10,3.40,3.30,,,,,,,1.90,3.60,,-0.80,3.30,1,2.19,,,,,,,,4.10,3.20,3.40,2.30,1.10,,,,,3.90,,3.30,-0.60,4.40,4.60,4.50,,,0.30,,,2.50,,,5.60,4,4.70,5.20,2.80,2.70,
2008-12-07 00:30,3.60,4.27,2.40,1.99,-0.30,3.66,3.65,2.30,-0.55,-0.59,1.76,0.44,-1.69,-0.98,-0.07,-0.36,0.32,-2.88,-2.70,-1.17,-2.54,-0.77,-2.07,,3.97,2.89,3.02,3.09,1.36,1.70,3.95,-0.02,-3.54,-1.97,-1.66,-0.75,1.31,-0.02,-0.08,1.30,-4.70,-5.29,-2.81,1.91,-2,2.12,3.10,3.24,2.18,2.43,0.81,3.27,3.80,3.67,1.66,2.63,3.01,2.90,2.13,0.34,3.77,0.80,2.49,-0.51,2.85,,2.87,1.80,1.40,-0.94,1.39,0.77,3.32,1.58,2.80,3.96,3.90,3.74,2.86,1.54,3.78,2.74,2.74,2.22,0.15,1.19,-0.07,-0.20,1.93,0.67,1.39,-2.16,-2.21,1.10,0.03,5.73,1.18,-0.08,1.82,1.72,-1.28,3.54,3.87,3.29,3.80,3.62,4.60,3.80,0.80,2.41,3.11,2.23,4.74,3.83,1.80,1.87,1.50,2.08,1.76,,3.20,2.72,3.75,2.98,4.05,4.52,5.50,2.23,3.20,2.43,2,,-0.50,-8.20,2,3.50,3.20,,,,,,,2,3.50,,-0.60,3.40,1.10,1.99,,,,,,,,4.10,3.20,3.30,2.60,0.80,,,,,3.70,,3.20,-0.60,4.40,4.40,,,,0.40,,,2.30,,,4.70,3.90,4.70,5.10,2.90,2.70,
2008-12-07 00:40,3.60,4.33,2.40,1.97,-0.30,3.62,3.57,2,-0.59,-0.54,1.31,0.66,-1.80,-0.85,0,-0.37,0.25,-3.21,-2.80,-1,-2.55,-0.77,-2.13,,3.99,2.67,2.92,2.99,1.34,1.70,3.32,-0.19,-3.50,-2.10,-1.91,-0.99,1.15,-0.15,-0.07,1.28,-5,-5.31,-2.83,1.82,-2.40,2.11,3,3.18,2.19,2.49,0.79,3.43,3.93,3.59,2.06,2.73,3.13,2.70,2.20,0.35,3.75,0.80,2.51,-0.53,2.92,,2.89,1.78,1.30,-0.82,1.77,1.37,3.33,1.56,2.74,3.99,3.90,3.72,3.05,1.52,3.56,2.47,2.27,2.24,0.37,0.92,0.05,0.30,1.76,0.89,1.60,-2.24,-2.15,0.90,0.01,5.66,1.21,-0.14,1.78,1.72,-1.28,3.45,3.80,3.31,3.69,3.68,4.59,4,1.03,2.45,3.26,2.22,4.76,3.92,1.73,1.90,1.80,2.10,1.71,,3.10,2.90,3.61,2.86,4.07,4.66,5.50,2.31,3.22,2.40,1.90,,-0.80,-8.30,1.90,3.50,3,,,,,,,2,3.40,,-0.80,3.50,1,1.92,,,,,,,,4.10,3.30,3.30,2.30,0.60,,,,,3.60,,3.20,-0.50,4.40,4.30,4.50,,,0.50,,,2.20,,,5.40,3.90,4.70,5.10,2.80,2.80,
2008-12-07 00:50,3.70,4.74,2.39,2.11,-0.20,3.72,3.69,2,-0.65,-0.59,1.10,0.58,-1.86,-0.80,-0.17,-0.28,0.19,-3.12,-2.90,-0.57,-2.54,-0.74,-1.96,,4.24,2.56,2.68,3.07,1.40,1.70,2.93,-0.45,-3.58,-1.88,-2.07,-1.01,0.68,-0.11,-0.07,1.22,-5.20,-5.49,-2.78,1.69,-2.30,2.06,3,3.11,2.18,2.46,0.80,3.61,3.84,3.67,2.68,2.81,3.14,2.60,2.38,0.41,3.57,1.10,2.51,-0.49,2.84,,2.86,1.77,1.20,-0.71,2.07,0.95,3.42,1.55,2.60,4.11,3.80,3.63,3.09,1.57,3.38,1.98,2.22,2.18,0.46,0.99,0.02,0,1.54,1.48,1.43,-2.49,-2.26,0.90,0.06,5.41,1.22,-0.13,1.90,1.84,-1.15,3.45,3.89,3.41,3.65,3.80,4.55,4.10,1.19,2.41,3.47,2.22,4.95,3.95,1.88,1.88,1.90,2.07,1.68,,3.10,2.76,3.47,2.88,4.23,4.58,5.50,2.30,3.24,2.46,1.90,,-0.70,-8.40,1.80,3.30,2.90,,,,,,,1.90,3.30,,-0.90,3.60,0.80,1.94,,,,,,,,4.10,3.40,3.20,2.10,0.70,,,,,3.50,,3.20,-0.30,4.50,4.20,4.60,,,0.50,,,2.30,,,5.60,3.80,4.70,5.20,2.80,2.80,
2008-12-07 01:00,3.80,4.98,2.47,2.11,-0.20,3.47,3.58,2.20,-0.45,-0.66,1.22,0.59,-1.65,-0.54,-0.65,-0.12,-0.01,-3.13,-2.90,-1.01,-2.58,-0.73,-1.66,,4.28,2.19,2.63,3.05,1.29,1.70,2.73,-0.50,-3.55,-1.78,-2.12,-1.10,0.55,-0.10,-0.21,1.33,-5.20,-5.91,-2.71,1.57,-2,2.04,3,3.08,1.99,2.55,0.83,3.62,3.80,3.71,2.82,2.85,3.04,2.50,2.85,0.54,3.22,1.10,2.56,-0.50,2.76,,2.78,1.80,1.20,-0.77,1.86,1.38,3.41,1.62,2.66,4.08,3.90,3.56,3.09,2.39,3.21,1.99,2.09,2.16,0.33,0.66,-0.34,-0.70,1.37,1.33,1.07,-2.62,-2.41,0.80,0.09,5.23,1.22,-0.07,1.63,2.05,-1,3.44,4.01,3.32,3.63,3.66,4.52,4.10,1.21,2.48,3.50,2.27,4.76,3.93,1.96,1.93,2,2.06,1.67,,3.10,2.89,3.47,2.65,4.13,4.58,5.50,2.20,3.13,2.52,1.90,4.20,-0.60,-8.40,1.80,3.20,2.70,4.70,2.60,-4.70,2.30,3.80,3,1.90,3.20,0.20,-0.80,3.60,0.40,2.40,1,3.40,3.90,3.90,4,4,3.60,4.10,3.40,3,2,1.30,4.60,4.10,3.60,3.50,3.40,4.20,3.20,-0.50,4.50,4.30,4.60,3.70,3.60,0.70,2.60,2.80,2.70,,5.20,5.60,3.50,4.70,5.20,2.80,2.80,3.20
2008-12-07 01:10,3.90,5.12,2.46,2.10,-0.20,3.48,3.39,2.20,-0.40,-0.76,1.24,0.65,-1.50,-0.88,-0.61,-0.08,0.10,-3.16,-2.80,-1.01,-2.53,-0.78,-1.28,,4.21,1.85,2.58,2.98,1.11,1.60,2.71,-0.56,-3.49,-1.95,-2.28,-1.01,0.58,-0.37,-0.24,1.21,-5.20,-6.04,-2.83,1.58,-1.90,1.97,2.90,3.10,1.84,2.42,0.71,3.56,3.84,3.71,2.62,2.74,2.86,2.50,2.95,0.67,3.08,1.10,2.59,-0.63,2.89,,2.67,1.83,1.20,-0.76,1.96,1.79,3.43,1.44,2.70,4.14,3.90,3.55,3.20,2.69,2.91,2,1.87,2.40,0.41,0.75,0.26,-0.80,1.22,1.43,0.98,-2.68,-2.37,0.60,0.15,5.25,1.39,0.03,1.84,2.16,-0.97,3.54,4.06,3.32,3.62,3.61,4.55,4.20,1.30,2.84,3.52,2.13,4.77,3.97,1.92,1.93,2,2.03,1.72,,3.10,2.93,3.35,2.69,4.19,4.69,5.50,2.06,3.09,2.47,1.90,,-0.50,-8.40,1.80,3.10,2.50,,,,,,,1.70,2.90,,-0.90,3.40,0.40,1.95,,,,,,,,4.10,3.50,2.80,1.90,1.30,,,,,3.40,,3.10,-0.30,4.50,4.30,4.60,,,0.70,,,2.80,,,5.60,3.20,4.60,5.20,2.80,2.80,
2008-12-07 01:20,3.90,5.07,2.51,2.06,-0.20,3.48,3.49,2.20,-0.30,-0.86,1.27,0.68,-1.19,-1.29,-0.58,-0.05,0.25,-3.03,-2.70,-0.76,-2.47,-0.96,-0.63,,4.34,2.10,2.51,2.88,1.18,1.40,2.58,-0.49,-3.55,-2.01,-2.29,-1.13,0.46,-0.42,-0.08,1,-5.10,-6.25,-2.80,1.41,-1.80,2.07,2.90,3.04,1.90,2.34,0.79,3.65,3.55,3.65,2.72,2.64,2.61,2.40,2.84,0.72,2.75,1.20,2.22,-0.74,2.87,,2.69,1.82,1.30,-0.66,1.79,1.86,3.46,1.51,2.59,4.28,3.70,3.56,3.29,2.98,2.73,2,1.86,2.49,0.67,1.06,0.30,-0.40,0.98,1.92,1,-2.64,-2.31,0.40,0.17,5.09,1.36,0.20,1.71,2.11,-0.77,3.63,4.01,3.42,3.63,3.69,4.56,4.20,1.39,2.99,3.60,2.12,4.74,3.87,1.91,2.01,2.10,2.07,1.78,,3,2.84,3.25,2.75,4.13,4.74,5.50,2.28,3.05,2.48,1.90,,-0.10,-8.40,1.70,3.20,2.50,,,,,,,1.60,2.90,,-1.20,3.20,0.50,1.96,,,,,,,,4.10,3.60,2.70,1.80,0.40,,,,,3.40,,3.10,-0.40,4.40,4.50,4.60,,,0.80,,,2.90,,,5.60,3.20,4.70,5.10,2.80,2.90,
2008-12-07 01:30,4,5,2.58,2.08,-0.20,3.39,3.57,2.40,-0.19,-1,1.37,0.55,-1.16,-1,-0.64,-0.05,0.27,-2.96,-2.70,-0.83,-2.47,-0.76,-0.33,,4.25,2.21,2.60,2.83,1.13,1.30,3.02,-0.60,-3.60,-2.05,-2.33,-0.95,0.64,-0.28,-0.01,0.91,-5.10,-5.91,-2.88,1.43,-1.60,2.14,2.80,2.88,2.06,2.31,0.63,3.64,3.64,3.70,2.49,2.55,2.36,2.10,2.71,0.82,2.38,1.30,1.89,-0.80,2.84,,2.82,1.77,1.30,-0.67,1.99,1.89,3.46,1.50,2.57,4.34,3.70,3.53,3.26,3.39,2.83,2.20,1.82,2.53,0.66,1.08,0.34,0.10,1.05,2.19,1.41,-2.74,-2.31,0.30,-0.03,4.80,1.54,-0.05,1.76,1.74,-0.68,3.61,3.83,3.44,3.59,3.67,4.60,4.20,1.46,3.10,3.54,2.26,4.72,3.97,2.02,2.05,2.10,2.03,1.96,,3.10,2.87,3.19,2.65,4.27,4.65,5.50,2.48,3.23,2.61,2,,0,-8.40,1.60,3.30,2.40,,,,,,,1.60,2.70,,-1.50,3,0.60,1.98,,,,,,,,4.10,3.60,2.60,2,0.50,,,,,3.40,,3.10,-0.50,4.40,4.50,4.60,,,0.80,,,3,,,5.60,3.10,4.70,5,2.80,2.90,
2008-12-07 01:40,3.90,4.99,2.56,2.10,-0.22,3.45,3.77,2.30,-0.19,-0.99,1.39,0.29,-1.12,-0.67,-0.36,-0.08,0.15,-2.77,-2.80,-0.68,-2.44,-0.69,-0.09,,4.31,2.07,2.59,2.84,0.93,1.40,3.48,-0.33,-3.46,-1.95,-2.26,-0.50,0.52,0.11,0.05,0.98,-5,-6,-2.72,1.22,-1.70,2.11,2.70,2.89,1.81,2.31,0.65,3.71,3.56,3.66,2.40,2.29,1.99,1.90,2.46,0.85,2.16,1.30,1.79,-0.99,2.89,,2.86,1.80,1.30,-0.74,2,2.03,3.27,1.51,2.51,4.32,3.60,3.40,3.25,3.32,2.86,2.40,1.91,2.43,0.58,1.28,0.59,0.30,1.31,2.10,1.47,-2.86,-2.21,0.40,-0.11,4.49,1.68,0.06,1.85,1.64,-0.59,3.57,3.79,3.37,3.41,3.60,4.53,4.20,1.56,3.11,3.43,2.25,4.64,3.89,2.30,2.08,2,2.12,1.72,,3,2.94,3.25,2.59,4.14,4.59,5.50,2.63,3.47,2.61,2,,0.10,-8.30,1.30,3.30,2.30,,,,,,,1.50,2.60,,-1.40,2.90,0.70,2.02,,,,,,,,4,3.60,2.50,2.10,0.30,,,,,3.30,,3.10,-0.30,4.40,4.60,4.60,,,0.70,,,3,,,5.50,3.60,4.80,5,2.80,3,
2008-12-07 01:50,4,4.95,2.54,2.21,-0.21,3.31,3.77,2.50,-0.16,-0.95,1.53,-0.12,-1.12,-0.50,-0.30,-0.06,-0.01,-2.79,-2.80,-0.39,-2.48,-0.77,0.05,,3.86,2,2.42,2.77,0.84,1.40,3.42,-0.12,-3.32,-1.93,-2.24,-0.55,0.76,0.09,0,0.84,-4.80,-6.80,-2.74,0.94,-1.60,2.03,2.70,2.80,2.11,2.18,0.55,3.70,3.45,3.63,2.32,1.85,1.73,1.70,2.11,0.90,1.95,1.60,1.57,-1.18,2.93,,2.92,1.83,1.30,-0.67,1.87,2.15,3.17,1.48,2.47,4.20,3.60,3.35,3.08,3.42,2.93,2.50,1.71,1.96,0.84,1.55,0.67,0.30,1.29,2.21,1.74,-2.96,-2.27,0.50,-0.34,4.19,1.57,-0.07,1.85,1.78,-0.54,3.59,3.92,3.42,3.38,3.68,4.41,4.30,1.61,3.10,3.38,2.51,4.63,4,2.37,2.17,2.10,2.04,1.86,,3.10,2.86,3.22,2.79,4.09,4.55,5.60,2.69,3.27,2.61,2.10,,0.20,-8.20,1.30,3.30,2.30,,,,,,,1.50,2.80,,-0.80,2.40,0.90,1.96,,,,,,,,4.10,3.70,2.30,2.40,-0.20,,,,,3.30,,2.90,0.20,4.30,4.60,4.60,,,0.70,,,3,,,5.50,4.50,4.80,5,2.80,3,
2008-12-07 02:00,4,4.82,2.47,2.24,-0.31,3.47,3.76,2.70,-0.10,-0.81,1.71,-0.04,-1.27,-0.14,-0.25,-0.04,0.07,-2.75,-2.80,-0.28,-2.45,-1.09,-0.05,,3.64,1.99,2.20,2.69,0.79,1.50,3.53,0.07,-3.32,-1.97,-2.32,-0.67,0.78,0.02,-0.07,0.66,-4.80,-6.77,-2.95,0.75,-1.50,2.11,2.70,2.79,1.94,2.17,0.51,3.60,3.30,3.64,2.17,1.67,1.33,1.50,1.70,0.98,1.75,1.90,1.25,-1.38,2.88,,2.94,1.80,1.30,-0.71,1.88,2.09,3.16,1.43,2.39,4.28,3.50,3.19,2.96,3.49,2.91,2.50,1.46,1.38,0.83,1.60,0.62,0.30,1.22,1.92,1.69,-3,-2.22,0.60,-0.24,3.93,1.55,-0.20,1.93,1.86,-0.33,3.52,3.84,3.48,3.41,3.59,4.37,4.30,2.08,3.01,3.41,2.58,4.67,4.09,2.36,2.15,2,2.06,1.91,,3.10,2.97,2.92,2.50,4.15,4.69,5.60,2.78,3.26,2.75,2.10,4.30,0.20,-8.20,1.30,3.30,2.20,,2.80,-4.70,2.30,3.90,3.20,1.70,2.60,0.40,-0.50,2.20,0.70,2.20,,3.40,4.40,3.90,3.80,3.80,3.50,4.10,3.70,2.30,2.10,-0.70,4.20,4.40,3.50,3.40,3.30,4.20,2.80,0.30,4.10,4.70,4.60,3.80,3.80,0.60,2.70,2.30,2.70,5.50,4.90,5.50,4.70,4.60,5.10,2.80,3,3.10
2008-12-07 02:10,4,4.72,2.37,2.30,-0.30,3.54,3.75,2.80,-0.05,-0.70,1.81,-0.01,-1.36,0.27,-0.06,-0.01,0.34,-2.72,-2.60,-0.17,-2.43,-1.06,-0.52,,3.72,1.88,2.02,2.58,0.64,1.50,3.61,-0.02,-3.55,-1.83,-2.21,-0.50,0.66,-0.01,-0.14,0.59,-4.80,-6.64,-3.04,0.60,-1.50,2.21,2.60,2.76,1.85,2.18,0.45,3.76,3.31,3.64,1.94,1.44,1.01,1.40,1.43,1.03,1.56,2,1.05,-1.53,2.81,,2.81,1.73,1.30,-0.63,1.93,2.10,3.18,1.44,2.47,4.30,3.60,3.22,3,3.53,2.91,2.60,1.24,1.06,0.68,1.73,0.87,0.20,1.30,1.81,1.51,-2.92,-2.36,0.70,-0.17,3.88,1.43,-0.15,1.96,1.65,-0.16,3.51,3.85,3.49,3.39,3.54,4.53,4.30,2.59,3.04,3.40,2.63,4.57,4,2.31,2.21,2.10,2.20,1.88,,3.10,2.86,2.77,2.37,4.14,4.77,5.60,2.79,3.40,2.79,2.10,,0.20,-8.20,1.40,3.10,2,,,,,,,1.80,2.60,,-0.60,2.20,0.60,2.30,,,,,,,,4,3.80,2.10,1.90,-0.70,,,,,3.30,,2.50,0.20,4.10,4.60,4.60,,,0.60,,,2.70,,,5.50,4.90,4.60,5.10,2.80,3.10,
2008-12-07 02:20,4,4.62,2.40,2.34,-0.30,3.31,3.59,2.90,-0.05,-0.53,1.94,0.14,-1.29,0.21,-0.05,0.01,0.17,-2.79,-2.50,-0.01,-2.50,-0.98,-1,,3.89,1.86,2.16,2.44,0.69,1.50,3.34,0,-3.53,-1.73,-2.10,-0.76,0.68,-0.12,-0.20,0.59,-4.80,-6.43,-3.18,0.55,-1.40,2.15,2.60,2.80,1.59,2.20,0.36,3.67,3.24,3.62,1.64,1.18,0.76,1.30,1.41,1.23,1.38,2,0.77,-1.79,2.76,,2.84,1.75,1.20,-0.58,1.82,2.08,3.12,1.37,2.51,4.21,3.60,3.20,2.80,3.52,3.05,2.60,0.86,1.20,0.83,1.86,0.54,0.10,1.37,1.70,1.37,-3.06,-2.18,0.70,0.13,3.86,1.30,-0.47,2.13,1.67,-0.08,3.65,3.71,3.58,3.44,3.54,4.42,4.30,2.78,3.07,3.27,2.66,4.67,3.95,2.28,2.32,2.10,2.13,1.88,,3.10,3.22,2.77,2.34,4.17,4.68,5.60,2.85,3.50,2.71,2.10,,0.20,-8.20,1.40,3.30,1.90,,,,,,,1.90,2.80,,-1.70,2.20,0.30,2.51,,,,,,,,4,3.80,2.10,1.80,-0.40,,,,,3.30,,2.30,0.10,4,4.60,4.60,,,0.60,,,2.70,,,5.50,5.10,4.50,5.10,2.80,3.10,
2008-12-07 02:30,4,4.54,2.30,2.37,-0.20,3.43,3.51,3,-0.05,-0.49,1.86,-0.06,-1.23,0.48,0.03,-0.02,0.10,-2.91,-2.40,0.03,-2.40,-1.02,-1.16,,3.78,1.91,2.30,2.36,0.59,1.40,2.66,0.45,-3.47,-1.67,-2.21,-0.71,0.51,-0.14,-0.15,0.35,-4.70,-6.66,-3.27,0.70,-1.50,1.98,2.60,2.83,1.51,2.08,0.15,3.63,3.23,3.65,1.39,1.02,0.54,1.20,1.20,1.54,1.11,1.80,0.55,-2.04,2.69,,2.97,1.77,1.20,-0.68,1.87,2.05,2.99,1.33,2.52,4.10,3.50,3.23,2.70,3.50,3.23,2.60,0.56,1.48,0.87,2.04,0.42,-0.10,1.48,1.58,1.24,-3.06,-2.18,0.60,0.49,4.14,1.27,-0.66,2.25,1.43,0.53,3.39,3.75,3.52,3.41,3.42,4.53,4.30,3.03,2.99,3.14,2.64,4.61,4.04,2.34,2.33,2.20,2.03,1.94,,3.10,3.20,3.06,2.36,4.33,4.86,5.60,2.89,3.52,2.60,2.20,,0.10,-8.20,1.30,3.30,1.50,,,,,,,1.90,3.10,,-0.50,2.30,0,2.58,,,,,,,,4,3.80,2.10,1.70,-0.30,,,,,3.30,,2,0.30,4,4.70,4.60,,,1,,,2.60,,,5.60,5.20,4.40,5.10,3,3.10,
2008-12-07 02:40,3.90,4.43,2.29,2.34,-0.30,3.35,3.50,3.10,-0.08,-0.41,1.51,0.44,-1.26,0.97,0.17,-0.20,0.22,-2.78,-2.40,-0.06,-2.39,-0.97,-1.30,,3.74,2.10,2.33,2.34,0.45,1.40,2.31,1.16,-3.49,-1.66,-2.24,-1,0.53,-0.09,-0.33,0.26,-4.70,-6.18,-3.28,0.65,-1.70,1.94,2.50,2.82,1.63,2.05,0.08,3.60,3.16,3.66,1.33,0.89,0.34,1.10,0.96,1.54,0.97,1.50,0.44,-2.15,2.12,,2.99,1.82,1.20,-0.80,1.81,2.01,3.01,1.40,2.44,4.27,3.50,3.07,2.70,3.58,3.29,2.60,0.57,1.54,0.84,2.07,0.34,-0.40,1.50,1.31,1.11,-3.18,-2.28,0.40,0.62,4.13,1.25,-0.69,2.50,1.22,1.27,3.22,3.68,3.50,3.50,3.45,4.49,4.20,3.15,2.86,3.02,2.62,4.65,4.09,2.55,2.36,2.20,2.06,1.94,,3.10,3.14,3.12,2.14,4.33,4.83,5.70,3.07,3.37,2.57,2.20,,0.10,-8.30,1.20,3.50,1,,,,,,,2,3.30,,-0.10,2.30,-0.10,2.76,,,,,,,,4,3.80,2,1.70,-0.50,,,,,3.30,,1.90,0.40,4.10,4.70,4.60,,,1.10,,,2.70,,,5.70,5.30,4.30,5.20,3.10,3.10,
2008-12-07 02:50,3.90,4.38,2.31,2.30,-0.20,3.34,3.48,3.10,-0.14,-0.35,1.47,0.41,-1.36,1.28,0.15,-0.30,0.20,-2.68,-2.40,-0.40,-2.36,-0.90,-1.08,,3.64,2.51,2.42,2.43,0.39,1.40,2.17,0.63,-3.54,-1.58,-2.28,-1.07,0.39,-0.13,-0.38,-0.07,-4.70,-5.26,-3.28,0.45,-1.60,1.94,2.50,2.76,1.91,1.99,0.01,3.65,3.18,3.67,1.20,0.65,0.24,1,0.76,1.37,0.79,0.90,0.40,-2.38,1.59,,3.13,1.86,1.10,-0.77,1.82,1.94,3.05,1.51,2.37,4.24,3.40,3.10,2.80,3.55,3.32,2.60,0.62,1.79,1.18,1.80,0.25,-0.70,1.29,1.61,1.04,-3.18,-2.42,0.60,0.72,4.18,1.18,-0.41,2.60,1.50,1.79,3.38,3.76,3.46,3.39,3.57,4.44,4.20,3.07,2.74,2.81,2.64,4.65,3.85,2.67,2.41,2.30,2,1.85,,3.10,3.21,3.14,2.29,4.36,4.97,5.60,3.15,3.49,2.82,2.20,,0.20,-8.30,1,3.60,0.70,,,,,,,2,3.30,,-1,2.20,0.10,2.66,,,,,,,,3.90,3.80,2.20,1.60,-0.40,,,,,3.20,,1.90,0.10,4.20,4.60,4.60,,,1.20,,,2.80,,,5.70,5.40,4.30,5.30,3.20,3,
2008-12-07 03:00,3.90,4.37,2.20,2.29,-0.20,3.31,3.48,3.40,-0.20,-0.32,1.60,0.66,-1.35,1.25,0.25,-0.19,0.13,-2.77,-2.50,-0.07,-2.51,-1.09,-1.02,,1.95,2.49,2.41,2.42,0.23,1.50,2.02,0.08,-3.52,-1.94,-2.34,-1.26,0.26,-0.30,-0.38,-0.04,-4.80,-5.25,-3.25,0.21,-1.60,1.92,2.60,2.70,2.18,1.89,-0.07,3.65,3,3.59,0.99,0.43,0.17,0.90,0.56,1.16,0.63,0.50,0.33,-2.47,1.08,,2.99,1.90,1,-0.70,1.72,2,3.08,1.49,2.31,3.82,3.40,3.04,2.90,3.77,3.21,2.60,0.78,1.68,2.53,1.62,0.59,-0.60,1.36,1.78,1.08,-3.17,-2.58,0.40,0.81,3.99,1.20,-0.33,2.58,1.28,2.03,3.30,3.69,3.53,3.35,3.41,4.37,4.20,3.19,2.50,2.73,2.61,4.57,3.88,2.71,2.37,2.30,2.01,1.79,,3.10,3.29,3.13,2.36,4.21,5.31,5.70,3.06,3.82,2.65,2.20,3.70,0.10,-8.30,0.70,3.50,0.50,,2.70,-4.80,2.20,3.60,3,2.10,3.40,1,-1.70,2.10,0.10,1.40,1.30,3.30,4.30,3.90,4,3.70,3.60,3.90,3.70,2.20,1.70,-0.10,3.50,4.40,3.50,3.20,3.20,4.10,2.20,-0.10,4.30,4.60,4.60,3.50,4.10,1.30,2.70,0.50,2.90,5.60,5,5.70,5.20,4.40,5.30,3.30,3,2.60
2008-12-07 03:10,3.80,4.32,2.17,2.31,-0.05,3.39,3.33,3.40,-0.08,-0.32,1.44,0.81,-1.30,1.56,0.33,-0.19,-0.09,-2.66,-2.70,-0.09,-2.47,-1.22,-0.77,,2.69,2.34,2.50,2.32,0.26,1.60,2.03,-0.17,-3.52,-1.87,-2.55,-1.60,-0.12,-0.38,-0.40,-0.02,-4.80,-5.13,-3.23,0.12,-1.60,2.04,2.50,2.66,2.35,1.78,-0.12,3.63,3.08,3.66,0.93,0.36,0.30,0.80,0.28,0.91,0.50,0.50,0.22,-2.48,0.75,,2.93,1.90,1,-0.70,1.83,1.85,3.16,1.51,2.18,3.72,3.40,2.98,2.86,3.79,3.25,2.60,0.96,1.68,2.37,1.56,0.73,-0.40,1.72,1.99,1.10,-3.15,-2.53,0.20,1.14,3.57,1.38,-0.47,2.64,1.11,1.71,3.31,3.63,3.63,3.40,3.52,4.32,4.10,3.02,2.42,2.73,2.69,4.56,3.97,2.70,2.40,2.40,1.92,1.83,,3.10,3.31,3.12,2.29,4.19,5.75,5.80,3.16,3.82,2.65,2.20,,0,-8.40,0.60,3.40,0.50,,,,,,,2.10,3.30,,-1.70,2.10,0,2.59,,,,,,,,3.90,3.70,2.20,1.50,-0.10,,,,,3.20,,2.40,-0.10,4.30,4.60,4.60,,,1.30,,,2.90,,,5.80,4.90,4.40,5.30,3.30,3,
2008-12-07 03:20,3.70,4.23,2.11,2.33,0.02,3.43,3.15,3.50,-0.06,-0.30,1.54,0.96,-1.16,1.44,0.44,-0.16,0.17,-2.69,-2.70,0.01,-2.34,-1.02,-0.63,,2.10,2.34,2.70,2.24,0.27,1.70,1.83,-0.40,-3.48,-2.15,-2.80,-1.91,-0.45,-0.63,-0.36,-0.17,-4.80,-5.17,-3.22,-0.25,-1.70,1.91,2.50,2.67,2.33,1.77,-0.39,3.63,3.02,3.63,0.88,0.26,0.16,0.90,0.22,0.74,0.48,0.40,0.21,-2.50,0.63,,2.79,1.87,1,-0.69,1.79,1.91,3.32,1.46,2.21,3.79,3.50,3.06,2.77,3.74,3.29,2.60,1.05,1.76,2.49,1.39,0.64,-0.20,1.78,2.18,1.08,-3.20,-2.62,0.10,1.16,3.52,1.21,-0.68,2.56,1.33,1.46,3.30,3.64,3.56,3.34,3.42,4.36,4,2.94,2.54,2.55,2.67,4.49,3.90,2.64,2.47,2.40,2.06,1.90,,3.10,3.42,3.14,2.35,4.26,5.98,5.70,3.22,3.89,2.54,2.30,,0,-8.40,0.70,3.30,0.40,,,,,,,2.20,3.30,,-1,2.20,-0.10,2.56,,,,,,,,3.90,3.80,2.30,1.30,-0.10,,,,,3.20,,2.40,0.10,4.20,4.60,,,,1.30,,,2.90,,,5.90,4.80,4.30,5.20,3.20,2.90,
2008-12-07 03:30,3.70,4.14,2.06,2.44,-0.02,3.33,3.04,3.70,-0.17,-0.34,1.51,1.13,-1.16,1.26,0.60,-0.07,0.33,-2.67,-2.70,0.12,-2.37,-1.29,-0.77,,1.85,2.46,2.92,2.07,0.36,1.70,1.87,-0.81,-3.21,-2.10,-2.87,-2.03,-0.89,-0.70,-0.33,-0.36,-4.80,-5.01,-3.22,-0.61,-1.70,1.68,2.80,2.81,2.23,1.84,-0.60,3.75,2.96,3.67,0.64,0.13,0.19,0.90,0.31,0.56,0.51,0.30,0.21,-2.48,0.56,,2.86,1.85,1,-0.68,1.80,1.98,3.44,1.31,2.04,3.71,3.50,3.08,2.76,3.76,3.38,2.60,1.19,1.79,2.27,1.48,0.62,0,1.67,2.12,1.32,-3.27,-2.72,0.20,1.05,3.53,1.09,-0.75,2.42,1.71,1.38,3.29,3.67,3.59,3.32,3.49,4.29,4,3.13,2.69,2.51,2.61,4.42,4.10,2.77,2.49,2.40,2.12,1.93,,3.10,3.53,3.07,2.68,4.24,6.10,5.80,3.23,3.60,2.49,2.30,,0.10,-8.40,0.70,3.20,0.20,,,,,,,2.20,3.30,,-0.10,2,0,2.50,,,,,,,,3.90,3.80,2.50,1.40,-0.20,,,,,3.20,,2.30,-0.10,4.20,4.70,4.50,,,1.30,,,2.80,,,5.90,4.70,4.30,5.20,3.20,2.90,
2008-12-07 03:40,3.70,4.05,2.03,2.42,0,3.26,3.06,3.80,-0.23,-0.20,1.58,1.02,-1.20,1.18,0.67,-0.04,0.27,-2.70,-2.60,-0.17,-2.42,-1.22,-0.89,,2.75,2.44,2.93,1.98,0.58,1.70,2.26,-0.99,-3.22,-2.16,-2.95,-2.21,-0.90,-0.75,-0.22,-0.57,-4.90,-4.90,-2.89,-0.79,-2,1.59,2.80,2.75,2.41,1.98,-0.71,3.86,3.03,3.64,0.46,0.34,0.10,0.80,0.42,0.55,0.50,0.30,0.28,-2.52,0.51,,2.76,1.87,0.90,-0.63,1.86,1.96,3.53,1.31,2.11,3.60,3.50,3.05,2.78,3.79,3.29,2.60,1.06,1.68,2.11,1.44,0.71,0.10,1.82,2.06,1.34,-3.36,-2.85,0.30,1.29,3.42,1.17,-0.77,2.38,1.96,1.36,3.30,3.69,3.43,3.29,3.51,4.25,4,2.98,2.90,2.50,2.63,4.36,4.06,2.72,2.52,2.40,2.06,1.89,,3.20,3.57,3.07,2.77,4.23,6.14,5.80,3.16,3.46,2.45,2.40,,0,-8.40,0.70,3.10,0.10,,,,,,,2.20,3.30,,0.10,2,0,2.38,,,,,,,,3.90,3.80,2.70,1.30,-0.10,,,,,3.10,,2.10,-0.20,4.50,4.70,4.40,,,1.20,,,2.70,,,5.80,4.80,4.40,5.20,3.20,3,
2008-12-07 03:50,3.70,4.04,1.87,2.48,0.10,3.13,3.06,3.60,-0.45,-0.12,1.54,1.16,-1.22,1.12,0.62,-0.18,0.25,-2.75,-2.60,-0.28,-2.34,-1.31,-1.21,,3.74,2.49,3.20,1.97,0.72,1.80,2.45,-0.92,-3.08,-2.12,-3.01,-2.02,-0.98,-0.91,-0.12,-0.81,-4.70,-4.90,-2.75,-0.98,-2.10,1.50,2.80,2.79,2.48,2.07,-0.93,3.99,3.05,3.61,0.48,0.22,0.10,0.80,0.25,0.46,0.42,0.20,0.24,-2.53,0.54,,2.72,1.87,1,-0.65,1.84,1.96,3.69,1.19,2.19,3.54,3.50,2.94,2.84,3.65,3.28,2.60,1.31,1.58,1.92,1.34,0.80,0.10,1.94,2.20,1.50,-3.37,-2.89,0.20,1.43,3.38,1.14,-0.73,2.30,2.05,1.39,3.33,3.84,3.45,3.29,3.57,4.15,4,2.88,3.08,2.63,2.62,4.36,3.99,2.79,2.60,2.40,2,1.83,,3.10,3.47,3.03,2.73,4.37,6.10,5.80,3.17,3.55,2.52,2.40,,0.10,-8.30,0.90,3,0.10,,,,,,,2.30,3.40,,0.20,1.80,-0.10,2.30,,,,,,,,3.90,3.70,2.70,1.20,-0.10,,,,,3.10,,2.10,-0.30,4.50,4.70,4.40,,,1.30,,,2.70,,,5.80,4.90,4.40,5.20,3.10,3,
2008-12-07 04:00,3.70,3.87,1.81,2.42,0.02,3.19,3.06,3.40,-0.51,-0.16,1.45,1.34,-1.24,1.28,0.82,-0.29,0.31,-2.52,-2.40,-0.56,-2.37,-1.21,-1.25,,3.82,2.61,3.31,1.96,0.64,1.80,2.55,-0.82,-3.08,-2,-3.19,-2.24,-1.26,-1.02,0.06,-1.14,-4.70,-4.93,-3.06,-0.95,-2.10,1.53,2.90,2.81,2.52,2.11,-1.10,3.93,2.94,3.65,0.41,0.27,0.22,0.80,0.25,0.45,0.38,0.20,0.25,-2.56,0.53,,2.76,1.86,1,-0.68,1.83,1.97,3.71,1.11,2.22,3.59,3.40,2.98,2.83,3.58,3.21,2.50,1.34,1.57,1.67,1.16,0.88,0,1.82,2.10,1.66,-3.46,-2.84,0.30,1.35,3.25,1.25,-0.39,2.28,2.03,1.80,3.33,3.85,3.28,3.32,3.62,4.09,4,2.77,3.16,2.74,2.69,4.40,3.81,2.79,2.61,2.40,1.97,1.84,,3.10,3.21,3.01,2.72,4.36,6.18,5.80,3.17,3.62,2.58,2.40,3.10,0.10,-8.30,1,2.80,0.30,3.70,2.90,-5,2.40,3.70,3.40,2.30,3.40,1.20,-1.40,1.80,-0.10,2.20,1.60,3.20,4.10,3.80,4.30,3.60,3.60,3.80,3.70,2.70,1.20,-0.10,4.30,4.40,3.90,3.20,3,3.90,2,-0.40,4.50,4.70,4.40,,4.20,1.60,2.80,,2.80,5.70,4.90,5.70,5,4.70,5.30,3.10,3,2.50
2008-12-07 04:10,3.60,3.80,1.75,2.41,0,3.25,3.10,3.10,-0.50,-0.07,1.40,1.36,-1.32,1.49,1.12,-0.07,0.50,-2.71,-2.30,-0.84,-2.26,-1.06,-1.21,,3.82,2.48,3.41,1.82,0.79,1.90,2.65,-0.67,-3.06,-2.11,-3.19,-1.96,-1.17,-1.21,0.04,-0.96,-4.80,-4.85,-3.28,-1.02,-1.90,1.64,3.10,2.84,2.70,2.57,-1.16,3.82,2.86,3.65,0.36,0.10,0.18,0.90,0.24,0.48,0.37,0.20,0.21,-2.62,0.53,,2.77,1.86,1,-0.64,1.80,1.90,3.74,1.14,2.14,3.66,3.30,3.03,2.90,3.62,3.17,2.77,1.62,1.36,1.52,1.24,0.90,0,1.77,1.84,1.81,-3.51,-2.91,0.30,1.39,3,1.18,-0.21,2.23,2.07,2.07,3.29,3.70,3.23,3.22,3.58,4.13,4,2.83,3.23,2.90,2.76,4.31,3.66,2.74,2.65,2.50,1.97,1.84,,3.10,3.19,2.88,2.67,4.35,6.16,5.80,3.14,3.56,2.51,2.50,,0.10,-8.30,0.90,2.60,0.30,,,,,,,2.30,3.40,,-1.40,1.80,-0.10,2.15,,,,,,,,3.80,3.70,2.70,1.50,-0.10,,,,,3,,1.80,-0.50,4.40,4.70,4.40,,,1.60,,,2.80,,,5.80,4.90,4.70,5.30,3.10,3,
2008-12-07 04:20,3.50,3.74,1.50,2.43,-0.10,3.19,3.08,3.10,-0.61,0.04,1.36,1.36,-1.29,1.62,1.20,0.05,0.45,-2.54,-2.20,-0.89,-2.27,-1,-1.03,,3.82,2.44,3.47,1.54,0.85,1.90,2.63,-0.57,-3,-2.13,-3.11,-1.34,-1.27,-1.15,-0.05,-1.24,-4.60,-4.89,-3.40,-1.04,-2,1.35,3,2.90,2.67,2.94,-1.16,3.72,2.82,3.56,0.30,0.14,0.15,0.90,0.12,0.47,0.34,0.20,0.24,-2.68,0.43,,2.91,1.86,1.10,-0.64,1.82,1.88,3.77,1.12,2.07,3.64,3.40,2.91,2.80,3.59,3.15,2.82,1.87,1.35,1.54,1.04,0.71,0.10,1.97,2.04,1.83,-3.68,-2.95,0.10,1.46,2.79,1.07,-0.59,2.17,2.13,2.15,3.23,3.64,3.23,3.12,3.52,4.13,4,3,3.30,3.06,2.78,4.16,3.62,2.88,2.66,2.50,2,1.88,,3.10,2.87,2.83,2.69,4.49,6.09,5.90,3.18,3.51,2.55,2.50,,0,-8.30,0.90,2.60,0.30,,,,,,,2.30,3.40,,-1,2,-0.10,1.93,,,,,,,,3.70,3.70,2.70,1.40,0,,,,,2.90,,1.80,-0.50,4.40,4.70,4.30,,,1.70,,,2.80,,,5.70,5.20,4.70,5.40,3.10,3.10,
2008-12-07 04:30,3.40,3.63,1.46,2.36,0,2.88,2.97,3.10,-0.64,0.02,1.11,1.39,-1.36,1.64,1.21,0.29,0.52,-2.67,-2,-1.09,-2.19,-1.02,-0.95,,3.80,2.52,3.40,1.59,1.28,2,2.70,-0.36,-3.02,-1.98,-2.73,-0.83,-1.30,-1,-0.17,-1.37,-4.60,-4.86,-3.54,-1.14,-1.90,1.43,3,2.86,2.81,2.91,-0.99,3.61,2.76,3.60,0.26,0.01,0.11,1,0.19,0.35,0.38,0.20,0.26,-2.70,0.44,,2.99,1.97,1.10,-0.72,1.81,1.90,3.82,1.08,2.11,3.69,3.40,2.77,2.80,3.80,3.17,2.76,2.10,1.53,1.51,0.68,0.58,0.20,2.18,2.28,1.91,-3.71,-2.96,-0.10,1.47,2.87,0.95,-0.52,2.13,2.15,2.07,3.20,3.72,3.25,3.16,3.55,4.16,4,3.02,3.27,3.15,2.87,4.05,3.61,2.96,2.65,2.50,2.04,1.99,,3.10,2.89,2.73,2.74,4.49,6.27,5.90,3.17,3.74,2.58,2.50,,0,-8.20,0.80,2.60,0.30,,,,,,,2.40,3.30,,-0.50,2.30,-0.30,1.78,,,,,,,,3.70,3.70,2.80,1.50,0,,,,,2.90,,1.50,-0.60,4.40,4.80,4.30,,,1.70,,,2.80,,,5.60,5.50,4.60,5.40,3.10,3.10,
2008-12-07 04:40,3.40,3.57,1.29,2.37,0,2.66,2.86,3,-0.64,0.07,0.92,1.29,-1.43,1.54,1.31,0.23,0.32,-2.71,-1.70,-0.91,-2.26,-0.99,-0.95,,3.97,2.62,3.46,1.36,1.45,1.90,2.81,-0.42,-2.95,-1.99,-2.63,-0.57,-1.34,-0.80,-0.16,-1.53,-4.60,-5.02,-3.48,-0.99,-1.80,1.61,2.90,2.79,2.86,2.86,-0.88,3.71,2.70,3.55,0.19,-0.02,0.13,1,0.27,0.36,0.32,0.10,0.21,-2.71,0.47,,2.99,1.88,1.20,-0.73,1.60,1.71,3.94,1.14,2.21,3.97,3.30,2.64,2.80,3.68,3.16,2.75,2.23,1.61,1.25,0.45,0.56,0.20,2.11,2.37,2,-3.68,-3.04,0.10,1.57,2.88,0.91,-0.35,2.04,2.08,2.07,3.14,3.77,3.24,3.21,3.65,4.11,4,3.41,3.32,3.23,2.91,4,3.64,2.98,2.64,2.60,2.09,2.02,,3.10,2.56,2.54,2.43,4.35,6.19,5.90,3.19,3.69,2.54,2.50,,0,-8.20,0.80,2.50,0.20,,,,,,,2.40,3.30,,-1.20,2.40,-0.40,1.71,,,,,,,,3.60,3.70,2.80,1.60,-0.20,,,,,2.90,,1.50,-0.60,4.40,4.80,4.30,,,1.70,,,2.70,,,5.80,5.60,4.50,5.40,3.10,3.20,
2008-12-07 04:50,3.40,3.52,1.27,2.38,0.10,2.70,2.85,3,-0.66,0.13,0.90,0.79,-1.51,1.42,1.19,0.26,0.35,-2.59,-1.70,-0.62,-2.36,-1.08,-0.78,,4.01,2.66,3.50,1.32,2.02,1.80,2.88,-0.35,-2.85,-1.86,-2.31,-0.62,-1.23,-0.49,-0.09,-1.53,-4.50,-5.31,-3.61,-0.57,-1.60,1.63,2.90,2.81,2.82,2.79,-0.47,3.74,2.72,3.56,0.14,0.03,0.25,1,0.28,0.43,0.36,0.10,0.19,-2.71,0.45,,2.97,1.95,1.30,-0.78,1.73,1.64,3.93,0.99,2.31,4.20,3.40,2.49,2.80,3.81,3.13,2.84,2.25,1.70,1.05,0.50,0.39,0.10,1.90,2.25,1.98,-3.41,-2.93,0.20,1.44,2.94,0.96,-0.37,1.74,2.15,2.02,3.08,3.76,3.28,3.26,3.60,4,4,3.38,3.32,3.18,2.87,4.25,3.87,3.14,2.65,2.60,1.97,2.02,,3.10,2.14,2.49,2.51,4.35,6.08,5.90,3.25,3.78,2.59,2.50,,0.10,-8.10,0.80,2.40,0.20,,,,,,,2.40,3.20,,-1.10,2.40,-0.40,1.81,,,,,,,,3.60,3.70,2.90,1.60,-0.20,,,,,2.90,,1.20,-0.40,4.40,4.80,4.30,,,1.60,,,2.80,,,5.70,5.60,4.40,5.40,3.20,3.20,
2008-12-07 05:00,3.40,3.51,1.25,2.51,0.10,2.73,2.84,3,-0.57,0.15,0.84,0.42,-1.64,1.44,0.60,0.18,0.29,-2.49,-1.70,-0.48,-2.33,-1.30,-0.79,,4.02,2.84,3.64,1.31,2.54,1.60,2.83,-0.19,-2.91,-1.65,-2.16,-0.75,-0.96,-0.87,-0.02,-1.60,-4.50,-5.55,-3.71,-0.53,-1.40,1.60,2.80,2.82,3.01,2.81,-0.65,3.66,2.72,3.56,0.21,0.03,0.13,1,0.24,0.39,0.39,0.10,0.20,-2.69,0.46,,3.11,1.95,1.30,-0.81,1.81,1.71,3.91,0.92,2.33,4.27,3.50,2.36,2.80,3.83,3.05,2.81,2.29,1.56,1.15,1.11,0.48,0.10,2.09,2.22,1.85,-3.04,-2.83,0.40,1.35,3.13,0.97,-0.15,1.88,2.22,1.97,3.10,3.60,3.28,3.27,3.56,4,3.90,3.29,3.31,3.19,2.95,4.16,3.76,3.28,2.58,2.60,2.09,1.99,,3,2.11,2.54,2.58,4.33,6.05,5.90,3.25,3.71,2.69,2.60,2.90,0,-8.10,0.80,2.30,0.20,3.30,2.90,-4.90,2.70,3.40,3.20,2.50,3.20,1.40,-1,2.40,-0.40,1.40,1.50,3.20,4.10,3.60,4.30,3.50,3.60,3.60,3.70,3,1.50,0.20,4.40,4.40,4.10,3.10,2.90,3.70,1.30,-0.30,4.20,4.80,4.30,3.70,4.30,1.60,2.80,1.60,2.70,5.30,5.20,5.70,5.50,4.30,5.40,3.30,3.20,2.60
2008-12-07 05:10,3.40,3.53,1.22,2.64,0.10,2.69,2.86,3,-0.69,0.06,0.86,0.32,-1.60,1.46,0.41,0.27,0.37,-2.73,-1.50,-0.41,-2.30,-1.59,-0.71,,3.93,3.01,3.65,1.31,2.70,1.50,2.86,-0.05,-2.93,-1.56,-2.04,-0.77,-0.59,-0.98,0.01,-1.57,-4.50,-5.59,-3.67,-0.48,-1.30,2.08,2.80,2.65,3.05,2.76,-0.57,3.54,2.65,3.47,0.10,-0.02,0.17,1.10,0.20,0.42,0.36,0.10,0.15,-2.75,0.48,,3.07,1.92,1.30,-0.83,1.75,1.60,3.88,0.97,2.32,4.34,3.40,2.34,3,3.67,3.19,2.60,2.43,1.60,1.38,1.24,0.37,-0.10,2.63,2.26,1.76,-2.53,-2.68,0.50,0.91,2.96,0.83,-0.44,1.88,2.29,1.89,3.06,3.62,3.20,3.27,3.73,4.01,3.90,3.19,3.39,3.11,2.82,3.98,3.84,3.31,2.68,2.70,2.11,1.95,,3,2.12,2.60,2.65,4.28,6.10,5.90,3.23,3.60,2.82,2.60,,0,-8,1,2.30,0.20,,,,,,,2.50,3.30,,-1,2.50,-0.40,1.85,,,,,,,,3.60,3.70,3,1.40,0.20,,,,,3,,1.30,-0.20,4.20,4.80,4.30,,,1.60,,,2.60,,,5.60,5.50,4.30,5.40,3.20,3.30,
2008-12-07 05:20,3.40,3.46,1.26,2.68,0.10,2.66,2.93,3.20,-0.68,0.10,0.88,0.32,-1.56,1.50,0.27,0.34,0.16,-2.59,-1.40,-0.42,-2.29,-1.56,-0.59,,3.69,3.04,3.57,1.37,2.76,1.60,2.95,0.11,-2.90,-1.47,-1.97,-0.67,-0.92,-0.69,0.15,-1.52,-4.50,-5.52,-3.58,-0.38,-1.30,1.69,2.80,2.68,2.97,2.70,-0.38,3.40,2.69,3.47,0.07,-0.07,0.13,1.10,0.31,0.39,0.39,0.10,0.20,-2.75,0.47,,3.03,1.91,1.30,-0.77,1.67,1.78,3.84,1.06,2.37,4.31,3.40,2.36,3.20,3.83,3.18,2.60,2.38,1.64,1.81,1.57,0.32,-0.40,2.96,2.04,1.42,-1.94,-2.42,0.60,0.96,3,0.67,-0.31,1.85,2.21,1.74,3.03,3.67,3.20,3.27,3.66,3.97,3.90,3.22,3.42,3.17,2.75,3.98,3.92,3.36,2.75,2.70,2.13,2.12,,2.90,2.13,2.66,2.71,4.26,6.19,5.80,3.23,3.48,2.86,2.70,,0.10,-7.90,1.10,2.30,0.30,,,,,,,2.50,3.30,,-0.70,2.50,-0.30,1.80,,,,,,,,3.60,3.70,3,1.20,0.20,,,,,3,,1.20,0,4.10,4.80,4.30,,,1.60,,,2.70,,,5.60,5.50,4.30,5.40,3.30,3.20,
2008-12-07 05:30,3.50,3.49,1.25,2.72,0.10,2.77,2.92,3.20,-0.67,0.16,0.88,0.36,-1.56,1.45,0.29,0.33,-0.46,-3.05,-1.30,-0.33,-2.23,-1.32,-0.17,,3.76,2.95,3.53,1.32,2.79,1.80,2.96,0.23,-2.72,-1.37,-1.70,-0.59,-0.99,-0.39,0.14,-1.46,-4.50,-5.75,-3.54,-0.43,-1.30,1.74,2.70,2.71,2.64,2.67,-0.05,3.20,2.66,3.33,0.04,0.10,0.17,1,0.16,0.36,0.33,0.10,0.17,-2.77,0.47,,3.02,1.82,1.30,-0.78,1.56,1.98,3.81,1.02,2.38,4.22,3.40,2.39,3.10,3.91,3.15,2.70,2.43,1.69,3,1.86,0.02,-0.50,3.15,2.10,0.99,-1.58,-2.11,0.70,0.80,3.14,0.57,-0.27,1.79,2.19,1.85,2.98,3.70,3.13,3.22,3.70,3.92,3.80,3.33,3.42,3.30,2.64,3.94,4.06,3.38,2.84,2.70,2.09,2.02,,2.90,2.25,2.68,2.91,4.15,6.20,5.90,3.28,3.59,2.91,2.70,,0.20,-7.90,1.10,2.10,0.20,,,,,,,2.60,3.30,,-0.40,2.50,-0.20,1.89,,,,,,,,3.60,3.80,3,1.10,0.40,,,,,2.90,,1,0.20,4.10,4.80,4.40,,,1.70,,,2.70,,,5.60,5.50,4.30,5.40,3.30,3.30,
2008-12-07 05:40,3.40,3.39,1.12,2.85,0,2.78,2.94,3.30,-0.68,0.25,0.93,0.32,-1.58,1.39,0.24,0.42,-0.68,-2.82,-1.30,-0.22,-2.12,-1.65,0.10,,3.73,3,3.47,1.31,2.88,1.90,2.84,0.52,-2.85,-1.26,-1.42,-0.44,-0.85,-0.35,0.09,-1.32,-4.50,-5.78,-3.49,-0.41,-1.20,1.77,2.60,2.61,2.90,2.56,-0.37,3.18,2.59,3.20,0.06,0.03,0.18,1,0.20,0.36,0.40,0.10,0.21,-2.76,0.51,,3.04,1.67,1.20,-0.74,1.53,2.09,3.82,0.97,2.52,4.23,3.40,2.34,2.90,3.87,3.12,2.70,2.52,1.79,3.41,1.84,-0.08,-0.80,2.75,2.12,0.43,-1.46,-1.65,1.10,1.45,3.02,0.55,-0.09,1.77,2.11,1.89,2.99,3.76,3.34,3.37,3.69,4.01,3.80,3.37,3.51,3.39,2.58,3.91,4.16,3.50,2.86,2.80,2.08,2.10,,2.80,2.10,2.75,2.85,4.16,5.73,5.90,3.31,3.57,2.95,2.70,,0.10,-7.80,0.90,2.10,0.20,,,,,,,2.60,3.20,,-0.40,2.40,-0.10,1.98,,,,,,,,3.60,3.80,3.10,1.10,0.30,,,,,2.90,,0.30,0.40,4,4.80,4.40,,,1.70,,,2.80,,,5.60,5.50,4.40,5.40,3.30,3.20,
2008-12-07 05:50,3.40,3.21,1.14,2.74,0.10,2.61,2.86,3.30,-0.70,0.24,0.99,0.39,-1.61,1.38,0.39,0.42,-0.65,-2.60,-1.30,-0.03,-2.08,-1.42,0.05,,3.59,2.94,3.46,1.31,3.06,1.70,2.93,0.54,-2.91,-1.12,-1.31,-0.29,-0.81,-0.31,0.01,-1.33,-4.40,-5.34,-3.51,-0.28,-1,1.90,2.60,2.64,2.73,2.55,-0.15,3.09,2.52,3.07,0.06,0.01,0.13,1.10,0.17,0.35,0.43,0.10,0.18,-2.79,0.57,,3.07,1.76,1,-0.77,1.60,2.09,3.77,0.91,2.49,4.16,3.40,2.35,2.80,3.78,3.09,2.80,2.63,1.85,3.46,1.86,0.01,-1.10,2.41,2.01,0.57,-1.34,-1.39,1.30,1.87,2.89,0.36,0.12,1.74,2.01,2.04,2.96,3.59,3.23,3.44,3.62,4.04,3.80,3.34,3.45,3.35,2.60,3.90,4.09,3.25,2.82,2.80,2.10,2.13,,2.80,1.84,2.83,2.71,4.15,5.59,6,3.27,3.62,2.89,2.70,,0.20,-7.70,1.20,2.20,0.20,,,,,,,2.60,3.20,,-0.40,2.30,-0.10,2,,,,,,,,3.60,3.80,3.10,0.90,0.60,,,,,2.90,,1.10,0.60,4,4.70,4.40,,,1.70,,,2.70,,,5.60,5.50,4.40,5.40,3.40,3.20,
2008-12-07 06:00,3,2,1.14,2.61,0,2.81,2.80,3.20,-0.68,0.28,1,0.52,-1.59,5,0.56,1,-1,-2.94,-1,0.02,-2,-1.71,0.14,2,4,3,3.44,1.33,3,2,2,0,-2.92,-1,-1.15,0,0,0,0,-2,-5,-6,-4,0,-1,1.86,3,2.65,3,2.37,1,3,2.48,2.87,0.02,0,0,1,0,0.33,0.33,0,0.13,-2.80,0.49,,3.14,1.74,0.80,-0.73,1.39,2,3.79,0.94,2.45,4.12,3.40,2.45,3,3,3,3,2.72,2,3.58,1.84,-1,-1.20,1.91,2.02,0.80,-1.18,-1,1.40,2,2.90,0.36,-0.27,1.68,2.05,2.07,2.90,3.85,3.20,3.50,3.56,4.05,3.70,3.41,3.58,3.32,2.64,3.72,4.09,3.36,2.75,2.90,2.14,2.17,,2.70,1.78,2.88,2.56,4.07,5.80,6,3.27,4.40,2.89,2.70,3,0,-8,1.30,2.10,0.30,,3,-5,2,4,3,3,3,2.30,-0.20,2.40,-0.10,2.10,1.20,3.20,4,4,4.10,3.40,3.30,3.60,3.80,3.20,0.80,0.80,4.60,4.30,4.20,3.20,2.90,3.60,1.60,0.70,4,4.70,4.30,3.50,4.30,1.80,2.90,,2.70,5,5,5.60,5.40,4.40,5.50,3.40,3.20,2.60
2008-12-07 06:10,3.50,2.84,1.04,2.44,0.10,3.06,2.72,3.20,-0.59,0.27,1.04,0.43,-1.61,1.33,0.65,0.32,-0.66,-2.83,-1.40,0.06,-1.97,-1.56,0.15,,3.58,2.92,3.48,1.31,3.08,1.70,2.74,0.60,-2.88,-0.78,-1.13,-0.08,-0.52,-0.02,0.01,-1.17,-4.40,-5.47,-3.07,0,-0.80,2.06,2.50,2.54,3.03,2.42,1.34,2.92,2.40,2.79,0.04,-0.07,0.24,1.30,0.05,0.40,0.36,0.20,0.28,-2.79,0.51,,3.18,1.82,0.80,-0.77,1.34,2,3.84,0.98,2.58,4.29,3.30,2.59,2.73,4.01,3.16,2.98,2.88,1.83,3.64,1.85,0.44,-0.80,1.14,1.92,1.04,-1.07,-0.73,1.50,2.28,2.80,0.27,-0.74,1.61,1.97,1.99,2.90,3.69,3.25,3.52,3.52,3.96,3.70,3.37,3.52,3.34,2.66,3.70,4.07,3.46,2.82,2.90,2.17,2.16,,2.70,2.09,2.88,2.55,3.90,5.78,5.90,3.32,3.97,3.11,2.80,,0.10,-7.70,1.10,2.10,0.30,,,,,,,2.70,3.20,,-0.20,2.30,-0.10,1.97,,,,,,,,3.50,3.80,3.20,1.20,0.80,,,,,2.90,,1.80,0.60,4,4.70,,,,1.80,,,2.70,,,5.60,5.50,4.50,5.50,3.40,3.20,
2008-12-07 06:20,3.40,2.58,0.98,2.19,0,2.99,2.71,3.20,-0.66,0.33,1.07,0.46,-1.52,1.29,0.72,0.33,-0.63,-3.03,-1.50,-0.08,-1.89,-1.49,0.10,,3.56,3.07,3.50,1.24,3.01,1.80,2.71,0.83,-2.84,-0.66,-0.79,-0.17,-0.58,0.04,0.05,-0.94,-4.50,-5.76,-3.34,0.04,-0.70,2.30,2.50,2.48,2.98,2.34,1.47,2.89,2.37,2.76,0.12,-0.12,0.22,1.30,0.13,0.34,0.48,0.10,0.28,-2.75,0.52,,3.04,1.82,0.80,-0.76,1.23,2.11,3.77,1.05,2.52,4.23,3.30,2.72,2.66,3.83,3.12,3.06,2.96,1.80,3.74,1.97,0.87,-0.80,0.79,1.84,1.06,-1,-0.67,1.70,2.31,2.68,0.13,-0.66,1.55,1.82,1.93,2.88,3.63,3.26,3.55,3.62,3.90,3.70,3.32,3.60,3.38,2.61,4,3.99,3.31,2.77,3,2.36,2.18,,2.60,2.17,2.86,2.74,3.74,5.76,5.80,3.28,3.95,2.94,2.80,,0.30,-7.70,1,2,0.30,,,,,,,2.80,3.30,,-0.10,2.30,-0.20,1.94,,,,,,,,3.50,3.90,3.30,1.40,0.90,,,,,2.90,,1.90,0.70,4,4.70,4.30,,,1.90,,,2.60,,,5.70,5.50,4.60,5.50,3.40,3.30,
2008-12-07 06:30,3.20,2.52,0.88,1.94,-0.10,2.84,2.73,3.10,-0.71,0.45,1.01,0.57,-1.49,1.24,0.67,0.30,-0.57,-3.01,-1.30,-0.30,-1.86,-1.67,0.17,,3.41,3.18,3.51,1.37,2.93,1.90,2.71,0.87,-2.82,-0.61,-0.72,-0.02,-0.56,0.05,-0.10,-1.08,-4.50,-5.53,-3.42,0.10,-0.70,2.21,2.50,2.41,2.70,2.35,1.58,2.89,2.38,2.79,0.03,-0.08,0.15,1.30,0.11,0.30,0.46,0.10,0.24,-2.80,0.43,,3.05,1.66,0.90,-0.74,1.11,2.04,3.67,0.98,2.46,4.20,3.30,2.79,2.55,4.10,3.12,2.80,2.94,1.85,3.78,2.04,1.11,-0.80,0.62,1.87,1.03,-0.79,-0.74,1.60,2.20,2.55,0.06,-0.87,1.52,1.80,2.02,2.72,3.64,3.22,3.54,3.65,3.85,3.70,3.47,3.60,3.25,2.61,4.02,3.91,3.44,2.87,3,2.33,2.28,,2.60,2.24,2.89,2.72,3.51,5.76,5.70,3.25,3.94,3,2.80,,0.30,-7.70,0.90,2,0.40,,,,,,,2.80,3.30,,0.10,2.30,-0.20,1.87,,,,,,,,3.50,3.90,3.30,1.60,1.20,,,,,2.80,,2,0.70,4,4.70,4.20,,,2,,,2.60,,,5.60,5.40,4.80,5.50,3.30,3.30,
2008-12-07 06:40,3.20,2.66,0.63,1.74,-0.10,2.81,2.70,3.10,-0.68,0.50,0.94,0.79,-1.53,1.28,0.71,0.39,-0.58,-2.87,-1.30,-0.52,-1.77,-1.86,0.26,,3.46,3.19,3.47,1.43,2.96,1.90,2.57,1,-2.87,-0.48,-0.69,0,-0.48,0.12,-0.43,-0.93,-4.40,-5.41,-3.35,0.28,-0.60,2.37,2.50,2.50,2.56,2.34,1.56,2.88,2.32,2.65,0.06,0.01,0.17,1.40,0.21,0.37,0.56,0.10,0.26,-2.80,0.44,,3.24,1.19,0.80,-0.73,0.85,1.97,3.67,1.01,2.48,4.12,3.30,2.78,2.45,4.10,3.07,2.80,2.95,1.95,3.69,1.93,0.95,-1,0.56,2.04,0.94,-0.60,-0.13,1.50,1.90,2.35,0.01,-1.37,1.46,1.83,2.04,2.64,3.60,3.22,3.55,3.75,3.86,3.70,3.49,3.68,3.31,2.63,3.94,3.75,3.67,2.90,3.10,2.46,2.33,,2.60,2.19,2.84,2.63,3.59,5.79,5.70,3.28,3.83,2.96,2.80,,0.10,-7.60,0.90,1.90,0.40,,,,,,,2.80,3.30,,0.40,2.40,-0.20,1.92,,,,,,,,3.50,3.90,3.40,1.70,1.30,,,,,2.90,,2,0.70,3.90,4.60,4.20,,,2,,,2.60,,,5.60,5.40,5,5.50,3.40,3.30,
2008-12-07 06:50,3.20,2.75,0.47,1.56,-0.20,2.92,2.69,3,-0.74,0.60,0.92,0.87,-1.48,1.21,0.73,0.26,-0.59,-2.90,-1.20,-0.59,-1.71,-1.78,0.14,,3.54,3.22,3.52,1.38,2.95,1.90,2.53,1.03,-2.86,-0.46,-0.54,0.05,-0.37,0.10,-0.57,-0.81,-4.30,-5.33,-3.40,0.27,-0.50,2.48,2.40,2.51,2.72,2.38,1.61,2.93,2.26,2.55,0.08,0.15,0.15,1.40,0.31,0.40,0.56,0.10,0.30,-2.73,0.51,,3.20,0.91,0.70,-0.74,0.67,1.74,3.72,0.97,2.48,4.50,3.40,2.79,2.52,3.88,3.10,2.80,3.01,1.85,3.74,1.98,1.11,-0.90,0.56,2.14,1.04,-0.54,-0.01,1.60,1.84,2.42,0.01,-1.60,1.37,1.93,1.84,2.71,3.58,3.27,3.59,3.54,3.91,3.70,3.45,3.65,3.33,2.52,4,3.69,3.57,2.83,3.10,2.56,2.39,,2.60,2.11,2.84,2.36,3.57,5.85,5.70,3.37,3.88,3.17,2.80,,0,-7.60,1,1.80,0.50,,,,,,,2.90,3.30,,0.10,,0,1.89,,,,,,,,3.40,3.90,3.50,1.80,1.30,,,,,2.90,,2.20,0.90,3.80,4.60,,,,2,,,2.70,,,5.60,5.50,5.10,5.50,3.40,3.30,
2008-12-07 07:00,3.20,2.82,0.50,1.54,-0.30,2.99,2.57,2.90,-0.74,0.51,0.90,0.90,-1.45,1.08,0.65,0.18,-0.45,-2.87,-1.20,-0.59,-1.80,-1.63,0.13,,3.51,3.21,3.42,1.33,3.01,2,2.51,1.05,-2.81,-0.40,-0.38,0.16,-0.40,0.11,-0.59,-0.73,-4.20,-5.25,-3.36,0.15,-0.30,2.62,2.40,2.40,2.54,2.37,1.54,2.93,2.37,2.50,0.06,0.22,0.11,1.40,0.28,0.48,0.60,0.10,0.37,-2.78,0.62,,3.21,0.87,1,-0.71,0.58,1.15,3.77,0.88,2.49,4.40,3.50,2.90,2.55,3.82,3.05,2.90,3.08,1.92,3.73,2.16,1.15,-0.40,0.61,1.84,1.08,-0.32,0.01,1.40,1.52,2.44,0.10,-1.06,1.25,1.92,1.81,2.89,3.55,3.26,3.63,3.76,3.89,3.70,3.56,3.55,3.32,2.62,3.91,3.81,3.49,2.91,3.30,2.46,2.36,,2.60,2,2.83,2.47,3.61,5.84,5.70,3.35,3.81,3.23,2.90,2.30,0.10,-7.50,1,1.80,0.50,3.10,0.70,-5.10,2.90,3.70,3.40,3,3.20,3.10,0.10,2.60,0,2,1.30,3.10,4.20,4,4,3.40,3.10,3.40,3.80,3.50,1.80,1.20,4.50,4.30,4.30,3.20,2.90,3.50,2.20,1,3.60,4.50,4.10,,4,2.10,3,,2.70,5,4.70,5.60,5.60,5,5.50,3.50,3.30,2.70
2008-12-07 07:10,3.10,2.85,0.55,1.61,-0.40,2.96,2.46,2.90,-0.73,0.55,0.91,0.96,-1.36,0.98,0.56,0.12,-0.42,-2.82,-1.20,-0.54,-1.79,-1.74,0.23,,3.57,3.28,3.49,1.32,3.05,1.90,2.45,1.04,-2.79,-0.22,-0.31,0.16,-0.24,0.12,-0.66,-0.58,-4.20,-5.28,-3.32,0.22,-0.30,2.64,2.30,2.42,2.76,2.32,1.65,3.18,2.42,2.52,0.13,0.12,0.20,1.70,0.29,0.51,0.65,0.20,0.45,-2.73,0.64,,3.24,0.65,1,-0.61,0.42,0.80,3.81,0.89,2.41,4.30,3.60,3,2.63,3.65,3.04,3,3.13,2.01,3.74,2.17,1.49,-0.20,0.81,1.73,1.38,-0.27,0.15,1.50,1.60,2.43,0.32,-0.60,1.25,1.93,1.82,2.95,3.52,3.23,3.66,3.73,3.85,3.60,3.56,3.61,3.34,2.57,3.86,3.83,3.55,2.93,3.20,2.47,2.47,,2.70,1.84,2.88,2.73,3.68,5.89,5.60,3.36,3.86,3.32,2.90,,0.10,-7.50,1.10,1.60,0.60,,,,,,,3,3.20,,0.10,2.60,-0.10,1.85,,,,,,,,3.40,3.80,3.50,1.90,1.20,,,,,3,,2.20,1.10,3.60,4.50,4.10,,,2.10,,,2.70,,,5.60,5.50,5,5.50,3.50,3.40,
2008-12-07 07:20,3.20,2.91,0.55,1.70,-0.30,2.93,2.51,3,-0.91,0.52,0.68,1.15,-1.33,1.09,0.42,0.08,-0.41,-2.72,-1.20,-0.50,-1.95,-1.73,0.41,,3.55,3.34,3.41,1.35,3.07,1.90,2.51,1.10,-2.87,-0.27,-0.26,0.19,-0.19,0.32,-0.72,-0.37,-4.30,-5.32,-3.33,0.38,0,2.53,2.40,2.33,2.86,2.31,1.53,3.24,2.50,2.58,0.17,0.03,0.26,1.80,0.32,0.56,0.73,0.20,0.46,-2.68,0.60,,3.26,0.47,1,-0.59,0.38,0.66,3.95,0.88,2.48,4.37,3.60,3,2.73,3.48,3.04,2.90,3.35,1.99,3.72,2.27,1.67,-0.10,1.05,1.98,1.63,-0.21,0.30,1.70,1.76,2.78,0.43,-0.76,1.20,1.99,1.83,2.93,3.53,3.14,3.57,3.63,3.85,3.50,3.52,3.64,3.33,2.65,3.83,3.89,3.60,2.99,3.20,2.51,2.41,,2.70,1.79,2.86,2.81,3.70,5.87,5.60,3.40,3.88,3.29,3,,0.10,-7.60,1.10,1.60,0.70,,,,,,,3,3.20,,1,2.80,0.10,1.83,,,,,,,,3.40,3.80,3.60,1.90,1.20,,,,,3.10,,2.20,1.30,3.90,4.50,4.10,,,2.30,,,2.70,,,5.70,5.50,5,5.40,3.50,3.40,
2008-12-07 07:30,3.20,2.86,0.56,1.69,-0.40,2.95,2.58,3,-1.01,0.56,0.43,1.11,-1.34,1.06,0.34,0.06,-0.43,-2.82,-1.10,-0.48,-1.94,-1.62,0.51,,3.69,3.40,3.44,1.30,3.11,1.90,2.43,1.15,-2.82,-0.11,-0.16,0.44,-0.26,0.30,-0.74,-0.32,-4.40,-5.26,-3.51,0.49,0.10,2.80,2.40,2.34,2.61,2.31,1.55,3.24,2.57,2.61,0.05,0.11,0.28,1.90,0.41,0.58,0.77,0.30,0.50,-2.68,0.56,,3.18,0.43,1,-0.68,0.45,0.59,3.91,0.95,2.42,4.57,3.70,3.13,2.80,3.56,3.09,3,3.44,1.97,3.74,2.36,1.80,0,1.40,2.13,1.57,0.12,0.44,1.60,2.06,2.83,0.57,-0.62,1.26,1.99,1.92,2.92,3.54,3.11,3.47,3.66,3.86,3.50,3.55,3.49,3.31,2.52,3.87,3.90,3.62,2.97,3.20,2.59,2.47,,2.70,1.87,2.94,2.72,3.70,5.79,5.60,3.40,3.82,3.24,3,,0.10,-7.60,1.20,1.70,0.80,,,,,,,3.10,3.20,,0.40,2.60,0.40,1.72,,,,,,,,3.30,3.80,3.60,2,1.30,,,,,3.20,,2.40,1.50,3.80,4.60,4.10,,,2.30,,,2.70,,,5.60,5.50,4.90,5.40,3.60,3.50,
2008-12-07 07:40,3.20,2.91,0.46,1.64,-0.30,2.77,2.51,3.10,-0.88,0.71,0.27,1.03,-1.34,1.15,0.29,0.06,-0.34,-2.96,-1,-0.50,-1.88,-1.64,0.64,,3.77,3.38,3.40,1.33,3.10,1.90,2.48,1.12,-2.82,0.14,-0.14,0.38,-0.18,0.31,-0.70,-0.27,-4.50,-5.44,-3.60,0.64,0.20,2.95,2.30,2.25,2.82,2.25,1.60,3.16,2.65,2.64,0.13,0.16,0.27,1.90,0.41,0.70,0.82,0.40,0.40,-2.69,0.65,,3.16,0.45,0.80,-0.64,0.48,0.39,3.87,1.03,2.47,4.52,3.70,3.17,2.90,3.69,3.09,3.10,3.54,2.01,3.76,2.49,1.87,0,1.57,2.42,1.47,0.35,0.64,1.50,2.18,2.99,0.75,-0.44,1.38,2.07,2.03,2.92,3.57,3.13,3.60,3.69,3.88,3.50,3.69,3.56,3.31,2.57,3.81,3.92,3.70,3.04,3.30,2.66,2.51,,2.80,1.80,2.91,2.70,3.72,5.74,5.40,3.55,3.91,3.35,3.10,,0.10,-7.70,1.30,1.80,0.90,,,,,,,3.10,3.20,,0.60,2.60,0.60,1.50,,,,,,,,3.20,3.80,3.70,2,1.20,,,,,3.30,,2.60,1.80,3.50,4.50,,,,2.40,,,2.80,,,5.60,5.50,5,5.50,3.70,3.50,
2008-12-07 07:50,3.20,2.89,0.51,1.67,-0.30,2.73,2.51,3.10,-0.80,0.77,0.25,0.97,-1.39,1.21,0.29,0.07,-0.27,-2.85,-1,-0.39,-1.86,-2,0.73,,3.90,3.38,3.38,1.36,3.28,1.90,2.32,1.40,-2.80,0.37,0.06,0.46,0.08,0.28,-0.71,0.20,-4.50,-5.66,-3.59,0.64,0.30,3.13,2.20,2.23,2.63,2.28,1.66,3.20,2.59,2.67,0.21,0.26,0.21,2,0.40,0.68,0.98,0.50,0.36,-2.65,0.75,,3.24,0.51,0.80,-0.68,0.53,0.36,3.98,1.12,2.53,4.57,3.70,3.03,3.15,3.66,3.10,3.10,3.47,2.06,3.72,2.47,1.96,0,1.60,2.57,1.52,0.51,1.25,1.70,2.58,3.09,0.64,-0.07,1.44,1.92,2.04,2.95,3.51,3.09,3.58,3.66,3.93,3.50,3.72,3.60,3.32,2.47,3.76,3.97,3.71,3.06,3.30,2.69,2.53,,2.80,1.88,2.88,2.72,3.79,5.83,5.50,3.52,4.11,3.51,3,,0.20,-7.70,1.50,1.80,0.80,,,,,,,3.10,3.20,,0.30,3,0.80,1.50,,,,,,,,3.20,3.80,3.70,2.10,1.20,,,,,3.40,,2.70,1.80,3.20,4.50,4,,,2.40,,,2.80,,,5.60,5.60,5,5.50,3.70,3.50,
2008-12-07 08:00,3.20,2.93,0.55,1.79,-0.40,2.87,2.63,3.10,-0.75,0.82,0.42,0.93,-1.46,1.02,0.36,0.13,-0.21,-2.97,-0.90,-0.30,-1.82,-1.76,0.69,,3.92,3.37,3.31,1.33,3.43,2,2.29,1.49,-2.83,0.74,0.15,0.75,0.12,0.44,-0.67,0.28,-4.60,-5.68,-3.61,0.74,0.30,3.09,2.40,2.24,2.67,2.25,1.84,3.25,2.62,2.73,0.27,0.32,0.30,2.20,0.67,0.72,1.01,0.60,0.39,-2.63,0.73,-0.87,3.22,0.82,0.80,-0.55,0.92,0.61,4,1.15,2.60,4.56,3.80,3.02,3.10,3.81,3.17,3.20,3.52,1.93,3.74,2.59,1.98,0.10,1.75,2.67,1.57,0.64,1.56,1.90,2.56,3.01,0.66,0.11,1.46,1.84,2.06,2.95,3.39,3.10,3.70,3.69,3.97,3.50,3.84,3.58,3.30,2.37,3.92,3.97,3.67,3.12,3.20,2.82,2.53,,2.80,2.33,2.76,2.65,3.95,5.59,5.40,3.55,4.19,3.43,3.10,2.30,0.30,-7.70,1.50,1.80,0.90,3.30,0.80,-5.10,2.90,3.90,3.30,3,3.20,3.30,0.50,3.30,1,1.50,2,3.20,4.30,4,4.20,3.40,3.20,3.20,3.80,3.70,2.10,1.20,4.70,4.40,4.40,3.60,3.40,3.50,2.80,1.90,2.80,4.50,3.90,3.60,4.10,2.40,3.10,,2.80,5,4.80,5.60,5.60,5,5.60,3.80,3.60,3
2008-12-07 08:10,3.20,2.94,0.53,1.88,-0.30,2.89,2.69,3.10,-0.65,0.87,0.51,0.99,-1.49,0.87,0.42,0.14,-0.23,-3.13,-0.80,-0.37,-1.73,-1.82,0.78,,3.99,3.36,3.29,1.35,3.58,2,2.32,1.67,-2.80,0.87,0.25,0.88,0.44,0.70,-0.58,0.41,-4.60,-5.77,-3.61,0.94,0.40,3.04,2.60,2.25,2.66,2.31,1.87,3.20,2.67,2.77,0.25,0.28,0.41,2.20,0.66,0.78,1.12,0.70,0.46,-2.69,0.72,-0.95,3.11,1.07,0.80,-0.58,1.04,0.83,4.06,1.05,2.61,4.52,3.80,2.94,3.24,3.73,3.27,3.10,3.66,1.92,3.78,2.63,1.91,0.40,2.08,2.52,1.64,0.90,1.84,2.10,2.45,3.22,0.86,0.16,1.47,1.98,2.20,2.88,3.38,3.20,3.71,3.50,3.94,3.50,3.98,3.58,3.39,2.48,3.87,4,3.77,3.15,3.30,2.83,2.56,,2.90,2.42,2.85,2.64,3.93,5.65,5.40,3.48,4.20,3.55,3.10,,0.30,-7.70,1.70,2,0.90,,,,,,,2.90,3.20,,0.50,3.40,1.10,1.51,,,,,,,,3.10,3.70,3.90,2.30,1.20,,,,,3.50,,2.90,2.10,2.80,4.50,3.90,,,2.40,,,2.90,,,5.60,5.60,5,5.60,3.80,3.60,
2008-12-07 08:20,3.20,2.92,0.49,1.90,-0.30,2.78,2.68,3.10,-0.59,0.90,0.66,0.88,-1.49,0.74,0.41,0,-0.35,-2.93,-0.70,-0.22,-1.73,-1.89,0.98,,3.99,3.37,3.18,1.37,3.68,2,2.41,1.78,-2.77,1.09,0.31,0.97,0.37,0.87,-0.51,0.80,-4.50,-5.85,-3.53,1.10,0.40,3.14,2.80,2.37,2.62,2.46,1.79,3.17,2.69,2.95,0.30,0.29,0.44,2.20,0.65,0.90,0.95,0.80,0.49,-2.69,0.70,-0.82,3.10,1.15,0.90,-0.65,0.99,1.10,4.06,0.99,2.63,4.79,3.90,3,3.34,3.86,3.27,2.90,3.71,2.03,3.87,2.70,1.85,0.60,2.34,2.58,1.64,1,1.90,2.10,2.49,3.22,0.97,0.26,1.52,2.12,2.28,2.86,3.50,3.19,3.80,3.28,3.83,3.50,3.99,3.58,3.48,2.57,3.80,3.98,3.79,3.13,3.40,2.98,2.70,,3,2.37,2.87,2.73,3.91,5.68,5.40,3.46,4.24,3.46,3.10,,0.30,-7.70,1.80,2.30,1,,,,,,,2.90,3.20,,0.50,3.40,1.30,1.66,,,,,,,,3.10,3.70,3.90,2.40,1.30,,,,,3.50,,3,2.20,2.80,4.50,3.90,,,2.50,,,2.80,,,5.60,5.60,5,5.60,3.90,3.60,
2008-12-07 08:30,3.20,2.94,0.50,2.03,-0.30,2.67,2.70,3.10,-0.64,1.05,0.65,0.83,-1.57,0.77,0.44,-0.05,-0.44,-2.83,-0.60,-0.03,-1.75,-1.66,0.99,,3.89,3.41,3.06,1.36,3.91,2,2.54,2,-2.78,1.13,0.52,1.07,0.66,1.06,-0.45,0.82,-4.50,-5.79,-3.47,1.36,0.50,3.43,2.70,2.45,2.71,2.56,1.81,3.10,2.73,3.01,0.32,0.36,0.42,2.30,0.62,0.96,0.97,1,0.45,-2.68,0.67,-0.84,3.27,1.19,1,-0.67,1.28,1.31,3.99,1.01,2.65,4.94,4,3.04,3.29,3.69,3.29,2.90,3.81,2.20,3.87,2.87,1.83,0.90,2.44,2.68,1.78,1.09,2.18,2,2.59,3.02,1.09,0.37,1.58,2.24,2.37,2.98,3.54,3.15,3.89,2.72,3.78,3.50,3.99,3.56,3.44,2.59,3.77,4.27,3.88,3.16,3.40,3.14,2.73,,3,2.42,2.86,2.65,3.97,5.59,5.40,3.51,3.84,3.69,3.10,,0.40,-7.60,1.90,2.50,1.10,,,,,,,2.90,3.20,,1.20,3.60,1.80,1.91,,,,,,,,3.10,3.70,3.90,2.50,1.50,,,,,3.60,,3.10,2.40,3.10,4.40,3.80,,,2.60,,,2.70,,,5.50,5.70,5,5.60,4,3.70,
2008-12-07 08:40,3.20,2.94,0.48,2.09,-0.30,2.73,2.68,3.10,-0.50,1.08,0.52,0.83,-1.54,0.80,0.49,-0.03,-0.49,-2.93,-0.50,-0.15,-1.72,-1.55,0.97,,3.92,3.41,3.03,1.43,4.19,2,2.63,2.25,-2.77,1.14,0.73,1.09,0.79,1.42,-0.41,1.24,-4.50,-5.72,-3.39,1.88,0.50,3.79,2.90,2.54,2.51,2.58,1.97,3.03,2.74,3,0.43,0.31,0.51,2.40,0.63,1.17,1.17,1,0.46,-2.78,0.71,-0.92,3.29,1.32,1,-0.57,1.21,1.24,4.02,0.82,2.59,4.83,4.10,3.10,3.35,3.90,3.38,3,3.93,2.13,3.94,2.86,2.10,1.20,2.59,2.69,1.71,1.23,2.29,1.90,2.45,2.90,1.32,0.47,1.64,2.44,2.58,2.80,3.59,3.19,3.91,2.53,3.72,3.40,4.10,3.55,3.45,2.64,3.65,4.35,3.99,3.31,3.50,3.17,2.75,,3.10,2.44,2.88,2.77,3.90,5.56,5.40,3.64,4.42,3.73,3.10,,0.40,-7.60,2.20,2.50,1.30,,,,,,,2.90,3.30,,1.80,3.70,2.10,2.18,,,,,,,,3.10,3.70,3.90,2.60,1.50,,,,,3.70,,3.10,2.60,3.20,4.40,3.80,,,2.70,,,2.70,,,5.50,5.70,5,5.60,4,4,
2008-12-07 08:50,3.10,2.94,0.52,2.14,-0.20,2.79,2.63,3,-0.52,1.17,0.53,0.89,-1.62,0.74,0.50,0,-0.46,-3.01,-0.40,0.09,-1.75,-1.73,0.91,,3.89,3.35,3,1.44,4.29,1.90,2.70,2.38,-2.64,1.05,0.86,1.25,0.91,1.61,-0.34,1.40,-4.50,-5.55,-3.15,2.33,0.50,3.70,2.80,2.78,2.75,2.45,1.85,3.10,2.79,3.05,0.40,0.26,0.50,2.50,0.74,1.27,1.29,0.90,0.55,-2.71,0.63,-1.01,3.30,1.31,1.20,-0.65,1.26,1.18,4.11,0.67,2.76,5.11,4.40,2.96,3.45,3.77,3.36,2.90,3.92,2.25,3.87,2.91,2.20,1.40,2.73,2.74,1.68,1.34,2.29,2,2.43,2.89,1.47,0.55,1.79,2.53,2.77,2.77,3.44,3.19,3.87,2.69,3.75,3.50,4.07,3.52,3.48,2.59,3.83,4.44,4.06,3.35,3.50,3.17,2.76,,3.10,2.59,2.92,2.81,3.97,5.60,5.40,3.72,4.19,3.67,3.10,,0.50,-7.60,2.50,2.30,1.30,,,,,,,2.90,3.30,,2,3.80,2.30,2.40,,,,,,,,3.10,3.80,4,2.60,1.50,,,,,3.70,,3.20,2.70,3.20,4.30,,,,2.70,,,2.70,,,5.40,5.70,5,5.70,4.10,4.10,
2008-12-07 09:00,3.10,2.93,0.48,2.15,-0.20,2.77,2.61,2.90,-0.55,1.20,0.35,0.93,-1.65,0.71,0.58,0,-0.49,-2.89,-0.30,0.02,-1.89,-1.59,0.87,,3.78,3.30,2.92,1.46,4.41,2,2.75,2.46,-2.75,1.02,1.26,1.39,1.54,1.66,-0.23,1.49,-4.50,-5.35,-3.14,2.82,0.60,3.78,2.90,2.82,2.84,2.59,2.01,3.03,2.92,3.14,0.49,0.41,0.62,2.70,0.76,1.41,1.40,0.80,0.56,-2.83,0.60,-1.03,3.15,1.31,1.20,-0.61,1.43,1.12,4.06,0.58,2.83,5.11,4.70,3.06,3.54,3.88,3.47,3,3.82,2.22,3.99,3.03,2.58,1.60,2.85,2.89,1.68,1.38,2.35,2.10,2.37,2.93,1.48,0.74,1.91,2.53,2.91,2.82,3.36,3.38,3.97,2.85,3.82,3.40,4.19,3.51,3.47,2.67,3.93,4.39,4.15,3.50,3.50,3.26,2.91,,3.20,2.83,2.91,2.86,4.01,5.63,5.30,3.75,4.15,3.76,3.10,2.30,0.60,-7.50,2.60,2.30,1.50,3.50,1.50,-4.90,2.50,3.90,3.70,3.10,3.40,3.90,2.80,3.90,2.60,2.60,2.30,3.60,4.20,4.20,4.30,3.90,3.60,3.10,3.80,4,2.70,1.80,4.50,4,4.60,3.80,3.80,3.50,3.30,2.70,3.20,4.40,3.70,3.60,4.50,2.90,3.40,3,2.60,5,4.90,5.40,5.70,5.10,5.70,4.20,4.10,3.20
2008-12-07 09:10,3,2.92,0.53,2.22,-0.20,2.85,2.46,2.90,-0.57,1.38,0.27,0.99,-1.60,0.85,0.54,0,-0.60,-2.78,-0.30,-0.04,-1.86,-1.34,0.88,,3.68,3.42,3.04,1.29,4.52,1.90,2.80,2.61,-2.79,0.95,1.61,1.38,1.75,1.78,-0.27,2.04,-4.50,-5.27,-3.11,3.01,0.60,3.78,2.80,2.83,2.80,2.71,2.20,3.07,2.94,3.26,0.52,0.45,0.70,2.70,0.74,1.46,1.40,0.80,0.68,-2.84,0.64,-1.01,2.68,1.24,1.10,-0.53,1.48,1.29,3.95,0.60,2.87,4.96,4.80,3.06,3.50,3.84,3.52,3.10,4.02,2.16,4.05,3.17,2.55,1.70,2.92,2.91,1.74,1.53,2.51,2.20,2.38,3.07,1.51,0.91,2.04,2.79,3.07,2.73,3.35,3.36,4.02,3.01,3.89,3.40,4.17,3.57,3.50,2.68,4,4.55,4.20,3.55,3.80,3.31,2.86,,3.20,2.96,2.99,2.96,3.98,5.68,5.40,3.70,3.94,3.70,3.10,,0.50,-7.40,2.80,2.60,1.60,,,,,,,3.10,3.40,,2.80,3.90,2.60,2.48,,,,,,,,3.20,3.70,4.20,2.80,1.80,,,,,3.80,,3.30,2.70,3.20,4.40,3.70,,,2.90,,,2.50,,,5.30,5.60,5.10,5.70,4.20,4.10,
2008-12-07 09:20,3,2.91,0.50,2.16,-0.10,2.74,2.61,2.90,-0.72,1.45,0.26,1.07,-1.54,0.88,0.41,-0.02,-0.60,-3.03,-0.20,0.02,-1.85,-1.43,0.91,,3.70,3.40,2.96,1.18,4.38,1.80,2.88,2.77,-2.65,0.86,1.72,1.70,2.14,2.13,-0.21,2.32,-4.40,-5.40,-3.03,3.08,0.60,3.65,2.80,2.81,3.16,2.63,2.17,3.32,2.87,3.41,0.57,0.56,0.67,2.70,0.87,1.20,1.32,0.90,0.70,-2.84,0.76,-0.95,2.14,1.17,0.90,-0.49,1.29,1.47,3.86,0.70,3.11,5.02,4.80,3.16,3.60,3.87,3.53,3.10,3.90,2.21,4.18,3.19,2.61,1.80,2.90,3.09,1.73,1.79,2.63,2.30,2.63,3.23,1.62,1.06,2.14,2.79,3,2.61,3.55,3.39,4.07,3.15,3.96,3.40,4.22,3.48,3.53,2.75,4.01,4.64,4.33,3.65,4.10,3.38,2.98,,3.10,2.91,3.11,2.84,3.94,5.81,5.40,3.81,3.89,3.64,3.10,,0.50,-7.30,2.90,2.60,1.70,,,,,,,3.20,3.50,,2.80,,2.70,2.71,,,,,,,,3.10,3.60,4.40,2.80,1.80,,,,,3.90,,3.40,2.80,3.20,4.40,3.70,,,2.90,,,2.40,,,5.30,5.40,5.10,5.70,4.30,4.20,
2008-12-07 09:30,2.90,2.97,0.50,2.18,-0.20,2.85,2.52,2.80,-0.93,1.73,0.21,1.04,-1.43,0.88,0.42,0,-0.56,-2.92,0,0.01,-1.76,-1.28,0.84,,3.67,3.39,2.88,1.16,4.30,1.70,2.96,3,-2.85,0.81,1.82,1.73,2.38,2.38,-0.25,2.29,-4.30,-5.31,-3.07,3.30,0.70,3.79,2.80,2.85,3.06,2.58,2.24,3.34,2.88,3.47,0.72,0.75,0.63,2.80,0.85,1.29,1.26,1.10,0.63,-2.76,0.70,-0.95,1.65,1.24,1.10,-0.61,1.18,1.52,3.89,0.84,3.05,5.10,4.90,3.17,3.80,3.96,3.52,3.20,3.93,2.22,4.31,3.16,2.74,2.20,3.01,3.14,1.77,2.03,2.60,2.30,2.52,3.39,1.73,1.18,2.28,2.85,2.91,2.58,3.57,3.32,4.18,3.17,4.01,3.40,4.16,3.63,3.58,2.81,4.01,4.60,4.39,3.70,4.10,3.45,2.99,,3.20,2.84,3.16,2.72,4.03,5.70,5.40,3.83,4.23,3.75,3.10,,0.40,-7.30,3.20,2.70,1.90,,,,,,,3.10,3.50,,2.80,3.80,2.70,2.96,,,,,,,,3.20,3.50,4.40,2.80,1.80,,,,,3.90,,3.50,2.90,3.20,4.40,3.70,,,3,,,2.40,,,5.20,4.90,5.10,5.70,4.40,4.20,
2008-12-07 09:40,2.80,2.86,0.50,2.03,-0.20,2.90,2.52,2.70,-0.98,1.99,0.20,1.11,-1.45,0.93,0.50,0,-0.56,-3.09,0.10,-0.10,-1.67,-1.30,0.84,,3.66,3.45,2.90,1.03,4.27,1.70,3.04,3.42,-2.93,0.78,1.71,1.82,2.15,2.54,-0.18,2.63,-4.20,-5.18,-3.09,3.39,0.70,3.88,3,2.82,3.10,2.45,2.35,3.39,2.94,3.50,0.82,0.86,0.88,2.90,0.78,1.35,1.19,1.10,0.67,-2.69,0.68,-0.93,1.49,1.30,1,-0.71,1,1.51,3.68,0.93,2.89,5.18,5.10,3.25,3.90,3.90,3.53,3.10,3.92,2.30,4.36,3.32,2.81,2.70,3.16,3.20,1.81,2.11,2.82,2.50,2.50,3.37,1.93,1.37,2.41,3.02,2.85,2.69,3.60,3.33,4.29,3.11,3.97,3.40,4.14,3.60,3.51,2.65,3.99,4.69,4.41,3.85,4.10,3.53,2.92,,3.20,3.04,3.12,2.69,4.13,5.58,5.60,3.82,4.18,3.80,3,,0.30,-7.20,3.40,2.90,2,,,,,,,3.20,3.60,,2.90,3.80,2.80,2.96,,,,,,,,3.30,3.50,4.50,2.80,1.90,,,,,4,,3.70,3,3.20,4.50,3.80,,,3.10,,,2.40,,,5.20,4.90,5.10,5.60,4.50,4.30,
2008-12-07 09:50,2.80,2.79,0.57,2,-0.20,3.16,2.46,2.80,-0.94,2.17,0.22,1.26,-1.34,0.90,0.46,0.09,-0.45,-2.89,0.10,-0.17,-1.80,-1.45,0.83,,3.79,3.43,2.94,1.04,4.18,1.70,3.01,3.77,-2.85,0.73,1.64,1.71,2.12,2.59,-0.27,2.74,-4.20,-5.18,-2.89,3.43,0.70,3.91,3,2.84,3.31,2.53,2.45,3.41,3.07,3.54,0.77,0.75,1.05,2.80,0.80,1.51,1.20,1.10,0.59,-2.73,0.64,-0.89,1.68,1.27,1,-0.68,1.04,1.12,3.77,0.99,2.54,5.19,5.50,3.28,4.10,3.95,3.55,3.10,3.98,2.34,4.38,3.25,2.93,3.10,3.37,3.45,1.89,2.15,2.95,2.50,2.61,3.56,1.92,1.54,2.50,3.12,2.72,2.82,3.72,3.38,4.38,3.11,4.07,3.50,4.24,3.50,3.55,2.54,4.04,4.78,4.56,3.96,4.10,3.52,3,,3.20,3.10,3.12,2.82,4.12,5.47,5.60,3.85,4.17,3.87,3,,0.30,-7.10,3.50,2.90,2,,,,,,,3.10,3.70,,3,3.60,2.90,2.73,,,,,,,,3.40,3.50,4.60,2.90,2,,,,,4,,3.70,3,3.30,4.50,4,,,3.10,,,2.40,,,5.20,5.10,5.10,5.70,4.90,4.10,
2008-12-07 10:00,2.80,2.68,0.42,1.87,-0.20,3.16,2.54,2.90,-0.90,2.38,0.30,1.30,-1.26,0.85,0.44,0.11,-0.49,-2.95,0.30,-0.10,-1.91,-1.62,0.82,,3.78,3.52,2.89,0.92,4.02,1.70,3.10,3.89,-2.86,0.89,1.85,1.75,2.31,2.54,-0.31,3.04,-4.20,-5.15,-2.92,3.41,0.60,3.98,3,2.87,3.41,2.68,2.54,3.33,3.22,3.61,0.83,0.66,1.07,2.80,0.98,1.50,1.33,1.10,0.60,-2.79,0.68,-0.86,1.74,1.30,0.90,-0.86,1.20,1.09,3.87,1.18,2.49,5.13,5.80,3.24,4.20,4.11,3.60,3.10,3.94,2.48,4.54,3.29,2.99,3.20,3.51,3.67,1.93,2.24,3.20,2.60,2.65,3.72,1.95,1.71,2.48,3.21,2.66,2.81,3.78,3.41,4.29,3.24,4.12,3.50,4.22,3.41,3.59,2.41,3.99,4.86,4.70,4.02,4.10,3.62,3.16,,3.20,3.08,3.14,2.92,4.20,5.22,5.60,4.07,4.13,3.94,3,2.20,0.30,-7.10,3.60,3.20,2.20,,1.70,-4.80,2.70,4.30,4.20,3.20,3.70,4,3.20,3.50,2.80,2.70,,3.70,4.30,4.50,4.60,4.10,3.80,3.50,3.50,4.70,2.90,2.20,4.30,4,4.50,4.40,4.10,3.50,3.80,3,3.20,4.60,4,,5.10,3.30,3.60,3.20,2.50,4.80,4.70,5.10,5.20,5,5.50,5,4,3.50
2008-12-07 10:10,2.80,2.66,0.49,1.79,-0.20,3.19,2.55,2.90,-0.84,2.47,0.37,1.42,-1.29,0.70,0.34,0.23,-0.54,-2.96,0.40,0.15,-1.91,-1.67,1.02,,3.65,3.62,2.92,0.65,3.94,1.70,3.21,3.98,-2.87,0.83,1.73,1.91,2.47,2.56,-0.37,3.06,-4.20,-5.09,-2.76,3.44,0.50,3.89,3,2.83,3.57,2.65,2.60,3.31,3.29,3.68,0.96,0.71,1.03,2.80,1.18,1.50,1.42,1.10,0.62,-2.81,0.70,-0.89,2.01,1.21,0.80,-0.86,1.32,1.21,3.82,1.30,2.55,5.06,5.70,3.41,4.30,3.90,3.60,3.10,3.85,2.41,4.51,3.19,2.94,3.40,3.72,3.78,1.89,2.30,3.20,2.60,2.65,3.72,1.98,1.83,2.35,3.29,2.75,2.82,3.90,3.51,4.32,3.35,4.17,3.60,4.31,3.37,3.64,2.04,4,5.01,4.79,4.17,4.10,3.73,3.31,,3.40,3.02,3.20,2.77,4.36,5.12,5.50,4.37,3.78,4.16,3,,0.20,-7,3.60,3.30,2.40,,,,,,,3.20,3.80,,3.20,3.50,2.80,2.84,,,,,,,,3.60,3.60,4.60,3,2.20,,,,,4.10,,3.80,3.10,3.60,4.60,4,,,3.30,,,2.50,,,5,5.30,5,5.50,5,4.20,
2008-12-07 10:20,2.70,2.62,0.48,1.67,-0.30,3.28,2.58,2.90,-0.77,2.26,0.35,1.28,-1.22,0.56,0.30,0.12,-0.31,-2.83,0.60,0.09,-1.93,-1.65,1.14,,3.61,3.66,3.01,0.49,3.83,1.60,3.10,3.99,-2.85,1.03,1.63,1.93,2.68,2.71,-0.37,3.06,-4.20,-5.09,-2.70,3.63,0.50,3.80,3,2.73,3.38,2.84,2.64,3.30,3.20,3.65,1.18,0.80,1.04,2.80,1.26,1.38,1.38,1.10,0.62,-2.82,0.72,-0.96,2.15,1.27,0.80,-0.84,1.24,1.45,3.94,1.09,2.53,5.19,5.40,3.63,4.35,3.90,3.35,3.20,3.83,2.42,4.48,3.23,3.10,3.60,3.77,3.86,1.91,2.43,3.24,2.70,2.78,3.70,2,1.90,2.21,3.33,2.80,2.75,3.82,3.60,4.50,3.45,4.18,3.60,4.34,3.42,3.74,2.06,3.86,4.93,4.86,4.31,4.20,3.73,3.28,,3.50,3.06,3.17,2.89,4.19,5.08,5.60,4.55,3.85,4.18,3.10,,0.30,-7,3.60,3.30,2.20,,,,,,,3.20,3.90,,3.30,,2.60,2.77,,,,,,,,3.70,3.60,4.70,3,2.30,,,,,4.20,,3.90,3.20,3.80,4.60,4,,,3.30,,,2.60,,,4.90,5.30,5,5.50,5,4.20,
2008-12-07 10:30,2.60,2.71,0.41,1.55,-0.30,3.21,2.61,3,-0.68,2.04,0.49,1.38,-1.33,0.55,0.24,0.14,-0.27,-2.95,0.70,0.05,-1.90,-1.70,1.38,,3.60,3.67,3.11,0.64,3.74,1.50,2.99,4.01,-2.79,1.13,1.70,2.15,2.80,2.71,-0.32,3.17,-4.20,-5.10,-2.67,3.66,0.50,3.78,3.20,2.77,3.32,2.92,2.79,3.26,3.01,3.64,1.27,0.87,1.25,2.90,1.32,1.35,1.32,1.10,0.62,-2.69,0.78,-0.91,2.29,1.30,0.80,-0.83,1.30,1.31,4.02,1.15,2.34,4.89,5.30,3.77,4.42,3.81,3.30,3.10,3.92,2.55,4.36,3.28,3.18,3.80,3.87,3.91,1.91,2.61,3.17,2.80,2.80,3.61,2.15,1.97,2.21,3.37,2.98,2.74,3.83,3.68,4.59,3.42,4.30,3.70,4.30,3.32,3.82,2,3.94,4.89,4.99,4.27,4.30,3.65,3.36,,3.60,3.20,3.11,2.82,4.20,5.17,5.60,4.32,4.35,4.13,3.10,,0.40,-6.90,3.70,3.20,2.30,,,,,,,3.20,3.80,,3.50,3.50,2.50,2.78,,,,,,,,3.80,3.60,4.80,3,2.40,,,,,4.20,,4,3.20,4,4.60,4,,,3.40,,,2.70,,,4.90,5.10,4.90,5.40,5,4.20,
2008-12-07 10:40,2.60,2.70,0.36,1.56,-0.40,3.04,2.62,3,-0.68,1.85,0.25,1.38,-1.31,0.69,0.17,0.13,-0.29,-2.77,0.80,0.13,-1.85,-1.70,1.33,,3.65,3.57,3.04,0.80,3.68,1.10,2.77,3.99,-2.77,1.27,1.85,1.96,2.88,2.69,-0.22,3.20,-4.30,-5.16,-2.59,3.44,0.60,3.81,3.10,2.87,3.42,2.90,2.83,3.19,2.96,3.67,1.42,0.92,1.52,2.90,1.54,1.33,1.20,1.20,0.54,-2.79,0.82,-0.99,2.28,1.33,0.80,-0.76,1.28,1.26,3.94,1.31,2.23,4.96,5.30,3.77,4.36,3.47,3.36,3.10,3.86,2.63,4.34,3.38,3.20,3.80,3.92,4.04,2.15,2.78,3.47,2.90,2.91,3.66,2.18,2.11,2.09,3.29,3.03,2.76,4.03,3.70,4.54,3.59,4.40,3.80,4.28,3.38,3.87,2.02,4.04,5.07,5.15,4.32,4.40,3.41,3.24,,3.70,3.22,3.08,3.06,4.25,5.23,5.60,4.12,4.43,4.23,3.10,,0.50,-6.90,3.80,3.10,2.20,,,,,,,3.20,3.60,,3.60,3.50,2.60,2.75,,,,,,,,3.90,3.60,4.80,3.10,2.80,,,,,4.20,,4.10,3.30,4.20,4.60,,,,3.50,,,2.90,,,5,5.10,4.90,5.50,4.90,4.10,
2008-12-07 10:50,2.50,2.68,0.33,1.72,-0.40,3.09,2.65,3.10,-0.61,1.83,0.20,1.04,-1.29,0.68,0.18,0.17,-0.26,-3.07,1,0.18,-1.70,-1.46,1.48,,3.90,3.55,2.90,1.05,3.64,1.10,2.82,3.93,-2.71,1.29,2.12,2.13,2.97,2.61,-0.17,3.17,-4.30,-5.23,-2.77,3.65,0.70,3.78,3.20,2.83,3.27,2.89,2.98,3.31,2.92,3.67,1.65,1.12,1.64,2.90,1.66,1.41,1.14,1.20,0.55,-2.93,0.68,-1.04,2.56,1.34,0.80,-0.79,1.02,1.26,3.92,1.21,2.46,4.85,5.40,3.71,4.42,3.37,3.32,3.10,3.82,2.61,4.37,3.52,3.30,3.80,4.12,4.20,1.95,3.01,3.09,3,2.95,3.78,2.13,2.20,2.11,3.25,3.08,2.81,4.08,3.71,4.52,3.80,4.63,3.80,4.36,3.46,3.85,2.03,4.15,4.96,5.12,4.31,4.50,3.44,3.40,,3.70,3.14,3.11,3.06,4.12,5.17,5.60,4.13,4.65,4.30,3.10,,0.60,-6.90,3.80,3.10,2.20,,,,,,,3.20,3.60,,3.60,3.60,2.60,2.87,,,,,,,,3.90,3.50,4.80,3.20,2.90,,,,,4.20,,4.10,3.30,4.40,4.60,4.20,,,3.60,,,2.90,,,4.90,5.30,4.90,5.50,4.90,4.20,
2008-12-07 11:00,2.50,2.76,0.36,1.68,-0.50,3.17,2.61,3,-0.64,1.98,0.23,0.96,-1.35,0.68,0.17,0.19,-0.22,-2.97,1.10,0.16,-1.68,-1.22,1.45,,3.84,3.61,2.92,1.10,3.62,1.30,2.76,3.50,-2.73,1.30,1.96,2.03,2.99,2.70,-0.18,3.30,-4.30,-5.24,-2.80,3.65,0.90,3.68,3.10,2.86,3.33,2.87,2.66,3.38,2.89,3.79,1.68,1.13,1.78,2.70,1.50,1.32,1.15,1.10,0.59,-2.92,0.64,-1.01,2.86,1.37,0.80,-0.80,0.98,1.25,3.95,1.09,2.45,4.97,5.30,3.71,4.48,3.44,3.37,3.10,3.92,2.55,4.47,3.48,3.45,3.90,4.31,4.22,2.02,3.19,3.50,3,2.93,3.82,2.15,2.26,2.15,3.31,3.21,2.76,3.99,3.66,4.62,3.87,4.81,3.90,4.41,3.39,3.86,2.14,4.24,5.05,5.24,4.30,4.50,3.43,3.35,,3.80,3.18,3.14,2.81,4.33,5.21,5.70,4.12,4.16,4.24,3.20,2.20,0.60,-6.90,3.80,3.10,2.20,3.60,2.50,-4.70,3.40,3.90,4.70,3.30,3.50,4,3.90,3.60,2.70,3,3.40,3.70,4.50,4.50,4.80,4.40,3.90,3.90,3.50,4.70,3.30,3,4.10,3.90,4.80,5,4.30,3.50,4.20,3.30,4.40,4.50,4.30,3.70,5.10,3.70,3.80,3.50,2.90,4.80,4.20,4.90,5.40,4.90,5.50,5,4.30,3.50
2008-12-07 11:10,2.50,2.69,0.32,1.44,-0.40,3.03,2.59,3,-0.68,1.89,0.35,1.02,-1.45,0.69,0.24,0.10,-0.16,-2.74,1,0.20,-1.66,-1.68,1.46,,3.70,3.54,2.85,1.11,3.65,1.50,2.70,3.36,-2.80,1.35,2,1.84,2.91,2.65,-0.14,3.37,-4.30,-5.26,-2.92,3.40,1,3.60,3.10,2.80,3.21,2.90,2.59,3.38,2.86,3.93,1.70,1.14,1.94,2.60,1.43,1.47,1.28,1.10,0.55,-2.86,0.64,-1.09,2.87,1.23,0.80,-0.76,1.10,1.08,3.91,0.76,2.59,4.99,5.20,3.54,4.50,3.47,3.33,3.10,3.73,2.55,4.51,3.61,3.54,4,4.46,4.22,2.04,3.35,3.76,3.10,2.94,3.84,2.26,2.28,2.06,3.37,3.31,2.74,3.97,3.64,4.56,3.84,4.96,3.90,4.29,3.28,3.97,2.23,4.42,5.17,5.33,4.37,4.70,3.42,3.35,,3.90,3.21,3.16,2.86,4.28,5.31,5.50,4.01,3.82,4.26,3.20,,0.70,-6.90,3.90,3.10,2.20,,,,,,,3.30,3.30,,3.90,3.70,2.70,3.07,,,,,,,,4,3.60,4.80,3.30,3,,,,,4.30,,4.20,3.40,4.40,4.50,4.30,,,3.70,,,3,,,4.90,5.50,4.90,5.50,5,4.40,
2008-12-07 11:20,2.50,2.74,0.36,1.44,-0.40,3.04,2.66,3,-0.69,1.93,0.49,1.08,-1.52,0.83,0.41,-0.03,-0.21,-2.60,0.80,0.12,-1.80,-1.49,1.54,,3.91,3.52,2.85,1.16,3.49,1.40,2.58,3.47,-2.71,1.34,2.03,1.87,2.78,2.53,-0.13,3.22,-4.30,-5.31,-3.06,3.31,1,3.40,3.10,2.87,3.30,2.98,2.55,3.35,2.81,3.98,1.71,1.21,1.99,2.50,1.58,1.61,1.38,1.10,0.47,-2.85,0.55,-1.18,2.98,1.13,0.80,-0.82,1.22,1.18,3.84,0.60,2.46,5.09,5.30,3.53,4.50,3.53,3.40,3.10,3.89,2.59,4.61,3.57,3.60,4.10,4.49,4.29,2.06,3.35,4.06,3.20,2.88,3.64,2.31,2.41,1.94,3.36,3.47,2.72,3.94,3.75,4.34,3.90,4.87,4,4.19,3.24,4.10,2.43,4.60,5.31,5.49,4.34,4.80,3.51,3.44,,3.80,3.11,3.30,2.91,4.09,5.43,5.10,4,3.69,4.27,3.20,,0.70,-6.90,3.90,3.30,2.30,,,,,,,3.30,3.30,,4,3.70,2.90,3.12,,,,,,,,4.10,3.60,4.80,3.30,3,,,,,4.40,,4.20,3.20,4.50,4.60,4.30,,,3.80,,,3.10,,,4.80,5.30,4.90,5.40,4.90,4.40,
2008-12-07 11:30,2.70,2.80,0.41,1.62,-0.50,3.38,2.66,3.10,-0.74,2.01,0.57,1.09,-1.54,0.98,0.43,-0.01,-0.33,-3.15,0.70,0.01,-1.96,-1.71,1.59,,4.04,3.55,2.98,0.97,3.41,1.30,2.51,3.64,-2.57,1.34,2,1.95,3,2.62,-0.10,3.42,-4.20,-5.36,-3.10,3.29,1,3.36,3.10,2.96,3.16,2.92,2.41,3.40,2.84,3.93,1.69,1.23,1.93,2.50,1.48,1.77,1.29,1.10,0.48,-2.93,0.55,-1.16,3.32,1.01,0.80,-0.77,1.34,1.13,3.63,0.61,2.35,5.15,5,3.64,4.20,3.68,3.39,3.10,3.85,2.44,4.69,3.78,3.62,4.10,4.66,4.39,2.03,3.38,3.34,3.20,2.82,3.51,2.39,2.51,1.92,3.47,3.58,2.83,3.91,3.80,4.41,3.87,4.89,4.10,4.24,3.26,4.13,2.57,4.63,5.43,5.43,4.41,4.90,3.59,3.51,,3.80,3.06,3.12,2.94,4.15,5.37,5.10,4.01,3.86,4.29,3.20,,0.70,-6.80,3.70,3.20,2.30,,,,,,,3.50,3.30,,4,3.70,2.80,3.21,,,,,,,,4.30,3.70,4.80,3.30,3.10,,,,,4.50,,4.20,3.20,4.50,4.60,4.20,,,3.80,,,3.20,,,4.80,5.20,4.60,5.30,4.80,4.50,
2008-12-07 11:40,2.80,2.86,0.32,1.63,-0.50,3.04,2.73,3.10,-0.74,2.04,0.62,1.27,-1.54,1.17,0.45,-0.03,-0.40,-3.26,0.70,0.21,-1.91,-1.45,1.63,,3.98,3.50,2.94,0.82,3.46,1.30,2.51,3.65,-2.79,1.55,2.12,1.85,2.90,2.68,-0.31,3.52,-4.30,-5.37,-3.03,3.40,1,3.36,3.10,2.96,2.98,2.86,2.32,3.34,2.91,3.93,1.62,1.40,1.86,2.60,1.61,1.71,1.36,1.10,0.46,-2.98,0.58,-1.14,3.36,1.07,1,-0.75,1.37,1.30,3.54,0.72,2.42,5.19,5,3.66,4.20,3.83,3.36,3.20,3.80,2.57,4.78,3.64,3.56,4.20,4.71,4.33,2.05,3.40,3.56,3.20,2.92,3.61,2.56,2.66,1.87,3.49,3.60,2.86,3.72,3.89,4.38,3.84,4.83,4.10,4.15,3.22,4.11,2.53,4.75,5.51,5.39,4.67,4.90,3.78,3.51,,3.90,3.24,3.18,2.91,4.27,5.23,5,4.03,3.78,4.33,3.20,,0.70,-6.80,3.60,3.40,2.40,,,,,,,3.50,3.40,,4,3.70,2.90,3.25,,,,,,,,4.30,3.70,4.80,3.40,3.10,,,,,4.50,,4.30,3.20,4.60,4.70,4.30,,,3.90,,,3.10,,,4.80,5.20,4.50,5.30,4.70,4.50,
2008-12-07 11:50,3,2.89,0.44,1.71,-0.40,3.27,2.80,3.10,-0.64,2.07,0.62,1.34,-1.51,1.19,0.42,-0.04,-0.36,-3.02,0.80,0.19,-2.02,-1.32,1.60,,3.91,3.50,2.88,1.08,3.58,0.80,2.45,3.61,-2.93,1.67,1.98,1.88,2.89,2.58,-0.33,3.15,-4.20,-5.35,-2.93,3.42,1,3.24,3.10,2.87,2.91,2.76,2.21,3.29,2.92,4.03,1.69,1.45,1.87,2.60,1.61,1.80,1.25,1.10,0.35,-2.89,0.53,-1.15,3.52,1.11,0.90,-0.75,1.41,1.50,3.61,0.72,2.44,5.18,5,3.63,4.30,3.72,3.49,3.30,3.75,2.69,4.78,3.73,3.55,4.20,4.90,4.32,1.98,3.56,3.76,3.30,3.05,3.66,2.59,2.83,1.88,3.54,3.65,2.81,3.73,3.87,4.46,3.76,4.80,4.20,4.22,3.27,4.01,2.55,4.77,5.62,5.56,4.79,5,3.84,3.49,,4,3.22,3.23,2.71,4.28,5.28,5,4.19,3.74,3.67,3.20,,0.70,-6.80,3.50,3.50,2.40,,,,,,,3.50,3.40,,3.90,3.80,3.10,3.21,,,,,,,,4.30,3.90,4.70,3.40,3.10,,,,,4.50,,4.30,3.20,4.70,4.80,4.30,,,4,,,3,,,4.80,5.20,4.80,5.30,4.60,4.50,
2008-12-07 12:00,3.10,2.97,0.44,1.76,-0.30,3.20,2.75,3.10,-0.59,2.10,0.70,1.18,-1.46,1.19,0.48,0.18,-0.31,-2.67,0.90,0,-2.10,-1.47,1.45,,4.02,3.51,2.87,1.23,3.46,0.70,2.44,3.48,-3,1.55,2.09,2.09,2.88,2.40,-0.31,3.02,-4.30,-5.40,-2.99,3.19,0.90,3.16,3.20,2.93,2.78,2.86,2.04,3.22,2.89,3.93,1.82,1.54,2.04,2.80,1.69,1.82,1.36,1,0.32,-2.90,0.48,-1.13,3.65,1.24,1,-0.84,1.34,1.67,3.69,0.92,2.32,5.14,4.80,3.61,4.10,3.99,3.48,3.20,3.91,2.53,4.69,3.73,3.55,4.40,5.10,4.42,2.02,3.77,4.20,3.30,3.16,3.70,2.68,3.02,1.96,3.63,3.57,2.76,3.75,3.95,4.49,3.87,4.76,4.30,4.05,3.42,4.17,2.63,4.83,5.68,5.56,4.74,5,3.76,3.52,,4,3.25,3.28,2.93,4.05,5.30,5,4.28,4.40,3.46,3.30,2.50,0.80,-6.80,3.30,3.40,2.40,3.10,3.10,-4.80,2.10,3.90,4.70,3.50,3.50,4.20,4,3.90,4,3.40,3.30,3.10,5,4.70,4.90,4.50,4.30,4.40,3.90,4.70,3.50,3.20,4.30,4.50,5,5,4.60,3.80,4.30,3.20,4.60,4.80,4.40,3.50,4.70,4,3.90,3.80,3.10,4.80,3.90,4.90,5.40,4.80,5.30,4.60,4.50,3.50
2008-12-07 12:10,3.30,3.01,0.43,1.83,-0.30,3.26,2.72,3.10,-0.58,2.15,0.70,1.24,-1.49,1.20,0.48,-0.04,-0.25,-3.02,1.10,0.13,-1.90,-1.63,1.41,,4.07,3.49,2.87,1.36,3.57,0.70,2.42,3.25,-2.92,1.58,2.16,2.18,2.69,2.40,-0.30,2.97,-4.30,-5.47,-3.01,2.93,0.80,3.19,3,2.96,2.61,2.86,1.87,3.31,2.97,3.86,1.74,1.76,2.10,2.60,1.73,1.86,1.23,1.10,0.30,-2.85,0.51,-1.09,3.67,1.26,0.90,-0.71,1.37,1.86,3.73,1.03,2.07,5,4.70,3.58,3.70,3.93,3.49,3.20,3.88,2.47,4.69,3.70,3.45,4.50,5.14,4.50,2.06,3.97,4.23,3.40,3.31,3.58,2.82,3.06,2.09,3.68,3.54,2.87,3.74,4.04,4.52,3.70,4.90,4.30,4.04,3.49,4.17,2.61,4.83,5.51,5.40,4.65,5,3.85,3.57,,4,3.32,3.27,2.71,4.08,5.25,5,4.18,3.90,3.50,3.30,,0.80,-6.80,3.10,3.20,2.50,,,,,,,3.50,3.60,,4.10,4,4,3.48,,,,,,,,4.40,4,4.60,3.60,3.20,,,,,4.60,,4.20,3.30,4.60,4.80,4.40,,,4,,,3.10,,,4.80,5.40,4.80,5.30,4.60,4.50,
2008-12-07 12:20,3.40,3.11,0.50,1.95,-0.30,3.34,2.72,3.20,-0.64,2.19,0.64,1.14,-1.37,1.06,0.50,0.01,-0.29,-2.71,1.10,0.04,-1.83,-1.67,1.32,,4.02,3.56,2.99,1.37,3.67,1,2.35,3.08,-2.85,1.53,2.17,2.24,2.46,2.53,-0.29,3.05,-4.30,-5.46,-2.66,2.57,0.80,3.16,2.80,3.04,2.40,2.88,2.07,3.27,2.73,3.76,1.69,1.83,2.12,2.70,1.74,1.96,1.28,1.10,0.27,-3,0.49,-1.11,3.53,1.18,0.90,-0.69,1.29,1.95,3.78,0.91,1.69,4.78,4.70,3.45,3.40,4.09,3.51,3.20,3.81,2.53,4.73,3.56,3.38,4.50,5.06,4.60,1.95,4.15,4.36,3.50,3.38,3.65,2.79,3.12,2.19,3.64,3.65,2.92,3.71,3.96,4.58,3.69,4.90,4.30,3.86,3.47,4.11,2.76,4.90,5.41,5.29,4.55,4.90,3.89,3.62,,4,3.38,3.21,3.14,3.96,5.26,5.10,4,4.16,3.54,3.30,,0.70,-6.80,3.10,3.20,2.50,,,,,,,3.60,3.70,,4.10,4.10,4.10,3.47,,,,,,,,4.50,4,4.60,3.70,3.20,,,,,4.60,,4.20,3.30,4.50,4.90,4.40,,,4,,,3.10,,,4.80,5.40,4.80,5,4.70,4.50,
2008-12-07 12:30,3.50,3.25,0.46,2.17,-0.20,3.37,2.79,3.20,-0.67,2.27,0.64,1.23,-1.45,1.03,0.43,0.09,-0.31,-3.33,1.20,-0.05,-1.91,-1.63,1.40,,4.16,3.56,3.07,1.44,3.66,1.30,2.25,2.99,-2.93,1.64,2.18,2.20,2.41,2.54,-0.32,3.02,-4.20,-5.37,-2.92,2.36,0.70,3.23,2.70,2.92,2.21,2.88,2.08,3.20,2.78,3.75,1.70,1.84,2.25,2.70,1.86,2,1.41,1.10,0.26,-2.89,0.44,-1.13,3.52,0.97,0.90,-0.73,1.13,1.93,3.82,1.11,1.39,4.70,4.60,3.54,3.20,4.15,3.57,3.20,3.77,2.57,4.74,3.47,3.55,4.40,4.95,4.64,1.97,4.14,4.30,3.70,3.39,3.69,2.76,3.12,2.30,3.68,3.48,3.05,3.71,3.91,4.46,3.92,4.91,4.30,3.98,3.52,4.14,2.74,4.91,5.39,5.34,4.63,4.90,3.89,3.62,,4,3.35,3.24,2.86,3.92,5.23,5.10,4.08,4.31,3.36,3.30,,0.70,-6.80,3.20,3.10,2.50,,,,,,,3.70,3.70,,3.90,4.10,4.30,3.43,,,,,,,,4.50,4,4.50,3.80,3.30,,,,,4.70,,4.20,3.30,4.50,4.90,,,,4,,,3.20,,,4.80,5.40,4.80,4.80,4.70,4.50,
2008-12-07 12:40,3.60,3.25,0.42,2.39,-0.20,3.46,2.63,3.20,-0.66,2.27,0.60,1.34,-1.43,1.04,0.50,0.12,-0.40,-2.80,1.30,-0.11,-1.99,-1.58,1.41,,4.12,3.57,3.13,1.39,3.64,1.50,2.07,2.99,-2.91,1.56,2.17,2.21,2.44,2.49,-0.28,2.89,-4.30,-5.21,-2.82,2.27,0.60,3.28,2.50,2.88,2.30,2.77,1.86,3.20,2.75,3.77,1.84,1.80,2.34,2.60,2.01,2.08,1.43,1.10,0.34,-2.91,0.43,-1.17,3.42,0.63,0.80,-0.70,1.11,1.79,3.81,1.31,1.22,4.75,4.70,3.38,3,3.99,3.46,3.20,3.66,2.67,4.84,3.29,3.50,4.30,5.02,4.72,1.91,4.15,4.83,3.90,3.20,3.64,2.82,3.23,2.28,3.73,3.28,3.14,3.70,4.14,4.35,4.03,5.03,4.30,3.86,3.54,4.25,2.71,4.96,5.38,5.20,4.50,4.80,3.97,3.61,,4,3.25,3.25,2.85,3.79,5.19,5.20,4.07,3.97,3.32,3,,0.50,-6.80,3.20,2.90,2.50,,,,,,,3.70,3.70,,3.80,4.20,4.30,3.45,,,,,,,,4.50,4,4.40,3.80,3.20,,,,,4.70,,4.10,3.20,4.40,5,4.30,,,4,,,3.10,,,4.70,5.40,4.80,4.80,4.70,4.50,
2008-12-07 12:50,3.60,3.28,0.46,2.41,-0.20,3.51,1.84,3.20,-0.71,2.27,0.67,1.36,-1.39,1.08,0.53,0.14,-0.44,-3.01,1.20,-0.25,-1.98,-1.76,1.40,,4.03,3.57,3.14,1.44,3.66,1.60,2.15,3.14,-2.99,1.36,2.07,2.23,2.32,2.52,-0.39,2.83,-4.20,-5.33,-2.73,2.38,0.60,3.30,2.50,2.68,2.30,2.62,1.76,3.31,2.63,3.80,1.86,1.82,2.30,2.50,1.95,2.08,1.49,1.20,0.49,-2.96,0.39,-1.20,3.46,0.37,0.70,-0.77,1.13,1.51,3.91,1.46,1.33,4.82,4.60,3.37,3.10,3.96,3.47,3.20,3.68,2.57,4.78,3.21,3.46,4.30,5.01,4.72,1.89,4.19,4.62,4,3.32,3.65,2.91,3.27,2.43,3.77,3.24,3.07,3.73,4.07,4.38,3.94,5.01,4.40,3.64,3.68,4.33,2.75,4.94,5.29,5.13,4.39,4.70,4.05,3.51,,4,3.25,3.24,3.04,3.74,5.23,5.20,4.10,4.03,3.23,2.90,,0.40,-6.80,3.30,2.80,2.40,,,,,,,3.60,3.70,,3.70,4.20,4.20,3.37,,,,,,,,4.60,4.10,4.30,3.80,3.30,,,,,4.70,,4,3.10,4.40,5,4.20,,,4,,,3,,,4.60,5.40,4.70,4.80,4.80,4.30,
2008-12-07 13:00,3.60,3.37,0.47,2.47,-0.20,3.49,0.96,3,-0.63,2.24,0.63,1.37,-1.41,1.12,0.49,0.14,-0.41,-3.03,1.30,-0.32,-2.05,-1.56,1.42,,4.09,3.67,3.07,1.49,3.71,1.70,2.11,3.38,-2.85,1.38,1.92,2.26,2.32,2.45,-0.42,2.65,-4.30,-5.29,-2.67,2.31,0.60,3.50,2.60,2.58,2.32,2.31,1.87,3.34,2.57,3.77,1.79,1.94,2.24,2.50,2.14,2.21,1.53,1.20,0.52,-3.02,0.44,-1.21,3.64,0.31,0.60,-0.97,1.13,1.26,4,1.46,1.20,5.02,4.50,3.17,3.20,3.94,3.41,3.20,3.53,2.39,4.77,3.33,3.45,4.30,5.10,4.41,1.88,4.29,4.82,4.10,3.40,3.69,2.93,3.28,2.43,3.84,3.15,3.11,3.78,3.92,4.27,3.83,5.05,4.40,3.78,3.71,4.33,2.82,4.85,4.97,5.17,4.42,4.60,4.05,3.41,,4,3.06,3.23,3.14,3.67,5.22,5.30,4.16,3.95,3.12,2.70,2.60,0.40,-6.90,3.30,2.80,2.40,,2.30,-4.80,2.70,4.10,4,3.50,3.70,4.20,3.70,4.20,4.20,3.40,3.40,3,4.80,3.70,5.10,4.70,4.10,4.60,4.10,4.20,3.80,3.20,4.70,4.40,4.60,5,4.80,4.20,3.90,3.10,4.50,5,4.10,3.10,4.50,3.90,3.90,4.10,3,5,4.10,4.70,5.30,4.80,4.80,4.80,4,3.60
2008-12-07 13:10,3.60,3.43,0.51,2.45,-0.20,3.55,1.04,2.90,-0.71,2.33,0.66,1.39,-1.41,1.09,0.43,0.10,-0.34,-2.95,1.30,-0.27,-2.10,-1.93,1.43,,4.07,3.69,3.15,1.54,3.69,1.70,2.19,3.60,-2.82,1.30,1.89,1.95,2.44,2.49,-0.51,2.22,-4.30,-5.18,-2.82,2.42,0.60,3.52,2.50,2.49,2.35,2.24,1.68,3.19,2.57,3.74,1.78,1.96,2.24,2.60,1.97,2.19,1.55,1.20,0.47,-3.11,0.44,-1.08,3.67,0.32,0.60,-1.08,1.27,1.31,4.11,1.25,1.22,5,4.40,3.16,3.34,4.13,3.30,3.20,3.52,2.34,4.79,3.39,3.47,4.30,5.06,4.50,1.77,4.41,4.17,4.10,3.37,3.77,2.88,3.28,2.44,3.80,3.13,3.02,3.56,4,4.49,3.87,5.09,4.50,3.90,3.70,4.31,2.86,4.70,4.78,5.01,4.33,4.60,4.11,3.46,,3.90,2.99,3.26,2.96,3.66,5.15,5.30,4.17,3.90,3.08,2.40,,0.30,-6.90,3.30,2.80,2.30,,,,,,,3.60,3.60,,3.70,4.30,4.20,3.25,,,,,,,,4.60,4.20,4.20,3.80,3.20,,,,,4.80,,3.80,3,4.50,5,4.10,,,3.90,,,3,,,4.60,5.40,4.80,4.80,4.80,3.80,
2008-12-07 13:20,3.70,3.46,0.52,2.56,-0.20,3.39,1.24,2.60,-0.86,2.41,0.76,1.37,-1.34,1.08,0.66,0.11,-0.31,-2.98,1.30,-0.17,-2.17,-1.72,1.39,,4.11,3.70,3.23,1.53,3.69,1.80,2.25,3.50,-2.80,1.24,2.08,2.08,2.51,2.38,-0.62,2.20,-4.30,-5.24,-3.05,2.43,0.60,3.56,2.50,2.44,2.36,2.23,1.62,3.17,2.50,3.66,1.79,2,2.25,2.60,1.96,2.21,1.55,1.20,0.50,-3.14,0.52,-1.25,3.61,0.34,0.60,-1.13,1.16,1.18,4.30,1.32,1.20,4.88,4.40,3.11,3.47,4.09,3.25,3.20,3.51,2.37,4.82,3.43,3.50,4.20,5.08,4.48,1.86,4.45,4.54,4.30,3.39,3.83,2.92,3.33,2.42,3.88,3.12,3.03,3.59,3.99,4.38,4.01,5.03,4.60,3.91,3.60,4.33,2.90,4.54,4.75,5.12,4.21,4.50,4.05,3.40,,3.90,3.15,3.43,2.78,3.55,5.17,5.30,4.14,3.92,3.07,2.30,,0.30,-7,3.30,2.80,2.30,,,,,,,3.60,3.60,,3.60,4.30,4.20,3.28,,,,,,,,4.60,4.20,4.20,3.80,3.10,,,,,4.80,,3.70,3,4.60,5,4.10,,,3.90,,,2.90,,,4.50,5.40,4.70,4.80,4.80,3.70,
2008-12-07 13:30,3.70,3.47,0.41,2.61,-0.20,3.43,1.36,2.10,-0.96,2.43,0.54,1.26,-1.40,1.12,0.56,0.09,-0.23,-2.85,1.40,-0.25,-2.12,-1.71,1.41,,4.14,3.72,3.20,1.55,3.80,1.70,2.33,3.51,-2.71,1.28,2.11,1.99,2.53,2.38,-0.61,2.23,-4.30,-5.29,-3.31,2.44,0.70,3.63,2.40,2.41,2.20,2.18,1.64,3.11,2.56,3.57,1.81,1.97,2.26,2.70,2.14,2.28,1.55,1.20,0.54,-3.14,0.49,-1.24,3.53,0.35,0.60,-1.16,1.15,1.20,4.29,1.39,1.32,4.99,4.30,3.09,3.50,3.84,3.27,3.20,3.53,2.41,4.82,3.33,3.50,4.10,5,4.50,1.86,4.43,5.23,4.30,3.59,3.87,3.06,3.37,2.48,3.92,3.04,3.13,3.51,3.63,4.42,3.95,4.89,4.50,3.96,3.66,4.49,2.92,4.60,4.69,4.94,4.19,4.50,4.01,3.42,,3.90,3.15,3.35,2.89,3.43,5.06,5.30,4.02,3.82,2.92,2.20,,0.30,-7,3.50,2.70,2.30,,,,,,,3.50,3.60,,3.60,4.30,4.20,3.34,,,,,,,,4.50,4.20,4.20,3.70,2.90,,,,,4.80,,3.70,3,4.60,4.90,4,,,3.90,,,2.90,,,4.50,5.30,4.70,4.90,4.80,3.50,
2008-12-07 13:40,3.70,3.46,0.55,2.66,-0.20,3.31,1.57,2,-1.12,2.42,0.32,1.27,-1.39,0.98,0.52,0.03,-0.25,-2.83,1.40,-0.26,-2.19,-1.70,1.46,,4.18,3.69,3.23,1.54,3.76,1.80,2.34,3.48,-2.81,1.19,1.82,2.21,2.61,2.39,-0.65,2.10,-4.30,-5.37,-3.34,2.47,0.70,3.67,2.40,2.37,2.21,2.20,1.47,3.04,2.56,3.52,1.82,2.06,2.27,2.80,2.21,2.25,1.49,1.30,0.49,-3.06,0.48,-1.16,3.55,0.37,0.70,-1.13,1.10,1.19,4.32,1.35,1.46,4.92,4.20,3.10,3.52,3.98,3.33,3.20,3.55,2.46,4.81,3.43,3.41,4.20,5.03,4.44,1.79,4.33,4.61,4.40,3.76,3.92,3.07,3.42,2.57,3.83,3.03,3.09,3.23,3.29,4.38,4.02,4.84,4.60,3.89,3.61,4.36,2.89,4.40,4.60,4.92,4.22,4.40,4.05,3.47,,3.90,3.23,3.40,3.10,3.37,5.06,5.20,3.80,3.73,2.88,2.10,,0.40,-7.10,3.60,2.70,2.40,,,,,,,3.40,3.50,,3.60,4.30,4.20,3.48,,,,,,,,4.60,4.30,4.20,3.70,2.70,,,,,4.70,,3.80,3.10,4.60,4.90,4,,,4,,,2.80,,,4.50,5.30,4.70,4.90,4.70,3.40,
2008-12-07 13:50,3.70,3.41,0.41,2.65,-0.10,3.30,1.78,2.10,-1.10,2.22,0.18,1.34,-1.43,0.80,0.37,-0.12,-0.20,-3.13,1.30,-0.23,-2.23,-1.71,1.47,,4.13,3.75,3.28,1.42,3.76,1.80,2.35,3.47,-2.81,1.15,1.60,2.05,2.67,2.31,-0.67,2.03,-4.40,-5.36,-3.43,2.39,0.70,3.68,2.20,2.33,2.28,2.07,1.38,2.98,2.64,3.46,1.69,2.04,2.32,2.70,2.22,2.29,1.40,1.40,0.49,-2.98,0.49,-1.20,3.34,0.37,0.60,-1.03,1.06,1.04,4.27,1.40,1.49,4.93,4.10,3.06,3.56,4.08,3.26,3.20,3.54,2.50,4.68,3.27,3.38,4.30,5.05,4.44,1.77,4.21,5.02,4.50,3.73,3.95,3.18,3.46,2.56,3.80,3.03,3.05,3.18,3.16,4.35,4.11,4.76,4.60,3.78,3.57,4.44,2.93,4.53,4.62,4.83,4.12,4.30,4.13,3.46,,3.90,3.14,3.42,3.04,3.34,5.01,5.10,3.43,3.70,2.90,1.90,,0.40,-7.10,3.60,2.70,2.40,,,,,,,3.40,3.30,,3.50,4.30,4.20,3.34,,,,,,,,4.50,4.20,4.20,3.70,2.50,,,,,4.70,,3.70,3.10,4.60,4.90,3.90,,,4,,,2.80,,,4.50,5.30,4.60,4.90,4.70,3.30,
2008-12-07 14:00,3.80,3.39,0.50,2.62,-0.20,3.26,1.98,2.30,-1.03,2.12,0.05,1.21,-1.39,0.59,0.33,0.09,-0.19,-2.95,1.40,-0.21,-2.19,-1.73,1.43,,4.07,3.71,3.29,1.49,3.77,1.80,2.48,3.59,-2.72,1.13,1.43,1.58,2.75,2.18,-0.66,2.08,-4.50,-5.39,-3.53,2.34,0.70,3.74,2.30,2.33,2.13,2.09,1.34,3.02,2.60,3.46,1.62,1.90,2.29,2.60,2.18,2.26,1.40,1.30,0.51,-2.97,0.51,-1.09,3.31,0.40,0.60,-1.03,0.89,1,4.24,1.36,1.48,4.91,4.10,3.02,3.61,4.16,3.26,3.20,3.48,2.49,4.59,3.18,3.46,4.10,5.01,4.49,1.72,4.20,4.65,4.40,3.79,4.04,3.16,3.55,2.54,3.80,3.09,3.10,3.09,3.03,4.29,3.89,4.77,4.60,3.86,3.62,4.42,2.92,4.41,4.66,4.81,4.15,4.30,4.22,3.29,,3.80,3.24,3.38,3.02,3.36,4.79,5.10,3.07,3.39,2.55,1.90,2.60,0.40,-7.20,3.70,2.60,2.30,,2.70,-4.80,2.30,4.10,3.90,3.40,3.20,4.10,3.50,4.30,4.20,3.60,3.40,2.80,4.50,3.60,5.10,4.40,4,4.50,4.20,4.10,3.70,2.50,4.40,4.20,4.10,5,4.80,4.20,3.70,3.20,4.60,4.90,3.90,,4.30,4,3.80,,2.80,5.50,4.30,4.60,5.20,4.50,4.90,4.60,3.20,3.40
2008-12-07 14:10,3.70,3.46,0.44,2.63,-0.10,3.26,2.10,2.60,-0.90,1.95,0.20,1.02,-1.49,0.52,0.26,0.12,-0.21,-3.04,1.20,-0.09,-2.22,-1.96,1.49,,4.16,3.77,3.31,1.56,3.87,1.80,2.50,3.75,-2.67,1.23,1.40,1.48,2.91,2.02,-0.65,2.12,-4.50,-5.43,-3.46,2.44,0.80,3.63,2.40,2.27,2.32,1.88,1.50,3.17,2.58,3.11,1.58,1.88,2.25,2.60,2.18,2.25,1.36,1.40,0.46,-2.96,0.53,-1.10,3.29,0.56,0.70,-1.02,0.81,1.19,4.21,1.28,1.58,5.03,4.10,2.92,3.60,4.23,3.26,3.20,3.50,2.36,4.59,3.20,3.43,4.10,4.90,4.33,1.74,4.13,4.99,4.40,3.74,4.15,3.14,3.62,2.49,3.85,3.05,3.06,3,2.77,4.27,4,4.76,4.60,3.90,3.69,4.40,2.95,4.59,4.67,4.84,4.17,4.20,4.12,3.33,,3.80,3.31,3.34,2.75,3.37,4.55,5.10,2.58,2.98,2.15,1.80,,0.30,-7.20,3.70,2.60,2.20,,,,,,,3.40,3.30,,3.50,4.30,4.20,3.54,,,,,,,,4.40,4.20,4.10,3.70,2.50,,,,,4.80,,3.70,3.30,4.60,4.90,3.90,,,4,,,2.80,,,4.60,5.20,4.50,4.90,4.60,3.10,
2008-12-07 14:20,3.70,3.46,0.50,2.66,-0.10,3.26,2.26,2.80,-0.81,1.88,0.18,1.14,-1.38,0.47,0.20,0.14,-0.27,-2.98,1.30,-0.24,-2.21,-2.12,1.46,,4.05,3.80,3.24,1.54,3.89,1.90,2.54,3.70,-2.70,1.30,1.39,1.32,2.85,2.01,-0.64,2.19,-4.50,-5.56,-3.54,2.67,0.80,3.68,2.50,2.28,2.46,1.71,1.56,3.10,2.53,3.40,1.51,1.94,2.16,2.50,2.18,2.24,1.35,1.40,0.49,-3.01,0.53,-1.13,3.19,0.78,0.70,-1.04,0.75,1.47,3.90,1.37,1.62,4.98,4.10,2.88,3.60,4.08,3.23,3.20,3.66,2.38,4.46,3.26,3.49,4,4.82,4.29,1.60,4.11,3.71,4.50,3.96,4.31,3.14,3.51,2.61,3.84,3.02,2.92,2.91,2.73,4.18,3.97,4.68,4.60,4,3.79,4.48,3.03,4.49,4.48,4.66,4.01,4.10,4.15,3.37,,3.80,3.23,3.35,2.88,3.29,4.52,5.20,2.24,2.56,1.75,1.70,,0.40,-7.30,3.70,2.70,2,,,,,,,3.30,3.20,,3.50,4.20,4.10,3.57,,,,,,,,4.30,4.20,4.20,3.70,2.50,,,,,4.80,,3.70,3.30,4.50,4.90,3.90,,,4,,,2.80,,,4.50,5.20,4.40,4.90,4.50,3,
2008-12-07 14:30,3.60,3.18,0.55,2.65,-0.10,3.07,2.42,2.90,-0.84,1.95,0.25,1.15,-1.40,0.36,0.17,0.16,-0.19,-3.04,1.30,-0.28,-2.15,-1.83,1.39,,4.11,3.76,3.25,1.52,3.87,1.80,2.57,3.66,-2.67,1.41,1.47,1.22,2.57,1.81,-0.58,2.14,-4.50,-5.58,-3.35,2.55,0.80,3.71,2.60,2.24,2.29,1.68,1.54,3.17,2.63,3.49,1.36,1.94,2.04,2.30,2.29,2.20,1.19,1.40,0.48,-2.94,0.54,-1.10,2.97,0.87,0.60,-1.12,0.59,1.32,3.78,1.51,1.56,4.90,4.10,2.84,3.60,4.11,3.24,3,3.52,2.34,4.55,3.26,3.41,4.10,4.76,4.27,1.65,4.10,4.63,4.50,4.03,4.32,3.18,3.63,2.67,3.84,2.95,2.99,2.87,2.77,4.12,3.93,4.58,4.60,3.96,3.74,4.46,2.95,4.47,4.40,4.65,3.87,4,4.10,3.36,,3.80,3.11,3.39,3.03,3.16,4.52,5.10,2.04,2.35,1.51,1.70,,0.40,-7.30,3.80,2.70,2,,,,,,,3.30,3.20,,3.50,4.10,4,3.60,,,,,,,,4.30,4.20,4.20,3.70,2.50,,,,,4.80,,3.70,3.30,4.60,4.80,3.80,,,4,,,2.90,,,4.50,5.10,4.40,4.90,4.50,2.90,
2008-12-07 14:40,3.60,2.90,0.60,2.51,-0.10,2.94,2.54,2.90,-0.78,2.04,0.27,1.11,-1.49,0.35,0.14,0.14,-0.32,-2.90,1.20,-0.19,-2.16,-2.17,1.38,,4.13,3.68,3.25,1.49,3.86,1.70,2.52,3.65,-2.83,1.37,1.48,1.34,2.71,1.84,-0.54,1.98,-4.50,-5.67,-3.42,2.65,0.80,3.76,2.60,2.33,2.29,1.80,1.68,3.29,2.58,3.44,1.38,1.85,2.04,2.30,2.34,2.28,1.12,1.40,0.48,-2.95,0.58,-1.05,2.85,0.90,0.50,-1.18,0.55,0.92,3.84,1.42,1.52,4.79,4,2.82,3.60,4.03,3.20,2.90,3.47,2.36,4.55,3.15,3.17,4.10,4.70,4.38,1.40,4.17,4.53,4.50,3.93,4.28,3.19,3.73,2.72,3.76,2.98,2.96,2.81,2.51,4,3.91,4.59,4.60,3.97,3.85,4.47,2.97,4.51,4.43,4.66,3.84,3.90,4.07,3.39,,3.80,3.13,3.45,3.01,3.14,4.46,5.10,1.86,2.13,1.34,1.60,,0.40,-7.30,3.90,2.70,2,,,,,,,3.30,3.20,,3.60,4.10,4,3.66,,,,,,,,4.20,4.20,4.20,3.60,2.50,,,,,4.70,,3.70,3.40,4.50,4.80,3.70,,,4.10,,,2.90,,,4.50,5.10,4.30,4.80,4.40,2.80,
2008-12-07 14:50,3.50,2.75,0.64,2.39,-0.10,2.98,2.60,2.80,-0.61,2.10,0.35,1.06,-1.54,0.34,0.07,0.10,-0.46,-3,1,-0.20,-2.19,-1.61,1.31,,3.99,3.54,3.30,1.51,3.83,1.70,2.36,3.55,-2.70,1.24,1.44,1.46,2.56,1.99,-0.65,1.93,-4.40,-5.55,-3.42,2.85,0.80,3.68,2.60,2.37,2.38,2.15,1.74,3.17,2.58,3.46,1.36,1.76,2.01,2.30,2.24,2.35,1.14,1.30,0.49,-2.93,0.57,-1.04,2.73,0.99,0.50,-1.11,0.51,0.87,3.72,1.42,1.53,4.74,4,2.77,3.60,3.92,3.19,2.80,3.46,2.42,4.53,3.25,3.11,4.10,4.71,4.39,1.38,4.07,4.12,4.60,4.12,4.34,3.19,3.66,2.72,3.77,2.88,2.94,2.74,2.46,4.06,3.89,4.51,4.60,3.95,3.87,4.51,3.03,4.54,4.29,4.63,3.69,3.90,4.07,3.43,,3.80,3.32,3.46,2.88,3.06,4.40,5.10,1.61,2.19,1.40,1.50,,0.40,-7.40,3.80,2.80,2,,,,,,,3.30,3.20,,3.60,4.20,4,3.73,,,,,,,,4.10,4.30,4.20,3.60,2.50,,,,,4.70,,3.70,3.40,4.40,4.80,3.60,,,4.10,,,3,,,4.50,5.10,4.20,4.80,4.30,2.70,
2008-12-07 15:00,3.40,2.65,0.61,1.99,-0.20,3.19,2.66,2.80,-0.64,2.10,0.33,1.02,-1.55,0.38,0.13,0.18,-0.52,-3.19,0.90,-0.26,-2.12,-1.85,1.25,,4.04,3.47,3.25,1.49,3.84,1.70,2.44,3.38,-2.78,1.12,1.56,1.37,2.56,2.01,-0.59,2.19,-4.40,-5.51,-3.44,2.93,0.80,3.63,2.70,2.43,2.48,2.30,1.77,3.25,2.61,3.43,1.30,1.78,2.03,2.20,2.13,2.28,1.16,1.40,0.44,-2.91,0.49,-0.95,2.57,1.04,0.60,-1.08,0.45,0.82,3.73,1.40,1.62,4.47,4,2.78,3.40,3.87,3.19,2.70,3.63,2.49,4.57,3.27,3.08,4,4.65,4.42,1.40,4.08,4.03,4.50,4.24,4.26,3.21,3.77,2.76,3.76,2.95,2.94,2.65,2.58,4.06,3.93,4.59,4.60,3.92,3.83,4.52,3.10,4.48,4.24,4.45,3.58,3.90,4.06,3.37,,3.80,3.42,3.48,2.85,3.05,4.32,5,1.28,2.15,1.48,1.40,2,0.30,-7.40,3.70,2.90,2,2.90,2.20,-5,2.40,4,3.90,3.30,3.20,4.10,3.60,4.20,3.90,3.80,3.30,2.30,3.80,1.90,4,4,3.80,4,4.20,4.20,3.60,2.60,4.30,4,3.60,4.40,4.70,4.20,3.70,3.50,4.30,4.70,3.50,,4,4,3.10,4.10,3,5.50,4.50,4.50,5.10,4,4.80,4.10,2.60,1.90
2008-12-07 15:10,3.30,2.62,0.51,1.81,-0.30,3.11,2.62,2.60,-0.65,2.20,0.35,1.03,-1.53,0.41,0.06,0.18,-0.60,-3.24,0.80,-0.24,-2.21,-1.64,1.21,,4.09,3.42,3.18,1.45,3.80,1.90,2.57,3.30,-2.87,1,1.67,1.40,2.45,2.03,-0.61,1.91,-4.50,-5.61,-3.43,2.62,0.70,3.68,2.70,2.49,2.52,2.42,1.77,3.28,2.58,3.45,1.41,1.70,2.05,2.10,2.04,2.17,1.13,1.40,0.38,-2.89,0.56,-1.01,2.36,0.95,0.50,-1,0.44,0.79,3.51,1.32,1.64,3.76,3.90,2.84,3.30,3.89,3.05,2.70,3.72,2.39,4.56,3.14,3.12,4,4.67,4.22,1.33,4.05,4.20,4.40,4.14,4.33,3.21,3.81,2.75,3.77,3.05,2.94,2.54,2.50,4.05,3.98,4.49,4.50,3.95,3.95,4.49,3.07,4.56,4.17,4.58,3.54,3.80,4.04,2.92,,3.80,3.45,3.42,2.98,3.10,4.25,5,1.07,2.08,1.61,1.40,,0.30,-7.40,3.70,3,2,,,,,,,3.30,3.20,,3.60,4.20,3.90,3.82,,,,,,,,4.10,4.20,4.20,3.60,2.60,,,,,4.70,,3.70,3.50,4.30,4.70,,,,4,,,3.10,,,4.50,5.10,4,4.80,4.10,2.50,
2008-12-07 15:20,3.30,2.54,0.52,1.74,-0.40,3.09,2.59,2.50,-0.62,2.18,0.33,1.04,-1.57,0.37,0.17,0.10,-0.59,-3.36,0.60,-0.20,-1.99,-1.63,1.21,,4.13,3.46,3.08,1.45,3.77,1.80,2.48,3.32,-2.83,1.14,1.47,1.40,2.26,1.98,-0.77,2,-4.40,-5.66,-3.42,2.49,0.60,3.62,2.70,2.53,2.68,2.51,1.70,3.26,2.64,3.42,1.38,1.64,2.11,2.20,2.05,2.03,1.23,1.40,0.36,-2.91,0.47,-0.88,2.29,0.91,0.50,-1.08,0.41,0.78,3.44,1.29,1.68,3.67,4,2.79,3.20,3.99,2.90,2.70,3.57,2.33,4.56,3.11,3.16,3.90,4.67,4.32,1.40,3.97,4.39,4.40,4.23,4.36,3.20,3.96,2.77,3.79,3.08,2.93,2.41,2.56,3.90,3.94,4.40,4.60,3.87,3.95,4.46,3.04,4.51,4.12,4.48,3.34,3.70,4.03,2.71,,3.70,3.28,3.48,3.07,3,4.19,4.60,0.99,2.15,1.61,1.30,,0.30,-7.40,3.70,3,2,,,,,,,3.30,3.20,,3.60,4.20,3.80,3.83,,,,,,,,4.10,4.20,4.20,3.60,2.60,,,,,4.50,,3.70,3.50,4.20,4.60,3.40,,,4,,,3.10,,,4.50,5.20,3.90,4.70,4.10,2.40,
2008-12-07 15:30,3.10,2.47,0.38,1.65,-0.40,3.13,2.52,2.50,-0.57,2.30,0.27,1.07,-1.60,0.38,0.18,0.17,-0.60,-3.24,0.50,-0.29,-2.12,-1.90,0.92,,4.14,3.43,3.13,1.39,3.74,1.80,2.46,3.31,-2.83,1.19,1.30,1.32,2.26,1.85,-0.78,1.98,-4.40,-5.59,-3.41,2.56,0.50,3.58,2.70,2.54,2.64,2.69,1.73,3.29,2.72,3.36,1.38,1.61,2.15,2.20,1.97,2.06,1.17,1.30,0.44,-2.99,0.43,-1.03,2.27,0.90,0.50,-1.15,0.40,0.81,3.33,1.29,1.68,3.82,4,2.73,3.20,3.96,2.89,2.80,3.55,2.32,4.66,3.29,3.15,3.90,4.63,4.31,1.47,3.84,4.08,4.40,4.38,4.45,3.24,4,2.84,3.79,3.07,2.89,2.37,2.52,3.95,3.79,4.21,4.50,3.96,3.96,4.50,3.06,4.41,4.21,4.47,3.27,3.50,3.94,2.52,,3.70,3.23,3.52,3.14,3.06,4.13,4.60,0.99,2.25,1.55,1.20,,0.20,-7.40,3.60,3,2,,,,,,,3.20,3.20,,3.60,4.20,3.80,3.86,,,,,,,,4,4.20,4.20,3.50,2.70,,,,,4.30,,3.60,3.50,4.20,4.60,3.30,,,4,,,3.10,,,4.50,5.20,3.90,4.70,4.10,2.40,
2008-12-07 15:40,3,2.59,0.47,1.50,-0.50,3.01,2.45,2.60,-0.67,2.36,0.29,1.18,-1.60,0.35,0.18,-0.03,-0.59,-3.16,0.50,-0.44,-2.03,-1.94,0.82,,4.10,3.35,3.20,1.50,3.77,1.90,2.49,3.25,-2.96,1.25,1.06,1.02,2.31,1.65,-0.76,1.96,-4.40,-5.56,-3.57,2.70,0.40,3.63,2.70,2.63,2.58,2.61,1.70,3.36,2.77,3.36,1.46,1.60,2.26,2.20,2.02,2.11,1.17,1.30,0.42,-2.99,0.43,-1.05,2.28,0.76,0.30,-1.18,0.34,0.73,3.31,1.22,1.66,3.97,4,2.74,3.10,3.88,3.03,2.80,3.54,2.32,4.59,3.30,3.04,3.70,4.63,4.18,1.49,3.77,4.40,4.30,4.33,4.54,3.27,3.94,2.87,3.78,3.01,2.98,2.16,2.52,3.86,3.65,4.06,4.40,3.92,4,4.40,2.94,4.26,4.11,4.43,3.12,3.50,3.91,2.41,,3.70,3.22,3.44,3.16,3.23,4.04,4.50,0.89,2.31,1.38,1.10,,0.10,-7.50,3.50,3,2.10,,,,,,,3.20,3.20,,3.60,4.10,3.90,3.82,,,,,,,,3.80,4.20,4.20,3.40,2.80,,,,,4.20,,3.70,3.40,4.10,4.50,3.30,,,4,,,3.10,,,4.60,5.10,3.90,4.60,4.10,2.30,
2008-12-07 15:50,3.10,2.56,0.46,1.37,-0.50,2.81,2.33,2.60,-0.78,2.39,0.18,1.17,-1.73,0.30,0.08,-0.12,-0.58,-3.15,0.40,-0.62,-2.01,-1.87,0.79,,4.07,3.28,3.09,1.38,3.73,1.80,2.49,3.16,-3.04,1.21,0.99,0.69,2.22,1.21,-0.87,1.79,-4.50,-5.44,-3.55,2.57,0.30,3.62,2.70,2.56,2.71,2.52,1.60,3.43,2.69,3.36,1.54,1.67,2.11,2.20,2.02,2.10,1.09,1.30,0.41,-3,0.40,-1.05,2.08,0.67,0.20,-1.22,0.21,0.72,3.19,1.22,1.60,4.04,3.90,2.77,3.20,4,3.09,2.90,3.57,2.24,4.58,3.31,3.02,3.80,4.66,4.10,1.47,3.82,4.08,4.30,4.20,4.45,3.30,3.90,2.90,3.76,3,3,2,2.39,3.72,3.65,3.77,4.50,4.03,4.04,4.40,3.01,4.30,4.09,4.42,2.98,3.40,3.77,2.42,,3.70,3.29,3.44,3.01,3.14,3.99,4.50,1.23,2.20,1.42,1,,-0.10,-7.50,3.60,3,2.10,,,,,,,3.10,3.20,,3.60,4.10,3.80,3.90,,,,,,,,3.70,4.20,4.20,3.30,2.80,,,,,4.20,,3.70,3.50,4.10,4.50,3.30,,,4,,,3,,,4.60,5.10,3.80,4.60,3.90,2.10,
2008-12-07 16:00,3,2.46,0.55,1.47,-0.60,2.87,2.30,2.60,-0.78,2.40,0.03,1.12,-1.69,0.25,0.04,-0.15,-0.52,-3.17,0.40,-0.66,-2.02,-1.98,0.73,,4.11,3.29,3.07,1.33,3.65,1.80,2.54,3.37,-3.05,1.23,1.07,0.69,2.22,1.06,-0.94,2.05,-4.60,-5.45,-3.49,2.63,0.20,3.62,2.80,2.63,2.64,2.52,1.65,3.43,2.59,3.38,1.53,1.75,2.05,2.20,2.02,2.05,1.19,1.20,0.40,-2.93,0.35,-1.05,1.89,0.57,0,-1.26,0.11,0.85,3.08,1.22,1.49,3.86,3.70,2.78,3.10,3.72,3.05,2.90,3.79,2.24,4.65,3.24,3.11,3.90,4.60,4.12,1.36,3.85,3.86,4.20,4.32,4.37,3.34,3.83,2.94,3.72,3.13,3.14,1.97,2.14,3.67,3.48,3.55,4.40,4,4,4.50,3.01,4.18,4.03,4.47,2.97,3.40,3.88,2.16,,3.70,3.38,3.46,3.03,3.18,3.96,4.40,1.09,2.03,1.49,0.90,1.80,-0.20,-7.50,3.70,3.10,2.10,3.10,1.80,-5.20,2.60,3.80,3.60,3.10,3.30,4,3.60,4,3.60,4.20,3.30,2.30,3.50,1.60,3.70,3.50,3.70,3.70,4.20,4.10,3.30,2.80,4.30,3.90,3.70,4.10,4.20,4.30,3.70,3.50,4,4.30,3.20,1.40,3.50,4,2.30,,3.10,4.60,4.30,4.60,5,3.80,4.50,3.70,1.90,1.60
2008-12-07 16:10,3,2.42,0.52,1.47,-0.60,2.92,2.36,2.60,-0.73,2.26,0.30,1.16,-1.69,0.25,0.16,-0.11,-0.50,-3.21,0.30,-0.75,-2.07,-2.09,0.77,,4.02,3.25,3.21,1.34,3.63,1.80,2.59,3.46,-3.08,1.09,1.10,0.63,2.32,1.13,-1.03,2.12,-4.60,-5.48,-3.59,2.64,0.10,3.51,2.90,2.56,2.52,2.54,1.47,3.36,2.62,3.45,1.57,1.76,2.11,2.30,2.05,2.09,1.12,1.20,0.33,-3,0.38,,2.15,0.45,0,-1.53,0.19,0.97,2.91,1.25,1.50,3.63,3.70,2.74,3.09,3.76,3.10,3.16,3.76,2,4.53,3.27,3.09,3.90,4.64,4.09,1.47,3.81,3.93,4.10,4.31,4.36,3.30,3.94,3.01,3.71,3.07,3.18,1.97,1.95,3.55,3.42,3.38,4.40,3.94,4.07,4.41,3.01,4.10,4.08,4.45,3.02,3.40,3.82,1.93,,3.30,3.41,3.44,2.80,3.19,3.91,4.20,1.18,1.93,1.50,0.80,,-0.30,-7.60,3.60,3.10,2.10,,,,,,,3.10,3.30,,3.60,4,3.60,3.99,,,,,,,,3.60,4.20,4,3.30,2.80,,,,,4.20,,3.70,3.50,4,4.30,3.20,,,4,,,3.10,,,4.40,4.90,3.80,4.50,3.70,1.70,
2008-12-07 16:20,3.10,2.47,0.47,1.33,-0.60,2.92,2.28,2.60,-0.75,2.20,0.33,1.27,-1.70,0.16,0.13,-0.13,-0.51,-3.31,0.30,-0.76,-2.16,-2.30,0.61,,3.91,3.25,3.17,1.34,3.61,1.80,2.54,3.60,-3.11,1.21,1.45,0.67,2.38,1.14,-1.08,2.18,-4.60,-5.55,-3.70,2.66,0.10,3.36,2.80,2.54,2.52,2.53,1.61,3.43,2.76,3.50,1.60,1.75,2.10,2.30,2.05,2.16,1.10,1.20,0.31,-3.08,0.37,,2.09,0.42,0,-1.88,0.27,0.72,2.87,1.16,1.47,3.59,3.60,2.75,3.10,3.84,3.13,3.09,3.71,2.08,4.46,3.39,3.14,3.90,4.60,4.12,1.53,3.78,4.47,4.20,4.32,4.36,3.25,3.99,3.01,3.74,3.02,3.18,2.03,2.03,3.63,3.45,3.07,4.40,3.90,4.07,4.41,2.91,4.06,4.09,4.35,2.78,3.40,3.79,1.96,,3.10,3.43,3.55,3.13,3.09,3.90,4.20,1.34,2.07,1.45,0.70,,-0.40,-7.60,3.60,3.10,2.10,,,,,,,3.10,3.40,,3.60,4.10,3.70,4,,,,,,,,3.80,4.10,4,3.30,2.80,,,,,4.20,,3.70,3.50,3.90,4.40,,,,4,,,3.10,,,4.30,4.90,3.80,4.50,3.60,1.50,
2008-12-07 16:30,3.10,2.43,0.30,1.16,-0.60,3,2.24,2.50,-0.75,1.90,0.39,1.43,-1.60,0.19,0.07,-0.13,-0.47,-3.37,0.30,-0.86,-2.24,-2.30,0.61,,4.03,3.33,3.08,1.27,3.68,1.70,2.51,3.51,-3.22,1.30,1.49,0.79,2.22,1.22,-1.04,1.95,-4.70,-5.66,-3.82,2.56,0.10,3.30,2.80,2.61,2.33,2.54,1.57,3.75,2.81,3.62,1.62,1.75,2.08,2.40,2.19,2.15,1.09,1.20,0.44,-3.05,0.32,,2.08,0.40,-0.10,-2.16,0.13,0.66,2.92,1.24,1.60,3.78,3.30,2.78,3.20,3.73,3,2.80,3.82,2.06,4.42,3.27,3.22,3.90,4.56,4.02,1.38,3.82,4.03,4.10,4.07,4.33,3.19,3.90,3.10,3.71,3.04,3.26,2.03,1.96,3.57,3.49,2.97,4.30,3.91,4.11,4.50,2.93,4.08,4.08,4.49,2.53,3.40,3.73,1.83,,3,3.52,3.47,2.94,3.04,3.91,4.10,1.31,1.75,1.15,0.60,,-0.40,-7.60,3.70,3.20,2.10,,,,,,,3,3.40,,3.60,4,3.70,4.06,,,,,,,,4,4,4,3.30,2.80,,,,,4.20,,3.70,3.50,3.70,4.40,3.20,,,4,,,3.20,,,4.20,4.80,3.80,4.40,3.50,1.50,
2008-12-07 16:40,3.10,2.46,0.28,1.02,-0.60,2.91,2.28,2.50,-0.79,1.86,0.35,1.49,-1.56,0.26,0.12,-0.07,-0.44,-3.42,0.30,-0.91,-2.40,-2.44,0.64,,3.93,3.29,3.12,1.31,3.70,1.80,2.63,3.46,-3.32,1.34,1.50,0.87,2.28,1.22,-1.09,2.09,-4.70,-5.68,-3.81,2.70,0,3.36,2.80,2.61,2.56,2.61,1.52,3.78,2.83,3.63,1.68,1.83,2.07,2.40,2.26,2.09,1.15,1.20,0.30,-2.99,0.26,,2.14,0.41,-0.20,-2.30,0.11,0.58,2.83,1.23,1.48,3.77,3.40,2.66,3.10,3.57,3.03,2.90,3.69,2.05,4.52,3.26,3.24,3.90,4.50,4.15,1.34,3.80,4.19,4,4.05,4.21,3.18,3.97,3.11,3.70,2.97,3.21,2.05,1.87,3.39,3.41,2.96,4.40,3.92,4,4.44,2.94,4.09,3.98,4.38,2.49,3.40,3.75,1.64,,3,3.50,3.40,3.01,2.99,3.79,4.10,1.21,1.58,0.83,0.50,,-0.40,-7.70,3.50,3.10,2.20,,,,,,,2.90,3.30,,3.70,4,3.60,4.04,,,,,,,,4,3.90,4,3.30,2.80,,,,,4.10,,3.70,3.60,3.50,4.40,3.10,,,4,,,3.20,,,4.10,4.70,3.70,4.50,3.40,1.70,
2008-12-07 16:50,3.10,2.46,0.35,0.82,-0.60,2.91,2.20,2.50,-0.80,1.97,0.34,1.43,-1.56,0.34,0.07,-0.13,-0.44,-3.30,0.30,-0.86,-2.41,-2.22,0.61,,3.95,3.30,3.14,1.39,3.68,1.70,2.58,3.32,-3.15,1.33,1.76,0.86,2.32,1.21,-1.08,2.22,-4.70,-5.76,-3.88,2.67,0.10,3.38,2.80,2.60,2.55,2.64,1.59,3.83,2.93,3.67,1.60,1.84,2.13,2.40,2.13,2.08,1.28,1.30,0.35,-2.86,0.37,,2.20,0.38,-0.20,-2.27,0.12,0.49,2.80,1.20,1.34,3.61,3.40,2.55,3.10,3.55,3.07,2.90,3.76,2.01,4.57,3.21,3.24,3.90,4.42,4.01,1.43,3.93,3.88,4.10,4.02,4.19,3.08,3.91,3.08,3.74,2.99,3.15,2.13,1.69,3.50,3.38,2.85,4.30,3.91,4.04,4.38,2.86,3.97,3.87,4.20,2.12,3.30,3.79,1.31,,2.90,3.59,3.34,3.09,2.89,3.70,4.10,1.22,1.47,0.76,0.40,,-0.40,-7.70,3.40,3.10,2.20,,,,,,,3,3.40,,3.60,4,3.60,3.98,,,,,,,,3.90,3.90,4,3.30,2.80,,,,,4,,3.70,3.60,3.50,4.40,3.10,,,4.10,,,3.20,,,4.10,4.70,3.70,4.50,3.30,1.80,
2008-12-07 17:00,3.10,2.58,0.27,0.70,-0.60,3.07,2.17,2.50,-0.85,1.99,0.37,1.37,-1.63,0.36,0.08,-0.28,-0.47,-3.34,0.20,-0.83,-2.50,-2.20,0.61,,3.92,3.33,3.11,1.35,3.77,1.70,2.41,3.35,-3.20,1.08,1.63,1.01,2.28,1.19,-1.02,1.97,-4.80,-5.81,-3.96,2.60,0,3.29,2.80,2.59,2.41,2.62,1.74,3.94,2.98,3.73,1.67,1.91,2.22,2.50,2.24,2.10,1.23,1.30,0.50,-2.77,0.35,,2.21,0.42,-0.20,-2.30,0.23,0.77,2.77,1.27,1.36,3.66,3.40,2.49,3.20,3.50,3.04,2.90,3.80,1.97,4.49,3.14,3.25,3.90,4.35,4.19,1.54,3.69,3.98,4,3.98,4.27,3.11,3.96,3.09,3.72,3,3.14,2.09,1.63,3.41,3.39,2.95,4.20,3.87,4.15,4.28,2.86,3.89,3.84,4.19,1.88,3.30,3.71,0.94,,2.70,3.63,2.66,2.96,2.78,3.68,4,1.15,1.49,0.64,0.30,1.90,-0.40,-7.70,3.50,3.20,2.30,3.30,1.50,-5.60,2.50,3.90,3.40,3,3.30,3.90,3.60,4,3.70,4.20,3.30,2.50,2.90,2.50,3.50,3.60,3.50,3.90,3.80,4,3.30,2.80,4.20,3.70,3.50,3.10,4,4.30,3.70,3.60,3.50,4.10,3,0.20,2.50,4,2,4,3.20,4.50,3.80,4.10,4.70,3.60,4.50,3.20,1.80,1.10
2008-12-07 17:10,3.20,2.69,0.42,0.90,-0.70,3.13,2.26,2.60,-0.86,2.08,0.51,1.36,-1.62,0.43,0.21,-0.24,-0.46,-3.29,0.20,-0.86,-2.49,-2.34,0.64,,3.96,3.23,3.08,1.23,3.67,1.70,2.28,3.49,-3.11,0.99,1.52,0.97,2.13,1.25,-0.99,1.92,-4.80,-5.88,-4.04,2.47,0,3.24,2.80,2.61,2.38,2.49,1.76,3.88,3.04,3.82,1.76,1.91,2.33,2.60,2.18,2.14,1.22,1.30,0.50,-2.82,0.40,,2.16,0.30,-0.20,-2.35,0.25,0.60,2.72,1.27,1.36,3.76,3.30,2.48,3.30,3.43,3.03,2.80,3.64,2.07,4.46,3.22,3.14,4,4.27,4.12,1.62,3.73,4.42,4,3.96,4.27,3.04,3.88,3.17,3.78,3.01,3.15,1.98,1.63,3.28,3.34,3.26,4.20,3.88,4.16,4.38,2.89,3.87,3.86,4.21,1.92,3.20,3.61,0.74,,2.60,3.57,2.27,2.92,2.67,3.66,4,1.02,1.52,0.61,0.20,,-0.40,-7.70,3.50,3,2.40,,,,,,,3,3.40,,3.60,4,3.70,3.90,,,,,,,,3.80,3.60,4,3.30,2.80,,,,,4,,3.70,3.60,3.50,4.10,,,,4,,,3.30,,,4,4.60,3.60,4.50,3.20,1.80,
2008-12-07 17:20,3.10,2.79,0.45,1.35,-0.60,3.11,2.21,2.70,-0.88,2.16,0.47,1.45,-1.68,0.31,0.10,-0.25,-0.40,-3.46,0.20,-0.89,-2.46,-2.51,0.54,,4.04,3.26,3.03,1.20,3.65,1.70,2.27,3.51,-3.08,0.91,1.33,0.93,2,1.30,-1.06,1.96,-4.80,-5.85,-4.11,2.43,0,3.25,2.70,2.62,2.39,2.51,1.63,3.98,3.15,3.89,1.81,1.92,2.46,2.60,2.13,2.20,1.21,1.30,0.54,-2.91,0.43,,2.11,0.46,-0.30,-2.34,0.16,0.71,2.62,1.16,1.41,3.65,3.20,2.30,3.10,3.56,3.08,2.80,3.66,1.97,4.45,3.26,3.16,4,4.21,4.02,1.58,3.73,3.52,4,4.03,4.10,3.01,3.91,3.20,3.77,2.97,3.15,2.09,1.61,3.12,3.38,3.40,4.10,3.95,4.18,4.50,2.91,3.72,3.84,4.20,2.04,3.30,3.45,0.56,,2.50,3.55,2.24,3.16,2.40,3.61,4,1.29,1.26,0.55,0.20,,-0.30,-7.80,3.50,2.90,2.50,,,,,,,3.10,3.40,,3.60,4,3.70,3.84,,,,,,,,3.70,3.70,4,3.30,2.80,,,,,4,,3.60,3.60,3.60,3.90,3,,,4,,,3.30,,,4.10,4.60,3.60,4.50,3.10,1.70,
2008-12-07 17:30,3.10,2.81,0.58,1.50,-0.60,3.05,2.20,2.60,-0.94,,0.50,1.31,-1.67,0.30,0.12,-0.16,-0.50,-3.55,0.20,-0.83,-2.45,-2.32,0.45,,4.08,3.27,3.06,1.13,3.63,1.80,2.06,3.40,-3.13,0.64,1.26,1.08,1.89,1.45,-1.03,1.99,-4.80,-5.79,-4.03,2.48,0,3.36,2.60,2.44,2.35,2.37,1.59,4.08,3.15,3.92,1.81,1.89,2.61,2.60,2.15,2.31,1.30,1.30,0.61,-2.79,0.38,,1.89,0.39,-0.30,-2.34,0.28,0.58,2.54,1.19,1.54,3.63,3.10,2.23,2.90,3.67,3.07,2.70,3.69,1.91,4.41,3.08,3.32,4,4.32,3.98,1.53,3.76,3.33,3.90,4.03,4.09,3.09,3.99,3.15,3.78,3.02,3.12,2.07,1.65,3.11,3.45,3.44,4.10,4.21,4.16,4.35,3.01,3.55,3.83,4.18,2.02,3.30,3.53,0.33,,2.40,3.43,2.08,3.11,2.31,3.46,3.90,1.17,1.04,0.22,0.20,,-0.30,-7.80,3.50,2.90,2.50,,,,,,,3.10,3.30,,3.60,4,3.70,3.77,,,,,,,,3.60,3.60,4,3.40,2.80,,,,,4,,3.60,3.60,3.70,3.60,2.90,,,3.90,,,3.30,,,4.10,4.50,3.60,4.50,3,1.70,
2008-12-07 17:40,3.30,2.82,0.68,1.70,-0.50,2.91,2.24,2.70,-0.99,,0.52,1.31,-1.82,0.34,0.20,-0.18,-0.55,-3.58,0.30,-0.94,-2.41,-2.15,0.49,,4.01,3.27,3.06,1.10,3.56,1.70,2.01,3.45,-3.14,0.74,1.08,1.09,1.81,1.39,-1.03,1.91,-4.80,-5.77,-4.04,2.62,0,3.39,2.70,2.11,2.22,2.09,1.66,4.02,3.11,3.95,1.84,1.86,2.69,2.60,2.39,2.31,1.45,1.40,0.58,-2.89,0.43,,2.16,0.29,-0.30,-2.47,0.09,0.59,2.41,0.84,1.46,3.65,3.10,2.15,2.90,3.44,3.05,2.60,3.58,2.07,4.35,3.11,3.21,4,4.29,3.96,1.62,3.72,3.63,3.90,4.02,4.06,3.21,3.97,3.16,3.79,2.94,3.16,2.05,1.78,3.15,3.37,3.38,4.10,4.06,4.20,4.36,3.01,3.35,3.63,4.08,1.99,3.30,3.44,0.22,,2.20,3.57,1.96,3.09,1.90,3.43,3.80,1.12,0.79,-0.10,0.20,,-0.30,-7.80,3.40,2.90,2.60,,,,,,,3.10,3.30,,3.70,4,3.70,3.76,,,,,,,,3.60,3.60,4,3.30,2.80,,,,,4,,3.60,3.70,3.60,3.60,2.80,,,3.90,,,3.30,,,4.10,4.50,3.50,4.40,3,1.60,
2008-12-07 17:50,3.20,2.84,0.69,1.85,-0.50,2.92,2.25,2.60,-1,,0.47,1.35,-1.84,0.34,0.18,-0.11,-0.49,-3.64,0.20,-0.80,-2.44,-2.21,0.43,,4.07,3.30,3.07,1.06,3.56,1.70,2.09,3.44,-3.19,0.87,0.97,0.95,1.68,1.30,-1,1.92,-4.70,-5.75,-3.91,2.33,0.10,3.34,2.70,2.23,2.23,1.90,1.50,3.99,3.09,3.93,1.92,1.95,2.80,2.70,2.33,2.26,1.66,1.40,0.58,-2.76,0.46,,2.08,0.32,-0.40,-2.45,0.08,0.54,2.38,0.85,1.43,3.68,3,2.04,2.80,3.63,2.98,2.70,3.56,1.98,4.36,3.21,3.29,4,4.28,4.05,1.62,3.72,3.62,3.90,3.96,4.03,3.24,3.97,3.12,3.83,2.96,3.15,2.09,1.79,3.11,3.14,3.37,4,4,4.18,4.51,2.99,3.20,3.76,4.06,1.97,3.40,3.53,0.17,,2,3.61,1.86,3,2.02,3.39,3.90,0.68,0.75,-0.22,0.20,,-0.30,-7.80,3.60,2.90,2.60,,,,,,,3.10,3.30,,3.70,3.90,3.70,3.75,,,,,,,,3.60,3.50,4,3.40,2.90,,,,,4,,3.60,3.70,3.50,3.60,2.70,,,3.90,,,3.40,,,4.10,4.50,3.50,4.40,2.90,1.60,
2008-12-07 18:00,3,2.86,0.66,2,-1,2.93,2.28,2.60,-1.05,2.23,0.71,1.29,-1.82,0,0.20,1,-1,-3.68,1,-0.91,-2,-2.25,0.44,2,4,3,3.18,0.92,4,2,2,3,-3.25,1,1.17,0,2,1,-1,2,-5,-6,-4,3,0.10,3.31,3,2.34,2.32,2.09,2,4,3.29,3.94,1.89,2,2,3,2,2.30,1.61,2,0.61,-2.82,0.51,,2.07,0.37,-0.40,-2.41,0.05,0.49,2.44,0.70,1.46,3.45,3,2.07,2.80,3.75,3,2.60,3.58,2.04,4.31,3.22,3,3.90,4.22,4.07,1.58,3.69,4,3.90,3.73,4.06,3.16,3.88,3.18,3.83,3.09,3.22,2.18,1.78,2.80,2.94,3.45,3.90,4.19,4.15,4.48,2.94,3.18,3.63,4.05,1.80,3.20,3.48,0.26,,1.80,3.61,1.99,3.22,1.62,3.50,3.70,0.78,1.20,-0.33,0.20,2,0,-8,3.50,3,2.70,3.50,1.30,-6.10,2.20,3.60,3.70,3.10,3,3.90,3.60,3.90,3.80,4.10,3.30,2.50,2.80,2.80,2.90,3.40,3.30,3.50,3.50,4.10,3.40,2.90,4.20,3.70,3.30,2.70,4,4.30,3.60,3.70,3.30,3.50,2.70,,3,3.60,1.50,3.70,3.30,4.90,3.20,4.30,4.40,3.50,4.20,2.90,1.60,0.80
2008-12-07 18:10,3.10,2.94,0.57,2.09,-0.50,2.81,2.18,2.70,-0.98,2.21,0.47,1.24,-1.94,0.43,0.28,-0.19,-0.49,-3.70,0.20,-0.96,-2.54,-2.30,0.46,,4.19,3.38,3.08,1.06,3.62,1.40,2.04,3.35,-3.28,1.38,1.83,0.75,1.69,1.34,-1.05,1.99,-4.70,-5.69,-3.93,2.39,0,3.33,2.60,2.46,2.02,2.26,1.22,4.09,3.33,3.92,1.96,2.03,2.86,2.60,2.80,2.55,1.69,1.70,0.74,-2.86,0.47,,2.10,0.41,-0.40,-2.38,0,0.45,2.43,0.59,1.62,3.44,2.90,2.03,2.64,3.77,3.03,2.60,3.51,2.02,4.40,3.21,3.29,3.90,4.19,4.10,1.61,3.62,4.60,4,3.67,4.02,3.09,3.85,3.12,3.87,3.10,3.33,2.28,1.79,2.62,2.75,3.46,3.80,4.28,4.13,4.45,2.98,2.99,3.45,3.89,1.70,3,3.35,0.41,,1.80,3.64,1.90,3.38,1.43,3.33,3.70,1.04,1.47,-0.19,0.70,,-0.40,-7.80,3.50,3,2.60,,,,,,,3,3.30,,3.60,4,3.80,3.73,,,,,,,,3.40,3.50,4.10,3.30,2.90,,,,,4,,3.70,3.60,3.30,3.50,2.70,,,3.50,,,3.40,,,4.20,4.40,3.50,4.20,2.80,1.70,
2008-12-07 18:20,3.10,3,0.58,2.04,-0.50,2.93,2.20,2.80,-1,2.41,0.45,1.21,-1.94,0.43,0.25,-0.02,-0.59,-3.81,0.30,-0.96,-2.56,-2.57,0.47,,4.09,3.36,3.03,1.08,3.56,1.40,2.07,3.32,-3.41,1.43,1.90,0.75,1.92,1.45,-1.06,2.10,-4.80,-5.90,-3.97,2.46,0,3.31,2.60,2.56,1.95,2.28,1.23,3.84,3.27,4.01,1.97,2.21,2.81,2.50,2.83,2.61,1.64,1.50,0.72,-2.77,0.43,,2.13,0.48,-0.30,-2.33,0.09,0.33,2.46,0.48,1.41,3.38,2.80,1.92,2.33,3.78,3,2.60,3.58,2.12,4.36,3.33,3.19,4,4.18,4.11,1.76,3.56,4.08,3.90,3.89,3.97,3.08,3.74,3.16,3.88,3.06,3.36,2.20,1.72,2.72,2.62,3.36,3.80,4.18,4.03,4.40,3.06,2.89,3.37,3.75,1.42,2.80,3.26,0.51,,1.80,3.56,1.74,3.45,1.21,3.31,3.80,1.26,1.39,-0.02,0.40,,-0.40,-7.90,3.50,2.90,2.60,,,,,,,3,3.30,,3.70,3.90,3.70,3.70,,,,,,,,3.30,3.60,4.20,3.30,2.90,,,,,4,,3.70,3.70,3.10,3.40,2.80,,,3.40,,,3.40,,,4.20,4.50,3.50,4.10,2.80,1.70,
2008-12-07 18:30,3.10,2.84,0.60,2.13,-0.50,2.93,2.26,2.80,-1.02,2.39,0.50,1.08,-1.93,0.36,0.17,-0.04,-0.69,-3.83,0.30,-1,-2.72,-2.61,0.39,,4.08,3.34,3.03,1.04,3.57,1.50,2.17,3.23,-3.34,1.38,1.96,1.26,2.12,1.32,-1.03,2.19,-4.90,-5.98,-4.14,2.43,0,3.33,2.60,2.57,1.99,2.29,1.38,3.78,3.20,4.03,2.04,2.09,2.73,2.40,2.86,2.65,1.61,1.60,0.77,-2.85,0.40,,2.22,0.53,-0.30,-2.25,0.15,0.31,2.48,0.53,1.25,3.16,2.80,1.83,2.03,3.64,2.96,2.60,3.48,2.13,4.37,3.23,3.19,4,4.24,4.17,1.66,3.60,3.62,3.90,3.82,3.99,3.14,3.77,3.19,3.89,3.08,3.40,2.20,1.63,2.74,2.60,3.22,3.70,4.29,4.02,4.36,3.08,2.85,3.43,3.78,1.15,2.80,3.14,0.56,,1.70,3.61,1.70,3.29,1.09,3.28,3.80,1.41,1.31,0.06,0.30,,-0.40,-7.90,3.50,2.90,2.60,,,,,,,3,3.30,,3.70,3.90,3.60,3.72,,,,,,,,3.20,3.60,4.20,3.30,2.90,,,,,3.90,,3.70,3.70,2.90,3.20,2.80,,,3.30,,,3.40,,,4.10,4.60,3.50,4,2.70,1.60,
2008-12-07 18:40,3.10,2.88,0.57,2.09,-0.50,2.92,2.27,2.80,-1.03,2.39,0.45,0.96,-1.84,0.34,0.22,-0.09,-0.76,-3.84,0.40,-0.97,-2.68,-2.65,0.39,,4.07,3.31,3.04,0.99,3.56,1.50,2.30,3.23,-3.31,1.41,1.90,1.43,2.21,1.49,-1.12,2.32,-4.90,-5.91,-4.18,2.45,0.10,3.36,2.60,2.48,1.97,2.28,1.39,3.77,3.26,4.05,2.10,2.16,2.71,2.40,2.54,2.61,1.62,1.60,0.74,-2.87,0.46,,2.37,0.58,-0.30,-2.18,0.10,0.24,2.46,0.50,1.02,3.02,3,1.82,1.73,3.50,2.90,2.60,3.17,2.09,4.33,3.31,3.17,4.10,4.25,4.16,1.57,3.62,3.61,3.90,3.88,4.05,3.16,3.78,3.21,3.82,3.06,3.45,2.29,1.71,2.84,2.59,3.15,3.70,4.25,3.98,4.37,3.11,2.81,3.44,3.57,0.91,2.80,3.03,0.50,,1.70,3.63,1.63,3.16,1.10,3.23,3.80,1.55,1.51,0.11,0.20,,-0.60,-7.90,3.60,3,2.60,,,,,,,2.90,3.30,,3.70,3.90,3.60,3.70,,,,,,,,3.10,3.60,4.30,3.30,3,,,,,3.90,,3.70,3.70,2.60,3,2.80,,,3.10,,,3.50,,,4.10,4.50,3.40,4,2.70,1.60,
2008-12-07 18:50,3.10,2.86,0.57,2.04,-0.50,2.82,2.28,2.70,-1.04,2.45,0.47,0.96,-1.74,0.40,0.31,-0.12,-0.74,-3.84,0.50,-0.96,-2.65,-2.71,0.45,,4.06,3.32,3.02,0.93,3.59,1.30,2.31,3.04,-3.35,1.14,1.84,1.42,1.98,1.55,-1.07,1.84,-4.90,-5.97,-4.20,2.60,0,3.28,2.60,2.42,2.08,2.24,1.39,3.84,3.24,4.02,2.08,2.20,2.69,2.40,2.29,2.64,1.53,1.70,0.63,-2.85,0.51,,2.42,0.62,-0.20,-2.14,0.19,0.17,2.32,0.46,0.98,3.02,2.90,1.63,1.78,3.30,2.87,2.60,3.11,2.05,4.32,3.34,3.18,4.10,4.27,4.12,1.54,3.70,3.63,3.90,3.75,4.15,3.16,3.75,3.23,3.80,3.06,3.46,2.38,1.73,2.97,2.53,3.07,3.70,4.18,3.90,4.29,3.11,2.67,3.37,3.68,0.76,2.80,2.99,0.49,,1.70,3.48,1.50,2.99,1.10,3.23,3.90,1.67,1.62,-0.24,0.20,,-0.40,-8,3.60,2.90,2.60,,,,,,,2.90,3.30,,3.70,3.90,3.70,3.72,,,,,,,,3,3.40,4.30,3.30,3,,,,,3.80,,3.70,3.60,2.30,2.80,2.80,,,3.10,,,3.40,,,4.10,4.60,3.40,4,2.70,1.40,
2008-12-07 19:00,3.10,2.87,0.56,2.10,-0.50,2.72,2.28,2.60,-1.03,2.43,0.41,1.08,-1.70,0.40,0.32,-0.16,-0.67,-3.91,0.50,-0.99,-2.61,-2.52,0.48,,4.04,3.28,3.02,1.01,3.67,1.30,2.35,3.16,-3.36,0.96,1.54,1.17,2.04,1.43,-1.03,2.12,-4.90,-5.93,-4.09,2.65,-0.10,3.31,2.60,2.40,2.10,2.26,1.36,3.81,3.12,3.98,2.06,2.08,2.74,2.40,2.37,2.56,1.57,1.80,0.69,-2.80,0.42,,2.30,0.58,-0.20,-2.21,0.05,0.25,2.35,0.47,0.96,3.13,2.80,1.55,2.11,3.19,2.83,2.70,3.07,2.10,4.29,3.40,3.11,4.10,4.34,4.05,1.59,3.73,4.07,3.90,3.68,4.09,3.08,3.76,3.25,3.77,3.16,3.47,2.27,1.80,2.85,2.47,2.93,3.60,4.08,3.77,4.20,3.08,2.42,3.38,3.48,0.40,2.80,2.96,0.41,,1.60,3.06,1.37,2.74,0.94,3.29,4,1.69,1.58,-0.68,0.20,2.10,-0.50,-8,3.60,2.90,2.60,3.50,1.40,-6.40,2,3.30,3.30,2.90,3.30,3.90,3.60,3.90,3.60,4,3.40,2.60,3,2.60,2.80,3.10,3.10,2.90,3.30,4.20,3.30,3,3.40,3.50,3.50,2.20,3.70,4.20,3.50,3.60,1.90,2.80,3,1,3,2.90,1.10,2.60,3,5.10,2.90,4.10,4.60,3.30,4,2.50,1.30,0.50
2008-12-07 19:10,3.10,2.83,0.54,2.11,-0.40,2.85,2.28,2.70,-1.02,2.43,0.21,1,-1.78,0.41,0.32,-0.14,-0.62,-3.72,0.50,-1.08,-2.66,-2.42,0.56,,4.01,3.31,3,1.11,3.54,1.50,2.26,3.19,-3.24,0.83,1.35,1.12,2.01,1.42,-1.08,2.13,-5,-5.97,-4.11,2.60,-0.10,3.31,2.60,2.38,2.12,2.21,1.41,3.68,3.05,3.92,2.07,2.03,2.82,2.40,2.39,2.55,1.70,1.70,0.72,-2.79,0.39,,2.43,0.54,-0.10,-2.09,-0.06,0.31,2.30,0.38,0.97,3.20,2.70,1.55,2.23,3.33,2.82,2.70,3.21,1.93,4.22,3.18,3.03,4.10,4.38,4.08,1.63,3.84,3.19,4,3.69,4.13,3.16,3.74,3.23,3.83,3.27,3.55,2.32,1.83,2.87,2.41,2.86,3.60,4.11,3.71,3.88,3.15,2.19,3.38,3.47,0.23,2.80,2.97,0.36,,1.60,2.96,1.34,2.25,0.90,3.41,4.10,1.77,1.76,-0.77,0.20,,-0.50,-8,3.50,2.90,2.60,,,,,,,2.80,3.20,,3.60,4,3.60,3.73,,,,,,,,2.80,3.20,4.20,3.30,3,,,,,3.70,,3.30,3.50,1.90,2.80,3,,,2.80,,,2.90,,,4,4.60,3.30,4,2.50,1.30,
2008-12-07 19:20,3.20,2.84,0.57,2.05,-0.40,2.81,2.31,2.60,-1.01,2.34,0.20,1.20,-1.68,0.32,0.23,-0.07,-0.67,-3.67,0.50,-0.87,-2.65,-2.52,0.57,,4,3.34,3.03,0.98,3.52,1.50,2.17,3.13,-3.20,0.80,1.12,0.88,1.88,1.52,-1.16,2.10,-5,-5.96,-4.10,2.60,-0.10,3.28,2.50,2.31,2.12,2.34,1.51,3.67,3,3.86,2.02,2.08,2.83,2.50,2.41,2.56,1.73,1.70,0.64,-2.76,0.42,,2.31,0.64,-0.10,-2.28,-0.16,0.41,2.30,0.41,0.93,3.17,2.60,1.49,2.27,3.26,2.90,2.60,3.24,1.82,4.25,3.21,2.98,4,4.47,4.01,1.56,3.90,3.86,3.90,3.65,4.07,3.10,3.74,3.26,3.91,3.20,3.55,2.25,1.77,2.75,2.42,2.62,3.50,4.01,3.71,3.76,3.16,1.89,3.24,3.50,0.08,2.80,3,0.38,,1.50,2.94,1.30,2.18,0.93,3.32,4,1.89,1.53,-0.85,0.20,,-0.50,-8,3.30,2.90,2.50,,,,,,,2.80,3.20,,3.40,4,3.60,3.78,,,,,,,,2.70,3.10,4.30,3.30,3,,,,,3.70,,3.20,3.50,1.70,2.60,,,,2.30,,,2.80,,,4.10,4.60,3.30,4,2.40,1.30,
2008-12-07 19:30,3.20,2.82,0.61,2.15,-0.40,2.79,2.31,2.60,-1.07,2.15,0.14,1.09,-1.71,0.27,0.07,-0.02,-0.70,-3.63,0.60,-0.95,-2.77,-2.60,0.45,,3.97,3.32,3.03,1.07,3.48,1.60,1.99,3.06,-3.20,0.81,1.09,0.73,1.93,1.34,-1.21,2.07,-5,-5.92,-4.09,2.49,-0.10,3.25,2.50,2.36,2.10,2.34,1.41,3.78,2.97,3.82,2,2.02,2.73,2.40,2.53,2.57,1.61,1.70,0.69,-2.70,0.51,,2.18,0.66,0,-2.30,-0.04,0.42,2.32,0.36,0.88,3.16,2.60,1.51,2.24,2.95,2.81,2.60,3.12,1.72,4.23,3.20,2.95,4,4.53,3.87,1.56,4.01,3.75,3.90,3.62,4.01,3.02,3.77,3.27,3.85,3.23,3.48,2.28,1.78,2.72,2.19,2.29,3.40,4.01,3.65,3.73,3.11,1.54,3.11,3.48,0.03,2.70,2.98,0.33,,1.40,2.84,1.21,2.45,0.70,3.22,4,1.91,1.63,-0.89,0.10,,-0.50,-8,3.40,2.90,2.50,,,,,,,2.70,3.20,,3.30,4,3.50,3.84,,,,,,,,2.70,3.10,4.20,3.30,3,,,,,3.70,,3.20,3.50,1.60,2.40,2.90,,,2.30,,,2.80,,,4.30,4.50,3.20,4,2.30,1.30,
2008-12-07 19:40,3.10,2.85,0.52,2.16,-0.40,2.87,2.28,2.60,-1,2.04,0.22,1.13,-1.62,0.32,0.05,-0.12,-0.57,-3.54,0.50,-1.17,-2.84,-2.54,0.38,,3.93,3.26,2.99,1.05,3.49,1.70,2.04,3.24,-3.10,0.77,1.07,0.82,1.94,1.31,-1.15,1.80,-5,-5.89,-4.11,2.26,-0.10,3.19,2.50,2.30,2.08,2.30,1.47,3.79,3.03,3.89,1.90,2.03,2.66,2.40,2.54,2.64,1.66,1.60,0.74,-2.69,0.54,,2.32,0.57,0,-2.34,0.03,0.39,2.32,0.27,0.89,2.90,2.50,1.50,2.27,2.82,2.82,2.60,3.03,1.67,4.33,3.16,2.96,3.90,4.50,3.71,1.49,4.03,4.34,3.90,3.66,4.06,3.03,3.76,3.19,3.77,3.11,3.47,2.32,1.91,2.79,2.36,2.14,3.40,3.92,3.60,3.63,3.27,1.33,3.02,3.41,-0.23,2.60,3.06,0.33,,1.40,2.78,1.13,2.32,0.92,3.17,4,2.07,1.80,-0.93,0.10,,-0.50,-8.10,3.40,2.90,2.40,,,,,,,2.70,3.10,,3.20,4,3.60,3.77,,,,,,,,2.70,3,4.20,3.30,3.20,,,,,3.60,,3.30,3.50,1.50,2.20,2.90,,,2,,,2.70,,,4.30,4.70,3.20,4,2.30,1.30,
2008-12-07 19:50,3,2.89,0.43,2.14,-0.30,2.89,2.25,2.60,-0.93,2.04,0.32,1.05,-1.70,0.39,0.13,-0.12,-0.56,-3.44,0.50,-1.20,-2.68,-2.67,0.34,,4.03,3.15,3.01,1.09,3.56,1.60,2.12,3.39,-3.07,0.68,0.96,0.87,1.87,1.35,-1.16,1.68,-5,-5.89,-4.06,2.26,-0.10,3.26,2.50,2.37,2.24,2.26,1.21,3.64,3.03,3.75,1.71,2.04,2.57,2.40,2.46,2.60,1.55,1.30,0.67,-2.74,0.59,,2.48,0.56,0,-2.23,-0.02,0.34,2.36,0.34,0.96,3.20,2.50,1.44,2.28,2.94,2.83,2.50,3.01,1.91,4.29,3.11,2.84,3.90,4.50,3.68,1.59,3.93,3.77,3.90,3.57,4.03,3.10,3.76,3.16,3.78,3.03,3.46,2.27,1.93,2.69,2.21,2.24,3.30,3.83,3.54,3.60,3.22,1.28,3.11,3.41,-0.40,2.40,3.02,0.33,,1.30,2.61,1.01,2.17,0.97,3.17,4,2.09,1.52,-1.05,0,,-0.50,-8.10,3.60,2.80,2.40,,,,,,,2.60,3.10,,3.20,4,3.60,3.65,,,,,,,,2.60,2.90,4.20,3.30,3.30,,,,,3.60,,3.40,3.50,1.40,2,2.90,,,1.60,,,2.60,,,4.40,4.60,3.10,4,2.30,1.10,
2008-12-07 20:00,2.80,2.78,0.38,2.18,-0.30,2.73,2.19,2.60,-1.03,2.06,0.29,0.99,-1.69,0.37,0.19,-0.11,-0.58,-3.41,0.50,-1.05,-2.60,-2.48,0.34,,3.82,3.18,2.94,1.02,3.60,1.60,2.27,3.32,-3.18,0.64,0.78,0.69,1.88,1.48,-1.21,1.59,-5,-5.88,-4.05,2.55,-0.10,3.34,2.50,2.38,2.14,2.27,1.02,3.75,2.98,3.75,1.74,1.88,2.54,2.40,2.36,2.48,1.46,1.30,0.60,-2.72,0.59,,2.48,0.64,-0.10,-2.32,0.08,0.36,2.43,0.27,0.95,3,2.50,1.48,2.20,2.81,2.88,2.40,2.95,1.76,4.34,3.12,2.96,3.90,4.53,3.79,1.45,3.88,4.04,3.90,3.60,4.06,3.10,3.72,3.20,3.82,3.05,3.52,2.26,1.81,2.72,2.19,2.38,3.30,3.80,3.53,3.49,3.28,1.21,2.96,3.39,-0.57,2.30,2.97,0.35,,1.20,2.47,0.99,2.28,1.08,3.22,4,1.92,1.76,-1.14,0,1.80,-0.60,-8.10,3.70,2.80,2.40,3.40,1.40,-6.50,1.60,2.80,2.80,2.60,3.20,3.60,3.20,4,3.60,3.90,,2.60,3.10,2.80,2.80,2.80,2.60,2.60,2.90,4.20,3.40,3.30,2.50,3.30,3.40,2.40,3.60,4.20,3.50,3.50,1.20,2,2.70,1.40,2.90,1.40,0.60,1.90,2.50,5.30,3,4.50,4.60,3.10,4,2.60,1,0.20
2008-12-07 20:10,2.70,2.80,0.46,2.01,-0.30,2.80,2.30,2.60,-1.03,2.19,0.33,0.97,-1.68,0.24,0.17,-0.09,-0.54,-3.42,0.30,-1.01,-2.66,-2.78,0.31,,3.99,3.19,3.01,1,3.65,1.60,2.40,3.35,-3.32,0.80,0.78,0.69,1.88,1.13,-1.18,1.38,-5,-5.92,-4.03,2.31,-0.10,3.32,2.50,2.35,2.34,2.26,1.12,3.84,2.88,3.83,1.64,1.86,2.62,2.40,2.37,2.49,1.35,1.60,0.49,-2.71,0.58,,2.47,0.69,-0.10,-2.37,0.11,0.29,2.44,0.15,0.67,3.09,2.50,1.34,2.20,2.78,2.75,2.30,2.93,1.68,4.27,3.09,2.92,3.80,4.54,3.80,1.42,3.86,4.15,3.90,3.57,4.02,3.05,3.80,3.19,3.87,3.13,3.51,2.31,1.93,2.78,2.17,2.61,3.30,3.74,3.40,3.26,3.07,1.26,2.94,3.31,-0.64,2.20,2.93,0.20,,1.10,2.34,1.07,2.23,1.14,3.28,4,1.63,1.85,-0.90,-0.10,,-0.60,-8.10,3.70,2.80,2.40,,,,,,,2.50,3.20,,3.10,4,3.50,3.64,,,,,,,,2.50,2.90,4.20,3.30,3.30,,,,,3.50,,3.60,3.50,1.20,2,2.70,,,1.30,,,2.40,,,4.50,4.60,3.20,4,2.70,0.90,
2008-12-07 20:20,2.60,2.71,0.44,1.70,-0.40,2.78,2.25,2.60,-1.10,2.09,0.20,0.87,-1.78,0.30,0.12,-0.12,-0.50,-3.45,0.30,-1.09,-2.62,-2.43,0.25,,3.94,3.10,2.96,0.99,3.68,1.60,2.23,3.20,-3.28,0.90,1.23,0.76,1.90,1.17,-0.98,1.47,-5,-5.95,-4.04,2.52,-0.20,3.27,2.60,2.31,2.24,2.22,1.16,3.68,2.87,3.83,1.72,1.91,2.64,2.40,2.38,2.50,1.26,1.60,0.47,-2.67,0.49,,2.42,0.70,-0.20,-2.40,0.18,0.28,2.48,0.16,0.75,3.14,2.50,1.24,2.10,2.75,2.63,2.20,2.78,1.72,4.20,3.13,2.94,3.70,4.40,3.76,1.36,3.89,4.19,3.90,3.66,3.99,3.02,3.89,3.04,3.91,3.12,3.56,2.56,1.93,2.77,2.37,2.68,3.20,3.52,3.37,2.72,2.81,1.21,2.88,3.32,-0.61,2.10,2.99,0.03,,0.90,2.20,1.02,2.20,1.26,3.39,3.90,1.48,1.78,-0.96,-0.20,,-0.60,-8.10,3.60,2.90,2.40,,,,,,,2.50,3.20,,3.20,4,3.60,3.67,,,,,,,,2.40,2.80,4.20,3.30,3.20,,,,,3.40,,3.70,3.50,1.10,2.10,2.60,,,1.10,,,2.20,,,4.60,4.70,3.20,4,2.80,0.90,
2008-12-07 20:30,2.60,2.76,0.45,1.92,-0.60,2.70,2.25,2.60,-1.18,2.02,0.29,0.68,-1.71,0.27,0.10,-0.16,-0.51,-3.50,0.30,-1.05,-2.66,-2.37,0.25,,3.90,3.11,2.84,0.88,3.68,1.50,2.35,3.31,-3.36,0.72,1.79,1.31,1.97,1.30,-1.03,1.81,-5,-5.94,-4.07,2.73,-0.20,3.33,2.60,2.38,2.18,2.17,1.24,3.62,2.85,3.84,1.74,1.98,2.51,2.40,2.34,2.55,1.23,1.50,0.44,-2.72,0.47,,2.32,0.70,-0.10,-2.39,0.23,0.50,2.47,0.21,0.73,3.16,2.50,1.25,2.10,2.62,2.61,2.10,2.64,1.81,4.28,3.03,2.83,3.50,4.29,3.68,1.29,3.78,4,3.90,3.71,4.01,3,3.88,3.10,3.86,3.09,3.49,2.71,1.97,2.71,2.37,2.83,3.10,3.54,3.34,2.16,2.50,1.09,2.81,3.29,-0.72,2.10,3.01,-0.08,,0.80,2.01,1.03,1.84,1.43,3.36,3.90,1.49,1.77,-1.18,-0.30,,-0.70,-8.10,3.50,2.90,2.40,,,,,,,2.40,3.20,,3.10,4,3.60,3.82,,,,,,,,2.40,2.70,4.20,3.30,3.20,,,,,3.40,,3.80,3.40,1.10,2,2.40,,,1,,,1.90,,,4.50,4.70,3.20,4.10,3,0.90,
2008-12-07 20:40,2.60,2.77,0.39,1.72,-0.60,2.63,2.19,2.60,-1.21,2.06,0.36,0.57,-1.68,0.29,0.17,-0.20,-0.55,-3.72,0.30,-1.11,-2.64,-2.30,0.19,,3.82,3.16,2.88,0.83,3.63,1.40,2.17,3.43,-3.38,0.64,1.67,1.38,2.16,1.35,-1.06,1.95,-4.90,-5.86,-4.07,2.69,-0.20,3.36,2.60,2.40,2.26,2.23,1.29,3.49,2.85,3.84,1.69,1.90,2.47,2.40,2.47,2.45,1.33,1.40,0.29,-2.85,0.52,,2.26,0.66,-0.10,-2.32,0.17,0.44,2.50,0.26,0.68,3.16,2.50,1.28,2.10,2.50,2.56,2,2.57,1.86,4.29,2.90,2.82,3.30,4.26,3.57,1.23,3.84,3.90,3.90,3.75,3.95,2.97,3.90,3.09,3.81,3.04,3.42,2.70,2,2.83,2.30,2.87,3,3.57,3.23,1.85,2.35,0.88,2.75,3.31,-0.83,2,2.94,-0.14,,0.60,1.90,0.83,1.45,1.54,3.48,3.90,1.46,2.02,-1.20,-0.40,,-0.60,-8.10,3.60,2.90,2.40,,,,,,,2.30,3.10,,3.10,4,3.70,3.80,,,,,,,,2.30,2.60,4.20,3.30,3.20,,,,,3.20,,3.80,3.40,1,2.10,2.30,,,0.80,,,1.90,,,4.50,4.70,3.10,4.10,3,0.70,
2008-12-07 20:50,2.60,2.83,0.47,1.68,-0.70,2.72,2.21,2.60,-1.29,2.20,0.41,0.66,-1.93,0.25,0.16,-0.21,-0.63,-3.75,0.30,-1.05,-2.73,-2.34,0.11,,3.84,3.15,2.87,0.84,3.53,1.30,2.12,3.50,-3.33,0.91,1.66,1.53,2.18,1.50,-0.99,1.90,-4.90,-5.88,-4.08,2.70,-0.20,3.40,2.60,2.36,2.19,2.26,1.14,3.52,2.92,3.75,1.73,1.79,2.49,2.40,2.54,2.42,1.48,1.40,0.37,-2.93,0.51,,2.38,0.69,-0.10,-2.41,0.21,0.47,2.55,0.31,0.68,3.10,2.50,1.36,2.09,2.65,2.50,2,2.66,1.89,4.24,2.91,2.84,3.50,4.25,3.53,1.24,3.74,3.91,3.90,3.75,4.12,2.98,3.95,3.09,3.55,3.01,3.30,2.74,2.02,2.81,2.29,2.91,3,3.54,3.02,1.53,2.30,0.81,2.79,3.41,-0.88,2,2.92,-0.09,,0.60,1.68,0.87,1.41,1.58,3.66,3.90,1.52,2.11,-1.28,-0.50,,-0.60,-8.10,3.50,2.90,2.40,,,,,,,2.30,3,,3,4.10,3.70,3.62,,,,,,,,2.30,2.50,4.20,3.30,3.20,,,,,3.10,,3.80,3.40,1,1.90,2.40,,,0.60,,,1.80,,,4.50,4.60,3.10,4.10,3,0.60,
2008-12-07 21:00,2.60,2.70,0.41,1.75,-0.70,2.61,2.22,2.50,-1.38,2.18,0.40,0.72,-2.18,0.13,0.13,-0.26,-0.77,-3.81,0.40,-1.08,-2.56,-2.34,0.14,,3.75,3.06,2.79,0.58,3.51,1.30,2.08,3.34,-3.40,1.23,1.55,1.36,2.20,1.44,-1.15,2.06,-4.90,-5.88,-4.08,2.65,-0.10,3.39,2.60,2.33,2.21,2.30,1.23,3.51,2.86,3.54,1.77,1.82,2.47,2.30,2.55,2.33,1.51,1.30,0.38,-2.97,0.51,,2.34,0.71,-0.20,-2.41,0.32,0.57,2.56,0.23,0.64,3.08,2.50,1.30,2.04,2.65,2.38,1.90,2.62,1.76,4.18,2.93,2.78,3.50,4.24,3.45,1.21,3.70,3.35,4,3.65,3.95,3.07,3.97,3.08,3.35,3.09,3.33,2.80,2.14,2.56,2.31,2.96,2.90,3.41,2.93,1.30,2.19,0.78,2.73,3.28,-0.86,1.90,2.94,-0.10,,0.60,1.47,0.86,1.52,1.61,3.69,3.90,1.70,2.25,-1.55,-0.50,1.80,-0.60,-8.10,3.40,2.90,2.40,3.40,1.50,-6.70,1.40,2.50,2.60,2.20,3,3.50,3,4.10,3.30,3.80,,2.60,3.20,2.80,2.90,2.60,2.40,2.10,2.50,4.20,3.30,3.20,2.20,2.30,3.30,2.30,3,4.20,3.70,3.40,1,1.30,2.30,1.60,2.90,0.30,0.50,1.80,1.70,,2.80,4.50,4.60,2.90,4,2.90,0.40,0.20
2008-12-07 21:10,2.50,2.66,0.47,1.82,-0.60,2.52,2.23,2.50,-1.41,2.18,0.46,0.75,-2.28,0.09,0.10,-0.11,-1.13,-3.81,0.40,-1.17,-2.58,-2.49,0.16,,3.58,3.02,2.77,0.47,3.39,1.30,1.91,3.27,-3.42,0.84,1.79,1.18,2.21,1.37,-1.14,1.88,-4.90,-5.90,-4.19,2.45,-0.10,3.35,2.60,2.37,2.19,2.33,1.35,3.45,2.92,3.48,1.70,1.85,2.52,2.30,2.56,2.32,1.51,1.30,0.44,-3,0.47,,2.26,0.63,-0.20,-2.38,0.19,0.62,2.62,0.27,0.58,3.13,2.50,1.24,2.02,2.83,2.27,1.90,2.59,1.59,4.05,2.85,2.75,3.50,4.21,3.30,1.20,3.68,4.05,4,3.60,3.98,2.97,3.97,3.04,3.33,3.10,3.36,2.79,2.19,2.57,2.28,2.94,2.90,3.22,2.90,1.36,2.08,0.75,2.66,3.24,-0.92,1.90,2.67,-0.07,,0.60,1.44,0.88,1.11,1.55,3.64,3.90,1.82,2.44,-1.37,-0.60,,-0.60,-8.10,3.50,2.90,2.40,,,,,,,2.10,2.80,,3,4,3.30,3.72,,,,,,,,1.80,2.40,4.10,3.30,3.20,,,,,2.90,,3.60,3.40,0.90,1.30,2.30,,,0.40,,,1.70,,,4.40,4.70,2.80,4,2.90,0.30,
2008-12-07 21:20,2.40,2.46,0.47,1.70,-0.70,2.56,2.14,2.50,-1.41,2.09,0.39,0.63,-2.48,0.11,0.13,-0.09,-1.23,-3.90,0.50,-1.04,-2.54,-2.59,0.19,,3.56,3,2.76,0.36,3.32,1.20,1.74,3.26,-3.66,0.53,1.74,1.08,2.19,1.31,-1.16,1.73,-4.90,-5.79,-4.11,2.45,-0.10,3.32,2.60,2.35,2.18,2.28,1.24,3.56,3.13,3.53,1.65,1.85,2.46,2.30,2.55,2.47,1.47,1.40,0.46,-3.18,0.37,,2.33,0.76,-0.10,-2.30,0.03,0.51,2.64,0.23,0.56,3.28,2.50,1.43,2.01,2.88,2.22,1.90,2.51,1.67,4.02,2.76,2.55,3.40,4.14,3.19,1.15,3.72,4.24,4,3.72,3.93,3,3.90,3.02,3.41,2.94,3.36,2.83,2.11,2.70,2.35,2.86,2.80,3.35,2.81,1.53,2.06,0.69,2.66,3.26,-0.63,1.80,2.86,-0.03,,0.70,1.36,0.91,1.06,1.59,3.59,3.90,1.78,2.67,-1.59,-0.70,,-0.60,-8.10,3.40,2.90,2.40,,,,,,,1.90,2.70,,2.90,4,2.70,3.63,,,,,,,,1.70,2.30,4.10,3.30,3.10,,,,,2.90,,3.60,3.40,1,1.30,2.20,,,0,,,1.60,,,4.30,4.70,2.60,4,2.90,0.10,
2008-12-07 21:30,2.30,2.34,0.41,1.22,-1,2.68,2.13,2.40,-1.43,2.05,0.17,0.61,-2.46,0.09,0.03,-0.28,-1.28,-3.94,0.40,-1.27,-2.48,-2.52,-0.03,,3.62,2.94,2.60,0.16,3.24,1.30,1.64,3.14,-3.81,0.50,1.15,1.31,2.25,1.21,-1.16,1.67,-4.90,-5.90,-4.12,2.43,-0.20,3.25,2.60,2.29,2.05,2.30,1,3.54,3,3.56,1.77,1.85,2.36,2.30,2.55,2.48,1.44,1.40,0.50,-3.23,0.33,,2.24,0.62,-0.10,-2.29,-0.17,0.60,2.67,0.21,0.56,3.21,2.60,1.53,2.05,2.75,2.11,1.80,2.35,1.53,3.85,2.77,2.61,3.30,4,3.09,1.09,3.76,4.19,4,3.66,3.91,3.02,3.84,3.02,3.52,3.09,3.34,2.86,2.16,2.76,2.28,2.78,2.70,3.16,2.84,1.50,1.94,0.50,2.53,3.20,-0.70,1.70,2.81,-0.08,,0.70,1.41,0.91,1.12,1.58,3.53,3.80,1.73,2.47,-1.84,-0.80,,-0.60,-8.10,3.30,2.90,2.30,,,,,,,1.90,2.70,,2.70,3.90,2.70,3.70,,,,,,,,1.50,2.10,4.10,3.30,3.10,,,,,2.80,,3.60,3.40,1.30,1.30,,,,-0.10,,,1.60,,,4.40,4.70,2.40,4,2.80,0,
2008-12-07 21:40,2.20,2.26,0.34,1.23,-1.20,2.79,2.20,2.30,-1.34,2.08,0.25,0.67,-2.55,0.02,0.01,-0.35,-1.30,-3.92,0.50,-1.40,-2.59,-2.74,0.11,,3.49,2.88,2.58,0.05,3.20,1.20,1.57,3.15,-4.04,0.96,0.62,1.24,2.11,1.02,-1.63,1.57,-4.90,-5.89,-4.10,2.50,-0.50,3.21,2.50,2.36,1.80,2.34,0.90,3.54,2.91,3.64,1.78,1.82,2.35,2.30,2.52,2.44,1.46,1.40,0.48,-3.16,0.32,,2.09,0.63,-0.10,-2.23,-0.18,0.64,2.71,0.11,0.53,3.28,2.70,1.49,2.09,2.57,2.14,1.70,2.32,1.50,3.84,2.67,2.49,3.30,3.92,2.89,0.91,3.72,3.49,3.90,3.72,3.95,3.03,3.91,3.07,3.60,3.02,3.40,2.85,2.20,2.81,2.30,2.71,2.70,3.08,2.85,1.49,1.70,0.34,2.55,3.14,-0.49,1.70,2.81,-0.04,,0.70,1.48,0.82,1.19,1.56,3.49,3.90,1.73,2.94,-1.66,-0.90,,-1.10,-8.10,3.40,2.90,2.20,,,,,,,1.90,2.60,,2.60,3.90,2.50,3.63,,,,,,,,1.40,2.10,4.10,3.30,3.10,,,,,2.80,,3.50,3.40,1.40,1.20,2,,,-0.10,,,1.50,,,4.40,4.70,2.20,4,2.80,-0.20,
2008-12-07 21:50,2.20,2.24,0.14,1.25,-1.30,2.73,2.12,2.20,-1.35,1.95,0.23,0.65,-2.67,0.02,0.11,-0.30,-1.41,-4.05,0.50,-1.46,-2.59,-2.82,0.20,,3.49,3.02,2.58,0.06,3.15,1.20,1.57,3.07,-4.17,0.96,1.10,0.49,2,1.12,-1.88,1.51,-5.30,-6.12,-4.14,2.03,-0.60,3.33,2.50,2.38,1.61,2.29,0.81,3.55,2.86,3.70,1.69,1.94,2.32,2.20,2.52,2.38,1.43,1.40,0.49,-3.26,0.35,,2.01,0.60,-0.10,-2.25,-0.12,0.56,2.67,0.17,0.51,3.23,2.70,1.63,2,2.60,2.06,1.70,2.36,1.52,3.89,2.51,2.45,3.20,3.95,3.06,0.88,3.62,3.34,4,3.83,4.04,3.07,3.93,3.01,3.68,3.03,3.36,2.76,2.19,2.72,2.47,2.64,2.70,3.08,2.67,1.49,1.65,0.45,2.42,3.17,0.17,1.70,2.77,-0.20,,0.70,1.44,0.84,1.19,1.54,3.39,3.80,1.61,2.84,-1.61,-1,,-1.20,-8.20,3.30,2.80,2.20,,,,,,,1.70,2.50,,2.60,3.80,2.50,3.49,,,,,,,,1.30,2.10,4.10,3.30,3.10,,,,,2.80,,3.50,3.50,1.50,1.10,2,,,-0.20,,,1.40,,,4.30,4.80,2.10,3.90,2.70,-0.40,
2008-12-07 22:00,2.20,2.15,0.04,1.18,-1.40,2.69,2.11,2.10,-1.46,1.86,0.27,0.66,-2.72,-0.03,0.06,-0.52,-1.44,-4.06,0.50,-1.55,-2.70,-3.24,0.19,,3.38,3.05,2.48,0.01,3.12,1.10,1.67,3.11,-4.27,1.08,1.19,0.89,2.21,1,-1.93,1.70,-5.50,-6.30,-4.48,2.08,-0.70,3.27,2.40,2.36,1.44,2.23,0.98,3.64,2.88,3.64,1.73,2.02,2.36,2.30,2.46,2.35,1.43,1.40,0.50,-3.22,0.29,,2.06,0.58,-0.20,-2.34,-0.17,0.53,2.74,0.16,0.54,3.30,2.70,1.55,2.10,2.74,2.04,1.70,2.27,1.40,3.78,2.30,2.38,3.20,3.94,3.29,0.76,3.59,3.60,3.90,3.83,4.02,3.07,3.95,3.06,3.62,3.01,3.38,2.58,2.09,2.80,2.42,2.58,2.60,3.15,2.76,1.55,1.58,0.57,2.05,3.03,0.51,1.60,2.59,-0.21,,0.80,1.35,0.69,0.91,1.70,3.28,3.70,1.61,2.87,-1.66,-1,1.40,-1.10,-8.30,3.30,2.80,2.20,3.40,1.80,-6.80,1.60,2.50,2.50,1.60,2.50,3.40,2.10,3.80,2.70,1.10,3.20,1.80,3.30,2.80,3,2,2.40,1.40,2.10,4,3.30,3,2.10,1,3.20,2.10,2.90,3.60,3.40,3.50,1.50,1.20,1.90,,2.80,0,-0.30,1.40,1.40,5.10,2.90,4.30,4.80,1.90,3.90,2.70,-0.40,0.10
2008-12-07 22:10,2.20,2.15,0.04,1.09,-1.30,2.56,1.93,2,-1.56,1.60,-0.02,0.66,-2.80,-0.12,0.02,-0.68,-1.46,-4.14,0.40,-1.52,-2.96,-3.32,0.23,,3.37,3.08,2.46,0.07,3.07,1.10,1.64,3.17,-4.19,1.02,1.39,1.11,2.19,1.09,-1.89,1.67,-5.50,-6.56,-4.67,2.17,-0.70,3.17,2.30,2.32,1.51,2.20,0.94,3.59,2.97,3.52,1.70,1.80,2.41,2.30,2.32,2.34,1.35,1.40,0.48,-3.16,0.19,,2.05,0.59,-0.30,-2.46,-0.07,0.59,2.74,0.19,0.50,3.31,2.70,1.50,2.10,2.69,2.04,1.50,2.20,1.29,3.67,2.23,2.25,3.10,3.90,3.26,0.73,3.57,4.04,3.90,3.91,3.93,3.09,3.93,3.06,3.59,2.96,3.39,2.45,2.20,2.88,2.28,2.48,2.60,2.97,2.70,1.59,1.41,0.64,1.87,3.02,0.75,1.60,2.51,-0.24,,0.70,1.44,0.61,0.82,1.77,3.21,3.70,1.52,2.96,-1.60,-1,,-1.10,-8.40,3.20,2.80,2.20,,,,,,,1.70,2.40,,2.10,3.70,2.70,3.43,,,,,,,,1.40,2.10,4,3.40,3,,,,,2.90,,3.40,3.60,1.50,1.20,1.90,,,0,,,1.30,,,4.20,4.70,1.90,3.90,2.70,-0.30,
2008-12-07 22:20,2.10,2.05,-0.03,1.11,-1.50,2.59,1.89,1.90,-1.62,1.63,-0.09,0.56,-2.87,0.02,-0.18,-0.77,-1.39,-4.42,0.40,-1.48,-3.12,-3.04,0.23,,3.26,3.05,2.54,0.08,3.10,1.10,1.61,3.12,-4.35,1.05,1.47,1.12,2.09,1.26,-2.06,1.54,-5.70,-6.81,-4.84,2.29,-0.70,2.91,2.40,2.31,1.62,1.96,0.80,3.62,2.92,3.36,1.66,1.86,2.46,2.30,2.09,2.19,1.34,1.40,0.45,-3.18,0.21,,1.92,0.63,-0.40,-2.60,0.05,0.59,2.73,0.12,0.40,3.37,2.70,1.53,2.10,2.68,1.89,1.40,2.33,1.24,3.59,2.24,2.20,3,3.85,3.32,0.74,3.46,3.84,3.90,3.82,3.81,3.11,3.99,3.05,3.50,2.87,3.36,2.16,1.98,2.92,2.25,2.31,2.60,2.97,2.71,1.51,1.31,0.66,1.90,2.67,0.95,1.60,2.42,-0.29,,0.70,1.19,0.36,0.92,1.68,3.21,3.70,1.56,2.77,-1.35,-0.90,,-1.10,-8.50,3.20,2.70,2.30,,,,,,,1.70,2.40,,1.80,3.60,2.90,3.25,,,,,,,,1.40,2,3.90,3.30,3,,,,,2.80,,3.40,3.60,1.70,1.30,1.90,,,0.20,,,1.20,,,4.20,4.70,1.90,3.90,2.70,-0.30,
2008-12-07 22:30,2.10,2.01,0.02,1.06,-1.50,2.50,1.77,1.80,-1.76,1.69,-0.17,0.44,-2.83,-0.08,-0.32,-0.85,-1.39,-4.93,0.30,-1.49,-3.21,-2.99,0.19,,3.23,3.05,2.52,0.03,3.07,1.10,1.51,3.21,-4.32,0.88,1.41,1.12,2.13,1.25,-1.94,1.50,-5.80,-6.94,-5.02,2.32,-0.70,2.75,2.20,2.27,1.34,1.88,0.77,3.60,3.03,3.30,1.63,1.77,2.47,2.20,2.16,2.23,1.34,1.30,0.43,-3.17,0.33,,1.93,0.57,-0.40,-2.54,0.09,0.58,2.76,0.06,0.43,3.46,2.70,1.51,2.10,2.80,1.80,1.40,2.10,1.13,3.39,2.20,2.09,2.90,3.83,3.37,0.53,3.44,3.71,3.90,3.79,3.77,3.09,3.98,3.01,3.62,2.74,3.36,2.15,2.08,2.83,2.20,2.13,2.50,2.91,2.79,1.42,1.32,0.78,1.95,2.55,0.97,1.60,2.20,-0.43,,0.70,1.25,0.29,0.92,1.74,3.16,3.70,1.57,2.67,-0.93,-0.90,,-1.10,-8.60,3.20,2.70,2.30,,,,,,,1.70,2.40,,1.80,3.60,3.30,3.26,,,,,,,,1.40,2,3.90,3.30,3,,,,,2.80,,3.30,3.60,1.90,1.30,1.80,,,0.10,,,1.10,,,4.10,4.70,1.80,3.80,2.80,-0.40,
2008-12-07 22:40,2.10,2,-0.18,1.08,-1.50,2.51,1.59,1.80,-1.93,1.76,-0.27,0.52,-2.78,-0.25,-0.37,-0.87,-1.49,-5.19,0.30,-1.60,-3.29,-3.02,0.19,,3.17,3.01,2.49,0.06,2.90,1.10,1.52,3.18,-4.30,0.93,1.33,1.17,2,1.17,-1.94,1.51,-5.90,-6.94,-5.20,2.27,-0.80,2.58,2.30,2.18,1.23,1.86,0.63,3.58,2.99,3.39,1.57,1.77,2.49,2.20,2.33,2.19,1.28,1.10,0.34,-3.15,0.37,,2.08,0.54,-0.40,-2.59,0.17,0.49,2.74,0.02,0.44,3.45,2.70,1.61,2.20,2.75,1.75,1.40,2.08,1.14,3.30,2.17,1.91,2.80,3.81,3.22,0.40,3.30,3.77,3.90,3.87,3.78,3.10,3.95,3.02,3.64,2.68,3.34,2.27,2.03,2.90,2.19,2.32,2.50,2.89,2.77,1.42,1.24,0.81,1.98,2.25,0.77,1.60,2.07,-0.52,,0.70,1.24,0.15,0.91,1.77,2.99,3.70,1.47,2.81,-0.95,-0.90,,-1.10,-8.60,3.20,2.70,2.30,,,,,,,1.80,2.30,,1.90,3.50,3.20,3.37,,,,,,,,1.40,2,3.90,3.20,3.10,,,,,2.80,,3.20,3.60,2,1.30,1.70,,,0,,,1.10,,,4.10,4.60,1.80,3.80,2.80,-0.40,
2008-12-07 22:50,2.10,2.02,-0.14,1.07,-1.50,2.45,1.62,1.80,-2.01,1.68,-0.37,0.47,-2.80,-0.38,-0.49,-0.83,-1.48,-5.12,0.30,-1.69,-3.14,-3.29,0.08,,3.27,2.97,2.42,0.21,2.84,1.10,1.47,3.14,-4.32,0.88,1.30,1.21,1.92,1.26,-1.98,1.10,-5.90,-6.97,-5.18,2.16,-0.80,2.48,2.30,2.21,1.12,1.70,0.48,3.42,3.07,3.49,1.42,1.73,2.24,2.30,2.46,2.12,1.32,1,0.35,-3.09,0.30,,2.11,0.57,-0.40,-2.62,0.05,0.32,2.76,0.20,0.51,3.50,2.70,1.77,2.20,2.62,1.69,1.40,2,1.17,3.32,2.13,1.86,2.70,3.65,3.08,0.35,3.14,3.31,3.80,3.83,3.77,3.14,3.87,3.04,3.62,2.76,3.35,2.26,2.02,2.92,2.24,2.36,2.50,2.90,2.75,1.30,1.24,0.87,1.96,2.02,0.73,1.50,2.11,-0.60,,0.70,1.12,0.10,0.90,1.57,3.29,3.60,1.66,2.91,-1.12,-0.90,,-1.20,-8.70,3.20,2.70,2.30,,,,,,,1.80,2.30,,2,3.50,3.20,3.27,,,,,,,,1.40,1.90,3.90,3.20,3.10,,,,,2.60,,2.90,3.60,2,1.40,1.60,,,0,,,1.10,,,4.20,4.50,1.60,3.80,2.90,-0.40,
2008-12-07 23:00,2,1.96,-0.17,1.04,-1.60,2.25,1.58,1.70,-2.13,1.61,-0.48,0.14,-2.79,-0.46,-0.52,-0.99,-1.50,-5.24,0.40,-1.74,-3.10,-3.34,-0.12,,3.27,2.87,2.46,0.16,2.68,1,1.37,3.11,-4.38,0.73,1.19,1.16,1.92,1.32,-1.94,0.96,-5.90,-7.05,-5.18,2.14,-0.80,2.33,2.20,2.21,1.04,1.91,0.52,3.27,3.09,3.42,1.53,1.75,2.15,2,2.42,2.04,1.35,1.10,0.35,-3.17,0.24,,1.85,0.67,-0.40,-2.48,-0.09,0.39,2.77,0.09,0.53,3.50,2.70,1.68,2.20,2.57,1.64,1.30,1.96,1.04,3.23,2.01,1.83,2.60,3.53,2.94,0.35,2.99,3.49,3.80,3.79,3.81,3.18,3.84,2.98,3.62,2.83,3.42,2.24,2.06,2.84,2.25,2.45,2.50,2.74,2.79,1.24,1.11,0.92,1.83,1.71,0.77,1.60,1.98,-0.74,,0.60,0.81,0.07,0.71,1.62,3.42,3.60,1.68,2.63,-0.97,-0.90,1.10,-1.20,-8.80,3.10,2.60,2.20,,1.60,-7,1.70,2.40,2.50,1.80,2.10,2.60,1.70,3.40,3.20,3,3.10,1.10,3.20,2.90,2.90,1.80,2.30,1.50,1.90,3.90,3.20,3.10,2.70,0.80,3,1.60,2.50,2.50,2.70,3.70,2.10,1.50,1.50,1.90,2,0.30,-0.10,,1,3.70,2.90,4.10,4.40,1.30,3.80,2.90,-0.50,0
2008-12-07 23:10,2,1.96,-0.19,1.11,-1.60,2.26,1.44,1.70,-2.13,1.61,-0.45,0.08,-2.77,-0.59,-0.58,-0.89,-1.53,-5.35,0.20,-1.76,-3.23,-3.38,-0.25,,3.24,2.78,2.37,0.16,2.52,1,1.18,3.06,-4.33,0.90,1.06,1.19,1.98,1.30,-1.91,0.95,-5.90,-7.06,-5.17,2.19,-0.70,2.29,2.20,2.18,0.99,1.94,0.57,3.18,2.98,3.05,1.69,1.86,2.26,2,2.33,1.93,1.25,1.10,0.46,-3.17,0.20,,1.94,0.57,-0.40,-2.43,0.02,0.36,2.63,0.19,0.36,3.32,2.70,1.78,2.30,2.65,1.56,1.30,2.03,0.99,3.15,1.85,1.92,2.60,3.45,2.83,0.42,2.77,2.76,3.80,3.68,3.74,3.22,3.86,3,3.61,2.90,3.37,2.18,2.12,2.71,2.05,2.47,2.40,2.78,2.77,1.27,1.04,1.06,1.61,1.48,0.70,1.60,1.98,-0.94,,0.40,0.83,0.16,0.70,1.62,3.56,3.80,1.69,3,-1.18,-0.90,,-1.20,-8.80,3.10,2.50,2.20,,,,,,,1.70,2,,1.70,3.30,3.20,2.64,,,,,,,,1.60,1.90,3.90,3.20,3.10,,,,,2.50,,2.50,3.40,2.20,1.50,1.50,,,0.40,,,1,,,4.10,4.30,1.20,3.80,2.90,-0.60,
2008-12-07 23:20,2,1.89,-0.24,1.10,-1.60,2.23,1.34,1.70,-2.14,1.54,-0.51,0.11,-2.98,-0.64,-0.66,-1.03,-1.61,-5.44,0,-1.83,-3.38,-3.48,-0.27,,3.17,2.64,2.21,0.08,2.53,0.90,1.17,3.01,-4.29,0.75,1.11,1.08,1.93,1.26,-1.94,1.08,-5.90,-7.01,-5.13,2.36,-0.80,2.23,2,2.13,0.95,1.96,0.48,3.14,2.94,2.84,1.74,1.88,2.27,1.90,2.18,1.92,1.20,0.80,0.49,-3.16,0.21,,1.68,0.60,-0.30,-2.40,0.05,0.33,2.29,0.06,0.35,3.43,2.70,1.58,2.30,2.74,1.54,1.20,2.05,0.83,3.21,1.80,1.91,2.50,3.36,2.80,0.42,2.62,3.06,3.70,3.64,3.68,3.20,3.80,3.03,3.58,2.84,3.38,2.21,2.10,2.65,2.18,2.35,2.30,2.72,2.73,1.14,0.98,1.16,1.45,1.22,0.58,1.50,2,-0.97,,0.20,0.73,0.23,0.58,1.64,3.90,3.80,1.51,2.83,-1.17,-0.90,,-1.30,-8.90,3,2.40,2.30,,,,,,,1.70,1.70,,1.60,3.30,3.10,2.56,,,,,,,,1.60,1.80,3.90,3.10,3.20,,,,,2.50,,2.30,3.30,2.20,1.60,1.40,,,0.40,,,0.90,,,4.10,4.20,1.20,3.90,2.80,-0.60,
2008-12-07 23:30,2,1.86,-0.30,1.08,-1.60,2.02,1.28,1.70,-2.11,1.51,-0.50,0.14,-3.22,-0.73,-0.69,-0.86,-1.69,-5.37,-0.10,-1.74,-3.34,-3.25,-0.25,,3.03,2.62,2.23,0.04,2.56,0.80,1.23,2.98,-4.36,0.17,1.06,0.97,1.94,1.21,-2,1.26,-5.90,-7.09,-5.17,2.22,-0.90,2.29,1.90,1.91,0.86,1.68,0.39,3.19,3.05,2.69,1.73,1.84,2.42,2,2.17,2.10,1.08,0.70,0.36,-3.06,0.26,,1.71,0.62,-0.30,-2.34,0.04,0.20,2.12,0.05,0.42,3.29,2.80,1.64,2.30,2.66,1.53,1.20,2.04,0.94,2.99,1.77,1.74,2.40,3.23,2.74,0.23,2.52,2.39,3.60,3.79,3.64,2.86,3.84,3.02,3.46,2.78,3.39,2.28,2.02,2.73,2.16,2.34,2.20,2.47,2.72,1.05,1.01,1.36,1.43,0.84,0.87,1.50,1.86,-0.93,,0,0.60,0.19,0.67,1.79,3.88,3.80,1.46,2.83,-1.06,-0.80,,-1.20,-8.90,3.10,2.40,2.40,,,,,,,1.70,1.50,,1.60,3.20,3.10,2.51,,,,,,,,1.60,1.80,4,3.10,3.30,,,,,2.40,,2.20,3.10,2.20,1.70,1.40,,,0.30,,,0.90,,,4,4.30,1.10,3.90,2.60,-0.70,
2008-12-07 23:40,2,1.94,-0.27,1.01,-1.50,1.95,1.32,1.70,-2.16,1.53,-0.49,0.11,-3.27,-0.77,-0.79,-0.96,-1.72,-5.37,-0.10,-1.63,-3.38,-3.11,0,,3.01,2.55,2.19,-0.03,2.51,0.70,1.20,2.96,-4.56,-0.01,1.07,1.01,2.06,1.28,-1.97,1.17,-5.90,-7.03,-5.14,2.36,-0.90,2.32,1.70,1.70,0.80,1.45,0.23,3.11,2.79,2.62,1.62,1.85,2.23,2,2.19,2.30,1.16,0.40,0.31,-3,0.29,,1.80,0.63,-0.20,-2.27,0,0.28,2.12,0.01,0.61,3.31,2.70,1.64,2.40,2.68,1.53,1.30,2.16,0.93,2.99,1.66,1.78,2.40,3.06,2.59,0.26,2.43,2.59,3.50,3.81,3.59,2.63,3.75,3.06,3.41,2.89,3.34,2.20,2.12,2.70,2.05,2.31,2.10,2.54,2.79,0.98,0.83,1.45,1.29,0.43,0.87,1.40,1.88,-0.93,,0.10,0.49,0.14,0.33,1.81,3.94,3.80,1.47,2.95,-1.08,-0.80,,-1.10,-8.90,3.10,2.30,2.30,,,,,,,1.70,1.50,,1.70,3.20,3,2.62,,,,,,,,1.60,1.80,3.90,3,3.40,,,,,2.40,,1.90,3.10,2.20,1.70,,,,0.20,,,0.80,,,4.10,3.70,1.10,3.90,2.50,-0.70,
2008-12-07 23:50,2,1.90,-0.24,1.12,-1.50,2.02,1.21,1.80,-2.19,1.49,-0.56,0.05,-3.24,-0.76,-0.76,-0.97,-1.90,-5.50,-0.10,-1.71,-3.47,-3.10,0.09,,2.80,2.48,2.11,-0.08,2.44,0.60,1.21,2.85,-4.83,-0.02,0.49,0.81,1.84,1.17,-1.94,1.10,-6,-7.04,-5.07,2.19,-0.90,2.32,1.60,1.39,0.96,1.26,0.27,2.78,2.82,2.59,1.56,1.85,1.99,2.10,2.18,2.34,1.22,0.50,0.31,-3.10,0.29,,1.85,0.65,-0.20,-2.26,-0.01,0.15,2.16,0.01,0.38,3.28,2.70,1.64,2.40,2.81,1.38,1.30,2.13,0.90,2.97,1.66,1.85,2.50,3.02,2.81,0.29,2.42,2.79,3.50,3.57,3.55,2.75,3.78,3.03,3.44,2.84,3.34,2.14,2.10,2.62,2.25,2.30,2.20,2.54,2.84,0.75,0.77,1.52,1.30,0.23,1,1.40,1.85,-0.96,,0,0.48,0.10,0.39,1.80,4.14,3.70,1.70,3.19,-1.10,-0.70,,-1.10,-9,3,2.30,2.10,,,,,,,1.70,1.60,,1.70,3.10,3,2.62,,,,,,,,1.70,1.60,3.80,3,3.40,,,,,2.20,,1.80,2.90,2.30,1.80,1.40,,,0.10,,,0.70,,,4.10,2.90,0.90,3.90,2.60,-0.60,
2008-12-08 00:00,2,1.79,-0.21,1.04,-1.60,1.90,1.28,1.70,-2.18,1.41,-0.50,0.04,-3.29,-0.77,-0.73,-0.96,-1.83,-5.42,-0.10,-1.72,-3.45,-3.13,-0.09,,2.72,2.50,2.01,-0.13,2.41,0.60,1.04,2.72,-4.91,0.44,0.62,0.71,1.83,1.12,-2.15,1.21,-6,-7.17,-5.21,2.03,-0.80,2.19,1.60,1.40,0.86,1.15,0.30,2.66,2.82,2.72,1.40,1.69,1.71,2,2.31,2.32,1.27,0.70,0.45,-3.02,0.27,,1.70,0.60,-0.20,-2.27,0.05,0.14,2.25,-0.09,0.45,3.23,2.70,1.64,2.40,2.70,1.41,1.40,2.18,0.82,2.96,1.67,1.75,2.50,3,2.62,0.25,2.46,2.70,3.40,3.55,3.48,2.68,3.79,3.08,3.41,2.72,3.24,2.24,2.13,2.66,2.27,2.34,2.20,2.45,2.79,0.62,0.70,1.62,1.11,-0.02,0.84,1.40,1.74,-0.77,,-0.10,0.61,0.06,0.42,1.85,3.96,3.70,1.81,3.10,-1.12,-0.70,1.10,-1.10,-9,2.90,2.30,1.70,3.40,1.50,-7.20,1.50,2.40,2.40,1.70,1.70,2.50,1.60,3.10,2.90,2.90,3.10,1.20,2.10,2.30,2.80,2.30,2.20,1.70,1.60,3.80,2.90,3.40,3.30,0.90,2.50,1.40,2.20,1.90,1.60,2.80,2.40,2,1.40,,1.40,0,-0.20,,0.50,3.20,3.10,4.20,2.70,0.80,3.90,2.50,-0.70,0.10
2008-12-08 00:10,2,1.79,-0.18,1.15,-1.52,2.10,1.18,1.70,-2.18,1.30,-0.52,-0.07,-3.34,-0.76,-0.68,-1,-1.87,-5.27,-0.10,-1.80,-3.59,-3.54,-0.28,,2.74,2.43,1.92,-0.25,2.33,0.50,0.92,2.66,-5.08,0.39,0.84,0.73,1.81,0.88,-2.30,1.06,-6,-7.15,-5.27,2.03,-1,2.14,1.50,1.58,0.69,1.15,0.35,2.63,2.32,2.66,1.43,1.72,1.40,2.10,2.34,2.13,1.23,0.90,0.42,-3.10,0.32,,1.56,0.51,-0.20,-2.25,-0.05,0.16,2.26,-0.14,0.46,3.19,2.70,1.63,2.30,2.66,1.37,1.62,2.22,0.79,3.01,1.55,1.74,2.50,3.07,2.66,0.09,2.31,2.55,3.30,3.57,3.27,2.70,3.84,3.21,3.52,2.66,3.23,2.16,1.95,2.65,2.22,2.34,1.90,2.43,2.68,0.61,0.65,1.78,1.07,0.07,0.86,1.40,1.68,-0.69,,-0.20,0.47,0,0.27,1.82,3.97,3.70,1.88,2.95,-0.94,-0.60,,-1.20,-9,2.70,2.20,1.60,,,,,,,1.60,1.80,,1.60,3.10,2.90,2.78,,,,,,,,1.60,1.60,3.70,2.90,3.40,,,,,2.10,,1.60,2.70,2.40,2,,,,0,,,0.40,,,4.20,2.60,0.70,3.90,2.50,-0.60,
2008-12-08 00:20,2,1.85,-0.21,1.16,-1.54,1.83,1.19,1.80,-2.11,1.34,-0.52,-0.01,-3.37,-0.82,-0.66,-0.98,-2.01,-5.06,-0.10,-1.98,-3.83,-3.82,-0.41,,2.75,2.36,1.87,-0.34,2.32,0.50,0.85,2.53,-5.10,0.30,0.78,0.59,1.75,0.89,-2.55,1.05,-6.10,-7.17,-5.21,2.15,-1.10,2.13,1.60,1.56,0.73,1.21,0.21,2.70,2.25,2.45,1.38,1.82,1.30,2,2.35,2.05,1.18,1.20,0.40,-3.15,0.26,,1.45,0.57,-0.10,-2.13,-0.11,0.18,2.01,-0.13,0.47,3.18,2.60,1.53,2.30,2.79,1.41,1.62,2.03,0.80,2.99,1.39,1.56,2.50,2.94,2.58,0.05,2.29,2.74,3.10,3.48,3.19,2.77,3.80,3.13,3.64,2.60,3.22,2.04,1.99,2.63,2.30,2.31,1.80,2.44,2.65,0.47,0.60,1.74,1.02,-0.04,0.90,1.40,1.48,-0.62,,-0.30,0.65,0.08,0.14,1.87,3.87,3.70,1.87,3.05,-0.85,-0.60,,-1.50,-9.10,2.60,2.20,1.50,,,,,,,1.50,1.30,,1.60,3,2.90,2.76,,,,,,,,1.50,1.70,3.70,2.90,3.40,,,,,2.10,,1.50,2.50,2.40,2.10,1.30,,,-0.10,,,0.40,,,4.20,2.50,0.70,3.90,2.60,-0.60,
2008-12-08 00:30,2,1.84,-0.29,1.14,-1.62,1.98,1.19,1.80,-2.07,1.35,-0.44,-0.11,-3.45,-0.85,-0.64,-0.97,-1.90,-5,-0.10,-2.10,-4.06,-3.65,-0.38,,2.65,2.31,1.86,-0.39,2.33,0.40,0.84,2.52,-5.12,0.26,0.72,0.57,1.68,0.90,-2.46,1.15,-6.20,-7.09,-5.22,2.11,-1.20,2.12,1.60,1.46,0.84,1.24,0.21,2.83,2.32,2.37,1.42,1.50,1.28,1.90,2.24,1.95,0.98,1.30,0.17,-3.12,0.29,,1.23,0.70,0,-2.13,-0.06,0.12,1.91,-0.13,0.42,3.06,2.70,1.75,2.30,2.76,1.49,1.50,2.03,0.82,2.95,1.46,1.29,2.50,2.78,2.50,-0.07,2.26,2.34,3.10,3.52,3.27,2.74,3.86,3.07,3.62,2.59,3.27,1.90,1.78,2.72,2.27,2.35,1.90,2.40,2.65,0.27,0.59,1.96,0.96,-0.12,0.98,1.50,1.34,-0.55,,-0.30,0.66,0.07,0.28,1.87,3.87,3.70,1.93,3.06,-0.96,-0.60,,-1.70,-9.10,2.60,2.20,1.60,,,,,,,1.60,1,,1.50,2.90,2.80,2.85,,,,,,,,1.50,1.70,3.60,3,3.40,,,,,2,,1.40,2.40,2.40,2.30,1.10,,,-0.10,,,0.40,,,4.10,2.30,0.60,4,2.70,-0.60,
2008-12-08 00:40,1.90,1.82,-0.23,1.12,-1.62,1.89,1.18,1.80,-2.15,1.30,-0.40,-0.17,-3.46,-0.79,-0.66,-1.05,-1.98,-5.05,-0.10,-2.13,-4.16,-3.90,-0.42,,2.62,2.43,1.79,-0.41,2.37,0.30,0.78,2.57,-5.07,0.18,0.84,0.67,1.53,0.90,-2.47,1.21,-6.30,-7.16,-5.37,2.01,-1.30,2.09,1.60,1.48,0.65,1.20,0.26,2.93,2.38,2.28,1.29,1.24,1.02,1.70,1.87,1.71,1.03,1.30,0.11,-3.13,0.37,,0.89,0.77,0.10,-2.09,-0.14,-0.01,1.76,-0.16,0.43,2.72,2.30,1.79,2.20,2.66,1.54,1.60,2.08,0.84,3.01,1.39,1.14,2.40,2.66,2.61,-0.08,2.24,2.23,3,3.54,3.18,2.86,3.87,3.08,3.60,2.71,3.28,2.02,1.74,2.75,2.18,2.47,1.80,2.33,2.63,0.05,0.60,2.06,0.95,-0.23,1.08,1.50,1.18,-0.54,,-0.40,0.52,0.06,0.34,1.76,3.92,3.60,2.10,2.92,-0.85,-0.60,,-1.70,-9.10,2.60,2.10,1.50,,,,,,,1.70,1.20,,1.50,2.70,2.70,2.92,,,,,,,,1.60,1.70,3.40,3,3.40,,,,,2.10,,1.30,2.20,2.50,2.40,1.20,,,-0.40,,,0.40,,,4.20,2.20,0.60,4,2.70,-0.50,
2008-12-08 00:50,2,1.83,-0.25,1.15,-1.55,1.75,1.11,1.70,-2.19,1.28,-0.47,-0.01,-3.43,-0.71,-0.64,-0.99,-2.09,-5.06,-0.20,-2.28,-4.18,-4.17,-0.44,,2.59,2.38,1.75,-0.37,2.19,0.40,0.71,2.34,-5,0.15,0.69,0.67,1.56,0.85,-2.43,1.28,-6.40,-7.40,-5.50,1.91,-1.30,2.05,1.50,1.51,0.51,1.17,0.10,2.95,2.42,1.91,1.14,0.97,0.77,1.50,1.51,1.73,0.97,1.20,0.08,-3.17,0.38,,0.86,0.64,0,-2.03,-0.15,-0.04,1.53,-0.26,0.44,2.70,1.90,1.67,2.20,2.86,1.58,1.70,2.10,0.79,3.09,1.27,1.22,2.40,2.70,2.60,0.01,2.26,2.54,3,3.40,3.17,2.78,3.82,3.12,3.66,2.76,3.38,2.10,1.70,2.74,2.27,2.39,1.60,2.33,2.72,-0.08,0.60,2.16,0.90,-0.27,1.04,1.50,1.06,-0.55,,-0.50,0.52,-0.04,0.10,1.59,3.88,3.70,2.09,3.14,-1.06,-0.60,,-1.80,-9.20,2.50,2,0.80,,,,,,,1.80,1.50,,1.50,2.50,2.70,2.96,,,,,,,,1.60,1.70,3.30,3.10,3.30,,,,,2.10,,1.10,2.10,2.50,2.50,1.20,,,-0.30,,,0.40,,,4.10,1.70,0.50,4,2.70,-0.50,
2008-12-08 01:00,1.90,1.79,-0.21,1.13,-1.66,1.73,1.03,1.80,-2.20,1.26,-0.46,-0.08,-3.58,-0.66,-0.69,-1.08,-2.13,-5.16,-0.10,-2.28,-4.24,-4.07,-0.47,,2.60,2.29,1.76,-0.40,2.20,0.30,0.70,2.32,-4.96,0.13,0.46,0.56,1.54,0.70,-2.52,1.09,-6.50,-7.51,-5.53,1.72,-1.30,2.09,1.50,1.46,0.61,1.07,-0.04,3,2.48,1.74,0.97,0.82,0.81,1.40,1.29,1.82,0.81,0.70,-0.04,-3.22,0.37,,0.82,0.59,0,-2.03,-0.32,0.02,1.42,-0.25,0.52,2.83,1.70,1.68,2.16,2.78,1.67,1.70,2.16,0.89,2.97,1.27,1.35,2.40,2.80,2.56,-0.01,2.20,2.40,3,3.33,3.06,2.72,3.75,3,3.73,2.85,3.42,2.25,1.40,2.73,2.19,2.34,1.60,2.17,2.72,-0.15,0.60,2.18,0.86,-0.50,1.01,1.40,1.04,-0.61,,-0.70,0.49,-0.02,0.15,1.53,3.84,3.70,2.11,3.18,-0.75,-0.60,1.10,-1.80,-9.30,2.50,2,1.10,3.40,1.40,-7.20,1.80,2.50,2.60,1.70,1.60,2.40,1.50,2.40,2.70,3.30,,1.60,1.90,1.20,2.80,2.60,2.30,1.60,1.80,3.20,3.10,2.70,3.40,0.30,2.50,1.10,2.10,1.30,1,1.90,2.60,2.60,1,1.70,0.50,-0.50,-0.60,,0.40,,3.10,4.10,1.80,0.40,4,2.80,-0.50,-0.10
2008-12-08 01:10,2,1.76,-0.27,1.07,-1.70,1.65,1.07,1.80,-2.22,1.29,-0.41,-0.03,-3.62,-0.65,-0.71,-0.97,-2.10,-5.24,-0.20,-2.23,-4.26,-3.98,-0.47,,2.62,2.24,1.77,-0.46,2.05,0.30,0.66,2.25,-5,0.19,0.37,0.47,1.30,0.65,-2.53,0.97,-6.60,-7.70,-5.72,1.51,-1.30,2.08,1.40,1.34,0.60,1,0,2.99,2.47,1.92,0.96,0.75,0.90,1.30,1.22,1.62,0.66,0.50,-0.01,-3.09,0.33,,0.88,0.56,0,-2.08,-0.14,0.27,1.30,-0.13,0.74,2.91,1.80,1.78,2.20,2.81,1.71,1.70,2.06,0.65,3.02,1.35,1.43,2.20,2.69,2.71,-0.17,2.19,2.26,2.90,3.20,2.80,2.76,3.67,3.02,3.60,2.78,3.35,2.40,1.06,2.65,2.39,2.35,1.60,2.17,2.56,-0.08,0.64,2.18,0.78,-0.83,1.22,1.40,0.97,-0.64,,-0.80,0.31,-0.12,0.18,1.57,3.99,3.80,2.12,3.02,-0.73,-0.60,,-1.80,-9.40,2.50,2,1.30,,,,,,,1.70,1.70,,1.50,2.40,2.70,2.97,,,,,,,,1.50,1.80,3.10,3.10,2.70,,,,,2.10,,1,1.50,2.60,2.60,1,,,-0.50,,,0.30,,,4.20,2.10,0.40,4,2.80,-0.40,
2008-12-08 01:20,2,1.76,-0.30,0.98,-1.70,1.51,1.19,1.80,-2.26,1.35,-0.36,-0.05,-3.49,-0.70,-0.70,-0.97,-2.12,-5.23,-0.10,-2.25,-4.16,-4.28,-0.49,,2.55,2.19,1.76,-0.63,2.01,0.20,0.59,2.08,-5,0.03,0.47,0.50,1.56,0.66,-2.61,0.84,-6.70,-7.77,-5.88,1.65,-1.20,1.94,1.40,1.32,0.32,0.91,-0.02,3.04,2.39,2.11,1.13,0.64,0.78,1.30,1.33,1.67,0.80,0.40,0.04,-3.40,0.24,,1.37,0.58,-0.10,-2.08,-0.19,0.28,1.23,-0.22,0.55,3,1.80,1.67,2.30,2.76,1.72,1.70,2.01,0.68,3.03,1.39,1.54,2.30,2.72,2.72,-0.24,2.20,2.28,2.80,2.96,2.80,2.81,3.55,3.09,3.61,2.84,3.49,2.41,0.98,2.60,2.23,2.54,1.60,2.20,2.51,0.04,0.59,2.27,0.88,-1.22,1.35,1.40,0.90,-0.56,,-0.90,0.11,-0.13,0.37,1.62,4,3.70,2.20,2.96,-0.74,-0.60,,-1.70,-9.40,2.50,1.90,1.40,,,,,,,1.70,1.70,,1.40,2,2.70,3,,,,,,,,1.40,1.80,2.80,3,2.60,,,,,2.10,,1,1.40,2.70,2.70,0.90,,,-0.50,,,0.30,,,4.20,1.80,0.40,4,2.70,-0.40,
2008-12-08 01:30,2,1.75,-0.38,1.02,-1.70,1.43,1.14,1.80,-2.18,1.39,-0.31,0,-3.50,-0.65,-0.70,-1.13,-1.98,-5.13,-0.10,-2.30,-4.18,-3.95,-0.58,,2.49,2.19,1.60,-0.71,1.91,0,0.47,2.03,-5.12,-0.04,0.38,0.46,1.58,0.53,-2.70,0.83,-6.80,-7.86,-5.84,1.40,-1.30,1.79,1.30,1.29,0.36,0.85,-0.11,3.13,2.45,2.29,1.15,0.77,0.56,1.30,1.41,1.78,0.77,0.50,0.10,-3.63,0.07,,1.26,0.59,-0.10,-2.07,-0.25,0.29,0.97,-0.10,0.50,2.97,1.90,1.32,2.20,2.80,1.86,1.80,1.98,0.83,3.01,1.29,1.52,2.30,2.81,2.63,0,2.19,2.35,2.70,2.94,2.81,2.83,3.44,3.07,3.62,2.97,3.44,2.34,1.13,2.41,2.14,2.51,1.50,2.04,2.43,0.14,0.55,2.34,0.75,-1.25,1.42,1.40,0.81,-0.66,,-0.90,0.01,-0.14,0.34,1.58,3.87,3.80,2.36,3.12,-0.84,-0.60,,-1.80,-9.50,2.40,1.80,1.40,,,,,,,1.70,1.80,,1.40,1.70,2.70,3.03,,,,,,,,1.40,1.80,2.40,2.90,2.30,,,,,2.10,,0.90,1.40,2.80,2.70,1,,,-0.50,,,0.20,,,3.10,1.60,0.30,4,2.70,-0.30,
2008-12-08 01:40,1.90,1.77,-0.40,1.13,-1.70,1.45,1.19,1.70,-2.24,1.37,-0.41,-0.04,-3.51,-0.75,-0.63,-1.14,-1.97,-5.23,-0.10,-2.27,-4.32,-4.11,-0.60,,2.65,2.13,1.42,-0.71,1.80,-0.20,0.37,2.01,-5.26,-0.10,0.42,0.30,1.29,0.43,-2.71,0.86,-6.80,-7.92,-5.89,1.51,-1.30,1.31,1.20,1.21,0.49,0.84,-0.02,3.02,2.40,2.37,1.14,0.79,0.75,1.30,1.37,1.78,0.53,0.50,-0.03,-3.58,0.04,,1.11,0.62,-0.20,-2.05,-0.25,0.34,0.78,-0.18,0.81,2.93,1.90,0.88,2.40,2.67,1.85,1.70,2.09,0.86,3.03,1.23,1.54,2.30,2.73,2.48,-0.13,2.23,2.40,2.70,2.87,2.75,2.81,3.42,3.04,3.60,2.94,3.34,2.38,1.03,2.35,2.06,2.40,1.50,2.07,2.36,0.12,0.53,2.44,0.65,-1.35,1.35,1.30,0.68,-0.51,,-0.70,0.02,-0.06,0.09,1.56,3.80,3.80,2.41,3.09,-1,-0.60,,-1.80,-9.60,2.40,1.70,1.50,,,,,,,1.60,1.80,,1.40,1.50,2.60,3.05,,,,,,,,1.30,1.80,2.20,2.80,2.10,,,,,2,,0.90,1.30,2.80,2.70,,,,-0.50,,,0.10,,,1.80,1.50,0.40,4,2.60,-0.30,
2008-12-08 01:50,1.90,1.69,-0.32,1.18,-1.70,1.43,0.97,1.70,-2.22,1.39,-0.48,-0.08,-3.50,-0.75,-0.72,-1.07,-2.01,-5.33,-0.10,-2.26,-4.31,-4.22,-0.64,,2.50,2.14,1.39,-0.71,1.73,-0.30,0.36,2.05,-5.16,-0.07,0.57,0.31,1.31,0.32,-2.60,0.67,-6.80,-7.89,-5.96,1.39,-1.30,0.74,1.20,1.18,0.41,0.92,-0.16,3.08,2.31,2.44,1.07,1,0.86,1.30,1.21,1.74,0.48,0.70,-0.11,-3.63,0.13,,0.97,0.62,-0.20,-2.03,-0.16,0.20,0.50,-0.25,0.96,2.82,1.90,0.67,2.31,2.66,1.83,1.60,1.92,0.85,2.77,1.19,1.64,2.40,2.82,2.41,-0.21,2.20,2.21,2.70,2.77,2.69,2.73,3.41,3.03,3.62,2.93,3.33,2.31,1.01,2.17,2.15,2.47,1.20,1.98,2.34,-0.09,0.49,2.53,0.68,-1.18,1.19,1.30,0.70,-0.68,,-0.40,0.04,-0.03,0.11,1.78,3.82,3.70,2.49,2.90,-1.10,-0.60,,-1.80,-9.60,2.20,1.70,1.50,,,,,,,1.60,1.90,,1.30,1.60,2.60,3.05,,,,,,,,1.30,1.90,2,2.40,2,,,,,1.90,,0.90,1.20,2.80,2.70,1.10,,,-0.80,,,0.20,,,1.50,1.30,0.30,4.10,2.60,-0.10,
2008-12-08 02:00,1.90,1.75,-0.37,1.19,-1.70,1.41,0.86,1.70,-2.20,1.48,-0.48,-0.10,-3.45,-0.74,-0.69,-1.11,-1.95,-5.15,-0.20,-2.32,-4.30,-4.32,-0.56,,2.57,2.10,1.44,-0.70,1.71,-0.30,0.21,1.88,-5.18,-0.02,0.55,0.42,1.24,0.39,-2.69,0.54,-6.80,-7.86,-5.91,1.24,-1.30,0.63,1.10,1.03,0.19,0.87,-0.23,3.04,2.33,2.47,1.11,0.85,0.74,1.30,1.50,1.67,0.55,0.80,-0.23,-3.59,0.15,,0.73,0.63,-0.20,-1.92,-0.21,0.17,0.34,-0.29,0.93,2.74,2,0.53,2.21,2.66,1.55,1.60,2,0.78,2.65,1.25,1.70,2.40,2.74,2.55,-0.16,2.28,2.23,2.70,2.73,2.53,2.66,3.27,3.09,3.51,2.88,3.32,2.54,0.95,2.15,2.17,2.40,1.20,1.91,2.33,-0.41,0.43,2.47,0.63,-1.28,1.04,1.20,0.75,-0.64,,-0.40,0.07,0,0.26,1.90,3.74,3.70,2.49,2.91,-1.23,-0.60,0.90,-1.80,-9.60,2.10,1.60,1.50,2.90,1.30,-6.90,1.50,2.40,2.40,1.70,1.90,2.40,1.30,1.80,2.50,3.10,3.20,1.90,1.70,0.70,1.60,2.50,2.30,1.40,1.90,1.60,2.10,1.70,3.60,0.50,2.40,0.90,1.80,0.40,0.90,1.20,2.90,2.90,1.10,1.40,-1,-1,-0.40,-0.90,0.10,,2.20,0.80,1.10,-0.20,4.20,2.50,-0.10,0
2008-12-08 02:10,1.90,1.76,-0.37,1.11,-1.70,1.51,1.04,1.30,-2.21,1.49,-0.51,-0.13,-3.44,-0.73,-0.75,-1.17,-2.04,-5.07,-0.30,-2.34,-4.28,-4.05,-0.53,,2.52,2.08,1.50,-0.60,1.66,-0.30,0.17,1.80,-5.07,-0.07,0.43,0.34,1.10,0.50,-2.56,0.57,-6.80,-7.80,-5.84,1.09,-1.40,0.73,1,1.02,0.33,0.84,-0.12,2.98,2.35,2.62,1.05,0.88,0.76,1.30,1.48,1.67,0.51,0.90,-0.19,-3.61,0.15,,0.60,0.62,-0.20,-2.02,-0.12,0.35,0.25,-0.41,0.78,2.47,2.10,0.40,2.07,2.66,1.46,1.70,2.06,0.75,2.69,1.17,1.70,2.40,2.78,2.44,-0.18,2.16,2.17,2.60,2.77,2.48,2.72,3.21,2.99,3.49,2.91,3.25,2.32,0.81,2.08,2.21,2.45,1.20,1.87,2.27,-0.65,0.31,2.48,0.68,-1.01,1.08,1.20,0.79,-0.76,,-0.30,0.13,0,0.35,1.97,3.78,3.70,2.45,2.95,-1.31,-0.60,,-1.80,-9.70,2.10,1.60,1.50,,,,,,,1.70,1.90,,1.30,1.80,2.40,2.90,,,,,,,,1.40,1.90,1.60,1.90,1.70,,,,,1.80,,0.80,1.20,2.90,2.90,1.10,,,-1,,,0.10,,,0.70,0.90,-0.20,4.10,2.50,-0.10,
2008-12-08 02:20,1.90,1.64,-0.44,1.16,-1.70,1.49,1.17,1.10,-2.21,1.48,-0.53,-0.04,-3.50,-0.83,-0.77,-1.20,-2.03,-5.05,-0.40,-2.33,-4.34,-4.15,-0.53,,2.49,1.98,1.59,-0.69,1.51,-0.30,0.15,1.75,-5.07,-0.02,0.34,0.27,1.12,0.43,-2.58,0.36,-6.70,-7.76,-5.78,0.84,-1.40,0.70,0.90,1.02,0.16,0.75,-0.12,2.83,2.35,2.66,1.02,0.90,0.78,1.30,1.74,1.66,0.43,0.90,-0.22,-3.68,0.13,,0.57,0.58,-0.10,-1.98,-0.07,0.46,0.47,-0.67,0.70,2,2.10,0.43,2.10,2.69,1.43,1.60,1.96,0.79,2.75,1.25,1.71,2.40,2.81,2.45,-0.23,2.15,2.21,2.60,2.70,2.57,2.79,3.18,2.95,3.40,2.94,3.21,2.37,0.79,2.12,2.16,2.47,1.30,1.89,2.32,-0.77,0.26,2.70,0.65,-1.07,1.13,1.20,0.84,-0.79,,-0.30,-0.03,0.10,0.25,2,3.69,3.70,2.32,2.92,-1.28,-0.70,,-1.80,-9.70,2,1.40,1.50,,,,,,,1.70,1.80,,1.30,2.10,2.50,2.86,,,,,,,,1.40,1.80,1.50,1.80,1.50,,,,,1.80,,0.80,1.10,3,2.90,,,,-1.10,,,0.10,,,0.60,0.80,0,4.10,2.50,0,
2008-12-08 02:30,1.90,1.76,-0.37,1.05,-1.70,1.60,1.09,1.20,-2.21,1.43,-0.45,-0.21,-3.51,-1.05,-0.68,-1.09,-2.04,-5.10,-0.10,-2.35,-4.26,-4.06,-0.51,,2.44,1.77,1.60,-0.62,1.45,-0.20,0.22,1.53,-4.95,-0.06,0.23,0.24,1.15,0.40,-2.49,0.27,-6.70,-7.72,-5.77,0.73,-1.30,0.55,0.80,0.90,0.19,0.66,-0.20,2.67,2.39,2.56,1.02,1.05,0.80,1.30,1.71,1.76,0.46,0.80,-0.34,-3.72,0.18,,0.45,0.56,-0.10,-2,-0.02,0.45,0.44,-0.76,0.73,1.61,2,0.44,1.96,2.68,1.45,1.50,1.93,0.75,2.78,1.27,1.68,2.50,2.85,2.53,-0.20,2.11,2.30,2.50,2.62,2.53,2.66,3.23,2.92,3.31,2.90,3.21,2.23,0.63,2.21,2.06,2.53,1.30,1.83,2.31,-0.84,0.17,2.63,0.49,-1.04,1.16,1.10,0.80,-0.77,,-0.30,-0.02,0.08,0.06,2.07,3.71,3.60,2.13,2.75,-1.43,-0.80,,-1.80,-9.70,2.10,1.30,1.40,,,,,,,1.70,1.50,,1.30,2.10,2.50,2.72,,,,,,,,1.40,1.80,1.40,1.70,1.40,,,,,1.80,,0.80,1.10,3,3.10,1.10,,,-1.20,,,0,,,0.70,0.90,0.10,4.10,2.40,0.20,
2008-12-08 02:40,1.90,1.75,-0.50,1.04,-1.70,1.46,1.12,1.30,-2.23,1.36,-0.45,-0.13,-3.52,-1.09,-0.77,-1.09,-2.15,-5.07,-0.10,-2.43,-4.19,-4.13,-0.58,,2.45,1.58,1.54,-0.64,1.35,-0.20,0.14,1.48,-4.90,-0.01,0.25,0.21,1.07,0.33,-2.50,0.42,-6.70,-7.73,-5.84,0.97,-1.30,0.55,0.60,0.82,0.16,0.66,-0.15,2.61,2.35,2.56,1.04,1.13,1.02,1.20,1.73,1.80,0.57,0.70,-0.41,-3.93,0.13,,0.26,0.50,-0.20,-2.02,-0.11,0.24,0.45,-0.84,0.60,1.49,1.60,0.54,1.85,2.61,1.52,1.20,1.94,0.81,2.96,1.17,1.64,2.40,2.87,2.59,-0.24,2.09,2.28,2.50,2.59,2.23,2.52,3.29,2.88,3.26,2.89,3.16,2.10,0.53,2.15,2.11,2.54,1.50,1.87,2.26,-1.04,0.14,2.65,0.18,-0.97,1.23,1.10,0.95,-0.77,,-0.30,0.02,0.01,0.08,2.03,3.68,3.60,2.17,2.53,-1.33,-0.80,,-1.80,-9.70,2,1.20,1.30,,,,,,,1.70,1.60,,1.30,2.10,2.40,2.65,,,,,,,,1.50,1.70,1.30,1.40,1.30,,,,,1.70,,0.70,1,3.10,3.20,1.10,,,-1.10,,,0,,,0.80,0.80,-0.10,4.10,2.30,0.20,
2008-12-08 02:50,1.90,1.72,-0.43,1.13,-1.70,1.49,1.13,1.40,-2.21,1.37,-0.43,-0.13,-3.56,-1.10,-0.89,-1.08,-2.12,-5.09,-0.20,-2.26,-4.21,-4.19,-0.66,,2.55,1.50,1.40,-0.62,1.53,-0.10,0.06,1.65,-4.97,0.08,0.03,0.18,0.91,0.28,-2.50,0.42,-6.70,-7.72,-5.80,0.92,-1.30,0.66,0.40,0.80,-0.21,0.59,-0.22,2.58,2.26,2.48,1.03,1.06,1.11,1.20,1.73,1.77,0.48,0.70,-0.42,-4.10,0.10,,0.32,0.55,-0.20,-2.02,-0.19,-0.18,0.29,-0.99,0.40,1.16,1.20,0.61,1.72,2.70,1.65,1,1.98,0.83,2.89,1.05,1.70,2.40,2.88,2.54,-0.25,2.07,2.31,2.50,2.43,2.36,2.26,3.28,2.83,3.18,2.80,2.81,1.93,0.53,2.14,2.19,2.58,1.60,1.88,2.12,-1.01,0.18,2.76,-0.12,-0.99,1.21,1.10,0.92,-0.67,,-0.30,-0.08,0.03,0.07,1.92,3.71,3.70,2.29,2.60,-1.11,-0.80,,-1.80,-9.80,2,1.10,1.30,,,,,,,1.80,1.70,,1.20,2.10,2.40,2.64,,,,,,,,1.50,1.70,1.30,1.30,1.30,,,,,1.70,,0.70,1,3.10,3.40,1.20,,,-0.90,,,0,,,0.90,0.60,-0.10,4.10,2.30,0.30,
2008-12-08 03:00,1.90,1.79,-0.46,1.03,-1.70,1.56,1.06,1.40,-2.20,1.36,-0.48,-0.27,-3.56,-0.99,-0.98,-1.16,-2.05,-5.07,-0.20,-2.31,-4.22,-4.02,-0.63,,2.49,1.47,1.35,-0.58,1.42,-0.10,0.02,1.85,-5.11,0.15,0.22,0.07,1.34,0.27,-2.47,0.55,-6.80,-7.78,-5.80,1.05,-1.20,0.74,0.40,0.75,-0.31,0.43,-0.18,2.43,2.25,2.39,0.97,1.04,1.02,1.10,1.51,1.75,0.47,0.70,-0.41,-4.13,0.05,,0.69,0.52,-0.10,-2.01,-0.09,-0.23,0.41,-1.06,0.40,1.12,0.90,0.60,1.62,2.63,1.61,1.10,2,0.74,2.92,0.97,1.76,2.30,2.92,2.57,-0.22,2.07,2.34,2.50,2.53,2.32,1.98,3.23,2.83,3.11,2.86,2.99,1.79,0.63,2.06,1.98,2.63,1.70,1.83,2.05,-0.95,0.26,2.77,-0.32,-0.98,1.20,0.90,1.01,-0.59,,-0.30,-0.08,0.05,-0.02,1.81,3.70,3.70,2.45,2.72,-1,-0.80,0.90,-1.80,-9.80,2,1.10,1.20,3,1.40,-6.60,0.70,2.40,2.50,1.80,1.70,2.40,0.70,2.10,2.10,2.70,2.70,2.20,2.50,0.10,0.40,2.40,2.30,1.50,1.70,1.20,1.20,1.20,4.40,0.90,1.60,1.20,1.70,0.70,0.70,1,3.20,3.40,1.20,0.60,0.40,-0.40,0.20,,0,0.90,0.70,1,0.70,-0.30,4,2.30,0.30,0.20
2008-12-08 03:10,1.90,1.70,-0.48,0.99,-1.70,1.46,1.05,1.40,-2.31,1.22,-0.41,-0.27,-3.43,-0.88,-1.03,-1.19,-2.11,-5.05,-0.20,-2.29,-4.21,-3.95,-0.55,,2.56,1.54,1.20,-0.57,1.48,-0.10,0.04,1.93,-5.11,0.14,0.35,-0.03,1.39,0.17,-2.54,0.56,-6.80,-7.66,-5.87,1.09,-1.30,0.83,0.30,0.63,-0.36,0.38,-0.16,2.35,2.06,2.34,1.12,1.06,1.16,0.90,1.29,1.67,,0.60,-0.41,-3.99,-0.01,,0.60,0.51,-0.20,-1.97,0.04,-0.44,0.59,-1.06,0.34,0.86,0.80,0.65,1.60,2.49,1.68,1.40,1.94,0.63,2.96,0.89,1.58,2.30,2.87,2.52,-0.36,1.98,2.13,2.50,2.56,2.53,1.79,3.22,2.73,2.99,2.75,3.08,1.63,0.51,2.02,2,2.68,1.70,1.84,2.10,-0.98,0.10,2.87,-0.33,-0.86,1.20,0.80,1.06,-0.45,,-0.30,0,0.03,0.30,1.80,3.73,3.60,2.38,2.81,-0.77,-0.80,,-1.80,-9.90,2,1,1.20,,,,,,,1.80,1.80,,0.70,2.10,2.10,2.59,,,,,,,,1.50,1.60,1.10,1.10,1.20,,,,,1.60,,0.70,1,3.30,3.40,1.30,,,-0.40,,,-0.10,,,0.90,0.60,-0.30,4,2.30,0.40,
2008-12-08 03:20,1.80,1.63,-0.45,0.94,-1.70,1.45,1.03,1.30,-2.26,1.27,-0.55,-0.33,-3.49,-0.74,-1.03,-1.28,-2.10,-4.97,-0.30,-2.35,-4.25,-4.19,-0.57,,2.41,1.63,1.21,-0.53,1.35,-0.10,0.16,1.87,-5.23,0.08,0.49,-0.02,1.32,0.31,-2.55,0.46,-6.80,-7.76,-5.89,1.05,-1.30,0.81,0.20,0.53,-0.23,0.31,-0.32,2.23,1.90,2.15,0.98,0.95,1.06,0.80,1.09,1.72,,0.70,-0.52,-4.05,-0.07,,0.65,0.66,-0.20,-1.98,-0.12,-0.51,0.65,-1.04,0.50,0.55,0.60,0.67,1.60,2.44,1.73,1.50,1.83,0.73,2.97,0.84,1.71,2.30,2.75,2.54,-0.36,1.93,2.11,2.50,2.32,2.38,1.73,3.09,2.67,3.03,2.52,3.11,1.47,0.76,2,1.98,2.69,1.70,1.90,2.02,-0.97,0.23,3.04,-0.24,-0.86,1.30,0.70,1.15,-0.53,,-0.40,-0.02,-0.07,0.36,1.83,3.72,3.70,2.33,2.88,-0.63,-0.70,,-1.80,-9.90,2,0.90,1,,,,,,,1.80,1.90,,0.80,2.20,1.90,2.53,,,,,,,,1.50,1.60,1,1,1.10,,,,,1.60,,0.60,1,3.30,3.50,1.30,,,-0.10,,,-0.10,,,1.20,0.30,-0.50,3.90,2.30,0.40,
2008-12-08 03:30,1.80,1.70,-0.49,1.03,-1.70,1.53,1.08,1.40,-2.22,1.26,-0.60,-0.35,-3.56,-0.86,-0.88,-1.37,-2.13,-4.85,-0.40,-2.31,-4.24,-3.91,-0.55,,2.35,1.65,1.31,-0.52,1.31,-0.20,0.26,1.78,-5.11,-0.11,0.21,0.10,1.37,0.33,-2.54,0.30,-6.80,-7.91,-5.98,1.09,-1.30,0.84,0.20,0.49,-0.26,0.30,-0.31,2.17,1.72,2.08,0.90,0.92,0.94,0.70,0.99,1.80,,0.70,-0.58,-4.02,-0.08,,0.90,0.72,-0.20,-2.04,-0.14,-0.50,0.66,-1,0.18,0.48,0.40,0.63,1.50,2.35,1.78,1.60,1.82,0.76,2.97,0.83,1.63,2.30,2.79,2.52,-0.40,1.91,2.11,2.50,2.51,1.96,1.61,3.09,2.70,2.91,2.40,3.17,1.48,0.77,1.94,1.81,2.74,1.60,1.86,1.87,-1.05,0.20,3.04,-0.27,-0.68,1.27,0.40,1.15,-0.44,,-0.30,0.03,-0.03,0.19,1.96,3.72,3.70,2.36,2.73,-0.50,-0.70,,-1.70,-9.90,2.10,0.80,0.90,,,,,,,1.80,1.90,,0.90,2.20,2,2.48,,,,,,,,1.50,1.60,0.90,0.90,1.10,,,,,1.60,,0.40,1,3.30,3.60,1.30,,,-0.10,,,-0.10,,,1.40,0.10,-0.60,3.90,2.20,0.50,
2008-12-08 03:40,1.80,1.72,-0.56,1.10,-1.70,1.24,1.08,1.40,-2.13,1.33,-0.53,-0.23,-3.49,-0.89,-1.02,-1.34,-2.15,-4.90,-0.40,-2.29,-4.17,-4.15,-0.49,,2.31,1.57,1.26,-0.61,1.29,-0.20,0.34,1.70,-4.92,-0.22,-0.12,0.18,1.47,0.40,-2.51,0.37,-6.80,-7.93,-5.98,1.16,-1.20,0.86,0.10,0.43,-0.10,0.22,-0.30,2.31,1.63,2.05,0.70,0.84,0.86,0.70,0.99,1.65,,0.80,-0.61,-3.97,-0.11,,1.09,0.89,0.20,-1.99,-0.06,-0.60,0.68,-0.92,-0.05,0.54,0.20,0.61,1.40,2.44,1.80,1.60,1.86,0.81,2.93,0.90,1.56,2.20,2.83,2.68,-0.33,1.91,2.15,2.40,2.61,2.26,1.31,3.13,2.67,2.60,2.07,3.11,1.41,0.92,1.97,1.62,2.72,1.60,1.84,1.79,-1.07,0.18,3.08,-0.23,-0.59,1.29,0.20,1.19,-0.47,,-0.30,0.09,-0.10,0.23,1.89,3.52,3.70,2.39,2.68,-0.46,-0.70,,-1.70,-9.90,2,0.70,0.90,,,,,,,1.80,1.90,,1,2.20,2.10,2.43,,,,,,,,1.60,1.50,0.90,0.60,0.90,,,,,1.50,,0.20,0.90,3.50,3.60,,,,0,,,-0.10,,,1.50,-0.70,-0.70,3.80,2.10,0.50,
2008-12-08 03:50,1.80,1.68,-0.58,1.16,-1.80,1.49,1.04,1.40,-2.14,1.30,-0.53,-0.30,-3.46,-0.80,-0.88,-1.33,-2.12,-4.87,-0.20,-2.27,-4.14,-4.13,-0.49,,2.36,1.55,1.28,-0.63,1.35,-0.30,0.32,1.80,-4.95,-0.13,-0.10,-0.17,1.19,0.19,-2.57,0.53,-6.80,-7.87,-5.94,1.16,-1.30,0.87,0.10,0.35,0.11,0.11,-0.16,2.23,1.63,1.94,0.67,0.61,0.82,0.70,0.86,1.49,,0.70,-0.69,-3.87,-0.14,,1.27,1,0.60,-1.89,0,-0.69,0.67,-0.80,-0.32,0.62,0.30,0.46,1.40,2.53,1.82,1.60,1.74,0.74,2.87,0.81,1.47,2,2.78,2.62,-0.43,1.96,2.07,2.40,2.40,2.14,1.19,3.07,2.69,2.47,2.12,3.12,1.21,0.69,1.82,1.37,2.72,1.50,1.82,1.75,-1.02,0.20,3.16,-0.21,-0.48,1.30,0.10,1.17,-0.44,,-0.30,0.11,-0.06,0.30,1.79,3.48,3.70,2.41,2.67,-0.44,-0.80,,-1.70,-9.90,2,0.60,0.80,,,,,,,1.80,1.90,,1.10,2.20,2.10,2.39,,,,,,,,1.60,1.40,0.90,0.50,0.80,,,,,1.40,,0.10,0.90,3.60,3.60,1.40,,,0,,,-0.10,,,1.80,-0.60,-0.90,3.80,2.10,0.50,
2008-12-08 04:00,1.80,1.71,-0.54,1.08,-1.90,1.41,1.02,1.40,-2.10,1.25,-0.58,-0.24,-3.46,-0.85,-0.82,-1.24,-2.08,-4.91,-0.20,-2.33,-4.09,-4.20,-0.50,,2.43,1.50,1.24,-0.64,1.39,-0.30,0.24,1.88,-5.05,-0.13,0.19,-0.04,1.36,0.30,-2.58,0.65,-6.80,-7.83,-5.96,1.14,-1.30,0.88,0.10,0.31,0.05,0.12,-0.12,2.28,1.57,1.81,0.48,0.50,0.76,0.60,0.98,1.47,0.15,0.70,-0.63,-3.92,-0.14,,1.39,1,0.70,-1.79,0.06,-0.71,0.67,-0.66,-0.53,0.43,0.40,0.41,1.30,2.55,1.78,1.60,1.73,0.72,2.91,0.86,1.48,1.90,2.84,2.70,-0.39,1.86,2.01,2.40,2.37,2.26,1.10,2.93,2.68,2.39,2.21,3.13,1.22,0.77,1.70,1.08,2.73,1.50,1.72,1.77,-1.14,0.18,3.23,-0.21,-0.34,1.32,0,1.12,-0.42,,-0.30,-0.01,-0.01,0.28,1.72,3.44,3.70,2.32,2.67,-0.45,-0.80,0.90,-1.80,-9.90,2.10,0.50,0.70,2.60,1.10,-6.20,0.70,2.30,2.10,1.80,1.90,2.40,1.10,2.30,2.10,2.60,2.40,2.40,2.50,1.10,0.30,2.10,2.30,1.60,1.40,0.90,0.40,0.60,4.70,1,1.40,1.70,1.30,0.40,0.10,0.80,3.80,3.60,1.50,0,0.70,0,0.60,-0.90,-0.10,1.20,0.30,1.70,-0.70,-0.90,3.70,1.90,0.60,0.20
2008-12-08 04:10,1.80,1.71,-0.48,1.02,-1.90,1.39,1.07,1.40,-2.16,1.36,-0.67,-0.24,-3.54,-0.76,-0.76,-1.29,-2.13,-4.93,-0.20,-2.32,-4.16,-4.26,-0.57,,2.43,1.56,1.26,-0.69,1.41,-0.30,0.29,1.79,-5.05,-0.06,0.27,0.08,1.38,0.32,-2.62,0.64,-6.70,-7.75,-5.93,1.10,-1.40,0.88,0.10,0.28,0.19,0.13,-0.13,2.47,1.58,1.77,0.39,0.49,0.72,0.50,0.79,1.36,0.09,0.50,-0.69,-4.03,-0.18,,1.37,0.92,0.40,-1.79,0.12,-0.69,0.81,-0.56,-0.70,0.24,0.20,0.49,1.30,2.66,1.81,1.60,1.75,0.68,2.98,0.87,1.47,1.80,2.85,2.63,-0.33,1.87,1.96,2.30,2.39,2.38,1.03,2.78,2.64,2.23,2.14,3.11,1.09,0.68,1.51,0.98,2.69,1.30,1.50,1.68,-1.34,0.12,3.25,-0.18,-0.14,1.38,-0.20,1.15,-0.44,,-0.30,-0.09,-0.05,0.02,1.71,3.45,3.70,2.11,2.62,-0.56,-0.80,,-1.80,-9.90,2,0.30,0.60,,,,,,,1.90,1.90,,1.10,2.30,2.10,2.38,,,,,,,,1.60,1.40,0.80,0.40,0.60,,,,,1.30,,0,0.80,3.80,3.60,1.50,,,0,,,-0.10,,,1.50,-0.90,-0.90,3.70,1.90,0.60,
2008-12-08 04:20,1.90,1.67,-0.51,1.11,-1.90,1.55,1.10,1.40,-2.19,1.35,-0.59,-0.10,-3.45,-0.83,-0.73,-1.35,-2.09,-4.90,-0.10,-2.52,-4.13,-4.12,-0.65,,2.39,1.54,1.25,-0.72,1.31,-0.20,0.32,1.80,-5,-0.22,0.36,0.39,1.34,0.33,-2.67,0.74,-6.70,-7.66,-5.88,1.11,-1.40,0.93,0,0.24,0.29,0.11,-0.08,2.45,1.54,1.83,0.36,0.50,0.61,0.40,0.79,1.22,0.01,0.50,-0.74,-4.08,-0.19,,1.54,0.96,0.30,-1.71,0.35,-0.76,0.95,-0.55,-0.81,0.23,0,0.56,1.20,2.60,1.81,1.60,1.85,0.72,3,0.94,1.48,1.90,2.80,2.59,-0.34,1.81,2.12,2.30,2.51,2.10,0.95,2.72,2.65,1.95,2.03,3.02,1.15,0.79,1.51,0.82,2.69,1.30,1.41,1.63,-1.31,0.15,3.65,-0.09,-0.09,1.36,-0.20,1.13,-0.58,,-0.30,-0.02,-0.09,-0.08,1.72,3.43,3.70,1.97,2.65,-0.37,-0.80,,-1.80,-9.90,1.90,0.20,0.50,,,,,,,1.90,2,,1.20,2.30,2.10,2.45,,,,,,,,1.60,1.30,0.70,0.40,0.70,,,,,1.10,,-0.10,0.70,4,3.60,1.70,,,-0.10,,,-0.10,,,1.70,-0.50,-0.90,3.60,1.80,0.60,
2008-12-08 04:30,1.90,1.64,-0.44,1.10,-1.90,1.63,1.11,1.50,-2.16,1.36,-0.60,-0.01,-3.46,-0.94,-0.70,-1.23,-2.08,-4.86,-0.20,-2.57,-4.13,-3.95,-0.59,,2.28,1.70,1.30,-0.68,1.14,-0.20,0.35,1.79,-5.06,-0.12,0.25,0.35,1.33,0.30,-2.65,0.53,-6.70,-7.67,-5.79,1.27,-1.50,0.96,0.10,0.20,0.28,0.13,-0.07,2.35,1.51,1.84,0.42,0.43,0.61,0.50,0.73,1.08,-0.10,0.40,-0.75,-4.09,-0.21,,1.70,0.98,0.30,-1.58,0.36,-0.83,1.06,-0.59,-0.81,-0.07,-0.30,0.56,1.10,2.65,1.71,1.60,1.98,0.80,2.98,0.93,1.45,1.80,2.69,2.53,-0.38,1.82,2.01,2.40,2.51,1.94,0.96,2.64,2.69,1.77,2.03,2.70,1.34,0.93,1.45,0.54,2.69,1.20,1.46,1.63,-1.17,0.21,3.75,0.03,0,1.38,-0.30,1.10,-0.67,,-0.30,-0.07,0.04,0.02,1.67,3.54,3.60,2.01,2.69,-0.17,-0.70,,-1.90,-9.90,1.90,0.20,0.50,,,,,,,1.90,1.90,,1.30,2.30,2.10,2.51,,,,,,,,1.60,1.30,0.70,0.40,0.60,,,,,0.90,,-0.30,0.70,4,3.70,1.70,,,0,,,-0.10,,,1.80,-0.30,-0.80,3.50,1.80,0.80,
2008-12-08 04:40,2,1.67,-0.48,1.06,-1.90,1.58,1.12,1.50,-2.16,1.33,-0.68,-0.07,-3.46,-0.88,-0.79,-1.36,-2.23,-4.96,-0.30,-2.30,-4.16,-4.02,-0.63,,2.19,1.74,1.35,-0.67,1.12,-0.20,0.32,1.90,-5.10,-0.61,-0.05,0.19,1.38,0.28,-2.69,0.47,-6.60,-7.71,-5.72,1.35,-1.50,0.90,0.10,0.20,0.34,0.24,-0.15,2.35,1.57,1.81,0.37,0.27,0.68,0.40,0.66,1.01,-0.06,0.30,-0.79,-4.14,-0.20,,1.80,0.95,0.40,-1.44,0.48,-0.70,1.21,-0.53,-0.83,-0.26,-0.40,0.47,1.10,2.64,1.72,1.60,1.97,0.72,2.95,0.93,1.48,1.70,2.62,2.45,-0.48,1.88,1.83,2.40,2.46,2.37,0.75,2.45,2.57,1.61,2.05,2.59,1.62,1.07,1.25,0.39,2.59,1.10,1.48,1.62,-1.12,0.23,3.92,0.07,-0.05,1.39,-0.30,1.10,-0.82,,-0.40,-0.06,-0.01,-0.04,1.76,3.53,3.60,2,2.85,-0.08,-0.60,,-1.80,-10,2,0.30,0.50,,,,,,,1.80,2,,1.30,2.20,2.10,2.42,,,,,,,,1.60,1.30,0.50,0.40,0.50,,,,,0.90,,-0.40,0.60,4,3.80,1.70,,,0,,,0,,,1.90,-1.20,-1.10,3.40,1.70,0.90,
2008-12-08 04:50,2,1.75,-0.51,1.03,-1.90,1.50,1.15,1.50,-2.21,1.25,-0.71,-0.06,-3.43,-0.77,-0.84,-1.31,-2.16,-4.93,-0.30,-2.32,-4.09,-4.27,-0.66,,2.30,1.69,1.35,-0.75,1.23,-0.20,0.30,1.98,-5.06,-0.40,-0.29,-0.08,1.35,0.21,-2.67,0.63,-6.70,-7.67,-5.69,1.16,-1.40,0.88,0.10,0.20,0.39,0.24,-0.09,2.29,1.59,1.80,0.32,0.17,0.65,0.40,0.70,0.95,0.02,0.30,-0.81,-4.16,-0.16,,1.77,1.03,0.30,-1.50,0.63,-0.82,1.30,-0.59,-0.77,-0.39,-0.40,0.56,1.10,2.64,1.75,1.60,1.94,0.57,3.01,0.99,1.51,1.80,2.51,2.46,-0.46,1.88,1.83,2.30,2.47,2.28,0.68,2.22,2.36,1.37,1.95,2.58,1.85,1.16,1.12,0.64,2.62,1.10,1.50,1.53,-0.93,0.19,4.11,0.08,-0.19,1.41,-0.50,1.29,-0.83,,-0.40,-0.03,-0.03,-0.20,1.73,3.30,3.50,2.05,2.85,-0.01,-0.60,,-1.80,-10,2,0.30,0.60,,,,,,,1.90,1.90,,1.30,2.30,2,2.47,,,,,,,,1.60,1.40,0.40,0.40,0.40,,,,,0.80,,-0.50,0.60,4.10,3.90,1.80,,,0,,,0,,,2.20,-1.60,-1.10,3.40,1.70,0.90,
2008-12-08 05:00,1.90,1.73,-0.50,1.03,-1.90,1.56,1.19,1.50,-2.16,1.28,-0.67,0.02,-3.37,-0.77,-0.82,-1.33,-2,-4.89,-0.40,-2.27,-4.04,-4.26,-0.71,,2.31,1.74,1.39,-0.66,1.19,-0.20,0.12,1.93,-5.05,-0.19,-0.18,-0.11,1.44,0.23,-2.70,0.70,-6.70,-7.64,-5.62,1.20,-1.40,0.86,0.10,0.29,0.46,0.19,0.02,2.30,1.68,1.78,0.25,0.29,0.65,0.50,0.69,0.90,-0.06,0.20,-0.82,-4.30,-0.22,,1.95,0.99,0.40,-1.45,0.71,-0.91,1.41,-0.55,-0.87,-0.14,-0.30,0.75,1,2.32,1.79,1.50,1.86,0.54,3.04,0.97,1.44,1.90,2.52,2.40,-0.54,1.92,1.91,2.30,2.31,1.97,0.58,2.29,2.14,1.38,1.86,2.59,2.02,1.13,1.09,0.74,2.46,1,1.47,1.44,-0.84,0.17,4.24,0.21,-0.19,1.29,-0.50,1.21,-0.70,,-0.40,-0.04,0.01,-0.17,1.69,3.21,3.50,2.06,2.67,0.05,-0.50,1,-1.80,-10,2,0.30,0.60,,0.80,-6,0.30,1.70,1.80,1.90,2,2.40,1.20,2.30,1.90,2.40,1.20,2.90,1.90,1.40,0.60,1.80,1.70,1.60,1.40,0.20,0.40,0.40,4.60,1.60,1.20,1.50,0.60,0.60,-0.60,0.60,4.10,4,1.80,,0.50,-0.10,0.80,-0.60,0,1.80,0.60,2.40,-2.10,-1.40,3.20,1.50,0.90,0.20
2008-12-08 05:10,2,1.75,-0.47,1.03,-1.90,1.52,1.15,1.60,-2.22,1.28,-0.63,-0.03,-3.41,-0.91,-0.76,-1.38,-2.11,-4.95,-0.50,-2.32,-4.10,-4.23,-0.77,,2.04,1.85,1.43,-0.65,1.26,-0.20,0.19,2.03,-4.99,-0.23,-0.28,0.06,1.35,0.31,-2.69,0.68,-6.70,-7.61,-5.63,1.07,-1.50,0.73,0.10,0.19,0.46,0.21,-0.11,2.34,1.68,1.71,0.37,0.22,0.57,0.50,0.60,0.98,-0.05,0.10,-0.80,-4.38,-0.25,,1.89,1.02,0.50,-1.50,0.86,-0.95,1.51,-0.54,-0.80,-0.04,-0.30,0.89,0.91,2.19,1.73,1.60,2.07,0.58,2.92,0.77,1.39,2,2.53,2.34,-0.46,1.89,1.86,2.30,2.50,2.11,0.46,2.02,2.06,1.40,1.52,2.63,2.13,1.24,1.15,0.80,2.18,1,1.51,1.36,-0.88,0.13,4.39,0.07,-0.20,1.20,-0.50,1.18,-0.60,,-0.40,-0.08,-0.02,-0.17,1.37,3.17,3.40,2.06,2.59,0.28,-0.50,,-1.90,-10,2,0.30,0.60,,,,,,,1.80,2,,1.20,2.30,1.80,2.18,,,,,,,,1.60,1.50,0.10,0.40,0.40,,,,,0.50,,-0.60,0.60,4.10,4,1.80,,,0,,,0,,,2.40,-1.90,-1.40,3.20,1.50,0.90,
2008-12-08 05:20,1.90,1.70,-0.55,1.02,-1.90,1.49,1.17,1.50,-2.22,1.29,-0.51,-0.04,-3.42,-0.97,-0.80,-1.41,-2,-5.04,-0.40,-2.44,-4.07,-3.88,-0.64,,1.65,1.94,1.37,-0.63,1.26,-0.20,0.15,2.07,-5.03,-0.12,-0.20,0.28,1.42,0.22,-2.69,0.67,-6.60,-7.71,-5.73,0.90,-1.50,0.71,0.10,0.13,0.41,0.25,-0.04,2.34,1.64,1.84,0.38,0.18,0.58,0.50,0.37,0.99,-0.14,0.10,-0.96,-4.35,-0.30,,1.86,1.06,0.50,-1.51,0.97,-0.91,1.50,-0.53,-0.66,-0.01,-0.30,0.91,0.79,2.19,1.72,1.60,2.18,0.38,2.85,0.75,1.22,1.90,2.55,2.44,-0.46,1.85,1.97,2.20,2.35,2.13,0.48,1.80,1.89,1.35,1.29,2.68,2.32,1.31,1.09,0.95,1.93,1,1.52,1.44,-0.94,0.13,4.37,0.21,-0.11,1.13,-0.60,1.14,-0.41,,-0.50,0,-0.07,-0.21,1.37,3.09,3.30,2.03,2.39,0.27,-0.40,,-1.90,-10,2.10,0.30,0.50,,,,,,,1.80,2,,1.10,2.20,1.80,2.16,,,,,,,,1.60,1.60,0,0.30,0.40,,,,,0.10,,-0.60,0.50,4,4.20,1.90,,,-0.10,,,-0.10,,,2.40,-2.30,-1.50,3.10,1.30,0.90,
2008-12-08 05:30,1.80,1.74,-0.55,0.95,-1.80,1.60,1.17,1.50,-2.20,1.38,-0.53,-0.07,-3.39,-0.81,-0.79,-1.48,-1.95,-5.09,-0.40,-2.48,-4.06,-4.21,-0.62,,1.46,1.97,1.53,-0.68,1.18,-0.10,0.28,2.15,-5,0.10,0.05,0.31,1.58,0.21,-2.73,0.52,-6.70,-7.78,-5.82,1.13,-1.50,0.58,0.10,0.13,0.23,0.24,-0.17,2.34,1.62,1.89,0.33,0.21,0.55,0.40,0.40,0.88,-0.23,0.10,-0.94,-4.35,-0.36,,2.06,1.10,0.60,-1.60,0.94,-0.80,1.55,-0.54,-0.53,0.15,-0.20,0.92,0.56,2.05,1.78,1.60,2.01,0.42,2.90,0.80,1.16,2,2.54,2.27,-0.50,1.78,1.97,2.20,2.51,2.27,0.41,1.65,1.71,1.29,1.21,2.75,2.47,1.21,0.86,1.01,1.69,1,1.57,1.46,-0.96,0.08,4.35,0.17,0.03,1,-0.60,1.11,-0.31,,-0.50,-0.07,0.02,-0.18,1.20,2.78,3.30,2.01,2.39,0.23,-0.40,,-1.90,-10,1.90,0.60,0.60,,,,,,,1.80,2,,1.20,2.20,1.90,2.15,,,,,,,,1.60,1.50,-0.10,0.20,0.40,,,,,-0.10,,-0.50,0.50,4.10,4.20,1.90,,,0,,,0,,,2.30,-2.10,-1.60,3.10,1.20,0.90,
2008-12-08 05:40,1.70,1.68,-0.55,0.95,-1.90,1.65,1.20,1.50,-2.26,1.38,-0.52,-0.11,-3.35,-0.79,-0.84,-1.46,-1.92,-5.02,-0.40,-2.47,-4.10,-3.75,-0.65,,1.46,1.95,1.53,-0.64,1.17,-0.10,0.29,2.07,-5.04,0.27,0.30,0.43,1.59,0.44,-2.73,0.34,-6.60,-7.73,-5.80,1.16,-1.40,0.61,0.10,0.11,0.11,0.30,-0.04,2.17,1.61,1.86,0.39,0.29,0.60,0.50,0.69,1.06,-0.29,0.10,-0.97,-4.38,-0.41,,2.20,1.16,0.50,-1.68,1,-0.10,1.58,-0.48,-0.48,0.24,-0.20,1.08,0.40,1.69,1.77,1.60,2.15,0.48,2.96,0.90,1.15,2,2.44,2.44,-0.63,1.75,1.96,2.20,2.54,2.03,0.32,1.46,1.59,1.24,1.07,2.69,2.75,1.37,0.69,0.93,1.68,1.10,1.56,1.45,-0.93,0.09,4.39,0.11,-0.16,1.05,-0.50,1.07,-0.13,,-0.40,-0.08,0.01,0.03,0.98,2.48,3.30,1.98,2.33,0.39,-0.40,,-1.80,-10,1.70,0.70,0.60,,,,,,,1.80,2,,1.10,2.10,1.90,2.18,,,,,,,,1.60,1.50,-0.30,0.20,0.40,,,,,0,,-0.50,0.50,4.10,4.30,,,,0,,,0,,,2.30,-1.70,-1.40,3.10,1.10,0.90,
2008-12-08 05:50,1.60,1.70,-0.47,0.94,-1.90,1.56,1.16,1.50,-2.31,1.32,-0.62,-0.19,-3.36,-0.84,-0.73,-1.36,-1.86,-5.21,-0.60,-2.40,-4.03,-4.08,-0.64,,1.59,1.86,1.59,-0.58,1.12,-0.10,0.18,2.12,-5.03,0.09,0.46,0.59,1.62,0.50,-2.61,0.25,-6.60,-7.69,-5.75,1.27,-1.50,0.63,0.10,0.09,0.03,0.19,-0.09,2.16,1.63,1.86,0.39,0.30,0.70,0.40,0.66,1.07,-0.34,0,-1.02,-4.54,-0.43,,2.22,1.12,0.50,-1.72,1.05,0.56,1.62,-0.42,-0.47,0.44,-0.20,1.17,0.40,1.65,1.71,1.50,2.06,0.55,2.88,0.79,1.14,2,2.46,2.36,-0.51,1.62,1.96,2.20,2.44,2,0.17,1.40,1.35,1.18,0.94,2.43,2.94,1.20,0.38,0.75,1.82,1,1.52,1.33,-0.81,0.07,4.49,0.16,0.06,1.09,-0.50,1.10,0.02,,-0.50,-0.11,0,0.09,0.73,2.37,3.40,1.93,2.28,0.47,-0.40,,-1.90,-10,1.80,0.80,0.60,,,,,,,1.80,2,,1.10,2.10,1.90,2.21,,,,,,,,1.70,1.50,-0.50,0.10,0.50,,,,,0,,-0.60,0.50,4.10,4.30,2,,,0,,,0,,,2,-1.10,-1.40,3.10,1.10,1,
2008-12-08 06:00,2,1,-0.55,1,-2,1.31,1.15,1.60,-2.27,1.31,-0.63,-0.12,-3.35,-1,-0.90,-1,-2,-5.14,0,-2.27,-4,-3.94,-0.58,2,1,2,1.55,-0.59,1,0,-1,2,-4.95,0,0.36,0,2,1,-3,2,-7,-8,-6,1,-1.50,0.64,1,0.10,0,0.27,0,3,1.62,1.89,0.34,1,1,0,1,1.10,-0.27,0,-1.07,-4.61,-0.53,,2.28,1.16,0.40,-1.68,0.93,1.02,1.70,-0.42,-0.44,0.61,-0.10,1.15,1,1,2,1,1.80,1,2.74,0.77,3,2,2.47,2.37,-0.53,1.64,2,2.20,3,1.95,0.15,1.28,1.23,1.14,0.85,2.27,2.95,1.32,0.37,0.63,1.68,1.10,1.45,1.36,-0.74,0.05,4.47,0.23,0.10,1.03,-0.60,0.99,0.07,,-0.50,0.07,0.14,-0.07,0.53,2.60,3.20,1.85,2.60,0.43,-0.30,1,-2,-10,1.50,0.70,0.60,2.20,2,-6,0,0,1,2,2,2.40,0.90,2.10,1.40,2.40,,3.30,2,2,1,1.70,1.30,1.70,1.50,-0.60,0.10,0.50,4.70,1.90,1.20,1.50,0.20,0.40,-0.60,0.50,4.10,4.40,2.10,,0.50,0,0.70,-0.40,-0.10,2.30,0.50,1.90,-0.70,-1.50,3.30,1,0.90,0
2008-12-08 06:10,1.50,1.60,-0.56,0.96,-1.82,1.29,1.16,1.50,-2.26,1.10,-0.65,-0.05,-3.31,-0.77,-0.87,-1.45,-1.90,-5.35,-0.40,-2.25,-4.08,-3.83,-0.57,,1.80,1.84,1.55,-0.66,1,0,0.10,2.38,-4.91,0.18,0.34,0.59,1.65,0.55,-2.52,0.51,-6.60,-7.66,-5.76,0.74,-1.40,0.65,0.10,0.15,0.32,0.37,-0.19,2.18,1.47,1.91,0.26,0.28,0.72,0.40,0.78,1.10,-0.31,0.20,-1.07,-4.56,-0.63,,2.26,1.26,0.40,-1.59,0.84,1.18,1.62,-0.38,-0.37,0.57,0.10,1.13,0.50,1.47,1.70,1.65,1.77,0.57,2.76,0.72,1.26,1.90,2.40,2.34,-0.59,1.68,2.17,2.20,2.44,1.93,0.22,1.21,1.11,1.06,0.76,2.21,3.05,1.28,0.22,0.42,1.37,1,1.40,1.35,-0.63,0.06,4.44,0.24,0.19,0.88,-0.50,0.78,0.11,,-0.50,0.09,-0.06,-0.09,0.46,2.17,3.50,1.79,2.14,0.60,-0.40,,-1.90,-10,1.10,0.60,0.60,,,,,,,1.80,1.90,,0.90,2.10,1.40,2.35,,,,,,,,1.70,1.50,-0.60,0.10,0.50,,,,,0.20,,-0.50,0.40,4.10,4.40,2.10,,,0,,,0,,,1.60,-0.60,-1.50,3.30,1,0.90,
2008-12-08 06:20,1.70,1.66,-0.59,0.89,-1.90,1.41,1.11,1.50,-2.33,0.99,-0.71,-0.12,-3.41,-0.75,-0.84,-1.38,-1.91,-5.37,-0.40,-2.43,-4.11,-3.88,-0.52,,1.91,1.78,1.52,-0.62,0.92,0,0.09,2.26,-4.86,0.34,0.53,0.52,1.54,0.60,-2.56,0.56,-6.60,-7.66,-5.73,0.90,-1.40,0.59,0.10,0.21,0.25,0.30,-0.15,2.15,1.38,1.90,0.29,0.29,0.70,0.40,0.78,1.05,-0.28,0.10,-1.13,-4.56,-0.65,,2.25,1.18,0.40,-1.62,0.98,1.31,1.64,-0.36,-0.33,0.77,0.30,1.18,0.50,1.10,1.69,1.69,1.92,0.60,2.84,0.78,1.29,1.90,2.34,2.33,-0.67,1.73,1.88,2.20,2.33,2.04,0.20,1.23,1.02,1.06,0.66,2.12,3.11,1.08,0.24,0,1.30,1,1.33,1.33,-0.60,0.04,4.56,0.30,0.22,0.89,-0.50,0.65,0.15,,-0.50,-0.04,0,0.13,0.26,2.02,3.40,1.85,1.90,0.57,-0.30,,-1.90,-10,0.90,0.70,0.60,,,,,,,1.70,1.90,,0.90,2,1.30,2.36,,,,,,,,1.80,1.50,-0.60,0,0.40,,,,,0.30,,-0.50,0.50,4.20,4.30,2.10,,,0,,,-0.10,,,1.30,-0.50,-1.60,3.30,1,1,
2008-12-08 06:30,1.40,1.55,-0.51,0.82,-1.94,1.41,1.13,1.60,-2.37,1.07,-0.68,-0.11,-3.38,-0.84,-0.94,-1.50,-2.02,-5.36,-0.30,-2.46,-4.06,-3.83,-0.57,,2.07,1.78,1.52,-0.56,0.78,-0.10,0.04,2.20,-4.82,0.33,0.54,0.57,1.63,0.47,-2.62,0.40,-6.60,-7.68,-5.72,0.80,-1.40,0.60,0.10,0.14,0.17,0.32,-0.11,2.09,1.34,1.83,0.27,0.30,0.68,0.50,0.78,1.06,-0.28,0.10,-1.12,-4.59,-0.76,,2.23,1.19,0.40,-1.66,1.05,1.23,1.64,-0.43,-0.25,1.07,0.30,1.20,0.50,1,1.71,1.63,1.97,0.54,2.81,0.72,1.33,1.90,2.39,2.34,-0.72,1.77,2.11,2.30,2.23,2.33,0.09,1.16,0.93,1.07,0.61,1.98,3.12,1.08,0.28,-0.47,1.42,1,1.39,1.32,-0.39,0.01,4.53,0.08,0.27,0.88,-0.60,0.70,0.14,,-0.50,-0.03,0.05,-0.19,-0.10,2.05,3.40,1.96,2.02,0.50,-0.20,,-1.90,-10,0.70,0.70,0.60,,,,,,,1.70,1.90,,0.60,2,1.10,2.44,,,,,,,,1.80,1.50,-0.60,0.10,0.30,,,,,0.30,,-0.40,0.50,4.20,4.30,,,,0.10,,,0,,,1.10,-0.10,-1.40,3.20,0.90,1.10,
2008-12-08 06:40,1.30,1.46,-0.59,0.75,-1.98,1.48,1.12,1.60,-2.36,1.13,-0.75,-0.23,-3.28,-0.84,-0.97,-1.42,-2.03,-5.39,-0.30,-2.33,-4.18,-3.72,-0.53,,2.08,1.79,1.50,-0.60,0.87,-0.10,0.06,2.33,-4.90,0.18,0.46,0.66,1.58,0.55,-2.60,0.20,-6.60,-7.69,-5.73,0.49,-1.40,0.48,0.10,0.22,0.11,0.31,-0.23,2.15,1.24,1.88,0.18,0.28,0.57,0.50,0.75,1.01,-0.39,0.10,-1.11,-4.56,-0.75,,2.21,1.18,0.50,-1.50,0.90,1.30,1.66,-0.46,-0.17,1.24,0.60,1.22,0.50,1.10,1.68,1.55,1.97,0.68,2.89,0.75,1.36,1.90,2.38,2.26,-0.61,1.80,2.01,2.30,2.28,1.88,0.16,1.14,0.87,0.90,0.53,1.83,3.09,1.08,0.22,-0.74,1.67,0.90,1.27,1.41,-0.35,0.13,4.55,0,0.35,0.78,-0.60,0.52,0.10,,-0.40,0.04,0.03,-0.19,-0.18,1.83,3.40,2.01,2.13,0.69,-0.20,,-1.90,-10,0.70,0.70,0.60,,,,,,,1.40,1.90,,0.70,2,1,2.39,,,,,,,,1.70,1.60,-0.60,0.10,0.30,,,,,0.10,,-0.30,0.50,4.30,4.30,2.20,,,0.10,,,0,,,0.90,0.10,-1.50,3.10,0.80,1.10,
2008-12-08 06:50,1.30,1.34,-0.70,0.77,-2,1.53,1.10,1.50,-2.37,1.14,-0.66,-0.13,-3.30,-0.81,-0.97,-1.48,-1.99,-5.40,-0.30,-2.32,-4.15,-3.81,-0.60,,2.05,1.73,1.56,-0.59,0.88,-0.10,0.11,2.34,-4.97,0.18,0.44,0.59,1.63,0.46,-2.54,0.30,-6.60,-7.62,-5.77,0.49,-1.40,0.47,0.10,0.15,0.10,0.28,-0.30,2.12,1.27,1.82,0.16,0.28,0.59,0.40,0.67,1.01,-0.33,0.10,-1.13,-4.67,-0.73,,2.21,1.17,0.50,-1.40,0.91,1.29,1.72,-0.50,-0.21,1.57,0.60,1.38,0.40,0.87,1.66,1.40,1.92,0.53,2.77,0.83,1.49,1.90,2.43,2.29,-0.72,1.81,1.95,2.20,2.20,2.39,0.12,1.08,0.79,0.87,0.48,1.74,3.06,0.97,0.08,-0.83,1.82,1,1.23,1.38,-0.21,0.21,4.65,0.02,0.43,0.69,-0.50,0.32,0.26,,-0.40,0.09,0.05,0.15,-0.35,1.63,3.40,2.10,2.08,0.69,-0.20,,-1.90,-9.90,0.80,0.90,0.60,,,,,,,1.30,1.90,,0.70,2,0.60,2.48,,,,,,,,1.80,1.70,-0.60,0,0.30,,,,,0,,-0.30,0.50,4.30,4.40,2.20,,,0.10,,,0,,,0.80,0.20,-1.40,3.10,0.70,1.10,
2008-12-08 07:00,1.30,1.28,-0.69,0.76,-2.10,1.40,1.13,1.50,-2.46,1.11,-0.59,-0.20,-3.31,-0.90,-0.94,-1.62,-1.94,-5.40,-0.20,-2.33,-4.08,-4.17,-0.62,,2.01,1.78,1.55,-0.60,0.90,-0.10,0.18,2.28,-4.82,0.13,0.52,0.61,1.46,0.47,-2.57,0.50,-6.60,-7.64,-5.61,0.32,-1.40,0.43,0.10,0.14,-0.07,0.28,-0.37,2.01,1.18,1.94,0.09,0.21,0.59,0.40,0.70,0.94,-0.31,0.10,-1.10,-4.83,-0.70,,2.35,1.17,0.60,-1.35,1.01,1.15,1.84,-0.45,-0.27,1.81,0.70,1.34,0.30,0.93,1.72,1.35,2.03,0.63,2.74,0.78,1.39,2,2.45,2.35,-0.68,1.88,2.01,2.20,2.37,2.19,0.08,1.04,0.82,0.89,0.28,1.60,3.09,1.07,0.04,-0.63,1.92,1,1.15,1.41,-0.11,0.18,4.68,-0.03,0.62,0.78,-0.50,0.15,0.14,,-0.40,0.18,0.10,-0.04,-0.40,1.40,3.30,2.17,2.36,0.63,-0.20,0.90,-1.90,-9.90,1,0.90,0.60,1.90,2.10,-6.10,0.10,-0.60,-0.10,1.30,1.90,2,0.80,2,0.80,2.60,,3.40,3.30,1.90,1.60,0.60,1.10,1.80,1.70,-0.40,0,0.30,4.60,2.50,1.10,1.30,0.10,0.90,-0.30,0.50,4.40,4.40,2.30,0.20,0.60,0.20,0.80,-0.40,0,2.60,0.80,0.70,0.20,-1.60,3,0.70,1.10,0.10
2008-12-08 07:10,1.20,1.29,-0.65,0.77,-2.20,1.50,1.16,1.50,-2.47,1.13,-0.67,-0.33,-3.35,-0.91,-1.01,-1.64,-1.90,-5.47,-0.30,-2.37,-4.01,-3.82,-0.60,,2.27,1.89,1.47,-0.62,0.88,-0.10,0.20,2.27,-4.88,0,0.62,0.71,1.56,0.48,-2.57,0.57,-6.60,-7.59,-5.62,0.37,-1.40,0.44,0.10,0.20,0.06,0.26,-0.13,2.07,1.29,1.87,-0.03,0.16,0.70,0.40,0.62,1.11,-0.30,0.10,-1.16,-5.06,-0.72,,2.49,1.19,0.50,-1.37,0.98,1.24,2.04,-0.55,-0.30,1.80,0.80,1.38,0.30,0.82,1.66,1,2.01,0.69,2.74,0.73,1.42,2.10,2.42,2.34,-0.73,1.84,2.01,2.20,2.22,1.71,0.09,0.93,0.74,0.82,0.31,1.45,3.16,0.99,0.15,-0.66,1.94,1,1.36,1.44,0,0.24,4.69,-0.17,0.56,0.75,-0.30,-0.20,0.24,,-0.40,0.21,0.05,-0.12,-0.38,1.18,3.20,2.11,2.24,0.54,-0.20,,-1.80,-9.90,1.10,0.90,0.60,,,,,,,1.30,1.90,,0.80,1.90,0.80,2.47,,,,,,,,1.80,1.70,-0.20,-0.10,0.30,,,,,0,,-0.20,0.50,4.40,4.40,2.30,,,0.20,,,0,,,0.70,0.30,-1.60,2.90,0.70,1.10,
2008-12-08 07:20,1.20,1.22,-0.70,0.76,-2.20,1.63,1.16,1.50,-2.48,1.20,-0.69,-0.22,-3.32,-0.94,-0.96,-1.59,-1.89,-5.40,-0.20,-2.40,-4.09,-3.73,-0.72,,2.31,1.90,1.47,-0.58,0.93,-0.10,0.23,2.38,-4.93,-0.16,0.66,0.43,1.38,0.45,-2.59,0.59,-6.60,-7.63,-5.65,0.19,-1.40,0.26,0.10,0.20,0.20,0.19,-0.27,2.12,1.31,1.96,0.02,0.21,0.63,0.50,0.69,0.97,-0.42,0,-1.24,-5.03,-0.76,,2.38,1.14,0.50,-1.29,0.84,1.24,2.30,-0.55,-0.36,1.85,0.90,1.32,0.40,0.79,1.68,0.90,1.87,0.70,2.78,0.79,1.44,2.10,2.45,2.44,-0.76,1.87,1.89,2.20,2.27,1.74,0.08,1.08,0.76,0.80,0.35,1.34,3.31,1.21,0.22,-0.90,1.92,1,1.21,1.39,0.03,0.30,4.68,-0.17,0.53,0.66,-0.30,-0.67,0.30,,-0.30,0.03,0.12,-0.10,-0.50,1.19,3.20,2.06,2.06,0.59,-0.10,,-1.80,-9.90,1.20,1,0.60,,,,,,,1.20,2,,0.70,1.90,0.90,2.42,,,,,,,,1.70,1.80,-0.10,-0.20,0.30,,,,,0,,-0.20,0.60,4.50,4.40,2.40,,,0.30,,,0,,,0.50,0.40,-1.40,2.90,0.70,1.20,
2008-12-08 07:30,1.20,1.25,-0.75,0.78,-2.26,1.49,1.20,1.50,-2.48,1.27,-0.71,-0.21,-3.29,-1.07,-1.01,-1.59,-1.95,-5.43,-0.30,-2.34,-4.08,-3.98,-0.76,,2.21,1.94,1.53,-0.54,1.02,-0.10,0.23,2.29,-4.85,-0.44,0.63,0.67,1.37,0.44,-2.62,0.60,-6.70,-7.66,-5.56,0.26,-1.40,0.28,0,0.20,-0.07,0.19,-0.23,2.23,1.37,2,-0.03,0.02,0.58,0.40,0.60,0.95,-0.48,0,-1.32,-5.04,-0.85,,2.36,1.16,0.50,-1.28,0.94,1.34,2.52,-0.53,-0.29,1.96,1.10,1.39,0.40,0.91,1.62,0.80,2.01,0.69,2.85,0.73,1.47,2.20,2.51,2.34,-0.84,1.82,1.99,2.30,2.31,2.47,0.10,1.09,0.71,0.63,0.34,1.30,3.42,1.25,0.30,-0.88,1.93,1,1.26,1.25,0.10,0.32,4.67,-0.20,0.64,0.65,-0.30,-0.76,0.38,,-0.30,0.11,0.15,-0.12,-0.56,1,3.20,2.02,2.20,0.56,-0.10,,-1.80,-9.90,1.30,0.90,0.60,,,,,,,1.10,2,,0.70,1.90,0.80,2.29,,,,,,,,1.70,1.90,0.10,-0.10,0.30,,,,,-0.10,,-0.30,0.60,4.50,4.50,2.50,,,0.30,,,0,,,0.20,0.40,-1.20,2.90,0.70,1.20,
2008-12-08 07:40,1.20,1.20,-0.71,0.70,-2.22,1.39,1.20,1.50,-2.44,1.20,-0.67,-0.29,-3.30,-1.14,-1.11,-1.60,-2.05,-5.65,-0.40,-2.39,-4.05,-3.80,-0.69,,2.31,1.99,1.52,-0.55,1.15,-0.10,0.22,2.24,-4.81,-0.38,0.53,0.55,1.16,0.54,-2.52,0.66,-6.70,-7.73,-5.57,0.28,-1.40,0.25,0.10,0.21,-0.06,0.18,-0.25,2.19,1.41,2.07,0.07,0.05,0.55,0.40,0.71,0.95,-0.44,-0.10,-1.43,-5.21,-0.91,,2.55,1.19,0.50,-1.32,1.15,1.43,2.64,-0.52,-0.23,1.85,1.30,1.53,0.40,0.82,1.61,0.70,2.04,0.71,2.89,0.70,1.51,2.20,2.51,2.39,-1.03,1.93,2.02,2.30,2.38,1.83,0.18,1.07,0.70,0.62,0.33,1.19,3.36,1.42,0.29,-0.63,2.07,1,1.23,1.33,0.23,0.28,4.74,-0.37,0.93,0.62,-0.20,-0.90,0.44,,-0.30,0.29,0.23,0.02,-0.38,0.92,3.20,2.09,2.30,0.53,-0.10,,-1.80,-9.90,1.40,0.80,0.60,,,,,,,1,2,,0.70,1.90,0.70,2.20,,,,,,,,1.70,1.90,0.30,-0.10,0.30,,,,,0,,-0.30,0.60,4.50,4.50,2.60,,,0.40,,,0,,,0.30,0.30,-0.90,3,0.70,1.30,
2008-12-08 07:50,1.10,1.15,-0.84,0.69,-2.15,1.40,1.15,1.50,-2.46,1.25,-0.68,-0.26,-3.29,-1.10,-1.09,-1.61,-2.07,-5.57,-0.40,-2.34,-4.07,-3.99,-0.66,,2.30,2.04,1.59,-0.53,1.24,0,0.24,2.26,-4.88,-0.31,0.51,0.48,0.64,0.47,-2.47,0.83,-6.70,-7.71,-5.53,0.43,-1.30,0.26,0.10,0.20,-0.07,0.14,-0.17,2.15,1.40,2.06,0.12,0.10,0.62,0.40,0.74,0.91,-0.49,-0.20,-1.51,-5.16,-1.01,,2.63,1.20,0.50,-1.42,1,1.51,2.62,-0.47,-0.16,1.65,1.20,1.66,0.40,0.68,1.64,0.50,2.15,0.68,2.96,0.35,1.55,2.30,2.48,2.44,-1.16,1.86,2.10,2.30,2.41,2.22,0.22,1.07,0.61,0.65,0.27,1.14,3.37,1.39,0.56,-0.33,2.10,1.10,1.18,1.26,0.38,0.35,4.68,-0.38,0.91,0.67,-0.20,-0.79,0.51,,-0.20,0.30,0.30,0.27,-0.33,0.92,3.20,2.18,2.25,0.66,-0.10,,-1.80,-9.90,1.70,0.70,0.60,,,,,,,1,1.90,,0.80,2,0.70,2.08,,,,,,,,1.70,2,0.40,-0.10,0.30,,,,,0.10,,-0.20,0.60,4.50,4.50,2.70,,,0.40,,,0,,,0.40,0.40,-0.80,3,0.70,1.30,
2008-12-08 08:00,1,1.19,-0.98,0.63,-2.17,1.65,1.19,1.40,-2.45,1.27,-0.75,-0.28,-3.34,-1.13,-1.13,-1.74,-2.17,-5.59,-0.30,-2.29,-3.97,-4.11,-0.65,,2.26,2.09,1.61,-0.51,1.23,0.10,0.30,2.17,-4.92,-0.33,0.46,0.28,0.73,0.47,-2.53,0.64,-6.70,-7.72,-5.51,0.65,-1.30,0.35,0.10,0.17,-0.04,0.22,-0.22,2.23,1.43,2.09,0.08,0.11,0.67,0.50,0.71,0.90,-0.49,-0.20,-1.45,-5.26,-1.08,,2.75,1.26,0.70,-1.32,0.90,1.46,2.76,-0.49,-0.12,1.62,1.10,1.71,0.50,0.55,1.55,0.60,2.16,0.64,2.98,0.29,1.55,2.40,2.51,2.35,-1.27,1.75,2.05,2.30,2.43,2.06,0.18,1.17,0.56,0.77,0.18,1.10,3.42,1.37,0.82,-0.13,2.02,1.10,1.26,1.15,0.28,0.44,4.89,-0.27,1.01,0.62,-0.10,-0.47,0.60,,-0.10,0.19,0.33,0.31,-0.29,0.93,3.20,2.23,2.35,0.58,-0.10,0.50,-1.70,-9.90,2,0.60,0.70,1.30,2.40,-5.80,0.30,0.10,0.90,0.90,1.90,2.40,0.70,2,0.70,2.10,0.30,3.40,3.80,2.10,1.90,0.30,1.10,1.60,2,0.60,-0.20,0.40,4.30,3.20,1.30,1.10,0.10,1.70,-0.20,0.70,4.60,4.60,3,0.50,0.80,0.50,0.60,-0.20,0.10,2.80,1.30,0.40,0.40,-0.50,3.20,0.80,1.30,0.30
2008-12-08 08:10,0.90,1.24,-0.88,0.70,-2.20,1.64,1.19,1.40,-2.41,1.26,-0.73,-0.24,-3.39,-1.14,-1.08,-1.79,-2.13,-5.68,-0.20,-2.14,-4.04,-4.19,-0.58,,2.20,2.06,1.70,-0.44,1.18,0.10,0.40,2.16,-4.99,-0.38,0.38,0.01,0.95,0.34,-2.52,0.88,-6.70,-7.84,-5.47,0.64,-1.30,0.39,0,0.14,-0.14,0.15,-0.22,2.20,1.47,2.05,0.10,0.09,0.63,0.50,0.71,0.88,-0.60,-0.20,-1.37,-5.34,-1.14,,2.69,1.26,0.70,-1.42,0.86,1.38,2.84,-0.36,-0.17,1.81,1.10,1.61,0.66,0.75,1.45,0.50,2.29,0.68,3,0.32,1.48,2.40,2.55,2.46,-1.28,1.72,2.05,2.20,2.40,2.16,0.14,1.19,0.48,0.83,0.07,1.07,3.47,1.54,0.78,-0.03,1.89,1.20,1.14,1.09,0.39,0.38,4.88,-0.38,0.99,0.58,-0.10,-0.63,0.71,,-0.10,0.31,0.45,0.24,-0.24,0.89,3.10,2.21,2.26,0.70,0,,-1.70,-9.90,2.10,0.70,0.70,,,,,,,0.80,2,,0.70,1.90,0.70,1.92,,,,,,,,1.60,1.90,0.80,-0.30,0.40,,,,,0.10,,-0.10,0.90,4.60,4.60,3,,,0.50,,,0.20,,,0.60,0.40,-0.50,3.20,0.80,1.30,
2008-12-08 08:20,1,1.25,-0.87,0.72,-2.20,1.57,1.19,1.50,-2.45,1.27,-0.79,-0.23,-3.42,-1.12,-1.03,-1.56,-2.20,-5.76,-0.20,-2.06,-4.11,-4.22,-0.51,,2.28,2.08,1.70,-0.48,1.23,0.10,0.45,2.30,-5.09,-0.12,0.45,0.03,1.15,0.28,-2.48,0.85,-6.80,-7.82,-5.39,0.69,-1.30,0.40,0,0.20,-0.15,0.19,-0.15,2.13,1.50,2.11,0.22,0.14,0.64,0.50,0.62,0.89,-0.56,-0.20,-1.35,-5.36,-1.15,,2.66,1.26,0.60,-1.37,0.75,1.33,2.93,-0.28,-0.18,1.72,1.20,1.40,0.73,0.93,1.44,0.40,2.37,0.83,3.11,0.40,1.55,2.40,2.57,2.42,-1.12,1.54,2.09,2.30,2.30,2.19,0.12,1.08,0.39,0.85,0.01,0.95,3.43,1.61,0.88,0.13,1.54,1.30,1.21,1.15,0.48,0.35,4.79,-0.44,1.01,0.59,0,-0.65,0.72,,0,0.32,0.45,0.41,-0.22,0.89,3.20,2.15,2.55,0.74,0,,-1.70,-9.90,2.10,0.80,0.80,,,,,,,0.60,2,,0.80,2,0.70,1.67,,,,,,,,1.50,1.60,1,-0.10,0.40,,,,,0.30,,0,0.90,4.60,4.60,3.10,,,0.60,,,0.30,,,0.70,0.40,-0.30,3.30,0.90,1.50,
2008-12-08 08:30,1.20,1.22,-0.91,0.64,-2.20,1.55,1.22,1.50,-2.54,1.24,-0.86,-0.22,-3.50,-1.07,-1.10,-1.70,-2.14,-5.79,-0.20,-2.06,-4.10,-4.17,-0.45,,2.27,2.17,1.72,-0.53,1.32,0.10,0.43,2.21,-5.11,-0.18,0.36,0.14,1.19,0.43,-2.52,0.91,-6.90,-7.83,-5.46,0.84,-1.30,0.45,0,0.15,-0.05,0.27,-0.15,2.14,1.51,2.15,0.20,0.23,0.74,0.50,0.59,0.88,-0.54,-0.10,-1.37,-5.40,-1.20,,2.70,1.28,0.50,-1.45,0.67,1.26,3.05,-0.23,-0.21,1.88,1.30,1.15,0.72,1.36,1.37,0.20,2.25,0.70,3.21,0.47,1.65,2.50,2.61,2.35,-1.06,1.42,2.02,2.40,2.10,2.01,0.17,1.18,0.44,0.89,0.13,0.90,3.40,1.74,1.04,0.16,1.36,1.40,1.09,1.20,0.64,0.47,4.95,-0.38,1.18,0.71,0,-0.82,0.72,,0.10,0.39,0.42,0.50,-0.29,1.02,3.30,2.18,2.53,0.67,0.10,,-1.70,-9.90,2.10,1,0.70,,,,,,,0.50,2,,0.80,1.90,0.80,1.64,,,,,,,,1.40,1.60,1.20,-0.20,0.60,,,,,0.40,,0.10,1,4.60,4.60,3.20,,,0.40,,,0.40,,,0.80,0.50,-0.20,3.40,1,1.60,
2008-12-08 08:40,1.40,1.24,-0.99,0.57,-2.20,1.65,1.18,1.50,-2.53,1.24,-0.83,-0.16,-3.45,-1,-1.12,-1.67,-2.11,-5.80,-0.10,-1.92,-4.06,-4,-0.42,,2.21,2.22,1.67,-0.47,1.34,0.10,0.50,,-5.20,-0.02,0.10,0.19,1.19,0.47,-2.59,0.93,-6.90,-7.93,-5.55,0.93,-1.30,0.61,0,0.19,0.13,0.27,-0.15,2.17,1.46,2.18,0.20,0.29,0.74,0.50,0.63,0.92,-0.52,-0.10,-1.43,-5.33,-1.16,,2.98,1.34,0.60,-1.48,0.72,1.29,3.11,-0.02,-0.24,1.56,1.50,1,0.65,1.55,1.29,0.30,2.30,0.78,3.18,0.46,1.75,2.40,2.72,2.37,-1,1.55,2.05,2.40,1.93,2.26,0.06,1.32,0.50,1.04,0.23,0.83,3.40,1.95,1.10,0.16,1.81,1.50,1.25,1.15,0.68,0.53,5.03,-0.29,1.33,0.58,0.20,-0.98,0.83,,0.20,0.55,0.48,0.65,-0.20,1.23,3.40,2.13,2.65,0.61,0.20,,-1.70,-9.90,2.20,1,0.70,,,,,,,0.60,1.90,,0.90,1.80,0.90,1.56,,,,,,,,1.40,1.60,1.30,-0.30,0.70,,,,,0.60,,0.20,0.90,4.60,4.60,3.30,,,0.40,,,0.50,,,0.90,0.60,-0.20,3.40,1,1.70,
2008-12-08 08:50,1.70,1.21,-0.97,0.59,-2.30,1.78,1.19,1.60,-2.39,1.27,-0.86,-0.07,-3.46,-1.07,-1.08,-1.75,-2.05,-5.76,-0.10,-1.93,-4.07,-4.07,-0.36,,2.38,2.20,1.67,-0.45,1.33,0.20,0.41,2.28,-5.18,0.10,0.18,0.48,1.37,0.44,-2.70,0.98,-6.90,-7.97,-5.62,0.93,-1.20,0.58,0,0.21,0.16,0.16,-0.21,2.07,1.60,2.12,0.24,0.31,0.78,0.50,0.69,0.94,-0.38,-0.10,-1.45,-5.39,-1.12,,3.05,1.34,0.60,-1.52,0.66,1.10,3.15,0.08,-0.19,1.64,1.70,1.01,0.67,1.74,1.33,0.30,2.21,0.64,3.09,0.52,1.90,2.50,2.88,2.37,-1.01,1.54,2.02,2.50,1.91,2,0.12,1.33,0.52,1.05,0.34,0.86,3.44,1.95,1.17,0.26,2.04,1.50,1.18,1.17,0.79,0.46,5.14,-0.32,1.25,0.65,0.30,-0.99,0.95,,0.50,0.59,0.57,0.57,0.11,1.39,3.40,2.17,2.42,0.82,0.20,,-1.60,-9.90,2.20,0.90,0.80,,,,,,,0.80,1.90,,0.90,1.80,1,1.59,,,,,,,,1.50,1.70,1.50,-0.30,0.70,,,,,0.70,,0.30,0.90,4.70,4.70,3.40,,,0.40,,,0.60,,,1,0.60,-0.10,3.30,1.10,1.80,
2008-12-08 09:00,1.80,1.25,-0.91,0.58,-2.20,1.77,1.25,1.70,-2.42,1.39,-0.91,-0.06,-3.53,-1.04,-1.08,-1.84,-1.99,-5.73,-0.10,-1.98,-4.09,-4.23,-0.27,,2.31,2.19,1.72,-0.48,1.28,0.10,0.38,2.22,-5.23,0.02,0.27,0.58,1.16,0.50,-2.71,1.02,-7,-8.01,-5.63,0.89,-1.20,0.64,-0.10,0.20,0.18,0.10,-0.27,1.81,1.66,1.92,0.32,0.39,0.79,0.60,0.76,0.94,-0.29,-0.10,-1.38,-5.38,-1.08,,3.19,1.33,0.60,-1.53,0.61,1.20,3.26,0.14,-0.10,1.82,1.80,1.16,0.57,1.74,1.24,0.40,2.08,0.62,3.15,0.57,2.04,2.60,2.97,2.38,-0.90,1.37,2.05,2.50,1.91,1.88,0.21,1.51,0.52,1.09,0.34,0.89,3.52,2.05,1.23,0.30,2.20,1.70,1.09,1.22,0.86,0.67,5.23,-0.46,1.26,0.67,0.30,-0.92,0.89,,0.60,0.71,0.65,0.65,0.13,1.49,3.10,2.25,2.26,0.90,0.30,0.90,-1.60,-9.90,2.30,0.80,0.80,0.90,1.80,-5.60,1.70,0.20,1.50,1.60,1.90,2.50,0.90,1.90,1.20,1.70,0.70,3.20,4.20,2.80,2,0.40,1.60,1.50,1.80,1.60,-0.20,0.70,4.40,3.80,1.60,0.30,0.80,2.20,0.40,0.90,4.70,4.80,3.60,1,1.30,0.20,1.20,0.20,0.70,3.40,2.10,1.20,0.60,0.50,3.10,1.10,2,0.50
2008-12-08 09:10,1.70,1.20,-0.91,0.51,-2.32,1.73,1.25,1.80,-2.46,1.27,-1.04,-0.01,-3.57,-1.01,-1.04,-1.84,-1.87,-5.74,-0.10,-2.11,-3.97,-3.74,-0.23,,2.46,2.21,1.70,-0.46,1.36,0.10,0.46,2.24,-5.22,-0.03,0.42,0.53,1.21,0.65,-2.70,1.08,-6.90,-8.13,-5.61,0.88,-1.30,0.67,-0.10,0.20,-0.09,0.07,-0.15,1.77,1.47,1.86,0.36,0.45,0.69,0.60,0.72,1.08,-0.19,-0.10,-1.23,-5.33,-1.03,,3.38,1.36,0.50,-1.55,0.66,1.42,3.37,0.25,0.07,2.01,2,1.23,0.60,1.70,1.23,0.40,2.26,0.65,3.15,0.47,1.77,2.70,2.90,2.41,-0.86,1.45,2.18,2.50,1.96,2.64,0.17,1.58,0.54,1.24,0.44,0.85,3.39,2.34,1.27,0.51,2.10,1.80,1.16,1.20,0.98,0.73,5.28,-0.60,1.34,0.80,0.40,-0.93,0.95,,0.70,0.68,0.68,0.68,0.29,1.71,3.10,2.15,2.25,0.97,0.30,,-1.60,-9.90,2.10,0.80,0.80,,,,,,,1.40,1.70,,0.90,2,1.20,1.65,,,,,,,,1.50,1.90,1.90,-0.30,0.80,,,,,0.90,,0.50,1,4.70,4.80,3.60,,,0.10,,,0.70,,,1.30,0.50,0.50,3.10,1.20,2,
2008-12-08 09:20,1.80,1.19,-1.03,0.60,-2.30,1.79,1.24,1.80,-2.53,1.25,-1.04,0.02,-3.55,-0.98,-1.03,-1.78,-1.84,-5.73,-0.10,-2.15,-3.99,-4.26,-0.23,,2.36,2.12,1.69,-0.47,1.43,0.20,0.49,2.26,-5.34,-0.02,0.29,0.24,1.23,0.72,-2.62,1.18,-6.90,-8.22,-5.65,0.74,-1.30,0.72,-0.10,0.18,0.07,0.12,-0.26,1.80,1.36,1.94,0.40,0.47,0.74,0.60,0.77,1.18,-0.18,0,-1.22,-5.26,-0.99,,3.47,1.42,0.60,-1.56,0.76,1.16,3.50,0.30,0.17,2.49,2.10,1.26,0.40,2,1.32,0.50,2.18,0.65,3.09,0.42,1.40,2.70,2.94,2.37,-0.82,1.55,2.21,2.50,1.88,2.11,0.15,1.54,0.86,1.31,0.58,0.85,3.48,2.37,1.55,0.58,2.06,1.90,1.27,1.27,1.14,0.82,5.33,-0.52,1.41,0.85,0.40,-1.06,1.06,,0.90,0.68,0.71,0.60,0.36,1.71,3.20,2.09,2.27,1.08,0.40,,-1.60,-9.90,1.90,0.80,0.80,,,,,,,1.10,1.60,,1,2,1.30,1.56,,,,,,,,1.60,2,2,-0.30,0.70,,,,,1,,0.60,1,4.70,4.90,3.70,,,0,,,0.80,,,1.50,0.50,0.70,3.10,1.20,2.10,
2008-12-08 09:30,2.40,1.46,-1.16,0.60,-2.36,1.65,1.24,1.80,-2.49,1.32,-1.10,-0.02,-3.54,-1.04,-0.89,-1.71,-1.88,-5.72,0,-2.18,-3.96,-4.29,-0.21,,2.28,2.22,1.76,-0.47,1.48,0.10,0.44,2.35,-5.46,0,0.27,0.09,1.31,0.61,-2.73,1.25,-7,-8.18,-5.68,0.75,-1.40,0.79,0,0.14,0.09,0.17,-0.16,1.74,1.31,1.91,0.25,0.49,0.75,0.60,0.68,1.14,-0.23,0,-1.30,-5.19,-1.05,,3.49,1.44,0.50,-1.54,0.78,0.89,3.62,0.34,0.24,3.12,2.30,1.41,0.30,2.08,1.38,0.50,2.24,0.58,2.96,0.41,1.44,2.70,2.95,2.38,-0.79,1.54,2.30,2.60,1.88,2.11,0.11,1.59,0.81,1.33,0.57,0.82,3.58,2.53,1.61,0.68,1.98,2,1.33,1.38,1.32,0.90,5.31,-0.41,1.48,0.87,0.40,-1.04,1.22,,1,0.62,0.75,0.69,0.45,1.90,3.70,2.09,2.24,1.07,0.50,,-1.60,-9.80,1.90,0.70,0.60,,,,,,,1.30,1.50,,1,2.10,1.40,1.52,,,,,,,,1.60,2,2.20,0.30,0.70,,,,,1.10,,0.70,1.10,4.80,4.90,3.80,,,0,,,0.80,,,1.60,0.60,0.60,3.20,1.30,2.10,
2008-12-08 09:40,2.40,1.97,-1.04,0.66,-2.43,1.71,1.45,1.70,-2.39,,-1.09,-0.05,-3.52,-1.09,-0.79,-1.49,-1.94,-5.85,0,-2.32,-3.95,-3.95,-0.20,,2.37,2.23,1.78,-0.52,1.58,0.10,0.48,2.40,-5.42,0.12,0.29,0.34,1.40,0.62,-2.68,1.46,-7,-8,-5.61,0.68,-1.40,0.80,0,0.12,0.21,0.12,-0.14,1.74,1.14,1.93,0.22,0.56,0.71,0.50,0.77,1.10,-0.26,0,-1.22,-5.20,-1.01,-3.37,3.60,1.52,0.70,-1.65,0.88,0.46,3.75,0.39,0.37,3.38,2.60,1.69,0.30,1.96,1.34,0.70,2.29,0.57,2.94,0.54,1.41,2.70,2.95,2.40,-0.81,1.56,2.25,2.60,2.08,2.29,0.02,1.44,0.74,1.32,0.58,0.75,3.41,2.71,1.63,0.81,2.10,2.10,1.32,1.38,1.39,0.92,5.37,-0.31,1.52,0.95,0.50,-0.92,1.27,,1.10,0.70,0.92,0.88,0.60,1.78,3.40,1.98,2.45,1.12,0.60,,-1.80,-9.80,1.80,0.80,0.60,,,,,,,1.10,1.70,,1.10,2.20,1.60,1.53,,,,,,,,1.70,2,2.30,0.80,0.80,,,,,1.30,,0.80,1.10,4.80,5.10,3.90,,,0,,,0.80,,,1.70,0.50,0.70,3.30,1.40,2.20,
2008-12-08 09:50,2.60,1.85,-1,0.74,-2.45,1.64,1.55,2.20,-2.31,1.60,-0.96,-0.10,-3.66,-1.12,-0.76,,-1.97,-5.90,-0.10,-2.46,-4.07,-3.89,-0.17,,2.40,2.21,1.78,-0.58,1.69,0.10,0.52,2.33,-5.19,0.13,0.62,0.54,1.36,0.66,-2.72,1.20,-6.90,-8.09,-5.59,0.64,-1.40,0.80,0,0.14,0.16,0.16,-0.10,1.61,1.06,1.97,0.24,0.52,0.78,0.50,0.88,1.05,-0.29,0.10,-1.14,-5.16,-1.11,-3.22,3.71,1.57,0.70,-1.66,1.04,0.26,3.84,0.33,0.46,3.59,2.90,1.81,0.30,2.09,1.34,0.80,2.18,0.65,2.87,0.38,1.04,2.70,2.93,2.38,-0.85,1.47,2.14,2.70,2.09,2.78,0.22,1.47,0.75,1.25,0.62,0.58,3.53,2.91,1.66,0.87,2.25,2.10,1.26,1.42,1.60,0.99,5.18,-0.11,1.52,0.99,0.50,-0.59,1.22,,1.20,0.82,0.93,0.71,0.73,1.64,3.70,1.92,2.59,1.01,0.70,,-1.90,-9.80,1.70,0.70,0.60,,,,,,,1,1.50,,1.10,2.20,1.70,1.58,,,,,,,,1.70,1.90,2.50,1.40,0.70,,,,,1.50,,0.90,1.30,4.70,5.20,4,,,-0.10,,,0.70,,,1.80,0.60,0.70,3.30,1.40,2.20,
2008-12-08 10:00,2.50,1.88,-0.85,0.87,-2.43,1.53,1.42,2.60,-2.30,1.75,-0.84,-0.02,-3.54,-1.14,-0.65,-1.59,-2,-5.96,-0.10,-2.34,-4.24,-3.88,-0.16,,2.33,2.24,1.83,-0.50,1.83,0.20,0.49,2.57,-5.02,0.15,0.73,0.66,1.48,0.84,-2.76,1.13,-6.90,-8.11,-5.70,0.62,-1.40,0.84,0,0.11,0.06,0.09,-0.11,1.55,0.88,2.05,0.24,0.52,0.70,0.50,0.85,1.06,-0.30,0,-1.08,-5.08,-1.08,-3.19,3.68,1.44,0.60,-1.60,1.07,0.27,3.97,0.29,0.59,3.79,3.20,1.85,0.20,1.98,1.36,0.90,2.19,0.74,2.78,0.38,1.10,2.80,2.93,2.43,-0.87,1.42,2.36,2.70,2.13,2.57,0.19,1.56,0.86,1.23,0.68,0.65,3.46,3.06,1.78,0.83,2.33,2.40,1.23,1.42,1.65,1.03,5.27,-0.14,1.50,0.99,0.50,-0.65,1.20,,1.30,0.79,1.02,0.80,0.87,1.44,4.20,1.92,2.44,1.15,0.60,1.40,-2,-9.70,1.60,0.60,0.70,0.70,2.40,-5.40,2.40,0.70,1.10,1,1.60,2.20,1.30,2.20,1.90,1.80,0.90,3.10,4.30,3.90,3.80,1.10,2.50,1.60,1.90,2.60,1.50,0.80,4.90,4.20,2.20,0,1.60,2,0.90,1.30,4.70,5.10,4.20,1.50,1.70,-0.10,1.80,,0.70,4.20,2.60,1.90,0.70,0.70,3.80,1.40,2.20,0.90
2008-12-08 10:10,2.60,1.71,-0.64,0.95,-2.25,1.44,1.53,2.80,-2.18,1.84,-0.72,-0.05,-3.60,-1.13,-0.65,-1.51,-2.04,-5.86,-0.10,-2.32,-4.29,-3.80,-0.20,,2.18,2.33,1.87,-0.55,1.80,0.20,0.46,2.59,-4.96,0.04,0.88,0.73,1.58,0.97,-2.75,1.03,-6.90,-7.95,-5.85,0.71,-1.40,0.89,0,0.16,0.20,0.04,-0.06,1.22,0.85,,0.15,0.55,0.69,0.50,0.80,1.11,-0.36,-0.10,-1.15,-5.04,-1.08,-3.12,3.65,1.40,0.60,-1.68,1.22,0.28,4.06,0.42,0.67,3.91,3.30,2.06,0.20,2.09,1.58,1.03,2.29,0.93,2.68,0.43,1.31,2.80,2.99,2.49,-0.82,1.44,1.99,2.80,2.41,2.41,0.26,1.49,0.90,1.22,0.60,0.82,3.38,3.16,1.81,0.96,2.42,2.30,1.53,1.46,1.71,1.10,5.31,-0.07,1.44,1.09,0.60,-0.55,1.27,,1.30,0.61,1.05,0.82,0.94,1.31,3.90,1.97,2.35,1.30,0.70,,-1.90,-9.70,1.50,0.60,0.70,,,,,,,1,1.80,,1.40,2.30,1.90,1.67,,,,,,,,1.70,1.90,2.70,1.70,0.70,,,,,1.70,,1,1.40,4.70,5.10,4.20,,,-0.10,,,0.80,,,2.10,0.70,0.70,3.80,1.40,2.20,
2008-12-08 10:20,2.70,1.93,-0.75,1.07,-2.14,1.59,1.46,3,-2.17,1.80,-0.80,-0.11,-3.65,-1.21,-0.77,-1.23,-2.17,-5.99,-0.20,-2.34,-4.24,-3.76,-0.40,,2.15,2.40,1.91,-0.52,1.78,0.20,0.41,2.68,-4.91,-0.09,0.98,0.82,1.65,0.97,-2.72,0.72,-6.80,-7.86,-5.79,0.53,-1.30,0.82,0.10,0.10,0.41,-0.01,-0.01,1.04,0.74,2.05,0.01,0.49,0.63,0.40,0.72,1.17,-0.51,0,-1.20,-5.04,-1.03,-3.04,3.75,1.47,0.60,-1.80,1.31,0.28,4.09,0.27,0.76,4.33,3.50,2.27,0.20,2.16,1.74,1.27,2.37,1.02,2.40,0.54,1.46,2.90,2.97,2.42,-0.82,1.55,1.94,2.80,2.46,2.38,0.14,1.55,0.87,1.20,0.67,0.99,3.45,3.30,1.89,1.17,2.50,2.50,1.48,1.55,1.81,1.17,5.28,-0.04,1.56,1.14,0.50,-0.25,1.39,,1.40,0.47,0.99,1.25,1.19,1.47,3.50,2.05,2.54,1.30,0.60,,-1.80,-9.60,1.40,0.60,0.70,,,,,,,1,2,,1.20,2.30,1.90,1.90,,,,,,,,1.60,2,2.80,1.50,0.80,,,,,1.80,,1.20,1.40,4.70,5.10,4.30,,,0,,,0.90,,,2.30,0.70,0.70,3.70,1.40,2.30,
2008-12-08 10:30,2.70,1.87,-0.68,1.20,-2.06,1.61,1.41,3.10,-2.20,1.84,-0.90,-0.06,-3.63,-1.14,-0.76,-1.03,-2.25,-6.16,-0.20,-2.15,-4.17,-3.81,-0.56,,1.96,2.50,2.06,-0.53,1.91,0.20,0.39,2.78,-4.96,-0.24,0.82,0.93,1.71,1.24,-2.68,0.37,-6.90,-7.74,-5.94,0.42,-1.20,0.89,0.10,0.06,0.35,,-0.05,1.22,0.58,1.98,-0.13,0.45,0.72,0.40,0.69,1.19,-0.47,0,-1.29,-4.95,-1.05,-2.95,3.55,1.53,0.60,-1.81,1.28,0.51,4.10,0.15,0.91,4.48,3.70,2.52,0.20,1.97,1.74,1.31,2.47,1.30,1.93,0.69,1.43,2.90,3.03,1.80,-0.96,1.61,1.98,2.70,2.61,2.10,0.23,1.76,0.84,1.29,0.71,0.97,3.54,3.49,2.07,1.27,2.30,2.50,1.53,1.63,1.88,1.09,5.21,0.25,1.39,1.34,0.60,-0.28,1.47,,1.50,0.48,1.08,1,1.05,1.85,3.40,2.20,2.46,1.18,0.80,,-1.70,-9.60,1.10,0.70,0.60,,,,,,,1,2,,1.40,2.40,1.90,2.02,,,,,,,,1.70,2,2.90,1.50,0.90,,,,,1.80,,1.30,1.40,4.70,5.10,4.30,,,0,,,0.90,,,2.40,0.90,1,3.90,1.40,2.20,
2008-12-08 10:40,2.70,2.11,-0.65,1.13,-2.16,1.53,1.38,2.70,-2.24,1.91,-0.75,-0.13,-3.63,-0.80,-0.58,-1.13,-2.17,-6.09,-0.10,-2.16,-4.26,-3.91,-0.53,,1.79,2.51,1.96,-0.52,1.98,0.20,0.51,2.81,-5.02,-0.20,0.62,1.10,1.83,1.59,-2.72,0.23,-6.90,-7.79,-6,0.53,-1.30,0.98,0.10,0.06,0.28,-0.02,0.01,1.38,0.51,2.04,-0.21,0.42,0.72,0.30,0.72,1.13,-0.45,0,-1.36,-5.03,-1.03,-2.93,3.60,1.59,0.70,-1.72,1.36,0.86,4.09,0.12,1.22,4.46,4.10,2.75,0.20,1.79,1.64,1.65,2.42,1.41,2.14,0.83,1.50,3,3.03,1.85,-0.94,1.66,1.86,2.60,2.33,2.19,0.35,1.88,0.95,1.37,0.72,0.87,3.60,3.52,2.11,1.25,2.28,2.40,1.64,1.64,1.97,1.20,5.14,0.38,1.11,1.41,0.50,-0.27,1.40,,1.70,0.51,1.22,1.26,1.36,1.89,3.50,2.25,2.61,1.18,0.80,,-1.70,-9.50,0.70,0.90,0.60,,,,,,,1,2.10,,1.50,2.40,1.90,2.05,,,,,,,,1.70,2,2.90,1.60,0.90,,,,,1.90,,1.30,1.50,4.70,5.10,4.40,,,0,,,1.10,,,2.60,0.90,1.50,4,1.50,2.20,
2008-12-08 10:50,2.50,2.31,-0.62,1.04,-2.06,1.51,1.29,2.40,-2.36,1.97,-0.65,-0.24,-3.59,-0.61,-0.52,-1.37,-2.11,-6.15,-0.10,-2.23,-4.32,-3.90,-0.46,,1.39,2.27,1.94,-0.53,2.01,0.30,0.45,2.74,-5.06,-0.18,0.53,0.84,1.60,1.38,-2.71,0.27,-6.90,-7.78,-6.11,0.59,-1.40,0.95,0.10,0.07,0.37,-0.02,0.02,1.32,0.57,1.82,-0.24,0.43,0.55,0.30,0.68,1.02,-0.51,0,-1.37,-4.88,-1.04,-2.92,3.72,1.56,0.70,-1.59,1.48,0.87,4.04,0.10,1.26,4.45,4.20,2.84,0.20,1.92,1.70,1.82,2.23,1.25,2.42,0.89,1.58,2.40,3.07,1.98,-1,1.66,1.64,2.60,2.36,1.96,0.47,2.14,1.02,1.38,0.81,0.86,3.81,3.42,2.18,1.28,2.38,2.50,1.71,1.77,2.17,1.22,5.10,0.65,0.91,1.36,0.50,-0.23,1.48,,1.80,0.53,1.15,1.30,1.42,1.53,3.70,2.43,2.54,1.22,0.80,,-1.80,-9.50,0.60,1,0.30,,,,,,,1.10,2.10,,1.50,2.40,2.10,2.19,,,,,,,,1.70,2.10,2.90,1.70,1,,,,,1.90,,1.30,1.60,4.70,5,,,,0,,,1.10,,,2.80,0.80,1.90,3.90,1.50,2.20,
2008-12-08 11:00,2.30,2.18,-0.49,1.14,-1.60,1.40,1.50,2.20,-2.33,2,-0.34,-0.12,-3.67,-0.57,-0.28,-1.38,-1.86,-6.19,0.10,-2.39,-4.17,-4,-0.40,,1.19,2.21,1.96,-0.51,2.05,0.40,0.34,2.65,-5.27,-0.17,0.57,0.70,1.80,1.17,-2.70,0.05,-6.90,-7.76,-6.06,0.71,-1.60,1,0.10,0.09,0.48,0.01,-0.11,1.23,0.49,1.71,-0.46,0.46,0.52,0.20,0.70,0.92,-0.58,0,-1.37,-4.92,-1.03,-2.91,3.77,1.63,0.80,-1.64,1.54,0.79,3.99,0.10,1.52,4.49,4.20,2.79,0.10,2.01,1.78,1.79,2.23,1.26,2.65,1.15,1.80,2,3.18,2.12,-0.98,1.82,1.72,2.50,2.30,2.01,0.85,2.19,1.21,1.31,0.72,0.88,3.98,3.44,2.37,1.32,2.53,2.50,1.70,1.83,2.34,1.29,5.11,0.87,0.56,1.42,0.60,-0.10,1.53,,1.80,0.66,1.18,1.35,1.47,1.36,3.80,2.47,2.54,1.27,0.80,1.30,-1.90,-9.50,0.70,0.90,0.20,1,2.80,-5.50,2.30,1.20,1.10,1.30,2.10,2.50,1.70,2.50,2.20,2.20,1,3.20,4.10,4.40,4.50,1.60,2.60,1.70,2.10,2.90,1.80,1.20,5,4.30,2.80,-0.20,2,2.10,1.20,1.60,4.70,5,4.50,,2.20,0.20,2,1.40,1.20,4.40,3.30,3,0.80,2.20,3.80,1.50,2.30,1.40
2008-12-08 11:10,2.10,2.24,-0.53,1.27,-1.76,1.48,1.56,2.20,-2.35,1.97,-0.38,-0.03,-3.62,-0.75,-0.26,-1.28,-1.85,-6.17,0.10,-2.45,-4.10,-4.20,-0.40,,1.22,2.25,2.01,-0.57,2.13,0.40,0.41,2.62,-4.92,-0.12,0.55,0.78,,1.12,-2.69,-0.02,-6.90,-7.84,-5.98,0.76,-1.60,0.98,0.10,0.11,0.37,0.01,-0.13,1.42,0.44,1.61,-0.65,0.23,0.50,0.20,0.71,0.96,-0.57,-0.10,-1.35,-4.97,-1,,3.74,1.67,0.70,-1.71,1.72,0.97,3.97,0.20,1.77,4.70,4.20,2.87,0.20,1.94,1.72,1.85,2.31,1.35,3.31,0.98,2.05,1.80,3.22,2.13,-0.89,1.93,1.73,2.50,2.45,1.87,1.21,2.12,1.14,1.15,0.68,0.90,3.97,3.54,2.58,1.39,2.40,2.50,1.76,1.94,2.36,1.31,5.12,1.02,0.30,1.42,0.60,-0.03,1.48,,1.80,0.78,1.21,1.26,1.65,1.52,3.70,2.42,2.63,1.32,0.90,,-2,-9.40,0.90,0.80,0.20,,,,,,,1.20,,,1.70,2.40,2.20,2.31,,,,,,,,1.70,2.10,2.80,2,1.20,,,,,2,,1.30,1.70,4.70,5,4.40,,,0.20,,,1.20,,,3.20,0.90,2.20,3.80,1.50,2.30,
2008-12-08 11:20,1.80,2.20,-0.43,1.30,-1.78,1.24,1.39,2.10,-2.42,2.04,-0.34,-0.03,-3.60,-0.90,-0.18,-1.27,-2.10,-6.09,0.20,-2.41,-4.12,-4.53,-0.42,,1.40,2.29,2.05,-0.67,2.10,0.30,0.58,2.55,-4.78,0,0.43,0.76,,1.05,-2.87,-0.06,-7,-7.96,-5.99,0.68,-1.70,1.07,0.10,0.11,0.44,-0.10,-0.09,1.44,0.48,1.56,-0.67,0.24,0.44,0.20,0.58,1.04,-0.48,0,-1.39,-4.97,-0.97,,3.67,1.69,0.70,-1.66,1.56,1.44,3.96,0.18,2.01,4.95,4.20,2.91,0.20,1.97,1.75,1.85,2.49,1.47,3.26,0.80,2.21,2,3.27,2.31,-0.73,2.02,1.91,2.40,2.41,2.18,1.37,2.17,1.37,1.22,0.78,0.95,3.85,3.40,2.56,1.36,2.20,2.50,1.94,2.01,2.43,1.29,5.23,0.98,0.19,1.52,0.80,0.03,1.49,,1.70,0.92,1.05,1.21,1.83,1.68,3.80,2.39,2.60,1.47,1,,-2,-9.40,1,0.80,0.20,,,,,,,1.20,2.10,,1.80,2.50,2.30,2.38,,,,,,,,1.70,2.10,2.80,2,1.20,,,,,2.10,,1.20,1.80,4.70,5,4.50,,,-0.10,,,1.30,,,3.30,1,1.80,3.70,1.40,2.10,
2008-12-08 11:30,1.60,2.10,-0.50,1.25,-1.69,1.51,1.46,2,-2.38,2.20,-0.47,0.29,-3.54,-0.85,-0.26,-1.18,-2.24,-6.07,0.60,-2.31,-4.07,-4.48,-0.37,,1.33,2.43,2.06,-0.76,2.05,0.30,0.46,2.68,-4.92,0.01,0.39,0.67,1.86,0.91,-2.79,0.25,-7.10,-7.85,-5.87,0.70,-1.60,1.12,0.10,0.11,0.49,-0.12,-0.09,1.38,0.54,1.41,-0.79,0.05,0.42,0.20,0.45,0.97,-0.50,-0.10,-1.39,-5.03,-1.08,,3.64,1.66,0.70,-1.70,1.44,1.64,3.99,0.17,2.04,5.24,4.20,3.04,0.30,1.83,1.91,1.81,2.67,1.39,3.38,0.86,2.28,2.30,3.29,2.59,-0.66,2.06,1.92,2.40,2.37,2.26,1.64,2.28,1.69,1.36,0.93,1.01,3.97,3.33,2.46,1.22,2.08,2.60,1.94,2.10,2.40,1.28,5.34,0.97,0.12,1.53,0.80,0.11,1.38,,1.80,1.04,1.17,1.33,2.02,1.56,3.90,2.33,2.48,1.62,1.10,,-2,-9.30,1,0.70,0,,,,,,,1.30,2,,1.90,2.50,2.30,2.38,,,,,,,,1.70,2.20,2.80,1.70,1.20,,,,,2,,1.10,1.90,4.70,5,4.60,,,0,,,1.30,,,3.40,1,1.40,3.60,1.40,2.10,
2008-12-08 11:40,1.50,2.12,-0.37,1.29,-1.78,1.71,1.60,2.10,-2.28,2.79,-0.51,0.21,-3.59,-0.64,-0.28,-1.13,-2.11,-5.89,0.40,-2.23,-3.96,-4.36,-0.37,,1.39,2.50,1.96,-0.68,2.01,0.30,0.28,2.67,-5.12,0.10,0.32,0.60,1.85,0.87,-2.77,0.08,-7.10,-7.89,-5.89,0.71,-1.40,1.16,0.10,0.11,0.49,-0.07,-0.17,1.49,0.64,1.46,-0.85,-0.14,0.27,0.10,0.37,0.83,-0.50,-0.10,-1.48,-5.03,-1.11,,3.68,1.59,0.70,-1.60,1.56,1.24,3.86,0.23,1.91,5.11,4.20,3.22,0.30,1.99,1.92,1.84,2.72,1.37,2.95,0.74,2.27,2.30,3.26,2.74,-0.64,2.12,2.09,2.40,2.41,1.91,1.57,2.39,1.53,1.44,0.89,1.10,4,3.34,2.44,1.32,2.05,2.50,1.80,2.12,2.55,1.29,5.23,1.01,0.04,1.61,0.90,-0.09,1.40,,1.70,1.18,1.25,1.31,2.13,1.46,4,2.32,2.53,1.52,1.10,,-1.90,-9.30,1,0.70,0,,,,,,,1.40,1.90,,1.90,2.50,2.30,2.32,,,,,,,,1.70,2.30,2.70,1.60,1.20,,,,,2,,1.20,2,4.80,5,4.60,,,-0.20,,,1.50,,,3.50,1.10,1.40,3.70,1.10,2,
2008-12-08 11:50,1.40,1.69,-0.42,1.13,-1.96,1.85,1.57,2.10,-2.22,3.18,-0.49,0.18,-3.70,-0.47,-0.35,-1.10,-2.27,-5.88,0.40,-1.83,-3.87,-4.29,-0.38,,1.45,2.58,1.92,-0.75,1.85,0.30,0.12,2.67,-5.25,0.03,0.34,0.52,2,0.92,-2.73,0.22,-6.90,-8.01,-6.01,0.63,-1.40,1.23,0.10,0.07,0.32,-0.15,-0.31,1.46,0.63,1.50,-0.88,-0.25,0.19,0.10,0.23,0.70,-0.48,-0.10,-1.45,-4.92,-1.25,,3.84,1.60,0.80,-1.57,1.61,1.20,3.86,0.34,1.69,5.20,4.20,3.10,0.40,1.88,1.95,1.79,2.65,1.32,3.21,0.89,1.94,2.40,3.24,2.60,-0.70,2.09,2.21,2.30,2.49,2.04,1.62,2.39,1.42,1.55,0.88,1.16,3.98,3.30,2.59,1.35,1.92,2.50,1.81,2.21,2.63,1.40,5.33,1.15,-0.20,1.68,1,0.03,1.52,,1.80,1.12,1.30,1.49,2.07,1.57,3.80,2.30,2.47,1.54,1.10,,-1.80,-9.30,1.30,0.70,0,,,,,,,1.90,1.90,,2,2.50,2.30,2.30,,,,,,,,1.70,2.30,2.80,1.60,1.20,,,,,1.90,,1.20,2.10,4.80,5,4.60,,,-0.20,,,1.30,,,3.50,1.10,1.30,3.60,1.10,2.10,
2008-12-08 12:00,1.40,1.31,-0.46,1.02,-1.72,1.65,1.63,2.20,-2.16,3.35,-0.49,0.59,-3.75,-0.39,-0.38,-1.22,-2.36,-5.87,0.60,-1.63,-3.89,-4.25,-0.44,,1.53,2.52,2.05,-0.73,1.80,0.30,0.08,2.75,-5.24,0.20,0.36,0.45,2.02,0.87,-2.78,0.21,-7,-7.91,-5.87,0.66,-1.40,1.29,0,0.15,0.24,-0.20,-0.42,1.39,0.59,1.40,-0.83,-0.33,0.14,0,0.21,0.63,-0.55,-0.20,-1.47,-4.92,-1.35,,3.79,1.66,0.70,-1.65,1.46,1.64,3.68,0.45,1.60,5.03,4.40,3.24,0.40,1.81,2.01,1.72,2.70,1.07,3.28,0.96,1.95,2.60,3.19,2.68,-0.69,2,2.18,2.20,2.42,2.13,1.55,2.51,1.23,1.73,0.74,1.17,3.96,3.14,2.64,1.38,1.92,2.40,1.75,2.31,2.46,1.34,5.28,1.10,-0.33,1.79,1.10,-0.04,1.56,,1.70,1.34,1.15,1.21,2.07,1.90,3.40,2.30,3.80,1.57,1.10,1.30,-1.90,-9.20,1.30,0.60,0,1.30,3.10,-6.70,2.10,1.30,1.60,1.60,1.90,2.30,2,2.50,2.40,2.30,1.20,3.60,4.40,3.80,4.20,2.30,2.10,1.80,2.40,2.80,1.70,1.30,4.90,4.40,3.80,0.20,1.90,2.10,1.20,2,4.80,5,4.60,2.20,2.80,-0.30,2.20,1.80,1.40,4.80,3.80,3.50,1.20,1.40,3.50,0.90,2.20,1.70
2008-12-08 12:10,1.40,1.12,-0.58,0.97,-1.79,1.80,1.58,2.10,-2.10,2.93,-0.37,0.93,-3.76,-0.37,-0.44,-1.29,-2.56,-5.78,0.50,-1.41,-3.73,-4.30,0.12,,1.77,2.22,2.33,-0.78,1.79,0.20,0.21,2.72,-5.30,0.23,0.36,0.44,2.08,0.87,-2.68,0.20,-7,-8.20,-5.83,0.85,-1.30,1.36,0,0.10,0.25,-0.22,-0.42,1.37,0.54,1.40,-0.80,-0.31,0.09,0.10,0.21,0.54,-0.70,-0.40,-1.44,-5.08,-1.48,,3.69,1.61,0.70,-1.65,1.40,1.68,3.50,0.52,1.60,4.95,4.30,3.20,0.40,2.10,1.99,1.50,2.67,1.21,2.88,1.07,1.84,3,3.34,2.85,-0.55,2.03,2.14,2.20,2.52,1.94,1.59,2.49,1.25,1.90,0.87,1.17,4.01,3.12,2.54,1.37,1.85,2.40,1.99,2.42,2.22,1.31,5.21,1.09,-0.33,1.80,1.20,0.06,1.60,,1.70,1.42,1.15,1.34,2.25,2.05,3.70,2.39,2.64,1.78,1.20,,-2,-9.20,1.40,0.60,0,,,,,,,1.40,1.90,,2,2.50,2.30,2.56,,,,,,,,1.90,2.40,2.80,1.60,1.30,,,,,1.90,,1.30,2.10,4.80,5,4.60,,,-0.30,,,1.50,,,3.50,1.30,1.40,3.50,0.90,2.20,
2008-12-08 12:20,1.30,1.07,-0.66,0.85,-1.74,1.95,1.53,2,-2.35,2.47,-0.49,0.85,-3.79,-0.50,-0.50,-1.28,-2.32,-5.83,0.60,-1.40,-3.63,-4.34,0.33,,1.85,2.14,2.27,-0.78,1.73,0.20,0.05,2.75,-5.33,0.36,0.45,0.42,2.09,0.89,-2.61,0.21,-7.10,-7.83,-5.95,0.78,-1.20,1.35,0,0.07,0.09,-0.22,-0.44,1.34,0.60,1.45,-0.85,-0.27,0.05,0,0.10,0.46,-0.87,-0.50,-1.64,-5.21,-1.69,,3.86,1.63,0.60,-1.67,1.38,1.52,3.56,0.47,1.52,4.60,4.30,3.22,0.50,1.87,1.88,1.50,2.55,1.17,3.24,1.18,1.65,3.20,3.28,3.13,-0.65,2.12,2.15,2.20,2.31,2.03,1.65,2.44,1.31,1.90,0.72,1.24,4.10,3.24,2.61,1.38,1.91,2.40,2.04,2.40,2.23,1.42,5.23,1.09,-0.30,1.91,1.20,0.19,1.48,,1.70,1.40,1.13,1.63,2.37,2.27,3.50,2.45,2.70,1.77,1.20,,-2.10,-9.20,1.40,0.60,0,,,,,,,1.60,2,,2,2.50,2.30,2.52,,,,,,,,1.90,2.40,2.70,1.60,1.20,,,,,1.90,,1.30,2,4.70,5,,,,-0.20,,,1.50,,,3.40,1.40,1.50,3.50,0.90,2.10,
2008-12-08 12:30,1.40,1.06,-0.70,0.80,-1.75,1.98,1.49,1.90,-2.51,2.35,-0.46,1.11,-3.85,-0.55,-0.63,-1.31,-2.02,-5.79,0.50,-1.46,-3.65,-4.18,0.33,,1.99,2.22,2.09,-0.73,1.62,0.30,0.04,2.76,-5.38,0.31,0.49,0.45,1.92,0.82,-2.64,0.31,-7.10,-7.75,-5.87,0.95,-0.90,1.48,0,0.14,0.12,-0.25,-0.48,1.47,0.65,1.50,-0.95,-0.34,0.09,0,-0.01,0.43,-0.97,-0.50,-1.85,-5.40,-1.78,,3.66,1.60,0.60,-1.63,1.44,1.66,3.76,0.59,1.68,4.49,4.20,3.36,0.50,1.93,1.75,1.40,2.48,0.93,3.85,1.22,1.62,3.10,3.32,3.18,-0.67,2.19,2.16,2.20,2.42,2.07,1.65,2.48,1.40,1.86,0.73,1.32,4.16,3.11,2.67,1.57,2,2.30,2.19,2.43,2.12,1.41,5.27,0.89,-0.27,1.80,1.10,0.49,1.52,,1.70,1.54,1.05,1.36,2.40,1.99,3.30,2.58,3.04,1.68,1.20,,-2.20,-9.20,1.30,0.60,0,,,,,,,1.80,2,,2,2.60,2.20,2.50,,,,,,,,1.60,2.40,2.70,1.60,1.20,,,,,1.90,,1.30,1.90,4.70,5.10,4.60,,,-0.30,,,1.40,,,3.40,1.40,1.50,3.40,1,2.10,
2008-12-08 12:40,1.40,1.06,-0.65,0.69,-1.70,2.02,1.41,1.80,-2.59,2.28,-0.63,1.06,-3.99,-0.62,-0.65,-1.28,-2,-5.64,0.40,-1.41,-3.62,-4.78,0.29,,2.04,2.45,2.08,-0.66,1.49,0.30,0.02,2.67,-5.48,0.31,0.74,0.44,1.77,0.95,-2.73,0.46,-7.10,-7.76,-5.95,0.88,-0.60,1.38,0.10,0.01,0.35,-0.25,-0.45,1.46,0.72,1.50,-0.89,-0.34,0.04,0,-0.09,0.33,-1.01,-0.60,-1.91,-5.62,-1.84,,3.78,1.61,0.60,-1.65,1.29,1.61,4.12,0.75,1.67,4.53,4.10,3.40,0.60,1.93,1.74,1.40,2.40,0.81,3.74,1.31,1.65,3.20,3.29,3.11,-0.73,2.20,2.13,2.20,2.42,1.93,1.53,2.56,1.50,1.94,0.75,1.27,4.13,3.10,2.77,1.54,2.09,2.30,2.25,2.45,1.91,1.38,5.27,0.80,-0.34,1.86,1,0.67,1.68,,1.70,1.50,1.06,1.56,2.41,2.28,3.20,2.60,2.99,1.43,1.20,,-2.40,-9.20,1.30,0.50,0,,,,,,,1.80,1.90,,1.90,2.60,2,2.49,,,,,,,,1.10,2.40,2.70,1.70,1.20,,,,,1.80,,1.30,2,4.70,5.10,4.60,,,-0.10,,,1.30,,,3.50,1.60,1.50,3.30,1,2.10,
2008-12-08 12:50,1.40,0.98,-0.71,0.69,-1.75,2.06,1.24,1.80,-2.73,,-0.68,0.74,-4.10,-0.75,-0.62,-1.39,-2.08,-5.64,0.40,-1.52,-3.63,-4.80,-0.24,,2.27,2.67,2.20,-0.56,1.30,0.40,0.03,2.71,-5.53,0.24,0.54,0.75,1.82,0.93,-2.62,0.41,-7.10,-8.03,-6.07,0.86,-0.70,1.40,0.20,0,0.33,-0.21,-0.51,1.76,0.72,1.52,-0.84,-0.36,-0.04,-0.10,0.06,0.23,-1.04,-0.80,-2.03,-5.88,-1.89,,3.58,1.56,0.60,-1.58,1.31,1.37,4.29,0.89,1.58,4.51,4.10,3.40,0.60,1.80,1.78,1.20,2.27,0.65,3.48,1.31,1.77,3.20,3.33,2.93,-0.69,2.23,2.13,2.30,2.27,2.09,1.48,2.56,1.66,2.14,0.69,1.23,3.97,3.08,2.89,1.71,2.22,2.20,2.32,2.47,1.66,1.46,5.21,0.55,-0.28,1.88,1,0.71,1.77,,1.70,1.54,1.01,1.43,2.45,2.28,3.20,2.39,3.21,1.39,1.20,,-2.40,-9.20,1.20,0.40,-0.10,,,,,,,1.80,1.80,,1.90,2.50,2.10,2.47,,,,,,,,1.30,2.40,2.70,1.70,1.20,,,,,1.70,,1.30,1.90,4.70,5.10,,,,-0.10,,,1.10,,,3.60,1.70,1.60,3.40,1.20,2.10,
2008-12-08 13:00,1.50,1.04,-0.80,0.67,-1.77,1.73,1.18,1.70,-2.70,2.19,-0.86,0.54,-4.10,-0.72,-0.72,-1.52,-2.33,-5.72,0.30,-2.10,-3.60,-5.36,-0.73,,2.43,2.50,2.18,-0.60,1.30,0.50,-0.01,2.62,-5.58,0.07,0.71,0.75,1.79,0.87,-2.13,0.59,-7.20,-7.94,-6.17,0.99,-0.80,1.41,0.20,-0.06,0.34,-0.17,-0.40,1.62,0.64,1.47,-0.86,-0.48,-0.15,-0.10,-0.03,0.21,-1.15,-0.90,-2.07,-5.99,-1.99,,3.70,1.53,0.70,-1.61,1.36,1.47,4.32,0.94,1.66,4.31,4.10,3.36,0.70,1.72,1.84,1,2.23,0.69,3.29,1.40,2.06,2.90,3.36,2.72,-0.62,2.28,2.15,2.30,2.04,2.08,1.46,2.58,1.66,2.27,0.70,1.27,3.96,3.07,2.88,1.76,2.27,2.20,2.28,2.40,1.42,1.41,5.12,0.50,-0.37,1.79,1,0.62,1.79,,1.70,1.58,1.01,1.37,2.47,1.68,2.80,2.22,3.66,1.46,1.20,0,-2.40,-9.20,1.20,0.40,-0.10,,3.10,-6.70,2.60,1.10,1.30,2.10,1.70,2.80,1.80,2.40,2.10,2.30,1.30,3.50,4.70,3.80,4,2.50,2.10,1.10,2.40,2.70,1.80,1.30,5,4.40,4.40,0.70,1.70,2.30,1.30,1.90,4.60,5.10,4.60,2.70,3.20,0,2.20,,1.20,4.80,4.20,3.60,1.80,1.80,3.20,1,2,1.40
2008-12-08 13:10,1.50,1.12,-0.73,0.68,-1.70,1.71,1.16,1.60,-2.75,2.09,-0.99,0.36,-4.02,-0.76,-0.79,-1.53,-2.46,-5.51,0.30,-2.31,-3.52,-5.28,-0.80,,2.52,2.36,1.86,-0.60,1.31,0.50,0.05,2.61,-5.56,0.25,1.09,0.93,1.78,0.78,-2.07,0.58,-7.40,-8.37,-6.30,0.85,-1.20,1.44,0.20,-0.02,0.22,-0.03,-0.25,1.68,0.57,1.35,-0.72,-0.43,-0.19,0,-0.16,0.21,-1.32,-0.90,-2.16,-6.12,-2.05,,3.67,1.55,0.70,-1.64,1.14,1.40,4.10,0.90,1.71,4.25,4,3.38,0.69,1.68,1.77,0.90,2.31,0.37,3.06,1.48,2.19,2.80,3.38,2.78,-0.65,2.37,2.20,2.30,1.99,2.31,1.39,2.64,1.67,2.23,0.76,1.39,4.08,2.91,2.79,1.71,2.32,2,2.34,2.33,1.28,1.37,5.02,0.19,-0.18,1.59,1,0.66,1.65,,1.50,1.59,1.02,1.42,2.44,1.56,2.70,2.06,3.74,1.53,1.20,,-2.30,-9.30,1.10,0.40,-0.10,,,,,,,2,1.50,,1.70,2.20,2.10,2.33,,,,,,,,1.10,2.40,2.70,1.90,1.20,,,,,1.70,,1.40,1.80,4.60,5.10,4.60,,,0,,,1.10,,,3.70,1.90,1.80,3.20,0.90,2.10,
2008-12-08 13:20,1.60,1.14,-0.69,0.73,-1.80,1.43,1.09,1.40,-2.77,2.01,-1.06,0.26,-4.06,-0.76,-0.85,-1.60,-2.50,-5.34,0.20,-2.42,-3.71,-4.88,-0.88,,2.41,2.30,1.57,-0.62,1.35,0.80,0.07,2.68,-5.45,0.29,0.79,1.02,1.69,1.20,-2.25,0.65,-7.60,-8.47,-6.46,0.75,-1.40,1.37,0.20,-0.01,0.17,-0.05,-0.31,1.80,0.52,1.26,-0.77,-0.44,-0.17,-0.10,-0.10,0.21,-1.25,-1.10,-2.23,-6.26,-2.20,,3.54,1.64,0.70,-1.60,1.02,1.39,4.12,1.01,1.78,4.44,3.90,3.34,0.71,1.75,1.70,0.90,2.23,0.06,2.89,1.41,2.32,2.70,3.45,2.97,-0.70,2.30,2.22,,2.09,2.13,1.49,2.60,1.62,2.20,0.84,1.46,4.13,2.90,2.87,1.74,2.39,1.90,2.41,2.21,1.30,1.35,5.01,-0.18,-0.24,1.26,0.90,0.74,1.62,,1.50,1.74,0.93,1.52,2.44,1.61,2.60,1.93,3.41,1.63,1.20,,-2.10,-9.40,1,0.40,-0.10,,,,,,,1.80,1.30,,1.70,2.20,2.10,2.27,,,,,,,,0.60,2.40,2.70,1.90,1.30,,,,,1.70,,1.40,1.70,4.60,5.10,4.50,,,0,,,1.10,,,3.80,1.90,1.80,3,0.80,2.20,
2008-12-08 13:30,1.60,1.17,-0.78,0.73,-1.80,1.37,1.15,1.30,-2.75,,-1.14,0.32,-4,-0.91,-0.94,-1.74,-2.63,-5.39,0.20,-2.42,-3.85,-4.89,-0.87,,2.33,2.14,1.44,-0.62,1.44,0.90,0.06,2.66,-5.38,0.19,0.62,0.99,1.86,1.50,-2.54,0.52,-7.70,-8.27,-6.55,0.63,-1.40,1.37,0.20,-0.04,0.03,0.01,-0.30,1.79,0.50,1.27,-0.81,-0.44,-0.15,-0.20,-0.21,0.16,-1.35,-1,-2.25,-6.32,-2.28,,3.60,1.54,0.60,-1.75,1.20,1.45,4.02,1.06,1.78,4.49,3.90,3.23,0.68,1.61,1.53,0.90,2.25,-0.03,2.72,1.45,1.91,2.60,3.44,3.11,-0.70,2.38,2.27,2.30,2.06,2.22,1.38,2.57,1.50,2.14,0.91,1.47,3.95,2.92,3.03,1.82,2.58,1.90,2.36,2.14,1.09,1.30,5.06,-0.19,-0.23,1.03,0.90,0.69,1.61,,1.50,1.56,0.98,1.58,2.53,1.54,2.40,1.75,3.27,1.66,1.10,,-2,-9.50,0.90,0.40,-0.10,,,,,,,1.80,1.30,,1.70,2.10,2.20,2.28,,,,,,,,0.40,2.40,2.60,2,1.30,,,,,1.70,,1.50,1.70,4.60,5.10,4.50,,,-0.10,,,1.20,,,3.90,2,1.80,3,0.90,2.20,
2008-12-08 13:40,1.60,1.23,-0.72,0.75,-1.80,1.39,1.12,1.30,-2.68,,-1.14,0.13,-4.10,-1,-0.98,-1.61,-2.61,-5.42,0.10,-2.29,-3.97,-4.75,-0.82,,2.27,1.80,1.30,-0.78,1.41,0.70,0.12,2.55,-5.45,0.31,0.47,0.69,1.68,1.22,-2.63,0.38,-7.70,-8.07,-6.45,0.59,-1.40,1.37,0.20,0.05,-0.04,-0.05,-0.30,1.83,0.47,1.24,-0.81,-0.43,-0.24,-0.20,-0.31,0.13,-1.45,-1,-2.32,-6.29,-2.26,,3.56,1.57,0.50,-1.62,1.15,1.50,3.77,0.97,1.72,4.44,3.90,3.20,0.66,1.56,1.41,1,2.30,0.01,2.69,1.34,1.58,2.50,3.38,3.10,-0.62,2.36,2.20,2.30,1.83,2.35,1.45,2.55,1.39,2.08,0.86,1.38,3.88,2.94,3.18,1.94,2.60,1.90,2.28,2.10,1.05,1.37,4.94,-0.21,-0.27,0.85,1,0.64,1.60,,1.40,1.29,0.94,1.46,2.60,1.50,2.20,1.72,2.48,1.58,1.10,,-1.90,-9.60,0.90,0.40,-0.10,,,,,,,1.80,1.20,,1.70,2.10,2.20,2.27,,,,,,,,0.30,2.40,2.60,2,1.30,,,,,1.60,,1.50,1.50,4.60,5,,,,0,,,1.20,,,3.90,2,1.80,2.80,1.10,2.20,
2008-12-08 13:50,1.60,1.28,-0.73,0.75,-1.80,1.35,1.05,1.20,-2.68,,-1.17,0.04,-4.12,-1.05,-1.06,-1.72,-2.44,-5.35,0,-2.21,-4.03,-4.83,-0.74,,2.50,1.80,1.47,-1.05,1.42,0.30,0.11,2.25,-5.61,0.11,0.38,0.57,1.58,0.92,-2.68,0.35,-7.70,-7.99,-6.32,0.58,-1.30,1.27,0.20,0.09,-0.02,0,-0.35,1.79,0.46,1.18,-0.82,-0.46,-0.30,-0.20,-0.27,0.14,-1.44,-1,-2.37,-6.30,-2.30,,3.47,1.57,0.60,-1.62,1.16,1.51,3.67,0.94,1.67,4.51,3.80,3.18,0.75,1.43,1.38,1.10,2.24,-0.07,2.65,1.27,1.45,2.40,3.32,3.05,-0.74,2.41,2.33,2.20,1.86,2.22,1.48,2.58,1.33,2.04,0.84,1.33,3.85,2.91,3.24,2.07,2.61,1.80,2.34,2.11,1.02,1.32,5.01,-0.23,-0.23,0.78,0.90,0.68,1.56,,1.40,1.01,0.88,1.16,2.63,1.60,2,1.61,1.79,1.54,1,,-1.80,-9.70,0.90,0.40,-0.10,,,,,,,1.70,1.20,,1.60,2.10,2.20,2.15,,,,,,,,0.10,2.20,2.60,2,1.30,,,,,1.50,,1.60,1.40,4.60,5,4.50,,,0.10,,,1.20,,,3.90,2,1.90,2.70,0.90,2.20,
2008-12-08 14:00,1.60,1.37,-0.72,0.78,-1.80,1.38,0.89,1.20,-2.69,1.56,-1.32,-0.09,-4,-1.17,-1.11,-1.62,-2.58,-5.36,-0.10,-2.15,-4.13,-5.17,-0.77,,2.65,1.85,1.49,-1.18,1.52,0.10,0.07,2.11,-5.72,0.06,0.44,0.48,1.52,0.81,-2.67,0.39,-7.70,-8.02,-6.20,0.55,-1.30,1.05,0.20,0.04,-0.14,-0.08,-0.42,1.65,0.36,1.22,-0.83,-0.47,-0.27,-0.20,-0.30,0.09,-1.43,-1,-2.41,-6.35,-2.40,,3.65,1.60,0.50,-1.62,1.16,1.43,3.61,0.83,1.64,4.50,3.80,3.15,0.74,1.12,1.28,1.20,2.17,-0.02,2.66,1.21,1.41,2.40,3.32,2.98,-0.96,2.36,2.30,2.30,2.04,1.90,1.48,2.57,1.27,2.02,0.90,1.23,3.78,2.88,3.29,2.02,2.62,1.80,2.25,2.07,1,1.29,4.94,-0.02,-0.24,0.47,0.90,0.65,1.57,,1.40,0.93,0.88,1.15,2.75,1.60,1.80,1.40,1.31,1.58,1.10,0.70,-1.80,-9.80,1,0.40,-0.10,,2.80,-6.60,2.60,1,1.50,1.60,1.10,2,1.60,2.20,2.20,2,1.50,3.30,4.30,3.70,4.10,2.60,1.80,-0.10,1.90,2.50,1.90,1.10,4.90,4.20,4,1.20,1.30,2.30,1.60,1.30,4.60,5.10,4.40,2.90,3.60,0.10,1.70,2.30,1.20,4.80,4.40,3.90,2.10,2,2.50,0.40,2.20,0.60
2008-12-08 14:10,1.40,1.40,-0.74,0.83,-1.80,1.42,0.72,1.30,-2.67,1.47,-1.25,-0.17,-4.03,-1.14,-1.25,-1.52,-2.51,-5.43,-0.20,-2.13,-4.19,-5.03,-0.65,,2.53,1.85,1.72,-1.33,1.44,-0.10,0.15,1.85,-5.69,-0.21,0.26,0.46,1.48,0.76,-2.66,0.30,-7.70,-8.06,-6.08,0.58,-1.20,1.01,0.20,0.10,-0.24,-0.03,-0.48,1.56,0.41,1.23,-0.85,-0.55,-0.22,-0.20,-0.39,0.08,-1.55,-1,-2.39,-6.44,-2.43,,3.52,1.56,0.60,-1.63,1.11,1.49,3.53,1.04,1.69,4.56,3.70,3.04,0.86,0.94,1.28,1.20,2.10,-0.20,2.60,1.10,1.29,2.40,3.19,2.89,-0.97,2.21,2.42,2.30,1.86,2.14,1.45,2.43,1.28,1.95,0.86,1.11,3.69,2.96,3.37,2.12,2.74,1.80,2.20,2.02,1.02,1.19,4.87,-0.08,-0.19,0.43,0.90,0.53,1.43,,1.30,0.80,0.97,0.95,2.71,1.65,1.80,1.22,1.41,1.54,1.10,,-1.70,-9.80,1.10,0.40,-0.20,,,,,,,1.40,1.10,,1.60,2.20,2.20,2.26,,,,,,,,-0.30,1.40,2.50,1.90,1.10,,,,,1.10,,1.70,1.40,4.60,5.10,4.40,,,0.20,,,1.30,,,3.90,2.10,2,2.40,0.30,2.30,
2008-12-08 14:20,1.30,1.43,-0.72,0.80,-1.80,1.35,0.54,1.30,-2.49,1.43,-1.35,-0.20,-3.94,-1.08,-1.34,-1.63,-2.48,-5.33,-0.30,-2.24,-4.26,-4.97,-0.60,,2.27,1.84,1.71,-1.39,1.37,-0.20,0.08,1.73,-5.83,-0.18,0.12,0.40,1.48,0.57,-2.55,0.24,-7.70,-7.98,-5.94,0.46,-1.20,1.11,0.20,-0.01,-0.34,0,-0.41,1.42,0.33,1.16,-0.89,-0.58,-0.33,-0.30,-0.30,0.04,-1.52,-1.10,-2.42,-6.53,-2.43,,3.45,1.51,0.50,-1.64,1.03,1.40,3.32,0.99,1.70,4.46,3.70,3,0.79,0.91,1.21,1.20,1.91,-0.38,2.47,1.05,1.21,2.30,3.03,2.73,-1.06,2.07,2.13,2.30,1.89,2.09,1.39,2.33,1.22,1.83,0.84,1.05,3.65,2.98,3.42,2.16,2.77,1.70,2.02,2.07,0.92,1.14,4.90,-0.05,-0.04,0.54,0.70,0.38,1.47,,1.40,0.78,0.89,1.17,2.71,1.64,1.80,1.22,0.72,1.45,1.10,,-1.60,-9.90,1.10,0.50,-0.20,,,,,,,1.20,1.10,,1.50,2.20,2.10,2.11,,,,,,,,-0.30,1,2.50,1.80,0.80,,,,,0.90,,1.70,1.30,4.60,5.10,4.40,,,0.20,,,1.30,,,4,2.10,2.10,2.30,0.20,2.30,
2008-12-08 14:30,1.20,1.44,-0.61,0.72,-1.80,1.31,0.38,1.30,-2.59,1.44,-1.27,-0.27,-3.84,-1.10,-1.42,-1.71,-2.43,-5.24,-0.30,-2.16,-4.29,-4.93,-0.61,,2.56,1.84,1.62,-1.28,1.32,-0.20,0.02,1.79,-5.77,-0.30,0.10,0.31,1.35,0.55,-2.51,0.27,-7.60,-7.95,-5.97,0.45,-1.20,1.07,0.20,0.11,-0.29,-0.02,-0.42,1.61,0.31,1.11,-1,-0.54,-0.33,-0.30,-0.21,-0.03,-1.52,-1.20,-2.46,-6.54,-2.41,,3.41,1.51,0.50,-1.60,1.05,1.29,3.15,0.95,1.75,4.40,3.70,2.93,0.84,0.83,1.26,1.20,1.45,-0.48,2.52,1.07,1.11,2.20,3,2.49,-1.27,2.01,2.11,2.20,2.12,2.05,1.34,2.23,1.28,1.91,0.90,1.01,3.62,2.91,3.50,2.28,2.84,1.70,1.97,1.94,0.90,1.06,4.93,0.06,-0.03,0.35,0.50,0.31,1.44,,1.30,0.82,0.84,1.05,2.71,1.65,2,1,0.52,1.41,1.20,,-1.60,-10,0.90,0.40,-0.20,,,,,,,1.10,1.10,,1.40,2.20,2,1.94,,,,,,,,-0.20,0.80,2.50,1.80,0.80,,,,,0.70,,1.80,1.30,4.50,5,4.40,,,0.30,,,1.40,,,4,2.20,2.20,2.30,0.30,2.30,
2008-12-08 14:40,1.30,1.33,-0.61,0.71,-1.80,1.24,0.43,1.30,-2.65,1.30,-1.25,-0.29,-3.84,-0.90,-1.51,-1.73,-2.49,-5.17,-0.50,-2.23,-4.26,-4.67,-0.59,,2.39,1.85,1.64,-1.27,1.19,-0.20,0.14,1.82,-5.72,-0.37,0.11,0.25,1.35,0.58,-2.53,0.15,-7.50,-7.90,-5.96,0.27,-1.20,1.15,0.20,0.12,-0.14,0.02,-0.28,1.36,0.30,1.10,-0.99,-0.61,-0.32,-0.20,-0.29,-0.01,-1.50,-1.10,-2.50,-6.47,-2.41,,3.23,1.50,0.40,-1.58,1.09,1.31,2.99,0.92,1.63,4.39,3.60,2.90,0.88,0.77,1.24,1.30,1.16,-0.49,2.51,1.01,1.15,2.10,2.85,1.86,-1.46,2,2.06,2.30,2.03,2.21,1.40,2.22,1.37,2.03,1.02,0.94,3.67,2.78,3.60,2.47,2.87,1.70,1.86,1.82,0.93,1.09,4.78,0.29,0.03,0.32,0.30,0.33,1.39,,1.30,0.72,0.96,0.89,2.62,1.74,2.20,0.73,0.65,1,1.10,,-1.60,-10,0.80,0.40,-0.20,,,,,,,0.90,1.10,,1.40,2.20,2,1.93,,,,,,,,-0.10,0.50,2.40,1.80,0.70,,,,,0.60,,1.80,1.10,4.50,5,,,,0.30,,,1.40,,,4,2.30,2.20,2.10,0.20,2.30,
2008-12-08 14:50,1.30,1.35,-0.66,0.66,-1.90,0.93,0.40,1.30,-2.70,1.25,-1.26,-0.47,-3.83,-0.88,-1.64,-1.77,-2.53,-5.18,-0.60,-2.28,-4.37,-4.55,-0.76,,2.28,1.84,1.62,-1.28,1.13,0,0.06,1.87,-5.61,-0.33,-0.09,0.22,1.32,0.55,-2.57,0.03,-7.40,-7.78,-5.93,0.09,-1.30,1.06,0.20,0.12,0.09,0.07,-0.49,1.51,0.25,1.12,-1.04,-0.60,-0.37,-0.30,-0.43,-0.09,-1.53,-1.10,-2.42,-6.52,-2.39,,3.10,1.45,0.40,-1.61,1.12,1.29,2.67,0.77,1.62,4.36,3.60,2.84,0.99,0.79,1.08,1.10,0.90,-0.35,2.24,0.99,0.86,2,2.67,1.58,-1.45,1.96,2.04,2.40,1.94,1.97,1.37,2.17,1.40,2.01,1.03,0.87,3.45,2.73,3.67,2.58,2.85,1.30,1.83,1.72,0.93,1.03,4.77,0.37,-0.03,0.26,0.10,0.33,1.36,,1.30,0.73,0.99,0.96,2.64,1.81,2.20,0.62,0.54,0.82,1.10,,-1.70,-10,0.60,0.50,-0.30,,,,,,,0.80,1.10,,1.30,2.20,1.90,1.93,,,,,,,,0.10,0.10,2.40,1.70,0.70,,,,,0.30,,1.80,1,4.40,5,4.40,,,0.30,,,1.30,,,4.10,2.20,2.30,2.20,0.30,2.20,
2008-12-08 15:00,1.20,1.36,-0.57,0.50,-2,0.81,0.44,1.20,-2.75,1.18,-1.17,-0.45,-3.88,-0.91,-1.51,-1.84,-2.39,-5.22,-0.70,-2.30,-4.44,-4.52,-0.79,,2.33,1.70,1.60,-1.27,1.09,0,-0.02,1.96,-5.58,-0.48,-0.26,-0.06,1.18,0.48,-2.64,0.15,-7.30,-7.79,-5.82,-0.16,-1.40,1.03,0.20,0.13,0.14,0,-0.59,1.45,0.26,1.05,-0.99,-0.74,-0.36,-0.20,-0.38,-0.05,-1.47,-1.20,-2.44,-6.56,-2.41,,3.11,1.52,0.30,-1.64,1.12,1.22,2.47,0.64,1.55,4.16,3.50,2.78,1.07,0.84,1.07,1.10,0.48,-0.35,1.90,0.92,0.48,1.90,2.63,1.44,-1.42,1.86,1.86,2.30,1.87,2.22,1.45,2.24,1.37,2.02,1.09,0.89,3.62,2.87,3.55,2.67,2.87,1,1.90,1.70,0.95,1,4.67,0.29,0.23,0.25,-0.30,0.32,1.37,,1.30,0.95,1.11,1.09,2.73,1.82,2.30,0.62,0.55,0.83,1.10,0.80,-1.80,-10.10,0.50,0.50,-0.30,1,2.60,-6.50,2,1.50,1.80,0.70,1.20,1.40,1.30,2.10,1.90,1.90,,3.20,4.30,3.40,3.30,2.60,1.60,0.20,-0.10,2.40,1.70,0.90,4.60,4.40,3.80,1.50,0.10,2.30,1.80,0.80,4.50,5,4.40,,3.90,0.20,1.80,1.60,1.30,4.80,4.30,4.10,2.30,2.40,2.30,0.50,2.20,-0.60
2008-12-08 15:10,1.20,1.24,-0.64,0.39,-1.94,0.79,0.65,1.30,-2.76,1.21,-0.99,-0.31,-3.85,-0.92,-1.43,-1.83,-2.46,-5.12,-0.80,-2.25,-4.43,-4.48,-0.79,,2.12,1.32,1.52,-1.13,1.04,0,0.02,2.02,-5.56,-0.50,-0.31,-0.15,1.23,0.39,-2.66,-0.17,-7.30,-7.81,-5.89,-0.22,-1.40,0.98,0.20,0.15,0.03,0.05,-0.48,1.46,0.22,1.08,-1.02,-0.74,-0.27,-0.30,-0.48,-0.11,-1.43,-1.20,-2.40,-6.55,-2.37,,2.95,1.52,0.30,-1.70,0.94,1.29,2.39,0.59,1.55,3.91,3.60,2.70,1.09,0.87,1.06,1,-0.03,-0.40,1.62,0.98,0.33,1.80,2.55,1.28,-1.38,1.81,1.92,2.30,1.77,2.42,1.39,2.20,1.34,2.03,1.05,0.92,3.49,2.83,3.64,2.75,2.82,0.70,1.80,1.75,0.85,0.97,4.57,0.34,0.38,0.31,-0.50,0.40,1.30,,1.30,0.87,1.15,1.08,2.78,1.85,2.30,0.59,0.46,0.77,1,,-2,-10.10,0.80,0.60,-0.30,,,,,,,0.60,1.20,,1.30,2.10,1.90,1.87,,,,,,,,0.40,-0.20,2.30,1.70,0.90,,,,,-0.40,,1.90,0.90,4.40,5,4.40,,,0.20,,,1.30,,,4.10,2.60,2.40,2.30,0.60,2.20,
2008-12-08 15:20,1.30,1.21,-0.56,0.45,-2.04,0.74,0.68,1.30,-2.71,1.19,-1.02,-0.38,-3.82,-0.80,-1.41,-1.75,-2.40,-5.15,-0.90,-2.28,-4.47,-4.66,-0.87,,1.76,1.06,1.35,-1.09,0.97,0,-0.09,2.01,-5.52,-0.57,-0.15,-0.20,1.12,0.38,-2.61,-0.36,-7.30,-7.94,-5.83,-0.23,-1.40,0.98,0.30,0.23,-0.13,0.04,-0.45,1.54,0.14,0.96,-1.07,-0.62,-0.15,-0.30,-0.52,-0.18,-1.17,-1.20,-2.45,-6.55,-2.40,,2.69,1.52,0.30,-1.70,1.05,1.21,2.33,0.58,1.54,3.78,3.40,2.70,1,0.65,1.06,1,-0.27,-0.40,1.34,0.85,0.18,1.80,2.51,1.44,-1.34,1.78,1.97,2.30,1.82,1.82,1.31,2.11,1.38,2.07,1.02,0.83,3.59,2.78,3.58,2.83,2.72,0.40,1.65,1.71,0.92,0.92,4.54,0.33,0.39,0.41,-0.80,0.37,1.13,,1.30,0.94,1.13,0.98,2.82,1.91,2.40,0.68,0.33,0.72,1,,-2,-10.10,1.40,0.60,-0.30,,,,,,,0.50,1.20,,1.20,2,1.90,1.91,,,,,,,,0.40,-0.30,2.30,1.70,1,,,,,-0.70,,1.90,0.80,4.40,4.90,,,,0.10,,,1.30,,,4.20,2.70,2.50,2.20,0.70,2.20,
2008-12-08 15:30,1.30,1.19,-0.56,0.37,-2.02,0.72,0.71,1.30,-2.64,1.25,-1.01,-0.46,-3.83,-0.68,-1.38,-1.77,-2.35,-5.16,-1.10,-2.14,-4.45,-4.58,-0.83,,1.49,0.98,1.17,-1.04,0.93,0,-0.01,1.98,-5.52,-0.33,-0.31,-0.21,0.98,0.32,-2.68,-0.73,-7.20,-8,-5.92,-0.28,-1.50,0.99,0.30,0.18,-0.09,0.18,-0.64,1.52,0.33,0.94,-1.03,-0.58,-0.22,-0.30,-0.39,-0.21,-1.20,-1.30,-2.39,-6.56,-2.46,,2.52,1.56,0.20,-1.71,0.95,0.96,2.61,0.60,1.42,3.33,3.30,2.59,1.10,0.66,0.97,0.90,-0.34,-0.40,1.28,0.81,-0.01,1.70,2.53,1.32,-1.26,1.74,2.03,2.30,1.95,1.73,1.34,2.12,1.40,2.05,1.06,0.79,3.65,2.71,3.49,2.84,2.72,0,1.65,1.63,0.84,0.94,4.53,0.40,0.39,0.44,-0.90,0.36,0.98,,1.30,0.88,1.15,0.90,2.93,2.07,2.40,0.75,0.42,0.94,1,,-2,-10.20,1.50,0.60,-0.30,,,,,,,0.50,1.20,,1.20,2,1.80,1.85,,,,,,,,0.30,-0.40,2.30,1.60,1,,,,,-0.50,,1.90,1,4.40,4.80,4.40,,,0.10,,,1.30,,,4.20,2.70,2.60,2.10,0.80,2.20,
2008-12-08 15:40,1.30,1.25,-0.63,0.29,-1.98,0.71,0.78,1.40,-2.65,1.19,-0.92,-0.43,-3.77,-0.71,-1.36,-1.92,-2.35,-5.12,-1.10,-2.29,-4.42,-4.60,-0.93,,1.24,0.95,1.03,-0.97,1.02,-0.10,0.09,1.80,-5.55,-0.38,-0.26,-0.19,0.92,0.18,-2.66,-0.74,-7.20,-8,-5.89,-0.21,-1.50,1,0.20,0.20,0,0.07,-0.77,1.53,0.27,0.91,-1,-0.58,-0.17,-0.30,-0.41,-0.25,-1.16,-1.30,-2.33,-6.34,-2.39,,2.40,1.61,0.30,-1.71,0.94,0.84,2.79,0.66,1.46,3.14,3.10,2.59,1.20,0.90,0.89,1,-0.32,-0.38,1.35,0.86,-0.08,1.60,2.40,0.94,-1.15,1.71,1.84,2.30,1.90,2.46,1.29,2.09,1.42,2.01,1.10,0.92,3.62,2.61,3.50,2.85,2.47,-0.20,1.57,1.51,0.86,0.99,4.57,0.53,0.35,0.43,-0.90,0.30,0.87,,1.30,0.84,1.15,1.19,3.03,2.11,2.40,0.80,0.24,1.07,1,,-2,-10.20,1.50,0.70,-0.30,,,,,,,0.60,1.20,,1.20,1.90,1.80,1.92,,,,,,,,0.30,-0.60,2.30,1.60,1.10,,,,,-0.60,,1.90,0.90,4.40,4.70,4.40,,,0.20,,,1.30,,,4.20,2.80,2.70,2.10,0.80,2,
2008-12-08 15:50,1.40,1.05,-0.60,0.27,-2.04,0.76,0.98,1.30,-2.57,,-0.91,-0.52,-3.84,-0.72,-1.37,-1.74,-2.37,-5.03,-1.20,-2.15,-4.43,-4.79,-0.85,,1.29,0.94,0.92,-1.05,1,-0.10,0.02,1.63,-5.47,-0.53,-0.22,-0.12,0.74,0.18,-2.56,-0.72,-7.20,-8.03,-5.96,-0.52,-1.50,0.98,0.20,0.26,-0.23,0.10,-0.90,1.58,0.26,0.91,-1,-0.66,-0.08,-0.30,-0.38,-0.25,-1.09,-1.30,-2.28,-6.31,-2.38,,2.33,1.65,0.30,-1.78,0.89,0.71,2.92,0.65,1.38,2.77,2.90,2.54,1.20,0.86,0.92,0.90,-0.52,-0.42,1.49,0.88,-0.09,1.60,2.36,0.71,-1.15,1.68,1.82,2.20,1.73,2.24,1.32,2.10,1.45,2.04,0.92,0.97,3.52,2.50,3.49,2.87,2.35,-0.40,1.55,1.43,0.84,0.98,4.52,0.47,0.28,0.45,-0.80,0.36,0.56,,1.30,0.86,1.13,0.99,2.94,2.14,2.40,0.68,0.29,0.93,1,,-2,-10.20,1.50,0.70,-0.20,,,,,,,0.70,1.20,,1.10,1.90,1.90,1.81,,,,,,,,0.40,-0.70,2.30,1.50,1.10,,,,,-0.60,,1.90,0.80,4.30,4.70,,,,0.20,,,1.20,,,4.20,2.90,2.60,2.20,0.90,2,
2008-12-08 16:00,1.40,0.99,-0.57,0.30,-2.06,0.76,1.03,1.30,-2.63,1.08,-0.95,-0.45,-3.68,-0.83,-1.40,-1.87,-2.38,-4.87,-1.20,-2.17,-4.47,-4.57,-0.98,,1.11,0.97,0.97,-1.04,1.14,-0.20,-0.04,1.59,-5.35,-0.51,-0.16,-0.07,0.64,0.20,-2.46,-0.64,-7.20,-7.96,-5.84,-0.24,-1.60,0.94,0.20,0.39,-0.22,0.12,-0.91,1.60,0.32,0.98,-1,-0.67,-0.13,-0.30,-0.33,-0.21,-1.17,-1.30,-2.21,-6.41,-2.43,,1.82,1.63,0.20,-1.80,0.73,0.60,2.96,0.66,1.30,2.84,3,2.53,1.10,1.14,0.91,0.90,-1.01,-0.24,1.58,0.89,-0.25,1.50,2.34,0.63,-0.99,1.65,1.80,2.20,1.91,2.19,1.29,2.10,1.45,2.04,0.99,1.02,3.50,2.54,3.39,2.75,2.32,-0.30,1.46,1.46,0.80,1,4.40,0.58,0.34,0.48,-0.80,0.17,0.63,,1.20,0.96,1.01,0.80,3.05,2.16,2.50,0.47,0.47,1.18,1,0.60,-1.90,-10.20,1.40,0.80,-0.30,1,2.70,-6.60,1.90,2.50,1.70,0.80,1.20,1.30,0.90,1.90,1.80,1.80,1.40,3.20,4.10,3.20,2.50,2.80,1.30,0.40,-0.90,2.30,1.60,1.20,4.20,4.30,3.60,1.60,-0.60,2,1.80,0.80,4.30,4.50,4.30,3.40,3.80,0.10,1.90,,1.20,4.80,4.30,4.20,3,2.70,2.40,1.10,2,0
2008-12-08 16:10,1.50,1.01,-0.58,0.32,-1.90,0.71,1.07,1.30,-2.52,1.12,-0.95,-0.37,-3.69,-0.91,-1.48,-1.81,-2.38,-4.81,-1.10,-2.33,-4.50,-4.62,-1.01,,1.16,0.95,1.02,-0.96,1.20,-0.20,-0.03,1.62,-5.37,-0.42,-0.10,-0.17,0.79,0.17,-2.45,-0.65,-7.30,-7.83,-5.82,-0.37,-1.60,0.83,0.20,0.37,-0.20,0.03,-0.74,1.50,0.33,0.99,-1.01,-0.58,-0.16,-0.30,-0.31,-0.28,-1.17,-1.30,-2.15,-6.28,-2.40,,1.91,1.64,0.20,-1.82,0.68,0.66,2.97,0.65,1.25,2.71,2.90,2.53,1.20,1.07,0.85,0.70,-1.24,-0.15,1.50,0.92,-0.50,1.40,2.31,0.50,-1.23,1.54,1.78,2.20,2.08,2.20,1.29,2.07,1.48,2.06,1.03,1.08,3.53,2.73,3.28,2.88,2.34,-0.30,1.55,1.31,0.83,0.88,4.34,0.54,0.42,0.50,-0.70,0.08,0.60,,1.20,1.01,0.92,0.79,2.91,2.30,2.60,0.48,0.65,1.15,1,,-1.90,-10.20,1.40,0.80,-0.20,,,,,,,0.80,1.10,,0.90,1.90,1.80,1.82,,,,,,,,0.50,-0.80,2.30,1.50,1.20,,,,,-0.70,,1.80,0.90,4.30,4.50,4.30,,,0.10,,,1.10,,,4.30,3.20,2.70,2.50,1.10,2,
2008-12-08 16:20,1.50,0.95,-0.67,0.28,-1.90,0.70,1.06,1.30,-2.47,1.16,-0.87,-0.38,-3.72,-0.87,-1.44,-1.72,-2.34,-4.88,-1.20,-2.36,-4.40,-4.45,-1.05,,1.25,1.01,0.96,-1.02,1.09,-0.20,0.08,1.45,-5.42,-0.40,-0.13,-0.21,1.06,0.10,-2.44,-0.71,-7.30,-7.72,-5.70,-0.31,-1.50,0.83,0.20,0.34,-0.29,-0.04,-0.67,1.52,0.33,1,-0.94,-0.53,-0.19,-0.30,-0.29,-0.23,-1.09,-1.30,-2.14,-6.30,-2.37,,2.02,1.59,0.20,-1.85,0.62,0.63,3.07,0.60,1,2.58,2.80,2.59,1.20,1.07,0.80,0.60,-1.23,-0.08,1.69,1.09,-0.60,1.30,2.25,0.44,-1.06,1.48,1.72,2.20,1.85,2.31,1.29,2.03,1.47,2.12,1.12,1.03,3.38,2.66,3.31,2.71,2.40,-0.50,1.62,1.16,0.85,0.95,4.41,0.71,0.38,0.57,-0.60,0.03,0.53,,1.20,0.91,0.91,1.01,3,2.40,2.70,0.65,0.59,0.83,0.90,,-1.90,-10.20,1.40,0.70,-0.20,,,,,,,0.80,1.10,,0.80,2,1.90,1.89,,,,,,,,0.50,-0.90,2.30,1.40,1.20,,,,,-0.80,,1.80,0.90,4.30,4.40,4.30,,,0.10,,,1,,,4.30,3.40,2.80,2.50,1.20,1.90,
2008-12-08 16:30,1.60,1.03,-0.66,0.27,-1.90,0.72,1.08,1.40,-2.60,1.21,-0.93,-0.43,-3.75,-0.73,-1.43,-1.81,-2.35,-4.89,-1.20,-2.34,-4.36,-4.30,-0.95,,1.15,1.06,1.13,-1.08,0.89,-0.30,-0.04,1.55,-5.30,-0.48,-0.19,-0.06,0.98,0.12,-2.37,-0.75,-7.20,-7.81,-5.79,-0.28,-1.40,0.75,0.10,0.31,-0.38,-0.01,-0.57,1.64,0.39,1.06,-0.97,-0.63,-0.14,-0.30,-0.19,-0.24,-1.06,-1.30,-2.07,-6.26,-2.35,,1.93,1.54,0.10,-1.90,0.37,0.57,3.14,0.56,0.95,2.57,2.60,2.57,1.50,1.03,0.77,0.40,-1.71,-0.10,1.83,1.01,-0.82,1.10,2.20,0.38,-0.99,1.47,1.74,2.10,1.76,2.42,1.21,2.05,1.43,2.11,1.23,0.96,3.46,2.71,3.32,2.62,2.37,-0.70,1.48,0.92,0.71,1,4.37,0.84,0.50,0.60,-0.50,-0.12,0.56,,1.20,0.76,0.83,0.92,3.09,2.52,2.80,0.64,0.43,0.57,0.90,,-1.90,-10.20,1.30,0.70,-0.20,,,,,,,0.90,0.90,,0.80,2,1.80,1.95,,,,,,,,0.60,-1.20,2.30,1.40,0.90,,,,,-0.80,,1.70,0.80,4.40,4.40,4.30,,,0.10,,,1,,,4.40,3.40,2.80,2.40,1.10,1.90,
2008-12-08 16:40,1.50,1.18,-0.58,0.22,-1.90,0.63,1.11,1.40,-2.59,1.26,-1.09,-0.54,-3.73,-0.82,-1.57,-1.85,-2.38,-4.86,-1.10,-2.18,-4.28,-4.49,-0.79,,1.16,1.19,1.08,-1.06,0.71,-0.30,-0.12,1.80,-5.18,-0.52,-0.16,-0.22,1.04,0.06,-2.40,-0.72,-7.20,-8,-5.95,-0.41,-1.50,0.79,0.10,0.23,-0.35,0.06,-0.61,1.62,0.47,1.12,-0.89,-0.51,-0.08,-0.20,-0.09,-0.20,-1.05,-1.30,-2.11,-6.20,-2.36,,1.77,1.67,0,-1.98,0.31,0.55,3.09,0.59,0.86,2.59,2.70,2.52,1.64,1.08,0.74,0.30,-1.56,-0.09,1.95,0.85,-0.95,0.70,2.20,0.60,-0.92,1.48,1.78,2.10,1.93,1.54,1.29,2.18,1.41,2.13,1.23,1.03,3.40,2.73,3.15,2.81,2.40,-0.60,1.52,0.70,0.70,1.02,4.30,0.88,0.36,0.53,-0.50,-0.19,0.43,,1.20,0.80,0.75,0.77,3.14,2.53,2.80,0.62,0.54,0.34,0.90,,-1.90,-10.30,1.20,0.60,-0.20,,,,,,,1,0.90,,0.80,2,1.70,1.98,,,,,,,,0.60,-1.10,2.20,1.40,1,,,,,-0.70,,1.70,0.80,4.40,4.30,4.30,,,0.10,,,1,,,4.50,3.50,2.90,2.40,0.90,1.80,
2008-12-08 16:50,1.40,1.29,-0.54,0.22,-1.80,0.67,1.17,1.50,-2.49,1.16,-1.15,-0.50,-3.69,-0.97,-1.54,-1.76,-2.38,-4.75,-1.10,-1.78,-4.38,-4.07,-0.65,,1.17,1.20,1.22,-1.04,0.66,-0.30,-0.17,1.70,-5.33,-0.56,-0.20,-0.21,0.99,0.01,-2.27,-0.80,-7.20,-7.96,-5.94,-0.30,-1.50,0.79,0.10,0.20,-0.35,-0.03,-0.59,1.51,0.52,1.12,-0.83,-0.56,-0.08,-0.30,-0.29,-0.08,-1.02,-1.20,-2.21,-6.15,-2.31,,1.69,1.72,-0.10,-1.90,0.27,0.49,3.19,0.69,0.76,2.46,2.50,2.35,1.78,1.31,0.56,0.20,-1.71,0.03,1.93,0.96,-1.09,0.30,2.15,0.59,-1,1.49,1.68,2.10,2,1.94,1.25,2.12,1.39,2.01,1.28,1.12,3.34,2.64,2.98,2.70,2.44,-0.60,1.50,0.29,0.61,1.03,4.24,0.88,0.47,0.41,-0.40,-0.26,0.28,,1.30,0.99,0.70,0.69,3.30,2.56,2.90,0.37,0.58,0.05,0.90,,-1.90,-10.30,1.10,0.50,-0.10,,,,,,,1,0.70,,0.80,1.90,1.70,1.94,,,,,,,,0.70,-0.90,2.20,1.40,1.10,,,,,-0.70,,1.60,0.80,4.40,4.30,4.20,,,0.10,,,1,,,4.50,3.50,3,2.40,0.70,1.60,
2008-12-08 17:00,1.30,1.43,-0.38,0.29,-1.80,0.67,1.18,1.50,-2.43,1.13,-1.18,-0.46,-3.67,-1.18,-1.43,-1.74,-2.43,-4.70,-1.10,-1.83,-4.16,-3.97,-0.57,,1.14,1.19,1.21,-1.01,0.55,-0.10,-0.22,1.92,-5.33,-0.60,-0.20,-0.28,1.15,0.11,-2.36,-0.69,-7.20,-7.96,-5.87,-0.20,-1.50,0.79,0.10,0.19,-0.21,-0.10,-0.63,1.65,0.51,1.16,-0.79,-0.58,0,-0.20,-0.04,-0.04,-1.12,-1.20,-2.14,-6.14,-2.27,,2.07,1.74,-0.10,-1.92,0.19,0.49,3.27,0.76,0.77,2.63,2.40,2.12,1.70,1.48,0.52,0.30,-1.94,0.01,1.88,0.84,-1.06,0,1.96,0.48,-1.09,1.36,1.62,2,1.99,1.38,1.08,2,1.43,1.96,1.30,1.16,3.18,2.62,2.90,2.54,2.37,-0.60,1.36,0.09,0.63,1.01,4.27,0.91,0.45,0.28,-0.30,-0.50,0.13,,1.30,1.01,0.63,0.58,3.49,2.61,2.90,0.13,0.39,-0.10,0.90,1,-1.90,-10.30,1,0.60,-0.10,1.60,2.20,-7.50,1.90,2.90,1.90,1,0.80,1.10,0.30,1.90,1.70,1.80,1.50,3,4.10,3.50,2.90,3,1.80,0.70,-0.90,2.10,1.40,1.10,3.70,3.80,3.50,1.70,-0.80,2,1.50,0.70,4.40,4.20,4.20,3.50,3.60,0.10,1.70,0.80,1,4.60,4.40,4.40,3.60,3.10,2.50,0.60,1.50,-0.40
2008-12-08 17:10,1.20,1.46,-0.41,0.32,-1.80,0.53,1.19,1.50,-2.40,1.10,-1.10,-0.56,-3.60,-1.23,-1.48,-1.82,-2.44,-4.76,-1.10,-1.98,-4.14,-3.98,-0.55,,1.13,1.23,1,-0.92,0.30,-0.20,-0.30,1.92,-5.32,-0.60,-0.26,-0.24,1.11,0.11,-2.29,-0.59,-7.10,-7.88,-5.91,-0.29,-1.50,0.94,0.10,0.15,-0.25,-0.10,-0.73,1.74,0.61,1.20,-0.73,-0.48,-0.04,-0.10,-0.08,-0.02,-0.94,-1.10,-2.13,-6.08,-2.28,,1.96,1.78,-0.10,-1.82,0.06,0.33,3.30,0.76,0.66,2.90,2.40,2.01,1.90,1.65,0.52,0.30,-1.90,-0.04,1.83,0.81,-1.02,-0.30,1.95,0.39,-1.05,1.40,1.57,2,1.96,1.91,1.15,2.04,1.44,2.01,1.25,1.23,3.16,2.71,2.80,2.30,2.47,-0.50,1.21,0.18,0.52,0.97,4.24,0.99,0.53,0.11,-0.30,-0.58,0.01,,1.30,0.82,0.65,0.56,3.57,2.72,3,-0.05,0.23,-0.24,0.90,,-1.80,-10.30,0.90,0.60,-0.10,,,,,,,1,0.70,,0.20,1.80,1.60,1.93,,,,,,,,0.80,-1,2.10,1.40,1.20,,,,,-0.80,,1.40,0.70,4.40,4.20,4.20,,,0.10,,,1,,,4.50,3.60,3.10,2.50,0.60,1.10,
2008-12-08 17:20,1.10,1.52,-0.38,0.28,-1.80,0.67,1.04,1.40,-2.34,1.09,-1.10,-0.37,-3.57,-1.33,-1.52,-1.77,-2.34,-4.65,-1.10,-2.04,-4.27,-4.12,-0.41,,1.08,1.17,0.96,-0.96,0.07,-0.20,-0.26,2.03,-5.28,-0.59,-0.35,-0.26,1.19,0.04,-2.26,-0.50,-7.10,-7.84,-5.88,-0.30,-1.50,0.95,0.10,0.17,-0.25,-0.24,-0.70,1.78,0.64,1.23,-0.67,-0.37,-0.07,-0.10,-0.11,-0.02,-0.84,-1.10,-2.07,-5.93,-2.14,,1.78,1.66,-0.10,-1.92,-0.06,0.15,3.27,0.69,0.46,3.11,2.40,2.06,1.90,1.43,0.53,0.40,-1.87,0.08,1.80,0.77,-1.07,-0.40,1.86,0.39,-0.91,1.43,1.58,1.90,1.90,2.37,1.31,2.01,1.47,2.01,1.19,1.20,3.08,2.76,2.67,2.19,2.52,-0.60,1.05,0.28,0.50,1,4.36,1.04,0.72,-0.22,-0.30,-0.56,-0.23,,1.40,1.02,0.61,0.71,3.60,2.81,3,-0.06,0.29,-0.35,0.90,,-1.80,-10.30,0.90,0.60,0,,,,,,,0.70,0.70,,-0.10,1.70,1.60,1.92,,,,,,,,0.90,-0.90,2.10,1.40,1.20,,,,,-0.70,,1.40,0.70,4.40,4.30,4.10,,,0.10,,,1,,,4.50,3.70,3.20,2.50,0.50,1.20,
2008-12-08 17:30,1.20,1.27,-0.41,0.30,-1.60,0.59,1.04,1.30,-2.35,1.12,-1.15,-0.40,-3.68,-1.34,-1.48,-1.70,-2.50,-4.52,-1,-2.01,-4.30,-4.25,-0.38,,1.03,1.15,0.94,-0.95,-0.08,-0.30,-0.16,2.10,-5.19,-0.58,-0.32,-0.20,1.24,0.03,-2.11,-0.41,-7.10,-7.87,-5.83,-0.10,-1.30,0.87,0.10,0.14,-0.19,-0.21,-0.60,1.88,0.53,1.27,-0.65,-0.38,0.03,0,-0.12,0.04,-0.95,-1,-2.06,-5.86,-2.17,,1.90,1.60,-0.30,-2.02,-0.19,0.15,3.33,0.71,0.41,3.16,2.30,2,1.90,1.10,0.58,0.50,-2.06,0.06,1.80,0.66,-1.24,-0.80,1.76,0.43,-0.91,1.37,1.51,1.90,1.83,1.96,1.18,2.02,1.49,2.02,1.05,1.24,3.07,2.77,2.55,2.24,2.50,-0.60,0.86,0.32,0.52,1.01,4.19,1.08,0.79,-0.32,-0.20,-0.57,-0.59,,1.40,1.17,0.66,0.48,3.62,2.85,3,0.01,0.63,-0.38,0.90,,-1.90,-10.30,0.90,0.50,0,,,,,,,0.40,0.70,,-0.40,1.70,1.60,1.91,,,,,,,,0.90,-0.70,2,1.40,1.10,,,,,-0.60,,1.40,0.70,4.40,4.20,4.10,,,0.10,,,1,,,4.50,3.70,3.30,2.50,0.40,1.20,
2008-12-08 17:40,1.50,0.82,-0.40,0.27,-1.60,0.61,0.99,1.20,-2.39,1.02,-1.16,-0.51,-3.66,-1.35,-1.43,-1.63,-2.47,-4.61,-1,-2.06,-4.22,-4.17,-0.73,,1.06,1.26,1.13,-0.95,-0.17,-0.40,-0.17,2.05,-5.21,-0.47,-0.35,-0.13,1.13,0.12,-2.08,-0.34,-7.10,-7.98,-5.76,-0.11,-1.30,0.87,0.10,0.08,-0.18,-0.08,-0.61,1.84,0.59,1.30,-0.73,-0.35,0.30,0.10,-0.01,0.12,-0.96,-1,-2.03,-5.88,-2.14,,1.71,1.23,0,-2.06,-0.31,0.07,3.35,0.75,0.38,3.40,2.10,2.01,1.80,1.25,0.62,0.60,-1.94,-0.05,1.64,0.35,-1.22,-1.20,1.65,0.33,-0.89,1.31,1.48,2,1.64,1.75,1.18,2.05,1.49,2.05,1.18,1.23,2.90,2.77,2.54,2.27,2.41,-0.50,0.48,0.43,0.42,1.01,4.19,1.21,0.83,-0.19,-0.10,-0.58,-0.82,,1.40,1.12,0.67,0.37,3.48,2.88,3,0.10,0.55,-0.26,0.90,,-1.90,-10.30,0.90,0.50,0.10,,,,,,,0.40,0.80,,-0.60,1.60,1.60,1.85,,,,,,,,1.20,-0.50,1.90,1.40,0.90,,,,,-0.50,,1.30,0.80,4.40,4.20,4.10,,,0.10,,,1,,,4.40,3.80,3.30,2.60,0.40,1.20,
2008-12-08 17:50,1.50,0.69,-0.29,0.25,-1.60,0.67,0.76,1.10,-2.49,1.01,-1.18,-0.47,-3.64,-1.42,-1.44,-1.58,-2.51,-4.52,-1.10,-2.14,-4.26,-3.91,-0.83,,1.15,1.30,1.33,-0.96,-0.39,-0.50,-0.16,2,-5.22,-0.32,-0.29,-0.13,1.18,0.20,-2.10,-0.40,-7,-7.89,-5.76,-0.19,-1.20,0.84,0.20,0.19,-0.29,-0.05,-0.59,1.76,0.65,1.26,-0.69,-0.25,0.41,0.10,0.10,0.16,-0.94,-1,-1.96,-5.91,-2.12,,1.58,1.02,0.10,-2.03,-0.26,0.02,3.37,0.57,0.40,3.47,2,2.07,1.80,1.51,0.72,0.60,-1.81,-0.03,1.73,0.14,-1.18,-1.20,1.25,0.21,-1.01,1.27,1.45,1.80,1.66,2.02,1.23,1.97,1.48,2.17,1.26,1.37,2.96,2.70,2.68,2.20,2.35,-0.50,-0.01,0.38,0.41,0.96,4.26,1.17,1,-0.57,-0.10,-0.77,-0.91,,1.40,1.12,0.72,0.73,3.55,2.93,3.10,0.21,0.64,-0.38,0.90,,-1.70,-10.30,0.90,0.50,0.10,,,,,,,0.50,0.90,,-0.80,1.50,1.60,1.75,,,,,,,,1.30,-0.40,1.90,1.30,0.90,,,,,-0.40,,1.30,0.80,4.40,4.10,4.10,,,0.10,,,1.10,,,4.40,3.70,3.30,2.60,0.40,1.10,
2008-12-08 18:00,2,0.67,-0.25,0,-2,0.61,0.79,1.10,-2.34,0.94,-1.18,-0.38,-3.68,-1,-1.42,-1,-2,-4.50,-1,-2.28,-4,-4.05,-0.81,1,1,1,1.42,-1.01,-1,0,-1,2,-5.29,0,-0.28,0,2,0,-2,0,-7,-8,-6,0,-1.20,0.73,1,0,-0.53,-0.11,-1,2,0.53,1.20,-0.57,0,0,0,0,0.18,-0.96,-1,-1.95,-5.83,-2.03,,1.50,0.85,0.10,-2.09,-0.37,0.07,3.33,0.74,0.22,3.30,2,1.98,1.70,2.08,1,0.70,-1.48,0.17,1.66,0,-2,-1.40,1.09,0.24,-1.12,1.22,1,1.80,1.81,1.77,1.23,1.96,1.40,2.10,1.30,1.33,3.01,2.74,2.71,2.04,2.36,-0.40,-0.05,0.21,0.43,0.87,4.23,1.20,1.09,-0.76,0.10,-0.83,-1.08,,1.50,1.16,0.63,0.58,3.47,3.20,2.80,0.35,1.20,-0.36,0.80,1,-2,-10,1,0.50,0.10,1.70,1.40,-7.90,1.90,2.70,2,0.60,1,1.10,-0.90,1.40,1.60,1.70,1.60,2.60,4.10,3.50,3.30,2.80,2,1.40,-0.10,1.80,1.40,0.70,3.10,2.80,3.40,2.20,-0.30,1.20,1.20,0.80,4.50,4,4,3.50,3.50,-0.10,1.30,0.20,1.10,4.60,4.30,4.40,3.80,3.40,2.90,0.30,1,-0.60
2008-12-08 18:10,1.40,0.84,-0.30,0.61,-1.31,0.57,0.75,1.40,-2.36,0.88,-1.16,-0.35,-3.75,-1.50,-1.31,-1.67,-2.36,-4.36,-1.20,-2.14,-4.14,-3.56,-0.56,,1.20,1.22,1.51,-0.97,-0.91,-0.20,-0.17,1.62,-5.35,-0.36,-0.25,-0.14,1.13,0.16,-2.18,-0.34,-7,-7.73,-5.61,-0.32,-1.30,0.58,0.20,0.13,-0.36,-0.12,-0.51,1.67,0.61,1.21,-0.48,-0.23,0.30,0.10,0.05,0.24,-0.92,-0.70,-1.96,-5.84,-2.02,,1.54,0.69,0.10,-2.07,-0.41,0.06,3.28,0.71,0.32,3.35,2,1.85,1.57,2.27,0.89,0.70,-1.31,0.09,1.55,-0.15,-1.08,-1.50,1.01,0.28,-1.24,1.13,1.54,1.60,1.73,1.01,1.21,1.91,1.43,2.05,1.26,1.41,2.78,2.66,2.80,1.90,2.39,-0.40,-0.09,-0.03,0.44,0.81,4.15,1.20,1.24,-0.68,0.10,-0.75,-1.09,,1.50,1.18,0.51,0.37,3.58,3.03,3.20,0.38,0.78,-0.34,0.80,,-1.70,-10.30,1,0.40,0.20,,,,,,,0.70,1,,-0.90,1.30,1.60,1.59,,,,,,,,1.40,0,1.80,1.30,0.70,,,,,-0.30,,1.20,0.80,4.50,4,4,,,-0.10,,,1.10,,,4.40,3.80,3.40,2.90,0.30,0.90,
2008-12-08 18:20,1.30,1,-0.30,0.67,-1.35,0.71,0.65,1.50,-2.27,0.80,-1.15,-0.45,-3.88,-1.37,-1.35,-1.56,-2.27,-4.35,-1.10,-2.11,-4.23,-3.66,-0.64,,1.21,1.06,1.49,-0.92,-1.11,-0.20,-0.04,1.75,-5.15,-0.31,-0.17,-0.13,1.26,0.15,-2.11,-0.37,-7,-7.71,-5.58,-0.24,-1.30,0.48,0.10,0.09,-0.48,-0.17,-0.60,1.68,0.65,1.23,-0.45,-0.25,0.32,0,0.19,0.20,-0.89,-0.80,-1.93,-5.82,-1.97,,1.41,0.50,0,-2.07,-0.38,-0.18,3.37,0.68,0.25,3.39,1.90,1.89,1.45,2.29,0.94,0.80,-0.98,0.11,1.60,-0.37,-1.24,-1.40,0.84,-0.01,-1.39,1.10,1.41,1.60,1.51,1.48,1.15,1.79,1.39,2.03,1.22,1.49,2.75,2.74,2.72,1.92,2.41,-0.40,-0.22,-0.15,0.38,0.82,4.17,1.38,1.22,-0.65,0.20,-0.71,-1.29,,1.60,1.28,0.39,0.55,3.51,3.09,3.20,0.40,0.89,-0.43,0.90,,-1.70,-10.30,0.90,0.40,0.10,,,,,,,0.80,1.10,,-1.10,1.20,1.70,1.64,,,,,,,,1.40,0,1.70,1.40,0.70,,,,,-0.20,,1.10,0.80,4.60,3.90,4,,,-0.20,,,1.10,,,4.40,3.90,3.50,3,0.30,0.80,
2008-12-08 18:30,1.30,1.18,-0.30,0.64,-1.33,0.65,0.62,1.60,-2.25,0.74,-1.14,-0.50,-3.93,-1.40,-1.28,-1.37,-2.38,-4.31,-1.10,-2.10,-4.12,-3.91,-0.70,,1.24,1,1.42,-1.01,-1.22,-0.10,-0.10,1.98,-5.11,-0.40,-0.12,-0.15,1.20,0.14,-2.05,-0.38,-7,-7.72,-5.62,-0.22,-1.30,0.46,0,0.12,-0.63,-0.26,-0.61,1.76,0.75,1.30,-0.55,-0.32,0.28,0,0.26,0.27,-0.97,-0.70,-1.84,-5.79,-1.94,,1.37,0.19,0,-2.10,-0.42,-0.15,3.26,0.68,0.33,3.41,2,1.87,1.31,2.40,1.09,0.90,-0.86,0.22,1.73,-0.32,-1.17,-1.40,0.75,0.08,-1.41,1.05,1.29,1.60,1.44,1.56,1.14,1.88,1.40,1.92,1.30,1.46,2.82,2.73,2.91,1.86,2.52,-0.30,0.07,-0.29,0.30,0.71,4.28,1.40,1.15,-0.60,0.20,-0.70,-1.24,,1.60,1.31,0.29,0.55,3.50,3.07,3.30,0.51,0.79,-0.41,0.90,,-1.70,-10.30,1,0.30,0.10,,,,,,,0.80,1.20,,-1.20,1.10,1.60,1.55,,,,,,,,1.40,0.30,1.70,1.40,0.70,,,,,-0.20,,1.10,0.80,4.60,3.80,4,,,-0.30,,,1.10,,,4.40,3.90,3.50,3,0.30,0.80,
2008-12-08 18:40,1.20,1.16,-0.26,0.62,-1.35,0.68,0.68,1.60,-2.21,0.75,-1.03,-0.43,-3.95,-1.41,-1.25,-1.23,-2.45,-4.41,-1.20,-2.16,-4.08,-3.89,-0.69,,1.19,0.91,1.19,-1.10,-1.54,-0.10,-0.14,2.16,-5.15,-0.35,-0.12,0.03,1.42,0.18,-2.14,-0.62,-7,-7.68,-5.68,-0.15,-1.40,0.48,0,0.14,-0.63,-0.35,-0.57,1.57,0.81,1.12,-0.59,-0.36,0.20,0,0.24,0.28,-0.90,-0.70,-1.89,-5.81,-1.95,,1.38,0.01,-0.10,-2.15,-0.43,-0.51,3.34,0.63,0.33,3.46,2.10,1.85,1.27,2.40,1.16,1,-0.40,0.25,1.80,-0.50,-1.11,-1.50,0.58,0.02,-1.48,0.74,1.22,1.70,1.37,1.08,1.12,1.72,1.40,1.93,1.38,1.42,2.69,2.89,2.88,1.66,2.50,-0.20,0.18,-0.53,0.33,0.66,4.22,1.42,1.40,-0.59,0.20,-0.63,-1.25,,1.60,1.43,0.34,0.38,3.54,3.13,3.30,0.67,0.69,-0.42,0.90,,-1.60,-10.20,1,0.40,0.10,,,,,,,0.80,1.30,,-1.20,1,1.60,1.49,,,,,,,,1.40,0.40,1.60,1.40,0.70,,,,,-0.10,,1,0.80,4.60,3.80,3.90,,,-0.30,,,1.10,,,4.40,4,3.50,3,0.20,0.70,
2008-12-08 18:50,1.20,1.19,-0.26,0.52,-1.29,0.52,0.88,1.70,-2.12,,-0.96,-0.61,-3.89,-1.44,-1.10,-1.12,-2.51,-4.41,-1.20,-2.18,-4.19,-3.79,-0.65,,0.98,0.79,1.08,-1.19,-1.67,-0.10,-0.20,1.95,-5.18,-0.44,-0.05,-0.07,1.24,0.28,-2.17,-0.31,-6.90,-7.43,-5.66,0.11,-1.40,0.44,-0.10,0.12,-0.58,-0.39,-0.55,1.54,0.82,1.05,-0.46,-0.31,0.28,-0.10,0.34,0.34,-0.93,-0.70,-1.89,-5.80,-1.87,,1.17,-0.16,-0.50,-2.17,-0.55,-0.80,3.36,0.63,0.37,3.43,2.10,1.89,1.37,2.44,1.26,1.10,-0.16,0.21,1.78,-0.70,-0.90,-1.40,0.57,-0.10,-1.64,0.52,1.17,1.60,1.39,1.41,1.18,1.79,1.31,1.93,1.37,1.49,2.45,2.88,3.06,1.67,2.75,-0.20,0.31,-0.59,0.43,0.57,4.12,1.52,1.52,-0.49,0.20,-0.66,-1.24,,1.60,1.22,0.28,0.43,3.62,3.22,3.40,0.72,0.76,-0.34,0.80,,-1.70,-10.20,1.10,0.30,0.10,,,,,,,0.90,1.40,,-1.30,0.90,1.60,1.52,,,,,,,,1.50,0.50,1.60,1.40,0.60,,,,,0,,1,0.80,4.60,3.70,3.70,,,-0.30,,,1.10,,,4.40,3.90,3.60,3,0.20,0.70,
2008-12-08 19:00,1.10,1.30,-0.32,0.48,-1.22,0.46,1.06,1.80,-2.04,0.75,-0.98,-0.62,-3.73,-1.42,-0.95,-1.14,-2.57,-4.39,-1.20,-2.11,-4.12,-3.59,-0.75,,0.87,0.85,0.99,-1.26,-1.67,-0.10,-0.20,1.83,-5.30,-0.64,-0.15,0.06,1.17,0.28,-2.27,-0.24,-6.90,-7.37,-5.72,-0.10,-1.50,0.33,-0.20,0,-0.61,-0.38,-0.48,1.47,0.86,1.06,-0.39,-0.17,0.27,-0.10,0.17,0.38,-1.01,-0.60,-1.93,-5.81,-1.91,,1.12,-0.39,-0.90,-2.41,-0.63,-0.78,3.32,0.53,0.36,3.46,2.30,2.03,1.47,2.63,1.33,1.10,-0.15,0.15,1.81,-0.90,-0.92,-1.50,0.63,-0.17,-1.80,0.22,1.11,1.50,1.49,1.04,1.16,1.72,1.24,1.93,1.34,1.51,2.30,2.76,3.12,1.58,2.85,-0.20,0.20,-0.67,0.46,0.49,4.11,1.60,1.61,-0.29,0.20,-0.53,-1.18,,1.50,1.31,0.04,0.52,3.58,3.29,3.40,0.77,0.99,-0.20,0.70,1,-1.70,-10.20,1,0.30,0.10,1.50,2,-7.90,1.40,2.50,1.80,0.90,1.40,1.40,-1.80,0.70,1.60,1.60,,2.40,3.60,3.40,3.60,2.50,2.30,1.50,0.60,1.50,1.40,0.70,2.80,2.60,3.70,3,0,0.50,0.90,0.80,4.70,3.70,3.60,3.50,3.60,-0.70,0.70,-0.30,1.20,4.30,4.20,4.40,3.90,3.60,3.10,0.30,0.60,0.40
2008-12-08 19:10,1.10,1.33,-0.26,0.49,-1.30,0.48,1.08,1.80,-2,0.59,-1.05,-0.62,-3.68,-1.38,-0.84,-1.01,-2.53,-4.50,-1.20,-2.23,-4.12,-3.55,-0.73,,0.86,0.94,0.83,-1.33,-1.66,-0.20,-0.04,1.62,-5.38,-0.75,-0.24,-0.01,1.12,0.28,-2.31,-0.39,-6.90,-7.36,-5.77,-0.07,-1.40,0.34,-0.30,-0.03,-0.54,-0.44,-0.44,1.43,0.77,1.13,-0.43,-0.27,0.14,-0.10,0.18,0.32,-0.95,-0.60,-1.89,-5.84,-1.79,,1.08,-0.64,-0.80,-2.48,-0.94,-0.73,3.27,0.54,0.32,3.56,2.40,2.01,1.70,2.46,1.35,1.30,-0.16,0.17,1.83,-0.60,-1.01,-1.50,0.42,-0.11,-1.86,-0.07,0.94,1.50,1.39,1.18,1.18,1.62,1.23,1.90,1.33,1.54,2.25,2.72,3.13,1.70,2.89,-0.30,-0.03,-0.72,0.51,0.47,4.10,1.58,1.61,-0.28,0.30,-0.60,-1.19,,1.50,1.45,-0.22,0.47,3.52,3.19,3.40,0.84,0.78,-0.17,0.70,,-1.60,-10.20,1,0.20,0.10,,,,,,,1,1.60,,-1.90,0.60,1.60,1.51,,,,,,,,1.60,0.60,1.50,1.40,0.70,,,,,0.10,,0.90,0.80,4.70,3.70,3.60,,,-0.70,,,1.20,,,4.40,3.90,3.50,3.10,0.30,0.60,
2008-12-08 19:20,1.10,1.32,-0.19,0.43,-1.30,0.69,1.09,1.80,-2.01,0.43,-1.01,-0.75,-3.63,-1.37,-0.74,-0.94,-2.70,-4.44,-1.20,-2.27,-4.22,-3.49,-0.80,,0.76,1.01,0.84,-1.32,-1.76,-0.30,0.06,1.45,-5.32,-1.06,-0.30,-0.06,1.08,0.26,-2.34,-0.28,-6.80,-7.49,-5.70,0.06,-1.60,0.39,-0.30,-0.06,-0.48,-0.49,-0.56,1.45,0.81,1.07,-0.46,-0.15,0.19,0,0.18,0.32,-1.01,-0.70,-1.89,-6.01,-1.85,,0.86,-0.29,-0.50,-2.65,-0.94,-0.90,3.16,0.42,0.30,3.55,2.60,1.96,1.71,2.40,1.44,1.30,-0.05,0.18,1.80,-0.50,-0.92,-1.40,0.26,-0.14,-1.83,-0.38,0.69,1.50,1.22,1.34,1.23,1.60,1.19,1.90,1.37,1.54,2.24,2.69,3.12,1.77,2.91,-0.30,-0.15,-0.83,0.45,0.55,4.13,1.76,1.64,-0.17,0.30,-0.62,-1.07,,1.50,1.34,-0.23,0.78,3.62,3.28,3.50,0.81,0.99,0.03,0.80,,-1.50,-10.20,1.20,0.20,0.10,,,,,,,1,1.70,,-1.90,0.20,1.50,1.46,,,,,,,,1.60,0.80,1.50,1.40,0.70,,,,,0.10,,0.90,0.80,4.70,3.70,3.60,,,-0.80,,,1.20,,,4.40,4,3.50,3.10,0.40,0.60,
2008-12-08 19:30,1,1.37,-0.23,0.44,-1.30,0.68,1.16,1.90,-1.90,0.26,-0.82,-0.82,-3.59,-1.41,-0.67,-1.03,-2.62,-4.33,-1.20,-2.07,-4.28,-3.60,-0.96,,0.75,0.99,0.89,-1.34,-1.94,-0.30,0.04,1.22,-5.25,-1,-0.37,-0.20,1.04,0.17,-2.23,-0.29,-6.80,-7.68,-5.46,-0.11,-1.70,0.25,-0.40,-0.17,-0.53,-0.53,-0.64,1.49,0.63,1.07,-0.41,-0.16,0.17,-0.10,0.20,0.39,-0.97,-0.60,-1.91,-6.08,-1.84,,0.51,-0.51,-0.50,-2.88,-0.95,-0.85,2.91,0.40,0.28,3.51,2.80,2,1.54,2.42,1.52,1.40,0.08,-0.02,1.76,-0.51,-0.78,-1.20,0.17,-0.10,-1.94,-0.61,0.31,1.40,1.35,1.08,1.16,1.52,1.20,1.88,1.33,1.51,2.13,2.74,3.12,1.74,2.98,-0.20,-0.10,-0.90,0.36,0.47,4.11,1.82,1.77,-0.11,0.30,-0.50,-0.99,,1.50,1.47,-0.17,0.82,3.46,3.42,3.60,0.98,0.84,-0.07,0.80,,-1.50,-10.20,1.20,0.20,0.10,,,,,,,1.10,1.70,,-1.80,0,1.50,1.51,,,,,,,,1.70,0.90,1.40,1.30,0.70,,,,,0.10,,0.90,0.80,4.70,3.60,3.70,,,-0.80,,,1.20,,,4.40,3.90,3.60,3.20,0.40,0.50,
2008-12-08 19:40,0.90,1.40,-0.21,0.41,-1.30,0.49,1.20,1.90,-1.97,0.21,-0.81,-0.65,-3.53,-1.10,-0.63,-1.05,-2.46,-4.38,-1.20,-2.22,-4.26,-3.88,-0.87,,0.79,1.03,0.77,-1.35,-2.13,-0.30,0.07,0.83,-5.20,-0.88,-0.44,-0.31,0.95,0.02,-2.21,-0.31,-6.80,-7.87,-5.56,0.03,-1.60,0.20,-0.40,-0.15,-0.58,-0.58,-0.59,1.36,0.60,1.10,-0.43,-0.16,0.15,-0.10,0.21,0.41,-1,-0.70,-1.90,-6.14,-1.83,,0.36,-0.82,-0.50,-3.05,-1.19,-0.80,2.83,0.32,0.31,3.70,2.90,2.23,1.44,2.73,1.49,1.30,0.12,0.30,1.72,-0.78,-0.97,-1,-0.06,0.02,-1.96,-0.84,0.02,1.40,1.30,1.83,1.17,1.44,1.28,1.87,1.36,1.45,1.95,2.86,3.13,1.89,2.99,-0.20,-0.05,-0.80,0.32,0.54,4.13,2.13,1.86,-0.05,0.40,-0.51,-0.88,,1.50,1.43,-0.02,0.58,3.47,3.39,3.60,0.92,0.94,0.15,0.80,,-1.60,-10.20,1.10,0.10,0.10,,,,,,,1.10,1.80,,-1.90,-0.20,1.50,1.43,,,,,,,,1.80,0.90,1.30,1.30,0.70,,,,,0,,0.80,0.80,4.70,3.50,3.70,,,-0.80,,,1.20,,,4.40,4,3.60,3.30,0.40,0.40,
2008-12-08 19:50,0.90,1.41,-0.18,0.35,-1.30,0.53,1.28,1.90,-1.90,0.18,-0.79,-0.68,-3.43,-0.97,-0.54,-1.04,-2.45,-4.51,-1.20,-2.31,-4.19,-4.03,-0.80,,0.77,1.10,0.91,-1.29,-2.18,-0.30,0.02,0.62,-5.20,-0.93,-0.47,-0.45,0.94,-0.08,-2.25,-0.30,-6.80,-7.86,-5.73,0.09,-1.70,0.08,-0.50,-0.23,-0.66,-0.67,-0.55,1.29,0.53,1.07,-0.46,-0.16,0.16,-0.20,0.13,0.46,-1.09,-0.60,-1.94,-6.14,-1.83,,0.56,-0.89,-0.40,-3.06,-1.30,-0.96,2.63,0.35,0.20,3.68,3,2.31,1.19,2.74,1.48,1.30,0.12,0.15,1.72,-0.89,-0.71,-1.20,0.04,0.04,-1.94,-1.11,-0.24,1.40,1.35,1.37,1.11,1.38,1.30,1.98,1.32,1.49,1.84,2.69,3.12,1.94,2.93,-0.20,,-0.89,0.37,0.52,4.15,2.23,1.96,0.05,0.40,-0.46,-0.87,,1.50,1.39,-0.04,0.59,3.49,3.37,3.60,0.87,0.82,0.16,0.80,,-1.70,-10.20,1.10,0.10,0,,,,,,,1.20,1.80,,-1.70,-0.40,1.40,1.41,,,,,,,,1.80,0.90,1.20,1.20,0.70,,,,,0,,0.80,0.80,4.70,3.50,3.70,,,-1,,,1.20,,,4.40,4,3.70,3.30,0.50,0.40,
2008-12-08 20:00,0.90,1.52,-0.23,0.36,-1.30,0.64,1.25,1.90,-1.88,0.22,-0.89,-0.82,-3.47,-0.86,-0.42,-1.02,-2.37,-4.58,-1.20,-2.21,-4.30,-3.77,-0.84,,0.81,1.13,0.91,-1.24,-2.26,-0.30,-0.05,-0.25,-5.19,-0.95,-0.39,-0.45,1.02,-0.21,-2.36,-0.23,-6.80,-7.83,-5.60,0.35,-1.70,0.15,-0.40,-0.24,-0.77,-0.68,-0.63,1.23,0.57,1.07,-0.45,-0.26,0.08,-0.20,0.11,0.47,-1.12,-0.70,-1.98,-6.10,-1.78,,0.59,-0.97,-0.30,-3.15,-1.39,-1.04,2.52,0.35,0.13,3.62,3,2.44,1.10,2.55,1.55,1.40,0.15,0.11,1.64,-0.89,-0.52,-1.20,0.05,0.14,-2.14,-1.28,-0.45,1.40,1.28,0.92,1.07,1.45,1.16,1.83,1.32,1.53,1.76,2.58,3.19,1.74,2.95,-0.20,,-0.89,0.30,0.53,4.23,2.27,1.95,0.04,0.40,-0.41,-0.87,,1.50,1.36,0.21,0.78,3.61,3.43,3.60,0.94,0.63,0.15,0.80,1.10,-1.70,-10.20,1.20,0.10,0,1.40,0.90,-7.70,1.30,2.40,1.10,1.20,1.80,1.30,-1.80,-0.50,1.40,1.40,1.50,2,3,2.80,3.60,2.60,2.30,1.90,0.90,1.10,1.10,0.70,2.40,2.30,3.50,3,0.10,-0.70,0.90,0.90,4.70,3.50,3.70,3.50,3.30,-1.10,0.20,-0.40,1.20,4.40,4,4.30,4,4,3.50,0.70,0.20,0.60
2008-12-08 20:10,0.80,1.43,-0.22,0.37,-1.30,0.59,1.24,1.90,-1.88,0.11,-0.91,-0.81,-3.52,-0.68,-0.46,-1.08,-2.36,-4.56,-1.20,-2.18,-4.23,-3.92,-1.01,,0.58,1.12,0.95,-1.17,-2.29,-0.40,-0.31,-0.92,-5.03,-0.97,-0.39,-0.45,0.75,-0.34,-2.34,-0.34,-6.90,-7.63,-5.60,0.38,-1.80,-0.02,-0.50,-0.37,-0.65,-0.61,-0.46,1.35,0.50,1,-0.42,-0.25,0.03,-0.20,0.17,0.41,-1.11,-0.70,-1.93,-5.98,-1.76,,0.48,-1.08,-0.40,-3.30,-1.56,-1.09,2.27,0.39,0.04,3.70,2.90,2.51,1.14,2.50,1.59,1.40,0.06,0.07,1.64,-1.14,-0.27,-0.90,-0.16,0.26,-2.20,-1.38,-0.74,1.20,1.24,0.57,1.02,1.46,1.11,1.85,1.32,1.51,1.45,2.66,3.08,1.89,2.90,-0.20,,-1.02,0.22,0.53,4.30,2.32,1.95,0.07,0.50,-0.36,-0.97,,1.50,1.16,0.31,0.89,3.55,3.49,3.60,1,0.68,0.11,0.80,,-1.70,-10.20,0.70,0.10,0,,,,,,,1.20,1.80,,-1.90,-0.70,1.40,1.41,,,,,,,,2,0.90,1,1,0.70,,,,,0.20,,0.90,0.90,4.70,3.50,3.70,,,-1.10,,,1.20,,,4.30,4,4,3.50,0.70,0,
2008-12-08 20:20,0.80,1.43,-0.25,0.35,-1.40,0.72,1.24,1.90,-1.85,0.02,-0.82,-0.77,-3.51,-0.63,-0.46,-1.19,-2.32,-4.59,-1.20,-2.26,-4.22,-3.81,-0.99,,0.44,1.06,0.97,-1.12,-2.15,-0.50,-0.25,-1.09,-5.07,-1.01,-0.52,-0.50,0.90,-0.32,-2.33,-0.47,-6.90,-7.67,-5.58,0.42,-1.70,0.01,-0.50,-0.44,-0.39,-0.58,-0.47,1.34,0.38,1.03,-0.53,-0.19,0.08,-0.20,0.22,0.43,-1.17,-0.70,-1.97,-6.02,-1.76,,0.62,-1.05,-0.50,-3.74,-1.70,-0.83,2.14,0.34,0.03,3.78,2.80,2.47,1.19,2.59,1.57,1.50,0.23,0.09,1.67,-1.09,-0.17,-1,-0.02,0.26,-2.29,-1.44,-0.99,1.20,1.14,0.98,0.97,1.40,1.13,1.88,1.35,1.45,1.49,2.55,3.18,1.75,2.84,-0.10,,-0.86,0.18,0.47,4.22,2.35,2.17,0.10,0.50,-0.33,-0.94,,1.50,0.91,0.34,0.94,3.58,3.59,3.70,0.88,0.86,0.05,0.90,,-1.60,-10.10,0.50,0,0,,,,,,,1.20,1.80,,-2.10,-0.70,1.40,1.32,,,,,,,,2.10,0.90,0.90,1,0.70,,,,,0.20,,0.90,0.90,4.60,3.60,3.70,,,-1.10,,,1.20,,,4.30,4,4,3.50,0.80,-0.20,
2008-12-08 20:30,0.80,1.40,-0.23,0.38,-1.40,0.88,1.26,1.90,-1.92,,-0.74,-0.75,-3.53,-0.65,-0.41,-1.21,-2.22,-4.42,-1.20,-2.18,-4.16,-3.43,-0.92,,0.02,1.04,1.02,-1.09,-2.25,-0.40,-0.43,-1.04,-5.02,-0.98,-0.43,-0.35,0.88,-0.36,-2.31,-0.33,-6.80,-7.79,-5.71,0.57,-1.70,0,-0.60,-0.52,-0.42,-0.61,-0.64,1.25,0.36,0.94,-0.50,-0.26,0.09,-0.20,0.08,0.41,-1.22,-0.70,-1.92,-6.06,-1.77,,0.98,-1.26,-0.60,-4.28,-1.91,-0.82,2.02,0.23,0.03,3.72,2.60,2.38,1.33,2.65,1.58,1.40,0.42,0.11,1.80,-1.14,0.11,-0.90,0.01,0.30,-2.18,-1.69,-1.18,1.10,1.11,1.09,1,1.39,1.07,1.92,1.30,1.41,1.38,2.58,3.04,1.76,2.92,0,,-0.94,0.06,0.35,4.10,2.35,2.16,0.13,0.60,-0.35,-0.86,,1.60,0.79,0.45,0.76,3.55,3.61,3.70,0.88,0.89,0.06,0.80,,-1.60,-10.10,0.70,0,-0.10,,,,,,,1.20,1.70,,-2.30,-1,1.30,1.22,,,,,,,,2.10,1,0.80,0.90,0.70,,,,,0.20,,0.90,1,4.60,3.60,3.70,,,-1.10,,,1.20,,,4.30,4,4,3.70,0.90,-0.40,
2008-12-08 20:40,0.80,1.36,-0.13,0.34,-1.40,0.80,1.36,1.90,-1.91,,-0.69,-0.70,-3.57,-0.61,-0.43,-1.13,-2.14,-4.50,-1.20,-2.05,-4.19,-3.75,-0.92,,-0.06,1.15,1.07,-1.04,-2.22,-0.30,-0.45,-1.08,-4.97,-0.77,-0.46,-0.38,0.92,-0.34,-2.25,-0.34,-6.80,-7.83,-5.72,0.77,-1.70,-0.12,-0.60,-0.55,-0.51,-0.73,-0.67,1.36,0.39,0.87,-0.51,-0.38,0.04,-0.30,0.12,0.39,-1.23,-0.70,-1.97,-6.04,-1.78,,0.83,-1.32,-0.60,-4.83,-1.91,-0.77,1.68,0.20,-0.07,3.66,2.50,2.12,1.38,2.46,1.60,1.40,0.60,0.16,1.77,-1.05,0.24,-0.80,0,0.44,-2.27,-1.87,-1.03,1,1.08,0.60,0.81,1.36,1.07,1.93,1.29,1.41,1.36,2.56,3.08,1.86,3.04,0,-0.07,-0.89,0.03,0.29,4.19,2.36,2.33,0.16,0.60,-0.34,-0.83,,1.50,0.95,0.56,0.56,3.57,3.59,3.80,0.91,0.92,-0.22,0.70,,-1.70,-10.10,0.70,0,-0.10,,,,,,,1.30,1.70,,-2.20,-1.10,1.30,1.21,,,,,,,,2.20,1.10,0.80,0.90,0.80,,,,,0.20,,0.80,1,4.60,3.60,3.70,,,-1.10,,,1.30,,,4.20,4,3.90,3.80,1,-0.40,
2008-12-08 20:50,0.80,1.38,-0.25,0.36,-1.50,0.57,1.37,1.90,-1.91,,-0.67,-0.74,-3.56,-0.59,-0.44,-1.22,-2.13,-4.45,-1.20,-2.21,-4.10,-3.85,-0.92,,-0.02,1.25,1.06,-0.95,-2.23,-0.30,-0.44,-0.74,-4.96,-0.63,-0.54,-0.31,0.51,-0.41,-2.34,-0.16,-6.70,-7.81,-5.62,0.74,-1.70,-0.16,-0.60,-0.57,-0.60,-0.77,-0.86,1.34,0.35,0.89,-0.49,-0.38,0.01,-0.30,0.06,0.35,-1.16,-0.70,-2.01,-6.06,-1.80,,0.79,-1.41,-0.50,-5.05,-1.96,-0.71,1.75,0.20,-0.26,3.51,2.40,1.98,1.33,2.35,1.61,1.30,0.72,0.12,1.73,-0.92,0.41,-0.70,-0.05,0.47,-2.33,-2.11,-0.77,0.90,1.05,0.70,0.98,1.42,1.02,1.90,1.31,1.33,1.19,2.50,3.02,1.91,3.02,0,-0.13,-0.76,0.03,0.18,4.17,2.43,2.44,0.15,0.60,-0.24,-0.79,,1.50,0.89,0.65,0.53,3.67,3.61,3.90,0.98,1,-0.37,0.60,,-1.80,-10.10,0.50,-0.10,-0.10,,,,,,,1.30,1.70,,-2.30,-1.30,1.20,1.18,,,,,,,,2.20,1.20,0.70,0.80,0.80,,,,,0.20,,0.60,1,4.70,3.50,3.70,,,-1.10,,,1.30,,,4.30,4,4,3.80,1.10,-0.40,
2008-12-08 21:00,0.70,1.42,-0.22,0.38,-1.40,0.53,1.43,1.90,-1.88,0.02,-0.63,-0.76,-3.53,-0.63,-0.52,-1.18,-2.20,-4.46,-1.10,-1.96,-3.93,-3.62,-0.94,,-0.03,1.51,1.14,-0.94,-2.08,-0.30,-0.39,-0.80,-4.93,-0.64,-0.39,-0.48,0.42,-0.45,-2.34,-0.38,-6.80,-7.46,-5.44,0.52,-1.70,-0.34,-0.60,-0.70,-0.50,-0.86,-1.07,1.25,0.30,0.87,-0.60,-0.41,-0.02,-0.40,0.03,0.30,-1.25,-0.70,-2.07,-6.05,-1.81,,0.89,-1.43,-0.40,-5.19,-2.25,-0.64,1.87,0.11,-0.46,3.44,2.10,2.03,1.18,2.65,1.61,1.20,0.73,0.09,1.68,-0.90,0.58,-0.60,-0.01,0.57,-2.07,-2.11,-1,0.60,1.06,0.55,0.81,1.47,0.97,1.90,1.27,1.35,1.08,2.41,2.99,1.86,3.01,0.10,-0.08,-0.63,-0.03,0.14,4.28,2.48,2.55,0.26,0.70,-0.32,-0.69,,1.50,0.77,0.75,0.60,3.60,3.55,4,0.99,1.20,-0.37,0.20,1.40,-1.80,-10.10,0.70,-0.10,-0.20,,-2,-7.80,1.60,2.30,0.70,1.30,1.70,1.10,-2.30,-1.20,0.80,1.20,,1.80,1.70,2.80,3.30,2.90,2.40,2.30,1.20,0.50,0.80,0.80,2.10,2,3.40,3.10,0.20,-0.90,0.40,1,4.70,3.50,3.70,3.30,3.30,-1,-0.50,-0.50,1.30,4.40,4,4.30,4.10,4,3.80,1.20,-0.30,0.60
2008-12-08 21:10,0.50,1.43,-0.21,0.39,-1.50,0.71,1.41,1.90,-1.86,-0.02,-0.69,-0.69,-3.37,-0.57,-0.50,-1.06,-2.25,-4.57,-1,-1.84,-3.87,-3.53,-0.76,,0.10,1.56,1.30,-0.83,-2.01,-0.40,-0.29,-0.72,-4.91,-0.59,-0.51,-0.50,0.42,-0.46,-2.32,-0.37,-6.70,-7.81,-5.46,0.40,-1.80,-0.54,-0.60,-0.69,-0.42,-0.73,-1,1.12,0.27,0.87,-0.63,-0.35,-0.03,-0.50,0.04,0.30,-1.30,-0.80,-2.09,-5.98,-1.77,,0.65,-1.52,-0.40,-5.08,-2.16,-0.72,1.63,-0.02,-0.57,3.33,2.10,1.99,1.20,2.62,1.52,1.20,0.79,0.15,1.71,-0.69,0.66,-0.60,-0.01,0.81,-1.90,-2.23,-1.09,0.30,0.83,0.76,0.80,1.48,0.89,1.87,1.27,1.33,1.21,2.46,3,1.83,3.05,0.10,-0.09,-0.57,0.07,0.16,4.15,2.62,2.59,0.25,0.70,-0.27,-0.69,,1.40,0.72,0.67,0.35,3.56,3.59,4,0.99,1.50,-0.08,0.10,,-1.90,-10.10,0.90,-0.20,-0.20,,,,,,,1.40,1.60,,-2.30,-1.30,0.80,1.09,,,,,,,,2.30,1.20,0.50,0.80,0.80,,,,,0.30,,0.30,1,4.60,3.50,3.70,,,-1,,,1.30,,,4.30,4.10,4,3.80,1.20,-0.20,
2008-12-08 21:20,0.40,1.44,-0.22,0.37,-1.60,0.77,1.43,2,-1.85,-0.01,-0.55,-0.77,-3.42,-0.54,-0.42,-1.18,-2.27,-4.54,-1,-1.77,-3.66,-3.80,-0.62,,0.34,1.49,1.31,-0.73,-1.88,-0.40,-0.04,-0.73,-4.94,-0.56,-0.54,-0.53,0.38,-0.52,-2.37,-0.52,-6.70,-7.82,-5.49,0.29,-1.80,-0.66,-0.60,-0.62,-0.52,-0.75,-1.04,1.04,0.40,0.81,-0.56,-0.37,-0.13,-0.60,0.01,0.28,-1.36,-0.80,-2.02,-6.15,-1.84,,0.66,-1.48,-0.40,-5.14,-2.27,-0.93,1.79,0.13,-0.53,3.27,1.80,1.90,1.30,2.33,1.52,1.10,0.97,0.12,1.82,-0.57,0.73,-0.50,-0.08,0.94,-1.74,-2.22,-1.39,0.10,0.76,0.43,0.83,1.50,0.88,1.81,1.28,1.25,1.24,2.50,3.04,1.99,3.07,0.20,-0.02,-0.58,0.13,0.02,4.25,2.69,2.70,0.37,0.80,-0.09,-0.75,,1.30,0.61,0.52,0.56,3.56,3.65,4,1.17,1.57,0.01,0,,-1.80,-10,1,-0.20,-0.20,,,,,,,1.40,1.50,,-2.30,-1.30,0.60,1.07,,,,,,,,2.30,1.20,0.40,0.80,0.80,,,,,0.50,,0.20,1,4.60,3.60,3.60,,,-1.10,,,1.30,,,4.30,4.20,4,3.80,1.30,-0.20,
2008-12-08 21:30,0.30,1.40,-0.13,0.36,-1.50,0.86,1.54,2,-1.88,-0.01,-0.60,-0.63,-3.40,-0.58,-0.32,-1.15,-2.25,-4.48,-0.90,-1.97,-3.55,-3.87,-0.54,,0.63,1.38,1.36,-0.63,-1.76,-0.30,0.08,-0.86,-5,-0.60,-0.62,-0.68,0.33,-0.50,-2.36,-0.45,-6.60,-7.69,-5.53,0.16,-1.90,-0.76,-0.60,-0.72,-0.56,-0.77,-0.82,1.11,0.32,0.78,-0.59,-0.41,-0.11,-0.60,0.02,0.23,-1.39,-0.80,-1.98,-6.06,-1.87,,0.53,-1.40,-0.40,-5.39,-2.32,-0.97,2.04,0.08,-0.53,3.13,1.70,1.71,1.40,2.33,1.53,1.20,0.98,0.34,1.81,-0.50,0.78,-0.40,-0.09,0.92,-1.87,-2.06,-1.50,-0.10,0.92,0.21,0.81,1.51,0.89,1.78,1.20,1.27,1.30,2.39,3.06,1.94,3.08,0.10,-0.05,-0.54,0.09,0.12,4.22,2.72,2.70,0.33,0.80,-0.08,-0.71,,1.30,0.53,0.43,0.11,3.36,3.66,4.10,1.22,1.57,-0.10,0,,-1.80,-10,1,-0.30,-0.30,,,,,,,1.40,1.60,,-2.20,-1.20,0.50,1.06,,,,,,,,2.40,1.10,0,0.70,0.80,,,,,0.60,,0.10,1.10,4.60,3.50,3.60,,,-1,,,1.30,,,4.30,4,4.10,3.90,1.30,-0.20,
2008-12-08 21:40,0.40,1.41,-0.12,0.35,-1.60,1.09,1.63,2.10,-1.89,0.01,-0.61,-0.67,-3.49,-0.50,-0.27,-1.21,-2.11,-4.52,-0.80,-1.96,-3.59,-3.54,-0.53,,1.22,1.41,1.37,-0.50,-1.50,-0.30,0.07,-1.01,-4.92,-0.57,-0.61,-0.81,0.41,-0.50,-2.33,-0.43,-6.50,-7.36,-5.64,-0.14,-1.90,-0.52,-0.60,-0.73,-0.40,-0.74,-0.95,1.04,0.21,0.73,-0.66,-0.43,-0.18,-0.70,-0.03,0.23,-1.43,-0.90,-2.04,-6.19,-1.90,,0.73,-1.26,-0.30,-5.30,-2.26,-0.97,2.04,-0.09,-0.49,3.08,1.60,1.55,1.30,2.53,1.61,1.10,1.16,0.26,1.83,-0.38,0.73,-0.20,-0.08,0.95,-1.95,-1.88,-1.55,-0.30,0.60,0.07,0.77,1.52,0.91,1.73,1.29,1.16,1.44,2.33,2.98,1.92,3.07,0.10,0.10,-0.51,-0.03,0.07,4.19,2.59,2.55,0.42,0.90,-0.05,-0.67,,1.30,0.55,0.40,0.11,3.51,3.67,4.20,1.27,1.75,-0.04,-0.10,,-1.80,-10,0.90,-0.30,-0.30,,,,,,,1.50,1.60,,-2,-1.30,0.40,1.05,,,,,,,,2.40,1.20,-0.30,0.70,0.90,,,,,0.80,,0.10,1.20,4.60,3.60,3.60,,,-0.90,,,1.30,,,4.30,4,4.10,4,1.40,-0.10,
2008-12-08 21:50,0.40,1.45,-0.15,0.28,-1.60,1.16,1.60,2.10,-1.80,0.03,-0.52,-0.64,-3.51,-0.49,-0.33,-1.18,-2.08,-4.64,-0.70,-1.89,-3.63,-3.67,-0.54,,1.25,1.55,1.32,-0.50,-1.52,-0.30,0.09,-1.28,-4.80,-0.48,-0.48,-0.73,0.35,-0.42,-2.37,-0.60,-6.50,-7.31,-5.86,-0.20,-1.70,-0.43,-0.60,-0.69,-0.70,-0.81,-1.25,1.06,0.24,0.64,-0.71,-0.39,-0.19,-0.80,-0.12,0.10,-1.49,-0.90,-2.06,-6.21,-1.88,,0.85,-1.12,-0.40,-5.27,-2.21,-1.14,1.78,-0.10,-0.59,3.20,1.70,1.41,1.30,2.50,1.63,1.20,1.15,0.28,1.83,-0.42,0.86,-0.20,-0.07,0.99,-1.83,-1.81,-1.40,-0.50,0.71,0.12,0.69,1.47,0.92,1.71,1.27,1.11,1.50,2.15,3.08,1.93,3.10,0.10,0.05,-0.46,-0.12,0.14,4.11,2.78,2.52,0.45,0.90,-0.06,-0.72,,1.20,0.49,0.49,-0.03,3.30,3.72,4.20,1.38,1.76,0.05,-0.20,,-1.80,-10,0.70,-0.30,-0.30,,,,,,,1.50,1.60,,-1.90,-1.30,0.20,1.05,,,,,,,,2.40,1.30,-0.40,0.70,1,,,,,0.90,,0.10,1.20,4.60,3.50,3.60,,,-0.90,,,1.30,,,4.30,4,4.10,4.10,1.40,0,
2008-12-08 22:00,0.40,1.45,-0.12,0.32,-1.60,1.02,1.65,2.10,-1.78,0.10,-0.54,-0.63,-3.45,-0.47,-0.36,-1.16,-2.15,-4.71,-0.80,-1.79,-3.62,-3.39,-0.57,,1.36,1.59,1.31,-0.52,-1.37,-0.30,0.04,-1.48,-4.86,-0.42,-0.42,-0.76,0.13,-0.42,-2.35,-0.46,-6.50,-7.29,-6.02,-0.38,-1.40,-0.41,-0.60,-0.69,-0.49,-0.87,-1.12,0.89,0.26,0.69,-0.66,-0.50,-0.25,-0.70,-0.18,0.26,-1.52,-0.90,-2.03,-6.20,-1.94,,1.21,-1.10,-0.20,-5.40,-2.10,-1.26,1.58,-0.21,-0.74,3.36,1.50,1.17,1.40,2.53,1.64,1.20,1.55,0.28,1.86,-0.28,0.91,0,0.01,1.03,-1.67,-1.72,-1.28,-0.60,0.53,0.09,0.63,1.49,0.85,1.62,1.24,1.10,1.35,2.27,2.88,1.75,3.19,0.20,0.10,-0.35,-0.25,0.24,4.08,2.90,2.59,0.57,0.90,-0.05,-0.71,,1.10,0.29,0.48,-0.41,3.33,3.71,4.30,1.45,1.73,0.07,-0.30,1.50,-1.70,-10,0.70,-0.40,-0.30,,-1.90,-7.70,0.40,2.40,0.70,1.50,1.50,1.30,-1.70,-1.20,-0.10,0.80,1.30,2,0.70,2.70,3.20,2.80,2.40,2.50,1.40,-0.60,0.60,1.10,2.10,1.20,3.10,3.10,0.90,-0.90,0,1.20,4.50,3.40,3.50,3.10,3,-0.80,-1,-0.40,1.30,4.50,4,4.30,4,4.20,4.40,1.50,0,0.90
2008-12-08 22:10,0.50,1.47,-0.11,0.40,-1.60,1.07,1.60,2.10,-1.85,0.05,-0.54,-0.57,-3.44,-0.33,-0.38,-1.24,-2.18,-4.67,-0.80,-1.80,-3.64,-3.45,-0.49,,1.30,1.58,1.31,-0.42,-1.30,-0.30,0.05,-1.34,-4.76,-0.38,-0.43,-0.82,0.04,-0.35,-2.34,-0.44,-6.40,-7.28,-6.08,-0.61,-1.10,-0.42,-0.70,-0.68,-0.74,-0.83,-0.88,0.96,0.16,0.55,-0.73,-0.62,-0.17,-0.80,-0.16,0.11,-1.52,-1,-2.20,-6.14,-1.97,,1.41,-1.19,-0.20,-5.27,-2.06,-1.32,1.27,-0.31,-0.63,3.42,1.40,1.04,1.30,2.50,1.62,1.48,1.54,0.23,1.97,-0.20,0.84,0,-0.01,1.10,-1.70,-1.63,-1.24,-0.70,0.50,0.27,0.59,1.45,0.85,1.59,1.10,1.01,1.30,2.09,2.85,1.94,3.16,0.20,0.08,-0.34,-0.17,0.30,4.11,2.90,2.62,0.66,1.10,-0.01,-0.65,,1,0.19,0.43,-0.48,3.28,3.79,4.40,1.46,1.83,0.07,-0.40,,-1.70,-10,0.50,-0.40,-0.40,,,,,,,1.60,1,,-1.70,-1.20,-0.10,0.83,,,,,,,,2.50,1.40,-0.80,0.50,1.10,,,,,1,,-0.10,1.20,4.50,3.40,3.50,,,-0.80,,,1.30,,,4.30,4,4.20,4.30,1.50,0.10,
2008-12-08 22:20,0.60,1.38,-0.14,0.31,-1.60,1.31,1.70,2,-1.92,0.08,-0.49,-0.56,-3.44,-0.36,-0.44,-1.34,-2.12,-4.62,-0.90,-1.84,-3.66,-3.75,-0.42,,1.34,1.79,1.36,-0.27,-1.27,-0.10,0,-1.24,-4.72,-0.47,-0.32,-0.81,-0.04,-0.33,-2.12,-0.65,-6.40,-7.54,-6.17,-0.70,-1,-0.45,-0.70,-0.69,-0.73,-0.95,-0.97,0.86,0.18,0.54,-0.84,-0.65,-0.24,-0.80,-0.20,0.06,-1.53,-0.90,-2.08,-6.19,-1.94,,1.07,-1.18,-0.30,-5.05,-2.14,-1.37,0.88,-0.45,-0.69,3.38,1.30,0.64,1.20,2.40,1.58,1.55,1.58,0.25,1.97,-0.21,0.79,0,0.08,1.03,-1.67,-1.63,-1.03,-0.60,0.34,0.37,0.51,1.40,0.81,1.50,1.13,0.97,0.97,2.02,2.92,1.98,3.21,0.20,0.30,-0.24,-0.16,0.37,4.03,2.96,2.99,0.64,1.10,0.06,-0.66,,0.90,-0.07,0.47,-0.35,3.23,3.85,4.40,1.56,1.79,0.11,-0.70,,-1.70,-10,0.30,-0.50,-0.50,,,,,,,1.50,1,,-1.50,-1,-0.30,0.85,,,,,,,,2.50,1.40,-0.90,0.50,1.20,,,,,1.10,,-0.10,1.30,4.50,3.30,3.50,,,-0.80,,,1.20,,,4.40,4.10,4.30,4.40,1.60,0.20,
2008-12-08 22:30,0.60,1.53,-0.16,0.33,-1.70,1.16,1.64,2,-1.89,0.20,-0.49,-0.59,-3.37,-0.40,-0.42,-1.30,-2.07,-4.70,-1.10,-1.92,-3.71,-3.79,-0.39,,1.40,1.69,1.33,-0.38,-1.28,-0.10,-0.09,-0.98,-4.64,-0.61,-0.20,-0.61,-0.03,-0.39,-2.15,-0.62,-6.40,-7.47,-6.01,-0.75,-1,-0.37,-0.80,-0.75,-0.74,-1.08,-1.29,0.88,0.14,0.49,-0.89,-0.60,-0.36,-0.90,-0.26,0.06,-1.56,-1,-2.11,-6.33,-1.98,,1.09,-1.22,-0.40,-5.26,-2.28,-1.40,0.60,-0.61,-0.74,3.43,1.40,0.20,0.90,2.56,1.62,1.67,1.64,0.40,2,-0.33,0.83,-0.10,0.16,1.18,-1.55,-1.57,-1.22,-0.50,0.27,0.43,0.47,1.35,0.84,1.47,1.19,0.95,0.92,1.93,2.76,1.88,3.21,0.40,0.27,-0.29,-0.19,0.48,3.95,3.02,2.82,0.69,1.20,0.15,-0.67,,0.90,-0.14,0.39,-0.25,3.22,3.98,4.40,1.70,1.72,0.31,-0.70,,-1.70,-9.90,0.20,-0.70,-0.50,,,,,,,1.50,0.80,,-1.40,-0.90,-0.40,0.78,,,,,,,,2.50,1.50,-0.80,0.40,1.20,,,,,1.20,,-0.10,1.30,4.40,3.10,3.50,,,-0.80,,,1.10,,,4.40,4.10,4.20,4.50,1.60,0.20,
2008-12-08 22:40,0.70,1.51,-0.04,0.30,-1.60,1.20,1.71,2,-1.91,0.10,-0.53,-0.54,-3.26,-0.36,-0.46,-1.22,-1.87,-4.72,-1.20,-1.97,-3.74,-3.56,-0.45,,1.49,1.67,1.49,-0.37,-1.23,-0.10,-0.01,-0.62,-4.59,-0.58,-0.32,-0.61,-0.01,-0.49,-2.11,-0.98,-6.40,-7.40,-6.18,-0.98,-1,-0.31,-0.70,-0.78,-0.82,-1.20,-1.43,0.88,0.10,0.43,-0.92,-0.58,-0.39,-0.90,-0.22,0.01,-1.62,-1,-2.13,-6.35,-2.11,,1.28,-1.43,-0.30,-5.54,-2.12,-1.28,0.36,-0.60,-0.68,3.38,1.60,0.09,0.72,2.51,1.61,1.63,1.65,0.63,2.11,-0.29,0.82,-0.10,0.17,1.22,-1.53,-1.53,-1.13,-0.50,0.17,0.60,0.51,1.31,0.83,1.48,1.12,0.95,0.88,1.93,2.74,1.93,3.13,0.40,0.28,-0.32,-0.20,0.54,3.82,3,2.94,0.74,1.30,0.20,-0.63,,0.80,-0.20,0.50,0.02,3.26,3.90,4.40,1.74,1.99,0.23,-0.80,,-1.60,-9.90,0.10,-0.70,-0.60,,,,,,,1.50,1,,-1.30,-0.80,-0.30,0.73,,,,,,,,2.50,1.60,-0.80,0.30,1.20,,,,,1.10,,-0.20,1.40,4.40,2.90,3.50,,,-0.70,,,1,,,4.40,4.10,4.20,4.50,1.70,0.30,
2008-12-08 22:50,0.70,1.52,-0.15,0.32,-1.70,1.35,1.77,2,-1.92,0.04,-0.56,-0.61,-3.15,-0.39,-0.50,-1.40,-1.96,-4.74,-1.30,-1.84,-3.78,-3.67,-0.40,,1.51,1.87,1.54,-0.34,-1.07,-0.10,-0.04,-0.53,-4.58,-0.74,-0.34,-0.44,0.04,-0.56,-2.13,-1.23,-6.40,-7.55,-6.38,-1.06,-0.90,-0.38,-0.70,-0.87,-0.96,-1.46,-1.43,0.80,0.20,0.37,-1,-0.55,-0.39,-0.90,-0.22,-0.01,-1.69,-1.10,-2.18,-6.30,-2.04,,1.30,-1.42,-0.30,-5.63,-2.36,-1.39,0.17,-0.67,-0.74,3.10,1.60,0.15,0.77,2.43,1.68,1.71,1.75,0.63,2.18,-0.12,0.77,-0.10,0.16,1.30,-1.65,-1.44,-1.17,-0.40,-0.11,0.61,0.53,1.32,0.80,1.48,1.04,0.89,0.77,1.90,2.80,1.99,3.19,0.50,0.27,-0.26,-0.28,0.55,3.67,2.97,2.80,0.75,1.40,0.22,-0.68,,0.60,-0.28,0.54,-0.15,3.34,3.97,4.30,1.80,1.92,0.33,-0.70,,-1.60,-9.90,0.20,-0.70,-0.60,,,,,,,1.60,1.10,,-1.20,-0.70,-0.30,0.63,,,,,,,,2.50,1.60,-0.90,0.30,1.20,,,,,1.10,,-0.20,1.40,4.40,2.80,3.50,,,-0.70,,,0.90,,,4.40,4.10,4.20,4.60,1.80,0.30,
2008-12-08 23:00,0.60,1.46,-0.12,0.30,-1.60,1.31,1.77,1.90,-1.92,0.06,-0.64,-0.55,-3.21,-0.44,-0.53,-1.40,-1.98,-4.82,-1.30,-1.96,-3.79,-3.99,-0.51,,1.62,1.87,1.51,-0.42,-1.06,0,-0.01,-0.46,-4.70,-0.79,-0.34,-0.33,0.15,-0.49,-2.10,-1.36,-6.40,-7.49,-6.35,-1.11,-0.90,-0.43,-0.70,-0.95,-1.15,-1.62,-1.65,0.76,0.18,0.38,-1,-0.66,-0.37,-0.90,-0.33,-0.01,-1.81,-1.10,-2.17,-6.39,-2.07,,1.34,-1.34,-0.30,-5.95,-2.21,-1.58,-0.02,-0.86,-0.83,2.87,1.60,0.24,0.77,2.28,1.64,1.40,1.77,0.56,2.14,-0.10,0.96,0,0.13,1.33,-1.65,-1.31,-1.21,-0.40,-0.35,0.58,0.37,1.27,0.82,1.34,0.94,0.85,0.80,1.72,2.78,2.08,3.17,0.70,0.44,-0.22,-0.29,0.58,3.51,3.01,2.83,0.75,1.50,0.41,-0.76,,0.40,-0.46,0.58,-0.27,3.30,3.94,4.30,1.85,2.02,0.37,-0.70,1.50,-1.50,-9.90,0.30,-0.70,-0.70,,-1.60,-7.30,0.20,2.60,0.80,1.60,1.20,1.70,-1.10,-0.60,-0.20,0.40,1,0.80,0.40,2.30,3,2.70,2.20,2.50,1.60,-1,0.20,1.10,1.70,1.20,2.90,3.10,1.10,-0.50,-0.30,1.40,4.20,2.70,3.40,,2.70,-0.60,-0.40,-0.30,0.80,4.40,3.80,4.30,4,4.20,4.60,2,0.30,0.90
2008-12-08 23:10,0.60,1.38,-0.13,0.25,-1.75,1.32,1.76,2,-2,0.01,-0.53,-0.47,-3.20,-0.45,-0.66,-1.31,-1.94,-4.92,-1.30,-1.97,-3.86,-3.98,-0.44,,1.69,1.96,1.55,-0.49,-1,0,0.19,-0.35,-4.77,-0.82,-0.45,-0.39,0.28,-0.33,-2.04,-1.55,-6.40,-7.66,-6.46,-1.26,-1,-0.39,-0.70,-0.85,-1.58,-1.63,-2.04,0.85,0.03,0.35,-0.97,-0.73,-0.41,-0.90,-0.43,-0.05,-1.82,-1.10,-2.18,-6.39,-2.16,,1.79,-1.23,-0.40,-6.21,-2.43,-1.59,-0.16,-0.83,-0.79,2.74,1.50,0.34,0.60,2.39,1.66,1.40,1.72,0.58,2.22,-0.08,1.04,0.30,0.14,1.37,-1.64,-1.20,-1.25,-0.40,-0.42,0.64,0.34,1.08,0.74,1.21,0.93,0.85,0.71,1.56,2.75,2.15,3.12,0.80,0.53,-0.21,-0.22,0.51,3.30,3.19,2.96,0.81,1.60,0.40,-0.76,,0.40,-0.41,0.63,-0.05,3.36,3.84,4.40,1.90,2.03,0.31,-0.80,,-1.50,-9.90,0.30,-0.70,-0.70,,,,,,,1.60,1.20,,-1.10,-0.50,-0.20,0.49,,,,,,,,2.50,1.70,-1.10,0,1.10,,,,,1.30,,-0.30,1.30,4.30,2.70,3.40,,,-0.60,,,0.70,,,4.30,4,4.20,4.60,2,0.30,
2008-12-08 23:20,0.50,1.26,-0.13,0.28,-1.79,1.35,1.66,1.90,-2.11,-0.05,-0.51,-0.44,-3.09,-0.36,-0.75,-1.31,-1.85,-4.88,-1.30,-1.85,-3.91,-3.81,-0.48,,1.68,1.93,1.60,-0.47,-0.94,0.10,0.30,-0.29,-4.76,-0.79,-0.46,-0.39,0.31,-0.18,-2,-1.75,-6.40,-8.16,-6.60,-0.97,-1,-0.45,-0.70,-0.80,-1.87,-1.60,-2.24,0.73,0.13,0.29,-0.97,-0.76,-0.49,-0.90,-0.47,-0.08,-1.84,-1.10,-2.28,-6.50,-2.09,,1.88,-0.98,-0.60,-5.91,-2.45,-1.53,-0.22,-0.92,-0.92,2.67,1.60,0.35,0.60,2.37,1.67,1.50,1.69,0.63,2.25,-0.02,0.94,0.60,0.28,1.35,-1.48,-1.13,-1.25,-0.30,-0.47,0.75,0.37,0.84,0.73,1.21,0.78,0.86,0.62,1.40,2.79,1.98,3,1,0.80,-0.23,-0.11,0.57,3.21,3.12,3.04,0.79,1.70,0.38,-0.74,,0.30,-0.43,0.65,0.05,3.18,3.86,4.30,1.91,2.04,0.34,-0.90,,-1.60,-9.90,0.30,-0.80,-0.70,,,,,,,1.70,1.20,,-1.10,-0.20,-0.20,0.39,,,,,,,,2.50,1.80,-1.10,-0.10,1.10,,,,,1.40,,-0.30,1.30,4.20,2.70,3.40,,,-0.60,,,0.60,,,4.30,4,4.20,4.60,2.20,0.30,
2008-12-08 23:30,0.70,1.05,-0.14,0.25,-1.80,1.40,1.64,1.90,-2.20,-0.03,-0.47,-0.48,-3.02,-0.51,-0.71,-1.31,-1.86,-4.89,-1.30,-1.90,-4.01,-4.21,-0.44,,1.78,1.98,1.56,-0.46,-0.89,0.10,0.42,-0.26,-4.85,-0.64,-0.46,-0.28,0.35,-0.25,-2.01,-1.84,-6.50,-8.53,-6.54,-1.08,-1,-0.51,-0.70,-0.84,-1.93,-1.52,-2.27,0.87,0.03,0.27,-1.07,-0.84,-0.46,-0.90,-0.51,-0.11,-1.87,-1.20,-2.37,-6.51,-2.12,,1.49,-1.10,-0.40,-6.06,-2.49,-1.56,-0.36,-1.04,-0.94,2.57,1.80,0.21,0.50,2.40,1.67,1.40,1.76,0.68,2.29,-0.09,0.93,0.80,0.30,1.32,-1.70,-1.04,-1.14,-0.40,-0.49,0.79,0.33,0.76,0.62,1.25,0.71,0.75,0.80,1.30,2.81,2.06,2.98,1.30,0.83,-0.15,-0.13,0.61,3.24,3.27,3.20,0.90,1.70,0.43,-0.64,,0.30,-0.48,0.60,-0.09,3.22,3.88,4.40,1.95,2.20,0.44,-0.90,,-1.60,-9.90,0.30,-0.80,-0.80,,,,,,,1.70,1.30,,-1,0.30,0,0.26,,,,,,,,2.50,1.80,-1.10,-0.30,1,,,,,1.60,,-0.40,1.20,4.20,2.80,3.40,,,-0.50,,,0.40,,,4.20,4,4.20,4.60,2.20,0.40,
2008-12-08 23:40,0.70,0.92,-0.16,0.16,-1.70,1.51,1.68,1.90,-2.28,0,-0.43,-0.57,-2.99,-0.32,-0.69,-1.35,-2.09,-5.03,-1.20,-1.95,-4.09,-3.96,-0.46,,1.81,2.01,1.63,-0.42,-0.80,0.10,0.41,-0.35,-4.89,-0.61,-0.56,-0.23,0.52,-0.11,-2.14,-1.84,-6.50,-8.66,-7.11,-0.97,-1,-0.57,-0.80,-0.86,-2.13,-1.60,-2.50,0.68,0,0.30,-1.09,-0.88,-0.49,-1,-0.51,-0.17,-1.92,-1.20,-2.38,-6.63,-2.17,,0.56,-1.22,-0.60,-6.21,-2.52,-1.65,-0.20,-1.18,-1.10,2.35,1.70,0.04,0.50,2.33,1.67,1.50,1.74,0.47,2.26,-0.06,1.02,0.90,0.36,1.34,-1.60,-0.92,-0.92,-0.40,-0.43,0.80,0.21,0.75,0.55,1.31,0.67,0.78,0.87,1.11,2.71,2.17,3.04,1.60,1.04,-0.11,-0.23,0.60,3.14,3.30,3.29,1.07,1.80,0.46,-0.73,,0.10,-0.45,0.55,-0.05,3.25,3.90,4.50,2.01,2.06,0.53,-0.90,,-1.70,-9.90,0.40,-0.80,-0.80,,,,,,,1.70,1.40,,-0.80,0.60,0.10,0.14,,,,,,,,2.50,1.80,-1,-0.80,0.90,,,,,1.70,,-0.20,1.10,4.10,2.80,3.40,,,-0.50,,,0.40,,,4.10,4,4.30,4.60,2.30,0.50,
2008-12-08 23:50,0.80,0.83,-0.25,0.03,-1.80,1.61,1.58,1.90,-2.28,-0.04,-0.47,-0.50,-3.01,-0.36,-0.70,-1.42,-2.19,-5.16,-1.20,-1.99,-4.34,-4.38,-0.61,,1.81,2.13,1.70,-0.39,-0.74,0.20,0.32,-0.31,-4.80,-0.60,-0.55,-0.29,0.45,-0.15,-2.13,-1.55,-6.60,-9.47,-7.30,-0.80,-1,-0.51,-0.90,-0.91,-2.49,-1.63,-2.29,0.81,-0.01,0.23,-1.18,-0.92,-0.58,-1,-0.47,-0.12,-1.95,-1.20,-2.44,-6.67,-2.20,,-0.06,-1.30,-0.70,-5.93,-2.46,-1.80,-0.07,-1.17,-1.09,2,1.60,-0.01,0.50,2.39,1.60,1.40,1.96,0.50,2.31,-0.07,1.09,0.90,0.47,1.49,-1.57,-0.89,-0.82,-0.30,-0.30,0.86,0.17,0.47,0.57,1.27,0.68,0.79,1.01,1.13,2.61,2.22,2.94,1.90,1.02,-0.05,-0.23,0.51,3.06,3.30,3.24,1.13,1.90,0.48,-0.71,,0.10,-0.47,0.67,-0.11,3.36,3.92,4.50,1.92,2.23,0.60,-0.90,,-1.90,-9.90,0.40,-0.80,-0.80,,,,,,,1.70,1.40,,-0.90,0.70,0.10,0.10,,,,,,,,2.60,1.90,-1,-1.10,0.90,,,,,1.90,,-0.20,1,4.10,2.80,3.40,,,-0.40,,,0.30,,,4.10,4,4.30,4.60,2.20,0.50,
2008-12-09 00:00,0.70,0.76,-0.28,-0.06,-1.90,1.67,1.27,1.70,-2.28,-0.06,-0.48,-0.39,-3,-0.39,-0.74,-1.47,-2.19,-5.23,-1.20,-2.16,-4.51,-4.31,-0.74,,1.89,2.09,1.65,-0.37,-0.62,0.20,0.36,-0.35,-4.77,-0.56,-0.52,-0.37,0.61,-0.18,-2.10,-1.33,-6.70,-9.80,-7.29,-0.76,-1,-0.50,-0.90,-0.84,-2.90,-1.69,-2.44,0.66,-0.02,0.13,-1.17,-0.90,-0.61,-1,-0.41,-0.27,-1.90,-1.20,-2.46,-6.72,-2.18,,-0.56,-1.17,-0.50,-5.17,-2.44,-1.80,-0.25,-1.09,-1.22,1.89,1.50,0.11,0.50,2.44,1.46,1.40,1.85,0.57,2.32,0.03,1,0.90,0.49,1.45,-1.42,-0.87,-0.71,-0.30,-0.25,0.85,0.09,0.44,0.57,1.24,0.68,0.79,0.83,1.02,2.61,2.26,2.69,2.10,0.94,0,-0.27,0.55,2.89,3.36,3.26,1.09,2,0.51,-0.64,,0,-0.55,0.71,-0.14,3.43,3.88,4.50,1.90,2.34,0.67,-1,0.80,-2.10,-9.90,0.30,-0.70,-0.80,0.60,-2.40,-7.20,0.20,2.60,0.90,1.60,1.40,1.60,-0.90,0.90,0.10,0,1,0,0.40,1.30,2.60,2.60,2.10,2.60,1.90,-0.90,-1.10,0.90,1,0.90,2.60,2.90,2,-0.10,-0.20,1,3.90,2.90,3.30,3.10,2.50,-0.30,-0.30,,0.10,4,3.80,4.10,4,4.30,4.60,2.20,0.60,0.50
2008-12-09 00:10,0.80,0.77,-0.32,-0.06,-2,1.70,1.06,1.40,-2.32,-0.11,-0.59,-0.47,-3.02,-0.44,-0.88,-1.59,-2.24,-5.28,-1.10,-2.16,-4.61,-4.42,-0.78,,1.85,2.11,1.53,-0.37,-0.57,0.20,0.20,-0.30,-4.75,-0.45,-0.48,-0.28,0.42,-0.22,-2.35,-1.43,-7,-9.97,-7.28,-0.89,-1,-0.59,-0.90,-0.85,-2.76,-1.76,-2.28,0.48,-0.12,0.10,-1.26,-0.92,-0.64,-1,-0.50,-0.28,-1.99,-1.20,-2.60,-6.80,-2.21,,-0.85,-1.18,-0.60,-4.78,-2.49,-1.87,-0.09,-1.11,-1.36,1.72,1.40,0.29,0.60,2.32,1.47,1.40,2.01,0.58,2.26,-0.05,0.98,1.10,0.46,1.61,-1.26,-0.85,-0.65,-0.30,-0.39,0.84,-0.33,0.24,0.48,1.18,0.69,0.77,1.01,0.83,2.57,2.18,2.55,2.20,1.09,-0.01,-0.29,0.57,2.76,3.40,3.28,1.07,2.10,0.50,-0.59,,-0.10,-0.62,0.55,-0.03,3.40,3.95,4.50,1.93,2.40,0.63,-0.90,,-2.40,-9.90,0.20,-0.70,-0.80,,,,,,,1.60,1.50,,-0.90,0.90,0.10,0.02,,,,,,,,2.60,1.90,-0.70,-1,0.90,,,,,2,,-0.50,0.90,3.90,2.90,3.30,,,-0.30,,,0,,,4.10,4,4.30,4.60,2.20,0.50,
2008-12-09 00:20,0.70,0.76,-0.27,-0.10,-1.90,1.59,0.98,1.10,-2.37,-0.04,-0.68,-0.57,-3,-0.41,-0.85,-1.76,-2.21,-5.30,-1,-2.16,-4.80,-4.47,-0.83,,1.81,2.06,1.60,-0.25,-0.50,0.10,0.26,-0.23,-4.88,-0.44,-0.38,-0.39,0.53,-0.26,-2.34,-1.21,-7.10,-9.95,-7.26,-0.97,-1.20,-0.52,-1,-0.83,-2.59,-1.81,-2.36,0.42,-0.17,-0.03,-1.31,-0.89,-0.60,-1,-0.52,-0.28,-2.06,-1.30,-2.56,-6.85,-2.24,,-1.46,-1.16,-0.40,-4.79,-2.40,-1.84,-0.03,-1.14,-1.47,1.57,1.50,0.28,0.60,2.40,1.51,1.40,1.89,0.53,2.23,0.06,1.03,1.20,0.59,1.70,-1.26,-0.77,-0.52,-0.30,-0.57,0.96,-0.57,-0.29,0.38,1.11,0.62,0.73,0.91,0.64,2.60,2.03,2.68,2.20,1.13,0.15,-0.24,0.58,2.60,3.41,3.31,1.13,2.20,0.50,-0.54,,-0.30,-0.88,0.59,0.10,3.36,3.92,4.60,1.95,2.37,0.71,-0.90,,-2.50,-10,0.10,-0.90,-0.80,,,,,,,1.60,1.50,,-0.80,1.30,0.20,-0.01,,,,,,,,2.60,1.90,-0.60,-0.90,0.90,,,,,2.10,,-0.50,0.90,3.80,3,3.30,,,-0.30,,,-0.20,,,4.10,4,4.30,4.60,2.30,0.50,
2008-12-09 00:30,0.80,0.79,-0.22,-0.21,-1.81,1.37,1.20,1,-2.41,0,-0.70,-0.53,-3,-0.46,-0.94,-1.83,-2.04,-5.39,-0.90,-2.25,-5.09,-4.62,-0.96,,1.81,2.02,1.63,-0.23,-0.41,0.10,0.34,-0.27,-4.84,-0.37,-0.30,-0.43,0.49,-0.23,-2.41,-1.34,-7.10,-10.13,-7.75,-0.96,-1.40,-0.58,-1,-0.84,-2.36,-1.95,-1.65,0.49,-0.24,-0.05,-1.28,-0.96,-0.59,-1.10,-0.58,-0.29,-1.99,-1.40,-2.63,-6.92,-2.30,,-1.63,-1.25,-0.40,-4.76,-2.43,-1.83,0.03,-1.04,-1.45,1.39,1.40,0.18,0.50,2.32,1.51,1.40,1.86,0.54,2.15,0.06,0.98,1.30,0.62,1.69,-1.32,-0.76,-0.23,-0.20,-0.56,1.12,-0.65,-0.51,0.33,0.94,0.55,0.71,1.04,0.56,2.49,2.06,2.82,2.30,1.26,0.16,-0.28,0.58,2.75,3.35,3.22,1.26,2.20,0.69,-0.52,,-0.50,-0.96,0.49,0.10,3.32,3.92,4.60,2.01,2.35,0.75,-0.90,,-2.50,-10,0,-1,-0.90,,,,,,,1.60,1.70,,-0.80,1.30,0.40,-0.06,,,,,,,,2.50,1.90,-0.60,-0.90,0.90,,,,,2.20,,-0.50,0.80,3.80,3.10,3.30,,,-0.20,,,-0.40,,,4.10,4,4.30,4.70,2.30,0.60,
2008-12-09 00:40,0.90,0.86,-0.27,-0.22,-1.71,1.37,1.26,1,-2.45,-0.15,-0.66,-0.41,-3.08,-0.52,-1.01,-1.99,-2,-5.37,-0.90,-2.39,-5.28,-4.55,-1.02,,1.95,1.95,1.62,-0.19,-0.40,0.10,0.37,-0.14,-4.69,-0.29,-0.34,-0.41,0.56,-0.29,-2.49,-1.42,-7.20,-10.01,-7.79,-0.90,-1.80,-0.59,-1,-0.93,-2.08,-2.07,-1.30,0.48,-0.24,-0.02,-1.26,-0.99,-0.63,-1.20,-0.55,-0.35,-2.05,-1.40,-2.62,-6.99,-2.34,,-1.81,-1.46,-0.50,-4.81,-2.44,-1.82,-0.08,-1.07,-1.54,1.08,1.30,0.03,0.40,2.32,1.55,1.30,1.86,0.51,2.05,-0.04,0.87,1.30,0.71,1.61,-1.27,-0.67,-0.15,-0.20,-0.47,1.16,-0.60,-0.37,0.26,0.80,0.61,0.74,1.09,0.39,2.45,2.07,2.83,2.40,1.24,0.21,-0.14,0.60,2.84,3.44,3.30,1.24,2.30,0.58,-0.58,,-0.80,-1.16,0.56,-0.23,3.28,3.88,4.60,2.08,2.45,0.83,-0.90,,-2.70,-10,0.10,-0.90,-1,,,,,,,1.50,1.70,,-0.70,1.40,0.60,-0.03,,,,,,,,2.50,2,-0.70,-1,0.90,,,,,2.40,,-0.70,0.70,3.70,3.10,3.30,,,-0.20,,,-0.50,,,4.10,4,4.30,4.70,2.30,0.50,
2008-12-09 00:50,0.90,0.90,-0.29,-0.28,-1.90,1.34,1.19,1.10,-2.52,-0.27,-0.66,-0.59,-3.21,-0.51,-1.19,-2.07,-1.90,-5.39,-0.90,-2.20,-5.39,-4.15,-1.05,,2.11,1.84,1.55,-0.21,-0.32,0.20,0.24,-0.09,-4.70,-0.13,-0.31,-0.39,0.48,-0.15,-2.64,-1.43,-7.30,-9.88,-7.85,-1,-2.80,-0.47,-0.90,-0.97,-1.98,-1.84,-1.28,0.35,-0.25,-0.04,-1.31,-0.95,-0.79,-1.50,-0.49,-0.43,-2.04,-1.40,-2.67,-7.08,-2.33,,-1.75,-1.59,-0.50,-4.89,-2.47,-1.91,-0.12,-1.19,-1.53,1.15,1.20,0.09,0.30,2.41,1.58,1.40,1.91,0.65,2.01,-0.08,0.83,1.30,0.77,1.66,-1.22,-0.66,-0.10,-0.10,-0.37,1.28,-0.62,-0.24,0.16,0.68,0.60,0.46,1.02,0.29,2.53,1.93,2.79,2.40,1.22,0.25,-0.24,0.62,2.84,3.56,3.33,1.32,2.30,0.63,-0.53,,-1.20,-1.31,0.50,-0.14,3.28,3.92,4.60,2.09,2.29,0.91,-0.90,,-2.70,-10,0.20,-0.90,-0.90,,,,,,,1.60,1.70,,-0.70,1.40,0.40,0.06,,,,,,,,2.50,2,-0.60,-1.10,0.90,,,,,2.50,,-0.80,0.60,3.80,3.30,3.30,,,-0.10,,,-0.60,,,4.10,3.90,4.20,4.80,2.40,0.50,
2008-12-09 01:00,1,0.89,-0.25,-0.32,-2,1.28,1.22,1,-2.52,-0.30,-0.65,-0.66,-3.13,-0.47,-1.23,-2.03,-1.95,-5.44,-1.10,-2.05,-5.38,-4.07,-0.91,,2.02,1.90,1.60,-0.12,-0.31,0.30,0.20,-0.10,-4.81,-0.25,-0.27,-0.42,0.50,-0.21,-2.77,-1.47,-7.60,-9.63,-8.40,-1.14,-3.30,-0.35,-0.90,-0.77,-1.86,-1.74,-1.29,0.22,-0.28,-0.12,-1.43,-0.98,-0.69,-1.80,-0.44,-0.49,-2.02,-1.40,-2.73,-7.19,-2.32,,-1.64,-1.80,-0.60,-4.75,-2.49,-1.89,-0.07,-1.17,-1.57,1.31,1.20,-0.10,0.30,2.47,1.48,1.30,2.03,0.41,2.25,0,0.81,1.20,0.73,1.81,-1.38,-0.63,-0.02,0,-0.41,1.33,-0.68,-0.10,0.01,0.55,0.53,0.44,0.81,0.22,2.57,2.01,2.85,2.40,1.18,0.33,-0.29,0.58,2.84,3.48,3.32,1.33,2.40,0.68,-0.39,,-1.30,-1.29,0.43,-0.56,3.33,4,4.60,2.05,2.57,0.89,-0.90,0.70,-2.80,-10.10,0.40,-0.80,-0.90,0.40,-3.10,-7.20,-0.30,2.50,0.80,1.60,1.70,1.60,-0.50,1.50,0.20,0.10,0.70,-0.40,0.20,0.30,1.50,,2,2.40,2,-0.60,-1.20,0.90,0.30,0.70,2.20,2.90,2.50,0.40,-0.70,0.60,3.80,3.50,3.20,3,2.20,0,,-0.60,-0.60,3.80,3.50,4.10,3.90,4.20,4.80,2.40,0.50,-0.70
2008-12-09 01:10,0.90,0.91,-0.35,-0.23,-2,1.32,1.31,1.10,-2.47,-0.20,-0.59,-0.49,-3.16,-0.47,-1.38,-2,-1.95,-5.38,-1.20,-2.24,-5.36,-3.89,-1.02,,2.02,2.02,1.59,-0.13,-0.27,0.30,0.26,-0.15,-4.79,-0.30,-0.35,-0.31,0.66,-0.13,-2.77,-1.42,-7.80,-9.94,-8.32,-1,-2.80,-0.16,-0.90,-0.61,-1.73,-1.70,-1.32,0.26,-0.38,-0.22,-1.49,-1.09,-0.80,-1.80,-0.53,-0.48,-2.06,-1.40,-2.81,-7.42,-2.38,,-1.60,-1.91,-0.70,-5.17,-2.50,-1.95,-0.19,-1.10,-1.58,1.33,1.10,-0.23,0.20,2.46,1.60,1.51,2.07,0.39,2.42,-0.07,0.96,1.20,0.74,1.77,-1.43,-0.61,0.17,0.10,-0.43,1.33,-0.71,-0.08,-0.10,0.41,0.57,0.33,0.56,-0.01,2.48,1.86,2.82,2.40,1.18,0.45,-0.15,0.59,2.80,3.56,3.35,1.56,2.40,0.75,-0.28,,-1.50,-1.39,0.34,-0.29,3.36,4.03,4.70,2.05,2.89,0.95,-0.90,,-2.90,-10.20,0.40,-0.80,-1,,,,,,,1.60,1.70,,-0.50,1.50,0.20,0.04,,,,,,,,2.40,2.10,-0.40,-1.20,1,,,,,2.50,,-0.70,0.60,3.80,3.50,3.20,,,0,,,-0.70,,,4.20,3.90,4.20,4.80,2.40,0.50,
2008-12-09 01:20,0.90,1,-0.39,-0.19,-2,1.47,1.32,0.80,-2.55,-0.24,-0.86,-0.49,-3.23,-0.86,-1.54,-1.94,-1.87,-5.41,-1.50,-2.38,-5.40,-3.85,-1.44,,2.02,1.94,1.42,-0.11,-0.32,0.30,0.32,-0.17,-4.93,-0.42,-0.28,-0.19,0.61,-0.14,-2.69,-1.36,-8.40,-9.97,-8.08,-1.16,-2.80,-0.08,-0.80,-0.69,-1.91,-1.71,-1.51,0.31,-0.39,-0.26,-1.45,-1.09,-0.86,-2.10,-0.62,-0.56,-2.22,-1.50,-2.90,-7.36,-2.43,,-1.60,-2.13,-0.70,-5.58,-2.62,-2.03,-0.19,-1.16,-1.64,1.16,0.90,-0.06,0.20,2.43,1.46,1.60,2.15,0.38,2.41,-0.15,1.08,1.10,0.70,1.71,-1.37,-0.58,0.25,0.20,-0.41,1.34,-0.84,-0.05,-0.38,0.34,0.45,0.36,0.55,-0.12,2.51,1.88,2.83,2.40,1.24,0.47,-0.08,0.57,2.93,3.47,3.47,1.55,2.50,0.88,-0.35,,-1.50,-1.34,0.19,-0.42,3.28,4,4.70,2.17,2.86,0.88,-0.90,,-3,-10.30,0.50,-0.80,-1,,,,,,,1.50,1.70,,-0.50,1.60,0.10,0.07,,,,,,,,2.40,2.20,-0.30,-1.20,0.90,,,,,2.60,,-0.70,0.60,3.80,3.40,3.10,,,0,,,-0.80,,,4.20,3.90,4.10,4.80,2.40,0.50,
2008-12-09 01:30,0.90,0.97,-0.35,-0.32,-2.10,1.63,1.23,0.90,-2.61,-0.33,-0.78,-0.69,-3.37,-1.19,-1.46,-1.95,-1.94,-5.36,-1.70,-2.80,-5.56,-4.19,-1.83,,1.91,1.98,1.36,-0.15,-0.34,0.20,0.29,-0.08,-4.84,-0.61,-0.17,-0.28,0.62,-0.35,-2.65,-1.45,-8.40,-9.65,-8.30,-1.14,-2.80,-0.23,-0.70,-0.57,-1.56,-1.69,-1.53,0.19,-0.40,-0.36,-1.58,-1.04,-0.92,-2.20,-0.75,-0.54,-2.32,-1.50,-3,-7.32,-2.50,,-1.70,-2.41,-0.70,-5.93,-2.62,-1.97,-0.68,-1.18,-1.63,0.93,0.60,0,0.20,2.22,1.54,1.62,2.09,0.35,2.64,-0.07,1.32,0.90,0.81,1.58,-1.17,-0.48,0.19,0.30,-0.03,1.30,-0.81,-0.03,-0.55,0.14,0.35,0.40,0.50,0.09,2.34,1.95,2.76,2.40,1.32,0.59,-0.07,0.51,3.18,3.58,3.36,1.57,2.50,0.95,-0.39,,-1.50,-1.33,0.09,-0.67,3.15,4.01,4.70,2.41,2.83,0.89,-0.90,,-3.30,-10.30,0.50,-0.80,-1.10,,,,,,,1.50,1.60,,-0.40,1.90,0.10,0.08,,,,,,,,2.40,2.20,-0.10,-1.10,0.90,,,,,2.70,,-0.70,0.50,3.70,3.50,3,,,0,,,-1,,,4.20,3.80,4.10,4.80,2.40,0.50,
2008-12-09 01:40,0.90,1,-0.33,-0.39,-2.10,1.55,1.34,0.90,-2.58,-0.34,-0.81,-0.68,-3.36,-1.31,-1.62,-2.01,-1.94,-5.21,-1.80,-3.23,-5.74,-4.24,-1.74,,2.09,2.08,1.39,-0.21,-0.30,0.20,0.19,-0.04,-4.96,-0.77,-0.17,-0.21,0.43,-0.39,-2.78,-1.56,-8.80,-9.96,-8.24,-1.04,-3.20,-0.25,-0.70,-0.49,-1.60,-1.59,-1.94,0,-0.43,-0.49,-1.50,-1.16,-1.11,-2.10,-0.81,-0.63,-2.39,-1.50,-3.16,-7.32,-2.53,,-1.73,-2.49,-0.80,-5.99,-2.77,-2.09,-1.20,-1.21,-1.74,0.93,0.30,-0.08,0.10,2.20,1.55,1.60,1.90,0.24,2.75,0.07,1.21,0.80,0.86,1.66,-1.09,-0.46,0.21,0.40,-0.21,1.31,-0.70,0.08,-0.37,0.04,0.10,0.34,0.28,0,2.49,1.88,2.69,2.40,1.36,0.78,-0.07,0.40,3.24,3.64,3.46,1.55,2.60,1.01,-0.36,,-1.50,-1.42,-0.03,-0.89,3.23,4,4.70,2.51,2.84,0.90,-0.90,,-3.80,-10.20,0.40,-0.60,-1.20,,,,,,,1.50,1.50,,-0.40,1.90,0,0.14,,,,,,,,2.40,2.20,0.10,-1.30,0.90,,,,,2.80,,-0.80,0.50,3.80,3.40,3,,,0.10,,,-1.10,,,4.20,3.80,4.10,4.80,2.40,0.60,
2008-12-09 01:50,0.90,1.08,-0.24,-0.35,-2.10,1.63,1.35,0.70,-2.55,-0.29,-0.70,-0.65,-3.46,-1.29,-1.65,-1.96,-1.92,-5.26,-1.90,-3.43,-5.90,-3.99,-1.79,,2.10,2.19,1.52,-0.27,-0.24,0.10,0.30,-0.10,-4.96,-0.88,-0.40,-0.31,0.49,-0.43,-3.18,-1.65,-8.40,-9.09,-8.56,-0.98,-3.50,-0.26,-0.60,-0.38,-1.47,-1.40,-2.03,0.10,-0.39,-0.41,-1.60,-1.18,-1.24,-2,-0.72,-0.78,-2.69,-1.50,-3.41,-7.37,-2.59,,-2.22,-2.40,-0.80,-6.20,-2.96,-2.18,-1.12,-1.27,-1.83,0.77,0,-0.25,0,2.17,1.55,1.40,2.02,0.25,2.65,0.07,1.32,0.80,0.94,1.58,-1.04,-0.49,0.22,0.50,-0.03,1.28,-0.66,0.06,-0.34,-0.13,-0.08,0.19,0.39,-0.08,2.40,1.91,2.70,2.50,1.47,0.80,-0.01,0.37,3.29,3.63,3.26,1.60,2.60,1.06,-0.38,,-1.50,-1.28,-0.03,-0.97,3.20,4.01,4.70,2.59,2.95,1.02,-0.80,,-3.70,-10.20,0.30,-0.60,-1.30,,,,,,,1.40,1.50,,-0.20,1.80,-0.10,0.15,,,,,,,,2.40,2.20,0.20,-1.20,0.80,,,,,2.80,,-0.80,0.40,3.70,3.40,2.90,,,0.10,,,-1.30,,,4.20,3.90,4.10,4.80,2.50,0.60,
2008-12-09 02:00,0.80,1.08,-0.27,-0.42,-2.20,1.54,1.40,0.50,-2.54,-0.29,-0.79,-0.62,-3.49,-1.32,-1.57,-2,-2.03,-5.13,-1.90,-3.60,-5.93,-4.11,-1.76,,1.98,2.29,1.53,-0.31,-0.26,0,0.40,-0.11,-4.93,-0.94,-0.52,-0.50,0.33,-0.56,-3.47,-1.40,-7.80,-7.76,-8.13,-0.98,-4.90,-0.14,-0.70,-0.28,-1.61,-1.38,-1.96,0.15,-0.53,-0.33,-1.64,-1.10,-1.25,-1.90,-0.90,-0.89,-2.99,-1.50,-3.71,-7.28,-2.65,,-1.98,-2.34,-0.80,-6.59,-3.08,-2.46,-0.92,-1.36,-1.88,0.64,-0.40,-0.22,-0.10,2.13,1.57,1.40,2.10,0.34,2.66,-0.06,1.19,0.90,0.95,1.48,-1.09,-0.33,0.23,0.60,0.07,1.25,-0.69,0.15,-0.31,-0.18,-0.06,-0.02,0.29,-0.16,2.33,1.79,2.67,2.50,1.61,0.99,-0.01,0.28,3.30,3.65,3.29,1.65,2.60,1.06,-0.33,,-1.50,-1.17,-0.10,-0.91,3.14,4,4.70,2.66,3.14,1.12,-0.80,1.30,-3.80,-10.20,0.30,-0.50,-1.20,0.30,-3.60,-7.20,-0.60,2.40,0.40,1.40,1.60,1.50,-0.10,1.80,-0.10,0.60,-0.30,-0.40,0.10,-1.10,0.70,2.40,2,2.20,2.20,0.30,-1,0.60,-0.10,0,2.10,2.70,2.90,1,-0.90,0.40,3.50,3.30,2.90,2.80,2,0.20,-0.10,,-1.50,,3.50,4.20,3.80,4.10,4.90,2.50,0.70,-1.30
2008-12-09 02:10,0.70,1.20,-0.32,-0.40,-2.07,1.74,1.52,0.60,-2.48,-0.30,-0.87,-0.47,-3.46,-1.25,-1.42,-2.07,-2.05,-5.24,-2.10,-3.77,-6.04,-4.32,-1.77,,2,2.42,1.61,-0.41,-0.31,-0.20,0.35,-0.18,-4.95,-0.99,-0.56,-0.66,0.30,-0.58,-3.73,-1.22,-7.60,-5.75,-8.48,-0.89,-5.30,-0.11,-0.60,-0.19,-1.53,-1.22,-1.83,0.05,-0.85,-0.45,-1.65,-1.12,-1.18,-1.90,-0.83,-0.94,-2.97,-1.60,-3.87,-7.15,-2.69,,-1.89,-2.18,-0.80,-6.86,-3.21,-2.48,-0.84,-1.48,-1.91,0.46,-0.70,-0.25,-0.08,2.18,1.50,1.40,2.19,0.34,2.61,-0.16,1.11,0.90,1,1.51,-1.17,-0.29,0.22,0.60,0.06,1.34,-0.58,0.23,-0.31,-0.13,0,0.01,-0.02,-0.13,2.29,1.76,2.69,2.50,1.70,1.12,0,0.17,3.29,3.60,3.28,1.74,2.70,1.14,-0.31,,-1.40,-1.18,-0.31,-0.92,3.16,3.97,4.60,2.66,3.20,1.11,-0.80,,-3.80,-10.20,0.20,-0.40,-1.30,,,,,,,1.40,1.50,,-0.20,1.80,-0.20,0.32,,,,,,,,2.10,2.20,0.40,-0.90,0.60,,,,,3.10,,-1,0.40,3.50,3.30,2.90,,,0.20,,,-1.70,,,4.20,3.90,4.10,4.90,2.50,0.70,
2008-12-09 02:20,0.60,1.26,-0.29,-0.39,-2.16,1.61,1.40,0.60,-2.52,-0.35,-0.86,-0.48,-3.46,-1.32,-1.37,-1.85,-2.13,-5.14,-2.10,-4.03,-5.97,-4.09,-2.14,,2.05,2.40,1.71,-0.15,-0.31,-0.30,0.47,-0.58,-4.95,-0.90,-0.50,-0.72,0.19,-0.42,-3.54,-1.26,-7.90,-4.86,-8.50,-0.84,-5.80,0.02,-0.50,-0.11,-1.66,-1.22,-1.82,-0.02,-1,-0.43,-1.66,-1.26,-1.10,-1.90,-0.97,-1.07,-2.91,-1.60,-3.76,-7,-2.71,,-1.99,-2.13,-0.70,-6.91,-3.22,-2.63,-0.87,-1.48,-1.93,0.29,-0.90,-0.40,-0.09,2.26,1.49,1.30,2.06,0.27,2.38,-0.11,1.18,1,1.13,1.54,-1.09,-0.20,0.24,0.70,0.09,1.37,-0.58,0.29,-0.33,-0.19,-0.18,-0.02,-0.11,-0.07,2.35,1.69,2.68,2.60,1.61,1.17,0.23,0.12,3.34,3.51,3.30,1.75,2.70,1.23,-0.23,,-1.40,-1.26,-0.42,-1.09,3.17,3.91,4.60,2.76,3.24,1.20,-0.80,,-3.70,-10.20,0.20,-0.40,-1.50,,,,,,,1.40,1.40,,-0.20,1.70,-0.20,0.42,,,,,,,,2.10,2.30,0.50,-0.80,0.20,,,,,3.10,,-1,0.40,3.40,3.20,3,,,0.30,,,-1.80,,,4.20,3.90,4.10,4.80,2.60,0.70,
2008-12-09 02:30,0.50,1.10,-0.30,-0.35,-2.17,1.80,1.25,0.60,-2.56,-0.30,-0.98,-0.55,-3.49,-1.43,-1.41,-2,-2.19,-5.17,-2.20,-4.05,-6.01,-4.76,-2.47,,2.09,2.43,1.71,-0.09,-0.31,-0.20,0.37,-0.74,-5.02,-0.94,-0.66,-0.74,0.05,-0.33,-3.54,-1.49,-7.70,-5.35,-8.49,-0.92,-5.50,0.10,-0.50,-0.06,-1.74,-1.10,-1.59,0.03,-1.13,-0.34,-1.83,-1.24,-1.21,-1.90,-1.08,-1.14,-2.96,-1.70,-3.59,-7.02,-2.73,,-1.76,-2.28,-0.60,-7.16,-3.40,-2.88,-1.08,-1.56,-1.98,0.37,-1.10,-0.55,-0.30,2.12,1.49,1.30,2.08,0.34,2.43,0.14,1.23,1,1.25,1.36,-1.04,-0.15,0.28,0.80,0.12,1.42,-0.62,0.35,-0.28,-0.27,-0.14,-0.08,0.03,-0.03,2.36,1.51,2.70,2.60,1.49,1.21,0.18,0,3.38,3.53,3.32,1.75,2.70,1.31,-0.22,,-1.40,-1.21,-0.44,-1.21,3.13,3.92,4.60,2.80,3.38,1.13,-0.70,,-3.60,-10.30,0.10,-0.40,-1.40,,,,,,,1.30,1.40,,-0.20,1.80,-0.10,0.57,,,,,,,,2.10,2.30,0.60,-0.80,-0.10,,,,,3,,-1,0.30,3.30,3.10,3,,,0.30,,,-1.70,,,4.20,3.80,4.10,4.80,2.70,0.80,
2008-12-09 02:40,0.40,0.83,-0.39,-0.48,-2.15,1.83,1.18,0.50,-2.52,-0.38,-0.87,-0.31,-3.48,-1.50,-1.53,-2.01,-2.12,-5.28,-2.30,-4.23,-6.17,-4.66,-2.52,,2.11,2.45,1.73,-0.05,-0.29,-0.10,0.34,-0.98,-5.18,-1.29,-0.74,-0.70,-0.13,-0.38,-3.50,-1.47,-8,-6.86,-8.55,-0.85,-5.90,0.10,-0.50,0.02,-1.78,-1.11,-1.38,0.04,-1.29,-0.26,-1.88,-1.34,-1.26,-1.80,-1.14,-1.33,-3.02,-1.90,-3.73,-7.13,-2.78,,-1.79,-2.21,-0.60,-7.33,-3.45,-3.06,-1.31,-1.67,-2.06,0.40,-1.20,-0.71,-0.45,2.30,1.37,1.30,2.13,0.31,2.44,0.19,1.13,1.10,1.27,1.27,-1,-0.12,0.30,0.90,0.21,1.46,-0.60,0.40,-0.23,-0.33,-0.06,-0.07,0.25,-0.08,2.35,1.34,2.67,2.60,1.52,1.32,0.28,-0.11,3.25,3.53,3.35,1.84,2.70,1.22,-0.22,,-1.30,-1.22,-0.54,-1.50,3.16,3.84,4.60,2.89,3.54,1.47,-0.70,,-3.60,-10.30,0.10,-0.30,-1.20,,,,,,,1.30,1.30,,-0.10,1.70,-0.10,0.68,,,,,,,,2.10,2.30,0.70,-0.70,-0.50,,,,,2.90,,-1,0.20,3.20,3.10,3,,,0.40,,,-1.80,,,4.20,3.80,4,4.80,2.70,0.90,
2008-12-09 02:50,0.30,0.57,-0.58,-0.60,-2.16,1.79,1.21,0.30,-2.54,-0.35,-0.99,-0.21,-3.53,-1.57,-1.59,-2.04,-2.02,-5.21,-2.20,-4.44,-6.31,-4.95,-3.09,,2.14,2.45,1.73,-0.13,-0.20,0,0.13,-0.93,-5.25,-1.68,-0.77,-0.78,-0.39,-0.51,-3.68,-1.32,-8.20,-7.55,-8.33,-0.79,-5.90,0.10,-0.50,-0.06,-1.88,-1.13,-1.18,0.02,-1.13,-0.13,-1.86,-1.26,-1.34,-1.70,-1.08,-1.48,-3,-2.20,-3.86,-7.19,-2.86,,-1.91,-2.60,-0.50,-7.24,-3.48,-3.33,-1.38,-1.66,-1.98,0.30,-1.30,-0.70,-0.34,2.20,1.28,1.20,2.12,0.36,2.48,0.16,1.09,1.40,1.16,1.41,-1,-0.05,0.32,0.90,0.47,1.42,-0.51,0.41,-0.30,-0.33,-0.14,-0.11,0.37,-0.15,2.31,1.30,2.59,2.60,1.73,1.42,0.39,-0.19,3.17,3.44,3.36,1.81,2.70,1.41,-0.25,,-1.40,-1.25,-0.63,-1.89,3.17,3.91,4.70,2.97,3.18,1.25,-0.70,,-3.60,-10.40,0,-0.30,-1.20,,,,,,,1.30,1.40,,0.10,1.70,-0.10,0.72,,,,,,,,2,2.40,0.80,-0.60,-0.50,,,,,3,,-0.90,0,3.10,3.10,3,,,0.50,,,-1.70,,,4.20,3.70,4,4.80,2.80,0.90,
2008-12-09 03:00,0.20,0.43,-0.68,-0.68,-2.19,1.84,0.87,0,-2.69,-0.34,-1.20,-0.33,-3.68,-1.69,-1.69,-1.97,-2.01,-5.23,-2.30,-4.08,-6.52,-4.87,-2.79,,2.30,2.41,1.74,-0.17,-0.19,0.20,0.14,-0.85,-5.34,-1.95,-0.92,-0.99,-0.58,-0.63,-3.88,-1.27,-8.10,-6.44,-7.96,-0.91,-5.50,0.08,-0.40,-0.11,-1.77,-1.11,-1.31,0.12,-1.11,-0.04,-1.89,-1.17,-1.29,-1.50,-1.12,-1.65,-3.05,-2.50,-3.99,-7.23,-2.87,,-2.05,-2.59,-0.30,-6.99,-3.54,-3.25,-1.49,-1.71,-2.16,0.59,-1.50,-0.57,-0.32,2.03,1.34,1.30,2.19,0.30,2.60,0.20,1.15,1.50,1.12,1.60,-0.97,-0.05,0.22,1,0.68,1.49,-0.49,0.31,-0.28,-0.16,-0.16,-0.01,0.49,-0.19,2.14,1.18,2.58,2.70,1.73,1.49,0.48,-0.30,3.08,3.58,3.36,1.91,2.70,1.52,-0.19,,-1.30,-1.17,-0.67,-2.09,3.20,3.95,4.70,3.01,3.12,1.45,-0.70,-0.30,-3.70,-10.40,0.10,-0.30,-1.20,,-4.90,-6.90,-1.60,1.50,0.10,1.30,1.40,1.90,0.30,1.70,0,1.10,-0.60,-0.80,-1.40,-0.50,-0.80,2.20,1.90,2.10,2.40,0.90,-0.50,-0.60,-0.80,-0.50,1.90,2.50,3.20,1.70,-0.80,-0.10,3,2.90,3,2.70,1.60,0.70,0,-0.10,-1.60,,3.40,4.10,3.70,4,4.60,2.80,1,-1
2008-12-09 03:10,0.10,0.39,-0.69,-0.82,-2.14,1.82,0.89,-0.20,-2.66,-0.30,-1.24,-0.39,-3.65,-2.02,-1.75,-2,-2.04,-5.33,-2.30,-4.44,-6.54,-4.37,-2.51,,2.37,2.44,1.78,-0.15,-0.24,0.10,0.34,-0.90,-5.40,-2.21,-1.09,-1.18,-0.60,-0.69,-4.02,-1.39,-8.20,-7.27,-8.02,-1.16,-5.50,0.10,-0.40,-0.07,-1.59,-1.20,-1.22,0.06,-1.18,0,-1.99,-1.13,-1.23,-1.50,-1.14,-1.83,-2.96,-2.60,-4,-7.24,-3.02,,-1.85,-2.59,-0.50,-7.09,-3.63,-3.66,-1.54,-1.86,-2.33,0.76,-1.70,-0.66,-0.34,1.97,1.31,1.30,2.16,0.37,2.49,0.24,1.08,1.50,1.44,1.60,-1.04,-0.02,0.32,1.10,0.82,1.58,-0.45,0.46,-0.25,-0.11,-0.10,0.02,0.35,-0.14,2.04,1,2.58,2.70,1.66,1.63,0.51,-0.46,3.03,3.49,3.37,1.95,2.70,1.52,-0.17,,-1.30,-1.11,-0.86,-1.94,2.97,3.96,4.60,3.06,3.34,1.44,-0.70,,-3.80,-10.40,0.20,-0.30,-1.10,,,,,,,1.30,1.30,,0.30,1.70,0,0.92,,,,,,,,2.10,2.30,1.10,-0.50,-0.60,,,,,2.90,,-0.70,-0.40,3,2.90,3,,,0.70,,,-1.70,,,4.10,3.70,4,4.60,2.90,1,
2008-12-09 03:20,0,0.40,-0.71,-1,-2.16,1.61,0.83,-0.30,-2.73,-0.33,-1.35,-0.44,-3.63,-2.35,-1.87,-2.09,-2.11,-5.39,-2.50,-4.30,-6.56,-4.41,-2.16,,2.40,2.49,1.75,-0.10,-0.26,0.10,0.38,-0.88,-5.49,-2.21,-1.27,-1.22,-0.74,-0.86,-4.04,-1.49,-7.80,-5.03,-7.35,-1.03,-5.90,0.21,-0.30,-0.03,-1.55,-1.25,-1.13,0.20,-1.20,0.03,-2,-1.02,-1.10,-1.40,-1.14,-1.82,-2.83,-2.70,-3.86,-6.96,-3.19,,-1.38,-2.56,-0.60,-6.95,-3.46,-4.11,-1.70,-2.11,-2.45,0.76,-1.90,-0.63,-0.36,1.92,1.32,1.20,2.01,0.29,2.44,0.30,1.18,1.50,1.78,1.65,-0.88,0.11,0.30,1.10,0.63,2,-0.44,0.53,-0.13,-0.07,0.02,-0.04,0.23,-0.10,2,0.97,2.61,2.70,1.81,1.61,0.51,-0.59,3.01,3.44,3.14,1.95,2.70,1.68,-0.07,,-1.20,-1.13,-1.08,-1.81,3.03,3.99,4.60,3.03,3.30,1.41,-0.60,,-3.40,-10.40,0.30,-0.20,-1,,,,,,,1.30,1.10,,0.40,1.90,0.10,0.98,,,,,,,,2.10,2.20,1.20,-0.40,-0.60,,,,,2.90,,-0.70,-0.70,2.90,2.70,3,,,0.80,,,-1.60,,,4.10,3.70,4,4.60,2.90,1.10,
2008-12-09 03:30,-0.10,0.26,-0.79,-1.06,-2.19,1.49,0.68,-0.50,-2.69,-0.40,-1.44,-0.63,-3.71,-2.54,-1.94,-2.22,-2.20,-5.43,-2.60,-4.20,-6.47,-4.25,-1.97,,2.42,2.40,1.86,0.01,-0.27,0.20,0.46,-0.80,-5.39,-2.06,-1.42,-1.32,-0.70,-1.19,-3.93,-1.31,-7.80,-5.12,-7.24,-1.05,-5.50,0.29,-0.30,-0.04,-1.57,-1.19,-1.14,0.29,-1.21,0,-1.98,-0.87,-1.04,-1.30,-1.09,-1.84,-2.69,-2.80,-3.78,-6.45,-3.27,,-1.25,-2.59,-0.80,-7.17,-3.31,-4.21,-2.10,-2.27,-2.47,0.69,-2.20,-0.91,-0.50,1.87,1.42,1.20,2,0.26,2.47,0.26,1.20,1.60,1.88,1.96,-0.93,0.10,0.25,1.20,0.85,1.97,-0.37,0.53,-0.07,-0.01,0.02,-0.05,0.29,0.06,1.59,1.03,2.64,2.70,1.77,1.68,0.63,-0.70,2.97,3.43,3.14,2.02,2.70,1.73,-0.13,,-1.20,-1,-1.28,-1.80,3.07,4.02,4.60,3.13,3.33,1.46,-0.50,,-3.30,-10.30,0.40,-0.20,-0.90,,,,,,,1.20,0.80,,0.40,1.90,0.20,1.09,,,,,,,,2.10,2.10,1.30,-0.40,-0.70,,,,,2.90,,-0.60,-0.70,2.80,2.60,,,,0.90,,,-1.60,,,4,3.70,4,4.60,3,1.20,
2008-12-09 03:40,-0.20,0.28,-0.81,-1.27,-2.26,1.39,0.61,-0.60,-2.74,-0.45,-1.27,-0.59,-3.74,-2.61,-2.08,-2.27,-2.30,-5.30,-2.70,-4.16,-6.54,-3.77,-2.08,,2.58,2.34,1.85,0.01,-0.25,0.20,0.66,-0.68,-5.44,-1.88,-1.50,-1.68,-0.85,-1.25,-3.80,-1.27,-7.60,-4.71,-7.75,-1.04,-5.40,0.33,-0.20,-0.05,-1.25,-1.23,-1,0.35,-1.10,0.08,-1.94,-0.77,-0.94,-1.30,-1.08,-1.74,-2.60,-2.70,-3.77,-6.19,-3.34,,-1.52,-2.62,-0.80,-6.99,-3.60,-3.87,-1.97,-2.40,-2.43,0.58,-2.30,-1.06,-0.50,1.81,1.36,1.20,1.91,0.26,2.56,0.35,1.26,1.60,1.86,2.08,-0.90,0.11,0.35,1.30,0.81,2.14,-0.31,0.56,-0.01,0.20,-0.08,0.08,0.01,-0.10,1.57,1,2.60,2.70,1.76,1.76,0.75,-0.80,2.77,3.42,3.09,2.12,2.70,1.78,-0.04,,-1.20,-0.95,-1.50,-1.71,2.91,3.98,4.60,3.12,3.26,1.62,-0.50,,-3.50,-10.20,0.40,-0.10,-0.90,,,,,,,1.20,0.40,,0.50,1.90,0.30,1.19,,,,,,,,2.10,1.80,1.40,-0.30,-0.90,,,,,2.80,,-0.60,-0.80,2.70,2.40,2.90,,,1.10,,,-1.60,,,4,3.70,3.90,4.60,3.10,1.20,
2008-12-09 03:50,-0.30,0.40,-0.83,-1.30,-2.21,1.70,0.56,-0.50,-2.75,-0.55,-1.20,-0.54,-3.77,-2.61,-1.87,-2.24,-2.19,-5.41,-2.80,-4.21,-6.46,-3.97,-2.14,,2.64,2.26,1.82,-0.02,-0.22,0.20,0.80,-0.57,-5.58,-1.82,-1.51,-1.49,-1,-1.45,-3.85,-1.49,-7.40,-4.42,-7.48,-1.10,-5.20,0.20,-0.10,0.02,-1.24,-1.23,-1.15,0.47,-0.97,0.19,-1.81,-0.77,-0.88,-1.20,-0.85,-1.67,-2.55,-2.70,-3.70,-5.91,-3.52,,-1.98,-2.72,-0.80,-6.87,-4.15,-3.71,-1.97,-2.54,-2.77,0.31,-2.50,-1.16,-0.50,1.89,1.30,1.20,1.92,0.23,2.57,0.35,1.28,1.60,1.86,2.13,-0.90,0.26,0.42,1.20,0.89,1.98,-0.32,0.57,0.02,0.26,-0.12,0.18,-0.26,-0.13,1.43,0.54,2.52,2.70,1.90,1.81,0.80,-0.91,2.63,3.46,2.99,2.16,2.70,1.91,-0.04,,-1.10,-1.05,-1.73,-1.69,2.82,4,4.70,3.15,3.20,1.78,-0.50,,-3.40,-10.20,0.20,0,-0.90,,,,,,,1.20,0.40,,0.60,1.90,0.30,1.22,,,,,,,,2.10,1.80,1.50,-0.20,-1.10,,,,,2.80,,-0.50,-1.10,2.70,2.20,2.90,,,1.20,,,-1.60,,,4,3.70,4,4.70,3.20,1.20,
2008-12-09 04:00,-0.30,0.41,-0.95,-1.42,-2.16,1.40,0.56,-0.70,-2.83,-0.51,-1.18,-0.47,-3.84,-2.65,-1.96,-2.36,-2.10,-5.33,-2.90,-4.11,-6.51,-3.77,-2.39,,2.58,2.05,1.75,0.01,-0.22,0.20,0.76,-0.59,-5.55,-1.79,-1.46,-1.36,-1,-1.54,-3.76,-1.39,-7.30,-4.31,-6.92,-1.01,-5.30,0.18,0,0.06,-1.16,-1.20,-1.16,0.55,-0.75,0.17,-1.70,-0.81,-0.82,-1.10,-0.93,-1.60,-2.43,-2.60,-3.64,-5.80,-3.68,,-1.46,-2.89,-0.60,-6.65,-3.59,-3.69,-1.83,-2.60,-3.05,0.17,-2.60,-0.89,-0.50,1.95,1.21,1.20,1.83,0.21,2.53,0.53,1.25,1.70,2.05,2.22,-0.91,0.26,0.42,1.20,0.99,2.33,-0.36,0.56,0.01,0.32,-0.17,0.12,-0.08,0.01,1.34,0.26,2.56,2.60,1.97,1.89,0.92,-1.10,2.41,3.48,3.13,2.26,2.70,2.02,0.02,,-1.10,-1.05,-1.75,-1.80,2.87,4.16,4.60,3.17,3.23,1.78,-0.50,-0.90,-3.50,-10.20,0.30,0.10,-0.90,-0.10,-5.20,-6.80,-2.10,0.50,-0.20,1.20,0.40,1.60,0.60,2,0.80,1.50,-0.10,-1.50,-1.30,-1.50,-1,2.10,1.80,2.10,1.80,1.50,-0.20,-1,-0.90,-0.70,1.40,2.50,2.80,2.40,-0.50,-1,2.60,2.10,2.80,2.30,1.90,1.40,0.20,0.20,-1.60,3.50,3.30,4,3.80,3.90,4.70,3.20,1.30,-0.90
2008-12-09 04:10,-0.30,0.59,-0.81,-1.48,-2.23,1.42,0.52,-0.70,-2.87,-0.62,-1.14,-0.65,-3.86,-2.62,-2.10,-2.40,-2.14,-5.52,-3,-3.94,-6.46,-3.55,-2.63,,2.47,1.98,1.62,0.03,-0.25,0.20,0.75,-0.53,-5.49,-1.75,-1.51,-1.37,-0.88,-1.54,-3.63,-1.50,-7.30,-4.43,-7.08,-1,-5.10,0.16,0,0.02,-0.97,-1.15,-1.18,0.70,-0.75,0.27,-1.72,-0.72,-0.84,-1,-0.98,-1.45,-2.35,-2.60,-3.48,-5.71,-3.81,,-1.21,-2.77,-0.50,-6.18,-3.49,-3.92,-1.58,-2.66,-3.19,0.17,-2.60,-0.80,-0.50,2.05,1.11,1.10,1.71,0.25,2.42,0.52,1.27,1.70,2.09,2.13,-0.81,0.41,0.39,1.10,1.01,2.14,-0.28,0.66,0.01,0.45,-0.16,0.06,-0.06,0,1.20,0.20,2.54,2.60,1.99,1.98,1.02,-1.43,2.09,3.42,3.02,2.44,2.60,2.04,0,,-1.10,-0.82,-1.92,-1.77,2.90,4.02,4.60,3.20,3.52,1.77,-0.50,,-3.60,-10.20,0.20,0.20,-0.80,,,,,,,1.20,0.20,,0.60,2,0.80,1.29,,,,,,,,2.10,1.90,1.60,-0.10,-1,,,,,2.80,,-0.40,-0.80,2.60,2,,,,1.40,,,-1.60,,,4,3.80,3.90,4.70,3.30,1.30,
2008-12-09 04:20,-0.30,0.59,-0.79,-1.29,-2.32,1.45,0.47,-0.80,-2.92,-0.50,-1.06,-0.59,-3.84,-2.66,-2.21,-2.35,-2.12,-5.62,-3.10,-4.15,-6.56,-3.43,-2.49,,2.47,1.91,1.50,0.13,-0.16,0.20,0.61,-0.46,-5.42,-1.70,-1.58,-1.27,-0.81,-1.66,-3.56,-1.53,-7.10,-4.06,-7.28,-1.04,-5,0.13,0.10,0,-0.62,-1.11,-1.17,0.86,-0.53,0.28,-1.61,-0.91,-0.80,-0.90,-0.87,-1.42,-2.28,-2.50,-3.34,-5.80,-3.62,,-2.02,-3.03,-0.50,-5.97,-3.51,-3.77,-1.35,-2.73,-3.29,0.10,-2.80,-0.86,-0.59,2.06,1.05,1.10,1.64,0.02,2.34,0.47,1.26,1.80,2.17,1.99,-0.76,0.35,0.57,1.20,1.03,2.15,-0.21,0.69,0,0.55,-0.14,0.01,-0.17,0.04,0.85,-0.01,2.49,2.70,1.98,2.08,1.14,-1.85,1.95,3.43,2.97,2.47,2.60,2,-0.05,,-1,-0.80,-1.79,-1.50,2.86,4.07,4.60,3.17,3.54,2,-0.40,,-3.60,-10.10,0.30,0.10,-0.80,,,,,,,1.10,0.10,,0.60,2,0.60,1.36,,,,,,,,2.10,1.90,1.70,-0.10,-0.90,,,,,2.80,,-0.40,-0.80,2.40,2,2.80,,,1.50,,,-1.50,,,4,3.80,3.90,4.70,3.30,1.30,
2008-12-09 04:30,-0.20,0.46,-0.65,-1.22,-2.32,1.55,0.34,-0.90,-2.99,-0.54,-1.04,-0.46,-3.78,-2.66,-2.50,-2.38,-2.28,-5.68,-3.10,-4.22,-6.38,-3.22,-2.33,,2.55,1.85,1.39,0.02,-0.23,0.30,0.42,-0.34,-5.47,-1.77,-1.51,-1.19,-0.60,-1.62,-3.52,-1.50,-7.10,-4.11,-7.14,-1,-4.90,0.25,-0.10,-0.01,-0.56,-1.02,-1.08,0.85,-0.23,0.30,-1.50,-0.83,-0.80,-0.80,-0.89,-1.39,-2.10,-2.50,-3.24,-5.78,-3.63,,-2.67,-2.92,-0.50,-5.70,-3.99,-3.78,-0.72,-2.77,-3.33,-0.07,-3.10,-1.01,-0.54,1.71,0.87,1,1.58,0.06,2.35,0.44,1.33,1.90,2.14,1.96,-0.86,0.31,0.54,1.20,1.11,2.40,-0.13,0.70,0.04,0.57,-0.07,0.04,0.28,0,0.52,-0.26,2.60,2.60,2.03,2.05,1.12,-1.99,1.90,3.28,2.92,2.50,2.60,2.13,-0.02,,-0.90,-0.66,-1.77,-1.81,2.77,3.97,4.70,3.22,3.50,2.13,-0.40,,-3.60,-10.10,0.40,0,-0.80,,,,,,,1.10,0,,0.70,2.10,0.80,1.31,,,,,,,,2,1.90,1.80,0,-0.90,,,,,2.80,,-0.30,-0.70,2.30,1.90,2.70,,,1.50,,,-1.50,,,4,3.80,3.90,4.70,3.30,1.30,
2008-12-09 04:40,-0.20,0.37,-0.68,-1.24,-2.37,1.45,0.31,-0.80,-3.01,-0.57,-1.01,-0.54,-3.91,-2.60,-2.73,-2.32,-2.26,-5.74,-3.20,-4.22,-6.44,-3.05,-2.43,,2.54,1.73,1.40,0.09,-0.11,0.30,0.09,-0.32,-5.53,-1.79,-1.40,-1.23,-0.54,-1.62,-3.43,-1.47,-6.90,-4.09,-7.03,-0.76,-5,0.36,-0.20,-0.06,-0.46,-1.06,-1.03,0.78,-0.06,0.32,-1.49,-0.68,-0.63,-0.80,-0.81,-1.31,-1.93,-2.40,-3.23,-5.80,-3.50,,-2.76,-3.12,-0.20,-5.55,-3.78,-3.75,-0.58,-2.58,-3.49,0.09,-3.10,-1.14,-0.49,1.93,0.76,1,1.57,0.15,2.33,0.51,1.36,1.90,2.07,1.89,-0.74,0.63,0.66,1.20,1.17,2.07,-0.11,0.75,0.07,0.61,-0.08,0.04,0.13,-0.09,0.37,-0.46,2.54,2.60,1.98,1.97,1.11,-1.94,1.84,3.47,2.90,2.52,2.60,2.10,0.12,,-0.90,-0.70,-1.74,-1.50,2.72,3.96,4.60,3.26,3.77,2.01,-0.40,,-3.30,-10.10,0.60,0,-0.70,,,,,,,1.10,-0.40,,0.80,2.10,0.90,1.47,,,,,,,,2.10,1.90,1.90,0.10,-0.90,,,,,2.80,,-0.10,-0.60,2.20,1.90,2.70,,,1.40,,,-1.40,,,4,3.80,3.90,4.70,3.30,1.30,
2008-12-09 04:50,-0.20,0.38,-0.74,-1.25,-2.40,1.24,0.30,-0.80,-3.01,-0.59,-1.16,-0.48,-3.88,-2.55,-2.65,-2.28,-2.31,-5.60,-3.30,-4.14,-6.62,-3.03,-2.45,,2.49,1.61,1.35,0.08,-0.10,0.30,0,-0.26,-5.53,-1.89,-1.46,-1.29,-0.41,-1.58,-3.43,-1.33,-7,-3.95,-6.85,-0.09,-4.90,0.08,-0.20,-0.05,-0.44,-1.02,-1.02,0.95,0.03,0.29,-1.43,-0.59,-0.56,-0.70,-0.73,-1.26,-1.90,-2.40,-3.03,-5.83,-3.44,,-2.73,-2.96,-0.40,-5.60,-3.92,-3.40,-0.50,-2.45,-3.53,0.15,-3.30,-1.08,-0.70,1.85,0.69,1,1.55,0.04,2.36,0.65,1.32,1.80,2.18,1.87,-0.79,0.75,0.66,1.30,1.14,2.23,-0.13,0.84,0.06,0.61,-0.13,0.19,0,-0.14,0.27,-0.65,2.47,2.60,2.01,1.97,1.14,-1.86,1.85,3.45,2.94,2.55,2.60,2.13,0.19,,-0.90,-0.74,-1.65,-1.69,2.70,4.01,4.60,3.33,3.56,2.04,-0.40,,-3.20,-10,0.50,0.10,-0.50,,,,,,,1.10,-0.30,,0.80,2,1,1.44,,,,,,,,2.10,1.90,1.90,0.10,-0.90,,,,,2.80,,-0.10,-0.60,2.10,1.70,2.60,,,1.50,,,-1.30,,,4,3.80,3.90,4.70,3.30,1.30,
2008-12-09 05:00,-0.10,0.43,-0.76,-1.16,-2.40,1.19,0.19,-0.80,-3.04,-0.58,-1.20,-0.53,-4.01,-2.60,-2.92,-2.30,-2.43,-5.51,-3.20,-3.87,-6.55,-2.91,-2.46,,2.57,1.54,1.39,0.02,-0.08,0.30,0.12,-0.21,-5.52,-2.03,-1.56,-1.30,-0.39,-1.63,-3.46,-1.23,-7,-3.92,-6.57,0.06,-4.80,0.11,-0.10,-0.11,-0.41,-0.98,-1.05,0.96,0.33,0.31,-1.44,-0.43,-0.41,-0.70,-0.78,-1.26,-1.84,-2.40,-2.81,-5.85,-3.35,,-2.88,-3.06,-0.40,-5.96,-3.78,-3.25,-0.46,-2.35,-3.68,-0.06,-3.30,-0.97,-0.86,1.73,0.55,1,1.52,0.08,2.34,0.65,1.33,1.70,2.18,2.03,-0.68,0.83,0.69,1.30,1.34,2.01,-0.07,0.81,0.07,0.67,-0.10,0.20,-0.40,-0.19,0.03,-0.83,2.49,2.60,1.93,2,1.30,-1.86,1.74,3.27,2.90,2.58,2.60,2.16,0.08,,-0.80,-0.69,-1.56,-1.66,2.68,3.99,4.70,3.28,3.41,2.15,-0.40,-1.20,-3,-10,0.50,0.20,-0.40,0.50,-5.30,-6.20,-2.30,-0.70,-0.10,1.10,-0.10,1.50,0.90,2.10,1.10,1.60,,-1.50,-1.40,-0.70,-2.20,1.60,1.20,2.10,1.90,1.90,0.20,-0.80,-1.10,-1.30,0.80,2.60,2.80,2.70,0,-0.60,2,1.60,2.50,1.80,1.90,1.60,0.40,0.40,-1.30,3.30,3.10,3.90,3.70,3.90,4.80,3.30,1.40,-1.10
2008-12-09 05:10,-0.10,0.50,-0.72,-1.07,-2.40,1.25,0.14,-0.80,-3.12,-0.68,-1.20,-0.69,-4.08,-2.71,-2.84,-2.31,-2.49,-5.47,-3.20,-3.57,-6.70,-2.72,-2.88,,2.42,1.40,1.44,-0.01,-0.06,0.20,0.10,-0.29,-5.65,-2.06,-1.57,-1.23,-0.50,-1.70,-3.47,-1.30,-7.10,-4.15,-6.70,0.07,-4.70,0.09,0,-0.16,0.14,-1,-0.98,0.98,0.43,0.36,-1.48,-0.30,-0.43,-0.70,-0.64,-1.28,-1.78,-2.30,-2.81,-5.88,-3.30,,-3.02,-3.13,-0.20,-6.25,-3.57,-3.37,-0.61,-2.37,-3.76,0.12,-3.40,-0.98,-0.90,1.81,0.48,1.21,1.27,-0.04,2.21,0.79,1.36,1.70,2.20,2.06,-0.69,0.76,0.77,1.30,1.32,2.14,0.02,0.90,0.14,0.66,-0.09,0.24,-0.43,-0.04,-0.06,-0.93,2.34,2.60,1.92,2.10,1.36,-1.80,1.66,3.24,2.91,2.65,2.60,2.11,0.21,,-0.70,-0.64,-1.58,-1.43,2.73,3.98,4.70,3.23,3.41,2.10,-0.40,,-3,-10,0.40,0.10,-0.20,,,,,,,1.10,-0.10,,0.90,2.20,1.10,1.50,,,,,,,,2,1.90,2,0.30,-0.80,,,,,2.80,,0.10,-0.60,2,1.60,2.50,,,1.60,,,-1.30,,,3.90,3.70,3.90,4.80,3.30,1.40,
2008-12-09 05:20,-0.20,0.48,-0.65,-1.13,-2.50,1.31,0,-0.80,-3.09,-0.73,-1.24,-0.75,-4.10,-2.68,-2.87,-2.27,-2.59,-5.52,-2.70,-4.13,-6.55,-2.55,-2.97,,2.55,1.35,1.49,0.05,-0.08,0.20,0.10,-0.28,-5.48,-2.08,-1.57,-1.33,-0.55,-1.71,-3.44,-1.11,-7.30,-3.97,-6.97,0.12,-4.90,0.13,0,-0.20,0.18,-0.98,-1.06,1,0.48,0.39,-1.41,-0.24,-0.19,-0.70,-0.47,-1.21,-1.77,-2.30,-2.71,-5.94,-3.32,,-2.67,-3.43,-0.20,-6.68,-3.62,-3.35,-0.52,-2.53,-3.88,0.49,-3.50,-1.13,-0.90,1.83,0.42,1.22,1.53,0,2.20,0.72,1.32,1.70,2.18,1.88,-0.69,0.78,0.76,1.40,1.31,2.30,0.01,0.96,0.11,0.57,-0.07,0.34,-0.58,-0.16,-0.12,-1.07,2.20,2.50,2.03,2.10,1.41,-1.73,1.67,3.46,2.70,2.61,2.60,2.05,0.24,,-0.70,-0.71,-1.58,-1.51,2.78,3.96,4.60,3.34,3.45,2.21,-0.30,,-3,-10,0.40,0.20,-0.20,,,,,,,1.10,-0.30,,0.90,2.20,1.10,1.52,,,,,,,,2,1.90,2.10,0.40,-0.70,,,,,2.80,,0.10,-0.50,1.90,1.50,2.40,,,1.90,,,-1.30,,,3.80,3.70,3.80,4.70,3.30,1.40,
2008-12-09 05:30,-0.20,0.60,-0.69,-1.36,-2.60,1.16,0.06,-1,-3.15,-0.88,-1.33,-0.73,-4.04,-2.76,-3.02,-2.33,-2.68,-5.68,-2.10,-4.44,-6.59,-2.39,-3.08,,2.55,1.37,1.36,0.11,-0.07,0.20,0.19,-0.32,-5.60,-2.05,-1.62,-1.49,-0.65,-1.80,-3.42,-1.06,-7.30,-3.87,-6.67,0.23,-4.90,0.07,-0.10,-0.19,0.36,-0.97,-0.99,0.89,0.48,0.52,-1.35,-0.23,-0.01,-0.70,-0.23,-1.26,-1.71,-2.30,-2.75,-5.93,-3.26,,-2.44,-3.40,-0.10,-6.32,-3.40,-3.51,-0.55,-2.59,-3.96,0.52,-3.70,-1.26,-0.70,1.73,0.44,1.15,1.42,-0.01,2.13,0.78,1.30,1.70,2.09,1.88,-0.70,0.84,0.76,1.50,1.18,3.37,0.01,0.97,0.18,0.70,-0.10,0.40,-0.65,-0.26,-0.29,-1.26,2.19,2.40,2,2.13,1.51,-1.69,1.63,3.45,2.89,2.58,2.60,2.09,0.34,,-0.60,-0.62,-1.50,-1.57,2.66,3.99,4.70,3.36,3.47,2.32,-0.30,,-2.80,-10.10,0.50,0.30,-0.10,,,,,,,1.10,-0.70,,1,2.30,1.10,1.51,,,,,,,,2,1.90,2.10,0.40,-0.70,,,,,2.80,,0.20,-0.50,1.80,1.50,2.40,,,1.90,,,-1.20,,,3.80,3.70,3.80,4.60,3.30,1.60,
2008-12-09 05:40,0,0.62,-0.77,-1.53,-2.60,1.25,0.09,-1,-3.19,-0.99,-1.50,-0.82,-3.96,-2.99,-3.02,-2.43,-2.63,-5.95,-2,-4.39,-6.69,-2.26,-3.34,,2.50,1.33,1.29,-0.10,-0.11,0.20,0.16,-0.30,-5.62,-2.20,-1.64,-1.39,-0.64,-1.77,-3.35,-1.04,-7.20,-3.85,-6.68,0.21,-5.10,0.16,-0.10,-0.16,0.26,-0.99,-1.06,0.97,0.46,0.55,-1.31,-0.19,0.14,-0.60,-0.21,-1.11,-1.68,-2.20,-2.73,-5.97,-3.24,,-2.09,-3.39,-0.20,-6.35,-3.58,-3.63,-0.73,-2.57,-3.92,0.26,-3.70,-1.41,-0.90,1.56,0.39,1.02,1.39,-0.13,2.11,0.68,1.25,1.70,2.08,1.68,-0.64,0.89,0.79,1.50,1.39,2.18,0.05,0.91,0.17,0.79,-0.06,0.38,-0.83,-0.38,-0.46,-1.29,1.91,2.50,2.03,2.10,1.48,-1.67,1.51,3.32,2.73,2.55,2.60,2.15,0.38,,-0.60,-0.68,-1.46,-1.46,2.58,4.02,4.60,3.31,3.52,2.27,-0.20,,-3,-10,0.50,0.10,-0.10,,,,,,,1,-0.80,,1,2.30,1,1.49,,,,,,,,2,1.90,2.10,0.50,-0.60,,,,,2.80,,0.30,-0.40,1.70,1.30,2.40,,,2,,,-1.20,,,3.70,3.70,3.80,4.50,3.30,1.60,
2008-12-09 05:50,0,0.52,-0.89,-1.76,-2.60,0.96,0.14,-1.20,-3.31,-1.09,-1.56,-1,-4.06,-3.18,-3.10,-2.48,-2.60,-6.04,-2.20,-4.20,-6.54,-2.46,-3.48,,2.48,1.22,1.29,-0.24,-0.09,0.10,0.32,-0.12,-5.57,-2.41,-1.83,-1.40,-0.72,-1.83,-3.46,-1.12,-7.40,-3.94,-6.94,0.16,-5.40,0.32,-0.20,-0.16,0.30,-0.94,-0.91,0.99,0.44,0.58,-1.23,0,0.26,-0.60,-0.22,-1.16,-1.66,-2.20,-2.60,-6.05,-3.25,,-1.19,-3.37,-0.30,-6.06,-3.52,-2.96,-0.99,-2.51,-4.01,0.22,-3.70,-1.58,-0.90,1.32,0.31,0.83,1.54,-0.11,2.07,0.72,1.25,1.70,2.13,1.53,-0.64,0.92,0.89,1.60,1.41,2.66,0.12,0.87,0.12,0.87,-0.05,0.48,-0.99,-0.35,-0.47,-1.43,1.69,2.40,2.15,2.09,1.64,-1.68,1.42,3.32,2.63,2.61,2.50,2.10,0.42,,-0.50,-0.57,-1.26,-1.30,2.52,3.91,4.60,3.27,3.52,2.21,-0.20,,-3.20,-10,0.60,0.10,0,,,,,,,0.80,-1,,1,2.50,1,1.58,,,,,,,,1.90,1.90,2.20,0.50,-0.50,,,,,2.70,,0.40,-0.40,1.60,1.10,2.40,,,2,,,-1.10,,,3.60,3.70,3.80,4.60,3.30,1.60,
2008-12-09 06:00,0,0,-0.85,-2,-3,0.87,0.17,-1.30,-3.38,-1.23,-1.50,-0.99,-4.12,-4,-3.37,-2,-2,-6.03,-2,-4.38,-6.49,-2.16,-3.61,1,2,1,1.17,-0.18,0,0,-1,-1,-5.60,-2,-1.97,-2,0,-2,-3,-1,-7,-4,-7,0,-5.40,0.29,0,-0.17,0,-1,-1,1,0.37,0.64,-1.15,0,0,-1,0,-1.07,-1.57,-2,-2.63,-6.04,-3.08,,-0.96,-3.30,0.20,-6.24,-3.42,-2.98,-1.01,-2.57,-4.10,0.29,-3.70,-1.42,-1,50,1,1,1.58,0,1.95,0.78,-2,1.70,2.31,1.48,-0.74,0.88,1,1.60,1,2.87,0.12,1.02,0.18,0.83,-0.05,0.55,-0.84,-0.37,-0.57,-1.54,1.55,2.40,2.28,2.14,1.77,-1.64,1.40,3.33,2.65,2.64,2.50,1.93,0.46,,-0.50,-0.43,-1.20,-1.33,2.57,4.10,4.60,3.33,2.40,2.19,-0.20,-1,-3,-10,0.50,0.10,0,0.90,-6,-6,-4,-1,0,2,-1,0.50,1,2.50,0.90,1.90,0.20,-1.70,-1,-1,-2.60,1.10,0.80,1.80,1.80,2.20,0.60,-0.40,-1.20,-1.70,0.50,1.90,2.70,3,0.40,-0.40,1.50,0.70,2.30,1.30,1.70,2.10,0.50,0.70,-1.10,3.20,2.90,3.60,3.70,3.70,4.60,3.30,1.70,-0.90
2008-12-09 06:10,0,0.40,-0.91,-1.97,-2.60,0.90,0.20,-1.40,-3.45,-1.22,-1.52,-1.01,-4.13,-3.61,-3.44,-2.65,-2.49,-6.02,-2.40,-3.62,-6.63,-2.04,-3.78,,2.46,1.04,1.06,-0.22,0.07,-0.10,-0.01,-0.46,-5.66,-2.95,-2.23,-1.62,-1.04,-2.05,-3.66,-1,-7.20,-4.09,-6.91,0.21,-6,0.31,0,-0.12,0.19,-0.98,-1.10,1.18,0.39,0.77,-1.18,-0.06,0.30,-0.60,-0.15,-1.08,-1.64,-2.10,-2.60,-6.17,-2.95,,-1.39,-3.44,0.50,-6.47,-3.41,-2.84,-1.21,-2.60,-4.17,0.07,-4,-1.46,-1.10,0.49,0.22,0.42,1.68,-0.09,1.90,0.76,1.20,1.80,2.36,1.39,-0.70,0.95,0.98,1.60,1.38,2.44,0.20,1.13,0.29,0.82,-0.05,0.63,-0.90,-0.47,-0.63,-1.71,1.41,2.40,2.25,2.19,1.62,-1.67,1.34,3.33,2.60,2.61,2.50,1.93,0.54,,-0.40,-0.34,-1.21,-1.36,2.49,3.85,4.60,3.36,3.50,2.39,-0.20,,-3.50,-10.10,0.60,0.20,0.10,,,,,,,0.60,-1.30,,1,2.50,0.90,1.69,,,,,,,,1.70,1.80,2.20,0.70,-0.40,,,,,2.60,,0.40,-0.40,1.50,0.70,,,,2.10,,,-1,,,3.60,3.60,3.70,4.60,3.30,1.70,
2008-12-09 06:20,0,0.41,-0.97,-2.12,-2.50,1.08,0.20,-1.50,-3.51,-1.17,-1.75,-1.02,-4.01,-3.71,-3.56,-2.51,-2.46,-6.19,-2.40,-3.97,-6.65,-2.07,-4.21,,2.40,0.96,1.06,-0.30,0.01,-0.20,-0.13,-0.71,-5.61,-2.90,-2.51,-1.68,-1.26,-2.15,-3.83,-1.09,-7.20,-4.13,-7.04,-0.07,-6.20,0.34,-0.10,-0.09,-0.04,-0.96,-1.14,1.24,0.37,0.79,-1.13,0.07,0.34,-0.60,-0.23,-1.07,-1.49,-2.20,-2.40,-6.15,-2.86,,-1.62,-3.49,0.40,-6.93,-3.19,-2.77,-1.32,-2.64,-4.33,-0.17,-4.10,-1.11,-1,0.34,0.17,0.23,1.64,-0.18,1.97,0.78,1.18,1.80,2.28,1.47,-0.58,1.03,0.97,1.60,1.45,2.84,0.19,1.16,0.32,0.81,0.05,0.55,-1.11,-0.77,-0.55,-1.98,1.30,2.40,2.32,2.31,1.65,-1.60,1.30,3.32,2.66,2.63,2.50,2.04,0.54,,-0.40,-0.35,-1.14,-1.15,2.37,3.85,4.50,3.35,3.61,2.27,-0.10,,-3.40,-10.10,0.60,0.20,0.20,,,,,,,0.60,-1.30,,1,2.50,0.80,1.76,,,,,,,,1.70,1.80,2.20,0.70,-0.40,,,,,2.60,,0.50,-0.40,1.50,0.60,2.30,,,2.10,,,-1,,,3.50,3.60,3.70,4.60,3.30,1.80,
2008-12-09 06:30,-0.10,0.56,-0.92,-2.21,-2.50,1.17,0.17,-1.60,-3.61,-1.24,-1.97,-1.10,-4.06,-3.67,-3.61,-2.52,-2.33,-6.12,-2.50,-4.79,-6.63,-2.16,-4.77,,2.35,0.88,1.09,-0.27,0.11,-0.30,-0.09,-0.81,-5.51,-2.79,-2.47,-1.94,-1.58,-2.27,-4.16,-1.01,-7.40,-4.09,-6.71,-0.39,-6.50,0.36,-0.10,-0.20,-0.08,-0.97,-1.30,1.28,0.39,0.76,-0.99,0.08,0.39,-0.60,-0.09,-1.02,-1.59,-2.10,-2.38,-5.99,-2.81,,-1.18,-3.57,0.20,-6.96,-3.12,-2.77,-1.74,-2.74,-4.44,-0.18,-4.20,-1.22,-0.80,-0.10,0.07,-0.06,1.55,-0.27,1.92,0.83,1.05,1.80,2.29,1.52,-0.63,1.12,0.95,1.70,1.63,2.12,0.19,1.21,0.39,0.85,0.07,0.60,-1.51,-1.20,-0.48,-2.13,1.22,2.40,2.40,2.23,1.75,-1.51,1.30,3.37,2.67,2.64,2.40,1.95,0.58,,-0.40,-0.23,-1.15,-1.33,2.25,3.82,4.50,3.36,3.63,2.40,-0.10,,-3.40,-10.20,0.60,0.20,0.20,,,,,,,0.50,-1.70,,1,2.50,0.70,1.75,,,,,,,,1.70,1.80,2.30,0.70,-0.30,,,,,2.60,,0.60,-0.40,1.40,0.40,2.20,,,2.10,,,-0.90,,,3.50,3.60,3.70,4.60,3.30,1.80,
2008-12-09 06:40,0,0.56,-0.77,-2.27,-2.50,1.09,0.18,-1.70,-3.60,-1.44,-1.74,-1.19,-4.09,-3.93,-3.65,-2.64,-2.63,-6.06,-2.50,-5.10,-6.75,-1.93,-5.20,,2.32,0.87,1.11,-0.30,0.08,-0.40,0.01,-0.88,-5.59,-2.69,-2.63,-1.92,-1.72,-2.31,-4.39,-1.17,-7.30,-4.12,-7.02,-0.57,-6.60,0.36,-0.10,-0.23,-0.05,-0.83,-1.39,1.27,0.52,0.72,-0.92,0.20,0.29,-0.50,0.10,-1.03,-1.61,-2.10,-2.37,-5.93,-2.71,,-0.69,-3.68,0.30,-6.09,-3.32,-2.83,-1.93,-2.62,-4.61,-0.16,-4.20,-1.29,-1.10,-0.34,-0.06,-0.24,1.58,-0.35,1.96,0.83,0.83,1.90,2.23,1.53,-0.41,1.20,0.99,1.70,1.52,3.03,0.30,1.17,0.39,0.86,0.03,0.60,-1.89,-1.24,-0.62,-2.24,1.36,2.40,2.13,2.22,1.76,-1.45,1.17,3.31,2.62,2.70,2.40,1.87,0.62,,-0.30,-0.24,-1.08,-1.02,2.27,3.82,4.50,3.38,3.39,2.35,-0.10,,-3.60,-10.20,0.40,0.20,0.20,,,,,,,0.40,-1.60,,1,2.50,0.70,1.86,,,,,,,,1.70,1.70,2.30,0.80,-0.20,,,,,2.60,,0.70,-0.40,1.30,0.30,2.10,,,2.10,,,-0.80,,,3.50,3.50,3.70,4.60,3.30,1.80,
2008-12-09 06:50,0.10,0.67,-0.72,-2.26,-2.60,0.98,0.20,-1.70,-3.58,-1.47,-1.74,-1.17,-4.08,-3.83,-3.68,-2.59,-2.73,-6.04,-2.50,-4.55,-6.78,-1.99,-5.60,,2.19,0.90,1.14,-0.16,0.09,-0.30,0.03,-0.75,-5.63,-2.54,-2.78,-2.15,-1.87,-2.33,-4.25,-1.30,-7.50,-4.05,-7,-0.13,-6.70,0.38,-0.20,-0.23,-0.15,-0.81,-1.55,1.21,0.62,0.79,-0.92,0.37,0.33,-0.50,0.19,-0.91,-1.58,-2,-2.25,-5.88,-2.67,,-0.62,-2.87,0.30,-5.95,-3.09,-3.06,-2.02,-2.47,-4.61,-0.03,-4.40,-1.38,-1.20,-0.14,-0.07,-0.32,1.71,-0.50,1.97,0.87,0.70,1.80,2.29,1.45,-0.49,1.33,0.98,1.80,1.65,2.21,0.30,1.16,0.52,0.88,0.18,0.64,-2.16,-0.84,-0.67,-2.08,1.44,2.50,2.33,2.15,1.75,-1.36,1.14,3.21,2.60,2.54,2.40,1.93,0.81,,-0.30,-0.26,-1.03,-0.91,2.21,3.83,4.50,3.43,3.39,2.48,0,,-3.50,-10.40,0.30,0.40,0.20,,,,,,,0.30,-1.50,,1,2.50,0.80,1.90,,,,,,,,1.60,1.60,2.30,0.90,-0.20,,,,,2.50,,0.80,-0.30,1.30,0.20,1.80,,,2.10,,,-0.80,,,3.40,3.50,3.70,4.50,3.30,1.80,
2008-12-09 07:00,0,0.66,-0.80,-2.34,-2.60,1.10,0.17,-1.70,-3.78,-1.54,-1.82,-1.22,-4.13,-3.91,-3.77,-2.47,-2.79,-6.02,-2.40,-4.40,-6.85,-2.13,-5.50,,2.18,0.89,1.29,-0.06,0.13,-0.10,-0.03,-0.66,-5.61,-2.42,-2.76,-2.08,-1.74,-2.25,-4.06,-1.53,-7.60,-4.21,-6.95,-0.38,-6.60,0.27,0,-0.26,-0.22,-0.86,-1.72,1.26,0.66,0.85,-0.86,0.35,0.32,-0.40,0.18,-0.83,-1.54,-1.90,-2.29,-5.97,-2.40,,-1.02,-1.85,0.30,-6.24,-3.15,-3.25,-1.33,-2.47,-4.64,0.18,-4.30,-1.59,-1.20,-0.19,-0.13,-0.34,1.78,-0.62,2.07,0.85,0.47,1.70,2.20,1.38,-0.60,1.30,1.05,1.80,1.65,3.16,0.21,1.22,0.63,0.90,0.18,0.71,-2.40,-0.70,-0.62,-1.96,1.28,2.40,2.23,2.04,1.87,-1.30,1.08,3.36,2.48,2.59,2.40,1.89,0.83,,-0.30,-0.17,-1,-0.85,2.20,3.85,4.50,3.44,3.37,2.52,0,-1.20,-3.30,-10.50,0.20,0.60,0.20,,-6.60,-5.40,-3.10,-1.40,-0.60,0.10,-1.70,0.90,1,2.50,1,2,0.40,-2,-1.20,-0.90,-3.10,0.20,0.70,1.60,1.50,2.40,1,-0.30,-1.40,-2.10,-0.10,1.30,2.50,2.80,0.90,-0.30,1.20,0.10,1.50,1.40,1.20,2,0.70,1.20,-0.70,3,2.80,3.40,3.50,3.60,4.50,3.20,1.80,-0.60
2008-12-09 07:10,0.10,0.62,-0.96,-2.46,-2.70,0.96,0.22,-1.80,-3.63,-1.55,-1.77,-1.25,-4.18,-4,-3.93,-2.50,-2.93,-5.96,-2.20,-4.45,-6.84,-2.10,-5.40,,2.15,0.90,1.38,0,0.10,0.10,-0.05,-0.41,-5.54,-2.21,-2.55,-1.93,-1.64,-2.10,-3.88,-1.94,-7.50,-4.10,-6.76,-0.29,-6.70,0.42,0,-0.25,0.03,-0.90,-1.73,1.30,0.63,0.91,-0.82,0.25,0.33,-0.40,0.16,-0.83,-1.52,-1.90,-2.26,-5.86,-2.22,,-0.71,-1.23,0.30,-6.06,-2.78,-2.94,-0.81,-2.43,-4.61,0.40,-4.30,-1.70,-0.90,-0.35,-0.15,-0.80,1.70,-0.69,2.16,0.83,0.31,1.60,2.27,1.22,-0.68,1.37,1.21,1.80,1.45,3.01,0.27,1.18,0.57,0.99,0.22,0.71,-2.38,-0.49,-0.62,-1.88,1.11,2.40,2.13,2.01,2.01,-1.34,1.07,3.31,2.61,2.63,2.30,1.85,0.97,,-0.20,-0.12,-0.88,-0.79,2.01,3.89,4.40,3.38,3.32,2.54,0,,-3.30,-10.50,0.20,0.60,0.20,,,,,,,-0.20,-1.60,,1,2.50,1,1.87,,,,,,,,1.70,1,2.40,1,-0.30,,,,,2.50,,1,-0.30,1.20,0.10,1.50,,,2,,,-0.70,,,3.40,3.50,3.70,4.50,3.30,1.90,
2008-12-09 07:20,0.20,0.87,-0.80,-2.39,-2.60,1.25,0.38,-1.70,-3.46,-1.59,-1.72,-1.25,-4.12,-4.33,-3.75,-2.39,-2.96,-5.82,-2.20,-3.22,-6.91,-1.93,-5.31,,2.10,0.90,1.23,-0.02,0.15,0.20,0,0.24,-5.65,-2,-2.26,-1.87,-1.58,-1.69,-3.79,-1.91,-7.50,-4.04,-6.71,-0.30,-6.30,0.40,-0.10,-0.24,-0.31,-0.89,-1.74,1.41,0.67,1.01,-0.81,0.46,0.45,-0.40,0.14,-0.73,-1.49,-1.90,-2.25,-5.85,-2.12,,-0.31,-0.91,0.70,-5.73,-2.76,-2.66,-0.47,-2.19,-4.71,0.35,-4.20,-1.15,-0.60,-0.12,-0.17,-0.52,1.48,-0.68,2.19,0.89,0.30,1.70,2.30,1.23,-0.57,1.34,1.31,1.80,1.65,3.13,0.32,1.35,0.63,1.04,0.22,0.65,-2.48,-0.44,-0.72,-1.96,0.82,2.50,2.25,2.06,2.08,-1.28,1.04,3.23,2.38,2.64,2.20,1.85,1.03,,-0.20,0.02,-0.87,-0.77,1.88,3.87,4.40,3.21,3.41,2.53,0,,-3.30,-10.50,0.50,0.70,0.30,,,,,,,-0.20,-1.30,,1,2.60,1.10,1.88,,,,,,,,1.70,0.90,2.40,1.10,-0.30,,,,,2.50,,1.10,-0.30,1.10,0,1.40,,,2,,,-0.60,,,3.40,3.50,3.70,4.60,3.20,2,
2008-12-09 07:30,0.20,1.01,-0.69,-1.67,-2.50,1.17,0.76,-1.70,-3.12,-1.75,-1.61,-1.20,-4.13,-4.25,-3.04,-2.26,-2.76,-5.71,-2.30,-2.77,-6.69,-1.92,-5.23,,2.07,0.94,1.08,-0.05,0.23,0.20,0.50,0.63,-5.67,-1.97,-2.10,-1.81,-1.27,-1.56,-3.41,-2.01,-7.60,-4.15,-6.99,-0.30,-6,0.45,-0.10,-0.27,-0.43,-0.80,-1.82,1.50,0.73,1.10,-0.82,0.32,0.45,-0.40,0.22,-0.54,-1.55,-1.80,-2.12,-5.91,-2.07,,-0.43,-1.63,0.80,-5.61,-2.39,-2.60,-0.23,-1.90,-4.68,0.47,-4,-0.82,-0.40,0,-0.15,-0.55,1.40,-0.75,2.17,0.76,0.34,1.60,2.37,0.85,-0.48,1.23,1.34,1.80,1.72,2.60,0.30,1.56,0.69,1.06,0.30,0.68,-2.72,-0.84,-0.65,-1.87,0.69,2.40,2.18,2.05,2.26,-1.17,0.98,3.19,2.54,2.58,2.20,1.84,1.06,,-0.20,0.10,-0.82,-0.70,1.77,3.83,4.40,3.19,3.60,2.45,0,,-3.60,-10.50,0.80,0.80,0.30,,,,,,,-0.30,-1.20,,0.90,2.70,1.20,2.04,,,,,,,,1.70,1.20,2.50,1.10,-0.20,,,,,2.50,,1.20,-0.20,1.10,0,,,,2,,,-0.60,,,3.40,3.50,3.70,4.50,3.20,2.10,
2008-12-09 07:40,0.50,1.14,-0.70,-1.25,-2.50,1.12,1.11,-1.10,-2.85,-1.79,-1.38,-1.10,-4.19,-4.20,-2.36,-2.14,-2.64,-5.71,-2.40,-3.43,-6.70,-1.75,-5.10,,2,0.99,1.16,-0.12,0.27,0.10,1.27,0.78,-5.63,-1.80,-2,-1.90,-0.96,-1.58,-3,-2.08,-7.70,-4.41,-6.92,-0.31,-6.30,0.51,-0.20,-0.25,-0.07,-0.82,-1.87,1.45,0.75,1.22,-0.88,0.39,0.49,-0.30,0.25,-0.15,-1.40,-1.50,-2.11,-5.93,-2.01,,0.13,-1.72,1.10,-5.55,-2.70,-2.61,0.22,-1.76,-4.52,0.66,-3.40,-0.52,-0.10,-0.06,-0.07,-0.55,1.26,-0.78,2.16,0.91,0.25,1.60,2.38,1.06,-0.55,1.28,1.46,1.90,1.86,2.33,0.44,1.56,0.74,1.09,0.45,0.76,-2.55,-1.02,-0.58,-1.82,0.72,2.50,2.22,2.09,2.35,-1.10,1.03,3.13,2.55,2.52,2.10,1.86,1.09,,-0.10,0.10,-0.80,-0.76,1.73,3.80,4.50,3.25,3.71,2.60,0,,-3.50,-10.60,0.80,0.70,0.20,,,,,,,-0.20,-0.80,,1,2.70,1.40,2.08,,,,,,,,1.70,1.50,2.50,1.20,0,,,,,2.50,,1.30,-0.10,1.10,0,1.30,,,2,,,-0.60,,,3.30,3.50,3.60,4.50,3.20,2.10,
2008-12-09 07:50,0.70,1.19,-0.55,-0.85,-2.40,1.07,1.40,-0.70,-2.67,-1.74,-1.26,-1.12,-4.14,-3.96,-2.14,-1.99,-2.51,-5.70,-2.50,-3.36,-6.65,-1.68,-5.08,,1.91,1.23,1.51,0.06,0.24,0.20,1.70,1.07,-5.59,-1.70,-1.91,-1.77,-0.78,-1.40,-3.09,-2.13,-7.90,-4.22,-6.94,-0.12,-6.70,0.96,-0.20,-0.30,0.33,-0.80,-1.55,1.50,0.77,1.25,-0.86,0.48,0.53,-0.30,0.43,0.13,-1.36,-1.50,-2.06,-5.91,-1.84,,0.16,-1.36,1.10,-5.69,-2.48,-2.63,-0.07,-1.66,-4.32,0.70,-3.20,-0.18,0.20,0.01,0.07,-0.50,1.29,-0.73,2.23,0.91,0.35,1.50,2.33,1.21,-0.67,1.31,1.50,1.90,1.90,2.75,0.45,1.51,0.84,1.13,0.55,0.81,-2.24,-0.93,-0.47,-1.74,0.74,2.50,2.35,2.03,2.43,-1,1.05,3.13,2.40,2.50,2.10,1.80,1.18,,-0.10,0.11,-0.67,-0.73,1.71,3.77,4.50,3.27,3.64,2.59,0.10,,-3.30,-10.70,1.10,0.70,0.30,,,,,,,-0.30,-0.60,,1.10,2.60,1.50,2.07,,,,,,,,1.70,1.60,2.60,1.20,0,,,,,2.50,,1.40,-0.10,1,0.20,1.20,,,2,,,-0.50,,,3.30,3.50,3.60,4.50,3.20,2.20,
2008-12-09 08:00,1,1.33,-0.35,-0.65,-2.30,1.18,1.71,-0.40,-2.49,-1.71,-1.13,-0.84,-4.04,-4.25,-1.61,-1.90,-2.36,-5.63,-2.40,-3.45,-6.58,-1.88,-5.01,,1.79,1.55,1.72,0.11,0.36,0.60,1.60,1.81,-5.54,-1.29,-1.82,-1.58,-0.07,-0.83,-3.28,-2.18,-7.80,-4.21,-6.69,-0.06,-6.70,0.92,-0.20,-0.31,0.74,-0.68,-1.18,1.46,0.80,1.27,-0.80,0.59,0.61,-0.30,0.44,0.64,-1.25,-1.30,-2.01,-5.87,-1.79,,0.18,-0.82,1.20,-5.49,-2.28,-2.57,-0.14,-1.48,-4.14,0.83,-2.90,-0.03,0.54,0.28,0.24,-0.43,1.47,-0.69,2.32,0.95,0.50,1.70,2.32,1.29,-0.69,1.28,1.48,1.90,1.91,2.53,0.48,1.55,0.95,1.20,0.60,0.97,-1.73,-1.03,-0.37,-1.37,0.86,2.50,2.23,2.08,2.40,-0.92,0.91,3.09,2.49,2.50,2.10,1.87,1.32,,0,0.11,-0.64,-0.46,1.78,3.79,4.50,3.24,3.66,2.71,0.20,1.10,-3.20,-10.70,1.30,0.80,0.30,1.20,-5.20,-5.20,-1.60,-0.50,0.10,-0.40,-0.10,1.20,1.20,2.70,1.60,2.30,,-1.30,0.10,-0.80,-1.90,0.40,1,1.80,1.60,2.60,1.20,0.20,-1.30,-2.10,-0.50,1.10,2.50,2.50,1.50,0,0.90,0.50,1,,1,2,1,,-0.50,2.80,2.60,3.30,3.50,3.60,4.40,3.20,2.20,-0.40
2008-12-09 08:10,1.50,1.56,-0.10,-0.42,-2.40,1.40,2.11,-0.10,-2.43,-1.79,-1.08,-0.67,-4.05,-4.49,-1.39,-1.62,-2.10,-5.62,-1.90,-3.41,-6.55,-1.62,-4.89,,1.73,2.13,1.95,0.34,0.37,1,1.36,2.53,-5.47,-1.10,-1.66,-1.25,0.15,-0.81,-3.17,-1.93,-7.60,-4.22,-6.60,0.23,-7.30,0.96,-0.20,-0.24,0.84,-0.66,-0.81,1.44,0.83,1.32,-0.79,0.55,0.64,-0.20,0.39,0.88,-1.21,-1,-2,-5.94,-1.62,,0.04,0.08,1.50,-5.18,-2.01,-2.65,0.36,-1.25,-4.01,1,-2.10,0.24,1.08,0.71,0.40,-0.60,1.73,-0.63,2.33,0.97,0.68,2.20,2.50,1.40,-0.56,1.31,1.54,1.90,2,2.58,0.56,1.68,1.03,1.28,0.63,0.99,-1.22,-0.54,-0.16,-0.95,1.14,2.50,2.29,2.08,2.51,-0.87,0.95,2.94,2.54,2.46,2,1.88,1.42,,0,0.24,-0.60,-0.77,1.66,3.82,4.50,3.23,3.76,2.79,0.20,,-3.30,-10.60,1.60,0.80,0.40,,,,,,,-0.30,0.50,,1.20,2.70,1.60,2.20,,,,,,,,1.80,1.40,2.70,1.30,0.20,,,,,2.50,,1.60,0.10,0.90,0.50,1,,,2,,,-0.40,,,3.30,3.50,3.60,4.40,3.30,2.30,
2008-12-09 08:20,1.90,1.77,0.62,-0.02,-2.40,1.71,2.22,0.20,-2.17,-1.75,-0.99,-0.38,-4.04,-3.99,-0.96,-1.58,-2.10,-5.59,-1.60,-3.21,-6.57,-1.10,-4.53,,1.84,2.62,2.13,0.53,0.52,1.20,1.56,3.02,-5.53,-0.83,-1.22,-1.06,0.38,-0.88,-3.15,-1.78,-7.50,-4.10,-6.54,0.64,-7.40,0.93,-0.10,-0.21,0.75,-0.63,-0.54,1.48,0.99,1.34,-0.73,0.36,0.65,-0.20,0.52,0.97,-1.12,-0.70,-1.98,-6.03,-1.50,,0.10,0.41,1.80,-4.69,-1.99,-2.62,0.76,-1.04,-3.88,1.19,-1.40,0.72,1.41,0.50,0.66,-0.40,2.16,-0.39,2.39,1.12,0.94,2.30,2.52,1.56,-0.46,1.33,1.64,1.90,2.07,3.48,0.65,1.86,1.15,1.35,0.68,1.13,-0.89,0.20,-0.05,-0.62,1.35,2.50,2.37,2.12,2.62,-0.74,0.99,2.95,2.48,2.41,2,1.84,1.41,,0.10,0.35,-0.59,-0.31,1.65,3.86,4.50,3.24,3.52,2.92,0.30,,-3.20,-10.50,2.40,0.80,0.50,,,,,,,-0.10,1,,1.20,2.70,1.60,2.30,,,,,,,,1.90,1.70,2.80,1.30,0.30,,,,,2.60,,1.70,0.20,0.90,0.80,0.90,,,2,,,-0.30,,,3.30,3.50,3.60,4.50,3.20,2.40,
2008-12-09 08:30,2.20,1.97,1.04,0.36,-2.30,1.95,2.36,0.80,-1.74,-1.52,-1.04,-0.24,-4.01,-3.44,-1,-1.32,-1.99,-5.34,-1.10,-2.49,-6.65,-0.44,-3.96,,1.98,2.91,2.36,0.69,0.76,1.50,1.86,3.24,-5.48,-0.70,-0.58,-0.97,0.49,-0.68,-3.42,-1.70,-7.40,-4.20,-6.29,1,-7.20,1.03,0,-0.15,0.93,-0.51,-0.48,1.42,0.83,1.36,-0.70,0.42,0.62,-0.20,0.62,0.92,-1.15,-0.60,-1.89,-6.05,-1.41,-3.55,0.21,0.68,2,-4.41,-1.82,-2.71,1.14,-0.85,-3.71,1.36,-0.80,1.01,1.57,0.58,0.75,-0.20,2.55,-0.10,2.52,1.14,1.17,2.20,2.60,1.79,-0.43,1.39,1.72,2,2.03,2.78,0.64,1.93,1.24,1.44,0.70,1.14,-0.59,0.94,0.09,-0.22,1.51,2.50,2.37,2.25,2.58,-0.63,0.94,3,2.42,2.43,2,1.94,1.48,,0.10,0.38,-0.46,-0.58,1.74,3.89,4.60,3.28,3.70,2.87,0.40,,-2.70,-10.40,2.80,0.90,0.50,,,,,,,0,1,,1.20,2.80,1.70,2.38,,,,,,,,1.90,1.90,2.90,1.40,0.40,,,,,2.60,,1.80,0.30,0.90,1,0.90,,,2.10,,,-0.30,,,3.30,3.50,3.60,4.50,3.20,2.50,
2008-12-09 08:40,2.30,2.10,1.28,0.62,-2.20,2.06,2.61,1.60,-1.56,-1.20,-0.84,0.03,-3.96,-3.35,-0.88,-1.13,-1.90,-5.18,-0.40,-1.16,-6.61,-0.46,-2.82,,2.36,3.30,2.47,1,1.10,1.50,2.10,3.52,-5.37,-0.52,-0.15,-0.82,0.78,-0.47,-3.55,-1.75,-6.90,-4.29,-6.61,1.14,-7.10,1.17,0,-0.02,0.93,-0.41,-0.39,1.59,0.92,1.50,-0.72,0.58,0.52,-0.20,0.58,0.92,-1.19,-0.30,-1.92,-6.07,-1.24,-3.57,0.80,0.93,2.30,-4.49,-1.52,-2.68,1.55,-0.78,-3.23,1.64,-0.30,1.25,1.87,0.92,0.87,-0.10,2.84,0.37,2.73,1.09,1.34,2.40,2.68,2.29,-0.56,1.54,1.70,2.10,1.85,2.76,0.70,1.94,1.31,1.63,0.88,1.24,-0.12,1.24,0.30,0.09,1.70,2.60,2.52,2.15,2.54,-0.49,0.95,2.93,2.39,2.38,2,1.98,1.55,,0.10,0.46,-0.39,-0.28,1.57,3.86,4.60,3.31,3.78,2.83,0.40,,-1.60,-10.30,2.80,1,0.50,,,,,,,0,1.20,,1.30,2.80,1.80,2.42,,,,,,,,1.90,1.90,2.90,1.50,0.50,,,,,2.70,,2,0.40,0.90,1.20,,,,2,,,-0.20,,,3.30,3.40,3.60,4.50,3.20,2.50,
2008-12-09 08:50,2.60,2.27,1.37,0.83,-2.20,2.32,2.80,2.20,-1.31,-0.95,-0.72,0.23,-3.96,-3.15,-0.65,-1.23,-1.76,-5.24,0.30,-0.57,-6.53,0.15,-2.59,,2.95,3.47,2.56,1.30,1.89,1.50,2.12,3.78,-4.98,-0.42,0.23,-0.79,0.85,0.06,-3.83,-1.71,-6.70,-4.21,-6.37,1.52,-6.90,1.33,0,-0.01,0.95,-0.06,-0.31,1.42,0.82,1.57,-0.64,0.57,0.62,0,0.52,0.96,-1.06,-0.20,-1.99,-6.08,-1.11,-3.47,0.90,1.47,2.30,-4.33,-1.16,-2.52,1.78,-0.72,-2.90,2.02,-0.10,1.53,2.02,1.34,1.06,0.20,2.59,0.59,2.90,1.11,1.46,2.30,2.95,2.44,-0.47,1.71,1.79,2.20,2.09,2.12,0.85,1.98,1.48,1.69,1.03,1.29,0.30,1.62,0.65,0.25,1.97,2.70,2.49,2.24,2.58,-0.45,1.06,2.90,2.42,2.35,2,1.90,1.53,,0.10,0.55,-0.34,-0.29,1.62,3.82,4.60,3.31,3.76,2.91,0.50,,-0.60,-10.20,3.30,0.90,0.50,,,,,,,0.30,1.40,,1.40,2.90,1.90,2.39,,,,,,,,1.90,2.10,3,1.50,0.50,,,,,2.70,,2,0.40,0.90,1.70,0.80,,,2.10,,,-0.10,,,3.30,3.40,3.60,4.60,3.20,2.70,
2008-12-09 09:00,2.90,2.37,1.60,0.94,-2.10,2.34,2.96,2.40,-1.14,-0.67,-0.63,0.42,-3.87,-3.03,-0.51,-1.18,-1.60,-5.17,0.70,0.04,-6.42,0.09,-1.53,,3.09,3.83,2.73,1.39,2.28,1.80,2.12,3.82,-4.74,-0.28,0.43,-0.36,1.01,0.47,-3.21,-1.42,-6.40,-3.93,-6.55,1.80,-5.70,1.75,0,0.11,1.08,0.02,-0.26,1.37,0.97,1.63,-0.51,0.62,0.71,0.10,0.61,0.98,-0.91,-0.20,-1.84,-6.09,-1.05,-3.39,0.94,1.72,2.30,-4.13,-0.83,-2.47,1.80,-0.56,-2.49,2.28,0.20,1.93,2.07,1.63,1.36,0.40,2.71,0.72,3.15,1.19,1.68,2.30,3.04,2.74,-0.58,1.83,1.96,2.30,2.11,2.43,0.93,2.18,1.56,1.80,1.21,1.27,0.30,1.93,0.96,0.79,2.15,2.80,2.48,2.24,2.63,-0.39,1.08,2.91,2.36,2.34,2,1.98,1.69,,0.20,0.52,-0.31,-0.19,1.63,3.81,4.70,3.25,3.81,2.97,0.50,3.20,-0.20,-10.10,3.50,0.90,0.50,1.30,-2.90,-4.70,-0.90,0.90,1.60,0.50,1.60,2.10,1.70,2.90,2.10,2.30,1.40,-1.10,1.30,1.20,1.20,1.40,2.30,1.80,2.10,2.90,1.50,0.50,-0.60,-0.90,0.10,1.20,2.70,2.90,2.10,0.40,1,2.10,0.80,1,0.70,2.10,1.50,2.30,-0.10,2,2.50,3.30,3.40,3.60,4.60,3.20,2.70,-0.20
2008-12-09 09:10,3.10,2.39,1.58,1,-2.20,2.67,3.29,2.60,-1.31,-0.16,-0.69,0.50,-3.80,-2.24,-0.33,-0.98,-1.48,-5.06,1.10,0.79,-6.24,0.24,-0.68,,3.45,4.14,2.95,1.68,2.85,2.30,2.24,4.27,-4.43,-0.13,0.58,-0.31,1.13,0.97,-2.36,-1.05,-6.10,-4.20,-6.40,1.89,-4.80,1.92,0.20,0.12,1.45,-0.17,-0.14,1.19,0.96,1.62,-0.48,0.75,0.78,0.10,0.81,1.10,,-0.10,-1.65,-6.10,-0.97,-3.32,1.06,2.03,2.30,-3.78,-0.40,-2.22,2.28,-0.36,-2.19,2.59,0.90,2.32,2.30,1.93,1.51,0.83,2.77,0.79,3.38,1.43,2.04,2.40,3.17,2.92,-0.58,2.04,2.21,2.40,2.32,3.02,0.99,2.26,1.55,1.84,1.24,1.15,0.38,1.99,1.38,1.14,2.29,2.80,2.56,2.35,2.74,-0.29,1.04,2.94,2.61,2.37,1.90,2.02,1.71,,0.20,0.60,-0.09,-0.12,1.71,3.74,4.60,3.30,3.78,2.96,0.60,,0.60,-10,3.30,0.90,0.70,,,,,,,0.70,1.90,,1.70,3,2.10,2.24,,,,,,,,2,2.30,2.90,1.50,0.60,,,,,2.80,,2.20,0.40,1,2,0.80,,,2.10,,,0,,,3.40,3.30,3.60,4.60,3.10,2.70,
2008-12-09 09:20,3.50,2.49,1.77,0.94,-2.20,3.26,3.50,2.80,-1.20,0.21,-0.54,0.64,-3.75,-1.88,-0.07,-0.79,-1.37,-4.52,1.30,1.16,-6.26,-0.01,-0.48,,3.63,4.11,3.16,1.78,3.28,2.80,2.58,4.34,-4.40,0.03,0.65,-0.22,1.22,0.93,-1.78,-1.05,-5.80,-3.90,-6.09,2.18,-3.70,2.11,0.40,0.21,1.36,-0.12,-0.01,1.15,1,1.76,-0.53,0.62,0.89,0.20,0.96,1.12,,0.20,-1.61,-6.06,-0.86,-3.18,1.27,2.15,2.50,-3.47,0.13,-2.09,2.71,-0.12,-1.53,2.82,0.70,2.55,2.60,2.33,1.69,0.79,2.41,1.08,3.68,1.63,2.15,2.90,3.30,2.97,-0.48,2.11,2.59,2.40,2.36,3.25,1.08,2.22,1.54,1.93,1.34,1.19,0.50,1.91,1.69,1.28,2.47,2.80,2.53,2.35,2.63,-0.22,1.18,2.93,2.41,2.32,1.90,2.01,1.73,,0.30,0.53,-0.05,-0.16,1.56,3.69,4.60,3.35,3.82,2.96,0.60,,1,-9.90,3.30,1,0.90,,,,,,,1,2.20,,2,3,2.20,2.21,,,,,,,,2.10,2.40,2.80,1.50,0.60,,,,,2.70,,2.20,0.40,0.90,1.90,0.70,,,2.10,,,0.10,,,3.30,3.40,3.60,4.70,3.20,2.80,
2008-12-09 09:30,3.90,2.67,1.80,1.07,-2.20,3.57,3.54,2.90,-1.16,0.65,-0.39,0.81,-3.68,-1.36,0.18,-0.75,-1.36,-4.24,1.30,1.34,-6.11,0.46,0.16,,3.81,4.52,3.31,1.98,3.43,2.70,2.63,4.58,-4.35,0.07,0.68,-0.04,1.32,,-1.47,-0.65,-5.40,-3.88,-5.94,2.55,-3.10,2.09,0.50,0.30,1.07,0.27,0.15,1.01,1.06,1.88,-0.33,0.85,0.94,0.40,1.06,1.24,,0.40,-1.54,-6,-0.57,-3.10,2.12,2.65,2.70,-3,0.25,-1.99,2.89,0.09,-0.98,2.96,0.90,2.51,2.70,2.39,1.81,1.08,2.47,1.47,3.59,1.68,2.49,3.30,3.54,3.45,-0.48,2.35,2.83,2.60,2.13,2.80,1.14,2.31,1.34,2,1.49,1.40,0.69,2.27,1.96,1.44,2.86,2.90,2.59,2.35,2.70,-0.08,1.42,2.88,2.47,2.25,2,2.08,1.77,,0.40,0.82,-0.11,-0.16,1.50,3.69,4.60,3.41,3.77,2.99,0.60,,1.20,-9.80,3.70,1,0.90,,,,,,,1.30,2.40,,2.10,,2.30,2.14,,,,,,,,2.20,2.50,2.80,1.50,0.60,,,,,2.80,,2.30,0.50,1,2,,,,2.20,,,0.10,,,3.30,3.30,3.60,4.70,3.20,2.80,
2008-12-09 09:40,3.90,2.69,2.04,1.29,-2.10,3.64,3.56,3,-1.21,1.32,-0.22,1.02,-3.65,-0.76,0.30,-0.54,-1.39,-4.25,1.70,1.62,-5.70,0.54,0.45,,4.01,4.72,3.36,1.90,3.49,2.50,2.56,4.70,-4.43,0.06,0.78,0,1.33,,-1.17,-0.45,-5.40,-3.75,-5.76,2.42,-2.70,2.25,0.70,0.37,0.94,0.70,0.41,0.88,1.08,2.04,-0.10,0.96,1.03,0.50,1.02,1.37,,0.60,-1.57,-5.92,-0.22,-3.24,2.90,2.89,2.80,-2.75,0.81,-1.89,3.02,0.23,-0.49,3.11,1,2.65,2.80,2.80,1.94,1.35,2.48,1.80,3.60,1.74,2.78,3.50,3.62,3.48,-0.56,2.80,2.65,2.70,2.10,3.17,1.06,2.39,1.51,2.07,1.61,1.60,0.99,2.21,2.32,1.67,3.11,3,2.57,2.32,2.88,0.10,1.13,2.82,2.61,2.32,2,2.13,1.87,,0.40,0.89,0.06,-0.11,1.48,3.78,4.60,3.43,3.64,3,0.70,,1.70,-9.80,3.90,1.20,1,,,,,,,1.50,2.80,,2.30,3.20,2.40,2.24,,,,,,,,2.20,2.70,2.90,1.50,0.70,,,,,2.80,,2.30,0.60,1,1.90,0.80,,,2.20,,,0.20,,,3.30,3.30,3.50,4.70,3.20,2.80,
2008-12-09 09:50,4.10,2.79,2.06,1.30,-2,3.87,3.72,3.20,-1.17,,0.03,1.13,-3.57,-0.33,0.45,-0.45,-1.18,-4.15,1.40,2.13,-4.66,0.32,0.37,,4.19,4.93,3.46,1.73,3.65,2.70,2.69,4.94,-4.49,0.30,0.99,-0.03,1.78,1.79,-0.60,-0.17,-5.40,-3.72,-5.95,2.35,-1.70,2.36,0.80,0.50,1.27,0.96,0.58,0.85,1.15,2.15,-0.06,0.98,0.98,1.10,1.44,1.52,,0.50,-1.53,-5.83,-0.09,-3.43,3.27,2.92,2.90,-2.73,1.71,-1.80,2.98,0.22,-0.14,3.09,1.40,2.82,2.90,2.87,2.02,1.32,2.34,1.92,3.67,1.86,3.09,3.60,3.67,3.65,-0.60,2.88,2.86,3.10,2.23,2.74,1.07,2.36,1.59,2.13,1.74,1.76,1.29,2.29,2.55,1.91,3.32,3.10,2.67,2.36,2.89,0.05,1.20,2.78,2.62,2.30,1.90,2.10,1.96,,0.50,1.06,0.13,0.01,1.34,3.74,4.60,3.47,3.46,2.93,0.80,,1.90,-9.60,4.50,1.30,1.10,,,,,,,2,3,,2.40,3.40,2.30,2.13,,,,,,,,2.50,2.90,2.90,1.60,0.80,,,,,2.90,,2.30,0.70,1.10,1.90,0.90,,,2.20,,,0.30,,,3.40,3.30,3.50,4.70,3.20,2.80,
2008-12-09 10:00,4.20,2.92,2.26,1.40,-1.80,3.95,3.94,3.40,-0.94,2.28,0.16,1.52,-3.39,0.14,0.54,-0.27,-0.83,-3.89,1.80,2.58,-3.42,0.52,0.38,,4.17,4.93,3.64,1.46,3.86,3.10,2.94,5.10,-4.51,0.63,0.94,0.24,1.85,1.97,-0.17,0.11,-5.10,-4.30,-6.15,2.76,-1.50,2.79,1.10,0.55,1.55,1.05,0.64,0.95,1.31,2.23,-0.03,1.11,1.15,1.30,1.44,1.53,,0.90,-1.56,-5.89,0.04,-3.65,3.43,2.88,3,-2.99,2.46,-1.67,3.06,0.33,0.04,3.19,1.70,2.92,3.10,3.24,2.15,1.62,2.49,2.11,3.91,1.97,3.15,3.90,3.91,4,-0.59,2.75,3.23,3.60,2.40,3.60,1.02,2.29,1.68,2.21,1.76,1.86,1.74,2.12,2.81,2.09,3.38,3.30,2.69,2.46,2.90,0.10,1.22,2.66,2.66,2.29,1.90,2.08,1.95,,0.60,1.15,0.12,0.29,1.14,3.75,4.60,3.47,3.47,3.05,0.80,4.80,2,-9.50,4.10,1.70,1.20,1.40,0,-4,0.30,2,3.10,2.20,3.30,3.10,2.30,3.40,2.20,2,2,0.20,2.20,1.70,3,2.60,3.10,2.60,2.80,3,1.60,1,0.80,-0.40,1,2.10,2.90,3.20,2.40,0.80,1.10,2.60,1.30,0.80,0.30,2.10,2.10,2.60,0.40,1.80,2,3.40,3.30,3.50,4.70,3.30,2.80,0.20
2008-12-09 10:10,4.40,3.02,2.45,1.54,-1.73,3.75,4.04,3.60,-0.91,2.91,0.19,1.63,-3.15,0.24,0.64,-0.08,-0.71,-4.02,1.80,3.17,-2.41,0.41,0.47,,4.26,5.31,3.93,1.91,4.16,2.80,3.20,5.31,-4.71,0.55,1.19,0.25,2,1.99,0.17,0.28,-4.80,-4.43,-5.91,3.35,-1.10,3.18,1.70,0.51,1.62,1.11,0.83,1.07,1.41,2.26,0.02,1.12,1.43,1.50,1.44,1.61,,1.50,-1.55,-5.93,-0.43,-3.65,3.34,2.64,3.10,-2.81,2.61,-1.56,3.41,0.53,0.58,3.48,1.90,3.21,3.60,3.69,2.31,1.77,3.12,2.16,4.07,2.19,3.30,4,4,4.10,-0.67,2.66,3.55,3.40,2.80,3.32,1.04,2.20,1.76,2.26,1.72,2,2.06,1.98,,2.40,3.42,3.40,2.86,2.44,2.99,0.15,1.15,2.67,2.70,2.31,1.90,2.03,2.01,,0.60,1.34,0.22,0.20,1.31,3.78,4.60,3.45,3.85,2.86,0.90,,2.90,-9.40,4.40,2.60,1.30,,,,,,,2.20,3.60,,2.30,3.50,2.20,2.02,,,,,,,,2.70,3,2.90,1.70,1,,,,,2.80,,2.40,1,1.10,2.70,1.30,,,2.10,,,0.40,,,3.50,3.30,3.60,4.70,3.30,2.80,
2008-12-09 10:20,4.50,3.14,2.49,1.62,-1.62,3.69,4.32,3.70,-0.93,3.27,0.45,1.91,-2.96,0.37,0.69,-0.07,-0.77,-3.83,1.80,3.18,-2.65,0.53,0.29,,4.41,5.62,4.28,2.17,4.53,3.50,3.38,5.51,-4.80,0.75,1.17,0.30,2.48,1.95,0.65,0.47,-4.50,-4.39,-5.97,3.53,-0.60,3.41,2.40,0.75,1.61,1.05,0.97,1.30,1.53,2.34,0.08,1.20,1.65,1.60,1.63,1.70,,1.50,-1.49,-5.74,-0.66,-3.58,3.62,2.49,2.90,-2.68,3.13,-1.32,3.76,0.65,1.40,3.49,1.90,3.51,3.80,3.73,2.58,2.10,3.23,1.99,4.32,2.27,3.52,4.20,4.24,4.34,-0.59,2.95,3.78,3.30,3.33,3.20,1.16,2.15,1.94,2.23,1.87,1.99,2.68,1.49,,2.66,3.69,3.50,3.05,2.50,3.04,0.24,1.32,2.68,2.62,2.16,1.90,2,2.06,,0.70,1.34,0.22,0.43,1.34,3.77,4.60,3.53,3.65,2.84,0.90,,2.80,-9.30,4.40,2.50,1.30,,,,,,,2.40,3.60,,2.40,3.50,2.20,2.02,,,,,,,,3.10,3.40,3,1.70,1.20,,,,,2.60,,2.40,1.10,1.30,2.60,1.30,,,2.10,,,0.50,,,3.50,3.40,3.60,4.80,3.30,2.90,
2008-12-09 10:30,4.50,3.30,2.61,1.77,-1.89,3.94,4.17,3.70,-0.87,3.20,0.76,2.14,-2.89,0.30,0.80,-0.29,-0.59,-3.60,1.80,2.83,-1.92,0.66,0.48,,4.67,5.66,4.33,2.44,4.88,3.70,3.21,5.81,-4.99,0.91,1.37,0.56,2.75,1.67,1,0.65,-4.30,-4.21,-5.87,3.57,0,3.62,2.30,1.56,1.60,1.15,1.07,1.48,1.65,2.41,0.22,1.31,1.82,1.80,1.70,1.75,,1.50,-1.39,-5.78,-0.50,-3.55,3.56,2.41,2.90,-2.43,3.26,-1.21,4.25,0.90,1.99,3.62,1.80,3.87,4.10,4.04,2.66,2.29,3.46,2.23,4.70,2.49,3.61,4.30,4.51,4.63,-0.31,3.16,3.92,3.80,3.22,3.57,1.17,2.32,1.91,2.25,1.87,1.96,3.33,1.47,,2.84,3.98,3.80,3.21,2.49,2.99,0.39,1.49,2.50,2.53,2.15,2,1.99,2,,0.80,1.34,0.21,0.47,1.20,3.81,4.60,3.52,3.78,2.95,1,,2.80,-9.20,4.70,2.30,1.40,,,,,,,2.80,3.50,,3.10,3.70,2.20,2.11,,,,,,,,3.10,3,3,1.80,1.20,,,,,2.60,,2.50,1.30,1.20,2.70,1.40,,,2.20,,,0.50,,,3.50,3.40,3.60,4.70,3.30,2.90,
2008-12-09 10:40,4.70,3.34,2.63,1.89,-1.83,4.35,4.17,3.80,-0.61,3.66,1.02,2.28,-2.82,0.28,1.03,-0.57,-0.42,-3.53,2,2.73,-1.41,0.71,0.45,,5.02,6.16,4.45,2.14,4.80,4,3.52,5.82,-4.78,0.87,1.52,0.56,3,1.61,1.35,0.76,-4.10,-3.62,-5.70,3.44,0.70,3.91,2.50,1.88,1.93,1.18,1.29,1.53,1.82,2.59,0.39,1.36,2.15,1.80,1.89,1.84,,1.60,-1.28,-5.77,-0.46,-3.58,3.47,2.51,3,-2.39,3.21,-1.12,4.42,1.07,2.23,3.66,1.80,4.27,4,3.88,3,2.45,3.20,2.47,4.88,2.58,3.72,4.40,4.49,4.68,-0.51,3.25,2.97,4.10,3.16,3.56,1.10,2.51,1.73,2.32,1.90,1.99,3.81,1.59,,2.66,4.29,3.60,3.12,2.54,2.97,0.44,1.71,2.44,2.39,2.14,2,1.92,2.01,,0.80,1.41,0.36,0.41,1.18,3.75,4.60,3.39,3.73,2.97,1.10,,2.70,-9.20,5.20,2.20,1.50,,,,,,,3.10,3.50,,3.20,,2.30,2.27,,,,,,,,3.20,3.10,3.10,1.90,1.30,,,,,2.50,,2.50,1.40,1.30,2.60,,,,2.20,,,0.50,,,3.50,3.30,3.60,4.70,3.30,3,
2008-12-09 10:50,4.70,3.47,2.50,2.08,-1.86,4.55,4.41,3.90,-0.54,3.48,1.22,2.18,-2.77,0.48,1.14,-0.66,-0.19,-3.58,1.90,2.91,-1.27,0.77,0.60,,4.96,6.25,4.80,2.19,4.95,3.70,3.27,5.93,-4.49,0.90,1.70,0.79,3.10,1.62,1.72,0.94,-4,-3.42,-5.73,3.18,1.40,4.05,2.80,2.07,2.15,1.32,1.40,1.83,1.90,2.85,0.44,1.32,2.25,2,2.05,1.86,,1.60,-1.15,-5.73,-0.47,-3.50,3.49,2.48,3,-2.45,3.51,-1.05,4.75,1.26,2.61,3.57,1.70,4.60,4,4.03,3.18,2.44,3.25,2.79,5.02,2.56,3.97,4.50,4.52,4.94,-0.35,3.41,3.14,4.10,3.38,3.80,1.18,2.61,1.54,2.35,1.74,2,4.12,1.85,,3.09,4.33,3.50,3.11,2.69,3.03,0.50,1.83,2.40,2.34,2.17,2,1.89,2.06,,0.90,1.59,0.37,0.41,1.42,3.69,4.60,3.51,3.81,2.88,1.10,,3.20,-9.20,5.70,2.40,1.70,,,,,,,3.20,3.70,,2.90,4.20,2.40,2.41,,,,,,,,3.30,3.10,3.10,1.90,1.40,,,,,2.40,,2.50,1.40,1.30,2.60,1.60,,,2.20,,,0.60,,,3.40,3.30,3.70,4.70,3.30,3,
2008-12-09 11:00,4.70,3.61,2.30,2.06,-1.85,4.83,4.61,4,-0.32,4.03,1.41,2.24,-2.75,0.96,1.34,-0.53,-0.10,-3.77,1.90,3.48,-1.31,0.67,0.53,,5.13,6.09,4.94,2.30,5.21,4,3.73,6.03,-4.38,0.95,1.91,0.90,2.83,1.81,2.08,0.91,-3.90,-3.25,-5.74,3.41,1.50,4.10,2.80,2.14,2.31,1.48,1.46,2.01,2.01,3.02,0.57,1.48,2.27,1.90,1.99,2,-0.24,1.40,-1.03,-5.71,-0.51,-3.44,3.57,2.47,3,-2.16,3.36,-1.09,4.74,1.55,2.62,3.82,2,4.74,4.20,4.16,3.47,2.58,3.39,2.78,5.22,2.71,4.20,4.80,4.48,4.73,-0.35,3.77,3.09,4.30,3.66,3.62,1.29,2.66,1.11,2.31,1.62,1.94,4.39,2.12,,2.98,4.60,3.50,2.98,2.71,3.13,0.61,1.85,2.34,2.40,2.17,2,1.94,2.08,,1,1.72,0.37,0.34,1.44,3.79,4.60,3.59,3.67,2.84,1.10,5.20,3.20,-9.10,5,3.40,2,,1.80,-2.80,1.80,3,4.30,3.30,3.90,4.30,2.70,4.70,2.70,2.60,,1.50,3.90,2.10,3.30,3.60,4.30,3.30,3.50,3,2,1.60,2.20,0.50,1.80,2.90,2.40,3.20,2.60,1.60,1.40,2.80,1.70,,-0.10,2.20,2.40,2.90,0.70,1.40,1.60,3.50,3.30,3.70,4.70,3.20,3.10,0.40
2008-12-09 11:10,4.80,3.48,2.27,2.05,-2.02,4.91,4.57,4,-0.17,4.43,1.49,2.25,-2.92,1.36,1.66,-0.74,-0.04,-3.52,2.10,3.07,-1.91,0.89,0.53,,5.31,6.47,5.09,2.32,5.30,4,3.13,5.98,-4.32,1.13,2.24,1.07,3.09,2.17,2.06,1.11,-3.70,-2.87,-5.86,3.48,1.90,4.03,3.30,2.46,2.51,1.38,1.66,2.21,2.06,3.37,0.58,1.87,2.20,2,1.75,2.08,-0.22,1.40,-0.98,-5.81,-0.48,-3.38,3.63,2.55,3.20,-1.95,3.74,-1.30,4.87,1.79,2.67,4.24,2.50,5.10,4.23,4.32,3.63,2.60,3.60,2.83,5.31,2.71,4.39,4.80,4.76,5.01,-0.38,4,4.02,4.20,3.52,,1.27,2.55,1.01,2.29,1.62,1.84,4.22,2.46,,3.11,4.65,3.40,2.97,2.77,3.16,0.71,2.01,2.32,2.39,2.19,2,1.99,2.04,,1,1.79,0.46,0.24,1.42,3.77,4.60,3.53,3.55,2.91,1.10,,3.80,-9,5.30,3.50,2.10,,,,,,,3.40,4,,2.70,4.90,2.70,2.50,,,,,,,,3.60,3.60,3,2,1.60,,,,,2.60,,2.70,1.90,1.30,2.80,1.70,,,2.20,,,0.80,,,3.50,3.40,3.70,4.70,3.10,3.10,
2008-12-09 11:20,4.90,3.58,2.37,2,-1.86,4.99,4.62,4.10,-0.16,4.43,1.56,2.48,-2.75,1.54,1.91,-0.78,0.04,-3.74,2.20,2.89,-2.75,1.13,0.57,,5.55,6.56,5.24,2.51,5.31,4.20,2.89,6.17,-4.24,1.21,2.49,1.21,3.29,2.07,2.25,1.57,-3.50,-2.90,-5.91,3.50,2.20,4.15,2.90,2.55,2.48,1.19,1.45,2.70,2.13,4,0.57,2.08,2.16,2.40,1.45,2.50,0.07,1.50,-0.85,-5.83,-0.49,-3.35,3.98,2.81,3.20,-1.88,4.16,-1.34,4.96,1.96,2.62,4.50,2.90,5.24,4.25,4.39,3.71,2.70,3.64,2.99,5.36,2.54,4.44,4.90,4.73,5.02,-0.30,4.38,3.77,4,3.56,,1.45,2.66,1.13,2.32,1.55,1.84,4.54,2.61,,3.40,4.68,3.60,3.13,2.81,3.21,0.72,2.10,2.31,2.34,2.19,2,1.96,2.08,,1.10,1.80,0.50,0.31,1.23,3.78,4.60,3.50,3.72,2.99,1.20,,3.90,-8.80,5.20,3.40,2.10,,,,,,,3.60,4.10,,2.60,5,2.90,2.64,,,,,,,,3.60,3.80,3,2,1.70,,,,,2.70,,2.70,2,1.40,2.90,1.70,,,2.20,,,0.90,,,3.40,3.40,3.80,4.70,3.10,3.20,
2008-12-09 11:30,4.90,3.63,2.30,1.94,-1.81,5.08,4.69,4.30,-0.31,4.36,1.64,2.64,-2.60,1.23,1.78,-0.67,0.20,-3.25,2.40,1.91,-2.67,1.30,0.84,,5.60,6.67,5.30,2.87,5.56,4.50,2.98,6.21,-4.29,1.51,2.58,,2.97,2.10,2.43,2.06,-3.40,-2.64,-5.78,3.54,2.30,4.50,3,2.51,2.45,1.08,1.47,3.29,2.66,3.77,0.86,2.19,2.09,2.30,1.79,2.64,0.27,1.50,-0.90,-5.75,-0.51,-3.23,3.86,2.84,3.40,-1.54,3.44,-1.34,5.09,2.17,2.61,4.53,3.60,5.46,4.21,4.74,3.90,2.80,4,3.18,5.48,2.23,4.49,4.90,4.80,5.29,-0.33,4.21,4.27,4.10,3.52,,1.44,2.80,1.25,2.28,1.54,1.81,4.91,3.18,,3.70,4.78,3.80,3.03,2.75,3.10,0.70,2.15,2.29,2.27,2.20,2,1.97,2.06,,1.10,2.08,0.52,0.59,1.25,3.74,4.60,3.46,3.82,2.86,1.20,,3.80,-8.70,5.50,3.50,2,,,,,,,3.80,4.30,,2.90,5.20,3.10,2.76,,,,,,,,3.70,3.60,3,2,1.70,,,,,2.70,,2.70,2.10,1.50,3,1.80,,,2.20,,,1,,,3.40,3.40,3.80,4.70,3.10,3.30,
2008-12-09 11:40,4.80,3.55,2.24,1.84,-1.71,5.20,4.64,4.30,-0.28,4.58,1.92,2.63,-2.52,1.31,1.93,-0.41,0.52,-3.43,2.60,2.01,-2.68,1.62,1.22,,5.76,6.76,5.28,3.16,5.90,4.30,3.21,6.11,-4.54,1.62,2.39,1.72,3.41,2.33,2.69,2.03,-3.60,-2.54,-5.82,3.55,2.80,4.64,2.80,2.52,2.61,1.24,1.69,3.51,3.07,3.33,0.76,2.24,2.23,2.30,2.06,2.91,0.24,1.50,-0.90,-5.73,-0.52,-3.15,3.47,3.16,3.50,-1.39,3.75,-1,5.26,2.36,2.82,4.64,4.40,5.56,4.20,4.89,4.15,2.90,4.07,3.18,5.63,2.32,4.63,5,4.76,5.59,-0.29,4.26,3.66,3.90,3.89,4.19,1.52,2.84,1.25,2.21,1.62,1.78,4.88,3.40,,3.91,4.89,3.90,3.11,2.85,3.17,0.83,2.21,2.37,2.19,2.23,2,1.91,2.04,,1.10,2.08,0.59,0.47,1.33,3.73,4.70,3.39,3.75,2.96,1.30,,3.40,-8.70,5.90,3.40,2.40,,,,,,,3.90,4.50,,3.60,5.50,3.20,3.20,,,,,,,,3.90,3.80,3,2.10,1.80,,,,,3,,2.80,2.20,1.60,3.20,1.90,,,2.10,,,1,,,3.30,3.40,3.90,4.70,3.10,3.40,
2008-12-09 11:50,4.60,3.50,1.97,1.77,-1.60,5.30,4.70,4.20,-0.48,4.76,1.96,2.74,-2.43,2.13,2.03,-0.24,0.39,-3.39,2.50,1.46,-2.80,1.34,1.05,,5.84,6.91,5.35,3.35,5.98,4.50,3.21,6.11,-4.77,1.80,2.48,1.89,3.17,2.42,3.01,2.22,-3.40,-2.48,-5.71,3.71,3.10,4.54,2.90,2.45,2.54,1.23,1.66,3.77,2.83,3.29,0.77,2.30,2.24,2.50,2.34,3.13,0.42,1.40,-0.84,-5.55,-0.45,-3.10,3.62,2.96,3.40,-1.39,3.61,-0.81,5.53,2.58,3.07,4.75,4.60,5.85,4.10,4.86,4.18,3.10,4.15,3.26,5.69,2.43,4.55,5.10,4.68,5.57,-0.23,4.29,3.90,4.10,3.83,4.15,1.65,2.86,1.31,2.13,1.65,1.74,4.77,3.53,,4.04,4.81,4.20,3.19,2.90,3.08,0.82,2.30,2.39,2.11,2.17,2,1.89,2.01,,1.20,2.06,0.60,0.82,1.14,3.71,4.60,3.37,3.57,2.98,1.30,,3.30,-8.70,6,3.80,2.50,,,,,,,4,4.30,,3.60,5.50,3.10,3.02,,,,,,,,3.80,3.80,3,2.10,1.90,,,,,3.10,,2.80,2.30,1.70,3.20,2,,,2.20,,,1.20,,,3.20,3.40,3.90,4.70,3,3.50,
2008-12-09 12:00,4.70,3.49,1.89,1.83,-1.50,5.31,4.70,4.10,-0.12,4.94,2.10,2.69,-2.30,2.42,2.19,-0.43,0.48,-2.91,2.30,1.58,-3.11,1.31,0.95,,5.81,7.06,5.46,3.52,5.84,4.50,2.98,6.33,-5.02,1.77,2.68,2.08,3.23,2.86,3.03,2.56,-3.50,-2.61,-5.74,3.69,4.10,4.50,2.90,2.42,2.56,1.63,1.58,3.60,3.20,3.25,0.99,2.33,2.51,2.50,2.41,3.20,0.80,1.50,-0.75,-5.57,-0.66,-3.11,3.73,2.96,3.50,-1.14,3.64,-0.57,5.51,2.60,3.25,5.05,4.70,5.48,4.10,4.75,4.26,3.20,4.26,3.57,5.92,2.71,4.68,5.30,4.86,5.70,-0.11,4.12,3.99,4.10,3.51,4.67,1.69,2.88,1.55,2.13,1.70,1.67,4.91,3.68,,4.17,4.81,4,3.05,2.89,3.21,0.83,2.30,2.34,2.06,2.16,2,2,2.05,,1.30,2.15,0.58,0.47,1.08,3.80,4.50,3.38,3.30,2.92,1.40,4.90,2.80,-8.50,5.70,3.50,2.50,,2.90,-2.70,3,3.80,4.70,3.90,4.50,5,3,5.70,3.20,3.40,1.80,3.20,4.90,3.90,4.50,3.80,4.80,3.80,3.90,3.10,2.10,2.10,4,1.70,2.60,3.80,3.40,3.40,2.70,2.40,1.90,3.40,2.10,,0.50,2.20,2.60,2.90,1.20,1.90,1.60,3.20,3.50,3.90,4.70,3,3.50,0.60
2008-12-09 12:10,4.50,3.44,1.83,1.85,-1.60,5.46,4.68,4.10,0.50,5.11,2.12,2.67,-2.23,1.55,2.08,-0.44,0.51,-3.08,1.80,2.25,-3.44,1.22,1.08,,5.79,7.02,5.51,3.43,5.87,5,2.75,6.46,-5.04,1.97,2.78,2.08,3.38,3.30,3.15,2.64,-3.40,-2.29,-5.72,3.84,3.60,4.48,3.10,2.37,2.59,1.87,1.70,3.63,3.19,3.18,1.29,2.35,2.71,2.40,2.59,3.05,0.71,1.50,-0.70,-5.42,-0.63,-2.97,3.74,2.97,3.50,-1.12,3.48,-0.36,5.38,2.67,3.59,5.14,5.10,5.34,4,4.56,4.29,3.20,4.39,3.56,5.91,2.61,4.74,5.10,5.02,5.73,-0.23,4.25,3.88,4.30,3.37,4.34,1.64,2.90,1.61,2.09,1.64,1.54,4.95,3.96,,4.39,4.79,4.20,3.02,2.88,3.23,1.01,2.38,2.44,2.05,2.18,2,1.97,2.05,,1.30,2.26,0.64,0.81,0.98,3.81,4.50,3.46,3.43,2.77,1.40,,2.50,-8.40,6.30,3.40,2.70,,,,,,,4,4.40,,2.90,5.80,3.20,3.24,,,,,,,,3.90,3.80,3.10,2.10,2.10,,,,,3.30,,2.70,2.40,1.90,3.40,2.20,,,2.20,,,1.30,,,3.10,3.50,3.90,4.70,3,3.50,
2008-12-09 12:20,4.60,3.43,1.92,1.85,-1.79,5.33,4.63,4,0.22,5.07,1.96,2.63,-2.27,0.76,1.73,-0.29,0.53,-3.46,1.60,2.19,-3.78,1.03,1.02,,6.08,6.82,5.66,3.19,6.06,5.10,3,6.40,-5.02,1.74,2.78,2.12,3.40,2.97,2.74,2.73,-3.60,-2.67,-5.69,3.84,3.50,4.44,3,2.46,2.87,2.06,1.73,3.77,3.65,3.25,1.14,2.44,2.76,2.60,2.74,2.99,0.75,1.60,-0.71,-5.44,-0.70,-2.92,3.58,3.26,3.50,-0.89,3.30,-0.22,5.45,2.79,3.68,5.05,5.20,5.16,3.70,4.62,4.33,3,4.41,3.65,5.88,2.52,4.67,5.10,5.08,5.86,-0.27,4.32,4.38,4.80,3.47,4.65,1.67,2.87,1.78,2.19,1.75,1.60,4.92,3.87,,4.52,4.82,4.40,3.19,2.87,3.19,1.19,2.35,2.28,2.05,2.17,2,1.90,1.90,,1.40,2.27,0.71,0.92,0.99,3.83,4.60,3.38,3.56,2.88,1.50,,2.30,-8.20,6,3.60,2.60,,,,,,,3.90,3.30,,3.30,6.10,3.10,3.40,,,,,,,,3.70,3.90,3.10,2.20,2.20,,,,,3.30,,2.70,2.50,2,3.60,2.20,,,2.20,,,1.40,,,3,3.60,3.80,4.70,2.90,3.40,
2008-12-09 12:30,4.80,3.34,1.98,1.75,-1.84,5.09,4.61,4,-0.10,5.14,2,2.80,-2.36,-0.10,1.62,-0.37,0.38,-3.42,1.50,1.98,-3.90,1.14,0.97,,6.29,6.52,5.66,3.12,6.10,5.30,2.70,6.39,-4.98,1.82,2.91,2.20,3.21,3.31,2.59,2.94,-3.50,-2.37,-5.68,3.61,4,4.45,3.30,2.43,2.89,1.99,1.66,3.91,3.66,3.40,1.05,2.39,2.74,2.50,2.74,3.10,0.52,1.60,-0.60,-5.41,-0.78,-2.91,3.42,3.20,3.40,-0.73,3.49,-0.19,5.53,2.79,3.24,5.22,5.30,5.01,3.60,4.99,4.40,3.20,4.45,3.73,5.92,2.69,4.56,5.30,5.17,5.86,-0.16,4.14,4.08,4.60,3.72,4.77,1.73,2.96,1.79,2.25,1.61,1.53,5.03,3.79,,4.47,4.83,4.40,3.18,3.03,3.15,1.37,2.52,2.21,2.08,2.24,2,1.87,2.06,,1.40,2.24,0.73,0.94,1.14,3.83,4.50,3.40,3.75,2.76,1.50,,2.20,-8.10,5.90,3.40,2.60,,,,,,,3.90,4.30,,3.60,6,3.20,3.51,,,,,,,,3.80,3.80,3.20,2.30,2.20,,,,,3,,2.80,2.50,2,3.80,2.30,,,2.20,,,1.40,,,2.90,3.60,3.80,4.70,2.90,3.40,
2008-12-09 12:40,4.50,3.41,1.91,1.70,-1.75,5.12,4.54,4.20,-0.07,5.29,2.11,2.80,-2.30,-0.38,1.54,-0.43,0.37,-3.60,1.60,1.95,-4.18,1.29,1.09,,6.18,6.29,5.55,3.06,6.27,5.40,2.03,6.18,-5.06,1.97,3.03,2.34,3.27,3.23,2.47,2.80,-3.70,-2.62,-5.67,3.59,3.70,4.27,3.40,2.35,2.74,1.82,1.50,4.03,3.43,3.78,1.09,2.46,2.52,2.50,2.61,3.17,0.59,1.40,-0.50,-5.43,-0.84,-2.97,3.16,3.02,3.40,-0.66,3.25,-0.10,5.42,2.75,3.13,5.15,5.30,4.95,3.60,4.70,4.35,3.30,4.51,3.56,6.13,2.80,4.65,5.30,5.22,5.73,-0.27,3.98,3.78,4.60,4.19,4.76,1.83,3.06,1.81,2.37,1.42,1.38,5.26,3.98,,4.64,4.73,4.50,3.26,3.09,3.16,1.54,2.70,2.15,1.90,2.20,1.90,1.84,2,,1.40,2.27,0.72,1.02,1.13,3.69,4.60,3.37,3.49,2.71,1.60,,2.10,-8.20,5.70,3.40,2.50,,,,,,,3.60,4.30,,3.40,6.10,3.30,3.56,,,,,,,,3.70,3.80,3.20,2.30,2.30,,,,,2.90,,2.80,2.60,2,4,2.40,,,2.20,,,1.40,,,2.80,3.60,3.80,4.60,2.90,3.40,
2008-12-09 12:50,4.50,3.39,1.74,1.64,-1.71,5.23,4.34,4.20,-0.26,5.08,2.11,2.74,-2.22,-0.79,1.26,-0.17,0.30,-3.74,2.20,1.64,-4.33,1.36,1.24,,5.89,6.26,5.46,2.98,6.35,5.40,1.35,5.95,-5.05,2.03,3.03,2.51,3.31,3.57,2.30,2.80,-3.50,-2.66,-5.63,3.42,3.50,4.37,3,2.15,2.59,1.66,1.67,4.20,3.43,3.92,1.17,2.30,2.32,2.80,2.46,3.01,0.76,1,-0.29,-5.40,-0.89,-3.03,2.99,2.92,3.20,-0.97,3.20,0.05,5.30,2.59,3.25,5.18,5.80,4.77,3.40,4.64,4.42,3.30,4.25,3.49,6.03,2.67,4.58,5.40,5.28,5.90,-0.10,3.68,3.64,4.60,4.28,4.79,1.82,3,1.82,2.41,1.36,1.28,5.43,4.14,,4.48,4.54,4.50,3.26,3.28,3.17,1.60,2.71,2.07,1.81,2.15,1.80,1.82,1.93,,1.50,2.18,0.70,0.85,1.01,3.73,4.50,3.44,3.29,2.76,1.60,,1.70,-8,5.60,3.40,2.50,,,,,,,3.60,4.30,,3.50,6.30,3.60,3.68,,,,,,,,3.70,3.80,3.20,2.30,2.30,,,,,2.80,,2.80,2.60,2.10,3.90,2.50,,,2.20,,,1.50,,,2.60,3.60,3.70,4.60,2.90,3.40,
2008-12-09 13:00,4.70,3.25,1.77,1.64,-1.81,5.24,4.26,4.10,-0.60,5,2.10,2.72,-2.29,-1.40,1.21,-0.12,0.26,-3.87,2.50,1.88,-4.35,1.15,1.37,,5.85,6.02,5.37,3.03,6.24,5.20,1.52,5.78,-5.11,2.01,2.93,2.67,3.03,3.62,2.03,2.59,-3.60,-2.69,-5.63,3.20,3.40,4.35,3.10,1.95,2.89,1.67,1.92,4.10,3.30,4.04,1.22,2.27,2.24,2.80,2.34,2.86,0.67,0.70,-0.23,-5.39,-0.88,-2.94,2.91,2.71,3,-1.12,3.08,-0.04,5.26,2.40,3.15,5.35,5.90,4.72,3.40,4.60,4.33,3.20,4.23,3.49,6.21,2.57,4.62,5.20,5.39,6.01,-0.13,3.65,3.64,4.60,3.95,4.96,1.86,3.14,1.84,2.45,1.28,1.27,5.46,3.95,,4.45,4.12,4.30,3.15,3.58,3.15,1.65,2.73,2.04,1.77,2.13,1.80,1.62,1.98,,1.50,2.38,0.72,0.84,1.06,3.71,4.50,3.52,3.26,2.72,1.60,4.50,1.70,-8,5.60,3.30,2.70,2.70,2.80,-3.50,2.50,5.20,4.80,3.60,4.40,4.80,3.60,6.20,3.40,3.40,2,3.70,5,4.40,5.10,3.80,4.10,3.70,3.70,3.20,2.30,2.40,4.20,2.30,3.10,3.70,2.70,3.60,2.80,2.60,2.10,3.30,2.70,1.40,0.30,2.20,2.80,2.80,1.60,2.20,1.90,2.60,3.60,3.70,4.60,2.80,3.40,0.80
2008-12-09 13:10,4.60,3.24,1.82,1.59,-1.73,5.38,4.15,3.70,-0.77,4.94,2.13,2.73,-2.30,-1.84,0.74,0.04,0.09,-3.80,2.40,2.09,-4.46,0.89,1.43,,5.89,5.75,5.08,3,6.17,5.20,1.63,5.67,-5.24,1.93,2.91,2.45,2.79,3.56,1.92,2.69,-3.90,-3.20,-5.74,2.89,3,4.16,3.10,1.84,2.27,1.85,1.91,3.68,3.17,4.10,1.27,2.23,2.17,2.70,2.25,2.58,0.31,0.60,-0.55,-5.30,-0.87,-2.87,3.02,2.49,3,-1.30,2.34,-0.24,5.03,2.42,2.97,5.48,6.30,4.58,3.40,4.45,4.25,3.40,4.35,3.15,6,2.51,4.66,5.20,5.44,5.72,-0.34,3.86,3.85,4.70,3.89,4.94,1.76,3.09,1.92,2.53,1.21,1.30,5.45,3.84,,4.44,4.05,4.30,3.26,3.56,3.20,1.69,2.75,1.91,1.58,2.12,1.70,1.47,2,,1.50,2.34,0.71,0.95,1.15,3.81,4.40,3.55,3.30,2.65,1.60,,1.40,-8,5.50,3.40,2.70,,,,,,,3.70,4.40,,3.60,6.20,3.40,3.47,,,,,,,,3.60,3.60,3.20,2.30,2.40,,,,,3,,2.80,2.60,2.10,3.30,2.70,,,2.20,,,1.60,,,2.60,3.50,3.70,4.60,2.80,3.40,
2008-12-09 13:20,4.50,3.23,1.67,1.58,-1.74,5.50,3.92,3.40,-0.99,4.91,1.93,2.68,-2.25,-2.08,-0.02,0.01,0.12,-3.83,2.40,2.04,-4.47,0.81,1.33,,5.95,5.55,4.92,2.69,5.84,5,1.80,5.48,-5.36,1.63,2.74,2.42,2.72,3.19,1.84,2.55,-4.40,-3.19,-5.84,2.61,1.80,4.04,2.80,1.73,2.13,1.83,1.84,3.42,3.09,4.10,1.14,2.20,1.74,2.60,2.11,2.50,0.09,0.50,-0.64,-5.28,-1.03,-2.86,3,2.52,2.90,-1.70,1.62,-0.20,4.78,2.39,2.77,5.44,6.80,4.51,3.40,4.16,4.11,3.50,4.05,3,5.73,2.46,4.45,5.10,5.34,5.93,-0.52,3.58,3.95,4.80,4,4.91,1.75,3.05,1.91,2.58,1.11,1.30,5.21,3.77,,4.36,3.95,4.20,3.36,3.52,3.15,1.68,2.69,1.81,1.47,2.09,1.70,1.41,1.99,,1.60,2.40,0.74,0.78,1.21,3.73,4.40,3.43,3.32,2.69,1.60,,1.30,-8,5.60,3.30,2.60,,,,,,,3.50,4.40,,3.50,5.80,3.30,3.27,,,,,,,,3.60,3.40,3.20,2.30,2.40,,,,,2.90,,2.80,2.60,2.10,3.20,2.70,,,2.20,,,1.60,,,2.70,3.50,3.60,4.60,2.80,3.30,
2008-12-09 13:30,4.30,3.22,1.58,1.42,-1.75,5.49,3.79,3.20,-1.26,4.81,1.97,2.61,-2.16,-2.22,-0.33,0.01,0.03,-3.67,2.30,1.70,-4.65,0.74,1.12,,5.92,5.43,4.82,2.73,5.04,4.60,2.14,5.33,-5.40,1.57,2.52,2.39,2.42,3.15,0.82,2.21,-4.70,-3.06,-5.68,2.49,1.10,4,2.90,1.67,1.60,1.81,2.16,3.32,2.91,4.03,1.11,2.27,1.46,2.70,1.81,2.44,0.09,0.40,-0.76,-5.35,-1.07,-2.91,2.66,2.58,2.80,-2.08,1.34,-0.53,4.47,2.12,2.83,5.50,7.10,4.40,3.30,3.97,4.10,3.60,3.78,2.93,5.75,2.44,4.17,5.10,5.24,5.85,-0.54,3.32,3.82,4.70,4,4.98,1.59,3.04,1.89,2.62,1.13,1.42,4.77,3.72,,4.42,4.08,4.20,3.17,3.25,3.10,1.63,2.74,1.87,1.47,2.07,1.70,1.29,1.97,,1.70,2.45,0.64,0.90,1.28,3.78,4.40,3.36,3.12,2.60,1.70,,1,-8.10,5.70,3.10,2.60,,,,,,,3.30,4.20,,3.50,5.60,3.30,3.21,,,,,,,,3.30,3.30,3.20,2.20,2.40,,,,,2.60,,2.80,2.60,2.10,3.10,2.70,,,2.20,,,1.60,,,2.50,3.60,3.50,4.60,2.80,3.30,
2008-12-09 13:40,4.20,3.12,1.44,1.42,-1.70,5.39,3.63,3.10,-1.47,4.60,1.93,2.49,-2.19,-2.21,-0.82,-0.01,-0.14,-3.80,1.90,1.21,-4.76,0.70,0.76,,5.86,5.35,4.64,2.59,4.44,4.30,2.16,5.05,-5.38,1.55,2.13,2.25,2.01,2.90,0.13,1.59,-4.70,-2.90,-5.73,2.12,-0.30,3.82,2.60,1.60,1.16,1.66,1.74,3.30,2.73,3.83,1.03,2.19,1.33,2,1.61,2.17,-0.02,0.40,-0.89,-5.36,-1.09,-2.88,2.67,2.56,2.70,-2.24,1.10,-0.70,4.28,1.82,2.62,5.59,7.10,4.17,3.30,3.75,3.97,3.40,3.55,2.94,5.55,2.51,4.05,4.60,5.07,5.67,-0.34,3.14,3.66,4.50,3.91,4.77,1.69,3.05,1.84,2.70,1.22,1.43,4.23,3.41,,4.34,4.27,4,2.99,2.96,3.09,1.60,2.57,1.81,1.42,2.01,1.60,1.19,1.93,,1.70,2.46,0.76,0.66,1.27,3.82,4.30,3.29,3.21,2.74,1.70,,0.70,-8.10,5.60,3.10,2.60,,,,,,,3.40,4.10,,3.50,5.50,3.30,3.11,,,,,,,,3,3,3.20,2.20,2.40,,,,,2.40,,2.70,2.60,2.10,2.80,2.70,,,2,,,1.60,,,2.50,3.60,3.30,4.50,2.70,3.30,
2008-12-09 13:50,4,2.95,1.37,1.33,-1.71,5.22,3.46,3,-1.48,4.59,1.76,2.40,-2.21,-2.37,-1.21,-0.06,-0.32,-3.68,1.50,0.88,-4.91,0.75,0.35,,5.87,5.23,4.44,2.36,3.61,3.80,2.16,4.97,-5.45,1.53,1.96,2.14,1.39,2.76,-0.27,0.95,-4.70,-3.02,-5.93,1.56,-0.90,3.59,2.30,1.52,1.24,1.57,1.20,3.17,2.60,3.70,0.94,2.01,1.22,1.40,1.22,2.16,-0.07,0.50,-1.03,-5.46,-1.11,-2.81,2.44,2.46,2.80,-2.35,1.11,-0.75,4.04,1.85,2.14,5.06,6.70,4.01,3.20,3.57,3.58,3.30,3.46,2.84,5.19,2.35,3.84,4.40,4.81,5.41,-0.28,3.01,3.42,4,3.70,4.59,1.73,3,1.85,2.76,1.22,1.56,3.62,3.16,,4.14,4.38,3.70,2.75,2.76,3.04,1.62,2.35,1.75,1.35,1.99,1.40,1.03,1.87,,1.80,2.54,0.77,0.70,1.30,3.87,4.20,3.21,3.05,2.68,1.70,,0.20,-8.20,5.30,3,2.20,,,,,,,3.30,3.70,,3.20,5.20,3.30,2.98,,,,,,,,2.90,2.50,3.20,2.20,2.40,,,,,2.30,,2.70,2.60,2.10,2.50,2.60,,,1.90,,,1.60,,,2.50,3.50,3.20,4.40,2.70,3.20,
2008-12-09 14:00,3.80,2.95,1.24,1.26,-1.70,4.91,3.27,3,-1.28,4.20,1.56,2.24,-2.28,-2.99,-1.38,-0.02,-0.40,-3.75,1.20,0.34,-5.01,0.62,0.12,,5.77,5.19,4.17,2.30,2.77,3.40,1.88,4.64,-5.52,1.20,1.57,2.02,1.08,2.68,-0.59,0.44,-4.80,-2.57,-5.81,1.95,-1.40,3.33,2.10,1.41,0.84,1.33,0.61,2.96,2.30,3.52,0.75,1.90,1.10,1,1.30,2.04,-0.11,0.30,-1.13,-5.41,-1.09,-2.92,2.50,2.27,2.50,-2.45,1.07,-0.73,3.55,1.45,1.77,4.64,6.10,3.94,3,3.29,3.47,3.20,3.28,2.61,4.21,2.23,3.66,4,4.39,5.10,-0.34,2.63,3.14,3.30,3.29,4.36,1.62,3.12,1.94,2.65,1.12,1.47,3.32,2.98,3.42,3.77,4.21,3.50,2.68,2.52,3.02,1.59,2.29,1.62,1.38,2.01,1.30,1.09,1.83,,1.80,2.62,0.81,1.07,1.23,3.86,4.30,3.15,2.87,2.68,1.70,4.30,-0.20,-8.30,5.30,2.80,1.90,3.40,1.80,-4.40,1.80,4.50,4.20,3.10,3.50,3.80,2.30,4.90,3.20,3,,2.80,3.40,3.30,3.30,4.20,3.70,2.70,2.40,3.10,2.20,2.40,3.20,2,2.70,2.70,2.10,3.40,2.60,2.60,1.80,2.40,2.30,1,0.30,1.70,2.70,,1.60,2.20,1.90,2.60,3.40,3,4.50,2.60,3.10,1.10
2008-12-09 14:10,3.50,2.88,1.01,1.20,-1.72,4.66,3.18,3,-1.52,3.39,1.45,2.02,-2.32,-2.59,-1.38,-0.17,-0.78,-3.45,0.70,-0.56,-5.10,0.51,-0.16,,4.81,4.90,3.75,2.02,2.08,3.10,1.88,4.24,-5.48,1.14,1.26,2.15,0.43,2.33,-0.84,-0.02,-5,-2.83,-5.78,1.85,-2.40,3.07,1.50,1.37,0.61,1.10,-0.26,2.62,2.09,3.29,0.51,1.70,1.09,0.90,1.16,1.73,-0.16,0.30,-1.19,-5.44,-1.13,-2.78,2.47,2.36,2,-2.52,1.25,-0.85,3.79,1.03,1.42,4.37,5.50,3.58,2.90,3.10,3.19,3,3.14,2.57,3.19,2.06,3.45,3.70,4.13,4.93,-0.34,2.37,2.81,2.80,2.80,3.76,1.59,3.04,1.78,2.54,1.22,1.50,3.11,2.83,3.32,3.23,3.79,3.20,2.35,2.12,2.95,1.59,2.23,1.68,1.25,1.95,1.20,1.10,1.82,,1.90,2.69,0.80,0.90,1.13,3.78,4.20,3.13,2.89,2.49,1.70,,-0.60,-8.30,5.20,2.50,1.60,,,,,,,2.90,3.40,,2.30,4.50,3.20,2.61,,,,,,,,2.60,2.50,3.10,2.20,2.40,,,,,2,,2.60,2.60,1.80,2.40,2.30,,,1.80,,,1.70,,,2.50,3.30,3,4.50,2.50,3.10,
2008-12-09 14:20,3.40,2.80,1,1.07,-1.83,4.36,2.89,3,-1.77,2.66,1.11,1.83,-2.33,-2.70,-1.64,-0.58,-0.76,-3.55,0.40,-1.75,-5.21,0.59,-0.51,,4.33,4.63,3.67,1.92,1.71,2.80,1.60,3.68,-5.45,0.87,0.80,1.42,0.20,1.94,-1.35,-0.56,-5.30,-3.35,-5.74,1.79,-2.50,2.77,1.20,1.27,-0.07,1.02,-0.56,2.28,1.83,2.90,0.39,1.44,0.93,0.80,0.94,1.61,-0.19,0.20,-1.35,-5.40,-1.21,-2.77,2.70,2.47,1.60,-2.31,1.71,-0.73,4.08,0.33,1.33,3.83,4.60,2.94,2.80,2.75,3.03,2.80,2.71,2.37,2.30,1.80,3.22,3.10,3.91,4.60,-0.34,1.93,2.71,2.30,2.27,3.05,1.58,2.86,1.52,2.58,1.23,1.33,2.68,2.53,3.09,2.67,3.34,3,1.96,1.93,2.90,1.50,2.13,1.60,1.33,1.85,1.10,1.09,1.87,,1.90,2.56,0.92,0.90,1.08,3.72,4,3.14,3,2.43,1.80,,-0.70,-8.50,4.90,2.10,1.10,,,,,,,2.70,2.60,,2,3.90,3,2.40,,,,,,,,2.40,2.50,3,2.10,2.40,,,,,1.70,,2.50,2.50,1.70,2.10,2.20,,,1.70,,,1.70,,,2.40,3.10,2.70,4.40,2.40,3.10,
2008-12-09 14:30,3.20,2.75,1.16,1.09,-1.95,4.16,2.74,3,-1.95,2.16,0.55,1.64,-2.32,-3.09,-1.55,-0.96,-1.01,-3.79,0.10,-2.43,-5.32,0.65,-1.11,,3.70,4.43,3.22,1.88,1.34,2.30,1.83,3.26,-5.61,0.42,0.30,0.58,-0.26,1.10,-1.60,-0.97,-5.70,-3.27,-5.89,1.64,-3.30,2.48,0.80,1.26,-0.65,0.89,-0.97,2.08,1.53,2.56,0.13,1.19,0.85,0.60,0.86,1.28,-0.24,0.10,-1.48,-5.46,-1.17,-2.77,2.74,2.17,2.20,-2.48,1.29,-0.74,3.78,-0.49,1.40,3.91,3.70,2.61,2.60,2.16,2.96,2.50,2.50,1.91,1.76,1.66,3.12,2.50,3.59,4.32,-0.36,1.39,1.96,2,1.68,2.23,1.53,2.73,1.37,2.50,1.23,0.98,1.92,2.47,2.90,2.47,2.77,2.70,1.83,1.41,2.87,1.51,2.04,1.55,1.14,1.78,1,1.02,1.81,,2,2.41,0.89,1.14,0.82,3.68,3.90,3.06,3.06,2.49,1.80,,-1.30,-8.60,4.30,2,0.90,,,,,,,2.50,2.40,,1.80,3.40,2.50,2.19,,,,,,,,2.40,2.20,2.90,2.10,2.30,,,,,1.70,,2.50,2.30,1.60,1.80,2,,,1.80,,,1.70,,,2.50,3,2.50,4.40,2.30,3.10,
2008-12-09 14:40,3,2.74,1.19,1.07,-1.99,3.81,2.54,2.90,-1.71,1.81,0.20,1.42,-2.30,-3.17,-1.46,-1.19,-1.09,-3.91,-0.20,-2.70,-5.44,0.90,-1.63,,2.69,4.17,3.13,1.59,0.92,2.10,1.56,2.87,-5.68,-0.02,-0.45,0.02,-0.28,0.58,-1.78,-1.26,-5.80,-3.46,-5.97,1.39,-3.40,2.33,0.70,0.98,-0.92,0.78,-1.54,1.66,1.39,2.36,-0.25,1.01,0.65,0.50,0.81,1.21,-0.42,0,-1.68,-5.40,-1.17,-2.83,2.81,2.02,2.50,-2.51,1.59,-0.71,3.69,-0.96,1.13,4,3,2.16,2.50,1.78,2.86,2.20,2.05,1.47,1.25,1.25,2.86,2,3.25,3.83,-0.58,0.95,2.39,1.60,1.07,1.74,1.52,2.69,1.17,2.52,1.21,0.53,1.56,2.26,2.64,1.99,2.31,2.40,1.60,0.94,2.78,1.51,1.91,1.58,1.09,1.80,0.90,0.96,1.78,,2.10,2.62,0.84,1.22,0.83,3.74,3.70,3.02,3,2.49,1.90,,-1.50,-8.40,3.60,1.80,1,,,,,,,2.30,2.20,,1.50,2.80,2.10,1.93,,,,,,,,1.80,1.80,2.90,2,2.30,,,,,1.60,,2.50,2.20,1.50,1.60,1.80,,,1.70,,,1.80,,,2.30,2.90,2.30,4.40,2.20,3,
2008-12-09 14:50,2.80,2.56,1.12,1.15,-2.08,3.48,2.46,2.80,-1.83,1.44,0.29,1.37,-2.28,-3.20,-1.22,-1.30,-1.45,-3.72,-0.50,-3.05,-5.65,1.02,-1.97,,2.31,4.09,3.01,1.60,0.60,2.10,1.64,3.03,-5.67,-0.41,-1.06,-0.57,-0.39,0.14,-2.13,-1.28,-5.90,-3.94,-5.94,0.23,-3.60,1.93,0.50,0.82,-0.76,0.62,-1.80,1.58,1.21,2,-0.72,1.08,0.65,0.40,0.91,0.73,-0.70,-0.20,-1.56,-5.41,-1.29,-2.89,2.73,2.01,2.40,-2.66,1.07,-0.67,3.37,-1.38,0.90,4.06,2.20,1.78,2.60,1.66,2.72,1.90,1.19,0.98,0.77,1.07,2.76,1.60,2.86,3.64,-0.60,0.40,2.07,1.20,0.51,1.28,1.52,2.65,1.05,2.53,1.22,0.35,0.73,2.02,2.49,1.65,1.98,2.10,1.30,0.41,2.83,1.51,1.76,1.65,0.53,1.76,0.90,1,1.81,,2.10,2.50,0.99,1.12,0.75,3.84,3.40,2.95,2.96,2.31,1.90,,-1.70,-8.90,3.20,1.60,0.80,,,,,,,2,1.70,,1.30,,1.90,1.78,,,,,,,,2.10,1.80,2.80,2,2.30,,,,,1.70,,2.50,2.20,1.40,1.60,1.60,,,1.70,,,1.80,,,2.30,2.70,2.30,4.30,2.10,3,
2008-12-09 15:00,2.80,2.50,1.18,1.09,-1.98,3.24,2.41,2.70,-1.92,0.97,0.34,1.23,-2.15,-3.20,-1.32,-1.28,-1.69,-3.77,-0.90,-3.44,-5.71,0.95,-2.54,,2.02,3.86,2.78,1.95,0.17,1.80,1.78,2.86,-5.76,-0.76,-1.13,-1.17,-0.78,-0.17,-2.41,-1.56,-5.40,-3.66,-6.14,-0.33,-4.20,1.71,0.40,0.79,-0.72,0.58,-2.02,1.40,0.99,1.62,-1.33,0.95,0.71,0.20,0.78,-0.11,-0.73,-0.40,-1.59,-5.43,-1.39,-2.90,2.64,1.97,2.50,-2.82,0.86,-0.70,3.10,-1.79,0.85,3.81,1.60,1.67,2.50,1.15,2.70,1.70,0.62,0.68,0.14,1.30,2.34,1.50,2.56,3.19,-0.58,-0.08,1.30,0.90,0.12,1,1.52,2.55,1.06,2.47,1.19,0.26,0.69,1.81,2.27,1.37,1.64,1.60,1.47,0.17,2.73,1.52,1.50,1.49,0.30,1.66,0.80,0.91,1.83,,2.20,2.42,0.97,1.14,0.53,3.78,3.20,2.91,2.92,2.25,1.90,2.50,-2,-8.80,2.80,1.60,0.70,,0.50,-4.50,1.50,2.70,2.60,1.90,1.70,2.30,0.70,1.90,1.50,2.10,,1.90,1.70,1.70,0.60,2.70,1.60,2,1.40,2.60,1.90,2.10,2.30,1.20,1.90,1.30,1.70,3.10,2.50,2.10,1.10,1.30,1.40,,-0.80,1.60,2.40,,1.90,1.80,1.50,2.20,2.50,2.20,4.20,2,3,1.30
2008-12-09 15:10,2.70,2.48,1.27,0.97,-2.10,2.95,2.66,2.50,-1.89,0.54,0.06,1.33,-2.12,-3.57,-1.58,-1.10,-1.70,-3.87,-1.20,-3.82,-5.89,0.60,-2.73,,1.69,3.64,2.58,1.95,-0.27,1.50,1.72,2.66,-5.91,-1.46,-1.43,-1.47,-1.15,-0.38,-2.63,-2.01,-5.30,-3.43,-6.18,-0.69,-4.90,1.84,0.50,0.68,-0.90,0.47,-2.49,1,0.85,1.46,-1.67,0.78,0.58,0,0.56,-0.63,-1.04,0,-1.62,-5.35,-1.38,-2.84,2.52,1.94,2.50,-2.82,0.76,-0.57,3.44,-2.22,0.86,3.59,1,1.66,2.30,0.63,2.62,1.60,0.30,0.38,-0.47,0.96,2.36,1.20,2.24,2.84,-0.54,-0.42,0.83,0.50,-0.46,1.09,1.55,2.16,0.86,2.36,1.11,0.12,0.17,1.73,2.30,1.38,1.32,1.30,1.57,-0.02,2.66,1.53,1.31,1.35,0.10,1.67,0.90,0.78,1.74,,2.20,2.64,1.02,1.23,0.43,3.73,3.10,2.87,2.73,2.36,2,,-2.20,-8.70,2.70,1.50,0.50,,,,,,,1.80,1.30,,0.70,1.90,1.50,1.44,,,,,,,,1.70,1.10,2.40,1.90,2.10,,,,,1.50,,2.40,2,1,1.20,1.40,,,1.60,,,1.90,,,2.10,2.40,2.10,4.20,1.90,3,
2008-12-09 15:20,2.50,2.52,1.44,1.03,-2.20,2.75,2.68,2.40,-2.10,0.15,-0.20,1.24,-2.24,-3.58,-1.93,-1.17,-1.77,-3.64,-1.50,-4,-6.16,0.78,-2.92,,1.43,3.29,2.78,1.98,-0.52,1.30,1.26,2.40,-5.83,-2.62,-1.71,-1.41,-1.32,-0.79,-2.80,-1.98,-5.50,-3.32,-6.09,-0.67,-4.90,1.67,0.40,0.63,-1.20,0.31,-2.66,0.64,0.76,1.26,-2.03,0.69,0.51,0.10,0.61,-1.13,-1.32,0,-1.63,-5.35,-1.38,-2.90,2.43,1.91,2.50,-2.79,0.83,-0.36,4,-2.42,0.72,3.08,0.90,1.51,2.30,0.49,2.53,1.40,-0.19,0.05,-0.97,1.06,2.21,0.80,2.01,2.80,-0.59,-0.84,0.40,0.40,-0.91,1.79,1.45,1.85,0.45,2.29,1.15,-0.21,-0.42,1.73,2.28,1.02,0.99,1.20,1.42,-0.21,2.71,1.44,1.17,1.12,-0.16,1.59,0.90,0.70,1.66,,2.20,2.58,1.09,1.34,0.34,3.76,3.10,2.88,2.66,2.13,2,,-2.30,-9,2.60,1.40,0.60,,,,,,,1.60,1,,0.60,1.20,1.10,1.16,,,,,,,,1.30,0.90,2.30,1.90,2,,,,,1.50,,2.40,2.10,0.90,1.30,1.30,,,1.50,,,2,,,1.90,2.30,2.10,4.20,1.90,3,
2008-12-09 15:30,2.50,2.46,1.59,0.94,-2.10,2.70,2.86,1.90,-1.96,-0.04,-0.37,0.89,-2.08,-3.92,-2.05,-1.14,-1.84,-3.65,-1.90,-4.10,-6.31,0.89,-3.28,,1.08,3.07,1.99,1.90,-0.81,1.20,0.45,2.17,-5.81,-3.15,-1.93,-1.72,-1.61,-1.06,-2.90,-2.33,-5.90,-4.24,-5.89,-0.84,-4.60,1.36,0.40,0.60,-1.18,0.40,-2.78,0.23,0.85,1.04,-2.40,0.69,0.53,0.10,0.59,-1.46,-1.23,0,-1.58,-5.39,-1.27,-2.86,2.31,1.76,2.30,-3.05,1.33,-0.25,3.83,-2.11,-0.01,2.41,0.60,1.32,2.20,0.39,2.40,1.30,-0.59,-0.38,-1.25,0.94,2.08,0.50,1.79,2.64,-0.76,-1.23,0.22,0.40,-1.31,1.59,1.44,1.48,0.32,2.32,1.09,-0.32,-0.79,1.63,2.27,0.63,0.84,1,0.94,-0.50,2.56,1.53,1.09,0.95,-0.44,1.44,0.80,0.54,1.73,,2.20,2.40,1.10,1.45,0.19,3.78,3,2.79,2.41,2.16,2,,-2.70,-9,2.30,1.40,0.50,,,,,,,1.40,0.40,,0.10,0.80,0.90,0.99,,,,,,,,1.40,0.90,2.20,1.90,1.90,,,,,1.30,,2.40,2.10,0.80,1.40,1.20,,,1.40,,,2,,,1.70,2.30,1.90,4.10,1.80,3,
2008-12-09 15:40,2.50,2.53,1.70,0.64,-2.20,2.70,2.93,1.70,-1.89,-0.69,-0.55,1,-2.12,-4.23,-2.11,-1.29,-1.53,-3.57,-2,-4.44,-6.23,1.18,-3.33,,0.58,2.92,1.73,1.91,-0.90,1.30,-0.12,2.19,-5.76,-3.32,-2.27,-2.07,-1.74,-1.25,-2.85,-2.33,-5.60,-4.90,-5.53,-1.16,-6.30,1.14,0.40,0.52,-1.05,0.31,-2.94,-0.12,0.66,0.99,-2.55,0.62,0.46,0.10,0.31,-1.31,-1.13,0,-1.57,-5.49,-1.38,-3,2.27,1.60,1.80,-3.33,0.81,0.12,3.91,-2.01,-0.41,2.64,0.40,1.26,2.30,0.16,2.24,1.30,-0.64,-0.64,-1.48,0.78,1.71,-0.10,1.52,2.30,-0.76,-1.51,-0.11,0,-1.74,1.73,1.47,1.28,0.10,2.28,0.97,-0.26,-0.86,1.51,2.05,0.56,0.75,0.80,0.69,-0.73,2.50,1.44,0.95,0.88,-0.49,1.37,0.60,0.51,1.68,,2.30,2.45,1.05,1.41,0.16,3.71,3,2.68,2.34,2.13,2,,-2.70,-9,2.20,1.30,0.40,,,,,,,1.40,0.10,,-0.30,0.40,1.10,0.68,,,,,,,,1,0.60,2,1.90,1.90,,,,,1.10,,2.30,2,0.60,1.40,1,,,1.30,,,2.10,,,1.60,2.20,1.90,3.90,1.60,3,
2008-12-09 15:50,2.60,2.42,1.67,0.61,-2.30,2.58,2.98,2.30,-1.60,-1.04,-0.48,1.12,-2.01,-4,-2.33,-1.28,-1.77,-3.48,-2.30,-4.65,-6.42,1.06,-3.38,,0.20,2.84,1.73,1.75,-1.16,1,-0.11,2.20,-5.91,-3.42,-2.82,-2.19,-1.79,-1.40,-2.92,-2.53,-5.60,-4.72,-5.67,-1.25,-6.60,1.13,0.40,0.64,-1.29,0.35,-3.28,-0.41,0.49,0.89,-2.63,0.68,0.39,0.10,0.40,-1.57,-1.23,0,-1.59,-5.45,-1.40,-2.97,2.14,1.60,1.70,-3.47,2.25,0.14,4.04,-1.89,0.02,3.10,0,1.56,2.20,-0.28,2.01,1.10,-0.80,-0.78,-1.61,0.80,1.47,-0.40,1.29,1.81,-0.81,-1.65,-0.45,-0.20,-1.86,2.01,1.54,0.53,-0.07,2.18,0.67,-0.40,-0.90,1.40,1.77,0.53,0.66,0.70,0.42,-0.73,2.56,1.45,0.79,0.72,-0.52,1.37,0.50,0.34,1.64,,2.30,2.57,1.15,1.48,0,3.62,3,2.62,2.06,2.26,2,,-2.80,-9.10,2.20,1.10,0.50,,,,,,,1.20,-0.30,,-0.60,0.10,0.90,0.54,,,,,,,,0.90,0.30,1.70,2,1.90,,,,,1.10,,2.30,2,0.50,1.30,0.90,,,1.20,,,2.10,,,1.40,2.20,1.80,3.70,1.60,3,
2008-12-09 16:00,2.60,2.41,1.83,0.80,-2.40,2.37,3.04,2.30,-1.62,-1.15,-0.39,1.12,-2.20,-4.21,-2.52,-1.49,-1.97,-3.32,-2.40,-4.51,-6.24,0.84,-3.18,,-0.08,2.82,1.26,1.44,-1.49,0.90,0.48,2.03,-5.90,-3.48,-2.95,-1.88,-2.02,-1.62,-3.14,-2.72,-5.70,-3.79,-5.70,-1.26,-6.50,1.08,0.60,0.58,-1.57,0.31,-3.50,-0.47,0.70,0.90,-2.78,0.64,0.45,-0.10,0.42,-0.82,-1.24,-0.10,-1.70,-5.49,-1.37,-3,2.06,1.41,1.40,-3.48,2.32,0.10,3.86,-1.98,0.57,2.95,-0.40,1.14,2.20,-0.32,1.75,1,-1.15,-1.12,-1.82,0.75,0.94,-0.40,1.14,1.41,-0.81,-1.83,-0.74,-0.30,-2,2.21,1.54,0.35,-0.19,2.29,0.62,-0.26,-0.73,1.24,1.56,0.28,0.45,0.50,0.32,-0.70,2.64,1.57,0.68,0.66,-0.54,1.10,0.40,0.35,1.57,,2.20,2.51,1.21,1.79,-0.07,3.55,2.70,2.48,2.10,2.13,2,1.80,-3,-9,2.10,1.10,0.50,1.30,-0.80,-5.40,0.80,2.30,1.90,1.10,-0.40,-0.10,-0.90,-0.10,0.70,1.10,1.40,1.30,-0.40,0,0.20,2.10,0.90,0.50,0.20,1.50,2,2,1.90,0.40,1.80,0.40,1,2.20,2.30,2,0.80,1.20,0.70,-0.30,-1.10,1,2.40,,2.20,1.60,1.20,1.30,2,1.70,3.30,1.40,2.90,1.40
2008-12-09 16:10,2.60,2.44,2.01,0.90,-2.50,2.26,2.96,2.30,-1.69,-1.18,-0.34,0.92,-2.23,-4.15,-2.55,-1.63,-2.14,-3.08,-2.70,-4.66,-6.06,1,-3.51,,-0.38,2.81,1.57,1.37,-1.64,0.70,1.33,1.26,-5.78,-3.79,-3.14,-1.49,-2.14,-1.81,-3.15,-2.74,-5.50,-3.48,-5.42,-1.59,-6.30,0.92,0.50,0.52,-1.41,0.22,-3.86,-0.88,0.63,0.80,-2.96,0.56,0.53,-0.20,0.47,-0.65,,-0.20,-1.81,-5.49,-1.57,,2.33,1.39,1.20,-3.27,3.56,-0.04,3.86,-2.47,0.44,2.76,-1,0.94,2.10,-0.26,1.67,1.07,-1.26,-1.37,-2.14,0.99,0.78,-0.60,0.83,1.10,-0.58,-2.06,-1.43,-0.40,-2.14,2.14,1.49,0.34,-0.23,2.23,0.49,-0.65,0.60,1.19,1.39,0.35,0.39,0.30,0.30,-0.79,2.63,1.70,0.62,0.68,-0.86,0.88,0.40,0.34,1.56,,2.20,2.43,1.19,1.91,0.05,3.33,2.70,2.28,2.07,2.15,2.10,,-3.50,-9,1.70,1,0.60,,,,,,,0.70,-0.60,,-0.90,-0.10,0.60,0.24,,,,,,,,0,-0.20,1.20,2,2,,,,,1.20,,2.30,2,0.80,1.20,0.70,,,1,,,2.20,,,1.20,1.60,1.60,3.30,1.30,2.90,
2008-12-09 16:20,2.70,2.43,2.13,0.87,-2.50,2.32,2.70,2.10,-1.60,-1.39,-0.64,0.91,-1.83,-4.39,-2.63,-1.66,-2.19,-3.22,-3.10,-5.22,-5.94,1.02,-4.09,,-0.47,2.89,1.10,1.42,-1.80,0.70,1.08,0.07,-5.80,-4.21,-3.32,-1.78,-2.37,-1.87,-2.91,-2.94,-5.90,-3.51,-5.63,-1.52,-5.30,0.94,0.30,0.48,-1.02,0.13,-3.80,-0.59,0.35,0.71,-3.15,0.50,0.56,-0.20,0.50,-0.11,,-0.30,-1.77,-5.57,-1.53,,2.55,1.40,1.30,-3.50,3.12,0.28,3.81,-2.50,0.87,2.65,-1.20,0.96,2.10,-0.01,1.11,0.98,-1.40,-1.60,-2.37,1.33,0.70,-1,0.76,0.95,-0.74,-2.20,-1.69,-0.50,-2.42,2.21,1.43,0.05,-0.43,2.22,0.45,-1.01,0.54,1.30,1.24,0.55,0.39,0.20,0.50,-0.85,2.57,1.76,0.52,0.61,-0.88,0.84,0.40,0.25,1.53,,2.20,2.54,1.22,1.78,-0.28,3.16,2.60,2.21,1.81,2.10,2.10,,-3.60,-9,1.70,1.10,0.40,,,,,,,0.70,-0.70,,-1.30,-0.50,0.60,0.16,,,,,,,,0,0,1,1.90,2,,,,,1,,2.30,1.90,1,0.90,,,,0.80,,,2.20,,,1.20,1.80,1.30,3.10,1.30,2.90,
2008-12-09 16:30,2.70,2.58,2.26,0.90,-2.50,2.08,3.03,2,-1.43,-1.69,-0.77,0.94,-1.60,-4.06,-2.51,-1.61,-2.20,-3.17,-3.50,-5.18,-5.90,0.91,-4.79,,-0.43,2.80,1.35,1.47,-1.92,0.30,1.08,-0.45,-5.79,-4.41,-3.47,-2.06,-2.52,-1.89,-3.13,-3.23,-6.10,-3.52,-5.42,-1.58,-5.10,0.91,0.30,0.46,-1.18,0.07,-3.84,-0.82,0.50,0.71,-3.22,0.53,0.61,-0.30,0.53,-0.30,,-0.20,-1.91,-5.69,-1.44,,2.66,1.23,1.30,-3.75,2.33,0.43,3.31,-2.75,1.81,2.61,-1.20,0.43,2.20,0.20,0.61,0.99,-1.55,-1.72,-2.54,1.56,0.31,-0.70,0.70,1.46,-0.80,-2.37,-1.72,-0.70,-2.57,2.17,1.43,-0.33,-0.48,2.17,0.44,-1.08,0.36,1.50,1.48,0.53,0.32,0.20,0.46,-0.76,2.61,1.80,0.42,0.41,-0.93,0.86,0.40,0.11,1.55,,2.20,2.29,1.30,1.86,-0.30,2.87,2.60,2.04,1.54,1.98,2.20,,-4,-9,2,0.90,0.30,,,,,,,0.70,-0.90,,-1.50,-0.70,0.50,0.15,,,,,,,,0.20,-0.30,1,1.70,2,,,,,1,,2.20,1.90,0.90,0.40,0.60,,,0.60,,,2.20,,,1.10,1.40,1.10,3.10,1.30,2.90,
2008-12-09 16:40,2.80,2.78,2.42,0.76,-2.40,1.95,3.30,2,-1.57,-1.95,-0.52,0.80,-1.54,-4.66,-2.40,-1.56,-2.42,-2.97,-3.80,-5.38,-6.02,0.98,-5.05,,-0.39,2.88,1.35,1.68,-1.98,-0.10,1.64,-0.53,-5.74,-4.72,-3.62,-2.17,-2.62,-2.15,-3.03,-3.12,-5.80,-2.97,-5.41,-1.76,-6.20,1.10,0.30,0.34,-1.41,-0.06,-4.24,-0.62,0.62,0.78,-3.41,0.31,0.60,-0.30,0.59,-0.88,,-0.40,-1.92,-5.75,-1.36,,2.59,0.93,1.10,-3.95,1.61,0.29,2.71,-2.79,1.37,2.67,-1.50,0.06,2.30,0.37,0.25,0.98,-1.66,-1.90,-2.47,0.83,0,-1,0.45,1.81,-0.67,-2.41,-2,-0.80,-2.49,2.15,1.20,-0.65,-0.15,2.06,0.44,-1.15,0.67,1.47,1.54,0.39,0.17,0,0.25,-0.84,2.62,1.88,0.39,0.37,-0.93,0.89,0.40,0.05,1.53,,2.20,2.35,1.45,2.02,-0.27,2.78,2.50,1.92,1.52,1.94,2.10,,-4.10,-9,1.60,0.80,0.50,,,,,,,0.80,-1,,-1.70,-0.50,0.30,0.11,,,,,,,,-0.10,-0.60,0.60,1.60,2,,,,,0.80,,2.20,2,0.90,0.70,0.50,,,0.40,,,2.20,,,1,1.20,1,3.10,1.30,2.80,
2008-12-09 16:50,2.70,2.75,2.42,0.81,-2.50,1.62,3.47,1.80,-1.56,-2.13,-0.39,0.79,-1.59,-4.33,-2.49,-1.79,-2.56,-2.58,-4.20,-5.27,-6.12,1.25,-5.34,,-0.62,2.98,1.69,1.76,-2.10,-0.50,1.25,-0.80,-5.69,-5.41,-3.80,-2.65,-2.88,-2.42,-2.65,-3.25,-5.50,-2.82,-5.59,-1.90,-6.70,0.98,0.10,0.22,-1.47,-0.19,-4.30,-0.37,0.45,0.95,-3.45,0.50,0.59,-0.40,0.62,-1.03,,-0.40,-2.09,-5.82,-1.40,,2.47,0.66,0.70,-3.96,0.77,-0.44,3.38,-2.93,1.55,2.36,-1.70,0.19,2.30,0.51,-0.14,0.88,-1.80,-1.83,-2.46,0.78,-0.57,-1.30,0.42,0.71,-0.61,-2.53,-2.14,-0.80,-2.63,2.06,1.01,-0.84,-0.40,1.98,0.60,-1.17,1.15,1.22,1.64,0.38,0.14,-0.20,0.28,-1.01,2.47,1.91,0.57,0.40,-1.09,0.91,0.30,0.10,1.45,,2.20,2.34,1.45,1.93,-0.18,2.61,2.30,1.96,1.65,1.90,2.20,,-4.30,-8.90,1.20,0.80,0.50,,,,,,,0.70,-1.30,,-1.80,-0.50,0.30,0.04,,,,,,,,-0.30,-0.70,-0.10,1.50,2,,,,,0.50,,2.20,2.10,0.90,0.90,0.50,,,0.20,,,2.20,,,1,1.10,0.80,3,1.30,2.80,
2008-12-09 17:00,2.70,2.79,2.52,1,-2.50,1.38,3.38,1.40,-1.47,-2.21,-0.42,0.82,-1.57,-4.87,-2.41,-2,-2.04,-2.49,-4.30,-5.43,-6.31,1.07,-5.39,,-0.75,3.27,1.91,1.97,-2.26,-0.60,0.14,-0.53,-5.63,-5.85,-4.21,-2.33,-2.66,-2.69,-2.68,-3.51,-5.50,-3.14,-5.58,-2.06,-7.10,0.75,0,0.14,-1.68,-0.25,-4.37,-0.10,0.37,0.95,-3.45,0.57,0.57,-0.50,0.54,-1.31,-1.81,-0.40,-2.12,-5.91,-1.38,,2.55,0.47,0.90,-4.07,0.15,-0.64,3.84,-2.99,1.56,2.14,-1.80,0.45,2.10,0.25,-0.37,0.84,-1.94,-1.47,-2.53,0.98,-0.68,-1,0.31,0.21,-0.65,-2.61,-1.96,-0.90,-2.91,2.09,0.86,-1.06,-0.39,1.90,0.59,-1.51,1.68,1.35,1.69,0.34,0.17,-0.10,0,-1.32,2.47,1.94,0.62,0.28,-1.17,0.81,0.30,0.07,1.47,,2.20,2.35,1.53,1.71,-0.13,2.47,2.20,1.91,1.55,1.71,2.20,1.50,-4.60,-8.70,1,0.80,0.40,0.60,-2.30,-5.20,1.60,1.90,1.70,0.60,-1.90,-1.20,-1.90,-0.80,0.20,0.30,0.50,1,-0.30,-0.90,0,1.30,0.60,-0.10,-0.70,-0.60,1.40,2,1.60,0.10,1.30,0.40,0.20,0.90,2.10,2.10,0.70,1.40,0.40,-0.60,-0.80,0,2.20,2.30,2.20,1.40,0.80,1.10,0.80,0.80,2.60,1.30,2.80,1.60
2008-12-09 17:10,2.70,2.82,2.39,1.15,-2.60,1.46,3.36,0.60,-1.25,-2.25,-0.45,1.24,-1.68,-4.81,-2.57,-1.99,-2.06,-2.52,-4.50,-5.47,-6.16,1.11,-5.35,,-0.66,3.12,2.11,1.93,-2.44,-0.60,-0.44,-0.34,-5.68,-5.96,-4.54,-2.21,-2.80,-2.94,-2.93,-3.81,-5.60,-3.06,-5.77,-2.08,-7.40,0.75,0,0.01,-1.97,-0.35,-4.45,0.10,0.33,0.99,-3.29,0.43,0.54,-0.40,0.66,-1.86,-2.24,-0.60,-2.10,-5.92,-1.46,,2.54,0.45,0.90,-4.11,0.01,-0.87,4.03,-3.04,1.66,1.69,-2,0.86,2.10,0.15,-0.62,0.60,-2.05,-1.42,-2.69,0.72,-0.81,-1.10,0.38,0.13,-0.61,-2.67,-2.17,-0.70,-2.69,2.17,0.64,-1.22,-0.44,1.80,0.41,-1.66,2.39,1.61,1.67,0.16,0.17,-0.10,-0.08,-1.52,2.28,2.04,0.56,0.13,-1.14,0.55,0.30,0.03,1.48,,2.20,2.26,1.53,1.75,-0.19,2.19,2.10,1.84,1.19,1.65,2.20,,-4.70,-8.60,0.70,0.60,0.40,,,,,,,0.30,-2,,-1.90,-0.70,0.20,0.01,,,,,,,,-0.30,-0.90,0.10,1.30,2,,,,,0.20,,2.10,2.10,0.70,1.40,0.40,,,0,,,2.10,,,1.10,0.60,0.40,2.60,1.20,2.80,
2008-12-09 17:20,2.80,2.93,2.43,1.42,-2.70,1.59,3.49,0.20,-0.77,-2.48,-0.21,1.02,-1.67,-4.83,-2.51,-1.85,-2.18,-2.44,-4.80,-5.30,-6.16,1.37,-5.36,,-0.79,2.89,1.66,2.22,-2.62,-0.70,-0.55,0.17,-5.70,-6.02,-4.55,-2.37,-3.16,-3.04,-3.25,-3.87,-5.40,-2.69,-5.28,-2.36,-8.30,0.75,-0.10,-0.07,-1.88,-0.48,-4.79,0.14,0.51,1.04,-3.08,0.43,0.54,-0.40,0.47,-2.26,-2.33,-0.50,-2.10,-5.84,-1.44,,2.53,0.37,0.90,-3.88,-0.49,-1.06,4.27,-2.57,1.50,2.77,-2.20,0.56,2,0.13,-0.65,0.50,-2.23,-1.69,-2.70,0.36,-1.02,-1.40,0.17,0.03,-0.50,-2.81,-2.49,-0.90,-2.10,2.24,0.34,-1.28,-0.48,1.58,0.39,-1.72,2.63,1.75,1.52,-0.05,0.09,-0.30,-0.11,-1.53,2.20,2.10,0.61,0.20,-1.20,0.51,0.30,0.12,1.37,,2.10,2.20,1.67,1.76,-0.31,1.85,2,1.75,1.23,1.85,2.30,,-4.90,-8.60,0.30,0.50,0.30,,,,,,,0.20,-2.20,,-1.90,-0.50,0.20,0.11,,,,,,,,-0.30,-1,-0.20,1.20,2,,,,,0.10,,2.10,2.20,0.60,1.70,0.40,,,-0.10,,,2.20,,,1.10,0.40,0.40,2.40,1.20,2.80,
2008-12-09 17:30,2.90,2.97,2.28,1.39,-2.80,1.49,3.22,0.10,-1.09,-2.60,0.14,1.10,-1.75,-4.86,-2.86,-1.84,-2.27,-2.39,-5.20,-5.44,-6.14,0.35,-5.48,,-0.91,2.85,1.34,2.07,-2.76,-0.80,-0.14,0.70,-5.54,-6.02,-4.69,-2.30,-3.21,-3.11,-3.57,-3.90,-5.20,-2.66,-5.50,-2.50,-9.10,1.11,-0.20,-0.03,-1.78,-0.57,-5.14,0.10,0.63,1.20,-3.06,0.40,0.47,-0.40,0.43,-2.58,-2.70,-0.40,-2.12,-5.87,-1.46,,2.54,0.23,0.80,-3.89,-0.20,-0.97,4.33,-2.29,1.26,3.75,-2.40,0.32,2,0.48,-0.44,0.40,-2.26,-1.87,-2.63,0.08,-0.76,-1.60,0.10,-0.06,-0.38,-2.95,-2.54,-1.10,-1.74,2.23,0.29,-1.35,-0.57,1.53,0.32,-1.82,2.55,1.66,1.49,-0.08,0.15,-0.30,-0.17,-1.29,2.11,2.12,0.53,0.30,-1.20,0.58,0.10,0.03,1.41,,2.10,2.11,1.67,1.91,-0.28,1.51,1.90,1.73,1.12,1.79,2.30,,-5,-8.30,0.10,0.30,0.40,,,,,,,0,-2.20,,-2,-0.20,0.10,0.07,,,,,,,,-0.50,-1.10,-0.40,1.10,1.90,,,,,0.20,,2,2.20,0.60,1.90,0.40,,,-0.20,,,2.20,,,1.10,0.60,0.30,2.20,1.10,2.70,
2008-12-09 17:40,3.10,3.02,2.22,1.22,-2.70,1.32,3.23,-0.40,-0.95,-2.71,0.34,0.99,-1.68,-4.91,-2.56,-1.98,-2.17,-2.53,-5.50,-5.54,-5.99,0.37,-5.99,,-0.78,2.70,1.52,1.72,-2.75,-1,0.13,0.87,-5.27,-6.17,-4.84,-2.24,-3.24,-3.26,-3.71,-4.08,-5,-3.76,-5.41,-2.55,-8.20,0.95,-0.30,-0.08,-1.69,-0.64,-5.15,0.04,0.48,0.97,-3.07,0.38,0.40,-0.50,0.54,-2.61,-2.86,-0.30,-2.19,-5.75,-1.42,,2.66,0.12,0.70,-3.93,-0.53,-1.16,4.10,-2.38,1.19,3.89,-2.50,0.68,2.08,0.56,-0.60,0.40,-2.35,-1.91,-2.87,-0.32,-0.65,-1.90,-0.08,0.09,-0.31,-3.07,-2.56,-1,-1.49,2.05,0.31,-1.55,-0.38,1.43,0.17,-2,2.07,1.43,1.54,-0.47,0.06,-0.40,-0.29,-1.25,1.89,2.10,0.46,-0.06,-1.20,0.45,-0.10,-0.16,1.36,,2.10,2.17,1.69,1.87,-0.52,1.31,1.60,1.70,1.02,1.77,2.30,,-5.10,-8.30,-0.10,0.40,0,,,,,,,-0.10,-2.20,,-1.80,0.10,0.10,-0.01,,,,,,,,-0.60,-1.20,-0.50,0.80,1.80,,,,,0.10,,2,2.20,0.50,1.80,0.50,,,-0.30,,,2.20,,,1,0.50,0.30,2,1,2.70,
2008-12-09 17:50,3,2.96,2.31,1.24,-2.70,1.32,3.20,-0.30,-0.73,-2.89,0.45,0.95,-1.70,-5.03,-2.17,-2.15,-2.60,-2.53,-5.60,-5.57,-5.88,0.68,-5.87,,-0.42,2.53,1.36,1.74,-2.90,-1,0.81,0.91,-5.13,-6.38,-5.10,-2.19,-3.38,-3.41,-3.83,-4.09,-5.40,-3.06,-5.35,-2.86,-8.90,0.93,-0.40,-0.15,-1.45,-0.75,-5.03,0.13,0.50,0.79,-2.83,0.35,0.37,-0.50,0.39,-2.98,-2.95,-0.30,-2.25,-5.85,-1.38,,2.58,0.17,0.70,-4.03,-0.71,-1.22,3.87,-2.24,1.11,3.55,-2.60,0.49,2.07,0.39,-0.57,0.30,-2.37,-1.56,-2.97,-0.81,-0.15,-1.80,-0.13,-0.14,-0.29,-3.06,-2.85,-1.10,-1.40,2.02,0.12,-1.78,-0.34,1.26,0.01,-2.23,1.84,1.56,1.52,-0.68,-0.02,-0.30,-0.37,-1.16,1.77,2.14,0.31,-0.13,-1.39,0.27,-0.30,-0.41,1.21,,2.10,2.28,1.77,2.09,-0.55,1.36,1.50,1.65,1.37,1.75,2.30,,-5.50,-8.40,-0.10,0.30,-0.10,,,,,,,-0.20,-2.20,,-1.80,0.40,0,-0.08,,,,,,,,-0.50,-1.30,-0.50,0.60,1.70,,,,,0.10,,1.90,2.20,0.50,1.60,,,,-0.40,,,2.10,,,0.90,0.30,0.20,2.10,1,2.60,
2008-12-09 18:00,3,3.07,2.27,1,-3,1.48,3.37,-0.30,-0.58,-2.92,0.26,0.83,-1.81,-4.71,-2.02,-2.24,-3,-2.51,-6,-5.78,-5.89,-0.36,-5.63,,0,3,2.15,1.92,-3,-1,-1,1,-5.15,-5,-5.34,-2,-3,-3,-3,-4,-5,-3,-6,-3,-9.10,0.83,0,-0.25,-1.36,-0.83,-5,1,0.52,0.64,-2.82,1,0,-1,0,-2.96,-2.79,0,-2.35,-5.85,-1.39,,2.53,0.12,0.50,-4.03,-0.84,-1.33,3.33,-1.76,0.72,3.72,-2.60,0.36,2.01,0.76,2,0.20,-2.52,-1.14,-3.02,-1.07,-3,-1.90,0.18,-0.16,-0.39,-3.25,-3,-1.10,-1.25,2.09,-0.10,-1.72,-0.19,1.17,-0.43,-2.23,1.39,1.36,1.48,-0.65,-0.04,-0.20,-0.38,-1.10,1.59,2.10,0.17,-0.22,-1.47,0.26,-0.50,-0.54,1.07,,2.10,2.33,1.77,1.94,-0.53,4.60,1.50,1.54,1.40,1.69,2.20,3,-6,-8,-0.40,0.20,-0.30,0.60,-2.40,-4.70,1.30,1.70,1.80,-0.40,-2,-2.70,-2.10,0.90,-0.10,0.20,-0.30,0.80,-0.40,-0.40,-0.60,0.80,0.60,-0.50,-1.10,-0.50,0.50,1.80,1.50,-0.20,0.80,-0.40,0.20,-0.80,1.90,2.20,0.40,1.60,0.30,-0.30,-1,-0.40,2.10,1.90,2.10,1.20,0.70,0.90,0.20,0.20,2.10,0.80,2.60,1.80
2008-12-09 18:10,3,3.04,2.24,0.59,-2.60,1.39,3.68,0,-0.41,-2.91,-0.17,0.82,-1.78,-4.67,-2.12,-2.50,-2.68,-2.53,-5.80,-5.72,-5.87,-0.02,-5.64,,0.18,2.73,2.35,1.89,-2.96,-0.80,0.14,0.69,-4.85,-6.86,-5.31,-3.11,-3.42,-3.58,-4.09,-4.15,-5,-3.06,-5.50,-2.81,-8.40,0.78,-0.40,-0.22,-1.30,-0.83,-5.46,0.37,0.54,0.60,-2.11,0.24,0.39,-0.50,0.16,-2.82,-2.07,-0.30,-2.37,-5.89,-1.46,,2.59,0.06,0.30,-3.94,-0.98,-1.48,2.56,-1.60,0.71,3.82,-2.30,0.53,1.80,0.85,-0.28,0.10,-2.30,-1.24,-3.09,-1.23,-0.64,-2.10,0.27,-0.20,-0.36,-3.37,-2.95,-1.30,-1.30,1.94,-0.16,-1.74,-0.17,1.17,-0.58,-2.42,0.82,0.87,1.35,-0.66,-0.14,-0.20,-0.42,-1.22,1.43,2.14,0.08,-0.02,-0.91,0.25,-0.60,-0.59,0.84,,2.10,2.36,1.74,2.02,-0.48,1.33,1.20,1.40,1.25,1.51,2.20,,-5.90,-8.50,-0.70,0.20,-0.30,,,,,,,-0.70,-2.40,,-2.10,0.80,-0.10,-0.19,,,,,,,,-0.50,-1.10,-0.90,0.20,1.70,,,,,0.20,,1.90,2.20,0.40,1.60,0.30,,,-0.50,,,2.10,,,0.90,0.10,0.20,2,0.70,2.40,
2008-12-09 18:20,2.90,3.05,2.21,0.46,-2.60,1.44,3.81,0.70,-0.48,-3.01,-0.50,0.91,-1.81,-4.71,-2.28,-2.65,-2.76,-2.33,-5.90,-5.54,-5.87,-0.64,-5.88,,0.48,2.80,3.17,1.53,-3.06,-0.70,0,0.46,-4.75,-6.95,-5.44,-3.24,-3.57,-3.64,-4.23,-4.09,-4.70,-3.02,-5.39,-2.70,-8.90,0.54,-0.50,-0.22,-1.09,-0.71,-5.46,0.29,0.30,0.75,-2.30,0.33,0.35,-0.60,0.20,-2.98,-2.13,-0.40,-2.40,-5.84,-1.46,,2.52,0.10,0.40,-3.91,-1.09,-1.41,1.91,-0.86,1,3.79,-2.60,0.29,1.80,0.43,-0.32,0.10,-2.41,-1.64,-3.12,-1.43,-1.31,-2.30,0.24,-0.47,-0.31,-3.46,-3.04,-1.40,-1.22,1.85,-0.21,-1.93,0,1.09,-0.33,-2.26,0.51,0.54,1.16,-0.86,-0.17,0,-0.59,-1.33,1.38,2.14,-0.03,-0.03,-0.88,0.14,-0.80,-0.71,0.75,,2.10,2.31,1.87,2.18,-0.51,1.16,1.20,1.40,1.18,1.32,2.20,,-5.80,-8.40,-0.90,0,-0.30,,,,,,,-0.80,-2.90,,-2.10,1,-0.20,-0.11,,,,,,,,-0.50,-1.20,-1,-0.10,1.70,,,,,0,,1.90,2.10,0.40,1.50,0.30,,,-0.50,,,2.10,,,0.80,0.10,0.30,1.90,0.60,2.30,
2008-12-09 18:30,2.90,2.99,2.19,0.32,-2.70,1.20,3.83,0.90,-0.39,-2.97,-0.83,0.78,-1.74,-4.82,-2.58,-2.59,-2.90,-2.27,-5.90,-5.41,-6,-0.69,-6.12,,0.87,3.20,3.23,1.49,-3.08,-0.80,-0.22,-0.01,-4.64,-6.89,-5.46,-3.55,-4.13,-3.72,-4.39,-4.13,-4.60,-2.95,-5.35,-1.96,-8.60,0.54,-0.50,-0.22,-0.85,-0.71,-5.54,0.31,0.17,0.67,-2.45,0.39,0.17,-0.50,0.10,-2.45,-2.01,-0.40,-2.31,-5.82,-1.63,,2.50,0.13,0.60,-3.88,-1.32,-1.40,2.08,-0.05,1.01,3.58,-2.70,0.27,1.70,0.61,-0.24,0.10,-2.53,-1.94,-3.25,-1.50,-1.45,-2.40,0.21,-0.52,-0.22,-3.62,-2.97,-1.50,-1.09,1.77,-0.25,-2.12,-0.08,1.20,-0.25,-2.18,0.22,0.31,0.98,-0.89,-0.30,0,-0.59,-1.40,1.11,2.10,0.09,-0.02,-1.08,0.24,-0.90,-0.73,0.73,,2.10,2.10,1.87,2.17,-0.49,0.97,1.10,1.45,1.14,1.29,2.10,,-5.80,-8.50,-0.90,-0.10,-0.20,,,,,,,-0.80,-2.90,,-2.10,1,-0.40,-0.11,,,,,,,,-0.70,-1.20,-0.80,-0.20,1.70,,,,,-0.10,,1.90,2.10,0.40,1.50,0.30,,,-0.50,,,2.10,,,0.80,0,0.20,1.70,0.70,2.20,
2008-12-09 18:40,2.90,2.93,2.01,0.48,-2.80,1.51,3.73,0.70,-0.05,-3.02,-0.98,0.69,-1.65,-4.65,-2.75,-2.75,-2.57,-2.21,-5.80,-5.82,-5.84,-0.71,-6.55,,0.78,3.04,3.41,1.44,-3.08,-0.80,-0.55,-0.16,-4.52,-6.96,-5.58,-3.50,-3.95,-3.89,-4.48,-4.25,-4.20,-3.22,-5.38,-1.87,-8.60,0.42,-0.40,-0.30,-0.80,-0.74,-5.93,0.31,0.10,0.65,-2.54,0.39,0.16,-0.50,0.03,-2.35,-1.81,-0.40,-2.46,-5.87,-1.68,,2.58,0.14,0.70,-3.94,-1.56,-1.48,2.33,-0.03,1.10,3.32,-2.40,0.45,1.70,0.51,-0.03,0.30,-2.50,-1.56,-3.57,-1.61,-1.30,-2.40,0.17,-0.62,-0.31,-3.74,-2.98,-1.50,-1.08,1.84,-0.24,-2.14,-0.42,1.25,-0.18,-2.10,0.97,-0.08,0.84,-1.04,-0.39,0,-0.82,-1.71,0.77,2.08,0.13,0.01,-0.92,0.23,-1,-0.85,0.67,,2,2.10,1.87,2.12,-0.52,0.79,1,1.38,1.03,1.39,2.10,,-5.90,-8.70,-1,-0.10,-0.10,,,,,,,-0.80,-3.10,,-2.10,1,-0.40,-0.19,,,,,,,,-0.70,-1.10,-0.60,-0.10,1.70,,,,,-0.30,,1.90,2,0.50,1.60,0.20,,,-0.60,,,2,,,0.90,-0.10,0.20,1.60,0.70,2.20,
2008-12-09 18:50,2.90,2.98,1.92,0.58,-3.20,1.43,3.67,-0.30,0.11,-3.34,-0.78,0.70,-1.79,-4.45,-2.76,-2.70,-2.75,-2.08,-5.90,-5.45,-5.82,-0.98,-6.65,,0.45,3.18,3.21,1.27,-3.05,-0.90,-0.80,-0.69,-4.50,-7.17,-5.87,-3.29,-4.12,-4.15,-4.51,-4.51,-4.50,-3.22,-4.78,-1.44,-9.90,0.21,-0.40,-0.38,-0.91,-0.76,-5.84,0.18,-0.01,0.68,-2.50,0.35,0.05,-0.60,0.07,-2.17,-1.75,-0.50,-2.54,-5.88,-1.83,,2.50,0.21,0.30,-3.93,-1.59,-1.44,2.27,-0.61,1.07,3.15,-2.40,0.51,1.50,0.25,-0.15,0.20,-2.46,-1.87,-3.66,-1.40,-1.16,-2.10,0.07,-0.47,-0.43,-3.83,-3.05,-1.70,-1.44,1.65,-0.38,-2.05,-0.57,1.29,-0.30,-1.93,1.30,-0.05,0.51,-1.14,-0.47,0.10,-0.91,-1.88,0.97,2.12,0.41,-0.07,-1.16,0.13,-1.10,-0.99,0.59,,2,2.18,1.90,2.15,-0.56,0.96,1,1.29,0.92,1.39,2.10,,-6,-8.90,-0.90,-0.10,-0.20,,,,,,,-0.70,-3,,-2.20,1,-0.60,-0.10,,,,,,,,-0.40,-1.10,-0.30,-0.20,1.70,,,,,-0.40,,1.80,2,0.40,1.60,0.10,,,-0.60,,,2,,,0.90,0,0.20,1.60,0.80,2.20,
2008-12-09 19:00,2.90,3.41,2.14,0.84,-3.20,1.29,3.69,0.20,0.18,-3.46,-0.59,0.81,-1.66,-4,-2.75,-2.58,-2.89,-2.22,-5.90,-5.62,-6.11,-1.17,-6.79,,0.33,2.96,3.50,1.44,-3.13,-0.90,-0.95,-0.07,-4.27,-7.51,-6.13,-3.60,-4.08,-4.38,-4.44,-4.64,-4.60,-3.37,-1.47,-1.24,-9.90,-0.09,-0.40,-0.43,-1,-0.75,-5.53,0.10,-0.18,0.64,-2.48,0.09,0.01,-0.60,0.03,-2.25,-1.72,-0.50,-2.62,-5.95,-1.88,,2.38,0.20,0.60,-3.74,-1.65,-1.52,1.79,-0.58,1.20,3.14,-1.90,0.26,1.50,0.20,-0.27,0.10,-2.47,-2.05,-3.83,-1.59,-1.13,-2.40,0.03,-0.61,-0.68,-3.92,-2.95,-1.90,-1.73,1.67,-0.50,-2.27,-0.61,1.26,-0.50,-1.86,1.53,0.26,0.43,-1.23,-0.69,0.20,-0.96,-2.06,0.89,2.13,0.61,-0.14,-1.37,0.05,-1,-1.22,0.58,,2,2.12,1.85,1.87,-0.52,0.74,1,1.26,0.88,1.18,2.10,3.10,-6,-8.90,-1.30,0,-0.10,0.90,-3.40,-5.40,0.90,1.80,1.30,-0.60,-2.90,-2.70,-2.50,1,-1.10,0.10,-0.30,0.50,0.20,-0.70,0.10,0.40,0.60,-0.50,-1.20,-0.30,-0.30,1.70,2,-0.30,0.60,-0.20,-0.20,-1,1.80,2,0.60,1.40,-0.10,,-0.90,-0.90,1.70,1.20,2,,0.40,0.90,0,0.30,1.50,0.80,2.10,2
2008-12-09 19:10,3.10,3.51,2.46,0.97,-3.10,1.30,3.52,-0.50,0.18,-3.40,-0.55,0.74,-1.77,-4.03,-3.12,-2.37,-2.83,-2.11,-6.10,-6.08,-5.74,-0.95,-6.71,,0.41,2.94,3.56,1.60,-3.14,-0.70,-1,-0.12,-4.16,-7.79,-6,-4.12,-4.23,-4.49,-4.23,-4.56,-4.80,-3.23,-0.38,-1.05,-11,-0.04,-0.50,-0.42,-0.95,-0.81,-5.38,0.11,-0.19,0.52,-2.85,0.07,-0.06,-0.60,-0.16,-2.57,-1.67,-0.70,-2.73,,-1.98,,2.48,0.37,0.50,-3.79,-1.77,-1.39,1.85,-0.79,1.05,3.34,-2.30,0.23,1.50,0.30,-0.55,0.20,-2.82,-2.20,-3.81,-1.44,-1.18,-2,-0.17,-0.58,-0.65,-4.01,-3.11,-1.90,-1.97,1.60,-0.47,-2.37,-0.70,1.21,-0.63,-1.96,2.25,0.42,0.38,-1.33,-0.88,0,-1.09,-2.22,0.70,2.12,0.75,-0.15,-1.40,-0.14,-1.10,-1.12,0.53,,2,2.21,1.85,2,-0.47,0.43,1,1.13,0.69,1.22,2.10,,-6.10,-8.90,-1.40,-0.10,-0.10,,,,,,,-0.70,-3.10,,-2.50,1,-1.10,-0.15,,,,,,,,-0.30,-1.30,-0.30,-0.40,1.70,,,,,0,,1.80,1.90,0.70,1.40,-0.10,,,-0.90,,,2,,,0.80,-0.10,0.20,1.40,0.80,2,
2008-12-09 19:20,3.10,3.14,2.60,1.04,-3.10,1.35,3.40,0.10,0.22,-3.19,-1.12,0.76,-1.82,-3.87,-3.37,-2.34,-2.94,-1.95,-6.20,-6.03,-5.36,-0.98,-6.50,,1.12,3.09,3.49,1.78,-2.89,-0.50,-1.02,-1.15,-4.13,-7.82,-6.15,-3.67,-4.49,-4.50,-4.39,-4.55,-5,-3.19,-0.52,-0.81,-9.60,-0.13,-0.50,-0.47,-0.92,-0.92,-5.33,0.21,-0.23,0.47,-3.06,0.03,-0.09,-0.60,-0.34,-2.29,-1.73,-0.70,-2.84,,-1.84,,2.40,0.35,0.20,-3.60,-1.93,-1.45,2.91,-1.27,0.82,3.38,-2.30,1.40,1.50,0.20,-0.17,0.10,-2.86,-2.36,-4.03,-1.73,-1.24,-2,-0.27,-0.68,-0.67,-4.13,-3.17,-2.10,-2.02,1.47,-0.43,-2.38,-0.90,1.12,-0.81,-2.11,2.28,0.78,0.29,-1.30,-0.89,-0.10,-1.13,-2.31,0.56,2.11,0.78,-0.11,-1.34,-0.42,-1.10,-1.20,0.61,,2,2.16,1.86,2.20,-0.46,0.39,1,1.07,0.62,1.18,2,,-6,-8.80,-1.40,-0.20,-0.20,,,,,,,-0.60,-3.10,,-2.60,1,-1,-0.19,,,,,,,,-0.70,-1.20,-0.30,-0.30,1.70,,,,,-0.30,,1.80,1.90,0.80,1.40,-0.20,,,-1,,,2,,,0.80,0,0.20,1.30,0.60,1.90,
2008-12-09 19:30,3,3.34,2.57,1.25,-2.80,1.17,3.45,0.50,0.01,-3.05,-1.53,0.62,-1.94,-3.60,-3.56,-2.22,-2.84,-1.81,-6.40,-6.22,-4.98,-0.93,-6.80,,1.27,3.22,3.42,1.82,-1.89,-0.60,-1.06,-1.56,-4.03,-8.07,-6.35,-3.57,-4.39,-4.59,-4.41,-4.85,-5.10,-3.42,-0.56,-1.04,-9.80,-0.61,-0.60,-0.47,-1.03,-0.97,-5.33,0.28,-0.20,0.27,-3.26,-0.10,-0.07,-0.60,-0.35,-2.71,-1.81,-0.80,-2.89,,-1.90,,2.26,0.14,-0.20,-3.43,-1.93,-1.37,2.73,-1.31,1.09,3.48,-2.40,1.87,1.50,0.18,1.01,0.20,-2.76,-2.46,-4,-1.62,-1.55,-2.10,-0.26,-0.76,-0.71,-4.23,-3.04,-2.10,-1.79,1.35,-0.39,-2.04,-0.94,1,-1.15,-2.19,2.40,0.93,0.19,-1.24,-0.84,-0.10,-1.16,-2.40,0.29,2.07,0.87,-0.21,-1.39,-0.56,-1.20,-1.37,0.49,,2,2.13,1.82,2.04,-0.52,0.25,1,0.85,0.35,1.16,2,,-6.10,-9,-1.40,-0.20,-0.30,,,,,,,-0.90,-3.20,,-2.40,1,-0.90,-0.22,,,,,,,,-0.30,-1.20,-0.30,-0.30,1.60,,,,,-0.50,,1.70,1.90,0.90,1.40,,,,-1,,,1.90,,,0.70,-0.20,0.30,1.20,0.50,1.70,
2008-12-09 19:40,3,3.46,2.61,1.22,-2.90,1.10,3.33,1.60,0.08,-3.20,-0.62,0.43,-1.94,-3.29,-3.39,-2.29,-3.60,-1.84,-6.40,-5.82,-4.94,-1,-6.53,,1.23,3.26,3.39,1.76,-1.09,-0.60,-1.29,-1.67,-3.95,-8.16,-6.41,-3.76,-4.26,-4.68,-4.17,-4.78,-5,-3.38,-0.60,-0.85,-9.20,-0.19,-0.60,-0.45,-1,-1.08,-5.01,0.28,0.07,0.30,-3.13,-0.16,-0.28,-0.60,-0.38,-2.95,-1.80,-0.80,-2.94,,-2.21,,1.85,0.11,-0.30,-3.50,-1.87,-1.36,2.89,-1.56,0.96,3.15,-2.20,2.06,1.50,0.34,1.67,0.20,-2.86,-2.51,-4.22,-1.30,-1.69,-2.30,-0.39,-0.83,-0.41,-4.34,-2.94,-2.10,-1.68,1.33,-0.43,-1.62,-0.94,0.90,-1.33,-2.10,2.38,0.96,0.20,-0.89,-0.90,-0.10,-1.09,-2.47,0.06,2.07,0.75,-0.28,-1.36,-0.52,-1.20,-1.54,0.49,,2,2.17,1.80,1.84,-0.52,0.14,1,0.64,0.50,1.05,2,,-6.40,-9,-1.50,-0.20,-0.20,,,,,,,-0.60,-3.20,,-2.50,1.10,-1.10,-0.15,,,,,,,,-0.50,-1.30,-0.50,-0.20,1.50,,,,,-0.50,,1.70,1.90,0.90,1.40,-0.10,,,-1.10,,,1.90,,,0.70,-0.20,0.30,1.20,0.30,1.80,
2008-12-09 19:50,2.90,3.39,2.49,1.14,-3.10,1.23,3.06,1.90,0.28,-3.45,0.13,0.36,-1.84,-3.20,-3.51,-2.42,-4.18,-1.70,-6.70,-5.72,-4.87,-1.23,-6.56,,1.54,3.38,3.53,1.98,-0.60,-0.80,-1.30,-1.75,-3.95,-8.12,-6.37,-4.34,-4.12,-4.85,-4.13,-4.81,-5.20,-3.12,-0.49,-0.70,-9.20,0.03,-0.60,-0.52,-1.10,-1.07,-5.02,0.32,0.02,0.36,-2.67,-0.19,-0.36,-0.60,-0.49,-3.23,-1.83,-0.90,-3.02,,-2.07,,1.90,0.07,-0.70,-3.45,-1.92,-1.27,3.12,-2.26,0.86,2.75,-2.10,2.07,1.30,0.65,1.89,0.20,-2.88,-2.65,-4.40,-1.13,-2,-2.40,-0.56,-0.85,-0.38,-4.47,-2.85,-2.30,-1.78,1.33,-0.49,-1.50,-0.88,0.80,-1.49,-2.25,2.16,1.13,0.24,-0.81,-1,-0.20,-1.31,-2.34,-0.04,2.02,0.86,-0.32,-1.49,-0.59,-1.20,-1.38,0.60,,1.90,2.17,1.89,1.80,-0.75,0.08,0.90,0.62,0.45,0.90,2,,-6.50,-8.90,-1.70,-0.10,-0.40,,,,,,,-0.60,-3.30,,-2.60,0.90,-1,-0.04,,,,,,,,-0.40,-1.30,-0.70,-0.30,1.40,,,,,-0.40,,1.50,1.90,0.90,1.20,0,,,-1.10,,,1.90,,,0.60,-0.10,0.30,1.30,0.20,1.80,
2008-12-09 20:00,3,3.55,2.47,1.13,-3.20,1.34,2.21,1.90,0.21,-3.52,0.47,0.46,-1.84,-3.20,-2.97,-2.61,-4.23,-1.58,-6.80,-5.88,-5.03,-0.99,-6.65,,1.43,3.58,3.37,2.21,-0.35,-0.90,-1.16,-1.82,-3.79,-8.30,-6.59,-4.42,-4.09,-4.84,-3.83,-4.73,-5.10,-3.08,-0.91,-0.54,-9.40,0.20,-0.70,-0.62,-0.91,-1.13,-5.31,0.11,-0.20,0.09,-1.80,-0.33,-0.41,-0.70,-0.44,-3.48,-1.93,-1,-3.02,,-2.10,,1.82,0.03,-0.90,-3.33,-1.97,-1.32,2.77,-2.55,0.96,2.77,-2,2.20,1.10,1.11,1.89,0.20,-2.93,-2.71,-4.47,-1.14,-2.11,-2.40,-0.57,-0.89,-0.65,-4.73,-3.11,-2.30,-1.41,1.27,-0.60,-1.55,-0.82,0.86,-1.55,-2.39,1.96,1.18,0.55,-0.88,-1,-0.20,-1.17,-2.39,-0.17,2.03,0.89,-0.40,-1.58,-0.75,-1.10,-1.06,0.59,,1.80,2.03,1.77,1.81,-0.62,0.08,0.90,0.64,0.58,0.72,2,2.70,-6.40,-8.80,-2,-0.20,-0.50,,-3.70,-5.40,0.70,1.90,0.70,-0.60,-3.40,-3.30,-2.40,1,-1.10,0.10,,0.90,-0.20,-0.90,-1.90,0.10,0.40,-0.30,-1.30,-0.80,-0.30,1.30,2,0.20,0.50,-0.50,-0.40,-0.70,1.40,1.80,0.90,1,0.60,-0.70,-1,-1.20,1.30,0.70,1.90,0.50,0.10,0.60,0,0.30,1.20,0.20,1.70,1.90
2008-12-09 20:10,2.90,3.49,2.39,1.20,-3.30,1.64,1.23,2,0.23,-3.40,0.39,0.34,-1.66,-2.88,-1.98,-2.63,-4.53,-1.67,-6.90,-6.07,-4.90,-1.35,-6.78,,1.18,3.58,3.40,1.79,-0.08,-1,-1.26,-1.93,-3.68,-8.46,-6.81,-4.40,-3.95,-4.94,-3.87,-4.79,-5,-2.85,-0.45,-0.53,-8.90,0.06,-0.70,-0.60,-1.05,-1.33,-4.98,-0.08,-0.15,-0.03,-1.49,-0.34,-0.45,-0.80,-0.43,-3.49,-2.06,-1,-3.14,,-2.26,,1.85,0.04,-1.20,-3.43,-2.03,-1.12,2.46,-2.83,0.84,3.13,-2.50,2.04,1.04,1.45,1.78,0.34,-2.87,-2.69,-4.34,-1.24,-1.91,-2.80,-0.66,-1.13,-0.97,-4.82,-3.35,-2.30,-1.40,1.20,-0.63,-1.93,-0.84,0.79,-1.58,-2.44,1.75,1.01,0.40,-1,-1.02,-0.30,-1.09,-2.22,-0.24,1.99,0.78,-0.54,-1.42,-0.82,-1.10,-0.91,0.58,,1.80,2.05,1.74,1.94,-0.58,0.04,0.70,0.60,0.62,0.69,1.90,,-6.70,-8.80,-2.30,-0.20,-0.50,,,,,,,-0.50,-3.40,,-2.40,1,-1.10,-0.04,,,,,,,,-0.50,-1.20,-1,-0.30,1.30,,,,,-0.40,,1.10,1.70,0.90,1,0.60,,,-1.20,,,1.80,,,0.60,0.10,0.30,1.20,0.20,1.70,
2008-12-09 20:20,2.90,3.45,2.24,1.20,-3.30,1.71,0.95,1.50,0.22,-3.35,0.40,0.22,-1.83,-2.81,-1.66,-2.46,-4.23,-1.41,-7.10,-5.69,-4.53,-1.35,-6.62,,1.28,3.56,3.64,1.64,0.06,-0.90,-1.19,-2.11,-3.70,-8.75,-7.08,-4.24,-4.19,-4.92,-3.81,-4.80,-5,-2.97,-0.35,-0.59,-8.90,-0.07,-0.80,-0.63,-1.11,-1.42,-4.66,-0.07,-0.10,-0.07,-1.43,-0.47,-0.53,-0.80,-0.51,-2.39,-2.05,-1,-3.24,,-2.54,,2.03,-0.01,-1.20,-3.32,-2.07,-1.29,2.59,-2.93,0.59,2.87,1.30,1.50,1.04,1.31,1.68,0.42,-2.95,-2.70,-4.20,-1.34,-2.09,-3,-0.65,-1.06,-1.05,-4.78,-3.42,-2.30,-1.36,1.12,-0.79,-2.22,-0.87,0.76,-1.78,-2.35,1.75,0.78,0.41,-1.05,-1.06,-0.30,-0.90,-2.28,-0.44,1.92,0.81,-0.66,-1.20,-0.89,-1.20,-0.88,0.54,,1.80,2.18,1.86,1.94,-0.68,0.10,0.70,0.51,0.50,0.72,1.80,,-6.70,-8.70,-2,-0.30,-0.60,,,,,,,-0.10,-3.30,,-2.70,1,-1.20,0,,,,,,,,-0.70,-1.10,-1.10,-0.40,1.20,,,,,-0.50,,0.90,1.70,0.90,0.90,0.70,,,-1.40,,,1.80,,,0.60,0.10,0.30,1.10,0.10,1.70,
2008-12-09 20:30,2.90,3.17,2.08,1.15,-3.30,1.51,2.08,1.20,0.37,-3.33,0.33,0.10,-1.85,-2.91,-1.94,-2.52,-4.35,-1.38,-7,-6.18,-4.58,-1.17,-6.82,,0.98,3.45,3.53,1.62,0.19,-1,-1.19,-2.32,-3.54,-8.95,-7.06,-4.15,-4.12,-5.06,-3.75,-5.17,-4.90,-2.65,-1.68,-0.46,-9.20,-0.30,-0.90,-0.65,-1.19,-1.39,-4.65,-0.15,-0.16,0.01,-1.58,-0.63,-0.39,-0.80,-0.54,-2.39,-2,-1.10,-3.18,,-2.65,,1.88,-0.03,-1.30,-3.27,-1.99,-1.38,2.91,-1.63,0.56,2.70,2.30,1.31,1.10,1.42,1.45,0.52,-2.86,-2.63,-4.50,-0.97,-1.91,-2.90,-0.55,-1.28,-0.95,-4.96,-3.35,-2.20,-1.34,1.17,-0.75,-2.29,-0.98,0.71,-1.83,-2.34,2.15,0.62,0.43,-1.25,-1.14,-0.30,-0.99,-2.26,-0.63,1.96,0.92,-0.64,-0.75,-0.92,-1.10,-0.98,0.39,,1.70,1.91,1.86,1.74,-0.89,0.04,0.60,0.41,0.46,0.62,1.70,,-6.70,-8.60,-1.90,-0.20,-0.60,,,,,,,0.30,-3.40,,-2.70,1,-1.30,-0.01,,,,,,,,-0.70,-1,-1.30,-0.40,1.20,,,,,-0.30,,0.80,1.50,0.80,0.90,0.90,,,-1.40,,,1.70,,,0.60,0,0.40,1,0.20,1.70,
2008-12-09 20:40,2.90,3.04,2.11,1.11,-3.20,1.46,3.50,0.60,0.49,-3.29,0.33,0.02,-1.69,-3.39,-2.16,-2.48,-4.68,-1.79,-7.20,-6.29,-4.92,-0.91,-6.70,,0.77,3.38,3.10,1.56,0.09,-1.20,-1.37,-2.25,-3.45,-8.84,-6.98,-4.51,-4.16,-5.31,-3.76,-5.33,-4.70,-2.47,-2.08,-0.37,-9.50,-0.40,-1,-0.69,-1.15,-1.52,-4.38,-0.17,-0.22,0.09,-1.54,-0.62,-0.39,-0.80,-0.48,-1.83,-2,-1,-3.21,,-2.48,,1.61,0.14,-0.80,-3.50,-2.20,-1.25,2.78,-1.23,0.54,2.92,2.40,1.44,1,1.45,1.30,0.70,-2.94,-2.51,-4.57,-0.96,-1.62,-2.50,-0.29,-1.11,-0.96,-5.04,-3.31,-2.30,-1.30,0.96,-0.84,-2.40,-1.05,0.61,-1.79,-2.41,1.98,0.77,0.54,-1.27,-1.19,-0.40,-1.15,-2.26,-0.69,1.93,0.81,-0.66,-0.81,-0.90,-1.10,-1.07,0.25,,1.70,1.92,1.80,1.83,-0.98,-0.03,0.60,0.38,0.55,0.49,1.60,,-6.80,-8.40,-1.70,-0.30,-0.70,,,,,,,0.20,-3.60,,-2.90,1,-1.40,-0.14,,,,,,,,-1,-1,-1.40,-0.50,1.10,,,,,-0.50,,0.70,1.50,0.70,0.90,0.90,,,-1.20,,,1.70,,,0.60,0.10,0.30,1.10,0.20,1.60,
2008-12-09 20:50,2.90,3.22,2.08,0.93,-3.30,1.61,3.37,-0.50,0.65,-3.37,0.41,-0.04,-1.64,-2.96,-2.39,-2.63,-4.83,-1.78,-7.20,-5.98,-4.99,-0.95,-6.81,,1.14,3.35,2.91,1.54,0.16,-1.40,-1.62,-1.53,-3.16,-8.89,-7.01,-4.43,-4.08,-5.34,-3.48,-5.05,-4.70,-2.44,-1.22,-0.42,-9.90,-0.26,-0.90,-0.74,-1.05,-1.53,-4.35,-0.09,-0.22,0.22,-1.53,-0.75,-0.35,-0.90,-0.69,-1,-2.14,-1.10,-3.29,,-2.60,,1.76,0.02,-0.20,-3.59,-2.01,-0.96,2.42,-1.21,0.46,2.99,2.30,0.35,1,1.38,1.27,0.75,-3,-2.57,-4.51,-0.79,-1.81,-2.50,-0.19,-1.13,-0.91,-5.14,-3.59,-2.40,-1.33,0.85,-0.87,-2.51,-1.01,0.48,-1.44,-2.74,1.73,0.88,0.39,-1.33,-1.28,-0.40,-1.15,-2.34,-0.70,1.86,0.70,-0.75,-0.86,-0.81,-1.20,-0.90,0.11,,1.70,1.92,1.77,1.97,-1.04,0.03,0.50,0.25,0.45,0.41,1.40,,-6.90,-8.30,-1.80,-0.30,-0.70,,,,,,,0.20,-3.80,,-3,1,-1.40,-0.15,,,,,,,,-1.20,-1.10,-1.30,-0.60,1.10,,,,,-0.50,,0.60,1.40,0.70,1,0.90,,,-1.30,,,1.60,,,0.50,0,0.30,1.10,0.20,1.50,
2008-12-09 21:00,2.70,3.33,2.04,1.09,-3.50,1.61,2.17,-0.50,0.72,-3.37,0.39,-0.27,-2.03,-2.65,-1.16,-2.70,-5.01,-1.38,-7.40,-6.02,-4.99,-0.55,-7.10,,1.38,3.53,3.16,1.59,0.19,-1.60,-1.57,-0.92,-3.13,-8.93,-7.17,-4.90,-4.10,-5.55,-3.32,-5.14,-4.10,-2.39,-0.91,-0.48,-9.70,-0.41,-0.90,-0.80,-1.07,-1.50,-4.29,0.02,-0.30,0.35,-1.44,-0.64,-0.43,-1,-0.51,-0.56,-2.17,-1.20,-3.33,,-2.93,,1.88,-0.11,-0.60,-3.35,-2.13,-0.81,2.52,-1.75,0.31,2.95,2.40,-0.31,0.90,1.13,1.12,0.85,-3,-2.68,-4.19,-1.17,-2.16,-2.70,-0.37,-1.15,-0.81,-5.25,-3.74,-2.10,-1.32,0.79,-1.06,-2.50,-0.96,0.38,-1.16,-2.83,2.15,0.56,0.30,-1.51,-1.41,-0.60,-1.06,-2.55,-0.88,1.84,0.82,-0.67,-0.80,-0.82,-1.20,-1.02,0,,1.80,1.83,1.73,1.70,-1.05,0.10,0.50,0.12,0.05,0.34,1.30,2.50,-6.80,-8.10,-1.70,-0.40,-0.80,0.40,-2.60,-5.90,0.20,1.30,1.60,0.20,-3.60,-3.90,-3.10,0.90,-1.70,0,-0.90,1.20,1.10,-0.90,-2.70,-0.30,0.30,-1.20,-1.20,-1.30,-0.60,1,2,0.60,0.30,-0.90,-0.60,-1.20,0.50,1.20,0.60,1.10,1,-0.60,-1.40,-1.30,1,,1.60,0.80,0.10,0.50,-0.20,0.20,1.10,0.20,1.40,1.70
2008-12-09 21:10,2.70,3,1.87,1.13,-3.60,1.71,1.40,0.50,0.84,-3.27,0.62,-0.30,-2.66,-2.42,0.19,-2.74,-5.19,-1.46,-7.50,-5.76,-4.99,-0.85,-6.90,,1.48,3.52,2.81,1.45,0.16,-1.70,-1.51,-1.43,-3.24,-8.91,-7.40,-5.26,-4.06,-5.66,-3.61,-5.26,-3.80,-1.99,-0.75,-0.49,-10.30,-0.28,-0.90,-0.80,-1.12,-1.50,-4.31,0.04,-0.38,0.47,-1.40,-0.74,-0.41,-1,-0.55,-0.73,-2.29,-1.30,-3.38,,-3.27,,1.83,-0.18,-1,-3.51,-2,-0.74,2.65,-2.30,0.17,2.71,2.70,-0.30,0.80,1.22,1.10,0.70,-2.98,-2.68,-4.30,-1.51,-1.85,-2.90,-0.36,-1.28,-0.91,-5.32,-3.58,-1.70,-1.14,0.67,-1.16,-2.20,-0.92,0.36,-1.18,-2.93,2.47,0.22,0.31,-1.59,-1.32,-0.70,-1.23,-2.78,-1.04,1.74,0.80,-0.76,-0.38,-0.81,-1,-1.21,-0.05,,1.80,1.73,1.80,1.86,-0.85,0.10,0.60,-0.03,0.25,0.37,1.20,,-7,-8,-2,-0.40,-0.80,,,,,,,0.60,-3.60,,-3.10,0.90,-2,-0.29,,,,,,,,-1.20,-1.20,-1.30,-0.60,1,,,,,-0.50,,0.30,1,0.60,1.10,1,,,-1.30,,,1.50,,,0.40,-0.40,0.20,1.10,0.20,0.90,
2008-12-09 21:20,2.70,2.81,1.97,0.96,-3.70,1.66,0.93,1.70,0.56,-3.42,0.39,-0.40,-2.83,-2.45,1.34,-2.62,-5.41,-1.71,-7.40,-5.53,-4.92,-1.45,-7.41,,1.50,3.55,2.66,1.32,0.25,-1.90,-1.35,-1.30,-3.27,-9.33,-7.62,-4.83,-4.01,-5.76,-4.04,-5.27,-4,-2.05,-1.67,-0.40,-10,-0.23,-0.90,-0.83,-1.23,-1.53,-3.97,-0.03,-0.31,0.56,-1.43,-0.82,-0.46,-1,-0.68,-0.86,-2.40,-1.40,-3.41,,-3.04,,1.97,-0.24,-1.20,-3.65,-2.03,-0.70,2.83,-2.37,0.08,2.98,2.70,0.10,0.80,1.20,0.92,0.80,-2.85,-2.72,-4.65,-1.62,-1.86,-2.70,-0.46,-1.29,-1.13,-5.33,-3.33,-1.50,-1.05,0.71,-0.92,-1.96,-1.11,0.19,-1.18,-2.98,2.47,0.18,0.30,-1.49,-1.28,-0.80,-1.10,-2.87,-1.12,1.72,0.83,-0.75,-0.13,-0.74,-1,-1.15,-0.26,,1.70,1.70,1.85,1.59,-0.72,-0.04,0.70,-0.09,0.28,0.21,1.10,,-7.10,-7.70,-2,-0.40,-0.80,,,,,,,0.80,-3.70,,-3.10,0.80,-2,-0.29,,,,,,,,-1.30,-1.20,-1.30,-0.60,0.90,,,,,-0.40,,0.20,0.80,0.60,1.10,,,,-1.20,,,1.50,,,0.40,-0.50,0.30,1.10,0.10,0.80,
2008-12-09 21:30,2.60,2.70,2.10,1.15,-3.60,1.68,0.91,2.10,0.64,-3.50,0.57,-0.41,-2.72,-2.23,0.84,-2.68,-5.59,-1.75,-7.40,-5.88,-4.85,-1.57,-7.92,,1.42,3.57,1.88,1.28,0.31,-2,-1.28,-1.16,-3.58,-9.55,-7.64,-4.82,-3.94,-5.94,-3.99,-5.27,-4,-1.90,-2.10,-0.42,-10.20,-0.23,-0.90,-0.75,-1.18,-1.62,-3.85,0.02,-0.35,0.50,-1.52,-0.88,-0.49,-1.10,-0.79,-0.51,-2.44,-1.50,-3.36,,-2.98,,2.11,-0.21,-1.10,-3.75,-1.69,-0.80,2.92,-1.91,0.24,2.42,2.80,0.76,0.70,1.07,0.90,0.90,-2.88,-2.43,-4.82,-1.72,-1.90,-2.70,-0.58,-1.24,-1.16,-5.34,-3.12,-1.50,-1.35,0.68,-0.87,-1.89,-1.10,0.14,-1.29,-2.77,2.82,0,0.01,-1.43,-1.34,-0.70,-1.38,-2.86,-1.24,1.57,0.77,-0.87,-0.19,-0.81,-0.90,-0.90,-0.52,,1.70,1.78,1.79,1.75,-0.77,-0.25,0.80,-0.27,0.07,-0.04,1.20,,-6.80,-7.50,-2.10,-0.50,-0.80,,,,,,,1,-3.80,,-3.10,0.80,-1.90,-0.37,,,,,,,,-1.60,-1.20,-1.30,-0.60,0.80,,,,,-0.30,,0.20,0.70,0.60,1.10,1.10,,,-1.20,,,1.50,,,0.50,-0.70,0,1.20,0.10,0.70,
2008-12-09 21:40,2.70,2.60,2.06,1.27,-3.60,1.57,0.92,2.30,0.83,-3.71,0.79,-0.45,-2.69,-0.42,0.82,-3.10,-5.85,-1.30,-7.40,-5.63,-4.75,-1.78,-7.61,,1.44,3.59,2.23,1.23,0.35,-2.10,-0.87,-0.87,-3.82,-9.41,-7.66,-5.27,-3.74,-5.91,-3.95,-5.36,-3.70,-2.10,-2.85,-0.43,-9.70,-1.31,-0.90,-0.78,-1.34,-1.62,-3.61,0.21,-0.46,0.44,-1.56,-0.86,-0.57,-1.10,-0.73,-1.03,-2.52,-1.40,-3.36,,-3.29,,1.93,-0.09,-1.20,-3.78,-1.63,-0.92,2.72,-1.43,-0.05,2.34,2.70,0.47,0.60,1.04,0.85,0.90,-2.92,-2.45,-4.83,-2,-1.94,-2.90,-0.69,-1.25,-1.46,-5.48,-3.14,-1.40,-1.33,0.60,-0.83,-2.28,-1.18,0.17,-1.46,-2.71,2.86,0.02,-0.07,-1.55,-1.40,-0.40,-1.73,-2.92,-1.38,1.57,0.78,-0.93,-0.13,-0.91,-0.80,-0.67,-0.55,,1.60,1.69,1.80,1.68,-0.94,-0.22,0.80,-0.33,0.01,-0.19,1,,-6.60,-7.30,-2.10,-0.50,-0.80,,,,,,,1.30,-3.80,,-3,0.80,-1.90,-0.46,,,,,,,,-1.40,-1.30,-1.40,-0.60,0.80,,,,,-0.40,,0.20,0.40,0.60,1.10,1,,,-1.30,,,1.50,,,0.50,-0.70,0,1.20,0.20,0.60,
2008-12-09 21:50,2.70,2.61,2.01,0.92,-3.60,1.55,0.97,2,0.66,-3.84,0.65,-0.31,-3.16,-0.41,0.79,-3.47,-5.84,-0.44,-7.40,-5.99,-4.78,-1.56,-7.91,,1.14,3.72,1.61,0.97,0.44,-2.20,-0.95,-0.92,-3.69,-9.56,-7.74,-5.23,-3.77,-5.92,-3.99,-5.27,-3.40,-2.17,-2.28,-0.33,-9.50,-1.80,-0.90,-0.80,-1.09,-1.66,-3.46,0.36,-0.48,0.46,-1.52,-0.94,-0.67,-1.20,-0.83,-0.86,-2.58,-1.50,-3.38,,-2.81,,1.89,-0.11,-1.20,-3.91,-1.37,-1.05,2.56,-1.46,0.16,2.11,2.70,1,0.40,1.16,0.75,1,-3.06,-2.68,-4.90,-2.15,-1.92,-2.90,-0.79,-1.16,-1.34,-5.48,-3.35,-1.40,-1.11,0.53,-0.92,-2.73,-1.32,0.11,-1.58,-2.75,2.62,0.12,-0.25,-1.80,-1.47,-0.30,-1.67,-2.85,-1.46,1.49,0.89,-0.88,-0.04,-0.80,-0.70,-0.58,-0.70,,1.50,1.63,1.79,1.45,-0.86,-0.08,0.90,-0.25,0.07,-0.25,1,,-6.60,-7.50,-2.20,-0.50,-0.90,,,,,,,1.10,-3.60,,-2.90,0.70,-2.30,-0.55,,,,,,,,-1.40,-1.30,-1.30,-0.60,0.80,,,,,-0.50,,0.10,0.10,0.60,1.10,1,,,-1.20,,,1.50,,,0.50,-0.80,0.10,1.40,0.20,0.40,
2008-12-09 22:00,2.80,2.56,1.91,0.84,-3.60,1.58,1,2.20,0.62,-3.93,1.33,-0.41,-3.43,1.41,1.62,-3.47,-5.77,-0.16,-7.40,-6.06,-4.77,-1.37,-7.89,,0.92,3.63,1.28,0.73,0.38,-2.10,-1.26,-1.54,-3.76,-9.87,-7.82,-5,-3.58,-6.04,-3.74,-5.12,-3.40,-2.54,0.24,-0.36,-9.60,-2.20,-1,-0.85,-1.25,-1.70,-2.91,0.25,-0.45,0.45,-1.58,-0.97,-0.76,-1.20,-0.93,-0.81,-2.60,-1.60,-3.49,,-2.49,,2,-0.16,-0.90,-3.96,-1.47,-1.11,2.64,-2.23,0.21,2.86,2.80,1.30,0.40,1.10,0.73,1.10,-2.99,-2.65,-5.02,-2.30,-2.01,-2.70,-0.88,-1.26,-1.45,-5.47,-3.65,-1.40,-1.34,0.48,-0.98,-2.64,-1.27,0.08,-1.71,-2.96,2.64,0.20,-0.27,-1.84,-1.49,-0.30,-1.27,-2.98,-1.43,1.53,0.77,-0.88,0.01,-0.71,-0.60,-0.63,-0.83,,1.30,1.64,1.80,1.41,-0.90,-0.22,1.10,-0.26,0.08,-0.34,0.90,1.80,-6.60,-7.50,-2.30,-0.50,-1,,-2,-5.90,-0.20,1.30,1.60,1.10,-3.70,-3.60,-3,0.70,-2.30,-0.10,-0.60,1.30,1.70,-0.70,-1.60,-0.30,0.90,-1.40,-1.40,-1.30,-0.50,0.50,2,0.60,0.70,-1,-0.50,-1.90,0,0.10,0.70,1.20,0.80,-0.20,-0.90,-1,0.90,-0.80,1.50,0.90,0.50,0.60,-0.70,0.10,1.40,0.20,0.40,1.50
2008-12-09 22:10,2.70,2.52,1.81,0.82,-3.60,1.28,1.18,2.20,0.47,-3.89,2.13,-0.45,-3.59,2.28,0.93,-3.02,-5.98,-0.68,-7.60,-5.93,-4.63,-0.99,-8.11,,0.97,3.68,0.92,0.62,0.26,-2.20,-1.22,-2.63,-3.81,-10.01,-7.75,-4.98,-2.60,-6,-3.48,-5.20,-3.30,-2.26,-1.07,-0.38,-9.70,-2.36,-1,-0.78,-1.18,-1.66,-2.96,0.19,-0.43,0.35,-1.57,-1.10,-0.75,-1.20,-0.98,-1.49,-2.58,-1.70,-3.47,,-2.80,,2.11,-0.14,-0.80,-4.25,-0.92,-1.05,2.52,-1.89,-0.02,2.78,2.70,1.68,0.33,1.07,0.66,1,-2.84,-2.60,-4.96,-2.36,-2.55,-2.90,-0.88,-1.43,-1.52,-5.68,-3.57,-1.40,-1.34,0.52,-0.94,-2.73,-1.30,0.06,-1.95,-2.90,2.58,0.20,-0.39,-2.19,-1.52,-0.20,-1.11,-3.08,-1.43,1.56,0.82,-0.93,-0.12,-0.69,-0.60,-0.77,-0.95,,1.20,1.50,1.70,1.40,-0.76,-0.23,1.10,-0.14,-0.04,-0.36,0.70,,-6.50,-6.70,-2.50,-0.50,-1,,,,,,,1,-3.70,,-3,0.70,-2.20,-0.39,,,,,,,,-1.30,-1.30,-1.50,-0.50,0.40,,,,,-0.60,,0,0.20,0.70,1.20,,,,-1,,,1.50,,,0.60,-0.40,-0.10,1.40,0.20,0.40,
2008-12-09 22:20,2.60,2.56,1.77,0.69,-3.40,1.09,0.66,2,0.39,-3.91,2.20,-0.50,-3.45,1.79,1.07,-2.69,-6.23,-0.97,-7.70,-5.31,-4.30,-0.76,-7.93,,0.89,3.70,0.90,0.67,0.18,-2.20,-1.42,-2.88,-4.09,-10.11,-7.67,-4.77,-2.10,-6.25,-3.59,-5.17,-3.40,-1.66,-2.76,-0.41,-9.10,-2.29,-1,-0.80,-1.16,-1.76,-2.89,0.14,-0.30,0.36,-1.66,-1.04,-0.76,-1.20,-1.12,-1.39,-2.48,-1.70,-3.50,,-2.67,,2.21,-0.22,-0.70,-4.31,0.24,-1.26,2.46,-1.11,-0.14,2.38,2.50,2,0.31,1.03,0.54,0.90,-3.25,-2.70,-5.19,-2.38,-2.66,-3,-0.83,-1.53,-1.65,-5.75,-3.50,-1.40,-1.27,0.60,-0.98,-2.96,-1.19,-0.05,-2.15,-2.84,2.39,0.37,-0.59,-2.43,-1.35,-0.20,-1.07,-3.01,-1.57,1.63,0.77,-0.98,-0.22,-0.78,-0.70,-0.80,-1.05,,1.20,1.54,1.81,1.35,-0.68,-0.17,1.20,-0.13,-0.22,-0.40,0.50,,-7,-6.60,-2.20,-0.50,-1.10,,,,,,,0.80,-4.20,,-3,0.60,-2.20,-0.40,,,,,,,,-1,-1.40,-1.60,-0.50,0.20,,,,,-0.50,,-0.10,0.10,0.70,1.20,0.80,,,-1,,,1.40,,,0.70,-0.30,-0.10,1.30,0.20,0.20,
2008-12-09 22:30,2.50,2.57,1.68,0.58,-3.50,1.10,0.80,1.80,0.27,-4.13,2.49,-0.54,-3.39,2.52,1.23,-2.63,-6.33,-1.54,-7.90,-5.95,-4.20,-1.19,-7.96,,0.85,3.77,0.74,0.47,0.21,-2.20,-1.38,-2.86,-4.08,-10.04,-8,-5.01,-1.93,-6.14,-3.95,-5.32,-3.30,-1.73,-3.93,-0.33,-8.90,-1.87,-1,-0.81,-1.06,-1.73,-2.86,0.24,-0.42,0.29,-1.67,-1.23,-0.76,-1.20,-1.07,-1.44,-2.49,-1.80,-3.48,,-2.50,,2.39,-0.34,-0.90,-4.35,-0.08,-1.41,2.42,-0.95,-0.04,2.60,2.40,2.13,0.37,0.87,0.60,0.80,-3.43,-2.78,-5.24,-2.63,-2.61,-3.10,-0.78,-1.41,-1.67,-5.82,-3.64,-1.30,-1.18,0.57,-0.98,-2.51,-1.10,-0.08,-2.43,-2.89,2.30,0.39,-0.64,-2.61,-1.40,-0.20,-0.93,-2.94,-1.52,1.63,0.71,-0.98,-0.28,-0.90,-0.70,-0.68,-1.23,,1,1.19,1.76,1.54,-0.60,-0.22,1.30,-0.03,-0.16,-0.37,0.30,,-7,-6.20,-2.50,-0.40,-1.20,,,,,,,0.60,-1.40,,-2.90,0.40,-2.40,-0.45,,,,,,,,-0.90,-1.40,-1.70,-0.60,0,,,,,-0.80,,-0.10,-0.20,0.70,1.20,0.80,,,-0.90,,,1.50,,,0.70,-0.20,-0.20,1.30,0.20,0.10,
2008-12-09 22:40,2.50,2.71,1.77,0.49,-3.50,1.20,1.01,1.90,0.13,-4.40,2.30,-0.78,-3.63,3,0.92,-2.98,-6.48,-2.12,-8.20,-6.20,-4.02,-1.32,-8.23,,0.96,3.80,0.99,0.27,0.29,-2.40,-1.26,-2.35,-3.71,-9.86,-7.95,-4.93,-1.61,-6.26,-4.31,-5.37,-3.30,-2.20,-2.54,-0.28,-9.80,-2.51,-1,-0.80,-1.16,-1.70,-2.88,0.28,-0.46,0.22,-1.67,-1.11,-0.80,-1.30,-1.19,-1.66,-2.58,-1.90,-3.49,,-2.65,,2.43,-0.49,-1.30,-4.22,0.49,-1.60,2.53,-1.07,-0.16,2.45,2.30,2,0.33,1.03,0.44,0.90,-3.40,-2.69,-5.26,-2.70,-2.92,-3.20,-0.90,-1.40,-1.79,-5.82,-3.60,-1.20,-1.07,0.48,-1.04,-2.16,-1.06,-0.08,-2.73,-2.91,1.54,0.28,-0.71,-2.51,-1.46,-0.20,-1.18,-2.99,-1.66,1.57,0.80,-0.93,-0.35,-0.84,-0.70,-0.71,-1.46,,0.90,1.21,1.61,1.59,-0.42,-0.17,1.30,-0.08,-0.06,-0.39,0.30,,-6.80,-6.30,-2.30,-0.50,-1.20,,,,,,,0.50,-2.10,,-2.80,0.60,-2.40,-0.39,,,,,,,,-0.70,-1.10,-1.80,-0.70,0.10,,,,,-0.70,,-0.20,-0.70,0.80,1.20,0.80,,,-1,,,1.40,,,0.70,-0.30,0.10,1.40,0.20,0,
2008-12-09 22:50,2.40,2.80,1.85,0.44,-3.40,1.05,1.32,1.60,0.08,-4.88,2.20,-0.90,-3.68,2.73,1.06,-2.75,-6.31,-2.04,-8.20,-5.89,-4.12,-1.75,-8.08,,0.92,3.75,0.52,0.16,0.29,-2.40,-1.37,-0.66,-2.94,-10.09,-8.14,-3.32,-1.57,-6.23,-4.54,-5.22,-3.30,-2.76,1.51,-0.35,-10,-3.36,-1,-0.83,-1.31,-1.67,-2.95,0.17,-0.36,0.19,-1.74,-1.13,-0.81,-1.30,-1.11,-1.16,-2.68,-2,-3.43,,-2.85,,2.27,-0.30,-1.40,-3.91,1.83,-1.56,2.38,-0.94,-0.22,2.43,2.40,1.76,0.40,0.86,0.36,0.80,-3.54,-2.83,-5.20,-2.88,-3.17,-3.10,-1,-1.53,-1.99,-5.94,-2.93,-1.10,-1.02,0.46,-1.19,-2.15,-1.02,-0.13,-3.01,-3.04,0.97,0.21,-0.79,-2.69,-1.30,-0.30,-1.22,-3.02,-1.65,1.50,0.85,-0.90,-0.53,-0.94,-0.70,-0.77,-1.48,,0.70,0.96,1.60,1.42,-0.35,-0.21,1.20,-0.13,0.24,-0.47,0.30,,-6.90,-5.90,-2.30,-0.50,-1,,,,,,,0.40,-1.80,,-2.90,0.60,-2.20,-0.36,,,,,,,,-0.80,-1.10,-1.80,-0.70,-0.20,,,,,-0.80,,-0.20,-0.40,0.80,1.20,0.80,,,-1,,,1.40,,,0.60,-0.20,0.10,1.30,0.20,-0.20,
2008-12-09 23:00,2.30,2.92,1.83,0.58,-3.50,1.01,1.62,2.30,0.01,-5.18,2.10,-0.70,-3.30,2.46,0.86,-2.40,-6.34,-1.89,-8.30,-6.36,-4.14,-2.55,-8.56,,0.76,3.71,0.44,0.05,0.27,-2.30,-1.23,-0.45,-3.65,-10.20,-8.12,-3.09,-1.57,-6.27,-4.77,-4.89,-3.40,-2.83,1.21,-0.40,-10.10,-2.85,-0.90,-0.83,-1.30,-1.64,-2.90,0.27,-0.60,0.22,-1.73,-1.20,-0.81,-1.20,-1.36,-1.09,-2.63,-2,-3.49,,-3.02,,2.17,-0.29,-1.30,-3.80,2.14,-1.68,2.10,-1.17,-0.19,2.62,2.50,1.70,0.40,0.95,0.39,0.60,-3.74,-3.05,-5.37,-2.22,-3.11,-2.90,-0.99,-1.52,-2.14,-6.01,-2.56,-0.80,-0.99,0.55,-1.27,-2.18,-1,-0.10,-2.96,-2.95,0.66,0.37,-0.57,-2.60,-1.13,-0.30,-1.48,-2.96,-1.69,1.51,0.86,-0.84,-0.73,-0.92,-0.70,-0.61,-1.53,,0.40,0.57,1.61,1.41,-0.44,-0.01,1.30,-0.14,-0.08,-0.36,0.30,2.90,-6.90,-6.10,-2.40,-0.60,-1.30,0.20,-2.20,-6.90,-0.40,1,1.50,0.40,-1.50,-4.40,-2.80,0.50,-2.10,0,-1,1.40,1.50,-1.50,0.40,-0.40,0.30,-0.80,-1.10,-1.90,-0.70,-0.20,2.10,0.80,0.30,-1.10,-1,-1.50,-0.20,-0.20,0.80,1.30,0.80,-0.10,-0.30,-0.90,0.20,-1.60,1.40,1,0.80,0.50,-0.20,-0.20,1.20,0.10,-0.10,1
2008-12-09 23:10,2.40,2.67,1.77,0.40,-3.30,0.91,1.33,2.30,-0.11,-5.34,1.86,-0.54,-3.27,2.44,0.92,-2.43,-6.46,-1.48,-8.30,-6.21,-4.14,-2.37,-8.56,,0.58,3.65,0.70,-0.13,0.28,-2.30,-1.26,-0.95,-3.88,-10.40,-8.25,-2.37,-1.72,-6.22,-4.67,-5.06,-3.40,-3.03,0.67,-0.29,-10.30,-2.86,-0.90,-0.80,-1.31,-1.67,-2.76,0.17,-0.62,0.17,-1.79,-1.19,-0.90,-1.20,-1.22,-1.13,-2.67,-2.10,-3.50,,-3.11,,2.31,-0.40,-1.20,-3.81,1.96,-1.79,1.84,-1.14,-0.26,2.68,2.30,1.68,0.40,0.99,0.52,0.20,-3.51,-3.06,-5.36,-1.03,-2.96,-3.30,-1,-1.60,-2.46,-6.05,-2.42,-0.90,-1.03,0.73,-1.33,-2.28,-0.99,-0.11,-2.76,-3.20,0.56,0.51,-0.29,-2.76,-0.87,-0.40,-1.14,-2.97,-1.73,1.42,0.75,-0.93,-0.75,-0.96,-0.80,-0.53,-1.43,,0.20,0.47,1.48,1.51,-0.09,0.09,1.30,-0.13,0.17,-0.46,0.30,,-7,-7.10,-2.50,-0.50,-1.30,,,,,,,0.20,-1.40,,-2.70,0.50,-1.70,-0.34,,,,,,,,-0.60,-1,-1.80,-0.80,-0.20,,,,,-1,,-0.30,-0.40,0.80,1.20,0.80,,,-0.90,,,1.50,,,0.60,-0.20,-0.10,1.20,0.20,-0.10,
2008-12-09 23:20,2.50,2.75,1.80,0.58,-3.50,0.80,1.19,2.40,0,-5.37,2.16,-0.60,-3.21,2.51,0.85,-2.83,-6.43,-1.44,-8.40,-6.77,-3.83,-2.13,-8.09,,0.54,3.52,0.27,-0.17,0.21,-2.10,-1.07,-1.22,-3.99,-10.21,-8.32,-3.79,-1.69,-6.19,-4.14,-5.35,-3.20,-2.75,0.86,-0.47,-10,-3.47,-0.90,-0.72,-1.23,-1.62,-2.78,0.26,-0.53,0.13,-1.96,-1.28,-0.92,-1.20,-1.25,-1.05,-2.69,-2.10,-3.45,,-2.97,,1.87,-0.38,-1.40,-4,2,-1.80,1.48,-1.17,-0.44,2.73,1.50,1.61,0.30,1.04,0.68,0,-3.44,-2.82,-5.56,-0.64,-3.08,-3.50,-0.92,-1.54,-2.26,-6.09,-2.22,-0.60,-0.83,0.58,-1.46,-2.17,-0.89,-0.12,-2.55,-3.90,0.41,0.51,-0.18,-2.83,-0.70,-0.60,-0.96,-2.89,-1.74,1.44,0.78,-0.78,-0.80,-0.96,-0.70,-0.68,-1.47,,0,0.54,1.35,1.28,0.01,0.04,1.30,-0.34,0.16,-0.34,0.30,,-6.60,-7.10,-2.60,-0.40,-1.10,,,,,,,0,-2.90,,-2.70,0.50,-1.70,-0.39,,,,,,,,-0.50,-1.20,-1.60,-0.80,-0.10,,,,,-1.20,,-0.40,-0.30,0.80,1.20,0.70,,,-0.80,,,1.30,,,0.80,-0.20,-0.10,1.20,0.20,-0.10,
2008-12-09 23:30,2.40,2.78,1.88,0.80,-3.70,0.51,0.65,2.60,0.04,-5.57,2.11,-0.49,-3.41,2.61,1.12,-3.07,-6.46,-2.07,-8.50,-6.73,-3.39,-1.94,-8.36,,0.54,3.27,0,-0.20,0.18,-2,-1.20,-0.47,-3.97,-9.77,-8.28,-5.07,-1.77,-6.22,-3.90,-5.11,-3.10,-2.40,1.32,-0.26,-9.90,-3.21,-1,-0.87,-1.20,-1.57,-2.69,0.20,-0.61,0.07,-2.01,-1.34,-0.90,-1.10,-1.24,-1.15,-2.71,-2.20,-3.55,,-2.83,,1.80,-0.41,-1.50,-3.85,2.04,-1.86,1.40,-1.29,-0.59,2.64,0.80,1.38,0.40,0.95,0.49,-0.20,-2.86,-2.76,-5.44,-0.67,-3.42,-3.60,-0.93,-1.70,-2.34,-6.11,-2.06,-0.60,-0.98,0.65,-1.47,-2.30,-0.99,-0.20,-2.67,-4.08,0.23,0.44,-0.14,-2.68,-0.64,-0.80,-0.75,-2.88,-1.77,1.40,0.75,-0.86,-0.82,-0.76,-0.70,-0.72,-1.46,,-0.10,0.71,1.37,1.19,-0.05,0.15,1.40,-0.32,0.04,-0.23,0.30,,-6.90,-6.90,-2.60,-0.40,-1.20,,,,,,,-0.20,-3.20,,-3,0.40,-1.90,-0.37,,,,,,,,-0.50,-1.10,-0.90,-0.80,-0.20,,,,,-1.10,,-0.40,-0.50,0.80,1.30,0.70,,,-0.80,,,1.30,,,0.90,-0.20,0.20,1.20,0.10,-0.10,
2008-12-09 23:40,2.20,2.81,1.94,0.84,-3.80,0.50,0.90,2,-0.04,-5.76,2.18,-0.60,-3.58,2.69,1.50,-3.02,-6.08,-2.24,-8.40,-6.85,-3.75,-2.08,-8.32,,0.48,3.27,0.15,-0.35,0.22,-2,-1.09,-0.27,-4.38,-9.49,-8.30,-4.95,-1.39,-6.25,-4.14,-5.41,-2.40,-2.03,1.66,-0.49,-9.70,-3.46,-1,-0.77,-0.86,-1.54,-2.60,0.26,-0.65,0.18,-1.91,-1.31,-0.90,-1.10,-1.05,-0.95,-2.74,-2.20,-3.51,,-2.91,,1.67,-0.34,-1.20,-3.67,2.35,-1.92,1.39,-1.78,-0.46,2.45,0.50,1.09,0.40,1.14,0.14,-0.20,-1.94,-2.95,-5.65,-0.66,-3.62,-3.70,-0.97,-1.79,-2.37,-6.20,-1.98,-0.80,-1.20,0.60,-1.38,-2.48,-1.05,-0.19,-2.45,-3.76,0.23,0.47,-0.03,-2.48,-0.53,-0.70,-0.90,-2.92,-1.78,1.33,0.72,-0.86,-0.67,-0.72,-0.80,-0.71,-1.54,,-0.10,0.68,1.46,1.43,-0.02,0.24,1.40,-0.40,-0.09,-0.19,0.30,,-7.30,-6.30,-2.60,-0.40,-1,,,,,,,-0.20,-3.40,,-3,0.30,-1.80,-0.34,,,,,,,,-0.40,-1.20,-0.70,-0.80,-0.40,,,,,-1.20,,-0.40,-0.90,0.80,1.30,0.70,,,-0.90,,,1.20,,,1,0.10,0.20,1.20,0.20,0.10,
2008-12-09 23:50,2.10,2.75,1.90,0.81,-4,0.27,1.13,1.60,-0.14,,2.24,-0.77,-3.77,2.65,1.71,-2.91,-5.94,-2.14,-8.30,-6.48,-4.08,-2.56,-7.94,,0.39,3.16,0.29,-0.49,0.30,-1.60,-1.05,-0.77,-3.87,-9.99,-8.35,-5.76,-1.70,-6.29,-4.29,-5.42,-2.40,-2.10,1.56,-0.50,-9.30,-3.65,-1,-0.82,-1.04,-1.55,-2.67,0.11,-0.68,0.07,-1.90,-1.13,-0.88,-1.10,-1.12,-1.08,-2.71,-2.20,-3.49,,-3.07,,1.66,-0.35,-1,-3.70,1.71,-2,1.67,-1.70,-0.49,2.46,0.20,0.83,0.40,1.21,0.21,-0.30,-2.03,-2.73,-5.55,-0.31,-3.78,-4,-0.93,-1.72,-2.56,-6.32,-1.91,-0.90,-0.95,0.77,-1.23,-2.33,-1.17,-0.26,-2.43,-3.50,0.05,0.54,-0.05,-2.11,-0.27,-0.30,-0.90,-2.77,-1.81,1.26,0.75,-0.96,-0.67,-0.81,-0.80,-0.78,-1.48,,-0.20,0.49,1.20,1.50,0.03,0.16,1.40,-0.40,-0.14,-0.14,0.20,,-7.60,-6,-2.60,-0.40,-1.10,,,,,,,-0.30,-3.40,,-3,0.10,-1.80,-0.29,,,,,,,,-0.50,-1.10,-0.70,-0.90,-0.50,,,,,-1.30,,-0.40,-1,0.80,1.30,0.70,,,-0.80,,,1,,,1.10,0.20,0.40,1.20,0.20,0.20,
2008-12-10 00:00,2.10,2.74,1.72,0.94,-3.80,0.08,1.37,1.60,-0.31,-5.89,2.12,-0.66,-3.70,2.57,1.48,-2.85,-6.36,-2.36,-8.20,-6.60,-4.35,-2.84,-8.18,,0.07,3.38,0.42,-0.49,0.27,-1.50,-0.99,-1.04,-3.91,-9.85,-8.28,-5.97,-1.54,-6.42,-4.64,-4.98,-2.30,-2.09,1.72,-0.54,-9.40,-3.85,-0.90,-0.87,-1.20,-1.51,-2.52,0.12,-0.62,0.05,-1.88,-1.20,-0.96,-1.10,-1.10,-0.91,-2.65,-2.20,-3.51,,-3.21,,1.79,-0.25,-0.90,-3.83,1.53,-1.91,2.11,-1.40,-0.47,2.49,0.30,0.73,0.40,0.97,0.28,-0.30,-1.92,-2.53,-5.44,-0.30,-3.72,-4,-0.73,-1.76,-2.60,-6.29,-1.96,-0.90,-0.97,0.73,-1.44,-2.50,-1.43,-0.24,-1.81,-3.38,-0.31,0.42,-0.23,-1.76,-0.20,0.10,-0.88,-2.76,-1.93,1.29,0.73,-1,-0.75,-0.85,-0.80,-0.99,-1.57,,-0.30,0.23,1.05,1.34,0,0.24,1.40,-0.42,-0.09,-0.10,0.20,1,-7.60,-6.40,-2.50,-0.40,-1,,-2.60,-6.90,-0.40,1.30,1.50,-0.20,-3.10,-5.50,-3.20,0.10,-1.90,0,-0.80,1.30,0.80,-1.10,-0.20,-0.70,-0.20,-0.40,-1,-0.70,-0.90,-0.60,2,0.90,0.80,-1.60,-1.40,-2,-0.50,-0.90,0.70,1.30,0.70,0.30,-0.20,-1.10,0.10,-1.30,0.80,0.90,0.90,1.10,0.20,0.50,1.40,0.20,0.20,0.40
2008-12-10 00:10,2,2.72,1.97,0.97,-3.30,-0.14,1.63,1.90,-0.31,-5.80,1.90,-0.59,-3.72,2.64,1.44,-2.92,-6.45,-2.29,-8.40,-6.72,-4.43,-2.55,-8.63,,0.03,3.44,0.31,-0.43,0.31,-1.90,0.03,-0.22,-4.28,-9.96,-8.38,-6.31,-1.50,-6.35,-5.19,-4.68,-2.50,-1.98,1.74,-0.50,-9.90,-3.62,-0.90,-0.82,-1.05,-1.35,-2.77,0.23,-0.59,0.15,-1.84,-1.17,-0.96,-1.10,-1.02,-0.87,-2.52,-2.20,-3.40,,-3.20,,1.73,-0.22,-1.10,-3.69,1.81,-1.89,2.29,-2.02,-0.33,2.55,0.20,0.92,0.50,0.97,0.01,-0.10,-2.79,-2.57,-5.53,-0.43,-3.91,-4.10,-0.77,-1.74,-2.67,-6.51,-1.97,-0.90,-1.06,0.66,-1.47,-2.54,-1.44,-0.27,-1.31,-3.39,-0.42,0.49,-0.43,-1.76,-0.27,0.30,-0.90,-2.74,-1.92,1.25,0.76,-0.93,-0.80,-0.90,-0.80,-1.11,-1.57,,-0.50,0.35,0.91,1.14,-0.06,0.22,1.30,-0.44,0.12,-0.04,0.20,,-7.40,-7,-2.40,-0.40,-1,,,,,,,0,-3,,-3.10,0.20,-2.20,-0.24,,,,,,,,-0.40,-0.10,-0.70,-0.80,-0.60,,,,,-1.60,,-0.50,-1,0.70,1.30,0.70,,,-1.10,,,0.60,,,1,0.40,0.50,1.40,0.20,0.10,
2008-12-10 00:20,1.80,2.91,1.96,0.82,-3.20,-0.44,1.62,1.70,-0.46,-5.64,1.98,-0.68,-3.73,2.69,1.36,-2.93,-6.16,-2.38,-8.30,-6.68,-4.15,-3,-8.61,,0.26,3.36,0.29,-0.57,0.36,-2.10,0.15,-0.23,-3.76,-10.17,-8.54,-6.14,-1.59,-6.38,-5.52,-4.35,-2.10,-2.22,1.51,-0.52,-9.90,-3.52,-0.80,-0.78,-1.08,-1.36,-2.84,0.32,-0.65,0.19,-1.82,-1.35,-0.93,-1.10,-0.94,-0.80,-2.22,-2.10,-3.39,,-3.14,,1.71,-0.09,-1.10,-3.60,2.30,-1.92,2.25,-1.93,-0.28,2.53,0.50,1.17,0.60,0.82,-0.06,0.10,-3.11,-2.85,-5.68,-0.49,-3.96,-4.30,-0.82,-1.82,-2.73,-6.47,-2.05,-0.80,-1.24,0.26,-1.70,-2.52,-1.48,-0.25,-1.22,-3.37,-0.53,0.16,-0.57,-1.80,-0.23,0.40,-0.99,-2.77,-1.84,1.16,0.72,-0.95,-0.73,-0.96,-1,-1.17,-1.48,,-0.70,0.10,0.85,0.74,-0.04,0.37,1.30,-0.39,0.26,-0.05,0.10,,-7.50,-6.70,-2.70,-0.40,-1.10,,,,,,,-0.20,-3.20,,-3.40,0.10,-2,-0.05,,,,,,,,-0.50,-0.30,-0.60,-0.90,-0.80,,,,,-1.60,,-0.60,-1.10,0.70,1.30,0.80,,,-1.10,,,0.50,,,1,0.50,0.60,1.40,0.20,0.40,
2008-12-10 00:30,1.80,2.91,1.96,0.90,-3.30,-0.90,1.02,1.30,-0.32,-5.60,1.91,-0.81,-3.73,2.65,1.58,-2.85,-5.92,-2.49,-8.40,-6.24,-4.12,-3.50,-8.51,,-0.03,3.21,0.13,-0.75,0.38,-2.30,0.10,-0.24,-3.58,-10.20,-8.57,-6.08,-1.77,-6.28,-5.63,-4.31,-1.90,-3.05,2.05,-0.59,-10,-3.49,-0.70,-0.73,-1.05,-1.36,-2.81,0.39,-0.55,0.12,-1.88,-1.34,-0.80,-0.90,-0.82,-0.73,-2.13,-2,-3.30,,-3.05,,1.74,-0.10,-0.80,-3.76,2.35,-1.84,2.18,-2.31,-0.42,2.46,0.50,1.21,0.70,1.05,0.01,0.40,-3.29,-3.03,-5.62,-0.59,-4.13,-4.20,-0.84,-1.72,-2.74,-6.45,-1.99,-0.80,-1.41,0.59,-1.70,-2.52,-1.57,-0.30,-1.17,-3.41,-0.97,0.10,-0.75,-1.88,-0.36,0.30,-1.04,-2.77,-1.87,1.15,0.66,-1.04,-0.85,-0.90,-1.10,-1.17,-1.47,,-0.80,0.19,0.79,0.54,-0.04,0.31,1.40,-0.28,0.20,0.13,0,,-7.30,-7.20,-2.70,-0.30,-1,,,,,,,0.10,-3.60,,-3.50,0.30,-2,-0.10,,,,,,,,-0.30,-0.30,-0.60,-0.80,-1,,,,,-1.60,,-0.60,-1.20,0.80,1.20,0.80,,,-0.90,,,0.30,,,1.10,0.50,0.70,1.40,0.20,0.60,
2008-12-10 00:40,1.80,2.84,1.89,0.76,-3.60,-1.22,1,1.30,-0.16,-5.48,1.90,-0.63,-3.83,2.70,1.54,-2.82,-6.05,-2.67,-8.50,-6.78,-4.10,-2.94,-8.85,,-0.11,3.40,0,-0.78,0.46,-2.20,0.10,0.07,-3.27,-10.43,-8.53,-6.38,-1.91,-6.13,-5.76,-4.06,-1.80,-3.71,2.13,-0.77,-10.30,-3.47,-0.80,-0.66,-1.02,-1.40,-2.78,0.37,-0.58,0.06,-2,-1.22,-0.67,-0.90,-0.72,-0.72,-2.06,-2,-3.20,,-3.01,,1.77,-0.04,-0.60,-3.78,2.44,-1.74,1.99,-1.43,-0.36,2.42,0.80,1.20,0.80,0.93,0.23,0.50,-3.26,-3.44,-5.84,-0.54,-4.44,-4.20,-0.74,-1.82,-2.75,-6.35,-1.94,-0.70,-1.59,0.55,-1.67,-2.56,-1.58,-0.39,-1.19,-3.48,-1.22,-0.05,-0.80,-2.03,-0.34,0.30,-1.10,-2.74,-1.74,1.09,0.71,-1.19,-0.85,-0.98,-1,-1.26,-1.48,,-0.90,0.13,0.57,0.67,-0.05,0.38,1.30,-0.28,0.11,0.11,-0.10,,-7.50,-6.80,-2.80,-0.20,-1.20,,,,,,,0.20,-4,,-3.60,0,-2.20,0.08,,,,,,,,-0.30,-0.40,-0.50,-0.90,-1.10,,,,,-1.60,,-0.50,-1.30,0.80,1.20,0.80,,,-0.90,,,-0.10,,,1.20,0.50,0.80,1.40,0.20,0.50,
2008-12-10 00:50,1.70,2.92,1.76,0.86,-3.70,-1.21,1.59,1.80,0.04,-5.55,2.08,-0.76,-3.88,2.60,1.45,-2.58,-6.30,-2.72,-8.10,-6.76,-4.15,-1.82,-8.76,,0,3.28,0.25,-0.64,0.43,-1.90,-0.01,0.29,-3.87,-10.36,-8.74,-5.61,-1.91,-6.22,-5.60,-4.14,-1.60,-3.64,2.21,-0.91,-10.20,-2.98,-0.80,-0.71,-1.01,-1.32,-2.68,0.39,-0.72,0.16,-2.12,-1.11,-0.63,-0.80,-0.81,-0.82,-2.02,-1.80,-3.16,,-2.89,,1.75,0.18,-0.60,-3.68,2.54,-1.70,2.17,-1.96,-0.26,2.38,0.90,0.90,0.90,1.32,0.11,0.40,-3.43,-3.40,-5.83,-0.77,-4.42,-4.10,-0.73,-1.95,-3.04,-6.37,-1.83,-0.80,-1.42,0.60,-1.70,-2.56,-1.58,-0.46,-1.43,-3.62,-1.32,-0.22,-0.92,-2.12,-0.41,0.30,-1.15,-2.53,-1.63,0.93,0.71,-1.13,-0.74,-1.02,-1,-1.19,-1.51,,-1,0.01,0.48,0.32,-0.02,0.30,1.20,-0.39,-0.31,0,-0.10,,-7.60,-7.30,-2.80,-0.30,-1.20,,,,,,,-0.10,-4.10,,-3.70,0.20,-2,-0.01,,,,,,,,-0.10,-0.40,-0.60,-1,-1.20,,,,,-1.60,,-0.40,-1.10,0.70,1.20,0.70,,,-1,,,-0.30,,,1.20,0.70,1,1.40,0.20,0.50,
2008-12-10 01:00,1.80,3,1.52,1.12,-4,-1.31,1.13,2,-0.12,-5.44,2.12,-0.96,-3.79,2.31,1.56,-2.27,-6.25,-2.64,-8,-6.61,-4.23,-0.98,-8.01,,0.08,3.30,0.37,-0.73,0.43,-1.90,-0.27,0.32,-3.58,-10.22,-8.75,-6.08,-1.82,-6.06,-5.25,-3.71,-1.50,-3.29,2.56,-0.96,-10.40,-2.25,-0.70,-0.69,-0.92,-1.30,-2.63,0.36,-0.59,0.31,-2.05,-1.08,-0.54,-0.80,-0.98,-1.17,-2.04,-1.80,-3.13,,-2.75,,1.67,0.19,-0.60,-3.58,2.26,-1.74,2.16,-2.11,-0.27,2.54,1.10,0.84,1,1.16,0.19,0.30,-3.73,-3.95,-5.94,-0.99,-4.26,-4,-0.80,-2.06,-3.04,-6.43,-1.82,-0.90,-1.28,0.66,-1.69,-2.40,-1.70,-0.52,-1.50,-3.65,-1.43,-0.28,-0.97,-2.02,-0.30,0.30,-1.24,-2.43,-1.64,0.99,0.67,-1.18,-0.74,-1.16,-0.90,-1.29,-1.54,,-0.90,0.05,0.38,0.27,0.11,0.18,1.10,-0.48,-0.20,0.10,-0.10,0.80,-7.50,-8.60,-2.60,-0.20,-0.90,0.10,-2.80,-7,-0.40,1.30,1.50,-0.30,-4.30,-5.70,-4,0.20,-2.20,0.10,,0.90,-0.80,-0.80,-0.80,-0.90,0.60,-0.10,-0.40,-0.60,-1,-1.60,1.70,0.80,0.80,-1.80,-1.70,-1.20,-0.40,-1.10,0.70,1.10,0.70,0.30,0,-1.40,-0.20,-1.20,-0.30,0.70,0.90,1.40,0.70,1,1.50,0.20,0.40,0.20
2008-12-10 01:10,1.80,2.73,1.43,1.72,-3.50,-1.32,0.53,1.90,-0.22,-5.54,2.09,-0.91,-3.71,2.21,1.72,-2.42,-5.98,-2.58,-7.90,-7.01,-3.63,-0.96,-8.39,,0.20,3.23,0.49,-0.56,0.47,-1.80,-0.39,0.32,-3.66,-10.31,-8.61,-6.63,-1.75,-6.11,-4.86,-2.32,-1.40,-3.60,2.32,-0.80,-10.60,-2.74,-0.70,-0.54,-0.83,-1.25,-2.86,0.30,-0.50,0.25,-1.87,-1.09,-0.54,-0.80,-1.02,-1.35,-1.99,-1.80,-3.09,,-2.69,,1.50,-0.03,-0.80,-3.62,2.40,-1.78,1.78,-2.82,-0.44,2.71,1.60,0.63,1,1.23,0.23,0.30,-3.65,-4.18,-5.82,-0.92,-4.01,-4.20,-0.61,-2.14,-3.07,-6.45,-1.87,-1.10,-1.01,0.72,-1.80,-2.29,-1.93,-0.63,-1.50,-3.67,-1.66,-0.33,-1.13,-1.82,-0.41,0.30,-1.90,-2.06,-1.75,0.89,0.82,-1.22,-0.65,-1.10,-1,-1.28,-1.53,,-0.80,0.02,0.33,0.21,-0.01,0.30,1.10,-0.49,-0.28,-0.05,-0.20,,-8,-7.40,-2.70,-0.20,-0.90,,,,,,,-0.30,-3.70,,-3.90,0.40,-2.70,0.02,,,,,,,,0,-0.40,-0.70,-1.10,-1.60,,,,,-1.80,,-0.50,-1.10,0.70,1.10,0.70,,,-1.40,,,-0.40,,,1.30,0.80,1,1.50,0.10,0.30,
2008-12-10 01:20,2.20,2.72,1.57,1.40,-2.70,-0.91,0.47,2,-0.14,-5.44,1.90,-0.84,-3.64,2.06,1.43,-2.39,-6.38,-2.85,-7.80,-6.83,-2.74,-0.79,-8.73,,0.56,2.96,0.39,-0.49,0.46,-1.20,-0.40,0.31,-4.14,-10.41,-8.49,-6.58,-1.68,-6.14,-4.92,-1.63,-0.90,-3.79,2.61,-1,-10.20,-2.64,-0.60,-0.62,-0.82,-1.19,-2.72,0.26,-0.52,0.34,-1.90,-0.99,-0.49,-0.70,-0.65,-1.19,-1.87,-1.50,-3.06,,-2.68,,1.32,-0.07,-1.10,-3.69,2.36,-1.75,1.60,-3.05,-0.48,2.58,1.70,0.51,0.80,1.18,0.21,-0.20,-3.50,-4.40,-5.53,-0.76,-4.17,-4.40,-0.61,-2.21,-3.12,-6.44,-1.94,-1.10,-0.84,0.69,-1.79,-2.16,-1.83,-0.67,-1.56,-3.62,-1.71,-0.43,-1.16,-1.61,-0.50,0.30,-1.91,-1.86,-1.74,0.88,0.82,-1.24,-0.61,-1.07,-0.90,-1.27,-1.54,,-0.80,-0.08,0.20,-0.19,-0.14,0.31,1,-0.40,-0.20,0.01,-0.30,,-7.80,-7.20,-2.70,-0.10,-0.70,,,,,,,-0.40,-3.50,,-4.50,0.60,-2.40,-0.02,,,,,,,,-0.20,-0.60,-0.80,-1.10,-1.60,,,,,-1.70,,-0.70,-1.30,0.70,1.10,0.70,,,-1.30,,,-0.50,,,1.30,0.90,1.20,1.70,0.20,0.20,
2008-12-10 01:30,2.40,3.09,2.18,1.48,-2.60,-0.69,0.64,2.90,-0.48,-5.17,1.90,-0.88,-3.67,2.09,1.46,-2.34,-6.68,-3.01,-7.80,-6.81,-1.81,-2.66,-8.60,,0.62,2.90,0.35,-0.82,0.40,-1,-0.39,0.46,-4.01,-10.58,-8.70,-6.23,-1.48,-6.42,-5.12,-1.32,-2,-3.54,2.43,-0.88,-10,-2.60,-0.50,-0.60,-1.03,-1.19,-2.68,0.24,-0.58,0.40,-1.95,-0.88,-0.38,-0.70,-0.59,-0.37,-1.77,-1.50,-3.03,,-2.52,,1.19,-0.10,-0.90,-3.89,2.49,-1.69,1.50,-2.95,-0.32,2.69,1.90,0.63,0.80,1.13,0.07,-0.30,-3.52,-4.60,-5.71,-0.81,-4.29,-4.40,-0.58,-2.14,-3.05,-6.40,-2.02,-1,-0.86,0.74,-1.85,-2.25,-1.93,-0.92,-1.68,-3.43,-1.55,-0.24,-1.15,-1.83,-0.56,0.30,-1.82,-1.97,-1.77,0.72,0.77,-1.39,-0.66,-1.07,-0.90,-1.26,-1.59,,-0.80,-0.05,0.01,-0.25,0.05,0.37,1,-0.27,-0.25,0,-0.30,,-7.90,-7.70,-2.60,0,-0.60,,,,,,,-0.50,-3.50,,-4.30,0.50,-2.20,-0.03,,,,,,,,-0.20,-0.90,-0.90,-1.20,-1.60,,,,,-1.40,,-0.50,-1.40,0.80,1.10,0.70,,,-1.30,,,-0.70,,,1.20,1.10,1.20,1.80,0.20,0.10,
2008-12-10 01:40,2.40,3.32,2.52,1.43,-2.40,-0.48,1.17,2.40,-0.64,-5.17,1.84,-1.05,-3.79,2.04,1.61,-2.22,-6.44,-2.92,-7.90,-7.15,-1.66,-3.35,-8.39,,0.37,2.99,0.24,-1.10,0.34,-1.20,-0.39,0.53,-3.55,-10.72,-8.80,-6.61,-1.31,-6.42,-5.48,-1.18,-2.30,-3.65,1.55,-0.92,-10.10,-1.14,-0.40,-0.54,-1.04,-1.19,-2.49,0.30,-0.56,0.48,-1.76,-0.80,-0.35,-0.60,-0.61,-0.01,-1.80,-1.40,-2.94,,-2.45,,1.27,-0.09,-0.60,-3.92,2.60,-1.62,1.49,-3.08,-0.24,2.83,1.80,0.55,0.82,1.05,-0.17,-0.30,-3.34,-4.72,-5.84,-0.88,-3.80,-4.20,-0.76,-1.90,-2.94,-6.47,-2.23,-0.90,-0.51,0.96,-1.73,-2.21,-1.89,-0.98,-1.73,-3.35,-1.63,-0.43,-1.23,-1.75,-0.75,0.30,-1.49,-1.99,-1.76,0.58,0.93,-1.36,-0.69,-1.16,-1,-1.31,-1.55,,-0.80,-0.04,0.03,-0.17,0.11,0.64,1,-0.28,-0.27,0.02,-0.30,,-7.80,-7.70,-2.70,0.10,-0.60,,,,,,,-0.50,-3.70,,-4.10,0.60,-2.50,0.05,,,,,,,,-0.30,-1,-0.80,-1.20,-1.60,,,,,-1.40,,-0.30,-1.60,0.80,1.10,0.70,,,-1.30,,,-0.70,,,1.20,1.20,1.20,1.90,0.20,0.10,
2008-12-10 01:50,2.40,3.39,2.45,1.42,-2.10,-0.26,1.87,3.10,-0.71,-5.04,1.76,-1.09,-3.79,2.01,1.52,-1.82,-6.13,-2.90,-7.70,-7.19,-1.53,-2.98,-8.85,,0.08,2.91,0.16,-1.06,0.32,-1,-0.22,0.41,-3.41,-11.20,-8.90,-6.76,-1.51,-6.35,-5.51,-1.11,-2.40,-3.71,1.18,-0.64,-9.60,-0.89,-0.50,-0.43,-0.93,-1.19,-2.33,0.40,-0.59,0.56,-1.75,-0.71,-0.39,-0.60,-0.53,0,-1.82,-1.40,-2.83,,-2.36,,1.35,-0.15,-0.40,-3.77,2.56,-1.61,1.29,-3.13,-0.22,2.67,1.10,0.30,0.84,1.06,-0.31,-0.40,-3.55,-4.38,-5.95,-1.06,-4.13,-4.40,-0.80,-1.90,-2.86,-6.54,-2.33,-1,-0.51,0.91,-1.86,-2.20,-1.83,-0.82,-1.85,-3.07,-1.53,-0.39,-1.24,-1.71,-0.76,0.30,-1.69,-2,-1.78,0.36,0.93,-1.32,-0.81,-1.22,-1.10,-1.40,-1.56,,-0.80,-0.21,-0.07,-0.06,0.11,0.85,1.20,-0.29,-0.13,-0.01,-0.20,,-7.40,-8,-2.60,0.10,-0.50,,,,,,,-0.50,-3.30,,-3.90,0.60,-2.40,0.11,,,,,,,,-0.50,-1.30,-0.90,-1.30,-1.70,,,,,-1.20,,-0.20,-1.60,0.90,1.20,0.70,,,-1.20,,,-0.50,,,1.20,1.30,1.30,1.90,0.20,0.10,
2008-12-10 02:00,2.50,3.22,2.06,1.70,-2.10,-0.11,1.26,3.50,-0.74,-4.89,1.81,-1.32,-3.84,1.94,1.52,-1.61,-6.18,-3.25,-7.60,-7.05,-1.63,-3.05,-9.19,,0.21,2.82,0.05,-0.99,0.41,-1,0.01,0.34,-3.45,-11.24,-8.69,-5.57,-1.49,-6.43,-5.62,-0.77,-1.90,-3.92,0.80,-0.46,-9.80,-0.11,-0.40,-0.40,-0.85,-1.19,-2.26,0.35,-0.67,0.62,-1.80,-0.68,-0.40,-0.60,-0.55,0.14,-1.84,-1.20,-2.81,,-2.30,,1.37,-0.17,-0.10,-3.90,2.26,-1.59,1.28,-2.21,-0.28,2.59,0.80,0.31,1.03,1.01,-0.63,-0.60,-3.58,-4.11,-5.96,-0.98,-4.24,-4.30,-0.81,-2.01,-2.76,-6.57,-2.40,-1,-0.50,1.08,-1.79,-2.22,-1.86,-0.91,-1.76,-3.01,-1.74,-0.21,-1.26,-1.82,-0.79,0.30,-1.54,-1.89,-1.79,0.11,0.85,-1.31,-0.78,-1.08,-1.10,-1.54,-1.63,,-0.80,-0.19,-0.08,-0.23,0.17,1.03,1.20,-0.23,0.01,-0.11,-0.30,2.10,-6.90,-7.80,-2.60,0.10,-0.40,0.30,-1.70,-6.90,-0.10,0.40,0.60,-0.40,-3,-5.70,-4,0.60,-2.40,0.20,-0.90,0.50,-1.40,-0.90,0.60,-1,0.90,-0.40,-1.20,-0.90,-1.20,-1.70,1.60,0.80,0,-2.10,-1.10,-1.20,-0.30,-1.60,0.90,1.20,0.70,,0.10,-1.60,-0.40,-1.10,-0.50,,0.90,1.30,1.20,1.30,2,0.20,0.10,0.10
2008-12-10 02:10,2.60,3.41,2.12,1.70,-2.44,-0.24,0.86,2.80,-0.72,-4.68,1.91,-1.55,-3.90,2.08,1.54,-1.70,-5.90,-3.31,-7.50,-6.78,-1.45,-2.92,-8.88,,0.32,2.87,0.41,-1.17,0.46,-1.50,0.04,0.35,-3.36,-11.04,-8.80,-6.47,-1.34,-6.30,-5.73,-0.83,-2.20,-4.27,0.77,-0.38,-9.80,0.22,-0.40,-0.42,-0.61,-1.19,-2.26,0.42,-0.43,0.66,-1.91,-0.45,-0.32,-0.60,-0.26,0.24,-1.70,-1.20,-2.74,,-2.23,,1.43,-0.21,0,-3.93,2.33,-1.45,1.31,-2.25,-0.19,2.63,0.80,0.34,1,1.07,-0.93,-0.33,-3.55,-4.23,-5.90,-1.01,-4.64,-4,-0.97,-1.94,-2.83,-6.51,-2.46,-1,-0.52,1,-1.78,-2.17,-1.94,-1.09,-1.77,-3.07,-1.70,-0.13,-1.20,-1.77,-0.77,0.20,-1.78,-1.68,-1.57,-0.03,0.79,-1.24,-0.83,-0.88,-1.20,-1.56,-1.67,,-0.80,-0.14,-0.22,-0.47,0.18,0.98,1.30,-0.28,0.02,-0.14,-0.30,,-6.90,-8,-2.60,0.10,-0.20,,,,,,,-0.50,-3.20,,-4,0.60,-2.50,0.03,,,,,,,,-0.30,-1.20,-1,-1.20,-1.70,,,,,-1.20,,-0.40,-1.80,0.90,1.20,,,,-1.60,,,-0.30,,,1.30,1.30,1.30,2,0.10,0,
2008-12-10 02:20,2.70,3.56,2.48,1.64,-2.36,-0.23,0.65,2.20,-0.52,-4.76,1.92,-1.65,-4,2.18,1.77,-1.75,-5.71,-3.26,-7.50,-6.44,-1.44,-2.84,-8.86,,0.49,2.79,0.28,-1.34,0.37,-1.50,0.07,0.38,-3.29,-11.29,-8.77,-6.60,-1.31,-6.16,-5.55,-0.91,-2.90,-4.28,0.64,-0.47,-9.60,0.69,-0.30,-0.42,-0.56,-1.17,-2.08,0.36,-0.44,0.78,-1.66,-0.48,-0.13,-0.60,-0.12,0.23,-1.58,-1.10,-2.68,,-2.12,,1.44,-0.11,-0.10,-3.82,2.52,-1.53,1.32,-2.78,0.10,2.70,0.90,0.23,0.97,0.78,-1.28,-0.29,-3.38,-4.11,-5.66,-1.05,-4.37,-4,-1,-1.97,-3.03,-6.51,-2.60,-1.10,-0.52,1.13,-1.72,-2.15,-2.09,-1.25,-1.72,-3.16,-0.90,-0.18,-1.53,-1.82,-0.77,0.20,-1.61,-1.50,-1.65,-0.15,0.81,-1.26,-0.87,-0.92,-1.30,-1.29,-1.74,,-0.70,0.12,-0.15,-0.82,0.01,0.93,1.40,-0.25,-0.10,-0.07,-0.30,,-6.80,-8.10,-1,0.20,-0.30,,,,,,,-0.10,-4.10,,-3.90,0.80,-2.20,0.11,,,,,,,,-0.60,-1.40,-1.10,-1.10,-1.70,,,,,-1.30,,-0.40,-1.80,0.90,1.20,0.70,,,-1.60,,,-0.20,,,1.30,1.30,1.20,2,0,-0.10,
2008-12-10 02:30,2.70,3.57,2.63,1.70,-2.70,-0.20,0.70,3.10,-0.51,-4.93,1.81,-1.48,-4.10,2.05,1.78,-1.70,-5.60,-3.34,-7.30,-6.71,-1.58,-2.87,-8.84,,0.42,2.69,0.22,-1.26,0.45,-1.10,-0.04,0.46,-3.41,-11.05,-8.65,-6.61,-1.50,-6.32,-5.61,-0.74,-2.50,-4.32,0.63,-0.24,-9.50,0.85,-0.30,-0.38,-0.62,-1.02,-2.09,0.35,-0.29,0.91,-1.73,-0.33,0.04,-0.60,-0.16,0.27,-1.59,-1,-2.58,,-2.04,,1.26,-0.08,0,-4.10,2.16,-1.65,1.10,-3.36,0.03,2.65,1.40,0.11,1.08,0.82,-1.63,-0.54,-3.45,-3.69,-5.67,-0.73,-4.15,-4.30,-0.88,-1.86,-3.05,-6.56,-2.37,-1.20,-0.58,1.19,-1.70,-2.22,-2.20,-1.20,-1.66,-3.30,0.78,-0.31,-1.61,-1.90,-0.72,0.10,-1.75,-1.47,-1.63,-0.26,0.94,-1.08,-0.93,-0.97,-1.30,-1.36,-1.88,,-0.70,-0.03,-0.15,-0.84,0.07,0.86,1.40,-0.22,-0.03,-0.16,-0.30,,-6.80,-8,-1.40,0.30,-0.30,,,,,,,-0.30,-4.20,,-4,0.80,-2.20,0.10,,,,,,,,-0.60,-1.50,-1.20,-1.20,-1.80,,,,,-1.20,,-0.50,-1.80,0.90,1.20,0.70,,,-1.70,,,-0.30,,,1.20,1.30,1.20,2,0.10,-0.10,
2008-12-10 02:40,2.70,3.65,2.52,1.90,-2.80,0.14,0.75,3.90,-0.48,-5,1.85,-1.36,-4.14,2.16,1.84,-1.37,-5.31,-3.35,-7,-6.70,-1.56,-2.90,-8.62,,0.34,2.61,0.30,-1.36,0.44,-1.20,0.08,0.29,-4.03,-10.55,-8.58,-6.91,-1.60,-6.59,-5.32,-0.71,-2.50,-4.24,0.99,0.04,-9.10,0.86,-0.30,-0.26,-0.76,-1.02,-1.71,0.40,0.02,1.02,-1.65,-0.32,0.04,-0.60,-0.21,0.36,-1.61,-1,-2.50,,-2.02,,1.22,-0.02,-0.20,-4.14,2.06,-1.69,1.09,-3.55,0.06,2.88,1.50,0.07,1.18,0.81,-1.70,-0.53,-3.61,-3.47,-5.80,-0.96,-4.24,-4.60,-1.10,-1.64,-2.95,-6.52,-2.03,-1.50,-0.57,1.18,-1.64,-2.42,-2.17,-1.10,-1.80,-3.34,1.22,-0.23,-1.37,-1.75,-0.72,0.10,-1.82,-1.52,-1.55,-0.46,0.96,-1.08,-1.02,-0.97,-1.20,-1.32,-1.91,,-0.60,-0.02,-0.19,-1.01,0.07,0.94,1.50,-0.22,-0.15,-0.34,-0.30,,-6.40,-8.10,-1.90,0.30,-0.20,,,,,,,-0.30,-4.40,,-4,0.80,-2.20,0.09,,,,,,,,-0.30,-1.50,-1.20,-1.10,-1.70,,,,,-1.10,,-0.50,-1.70,0.90,1.10,0.70,,,-1.50,,,-0.40,,,1.20,1.30,1.20,1.90,0,-0.20,
2008-12-10 02:50,2.90,3.85,2.55,1.93,-2.70,0.51,0.74,4,-0.44,-4.90,1.88,-1.09,-3.98,2.17,1.84,-1.76,-4.92,-3.31,-7,-5.89,-1.48,-2.91,-8.62,,0.28,2.72,-0.01,-1.29,0.59,-1,0.41,0.30,-4.10,-10.54,-8.69,-6.81,-1.23,-6.70,-5.05,-0.71,-3,-4.34,0.74,0.05,-8.40,0.59,-0.30,-0.22,-0.69,-1.10,-1.46,0.31,0.11,1.09,-1.44,-0.36,0.01,-0.60,-0.12,0.40,-1.58,-0.90,-2.44,,-1.92,,1.40,0.01,-0.30,-4.05,2.50,-1.66,1.07,-3.52,0.18,2.88,1.20,0.07,1.13,0.92,-1.96,-0.57,-3.67,-3.47,-5.64,-0.79,-4.08,-4.30,-1.27,-1.82,-2.83,-6.64,-1.94,-1.80,-0.53,1.21,-1.67,-2.37,-1.98,-1.16,-1.73,-3.36,1.56,-0.12,-1.37,-1.69,-0.54,0.10,-1.98,-1.58,-1.46,-0.53,0.80,-0.99,-1.18,-0.77,-1.10,-1.40,-1.89,,-0.70,0.04,-0.19,-1.12,0.16,0.95,1.60,-0.18,-0.06,-0.31,-0.40,,-6,-8.20,-1.20,0.30,0,,,,,,,-0.50,-4.50,,-4.10,0.80,-2.20,0.18,,,,,,,,-0.20,-1.50,-1.20,-1.20,-1.70,,,,,-1.10,,-0.60,-1.60,1,1.10,0.70,,,-1.40,,,-0.40,,,1.20,1.30,1.20,2,-0.10,0,
2008-12-10 03:00,2.90,3.73,2.58,2.01,-2.70,0.44,0.73,4,-0.23,-4.71,1.93,-0.89,-3.71,2.15,1.78,-1.11,-4.65,-3.42,-6.90,-6.31,-1.63,-2.58,-8.26,,0.35,2.65,0.01,-1.33,0.67,-1.50,0.59,0.43,-4.15,-10.08,-8.78,-6.72,-0.89,-6.50,-5.24,-0.75,-2.70,-4.51,0.37,0.10,-8.10,0.80,-0.30,-0.24,-0.66,-1.13,-1.60,0.57,0.14,1.05,-1.27,-0.32,0.09,-0.50,-0.01,0.40,-1.53,-0.70,-2.34,,-1.81,,1.37,-0.06,-0.30,-4.05,2.76,-1.69,1.08,-2.81,0.31,2.70,1.40,0.11,1.15,0.95,-1.98,-0.61,-3.70,-3.36,-5.77,-0.54,-3.94,-4,-1.44,-1.79,-2.75,-6.65,-1.92,-2.10,-0.42,1.23,-1.71,-2.59,-1.88,-1.20,-1.58,-3.12,1.64,-0.04,-1.43,-1.83,-0.55,0,-2.01,-1.75,-1.49,-0.72,0.85,-0.96,-1.19,-0.85,-1,-1.51,-1.92,,-0.70,-0.11,-0.21,-0.86,0.17,0.91,1.60,-0.07,-0.03,-0.32,-0.40,2.40,-6.80,-8.20,-0.10,0.30,0.10,0.40,-1.90,-6.40,0,0.70,0.30,-0.60,-4.20,-5.10,-4.10,0.80,-2.10,0.50,,0.40,-1.50,-2,-1.10,-1.10,0.30,-0.50,-1.60,-1.30,-1.20,-1.80,1.50,0.70,0,-2,-1.20,-0.60,-0.70,-1.50,0.90,1.10,0.70,0.20,0.30,-1.40,-0.30,-0.80,-0.40,0.90,0.90,1.20,1.20,1.30,2,-0.10,0.10,-0.10
2008-12-10 03:10,3,3.58,2.57,1.84,-2.31,0.46,1.08,4,-0.20,-4.62,1.79,-0.86,-3.83,2.18,1.96,-0.58,-5,-3.45,-6.60,-6.06,-1.72,-2.14,-8.11,,0.53,2.55,0.09,-1.28,0.82,-1.30,0.80,0.45,-4.21,-9.99,-8.66,-6.78,-0.86,-6.41,-5.16,-0.60,-3,-4.74,-0.09,0.22,-8.10,0.86,-0.30,-0.16,-0.76,-1.12,-1.82,0.68,0.14,1.12,-1.13,-0.12,0.17,-0.60,0.13,0.47,-1.46,-0.60,-2.32,,-1.74,,1.31,-0.01,0.20,-4.12,2.63,-1.52,1.17,-2.60,0.34,2.70,2,0.17,1.08,1.06,-2.12,-1,-3.76,-3.76,-5.80,-0.33,-3.98,-3.90,-1.60,-2.04,-2.91,-6.62,-1.74,-2.40,-0.29,1.27,-1.75,-2.81,-1.90,-1.10,-1.47,-3.14,1.72,0.21,-1.31,-1.64,-0.44,0,-1.68,-1.89,-1.59,-0.81,0.87,-0.80,-0.92,-0.99,-1.20,-1.65,-1.97,,-0.80,-0.22,-0.19,-0.73,0.36,0.89,1.80,-0.11,-0.22,-0.37,-0.50,,-6.60,-8.30,0.90,0.40,0.10,,,,,,,-0.80,-4.10,,-4.10,0.90,-2.20,0.39,,,,,,,,-0.40,-1.60,-1.30,-1.30,-1.80,,,,,-1.30,,-0.80,-1.60,0.90,1.10,0.70,,,-1.40,,,-0.50,,,1.20,1.20,1.20,2,-0.10,0,
2008-12-10 03:20,3.20,3.49,2.29,1.91,-2.14,0.51,1.10,3.90,-0.17,-4.47,1.98,-0.66,-3.67,2.20,2.01,-0.27,-4.91,-3.43,-6.40,-6.14,-1.81,-0.75,-7.92,,0.58,2.71,0.02,-1.29,0.80,-1.10,0.98,0.48,-4.15,-9.75,-8.55,-6.86,-0.61,-6.43,-5.28,-0.49,-3.30,-4.71,0.35,0.07,-7.90,0.98,-0.20,-0.17,-0.88,-1.11,-1.74,0.86,0.21,1.27,-1.01,-0.11,0.15,-0.50,0.23,0.41,-1.48,-0.60,-2.42,,-1.64,,1.32,0.04,0.20,-4.07,2.64,-1.45,1.20,-1.67,0.42,2.50,2.70,0.28,1.03,0.99,-2.40,-1.20,-3.99,-3.78,-5.69,-0.46,-4.42,-3.80,-1.57,-2.44,-3.02,-6.57,-1.72,-2.60,0.05,1.24,-1.69,-3.05,-1.85,-1.12,-1.46,-3.39,1.72,0.21,-1.35,-1.40,-0.33,0,-1.26,-2.03,-1.68,-1.04,0.89,-0.75,-0.91,-0.98,-1.20,-1.76,-2,,-0.80,-0.17,-0.14,-0.89,0.46,0.88,1.90,-0.15,-0.13,-0.25,-0.60,,-6.50,-8.20,0.70,0.40,0.20,,,,,,,-0.90,-4.10,,-4.10,1,-2.10,0.48,,,,,,,,-0.50,-1.60,-1.30,-1.20,-1.80,,,,,-1.10,,-1.10,-1.60,1,1,0.70,,,-1.60,,,-0.50,,,1.20,1.10,1.20,2,-0.10,-0.10,
2008-12-10 03:30,3.20,3.35,2.09,1.98,-1.86,0.25,0.98,3.70,-0.16,-4.43,2.13,-0.67,-3.70,2.13,1.88,-0.12,-4.74,-3.51,-6.10,-5.94,-1.58,-0.09,-7.91,,0.47,2.72,-0.02,-1.10,0.86,-1.10,1.07,0.57,-3.94,-9.59,-8.34,-6.54,-0.62,-6.63,-5.53,-0.32,-3.30,-4.39,0.58,0.14,-4,0.94,-0.30,-0.25,-0.72,-1,-1.65,0.75,0.23,1.14,-0.98,-0.04,0.12,-0.40,0.31,0.46,-1.49,-0.60,-2.18,,-1.58,,1.27,-0.03,-0.10,-3.98,2.73,-1.58,1.36,-1.17,0.42,2.46,3.30,0.35,1.04,0.98,-2.53,-1.20,-3.84,-3.08,-5.60,-0.45,-4.12,-3.80,-1.25,-2.34,-3.01,-6.47,-1.57,-2.60,-0.03,1.45,-1.64,-3.02,-1.84,-1.09,-1.44,-3.35,1.78,0.09,-1.22,-1.54,-0.42,0,-1.07,-2.30,-1.73,-1.16,0.85,-0.52,-0.87,-0.88,-1.20,-1.83,-2.06,,-0.90,-0.23,-0.12,-0.83,0.36,0.96,1.80,-0.08,-0.16,-0.19,-0.70,,-6.50,-8.50,1.20,0.50,0.20,,,,,,,-0.80,-4.30,,-4,1.20,-2.20,0.54,,,,,,,,-0.40,-1.70,-1.30,-1.30,-1.90,,,,,-1.20,,-1.20,-1.60,0.90,1,0.70,,,-1.60,,,-0.40,,,1.20,1.10,1.20,2,-0.20,0,
2008-12-10 03:40,3.10,3.42,2,1.89,-1.80,0.53,0.11,3.50,0.16,-4.27,1.99,-0.61,-3.91,2.33,1.62,-0.65,-4.80,-3.59,-5.90,-5.65,-1.63,0.22,-7.74,,0.40,2.93,0.07,-1.05,0.83,-1,1.06,0.58,-3.77,-9.53,-8.30,-6.38,-0.24,-6.40,-5.54,-0.35,-3.30,-4.37,0.41,0.20,-4.10,0.87,-0.20,-0.11,-0.68,-0.99,-1.72,0.98,0.22,1.25,-0.95,0.08,0.19,-0.40,0.29,0.69,-1.44,-0.60,-2.20,,-1.57,,1.19,-0.09,-0.30,-4.02,2.44,-1.73,1.54,-0.92,0.44,2.42,3.40,0.45,1.03,1.13,-2.61,-1.20,-3.93,-2.29,-5.29,-0.51,-4.05,-4.10,-1.04,-2.08,-2.83,-6.58,-1.41,-2.70,0.19,1.38,-1.68,-2.76,-1.99,-1.04,-1.39,-3.12,1.78,0.33,-1.21,-1.58,-0.31,0.10,-1.25,-2.53,-1.71,-1.16,0.86,-0.35,-0.84,-0.89,-1.30,-1.75,-2.07,,-0.80,-0.43,0.07,-0.81,0.36,0.97,1.70,-0.06,-0.41,-0.21,-0.70,,-6.20,-8.40,1.60,0.50,0.20,,,,,,,-0.80,-4.90,,-4,1.20,-2.20,0.53,,,,,,,,-0.70,-1.70,-1.20,-1.30,-1.90,,,,,-1.20,,-1.20,-1.50,1,1.10,0.70,,,-1.70,,,-0.50,,,1.20,1.10,1.20,2,-0.20,0.10,
2008-12-10 03:50,3.10,3.54,2.08,1.66,-1.74,0.34,-0.12,3.50,0.34,-4.16,1.93,-0.65,-3.85,2.27,1.61,-1.53,-4.97,-3.73,-5.70,-5.36,-1.61,0.30,-7.64,,0.44,3.01,-0.02,-0.92,0.80,-1,1.16,0.66,-3.66,-9.32,-8.24,-6.27,0.11,-5.94,-5.78,-0.49,-3.30,-4.40,0.76,0.11,-3.50,0.86,-0.20,-0.05,-0.54,-0.98,-1.87,0.96,0.24,1.36,-0.69,-0.04,0.33,-0.30,0.32,0.64,-1.44,-0.50,-2.15,,-1.60,,1.15,-0.07,-0.50,-3.94,2.40,-1.67,1.62,-0.72,0.50,2.32,3.50,0.45,1.09,1.14,-2.60,-1.20,-4.08,-2.63,-5.10,-0.67,-4.43,-4.30,-0.98,-2.14,-2.79,-6.70,-1.45,-2.70,0.23,1.54,-1.68,-2.31,-1.98,-1.02,-1.28,-3.12,1.90,0.29,-1.18,-1.58,-0.38,0.10,-1.50,-2.67,-1.82,-1.25,0.92,-0.34,-1,-0.99,-1.30,-1.80,-2,,-0.90,-0.38,-0.07,-0.53,0.48,0.93,1.80,-0.07,-0.34,-0.21,-0.70,,-5.50,-8.30,1.60,0.50,0.30,,,,,,,-0.90,-4.70,,-4,1.30,-2.10,0.56,,,,,,,,-0.70,-1.80,-1.10,-1.30,-1.90,,,,,-1.40,,-1.20,-1.50,0.90,1.10,0.60,,,-1.80,,,-0.60,,,1.20,1.10,1.20,1.90,-0.20,0,
2008-12-10 04:00,2.90,3.45,1.93,1.95,-1.67,0.50,0.19,3.90,0.24,-3.94,2.05,-0.68,-3.82,2.33,1.51,-1.90,-4.82,-3.60,-5.70,-5.27,-1.69,0.19,-7.49,,0.59,2.77,0.14,-0.99,0.80,-0.50,1.06,0.82,-3.63,-8.98,-8.10,-6.29,0.29,-5.45,-5.30,-0.24,-3.30,-4.50,0.30,0.26,-2.10,0.97,-0.20,-0.07,-0.50,-0.83,-1.87,1.06,0.22,1.41,-0.59,0.11,0.41,-0.20,0.24,0.51,-1.27,-0.40,-2.17,,-1.60,,1.01,0.02,-0.30,-3.90,2.21,-1.50,1.80,-0.58,0.61,2.27,3.40,0.21,1.17,1.09,-2.16,-1.30,-4.10,-2.63,-5.12,-0.56,-4.34,-4,-0.96,-1.95,-2.85,-6.56,-1.47,-2.80,0.36,1.63,-1.63,-2.06,-1.75,-1.09,-1.19,-3.37,1.77,0.34,-1.21,-1.52,-0.65,0.20,-1.56,-2.58,-1.96,-1.25,0.97,-0.29,-1.03,-0.77,-1.30,-1.96,-2.01,,-0.80,-0.35,0,-0.31,0.55,1,1.80,-0.16,-0.37,-0.25,-0.70,4.30,-4.20,-8.20,1.80,0.50,0.20,,-1.30,-6.40,0,1.20,0.40,-1.10,-4.60,-5.60,-3.60,1.30,-2.20,1,-1.10,0.50,-0.50,-0.40,-2.40,-0.90,0.30,-0.70,-1.90,-1.10,-1.40,-2.20,1.40,0.60,0.20,-2.10,-1.50,-1.10,-1.20,-1.60,0.90,1.10,0.60,0.30,0.30,-2.10,-0.60,,-0.70,,0.80,1.20,1.10,1.20,1.90,-0.20,0.10,-0.60
2008-12-10 04:10,2.80,3.33,1.97,1.97,-1.83,0.11,0.20,4.10,0.08,-3.63,2.01,-0.56,-3.68,2.24,1.78,-1.68,-4.91,-3.54,-5.60,-5.27,-1.66,0.02,-7.38,,0.41,2.23,0.14,-0.93,0.88,-0.20,0.88,1.23,-3.58,-8.65,-7.98,-6.04,0.43,-5.27,-4.94,0,-3.50,-4.41,0.22,0.25,-2,1.07,-0.10,-0.06,-0.60,-0.74,-1.55,1.12,0.51,1.44,-0.60,0.15,0.45,-0.20,0.30,0.57,-1.27,-0.50,-2.15,,-1.57,,0.98,0.01,-0.20,-3.94,2.39,-1.49,2.08,-0.95,0.61,2.33,3.30,-0.02,1.14,1.15,-1.56,-1.07,-4.12,-2.49,-5.17,-0.57,-4.38,-4.20,-0.70,-1.83,-2.90,-6.51,-1.35,-2.90,0.67,1.60,-1.68,-2.13,-1.82,-1.08,-1.24,-3.60,1.57,0.34,-1.11,-1.62,-0.64,0.20,-1.41,-2.65,-2.10,-1.19,0.72,-0.29,-1.06,-0.54,-1.20,-1.91,-2.08,,-0.80,-0.21,-0.20,-0.42,0.50,1.02,1.90,-0.19,-0.39,-0.19,-0.70,,-3.70,-8.30,2.10,0.70,0.20,,,,,,,-1.40,-4.80,,-3.60,1.30,-2.20,0.90,,,,,,,,-0.60,-2,-1.20,-1.30,-2.20,,,,,-1.60,,-1.20,-1.70,0.90,1.10,0.60,,,-2.10,,,-0.70,,,1.20,1.20,1.20,1.90,-0.10,0,
2008-12-10 04:20,2.80,3.33,1.88,1.97,-1.95,0.21,-0.51,3.60,0.02,-3.39,1.77,-0.58,-3.37,2.24,1.91,-1.80,-4.80,-3.58,-5.50,-5.05,-1.62,0.47,-7.16,,0.36,2.08,0.28,-0.93,1,-0.30,1.02,1.44,-3.72,-8.28,-7.79,-6.18,0.67,-5.11,-4.42,-0.09,-4,-4.66,0.52,0.19,-0.90,1.08,0.10,0.09,-0.70,-0.79,-1.06,1.13,0.62,1.44,-0.69,0.05,0.48,-0.20,0.49,0.73,-1.31,-0.40,-2.11,,-1.64,,0.97,0.01,-0.10,-3.94,2.53,-1.57,2.29,-1.43,0.57,2.35,3.50,0.21,1.11,1.10,-1.08,-1.32,-4.04,-2.40,-5.21,-0.49,-4.53,-4.10,-0.53,-1.83,-2.86,-6.41,-1.32,-2.90,0.55,1.63,-1.55,-2.55,-1.88,-1.06,-1.18,-3.77,1.47,0.25,-1.06,-1.70,-0.73,0.10,-1.28,-2.66,-2.26,-1.24,0.70,-0.27,-1.03,-0.73,-1.20,-1.97,-2.15,,-0.80,-0.23,-0.27,-0.07,0.42,1.06,2,-0.25,-0.03,-0.28,-0.60,,-3.40,-8.30,2.30,0.80,0.30,,,,,,,-1.50,-4.40,,-3.70,1.50,-2.20,0.91,,,,,,,,-0.70,-2.10,-1.20,-1.30,-2.20,,,,,-1.40,,-1.30,-2.20,0.90,1,,,,-2.20,,,-0.80,,,1.20,1.20,1.20,2,0,0,
2008-12-10 04:30,2.60,3.51,1.73,1.84,-1.91,-0.40,-0.04,3.90,0.04,-3.14,1.96,-0.37,-3.33,2.17,2.08,-1.81,-4.68,-3.59,-5.40,-4.71,-1.51,0.56,-6.95,,0.45,2.89,0.34,-0.83,1.04,0.10,1.32,1.41,-4,-7.98,-7.71,-5.78,1.10,-5.31,-2.43,-0.22,-3.90,-4.38,0.45,0.35,1.10,1.07,0.10,0.06,-0.54,-0.91,-0.88,1.18,0.52,1.49,-0.65,0.13,0.48,-0.20,0.56,0.97,-1.30,-0.40,-2.08,,-1.52,,1.12,-0.02,-0.30,-3.91,2.16,-1.62,2.07,-1.53,0.56,2.61,3.40,0.17,1.10,1.19,-0.59,-1.19,-4,-2.71,-5.08,-0.41,-4.39,-4.20,-0.44,-1.84,-2.79,-6.47,-1.20,-2.80,0.57,1.76,-1.61,-2.70,-1.79,-1.08,-1.16,-3.59,1.39,0.29,-1.14,-1.80,-0.79,0.10,-1.25,-2.69,-2.28,-1.25,0.71,-0.17,-0.99,-0.90,-1.30,-2.06,-2.18,,-0.80,-0.47,-0.19,-0.43,0.42,0.99,2,-0.29,0.10,-0.32,-0.50,,-1.10,-8.20,2.60,0.90,0.40,,,,,,,-1.40,-4,,-3.70,1.60,-1.90,0.90,,,,,,,,-0.70,-2.10,-1.20,-1.30,-2.30,,,,,-1.40,,-1.30,-2.20,0.90,1,0.60,,,-2.40,,,-0.80,,,1.20,1.20,1.10,2,0,0,
2008-12-10 04:40,2.40,3.51,1.61,1.89,-1.95,-0.74,0.93,3.90,-0.07,-2.32,1.85,-0.22,-3.25,2.15,2.12,-1.63,-4.37,-3.58,-5.30,-5.01,-1.49,0.31,-6.81,,0.42,3.04,0.60,-0.81,0.96,0.40,1.62,1.49,-4.27,-7.73,-7.60,-5.86,1.48,-5.33,-1.22,0.02,-3.40,-4.34,1.08,0.36,2.10,1.08,0,0.14,-0.40,-0.87,-0.82,1.34,0.75,1.57,-0.64,0.37,0.54,-0.20,0.55,0.86,-1.24,-0.50,-2.06,,-1.64,,1.02,-0.06,-0.10,-3.98,0.37,-1.54,2.11,-1.61,0.47,2.62,3.20,-0.12,1.12,1.41,-0.81,-1.18,-3.95,-2.87,-4.92,-0.29,-4.33,-4.40,-0.30,-2.02,-2.82,-6.41,-1.26,-2.60,0.71,1.77,-1.57,-2.43,-1.75,-1.10,-1.14,-3.66,1.43,0.51,-1.25,-1.82,-0.75,0,-1.69,-2.93,-1.97,-1.41,0.74,-0.22,-0.80,-0.91,-1.40,-2.21,-2.19,,-0.90,-0.48,-0.32,-0.23,0.43,0.99,2.10,-0.18,0.23,-0.33,-0.50,,-3.60,-8.20,2.70,1,0.60,,,,,,,-1.50,-4.10,,-3.40,1.70,-1.80,1.04,,,,,,,,-0.40,-2.10,-1.20,-1.30,-2.20,,,,,-1.20,,-1.30,-2.30,0.90,1.10,0.60,,,-2.40,,,-0.70,,,1.20,1.20,1.20,2,0.10,0,
2008-12-10 04:50,2.40,3.12,1.58,1.55,-2.05,-0.85,1.22,4,-0.08,0.63,1.93,-0.13,-3.07,2.22,2.06,-1.63,-4.42,-3.52,-5.20,-4.97,-1.35,0.31,-6.66,,0.37,2.81,0.32,-0.64,1.12,0.40,1.64,1.47,-4.16,-7.45,-7.58,-5.41,1.76,-5.31,-1.74,0.10,-3.30,-4.07,1.17,0.27,0.20,1.09,0,0.24,-0.21,-0.84,-0.77,1.38,0.75,1.56,-0.68,0.47,0.54,-0.30,0.56,0.84,-1.16,-0.50,-1.98,,-1.57,,1.21,-0.04,0.30,-3.83,-0.13,-1.43,1.71,-1.83,0.54,2.50,3,0.02,1.25,1.73,-1.36,-1.08,-3.71,-3.35,-5,-0.21,-4.22,-4.10,-0.37,-2.19,-2.75,-6.36,-0.97,-2.10,0.75,1.69,-1.54,-2.62,-1.81,-1.13,-1.23,-3.88,1.36,0.47,-1.38,-2.05,-0.89,-0.20,-1.36,-2.97,-1.97,-1.48,0.74,-0.16,-0.76,-0.99,-1.40,-2.24,-2.18,,-1.10,-0.37,-0.51,-0.57,0.53,1.07,2,-0.12,0.30,-0.48,-0.50,,-2.50,-8.20,2.70,0.90,0.70,,,,,,,-1.50,-4.80,,-3.40,1.80,-1.70,1.08,,,,,,,,-0.40,-2.10,-1.30,-1.30,-2.30,,,,,-1.30,,-1.30,-2.20,0.90,1.10,0.60,,,-2.40,,,-0.70,,,1.20,1.20,1.30,2,0,-0.10,
2008-12-10 05:00,2.40,3.20,1.45,1.45,-2.20,-1.12,0.86,3.70,-0.16,1.86,1.96,-0.09,-2.96,2.34,1.90,-1.79,-3.47,-3.42,-5.10,-4.67,-1.42,0.10,-6.46,,0.51,3.27,0.58,-0.53,1.04,0.20,1.72,1.74,-4.09,-7.47,-7.41,-4.99,1.66,-5.30,-1.82,-0.05,-3.10,-4.07,1.43,0.41,0.80,1.27,0,0.14,-0.28,-0.82,-0.80,1.46,0.76,1.61,-0.61,0.48,0.51,-0.20,0.50,0.92,-1.16,-0.50,-1.99,,-1.51,,1.15,0.01,0.40,-3.76,-0.21,-1.31,1.42,-1.53,0.37,2.39,2.90,0.30,1.10,1.93,-1.59,-1.05,-3.74,-3.55,-5.12,-0.11,-4.23,-3.80,-0.31,-2.24,-2.73,-6.23,-0.88,-1.90,0.83,1.78,-1.49,-2.95,-1.80,-0.99,-1.12,-3.89,1.47,0.48,-1.23,-1.94,-0.86,-0.50,-1.28,-3.01,-2.11,-1.53,0.89,-0.11,-0.73,-1.15,-1.40,-2.33,-2.26,,-1.10,-0.35,-0.55,-0.43,0.44,1.08,2,0.05,0.49,-0.55,-0.40,3.60,1.90,-8.30,2.70,1,0.60,,-1.50,-5,-0.10,2,1.50,-1.50,-4.80,-5.70,-3.50,1.90,-1.60,1.60,,0,-0.60,0.10,-1.20,-1.40,0.90,-0.40,-2.10,-1.30,-1.20,-2.50,1.50,0.60,0.50,-2,-1.30,-1.10,-1.30,-2.20,0.80,1.10,0.60,,0.50,-2.40,-0.60,-1.30,-0.70,,0.80,1.20,1.20,1.30,2,0,-0.10,-1.10
2008-12-10 05:10,2.40,3.39,1.37,1.63,-2.40,-1.55,0.69,3.60,-0.42,1.74,2.08,0.03,-2.85,2.34,1.98,-1.89,-3.82,-3.49,-4.90,-4.26,-1.37,-0.17,-6.45,,0.83,3.25,0.60,-0.30,0.95,0.20,1.89,2.35,-4.05,-7.66,-7.17,-1.90,1.76,-5.06,-1.38,-0.11,-2.80,-4.01,1.43,0.67,2.40,1.23,0,0.25,-0.33,-0.81,-0.91,1.58,0.87,1.72,-0.45,0.36,0.54,-0.20,0.60,1.07,-1.11,-0.40,-2.06,,-1.48,,1.11,-0.05,0.40,-3.75,0.09,-1.32,1.21,-1.32,0.50,2.54,3,0.43,1.03,2.14,-2.02,-1.30,-3.79,-4.24,-5.31,0.01,-4.20,-3.50,-0.14,-2.24,-2.77,-6.16,-0.72,-1.40,0.99,1.86,-1.46,-3.22,-1.91,-1.17,-1.20,-3.80,1.38,0.59,-1.10,-2,-0.90,-0.70,-1.39,-2.98,-2.29,-1.53,0.84,-0.11,-0.39,-1.31,-1.30,-2.25,-2.29,,-1.20,-0.33,-0.64,-0.42,0.41,1.02,2.10,0.15,0.56,-0.70,-0.30,,2,-8.40,3,1,0.60,,,,,,,-1.50,-5,,-3.50,1.90,-1.50,1.25,,,,,,,,-0.90,-2.10,-1.50,-1.30,-2.50,,,,,-1.40,,-1.30,-2,0.80,1.10,0.60,,,-2.40,,,-0.80,,,1.20,1.10,1.30,2,0.10,-0.20,
2008-12-10 05:20,2.50,3.41,1.26,1.73,-2.50,-1.32,0.99,3.50,-0.47,1.23,2.12,-0.32,-2.69,2.27,1.93,-1.79,-4.24,-3.47,-4.70,-4.18,-1.50,-0.27,-6.35,,0.87,3.10,0.66,-0.13,0.99,0.70,1.74,2.32,-4.03,-7.68,-6.95,-0.55,1.80,-4.80,-1.60,-0.11,-2.70,-3.97,1.40,0.70,3,1.23,-0.10,0.23,-0.36,-0.77,-0.97,1.48,1,1.75,-0.32,0.28,0.56,-0.10,0.54,0.88,-1.12,-0.40,-2.05,,-1.42,,1.16,-0.05,0.40,-3.67,-0.01,-1.46,1.44,-1.59,0.38,2.42,2.90,0.80,1.03,2.24,-2.38,-1.20,-3.69,-4.27,-5.33,0.01,-4.31,-3.40,-0.14,-2.25,-2.79,-6.04,-0.73,-0.90,0.98,1.99,-1.39,-3.27,-1.96,-1.08,-1.17,-3.86,1.36,0.46,-1.06,-1.98,-0.83,-0.80,-1.70,-2.92,-2.33,-1.46,0.85,-0.11,-0.29,-1.32,-1.30,-2.28,-2.22,,-1.20,-0.29,-0.53,-0.60,0.50,1.01,2,0.16,0.45,-0.72,-0.30,,2.60,-8.40,3,1,0.70,,,,,,,-1.70,-4.60,,-3.40,2,-1.40,1.38,,,,,,,,-1.20,-2.10,-1.50,-1.30,-2.50,,,,,-1.40,,-1.40,-2.10,0.80,1.10,0.60,,,-2.50,,,-1,,,1.20,1.20,1.20,2,0.10,-0.20,
2008-12-10 05:30,2.70,3.40,1.34,1.61,-2.50,-0.44,1.53,3.60,-0.58,1.20,2.13,-0.90,-2.37,2.18,1.71,-1.59,-4.21,-3.46,-4.60,-4.42,-1.53,0.08,-6.42,,0.60,2.79,0.54,0.18,0.98,0.90,1.81,2.24,-3.87,-7.50,-6.82,-0.12,1.88,-4.69,-2.13,-0.02,-2.40,-3.85,1.11,0.69,2.50,1.19,0,0.17,-0.18,-0.73,-0.93,1.55,1.05,1.64,-0.08,0.35,0.71,-0.10,0.64,0.94,-1.18,-0.40,-1.95,,-1.49,,1.17,-0.04,0.30,-3.55,-0.12,-1.47,1.45,-1.62,0.23,2.39,2.80,0.94,1.03,2.21,-2.53,-1.10,-3.79,-4.12,-5.36,-0.22,-4.08,-3.60,-0.09,-1.86,-2.88,-5.93,-0.90,-0.60,1.03,1.86,-1.20,-3.22,-2.21,-1,-1.10,-3.74,1.36,0.60,-1.18,-1.95,-0.61,-0.90,-1.74,-2.82,-2.22,-1.41,0.87,-0.09,-0.30,-1.39,-1.20,-2.31,-2.38,,-1.10,-0.20,-0.60,-0.56,0.42,0.92,2,0.30,0.50,-0.58,-0.30,,1.90,-8.30,3.20,1,0.80,,,,,,,-1.70,-4.40,,-3.30,2,-1.40,1.38,,,,,,,,-1,-2.20,-1.60,-1.30,-2.60,,,,,-1.50,,-1.40,-2.10,0.80,1.10,0.60,,,-2.60,,,-1.10,,,1.20,1.10,1.30,2,0,-0.30,
2008-12-10 05:40,2.80,3.36,1.16,1.65,-2.40,-1.40,1.09,3.40,-0.66,1.08,2.19,-1.07,-2.24,2.18,1.68,-1.80,-4,-3.39,-4.60,-4.24,-1.44,-0.21,-6.37,,0.87,3.04,0.35,0.14,0.95,1.20,1.97,2.46,-3.95,-7.32,-6.79,0.06,2.04,-3.56,-2.38,-0.07,-2.30,-3.76,1.34,0.60,2.80,1.27,0,0.18,-0.12,-0.66,-0.85,1.58,1.08,1.79,0.02,0.60,0.78,-0.10,0.86,0.75,-1.11,-0.40,-1.93,,-1.58,,0.99,-0.24,0.20,-3.53,-0.20,-1.40,1.45,-1.02,0.19,2.28,2.70,1.05,1.03,2.32,-2.48,-1.20,-3.87,-3.84,-5.24,-0.11,-4.12,-3.60,-0.05,-1.66,-2.75,-5.90,-0.89,-0.50,1.18,2.04,-1.30,-3.29,-2.12,-0.96,-1.10,-3.52,1.27,0.73,-1.31,-2.20,-0.54,-1,-1.59,-2.66,-2.08,-1.35,0.88,-0.06,-0.27,-1.28,-1.10,-2.26,-2.43,,-1.10,-0.23,-0.65,-0.47,0.40,1.03,2.10,0.23,0.49,-0.63,-0.30,,2.60,-8.20,3.10,1,0.90,,,,,,,-1.70,-4.50,,-3.40,2,-1.50,1.48,,,,,,,,-0.90,-2.20,-1.60,-1.20,-2.70,,,,,-1.50,,-1.40,-2.30,0.80,1.10,0.60,,,-2.70,,,-1.20,,,1.20,1,1.30,2,0,-0.30,
2008-12-10 05:50,2.60,3.18,1.16,1.69,-2.50,-1.36,1.69,3.30,-0.67,1.22,2.20,0.02,-2.04,2.01,1.70,-1.59,-2.99,-3.27,-4.60,-4.12,-1.40,-0.10,-6.38,,0.66,3.29,0.15,0.26,1.03,0.90,1.96,2.81,-3.91,-7.29,-6.67,0.24,2.20,-2.99,-2.66,0.04,-1.90,-3.97,1.80,0.71,1.50,1.41,0.10,0.11,-0.24,-0.72,-1.04,1.71,1.28,1.87,0.20,0.50,0.89,-0.10,0.77,0.64,-1.13,-0.50,-1.84,,-1.57,,0.93,-0.37,0,-3.45,-0.46,-1.39,1.35,-1.31,0.23,2,2.60,1.02,1.11,2.10,-2.40,-1,-3.96,-3.53,-5.16,-0.13,-4.52,-4,-0.49,-1.79,-2.55,-5.86,-0.86,-0.50,1.32,2.01,-1.20,-2.97,-1.97,-0.98,-0.95,-3.48,1.14,0.69,-1.24,-2.44,-0.73,-1.10,-1.47,-2.64,-2.17,-1.33,0.80,-0.07,-0.23,-1.07,-1,-2.24,-2.38,,-1.30,-0.31,-0.49,-0.52,0.45,1.06,2,0.21,0.27,-0.76,-0.20,,2.40,-8.10,3.10,1.10,0.80,,,,,,,-1.80,-4.60,,-3.30,2,-1.30,1.64,,,,,,,,-0.80,-2.30,-1.70,-1.30,-2.70,,,,,-1.40,,-1.40,-2.60,0.80,1.10,0.60,,,-2.70,,,-1.30,,,1.20,1.10,1.30,2,0,-0.20,
2008-12-10 06:00,3,3,1.25,2,-3,-1.80,2.16,3.50,-0.53,1.31,2.31,0.36,-1.79,2,1.69,-1,-2,-3.44,-4,-4.09,-1.39,-0.11,-6.34,2,1,1,0.17,0.43,1,1,1,3,-3.88,-7,-6.50,1,3,-3,-1,1,-3,-4,2,1,3.40,1.30,0,0.14,0,-0.69,-1,2,1.46,1.94,0.18,1,1,0,1,0.94,-1.06,0,-1.84,,-1.49,,0.84,-0.18,0,-3.63,-0.54,-1.36,1.49,-1.41,0.29,2.06,2.70,1.05,1,2,-5,-1,-3.85,-3,-5.40,-0.27,1,-4,-0.73,-2.04,-2.44,-5.77,-1,-0.40,1,2.04,-1.11,-2.82,-1.72,-0.95,-0.82,-3.44,1.24,0.77,-1.42,-2.55,-0.94,-1.10,-1.23,-2.67,-2.28,-1.39,0.90,-0.08,-0.21,-1.04,-0.90,-2.18,-2.48,,-1.40,-0.49,-0.49,-0.74,0.37,1.30,1.80,0.16,1.20,-0.72,-0.30,3,2,-8,3,0.90,0.80,1,-3,-5,0,2,1,-2,-4,-4.90,-3.10,2.10,-1.20,1.80,,-0.60,-1,0,-1.60,-1.30,1.30,-0.60,-2.30,-1.60,-1.30,-2.70,1.40,0.70,0.80,-2.10,-1.50,-1.30,-1.40,-2.50,0.90,1.10,0.60,0.40,0.70,-2.70,-0.80,,-1.30,1,0.80,1.20,1.10,1.40,2.10,0.10,-0.30,-1.50
2008-12-10 06:10,2.60,3.06,1.16,1.95,-2.60,-1.56,1.79,3.40,-0.56,1.36,2.32,0.33,-1.85,1.99,1.65,-1.48,-1.65,-3.32,-4.50,-3.82,-1.38,-0.27,-6.29,,1.19,1.81,0.45,0.58,0.48,0.40,1.82,3.32,-3.93,-7.33,-6.26,0.56,2.46,-1.79,-2.39,0.06,-1,-3.62,2.27,0.88,3.60,1.35,0.10,0.27,-0.31,-0.68,-1.06,1.73,1.56,1.96,0.19,0.59,0.84,0,0.86,0.99,,-0.40,-1.86,,-1.54,,0.78,-0.17,0.10,-3.78,-0.81,-1.29,1.79,-1.50,0.17,2.29,2.60,1.06,1.10,1.87,-1.05,-0.90,-3.96,-2.98,-5.23,-0.44,-4.25,-4.40,-0.67,-2.06,-2.49,-5.75,-0.88,-0.20,1.37,2.02,-1.01,-2.91,-1.50,-0.86,-0.67,-3.36,1.20,0.77,-1.49,-2.61,-0.77,-1,-1.12,-2.66,-2.32,-1.46,0.86,-0.01,-0.08,-1.03,-0.90,-2.26,-2.47,,-1.50,-0.51,-0.42,-0.75,0.43,1.18,2.10,0.19,0.47,-0.76,-0.30,,2.10,-7.80,3.20,1,0.80,,,,,,,-1.90,-4.10,,-3.10,2.10,-1.10,1.72,,,,,,,,-0.50,-2.30,-1.50,-1.20,-2.70,,,,,-1.50,,-1.40,-2.60,0.90,1.10,0.60,,,-2.70,,,-1.40,,,1.30,1.20,1.40,2.10,0.20,-0.30,
2008-12-10 06:20,2.60,2.85,1.32,1.88,-2.50,-1.14,1.26,3.30,-0.79,1.56,2.27,0.54,-1.68,2.16,1.54,-1.49,-1.90,-3.55,-4.50,-3.71,-1.28,-0.31,-5.98,,1.41,1.42,0.94,0.58,0.32,0,1.78,3.39,-3.89,-7.18,-5.98,0.67,2.41,-2.53,-2.53,0.32,-1.60,-3.67,1.94,0.95,3.40,1.24,0.10,0.31,-0.20,-0.64,-1.24,1.74,1.45,1.96,0.25,0.70,0.85,0,0.88,1.07,,-0.30,-1.95,,-1.49,,0.92,-0.15,0,-3.85,-0.93,-1.43,1.67,-1.77,0.10,2.34,2.50,0.98,1,1.76,-1.18,-0.90,-4.26,-3.25,-5.06,-0.43,-4.20,-4.30,-0.96,-1.91,-2.30,-5.65,-0.95,0,1.21,2.03,-0.91,-2.83,-1.74,-0.60,-0.60,-3.34,1.20,0.78,-1.52,-2.72,-0.78,-0.90,-1.27,-2.59,-2.34,-1.50,0.94,0.09,0.07,-0.85,-0.80,-2.28,-2.54,,-1.50,-0.49,-0.45,-0.50,0.48,1.16,2,0.24,0.16,-0.68,-0.30,,3,-7.80,3.10,0.90,0.70,,,,,,,-2,-4.10,,-3.10,2,-1,1.78,,,,,,,,-0.70,-2.30,-1.40,-1.20,-2.80,,,,,-1.50,,-1.40,-2.50,1,1.20,0.60,,,-2.70,,,-1.40,,,1.30,1.20,1.40,2.10,0.10,-0.30,
2008-12-10 06:30,2.50,2.89,1.41,1.98,-2.60,-0.76,0.81,3.20,-0.72,1.67,2.29,0.64,-1.59,2.13,1.51,-1.47,-2.77,-3.65,-4.20,-3.32,-1.01,-0.42,-5.86,,1.29,1.32,1.02,0.57,0.01,-0.10,1.97,3.34,-3.99,-6.73,-5.82,0.79,2.40,-2.08,-2.46,0.15,-0.90,-3.84,2.01,0.78,3.50,1.29,0.20,0.25,-0.20,-0.58,-0.99,1.88,1.51,1.92,0.20,0.71,0.81,0,0.71,1.21,,-0.30,-1.96,,-1.46,,1.01,-0.12,-0.30,-3.76,-0.92,-1.39,1.47,-1.57,0.31,2.29,2.30,1,1.10,1.57,-1.87,-0.80,-4.24,-3.24,-5.13,-0.01,-4.46,-4.20,-0.81,-1.67,-2.36,-5.66,-1.02,0.20,1.36,2.03,-0.83,-2.27,,-0.48,-0.72,-3.27,1.19,0.91,-1.69,-2.80,-0.83,-0.80,-1.30,-2.64,-2.35,-1.62,0.91,0.01,0.12,-0.79,-0.90,-2.08,-2.64,,-1.50,-0.44,-0.37,-0.74,0.47,1.16,2,0.40,0.49,-0.90,-0.30,,2.80,-8,3.30,1,0.80,,,,,,,-2.10,-4.10,,-3,2,-0.80,1.64,,,,,,,,-0.60,-2.20,-1.50,-1.10,-2.80,,,,,-1.40,,-1.30,-2.40,1,1.10,0.60,,,-2.30,,,-1.50,,,1.20,1.20,1.50,2.10,0.10,-0.40,
2008-12-10 06:40,2.30,2.81,1.35,1.90,-2.70,-0.12,1.17,3,-0.63,1.68,2.30,0.91,-1.79,2.25,1.57,-1.54,-2.66,-3.36,-4.10,-3.16,-0.92,-0.32,-5.70,,1.09,0.92,1.40,0.71,0.33,-0.50,2.12,3.51,-3.95,-6.60,-5.70,0.95,2.30,-0.28,-2.73,-0.07,-1.90,-4.06,0.74,0.99,3.30,1.30,0.20,0.25,-0.28,-0.54,-0.96,1.81,1.51,1.93,0.32,0.66,0.79,-0.10,0.83,1.23,,-0.30,-1.99,,-1.42,,0.86,-0.03,-0.50,-3.66,-0.82,-1.39,1.39,-1.53,0.27,2.34,2.30,1,1,1.42,-2.09,-0.80,-4.27,-3.45,-5.01,-0.01,-4.46,-4.70,-0.70,-1.59,-2.29,-5.68,-1.20,0.30,1.33,2.09,-0.74,-2.47,-1.70,-0.54,-0.57,-3.20,1.10,0.93,-1.64,-3.05,-0.89,-0.70,-1.05,-2.69,-2.21,-1.72,0.89,0.03,0.18,-0.54,-0.80,-2.12,-2.70,,-1.50,-0.48,-0.32,-0.83,0.51,1.16,2.20,0.44,0.48,-0.80,-0.40,,2.90,-8,3.20,0.90,0.80,,,,,,,-2.10,-4.40,,-3,2.10,-1,1.77,,,,,,,,-0.50,-2.30,-1.50,-0.90,-2.90,,,,,-1.40,,-1.30,-2.60,1,1,0.60,,,-2.20,,,-1.60,,,1.30,1.30,1.40,2.20,0.10,-0.40,
2008-12-10 06:50,2.20,2.89,1.30,1.70,-2.70,-0.60,1.39,2.90,-0.55,1.30,2.29,0.93,-1.96,2.39,1.51,-1.58,-3.41,-3.44,-4.10,-3.27,-0.93,0,-5.56,,0.63,1.12,1.78,0.89,0.78,-0.50,2.20,3.65,-3.64,-6.24,-5.45,1.11,2.41,-0.41,-2.08,0.23,-2.10,-4.40,0.34,0.66,3.50,1.21,0.20,0.21,-0.42,-0.49,-0.87,1.93,1.60,1.97,0.26,0.61,0.77,-0.10,0.84,1.19,,-0.20,-1.81,,-1.29,,1.11,-0.05,-0.60,-3.66,-0.83,-1.43,1.21,-1.47,0.22,2.18,2.30,1.07,1,1.21,-1.62,-0.80,-4.25,-3.61,-4.93,-0.17,-4.41,-4.80,-0.66,-1.54,-2.18,-5.64,-1.23,0.40,1.21,2.13,-0.57,-2.43,-1.61,-0.63,-0.61,-3.07,1.04,0.91,-1.59,-3.21,-0.99,-0.50,-1.17,-2.64,-2.09,-1.60,0.89,0.18,0.14,-0.61,-0.80,-2.27,-2.61,,-1.40,-0.62,-0.35,-1.09,0.53,1.14,2.10,0.33,0.35,-0.76,-0.40,,3,-7.80,3.30,1.10,0.80,,,,,,,-1.50,-4.30,,-3,2.10,-1,,,,,,,,,-0.40,-2.30,-1.50,-0.80,-2.90,,,,,-1.20,,-1.30,-2.60,1.10,1.10,0.60,,,-2.10,,,-1.40,,,1.20,1.30,1.40,2.20,0.10,-0.40,
2008-12-10 07:00,2.50,2.87,1.31,1.58,-2.50,-1.10,2.15,2.90,-0.43,0.73,2.33,0.96,-2.01,2.30,1.58,-1.65,-4.05,-3.47,-4,-3.03,-0.82,-0.06,-5.46,,0.76,1.28,1.73,0.95,0.91,1.10,2.08,3.69,-3.84,-6.15,-5.20,1.05,2.43,-1.04,-2.24,0.36,-2.80,-4.04,0.54,0.71,3.20,1.22,0.30,0.27,-0.20,-0.49,-0.90,2.02,1.62,1.94,0.19,0.70,0.73,-0.10,0.82,1.40,,-0.10,-1.79,,-1.26,,1.09,-0.04,-0.80,-3.60,-0.92,-1.36,1.16,-1.49,0.17,2.15,2.20,1,0.90,1.16,-1.32,-0.70,-4.33,-3.98,-4.76,-0.33,-4.31,-4.70,-0.56,-1.77,-2.19,-5.59,-1.08,0.40,1.57,2.01,-0.42,-2.19,-1.36,-0.54,-0.65,-2.88,0.85,0.78,-1.49,-3.26,-1.06,-0.40,-1.16,-2.83,-1.93,-1.71,0.86,0.17,0.05,-0.54,-0.70,-2.35,-2.60,,-1.50,-0.34,-0.34,-1.11,0.43,1.18,2.20,0.39,0.51,-0.64,-0.50,2.10,3.30,-7.70,3.60,1.10,0.90,1.10,-2.90,-4.60,-1.40,1.70,1.10,-1.40,-4.20,-4.20,-3,2.30,-0.90,2.10,0.10,-0.30,0.10,0.80,-0.80,-1.20,-0.20,-0.20,-2.30,-1.40,-0.70,-2.60,1.30,0.50,0.90,-2.20,-1.30,-1.40,-1.20,-2.60,1.10,1.20,0.60,0.30,0.70,-2.10,-1,-1.50,-1.40,1.20,0.80,1.30,1.30,1.50,2.40,0,-0.40,-0.50
2008-12-10 07:10,2.70,2.99,1.35,1.60,-2.40,-1.03,2.33,2.90,-0.48,0.38,2.39,0.45,-1.93,2.37,1.67,-1.65,-4.05,-3.32,-3.90,-3.31,-0.78,-0.51,-5.39,,1.22,1.58,1.72,1.13,1.27,0.30,2.15,3.42,-3.69,-5.96,-4.94,1.18,2.71,-0.49,-2.33,0.20,-2.60,-4.03,0.92,0.86,3.50,1.29,0.30,0.17,-0.19,-0.43,-0.78,1.99,1.72,1.98,0.34,0.63,0.65,0,0.74,1.31,,-0.10,-1.82,,-1.26,,0.90,-0.03,-0.50,-3.67,-0.86,-1.49,1.22,-1.45,-0.09,2.24,2.30,1.01,1,1.02,-1.39,-0.56,-4.38,-4.08,-4.57,-0.40,-3.94,-4.50,-0.53,-1.63,-2.24,-5.42,-1.13,0.30,1.53,2.07,-0.38,-2.14,-1.17,-0.38,-0.57,-2.74,0.74,1.18,-1.26,-3.60,-0.96,-0.30,-1.05,-3.01,-1.70,-1.72,0.91,0.07,0.06,-0.44,-0.70,-2.36,-2.60,,-1.50,-0.25,-0.33,-1.11,0.32,1.18,2.20,0.46,0.58,-0.65,-0.60,,3.40,-7.50,3.90,1.20,1,,,,,,,-1.40,-4.20,,-3,2.30,-0.90,1.92,,,,,,,,-0.40,-2.30,-1.10,-0.60,-2.60,,,,,-1.20,,-1.20,-2.40,1.10,1.20,0.60,,,-2.10,,,-1.20,,,1.20,1.30,1.50,2.40,0.10,-0.50,
2008-12-10 07:20,3,3.10,1.36,1.77,-2.40,-0.36,2.27,2.90,-0.39,0.53,2.57,0.18,-1.95,2.47,1.79,-1.37,-4.07,-3.15,-3.80,-3.20,-0.54,-0.71,-5.22,,0.67,1.86,1.46,1.26,1.63,-0.20,2.30,3.44,-3.51,-5.84,-4.55,1.34,2.84,1.11,-2.12,0.24,-2.60,-3.63,1.18,0.76,3.70,1.34,0.30,0.23,-0.17,-0.54,-0.81,2,1.78,2.11,0.51,0.66,0.78,0,0.76,1.42,,0,-1.79,,-1.18,,0.71,-0.12,-0.50,-3.61,-0.85,-1.69,1.34,-1.42,0.07,2.05,2.50,1.18,1.10,0.87,-0.73,-0.48,-4.03,-3.39,-4.47,-0.49,-4,-4.40,-0.43,-1.40,-2.12,-5.32,-1.27,0.50,1.69,2.18,-0.29,-1.84,-1.02,-0.22,-0.48,-2.55,0.26,1.13,-0.83,-3.51,-0.91,-0.20,-0.96,-2.71,-1.67,-1.58,1,0.13,0.28,-0.39,-0.60,-2.23,-2.57,,-1.40,-0.49,-0.33,-1.15,0.38,1.21,2.20,0.38,0.48,-0.68,-0.60,,2.70,-7.40,3.70,1.20,0.90,,,,,,,-1.10,-4.10,,-3,2.50,-0.80,1.89,,,,,,,,0,-2.30,-1.10,-0.40,-2.50,,,,,-1.30,,-1.10,-2.30,1.10,1.20,,,,-2.10,,,-1.10,,,1.20,1.30,1.40,2.40,0.10,-0.40,
2008-12-10 07:30,3.10,3.09,1.52,1.71,-2.30,0.43,2.34,3.10,-0.36,1.04,2.65,0,-1.86,2.39,1.56,-1.29,-3.85,-3.03,-3.60,-2.95,-0.38,-0.08,-5.05,,0.44,2.02,1.58,1.38,1.94,-0.30,2.28,3.53,-3.57,-5.73,-4.42,1.25,2.55,1.62,-2.42,0.57,-2.70,-3.58,1.23,0.80,4.10,1.57,0.30,0.25,-0.22,-0.57,-0.65,2.07,1.77,2.14,0.53,0.59,0.82,0.20,0.99,1.39,,0,-1.86,,-1.08,,0.72,-0.03,-0.20,-3.41,-0.91,-1.78,1.76,-1.38,0.07,2.09,2.60,1.38,1,0.86,-0.04,-0.27,-3.95,-2.93,-4.18,-0.32,-4.09,-4.40,-0.57,-1.19,-2.08,-5.23,-1.35,0.80,1.66,2.37,-0.14,-1.85,-1.02,-0.04,-0.43,-2.13,0,1.13,-0.24,-3.32,-0.92,-0.20,-0.88,-2.52,-1.65,-1.49,1.03,0.25,0.33,-0.39,-0.60,-2.18,-2.43,,-1.30,-0.23,-0.35,-1.07,0.38,1.15,2.20,0.49,0.45,-0.58,-0.60,,2.60,-7.30,3.70,1.10,1,,,,,,,-0.80,-4.40,,-3.10,2.70,-0.70,1.99,,,,,,,,0.10,-2.40,-1,-0.30,-2.50,,,,,-1.30,,-1,-2,1.10,1.20,0.60,,,-2,,,-0.90,,,1.20,1.30,1.40,2.30,0.10,-0.30,
2008-12-10 07:40,3.10,3.22,1.59,1.68,-2.20,0.98,1.52,3,-0.21,1.27,2.72,0.29,-1.84,2.54,1.62,-1.42,-3.78,-2.86,-3.60,-2.84,-0.27,-0.26,-4.87,,1.33,2.25,1.71,1.35,2.13,-0.30,2.37,3.40,-3.50,-5.60,-4.35,1.28,2.67,1.08,-2.33,0.59,-2.50,-3.45,1.05,0.81,3.70,1.73,0.30,0.30,-0.34,-0.64,-0.54,2.09,1.82,2.19,0.65,0.71,0.80,0.30,1.02,1.33,,0,-1.86,,-0.96,,0.98,0.20,0.10,-3.41,-0.87,-1.70,1.79,-1.34,0.06,2.11,2.50,1.72,1,1.17,0.12,0.05,-3.86,-2.60,-3.62,-0.65,-3.82,-4.10,-0.57,-1.14,-2.03,-5.12,-1.63,1.10,1.71,2.49,-0.06,-1.63,-0.74,0.20,-0.29,-2.10,-0.08,1.22,0.15,-3.16,-0.66,-0.20,-0.85,-2.31,-1.43,-1.39,0.96,0.26,0.27,-0.42,-0.50,-2,-2.33,,-1.20,-0.30,-0.21,-1.04,0.34,1.16,2.20,0.45,0.43,-0.41,-0.50,,2.80,-7.20,3.90,1.10,1.10,,,,,,,-0.60,-3.80,,-2.90,2.80,-0.60,2.02,,,,,,,,0.20,-2.30,-0.80,-0.10,-2.60,,,,,-1.30,,-1,-1.60,1.10,1.20,0.60,,,-1.90,,,-0.80,,,1.20,1.40,1.30,2.30,0.10,-0.30,
2008-12-10 07:50,3.10,3.26,1.78,1.83,-2.20,1.35,1.32,3,-0.10,1.56,2.74,0.15,-1.87,2.75,1.76,-1.34,-3.64,-2.81,-3.40,-2.65,-0.23,-1.92,-4.70,,1.82,2.30,1.76,1.33,2.27,-0.20,2.51,3.34,-3.36,-5.28,-4.29,1.43,2.81,1.45,-2.23,0.87,-2.40,-3.42,1.39,0.74,3.70,1.76,0.40,0.32,-0.21,-0.52,-0.65,2.24,1.87,2.20,0.63,0.63,1.03,0.40,1.04,1.20,,0,-1.90,,-0.83,,1.12,0.38,0.30,-3.54,-0.78,-1.53,1.62,-1.29,0.19,1.85,2.40,1.76,1.10,1.20,0.12,0.16,-3.68,-2.45,-3.30,-0.63,-3.91,-4.10,-0.19,-1.34,-1.94,-5.06,-1.49,1.50,1.91,2.57,0.03,-1.21,-0.35,0.25,-0.15,-1.90,-0.16,1.24,0.19,-3.01,-0.53,-0.10,-0.79,-2.05,-1.27,-1.18,0.97,0.25,0.39,-0.34,-0.40,-1.96,-2.23,,-1.10,-0.29,-0.30,-0.89,0.46,1.22,2.20,0.46,0.63,-0.59,-0.50,,2.70,-7.10,3.80,1.20,1.10,,,,,,,-0.60,-3.30,,-2.50,2.90,-0.40,2.04,,,,,,,,0.30,-2.20,-0.70,0.10,-2.40,,,,,-1.20,,-0.80,-1.40,1.10,1.30,0.60,,,-1.80,,,-0.60,,,1.20,1.40,1.40,2.30,0.20,-0.20,
2008-12-10 08:00,3.20,3.23,2.12,1.91,-2.20,1.49,1.33,3.50,0.02,1.58,2.80,0.57,-1.90,2.78,1.87,-1.37,-2.96,-2.85,-3.30,-2.49,-0.32,-0.99,-4.40,,1.75,2.37,1.78,1.30,2.41,-0.20,2.51,3.23,-3.01,-5.05,-4.09,1.54,2.82,1.72,-1.96,0.79,-2.50,-3.21,1.26,0.75,2.80,1.94,0.40,0.36,-0.06,-0.42,-0.47,2.41,2.17,2.36,0.67,0.80,1.13,0.50,1.29,1.17,,0.10,-1.85,,-0.89,,1.09,0.62,0.50,-3.51,-0.63,-1.61,1.64,-1.25,0.25,2.12,2.40,1.68,1.10,1.55,0.15,0.24,-3.35,-2.60,-3.06,-0.36,-3.96,-4,-0.05,-0.98,-1.71,-4.77,-1.36,1.70,2.06,2.63,0.12,-0.77,-0.16,0.35,0.09,-1.28,-0.38,1.29,0.07,-2.59,-0.54,0,-0.73,-1.58,-1.06,-1.04,1.03,0.30,0.48,-0.26,-0.40,-1.64,-2.12,,-1,-0.30,-0.30,-0.49,0.41,1.20,2.30,0.53,0.67,-0.51,-0.50,2.80,2.70,-7,3.90,1.20,1.40,,-1.40,-4.90,0.10,1.80,0.90,-0.60,-2.80,-3,-2.10,3.10,-0.30,2.40,0.70,0,0.20,0.40,-1.40,-0.60,0.30,0.20,-2.20,-0.60,0.30,-2,1.70,0.60,1,-1.30,-1.30,-0.70,-0.80,-1.20,1,1.30,0.60,0.30,0.50,-1.70,-0.70,-0.70,-0.60,1.30,0.90,1.40,1.40,1.30,2.30,0.20,-0.20,-0.40
2008-12-10 08:10,3.30,3.29,2.15,2,-1.93,1.22,0.80,3.70,0.08,1.52,2.82,0.94,-1.86,2.89,2.15,-1.06,-2.59,-3.33,-3.10,-2.50,-0.34,-0.04,-4.28,,1.71,2.65,2.16,1.26,2.42,0,2.53,3.37,-2.92,-4.87,-3.77,1.64,2.91,1.74,-1.81,0.80,-2.50,-3.51,0.76,0.83,2.80,2,0.50,0.42,-0.06,-0.46,-0.29,2.43,2.43,2.52,0.82,0.96,1.47,0.60,1.33,1.40,,0,-1.73,,-0.74,,1.14,0.79,0.80,,0.18,-1.67,1.63,-0.81,0.35,2.14,2.40,1.90,1.20,1.93,0.35,0.31,-3.11,-2.73,-2.95,-0.37,-3.72,-3.70,0.14,-0.39,-1.65,-4.46,-1.07,2,2.08,2.57,0.05,-0.63,0.06,0.40,0.32,-0.49,-0.30,1.01,-0.07,-1.97,-0.24,0.10,-0.64,-1.24,-0.83,-0.85,1.07,0.33,0.58,-0.21,-0.30,-1.43,-2.11,,-1,-0.19,-0.25,-0.45,0.41,1.23,2.20,0.53,0.43,-0.41,-0.40,,3.50,-7,3.80,1.30,1.60,,,,,,,-0.80,-2.20,,-2.10,3.20,-0.20,2.40,,,,,,,,0.20,-1.90,-0.60,0.50,-2,,,,,-1.20,,-0.60,-1,1,1.30,0.60,,,-1.70,,,-0.50,,,1.40,1.40,1.30,2.30,0.30,-0.20,
2008-12-10 08:20,3.50,3.65,2.20,2.06,-1.63,0.93,0.96,4,0.07,1.24,2.81,0.84,-1.84,2.80,1.99,-0.80,-2.16,-3.44,-3,-2.44,-0.39,0.01,-4.08,,1.85,2.72,2.32,1.28,2.38,0.20,2.50,3.40,-3.13,-4.60,-3.65,1.43,2.79,1.73,-1.53,0.92,-2.30,-3.49,0.51,1.07,1.80,1.86,0.60,0.55,-0.30,-0.40,-0.31,2.58,2.44,2.72,0.98,1.20,1.65,0.80,1.48,1.73,,0.10,-1.67,,-0.70,,1.19,1.01,1.10,,-0.08,-1.53,1.39,-0.45,0.51,2.34,2.40,2.26,1.30,1.98,0.81,0.30,-2.81,-2.45,-2.72,-0.32,-3.50,-3.50,0.41,-0.25,-1.72,-4.19,-0.93,2.20,2.12,2.86,0.09,-0.60,-0.01,0.40,0.43,-0.31,0.13,0.98,-0.01,-1.43,0.31,0.20,-0.65,-1.11,-0.56,-0.76,1.13,0.36,0.69,-0.17,-0.20,-1.27,-2,,-0.80,-0.01,-0.25,-0.34,0.34,1.35,2.20,0.55,0.76,-0.23,-0.40,,3.20,-6.90,3.80,1.60,2,,,,,,,-0.60,-1.40,,-2,3.40,-0.20,2.66,,,,,,,,0.40,-1.80,-0.40,0.50,-1.80,,,,,-0.90,,-0.50,-0.80,0.90,1.40,0.70,,,-1.50,,,-0.40,,,1.40,1.40,1.30,2.30,0.30,-0.20,
2008-12-10 08:30,3.60,3.81,2.48,2.07,-1.23,1.49,1.19,4.20,0.35,1.78,2.76,0.83,-2.05,2.75,1.93,-0.33,-1.94,-3.32,-2.80,-2.13,-0.30,0.32,-3.92,,1.49,2.88,2.29,1.41,2.37,0.50,2.66,3.48,-2.99,-4.49,-3.42,1.36,2.61,1.78,-1.61,1.09,-2.10,-3.32,0.10,1.26,1.60,2,0.50,0.58,-0.46,-0.32,-0.56,2.78,2.37,2.87,1.30,1.42,1.74,0.80,1.59,2.35,,0.20,-1.66,,-0.83,-3.11,1.12,1.08,1.30,,-0.25,-1.35,1.27,-0.10,0.54,2.45,2.40,2.45,1.60,2.20,1.22,0.50,-2.70,-1.62,-2.40,-0.19,-3.28,-3.20,0.66,-0.18,-1.59,-4.03,-0.92,2.20,2.50,2.99,0.21,-0.52,-0.06,0.41,0.63,-0.26,0.48,1.43,0.04,-0.90,0.85,0.30,-0.26,-1.15,-0.33,-0.52,1.16,0.55,0.69,-0.17,-0.20,-1.04,-1.91,,-0.70,0.14,-0.07,-0.55,0.27,1.35,2.20,0.61,0.90,-0.17,-0.40,,3.60,-6.80,4,1.50,2.10,,,,,,,-0.70,-0.40,,-1.90,3.60,-0.10,2.83,,,,,,,,0.60,-1.60,-0.30,0.50,-1.60,,,,,-0.60,,-0.50,-0.70,0.80,1.40,0.70,,,-1.20,,,-0.30,,,1.40,1.40,1.30,2.40,0.40,-0.10,
2008-12-10 08:40,3.80,3.83,2.72,2.24,-0.87,0.60,1.48,4.20,0.45,2.50,2.75,1.01,-2.17,2.79,2.11,0.56,-1.16,-3.28,-2.30,-1.66,-0.27,0.08,-3.45,,1.37,2.98,2.33,1.42,2.43,0.70,2.66,3.85,-2.96,-4.29,-3.15,1.53,2.59,1.69,-1.58,1.24,-2,-3.28,0.15,1.34,1.80,1.99,0.60,0.55,-0.18,-0.26,-0.66,2.76,2.58,3.08,1.56,1.65,1.77,0.90,1.78,2.70,,0.40,-1.60,,-0.82,-2.94,1.17,1.15,1.30,,-0.20,-1.33,0.93,0.16,0.70,2.64,2.40,2.90,1.90,2.42,1.46,0.80,-2.39,-0.85,-2.05,-0.08,-3,-2.90,1.02,-0.08,-1.63,-3.78,-0.72,2.40,2.52,3.61,0.31,-0.49,-0.07,0.55,0.72,-0.16,0.87,1.33,0.44,-0.56,1.07,0.50,-0.15,-0.98,-0.05,-0.32,1.19,0.55,0.86,-0.09,-0.10,-0.95,-1.77,,-0.50,0.07,0.02,-0.24,0.45,1.34,2.30,0.74,0.92,-0.03,-0.40,,2.60,-6.60,3.80,1.40,2.10,,,,,,,-0.70,-0.10,,-2,3.70,0.10,2.74,,,,,,,,0.90,-1.40,-0.20,0.50,-1.40,,,,,-0.30,,-0.30,-0.60,0.70,1.40,0.70,,,-1,,,-0.20,,,1.40,1.40,1.40,2.40,0.50,-0.10,
2008-12-10 08:50,3.60,3.80,2.99,2.38,-0.40,0.87,1.90,4.20,0.48,3.24,2.84,1.06,-2.20,2.77,2.68,0.99,-1.25,-3.17,-2.10,-1.46,-0.18,0.62,-2.84,,1.56,2.81,2.74,1.56,2.47,0.70,2.75,4.32,-3.08,-3.97,-2.91,1.67,2.72,0.06,-1.37,1.20,-1.90,-3.04,0.45,1.28,1.40,2.20,0.70,0.58,0.02,-0.23,-0.73,3.12,2.91,3.21,1.73,1.65,1.82,0.80,1.71,3,,0.50,-1.60,,-0.66,-2.87,1.45,1.11,1.20,,-0.27,-1.33,1.40,0.26,0.64,2.56,2.30,2.85,1.80,2.81,1.60,1.30,-2.10,-0.44,-1.63,-0.04,-2.60,-2.70,1.38,-0.03,-1.43,-3.46,-0.46,2.60,2.48,3.81,0.36,-0.28,0.19,0.74,0.85,0.19,1.03,1.31,0.69,-0.15,1.31,0.60,-0.11,-0.81,0.23,-0.15,1.25,0.64,0.67,-0.04,-0.10,-0.70,-1.59,,-0.40,0.09,0.02,-0.13,0.57,1.37,2.30,0.72,0.87,0.01,-0.40,,3.20,-6.50,3.80,1.50,2.20,,,,,,,-0.60,-0.50,,-2,3.70,0.10,2.90,,,,,,,,1.10,-1.20,0,0.60,-1.30,,,,,-0.10,,-0.30,-0.50,0.70,1.40,0.80,,,-0.80,,,-0.10,,,1.40,1.50,1.40,2.40,0.50,0,
2008-12-10 09:00,4.20,3.92,3.31,2.48,-0.29,1.88,1.82,4,0.48,3.60,2.96,1.26,-2.03,2.95,2.95,1.34,-0.88,-3.20,-2,-1.52,-0.15,0.77,-2.57,,2.06,2,3.18,1.61,2.48,0.60,2.53,4.47,-2.52,-3.55,-2.61,1.67,2.73,-0.62,-0.91,1.17,-2,-2.80,0.71,1.21,0.70,2.25,0.70,0.61,-0.11,-0.29,-0.73,3.48,3.10,3.03,1.76,1.80,1.84,0.80,1.72,3.15,-0.57,0.50,-1.60,,-0.78,-2.73,1.43,1.06,1.10,,-0.22,-1.16,1.31,0.49,0.79,2.74,2.40,3.04,2.30,3.04,1.70,1.70,-2.13,-0.24,-1.36,0.29,-2.51,-2.30,1.78,0.01,-1.40,-3.19,-0.23,2.60,2.85,4.10,0.36,0.02,0.48,1.01,0.96,0.31,1.22,1.31,0.73,0.47,1.41,0.60,-0.05,-0.67,0.30,0.04,1.21,0.74,0.68,-0.04,-0.10,-0.56,-1.34,,-0.20,0.37,0.10,-0.04,0.55,1.30,2.30,0.78,0.84,0.03,-0.30,4.90,2.90,-6.50,3.90,1.60,2.10,3.30,-0.30,-4.90,0.80,2.70,1.90,-0.20,-0.60,-1.20,-1.90,3.70,0,3.40,1.10,0.80,1.40,0.90,1.50,0.10,2.20,1.40,-1.10,0.10,0.60,-1,2.20,0.80,1.40,-0.40,0.10,0.40,-0.10,-0.40,0.80,1.50,0.80,,0.80,-0.50,-0.40,,0,1.30,1.10,1.40,1.50,1.50,2.50,0.60,0.20,-0.10
2008-12-10 09:10,4.30,4.24,3.24,2.68,-0.30,0.79,2.47,4.40,0.57,2.51,3.15,1.23,-1.85,2.97,2.89,1.77,-1.58,-3.31,-1.40,-1.54,-0.05,1.25,-2.54,,2.54,2.01,3.44,1.54,2.56,0.50,2.25,4.49,-2.32,-3.31,-2.37,1.69,2.93,-0.90,-0.44,1.18,-1.90,-2.67,0.87,1.14,0.80,2.39,0.70,0.67,0.07,-0.40,-1.07,3.33,3.14,3.01,1.97,1.87,1.92,0.80,1.67,2.93,-0.49,0.50,-1.52,,-0.81,-2.68,1.46,1.08,1.20,,-0.11,-1.04,1.41,0.55,0.95,2.78,2.40,2.94,2.40,2.93,1.65,2.10,-1.88,-0.06,-1.12,,-2.21,-2.10,1.95,0.15,-1.27,-2.79,0.14,2.90,3.19,3.65,0.39,0.14,0.66,1.13,0.96,0.26,1.55,1.43,0.88,1.09,1.33,0.80,0.08,-0.63,0.79,0.03,1.23,0.88,0.66,-0.08,0,-0.55,-1.30,,0,0.29,0.15,0.18,0.57,1.33,2.30,0.84,0.89,0.19,-0.20,,4,-6.40,3.90,1.60,2.10,,,,,,,0.50,-0.20,,-1.90,3.70,0,3.60,,,,,,,,1.80,-1,0.40,0.70,-1,,,,,0.40,,-0.10,-0.20,0.80,1.50,0.80,,,-0.50,,,0.10,,,1.40,1.50,1.40,2.50,0.60,0.30,
2008-12-10 09:20,4.50,4.42,3.11,2.83,-0.40,0.22,2.51,4.80,0.76,2.36,3.07,1.45,-1.83,3.18,3.25,2.07,-1.69,-3.20,-0.80,-1.14,-0.32,1.46,-2.41,,2.93,2.01,3.95,1.59,2.63,0.60,2.20,4.64,-2.36,-3.21,-2.10,1.84,3.01,-0.19,-0.42,1.06,-1.90,-2.75,0.92,1.12,1.20,2.28,0.50,0.67,-0.17,-0.42,-1.09,3.61,3.37,2.86,2.09,2,1.92,0.80,1.89,2.73,-0.48,0.60,-1.46,,-0.72,-2.56,1.39,1.11,1.20,,-0.10,-1.06,1.64,0.36,1.08,2.53,2.60,2.75,2.20,2.89,1.71,2.31,-1.54,0.24,-0.81,,-2.20,-1.70,2.20,0.32,-1.34,-2.70,0.75,3.20,3.42,3.40,0.41,0.28,0.69,1.27,0.97,0.43,1.75,1.36,0.83,1.48,1.67,1,0.10,-0.25,0.94,0.28,1.29,0.97,0.71,-0.02,0.10,-0.47,-1.23,,0.10,0.58,0.31,0.38,0.46,1.32,2.30,0.85,0.94,0.31,-0.20,,4.30,-6.30,4.10,1.70,2.20,,,,,,,0.90,1.60,,-1.50,3.70,0.10,3.77,,,,,,,,1.80,-0.70,0.60,0.80,-0.70,,,,,0.60,,0.10,-0.20,0.90,1.50,0.90,,,-0.40,,,0.30,,,1.40,1.60,1.60,2.50,0.70,0.30,
2008-12-10 09:30,5,4.86,2.93,3.05,0.10,0.26,2.80,5,1.32,2.14,3.02,1.91,-1.65,3.37,3.46,2.13,-1.80,-2.92,-0.10,-0.40,-0.13,2.42,-1.66,,3.05,2.53,4.22,1.81,2.65,0.70,1.87,4.60,-2.57,-3.04,-1.90,1.93,3.14,-0.21,1.15,1.22,-1.80,-2.71,1,1.26,2.60,2.34,0.50,0.62,-0.14,-0.42,-0.97,3.71,3.26,2.78,2.17,1.91,1.78,0.70,2.03,2.83,-0.25,1,-1.40,,-0.50,-2.53,1.37,1.21,1.30,,0.13,-1.10,1.96,0.30,1.08,2.49,2.80,2.91,2.60,3.12,2.34,2.41,-1.39,0.36,-0.59,,-2.11,-1.50,2.11,0.29,-1.39,-2.33,1.10,3.30,3.22,3.29,0.42,0.47,0.67,1.30,1.09,0.81,1.88,1.37,0.74,1.61,2.02,1.20,0.07,0.04,1.15,0.46,1.16,1.07,0.78,-0.01,0.10,-0.39,-1.10,,0.30,0.71,0.48,0.60,0.47,1.42,2.30,0.95,0.98,0.26,-0.20,,4.70,-6.40,4.50,1.70,2.10,,,,,,,1.30,2.10,,-1.30,3.80,0.30,3.91,,,,,,,,2,-0.40,0.70,0.90,-0.50,,,,,0.70,,0.50,0,1,1.60,0.90,,,-0.30,,,0.50,,,1.50,1.70,1.60,2.50,0.70,0.40,
2008-12-10 09:40,5.50,5.02,3.14,3.25,0.30,0.44,2.54,4.60,1.65,1.87,3.10,2.02,-1.46,3.38,3.59,2.34,-1.20,-2.94,0.20,0.14,0.05,2.81,-1.22,,3.28,3.45,4.33,1.88,2.52,1.30,1.58,4.65,-2.43,-2.98,-1.77,2.15,3.36,2.05,3.80,1.24,-1.60,-2.74,0.69,1.37,5,2.38,0.50,0.58,-0.11,-0.46,-0.95,3.68,3.15,2.89,2.10,2.05,1.93,0.70,1.96,2.82,-0.27,1,-1.35,,-0.36,-2.35,1.52,1.24,1.50,,0.03,-1.02,1.84,0.47,0.91,2.62,3.30,3,2.60,3.57,2.77,2.66,-1.04,1.44,0,,-1.71,-1.40,2.08,0.23,-1.15,-2.12,1.59,3.60,3.39,3.10,0.72,0.95,0.74,1.35,1.17,1.28,1.92,1.20,0.83,1.56,2.53,1.40,0.23,0.56,1.34,0.64,1.15,0.98,0.82,-0.04,0.10,-0.25,-1,,0.40,0.93,0.60,0.65,0.61,1.44,2.40,1.06,1.30,0.29,-0.20,,5.30,-6.30,4.80,1.50,2.20,,,,,,,1.80,2.50,,-1.30,3.80,0.60,3.91,,,,,,,,2,-0.10,1,0.90,-0.40,,,,,0.70,,0.50,0,1.10,1.60,0.90,,,-0.30,,,0.70,,,1.50,1.70,1.60,2.50,0.80,0.50,
2008-12-10 09:50,5.70,5.33,3.20,3.35,0.30,0.88,2.55,5,1.86,1.83,3.09,1.94,-0.99,3.50,3.57,2.49,-0.65,-2.91,0.90,-0.11,-0.01,2.82,-0.85,,3.02,3.83,4.57,1.94,2.49,2,1.82,4.86,-1.57,-2.77,-1.65,2.41,3.46,2.53,5.03,1.32,-1.80,-2.20,1.02,1.38,5.30,2.29,0.40,0.60,-0.08,-0.52,-0.85,3.49,3.18,3.05,2.16,2.01,1.86,0.60,2.09,2.76,-0.12,1,-1.35,,-0.12,-2.23,1.50,1.41,1.60,,-0.02,-0.94,1.88,0.49,0.89,2.83,3.70,2.73,2.60,3.67,2.90,2.70,-0.57,2.26,0.78,,-1.23,-1.40,2.19,0.39,-0.89,-1.53,2,3.50,3.24,3.22,0.69,1.49,1.06,1.39,1.35,1.58,2.06,1.08,1,1.70,2.74,1.60,0.63,0.94,1.38,0.75,1.06,1.09,0.99,-0.02,0.20,-0.35,-0.89,,0.50,0.90,0.65,0.42,0.71,1.51,2.40,1.20,1.42,0.12,-0.10,,5.50,-6.30,4.50,1.40,2.20,,,,,,,2.30,3.20,,-0.30,3.90,0.90,3.71,,,,,,,,2,0.20,0.80,0.80,-0.40,,,,,0.60,,0.70,0.10,1.10,1.60,,,,-0.20,,,0.80,,,1.50,1.80,1.60,2.50,0.90,0.40,
2008-12-10 10:00,5.70,5.44,3.25,3.45,-0.10,2.08,2.88,5.50,2.23,2.57,3.13,2.81,-0.47,3.55,3.61,2.18,-0.14,-2.79,1.10,0.01,0.16,2.92,-0.39,,2.76,3.41,4.94,2.08,2.40,2,1.76,4.88,-1.18,-2.51,-1.06,2.31,3.74,2.26,5.30,1.12,-1.60,-2.40,1.44,1.27,3.40,2.22,0.40,0.59,0.13,-0.46,-0.54,3.40,3.28,3.13,2.27,2.13,1.81,0.60,1.95,2.76,-0.15,1,-1.39,,0.25,-2.23,1.46,1.50,1.90,,0.15,-0.95,2.03,0.69,1.01,3,3.90,2.51,2.60,3.83,2.95,2.80,-0.18,2.86,1.81,,-0.71,-1.10,2.14,0.47,-0.64,-0.98,2.29,3.70,3.03,3.40,0.75,1.72,1.53,1.46,1.46,2.14,2.11,1.10,1.12,2.06,2.83,1.60,0.83,1.25,1.41,0.86,1.08,1.22,1.03,0.09,0.20,-0.32,-0.70,,0.50,1.05,0.84,0.66,0.72,1.50,2.40,1.35,1.51,0.41,0,5.70,5.40,-6.30,4.40,1.50,2.40,5.30,0.70,-4.90,1.20,3.30,2.80,2.60,3.20,1.60,0.70,4.20,1,3.30,,0.70,2.30,2.30,2.50,1.50,3.40,2.20,0.30,0.70,0.80,-0.40,2.50,1.10,2.10,0.90,0.60,1.20,0.90,0.40,1.10,1.60,1.10,0.40,1,0.10,0.50,0.80,0.80,1.40,1.40,1.50,1.80,1.70,2.60,0.90,0.40,0.20
2008-12-10 10:10,5.90,5.19,3.10,3.68,0,2.14,3.22,5.80,2.41,3.30,3.17,3.43,0.02,3.63,3.63,2.12,0.13,-2.73,1,0.38,0.41,3.07,0,,3.58,3.18,5.31,2.28,2.40,1.90,1.41,5.47,-1,-2.35,0.42,2.15,3.78,2.18,5.45,1.17,-1.80,-2.45,1.37,1.41,5.80,2.09,0.50,0.53,0.12,-0.41,-0.41,3.43,3.47,3.09,2.29,2.18,1.77,0.60,2.01,2.79,-0.19,1.10,-1.21,,0.37,-2.15,1.45,1.70,2,,0.32,-1.05,1.92,0.67,0.95,3.14,4.30,2.51,2.71,3.95,2.94,2.90,0.34,3.35,2.33,,0.36,-0.50,1.81,0.89,0.10,-0.74,2.48,3.60,2.97,3.41,0.75,2.11,1.91,1.61,1.44,2.34,2.21,1.29,1.17,2.12,2.93,1.80,0.88,1.59,1.49,0.89,0.94,1.15,0.95,0.18,0.20,-0.21,-0.59,,0.70,1.33,0.99,0.78,0.87,1.50,2.40,1.43,1.52,0.53,0.10,,5.10,-6.50,4.30,1.60,2.40,,,,,,,2.90,3.60,,0.80,4.30,1.60,3.29,,,,,,,,2.40,0.70,0.80,0.80,-0.30,,,,,0.90,,1.20,0.60,1.10,1.60,1.20,,,0.10,,,0.90,,,1.50,1.80,1.70,2.60,1,0.40,
2008-12-10 10:20,5.90,5.20,3.01,3.68,0.10,1.47,3.44,5.80,2.35,3.54,3.26,3.11,0.18,3.38,3.48,2.20,0.30,-2.77,1,0.74,0.41,2.88,0.30,,4.33,3.45,5.34,2.65,2.44,2.20,1.14,5.92,-1.19,-1.47,2.03,2.27,3.66,2.47,5.58,1.07,-1.70,-2.49,1.14,1.38,4.70,1.98,0.50,0.60,0,-0.31,-0.41,3.34,3.58,3,2.26,2.11,1.62,0.60,1.84,2.85,-0.20,1.10,-1.07,,0.41,-2.09,1.52,1.81,2.30,,0.65,-1.13,1.94,0.70,1.12,3.06,4.70,2.46,2.86,3.94,3.04,2.80,0.87,3.56,2.43,,0.07,0,2.15,1.23,0.39,-0.36,2.34,3.60,2.95,3.30,0.79,2.72,2.27,1.72,1.61,2.74,2.32,1.55,1.34,2.11,2.94,1.90,0.85,1.79,1.64,0.98,0.97,0.97,0.99,0.20,0.20,-0.20,-0.50,,0.60,1.44,1.05,0.98,0.82,1.56,2.30,1.53,1.40,0.46,0.30,,5,-6.60,4.40,1.60,2.40,,,,,,,2.90,3.90,,1.50,4.20,1.60,3.27,,,,,,,,2.50,1.30,0.80,0.90,0,,,,,1,,1.30,0.80,1.20,1.60,1.20,,,0.10,,,1.10,,,1.50,1.90,1.70,2.60,1.10,0.50,
2008-12-10 10:30,5.90,4.76,2.83,3.61,0.20,1.55,3.59,6,2.46,3.63,3.36,3.24,0.18,3.29,3.48,2.12,0.26,-2.72,1.20,0.58,0.60,2.47,0.32,,4.56,4.37,5.55,2.71,2.56,2.50,1.53,5.93,-1.17,-0.11,2.37,2.68,3.82,2.65,5.23,1.04,-1.70,-2.41,0.78,1.20,4,2.04,0.60,0.74,0.10,-0.24,-0.33,3.40,3.59,2.93,2.29,2.05,1.56,0.70,1.84,2.88,-0.16,1.40,-1.01,,0.35,-2.05,1.65,1.87,2.30,,1.12,-0.95,1.91,0.75,1.23,3.31,4.60,2.48,2.82,3.72,3.14,2.80,1.14,4.31,2.67,,0.15,0.70,2.62,1.60,0.76,0.01,2.23,3.70,2.78,3.57,0.75,3.02,2.06,1.79,1.74,3.04,2.32,1.87,1.28,1.88,3.01,2,1.06,2.11,1.69,1.08,0.96,0.79,1.13,0.23,0.30,-0.14,-0.47,,0.60,1.40,1.21,1.17,0.78,1.60,2.30,1.70,1.41,0.60,0.30,,4.90,-6.50,4.60,1.80,2.20,,,,,,,3.10,4.10,,1.80,4.30,1.40,3.30,,,,,,,,2.60,1.50,1.20,0.90,0.10,,,,,1.20,,1.30,1.10,1.20,1.50,1.30,,,0.20,,,1.10,,,1.60,1.90,1.70,2.50,1.10,0.50,
2008-12-10 10:40,5.80,4.94,2.97,3.86,0.20,1.89,3.76,5.80,2.35,3.80,3.63,3.48,0.25,3.34,3.39,2.17,0.09,-2.61,1.30,1.67,0.69,2.48,0.21,,4.69,6.87,5.56,2.84,2.84,2.60,2.26,6.30,-0.92,0.89,2.31,2.64,4.08,2.71,4.76,1.27,-2,-2.65,0.93,1.50,5,2.06,0.70,0.80,-0.02,-0.15,-0.09,3.44,3.63,2.93,2.33,2.07,1.63,0.70,1.87,2.85,-0.07,1.30,-0.97,,0.53,-2.15,1.63,1.99,2.40,,1.36,-0.69,2.07,0.94,1.38,3.24,4.50,2.50,2.60,3.77,3.24,2.70,0.98,4.53,2.60,,1.22,1.90,2.93,1.82,0.68,0.47,2.11,4.10,3.27,3.27,0.71,3.06,1.88,1.80,2.33,3.34,2.44,2.12,1.52,1.87,3.12,2.20,1.25,2.30,1.68,1.17,1.01,0.85,1.25,0.20,0.30,-0.09,-0.45,,0.70,1.47,1.39,1.06,0.95,1.65,2.30,1.77,1.50,0.68,0.50,,5.10,-6.60,4.70,1.90,2,,,,,,,3.10,3.50,,2.20,4.30,1.60,3.38,,,,,,,,2.80,1.80,1.90,1.10,0.30,,,,,1.40,,1.30,1.10,1.20,1.50,1.30,,,0.30,,,1.10,,,1.60,1.90,1.70,2.50,1.10,0.50,
2008-12-10 10:50,5.70,5,3.08,3.86,0.10,1.80,3.69,6,2.11,3.77,3.64,3.63,0.16,3.41,3.50,2.12,-0.14,-2.53,1.70,3.55,0.89,2.78,0.25,,4.97,7.35,5.64,3.45,3.14,2.50,2.28,6.39,-1.09,1.04,2.36,2.54,4.06,2.83,3.45,1.47,-1.90,-2.54,1,1.56,5.50,2.17,0.80,0.89,-0.03,-0.23,0.22,3.59,3.67,2.86,2.28,2.03,1.57,0.70,1.85,2.79,-0.11,1.30,-0.97,,0.62,-2.24,1.62,2.08,1.40,,1.55,-0.82,2.22,0.97,1.34,3.32,4.40,2.45,2.60,4.09,3.25,3.10,1.52,4.64,2.77,,1.52,2.50,3.29,1.91,0.60,0.95,2.46,4.20,3.39,2.80,0.88,2.96,1.82,1.91,2.71,3.84,2.79,2.16,1.52,2.13,3.37,2.60,1.57,2.43,1.67,1.20,1.11,0.86,1.27,0.22,0.30,0.01,-0.43,,0.80,1.56,1.47,0.92,0.75,1.60,2.30,1.87,1.46,0.61,0.70,,5,-6.60,4.70,1.90,2.10,,,,,,,3.20,4,,2.60,,1.90,3.51,,,,,,,,3,2.50,2.10,1.10,0.40,,,,,1.40,,1.40,1.30,1.30,1.50,1.30,,,0.20,,,1.20,,,1.70,1.90,1.70,2.60,1.20,0.60,
2008-12-10 11:00,5.60,4.72,3.08,4,0.30,1.73,3.69,6.20,2.05,3.94,3.73,3.47,0.40,3.56,3.61,2.28,-0.72,-2.50,1.90,4.26,1.03,2.96,0.76,,5.27,7.05,5.52,3.47,3.53,2.60,2.63,6.33,-1.18,0.69,2.41,2.39,4.32,2.83,2.61,1.53,-1.90,-2.54,1.10,1.57,5.40,2.11,0.80,0.88,0.35,-0.23,0.88,3.80,3.71,2.95,2.20,1.90,1.55,0.70,1.86,2.96,0,1.20,-0.94,,0.62,-2.21,1.83,2.09,0.40,,1.53,-0.77,2.03,1.40,1.57,3.33,4.50,2.47,2.88,4.20,3.30,3.30,1.84,4.30,2.98,,2.33,2.80,3.52,2.28,0.46,2.50,3.50,4.30,3.29,3.21,1.34,2.93,1.65,2.21,2.70,3.55,2.85,2.15,1.69,2.11,3.25,2.80,1.92,2.49,1.72,1.27,1.15,1.01,1.07,0.33,0.40,0.28,-0.43,,0.90,1.67,1.58,1,0.85,1.69,2.30,1.90,1.49,0.61,0.70,4.80,5.40,-6.60,4.80,1.90,2.20,4.90,1.40,-4.50,2.20,4.10,3.90,3.40,4.30,2.90,2.70,4.40,1.90,3.50,2.20,1.20,2.90,2,3.40,1.90,3.10,2.90,2.60,2.30,1.20,0.70,2.50,1.50,2.10,1.80,1.30,1.70,1.60,1.40,1.50,1.50,1.30,0.60,1.50,0.40,1.10,,1.30,1.80,1.30,1.80,1.90,1.90,2.60,1.30,0.60,0.60
2008-12-10 11:10,5.30,4.76,3.22,3.89,0.40,2.29,4.03,6.20,2.01,4.57,3.73,3.61,0.15,3.76,3.62,2.48,-0.56,-2.32,1.90,4.78,0.79,3.02,1.13,,5.33,7.10,5.45,3.52,3.58,2.40,3.55,6.50,-1.49,0.97,2.03,2.45,4.25,2.97,2.15,1.59,-2,-2.31,0.98,1.64,5.70,2.15,0.80,0.88,0.62,-0.09,0.73,3.51,3.79,3.03,2.26,2.08,1.62,0.80,1.87,3.10,-0.01,1.10,-1.03,,0.61,-2.08,1.97,2.23,0.10,,1.36,-0.96,2.54,2.10,1.47,3.39,4.30,2.58,3.32,3.90,3.32,3.67,1.83,4.49,3.35,,2.67,3.10,3.95,2.28,0.57,2.26,3.50,4.50,3.29,3.71,1.63,3.04,1.67,2.39,2.75,3.39,3.03,2.46,1.85,2.10,3.14,2.90,2.58,2.38,1.80,1.38,1.21,1.14,1.09,0.38,0.40,0.50,-0.30,,0.80,1.63,1.61,1.38,0.89,1.60,2.30,1.92,1.59,0.77,0.80,,4.90,-6.60,4.90,1.90,2.30,,,,,,,3.70,4.40,,2.80,4.70,2,3.57,,,,,,,,3.10,2.70,2.50,1.30,0.70,,,,,1.50,,1.80,1.60,1.50,1.50,1.30,,,0.50,,,1.30,,,1.90,1.90,1.90,2.60,1.30,0.70,
2008-12-10 11:20,5.20,4.81,3.11,3.94,0.60,2.49,4.06,6.10,1.93,5.08,3.81,3.55,0.18,3.70,3.53,2.77,-0.34,-2.23,1.70,4.77,1.07,2.62,1.41,,5.27,7.20,5.18,3.13,3.36,2.30,3.41,6.10,-1.35,0.65,1.58,2.74,4.30,3.04,2.38,1.70,-1.90,-2.43,0.96,1.82,5.70,2.10,0.80,0.96,0.57,-0.06,0.84,3.49,3.70,3.03,2.30,2.03,1.72,0.90,1.90,3.09,0.03,1.20,-1.05,,0.59,-1.93,2.05,2.53,0.30,,1.06,-0.89,3.10,2.26,1.40,3.35,4,2.59,3.69,3.98,3.33,3.73,2.07,4.86,3.97,,2.73,3.30,4.23,2.27,,2.01,3.87,4.70,3.33,3.67,1.73,3.17,1.66,2.53,2.55,3.55,3.05,2.46,1.97,2.12,3.07,3.10,3.02,2.30,1.83,1.37,1.22,1.17,1.09,0.32,0.40,0.62,-0.27,,0.80,1.87,1.60,1.20,0.86,1.73,2.20,1.94,1.48,0.75,0.90,,4.90,-6.60,5,1.90,2.40,,,,,,,3.90,4,,2.80,5.30,3.10,3.55,,,,,,,,2.90,2.30,2.70,1.30,0.80,,,,,1.60,,2.20,1.80,1.50,1.40,1.20,,,0.60,,,1.40,,,2,1.90,1.90,2.50,1.40,0.70,
2008-12-10 11:30,5.40,5.05,3.20,4.25,0.90,2.81,4.02,5.80,1.71,5.15,3.73,3.69,0.06,3.59,3.50,2.86,-0.27,-2.06,1.60,4.58,1.16,2.82,1.40,,5.18,7.35,5.12,2.87,3.31,2,3.74,5.86,-1.43,0.66,1.28,2.90,4.43,3.27,4.27,1.85,-2.20,-2.54,0.97,1.98,5.50,2.15,0.90,1,0.66,0.06,1.24,3.48,3.78,3.09,2.26,2.22,1.86,1,1.97,3.20,0.16,1.10,-1.01,,0.72,-1.88,2.18,2.61,0.30,,0.73,-0.88,2.96,1.99,1.41,3.35,3.90,2.72,3.70,3.98,3.41,3.89,2.44,5.05,3.90,,2.59,2.60,4.20,2.26,,2.84,3.75,4.70,3.94,3.51,1.70,3.55,1.76,2.54,2.42,3.66,2.90,2.42,2.03,2.31,3.05,3.10,3.33,2.62,1.85,1.47,1.29,1.08,1.24,0.30,0.40,0.56,-0.22,,0.90,1.99,1.48,1.39,1,1.77,2.20,1.98,1.58,0.86,0.80,,5.10,-6.60,5,2,2.50,,,,,,,4.30,4,,2.90,5.30,3.50,3.60,,,,,,,,2.80,1.80,2.60,1.40,0.60,,,,,1.60,,2.30,1.70,1.60,1.40,1.30,,,0.50,,,1.40,,,2,1.80,1.90,2.40,1.40,0.80,
2008-12-10 11:40,5.70,5.50,3.60,4.38,0.90,3.34,3.88,5.70,1.59,5.20,3.74,3.67,-0.05,3.62,3.86,2.89,-0.17,-2.03,2,4.57,1.19,2.65,1.46,,5.16,7.47,5.19,2.96,3.24,2.10,3.89,5.84,-1.53,0.72,1.68,3.07,4.46,3.37,4.80,1.91,-2.20,-2.55,1,2.13,5.70,2.06,0.90,0.95,0.65,0.17,1.56,3.49,3.76,3.20,2.45,2.38,1.97,1.10,2.11,3.43,0.25,1.20,-0.88,,0.69,-1.82,2.12,2.71,0.40,,0.42,-0.81,2.95,2.09,1.44,3.33,3.80,2.66,3.50,4.01,3.48,4.05,2.57,4.64,4.31,,2.61,2.50,4.20,2.53,0.74,3.49,3.62,4.50,4.33,3.66,1.56,3.86,1.98,2.50,2.37,3.61,2.86,2.50,2.21,2.35,2.96,3.20,3.55,3.03,1.89,1.51,1.34,1.03,1.37,0.43,0.50,0.65,-0.19,,0.90,1.80,1.32,1.61,0.99,1.80,2.20,1.95,1.57,1.02,0.80,,4.90,-6.60,5,1.90,2.70,,,,,,,4.10,4.20,,3.10,5.20,3,3.74,,,,,,,,2.60,1.80,2.90,1.50,0.70,,,,,1.80,,2.40,1.60,1.60,1.40,1.30,,,0.70,,,1.40,,,2,1.80,1.90,2.40,1.50,0.90,
2008-12-10 11:50,5.80,5.51,3.59,4.41,0.90,3.76,4.09,5.80,1.73,4.55,3.77,3.48,-0.23,3.68,4.03,3.20,-0.16,-2.06,2.80,4.74,1.21,3.04,1.89,,5.37,7.44,4.92,3.08,3.16,2.20,4.18,5.79,-1.51,0.84,2.12,3.10,4.56,3.52,4.73,2.22,-2.10,-2.31,0.97,2.03,5.70,2.13,0.90,1,0.46,0.17,1.55,3.58,3.93,3.24,2.47,2.49,2.09,1.20,2.30,3.46,0.21,1.20,-0.79,,0.68,-1.72,2.21,2.71,0.60,-1.36,0.55,-0.83,2.98,2.51,1.42,3.43,3.90,2.70,3.40,3.84,3.51,3.85,2.90,4.55,4.64,,2.77,2.70,3.94,2.63,1.02,3.97,4.05,4.50,4.43,3.64,1.41,3.82,1.97,2.40,2.47,4.01,2.99,2.57,2.32,2.52,2.97,3.10,3.97,3.13,2.04,1.45,1.39,1.08,1.44,0.34,0.50,0.59,-0.05,,0.90,1.78,1.23,1.56,0.99,1.88,2.10,1.95,1.69,1.06,0.70,,4.50,-6.60,5.20,1.90,2.70,,,,,,,4.30,4,,3.20,5.10,3.20,3.93,,,,,,,,2.50,1.90,2.90,1.90,0.60,,,,,1.90,,2.50,1.80,1.70,1.40,1.30,,,0.60,,,1.20,,,2,1.90,1.90,2.40,1.50,0.90,
2008-12-10 12:00,5.80,5.36,3.45,4.49,1,4,4.18,6.10,2.17,4.70,3.88,3.58,-0.13,3.81,4.07,3.01,-0.01,-1.88,3.80,4.90,1.23,2.77,2.22,,5.59,7.25,4.60,2.58,3.12,2.30,4.26,5.99,-1.44,1.45,2.30,3.26,4.68,3.63,3.89,2.33,-2,-2.48,1,2.11,5.70,2.28,1,1.16,0.43,0.16,1.19,3.71,3.98,3.18,2.61,2.53,2.17,1.10,2.17,3.39,0.25,1.20,-0.72,,0.67,-1.41,2.11,2.63,0.50,-1.51,0.50,-0.78,2.88,2.48,1.43,3.58,3.80,2.96,3.80,3.99,3.64,3.75,3.10,4.60,4.50,,3,2.80,3.76,2.73,1.03,3.88,4.47,4.80,4.10,3.37,1.32,4.03,1.92,2.38,2.45,4.54,2.98,2.55,2.29,2.56,3.18,3,4.12,3.12,2.41,1.64,1.44,1.19,1.46,0.56,0.50,0.69,-0.05,,0.90,1.77,1.15,1.32,0.85,2.20,2,1.99,2.10,0.97,0.70,5.80,4.40,-6.60,5.30,2.10,2.70,4.90,1.70,-4.50,1.30,4.80,4.60,4.40,4.20,3.60,2.80,4.90,3.60,3.80,1.90,2.10,3.20,2.50,4,2.60,3.40,2.40,2,3.10,2.30,0.70,2.60,1.90,2.60,2.70,1.90,2.80,2.60,1.80,1.80,1.60,1.30,0.80,1.70,0.80,1,,1.20,1.80,1.70,2,1.90,1.80,2.30,1.60,1,0.80
2008-12-10 12:10,6,5.32,3.33,4.39,1,3.53,3.93,6,2.52,4.93,3.80,3.68,-0.19,4.13,4.16,2.99,0.14,-1.55,4.10,5,1.06,2.43,2.55,,5.36,6.97,4.46,2.24,3.31,2.40,4.37,6.31,-1.38,1.93,2.39,3.31,4.73,3.74,3.32,2.53,-2.40,-2.51,0.70,2.19,5.40,2.32,1,1.24,0.43,0.21,0.76,3.68,3.76,3.15,2.73,2.52,2.12,1.10,2.24,3.23,0.34,1.20,-0.72,,0.68,-1.34,2.15,2.50,0.50,-1.61,0.65,-0.85,2.63,2.59,1.61,3.86,3.90,3,3.73,3.91,3.79,3.60,3.26,4.61,4.24,,3.27,2.80,3.85,2.82,0.92,3.52,4.64,4.70,4.05,3.41,1.24,4.40,1.96,2.39,2.42,4.50,2.93,2.66,2.32,2.59,3.10,2.90,3.94,3.14,2.68,1.62,1.47,1.18,1.44,0.59,0.60,0.68,-0.05,,1,1.72,1.05,1.51,0.88,2.04,2.20,1.97,1.92,1.06,0.60,,4.20,-6.60,5.80,2.20,2.70,,,,,,,4.30,4.10,,2.80,4.60,3.90,3.86,,,,,,,,2.40,2.20,3.10,2.20,0.70,,,,,1.80,,2.80,1.80,1.80,1.60,1.30,,,0.80,,,1.10,,,2.10,1.90,1.90,2.30,1.50,1,
2008-12-10 12:20,6.20,5.30,3.28,4.38,1.10,3.48,3.81,6.10,2.48,5.01,3.93,3.79,-0.06,4.40,4.13,2.97,0.30,-1.54,4,3.32,1.12,2.13,2.57,,5.16,6.90,4.55,2.15,3.51,2.30,4.46,6.44,-1.26,2.37,3.06,3.24,4.69,3.86,2.85,2.78,-1.90,-2.68,0.66,2.32,5.20,2.31,1.10,1.24,0.41,0.20,0.78,3.65,3.77,3.16,2.74,2.61,2.17,1.10,2.28,3.26,0.42,1.40,-0.63,,0.70,-1.18,2.22,2.11,0.40,-1.78,0.57,-0.76,2.47,1.91,1.70,3.94,3.90,2.94,3.37,3.83,3.76,3.60,3.19,4.26,4.25,,3.26,2.90,3.96,2.91,0.75,3.43,4.47,4.50,3.65,3.38,1.39,4.36,2.54,2.46,2.40,4.08,2.85,2.66,2.27,2.86,3.21,2.60,4.08,3.06,2.79,1.55,1.50,1.19,1.29,0.60,0.50,0.72,-0.14,,0.90,1.76,1.04,1.35,1.06,2.01,2.30,1.97,1.96,1.10,0.50,,3.80,-6.60,5.60,2.30,2.70,,,,,,,4.10,3.90,,2.70,4.50,3.90,3.82,,,,,,,,2.50,2.10,3,2.60,0.70,,,,,1.80,,2.70,1.80,1.90,1.60,,,,0.90,,,1.20,,,2,1.90,1.90,2.30,1.50,1,
2008-12-10 12:30,6.30,5.38,3.32,4.57,1,4.06,3.80,6.20,2.18,4.96,4.20,4.03,0.12,4.54,4.06,2.74,0.67,-1.59,4,2.58,1.35,1.77,2.58,,5.12,6.95,4.74,2.27,3.58,2.30,4.40,6.38,-1.24,2.43,3.38,3.28,4.87,3.87,2.71,2.84,-1.60,-2.55,0.83,2.45,5.20,2.24,1.10,1.24,0.51,0.22,2.34,3.44,3.75,3.11,2.76,2.64,2.17,1.20,2.32,3.16,0.48,1.40,-0.41,,0.71,-1.48,2.21,1.66,0.30,-1.88,0.67,-0.69,2.52,1.59,1.51,3.90,3.90,3.10,3.40,4.02,3.74,3.60,2.97,4.01,4.67,,3.24,2.90,3.88,2.65,0.66,3.57,4.51,4.30,3.55,3.41,1.71,4.40,3.11,2.56,2.46,3.62,2.88,2.69,2.22,3.11,3.41,2.50,3.90,3.05,2.89,1.46,1.54,1.12,1.31,0.59,0.50,0.75,-0.09,,0.90,1.74,1.03,1.06,1.02,1.92,2.20,2.04,1.90,1.02,0.50,,4.10,-6.60,5.50,2.20,2.80,,,,,,,4,4,,2.60,4.30,4.10,3.66,,,,,,,,2.40,2.10,2.90,2.70,0.70,,,,,2,,2.60,1.80,1.90,1.60,1.30,,,0.90,,,1.20,,,2,1.90,1.90,2.30,1.50,1,
2008-12-10 12:40,6.50,5.49,3.23,4.53,0.90,3.93,3.91,6.40,2.20,5.32,4.25,3.97,0.17,4.28,4.13,2.33,0.89,-1.73,4.10,3.58,1.27,1.88,2.58,,5.08,6.96,4.82,2.34,3.67,2.10,4.57,6.45,-1.45,2.36,3.30,3.33,4.72,3.62,2.87,3.12,-1.70,-2.62,0.93,2.87,5.20,2.35,1.10,1.31,0.63,0.38,2.58,3.40,3.63,3.17,2.72,2.71,2.20,1.30,2.37,3.31,0.61,1.40,-0.31,,0.66,-1.54,2.13,1.41,0.30,-2,0.73,-0.50,2.71,1.50,1.64,4.05,4,3.12,3.30,4.04,3.59,3.80,2.70,4.05,4.76,,3.22,2.90,4.03,2.76,0.54,3.70,4.44,4.10,3.22,3.06,2.05,4.16,3.06,2.68,2.41,3.47,2.77,2.67,2.24,3.43,3.16,2.40,3.77,3.05,2.81,1.42,1.56,1.08,1.41,0.56,0.50,0.69,-0.08,,0.90,1.82,0.82,0.95,0.93,1.83,2.20,2.10,1.66,0.95,0.50,,4.30,-6.60,5.50,2.30,2.90,,,,,,,4,4.10,,2.90,4.30,3.80,3.78,,,,,,,,2.30,2.10,3,2.60,0.70,,,,,2,,2.80,1.60,2,1.70,1.40,,,0.80,,,1.10,,,2,1.90,1.80,2.20,1.40,1.10,
2008-12-10 12:50,6.30,5.56,3.29,4.50,1,3.78,4.12,6.40,2.12,5.83,4.34,4.23,0.16,4.05,3.89,2.27,0.90,-1.90,4.20,4.35,1.27,2.58,2.65,,5.11,6.78,4.84,2.28,3.69,1.90,4.57,6.38,-1.46,2.53,3.19,3.33,4.39,3.50,2.99,3,-2,-2.74,0.61,3.11,5.20,2.31,1.10,1.31,0.92,0.52,2.75,3.39,3.72,3.31,2.76,2.64,2.35,1.50,2.64,3.80,0.92,1.60,-0.30,,0.60,-1.24,2.18,1.14,0.20,-2.03,0.88,-0.40,2.69,1.45,1.50,4.19,3.90,3.12,3,4.04,3.47,3.50,2.53,4.14,4.65,,3.13,2.80,3.62,3.25,0.45,3.65,4.30,4,3.05,3.40,2.07,4.13,3.01,2.86,2.51,3.64,2.89,2.85,2.25,3.55,2.63,2.40,3.64,2.97,2.67,1.35,1.65,1.12,1.32,0.58,0.60,0.78,0.02,,0.80,1.71,0.90,1.06,0.92,1.67,2.10,2.03,1.69,1.06,0.40,,4.30,-6.50,5.50,2.30,2.90,,,,,,,4.10,4.40,,2.70,4.20,3.70,3.80,,,,,,,,2.40,2,2.90,2.60,0.80,,,,,2.10,,2.70,1.50,2,1.70,1.40,,,0.80,,,1,,,2.10,1.90,1.80,2.20,1.40,1.10,
2008-12-10 13:00,6.20,5.66,3.31,4.36,1,3.88,4.05,6.30,1.99,6.30,4.33,4.17,0.03,4.09,3.84,2.36,1.57,-1.72,4,4.48,1.44,2.36,2.81,,5.29,6.69,4.77,2.20,3.72,1.80,4.84,6.32,-1.14,2.62,3.25,3.31,4.30,3.48,3.17,2.92,-2.10,-2.99,0.11,3.05,5.30,2.28,1.20,1.29,1.26,0.47,2.51,3.51,3.60,3.34,2.93,2.93,2.56,1.60,2.89,4.15,0.91,1.60,-0.14,,0.71,-1.41,2.17,0.95,0.30,-2.10,0.74,-0.44,2.58,1.55,1.48,4.11,3.80,2.96,2.80,4.14,3.26,3.40,2.48,4.24,4.89,,3.01,3,3.45,3.69,0.46,3.78,4.06,3.90,2.91,3.79,2.01,3.89,3.10,3.17,2.80,3.63,2.79,2.74,2.29,3.50,2.47,2.30,3.43,2.81,2.51,1.18,1.70,1.18,1.40,0.60,0.50,0.80,-0.05,,0.80,1.49,0.85,1.09,1.08,1.67,2.10,1.91,1.73,1.17,0.40,5.90,3.90,-6.40,5.80,2.30,3,4.60,1.40,-4.50,2,4.80,5.20,4.20,4.60,3.80,2.60,4.20,3.80,3.80,,2.10,3.10,2.30,3.50,2.80,3.70,2.50,1.80,2.50,2.60,1.20,2.60,2,2.80,2.60,2.10,2.50,2.60,1.50,2,1.70,1.50,0.90,1.90,0.80,0.70,1.50,0.90,1.80,1.60,2.10,1.90,1.80,2.20,1.40,1.10,0.40
2008-12-10 13:10,6,5.68,3.33,4.28,0.89,3.64,3.48,6.10,1.83,6.78,4.20,4.05,0.06,4.05,3.75,2.25,1.82,-1.94,3.50,4.17,1.37,1.82,2.69,,5.24,6.57,4.61,2.14,3.77,1.70,4.68,6.19,-0.88,2.59,3.08,3.19,4.34,3.53,2.92,2.71,-1.90,-3.08,0.17,2.99,5.20,2.28,1.30,1.33,1.40,0.46,2.38,3.58,3.67,3.42,3,2.95,2.63,1.70,2.88,4.14,0.91,1.70,-0.15,,0.67,-1.55,1.98,0.75,0.30,-2,0.52,-0.63,2.48,1.45,1.86,4.02,3.50,2.92,2.61,3.99,3.06,3.45,2.50,4.15,4.32,,2.93,3,3.23,4.01,0.52,3.53,3.87,3.60,2.89,3.40,1.96,3.79,3.09,3.32,2.83,3.47,2.79,2.71,2.26,3.41,2.33,2.20,3.32,2.75,2.31,1.02,1.62,1.20,1.52,0.54,0.60,0.74,-0.16,,0.70,1.39,0.60,0.73,1.13,1.73,2.10,1.86,1.55,1.05,0.30,,4.10,-6.30,5.90,2.30,3.10,,,,,,,3.80,4.40,,2.60,4.20,3.70,3.63,,,,,,,,2.50,1.80,2.20,2.50,1.20,,,,,1.90,,2.40,1.30,2,1.70,1.50,,,0.80,,,0.80,,,2.10,1.90,1.80,2.20,1.40,1,
2008-12-10 13:20,5.90,5.58,3.34,4.17,1.06,3.50,3.21,6,1.75,6.65,4.14,4.21,0.26,4.18,3.56,2.38,1.76,-1.63,3.30,3.92,1.37,1.80,2.23,,5.13,6.40,4.54,2.11,3.76,1.80,4.37,5.97,-0.72,2.54,2.98,3.20,4.32,3.42,2.58,2.52,-1.90,-2.92,0.31,2.81,5,2.23,1.20,1.35,1.20,0.55,1.82,3.53,3.83,3.53,2.93,3.07,2.62,1.80,2.71,4.19,0.88,1.70,-0.25,,0.75,-1.55,1.92,0.63,0.20,-1.94,0.58,-0.83,2.59,1.05,2.07,3.98,3.70,2.76,2.64,4.41,3.13,3.37,2.33,4.11,3.66,,2.91,2.90,3.32,4.04,0.45,3.27,3.66,3.20,2.93,3.19,2.05,3.64,2.92,3.32,2.56,3.32,2.78,2.72,2.33,3.45,2.41,2.30,3.15,2.56,2.12,0.82,1.60,1.07,1.62,0.46,0.60,0.66,-0.14,,0.60,1.27,0.61,0.63,1.11,1.68,2.10,1.77,1.80,1.13,0.20,,4,-6.30,5.90,2.40,3,,,,,,,3.50,4.40,,2.60,,3.20,3.57,,,,,,,,2.10,1.60,2.10,2.20,1,,,,,1.90,,2.20,1.10,2,1.80,1.50,,,0.70,,,0.70,,,2,1.90,1.90,2.20,1.30,1,
2008-12-10 13:30,5.90,5.55,3.40,4.11,1.17,3.42,3.13,6.10,1.67,6.54,4.15,4.45,0.13,4.14,3.41,2.23,1.78,-1.70,3,3.64,1.40,1.47,1.94,,5.02,6.33,4.33,2,3.67,1.80,4.24,5.63,-0.90,2.58,2.80,3.14,4.15,3.31,2.29,2.42,-2.10,-2.90,0.30,2.84,5.10,2.26,1.30,1.33,1.05,0.54,1.57,3.35,3.67,3.65,2.96,3.21,2.57,1.70,2.81,4.03,0.76,1.70,-0.35,,0.90,-1.49,1.67,0.58,0,-1.82,0.53,-0.84,2.57,0.83,2.05,3.82,3.50,2.78,3.20,4.06,3.25,3.19,2.12,4.16,3.12,,2.69,2.60,3.21,3.94,0.26,3.08,3.24,3,2.88,3.76,1.91,3.42,2.67,3.22,2.60,3.33,2.77,2.74,2.33,3.32,2.35,2.30,2.86,2.20,1.97,0.65,1.74,1.05,1.65,0.56,0.60,0.54,-0.26,,0.50,1.07,0.61,0.47,1.10,1.67,2.10,1.77,1.81,1.25,0.20,,4.20,-6.30,5.80,2.30,3,,,,,,,3.30,4.30,,2.50,4.20,2.90,3.53,,,,,,,,1.80,1.40,1.90,2.10,1.10,,,,,1.70,,1.90,0.80,2,1.80,1.50,,,0.60,,,0.60,,,2,1.90,1.90,2.10,1.40,0.80,
2008-12-10 13:40,5.80,5.49,3.60,4.12,0.99,3.33,3.04,6.10,1.66,6.52,4.03,4.54,0.16,4.11,3.43,2.33,1.66,-1.73,2.90,3.71,1.35,1.77,1.55,,4.95,6.22,4.16,1.89,3.66,1.80,3.89,5.40,-1.23,2.50,2.86,2.98,4,3.14,1.86,2.36,-2,-2.82,0.16,2.67,5,2.15,1.30,1.36,1,0.68,1.61,3.37,3.77,3.66,2.97,3.16,2.46,1.60,2.72,3.91,0.56,1.60,-0.39,,0.91,-1.49,1.50,0.58,-0.10,-1.79,0.45,-0.86,2.56,0.77,1.92,3.74,3.30,2.75,3.40,4.01,3.15,3.12,1.83,3.95,2.47,,2.52,2.40,3.23,3.73,0.26,2.73,3.14,2.80,2.93,3.78,1.84,3.16,2.30,3.07,2.66,3.05,2.69,2.60,2.08,3.08,2.22,2.20,2.59,1.88,1.67,0.45,1.75,1.18,1.53,0.46,0.60,0.36,-0.40,,0.30,0.84,0.46,0.75,1.14,1.63,2.10,1.76,1.62,1.06,0,,4.10,-6.20,5.60,2.30,3.10,,,,,,,3,4.30,,2.30,4.20,2.70,3.53,,,,,,,,1.80,1.40,1.50,2,1.10,,,,,1.60,,1.80,0.60,2,1.80,1.50,,,0.40,,,0.50,,,2,1.90,1.90,2.10,1.40,0.70,
2008-12-10 13:50,5.80,5.61,3.72,4.15,0.88,3.32,2.94,6,1.56,6.36,4.02,4.46,0.34,4.06,3.45,2.33,1.87,-1.67,3,3.58,1.16,1.72,1.56,,4.78,6.41,3.90,1.83,3.60,1.70,4.10,5.24,-1.38,2.40,2.80,2.82,4.03,2.88,1.66,2.40,-2.10,-2.85,0.05,2.63,3.10,1.89,1.40,1.44,0.87,0.68,1.35,3.43,3.62,3.69,3.03,3.13,2.40,1.60,2.59,3.72,0.49,1.50,-0.48,,0.82,-1.39,1.45,0.53,-0.30,-1.80,0.44,-0.72,2.52,0.68,1.59,3.56,3.10,2.76,3.30,4.18,2.93,2.96,1.56,3.23,2.13,,2.44,2.10,3.09,3.27,0.20,2.44,3.27,2.70,3.16,3.62,1.70,2.90,2.14,2.89,2.53,2.72,2.62,2.42,1.91,3,2.02,2,2.39,1.68,1.53,0.26,1.71,1.05,1.34,0.47,0.60,0.29,-0.51,,0.20,0.73,0.33,0.29,1.17,1.58,2.10,1.67,1.65,0.99,-0.10,,3.90,-6.20,5.40,2.20,3.20,,,,,,,2.80,4.10,,2.20,4.10,2.50,3.54,,,,,,,,1.50,1.30,1.20,2,0.90,,,,,1.20,,1.60,0.30,2,1.70,1.50,,,0.40,,,0.40,,,2,1.90,1.90,2,1.40,0.60,
2008-12-10 14:00,5.80,5.57,3.71,4.23,1.03,3.69,2.92,5.90,1.28,6.18,3.96,4.43,0.28,3.83,3.45,2.46,1.97,-1.61,2.90,3.77,1.07,1.66,1.46,,4.52,6.50,3.80,1.67,3.64,1.70,4.10,5.35,-1.53,2.43,2.83,2.61,3.85,2.81,1.48,2.41,-2,-2.60,0.30,2.66,2.10,1.87,1.40,1.47,0.90,0.66,1.11,3.37,3.77,3.76,3.08,3.08,2.33,1.50,2.64,3.47,0.26,1.50,-0.43,,0.67,-1.48,1.49,0.44,-0.40,-1.89,0.36,-0.72,2.29,0.51,1.33,3.16,2.80,2.72,3.40,4.18,2.81,2.82,1.37,3.22,1.62,,2.31,2.10,2.99,3.36,0.19,2.20,2.91,2.70,3.21,3.20,1.54,2.38,1.93,2.63,2.41,2.59,2.53,2.38,1.87,2.72,1.76,1.90,2.71,1.27,1.30,0.06,1.81,1.15,1.27,0.50,0.60,0.04,-0.59,,0.10,0.63,0.23,0.43,1.09,1.53,2.10,1.62,1.70,0.89,0,5.90,3.80,-6.20,5.40,2.20,3.10,,1.20,-4.20,1.10,4.60,4.40,2.70,3.90,2,1.80,4,2.40,3.70,1.20,1.90,2.80,2.30,2.20,2.40,2.10,1.40,1.10,0.80,1.80,0.70,2.60,2,2.60,1.50,1.40,1.40,1.50,0.20,2,1.60,1.50,0.90,2,0.10,0.30,0.40,0.30,2,1.70,2.10,1.90,1.90,2.10,1.30,0.60,-0.50
2008-12-10 14:10,5.80,5.73,3.76,4.18,1.02,3.92,2.95,5.80,1.29,6.12,3.88,4.24,0.25,3.76,3.41,2.50,1.82,-1.76,2.90,3.68,0.96,1.37,0.90,,4.49,6.12,3.79,1.53,3.58,1.80,3.89,5.41,-1.65,2.54,2.72,2.43,3.66,2.61,1.62,2.36,-1.90,-2.70,0.27,2.72,4.10,1.93,1.40,1.46,1.13,0.70,1.08,3.44,3.70,3.84,3.10,3.08,2.38,1.40,2.46,3.38,0.09,1.40,-0.40,,0.57,-1.43,1.27,0.40,-0.40,-1.81,0.30,-0.86,2.07,0.45,1.11,2.96,2.40,2.62,3.26,4.16,2.62,2.70,1.27,2.70,1.39,,2.10,2.10,2.90,3.02,0.11,1.87,2.97,2.80,3.21,3.29,1.40,2.39,1.66,2.39,2.28,2.58,2.46,2.22,1.82,2.64,1.67,1.70,2.77,1.01,1.09,-0.16,1.84,0.95,1.10,0.50,0.60,-0.11,-0.74,,-0.10,0.58,0.20,0.47,1.10,1.49,2,1.59,1.51,0.93,-0.10,,3.70,-6.10,5.30,2.10,2.90,,,,,,,2.70,3.80,,1.70,3.80,2.30,3.70,,,,,,,,1.50,0.90,0.30,1.70,0.70,,,,,1.40,,1.30,0,2,1.60,1.50,,,0.10,,,0.10,,,2.10,1.90,1.90,2.10,1.30,0.40,
2008-12-10 14:20,5.80,5.68,3.73,4.09,0.87,3.57,2.72,5.70,1.38,6.28,3.84,4.08,0.14,3.70,3.35,2.41,1.80,-1.86,2.70,3.58,0.84,1.16,0.55,,4.34,5.74,3.67,1.25,3.47,1.70,3.63,4.91,-2.01,2.47,2.42,2.37,3.49,2.60,1.36,2.44,-2,-2.95,0.19,2.82,4.90,1.96,1.30,1.51,1.11,0.75,1.38,3.44,3.75,3.89,3.02,3.03,2.26,1.30,2.30,3.29,0.24,1.30,-0.56,,0.59,-1.52,1.28,0.33,-0.60,-1.78,0.20,-0.94,1.86,0.28,1.23,2.72,2,2.22,3.29,3.85,2.33,2.51,1.17,2.34,1.14,,1.98,1.70,2.89,2.74,0.06,1.47,2.47,2.80,3.03,3.96,1.37,2.30,1.67,2.11,2.18,2.52,2.48,2.05,1.92,2.22,1.61,1.50,2.37,0.89,0.85,-0.27,1.78,0.85,1.01,0.49,0.60,-0.18,-0.86,,-0.20,0.50,0.14,0.15,1.04,1.61,2,1.58,1.46,0.96,-0.10,,3.60,-6.10,5.20,2.20,2.90,,,,,,,2.50,3.60,,1.30,3.60,2.20,3.56,,,,,,,,1.20,0.80,0,1.70,0.60,,,,,1.10,,1.30,-0.10,2,1.60,1.40,,,0,,,0,,,2,1.90,1.90,2.10,1.30,0.50,
2008-12-10 14:30,5.70,5.63,3.61,3.97,0.77,3.46,2.79,5.50,1.35,6.21,3.61,3.86,-0.03,3.71,3.24,2.19,1.70,-1.64,2.60,3.56,1.08,1.13,0.32,,4.33,5.76,3.63,1.54,3.49,1.60,3.45,4.69,-2.20,2.25,2.34,2.36,3.26,2.60,0.76,2.40,-2,-2.97,0.06,2.81,4.70,1.82,1.40,1.51,1.05,0.73,1.55,3.56,3.71,3.81,3,2.95,2.12,1.20,2.31,3.14,0.22,1.30,-0.55,,0.51,-1.19,1.33,0.22,-0.60,-1.86,0.20,-0.99,1.66,0.13,1.09,2.46,1.50,1.84,3.24,3.50,1.97,2.28,0.72,2.05,1.10,,1.90,1.50,2.71,2.91,0,1,2.07,2.70,3.04,3.77,1.25,2.32,1.82,1.81,2.04,2.70,2.34,2.07,1.96,2.06,1.27,1.30,2.42,0.60,0.69,-0.48,1.84,0.89,0.95,0.48,0.70,-0.25,-1.05,,-0.30,0.40,-0.01,-0.10,0.85,1.52,2,1.46,1.45,0.97,-0.30,,3.70,-6.10,5.20,2.20,2.70,,,,,,,2.40,3.70,,1.10,3.50,2,3.49,,,,,,,,0.90,0.80,0,1.60,0.50,,,,,0.80,,1.10,-0.20,2,1.60,1.40,,,-0.20,,,0,,,1.90,2,1.80,2.10,1.20,0.40,
2008-12-10 14:40,5.70,5.70,3.64,3.96,0.80,3.15,2.94,5.40,1.24,5.64,3.61,3.70,-0.09,3.58,3.13,2.19,1.47,-1.66,2.30,3.52,0.94,1.31,-0.04,,4.04,5.66,3.37,1.79,3.53,1.50,3.51,4.36,-2.32,2.12,2.28,2.38,3.42,2.44,0.50,2.21,-2.20,-2.81,-0.02,2.85,4.70,1.81,1.40,1.40,0.92,0.72,1.48,3.46,3.66,3.88,3.11,2.95,2.08,1.20,2.27,2.98,0.12,1.40,-0.62,,0.50,-1.06,1.22,0.15,-0.70,-2.07,0.13,-0.89,1.25,-0.07,0.84,2.22,1.20,1.47,3.10,3.24,1.60,2.10,0.46,1.78,0.75,,1.78,1.40,2.61,3.01,0.01,0.91,1.98,2.70,2.90,2.70,1.21,2.26,1.88,1.59,1.92,2.73,2.02,2.09,1.93,1.63,1.07,1.20,2.30,0.24,0.54,-0.70,1.78,0.82,1,0.40,0.60,-0.28,-1.16,,-0.30,0.15,-0.03,0,0.78,1.34,1.90,1.52,1.40,0.96,-0.30,,3.70,-6.10,5.20,2.20,2.60,,,,,,,2.30,2.90,,1,3.50,1.70,3.37,,,,,,,,0.60,0.60,-0.10,1.40,0.50,,,,,0.90,,0.90,-0.40,2,1.60,1.50,,,-0.30,,,-0.10,,,1.80,1.90,1.80,2.10,1.20,0.20,
2008-12-10 14:50,5.60,5.61,3.71,4.01,0.70,2.97,3.09,5.20,1.15,5.93,3.55,3.57,-0.03,3.59,2.91,2.31,1.36,-1.87,2.20,3.64,0.91,1.27,-0.16,,4.05,5.51,3.46,1.75,3.52,1.50,3.58,3.95,-2.21,2.04,2.27,2.17,3.53,2.35,0.38,2.35,-2.30,-2.85,0.10,2.73,4.80,2.08,1.40,,1.04,0.73,1.29,3.47,3.65,3.83,2.90,2.74,2.15,1.10,2.27,2.93,0.15,1.40,-0.55,,0.45,-1.08,0.99,0.04,-0.80,-2.04,0.03,-1.10,0.85,-0.24,0.67,2.13,0.90,1.30,2.89,2.95,1.52,1.82,0.35,1.83,0.60,,1.68,1,2.61,2.99,0.06,0.87,1.38,2.70,2.78,3.64,1.07,1.98,1.86,1.39,1.79,2.79,1.98,1.95,1.69,1.17,0.97,1,2.18,-0.28,0.55,-0.67,1.77,0.75,1,0.32,0.60,-0.28,-1.17,,-0.30,0.06,-0.11,-0.08,0.88,1.27,1.90,1.48,1.38,0.93,-0.30,,3.60,-6.20,5.10,2.30,2.50,,,,,,,2.20,2.60,,0.90,3.40,1.60,3.56,,,,,,,,-0.30,0.40,0.50,1.40,0.20,,,,,0.70,,0.70,-0.30,2.10,1.60,1.50,,,-0.60,,,-0.30,,,1.80,2,1.80,2.20,1.20,0.10,
2008-12-10 15:00,5.50,5.55,3.69,3.84,0.60,2.99,3.26,5.10,1.32,6.21,3.60,3.42,0.03,3.81,2.95,2.25,1.51,-1.80,2.40,3.75,0.58,1.06,-0.38,,4.07,4.38,3.38,1.53,3.42,1.60,3.70,3.86,-2.22,1.92,2.36,2.23,3.57,2.34,0.10,2.53,-2.30,-2.82,0.26,2.71,4.70,2.15,1.40,,0.96,0.70,0.77,3.44,3.66,3.68,2.81,2.92,2.15,1,2.25,2.69,0.11,1.50,-0.52,,0.49,-0.77,0.94,-0.02,-0.80,-2.25,-0.02,-1.04,0.58,-0.40,0.73,2.24,0.90,1.42,2.82,2.39,1.47,1.58,0.16,1.89,0.41,,1.75,0.60,2.79,2.80,-0.19,0.70,1.44,2.70,2.73,3.05,0.91,2,1.52,1.15,1.72,2.71,1.71,1.87,1.46,0.74,0.67,0.60,2,-0.74,0.28,-0.71,1.99,0.78,0.94,0.36,0.50,-0.46,-1.20,,-0.30,0.16,-0.11,-0.40,0.94,1.22,1.90,1.46,1.22,0.88,-0.30,5.40,3.60,-6.20,4.90,2.40,2.40,3.40,0.70,-4.20,0.80,3.10,4.20,2.10,2.80,1.70,0.70,3.40,1.50,3.50,0.30,1.40,2.20,2,0.50,1.60,1.30,-0.10,0.20,1.10,1.40,0,2.50,2,2.20,0.40,0.70,0.60,0.60,-0.30,1.80,1.60,1.50,0.90,1.60,-0.70,0,,-0.30,2,1.70,1.90,2,1.80,2.30,1.20,0.20,-0.90
2008-12-10 15:10,5.50,5.52,3.76,3.86,0.60,3.04,3.37,5,1.31,6.16,3.70,2.81,0.03,3.73,3.04,2.11,0.58,-1.82,2.40,3.52,0.22,1.05,-0.57,,4.04,3.67,3.35,1.74,3.41,1.60,3.45,3.39,-2.19,1.87,2.21,2.14,3.41,2.37,0.04,2.40,-2.30,-2.78,0.11,2.67,4.50,2.09,1.40,1.39,0.88,0.69,0.56,3.38,3.76,3.51,2.70,2.72,2.06,1,2.29,2.34,0.14,1.40,-0.66,,0.44,-0.64,0.72,-0.09,-0.80,-2.11,-0.11,-0.93,0.38,-0.41,0.15,1.96,0.60,1.37,2.90,1.83,1.30,1.51,0.19,2,0.14,,1.76,0.20,2.80,2.64,-0.53,0.56,1.35,2.50,2.73,2.97,0.94,1.76,1.18,1.12,1.61,2.69,1.71,1.83,1.21,0.54,0.32,0.30,1.81,-0.87,0.20,-0.84,1.80,0.74,0.73,0.35,0.40,-0.48,-1.21,,-0.50,0.07,-0.32,-0.23,0.90,1.15,2,1.47,1.53,0.84,-0.30,,3.50,-6.20,4.90,2.10,2.40,,,,,,,1.90,3.30,,0.60,3.30,1.50,3.32,,,,,,,,0.10,0.10,0.90,1.50,0,,,,,0.40,,0.40,-0.60,1.80,1.60,1.40,,,-0.70,,,-0.30,,,2,2,1.70,2.30,1.20,0.10,
2008-12-10 15:20,5.40,5.56,3.85,3.80,0.50,2.70,3.27,4.70,1.20,6.09,3.69,2.80,0.12,3.83,3.05,2.10,0.45,-1.85,2.30,3.16,0.18,0.92,-0.68,,3.80,3.50,3.52,2.09,3.67,1.70,3.07,3.38,-2.26,1.77,2.13,2.17,3.48,2.39,-0.21,2.25,-2.30,-2.85,0.01,2.65,4.20,2.37,1.30,1.41,0.96,0.69,0.45,3.54,3.73,3.50,2.54,2.66,2.13,0.90,2.29,1.98,0.07,1.30,-0.68,,0.47,-0.74,0.42,-0.09,-0.80,-2.36,-0.21,-0.95,0.26,-0.46,0.25,1.58,0.40,1.44,2.80,1.41,1.25,1.42,0.19,1.89,0.09,,1.61,0.50,2.92,2.48,-0.59,0.59,1.25,2.30,2.63,3.35,0.89,1.61,1.31,1.30,1.49,2.67,1.72,1.70,1.10,0.43,0.35,0.20,1.85,-0.90,0.03,-0.91,1.84,0.63,0.58,0.30,0.30,-0.64,-1.31,,-0.60,0.01,-0.32,-0.31,1,1.10,2,1.42,1.44,0.72,-0.30,,3.30,-6.20,5.10,2.20,2.20,,,,,,,2,3.10,,0.70,3.50,1.50,3.25,,,,,,,,-0.60,0.20,0.80,1.30,-0.10,,,,,0.20,,0.30,-0.60,1.50,1.70,1.40,,,-0.70,,,-0.30,,,1.90,2.10,1.70,2.40,1.20,0.30,
2008-12-10 15:30,5.30,5.57,3.71,3.69,0.50,2.55,3.16,4.10,1.18,6.35,3.69,2.97,0.17,3.82,3.13,2.04,0.76,-1.94,2.30,3.27,0.40,0.54,-0.65,,3.70,3.57,3.71,2.15,3.51,1.70,2.27,3.29,-2.33,1.79,2.13,1.98,3.53,2.43,0.07,2.18,-2.40,-2.88,0.13,2.80,4.10,2.51,1.40,1.44,1.10,0.57,0.30,3.53,3.60,3.56,2.04,2.65,2.10,0.80,2.18,1.62,0.04,1.20,-0.70,,0.30,-0.95,0.37,-0.16,-0.90,-2.51,-0.44,-0.83,0.23,-0.51,0.58,1.04,0.30,1.46,2.80,1.45,1.29,1.19,0.02,1.75,0,,1.69,0.80,3.16,2.41,-0.69,0.55,1.59,2.30,2.63,3.39,1.04,1.47,1.55,1.55,1.13,2.44,1.55,1.61,1.08,0.21,0.04,0,1.68,-1.01,-0.09,-0.82,1.86,0.68,0.37,0.27,0.20,-0.86,-1.67,,-0.70,0.04,-0.32,-0.26,1.11,1.23,2,1.38,1.53,0.69,-0.30,,3.60,-6.20,5,2.20,2.10,,,,,,,1.90,3.20,,0.50,3.60,1.40,3.22,,,,,,,,-0.60,0.10,0.80,1.50,-0.30,,,,,-0.30,,0.30,-0.70,1.30,1.70,1.50,,,-0.90,,,-0.20,,,1.80,2.10,1.70,2.40,1.20,0.10,
2008-12-10 15:40,5.30,5.42,3.49,3.57,0.50,2.57,3.04,3.60,1.08,6.57,3.92,3.22,0.46,3.89,3.17,2,0.38,-1.81,2.10,3.41,0.20,0.92,-0.57,,3.96,3.42,4,2.15,3.57,1.90,2.16,3.16,-2.37,1.71,2.19,2.02,3.51,2.53,0.16,2.18,-2.10,-2.93,-0.01,2.73,4.10,2.59,1.30,1.41,1.02,0.55,0.10,3.41,3.54,3.60,1.79,2.62,2.12,0.80,2.19,1.33,-0.07,1.20,-0.78,,0.21,-1.16,0.33,-0.23,-0.90,-2.75,-0.61,-0.63,0.58,-0.35,1.02,0.93,-0.10,1.73,2.80,1.38,1.56,1.14,0.01,1.71,-0.21,,2.10,1.10,3.28,2.44,-0.65,0.32,1.58,2.40,2.62,3.29,1.17,1.37,1.48,1.72,1.05,2.42,1.41,1.63,0.95,0.02,-0.25,-0.30,1.54,-0.80,-0.21,-0.90,1.85,0.55,0.08,0.29,0.10,-0.85,-1.83,,-0.90,-0.06,-0.36,-0.33,1.11,1.43,1.90,1.38,1.28,0.54,-0.30,,3.30,-6.30,5,2.30,2.10,,,,,,,1.90,3.20,,0.50,3.60,1.50,3.25,,,,,,,,-0.60,0.30,0.60,1.60,-0.40,,,,,-0.50,,0.40,-1,1.20,1.70,1.40,,,-0.90,,,-0.30,,,1.80,2.10,1.80,2.30,1.10,0,
2008-12-10 15:50,5.30,5.42,3.63,3.31,0.50,2.58,3.08,3.60,1.08,,3.77,3.42,0.36,3.97,3.18,1.96,0.01,-1.79,1.60,3.11,0,0.95,-0.67,,3.86,3.51,4.09,2.02,3.74,1.90,2.08,3.20,-2.33,1.77,2.06,2.05,3.64,2.48,0.29,1.82,-2.20,-2.92,0.07,2.70,4.30,2.65,1.20,1.38,0.75,0.46,0.29,3.44,3.43,3.45,1.46,2.64,2.12,0.90,2.21,1.07,-0.06,1.20,-0.77,,0.44,-0.97,0.12,-0.23,-1,-2.74,-0.69,-0.54,0.54,-0.15,1.40,1.20,-0.50,1.60,2.90,1.40,1.89,0.95,-0.11,1.67,-0.21,,2.29,1.10,3.15,2.43,-0.73,0.23,1.64,2.50,2.45,3.40,1.33,1.11,1.27,1.64,1.15,2.13,1.17,1.52,0.87,-0.01,-0.43,-0.60,1.56,-0.84,-0.26,-1.06,1.82,0.37,0.05,0.38,0,-0.94,-1.88,,-1.10,-0.17,-0.45,-0.36,1.05,1.51,2,1.33,1.30,0.55,-0.30,,3.40,-6.30,5.10,2.30,2.20,,,,,,,2.10,3.10,,0.50,3.70,1.40,3.19,,,,,,,,-1.20,0,0.50,1.40,-0.50,,,,,-0.10,,0.30,-1.10,1.20,1.70,1.40,,,-1.10,,,-0.30,,,1.70,2,1.80,2.30,1,0.10,
2008-12-10 16:00,5.20,5.47,3.81,2.99,0.40,2.32,3.18,3.80,0.94,6.46,3.76,3.34,0.24,4.10,3.04,2.24,0.99,-1.85,1.10,2.99,0.07,0.70,-0.65,,4.23,3.82,4.06,2,3.87,2,1.94,3.30,-2.22,1.75,1.98,2.02,3.55,2.52,0.04,1.74,-2.20,-2.97,0.21,2.64,4.60,2.45,1.20,1.37,0.85,0.46,0.24,3.38,3.42,3.43,1,2.65,2.01,0.90,2.31,1.11,-0.05,1.10,-0.82,,0.26,-1.09,0.23,-0.21,-1.10,-2.88,-0.83,-0.49,0.22,0.02,1.37,1.24,-0.40,1.27,3,1.45,2.42,0.68,-0.52,1.69,-0.23,,2.27,0.90,3.11,2.44,-0.75,0.34,1.74,2.60,2.53,3.32,1.32,0.79,1.20,1.38,1.21,1.70,1.12,1.52,0.83,-0.09,-0.53,-0.70,1.47,-0.99,-0.43,-1.11,1.89,0.41,0,0.27,-0.20,-0.91,-1.98,,-1.20,-0.08,-0.56,-0.25,0.99,1.60,2,1.30,1.42,0.64,-0.30,6.10,3.60,-6.40,5.20,2.20,2.20,3.10,-0.10,-5.70,0.70,2.10,3.70,2.10,3.10,0.70,0.60,3.80,1.30,3.30,,1.30,1.70,1.20,0.10,0.70,0.40,-0.60,-0.10,0.60,1.30,-0.60,2.40,1.90,2,0.10,-0.10,-0.20,0.30,-1.20,1,1.70,1.40,0.80,1.40,-1,0.10,-0.50,-0.20,1.60,1.60,1.70,2,1.80,2.20,0.90,0.10,-0.90
2008-12-10 16:10,5.10,5.26,3.84,2.84,0.60,2.41,3.46,3.80,0.98,6.34,3.77,3.31,0.20,4.17,2.92,2.30,1.41,-2.01,0.70,2.03,0.18,0.68,-0.54,,4.39,4.15,4,2.11,3.86,1.80,1.63,3.26,-2.34,1.64,2.03,1.97,3.54,2.46,-0.05,1.77,-1.90,-3.01,0.27,2.42,4.20,2.31,1.20,1.33,0.65,0.49,0.08,3.43,3.24,3.33,0.61,2.73,1.96,0.90,2.13,0.95,0.09,1.30,-0.88,,0.25,-1.22,0.27,-0.17,-1.20,-3.20,-0.79,-0.34,-0.10,-0.02,1.37,0.96,-0.50,0.53,3,1.57,2.82,0.40,-0.49,1.81,-0.32,,2.02,0.70,3.22,2.47,-0.83,0.40,1.78,2.70,2.57,3.10,1.39,0.55,1.28,1.17,1.28,1.70,1.22,1.45,0.90,-0.28,-0.65,-0.80,1.40,-1.22,-0.50,-1.13,1.93,0.32,-0.08,0.23,-0.40,-1.10,-1.96,,-1.20,-0.16,-0.60,-0.26,1.09,1.59,1.90,1.20,1.50,0.60,-0.30,,3.80,-6.40,5.20,2.30,2.40,,,,,,,2.10,3,,0.60,3.80,1.30,3.01,,,,,,,,-0.70,0,0.90,1.20,-0.60,,,,,0,,0.30,-1.20,1,1.70,1.50,,,-1,,,-0.30,,,1.70,2,1.80,2.20,0.80,0,
2008-12-10 16:20,5,5.39,3.75,2.98,0.50,3,3.78,3.80,1,6.19,3.73,3.04,0.19,4.13,2.91,2.28,1.21,-1.95,0.50,2.17,0.36,0.63,-1.25,,4.36,4.67,3.96,2.12,3.76,1.60,1.48,3.31,-2.45,1.54,2.03,1.94,3.59,2.47,-0.26,1.68,-1.80,-2.95,0.38,2.60,4.70,2.34,1.20,1.42,0.74,0.49,0.08,3.60,3.35,3.33,0.46,2.82,1.87,0.90,2.09,0.88,0.07,1.20,-0.79,,0.08,-1.49,0.15,-0.18,-1.10,-3.28,-0.67,-0.23,-0.23,-0.16,1.47,0.80,-0.80,0.49,2.90,1.46,3.07,0.50,-0.58,1.83,-0.51,,1.88,0.60,3.15,2.69,-0.92,0.94,1.96,2.80,2.49,3.53,1.38,0.76,1.20,0.75,1.24,1.79,1.05,1.42,0.78,-0.08,-0.74,-0.70,1.18,-1.23,-0.53,-1.23,2,0.17,-0.10,0.08,-0.40,-1.32,-1.74,,-1.20,-0.34,-0.53,-0.14,1.05,1.62,1.90,1.10,1.41,0.59,-0.30,,3.70,-6.30,5.10,2.20,2.50,,,,,,,2.10,3,,0.60,3.90,1.20,3.14,,,,,,,,-0.80,-0.10,1,1.10,-0.50,,,,,-0.20,,0.10,-1,1.10,1.70,1.50,,,-1.10,,,-0.40,,,1.70,1.90,1.90,2.30,0.80,-0.10,
2008-12-10 16:30,4.90,5.32,3.65,3.01,0.40,3.10,3.83,3.60,1.09,6.19,3.68,2.81,0.41,4.19,2.91,2.20,0.95,-2,0.50,2.17,0.18,0.68,-1.49,,4.34,4.73,3.80,2,3.67,1.60,1.29,3.09,-2.57,1.36,2.04,1.90,3.72,2.40,-0.11,1.52,-1.30,-2.77,0.49,2.30,4.80,2.64,1.20,1.35,0.60,0.39,-0.14,3.66,3.40,3.27,0.27,2.79,1.79,0.80,1.95,0.74,0.06,1.30,-0.87,,-0.25,-1.58,0.14,-0.21,-0.90,-3.12,-0.77,-0.38,-0.35,-0.54,1.76,0.76,-1,0.50,2.70,1.49,3.05,0.50,-0.38,1.57,-0.32,,1.88,0.50,3.21,2.67,-0.97,1.10,2.12,2.70,2.50,3.67,1.39,1.11,1.02,0.63,1.10,1.63,1.02,1.16,0.99,-0.02,-0.75,-0.80,1.03,-1.40,-0.69,-1.33,1.88,0.14,0.09,-0.08,-0.50,-1.37,-1.72,,-1.20,-0.27,-0.72,0.07,1.08,1.38,1.90,1.09,1.37,0.63,-0.30,,3.90,-6.30,5.10,2.30,2.50,,,,,,,2,2.90,,0.50,3.90,1.20,3.35,,,,,,,,-0.20,0,0.90,1.10,-0.40,,,,,-0.40,,0.20,-1.10,1.10,1.70,1.50,,,-1.10,,,-0.40,,,1.60,1.90,1.90,2.40,0.80,-0.20,
2008-12-10 16:40,4.90,5.45,3.65,2.64,0.70,3.31,3.64,3.50,1,6.22,3.74,3.14,0.40,4.06,3.05,2.28,0.95,-2.21,0.10,2.36,0.20,0.80,-1.61,,4.49,4.37,3.93,1.91,3.73,1.60,1.16,2.57,-2.89,1.46,1.92,2,3.70,2.33,-0.23,1.61,-1.10,-2.85,0.57,2.32,4,2.62,1.10,1.39,0.55,0.44,-0.26,3.57,3.49,3.26,0.17,2.87,1.77,0.80,2.07,0.62,0.08,1.30,-0.87,,-0.25,-1.74,0.11,-0.24,-1.10,-3.18,-0.74,-0.48,-0.29,-0.94,1.87,0.84,-1,0.18,2.80,1.50,3.09,0.60,0.03,1.45,-0.42,,1.97,0.50,3.18,2.48,-1.01,1.09,2.03,2.80,2.79,3.96,1.17,1.24,1.07,0.55,0.83,1.61,1.06,1.12,1.07,0.06,-0.55,-0.80,0.84,-1.54,-0.61,-1.40,1.87,0.10,0.20,-0.15,-0.50,-1.33,-1.76,,-1.20,-0.44,-0.64,-0.08,1.07,1.35,1.90,0.92,1.35,0.62,-0.40,,3.60,-6.30,5.20,2.30,2.40,,,,,,,2.10,2.90,,0.20,4,1.30,3.38,,,,,,,,-0.90,0.10,1.10,1.10,-0.40,,,,,-0.50,,0.40,-1.10,1.20,1.70,1.50,,,-1.10,,,-0.60,,,1.60,2,2,2.40,0.70,-0.30,
2008-12-10 16:50,4.80,5.37,3.83,2.27,1.10,3.29,3.69,3.50,1.01,6.33,3.71,2.96,-0.07,4.11,2.94,2.52,0.92,-2.20,-0.20,1.81,0.28,0.75,-2.10,,4.58,3.95,3.91,2.25,3.68,1.40,1.08,2.39,-3.03,1.51,2,1.82,3.56,2.28,-0.57,0.94,-1.40,-2.81,0.57,2.25,2.80,2.47,1,1.22,0.55,0.28,-0.33,3.60,3.57,3.05,-0.14,2.68,1.84,0.90,2.22,0.59,0.24,1.30,-0.95,,-0.03,-1.56,-0.11,-0.33,-1.20,-3.13,-0.74,-0.44,-0.11,-1.33,1.99,0.43,-1.20,0.05,3,1.48,3.06,0.60,0.08,1.27,-0.73,,1.86,0.80,3.24,2.13,-0.92,0.96,2.20,2.90,2.91,3.70,1.25,1.29,1.07,0.33,0.56,1.75,0.93,1.06,1.07,0.01,-0.45,-0.90,0.69,-1.40,-0.71,-1.32,1.83,0.11,0.28,-0.24,-0.60,-1.38,-1.73,,-1.10,-0.59,-0.66,-0.26,1.02,1.21,1.90,0.86,1.22,0.70,-0.40,,4.10,-6.30,5.20,2.20,2.40,,,,,,,2.10,2.70,,0.20,4,1.30,3.55,,,,,,,,-1,0.20,1.10,1.20,-0.40,,,,,-0.50,,0.40,-1.10,1.30,1.70,1.50,,,-0.90,,,-0.70,,,1.60,1.90,2,2.40,0.70,-0.20,
2008-12-10 17:00,4.70,5.47,3.72,1.74,0.80,3.44,3.98,4.10,1.10,6.08,3.59,2.63,-0.32,3.97,2.89,2.64,0.58,-2.27,-0.40,0.80,0.44,0.85,-2.33,,4.75,4.02,3.91,2.29,3.61,1.30,1.08,2.42,-2.82,1.37,1.96,1.78,3.48,2.08,-0.55,0.49,-1,-2.68,0.72,2.18,2,2.16,1,1.19,0.47,0.25,-0.47,3.68,3.45,3.11,-0.05,2.76,1.83,0.80,2.12,1.17,0.30,1.20,-0.90,,0.03,-1.51,-0.12,-0.41,-1.20,-3.26,-0.69,-0.35,-0.12,-1.50,2.24,0.28,-1.30,0.16,2.80,1.50,2.82,0.80,0.10,0.98,-0.61,,1.73,0.60,3.12,2.18,-0.97,0.93,2.23,2.90,3.01,3.92,1.39,1.55,1.27,0.25,0.43,1.44,0.92,0.91,0.89,-0.13,-0.42,-1,0.67,-1.25,-0.59,-1.34,1.81,0.18,0.22,-0.47,-0.60,-1.30,-1.82,,-1.10,-0.60,-0.80,-0.38,1.03,1.32,1.80,0.83,0.88,0.53,-0.50,6.10,4.40,-6.20,5.20,2.30,2.50,3.20,-0.10,-5.20,0.30,2.60,3.50,2.20,2.70,-0.10,0.70,3.90,1.40,3.70,0.70,0.50,1.20,1.40,-0.30,0.60,0.30,-1.10,0.30,0.90,1.10,-0.30,2.40,1.90,2.10,-0.10,-0.60,-0.60,0.50,-1.20,1.40,1.70,1.50,,1.30,-1.20,-0.10,-0.60,-0.80,1.80,1.60,1.60,1.80,2,2.30,0.50,-0.10,-1.30
2008-12-10 17:10,4.70,5.55,3.85,1.41,0.90,3.58,4.53,4.80,1.18,6.07,3.61,1.89,0.18,3.85,2.83,2.70,0.35,-2.35,-0.70,1.29,0.59,0.55,-2.34,,4.76,4.12,3.77,2.40,3.44,1.20,1.10,2.11,-2.81,1.43,1.91,1.63,3.48,2.14,-0.82,0.35,-0.90,-2.58,0.75,2.56,1.60,2.16,0.90,1.16,0.17,0.15,-0.51,3.68,3.44,3.23,-0.22,2.66,2.03,0.80,1.94,1.68,0.22,1.20,-0.82,,0.06,-1.31,-0.08,-0.40,-1.20,-3.27,0.01,-0.48,0.42,-1.40,2.34,0.15,-0.90,0.38,2.50,1.87,3.04,0.90,0.17,0.75,-0.48,,1.55,0.80,3.08,2.42,-0.92,0.88,2.24,3,3.04,3.14,1.64,1.71,1.40,0.36,0.22,1.15,0.94,0.80,0.83,-0.09,-0.44,-1.10,0.60,-1.37,-0.62,-1.35,1.90,0.14,0.14,-0.67,-0.70,-1.51,-1.77,,-1.20,-0.59,-0.82,-0.61,0.92,1.20,1.80,0.79,1.15,0.53,-0.50,,4.30,-6.10,5.20,2.20,2.50,,,,,,,2.20,2.70,,0.70,3.90,1.30,3.53,,,,,,,,-0.70,0.30,0.60,1.20,-0.20,,,,,-0.60,,0.50,-1,1.40,1.70,1.50,,,-1.20,,,-0.80,,,1.60,1.80,2,2.30,0.40,-0.10,
2008-12-10 17:20,4.70,5.71,3.70,1.10,0.51,3.81,4.78,5,1.08,5.79,3.51,1.75,0.34,3.74,2.93,2.63,1.07,-2.29,-0.90,1.53,0.51,1.47,-2.45,,4.49,3.90,3.91,2.52,3.42,1.30,0.95,2.08,-3.03,1.39,1.83,1.60,3.46,2.03,-1,0.22,-0.90,-2.60,0.84,2.58,1.40,2.09,0.80,1.03,0.11,0.15,-0.50,3.65,3.41,3.16,-0.35,2.67,1.98,0.80,2.12,1.94,0.14,1.30,-0.84,,0.28,-1.23,-0.04,-0.37,-1.30,-3.31,-0.34,-0.35,-0.08,-1.27,2.30,0.04,-0.80,0.59,2.10,1.83,3.02,1.13,0.19,0.68,-0.52,,1.45,1,3.45,2.39,-0.89,0.91,2.33,3.10,2.93,2.79,1.63,1.94,1.48,0.39,0.31,1.11,0.92,0.69,0.79,-0.19,-0.52,-1.20,0.57,-1.59,-0.66,-1.24,1.88,0.03,0.04,-0.87,-0.70,-1.47,-1.76,,-1.30,-0.59,-0.83,-0.73,1.03,1.07,1.80,0.74,0.87,0.46,-0.60,,4.30,-6.20,5.20,2.10,2.40,,,,,,,2.30,2.60,,0.70,3.90,1.60,3.45,,,,,,,,-1.10,0.10,0.40,1.30,-0.30,,,,,-0.70,,0.40,-0.90,1.50,1.70,,,,-1.30,,,-0.90,,,1.70,1.90,1.90,2.20,0.40,-0.40,
2008-12-10 17:30,4.90,5.54,3.75,1.07,0.58,3.77,4.62,5,1.14,5.55,3.37,1.80,0.48,3.86,2.97,2.23,0.39,-2.40,-0.90,0.47,0.43,2.05,-2.61,,4.45,3.68,3.85,2.46,3.30,1.20,0.86,2.04,-3.28,1.41,1.90,1.59,3.54,1.96,-1.32,0.21,-1,-2.25,0.78,2.34,1.20,2,0.80,0.94,0.05,0.18,-0.51,3.57,3.37,3.11,-0.34,2.55,2.01,0.90,2.21,2.50,0.18,1.20,-0.76,-5.76,0.71,-1.26,0.09,-0.26,-1.30,-3.39,-0.47,-0.22,-0.08,-0.96,2.44,-0.12,-0.70,0.47,1.70,1.87,2.99,1.33,0.29,0.67,-0.63,,1.25,1.10,3.63,2.51,-0.68,0.98,2.42,3.20,3.09,3.95,1.71,1.74,1.47,0.25,0.35,1.05,0.83,0.54,0.76,-0.27,-0.49,-1,0.43,-1.63,-0.75,-1.19,1.83,0.15,-0.01,-0.95,-0.70,-1.67,-1.47,,-1.40,-0.43,-0.93,-0.81,0.98,1,1.80,0.60,0.77,0.53,-0.60,,4.70,-6.40,5.70,2.10,2.30,,,,,,,2.30,2.60,,0.80,4,1.70,3.49,,,,,,,,-0.90,0.20,0.30,1.50,-0.20,,,,,-0.90,,0.50,-0.80,1.60,1.70,1.50,,,-1.40,,,-1,,,1.80,1.90,1.90,2.10,0.30,-0.40,
2008-12-10 17:40,5,5.67,3.85,1.03,0.57,3.80,2.87,5,1.20,5.21,3.30,1.63,0.43,3.67,2.73,2.03,0.46,-2.25,-0.90,0.88,0.61,2,-3.07,,4.63,3.92,3.80,2.32,3.46,0.90,0.80,1.86,-3.40,1.49,1.80,1.56,3.41,1.86,-1.16,0.68,-1.20,-1.94,0.80,2.06,0.80,2.01,0.80,0.97,0.02,0.27,-0.17,3.40,3.26,3.03,-0.39,2.64,2.10,0.80,2.20,3.06,0.30,1.50,-0.81,-5.80,1.03,-1.16,-0.11,-0.32,-1.30,-3.29,-0.09,-0.16,-0.63,-0.63,2.42,-0.06,-0.30,0.49,1.30,1.67,2.88,1.29,0.28,0.24,-0.62,,1.05,1.20,3.75,2.57,-0.59,1.03,2.38,3.30,3.18,4.05,1.91,1.72,1.60,-0.15,0.32,1.47,0.75,0.36,0.77,-0.45,-0.59,-1.10,0.51,-1.55,-0.78,-1.21,1.84,0.13,-0.04,-1.02,-0.80,-1.56,-1.61,,-1.60,-0.44,-1,-0.63,0.97,0.95,1.70,0.49,0.87,0.47,-0.70,,4.30,-6.50,5.70,2.10,2.10,,,,,,,2.30,2.60,,0.70,3.90,1.70,3.49,,,,,,,,-1.10,0.40,0.30,1.50,-0.10,,,,,-0.80,,0.40,-0.80,1.60,1.70,1.50,,,-1.30,,,-1,,,1.80,2,2,2,0.30,-0.20,
2008-12-10 17:50,5.10,5.64,3.94,1.02,0.28,4.08,2.90,5,1.30,4.79,3.24,1.12,0.17,3.64,2.67,1.87,0.44,-2.18,-1.10,0.89,0.72,1.69,-3,,4.45,4.05,3.56,2.27,3.39,0.90,0.78,1.52,-3.40,1.37,1.77,1.43,3.32,1.81,-1.07,0.70,-0.80,-1.98,0.77,1.98,0.50,1.78,0.80,0.92,-0.12,0.24,-0.08,3.35,3.36,3.14,-0.46,2.70,2.12,0.70,2.14,2.43,0.34,1.60,-0.80,-5.76,0.97,-1.07,-0.10,-0.42,-1.30,-3.29,-0.15,-0.17,-0.90,-0.38,2.48,-0.22,0.10,0.76,1.30,1.86,2.87,1.35,0.29,0.02,-0.26,,1.06,1.30,3.58,3.03,-0.60,1.23,2.40,3.20,3.42,3.55,1.90,1.74,1.84,-0.08,0.15,1.41,0.78,0.33,0.67,-0.42,-0.68,-1.10,0.47,-1.44,-0.78,-1.35,1.84,0.19,-0.14,-1.08,-0.80,-1.37,-1.70,,-1.80,-0.42,-0.99,-0.78,1.08,0.96,1.70,0.31,0.96,0.40,-0.70,,4.60,-6.80,5.50,2,2.30,,,,,,,2.30,2.50,,0.80,3.80,1.70,3.56,,,,,,,,-1.70,0.50,0.40,1.40,-0.30,,,,,-0.80,,0.50,-0.90,1.60,1.80,1.50,,,-1.30,,,-1.10,,,1.90,2,1.90,2.10,0.10,-0.20,
2008-12-10 18:00,5,5.52,4.01,1,0,4.28,3.35,5.10,1.20,4.70,3.26,0.85,0.01,4,2.50,2,-1,-2.22,-1,0.71,0.72,1.68,-3.34,4,5,3,3.52,2.46,3,1,2,1,-3.46,1,1.64,2,4,2,0,0,-1,-2,1,2,-0.20,1.72,1,0.96,-0.03,0.14,-1,4,3.24,3.19,-0.46,3,2,0,2,1.97,0.53,2,-0.77,-5.68,0.92,-1.37,-0.12,-0.46,-1.30,-3.33,-0.41,-0.19,-0.86,-0.28,2.45,-0.27,0.40,1.84,1.50,1.72,-7,1.43,0.19,-0.04,-0.09,,-1,1.60,3.45,2.59,-0.51,1.35,2,3.10,3.23,3.78,1.92,1.58,1.96,-0.01,0.18,1.42,0.83,-0.05,0.44,-0.85,-0.49,-1.40,0.36,-1.39,-0.74,-1.45,1.75,0.32,0.19,-1.17,-0.80,-1.54,-1.89,,-1.80,-0.38,-0.93,-0.85,1.16,1.10,1.60,0.19,1,0.48,-0.70,4,4,-7,5.80,1.90,2,3.40,-0.40,-6.20,0.90,2.10,3.30,2.30,2,0.10,0.50,3.70,1.70,3.90,1.30,0.10,0.80,0.90,-1.80,0.20,1.30,-1.40,0.60,0.60,1.50,-0.40,2.30,1.80,1.60,-0.30,-0.80,-0.80,0.40,-1.10,1.70,1.80,1.50,0.80,1.40,-1.30,-0.50,-0.70,-1.10,2,1.60,1.90,2.10,1.90,2.10,0,-0.20,-1
2008-12-10 18:10,5.20,5.71,4.15,1.01,0.30,4.30,4.18,5.20,1.34,4.55,3.44,0.94,-0.14,3.97,2.56,1.84,-0.78,-2,-1.20,1.78,0.50,1.54,-3.60,,4.31,3.75,3.71,2.62,3.26,1.20,0.77,0.70,-3.24,1.21,1.52,1.75,3.87,1.88,-1.20,0.60,-1.20,-1.86,0.59,1.60,-0.40,1.50,0.80,0.95,0.19,0.17,-0.05,3.44,3.44,3.06,-0.50,2.80,2.29,0.60,2.62,1.70,0.61,1.90,-0.82,-5.67,0.89,-1.02,-0.07,-0.54,-1.30,-3.35,-0.62,-0.12,-0.80,-0.22,2.53,-0.39,0.50,2.84,1.60,1.47,2.92,1.10,0.45,0.03,0.02,,1.32,2,3.44,2.31,-0.48,1.44,2.43,3.20,3.29,3.06,1.83,1.63,1.98,0.28,0.23,1.77,0.68,0,-0.02,-1.10,-0.87,-1.40,0.35,-1.20,-0.70,-1.44,1.76,0.35,0.42,-1.04,-0.80,-1.65,-2.04,,-1.80,-0.46,-0.96,-0.67,1.17,1,1.90,0.13,0.78,0.36,-0.60,,4.30,-6.80,5.60,1.90,2.20,,,,,,,2.50,2.20,,0.50,3.50,1.70,3.72,,,,,,,,-1.10,0.60,0.60,1.70,-0.40,,,,,-0.80,,0.40,-1.40,1.70,1.80,1.50,,,-1.30,,,-1.20,,,2,2.10,1.90,2.10,0,-0.20,
2008-12-10 18:20,5.30,5.73,4.20,0.87,0.60,3.83,4.41,5.20,1.44,4.75,3.39,1.13,-0.19,4.06,2.65,1.89,-0.46,-2.09,-1.20,2.10,0.54,1.56,-3.75,,4.03,3.48,3.61,2.57,3.09,1.30,0.95,0.63,-2.63,1.20,1.53,1.62,3.98,1.84,-1.43,0.54,-1.20,-2.21,0.38,1.31,-0.60,1.39,0.80,0.91,0.17,0.08,-0.17,3.40,3.42,3,-0.68,2.86,2.31,0.50,2.78,1.60,0.61,1.80,-0.89,-5.67,0.59,-1.15,-0.06,-0.69,-1.40,-3.31,-0.74,-0.08,-0.82,-0.10,2.69,0.01,0.60,3.12,1.40,1.37,3.05,1.70,0.38,0.07,0.06,,1.41,1.90,3.40,2.70,-0.55,1.65,2.58,3.10,3.17,3.33,1.84,1.64,2.03,0.09,0.60,1.68,0.53,-0.14,-0.28,-1.37,-0.98,-1.30,0.64,-1,-0.66,-1.36,1.78,0.39,0.50,-1.06,-0.70,-1.57,-2.10,,-1.70,-0.27,-0.96,-0.53,1.08,0.92,1.90,0.15,0.80,0.16,-0.60,,4.50,-6.80,5.50,1.90,2.30,,,,,,,2.40,2.20,,0.40,3.40,1.90,3.77,,,,,,,,-1,0.70,1,1.70,-0.50,,,,,-1,,0.50,-1.50,1.70,1.80,1.50,,,-1.50,,,-1.20,,,1.80,2.10,1.80,2.10,0.10,-0.30,
2008-12-10 18:30,5.20,5.76,4.28,1.39,0.40,3.87,4.71,5.40,1.47,5.01,3.51,0.53,-0.12,4.10,2.81,1.97,-0.50,-2.32,-1.10,0.50,0.58,1.81,-3.87,,3.73,3.48,3.80,2.62,2.75,1.30,1.02,0.44,-2.14,1.14,1.62,1.48,3.75,1.83,-1.62,0.46,-1,-2.22,0.57,1.21,-0.40,1.19,0.90,0.84,0.27,0.04,-0.18,3.38,3.45,3.06,-0.69,2.81,2.34,0.30,2.77,1.85,0.57,1.80,-0.80,-5.65,0.33,-1.11,0.02,-0.73,-1.50,-3.29,-0.80,0.09,-0.76,0.13,2.67,0.57,0.50,2.23,1.20,1.73,2.82,2.30,0.37,0.43,-0.16,,1.22,1.90,3.30,2.81,-0.61,1.73,2.68,3.10,3.38,3.90,2,1.77,2.03,-0.51,1.16,1.39,0.59,-0.14,-0.26,-1.61,-1.01,-1.20,0.79,-1.02,-0.73,-1.30,1.81,0.46,0.63,-1.03,-0.60,-1.41,-2.13,,-1.80,-0.65,-1.08,-0.42,1.06,0.93,2,0.14,0.66,0.14,-0.60,,4.60,-7,5.40,2,2.40,,,,,,,2.50,2.20,,0.30,3.20,2,3.69,,,,,,,,-0.70,0.60,1.10,1.50,-0.50,,,,,-0.90,,0.40,-1.60,1.80,1.80,1.50,,,-1.40,,,-1.30,,,1.50,2.10,1.70,2.10,0.10,-0.30,
2008-12-10 18:40,5.10,6.02,4.42,2.54,0.60,3.97,5.17,4.80,1.56,4.92,3.61,-0.19,0.09,4.34,2.70,1.78,-0.04,-2.29,-1.20,0.62,0.63,1.73,-3.88,,3.56,3.32,3.78,2.47,2.41,1.20,1.15,0.35,-2.28,0.95,1.49,1.57,3.76,1.91,-1.87,0.56,-0.60,-2.55,0.69,1.22,-0.10,1.25,0.90,0.77,0.50,0.02,-0.25,3.31,3.43,2.87,-0.67,2.79,2.35,0.20,2.60,1.57,0.65,1.80,-0.59,-5.63,0.15,-0.75,0.13,-0.87,-1.60,-3.26,-0.68,0.09,-0.39,0.37,2.63,-0.06,0.70,1.86,1.10,1.98,2.76,2.40,0.23,0.57,-0.41,,0.98,2.30,3.34,2.78,-0.59,1.77,2.81,3.10,3.50,3.28,2.01,1.83,2.07,-0.58,0.78,1.46,0.64,-0.08,-0.42,-2.04,-0.64,-1,0.87,-0.94,-0.71,-1.27,1.78,0.51,0.64,-0.89,-0.60,-1.44,-1.93,,-1.70,-0.36,-1.07,-0.28,1.18,0.99,2,0.31,0.88,0,-0.50,,4,-7.20,5,1.90,2.40,,,,,,,2.50,1.90,,0.20,3.10,2.20,3.78,,,,,,,,-0.50,0.50,1.20,1.40,-0.50,,,,,-0.90,,0.50,-1.40,1.80,1.80,1.50,,,-1.50,,,-1.30,,,1.80,2.10,1.60,2.20,0.10,-0.20,
2008-12-10 18:50,5,5.95,3.96,3.40,0.70,4.27,5.29,4.50,1.70,5.06,3.60,0.17,0.26,4.62,2.81,1.81,-0.72,-2.22,-1.20,1.31,0.86,1.70,-3.76,,3.56,3.41,3.42,2.38,2.32,1.20,0.55,-0.01,-2.47,0.83,1.53,1.44,3.62,1.90,-1.81,0.63,-1,-2.52,0.80,1.28,-0.40,1.94,0.70,0.76,0.36,0.03,-0.40,3.19,3.27,2.77,-0.72,2.79,2.44,0.10,2.86,1.21,0.50,1.70,-0.48,-5.58,0.18,-0.44,-0.03,-0.83,-1.60,-3.20,-0.69,0.07,-0.06,0.50,2.58,-0.12,0.70,1.53,1,1.75,2.44,1.90,0.17,0.56,-0.51,,0.95,2.70,3.24,2.46,-0.69,1.91,3.14,3.10,3.50,3.59,1.93,2.01,2.09,-0.69,0.36,1.30,0.61,-0.15,-0.35,-2.13,-0.44,-0.80,0.87,-0.75,-0.74,-1.28,1.86,0.46,0.46,-0.77,-0.40,-1.58,-1.86,,-1.70,-0.35,-0.98,-0.35,1.11,1.01,2.10,0.36,0.83,-0.22,-0.50,,4.50,-7.30,5,1.90,2.60,,,,,,,2.50,1.60,,0.30,3.20,2.20,3.72,,,,,,,,-0.20,1,1.20,1.70,-0.60,,,,,-1,,0.60,-1.30,1.80,1.70,1.50,,,-1.50,,,-1.30,,,1.90,2.10,1.60,2.30,0,-0.20,
2008-12-10 19:00,5.10,6.06,3.47,3.92,0.90,4.32,5.58,4.40,1.71,5.11,3.63,0.82,0.43,4.60,2.80,2.01,-0.94,-2.20,-1.30,2.17,0.79,1.37,-3.70,,3.63,3.58,3.62,2.50,2.40,1.20,0.59,-0.37,-2.33,0.91,1.55,1.63,3.47,1.90,-1.57,0.83,-1.30,-2.51,0.81,1.35,-0.60,2,0.70,0.62,0.22,0.10,-0.73,3.07,3.15,2.72,-0.93,2.78,2.44,0.20,3.02,1.02,0.65,1.60,-0.32,-5.59,0.36,-0.50,0.02,-0.75,-1.50,-3.13,-0.80,0.10,0.22,0.65,2.64,0.07,0.60,1.50,0.80,2.01,2.04,1.40,0.39,0.28,-0.53,,1.07,2.70,3.28,2.29,-0.60,1.99,2.64,3,3.40,3.69,1.89,2,1.90,-0.71,0.21,1.07,0.60,-0.02,-0.24,-2.14,-0.09,-0.80,1.17,-0.52,-0.78,-1.27,1.71,0.46,0.35,-0.71,-0.40,-1.62,-2.06,,-1.70,-0.40,-0.98,-0.63,1.03,1.13,2,0.39,0.62,-0.35,-0.50,4.60,4.30,-7.30,4.90,1.90,2.80,3.40,-0.40,-6.20,0,1.30,2.20,2.50,1.60,0.70,0.30,3,2.10,3.80,,-0.10,0.20,0.90,-2.10,0.10,1.40,-0.10,1.20,1.40,1.70,-0.60,2.10,1.60,1.40,-0.30,-1.50,-1.40,0.60,-1.40,1.80,1.70,1.50,,1.20,-1.50,-0.50,,-1.40,1.70,1.30,1.90,2.10,1.60,2.20,0.10,-0.30,-1.20
2008-12-10 19:10,5.30,6.16,3.59,3.95,1,4.20,5.64,4.70,1.58,5.07,3.76,0.80,0.66,4.62,2.82,2.23,-1.13,-2.12,-1.50,2.10,0.71,1.45,-3.96,,3.66,3.38,3.65,2.45,2.30,1.10,0.88,-0.32,-2.67,0.87,1.62,1.56,3.54,1.87,-1.29,0.74,-1.40,-2.64,0.84,1.40,-0.50,2.02,0.80,0.58,0.66,0.13,-0.89,3.04,2.76,2.63,-0.91,2.83,2.72,0.50,3.06,0.88,0.85,1.60,-0.17,-5.73,0.46,-0.61,0.16,-0.81,-1.50,-3.18,-0.76,0.07,0.51,0.85,2.62,0.10,0.60,1.37,0.56,1.99,1.70,1.10,0.62,0.22,-0.62,,1.02,2.60,3.21,2.16,-0.73,2.11,2.99,3.10,3.42,3.24,1.92,1.96,1.79,-0.74,-0.02,1.19,0.54,0.09,-0.19,-2.05,0.21,-0.80,1.18,-0.31,-0.84,-1.39,1.70,0.61,0.30,-0.82,-0.40,-1.64,-2.36,,-1.60,-0.45,-0.99,-0.59,1.02,1.08,2.10,0.41,0.48,-0.32,-0.50,,4.40,-7,5,1.70,2.90,,,,,,,2.40,1.60,,0.30,2.90,2.30,3.57,,,,,,,,0.10,1.20,1.50,1.50,-0.60,,,,,-1.30,,0.60,-1.50,1.80,1.70,1.50,,,-1.50,,,-1.30,,,1.80,2,1.80,2.20,0.10,-0.50,
2008-12-10 19:20,5.20,6.25,3.53,3.94,1,4.24,5.99,5,1.67,4.82,3.72,0.64,1.13,4.55,2.90,2.33,-1.47,-2.13,-1.50,1.50,0.94,1.38,-4.13,,3.86,3.31,3.59,2,2.15,0.90,1.06,-0.12,-2.85,0.96,1.68,1.45,3.55,1.68,-1.52,0.65,-1.30,-2.62,0.76,1.28,-0.60,1.96,0.90,0.57,0.65,0.13,-0.80,3.02,2.75,2.52,-0.72,2.69,2.85,0.60,2.87,0.97,0.74,1.70,-0.14,-5.59,0.39,-0.61,0.06,-0.91,-1.60,-3.28,-0.76,-0.11,0.39,0.99,2.37,0.24,0.70,1.23,0.46,1.78,2.05,0.90,0.65,0.21,-0.56,,0.95,2.50,3.06,2.01,-0.67,2.24,2.85,3.20,3.53,3.70,2.14,1.91,1.80,-0.78,-0.14,1.13,0.39,0.17,-0.08,-2.26,0.26,-0.50,1.33,-0.14,-0.94,-1.46,1.76,0.50,0.27,-0.95,-0.50,-1.70,-2.54,,-1.70,-0.51,-1.03,-0.37,1.06,1.15,2.10,0.35,0.80,-0.57,-0.60,,4.40,-7,4.40,1.60,3,,,,,,,2.50,1.50,,0.30,2.70,2.30,3.43,,,,,,,,0.20,1.10,1.50,1.50,-0.40,,,,,-1.20,,0.60,-1.40,1.80,1.70,1.50,,,-1.50,,,-1.30,,,1.80,1.80,1.80,2.20,0.10,-0.50,
2008-12-10 19:30,5.20,6.30,3.80,4.17,0.95,4.22,6.20,5.20,1.67,4.73,3.85,0.68,1.23,4.54,3.04,2.34,-1.82,-2.08,-1.50,1.07,0.91,1.33,-4.06,,3.80,3.26,3.55,1.76,2.15,0.90,1.06,0.09,-3.17,0.87,1.68,1.26,3.34,1.65,-1.84,0.64,-1.20,-2.45,0.83,1.32,-0.70,1.94,1,0.54,0.44,0.09,-0.52,3.10,2.56,2.50,-0.81,2.49,2.86,0.60,2.75,1.56,0.74,1.80,-0.24,-5.09,0.47,-0.60,0.14,-0.98,-1.60,-3.23,-0.63,-0.27,0.09,0.95,2.63,0.19,0.70,1.53,0.48,1.80,1.84,0.90,0.74,0.61,-0.48,,1.20,2,2.99,1.93,-0.68,2.28,2.85,3.10,3.36,3.13,2.09,1.93,1.71,-0.53,-0.44,0.99,0.35,-0.01,-0.10,-2.24,0.41,-0.20,1.20,0.01,-1.01,-1.56,1.79,0.75,0.26,-1.06,-0.40,-1.85,-2.62,,-1.70,-0.53,-1.05,-0.55,0.92,1.11,2,0.32,0.77,-0.69,-0.60,,4.50,-7.10,4.10,1.70,3,,,,,,,2.70,1.40,,0.40,2.50,2.40,3.54,,,,,,,,0.10,1.10,1.60,1.40,-0.30,,,,,-0.90,,0.50,-1.60,1.70,1.70,1.40,,,-1.60,,,-1.30,,,1.80,1.60,1.70,2.10,0.10,-0.60,
2008-12-10 19:40,5.40,6.28,3.95,4.29,0.65,3.90,6.34,5.40,1.77,4.93,3.84,0.76,0.91,4.59,3.21,2.06,-1.77,-2.11,-1.30,0.80,0.82,1.08,-3.93,,3.72,3.19,3.56,2.30,2.08,0.80,0.78,0.17,-3.28,0.76,1.46,1.32,3.43,1.60,-2.02,0.52,-1.10,-2.62,0.80,1.44,-0.60,1.68,0.90,0.54,0.43,0.02,-0.56,2.81,2.69,2.46,-0.96,2.05,2.82,0.60,2.71,1.99,0.78,2,-0.27,-4.65,0.41,-0.55,0.16,-1.34,-1.60,-3.30,0.49,-0.18,-0.02,0.80,2.76,0.28,0.80,1.49,0.65,1.95,1.50,0.90,0.80,0.57,-0.67,,1.37,1.60,2.80,1.88,-0.71,2.28,2.91,3.10,3.47,2.88,1.91,2.03,1.90,-0.05,-0.39,0.79,0.45,-0.28,-0.24,-2.03,0.51,0,1.21,0.09,-1.04,-1.53,1.75,0.53,0.15,-1.08,-0.50,-1.92,-2.68,,-1.60,-0.58,-1.16,-0.45,1.15,0.97,2,0.24,0.81,-0.66,-0.60,,4.70,-7.10,4.10,1.70,3,,,,,,,2.90,1.20,,0.40,2.40,2.60,3.50,,,,,,,,0.20,1.20,1.60,0.90,-0.20,,,,,-0.60,,0.50,-1.60,1.60,1.70,1.40,,,-1.60,,,-1.50,,,1.80,1.60,1.70,2.20,0.20,-0.70,
2008-12-10 19:50,5.80,6.22,4,4.30,0.49,3.59,6.47,5.70,1.73,5.31,3.93,0.65,1.11,4.67,3.24,1.64,-2.04,-2.09,-1.30,0.77,0.73,1.12,-3.86,,3.40,3.11,3.63,2.54,2.18,0.90,0.68,1.11,-2.81,0.59,1.32,1.24,3.20,1.44,-1.92,0.49,-1,-2.78,0.80,1.48,-0.70,1.62,0.90,0.53,0.76,-0.03,-0.68,3.02,2.21,2.21,-0.95,1.47,2.90,0.40,2.19,2.58,0.85,2,-0.32,-4.44,0.25,-0.49,0.21,-1.53,-1.50,-3.39,0.22,-0.27,-0.02,0.75,2.72,0.39,0.80,1.87,0.61,2.11,1.48,0.80,0.84,0.59,-0.52,,1.29,1.30,2.72,1.70,-0.55,2.29,2.85,3.10,3.39,3.38,1.98,2.18,1.71,-0.25,-0.32,0.98,0.52,-0.21,-0.33,-1.37,0.52,0.10,1.02,-0.01,-1.11,-1.52,1.71,0.59,0.02,-1.06,-0.40,-1.99,-2.87,,-1.70,-0.65,-1.21,-0.62,1.12,1.06,1.90,0.22,0.65,-0.51,-0.70,,4.70,-6.90,4.10,1.70,3.10,,,,,,,2.80,1.10,,0.40,2.40,2.60,3.45,,,,,,,,0.50,1.10,1.50,0.70,-0.20,,,,,-0.40,,0.60,-1.50,1.60,1.70,1.40,,,-1.60,,,-1.50,,,1.90,1.60,1.70,2.10,0.20,-0.80,
2008-12-10 20:00,6.20,6.48,3.36,4.46,0.78,3.04,6.48,5.80,1.84,5.17,3.86,0.58,1.28,4.75,3.05,1.47,-2.01,-2.08,-1.40,2.06,0.87,1.17,-4.07,,3.36,2.90,3.63,2.55,2.25,0.90,0.71,0.54,-2.81,0.71,1.10,1.26,3.31,1.45,-1.67,0.66,-0.60,-2.53,1.08,1.66,-0.20,1.62,0.80,0.55,0.82,-0.14,-0.50,3.14,2.13,2.32,-0.92,2.02,2.74,0.30,1.96,3.20,0.82,1.90,-0.27,-3.76,0.19,-0.52,0.17,-1.39,-1.40,-3.45,0.72,-0.26,0.01,0.78,2.74,0.67,0.80,2.97,0.63,2.29,1.28,0.70,0.77,0.34,-0.41,,1.29,1.30,2.53,1.65,-0.50,2.31,2.79,3,3.18,2.93,2.16,2.29,1.35,-0.15,1.37,0.81,0.42,-0.36,-0.50,-1.05,0.45,0.30,1.13,0.11,-1.20,-1.65,1.71,0.53,0.08,-1.04,-0.50,-2.03,-2.82,,-1.80,-0.60,-1.22,-0.85,0.90,1.14,1.90,0.29,0.54,-0.40,-0.80,5.30,4.30,-7.20,4.10,1.90,3,2.90,-0.90,-5.20,0.20,1.60,1.50,2.70,1.30,0.60,0.90,2.40,2.70,3.30,1.20,-0.10,0.70,0.90,0.50,0.60,1.50,0.50,1.10,1.50,1.10,-0.10,1.90,1.60,1.40,-0.20,-0.30,-0.80,0.70,-1.40,1.40,1.70,1.40,0.70,0.80,-1.50,-0.70,-1.40,-1.50,1.60,1.20,1.90,1.50,1.60,2.20,0.20,-0.70,-1.30
2008-12-10 20:10,6.10,6.45,3.96,4.47,0.94,2.94,6.49,6,1.74,5.02,3.71,0.37,1.06,4.67,3.07,1.59,-1.58,-1.98,-1.20,3.29,0.93,1.28,-4.08,,3.49,3.06,3.58,2.54,2.21,0.90,1.75,0.22,-2.61,0.66,1.10,1.34,2.93,1.51,-1.06,0.75,-0.80,-2.42,0.90,1.52,0,1.80,0.80,0.62,0.80,-0.02,-0.32,3.21,1.93,2.32,-0.85,2.76,2.63,0.20,2.07,3.59,0.74,1.90,-0.31,-3.40,0.16,0.04,0.15,-1.39,-1.50,-3.41,1.04,-0.25,0,0.89,2.74,0.72,0.90,3.80,0.83,2.25,0.80,0.60,0.98,0.44,-0.35,,1.09,1.30,2.66,1.57,-0.45,2.15,2.53,3.10,3.02,2.97,2.12,2.42,1.35,-0.15,2.09,0.61,0.33,-0.31,-0.43,-0.81,0.54,0.30,1.06,0.20,-1.19,-1.70,1.73,0.63,-0.15,-1.12,-0.60,-2.05,-2.77,,-2.10,-0.55,-1.25,-0.83,0.90,1.08,1.90,0.04,0.61,-0.28,-0.90,,3.80,-7.20,4.70,1.90,3,,,,,,,2.60,1.30,,0.90,2.40,2.50,3.26,,,,,,,,0.70,1.20,1.50,1.60,-0.10,,,,,-0.20,,0.20,-1.40,1.40,1.70,1.40,,,-1.50,,,-1.50,,,1.90,1.60,1.70,2.20,0.20,-0.80,
2008-12-10 20:20,6.10,6.56,4.14,4.32,0.99,2.88,6.61,6.30,1.85,5.08,3.68,0.43,0.50,4.81,3.34,1.94,-1.79,-1.87,-1.40,2.67,1.11,1.42,-4.09,,3.48,3.02,3.69,2.53,2.39,0.90,1.42,0.14,-2.63,0.81,1.16,1.19,2.73,1.29,-1.08,0.63,-0.70,-2.41,0.97,1.45,1.30,1.92,0.80,0.66,0.58,-0.04,0.04,3.14,2.02,2.08,-0.97,3.30,2.81,0.30,2.74,3.58,0.90,2.20,-0.25,-3.18,0.10,-0.03,0.26,-1.23,-1.40,-3.22,1.23,-0.26,0.08,0.92,2.85,0.79,1,4.17,0.63,2.04,0.55,0.50,0.86,0.59,-0.22,,1.05,1.40,2.50,1.50,-0.30,1.94,2.41,2.90,2.90,2.97,2.21,2.42,1.29,-0.22,2.10,0.61,0.34,-0.43,-0.49,-0.80,0.47,0.40,0.87,0.11,-1.24,-1.70,1.83,0.62,-0.17,-1.12,-0.70,-2.16,-2.78,,-2.10,-0.43,-1.18,-0.74,0.97,0.99,1.80,-0.08,0.74,-0.43,-0.90,,4.20,-7.40,4.40,2,3.30,,,,,,,2.40,1.40,,0.90,2.40,2.60,3.10,,,,,,,,0.60,1.30,1.50,1.80,0,,,,,-0.20,,0.10,-1.30,1.30,1.70,1.40,,,-1.70,,,-1.60,,,1.90,1.60,1.40,2.30,0.20,-1,
2008-12-10 20:30,6.10,6.52,4.41,4.48,1.07,2.92,6.60,6.30,1.98,5.12,3.64,0.21,0.43,4.86,3.19,2.64,-1.68,-1.91,-1.60,2.22,0.93,1.59,-4.02,,3.24,2.89,3.62,2.52,2.40,0.90,0.85,-0.04,-2.43,0.64,1.32,0.93,2.94,1.41,-0.98,0.62,-0.60,-2.13,1.07,1.36,1,1.93,0.90,0.53,0.46,-0.16,0.27,3.14,2.04,2.09,-0.96,3.81,2.83,0.30,2.86,3.43,1.04,2.30,-0.31,-3.35,0.01,0.02,0.25,-1.20,-1.40,-2.81,1.23,-0.37,0.14,0.93,2.77,0.79,0.90,4.28,0.60,2.02,0.77,0.40,0.71,0.71,-0.05,,1.10,1.30,2.23,1.29,-0.46,1.48,2.45,2.80,2.70,3.55,2.28,2.51,1.15,-0.20,1.96,0.30,0.34,-0.50,-0.45,-0.97,0.50,0.40,1.05,0.05,-1.26,-1.72,1.81,0.53,-0.43,-1.06,-0.90,-2.19,-2.71,,-2.20,-0.57,-1.18,-0.88,0.93,0.92,1.80,-0.05,0.72,-0.43,-0.90,,3.60,-6.90,4.20,1.80,3.30,,,,,,,2.50,1.70,,0.90,2.40,2.70,3.29,,,,,,,,0.60,1.30,1.40,1.90,-0.10,,,,,-0.10,,0,-1.20,1.20,1.70,1.40,,,-1.60,,,-1.70,,,1.90,1.50,1.50,2.30,0.30,-0.90,
2008-12-10 20:40,6.10,6.66,4.72,4.47,1.40,2.91,6.64,6.50,2.05,5.14,3.71,0.40,0.40,4.83,3.43,2.67,-1.59,-1.97,-1.90,1.09,0.98,1.62,-3.80,,3.40,2.88,3.58,2.57,2.39,0.90,1.04,-0.08,-2.10,0.74,1.11,1.17,3.02,1.68,-1.05,0.52,-0.90,-1.79,1.22,1.29,3.50,2.01,1,0.61,0.24,-0.24,0.32,3.08,1.75,2.06,-1.07,4.14,2.88,0.30,3.56,3.67,0.91,2.20,-0.41,-3.35,-0.25,0.05,0.18,-1.18,-1.30,-2.42,1.22,-0.43,0.24,0.91,2.73,0.83,1,4.16,0.60,2.05,1.24,0.30,0.76,0.70,0.32,,1.19,1.10,2.20,1.37,-0.31,1.19,2.08,2.70,2.74,3.47,2.32,2.45,1.14,-0.12,1.83,0.16,0.32,-0.38,-0.38,-0.74,0.48,0.40,1.09,0.10,-1.39,-1.75,1.70,0.47,-0.56,-1.21,-1,-2.20,-2.64,,-2.20,-0.61,-1.26,-1.36,0.84,0.81,1.80,0,0.72,-0.46,-0.90,,4.10,-7.20,4.10,1.70,3.40,,,,,,,2.40,1.90,,1,2.40,2.70,3.28,,,,,,,,0.80,1.30,1.40,1.80,0,,,,,0,,0.10,-1.10,1.20,1.70,,,,-1.70,,,-1.70,,,1.80,1.30,1.30,2.30,0.30,-0.90,
2008-12-10 20:50,6.10,6.67,4.80,4.61,1.58,2.93,6.46,6.40,2.15,4.73,3.79,0.26,0.49,4.66,3.61,2.89,-1.51,-1.96,-2.10,1.23,1.19,1.66,-3.27,,3.45,2.84,3.67,2.49,2.54,0.80,1.19,0.26,-2.04,0.73,1.30,1.18,3.14,1.82,-1.13,0.83,-0.90,-1.58,1.31,1.54,4.90,1.69,1.10,0.68,-0.13,-0.05,0.23,3.07,1.90,1.94,-1.19,4.09,2.83,0.50,3.68,4.28,0.67,2.20,-0.30,-3.23,-0.49,0.04,0.22,-1.10,-1,-1.43,1.27,-0.32,0.15,1.18,2.80,0.93,1,4.12,0.70,1.93,1.43,0.40,0.76,0.81,0.31,,1.31,1,2.19,1.33,-0.66,1.07,2.15,2.60,2.70,3.46,2.44,2.40,1.08,0,1.68,0.17,0.26,-0.13,-0.35,-0.55,0.47,0.40,1.07,0.19,-1.33,-1.80,1.79,0.49,-0.62,-1.30,-1,-2.16,-2.65,,-2.30,-0.67,-1.32,-1.59,0.71,0.82,1.70,-0.20,0.49,-0.63,-1,,4.60,-7.30,3.80,1.60,3.40,,,,,,,2.50,2.40,,0.90,2.40,2.70,3.31,,,,,,,,0.80,1.30,1.20,1.90,0,,,,,-0.10,,0.20,-1,1.20,1.80,1.30,,,-1.70,,,-1.60,,,1.80,1.30,1.30,2.20,0.30,-1,
2008-12-10 21:00,6.10,6.81,4.75,4.76,1.72,2.85,6.60,6.70,2.13,4.63,3.92,0.27,0.30,4.67,3.46,2.88,-1.34,-1.89,-2.30,3.08,1.28,1.93,-2.91,,3.63,2.80,3.72,2.55,2.81,0.70,1.75,0.31,-2.17,0.64,1.25,1.37,3.05,1.74,-1.05,1.29,-0.60,-1.17,1.43,1.50,5,1.80,1,0.86,-0.13,0.05,0.44,3.08,1.48,1.83,-1.24,4.09,2.74,0.50,3.68,4.52,0.93,2.10,-0.05,-3.20,-0.48,-0.10,0.13,-0.98,-0.70,-1.62,1.29,-0.26,0.31,1.16,2.77,1.15,1,4.17,0.70,1.81,1.71,0.50,0.60,1.01,0.39,,1.40,0.90,2.33,1.36,-0.39,1.07,1.92,2.60,2.46,3.46,2.38,2.24,1.01,0.49,-0.06,0.21,0.26,-0.14,-0.31,-0.43,0.57,0.40,1.19,0.24,-1.36,-1.83,1.69,0.47,-0.64,-1.42,-1.10,-2.35,-2.67,,-2.20,-0.77,-1.46,-1.35,0.79,0.67,1.80,-0.27,0.29,-0.75,-1,5.40,5,-7,3.70,1.70,3.50,3.10,-0.40,-5,1,2.30,1.20,2.50,1.90,1.90,0.90,2.60,2.60,3.40,,0.30,0.50,1,0.50,0.40,1.80,0.80,1.30,1,1.90,0.10,1.30,1.40,0.90,-0.20,-0.20,0.10,0.20,-0.90,1.10,1.80,1.30,0.70,0.80,-1.50,-0.40,-1.80,-1.70,,1,1.80,1.40,1.10,2.10,0.20,-0.90,-1.40
2008-12-10 21:10,6.20,6.77,5.11,4.74,1.86,2.89,6.89,6.60,2.09,4.34,3.96,0.29,0.08,4.80,3.41,2.93,-1.07,-1.92,-2.30,3.67,1.11,2.40,-2.83,,3.81,2.99,3.62,2.61,2.83,0.70,1.76,1.32,-2.09,0.57,1.45,1.40,3.37,1.61,-1.29,1.23,-0.30,-0.97,1.81,1.65,5.20,2.34,1,1.08,-0.45,0.07,0.58,3.09,1.08,1.83,-1.22,4.18,2.83,0.80,3.68,4.39,1,2.20,-0.03,-3.05,-0.65,-0.03,0.24,-1.06,-0.60,-1.72,1.37,-0.22,0.44,1.34,2.74,1.12,1.10,4.22,0.90,1.83,1.86,0.50,0.57,1.46,0.52,,1.45,1,2.22,1.22,-0.35,0.98,1.73,2.50,2.34,3.41,2.37,2,1.11,0.92,-0.80,0.27,0.32,-0.23,-0.32,-0.50,0.68,0.40,1.24,0.20,-1.26,-1.78,1.70,0.57,-0.68,-1.40,-1.20,-2.43,-2.77,,-2.20,-0.82,-1.42,-1.56,0.92,0.57,1.90,-0.45,0.22,-0.92,-1,,4.90,-6.70,3.40,1.90,3.50,,,,,,,2.50,2,,1,2.80,2.40,3.33,,,,,,,,0.80,1.30,0.80,2,0.20,,,,,-0.50,,0.10,-0.70,1.10,1.80,1.30,,,-1.50,,,-1.80,,,1.80,1.40,1,2.10,0.30,-0.90,
2008-12-10 21:20,6.20,6.89,5.14,4.72,2.02,2.90,6.80,6.60,2.06,4.23,4.03,0.19,0.14,4.83,3.52,3.06,-1.02,-1.82,-2.30,4.34,0.93,2.39,-3.11,,3.96,3.14,3.62,2.51,2.80,0.90,1.77,3.07,-2.08,0.52,1.53,1.51,3.81,1.61,-1.59,1.06,0,-0.96,1.90,1.68,5.40,2.50,0.90,1.26,-0.65,0.22,0.38,3.18,1.43,1.70,-1.16,4.39,3.02,0.80,3.87,4.25,1.14,2.30,0.14,-3.08,-0.89,0.05,0.22,-1.03,-0.60,-1.47,1.50,-0.26,0.43,1.40,2.79,0.87,1.20,4.29,1.10,1.90,1.76,0.90,0.49,1.63,0.69,,1.42,1,2.13,1.13,-0.45,0.90,1.76,2.50,2.35,3.60,2.29,1.88,1.08,1.13,-0.94,0.17,0.40,-0.18,-0.37,-0.28,0.80,0.40,1.31,0.22,-1.32,-1.77,1.74,0.49,-0.55,-1.51,-1.20,-2.49,-2.90,,-2.10,-0.75,-1.33,-1.80,0.79,0.56,1.80,-0.66,0.05,-0.80,-1,,5.10,-6.70,3.40,2.30,3.70,,,,,,,2.50,2.20,,1,3,2.20,3.39,,,,,,,,0.90,1.40,0.80,2,0.30,,,,,-0.50,,-0.20,-0.50,1,1.80,1.40,,,-1.40,,,-1.80,,,1.80,1.60,1,2.10,0.30,-0.90,
2008-12-10 21:30,6.20,6.98,5.28,4.76,2.18,3.08,6.76,6.60,2.01,4.04,4.07,0.12,0.11,4.72,3.50,2.94,0,-1.68,-2.20,4.61,0.95,2.18,-2.83,,3.97,3.08,3.31,2.22,2.79,0.90,1.96,1.70,-1.72,0.90,1.53,1.57,3.59,1.64,-0.93,1.08,-0.10,-0.86,1.74,1.72,5.50,2.38,1,1.24,-0.62,0.36,0.07,3.14,1.67,1.56,-1.21,4.39,2.99,0.80,4.10,4.22,1.31,2.30,0.16,-3.13,-1.08,0.06,0.05,-1.06,-0.80,-1.12,1.51,-0.24,0.47,1.47,2.79,0.92,1.30,4.14,1.40,2.13,1.99,1.10,0.46,1.76,0.90,,1.38,1,2.21,1.15,-0.40,0.89,1.54,2.50,2.36,3.40,2.13,1.60,0.95,1.10,-0.99,0.11,0.47,-0.22,-0.34,-0.26,0.87,0.50,1.31,0.25,-1.52,-1.74,1.70,0.62,-0.57,-1.65,-1.30,-2.42,-2.88,,-2.30,-0.85,-1.50,-1.99,0.86,0.50,1.80,-0.72,-0.11,-0.90,-1,,5.40,-6.40,3.20,2.30,3.60,,,,,,,2.20,2.50,,0.80,3.10,2,3.33,,,,,,,,0.90,1.50,0.90,2.10,0.40,,,,,-0.50,,-0.40,-0.20,0.90,1.80,1.30,,,-1.30,,,-1.80,,,1.80,1.60,0.80,1.90,0.20,-1,
2008-12-10 21:40,6.10,7.03,5.18,4.96,2.12,3.64,6.65,6.60,2.11,4.26,4.29,0.39,0.09,4.69,3.42,2.69,-0.04,-1.74,-2.10,4.72,0.94,1.96,-2.64,,4.19,2.96,3.25,2.16,2.77,0.80,3.04,1.01,-1.26,1,1.56,1.56,3.64,1.85,-0.60,1.15,0.20,-0.90,1.58,1.74,5.20,1.97,1.10,1.24,-0.98,0.29,-0.43,3.21,1.81,1.43,-1.24,4.37,2.97,0.80,4.02,3.79,1.39,2.40,0.12,-2.90,-1.31,0.07,-0.05,-1.10,-0.70,-1.08,1.52,-0.25,0.52,1.41,2.84,0.93,1.10,4.17,1.60,2.21,2.49,1.30,0.62,1.70,0.94,,1.39,1.10,2.28,1.26,-0.52,0.81,1.54,2.70,2.77,3.32,1.71,1.19,0.90,1.08,-1.07,0.13,0.42,-0.36,-0.37,-0.15,0.96,0.70,1.36,0.32,-1.62,-1.84,1.69,0.56,-0.33,-1.63,-1.20,-2.39,-2.90,,-2.20,-0.95,-1.53,-2.51,0.73,0.53,1.90,-0.64,0.03,-1,-1,,5.40,-6.30,3.40,2.30,3.60,,,,,,,2.20,2.10,,0.90,3.30,1.90,3.23,,,,,,,,1,1.60,1,2,0.40,,,,,-0.50,,-0.30,-0.10,0.90,1.80,1.40,,,-1.60,,,-1.80,,,1.80,1.50,0.70,1.90,0.30,-1,
2008-12-10 21:50,6,7.04,5.08,5.08,2,3.67,6.84,6.70,2.11,4.59,4.40,0.50,0.33,4.77,3.43,2.66,-0.63,-1.69,-1.80,4.85,1,1.81,-2.40,,4.46,2.89,3.11,2.23,2.85,1,3.45,0.55,-1.07,0.96,1.62,1.79,3.34,2.10,-0.51,1.19,0.10,-0.85,1.50,1.90,4.10,1.98,1.20,1.47,-0.91,0.39,-0.76,3.45,2.02,1.50,-1.11,4.45,3.14,0.90,3.94,3.24,0.96,2.40,0.28,-2.71,-1.46,0.06,0.04,-1.09,-0.70,-0.95,1.54,-0.20,0.55,1.31,2.59,0.96,1.20,4.15,1.60,2.08,2.91,1.40,0.65,1.70,1.32,,1.38,1.10,2.39,1.14,-0.68,0.92,1.39,2.70,2.88,3.17,1.56,1.02,0.99,1.15,-1.03,0.23,0.43,-0.36,-0.15,0.08,0.98,0.90,1.31,0.37,-1.68,-1.82,1.65,0.56,-0.40,-1.46,-1.20,-2.38,-2.99,,-2.40,-1.42,-1.75,-2.26,0.76,0.43,1.70,-0.71,0.08,-0.94,-1,,5.30,-6.40,4,2.40,3.70,,,,,,,2.20,1.60,,0.80,3.40,1.90,3.43,,,,,,,,0.80,1.60,1.20,2.20,0.40,,,,,-0.70,,-0.20,-0.10,0.80,1.80,1.40,,,-1.30,,,-1.90,,,1.70,1.20,0.60,2,0.30,-1.20,
2008-12-10 22:00,5.90,6.95,5.04,4.88,2.10,3.77,6.69,6.60,2.28,4.76,4.50,0.41,0.46,4.74,3.59,2.59,-0.98,-1.72,-1.80,4.63,0.84,1.77,-2.23,,4.48,2.84,3.18,2.16,3.01,1.20,3.80,0.59,-0.94,1.14,1.87,1.95,3.60,2.16,-0.44,1.24,-0.20,-1.09,1.49,2.10,3.20,1.85,1.20,1.64,-1.04,0.49,-0.86,3.59,2.37,1.54,-1.10,4.42,3.26,0.70,4.07,2.70,0.47,2.40,0.36,-2.87,-1.58,0.25,0.04,-1.12,-0.70,-0.90,1.53,-0.38,0.52,1.18,2.28,0.98,1.30,4.03,1.60,2.25,3.01,1.40,0.73,1.80,1.42,,1.44,1.20,2.33,1.18,-0.66,1.14,1.33,2.90,2.97,3.60,1.52,1.35,1.08,1.09,-1.17,0.41,0.45,-0.51,-0.10,0.31,0.91,1.10,1.29,0.28,-1.90,-1.90,1.75,0.35,-0.35,-1.32,-1.20,-2.35,-3.10,,-3,-1.29,-1.87,-2.21,0.87,0.31,1.60,-0.61,0.16,-0.75,-1.10,5.70,5.40,-6.70,4.70,2.50,3.80,3,1.10,-5.30,0.60,3,2,2.30,1.80,1.60,1,3.50,1.60,3.70,,0.10,0.60,0.90,0.40,0.70,1.50,0.80,1.50,1.20,2.10,0.50,0.70,1.10,0.90,-0.30,-0.50,0.40,0.10,-0.10,0.70,1.80,1.40,0.70,0.80,-1,-1.10,,-2,,1.10,1.70,1.10,0.50,1.80,0.30,-1.40,-2
2008-12-10 22:10,5.80,7.01,4.91,4.75,1.98,3.58,6.53,6.40,2.31,4.45,4.56,0.90,0.46,4.65,3.52,2.49,-1.08,-1.75,-1.80,4.67,0.72,1.74,-2.14,,4.59,3.08,3.09,2.29,3.11,1.30,4.37,0.86,-1.19,1.23,1.96,1.90,3.36,1.67,-0.34,1.56,-0.40,-1.13,1.54,1.84,3.30,1.74,1.10,1.74,-1.06,0.43,-0.40,3.73,2.12,1.56,-1.10,4.49,3.30,0.70,3.76,2.19,0.13,2.20,0.43,-2.86,-1.66,0.17,-0.02,-1.06,-0.70,-0.74,1.60,-0.39,0.54,1,2.34,0.87,1.30,3.94,1.28,2.50,2.93,1.56,0.84,1.69,1.20,,1.51,1.20,2.27,1.22,-0.59,1.18,1.45,3.10,2.98,3.78,1.28,1.56,1.11,1.08,-1.44,0.65,0.49,-0.61,0.09,0.72,0.92,1,1.20,0.44,-1.56,-1.95,1.84,0.20,-0.50,-1.31,-1.10,-2.25,-3.24,,-3.20,-1.40,-1.87,-2.40,0.83,0.23,1.50,-0.39,0.23,-0.71,-1.10,,5.10,-6.50,5.30,2.60,4,,,,,,,2.40,2,,1.10,3.60,1.60,3.82,,,,,,,,0.90,1.70,1.40,1.90,0.60,,,,,-0.30,,0.40,-0.10,0.70,1.80,1.40,,,-1,,,-2,,,1.70,1.20,0.30,1.80,0.30,-1.40,
2008-12-10 22:20,5.70,6.99,5.06,4.53,1.85,3.54,6.66,6.20,2.26,4.53,4.65,1.43,0.46,4.51,3.60,2.41,-0.99,-1.77,-1.70,3.72,0.77,2.01,-2.14,,4.42,3.05,3.27,2.58,3.13,1.60,4.57,1.43,-1.27,1.52,1.68,1.75,3.49,1.79,-0.15,1.68,-0.10,-1.54,1.65,1.98,2.90,1.80,1.50,1.95,-1.15,0.65,0.54,3.65,1.55,1.76,-1.01,4.31,3.60,0.70,3.86,1.76,0.05,2.10,0.48,-2.88,-1.71,0.04,-0.12,-1.07,-0.70,-0.75,1.50,-0.37,0.58,1.28,2.39,0.77,1.20,3.50,1.07,2.19,2.96,1.65,0.91,1.61,0.89,,1.34,1.10,2.16,1.12,-0.58,1.28,1.59,3.20,3,3.21,0.92,1.64,0.99,1.03,-1.75,0.70,0.41,-0.55,0.25,0.98,1.01,0.90,1.14,0.47,-1.57,-1.87,1.72,0.02,-0.49,-1.38,-1.10,-2.29,-3.23,,-3.50,-1.61,-1.96,-2.41,0.79,0.27,1.80,-0.20,0.31,-0.80,-0.90,,5.20,-6.30,5.30,2.80,3.90,,,,,,,2.40,2,,1,3.60,1.70,3.87,,,,,,,,0.70,1.70,1.40,1.60,0.50,,,,,-0.20,,0.50,0.10,0.70,1.70,1.40,,,-0.80,,,-2,,,1.60,1,0.20,1.80,0.30,-1.40,
2008-12-10 22:30,5.80,7.13,5.25,4.64,1.50,3.44,6.84,6.20,2.22,4.40,4.55,1.61,0.32,4.57,3.53,2.45,-1.08,-2.08,-1.70,4.03,0.69,1.87,-2.09,,4.32,2.95,3.56,2.78,3.02,2,4.55,2.57,-1.13,1.52,1.59,1.53,3.82,1.74,-0.11,1.80,0,-1.73,1.12,2.23,3.80,1.78,1.50,1.99,-0.88,0.61,0.71,3.29,1.77,1.64,-1.05,4.32,3.50,0.60,3.10,1.46,0.25,2.30,0.55,-2.67,-1.86,0.07,-0.16,-1.10,-0.80,-0.67,1.39,-0.38,0.68,1.44,2.41,0.81,1.10,3.26,1.10,2.57,2.82,1.88,1.06,1.53,1.45,,1.27,1.10,2.22,1.13,-0.65,1.24,1.51,3.30,3.16,3.48,0.71,1.85,0.81,0.92,-1.69,0.76,0.46,-0.57,0.25,1.16,1.04,0.90,0.94,0.48,-1.40,-1.94,1.82,-0.10,-0.48,-1.30,-1.20,-2.05,-3.07,,-3.40,-1.53,-1.74,-2.17,0.79,0.34,1.80,-0.10,0.08,-0.67,-1,,4.50,-6,5.50,2.90,4,,,,,,,2.60,2.20,,1.10,3.70,1.90,4.08,,,,,,,,0.70,1.70,1.40,1.50,0.60,,,,,-0.10,,0.50,0.10,0.50,1.70,1.40,,,-0.90,,,-2.30,,,1.60,0.80,0.10,1.60,0.20,-1.40,
2008-12-10 22:40,5.90,7.13,4.98,4.89,1.15,3.44,6.78,6.10,2.26,4.29,4.46,1.99,0.23,4.65,3.42,2.41,-1.14,-2.24,-1.60,3.94,0.71,1.82,-1.99,,4.22,3.14,3.63,2.78,3.03,2.90,4.56,3.59,-1.48,1.45,1.80,1.71,3.63,1.91,0,1.83,-0.30,-0.99,1.25,2.27,3,1.73,1.60,2.01,-0.43,0.52,1.05,3.16,1.84,1.43,-1.06,4.28,3.39,0.90,3.12,1.30,0.31,2.10,0.63,-2.23,-1.84,0.31,-0.04,-1.17,-0.80,-0.54,1.53,-0.28,0.70,1.45,2.43,0.67,1.30,2.50,1,2.50,2.70,2.02,1.21,1.33,1.90,,1.23,1.10,2.29,1.04,-0.63,1.27,1.53,3.40,3.14,4.36,0.59,1.93,0.78,0.98,-1.54,0.82,0.49,-0.63,0.35,1.21,1.16,0.90,1,0.57,-1.36,-2,1.74,-0.12,-0.65,-1.29,-1,-2.06,-3.14,,-3.40,-1.75,-1.69,-2.52,0.86,0.40,1.70,-0.01,0.13,-0.56,-1,,4.60,-6,5.50,2.80,4.20,,,,,,,2.70,2.40,,1,3.80,2.20,4.11,,,,,,,,0.90,1.70,1.50,1.40,0.70,,,,,0,,0.50,0.20,0.20,1.70,,,,-1,,,-2.20,,,1.50,0.80,0.10,1.60,0.30,-1.30,
2008-12-10 22:50,6,6.98,4.67,4.87,1.36,3.50,6.71,6.10,2.41,5.32,4.53,2.67,0.16,4.75,3.42,2.71,-0.87,-2.23,-1.30,4.35,0.75,1.95,-1.97,,4.38,3.43,3.51,2.66,3.03,3.40,4.03,3.91,-1.21,1.33,1.69,1.78,3.50,2.11,0.26,1.68,-0.10,-0.52,1.38,2.42,3.10,1.72,1.60,1.89,-0.07,0.48,1.12,3.56,2.01,1.34,-1.03,4.14,3.49,1.20,3.62,1.07,0.37,2.20,0.77,-2,-1.80,0.21,0.09,-1.08,-1,-0.62,1.47,-0.19,0.79,1.31,2.46,0.64,1.20,2.10,1,2.57,2.49,2.11,1.23,1.13,2.17,,1.25,1.10,2.38,0.96,-0.56,1.36,1.63,3.40,3.22,3.76,0.45,1.93,0.98,0.90,-1.64,0.78,0.45,-0.65,0.42,1.26,1.29,0.90,1.23,0.64,-1.31,-2.15,1.78,-0.22,-0.69,-1.36,-1,-1.97,-3.02,,-3.30,-1.91,-1.73,-2.20,0.61,0.53,1.60,0.03,0.24,-0.75,-1,,4.70,-5.80,5.30,2.80,4,,,,,,,2.80,2.50,,1.10,3.80,2.40,4.12,,,,,,,,0.90,1.70,1.60,1.40,0.80,,,,,0.10,,0.40,0.30,-0.10,1.70,1.40,,,-0.90,,,-2.20,,,1.40,1,0,1.50,0.20,-1.40,
2008-12-10 23:00,5.90,7,4.49,4.78,0.90,3.48,5.08,6.10,2.39,5.63,4.48,2.71,0.06,4.83,3.46,2.64,-0.69,-2.18,-1.30,4.01,0.76,1.71,-1.82,,4.28,3.91,3.49,2.77,3.03,3.40,3.94,3.57,-0.98,1.34,1.69,1.82,3.44,2.01,1.03,1.74,0,-0.28,1.35,2.36,4.20,1.60,1.80,1.84,-0.32,0.62,1.42,3.89,2.01,1.36,-0.98,4.09,3.50,1.20,3.29,0.81,0.25,1.90,0.56,-2.11,-1.74,0.35,0.04,-1.08,-1,-0.54,1.81,0.06,0.96,1.34,2.53,0.30,1.20,1.94,1.10,2.63,2.12,1.75,1.34,1.09,2.18,,1.19,1.10,2.55,1.16,-0.52,1.37,1.62,3.50,3.30,4.17,0.27,2.07,1.03,0.71,-1.58,0.81,0.38,-0.64,0.37,1.44,1.32,0.90,1.36,0.66,-1.14,-2.34,1.69,-0.15,-0.62,-1.25,-1,-1.79,-3.12,,-3.20,-1.70,-1.89,-2.35,0.60,0.65,1.60,0.13,0.22,-0.64,-1.20,5.40,4.80,-5.80,5.20,3,4,2.10,0.10,-5,0.90,3.30,0.90,2.70,2.70,1.80,1.10,3.90,2.40,4.20,,0.10,0.60,1,0.50,0.60,1.70,1,1.80,1.70,1.30,0.80,0.50,0.80,1.10,0.20,0.10,1,0.30,0.30,-0.40,1.80,1.40,0.60,0.40,-1.30,-1.80,-2.10,-2.50,0.90,1.30,1.40,1.10,-0.10,1.80,0.20,-1.30,-2.30
2008-12-10 23:10,6.10,7.01,4.40,4.70,0.60,3.51,4.37,6.20,2.35,5.73,4.60,2.76,0.06,4.82,3.41,2.71,-0.56,-2.05,-1.30,4.35,0.52,1.46,-1.81,,4.17,3.91,3.60,2.90,3,3.40,3.64,2.51,-0.60,1.20,1.74,1.73,3.36,1.92,0.43,2.10,0,-0.46,1.52,2.28,5.20,1.96,2,1.84,-0.11,0.65,1.59,4.18,2.99,1.38,-1.04,3.96,3.62,1.20,3.34,0.54,-0.46,1.70,0.52,-2.22,-1.67,0.52,-0.07,-1.14,-1,-0.46,1.85,0.27,0.94,1.53,2.44,0.23,1.30,2.01,1.10,2.76,2.03,1.60,1.33,1.27,1.89,,1.13,1.10,2.69,1.16,-0.47,1.28,1.54,3.50,3.22,4.32,0.37,2.08,1.30,0.67,-1.66,0.70,0.25,-0.68,0.39,1.80,1.34,1,1.49,0.64,-1.03,-2.44,1.70,-0.20,-0.61,-1.29,-1,-1.82,-2.91,,-3.30,-1.47,-2.01,-2.55,0.73,0.76,1.60,0.17,0,-0.67,-1.30,,4.60,-5.20,5.20,2.90,4.10,,,,,,,2.80,2.90,,1.10,3.90,2.20,4.11,,,,,,,,1.10,1.70,1.70,0.90,0.80,,,,,0.20,,0.20,0.40,-0.40,1.80,1.40,,,-1.30,,,-2.20,,,1.20,1.20,0,1.80,0.30,-1.40,
2008-12-10 23:20,6.10,7.01,4.36,4.81,0.90,3.87,4.32,6.30,2.54,5.39,4.38,2.83,-0.08,4.78,3.45,2.75,-0.86,-2.04,-1.40,4.25,0.34,1.85,-1.81,,4.47,3.51,3.69,2.92,3.07,3.10,4.26,2.74,-0.81,1.20,1.70,1.62,3.52,1.96,-0.02,2.14,0.40,-0.09,1.81,2.37,5.30,2.51,2.10,1.91,-0.03,0.75,1.63,4.11,4.05,1.40,-1.03,4.04,3.66,1.10,3.26,0.57,-0.90,2.20,0.46,-2.15,-1.68,0.39,-0.08,-1.14,-0.80,-0.46,1.81,0.42,0.91,1.64,2.63,0.13,1.20,1.38,1.10,2.82,2.04,1.80,1.28,1.28,1.53,,1,1.30,2.86,1.09,-0.61,1.31,1.48,3.60,3.28,3.94,0.62,1.97,1.32,0.79,-1.76,0.64,0.14,-0.74,0.26,1.94,1.27,1,1.44,0.70,-1.04,-2.40,1.74,-0.16,-0.46,-1.35,-0.90,-1.72,-2.90,,-3.30,-1.31,-2.07,-2.64,0.69,0.92,1.60,0.14,0.21,-0.77,-1.50,,4.60,-4.90,5.10,3,3.90,,,,,,,2.90,2.60,,1,4,2.10,4.16,,,,,,,,1.10,1.80,1.50,0.50,0.90,,,,,0.30,,0.30,0.50,-0.60,1.80,1.40,,,-1.30,,,-2,,,1.10,1.10,0.20,1.70,0.30,-1.50,
2008-12-10 23:30,6.10,7.21,4.25,4.88,1.20,4.08,4.30,6.30,2.64,5.57,4.57,2.78,-0.12,5.01,3.54,2.71,-0.93,-2.07,-1.50,4.39,0.68,1.99,-1.42,,4.68,3.98,3.70,2.94,3.21,3.30,4.39,3.59,-1.12,1.33,1.71,1.63,3.31,1.98,-0.03,2.02,0.40,0.62,2.09,2.53,5.60,2.88,2,1.98,0.07,0.70,1.49,4.03,4.24,1.57,-0.99,4.18,3.65,1,3.35,0.41,-1.05,2.20,0.33,-2.28,-1.66,0.39,-0.04,-1.11,-0.40,-0.51,1.55,0.50,0.98,1.67,2.70,0.22,1.30,1.28,1.30,3.06,2.12,2,1.44,1.33,1.85,,1.07,1.20,2.65,1.21,-0.70,1.32,1.23,3.70,3.87,3.90,0.66,1.74,1.44,0.80,-1.89,0.73,0.15,-0.46,0.30,2.43,1.25,1.10,1.26,0.70,-1.03,-2.29,1.80,-0.26,-0.45,-1.31,-0.90,-1.71,-2.79,,-3.50,-0.99,-1.98,-2.66,0.68,0.98,1.60,0.25,0.36,-0.77,-1.60,,4.50,-4.90,5.10,3.10,3.80,,,,,,,2.90,2.60,,0.90,3.90,2,4.19,,,,,,,,1.20,1.80,1.60,0.70,1,,,,,0.40,,0.40,0.50,-0.70,1.80,1.30,,,-1.20,,,-1.70,,,1,1.20,0.30,1.80,0.30,-1.50,
2008-12-10 23:40,6.20,7.31,4.04,5.07,1.40,3.99,5.34,6.50,2.64,5.26,4.63,2.91,-0.14,5.27,3.56,2.67,-0.75,-2.09,-1.50,4.26,0.86,1.50,-1.30,,4.65,3.80,3.70,2.88,3.26,3.20,4.26,3.50,-1.32,1.27,1.74,1.78,3.69,2.15,0.66,1.96,0.30,-0.27,2.24,2.69,5.60,2.73,2.10,2.06,0.17,0.71,1.62,4.17,4.12,2.59,-1.11,4.08,3.64,1,3.63,0.72,-0.26,2.40,0.20,-2.31,-1.27,0.44,-0.04,-1.11,-0.30,-0.61,1.41,0.70,1.08,1.56,2.86,0.17,1.20,1.33,1.30,3.10,2.26,1.90,1.30,1.44,1.71,,1.20,1.30,2.58,1.25,-0.69,1.38,1.20,3.80,3.96,3.54,1.01,1.70,1.49,0.81,-1.98,0.81,0.30,-0.25,0.33,2.58,1.24,1.20,1.38,0.75,-1.01,-2.34,1.82,-0.36,-0.31,-1.29,-0.80,-1.76,-2.62,,-3.30,-0.97,-2.10,-2.70,0.65,1.03,1.60,0.21,0.41,-0.66,-1.70,,4.90,-4.40,5,3.30,4.10,,,,,,,2.90,2.80,,1,3.90,1.60,4.15,,,,,,,,1.30,1.90,1.90,1,1,,,,,0.50,,0.30,0.60,-0.90,1.80,1.30,,,-1.30,,,-1.50,,,1,1.30,0.30,1.80,0.20,-1.50,
2008-12-10 23:50,6.20,7.29,3.96,5.03,1.50,4.09,5.57,6.60,2.65,4.88,4.67,2.86,0.03,5.58,3.41,2.63,-0.73,-2.31,-1.50,4.52,0.87,2.02,-1.27,,4.67,2.97,3.80,2.79,3.33,3,4.36,3.80,-1.39,1.30,1.84,1.73,3.57,2.17,2.03,1.71,0.20,-0.82,2.44,2.68,5.50,2.80,2,2.22,0.53,0.81,1.38,4.18,4.40,3.64,-1.18,4.19,3.72,1,3.73,0.80,0.44,2.50,0.16,-2.73,-0.29,0.23,-0.08,-1.11,0.10,-0.63,1.36,0.84,1.29,1.58,2.88,0.21,1.10,1.38,1.40,3.17,2.43,1.90,1.26,1.55,1.40,,1.08,1.30,2.45,1.20,-0.70,1.20,1.16,3.70,4.19,3.63,1.26,2.22,1.41,0.87,-2.13,0.71,0.10,-0.15,0.25,2.72,1.44,1.30,1.50,0.73,-0.92,-2.49,1.75,-0.31,-0.32,-1.10,-0.80,-1.71,-2.68,,-3.50,-0.93,-2.17,-2.62,0.56,1.01,1.70,0.18,0.40,-0.60,-1.70,,4.90,-5,5.20,3,4.20,,,,,,,2.90,2.50,,1,3.90,1.60,3.90,,,,,,,,1.50,1.80,1.90,1,0.90,,,,,0.50,,0.20,0.60,-1,1.80,1.30,,,-1.40,,,-1.40,,,0.90,1.40,0.40,1.90,0.10,-1.60,
2008-12-11 00:00,6.20,7.16,3.97,5.10,1.40,3.97,6.61,6.60,2.47,4.61,4.67,3.10,0.11,5.35,3.38,2.52,-0.78,-2.16,-1.40,3.39,0.98,2.19,-1.22,,4.49,3.11,3.68,2.78,3.24,2.80,4.29,3.55,-1.27,1.31,2.03,1.90,3.74,2.28,1.60,1.72,0.40,-0.59,2.37,2.60,5.70,3.07,2.10,2.22,0.48,0.91,1.47,3.77,4.05,4.22,-1.15,4.32,3.78,1.20,3.78,1.05,0.91,2.60,0.21,-2.71,0.41,0.11,-0.04,-1.15,0.50,-0.59,1.32,0.89,1.34,1.56,2.80,0.31,0.90,1.57,1.60,3.44,2.42,2,1.29,1.35,1.77,,1.25,1.30,2.69,1.17,-0.57,1.02,1.10,3.70,4.17,4.59,1.58,2.35,1.38,0.90,-2.17,0.59,0.20,-0.16,0.35,2.83,1.46,1.30,1.65,0.76,-0.97,-2.48,1.82,-0.29,-0.29,-1.07,-0.70,-1.87,-2.77,,-3.50,-0.82,-2.18,-2.50,0.58,1.16,1.60,0.10,0.33,-0.62,-1.80,6.10,5.30,-5.30,5.30,3.10,4.30,,-0.30,-4.90,0.80,2.90,1.40,2.90,2.50,1.80,1,4,1.70,3.90,0.40,0.10,0.50,0.50,0.60,1.30,1.90,1.40,1.80,2,1,0.80,0.30,0.60,1.10,0.50,0.70,1,0.20,0.60,-1.10,1.80,1.30,0.40,0.30,-1.10,-1.80,-1.50,-1.20,0.90,1.20,0.90,1.40,0.60,1.80,0.10,-1.60,-2.10
2008-12-11 00:10,6.20,7.01,3.90,5,1.30,4.05,6.76,6.70,2.49,4.53,4.58,3,0.21,5.21,3.23,2.42,-1.03,-2.24,-1.40,3.26,0.83,1.73,-1.28,,4.35,3.55,3.83,2.80,3.22,2.70,4.54,2.37,-1.21,1.29,2.01,1.84,3.41,2.28,1.16,1.74,0.50,-1.15,2.27,2.61,5.70,3.13,2.40,2.09,0.01,0.88,1.49,3.82,3.23,4.30,-0.42,4.67,3.73,1.40,3.85,2.81,1.09,2.70,0.33,-2.57,0.46,-0.04,0,-1.18,0.40,-0.66,1.32,0.93,1.36,1.71,2.70,0.32,0.80,1.71,1.76,3.41,2.26,2,1.35,1.34,1.49,,1.16,1.20,3.13,1.34,-0.53,0.88,1.02,3.60,4.23,4.20,1.58,2.24,1.24,0.76,-1.95,0.43,0.11,-0.40,0.29,2.90,1.50,1.20,1.67,0.73,-0.94,-2.34,1.85,-0.33,-0.25,-1.04,-0.80,-1.86,-2.85,,-3.20,-0.62,-2.02,-2.38,0.67,1.12,1.60,-0.01,0.21,-0.46,-1.80,,5.10,-4.50,5.40,3,4.40,,,,,,,2.80,2.70,,1,4,1.70,3.88,,,,,,,,1.20,1.80,2.10,1.10,0.80,,,,,0.70,,0,0.60,-1.10,1.80,,,,-1.10,,,-1.10,,,0.90,1.40,0.60,1.80,0.10,-1.60,
2008-12-11 00:20,6.20,6.91,3.80,4.82,1.40,3.85,7.07,6.60,2.54,4.24,4.55,2.96,0.46,5.02,3.16,2.23,-0.18,-2.22,-1.30,3.62,0.60,1.44,-1.31,,4.28,3.96,3.90,2.72,3.24,3.30,4.60,1.99,-0.79,1.50,1.99,1.77,3.22,2.29,0.49,2.08,0.30,-0.91,2.42,2.66,5.30,3.14,2.20,2.15,-0.04,1,1.41,4.22,3.09,4.21,0.71,4.70,3.79,1.50,4.14,3.51,1.03,2.80,0.44,-2.29,0.34,-0.13,-0.13,-1.14,0.80,-0.52,1.41,0.97,1.37,1.87,2.78,0.36,0.70,1.83,1.73,3.38,2.01,2,1.35,1.58,1.40,2.04,1.28,1.20,3.12,1.23,-0.45,0.93,1.01,3.60,4.17,3.69,1.68,2.33,1.15,0.67,-1.54,0.27,0.12,-0.55,0.35,2.87,1.52,1.20,1.59,0.78,-1.09,-2.29,1.79,-0.31,-0.27,-1.13,-0.70,-1.59,-3,,-3.60,-0.35,-1.89,-2.28,0.56,1.10,1.80,0.06,0.51,-0.52,-1.90,,4.90,-4.40,5.30,3,4.50,,,,,,,2.60,1.90,,1,4,1.60,3.82,,,,,,,,1.20,1.80,2.20,1.20,0.80,,,,,0.60,,-0.10,0.60,-1,1.80,1.30,,,-1,,,-0.80,,,1,1.30,0.60,1.80,0.10,-1.50,
2008-12-11 00:30,6.30,6.92,3.77,4.80,1.60,3.50,7.07,6.60,2.51,4.56,4.36,2.95,0.54,4.76,3.03,1.97,-0.28,-2.19,-1.30,3.98,0.86,1.46,-1.38,,4.38,4.30,3.94,2.71,3.13,3.50,4.50,1.88,-1.18,1.58,2.05,1.93,3.55,2.45,0.28,2.26,0.50,-0.69,2.24,2.71,4.60,3.28,2.30,2.29,-0.09,1.05,1.64,4.31,3.12,4.35,1.27,4.65,3.73,1.50,4.33,3.92,1.21,2.90,0.59,-2.07,1.18,-0.06,-0.12,-1.17,0.80,-0.40,1.32,0.96,1.32,2.03,2.86,0.33,0.60,1.88,1.70,3.41,1.83,2.10,1.35,1.92,1.58,2.24,1.21,1.30,3.08,1.47,-0.48,0.98,1.29,3.60,4.19,4.17,1.61,2.54,1.15,0.67,-1.39,0.03,0.20,-0.54,0.45,2.82,1.68,1.30,1.66,0.81,-1.35,-2.12,1.79,-0.26,-0.20,-1.13,-0.70,-1.53,-2.98,,-3.70,-0.37,-1.69,-2.14,0.41,1.15,1.80,-0.01,0.17,-0.52,-1.80,,4.90,-4.60,5.50,3.20,4.40,,,,,,,2.50,2.50,,1.10,4.10,1.60,3.83,,,,,,,,1.30,1.90,2.40,1.20,0.70,,,,,0.70,,0,0.50,-1,1.80,1.20,,,-0.90,,,-0.70,,,1,1.30,0.60,1.90,0.10,-1.20,
2008-12-11 00:40,6.30,6.79,4.42,4.81,1.40,3.59,6.95,6.70,2.47,4.85,4.30,2.63,0.75,4.74,2.96,1.91,0.46,-2.16,-1.40,4.20,1.29,1.32,-1.50,,4.39,4.55,3.74,2.74,3.13,3.50,4.44,3.38,-1.05,1.57,2.08,2.02,3.41,2.60,0.40,2.13,0.70,-0.12,2.41,2.70,5.20,3.32,2.40,2.34,0.37,0.97,2.06,4.54,3.04,4.30,1.54,4.83,3.77,1.70,4.26,3.76,1.31,3.20,0.70,-2.33,2.02,-0.04,-0.01,-1.25,0.70,-0.32,1.44,0.82,1.31,2.07,2.99,0.25,0.50,2.03,1.70,3.61,1.84,2.20,1.29,2.07,1.79,2.32,1.15,1.30,2.97,1.70,-0.65,1.05,1.22,3.70,4.22,4.38,1.73,2.44,1.04,0.76,-1.39,-0.03,0.19,-0.47,0.40,2.85,1.70,1.40,1.59,0.76,-1.44,-2.07,1.79,-0.21,-0.18,-1.15,-0.70,-1.49,-3.05,,-3.60,-0.37,-1.59,-2.05,0.39,1.22,1.70,0.01,0.17,-0.53,-1.90,,5.10,-4.20,5.60,3.60,4.40,,,,,,,2.50,2.80,,1.20,4.20,1.60,3.82,,,,,,,,1.30,1.80,2.30,1.30,0.70,,,,,0.70,,-0.10,0.40,-0.70,1.70,1.20,,,-0.80,,,-0.70,,,0.90,1.20,0.60,1.80,0,-1.10,
2008-12-11 00:50,6.20,6.88,4.76,4.63,1.30,4.28,7.08,6.90,2.32,5.80,4.24,2.25,0.64,4.81,2.91,1.85,1.47,-2.18,-1.50,3.80,1.39,1.13,-1.88,,4.56,4.50,3.62,2.52,3.04,3.50,3.45,3.83,-0.59,1.42,2.10,2.09,3.03,2.72,0.09,2.22,0.70,-0.48,2.11,2.85,5.20,3.32,2.20,2.29,0.55,0.80,2.01,4.71,3.09,4.22,1.19,4.94,3.66,1.80,4.07,3.83,1.33,3.40,0.66,-2.21,2.32,0.05,-0.16,-1.18,1,-0.27,1.54,0.91,1.38,1.97,2.93,0.42,0.50,1.83,1.80,3.78,1.67,2.50,1.37,2.12,1.50,2.18,1.09,1.30,2.76,1.69,-0.54,1.08,1.15,3.80,4.25,3.87,1.86,2.28,1.03,0.86,-1.28,-0.21,0.16,-0.37,0.26,2.87,1.71,1.40,1.82,0.72,-1.38,-2.09,1.78,-0.28,-0.31,-1.14,-0.70,-1.42,-3.11,,-3.40,-0.33,-1.55,-1.77,0.52,1.24,1.80,0.10,0.30,-0.65,-2,,5.30,-4.80,5.60,3.70,4.50,,,,,,,2.50,2.90,,1.20,4.20,1.70,3.78,,,,,,,,1.30,1.80,2.30,1.30,0.70,,,,,0.70,,0.10,0.60,-0.60,1.70,1.20,,,-0.70,,,-0.70,,,0.90,1.30,0.70,1.90,0,-1,
2008-12-11 01:00,6.10,6.94,4.04,4.56,1.62,4.17,7.09,6.80,2.24,6,4.36,2.10,0.38,4.63,3.05,1.79,0.22,-1.55,-1.70,4.44,1.50,1.64,-2.11,,4.76,3.68,3.97,2.69,3.13,2.10,3.13,2.87,-0.40,1.44,2.16,2.29,3.05,2.71,-0.01,2.34,0.80,-0.73,2.25,3.03,4.50,3.47,2.20,2.24,0.96,0.77,1.59,4.61,3.43,4.07,0.80,4.90,3.68,1.80,4.22,3.99,1.24,3.60,0.84,-2.10,2.43,0.01,-0.01,-1.15,1,-0.30,1.45,0.88,1.29,1.94,2.96,0.53,0.80,1.61,2,3.91,1.60,2.60,1.26,2.43,1.45,2.41,1.02,1.20,2.62,1.79,-0.46,1.13,1.07,3.80,3.99,4.31,1.84,2.33,1.32,0.81,-1.07,-0.59,0.19,-0.35,0.22,3.02,1.85,1.40,1.82,0.69,-1.24,-1.87,1.80,-0.16,-0.32,-1.10,-0.70,-1.35,-2.93,,-3,-0.29,-1.45,-1.62,0.48,1.24,1.80,0.15,0.02,-0.72,-2,5.60,5.30,-4.60,5.50,3.60,4.20,2,-0.30,-5,1.30,3.50,1.70,2.60,2.90,1.80,1.30,4.20,1.70,3.60,0.40,0,0.40,0.30,1.30,1.60,1.90,1.40,1.80,2.10,1.20,0.80,0.40,0.50,0.80,0.70,0.80,1.30,0.20,0.70,-0.40,1.70,1.20,0.20,0.30,-0.90,-2.30,-1,-0.70,0.60,1.10,0.90,1.20,0.80,2.10,0,-0.90,-1.90
2008-12-11 01:10,6.10,6.89,3.63,4.58,1.72,3.97,6.80,6.70,2.42,5.75,4.52,2.18,0.18,4.66,3.10,1.89,0.02,-1.52,-1.90,4.67,1.55,1.73,-2.27,,4.72,3.61,3.96,2.80,3.04,2,3.13,2.95,-0.65,1.55,2.28,2.22,3.22,2.45,0.02,2.36,1,-0.03,2.49,3.16,3.30,3.30,2.20,2.26,0.79,0.72,-0.38,4.66,3.68,4.29,0.58,4.93,3.77,1.90,4.34,3.71,1.03,3.80,0.96,-2.16,2.50,0.14,-0.14,-1.19,0.90,-0.34,1.48,0.84,1.14,2.08,2.78,0.43,0.80,1.61,2.33,3.90,1.90,2.70,1.21,2.83,1.33,2.24,1.05,1.30,2.72,1.70,-0.34,1.16,1.20,3.90,4.02,4.34,1.85,2.33,1.18,0.67,-1.16,-0.58,0.15,-0.43,0.36,3,1.78,1.40,1.81,0.78,-1.17,-1.73,1.76,-0.29,-0.27,-0.96,-0.80,-1.31,-2.81,,-3,-0.21,-1.30,-1.74,0.56,1.19,1.70,0.10,-0.03,-0.63,-1.90,,5,-4.20,5.30,3.50,4,,,,,,,2.50,2.80,,1.30,4.30,1.90,3.53,,,,,,,,1.50,1.80,1.90,1,0.80,,,,,0.80,,0.30,0.80,-0.40,1.70,1.20,,,-0.90,,,-0.60,,,0.90,1.20,0.80,2.10,0,-0.90,
2008-12-11 01:20,6.20,6.82,3.49,4.56,1.32,4.16,7.13,6.50,2.39,5.29,4.67,2.42,0.19,4.68,3.27,1.97,0.04,-1.71,-2,4.71,1.96,1.67,-2.29,,4.81,4.21,3.73,2.82,3.15,3.40,2.88,3.69,-1.21,1.65,2.39,2.17,3.11,2.32,-0.06,2.18,1.10,0.61,2.98,3.28,2.90,3.23,2.30,2.24,0.87,0.74,-0.93,4.66,3.45,4.36,0.41,4.89,3.89,2.10,4.41,3.94,0.72,3.80,0.99,-2.31,2.51,0.36,-0.05,-1.21,1,-0.32,1.66,0.96,1.07,2.03,2.65,0.45,1.20,1.76,2.32,3.69,2.64,3.07,1.46,3.08,1.29,1.97,1.23,1.40,2.80,1.68,-0.34,1.17,1.04,3.90,3.99,4.98,1.77,2.35,1.13,0.66,-1.17,-0.57,0.03,-0.34,0.27,3.09,1.66,1.30,1.99,0.82,-1.15,-1.56,1.74,-0.26,-0.29,-0.92,-0.70,-1.25,-2.62,,-3.20,-0.36,-1.38,-1.83,0.35,1.36,1.80,0.09,0.05,-0.52,-2,,5.10,-4.20,5.60,3.40,4,,,,,,,2.50,2.70,,1.30,4.30,2,3.66,,,,,,,,1.60,1.80,1.70,0.80,0.70,,,,,0.80,,0.10,0.80,-0.40,1.70,1.20,,,-0.80,,,-0.60,,,0.90,1.10,0.70,2.10,0,-0.90,
2008-12-11 01:30,6.30,6.65,3.56,4.55,1.35,4.69,7.10,6.40,2.32,5.70,4.51,2.65,0.43,4.74,3.26,1.91,0.71,-1.62,-2.40,4.73,2.22,1.63,-2.39,,4.67,4.11,3.80,3.01,3.09,4,4.50,4.80,-2.15,1.68,2.37,2.18,2.92,2.41,-0.13,2.11,1.10,0.64,2.78,3.44,2.90,3.20,2.30,2.40,0.40,0.75,-1.09,4.83,3.42,4.09,0.23,4.90,3.81,2.10,4.47,3.63,1.17,3.70,0.87,-2.20,2.54,0.80,-0.08,-1.24,1.40,-0.38,1.55,1.05,1.06,2.18,2.90,0.51,1.40,2.26,2.40,3.62,3.18,3.09,1.43,3.01,1.27,2.27,1.16,1.30,2.70,1.80,-0.32,1.21,1.05,3.90,3.98,4.25,1.79,2.48,1.05,0.50,-1.16,-0.45,0.12,-0.24,0.29,3.24,1.70,1.10,2.06,0.94,-1.13,-1.33,1.74,-0.30,-0.18,-0.95,-0.70,-1.22,-2.52,,-3.60,-0.39,-1.17,-1.72,0.36,1.36,1.70,0.16,0.04,-0.59,-1.90,,5.40,-4.20,6.70,3.20,4.20,,,,,,,2.50,2.60,,1.40,4.40,2.10,3.98,,,,,,,,1.50,1.90,1.80,0.70,0.60,,,,,0.80,,0.30,1,-0.30,1.70,1.10,,,-0.70,,,-0.70,,,0.90,1.10,0.70,2.10,0,-1.10,
2008-12-11 01:40,6.30,6.55,3.91,4.68,1.23,4.99,6.83,6.40,2.25,6.07,4.44,2.48,0.66,4.89,3.14,1.96,0.56,-1.79,-2.50,4.72,2.32,1.85,-2.62,,4.50,3.71,3.52,2.92,3.34,4.40,5.65,4.91,-2.50,1.73,2.31,2.06,2.95,2.42,-0.22,2.05,0.90,0.37,2.74,3.42,3.50,3.34,2.20,2.46,0.37,0.78,-1.08,4.46,3.50,4.08,0.06,4.92,3.92,2.10,4.46,3.65,1.77,3.70,0.99,-1.83,2.65,0.73,-0.17,-1.27,1.30,-0.56,1.92,0.85,1.14,2.42,2.77,0.52,1.70,2.87,2.50,3.85,3.31,2.93,1.23,3,1.20,2.36,1.21,1.40,2.75,1.90,-0.07,1.16,1.07,3.80,3.85,4.35,1.69,2.40,1.02,0.39,-1.20,-0.39,0.14,-0.53,0.46,3.17,1.74,1,1.97,1.01,-0.96,-1.08,1.71,-0.23,-0.24,-0.92,-0.70,-1.24,-2.43,,-3.40,-0.58,-0.96,-1.72,0.49,1.29,1.70,0.12,-0.08,-0.65,-1.90,,5.30,-4.20,6,3,4.40,,,,,,,2.50,2.30,,1.40,4.50,1.90,3.93,,,,,,,,1.60,1.80,1.80,1.10,0.70,,,,,0.80,,0.40,1.10,-0.20,1.70,1,,,-0.70,,,-1,,,1,1.10,0.80,2.20,0,-1.10,
2008-12-11 01:50,6.30,6.88,5.06,4.79,1.38,5.20,6.86,6.40,2.15,6.16,4.63,1.78,0.57,4.58,3.20,1.99,-0.01,-1.59,-2.60,5,2.34,1.98,-2.90,,4.86,3.57,3.40,2.85,3.44,4.40,5.78,5.02,-2.56,1.80,2.27,2.16,3.43,2.32,-0.14,2.35,1.10,0.70,2.88,3.47,3.30,3.42,2,2.42,0.06,0.80,-1.20,4.26,3.55,4.31,-0.12,5.09,4.27,2.10,4.34,3.72,2.33,3.80,0.92,-1.81,2.54,0.68,-0.16,-1.25,1.30,-0.69,1.84,0.98,1.22,2.50,3.04,0.64,1.90,3.19,2.60,4.08,3.38,2.90,1.28,2.93,1.22,2.27,1.30,1.40,2.77,1.76,-0.14,1.37,1.04,3.80,3.86,4.56,1.82,2.44,0.60,0.42,-1.32,-0.52,0.07,-0.43,0.52,3.19,1.83,0.90,1.88,1.11,-1.04,-0.93,1.80,-0.18,-0.07,-0.86,-0.60,-1.14,-2.31,,-3.20,-0.59,-1.02,-1.87,0.44,1.29,1.70,0.01,-0.02,-0.59,-1.90,,5.70,-4.20,6.40,3.30,4.50,,,,,,,2.40,2.40,,1.30,4.60,1.90,3.62,,,,,,,,1.50,1.60,1.70,1.20,0.60,,,,,0.80,,0.50,1.10,-0.20,1.70,0.90,,,-0.70,,,-1.30,,,1,1,0.80,2.20,0,-1.20,
2008-12-11 02:00,6.30,6.78,5.25,4.73,1.29,5.31,6.83,6.30,1.98,6.21,4.73,1.69,0.50,4.84,3.15,1.98,0.44,-1.37,-2.60,4.96,2.27,1.95,-2.94,,4.92,3.59,3.52,2.82,3.29,4.20,6.32,5.12,-2.69,1.68,2.36,2.06,3.28,2.31,-0.34,2.21,1.10,0.27,2.89,3.48,2.40,3.20,2.20,2.47,0.11,0.90,-1,4.02,3.35,4.66,-0.23,5.02,4.50,2.10,4.57,4.50,2.06,3.90,0.90,-1.74,2.51,0.48,-0.09,-1.26,1.10,-0.68,1.97,0.99,1.17,2.53,3.25,0.72,2.10,3.58,2.60,4.19,3.51,2.80,1.31,2.94,1.20,2.23,1.29,1.30,2.70,1.53,-0.23,1.40,1.10,3.90,3.64,4.48,2.05,2.79,0.67,0.41,-1.48,-0.49,0.19,-0.45,0.41,3.28,1.93,1,1.81,1.13,-1.03,-0.86,1.82,-0.24,-0.06,-0.86,-0.60,-1.15,-2.29,,-2.80,-0.70,-0.84,-1.68,0.30,1.29,1.70,0.01,0.12,-0.63,-1.80,5.30,6,-4,6.50,3.30,4.60,2.40,-0.10,-5.20,1.90,4.30,3.50,2.40,2.50,1.40,1.30,4.80,2,2.70,-0.40,-0.10,,0.40,1.90,1.60,2.10,1.50,1.40,1.60,1.40,0.50,0.60,0.50,0.60,1,0.80,1.50,0.50,1.20,-0.10,1.80,1,,0.40,-0.40,-1.80,-0.80,-1.50,0.60,1.20,1.10,1,0.80,2.20,0,-1.10,-2.10
2008-12-11 02:10,6.30,6.83,5.15,4.69,1.40,5.28,7.01,6.40,2.01,6.15,4.81,2.13,0.42,4.99,3.27,1.87,0.70,-1.52,-2.50,5.03,2.18,2.09,-3.07,,4.87,3.54,3.33,3.15,3.36,4,6.22,5.13,-2.86,1.62,2.32,2.19,3.10,2.45,-0.73,1.75,1.20,0.26,3.05,3.45,2.80,3.06,2.40,2.70,0.04,1.07,-0.90,4.17,3.69,5.27,-0.03,4.92,4.46,2.20,4.60,3.81,1.77,3.80,0.83,-1.82,2.64,0.53,-0.04,-1.21,0.90,-0.84,2.08,0.87,1.29,2.50,3.23,0.63,2.20,4.04,2.81,4.33,3.59,2.80,1.37,2.72,1.17,2.22,1.37,1.30,2.53,1.46,-0.05,1.53,1.25,4.10,3.56,4.73,2.14,2.88,0.76,0.21,-1.54,-0.62,0.12,-0.35,0.43,3.37,1.94,1.10,1.72,1.27,-1.09,-0.85,1.72,-0.30,-0.07,-0.79,-0.70,-1.06,-2.30,,-2.50,-0.81,-0.80,-2.04,0.29,1.32,1.70,0,-0.01,-0.63,-1.80,,5.80,-4.10,6.50,3.40,4.60,,,,,,,2.40,2.40,,1.30,4.80,2,3.21,,,,,,,,1.50,1.10,1.60,1.40,0.50,,,,,0.80,,0.60,1.20,-0.10,1.80,1,,,-0.40,,,-1.70,,,1.10,1,0.80,2.20,0.10,-1.10,
2008-12-11 02:20,6.30,6.88,5.12,4.67,1.30,5.24,7.24,6.20,2.41,6.17,5.07,1.99,0.12,5.15,3.44,1.89,0.63,-1.84,-2.50,4.53,1.88,2.34,-3.12,,4.79,3.61,3.62,3.38,3.38,3.90,5.62,5.15,-2.54,1.63,2.35,2.12,3.19,2.64,-0.96,1.56,1.10,0.60,3.29,3.37,2.70,3.20,2.40,2.90,-0.05,1.21,-1.03,4.76,4.05,5.50,1.31,4.93,4.63,2.20,4.75,3.11,1.01,3.80,0.85,-1.93,2.65,0.61,-0.13,-1.12,0.90,-0.56,1.87,0.84,1.44,2.44,3.29,0.68,2.10,4.24,2.96,4.46,3.85,2.80,1.42,2.08,1.01,2.58,1.37,1.10,2.65,1.59,-0.14,1.51,1.05,4,3.75,4.86,2.13,2.77,0.73,0.02,-1.59,-0.31,0.06,-0.30,0.47,3.22,2,1.20,1.71,1.34,-0.92,-0.98,1.90,-0.36,-0.08,-0.84,-0.70,-0.96,-2.17,,-2.20,-1.03,-0.66,-2.13,0.24,1.23,1.80,-0.08,-0.20,-0.50,-1.80,,5.90,-4.40,6.50,3.30,5.30,,,,,,,2.30,2.60,,1.40,4.80,2.10,3.06,,,,,,,,1.60,1.20,1.60,1.40,0.30,,,,,0.80,,0.70,1.10,0,1.80,0.90,,,-0.40,,,-1.90,,,1.20,1,0.70,2.10,0.10,-1.10,
2008-12-11 02:30,6.30,6.90,4.52,4.57,1.10,5.27,7.29,6.20,2.97,5.97,5.32,1.60,0.28,5.23,3.51,1.98,0.68,-1.62,-2.50,3.76,1.77,2.66,-3.28,,4.91,3.77,3.60,3.35,3.59,4,5.03,5.04,-2.05,1.71,2.31,1.95,2.98,2.56,-1.09,1.29,0.50,0.84,3.36,3.23,,3.38,2.20,3.03,-0.36,1.32,-1.16,5.41,4.35,5.76,2.45,4.88,4.71,2.30,4.80,2.80,0.86,3.70,0.84,-1.70,2.34,0.93,-0.01,-1.20,0.80,-0.44,1.91,0.92,1.45,2.40,3.28,0.61,2.30,4.47,3.18,4.14,3.65,2.80,1.40,2.06,0.94,2.51,1.44,1.30,2.76,1.74,-0.19,1.39,1.04,4.20,3.88,4.99,2.12,2.76,0.34,-0.05,-1.66,-0.25,0.11,-0.30,0.42,3.17,1.97,1.30,1.64,1.33,-0.88,-1.08,1.83,-0.37,-0.13,-0.79,-0.70,-0.90,-2.17,,-2,-1,-0.59,-2.14,0.15,1.10,1.80,-0.10,-0.08,-0.69,-1.80,,5.90,-5.20,6.60,3.60,4.80,,,,,,,2.30,2.50,,1.30,4.40,2.20,2.75,,,,,,,,1.60,1.10,1.60,1.50,0.20,,,,,0.80,,0.80,1.10,0.10,1.80,1,,,-0.30,,,-1.70,,,1.20,0.90,0.60,2.10,0.10,-1,
2008-12-11 02:40,6.20,7.01,3.96,4.41,1.10,5.33,5.36,6.40,2.90,5.68,5.17,1.44,0.59,5.07,3.49,2.08,0.90,-1.63,-2.60,3.77,1.85,2.92,-3.33,,4.87,3.75,3.70,3.38,3.53,4,3.67,4.98,-2.05,1.62,2.38,2.19,3.12,2.61,-1.13,1.55,0.60,1.09,3.41,3.13,2.40,3.33,2.40,3.21,-0.25,1.49,-1.06,5.17,4.04,5.81,2.92,5.02,4.69,2.30,4.95,2.50,0.85,3.30,0.88,-1.74,2.24,0.98,-0.20,-1.18,0.70,-0.41,2.17,1.04,1.46,2.61,3.34,0.62,2.40,4.61,3.45,4.17,3.64,2.80,1.36,1.91,0.78,2.48,1.62,1.50,2.74,1.61,0.01,1.20,1.03,4.20,3.89,4.46,2.22,2.78,0.25,-0.15,-2.01,-0.33,0.19,-0.30,0.48,3.33,1.99,1.30,1.69,1.31,-0.67,-0.97,1.83,-0.21,-0.12,-0.89,-0.70,-0.83,-2.14,,-1.90,-0.85,-0.66,-2.27,0.40,0.99,1.80,-0.08,0.13,-0.48,-1.80,,5.80,-5.10,6.40,3.60,4.50,,,,,,,2.30,1.70,,1.10,4.20,2.30,2.57,,,,,,,,1.60,1,1.60,1.40,0.10,,,,,0.80,,0.90,1,0.20,1.80,1.10,,,-0.20,,,-1.30,,,1.30,0.80,0.50,2.20,0.20,-0.90,
2008-12-11 02:50,6.30,6.90,3.77,4.32,0.80,4.94,4.38,6.30,3.03,5.52,5.03,1.62,0.67,5.10,3.50,2.12,0.60,-1.90,-2.60,3.15,1.80,3.07,-3.57,,4.93,3.61,3.50,3.32,3.59,3.80,2.91,4.79,-1.89,1.59,2.30,2.19,3.40,2.47,-1.22,1.38,0.80,1.06,3.25,3,2.60,3.26,2.60,3.23,-0.33,1.80,-0.37,5.25,3.90,5.99,3.34,5.18,4.60,2.40,4.80,2.38,1.09,3.10,0.97,-1.77,2.30,0.62,-0.06,-1.17,0.80,-0.62,2.54,1.14,1.46,2.52,3.53,0.60,2.40,3.83,2.69,4.51,3.51,2.80,1.23,1.49,0.67,2.26,1.69,1.50,2.76,1.70,0.03,1.16,1.22,4.20,3.84,4.59,2.34,2.47,0.02,-0.27,-2.17,-0.38,0.11,-0.31,0.56,3.05,2.07,1.30,1.73,1.28,-0.60,-1.13,1.83,-0.25,0.10,-0.78,-0.60,-0.82,-2.01,,-1.90,-0.91,-0.54,-2.03,0.19,0.96,1.90,-0.06,-0.07,-0.50,-1.80,,6.10,-4.90,6.60,3.40,5.20,,,,,,,2.20,2.20,,1.20,4,2.30,2.49,,,,,,,,1.50,0.90,1.60,1.40,0.20,,,,,0.90,,1,0.80,0.30,1.80,1,,,-0.20,,,-1.20,,,1.40,0.80,0.50,2.20,0.30,-0.90,
2008-12-11 03:00,6.20,6.95,3.67,4.19,1,4.52,4.50,6.40,3.06,5.39,5.15,1.60,1.19,5.30,3.43,2.25,0.76,-1.66,-2.60,2.59,1.69,3.40,-3.55,,5.08,4,3.27,3.58,3.48,3.70,2.44,4.38,-2.08,1.62,2.34,2.10,3.52,2.64,-1.20,1.28,0.90,1.26,2.57,3.07,2.80,3.23,2.50,3.17,-0.30,1.95,0.32,5.45,3.95,6.05,3.77,5.10,4.43,2.50,4.71,2.03,0.92,3.10,0.96,-2.05,2.11,0.83,-0.18,-1.17,0.80,-0.73,2.45,1.12,1.44,2.48,3.53,0.57,2.30,3.25,2.44,4.54,3.56,2.80,1.27,1.45,0.92,2.55,1.68,1.40,2.73,1.76,0.05,0.87,1.20,4.30,3.64,4.50,2.17,2.40,0.04,-0.34,-2.05,-0.51,0.03,-0.16,0.73,3.04,2.04,1.30,1.56,1.23,-0.49,-1.16,1.77,-0.27,0.18,-0.77,-0.60,-0.77,-1.85,,-1.90,-0.91,-0.55,-2,0.25,0.83,1.80,-0.04,0.11,-0.38,-1.70,5.70,6.30,-4.80,6.70,3.90,5.20,1.90,2.60,-5.10,2.20,4.10,2.40,2.20,2.30,2,1.10,3.70,2.40,1.80,,-0.10,0.70,0.60,1.40,1.80,,1.40,1,1.70,1.40,0,0.80,0.40,0.90,1.10,0.90,1.60,1,0.60,0.40,1.80,0.90,0.10,0.40,-0.20,-0.70,-0.50,-1.10,0.40,1.10,1.40,0.80,0.40,2.20,0.30,-0.70,-2.60
2008-12-11 03:10,6.20,6.99,3.62,4.15,1.10,4.01,4.16,6.40,3.04,5.14,5.16,1.40,1.03,5.32,3.25,2.17,1.11,-1.74,-2.70,2.45,1.80,2.69,-3.49,,5.27,3.54,3.45,3.35,3.60,3.90,3.64,4.38,-1.78,1.67,2.37,2.06,4.46,2.68,-1.16,0.78,1.10,1.15,2.34,2.72,2.60,3.17,2.70,3.40,-0.33,2.15,1.15,5.35,4.30,6.21,3.89,5.16,4.37,2.60,4.87,2.61,1.57,3.10,1.20,-2.09,1.90,0.96,-0.23,-1.19,0.80,-0.74,2.55,1.09,1.36,2.50,3.55,0.68,2.20,3.65,2.54,4.47,3.36,2.90,1.29,1.97,0.99,2.37,1.65,1.20,2.57,1.83,0.03,0.59,1.32,4.30,3.93,4.36,2,2.38,0.23,-0.56,-2.10,-0.61,0.05,-0.21,0.66,2.65,2.09,1.30,1.49,1.28,-0.30,-1.12,1.67,-0.30,0.12,-0.71,-0.60,-0.75,-1.77,,-1.90,-0.71,-0.60,-2.15,0.24,0.77,1.80,0.01,0.02,-0.60,-1.70,,6.10,-4.90,6.60,4,5.40,,,,,,,2.20,2.60,,1.10,3.70,2.50,2.34,,,,,,,,1.50,1,1.60,1.50,0,,,,,0.80,,1,0.80,0.40,1.80,0.90,,,-0.20,,,-1.30,,,1.30,0.70,0.40,2.20,0.30,-0.70,
2008-12-11 03:20,6.10,6.96,3.59,4.57,1.20,3.81,3.40,6.40,3.10,5.07,4.96,1.29,1.07,5.02,3.46,2.28,0.88,-1.80,-2.80,3.27,1.92,2.22,-3.57,,5.12,3.36,3.82,3.39,3.87,3.60,4.99,4.69,-1.32,1.53,2.38,2.08,4.70,2.57,-0.93,0.60,1.20,1.14,2.48,2.52,2,3.34,2.60,3.50,-0.19,1.99,1.28,5.32,4.49,6.21,3.91,5.21,4.36,2.50,4.88,3.39,1.52,3.20,1.17,-2.23,1.69,1,-0.26,-1.18,1,-0.73,2.25,1.10,1.31,2.46,3.56,0.74,2.20,4.60,2.67,4.43,3.09,2.90,1.21,1.31,1.14,2.31,1.69,1.20,2.49,1.63,0.08,0.13,1.24,4.20,3.93,3.78,1.96,2.33,0.33,-0.67,-2.19,-0.52,0.05,0.08,0.74,2.64,2.15,1.40,1.56,1.31,-0.12,-1.05,1.58,-0.31,0.12,-0.64,-0.50,-0.65,-1.79,,-1.80,-0.59,-0.89,-2.33,0.34,0.76,1.70,0.06,-0.04,-0.75,-1.60,,6,-4.70,6.40,4.10,5.30,,,,,,,2.20,2.80,,1.10,3.50,2.60,2.35,,,,,,,,1.50,0.90,1.40,1.50,-0.10,,,,,0.80,,1.10,0.70,0.40,1.80,0.90,,,-0.10,,,-1.20,,,1.20,0.70,0.40,2.20,0.30,-0.60,
2008-12-11 03:30,6.10,6.91,3.21,4.50,1.50,3.96,3.89,6.30,3.09,4.92,4.71,1.12,1.12,4.90,3.41,2.24,0.73,-1.76,-2.90,4.77,2.22,2.77,-3.52,,5.14,3.75,3.86,3.34,3.87,3.50,5.31,5.02,-1.98,1.63,2.42,2.22,4.76,2.60,-0.54,0.34,1.50,1.28,2.54,2.38,1.90,3.50,2.70,3.58,-0.20,1.74,1.40,5.48,5.10,6.07,3.78,5.38,4.45,2.60,5.06,3.31,1.79,3.20,0.84,-1.89,1.68,0.97,-0.26,-1.16,0.90,-0.53,2.29,1.03,1.38,2.52,3.55,0.77,2.40,4.55,2.99,4.59,3.23,2.70,1.23,2,1.21,2.95,1.71,1.20,2.64,1.66,0.06,0.12,1.53,4.20,3.92,4.41,1.75,1.96,0.38,-0.75,-2.28,-0.54,0.16,0,0.81,2.91,2.21,1.50,1.63,1.26,0.13,-0.77,1.57,-0.35,0.16,-0.59,-0.50,-0.57,-1.89,,-1.60,-0.71,-0.97,-2.44,0.34,0.70,1.70,-0.03,0.08,-0.63,-1.60,,6.10,-4.60,6.40,4.30,5.10,,,,,,,2.20,2.70,,1.20,,2.40,2.22,,,,,,,,1.50,1,1.20,1.40,0.10,,,,,0.90,,1.20,0.60,0.50,1.80,0.80,,,0,,,-1.10,,,1.10,0.70,0.30,2.10,0.40,-0.50,
2008-12-11 03:40,6.10,7.12,2.97,4.91,1.60,3.90,5.21,6.20,3.05,4.89,4.66,1.07,1.41,4.77,3.64,2.24,1.08,-1.43,-2.70,5.11,2.26,2.80,-3.58,,5.29,3.60,4.09,3.29,3.73,3.90,5.34,5.02,-1.30,1.69,2.37,2.17,4.56,2.49,0.10,0.38,1.60,1.40,2.52,2.41,1.60,3.62,2.80,3.41,-0.03,1.72,1.80,5.67,5.60,6.05,3.84,5.43,4.55,2.60,5.19,2.86,2.36,3.30,0.88,-1.84,1.88,1.01,-0.27,-1.09,0.90,-0.51,2.66,1.04,1.47,2.58,3.53,0.72,2.40,4.35,3.31,4.71,3.31,2.60,1.23,2.83,1.22,2.82,1.91,1.10,3.02,1.67,-0.01,-0.02,1.59,4.10,4.17,4.80,1.60,1.87,0.35,-0.83,-2.26,-0.49,0.07,0.08,0.69,2.97,2.10,1.50,1.64,1.26,0.36,-0.68,1.60,-0.31,0.10,-0.55,-0.50,-0.56,-1.84,,-1.40,-0.72,-1.04,-2.48,0.31,0.69,1.70,0.06,0.22,-0.47,-1.50,,6,-4.30,6.70,4.30,4.80,,,,,,,2.10,2.80,,1.40,3.30,2.40,2.55,,,,,,,,1.60,1,1.20,1.20,0,,,,,0.90,,1.30,0.70,0.60,1.80,0.80,,,0,,,-1.20,,,1.10,0.70,0.30,2.10,0.50,-0.50,
2008-12-11 03:50,6,7.12,3.33,4.79,1.70,4.59,7.24,6.30,2.96,5.16,4.75,1.47,1.59,4.92,3.91,2.23,0.54,-0.99,-2.80,5.30,2.34,2.61,-3.38,,5.31,3.51,4.04,3.13,3.68,3.90,5.41,5.29,-1.20,1.65,2.39,2.07,4.30,2.63,0.65,0.10,1.60,1.42,2.66,2.40,1.90,3.65,2.70,3.50,0.04,1.59,1.78,5.81,5.76,6.22,3.71,5.29,4.65,2.60,5.25,2.45,2.48,3.30,1.09,-1.84,1.94,0.98,-0.26,-1.08,0.90,-0.58,2.15,1.13,1.44,2.55,3.51,0.75,2.40,4.43,3.45,4.43,3.42,2.80,1.03,2.55,1.74,3.23,2.11,1,3.04,1.46,-0.02,-0.09,1.54,4.10,3.91,4.69,1.50,1.99,0.29,-0.86,-2.19,-0.50,0.20,0.34,0.67,2.94,2.06,1.50,1.47,1.07,0.52,-0.71,1.62,-0.25,0.17,-0.52,-0.50,-0.54,-1.75,,-1.30,-0.75,-1.08,-2.28,0.22,0.60,1.60,0.10,0.20,-0.43,-1.50,,6,-4.50,6.50,4.50,4.70,,,,,,,2.10,2.70,,1.60,3.30,2.40,3.07,,,,,,,,1.50,1.10,1.30,1.40,0,,,,,0.90,,1.30,0.70,0.70,1.80,0.80,,,0,,,-1,,,1.10,0.70,0.40,2.10,0.60,-0.50,
2008-12-11 04:00,6.10,7.18,3.57,4.78,1.90,4.54,6.24,6.50,2.88,5.28,4.76,1.71,1.72,5.18,4.19,2.20,0.32,-1.06,-2.80,5.29,2.53,2.93,-3.21,,5.45,3.31,3.93,3.17,3.57,3.70,5.35,5.41,-1.27,1.74,2.42,2.41,4.33,2.74,0.88,0.14,1.80,1.35,2.59,2.49,1.50,3.69,2.60,3.56,-0.06,1.58,1.91,6.07,5.93,6.03,3.23,5.34,4.64,2.70,5.30,2.53,2.50,3.30,1.16,-1.90,1.93,1.17,-0.26,-1.04,0.90,-0.48,1.92,1.15,1.47,2.65,3.44,0.83,2.50,4.41,3.11,4.56,3.08,2.90,0.80,2.53,2.18,3.25,1.97,1,2.97,1.27,0.26,-0.07,1.59,4.10,3.91,4.89,1.62,2.16,0.24,-0.87,-2.18,-0.66,0.30,0.44,0.77,2.91,2.13,1.40,1.58,0.93,0.82,-0.73,1.60,-0.20,0.29,-0.39,-0.50,-0.54,-1.70,,-1.30,-0.63,-1.24,-2.38,0.21,0.64,1.60,0.10,0.12,-0.28,-1.40,5.60,6.30,-4.50,6.40,4.60,4.70,0.90,0.20,-5,2.40,4,3.40,2.20,3,2.40,1.60,3.40,2.40,3.10,-0.60,-0.10,1,1.20,2.10,2,2.30,1.40,1.20,1.10,1.20,0.10,0.90,0.60,1,1.20,1,1.50,1.40,0.70,0.90,1.80,0.80,,0.60,0.10,-0.50,0,-0.90,1,1.20,1.10,0.70,0.30,1.90,0.60,-0.40,-1.90
2008-12-11 04:10,6.10,7.20,3.30,4.80,1.73,4.35,4.61,6.60,2.94,5.22,4.82,1.55,1.75,5.26,4.17,2.54,0.41,-0.73,-2.60,5.61,2.58,3.12,-2.79,,5.59,3.33,3.67,3.21,3.65,3.70,5.20,5.35,-1.73,1.91,2.57,2.43,4.41,2.79,0.97,0.14,1.80,1.10,2.45,2.38,1.80,4.17,2.80,3.63,0.07,1.38,1.79,6.45,5.95,5.67,2.51,5.37,4.61,2.70,5.23,2.29,2.71,3.40,1.02,-1.71,1.77,,-0.24,-0.98,1.60,-0.47,2.37,0.99,1.37,2.66,3.45,0.86,2.40,4.09,2.90,4.57,3.14,2.80,0.81,2.57,2.23,3.32,2.05,1.10,3.03,1.64,0.08,-0.05,1.51,4,3.95,5.04,1.86,2.11,0.30,-0.87,-2.23,-0.77,0.34,0.41,0.72,2.96,2.13,1.40,1.64,0.90,0.94,-0.71,1.51,-0.18,0.32,-0.42,-0.40,-0.46,-1.53,,-1.30,-0.54,-1.23,-2.39,0.33,0.67,1.50,0.14,0.20,-0.28,-1.30,,6.50,-4.20,6.60,4.70,4.80,,,,,,,2.30,3.10,,1.60,3.40,2.30,3,,,,,,,,1.40,1.10,1,1.10,0.10,,,,,0.90,,1.40,0.90,0.90,1.80,0.80,,,0.10,,,-0.80,,,1.20,0.70,0.30,1.90,0.70,-0.40,
2008-12-11 04:20,6.10,7.33,3.13,4.71,1.98,4.21,6.70,6.70,2.79,5.29,5.14,1.47,1.58,5.19,4.24,2.65,0.41,-0.49,-2.80,6.02,2.46,2.99,-2.38,,5.66,3.38,3.87,3.29,3.63,3.20,5.14,5.38,-1.79,2.02,2.65,2.49,4.52,2.79,2.18,-0.02,1.50,1.09,2.40,2.26,1.60,4.25,2.80,3.64,0.37,1.35,-0.06,6.59,6.08,5.65,2.19,5.50,4.64,2.80,5.35,1.95,2.82,3.30,1.18,-1.57,1.50,,-0.12,-0.80,1.70,-0.45,2.12,0.93,1.37,2.76,3.52,0.93,2.50,4.55,3.10,4.22,3.34,2.70,0.86,2.86,2.34,3.28,1.98,1.20,3.02,2.06,0.12,-0.20,1.71,4,3.87,4.89,1.96,1.84,0.48,-0.87,-2.28,-0.58,0.33,0.40,0.73,3,2.08,1.30,1.59,0.92,0.77,-0.62,1.51,-0.13,0.31,-0.37,-0.40,-0.54,-1.48,,-1.30,-0.55,-1.13,-2.08,0.27,0.67,1.50,0.09,0.17,-0.36,-1.20,,6.30,-4.20,6.40,4.80,4.60,,,,,,,2.30,3.30,,1.80,4,2.40,2.75,,,,,,,,1.50,1.20,0.80,0.80,0.10,,,,,0.90,,1.30,0.90,1,1.80,0.80,,,0.20,,,-0.50,,,1.20,0.60,0.40,1.90,0.60,-0.30,
2008-12-11 04:30,6.10,7.25,3.26,4.76,1.99,4.53,7.08,6.70,2.75,5.60,5.48,1.57,2.05,5.39,4.41,2.85,0.03,-0.46,-2.80,5.76,2.54,3.34,-2.32,,5.67,3.38,3.35,3.50,3.71,2.80,4.95,5.35,-2,2.04,2.61,2.60,4.67,2.99,1.62,0.10,1.60,1.16,2.34,2.24,1.30,4.31,2.60,3.59,0.11,1.37,-0.79,6.40,5.61,5.70,2.14,5.50,4.49,2.90,5.28,1.83,2.83,3.50,1.40,-1.35,1.73,,-0.20,-0.71,1.80,-0.33,2.05,0.92,1.35,2.57,3.58,0.76,2.70,5.05,3.20,4.31,3.47,2.60,0.64,3.15,2.11,3.29,1.93,1.20,2.94,1.97,0.31,-0.43,1.57,4.10,4.03,5.24,2.02,1.74,0.49,-0.81,-2.11,-0.31,0.29,0.41,0.96,3.03,2.07,1.20,1.61,1,0.66,-0.37,1.37,-0.08,0.40,-0.38,-0.40,-0.35,-1.42,,-1.20,-0.48,-1.13,-2.13,0.43,0.63,1.50,0.11,-0.10,-0.42,-1.10,,6.40,-4.30,6.30,4.90,4.60,,,,,,,2.30,3,,1.70,4,2.20,2.62,,,,,,,,1.40,1.10,0.90,0.60,0,,,,,1,,1.30,0.90,1,1.80,0.80,,,0.10,,,-0.30,,,1.10,0.70,0.40,1.80,0.70,-0.40,
2008-12-11 04:40,6.20,7.28,3.83,4.75,1.87,4.99,7.11,6.70,2.72,5.65,5.21,1.74,2.56,5.42,4.66,2.87,0.44,-0.42,-2.60,5.75,2.52,4.15,-2.28,,5.74,3.18,3.27,3.85,3.73,3,5.12,4.73,-2.03,2.05,2.56,2.64,5.01,3.06,0.27,0.32,1.90,1.46,2.40,2.05,1.40,4.58,2.50,3.57,0.23,1.52,-1.08,6.46,5.61,5.92,2.80,5.39,4.49,3,5.18,1.82,2.86,3.70,1.38,-1.48,1.88,,-0.15,-0.60,2,-0.30,1.90,1.15,1.32,2.52,3.65,0.65,2.80,5.19,3.40,4.49,3.39,2.50,0.40,3.42,2.26,3.30,1.96,1,2.81,1.88,0.37,-0.63,1.31,4.10,3.91,5.27,2.02,1.61,0.53,-0.80,-2.07,-0.17,0.29,0.55,0.97,3.06,2.09,1.20,1.86,0.95,0.63,-0.21,1.36,-0.01,0.46,-0.39,-0.30,-0.31,-1.50,,-1.30,-0.35,-1.14,-1.90,0.27,0.68,1.50,0.09,-0.01,-0.36,-1,,6.60,-4.10,6.30,4.70,4.50,,,,,,,2.40,2.90,,1.70,4.20,1.90,2.38,,,,,,,,1.50,1.20,1,0.90,0,,,,,1,,1.30,0.80,1,1.70,0.80,,,0.10,,,-0.30,,,1.10,0.70,0.40,1.80,0.80,-0.40,
2008-12-11 04:50,6.20,7.27,4.20,4.69,2.18,5.11,4.90,6.60,3.05,5.53,5.18,1.62,2.46,6.01,4.72,2.93,0.55,-0.06,-2.60,6.16,2.66,4.06,-2.27,,5.64,3.09,3.23,3.99,3.80,3.40,5.05,4.36,-1.82,2.15,2.65,2.50,5.04,3.15,-0.56,0.27,2.10,1.69,2.44,2.39,1.60,4.65,3,3.52,0.62,1.68,-1.13,6.28,5.78,5.86,3.29,5.34,4.70,3.30,5.17,1.85,3.05,3.80,1.51,-1.23,2,,-0.12,-0.48,2,-0.24,1.87,0.98,1.36,2.54,3.83,0.59,3.10,5.41,3.60,4.64,3.38,2.60,0.36,3.22,1.98,3.24,1.86,1,2.84,2,0.40,-0.86,1.24,4.10,3.86,5.43,1.83,1.45,0.38,-0.82,-2.19,-0.16,0.33,0.56,0.85,3.07,2.22,1.20,1.87,0.95,0.55,-0.19,1.38,0.05,0.40,-0.37,-0.30,-0.36,-1.35,,-1.20,-0.13,-1.19,-1.79,0.17,0.78,1.60,0.07,0.05,-0.37,-1,,6.70,-3.80,6.50,4.70,4.60,,,,,,,2.40,2.90,,1.70,4.40,2.20,2.27,,,,,,,,1.50,1.10,0.90,0.90,-0.10,,,,,1,,1.30,0.80,1,1.60,0.70,,,0,,,-0.20,,,1,0.60,0.40,1.90,0.80,-0.40,
2008-12-11 05:00,6.10,7.27,4.02,4.92,2.42,4.83,3.92,6.70,3.05,5.94,5.41,1.76,2.02,6.04,4.92,3.07,0.43,-0.04,-2.50,5.67,2.68,4.03,-2.27,,5.83,3.09,3.73,4.05,3.97,2.60,4.05,4.74,-1.71,2.19,2.83,2.70,5.09,3.24,-0.78,0.27,2.30,1.90,2.69,2.40,,4.57,3,3.60,0.24,1.69,-1.35,6.15,5.80,5.92,3.35,5.43,4.68,3.40,5.15,1.71,3.29,3.90,1.51,-1.17,1.98,,-0.17,-0.34,1.90,-0.43,2.07,1.03,1.53,2.46,3.78,0.73,3.10,5.51,3.70,4.59,3.15,2.50,0.17,3.12,1.47,3.44,1.67,1.30,2.93,2.08,0.32,-0.92,1.18,4.20,4.09,5.59,1.69,1.33,0.45,-0.55,-2.24,-0.19,0.23,0.52,0.82,3.17,2.31,1.20,1.89,0.94,0.55,-0.17,1.35,-0.03,0.60,-0.36,-0.30,-0.30,-1.37,,-1.20,-0.07,-1.03,-1.68,0.28,0.77,1.60,0.07,0.20,-0.35,-1,5.50,7,-3.70,6.40,4.80,4.80,,2.10,-4.90,2.70,3.80,4.40,2.40,3,2.10,1.70,4.50,2.40,1.80,-0.80,-0.10,1.90,1.30,2.30,2.10,2.40,1.50,1.10,0.80,0.80,-0.30,0.90,0.70,1.20,1.20,1,1.80,1.40,0.80,1.10,1.40,0.40,0.10,0.40,0,-0.30,0.20,-0.20,0.90,1.20,1,0.60,0.40,1.90,0.80,-0.40,-1.80
2008-12-11 05:10,6.10,7.30,4.75,5.06,2.19,4.64,3.60,6.90,3.10,6.06,5.62,1.67,2.12,6.01,4.96,3.17,0.29,-0.16,-2.10,5.63,2.65,4,-2.01,,5.81,3.03,3.43,4.20,4.18,3.20,3.51,4.89,-1.53,2.21,3.12,2.75,4.94,3.29,-0.65,0.28,2.10,1.42,2.88,2.44,1,4.25,2.80,3.91,0.32,1.53,-1.28,6.14,5.97,5.90,3.60,5.50,4.53,3.50,5.15,1.37,3.09,4,1.72,-1.03,1.95,,-0.17,0.11,1.90,-0.59,1.98,0.99,1.54,2.62,3.97,0.83,2.80,5.44,4,4.69,2.84,2.50,0.27,3.11,1.14,2.82,1.63,1.30,2.76,2.14,0.32,-0.99,1.05,4.30,4.51,5.62,1.62,1.27,0.37,-0.40,-2.26,-0.22,0.26,0.47,0.88,3.23,2.24,1.10,1.69,0.98,0.58,-0.17,1.22,0.13,0.41,-0.28,-0.30,-0.29,-1.30,,-1.10,-0.05,-0.98,-1.70,0.35,0.98,1.60,0.14,0.07,-0.42,-1,,7.20,-3.80,6.60,4.80,4.70,,,,,,,2.10,3,,1.70,4.80,2,2.24,,,,,,,,1.50,1.20,0.50,0.80,-0.40,,,,,1,,1.50,0.80,1.20,1.40,0.40,,,0,,,-0.30,,,0.90,0.60,0.40,1.90,0.80,-0.40,
2008-12-11 05:20,6,7.38,5.67,5.09,2.27,4.80,3.98,6.30,3.14,6.17,5.60,1.87,2.30,6.14,4.91,3.26,0.51,-0.03,-2,5.43,2.80,4.12,-1.69,,5.94,2.94,3.39,3.91,4.45,4.10,4.35,4.82,-1.10,2.39,3.20,2.87,5.38,3.33,-0.52,0.44,2.30,1.18,3.01,2.52,0.80,4.21,2.80,4.03,0.13,1.62,-1.18,6.45,5.89,5.95,3.76,5.60,4.56,3.60,5.27,1.27,3.33,3.90,1.95,-0.91,1.82,,-0.10,0.67,1.70,-0.66,1.61,1.06,1.51,2.82,3.88,0.94,2.80,5.32,4.60,4.72,2.97,2.40,0.24,3.03,0.90,3.02,1.51,1.60,2.64,1.88,0.33,-0.39,0.67,4.40,4.41,5.72,1.48,1.10,0.35,-0.34,-2.29,-0.03,0.41,0.45,0.92,3.27,2.35,1,1.57,1.01,0.57,-0.13,1.20,0.12,0.45,-0.27,-0.20,-0.21,-1.25,,-1.10,0,-0.95,-1.69,0.27,1.19,1.70,0.10,0.09,-0.39,-1,,6.80,-4.10,6.90,4.70,4.60,,,,,,,1.90,2.60,,1.60,5.10,2.10,2.02,,,,,,,,1.50,1.20,0.30,0.90,-0.50,,,,,1.10,,1.50,0.70,1.20,1.30,,,,0,,,-0.30,,,0.90,0.60,0.40,2,0.80,-0.40,
2008-12-11 05:30,6,7.59,5.91,5.10,2.40,4.98,6.15,6,3.22,6.31,5.84,1.95,2.46,6.10,5.23,3.40,0.99,-0.05,-2,5.28,2.84,4.39,-1.66,,5.94,2.76,3.23,3.93,4.47,3.80,5.02,4.48,-1.01,2.66,3.16,2.86,5.62,3.21,-0.24,0.74,2,1.05,2.78,2.70,0.90,4.02,2.90,4.02,-0.03,1.45,-1.03,6.33,6.01,6,4.07,5.49,4.82,3.90,5.32,1.23,3.24,4.10,2.07,-0.77,1.94,,-0.13,1.53,1.70,-0.78,1.60,1.16,1.44,2.94,3.86,1.02,2.50,5.43,4.80,4.58,2.99,2.20,0.08,3.04,0.81,3.04,1.39,1.50,2.48,1.46,0.38,-0.02,0.99,4.20,4.59,5.80,1.37,1.08,0.30,-0.27,-2.28,0.17,0.27,0.53,0.98,3.37,2.31,1,1.16,1.10,0.73,-0.11,1.22,0.09,0.43,-0.20,-0.20,-0.20,-1.20,,-1.10,-0.05,-0.87,-1.67,0.19,1.18,1.60,0.12,0.28,-0.31,-1,,6.80,-4.40,6.80,5,4.70,,,,,,,2,2.80,,1.70,5.40,2.10,1.73,,,,,,,,1.50,1.30,0,1,-0.60,,,,,1.10,,1.50,0.70,1.40,1.20,0.30,,,0.10,,,-0.30,,,0.90,0.60,0.30,2,0.80,-0.40,
2008-12-11 05:40,6,7.50,6.28,4.89,2.14,4.64,6.13,6.20,3.30,5.93,6.01,1.77,2.26,5.98,5.42,3.17,0.65,0.35,-2,4.96,2.84,4.76,-1.84,,5.86,2.86,3.27,3.30,4.41,3,4.93,4.60,-1.16,2.68,3.15,3.05,5.89,3.17,-0.30,0.89,2.40,1.15,2.89,2.79,1.10,3.71,2.80,4.06,-0.09,1.62,-1.14,6.35,5.63,6.10,4.12,5.63,4.84,3.90,5.21,1.29,2.60,4,2.20,-0.85,2.07,,-0.19,1.68,1.40,-0.98,1.45,1.11,1.45,2.95,3.81,1.07,2.60,5.59,4.90,4.86,2.98,2,0.53,3.24,0.60,3.48,1.40,1.30,2.48,1.45,0.31,-0.10,1.26,4.30,4.47,5.69,1.40,0.97,0.20,-0.28,-2.33,0.21,0.23,0.60,1,3.58,2.38,1.20,0.90,1.12,0.89,-0.09,1.19,0.13,0.43,-0.21,-0.10,-0.25,-1.19,,-1.10,0.09,-0.62,-1.66,0.26,1.13,1.60,0.11,0.20,-0.43,-0.90,,7,-3.80,6.60,5.30,4.70,,,,,,,2.10,2.90,,1.60,5.50,2.20,1.63,,,,,,,,1.50,1.20,-0.10,1.20,-0.70,,,,,1.30,,1.60,0.70,1.40,1.20,0.30,,,0.10,,,0,,,0.90,0.60,0.40,2,0.80,-0.30,
2008-12-11 05:50,5.90,7.58,5.88,4.64,2.22,4.47,5.63,6.50,3.58,5.44,5.70,1.66,2.29,6,5.43,3.15,0.81,0.65,-1.90,4.15,2.78,4.40,-2.05,,6.06,2.79,2.70,3.15,4.30,3.50,5.25,4.96,-1.05,2.65,3.18,2.89,5.70,3.04,-0.29,1.05,2.40,1.12,2.81,2.80,1.30,3.42,3,4.01,0.05,1.66,-1.16,6.15,5.54,6.19,4.06,5.65,4.47,4.10,5.25,1.26,2.48,4.10,2.23,-0.89,2.14,,-0.17,1.96,1.30,-1.09,1.50,1.11,1.47,2.96,4,0.94,2.80,5.71,4.70,4.77,2.90,2.10,0.44,3.46,0.29,3.43,1.35,1,2.57,1.54,0.36,-0.20,1.27,4.50,4.41,5.88,1.41,0.78,0.32,-0.39,-2.34,0.27,0.27,0.62,1.02,3.71,2.41,1.30,0.85,1.10,0.92,-0.09,1.05,0.21,0.43,-0.31,-0.10,-0.27,-1.18,,-1.10,0.17,-0.65,-1.65,0.39,0.97,1.80,0.13,0.02,-0.28,-0.90,,7,-3.60,6.60,5.20,4.90,,,,,,,2.10,3.20,,1.70,5.40,1.90,1.54,,,,,,,,1.50,1.20,-0.10,1.40,-0.60,,,,,1.30,,1.60,0.70,1.50,1.20,0.30,,,0.20,,,0.10,,,0.90,0.60,0.40,2,0.90,-0.20,
2008-12-11 06:00,6,7,5.86,3,2,4.32,3.63,6.40,4.02,5.11,5.55,1.85,2.51,6,5.78,4,1,0.52,-1,2.57,2.74,4.37,-2.12,6,6,3,3.81,3.06,5,4,5,5,-0.98,2,3.07,3,6,3,-1,2,2,1,3,3,,3.43,3,4.09,0,1.72,-1,6,5.21,5.96,3.65,6,4,4,6,1.09,3.33,5,2.31,-0.54,2.23,,0,2.01,1.10,-1.24,1.47,1.08,1.42,2.88,4.09,0.84,2.80,5.96,5,4,2,2,0.04,3,0.24,3.29,-1,0.80,2.82,1.44,0.29,0.13,1,4.90,4,5.59,1.23,0.70,0.41,-0.44,-2.37,0.16,0.36,0.73,1.05,3.73,2.35,1.30,0.65,1.03,0.78,-0.07,0.95,0.20,0.35,-0.21,-0.20,-0.25,-1.09,,-0.90,0.31,-0.56,-1.38,0.35,1.30,1.60,0.13,0.50,-0.24,-0.80,6,7,-4,6.40,5.30,5,1.50,3,-4,3,4,5,2,4,1.80,1.80,5.40,1.80,0.90,-1.10,0,2,2,2.40,2.20,2.50,1.50,1.10,0,1.40,-0.70,0.80,0.50,1.40,1.40,1.20,1.70,1.60,0.60,1.50,1.10,0.20,0.20,0.50,0.30,-0.20,0.40,0.20,1,1,0.90,0.60,0.40,2.10,1.10,-0.10,-1.60
2008-12-11 06:10,6.10,7.74,5.89,3.32,2.46,4.37,2.65,6.10,3.98,4.58,5.46,1.82,2.40,6.13,6.02,3.22,0.99,0.53,-1.90,3.05,2.69,4.47,-2.43,,6.23,2.70,3.82,3.63,4.72,3,5.64,5.50,-0.86,2.49,2.96,3.05,4.95,3.18,-0.35,0.70,2.40,1.29,3.07,3.02,0.60,4.49,3.10,4.15,-0.02,1.73,-1.12,6.12,5.25,5.84,3.42,5.68,4.64,4.30,5.50,1.16,3.58,4.50,2.41,-0.50,2.23,,-0.01,2.07,1,-1.34,1.35,1.05,1.44,2.94,3.95,0.93,2.70,5.94,3.82,4.74,3.09,2.37,-0.06,3.39,0.36,3.22,1.01,0.80,2.68,1.39,0.15,0.44,0.98,5.10,4.34,5.50,1.26,0.64,0.42,-0.48,-2.21,0.08,0.39,0.82,1.07,3.96,2.36,1.30,0.54,0.91,0.74,-0.10,1.09,0.24,0.31,-0.27,-0.20,-0.18,-1.05,,-0.70,0.25,-0.34,-1.30,0.39,0.89,1.70,0.15,-0.13,-0.35,-0.80,,6.30,-3.30,6.30,5.10,4.80,,,,,,,2.10,4.10,,1.80,5.50,1.80,1.47,,,,,,,,1.60,1.20,-0.10,1.30,-0.70,,,,,1.20,,1.50,0.40,1.50,1.10,0.30,,,0.30,,,0.30,,,0.90,0.60,0.40,2.10,1.20,-0.10,
2008-12-11 06:20,6,7.74,5.91,2.71,2.90,4.63,2.77,6.30,4.01,4.54,5.87,2.57,2.57,6.39,5.92,3.31,1.22,0.39,-1.90,2.91,2.50,3.97,-2.41,,6.39,2.66,3.07,3.87,4.72,3.10,5.60,6.53,-0.61,2.51,3,3.01,4.85,3.15,-0.56,0.69,2,1.05,2.86,2.82,0,4.61,3.30,4.19,-0.03,1.88,-1.20,5.84,5.64,5.70,3.28,5.81,4.62,4.40,5.73,1.17,3.53,4.60,2.43,-0.53,2.26,,-0.05,2.07,1,-1.34,1.22,1.05,1.47,2.99,3.94,0.96,2.50,5.83,3.85,4.34,2.90,2.32,-0.13,3.32,0.84,3.12,1.02,0.80,2.44,1.46,0.35,0.56,0.92,5.10,4.53,5.37,1.06,0.52,0.61,-0.58,-2.20,0.11,0.47,0.85,1.04,4.10,2.45,1.30,0.63,0.82,0.84,-0.02,1.17,0.16,0.31,-0.33,-0.20,-0.13,-0.99,,-0.60,0.29,-0.47,-1.11,0.44,0.81,1.70,0.14,0.28,-0.45,-0.60,,6.80,-3.80,6.30,5.10,5,,,,,,,2.10,4,,1.70,5.50,1.90,1.75,,,,,,,,1.60,1.30,-0.20,1.20,-0.70,,,,,1.20,,1.50,0.40,1.40,1.10,0.30,,,0.30,,,0.40,,,0.80,0.60,0.40,2.10,1.30,-0.10,
2008-12-11 06:30,5.90,7.76,6,2.37,2.81,4.78,2.85,6.10,3.95,4.20,6.15,2.53,2.64,6.41,5.40,3.54,1.06,0.62,-1.90,2.79,2.40,3.93,-2.52,,6.30,2.44,3.49,4.27,4.71,3.40,5.42,6.74,0.05,2.50,3,2.91,4.60,3.14,-0.71,0.76,1.80,0.59,2.51,2.92,-0.30,4.72,3.20,4.33,-0.21,2.06,-1.27,5.71,5.35,5.56,2.97,5.81,4.59,4.40,5.77,1.05,3.46,4.80,2.45,-0.49,2.50,,-0.17,1.93,0.90,-1.26,1,0.85,1.47,3.04,3.88,1.03,2.70,5.97,4,4.46,2.62,2.07,0.11,3.23,1.38,3.32,0.97,1.10,2.39,1.52,0.37,0.45,0.82,5.20,4.15,5.18,0.89,0.66,0.77,-0.43,-2.15,0.15,0.43,0.82,0.95,3.87,2.42,1.30,1.18,0.68,0.99,0.06,1.01,0.14,0.39,-0.28,-0.20,-0.22,-0.85,,-0.60,0.34,-0.43,-1.22,0.24,0.77,1.70,0.18,0.18,-0.45,-0.60,,6.90,-3.90,6.30,5,5.30,,,,,,,2.10,4.20,,1.70,5.40,2,1.68,,,,,,,,1.60,1.40,-0.30,1.30,-0.80,,,,,1.20,,1.40,0.10,1.30,1.10,0.30,,,0.30,,,0.50,,,0.80,0.60,0.40,2.20,1.30,0,
2008-12-11 06:40,6.10,8,6.20,2.05,2.54,4.98,3.49,6.30,4.08,4.02,6.25,2.68,2.47,6.27,5.36,3.79,0.70,0.59,-2,3.38,2.42,3.97,-2.48,,6.05,2.67,4.14,4.75,4.76,2.90,5.64,6.59,0.11,2.44,3.09,2.98,4.75,3.24,-0.73,0.81,1.80,0.75,2.26,3.08,-0.40,4.59,3.30,4.31,-0.22,2.03,-1.34,5.69,5.61,5.73,3.22,5.95,4.81,4.30,5.96,1.03,3.66,4.90,2.64,-0.18,2.97,,-0.09,1.97,0.90,-1.18,0.87,0.74,1.47,2.91,3.86,1.04,2.50,5.97,4.30,4.51,2.55,1.80,0.11,3.11,2.04,3.25,1.17,1,2.69,1.56,0.50,0.07,0.63,5.10,3.77,5.46,0.96,0.92,0.80,-0.47,-2.10,0.26,0.36,0.67,1.18,3.91,2.42,1.30,1.90,0.61,0.97,0.09,1.07,0.25,0.48,-0.25,-0.20,-0.20,-0.79,,-0.60,0.26,-0.35,-0.92,0.31,0.87,1.80,0.26,-0.03,-0.31,-0.50,,6.30,-3.70,6.80,5,5.10,,,,,,,2,4.50,,1.70,5.40,1.80,1.53,,,,,,,,1.60,1.30,-0.20,0.80,-0.70,,,,,1.10,,1.40,0,1.20,1,0.30,,,0.30,,,0.40,,,0.80,0.60,0.40,2.30,1.30,0,
2008-12-11 06:50,6.10,7.93,6.35,1.94,2.80,5.44,3.22,7,4.46,3.85,6.13,3.08,2.45,6.49,5.42,3.80,1.08,0.65,-2.10,3.07,2.34,4.01,-2.55,,5.84,3.12,3.60,5.13,4.74,3.20,5.74,6.40,-0.59,2.43,3.14,2.75,4.69,3.28,-0.42,0.60,1.50,0.48,2.08,3.17,-0.40,4.57,3.30,4.28,-0.24,2.16,-1.22,5.57,5.71,5.80,3.82,5.96,4.72,4.20,5.93,0.94,3.52,4.90,2.76,-0.26,3.34,,-0.08,2.08,0.80,-0.97,0.70,0.71,1.47,2.83,3.83,1.02,2.40,6.13,4.40,4.48,2.87,1.70,-0.03,3.17,1.60,3.86,1.18,0.90,2.74,1.83,0.59,-0.37,0.89,5.10,3.57,5.70,1.22,1.05,0.73,-0.55,-1.87,0.26,0.27,0.72,0.99,4.02,2.43,1.40,1.75,0.74,0.97,0.13,1.02,0.25,0.65,-0.23,-0.20,-0.16,-0.79,,-0.50,0.44,-0.20,-0.82,0.24,1.01,2,0.27,-0.07,-0.26,-0.40,,6.60,-3.70,6.50,5,5.40,,,,,,,1.80,4.80,,1.80,5.40,1.60,1.61,,,,,,,,1.60,1.20,-0.10,0.70,-0.70,,,,,1,,1.20,0,1,1,0.30,,,0.40,,,0.40,,,0.80,0.60,0.40,2.40,1.20,0.10,
2008-12-11 07:00,6.30,8.20,6.58,2.31,3.04,5.38,3.37,7.20,4.47,4.40,6.17,2.63,2.27,6.61,5.54,3.93,0.81,0.58,-2.30,3.82,2.23,4.39,-2.60,,5.73,3.16,3.74,5.12,4.81,3.30,5.73,6.37,-1.15,2.40,3.08,2.72,4.64,3.33,0.56,0.72,1.70,0.53,2.02,3.13,0.10,4.43,3.50,4.31,-0.50,2.20,-1.23,5.79,5.92,5.96,3.81,5.89,4.79,4.30,6.07,0.70,3.64,4.90,2.94,-0.09,3.29,,-0.10,2.18,0.70,-0.79,0.71,0.49,1.59,2.73,4.05,1.07,2.80,6.30,4.50,4.36,2.96,1.70,-0.26,3.25,1.71,3.85,1.27,0.90,2.95,1.99,0.69,-0.58,1.36,5.10,4.41,5.56,1.25,1.13,0.73,-0.66,-1.66,0.28,0.43,0.77,0.99,4.20,2.34,1.40,1.76,0.68,1.08,0.20,0.95,0.18,0.53,-0.22,-0.10,-0.11,-0.71,,-0.40,0.64,-0.14,-0.71,0.33,1.05,1.80,0.29,0.05,-0.17,-0.40,6.50,6.40,-3.70,6.80,5.10,5.40,,1.70,-4.10,3.50,3.40,5.30,1.60,4.40,1.90,1.80,5.50,1.60,1.40,-1,0,2.70,2,2.50,2.20,2.50,1.70,1.20,0,0.80,-0.60,1,0.60,1.60,2.20,1.10,2.10,1.40,-0.10,0.90,1,0.30,0.30,0.50,0.40,0.10,,0.30,1,0.40,0.80,0.60,0.40,2.40,1.10,0.10,-1.20
2008-12-11 07:10,6.50,8.59,6.39,3.53,3.40,5.35,3.72,7.70,4.60,5.50,6.35,2.14,2.41,7.04,5.37,4.14,0.87,0.42,-2.30,3.33,2.32,4.30,-2.68,,5.40,2.68,3.81,4.96,4.99,3.40,5.69,6.38,-0.87,2.60,3.08,2.73,4.48,3.19,0.69,0.86,1.60,0.77,1.92,3.12,0.50,4.48,3.60,4.28,-0.05,2.18,-1.10,6.10,6.24,6.06,3.49,5.75,5.49,4.30,6.08,0.73,3.47,5,2.99,-0.14,3.01,,-0.16,2.12,0.70,-0.82,0.68,0.50,1.65,2.82,3.97,1.01,2.90,6.44,4.30,4.21,2.84,1.70,-0.02,3.33,1.74,3.79,1.63,0.80,3.12,2.20,0.90,-0.59,1.70,5.10,4.65,5.68,1.12,1.07,0.71,-0.68,-1.52,0.38,0.42,0.98,0.99,4.46,2.43,1.30,1.95,0.55,1.25,0.12,0.97,0.23,0.45,-0.16,-0.20,-0.01,-0.68,,-0.30,0.60,0.12,-0.73,0.50,1.23,1.90,0.31,0.22,-0.12,-0.40,,6.40,-3.70,7,5,5.40,,,,,,,1.50,4.40,,1.80,5.40,1.90,2.10,,,,,,,,1.70,1.10,0,1.10,-0.60,,,,,1.10,,1.40,0.10,0.90,1,0.30,,,0.40,,,0.30,,,0.80,0.60,0.50,2.40,1,0.10,
2008-12-11 07:20,6.90,8.72,6.06,3.61,3.40,5.54,3.81,8.10,4.48,6,6.42,2.54,2.67,7.31,5.31,4.28,1.44,0.49,-2.30,4.26,2.30,4.36,-2.17,,5.46,2.67,4.65,4.78,5.29,4.40,5.80,6.34,-0.93,2.51,3.07,2.81,4.52,3.21,0.54,0.61,1.60,1.09,1.98,3.41,0.30,4.68,3.80,4.34,-0.14,1.98,-0.97,6.24,6.32,6.07,3.35,5.97,5.76,4.40,6.17,0.79,3.36,4.90,3.22,-0.21,2.60,,-0.21,2.15,0.60,-0.81,0.64,0.64,1.65,2.72,3.93,1.02,2.80,6.34,4.60,3.99,2.67,1.90,-0.13,3.17,2.49,3.63,1.65,1.10,3.53,2.51,0.90,-0.68,1.93,5.10,4.91,5.73,0.66,1.05,0.69,-0.60,-1.48,0.48,0.31,1.10,1.24,4.62,2.47,1.40,1.96,0.54,1.19,0.17,1.01,0.22,0.40,-0.17,-0.10,-0.01,-0.66,,-0.20,0.53,0.06,-0.81,0.62,1.34,2.40,0.36,0.39,-0.14,-0.30,,5.20,-3.70,6.80,5.10,5.20,,,,,,,1.60,4.30,,1.90,5.50,1.80,2.07,,,,,,,,1.80,1.10,-0.20,1,-0.60,,,,,1,,1.40,0.20,1,1,0.30,,,0.40,,,0.20,,,0.70,0.70,0.40,2.40,0.90,0.20,
2008-12-11 07:30,7.20,8.91,5.87,3.51,3.20,5.47,8.16,8.10,4.07,6.02,6.58,2.58,2.89,6.97,5.27,4.48,1.46,0.29,-2.20,4.35,2.52,4.28,-1.32,,5.51,2.63,4.18,4.54,5.23,4.90,5.60,6.25,-0.60,2.40,3.04,2.74,4.55,3.26,0.92,0.55,1.80,1.44,2.23,3.51,0.10,4.87,4,4.50,0.05,1.81,-1.01,6.52,6.19,6.25,3.31,6.11,5.91,4.40,6.39,1.08,3.55,4.70,3.22,-0.14,2.58,,-0.11,2.19,0.50,-0.86,0.63,0.73,1.91,2.83,4.10,1.03,2.90,6.42,4.50,4.22,2.41,2,0.21,3.11,2.27,3.71,1.97,1.10,4.18,2.43,0.77,-0.39,2.26,5,4.82,5.89,1.07,1.23,0.64,-0.43,-1.27,0.62,0.42,1.04,1.37,4.67,2.46,1.60,2.12,0.70,1.34,0.33,0.97,0.21,0.48,-0.15,-0.10,0.04,-0.60,,-0.10,0.58,0.15,-0.55,0.62,1.48,2.70,0.46,0.45,-0.12,-0.30,,3.20,-3.60,7.30,5.40,5.60,,,,,,,1.50,4.10,,1.90,5.50,2,2.21,,,,,,,,1.80,1.20,-0.10,1,-0.50,,,,,1.10,,1.30,0.20,1,1,,,,0.40,,,0.20,,,0.70,0.80,0.50,2.30,1,0.20,
2008-12-11 07:40,,9.01,5.79,4.37,3.30,5.73,8.73,7.70,4.34,5.85,6.83,2.46,3.41,6.96,5.22,4.48,1.45,0.26,-2.30,3.82,2.74,4.68,-0.41,,5.78,2.67,4.42,4.42,5.21,4.90,5.52,6.35,0.45,2.45,3.01,2.82,4.57,3.05,0.59,0.87,1.40,1.61,2.23,3.62,0.20,4.81,4.30,4.51,0.88,1.63,-0.99,6.60,6.77,6.45,3.02,6.10,6.02,4.50,6.47,1.16,3.95,4.80,3.37,0.03,2.95,,0.03,2.34,0.50,-0.81,0.67,0.64,1.91,2.95,4.26,1.11,2.80,6.24,4.60,4.09,2.80,2.20,0.49,2.96,2.07,4.03,2,1.20,4.40,2.15,0.99,0.31,2.43,5.10,4.70,5.87,1.63,1.75,0.75,-0.29,-1.22,0.71,0.35,1.01,1.32,4.66,2.44,1.50,1.92,0.88,1.40,0.40,1.08,0.20,0.52,-0.05,-0.10,0.01,-0.48,,0.10,0.51,0.25,-0.48,0.55,1.71,2.70,0.49,0.22,-0.02,-0.20,,5,-3.40,7.20,5.40,5.80,,,,,,,1.70,4.10,,1.80,5.60,2.20,2.18,,,,,,,,1.90,1.40,-0.20,1.20,-0.50,,,,,1.10,,1.20,0.10,1.10,1,0.30,,,0.50,,,0.20,,,0.80,0.80,0.50,2.30,1,0.30,
2008-12-11 07:50,7.90,9.08,5.66,5.44,3.50,5.91,8.86,7.20,4.53,6.10,6.68,2.46,3.53,7.29,5.30,4.69,1.38,0.38,-2.10,3.95,2.84,4.16,0.20,,6.56,3.79,4.86,4.53,5.20,5,5.49,6.34,0.97,2.59,3.05,2.89,4.55,3,0.77,1.08,1.60,1.52,2.29,3.63,0.60,4.94,4.50,4.60,1.27,1.62,-0.80,6.68,6.75,6.39,2.95,6.20,6.20,4.70,6.42,1.37,4.24,4.90,3.36,0.19,3.49,,-0.14,2.35,0.40,-0.85,0.71,0.53,1.99,3.03,4.37,1.29,2.80,6.40,4.70,4.28,3.03,2.70,0.49,2.75,1.91,3.90,2,1.30,4.21,2.01,1.37,1.04,2.45,5.30,4.94,6,1.81,2,0.89,-0.09,-1.10,0.83,0.45,1.34,1.27,4.63,2.29,1.50,2.10,1.02,1.29,0.46,0.92,0.13,0.56,-0.04,-0.10,-0.01,-0.46,,0.10,0.65,0.30,-0.14,0.50,1.72,2.90,0.52,0.27,0.15,-0.20,,6.60,-3.50,7.30,5.50,6.10,,,,,,,1.80,4.20,,2.10,5.80,2.50,2.14,,,,,,,,2,1.50,-0.10,1.30,-0.50,,,,,1.20,,1.20,0.20,1.20,1,0.30,,,0.50,,,0.30,,,0.80,0.90,0.60,2.30,0.80,0.30,
2008-12-11 08:00,8.10,9.06,5.73,6.15,3.80,5.74,8.91,7.20,4.80,6.33,6.64,2.57,3.57,7.45,5.59,4.88,1.27,0.51,-1.90,4.20,2.93,4.60,0.61,,6.75,3.73,4.93,4.53,5.27,4.70,5.48,6.37,0.60,2.74,3.02,2.92,4.66,3.04,1.64,0.89,2.10,1.60,2.23,3.75,0.90,5.02,4.40,4.72,1.11,1.76,-0.67,6.61,6.56,6.52,2.70,6.49,6.34,4.80,6.61,1.62,4.50,4.90,3.55,0.25,3.59,,0.03,2.20,0.40,-0.57,0.56,0.46,2.03,2.99,4.52,1.41,3,6.49,5.30,4.20,3.48,3.10,0.64,3.01,1.90,4.03,2.03,1.60,4.29,2.18,1.30,1.52,2.71,5.70,5.16,6.18,1.84,2.26,1.11,0.23,-0.79,0.93,0.41,1.57,1.26,4.53,2.24,1.50,2.29,1.18,1.41,0.64,1.05,0.21,0.62,-0.07,-0.10,0.18,-0.40,,0.20,0.79,0.18,-0.15,0.57,1.78,2.80,0.50,0.61,0.06,-0.10,8.20,6.30,-3.60,7.40,5.40,6.30,1.10,1.30,-4,4.30,4,6.10,2.10,4.80,2.20,2.40,5.90,3,5.20,,0.10,2.20,2.20,3.30,2.70,3.30,2.10,2.20,-0.10,1.50,-0.20,1,0.40,1.70,2.20,1.30,2.80,1.30,0.30,1.20,1,0.40,,0.50,0.60,0.40,1,0.30,1,0.50,0.80,1,0.50,2.40,0.80,0.40,-0.80
2008-12-11 08:10,8.30,9.10,5.62,6.75,4,5.54,8.20,7.20,5.01,6.38,6.69,2.48,3.63,7.07,5.77,4.98,1.29,0.28,-1.70,4.66,3.09,4.30,0.92,,6.82,2.89,5.11,4.64,5.33,4.60,5.78,6.67,0,2.70,3.01,3.04,4.78,3.11,1.99,1.15,2.10,1.98,2.26,3.92,1.20,5.06,4.10,4.72,1.16,2.01,-0.57,6.17,6.51,6.85,2.74,6.66,6.51,5.10,6.66,1.89,4.53,5.10,3.85,0.34,3.60,3.22,-0.03,2.08,0.40,-0.29,0.60,0.41,2.08,3.10,4.60,1.43,3.20,6.61,5.70,4.24,3.93,3.70,0.97,3.01,1.97,4.29,2.08,1.90,4.44,2.40,1.53,1.88,3.20,5.80,5.46,6.40,1.95,2.51,1.15,0.49,-0.66,1.17,0.38,1.75,,4.39,2.35,1.70,2.23,1.51,1.50,0.76,1.02,0.25,0.76,-0.03,-0.10,0.21,-0.29,,0.20,0.71,0.25,-0.29,0.48,1.93,3,0.57,0.41,0.17,0,,6.20,-3.80,7.30,5.40,6.60,,,,,,,2.50,5.20,,2.40,6,3.20,2.41,,,,,,,,2.30,2.70,0.10,1.60,-0.20,,,,,1.30,,1.30,0.50,1.20,1,0.40,,,0.60,,,0.40,,,0.80,1.10,0.50,2.40,0.80,0.50,
2008-12-11 08:20,8.60,9.34,5.81,6.91,4.20,5.37,7.15,7.40,5.24,6.52,6.92,2.80,3.60,7.13,5.79,4.99,1.39,-0.02,-1,5.46,3.24,4.62,1.02,,6.87,2.96,6.01,4.93,5.51,4.70,5.82,6.91,0.02,2.64,3.11,3.16,4.75,3.30,1.74,1.21,2.70,2.41,2.49,4.02,1.50,5.18,4,4.76,1.24,2.05,-0.46,6.72,6.35,7.13,3.54,6.67,6.58,5.20,6.57,1.99,4.78,5.20,3.83,0.45,3.27,3.17,0.05,2.10,0.50,-0.18,0.67,0.45,2.17,3.03,4.59,1.29,3.40,6.72,5.75,4.48,4.47,3.90,1.24,2.67,2.33,4.63,2.15,2.10,4.71,2.52,1.79,2.44,4.24,5.80,5.55,6.57,2,2.86,1.39,0.55,-0.21,1.31,0.41,1.68,,4.20,2.44,1.90,2.23,2,1.58,0.83,1.11,0.19,0.90,0.02,0,0.10,-0.30,,0.20,0.74,0.36,-0.22,0.57,2,3,0.63,0.55,0.11,0.10,,6.20,-3.70,7.40,5.50,6.60,,,,,,,3,5.60,,2.70,6.30,3.60,2.44,,,,,,,,2.60,3,0.40,1.90,-0.10,,,,,1.30,,1.30,0.70,1.30,1.10,0.40,,,0.60,,,0.60,,,0.90,1.10,0.50,2.50,0.80,0.60,
2008-12-11 08:30,9,9.60,6.32,7.04,4.30,5.42,8.09,7.70,5.48,6.79,7.22,2.96,3.66,7.66,5.80,5,1.27,-0.19,-0.40,5.44,3.32,4.64,1.16,,7.09,3.41,6.11,5.12,5.78,5.10,5.86,7.03,0.38,2.61,3.26,3.33,5.18,3.43,2.12,1.14,3.30,2.53,2.78,4.36,1.70,5.46,4,4.96,1.03,2.03,-0.23,7.35,6.93,7.38,4.56,6.80,6.62,5.30,6.77,2.18,4.63,5.10,3.67,0.61,3.18,3.14,0.03,1.73,0.50,-0.18,0.66,0.51,2.29,3.05,4.62,1.44,3.70,6.78,6.15,4.75,4.83,4.10,1.47,2.39,2.38,4.70,2.24,2.40,5.16,2.49,1.89,2.91,4.48,6.10,5.51,6.56,2.14,3.05,1.64,0.68,0.13,1.42,0.52,1.72,,4.25,2.52,2.20,2.37,2.27,1.69,0.78,1.19,0.34,0.77,0.11,0.10,0.23,-0.18,,0.20,0.79,0.45,0.10,0.69,2.14,3.20,0.64,0.58,0.12,0.10,,6.20,-4.20,7.50,5.70,6.60,,,,,,,3.10,6,,3,6.50,3.60,2.66,,,,,,,,2.80,2.80,0.70,2,0,,,,,1.40,,1.50,0.80,1.30,1.20,0.50,,,0.60,,,0.70,,,0.90,1.20,0.40,2.50,0.80,0.70,
2008-12-11 08:40,9.10,9.59,6.49,7.29,4.36,5.62,8.32,8.20,5.72,6.96,7.30,3.08,4.49,7.50,5.72,5.23,1.36,0.10,0.60,5.16,3.50,5.03,1.25,,7.23,3.77,6.38,5.20,6.03,4.90,5.66,7.22,-0.17,2.61,3.38,3.48,5.35,3.48,2.14,1.78,3.30,2.42,2.67,4.44,1.70,5.50,4.40,5.10,0.88,1.76,-0.28,7.30,6.91,7.52,4.91,6.93,6.70,5.50,7.07,2.80,4.79,5.30,3.87,0.83,3.93,3.35,0.05,1.40,0.60,-0.11,0.69,0.53,2.40,2.94,4.70,1.87,4,6.69,6.20,4.84,4.86,4.20,1.61,2.77,2.68,4.79,2.33,2.70,5.43,2.60,1.85,3.01,5.97,6.30,5.71,6.72,2.50,3.34,1.93,0.73,0.10,1.46,0.61,1.82,,4.48,2.74,2.40,2.42,2.68,1.93,0.80,1.18,0.29,0.92,0.08,0,0.35,-0.07,,0.30,0.86,0.50,0.23,0.69,2.20,3.30,0.77,0.79,0.11,0.20,,6.50,-3.80,7.40,5.80,6.80,,,,,,,3.20,6.60,,3.20,6.80,3.70,3.62,,,,,,,,3.10,2.90,0.90,1.90,0.30,,,,,1.30,,1.50,0.90,1.30,1.20,0.50,,,0.60,,,0.70,,,1,1.30,0.50,2.60,0.80,0.80,
2008-12-11 08:50,9.40,9.36,6.54,7.37,4.20,5.68,6.86,8.50,5.91,6.97,7.59,3.41,3.97,7.54,6,5.59,1.36,0.48,1.10,5.24,3.40,4.72,1.89,,7.39,3.90,6.23,5.29,6.08,5.20,5.74,7.37,-1.01,2.75,3.45,3.65,5.50,3.79,1.47,2.23,3.30,2.39,2.57,4.30,2.10,5.65,4.70,5.08,0.91,1.72,0.06,7.61,7.06,7.50,5.04,6.41,6.71,5.60,7.30,3.33,4.98,5.50,4.16,0.96,4.39,3.54,0.13,1.16,0.60,-0.27,0.79,0.55,2.53,2.98,4.89,1.94,4.10,6.60,6.10,4.80,5.09,4.50,2.06,3.74,2.94,4.85,2.50,,5.29,2.59,2.10,4.14,5.55,6.40,5.87,6.78,2.85,3.48,2.46,1.03,0.06,1.57,0.52,1.85,,4.76,2.95,2.50,2.11,3.13,2.07,0.83,1.27,0.17,0.86,0.07,0,0.40,0.03,,0.40,0.75,0.50,0.27,0.65,2.26,3.30,0.75,0.94,0.16,0.30,,7,-3.60,7.50,6.10,6.90,,,,,,,3.40,7.10,,3.50,7.10,4,4.22,,,,,,,,3.20,3.10,1.10,2.10,0.50,,,,,1.40,,1.60,1,1.30,1.20,0.50,,,0.70,,,0.80,,,1,1.40,0.50,2.70,0.80,0.80,
2008-12-11 09:00,9.50,9.66,6.74,7.42,4.80,5.36,6.75,8.70,6.09,7.02,7.62,3.81,4.09,7.62,6.26,5.52,1.23,0.40,1.60,6.03,3.13,4.71,1.66,,7.61,4.06,6.27,5.69,6.10,5.30,5.62,7.15,-1.16,2.90,3.75,3.86,5.66,3.97,0.98,1.91,3.30,1.89,2.51,4.52,2.10,5.73,4.70,5.12,1.37,1.59,0.50,7.99,6.77,7.62,5.01,6.31,6.83,5.70,7.52,3.64,5.29,5.60,4.48,1.30,4.65,3.47,0.18,0.91,0.50,-0.33,0.84,0.60,2.54,3.05,4.97,2.44,4.20,6.43,6.10,4.84,5.26,5,2.97,4.11,3.23,5.34,2.55,3.60,5,2.87,2.15,5.02,6.04,6.50,5.98,6.87,3.07,3.51,2.53,1.27,0.04,1.68,0.67,1.99,2.34,5.13,3.03,2.60,1.81,3.45,2.24,0.82,1.30,0.19,0.85,0.16,0.10,0.38,0.03,,0.50,0.88,0.60,0.40,0.67,2.43,3.40,0.76,0.76,0.26,0.40,8.50,7.10,-3.20,7.50,6.30,7,1.60,2,-3.60,5,4.70,6.60,3.50,7.90,3.50,4.10,7.50,4.40,3.70,0.90,0.40,2.30,2.30,4.20,3.10,4,3.40,3.90,1.70,2.60,0.70,1.20,0.60,2,2.30,1.40,3.70,1.60,1,1.50,1.30,0.60,,0.70,0.70,0.90,1.50,0.90,1.20,0.80,1.10,1.40,0.50,2.90,0.90,0.90,-0.20
2008-12-11 09:10,9.50,10.15,7.27,7.74,5.02,5.36,6.83,8.50,6.15,7.06,7.86,4.16,4.27,7.80,6.48,5.51,1.44,0.48,1.80,5.86,3.06,4.58,1.47,,7.58,4.66,6.10,5.73,6.41,5.40,5.66,7.86,-1.37,3.08,3.88,3.82,5.56,4.09,0.84,2.02,3,1.90,2.58,4.62,2.20,5.93,4.30,5.30,1.52,1.69,1.39,8,6.79,7.78,4.93,6.49,6.95,5.80,7.74,3.89,5.15,5.80,4.67,1.24,5,3.47,0.20,0.93,0.50,-0.43,0.78,0.64,2.50,3.23,5.13,2.71,4.10,6.35,6.19,5.29,5.50,5.10,3.23,4.28,3.95,5.80,2.70,3.80,5.01,3.15,2.19,5.30,5.69,6.70,6.24,6.80,3.18,3.50,2.52,1.51,0.03,1.77,0.58,1.84,2.32,5.66,2.99,2.70,2.06,3.49,2.41,0.69,1.40,0.25,0.94,0.26,0,0.41,0.08,,0.60,0.87,0.64,0.53,0.65,2.44,3.50,0.75,0.72,0.42,0.50,,7.40,-3.50,7.60,6.20,7.20,,,,,,,3.70,8.50,,4.20,7.70,4.60,4.19,,,,,,,,3.60,4,2.30,2.90,0.80,,,,,1.50,,1.70,1.20,1.50,1.30,0.60,,,0.70,,,0.90,,,1.10,1.50,0.60,2.90,1,1,
2008-12-11 09:20,9.70,10.61,7.70,7.91,4.92,5.65,6.85,8.60,6.04,7.22,8.13,4.28,4.50,8.16,6.67,5.77,1.73,0.03,1.80,6.15,3.26,4.81,1.49,,7.86,5.37,6.11,5.49,6.61,5.30,5.69,7.75,-1.34,3.20,3.83,3.78,5.74,4.05,1.13,2.49,2.60,1.76,2.57,4.61,2.80,6.31,4.10,5.41,1.89,1.81,1.93,8.13,6.83,7.86,4.99,6.59,6.95,5.90,7.63,4,5.29,6,4.87,1.17,5.58,3.43,0.23,0.87,0.40,-0.13,0.86,0.69,2.50,3.67,5.18,2.96,4.20,6.49,6.27,5.59,5.88,5,3.96,4.94,4.81,6.03,2.82,4.40,5.19,3.60,2.55,5.63,5.58,7.10,6.81,6.87,3.23,3.56,2.62,1.79,0.16,2.01,0.62,1.74,2.37,5.99,3.36,2.90,2.98,3.82,2.65,0.69,1.52,0.24,1.05,0.26,0.10,0.46,0.16,,0.60,1.12,0.66,0.33,0.64,2.53,3.40,0.77,0.98,0.48,0.60,,7.70,-4.20,7.50,6.10,7.30,,,,,,,3.90,8.70,,4.30,7.70,4.70,4.27,,,,,,,,3.80,4,2.60,3,1,,,,,1.60,,1.70,1.30,1.60,1.40,,,,0.70,,,1,,,1.20,1.60,0.70,3,1,1,
2008-12-11 09:30,10,10.96,8.10,7.79,4.69,5.69,6.92,8.60,5.57,7.33,8,4.30,4.68,7.92,6.64,6.07,1.92,0.65,2.40,6.49,3.41,5.28,1.75,,7.93,5.47,6.20,5.52,6.65,5.30,5.95,8.02,-1.36,3.18,3.79,3.97,5.83,4.36,1.67,2.87,2.50,1.65,2.63,4.55,,,3.70,5.39,2.02,1.92,2.76,8.28,6.81,7.95,4.91,6.79,7.17,6.10,7.79,4.06,5.31,6.20,5.07,1.36,5.83,3.33,0.18,0.85,0.40,-0.22,0.98,0.67,2.56,4.09,5.29,3.17,4.40,6.69,6.32,5.50,6.43,4.80,4.51,6.02,5.57,5.87,3.27,5,5.43,4.18,2.51,5.96,6.01,7.50,7.09,7.13,3.36,3.15,2.50,1.84,0.48,2.13,0.62,1.77,2.50,6.12,3.54,3,3.56,4.07,2.84,0.76,1.56,0.26,1.07,0.31,0.20,0.42,0.18,,0.60,1.01,0.74,0.34,0.70,2.71,3.40,0.84,0.96,0.60,0.60,,8,-3.80,7.40,6.10,7.40,,,,,,,4,9,,4.50,7.70,4.80,4.54,,,,,,,,4,4,2.90,3.10,1.10,,,,,1.60,,1.80,1.70,1.70,1.40,0.70,,,0.80,,,1.10,,,1.20,1.60,0.80,3.10,1.10,1,
2008-12-11 09:40,10,10.91,8.22,7.78,5.26,5.72,7.26,9.30,5.54,7.34,7.86,4.30,4.67,7.74,6.68,6.02,2.43,0.70,3,6.37,3.32,5.74,1.92,,7.87,5.43,6.77,5.78,6.69,5.50,6.15,8.26,-1.08,3.39,3.96,4.22,5.90,4.59,3.04,3.32,2.60,1.70,2.69,4.70,3.40,,3.50,5.20,2.22,2.09,3.19,8.32,6.71,8.04,4.77,6.84,7.49,6.20,8.30,4.18,5.38,6.40,5.04,1.29,5.72,3.48,0.23,0.96,0.50,-0.18,1.18,0.76,2.51,4.01,5.33,3.37,4.60,6.74,6.51,5.62,6.98,4.70,4.43,6.66,5.86,5.80,3.64,5.50,5.73,4.72,2.39,6.39,5.82,7.50,7.27,7.17,3.34,2.96,2.35,1.73,0.69,2.12,0.61,1.80,2.57,6.28,3.69,3.10,3.80,4.32,3,0.78,1.65,0.22,1.05,0.31,0.20,0.48,0.25,,0.70,1.07,0.74,0.60,0.59,2.82,3.20,0.88,0.86,0.63,0.60,,8.10,-3.70,7,6.20,7.50,,,,,,,4.20,8.40,,4.70,7.70,5,4.45,,,,,,,,4,4.50,3.50,3.40,1.20,,,,,1.70,,1.90,2.10,1.80,1.50,0.70,,,0.80,,,1.20,,,1.30,1.60,0.90,3.10,1.20,1,
2008-12-11 09:50,10.40,10.68,8.07,8.04,5.49,5.53,7.44,10.20,5.94,,7.93,4.74,4.80,7.51,6.71,5.87,2.41,0.94,3,3.97,3.32,6.15,2.13,,8.08,6.18,7.04,5.50,6.63,5.40,6.08,7.87,-0.83,3.46,4.23,4.47,5.81,4.72,5.26,4,2.40,1.54,2.77,4.80,4.40,,3.30,5,2.55,2.16,3.38,8.15,7.02,8.20,4.57,7.15,7.67,6.40,8.44,4.58,5.85,6.70,5.05,1.05,5.76,3.51,0.18,0.93,0.50,-0.09,1.12,0.73,2.47,4.28,5.33,3.66,4.60,6.80,6.90,5.97,7.63,5,4.81,7.11,5.56,6.02,3.78,5.90,6.05,4.76,2.72,6.80,6.01,7.70,7.24,7.32,3.54,2.89,2.39,1.74,1.14,2.15,0.64,1.86,2.51,6.33,3.85,3.30,4.13,4.65,3.34,0.83,1.71,0.33,1.20,0.36,0.30,0.59,0.20,,0.80,1.12,0.76,1.10,0.63,2.92,3.10,0.97,0.80,0.65,0.60,,8.20,-3.30,7,6.30,7.60,,,,,,,4.40,9.10,,4.90,7.70,5,4.07,,,,,,,,4.10,4.60,4.70,3.50,1.40,,,,,1.80,,2.10,2.20,2,1.50,0.80,,,0.80,,,1.60,,,1.40,1.60,1.10,3,1.20,1.10,
2008-12-11 10:00,10.60,10.74,8.40,8.16,5.48,5.42,7.86,10.60,6.36,7.68,7.93,5.02,4.73,7.25,6.70,6.13,2.73,1.04,3.10,2.92,3.56,5.41,2.31,,8.30,6.96,7.20,5.43,6.61,5.10,5.98,7.52,-0.65,3.51,4.42,4.58,5.90,4.84,7.46,4.23,2.30,1.05,2.71,5.08,4.60,,3.50,4.87,2.36,2.26,3.53,8.30,6.97,8.34,4.54,7.47,7.80,6.50,8.52,5.14,5.90,6.70,5.03,1.07,5.66,3.53,0.33,1.22,0.40,0,1.24,0.86,2.44,4.33,5.30,3.85,4.80,6.94,7.10,5.97,7.99,5.30,5.13,7.44,5.75,6.03,4.01,6.10,6.38,4.89,2.85,6.95,6.02,8,7.40,7.82,3.57,3.02,2.44,1.75,1.19,2.41,0.62,1.88,2.57,6.63,4.02,3.80,4.66,4.71,3.90,1.18,1.63,0.25,1.31,0.46,0.40,0.63,0.29,,0.70,1.27,0.75,1.40,0.54,3.02,3,0.98,0.82,0.93,0.70,10.50,8.30,-3.50,7.30,6.40,7.70,2.40,1.80,-3.30,5.90,5.80,9.70,4.80,9.30,5.70,5.60,7.80,5.40,3.40,1.80,0.70,2.60,2.50,4.50,3.70,5.10,4.20,4.60,5.30,3.80,1.90,1.20,0.80,2.20,2.70,2,4.90,2.40,2.60,2,1.60,1,0.40,0.80,0.90,1.20,2.50,1.70,1.60,1.20,1.50,1.60,1.10,2.90,1.40,1.10,0.20
2008-12-11 10:10,10.80,10.93,8.55,8.68,5.50,5.50,7.46,10.90,6.37,7.69,7.92,5.15,4.72,7.60,6.73,5.93,2.57,0.82,3,3.28,3.70,5.01,2.53,,8.39,6.86,7.15,5.48,6.69,5.10,6.14,7.45,-0.24,3.70,4.52,4.73,6.14,4.88,6.60,4.67,2.20,1.09,2.82,5.30,5.80,6.62,3.50,4.94,2.05,2.40,3.71,8.71,6.99,8.32,4.69,7.95,7.75,6.60,8.46,5.56,6.01,6.90,4.98,1.14,5.72,3.67,0.21,1.93,0.70,0.12,1.15,0.83,2.56,4.55,5.37,4.30,5.20,7.09,7.21,6.07,8.37,5.63,5.19,8.24,6.37,5.93,4.23,6.40,6.91,4.84,3.27,6.97,6.39,8,7.65,8.15,3.62,,2.53,1.97,0.86,2.48,0.63,1.90,,6.76,4.37,4.20,5.10,4.55,4.07,1.19,1.75,0.36,1.42,0.58,0.40,0.73,0.36,,0.80,1.40,0.78,1.50,0.79,3.14,2.90,1.08,1.06,0.89,0.80,,7.80,-3.70,7.80,6.60,7.80,,,,,,,5.60,9.30,,5.60,7.90,6,3.73,,,,,,,,4.50,4.50,5.60,3.90,2,,,,,2.10,,2.70,2.80,2,1.60,1,,,0.90,,,1.70,,,1.60,1.70,1.20,2.90,1.40,1.20,
2008-12-11 10:20,10.70,11.02,8.80,8.96,5.50,5.65,7.76,11,6.21,7.97,7.96,5.34,4.56,7.96,6.74,6.01,2.40,0.98,3,5.08,3.67,5.32,2.45,,8.48,6.71,7.28,5.38,6.96,4.80,6.26,7.37,0.07,3.94,4.68,4.70,6.31,4.95,5.76,5.06,2.20,1.16,2.96,5.62,6.60,6.75,3.90,5.08,2.31,2.51,3.65,9.06,7.20,8.31,4.95,8.12,8.01,6.60,8.40,5.84,6.17,7,4.93,1.19,5.86,3.71,0.37,2.62,0.50,0.11,1.19,0.84,2.67,4.56,5.72,4.55,5.30,7.70,7.05,6.32,8.63,5.77,5.22,8.43,6.73,6.06,4.42,6.20,7.23,5.14,3.33,7.04,6.69,8,7.93,8.28,3.79,3.50,2.44,2.17,0.86,2.72,0.80,2.06,,6.72,4.62,4.50,5.20,4.56,4.45,1.19,1.75,0.26,1.29,0.72,0.50,0.84,0.40,,0.90,1.54,0.92,1.59,0.67,3.17,2.80,1.08,0.94,0.98,0.80,,7.80,-3.40,7.70,6.60,7.70,,,,,,,6,9.50,,5.70,8.10,6.30,3.81,,,,,,,,4.60,4.80,4.60,3.80,2.20,,,,,2.20,,2.90,2.70,2.10,1.60,1.10,,,0.90,,,1.70,,,1.60,1.90,1.30,2.80,1.70,1.30,
2008-12-11 10:30,10.80,11.12,8.92,9.05,5.70,6.07,8.20,11.20,6.30,8.04,8.10,5.67,4.20,8.04,6.77,6.18,2.47,0.92,2.80,6,3.63,5.53,2.52,,8.36,6.78,7.27,5.18,7.22,5.10,6.18,7.26,0.08,4.18,4.79,4.90,6.59,5.21,6.89,5.21,2.30,1.46,2.84,5.90,6.50,7.05,4.20,5.14,2.17,2.82,3.51,9.26,7.21,8.45,5.18,8.28,8.03,6.60,8.15,6.09,6.12,7.10,5.12,1.19,5.89,3.77,0.30,2.33,0.40,0.51,1.27,0.94,2.65,4.86,5.81,5.01,5.70,8.41,7.20,6.74,8.92,6.40,4.94,8.69,6.97,6.38,4.60,6.40,7.49,5.30,3.20,7.30,7.05,7.90,8.38,8.50,3.98,3.76,2.44,2.08,0.82,3.14,0.82,2.25,,6.89,4.78,4.80,5.23,4.33,4.71,1.21,1.75,0.30,1.46,0.68,0.60,0.90,0.47,,1,1.61,0.97,1.54,0.59,3.20,2.70,1.13,0.93,1.11,0.80,,7.80,-3.40,7.70,6.20,7.60,,,,,,,6,10.30,,6,8.70,6.30,3.93,,,,,,,,4.60,4.60,4.50,4,2.50,,,,,2.30,,3.30,3,2.10,1.60,1.10,,,1,,,1.70,,,1.60,2,1.60,2.80,1.70,1.30,
2008-12-11 10:40,10.70,11.36,8.87,9.31,5.60,6.52,8.33,11.30,6.02,8.05,8.07,6.08,3.89,8.51,6.88,6.21,2.61,1.01,2.70,7.58,3.56,5.66,2.66,,8.23,6.81,7.29,5.13,7.23,5.40,6.03,7.33,0.10,4.21,4.85,5.19,6.54,5.34,7.94,5.17,2.60,2.01,2.87,5.79,6.80,6.93,4.80,5.11,2.26,3.04,3.55,9.76,7.06,8.60,5.42,8.35,8.17,6.70,8.18,6.58,6.22,7.30,5.25,1.30,5.91,3.86,0.29,1.90,0.40,0.55,1.25,1,2.76,4.90,5.94,5.42,7.50,8.76,7.20,6.84,9.04,6.90,5.12,8.52,7.17,6.47,4.80,6.80,7.62,5.50,3.53,7.49,7.28,8.10,8.81,8.48,4.18,4.18,2.73,2.06,0.83,3.59,0.84,2.43,,6.76,4.89,4.80,5.38,4.51,4.60,1.33,1.82,0.30,1.52,0.72,0.70,0.95,0.48,,1.10,1.74,1.01,1.35,0.76,3.32,2.80,1.22,1.17,1.31,0.80,,7.80,-3.20,7.80,6,7.70,,,,,,,6.70,10.30,,6.10,9,6.70,4.17,,,,,,,,4.50,4.80,4.80,4.20,2.60,,,,,2.40,,3.30,3.30,2.20,1.70,,,,1,,,1.90,,,1.60,2,1.60,2.80,1.50,1.30,
2008-12-11 10:50,10.50,11.50,8.80,9.49,5.40,6.71,8.53,11.30,5.81,,8.15,6.40,4.05,9.11,7.09,6.23,2.67,1.18,2.80,7.14,3.50,5.48,2.81,,8.02,6.79,7.33,5.18,7.26,5,6.01,7.36,0.39,4.40,5.14,5.34,6.61,5.47,7.99,5.38,2.50,1.88,2.70,5.87,7,7.06,4.40,5.09,2.25,3.26,3.36,9.52,6.91,8.72,5.62,8.28,8.13,6.70,8.34,6.91,6.18,7.40,5.39,1.48,6.03,4.15,0.37,1.67,0.50,0.75,1.29,1.10,2.80,5.05,6.14,5.70,8.40,9.10,7.10,6.68,9.12,7.10,4.70,7.70,6.96,6.36,5.01,6.90,7.51,5.48,3.60,7.76,7.47,8.40,9.18,8.55,4.56,4.44,3,2.07,0.88,3.75,1.02,2.11,,6.83,5.10,4.90,5.35,4.54,4.67,1.47,1.93,0.34,1.70,0.76,0.80,0.96,0.61,,1.30,1.69,0.94,1.39,0.84,3.42,2.70,1.21,1.27,1.36,0.80,,7.90,-3,7.80,5.80,8.10,,,,,,,7.10,10.60,,5.90,8.90,6.70,4.51,,,,,,,,4.40,5.40,5.10,3.90,2.30,,,,,2.40,,3.90,3.60,2.30,1.70,1.20,,,1.20,,,1.90,,,1.70,2.10,1.60,2.80,1.40,1.40,
2008-12-11 11:00,10.50,11.76,8.95,9.64,5.70,7.16,8.76,11.20,5.96,8.75,8.46,6.35,3.76,9.54,7.06,6.25,2.65,1.12,2.80,7.06,3.50,5.78,4.03,,8.05,6.75,7.43,5.21,7.40,4.70,6.14,7.51,1.20,4.69,5.35,5.43,6.65,5.50,4.45,5.34,2.50,1.49,2.47,5.94,7.80,7.08,4.40,5.06,2.28,3.46,3.02,9.24,6.88,8.73,6.05,8.28,8.32,6.90,8.60,7.29,6.26,8.10,5.48,1.53,6.23,4.34,0.47,1.47,0.50,0.60,1.44,1.04,2.71,5.61,6.39,5.68,8.60,9.02,7.20,7.04,9.33,7.50,4.50,7.25,6.61,6.18,5.10,7.10,7.62,5.74,3.77,7.76,7.55,8.50,9.39,8.63,4.76,4.92,2.91,2.08,1.10,3.67,1.24,2.18,,6.82,5.32,5.30,5.43,4.68,5.27,1.72,1.90,0.32,1.63,0.86,0.90,0.98,0.67,,1.40,1.70,1.18,1.56,0.69,3.32,2.70,1.35,1.24,1.27,0.90,11.50,7.90,-2.80,7.80,5.90,8.20,2.80,2,-2.90,6.90,6.70,9.10,7.50,10.10,6.30,6.10,8.70,6.50,5.10,1.80,1,2.80,2.70,5.30,5.30,5.80,4.40,5.80,5.50,3.60,3.10,1.20,1.20,2.20,3,2.50,5.60,4.10,3.50,2.30,1.80,1.30,,0.90,1.30,1.70,3.90,2,1.80,1.40,1.70,2.20,1.60,2.90,1.40,1.50,0.60
2008-12-11 11:10,11.10,11.83,9.04,9.75,6,7.80,8.98,11.50,6.01,8.86,8.39,6.06,3.53,9.42,7.05,6.54,2.85,1.15,2.90,6.75,3.65,5.53,7.35,,8.21,7.03,7.33,5.36,7.44,4.70,6.26,7.66,1.62,4.79,5.36,5.58,6.70,5.68,3.94,5.54,2.40,1.67,2.23,5.88,7.90,7.08,4.50,5.14,2.24,3.57,2.75,9.22,6.79,8.99,6.19,8.56,8.54,6.90,8.96,7.92,6.52,8.20,5.69,1.54,6.83,4.35,0.50,1.39,0.40,0.38,1.44,1.25,2.77,5.70,6.48,5.38,8.60,8.80,7,7.39,9.34,7.80,4.94,7.44,6.40,6.40,5.55,7.10,7.49,5.85,3.91,7.74,7.62,8.70,9.43,8.37,4.64,5.32,3.20,2.06,1.40,3.63,1.22,2.06,,6.88,5.44,5.80,5.83,4.74,4.98,2.10,1.93,0.33,1.60,1.04,1,1.01,0.68,,1.50,1.87,1.27,1.50,0.55,3,2.60,1.28,1.30,1.36,0.90,,8,-2.70,7.90,6.20,8.90,,,,,,,7.20,10,,6.20,8.70,6.60,5.82,,,,,,,,4.50,5.90,6.30,3.70,3.10,,,,,2.60,,4,3.80,2.30,1.70,1.30,,,1.30,,,2.10,,,1.70,2.20,1.60,2.90,1.30,1.60,
2008-12-11 11:20,11.20,12.04,8.90,10,6.20,8.28,9.13,11.10,6.23,8.74,8.42,5.86,3.63,8.93,7.16,6.58,3.32,1.31,2.80,6.73,3.73,5.93,7.75,,8.24,7.19,7.34,5.48,7.33,4.50,6.34,8.23,1.83,4.73,5.55,5.70,6.89,5.61,7.10,5.38,1.90,1.37,2.10,5.88,7.80,6.80,4.80,5.22,2.16,3.63,2.97,9.84,7.18,9.35,6.51,8.72,8.74,7,9.42,8.93,6.99,8.50,5.70,1.84,7.09,4.61,0.44,1.45,0.40,0.32,1.45,1.36,2.75,5.80,6.33,5.46,8.50,8.68,7.10,7.44,9.12,8.10,5.32,6.65,6.65,6.71,5.80,7.10,7.37,6.09,4.10,7.73,7.69,8.80,9.59,8.36,4.55,5.30,3.84,2.06,1.75,3.58,1.37,2.18,,7.05,5.84,6,6.19,4.80,5.06,2.27,2,0.34,1.77,1.12,1.10,1.03,0.77,,1.60,1.85,1.36,1.50,0.61,2.86,2.40,1.31,1.46,1.56,0.90,,7.90,-2.80,7.90,6.40,9,,,,,,,7.50,10.10,,6.30,8.60,5.70,6.91,,,,,,,,4.60,5.90,7.10,3.90,3.30,,,,,2.70,,4.10,3.90,2.30,1.80,1.30,,,1.40,,,2.10,,,1.80,2.20,1.60,2.90,1.30,1.60,
2008-12-11 11:30,11.40,11.88,8.91,9.78,6.20,8.33,9.12,10.60,6.11,8.49,8.48,5.47,3.76,9.06,7.29,6.66,2.99,1.91,3,6.69,3.70,5.85,5.24,,8.18,7.12,7.34,5.73,7.24,4.40,6.34,8.68,1.98,4.91,5.50,5.49,6.92,5.60,7.77,5.47,1.90,0.78,2.22,5.93,,6.92,4.60,5.27,2.25,3.69,3.08,9.65,7.62,9.77,7.02,8.86,8.91,7.20,9.78,9.51,7.03,8.60,5.80,1.94,7.33,4.64,0.36,1.77,0.40,0.09,1.52,1.52,2.89,5.80,6.24,5.80,8.60,8.50,7.20,7.64,8.67,8.60,5.77,5.90,6.89,6.62,6.03,7.10,7.85,6.25,4.04,7.85,7.66,8.80,9.27,8.62,4.33,4.90,4.45,2.10,2.11,3.73,1.42,2.17,,7.14,5.83,5.60,6.39,4.76,5.14,2,1.83,0.24,1.88,1.16,1.20,1.13,0.92,,1.50,1.79,1.43,1.70,0.64,2.78,2.40,1.40,1.61,1.59,0.90,,8,-2.50,8,6.50,8.90,,,,,,,7.40,9.50,,6.50,8.60,5.80,8.17,,,,,,,,4.80,6.40,7.40,4,3.40,,,,,2.70,,4.10,4.10,2.30,1.80,1.20,,,1.50,,,2.20,,,1.70,2.30,1.50,2.80,1.40,1.60,
2008-12-11 11:40,11.30,11.82,8.90,9.63,5.60,8.25,9.21,10.30,5.75,8.45,8.48,5.09,3.46,9.42,7.31,6.49,2.68,1.94,2.90,6.74,3.26,5.76,3.81,,8.10,7.14,7.26,6.03,7.15,4.60,5.74,8.55,1.61,4.89,5.44,5.53,6.97,5.68,7.65,5.78,2.30,0.40,2.38,6.10,6.50,6.86,4.70,5.45,2.30,3.61,3.51,9.24,8.26,9.77,7.28,8.94,9.10,7.30,9.83,9.77,6.98,8.30,5.78,1.68,7.53,4.39,0.55,2,0.40,0.12,1.64,1.56,2.95,5.47,6.27,5.96,9,8.58,7.50,7.54,8.75,9.10,5.92,5.68,7.09,6.86,5.93,7.20,8.18,6.37,4.09,7.79,7.61,8.40,8.90,8.84,4.11,4.93,4.61,2.05,2.17,3.75,1.45,2.17,,7.19,5.89,5.10,6.36,4.88,5.22,1.99,1.81,0.31,1.96,1.12,1.20,1.24,0.94,,1.50,1.74,1.39,1.54,0.80,2.72,2.30,1.40,1.34,1.86,0.90,,8.30,-2.60,8,6.50,9,,,,,,,7.20,9.40,,7,8.60,5.70,9.27,,,,,,,,4.90,6.30,7.60,4.30,3.40,,,,,2.80,,4,4.10,2.30,1.80,1.30,,,1.60,,,2.20,,,1.80,2.30,1.60,2.90,1.50,1.60,
2008-12-11 11:50,11.10,11.73,8.79,9.31,5.50,8.26,9.09,10.20,5.64,8.74,8.45,5.05,3.38,9.59,7.31,6.15,2.58,2.32,2.90,6.32,3.32,5.45,3.30,,8.15,7.17,7.44,6.21,7.18,4.80,5.49,8.48,1.37,4.82,5.35,5.55,7.06,5.91,7.05,5.89,1.80,0.74,2.53,6.04,7.20,6.72,4.50,5.66,2.23,3.62,4.36,8.87,8.44,9.84,7.38,9.14,9.14,7.30,9.86,9.81,6.85,7.80,5.63,1.74,7.32,4.34,0.58,2.80,0.40,0.07,1.64,1.61,3.06,5.55,6.07,6.03,9.10,8.36,7.50,7.69,8.87,9.10,6.16,6.03,7.41,7.09,5.93,7.30,8.13,6.52,4.04,7.56,7.73,8.30,8.91,8.80,3.97,4.99,4.56,2.13,2.19,3.86,1.48,2.20,,7.23,5.99,5.10,6.42,5.07,5.06,2.11,1.87,0.29,2,1.20,1.20,1.31,0.94,,1.50,1.83,1.51,1.86,0.92,2.71,2.40,1.49,1.48,1.82,1,,8.20,-3,8,6.40,9.30,,,,,,,7.20,8.90,,7.10,8.60,5.80,9.61,,,,,,,,5,6.70,7.60,4.50,3.20,,,,,2.80,,4,4.20,2.40,1.80,1.30,,,1.60,,,2.10,,,1.70,2.40,1.60,2.90,1.70,1.70,
2008-12-11 12:00,11.40,11.15,8.59,9.16,5.50,8.14,8.49,10.20,5.95,8.97,8.14,4.97,3.25,9.38,7.49,5.98,2.80,2.45,2.90,6.04,3.97,5.70,3.31,,8.15,7.07,7.26,6.35,7.26,5.20,5.87,8.50,1.23,4.82,5.46,5.81,7.20,5.72,7.50,5.74,1.80,1.25,2.70,6.02,7.40,6.57,4.40,5.73,2.36,3.95,4.54,9.04,8.24,10,7.44,9.20,9.12,7.20,9.71,9.75,6.95,7.80,5.70,1.78,7.18,4.43,0.48,3.16,0.40,0.09,1.58,1.70,3.25,5.31,6.27,6.23,9.20,8.35,7.70,7.82,8.76,8.50,6.40,5.90,7.07,7.10,6.14,7.20,7.89,6.44,4.14,7.65,7.86,8.30,9.44,8.70,3.92,5.20,4.65,2.21,2.23,4.15,1.49,2.15,2.82,7.21,5.99,5,6.50,5.33,4.79,2.06,1.97,0.40,1.98,1.32,1.50,1.39,0.98,,1.50,1.89,1.37,1.96,0.71,3,2.30,1.51,1.80,2,1,9.90,8.30,-2.90,8.10,6.50,9.40,4.50,2,-3,6.30,7.30,10.50,6.90,9.40,6.10,6.70,8.60,5.80,10,2.50,1.40,3,2.90,5.90,5.70,6.30,5.20,6.80,7.60,4.70,3.10,1.40,1.40,2.40,3.30,2.90,6.20,4.10,4.30,2.40,1.90,1.40,0.60,0.60,1.80,2.20,3.10,2.20,1.80,1.70,1.70,2.40,1.70,3,1.90,1.70,1
2008-12-11 12:10,11.50,11.23,8.53,9.15,5.65,7.75,8.01,10.30,6.13,8.85,8.03,5.04,2.96,9.37,7.60,6.16,2.64,2.04,3,6.25,4.32,4.87,6.08,,8.06,7.01,7.37,6.36,7.14,5.10,6.02,8.70,1.50,4.86,5.61,5.74,7.11,5.57,7.60,5.80,2.60,1.80,3.10,5.95,6.10,6.49,4.50,5.72,2.53,4.09,4.42,8.98,8.16,9.95,7.13,9.22,9.13,7.30,9.74,9.66,6.93,7.90,5.69,2.10,7.01,4.61,0.57,3.35,0.60,0.04,1.68,1.75,3.37,5.27,6.47,6.14,9.40,8.19,8.70,7.67,8.62,7.85,6.36,6.36,6.71,7.18,6.28,7.10,7.89,6.51,4.04,7.89,8.10,8.40,9.38,8.37,3.85,5.40,4.54,2.24,2.25,4.40,1.63,2.31,2.83,6.94,5.94,5.20,6.56,5.47,4.69,2.09,2.03,0.30,1.97,1.37,1.40,1.48,1.07,,1.70,1.97,1.36,2.01,0.95,2.76,2.20,1.50,1.56,2.04,1,,7.90,-2.70,8.10,6.70,9.50,,,,,,,6.40,9.40,,6.70,8.60,5.80,8.53,,,,,,,,5.30,7.10,7.60,4.80,3.20,,,,,3,,4.10,4.20,2.40,1.90,1.40,,,1.80,,,2.20,,,1.80,2.50,1.70,3,1.80,1.70,
2008-12-11 12:20,11.20,11.44,8.40,9.30,6.12,7.10,7.71,10.20,5.76,8.65,6.93,4.73,3.53,9.91,7.79,6.26,2.78,2.09,2.90,7.73,4.38,4.96,7.30,,8.20,6.82,7.45,6.42,7.15,5.10,6.57,8.69,1.81,4.78,5.69,5.57,7.08,5.63,7.19,5.78,3.30,2.23,3.44,5.93,6.70,6.64,4.70,5.50,2.79,4.11,4.14,9.05,7.75,9.92,6.55,9.36,9.11,7.40,9.46,9.64,6.82,7.90,5.64,2.10,6.76,4.63,0.47,3.37,0.70,0.02,1.60,1.78,3.65,5.20,6.53,6.32,9.40,8.18,8.80,7.74,8.59,7.65,6.27,6.01,6.73,7.30,6.38,7.20,7.72,6.60,4.18,8.04,7.97,8.40,9.22,8.09,3.69,5.54,4.37,2.43,2.29,4.76,1.63,2.46,2.88,6.82,6.08,5.20,6.56,5.75,4.66,2.16,2.04,0.25,2.08,1.32,1.40,1.53,1.12,,1.80,1.93,1.35,2.07,0.97,2.74,2.10,1.58,1.65,2.20,1.20,,8,-2.20,8.20,6.60,9.40,,,,,,,6.20,9.10,,6.90,8.50,5.90,7.62,,,,,,,,5.40,7.30,7.50,4.80,3.10,,,,,3.10,,4,3.70,2.50,1.90,1.40,,,1.90,,,2.20,,,1.80,2.60,1.70,3,1.70,1.80,
2008-12-11 12:30,10.90,11.62,8.15,9.56,6.20,7.07,7.43,10,5.49,,6.63,4.63,3.92,10.34,7.85,6.35,2.85,2.04,2.70,7.83,4.46,5.43,6.10,,8.07,6.67,7.51,6.42,7.13,5.50,6.02,8.62,2.15,4.96,5.66,5.62,6.95,5.86,6.72,5.78,3.20,2.40,3.89,6.05,7.50,6.61,4.60,5.36,2.64,4.23,3.85,8.88,7.36,9.83,6.02,9.37,9.01,7.40,9.15,9.48,6.57,7.70,5.48,2.30,6.38,4.55,0.50,3.40,0.90,0.13,1.57,1.74,3.75,5.11,6.48,6.18,9.50,8.24,8.90,7.82,8.67,7.71,6.43,5.10,6.57,7.25,6.17,6.90,7.45,6.62,4.17,7.86,7.70,8.40,9.02,8.04,3.77,5.60,4.51,2.58,2.03,4.22,1.48,2.33,3.03,6.55,6.11,5.10,6.44,5.93,4.70,2.25,2.02,0.36,1.97,1.34,1.40,1.52,1.24,,1.80,2.22,1.28,2.04,0.97,2.71,2.10,1.62,1.67,2.01,1.30,,8.10,-1.90,8.30,6.40,9.30,,,,,,,6.10,9.20,,7,8.40,4.90,7.50,,,,,,,,5.30,7,7.30,4.60,2.90,,,,,3.10,,4,3.70,2.40,1.90,1.50,,,2,,,2.40,,,1.80,2.60,1.80,3,1.80,1.90,
2008-12-11 12:40,10.80,11.44,8.34,9.73,6.30,7.02,7.40,10.30,5.27,,6.41,4.71,4.30,9.98,7.58,6.26,2.85,2.16,2.60,7.95,4.65,5.51,5.03,,8.24,6.57,7.35,6.45,7.12,5.90,6.39,8.49,2.11,5.22,5.64,5.81,7.08,5.89,5.92,5.86,3.40,2.48,4.16,6.29,7.70,6.58,4.40,5.23,,4.29,3.69,8.86,7,9.55,5.59,9.28,8.82,7.40,8.99,8.94,6.45,7.70,5.39,2.42,6.13,4.63,0.60,2.96,1,0.05,1.57,1.76,3.70,4.96,6.34,6.06,9.70,8.37,8.70,7.77,8.61,7.78,6.15,4.81,6.35,7.06,6.24,6.90,7.48,6.41,4.01,7.93,7.44,8.30,8.89,7.81,3.85,5.58,4.74,2.67,1.86,3.66,1.52,2.50,2.89,6.26,6.18,4.90,6.39,5.69,4.62,2.19,2.10,0.41,2.05,1.36,1.40,1.50,1.40,,1.80,2.32,1.35,2.27,0.80,2.76,2.20,1.78,1.68,2.06,1.30,,8.40,-1.70,8.30,6.40,9.20,,,,,,,5.90,9,,7,,5.30,7.57,,,,,,,,5.40,6.70,7.30,4.40,2.90,,,,,3.10,,4,3.60,2.40,1.90,1.50,,,2.10,,,2.50,,,1.80,2.70,1.90,3,1.70,2,
2008-12-11 12:50,10.80,11.50,8.72,9.82,5.90,6.78,7.29,10.60,5.10,,6.41,4.81,4.43,9.76,7.44,6.26,2.99,2.02,2.50,8.19,4.54,5.37,5.73,,8.29,6.60,7.43,6.74,6.93,6.10,5.50,8.37,2.13,5,5.71,6.15,7.19,6.01,5.27,5.71,3.60,2.45,4.10,6.40,6.50,6.47,4.40,5.22,2.61,4.18,3.56,8.83,6.80,9.27,5.40,9.05,8.60,7.20,8.88,8.43,5.52,7.80,5.28,2.23,5.54,4.53,0.43,2.27,1,0.17,1.46,1.73,3.65,4.96,6.33,5.71,9.70,8.28,8.60,7.71,8.68,7.93,6,4.98,6.20,7.17,6.52,7.20,7.49,5.98,3.97,7.91,7.21,8.20,8.64,7.44,3.60,5.35,4.53,2.62,1.70,3.36,1.50,2.53,2.86,6.19,5.92,5,6.17,5.49,4.56,2.15,2.12,0.38,2,1.41,1.40,1.53,1.51,,1.80,2.45,1.36,2.23,0.73,2.86,2.40,1.77,1.79,2.03,1.30,,8.60,-1.80,8.10,6.10,9.10,,,,,,,5.90,8.90,,7,8.20,5.70,7.22,,,,,,,,5.40,6.60,7.20,4.10,2.80,,,,,3.10,,4.10,3.50,2.30,1.90,1.60,,,2.10,,,2.30,,,1.90,2.70,1.90,2.90,1.90,2,
2008-12-11 13:00,10.80,11.51,9.02,9.61,5.70,6.54,6.96,11,4.94,8.69,6.01,4.25,3.04,9.80,7.42,6.26,3.54,1.92,2.60,7.92,4.61,5.62,7.89,,8.14,6.72,7.56,6.87,6.84,6.20,5.15,8.48,1.72,5.19,6.07,6.35,7.24,6.07,5.10,5.88,3.70,2.49,4.16,6.60,6.40,6.26,4.40,5.35,2.93,4.28,3.39,8.24,6.96,9.23,5.07,9.03,8.59,7,8.69,8.15,4.51,7.70,5.39,2.16,4.86,4.53,0.20,2.19,0.80,0.23,1.31,1.80,3.49,4.98,6.40,5.82,9.60,8.36,8.60,7.51,8.55,7.80,5.95,5.08,6.05,7.09,6.68,6.70,7.29,6,4.05,7.83,7.05,8.10,8.39,7.29,3.33,5.36,4.49,2.53,1.52,3.11,1.68,2.55,2.87,6.07,6.02,5.10,6.01,5.48,4.49,2.14,2.17,0.37,2.04,1.44,1.50,1.62,1.42,,1.70,2.38,1.33,1.79,0.78,2.93,2.50,1.72,1.69,1.90,1.20,10,8.60,-1.80,8,6.20,8.90,,2.60,-3.10,6,7,10.60,5.90,8.70,4.70,7.10,8.10,5.90,6.30,2.40,1.40,3.10,2.90,6.20,5.40,5.60,5.40,6.60,7.20,3.90,2.90,1.40,1.70,2.60,3.30,3.10,5.80,3.90,3.50,2.40,2,1.80,,0.50,2.20,1.90,3.10,2.20,1.80,1.90,1.90,2.70,1.90,2.80,2.10,1.90,0.90
2008-12-11 13:10,10.90,11.33,8.73,9.26,5.50,6.48,6.13,10.80,4.80,8.69,5.82,4.17,3.28,9.84,7.22,6.22,4.04,2.42,2.50,8.39,4.64,5.56,8.56,,8.02,6.75,7.51,6.81,6.78,6.50,4.91,8.39,1.17,5.09,6.25,6.24,7.26,6.16,3.92,5.76,3.60,2.50,4.03,6.43,6,6,4.40,5.48,3.35,4.31,3.26,7.41,6.51,9.24,4.62,8.94,8.38,6.80,8.59,7.87,4.02,7.50,5.46,2.01,4.34,4.53,0.23,2.48,0.80,0.27,1.30,1.91,3.52,5.06,6.34,5.95,9.70,8.39,8.60,7.75,8.41,8.21,5.67,4.93,6.06,7.03,6.43,6.10,7.31,5.95,4.07,7.64,6.97,7.90,8.19,7.28,3.10,5.35,4.40,2.34,1.59,2.90,1.73,2.60,2.96,5.94,6.06,5.10,5.77,5.46,4.43,1.99,2.11,0.34,2.05,1.47,1.50,1.62,1.40,,1.70,2.49,1.38,1.74,0.87,2.94,2.60,1.76,1.70,1.92,1,,8.60,-1.50,8.30,6.10,8.80,,,,,,,5.90,8.70,,7,8,5.80,6.69,,,,,,,,5.50,6.60,7,3.80,2.90,,,,,3.20,,4,3.20,2.40,1.90,1.80,,,2.20,,,2,,,1.90,2.80,1.90,2.80,2.30,2,
2008-12-11 13:20,10.80,11.03,8.54,9.15,5.40,6.70,6.10,10.80,4.64,8.46,6.18,3.97,4.91,9.61,7.18,6.02,4.92,2.78,2.30,8.44,4.81,5.60,9.01,,8.15,6.77,7.58,6.93,6.60,6.20,4.45,8.19,1.26,5.10,6.14,6.25,7.33,6.15,3.89,5.77,3.60,2.41,4.34,6.19,6.30,5.87,4.50,5.53,3.45,4.52,2.99,6.86,6.15,8.96,4.43,9.04,8.36,6.60,8.36,7.71,3.99,7.30,5.49,1.92,3.83,4.44,0.29,1.73,0.80,0.33,1.26,1.75,3.40,5.01,6.06,6,9.80,8.33,8.40,7.74,8.34,8.30,5.03,4.68,5.35,6.88,5.99,5.60,7.06,6.02,3.98,7.43,6.77,7.80,7.99,7.47,2.22,5.47,4.10,2.15,1.60,2.80,1.70,2.70,3.08,5.71,6.01,5,5.80,5.48,4.47,1.78,2.15,0.28,1.95,1.44,1.50,1.57,1.51,,1.60,2.37,1.22,1.94,0.68,3,2.70,1.78,1.95,1.89,0.90,,8.90,-1.30,8.40,5.80,8.70,,,,,,,5.90,8.50,,7,7.80,5.80,6.44,,,,,,,,5.60,6.60,6.80,3.60,2.80,,,,,3.30,,3.90,3,2.50,1.90,1.80,,,2.20,,,1.80,,,1.90,2.80,1.90,2.70,2.20,2,
2008-12-11 13:30,10.70,10.86,8.40,8.92,5.30,6.60,6.01,10.60,4.61,8.56,6.21,3.95,4.14,9.36,7.21,5.96,5.30,2.89,2.30,8.44,4.91,5.81,8.99,,8.33,6.62,7.39,7.01,6.58,5.70,4.16,8,1.73,5.32,5.88,6.17,7.28,6.05,4.39,5.55,3.90,2.52,4.56,6.03,6.10,5.68,4.70,5.70,3.68,4.59,2.73,6.45,5.53,8.75,4.03,9.03,8.15,6.30,8.19,7.61,4.32,6.30,5.59,1.96,3.28,4.19,0.20,1.46,0.80,0.31,1.41,1.83,3.33,4.92,5.77,5.75,9.80,8.22,8.30,7.26,8.32,7.89,4.77,4.38,4.67,6.55,5.77,5.50,6.73,5.75,3.88,7.10,6.54,7.80,8.02,7.37,1.77,5.20,3.91,1.94,1.55,2.59,1.75,2.77,3.23,5.57,6.07,5,5.79,5.51,4.53,1.54,2.12,0.39,1.83,1.62,1.60,1.78,1.41,,1.70,2.16,1.22,1.58,0.80,3.02,2.70,1.74,1.82,1.86,0.90,,8.80,-1.30,8.70,5.80,8.50,,,,,,,6,8.20,,6.80,7.80,5.70,6.10,,,,,,,,5.60,6.40,6.20,3.30,2.50,,,,,3.30,,3.80,2.90,2.50,1.90,1.80,,,2.20,,,1.60,,,1.90,2.80,2,2.70,2.30,2.10,
2008-12-11 13:40,10.80,10.74,8.38,8.73,5.40,6.66,5.82,10.40,4.66,8.61,5.69,3.65,3.64,9.64,7.50,6.10,5.01,2.48,2.20,8.07,4.91,6.04,8.91,,8.41,6.36,7.11,7.17,6.46,5.90,4.23,7.93,1.49,5.34,5.89,5.98,7.49,5.90,4.69,5.50,3.90,2.46,4.66,5.74,5.70,5.50,4.70,5.71,3.63,4.71,2.70,6.08,5.08,8.60,3.76,8.75,7.92,6,7.60,7.40,4.71,5.70,5.63,1.93,2.90,4.07,0.28,1.50,0.80,0.29,1.33,1.86,3.32,4.65,5.79,5.57,9.80,8.20,8.30,6.97,8.38,7.79,4.55,4.03,4.29,6.41,5.67,5.10,6.42,4.86,3.69,6.82,6.48,7.90,8.01,7.17,1.54,5.12,3.54,1.86,1.28,2.46,1.85,2.75,3.18,5.54,6.03,4.90,5.54,5.37,4.35,1.37,2.03,0.32,1.87,1.50,1.50,1.81,1.39,,1.50,1.96,1.12,1.42,0.78,2.93,2.70,1.70,1.65,1.74,0.90,,9.10,-1.10,8.70,6.10,8.30,,,,,,,5.90,7.80,,6.60,7.70,5.60,5.66,,,,,,,,5.70,6.30,6.10,3.50,2.60,,,,,3.40,,3.70,2.60,2.40,1.90,1.80,,,2.30,,,1.40,,,1.90,2.80,2,2.70,2.20,2,
2008-12-11 13:50,10.60,10.69,8.34,8.59,5.40,6.62,5.67,10.20,4.39,8.68,5.67,3.84,4.71,9.83,7.63,6.27,4.22,2.42,2,8.29,5.12,6.18,8.78,,8.45,6.30,7.35,7.07,6.27,5.90,4.21,8.40,1.64,5.35,5.69,5.97,7.34,5.92,5.07,5.48,4,2.54,4.53,5.47,5.30,5.34,4.70,5.82,3.67,4.69,2.66,5.67,4.51,8.39,3.50,8.20,7.72,6,6.77,7.32,5.16,5.10,5.63,1.84,2.69,4.37,0.30,1.37,0.80,0.19,1.33,1.92,3.34,4.43,5.84,5.53,9.80,8.22,8.10,6.74,8.28,7.69,4.12,3.90,4.53,6.23,5.46,4.80,6.56,5.05,3.55,6.56,6.57,7.90,8.27,7.31,1.40,5.12,3.49,1.88,1.15,2.20,1.89,2.81,3.06,5.32,5.99,4.80,5.41,5.08,4.16,1.20,2,0.26,1.94,1.60,1.50,1.76,1.15,,1.50,1.89,1.05,1.35,0.67,2.86,2.70,1.71,1.67,1.69,0.90,,9,-1,8.70,6.50,8.40,,,,,,,5.90,7.60,,6.60,7.70,5.10,5.43,,,,,,,,5.70,6.20,5.80,3.50,2.40,,,,,3.40,,3.70,2.40,2.40,1.90,1.80,,,2.40,,,1.20,,,2,2.90,2,2.70,2.30,1.90,
2008-12-11 14:00,10.40,10.66,8.23,8.40,5.20,6.45,5.62,10.10,4.33,8.65,5.65,4.07,4.81,9.85,7.73,6.39,3.79,2.13,1.80,8.53,5.16,5.92,8.83,,8.57,6.64,7.38,6.69,6.33,6.10,4.34,8.47,2.40,5.25,5.67,5.87,7.37,5.98,4.90,5.46,4,2.41,4.55,4.75,4.90,5.14,4.80,6.07,3.71,4.69,2.64,5.46,4.29,8.04,3.18,7.77,7.65,5.70,6.41,7.16,5.35,4.40,5.55,2.23,2.26,4.62,0.17,2.14,0.90,0.25,1.35,1.86,3.32,4.40,5.80,5.44,9.80,8.22,8.07,6.74,8.05,7.20,3.67,3.64,4.54,6.03,5.31,4.70,6.82,5.11,3.49,6.19,6.43,7.70,8.27,7.17,1.48,5.01,3.25,1.81,0.90,1.83,1.89,2.91,3.07,5.32,5.98,4.60,5.07,4.91,4,0.95,2.02,0.25,1.87,1.57,1.50,1.84,0.94,,1.40,1.84,1,1.09,0.72,2.82,2.70,1.66,1.90,1.72,0.80,9.20,9.30,-1,9,6.60,8.50,1.60,4.30,-2.40,5.60,6.80,9.70,5.80,7.60,4.80,5.70,7.70,5.20,4.20,1.40,1.60,3.10,3.40,6.20,5,5.50,5.60,5.80,5.50,3.40,2.10,1.50,1.70,2.80,3.90,3.50,6.10,3.60,2.30,2.30,1.90,1.80,0.50,0.90,2.50,1.70,2.90,1.10,1.80,2.10,2.10,2.90,2,2.70,2.50,2,0.50
2008-12-11 14:10,10.20,10.58,8.13,8.26,5.20,6.30,5.46,9.80,5.06,8.35,5.61,4.27,4.64,9.57,7.50,6.36,3.66,2.34,1.60,8.39,5.21,6.68,8.79,,8.55,6.82,7.35,6.36,6.28,6.30,4.47,8.48,2.29,4.90,5.72,5.85,7.37,6.08,4.30,5.99,4,2.30,4.68,4.73,4.50,5.03,4.80,6.11,3.61,4.64,2.70,5.27,4.16,7.94,3.08,7.51,7.39,5.70,6.20,6.85,5,4.10,5.44,2.42,1.87,4.53,0.22,2.65,1.10,0.13,1.34,1.80,3.33,4.34,5.55,5.50,9.70,8.11,8,6.64,7.83,7.10,3.62,3.54,4.32,6.06,5.22,4.50,6.47,4.84,3.34,5.93,6.35,7.80,7.71,7.03,1.44,4.78,3.08,1.56,0.73,1.75,1.98,2.97,3.01,5.38,5.89,4.50,4.50,4.37,3.85,0.83,2.03,0.31,1.90,1.61,1.50,1.94,0.90,,1.30,1.80,0.69,0.73,0.73,2.78,2.70,1.70,2.01,1.71,0.90,,9.20,-0.90,8.70,6.70,8.10,,,,,,,5.80,7.50,,5.70,7.50,5.10,4.66,,,,,,,,5.40,5.80,5.20,3.10,2.10,,,,,3.60,,3.30,2,2.30,1.90,1.80,,,2.50,,,0.80,,,2.10,2.90,2.10,2.70,2,2,
2008-12-11 14:20,10,10.46,8.33,8.30,5.30,6.22,5.65,9.30,5.25,8.03,5.29,3.83,4.96,9.71,7.33,6.41,3.61,2.87,1.50,8.62,5.25,6.71,6.58,,8.34,6.83,7.40,6.02,6.15,6.10,4.43,8.55,2.81,4.82,5.79,6.09,7.35,6.11,4.95,6.28,4.10,2.25,4.81,5.26,4.10,5.18,5.10,6.16,3.37,4.99,2.57,5,3.85,7.93,2.67,7.52,7.23,5.20,6.08,6.26,3.83,3.50,5.52,2.39,1.55,4.70,0.30,2.86,1.30,0.04,1.39,1.81,3.28,4.29,5.44,5.38,9.50,7.95,7.90,6.35,7.48,7,3.45,3.63,4.26,6.04,5,4.30,6.14,5.07,3.08,5.77,6.28,7.80,7.13,7,1.35,4.54,2.94,1.43,0.63,1.52,1.76,2.76,3.14,5.37,5.77,4.30,4.05,4.29,3.77,0.76,2.05,0.28,1.82,1.61,1.50,2,0.81,,1.30,1.44,0.73,0.59,0.67,2.62,2.70,1.85,1.90,1.76,0.90,,9.10,-0.70,8.40,6.80,7.80,,,,,,,5.70,7,,5.30,7.60,4.80,4.28,,,,,,,,5.40,5.80,5,3.20,1.70,,,,,3.60,,3.20,2,2.30,1.90,,,,2.40,,,0.80,,,2.10,2.80,2.10,2.70,2,2,
2008-12-11 14:30,9.80,10.41,8.44,8.18,5.40,6.27,5.52,8.90,4.63,8.34,5.26,3.73,5.08,9.69,7.45,6.58,3.02,2.83,1.70,8.75,5.44,6.60,5.78,,7.84,6.84,7.65,5.46,6.04,5.60,4.68,8.61,2.38,4.92,5.91,5.95,7.46,6.18,5.48,6.22,4.20,2.28,4.42,5.42,3.70,5.13,5,6.23,3.44,4.80,2.42,4.68,3.55,7.70,2.16,7.26,7.25,5.50,5.64,5.48,3.22,3,5.50,2.36,1.28,4.70,0.25,3.10,1.30,-0.02,1.34,1.66,3.27,4.27,5.49,5.37,9.40,7.91,7.80,6.25,7.22,6.90,3.69,3.70,4.15,6.15,4.75,4.10,5.99,4.94,3.13,5.75,6.14,7.80,6.27,7.03,1.22,4.50,2.68,1.27,0.56,1.22,1.98,2.75,3.18,5.33,5.58,4.10,3.50,3.99,3.72,0.63,1.96,0.37,1.85,1.65,1.50,1.95,0.81,,1.20,1.29,0.70,0.62,0.66,2.70,2.70,1.86,1.77,1.84,1,,9.20,-0.80,7.90,6.80,7.10,,,,,,,5.70,6.60,,5.10,7.40,5.10,3.98,,,,,,,,5.40,5.40,4.30,3,1.50,,,,,3.60,,3.30,1.90,2.20,1.90,1.80,,,2.40,,,0.60,,,2.20,2.80,2.10,2.70,2,1.90,
2008-12-11 14:40,9.60,10.57,8.40,7.58,5.10,5.82,5.79,8.70,4.65,8.07,5.05,3.79,4.91,9.68,7.43,6.37,3.20,2.60,1.50,9.14,5.11,5.92,4.89,,7.19,6.61,7.69,5.17,5.86,5.20,4.54,8.21,2.47,4.96,6.10,5.83,7.43,6.31,8.81,5.99,3.90,2.26,4.30,5.31,3.60,5.21,5.10,6.28,3.39,4.90,1.95,4.67,3.18,7.35,1.89,6.98,6.89,5.60,5.22,4.69,2.49,2.40,5.24,2.27,0.99,4.32,0.13,3.10,1.30,-0.06,1.47,1.67,3.28,4.25,5.46,5.18,9.30,7.77,7.90,6.29,6.66,6.60,3.63,3.57,4.32,6.10,4.45,4,5.64,4.79,3.12,5.47,5.97,7.50,5.68,6.88,1.16,4.27,2.43,1.25,0.37,1.08,1.87,2.85,3.14,5.35,5.53,3.80,3.14,3.91,3.75,0.51,1.97,0.46,1.72,1.64,1.40,1.78,0.89,,1,1.43,0.79,0.45,0.63,2.76,2.90,1.80,1.87,1.83,1,,9,-0.70,7.50,6.80,6.80,,,,,,,5.70,6.80,,5,7.10,5,3.71,,,,,,,,5.40,5.20,3.70,2.90,1.30,,,,,3.60,,3.10,1.60,2.20,1.80,1.80,,,2.40,,,0.50,,,2.20,2.80,2,2.70,2.10,2,
2008-12-11 14:50,9.40,10.51,8.32,7.18,5,6.21,5.88,8.70,4.76,7.37,5.33,3.62,5.08,9.66,7.64,6.25,3.15,2.90,1.40,8.74,5.03,5.99,4.30,,6.86,6.49,7.59,4.88,5.70,5.20,4.63,7.68,2.86,4.95,6.08,5.73,7.55,6.40,7.54,6.21,4,2.83,4.48,5.39,3.40,5.27,5.20,6.31,3.16,5.01,1.85,4.35,2.76,7.07,1.83,6.54,6.52,5.50,4.67,4.17,1.74,1.90,5.18,2.15,0.65,3.96,0.13,2.96,1.10,-0.07,1.83,1.68,3.21,4.21,5.39,5.09,8.40,7.54,7.70,6.32,6.53,6.40,2.89,3.53,4.14,5.90,4.66,4.10,5.18,4.77,3.10,5.05,5.84,7.30,5.47,6.62,1.03,4.08,2.35,1.13,0.22,1.18,1.79,3.02,3.12,5.33,5.58,3.80,2.92,3.83,3.74,0.41,1.92,0.46,1.83,1.68,1.40,1.84,0.98,,0.90,1.39,0.81,0.17,0.62,2.67,2.90,1.83,2.19,1.88,1,,9,-0.60,7.20,6.70,6.20,,,,,,,5.70,6.70,,,6.90,4.80,3.49,,,,,,,,5.40,5.40,3.50,2.50,1.20,,,,,3.60,,2.80,1.50,2.10,1.80,1.80,,,2.40,,,0.50,,,2.20,2.70,2,2.70,2.10,1.80,
2008-12-11 15:00,9.30,10.51,8.19,7.04,5.10,6.34,5.74,8.60,4.94,6.75,5.14,3.52,5.25,9.57,7.66,6.19,3.35,2.85,1.40,7.46,4.91,6.56,3.48,,6.60,6.33,7.81,5.07,5.77,5,4.90,7,2.16,5.10,6.17,5.73,7.49,6.33,7.61,6.18,4.10,2.86,4.40,5.24,3.40,5.23,5.30,6.52,3.39,4.71,1.91,3.91,2.90,6.96,1.56,6.61,6.27,5.40,4.12,3.80,1.19,1.50,5.36,2.13,0.45,3.55,0.21,2.73,1.10,-0.05,1.80,1.73,3.21,4.17,5.29,4.94,7.70,7.54,7.10,6.11,6.66,6.20,2.62,3.53,4.14,5.72,4.51,4.10,4.93,4.53,3.07,4.82,5.66,7.50,5.24,6.46,0.96,3.96,2.35,1.01,0.19,1.26,1.78,3.05,3.21,5.28,5.49,3.60,2.70,3.72,3.73,0.31,2.01,0.43,1.81,1.71,1.40,2.01,1.05,,0.90,1.40,0.62,0.36,0.67,2.59,3.10,1.97,2.20,2.03,0.90,9.30,9.10,-0.50,7.20,6.80,6,0.40,4.20,-3.30,5.50,6.40,9.20,5.70,6.60,4.70,4.70,6.90,4.80,2.90,0.50,1.60,3.10,3.70,5.50,4.60,5.20,5.20,5.30,3.20,2.40,1,1.60,1.80,2.80,3.80,3.60,4,2.70,1.40,2,1.90,1.80,0.40,1,2.40,1.80,,0.50,1.80,2,2.20,2.70,2,2.80,2.10,1.80,0.10
2008-12-11 15:10,9.20,10.32,8.46,6.75,5.04,6.14,5.69,9.20,5.37,6.39,5.18,3.98,5.47,9.43,7.64,6.08,3.29,2.74,1.70,7.09,4.70,6.41,3.36,,6.75,6.33,8.09,4.95,5.80,4.90,5.04,6.84,1.82,5.21,6.06,6.20,7.46,6.42,7.36,5.80,4.30,2.81,4.67,5.66,3.40,5.24,5.40,6.69,3.36,4.62,2.08,3.51,2.67,6.57,1.08,6.55,6.05,5.40,3.69,3.38,0.98,1.10,5.37,2.12,0.26,4.23,0.32,2.50,1,-0.05,1.87,1.80,3.19,4.19,5.29,4.89,7.60,7.60,6.70,6.03,6.50,5.90,2.39,3.58,3.72,5.72,4.25,3.60,4.97,4.36,3.07,4.70,5.33,7.50,4.77,6.27,1.02,3.71,2.34,0.94,0.37,1.02,1.76,3,3.26,5.27,5.44,3.50,2.47,3.66,3.66,0.26,2.04,0.39,1.81,1.69,1.40,2,1.06,,0.80,1.39,0.74,0.11,0.63,2.69,3.10,1.97,2.31,2.21,0.90,,8.80,-0.40,7.60,6.90,5.70,,,,,,,5.70,6.40,,4.70,6.70,4.50,2.87,,,,,,,,5.30,5.20,2.90,2.10,1,,,,,3.70,,2.40,1.30,2,1.90,1.70,,,2.40,,,0.50,,,2.20,2.70,2,2.80,2.20,1.80,
2008-12-11 15:20,9,10.28,8.44,6.40,5.05,5.68,5.06,8.90,5.11,5.86,5.24,4.69,5.75,9.50,7.70,6.05,3.37,2.94,1.90,6.84,4.57,6.51,3.18,,6.66,6.21,7.66,4.69,6.24,5,5.12,7.32,1.68,5.32,5.99,6.37,7.57,6.37,7.46,4.87,4.20,2.84,4.58,6.06,3,5.45,5.30,6.92,3.30,4.68,2.15,3.10,2.37,6.61,0.71,6.18,6.05,5.40,3.42,3.05,0.55,0.90,5.23,2.61,0.10,4.63,0.20,2.21,1,0.01,2.10,1.83,3.13,4.28,5.38,4.88,8,7.60,6.41,6.62,6.31,5.70,2.16,3.60,4.95,5.65,4.08,3.30,5.01,4.31,2.64,4.48,5.39,7.20,4.59,6.44,1.05,3.55,2.13,0.83,0.20,0.99,1.91,2.93,3.27,5.23,5.47,3.50,2.37,3.64,3.40,0.25,1.93,0.54,1.90,1.79,1.40,2.05,1.17,,0.70,1.35,0.59,0.42,0.55,2.72,3.10,2.08,2.19,2.16,0.80,,9.20,-0.50,8,6.80,5.50,,,,,,,5.70,6.50,,4.60,6.70,4.20,2.59,,,,,,,,5.20,4.60,2.70,1.80,0.80,,,,,3.70,,2.30,1.20,2,1.90,1.70,,,2.40,,,0.30,,,2.10,2.70,2,2.90,2.20,1.80,
2008-12-11 15:30,8.90,10.21,8.45,6.05,4.99,5.34,5.03,8.90,5.73,5.55,5.07,4.90,5.87,9.63,7.49,6.02,3.15,3.30,2.20,5.96,4.49,6.72,2.87,,6.39,5.95,7.32,4.83,6.43,5.60,5.62,7.84,1.48,5.51,6.11,6.37,7.32,6.40,6.72,4.91,4.10,2.85,4.49,6.28,2.70,5.47,5.20,6.85,3.28,4.84,2.02,2.88,2.24,6.48,0.57,5.64,6.06,5.20,3.51,2.57,0.18,0.70,4.85,2.05,-0.06,4.99,0.46,2.01,1,-0.07,2.21,1.63,3.10,4.28,5.45,4.75,8.10,7.54,6.59,7.06,6.07,5.50,2.06,3.64,5.18,5.57,4.05,3.20,4.86,4.25,2.91,4.73,5.29,7.20,4.27,6.53,0.97,3.37,1.92,0.69,0.26,0.90,1.95,2.93,3.39,5.05,5.45,3.60,2.31,3.67,3.26,0.21,1.96,0.54,1.87,1.76,1.40,1.98,0.98,,0.70,1.17,0.58,0.12,0.72,2.65,3.20,2.18,2.21,2.09,0.80,,9.60,-0.50,8,6.60,5.30,,,,,,,5.50,6.30,,4.60,6.60,4,2.38,,,,,,,,5.30,3.20,2.50,1.70,0.80,,,,,3.70,,2.10,0.90,2.10,1.90,1.70,,,2.40,,,0.20,,,2.10,2.60,2,2.90,2.20,1.90,
2008-12-11 15:40,8.80,9.80,8.49,5.91,5.21,5.33,5.28,9.40,6.44,5.64,5.04,4.98,5.90,9.70,7.72,6.08,3.31,2.68,2.10,5.57,4.43,6.56,2.62,,6.56,5.98,7.45,5.31,6.33,6,6.24,7.46,1.36,5.57,6.10,6.29,7.02,6.39,5.71,5.56,4,2.65,4.34,6.46,2.40,5.57,5.30,6.79,3.44,5,1.67,2.67,2.01,5.90,0.37,5.84,5.78,5.10,3.42,2.37,-0.26,0.60,5.06,2.21,-0.21,4.46,0.45,1.95,1,-0.04,2.09,1.64,3.12,4.30,5.54,4.73,7.80,7.60,6.30,7.13,5.68,5.30,2.09,3.89,4.73,5.34,3.94,2.70,4.70,4.17,3.15,4.79,4.99,7.30,4.03,6.29,0.91,3.28,1.76,0.56,0.20,0.92,1.83,3.01,3.34,5.04,5.43,3.70,2.12,3.61,3.21,0.16,1.99,0.51,1.77,1.87,1.30,2.05,1.09,,0.80,1.04,0.69,0.20,0.65,2.62,3.20,2.19,2.32,2.25,0.70,,9.30,-0.40,8.20,6.40,5.60,,,,,,,5.40,6.50,,4.30,6.60,3.80,2.14,,,,,,,,5.40,3.50,2.30,1.60,0.70,,,,,3.80,,2.20,0.90,2.10,1.90,1.70,,,2.50,,,0.30,,,2.10,2.60,1.90,2.90,2.10,2,
2008-12-11 15:50,8.90,9.37,8.63,5.85,5.20,5.14,4.94,9.70,6.18,5.64,5.18,4.68,5.76,9.94,7.78,6.09,3.28,2.80,2,5.49,4.64,6.66,3.75,,6.63,5.95,7,6.12,6.03,6.30,6.49,7.68,1.39,5.51,6.12,6.08,7.31,6.24,5.52,6.17,3.80,2.65,4.38,6.23,2.40,5.74,5.30,6.74,3.25,4.61,2.14,2.46,2.05,5.90,0.45,5.80,5.62,5,3.88,2.17,-0.40,0.50,5.18,2.56,-0.32,4.90,0.23,1.77,1,-0.09,2.28,1.56,3.11,4.18,5.35,4.63,7.70,7.54,6.46,7.07,5.45,5,1.89,3.94,4.44,5.40,3.79,2.60,4.55,4.17,3.16,4.71,4.81,7.30,3.42,5.82,0.89,3.13,1.65,0.46,0.18,0.87,1.83,3.20,3.42,4.98,5.36,4.30,2.05,3.45,3.16,0.18,1.96,0.47,1.82,1.96,1.40,2.05,1.09,,0.80,1.14,0.59,0.19,0.70,2.61,3.30,2.11,2.25,2.33,0.60,,9.10,-0.40,8.10,5.90,5.60,,,,,,,5.30,6.20,,4.30,6.70,3.90,1.91,,,,,,,,5.50,3.40,2.10,1.40,0.60,,,,,3.90,,2.10,0.80,2.10,1.90,1.70,,,2.50,,,0.10,,,2.10,2.50,1.90,2.90,2.10,2,
2008-12-11 16:00,8.80,9.77,8.81,6.02,5.26,5.48,5.23,9.20,6.07,5.44,6.28,4.57,5.72,9.68,7.66,6.08,3.69,2.75,1.90,5.80,4.92,6.52,9,,6.46,5.78,6.89,6.72,6.19,7.10,6.37,7.82,1.28,5.40,6.05,5.96,7.27,6.19,5.92,5.99,3.90,2.75,4.57,5.91,2.20,5.82,5.20,6.66,3,4.19,2.15,2.36,2.14,6.15,0.30,5.89,5.98,4.80,3.87,2.01,-0.52,0.30,4.39,2.35,-0.39,5.16,0.29,1.74,1.20,-0.17,2.52,1.75,3.15,4.13,5.26,4.64,7.50,7.62,6.56,7.10,5.33,4.90,1.59,3.59,4.29,5.28,3.72,2.60,4.28,4.38,2.98,4.71,4.85,6.90,3.50,5.59,0.81,2.86,1.50,0.38,0.03,0.91,1.91,3.02,3.60,5.14,5.35,4.30,1.98,3.37,3.09,0.17,2.04,0.45,1.65,1.96,1.40,2.12,1.22,,0.80,1.11,0.68,0,0.68,2.59,3,1.98,2.08,2.34,0.60,9.50,9.10,-0.40,8,5.90,5.60,,4.30,-3.80,5.50,6,8.40,5.20,6.10,4.60,4.40,6.80,3.60,1,0.30,1.80,3.20,3.70,5,4.50,5.30,5.60,3.70,2,1.40,0.40,1.60,1.90,3,3.40,4,4,2,0.70,2.20,1.90,1.70,0.50,1.10,2.50,1.80,2.20,0,1.80,1.70,2.10,2.50,1.80,2.90,2.10,2.10,0
2008-12-11 16:10,8.70,10.60,8.96,5.97,5.40,5.39,5.40,9.10,6.13,5.35,6.22,4.44,5.80,9.66,7.69,6.08,3.71,2.99,1.70,5.67,5.39,6.64,9.27,,6.36,5.69,6.88,7.15,6.67,6.80,6.31,7.57,1,5.28,5.99,5.99,7.49,6.16,7.20,6.16,3.90,2.84,4.72,5.78,3,5.94,5.40,6.47,2.91,4.10,2.11,2.33,1.89,5.96,0.12,5.94,6.51,4.90,3.84,1.75,-0.70,0.30,4.49,2.41,-0.47,5.32,0.32,1.69,1.30,-0.12,2.23,1.85,3.15,3.89,5.31,4.72,7.20,7.64,6.90,7.18,5.02,5.30,1.73,3.42,4.54,5.17,3.69,2.30,4.20,4.02,3.11,4.73,4.56,6.70,3.34,5.37,0.77,2.67,1.27,0.34,-0.13,0.78,1.69,3.18,3.70,5.19,5.37,4.20,1.90,3.07,2.94,0.11,1.98,0.51,1.65,1.94,1.40,2.23,1.18,,0.70,0.88,0.67,-0.11,0.75,2.69,3.20,1.94,2.20,2.29,0.60,,9.60,-0.40,8,6,5.70,,,,,,,5.10,6.40,,4.40,6.60,3.50,1.47,,,,,,,,5.60,3.40,1.70,1.40,0.40,,,,,3.90,,2,0.60,2.20,1.90,1.70,,,2.50,,,0,,,2.10,2.40,1.70,2.90,2.10,2.10,
2008-12-11 16:20,8.50,10.56,8.92,6,5.30,5.22,5.10,9.50,6.07,5.67,5.65,4.48,5.65,9.85,7.40,6.10,3.66,2.22,1.40,5.42,5.64,6.69,9.24,,6.42,5.48,7.35,7.10,7.01,6.80,6.33,7.59,0.97,5.08,6.04,6.09,7.27,6.27,7.80,6.35,4.20,3.02,4.85,5.44,3,5.65,5.40,6.40,3.01,4.30,2.48,1.92,1.81,5.66,-0.03,5.77,6.72,5.10,3.40,1.60,-1.01,-0.10,4.33,2.52,-0.56,5.12,0.25,1.70,1.50,-0.25,2.23,1.73,3.18,3.69,5.24,4.63,7,7.49,6.90,7.02,4.62,5.40,1.14,3.13,4.81,5.78,3.71,2.20,4.36,3.55,3.03,5.07,4.18,6.30,3.18,5.01,0.77,2.56,1.10,0.22,0,0.71,1.87,3.15,3.89,4.97,5.31,3.80,1.94,2.85,2.91,0.05,1.96,0.51,1.71,1.90,1.40,2.27,1.11,,0.50,0.76,0.58,-0.04,0.79,2.71,3.30,2,2.24,2.05,0.60,,9.30,-0.40,8.20,6.30,6.10,,,,,,,5.20,6.20,,4.30,6.50,3.10,1.32,,,,,,,,5.50,3.20,1.80,1.40,0.30,,,,,3.80,,1.90,0.60,2.20,1.90,1.70,,,2.50,,,-0.10,,,2.10,2.40,1.80,2.80,2.10,2,
2008-12-11 16:30,8.50,10.48,8.90,6.18,5.20,4.76,5.36,9.50,6.21,5.76,6.23,4.37,5.51,10,7.46,6.26,3.39,2.37,1.30,5.29,5.86,7.06,9.19,,6.23,5.44,6.64,7.07,6.90,6.70,6.93,7.94,0.83,5.07,6.18,5.94,7.40,6.24,6.72,6.88,4.50,3.18,5.05,5.01,2.90,5.89,5.30,6.47,2.90,4.74,2.83,1.74,1.57,5.79,-0.07,5.87,6.01,5,2.93,1.28,-1.13,-0.30,4.05,2.38,-0.60,5.19,0.32,2.04,1.50,-0.19,2.44,1.73,3.12,3.80,5.17,4.69,7.10,7.38,6.90,6.95,4.61,5.30,1.27,3.03,4.92,6.04,3.72,2.10,4.58,3.16,3.16,5.19,3.76,6.40,2.56,5.37,0.71,2.39,0.99,0.24,-0.04,0.63,1.65,3.33,4.09,4.94,5.18,3.70,2.23,2.65,2.81,0.05,1.98,0.49,1.84,1.88,1.50,2.22,1.05,,0.30,0.71,0.59,0.07,0.68,2.76,3.30,1.93,2.03,1.96,0.50,,9.90,-0.50,8.30,6.50,6.20,,,,,,,5.30,6,,4.30,6.30,2.70,1.18,,,,,,,,4.80,3.10,2,1.30,0.20,,,,,3.80,,1.80,0.50,2.20,2,1.70,,,2.40,,,-0.20,,,2.10,2.30,1.80,2.70,2.10,2,
2008-12-11 16:40,8.40,10.02,8.85,5.97,5.50,4.59,5.24,9.80,6.46,5.67,7.55,4.51,5.73,10,7.34,6.56,3.48,2.72,1,5.28,5.88,7.27,4.74,,5.99,5.50,6.63,6.85,6.93,6.80,7.51,8.54,1.25,5.29,6.16,6.10,7.49,6.18,5.45,6.78,4.50,3.24,5.18,4.38,2.50,5.85,5.20,6.51,2.88,4.99,2.68,1.72,1.47,5.91,-0.39,5.51,5.43,4.90,2.54,0.96,-1.10,-0.90,3.69,2.44,-0.61,5.24,0.31,2,1.60,-0.14,2.26,1.67,3.22,4.03,5.11,4.71,7.40,7.37,6.90,6.85,4.66,5.20,1.77,3.03,4.92,6.16,3.47,2.10,5.16,3.23,2.98,5.36,3.57,6.30,2.29,5.48,0.67,2.28,0.88,0.25,-0.14,0.51,1.63,3.28,4.15,4.84,5.09,3.50,2.55,2.46,2.77,0.02,1.94,0.53,1.82,1.90,1.50,2.06,1.04,,0.30,0.64,0.43,0.14,0.63,2.78,3.30,1.94,2.01,1.95,0.60,,9.90,-0.40,8.70,6.60,6.70,,,,,,,5.30,5.60,,4.20,6.20,2.40,0.98,,,,,,,,4.80,2.80,1.70,1.30,0.20,,,,,3.90,,1.80,0.50,2.20,2,1.70,,,2.40,,,-0.10,,,2.10,2.20,1.70,2.70,2.20,2,
2008-12-11 16:50,8.40,10.20,8.89,6.04,5.70,4.94,4.68,10,6.36,5.48,8.21,4.74,5.68,10.01,7.37,6.73,3.74,2.75,0.60,5.41,6.12,7.69,3.96,,6.01,5.39,6.94,6.42,7,7,7.43,8.68,1.48,5.18,6.04,6.10,7.53,6.32,5.74,6.41,4.70,3.25,5.34,4.07,2.40,5.75,5.20,6.45,2.41,4.86,1.51,1.62,1.40,5.27,-0.33,5.04,4.97,4.60,2.13,0.64,-1.14,-0.80,4.08,2.65,-0.69,5.18,0.23,2.03,1.70,-0.13,2.40,1.87,3.18,4.01,4.90,4.87,7.40,7.34,7,6.95,4.44,5.20,2.15,3.17,5.12,6.09,3.45,2.20,5.55,3.70,2.78,5.01,3.37,5.90,2.24,5.26,0.61,2.10,0.79,0.26,-0.18,0.59,1.73,3.39,4.27,4.78,4.98,3.10,2.63,2.31,2.53,0.04,1.94,0.51,1.86,1.94,1.50,2.13,1.10,,0.20,0.51,0.31,-0.13,0.73,2.81,3.30,1.97,2.10,1.96,0.60,,9.90,-0.30,8.20,6.60,6.60,,,,,,,5.30,5.40,,4.30,6.20,2.20,0.83,,,,,,,,4.70,2.30,1.70,1.10,0.20,,,,,3.90,,1.60,0.50,2.10,2,1.70,,,2.20,,,-0.10,,,2.10,2.20,1.70,2.60,2.20,2.10,
2008-12-11 17:00,8.60,10.32,9.11,5.98,5.80,5.57,4.47,10.20,6.25,5.42,8.21,4.67,5.48,9.96,7.50,6.86,3.49,2.92,0.30,5.46,6.08,7.83,3.78,,6.09,5,7.12,6.83,7.13,6.70,7.21,8.40,1.88,5.07,6.07,6.03,7.90,6.55,6.16,6.50,4.80,3.22,5.32,3.85,2.30,5.58,5.20,6.17,2.39,4.64,1.95,1.40,1.25,5.05,-0.57,5.56,4.28,4.20,2.01,0.60,-1.05,-1.10,4.70,2.71,-0.80,5.39,0.45,1.99,1.80,-0.05,2.42,1.81,3.22,4.11,5.22,5.01,7,7.61,7,6.54,4.25,5.34,2.35,3.22,4.45,5.89,3.50,1.80,5.15,3.52,3.01,4.47,3.25,4.90,2.07,4.74,0.70,1.78,0.69,0.29,-0.19,0.51,1.83,3.38,4.24,4.99,5.03,2.90,2.30,2.12,2.52,-0.03,1.94,0.44,1.91,1.95,1.50,2.21,1.24,,0.10,0.51,0.19,0.06,0.87,2.72,3.30,1.91,2.18,1.92,0.60,9,10.30,-0.20,8,6.50,7.20,-0.60,4.70,-4.10,5.70,7.10,8.50,5.30,5.40,4.60,4.30,5.90,1.90,0.60,0.10,2.10,3.10,3.80,4.80,4.70,5.30,4.50,1.90,1.60,1,0.10,1.70,1.90,3.20,3.40,3.80,3.10,1.60,0.40,2.10,2,1.70,0.60,1.30,2.30,1,1.80,-0.10,2,1.60,2.20,2.10,1.70,2.60,2.30,2,0.30
2008-12-11 17:10,8.70,10.36,9.10,6.15,5.82,5.68,4.42,10.30,6.42,4.81,7.79,4.37,5.44,9.95,7.54,6.71,4.28,3.26,0,5.13,5.63,7.97,3.83,,6.40,4.93,7.25,6.93,6.84,7.50,6.95,7.89,2.22,5.14,6.18,6.31,8.02,6.75,5.83,5.15,4.80,3.13,5.47,3.63,2.20,5.35,5,6.23,2.09,3.94,1.90,1.50,1.42,5.22,-0.58,5.79,3.83,4.20,1.73,0.63,-1.08,-1.40,5,3.03,-0.98,5.11,0.45,1.81,1.70,-0.06,2.61,1.88,3.30,4.18,5.51,5.02,6.90,7.58,7.20,6.49,4.06,5.10,2.31,3.14,3.88,5.79,3.48,1.70,5.25,3.28,2.73,4.07,2.96,4,2.02,4.24,0.79,1.70,0.74,0.31,-0.23,0.58,1.81,3.41,4.16,5.14,5.05,2.70,2.63,2.07,2.47,-0.04,2.03,0.57,1.96,1.98,1.60,2.34,1.26,,0.10,0.54,0.14,-0.12,0.83,2.74,3.20,1.91,1.90,2.09,0.70,,10,-0.20,7.80,6.80,6.10,,,,,,,5.30,5.10,,4.30,5.90,1.80,0.76,,,,,,,,4.70,2.30,1.30,1.10,0,,,,,3.80,,1.40,0.30,2.10,2,,,,2.30,,,-0.10,,,2.10,2.10,1.70,2.60,2.30,1.90,
2008-12-11 17:20,8.70,10.54,9.24,7.55,5.88,5.49,4.56,10.30,6.36,4.73,6.40,4.74,5.43,10.07,7.64,6.43,4.25,3.37,-0.20,5.70,5.13,7.73,3.49,,6.03,4.95,6.91,6.18,6.53,7.30,7.23,7.21,2.51,5.38,6.29,6.29,8.21,6.73,5.31,3.75,4.70,2.71,5.42,3.41,2.10,5.19,5,6.07,2.52,3.92,1.51,1.47,1,5.13,-0.61,6.15,4.05,4.30,1.47,0.35,-0.94,-1.50,4.96,3.05,-1.14,5.40,0.36,2.09,1.60,-0.13,2.62,1.95,3.24,4.23,5.53,4.91,7,7.41,7.10,6.85,3.72,5,2.30,3.06,3.49,6.50,3.50,1.70,5.70,3.39,2.83,3.69,3.59,3.80,2.08,3.57,0.82,1.70,0.69,0.23,-0.30,0.59,1.78,3.43,4.07,5.23,5.05,2.70,2.67,1.95,2.44,-0.12,2,0.53,2.12,1.96,1.80,2.41,1.15,,0,0.56,0.14,0.12,0.76,2.75,3.10,1.91,1.67,2.06,0.70,,10.20,-0.30,8.80,6.60,5.60,,,,,,,5.30,5.30,,4.40,5.60,1.90,0.69,,,,,,,,4.80,2.80,1,1.20,0,,,,,3.80,,1.30,0.30,2,2.10,1.60,,,2.20,,,-0.10,,,2.10,2.10,1.70,2.60,2.50,1.90,
2008-12-11 17:30,8.50,10.16,9.45,8.24,5.90,5.55,4.46,10.30,6.42,5.26,5.35,4.73,5.69,10.27,7.88,6.23,5.81,3.19,-0.50,6.66,5.01,8,3.05,,5.65,4.75,7.09,6.36,6.11,7.10,7.52,6.52,2.90,5.31,6.23,6.45,8.11,6.77,4.37,3.56,4.80,2.56,5.42,3.15,2,4.93,5.10,5.98,2.68,3.54,0.69,1.15,0.78,4.72,-0.68,6.30,3.32,4.10,1.31,0.01,-0.85,-1.60,5.20,3.61,-1.16,5.66,0.30,2.05,1.80,-0.01,2.63,1.76,3.29,4.06,5.44,4.96,7.10,7.61,7,6.63,3.87,4.90,2.29,3.01,3.64,6.61,3.44,1.50,6.13,3.65,2.59,3.50,2.78,3.60,1.52,3.23,0.83,1.52,0.61,0.04,-0.43,0.62,1.81,3.46,4.19,5.18,5.14,2.80,2.78,1.72,2.41,-0.11,1.98,0.51,2.14,2.04,1.90,2.61,1.24,,-0.10,0.47,-0.02,0.16,0.77,2.73,3.10,1.91,1.83,2.10,0.50,,9.80,-0.30,8.30,6.60,5.30,,,,,,,5.20,5.10,,4.20,5.50,2,0.59,,,,,,,,4.80,2.50,0.90,0.90,0.10,,,,,3.80,,1.20,0.30,2,2.10,1.60,,,2.30,,,0,,,2.20,2,1.70,2.60,2.50,1.90,
2008-12-11 17:40,8.90,10.25,9.47,8.29,5.70,4.81,4.28,10.20,6.30,6.80,4.75,4.02,5.91,10.12,8.11,6.15,3.99,3.40,-0.60,7.34,5.17,7.78,2.79,,5.79,4.44,7.02,6.46,6.06,6.80,7.39,6.67,2.90,5.37,6.21,6.32,8.08,6.78,4.05,3.37,4.60,3.03,5.34,3.18,2.10,4.87,5,5.75,2.41,3,0.62,1.06,0.90,4.72,-0.74,6.42,3.01,4,1.21,-0.16,-0.80,-1.60,5.40,4.06,-1.22,5.70,0.50,2.17,1.70,0.01,2.45,1.86,3.29,3.88,5.68,4.82,7.10,7.58,7.10,6.58,3.97,5,2.20,3.23,3.86,6.39,3.29,1.60,6.09,3.17,2.40,3.35,3.17,3.40,1.15,2.75,0.71,1.42,0.66,0,-0.51,0.66,1.91,3.44,4.24,5.20,5.20,2.80,2.56,1.57,2.31,-0.27,2.01,0.70,2.06,2,2,2.64,1.18,,-0.20,0.39,0.02,0.20,0.83,2.77,3.10,1.90,2.03,2.13,0.70,,9.90,-0.40,8.30,6.60,5.20,,,,,,,5.10,5,,4.30,5.50,1.70,0.56,,,,,,,,4.60,2.50,0.80,1,0.10,,,,,3.60,,1.30,0.40,2,2.10,1.60,,,2.40,,,0,,,2.10,2,1.70,2.60,2.60,1.80,
2008-12-11 17:50,9.10,10.30,9.67,8.15,5.40,4.62,4.02,9.80,6.49,6.04,4.62,4.12,5.66,9.58,7.99,6.03,3.35,3.11,-0.70,7.68,5.37,7.85,3.17,,5.97,4.22,6.68,6.43,6.03,5.40,6.99,6.75,2.48,5.34,6.30,6.03,8.05,6.77,4.52,3.18,4.70,3.32,5.59,2.68,2.20,4.86,5.30,5.81,2.04,3.46,0.14,0.87,1.18,4.81,-0.62,6.30,2.91,3.30,1.45,-0.13,-1.01,-1.60,5.30,3.93,-1.25,5.79,0.38,2.24,1.60,0.08,2.43,1.86,3.50,3.49,5.93,4.82,7,7.73,7,6.53,3.79,4.90,1.98,3.27,3.49,5.67,3.09,1.70,5.97,3.18,2.41,3.14,3.02,3.10,1.07,2.60,0.67,1.37,0.59,-0.17,-0.59,0.62,2.17,3.36,4.26,5.51,5.22,3,2.44,1.32,2.25,-0.26,2.04,0.58,2.01,2.09,2,2.51,1.17,,-0.20,0.36,0.10,0.05,0.77,2.74,3,1.99,1.92,2.33,0.80,,10.20,-0.50,8.30,6.40,5.30,,,,,,,4.90,5,,4.20,5.40,1.70,0.59,,,,,,,,4.40,2.20,0.60,0.90,0.10,,,,,3.80,,1.10,0.30,2,2.10,1.60,,,2.40,,,-0.10,,,2.10,2,1.70,2.70,2.60,1.80,
2008-12-11 18:00,9,10,9.80,7,5,4.18,4,10.20,6.26,5.61,5.34,3.39,5.27,10,7.97,5,3,2.96,0,7.27,5.66,7.75,3.21,9,6,4,6.28,6.52,6,5,5,7,2.10,5,6.25,6,8,5,7,3,4,3,5,1,2.40,4.82,5,5.74,1.99,3.90,1,1,1.06,4.64,-0.98,7,3,3,2,-0.25,-1.11,-1,4.42,3.97,-1.29,5.63,0.40,2.45,1.50,-0.01,2.32,1.72,3.61,3.25,5.85,4.60,6.80,7.79,7.10,6.37,4,4.90,1.75,3.30,3.29,5.69,-1,1.60,5.87,3.64,2.12,1.89,2,2.80,1.10,2.35,0.78,1.25,0.55,-0.17,-0.59,0.67,2.08,3.60,4.24,5.62,5.07,3,2.27,1.13,2.19,-0.35,1.95,0.59,2.26,2.15,2.10,2.42,1.19,,-0.30,0.33,0.08,0.20,0.71,2.90,3,1.95,2.80,2.42,0.80,9,10,-1,8.70,6.20,5.50,-0.40,4.80,-4,6,6.80,7.50,4.90,5,3.40,4.10,5.70,1.50,0.40,-0.40,2.20,3.20,4.30,4.80,4.50,5,4.10,1.80,0.70,0.90,0.10,1.70,2,3.80,3.60,3.80,3.10,1,0.20,2,2.10,1.60,0.70,1.60,2.50,1.50,1.30,-0.10,1.90,1.50,2.10,2,1.70,2.70,2.70,1.80,-0.10
2008-12-11 18:10,8.90,10.55,9.59,7.30,4.70,4.24,4.12,10.30,6.26,5.19,5.12,3.51,5.29,9.41,7.92,6.04,2.96,2.90,-0.70,7.51,5.43,7.43,3.21,,5.19,4.28,6.54,6.10,5.97,4.70,5.21,7.57,2.23,5.51,6.18,5.88,8.03,6.47,5.78,2.86,4.60,3.37,5.76,2.30,3.50,4.86,5.10,5.89,2.02,4.25,-0.55,0.62,1.04,4.31,-0.89,6.06,2.34,1.40,0.82,-0.44,-0.80,-1.40,4.24,3.78,-1.21,5.73,0.46,3.05,1.70,0.05,2.36,1.66,3.49,3.17,6.01,4.80,6.60,7.83,7,6.35,3.78,5.06,1.66,3.35,2.42,5.67,2.84,0.90,5.82,3.58,2.07,1.72,2.32,2.90,0.94,1.88,0.78,1.16,0.55,-0.14,-0.64,0.61,2.01,3.54,4.15,5.55,4.92,2.90,1.68,0.99,2.09,-0.37,2,0.63,2.13,2.12,2.10,2.31,1.12,,-0.30,0.51,-0.04,0.28,0.67,2.69,2.90,2.12,2.18,2.43,0.90,,9.70,-0.80,9.10,6.30,5.70,,,,,,,4.80,5.10,,4.10,5.90,1.30,0.46,,,,,,,,4,1.50,0.60,0.80,0,,,,,3.50,,0.90,0,2,2.10,1.60,,,2.50,,,-0.20,,,2.10,1.90,1.70,2.70,2.70,1.80,
2008-12-11 18:20,8.90,10.40,9.52,6.56,4.60,4,4.03,10.60,6.28,5.54,5.71,4.46,5.52,9.49,7.81,6.03,3.22,2.61,-0.60,7.22,5.41,7.01,3.07,,5.29,4.38,6.93,6.09,5.82,4.80,5.52,8.17,2.43,5.65,6.22,5.77,8.18,6.47,7.49,2.64,4.80,3.84,6.12,2.77,3.50,4.86,5,6.20,2.08,3.72,-0.76,0.53,1.05,4.56,-0.01,5.37,2.08,0.80,0.89,-0.16,-0.74,-1.40,5.04,3.81,-1.22,5.62,0.41,3.09,1.60,-0.01,2.20,1.69,3.48,3.02,6,4.85,6.90,7.82,6.90,6.47,3.87,5.30,1.44,3.20,1.97,5.20,3.05,0.60,5.39,3.24,2.27,1.60,2.12,2.90,1.04,1.51,0.88,1.26,0.55,-0.14,-0.71,0.58,2.32,3.53,4.14,5.66,4.72,2.60,1.43,1.05,1.94,-0.38,2,0.71,2.16,2.15,2.20,2.21,1.09,,-0.30,0.12,0.08,0.12,0.81,2.57,2.80,2.05,2.19,2.45,0.80,,10.10,-0.90,9.30,6.50,4.70,,,,,,,4.80,5.10,,4.10,6.20,1.20,0.33,,,,,,,,3.90,1.60,0.60,0.80,0,,,,,3.60,,0.80,0,2,2.10,1.60,,,2.20,,,-0.30,,,2.10,1.90,1.80,2.70,2.80,1.80,
2008-12-11 18:30,9.20,9.75,9.55,6.02,5,3.88,4.01,10.70,6.30,5.14,7.05,5.04,5.26,9.74,7.53,5.76,3.09,2.73,-0.70,7.09,5.34,7.45,2.94,,5.55,4.37,6.88,5.78,5.83,4.50,6.24,6.89,2.42,5.68,6.09,5.72,8.26,6.20,7.61,2.67,4.70,4.06,6.32,3.74,3.50,4.41,5.10,6.24,2.16,3.80,-0.96,0.35,0.84,4.70,1.09,4.75,1.71,0.40,1.02,0.76,-0.90,-1.70,4.16,3.81,-1.21,5.96,0.45,3.12,1.80,-0.15,2.04,1.73,3.56,2.99,6,4.70,6.80,7.73,6.80,6.36,3.85,5.26,1.19,3.07,1.81,4.99,3.40,0.40,5.16,3.10,2.07,1.80,2.87,2.70,1.03,1.08,0.94,1.25,0.46,-0.20,-0.83,0.51,2.18,3.54,4.22,5.99,4.94,2.30,1.43,1.28,1.91,-0.37,1.88,0.76,2.29,2.14,2.40,2.25,1.03,,-0.30,0.35,0.05,-0.15,0.87,2.54,2.80,2.09,2.31,2.48,0.80,,10.20,-0.90,9.40,6.40,4.80,,,,,,,4.70,5,,4.30,6.40,1.20,0.30,,,,,,,,3.90,1.70,0.60,1.10,0,,,,,3.40,,0.80,-0.10,2,2.10,1.60,,,2.10,,,-0.30,,,2.10,1.90,1.80,2.70,2.80,1.70,
2008-12-11 18:40,9.30,9.10,9.49,5.78,5.20,3.81,3.69,10.80,6.41,4.86,7.63,4.98,5.40,9.81,7.46,5.85,3.05,3.04,-0.80,6.34,5.36,7.13,2.77,,5.51,4.32,7.37,4.89,5.95,4.40,6.96,5.49,2.38,6.07,6.05,5.77,8.31,6.06,7.79,2.18,4.80,4.04,6.21,3.91,3.40,4,4.90,5.78,2.17,3.81,-1.18,0.31,0.57,4.53,1.55,4.50,1.62,0.10,0.74,2.61,-1.03,-1.70,4.92,3.98,-1.03,5.74,0.47,3.22,1.80,-0.25,1.72,1.61,3.79,3.04,5.97,4.55,6.70,7.91,6.60,6.36,3.97,5.29,1.19,2.90,1.55,4.77,3.35,0.70,4.82,2.93,1.90,1.77,1.76,2.50,0.99,1.01,0.77,1.16,0.43,-0.20,-0.81,0.44,2.16,3.50,4.34,6.06,5.16,1.90,1.50,1.27,1.86,-0.39,1.89,0.80,2.23,2.25,2.40,2.24,0.93,,-0.50,0.21,0.05,-0.35,0.80,2.62,2.70,2.11,2.11,2.43,0.80,,10.10,-1,9.50,5.90,5.40,,,,,,,4.50,4.80,,4.20,6.30,1.10,0.34,,,,,,,,4,1.60,0.40,1.10,0,,,,,3.40,,0.80,-0.20,2,2.10,1.60,,,1.90,,,-0.40,,,2.10,1.90,1.80,2.70,2.90,1.80,
2008-12-11 18:50,9.20,8.98,9.36,5.44,5.30,4.26,3.57,10.20,6.23,4.43,7.99,4.25,5.52,10,7.48,5.88,3.43,2.72,-0.60,6.82,5.42,7.35,2.74,,5.85,4.22,7.47,5.40,6.07,4.40,6.95,5.46,2.04,5.80,6.06,5.97,8.21,6.11,6.81,1.82,4.80,4.12,6.13,3.49,3.20,3.83,4.70,5.83,2.20,3.64,-1.51,0.36,0.52,4.34,1.40,4.54,1.14,-0.10,0.74,2.90,-1.12,-1.80,5.63,3.87,-0.98,5.65,0.33,3.08,1.70,-0.27,1.80,1.57,3.84,3.07,5.86,4.49,6.40,7.81,6.30,6.75,3.96,5.20,1.45,2.78,1.61,5.13,3.18,0.30,4.69,2.93,1.76,1.80,1.73,2.50,0.73,1.05,0.81,1.01,0.50,-0.13,-0.86,0.43,2.16,3.51,4.35,5.96,5.23,2,1.28,1.07,1.81,-0.40,1.91,0.78,2.18,2.37,2.50,2.02,1,,-0.50,0.17,0.05,-0.14,0.83,2.59,2.80,2.19,2.48,2.47,0.90,,10.10,-0.90,9.60,5.60,5.20,,,,,,,4.40,4.80,,4.20,6.40,0.90,0.30,,,,,,,,4,1.60,0.30,1,0,,,,,3.30,,0.80,-0.20,2,2.10,1.60,,,1.70,,,-0.50,,,2.10,1.90,1.80,2.70,3.10,1.70,
2008-12-11 19:00,9.20,8.56,9.42,5.24,5,4.97,3.79,9.50,6.17,4.25,7.97,4.36,5.61,10.29,7.40,5.83,3.46,2.55,-0.50,5.85,5.34,7.25,2.71,,6.31,4.12,7.41,5.43,6.15,4.50,6.90,5.91,1.82,5.94,5.97,6.02,8.17,6.39,5.53,1.56,4.60,4.15,6.36,3.01,2.80,3.95,4.50,6.11,2.48,3.60,-1.60,0.40,0.30,4.14,0.71,4.45,0.77,-0.30,0.63,1.42,-0.90,-1.70,5.99,3.73,-1.02,5.58,0.22,3.10,1.60,-0.25,1.86,1.61,3.88,2.93,5.77,4.46,6,7.77,6.30,6.61,3.66,5.20,1.71,2.81,1.84,5.28,2.93,0.50,4.46,3.05,1.73,2.04,1.78,2.40,0.54,0.62,0.69,1.03,0.45,-0.18,-0.90,0.56,2.11,3.55,4.27,6.04,5.15,1.90,1.26,0.92,1.84,-0.39,2.03,0.72,2.30,2.36,2.60,1.75,0.87,,-0.60,0.18,0.07,-0.27,0.82,2.54,2.90,2.29,2.33,2.53,0.80,8.90,10.10,-0.90,9.50,5.60,4.90,-0.90,4.40,-3.80,5.90,6.30,6.30,4.40,4.70,3.40,4.20,6.50,0.80,0.20,-0.90,2.20,3.40,4.20,4.60,4.70,4.70,4.10,2.10,0.20,1,0,1.80,1.90,4,3.60,3.20,2.20,0.70,-0.20,2,2.10,1.60,0.70,1.90,1.50,1.30,1.10,-0.50,1.60,1.60,2.10,1.90,1.80,2.80,3.10,1.70,-0.50
2008-12-11 19:10,9.20,8,9.41,5.17,4.98,4.70,3.66,9.30,6.42,4.03,7.90,3.50,5.42,10.24,7.29,5.69,3.73,2.24,-0.50,6.10,5.54,7,2.93,,6.40,4.02,7.19,6.17,6.29,4.80,6.82,5.28,2.52,5.66,6.07,6.16,8.07,6.45,4.73,1.71,4.90,4.37,6.19,2.88,2.60,4.33,4.40,5.49,1.83,3.59,-1.74,0.29,0.37,3.99,-0.07,4.15,0.26,-0.70,0.43,0.78,-0.83,-1.50,6.20,4.26,-0.94,5.89,0.51,3.08,1.50,-0.29,1.89,1.69,3.91,3,5.76,4.46,5.90,7.81,6.22,6.55,3.92,5.10,1.77,2.84,1.96,4.89,2.72,0.20,4.05,2.57,1.89,2.27,1.43,2.30,0.07,0.69,0.66,1.10,0.38,-0.21,-0.78,0.66,2.06,3.53,4.12,6.09,5.05,1.80,1.05,0.77,1.70,-0.42,1.95,0.70,2.25,2.45,2.60,1.82,0.87,,-0.70,0.13,0.06,-0.36,0.76,2.53,3,2.37,2.52,2.63,0.90,,10.20,-0.80,9.10,5.70,5.30,,,,,,,4.30,4.50,,4.10,6.40,0.80,0.18,,,,,,,,4.10,1.70,0.20,1,0,,,,,3.20,,0.60,-0.30,2,2.10,1.60,,,1.50,,,-0.50,,,2.10,1.90,1.80,2.70,3.20,1.70,
2008-12-11 19:20,9.20,7.39,9.30,5,4.49,4.25,3.79,9,6.28,4.03,7.73,3.50,5.52,9.95,7.19,5.93,3.67,2.78,-0.60,6.91,5.67,6.81,2.86,,7.05,3.58,6.93,6.42,6.49,5.10,7.29,4.55,3.41,5.47,6.16,6.29,8.13,6.35,3.63,1.89,5,4.11,6.01,2.30,2.20,4.52,4.10,4.65,1.51,3.26,-1.95,0.35,0.83,3.78,-0.61,3.86,-0.05,-1,0.05,0.42,-0.70,-1.80,6.38,4.30,-0.87,5.80,0.29,2.95,1.30,-0.13,1.81,1.80,3.87,2.94,5.72,4.48,5.80,7.70,6.12,6.16,4.03,4.90,1.57,2.69,1.65,4.58,2.70,0.50,4.06,2.37,1.82,2.51,1.62,2.30,0.11,0.75,0.86,0.99,0.48,-0.16,-0.96,0.79,2.07,3.46,4.16,6.01,5.03,1.90,1.25,0.76,1.66,-0.54,1.93,0.76,2.17,2.54,2.50,1.89,0.63,,-0.70,0.08,0.14,-0.34,0.80,2.49,3,2.40,2.39,2.55,0.90,,10.10,-0.70,9.20,5.60,5.60,,,,,,,4.20,4.50,,3.80,6.30,0.70,0.15,,,,,,,,4,1.60,0.10,1,-0.10,,,,,3.20,,0.60,-0.40,2,2.10,1.60,,,1.20,,,-0.50,,,2.10,1.90,1.80,2.70,3.30,1.70,
2008-12-11 19:30,9,7.03,9.11,4.86,4.19,3.64,3.65,8.80,6.14,3.96,8.15,3.47,5.72,9.21,7.06,6.02,3.24,3.23,-0.60,7.37,5.96,6.86,2.55,,7.55,3.40,6.89,6.27,6.51,5.20,7.02,4.53,3.99,5.40,6.19,6.14,8.29,6.30,3.45,1.22,5.10,3.99,6.09,2.27,2.50,4.29,3.90,4.28,1.92,3.28,-1.87,0.41,1.21,3.79,-0.76,3.51,0.50,-0.90,0.06,0,-0.78,-2.10,6.30,4.29,-0.96,5.81,0.34,3,1.30,-0.20,1.84,1.72,3.83,2.92,5.61,4.46,5.80,7.69,5.90,6.05,3.75,4.90,1.54,2.62,1.86,4.12,2.74,0.90,3.92,2.29,1.83,2.48,1.67,2.30,0.54,0.52,0.76,0.98,0.48,-0.34,-0.89,0.80,1.97,3.46,4.20,5.84,4.98,2.10,1.88,0.85,1.56,-0.51,1.99,0.64,2.29,2.46,2.60,1.99,0.61,,-0.90,0.07,0.07,-0.38,0.94,2.45,3,2.41,2.62,2.56,0.80,,10.10,-1,9.10,5.30,5.20,,,,,,,4.10,4.40,,3.80,6,0.70,0.06,,,,,,,,4.10,1.70,-0.20,0.90,-0.10,,,,,3.10,,0.60,-0.40,1.90,2.10,,,,1.10,,,-0.50,,,2.10,1.90,1.80,2.70,3.40,1.70,
2008-12-11 19:40,8.90,6.50,8.86,4.65,3.89,3.17,3.53,8.60,5.55,3.83,8.45,3.72,5.51,9.29,7.32,5.82,3.04,2.84,-0.60,7.19,5.77,7.30,2.28,,7.47,3.32,6.70,6.25,6.51,5.40,7.29,4.66,3.68,4.88,6.21,6.12,8.42,6.18,3.52,0.81,5.50,4.05,6.43,2.22,3.20,3.60,3.80,4.05,2.27,3.33,-1.55,0.31,0.97,3.66,-0.78,3.34,0.44,-1.20,0.17,-0.29,-0.93,-2.20,6.38,4.47,-1.01,4.28,0.25,2.91,1.30,-0.05,1.91,1.66,3.82,2.93,5.56,4.42,5.70,7.58,5.90,6.06,3.56,4.80,1.47,2.67,1.64,3.85,2.76,1.30,3.78,2.59,1.55,2.41,1.70,2.10,0.81,0.59,0.51,1,0.53,-0.35,-0.97,0.77,1.96,3.58,4.10,5.57,4.81,2.20,1.45,1.02,1.32,-0.57,2.03,0.62,2.49,2.33,2.70,1.84,0.49,,-1,-0.03,-0.03,-0.58,1.02,2.54,3.10,2.37,2.61,2.50,0.80,,10.10,-0.60,9,6,4.70,,,,,,,4,4.40,,3.70,6.20,0.60,0.02,,,,,,,,3.80,2.40,-0.30,1.10,-0.20,,,,,3,,0.60,-0.40,2,2.10,1.60,,,1.10,,,-0.60,,,2.10,2,1.80,2.80,3.50,1.60,
2008-12-11 19:50,9.30,6.18,8.78,4.50,3.52,3.15,3.45,8.30,5.54,3.72,8.31,3.96,5.39,9.17,7.18,5.61,3.07,2.89,-0.70,8.40,5.31,7.33,1.82,,7.55,3.32,7.07,6.47,6.24,5.70,7.44,4.48,3.61,4.62,5.98,6.32,8.36,6.50,4.20,0.54,5.50,3.81,6.27,1.88,2.70,4.24,3.80,3.85,2.40,3.39,-1.01,0.16,1.18,3.61,-0.91,3.33,0.21,-1.40,-0.01,-0.52,-1.06,-2.20,6.14,4.32,-1,4.02,0.27,2.93,1.30,0.14,1.82,1.75,3.73,3.09,5.81,4.27,5.30,7.73,5.90,6.08,3.35,4.50,1.55,2.78,1.63,3.92,3,1.60,3.76,2.46,1.29,2.18,1.59,1.90,0.60,0.86,0.56,1,0.55,-0.36,-0.89,0.92,1.93,3.44,4.17,5.51,4.77,2.20,1.31,1.27,1.15,-0.69,1.99,0.69,2.33,2.28,2.80,1.63,0.33,,-0.80,-0.04,-0.05,-0.71,0.95,2.49,3.10,2.27,2.56,2.45,0.80,,10.10,-1.10,9.10,5.70,4.60,,,,,,,3.80,4.50,,3.80,6.40,0.70,-0.07,,,,,,,,3.70,2.60,-0.40,1.20,-0.20,,,,,2.90,,0.40,-0.50,2,2.10,1.60,,,1,,,-0.70,,,2.10,2,1.80,2.90,3.40,1.60,
2008-12-11 20:00,9.40,6.08,8.83,4.32,3.40,2.82,3.06,7.70,5.47,3.47,8.80,4.24,5.17,9.58,7.39,5.58,2.97,2.27,-0.70,8.06,4.93,7.13,1.61,,7.76,2.92,7.38,6.54,6.14,5.50,7.55,4.38,3.20,4.69,6.16,6.34,8.50,6.73,4.31,0.60,5.20,3.33,5.92,1.44,3,4.92,3.50,3.56,1.20,3.56,-0.96,-0.22,1.33,3.60,-0.90,3.22,-0.08,-1.30,-0.09,0.04,-1.10,-2.20,5.71,4.05,-1.08,4.06,0.28,2.95,1.40,0.08,1.77,1.65,3.71,3.27,5.67,4.28,5.10,7.76,6.10,6.14,3.50,4.40,1.09,2.67,1.51,3.01,3.08,1.70,3.74,2.59,1.17,1.99,1.61,1.70,0.65,1.11,0.64,0.93,0.57,-0.36,-0.86,1.04,1.77,3.54,4.13,5.43,4.84,2,1.76,1.09,1.09,-0.67,2.09,0.76,2.59,2.29,2.90,1.48,0.28,,-0.90,-0.19,-0.04,-0.61,0.98,2.56,3,2.27,2.56,2.45,0.70,7.50,9.80,-1.10,9,5.80,4.40,-0.50,4.10,-3.20,5.70,5.80,5.50,3.50,4.50,2.50,3.80,6.50,0.70,0.20,0.20,2.30,5,4.10,4.20,5.10,4.60,3.60,2.30,-0.40,1.20,-0.30,1.90,2,4,3.70,2.80,1.40,0.40,-0.50,1.90,2.10,1.60,0.80,2,0.90,0.80,0.80,-0.60,1.60,1.80,2.10,2,1.80,3,3.40,1.60,-0.90
2008-12-11 20:10,9.50,6.52,8.96,4.11,3.19,2.59,3,6.70,5.62,3.40,8.40,3.98,5.05,9.33,7.44,5.60,2.83,2.16,-0.60,8.42,4.44,6.85,1.52,,7.62,2.57,7.36,6.55,6.29,5,7.32,4.30,2.77,5.31,6.30,6.22,8.53,6.71,3.07,0.49,4.80,2.76,5.67,1.18,2.80,4.94,3.50,3.22,1.58,3.97,-1.24,-0.50,0.48,2.92,-0.84,3.11,-0.33,-1.50,-0.37,1.48,-1.11,-2.30,5.26,4.07,-1.28,4.29,0.22,2.93,1.30,-0.09,1.74,1.65,3.94,3.27,5.84,4.33,4.60,7.80,6.20,6.04,3.23,4.30,0.76,2.57,1.37,2.13,3.14,1.90,3.48,2.81,1.18,1.78,1.73,2,0.72,1.16,0.76,1.02,0.57,-0.18,-0.87,1.15,1.66,3.69,4.19,5.47,4.73,2,1.89,0.89,0.90,-0.67,2.09,0.90,2.70,2.31,2.90,1.44,0.20,,-1,0.02,0.04,-0.63,1.03,2.50,2.90,2.36,2.69,2.37,0.70,,9.30,-1.40,8.90,5.30,4.50,,,,,,,3.10,4.40,,3.80,6.60,0.80,-0.05,,,,,,,,3.40,2.80,-0.50,1.10,-0.20,,,,,2.90,,0.30,-0.50,1.90,2.10,1.60,,,0.90,,,-0.70,,,2.10,2,1.80,3,3.40,1.60,
2008-12-11 20:20,9.60,6.68,9.07,3.87,2.93,2.42,3.07,6,5.12,4.37,8.01,3.49,4.86,8.67,7.38,5.52,2.81,2.94,-0.50,8.44,4.32,6.74,1.47,,7.65,2.54,7.16,6.28,6.26,4.70,7.19,3.89,2.53,5.37,6.28,6.38,8.68,6.73,2.37,0.41,4.50,2.84,5.35,0.94,2.40,4.82,3.70,3.07,3.23,4.14,-1.10,-0.63,0.61,2.81,-0.33,3.09,-0.55,-1.40,-0.45,1.64,-1.17,-2.50,3.85,4.30,-1.49,4.33,0.18,2.97,1.20,-0.12,2.12,1.67,4.12,3.25,5.83,4.43,4.50,7.99,6.20,6.32,3.59,4.40,0.93,2.47,0.98,1.94,3.04,2,3.24,2.63,1.15,1.59,1.85,2.20,0.57,0.97,0.78,1.08,0.49,-0.14,-1.05,1.18,1.67,3.73,4.29,5.47,4.69,2.30,1.79,0.68,0.92,-0.74,2.08,0.89,2.65,2.24,2.90,1.45,0.08,,-1.10,-0.06,-0.09,-0.85,1.04,2.62,2.90,2.37,2.92,2.23,0.50,,9.10,-1.90,9.30,4.80,4.60,,,,,,,3,4.30,,3.70,6.60,0.80,0.14,,,,,,,,3.10,3.20,-0.70,0.90,-0.20,,,,,2.90,,0.30,-0.60,1.90,2.20,1.70,,,0.90,,,-0.60,,,2.10,2,2,3.10,3.50,1.50,
2008-12-11 20:30,9.60,6.82,8.83,4.08,2.73,2.38,3.24,5.60,5.30,7.66,7.78,3.29,4.85,8.27,7.26,6.13,2.54,2.86,-0.60,8.35,4.42,6.18,1.51,,7.82,2.56,7.19,6.35,6.28,4.90,6.39,3.84,2.32,5.01,6.27,6.39,8.78,6.96,2.22,0,4.30,2.91,5.12,0.76,2.90,4.56,3.90,3.03,4.56,4.20,-1.04,-0.76,-0.53,2.82,0.53,2.84,-0.29,-1.40,-0.46,1.09,-1.29,-2.60,2.48,4.27,-1.34,4.62,0.29,3.09,1.20,0.09,3.12,1.76,4.16,3.31,5.87,4.43,4.20,8.13,6.80,5.92,3.21,4.10,0.95,2.37,0.91,1.86,2.90,2,2.89,2.55,1.20,1.26,1.48,2.10,0.48,0.56,0.88,1.07,0.55,-0.15,-1.08,1.26,1.68,3.92,4.31,5.59,4.55,2.40,1.77,0.53,0.78,-0.68,2.06,0.86,2.77,2.14,2.90,1.28,0.03,,-1.10,-0.30,-0.20,-0.67,1.04,2.56,2.90,2.42,2.92,2.26,0.40,,9,-2.20,9.60,5,4.60,,,,,,,2.90,4.20,,3.90,6.30,0.80,0.01,,,,,,,,2.90,3,-0.90,0.90,-0.20,,,,,2.90,,0.20,-0.70,1.90,2.20,1.70,,,0.80,,,-0.60,,,2.10,2,2,3.10,3.60,1.40,
2008-12-11 20:40,9.40,6.88,8.75,4.22,2.85,2.31,3.17,5.30,5.84,8.71,7.62,3.60,4.93,8.16,7.08,6.36,2.94,2.61,-0.60,8.31,4.09,5.62,1.34,,7.94,2.80,7.34,6.36,6.28,4.90,5.89,3.57,2.38,4.82,6.32,6.36,8.92,6.81,2.42,-0.31,3.90,2.95,5.03,0.58,4,3.65,3.80,3.17,4.94,4.07,-1.18,-0.90,-1.21,2.58,1.11,2.51,-0.76,-1.40,-0.50,0.65,-1.46,-2.60,1.34,4.43,-1.21,5.02,0.14,2.94,1.10,0.04,3.63,1.65,4.75,3.42,6.03,4.45,4.40,8.05,7.10,5.55,2.80,3.90,0.93,2.17,0.60,2.13,2.66,1.80,2.60,2.53,1.34,1.09,1,2.10,0.54,0.49,0.94,1.02,0.64,-0.16,-1.12,1.22,1.59,3.79,4.21,5.70,4.58,2.60,1.54,0.43,0.73,-0.70,2.04,0.99,2.77,2.11,2.90,1.46,0.04,,-1.30,-0.37,-0.20,-0.50,1.06,2.62,2.90,2.53,2.68,2.34,0.40,,8.70,-2.60,9.40,4.80,3.90,,,,,,,2.90,4.20,,3.80,6.40,0.70,-0.08,,,,,,,,2.70,2.70,-0.90,1,-0.20,,,,,2.90,,0.10,-0.80,1.90,2.20,,,,0.80,,,-0.60,,,2.20,2,2,3.10,3.60,1.40,
2008-12-11 20:50,9.30,6.60,9.05,4.35,3.12,2.37,3.28,5.10,6.05,8.77,7.76,3.26,5.56,8.06,7.01,6.39,2.69,2.63,-0.50,8.19,4.07,5.86,1.26,,7.54,3.09,7.24,6.70,6.17,5,5.73,3.08,2.56,4.62,6.36,6.44,8.94,5.82,3.27,-0.48,3.40,3.29,4.83,0.21,4.40,3.32,4,3.26,4.69,4.04,-1.15,-0.83,-1.25,2.63,1.45,2.69,-0.97,-1.50,-0.52,0.30,-1.32,-2.70,0.81,4.52,-1.35,4.74,0.26,2.91,1.10,0.35,3.73,1.67,4.63,3.31,6.05,4.32,4.30,8.05,7,5.27,2.29,3.70,0.79,2,0.66,1.95,2.60,1.80,2.47,2.69,1.48,0.84,0.72,2.20,0.76,1.13,0.92,1.13,0.59,-0.20,-1.05,1.06,1.62,3.68,4.35,5.83,4.65,2.70,1.06,0.23,0.64,-0.57,2.08,1.06,2.79,2.36,2.80,1.48,-0.14,,-1.40,-0.31,-0.29,-1,1.03,2.66,3,2.61,3.04,2.34,0.30,,8.80,-2.80,8.60,4.70,3.80,,,,,,,3,3.90,,3.80,6.50,0.70,-0.08,,,,,,,,2.50,2.90,-1,1.20,-0.20,,,,,2.80,,0.10,-0.80,1.90,2.20,1.80,,,0.60,,,-0.60,,,2.20,2.10,2,3.10,3.70,1.30,
2008-12-11 21:00,9,6.33,9.12,5.44,3.20,2.29,3.14,5,5.74,8.74,8.03,3.43,5.81,7.79,6.84,6.42,3.22,2.47,-0.60,8.18,4.12,5.72,1.16,,7.45,2.97,7.08,6.93,6.12,5,5.31,3.03,2.81,3.86,6.21,6.56,8.80,3.92,2.98,-0.23,3.90,3.43,4.85,-0.20,3.70,3.88,4.10,3.42,5,4.14,-1.02,-0.65,-1.11,2.54,1.25,2.71,-0.65,-1.70,-0.75,0.43,-1.09,-2.60,0.40,4.39,-1.37,4.30,0.29,3.02,1.10,0.66,3.73,1.60,4.13,3.38,5.90,4.47,4.30,7.93,7,5.02,2.54,3.50,0.89,1.98,0.29,1.89,2.53,1.40,2.17,2.74,1.50,0.51,0.94,2.20,0.90,0.92,0.93,1.37,0.69,-0.22,-1.16,1.11,1.66,3.54,4.27,5.89,4.72,2.70,0.68,0.10,0.59,-0.45,2.03,0.99,3.09,2.41,2.90,1.39,-0.16,,-1.30,-0.37,-0.26,-0.88,0.99,2.71,3.30,2.57,3.06,2.31,0.20,6.90,8.50,-2.60,8.40,4,3.70,-1,4.30,-3.40,5.80,5.50,5.50,3,3.70,1,3.30,6.60,0.60,0,-0.10,2.30,4.10,3.90,4.50,5.20,4.30,2.40,2.50,-1.10,1.20,-0.40,2,2,4.10,4.10,2.70,1.10,0.10,-0.70,1.90,2.10,1.80,1,2.20,0.50,0.10,,-0.70,1.70,1.90,2.20,2.10,2,3.20,3.60,1.20,-1.30
2008-12-11 21:10,9.10,6.28,9.03,5.13,3.20,2.50,2.96,4.90,5.50,8.79,8.11,3.12,5.96,8.33,6.75,6.40,2.97,2.07,-0.70,8.16,4.17,5.38,0.88,,7.58,2.82,6.94,6.91,6.01,5.20,5.37,2.88,3.10,3.48,6.11,6.66,8.95,2.55,2.19,-0.53,3.90,3.80,4.85,-0.30,3.70,4.05,4.20,3.43,5.15,4.44,-1.11,-0.95,-1.12,2.23,0.64,3,-0.49,-1.90,-1.16,1,-0.96,-2.60,0,4.22,-1.37,4,0.34,3.07,1.30,0.73,3.72,1.65,4.06,3.35,6.01,4.33,4.90,7.93,6.95,4.68,2.70,3.30,0.59,2.18,0.11,1.90,2.44,1.30,1.88,2.38,1.40,0.25,1.37,2.50,0.88,0.71,0.97,1.41,0.76,-0.20,-1.31,1.19,1.63,3.31,4.25,6.07,4.67,2.70,0.59,-0.02,0.58,-0.52,2.08,0.86,3.12,2.40,2.90,1.22,-0.35,,-1.40,-0.45,-0.22,-0.81,1.21,2.73,3.70,2.68,3.21,2.26,0,,8.10,-2.40,9,4,3.90,,,,,,,3.10,2.40,,3.30,6.70,0.70,-0.05,,,,,,,,2.60,2.70,-0.90,1.40,-0.40,,,,,2.60,,0.10,-0.60,1.90,2.10,1.80,,,0.50,,,-0.70,,,2.20,2.20,2.10,3.20,3.70,1.10,
2008-12-11 21:20,8.90,6.57,9.11,5.05,3.30,2.40,3.04,5,5.47,8.88,7.70,3.17,5.83,8.03,6.65,6.18,3.01,1.88,-0.90,8.09,4.28,5.11,0.62,,7.41,2.45,6.60,6.84,5.73,5.20,5.52,3.10,3.31,3.20,5.22,6.65,9.08,2.08,2.10,-0.86,3.90,3.72,4.81,-0.61,3.20,4.88,4,3.08,5.41,3.98,-1.04,-1.02,-0.67,1.95,0.09,2.60,-0.55,-2,-1.35,1.52,-1.12,-2.40,-0.07,4.36,-1.31,4.07,0.31,3.26,1.40,0.51,3.70,1.82,4,3.35,6.22,4.16,5.30,7.89,6.68,4.58,2.69,3.40,0.57,2.25,-0.34,2.75,2.26,0.90,1.87,2.57,1.36,-0.30,0.94,2.70,0.96,1.90,1.12,1.44,0.84,-0.22,-1.33,1.23,1.57,3.23,4.51,6.37,4.70,2.70,0.62,-0.06,0.46,-0.55,2.17,0.79,3.03,2.32,3,1.04,-0.39,,-1.60,-0.46,-0.21,-0.65,1.17,2.79,3.70,2.85,3.22,2.07,-0.10,,8,-2.20,9.30,3.40,4.70,,,,,,,3.10,2.20,,3.30,6.70,0.70,0.04,,,,,,,,2.70,2.70,-0.60,1.40,-0.50,,,,,2.50,,0.30,-0.60,1.90,2.10,1.80,,,0.60,,,-0.90,,,2.20,2.20,2.10,3.20,3.70,1,
2008-12-11 21:30,8.70,7.35,9.04,5.22,3.60,2.01,2.82,5,5.25,8.86,5.71,3.75,5.67,7.62,6.39,5.86,4.07,1.76,-1,8.31,4.34,4.99,0.60,,7.36,2.49,6.43,6.54,5.58,5.10,5.39,3.15,3.48,2.90,3.86,6.40,9.13,2.53,1.80,-1.27,3.70,3.42,4.78,-0.80,2.80,5.28,4.10,3.08,5.40,3.37,-0.48,-1.03,-0.08,1.88,-0.56,2.39,-1.06,-1.50,-1.25,1.11,-1.34,-2.30,-0.39,4.52,-1.29,4.35,0.29,3.40,1.40,0.51,3.62,1.94,3.97,3.53,6.22,3.99,5.30,7.94,6.40,4.70,2.60,3.30,0.65,2.21,-0.44,3.49,2.29,1.40,2,2.78,1.54,-0.49,0.57,2.70,0.67,2.86,1.14,1.43,0.89,-0.34,-1.35,1.29,1.60,3.12,4.41,6.30,4.92,2.50,0.75,0.01,0.33,-0.60,2.17,1.04,3.12,2.26,3,0.88,-0.36,,-1.50,-0.40,-0.20,-0.63,1.19,2.85,3.80,2.88,3.23,1.91,-0.10,,8.10,-1.90,10,3.30,4.50,,,,,,,3.30,2.50,,3.20,6.60,0.60,-0.02,,,,,,,,2.70,2.70,-0.70,1.30,-0.40,,,,,2.40,,0.40,-0.50,1.80,2.20,,,,0.40,,,-0.80,,,2.20,2.20,2.10,3.20,3.70,0.90,
2008-12-11 21:40,8.30,8.48,8.98,5.32,3.70,1.67,2.73,5.50,4.57,8.65,5.03,3.17,5.78,7.87,6.58,5.78,4.68,1.78,-1.20,8.36,4.41,5.20,0.57,,7.06,2.67,5.72,6.38,5.39,5.60,5.35,3.09,3.42,3.09,2.26,5.75,8.97,2.92,2.01,-1.29,3.90,3.54,4.84,-0.95,2.20,4.85,3.60,3.08,5.50,3.07,-0.41,-1.02,0.01,1.99,-1.10,2.20,-1,-1.60,-1.48,0.44,-1.55,-2.20,-0.19,4.34,-1.28,4.36,0.18,3.42,1.30,0.35,3.81,2.10,4.10,3.46,6.13,4.51,5.70,7.99,5.70,4.88,2.58,3.10,0.57,2.22,-0.61,3.56,2.21,1,2.10,2.74,1.85,-0.57,0.53,2.70,0.45,2.39,1.10,1.42,0.91,-0.36,-1.40,1.29,1.62,3.02,4.36,6.26,4.97,2.30,0.44,0.02,0.30,-0.61,2.16,1.14,3.07,2.14,3,0.85,-0.50,,-1.30,-0.55,-0.32,-0.83,1.19,2.86,3.80,3.07,3.33,1.88,-0.30,,8.20,-2.30,10.10,3.80,3.70,,,,,,,3.10,3,,3.10,6.70,0.70,0.04,,,,,,,,2.80,2.60,-0.80,1.40,-0.30,,,,,2.40,,0.30,-0.50,1.80,2.10,1.80,,,0.50,,,-0.90,,,2.30,2.30,2.10,3.20,3.60,0.90,
2008-12-11 21:50,8,9.87,8.90,4.82,3.70,1.51,2.78,5.50,4.53,8.61,4.96,2.93,5.71,8.09,6.91,6.03,3.52,1.82,-1.40,8.26,4.28,5.18,0.35,,6.87,3.06,5.72,6.37,5.12,5.70,5.31,3.46,3.40,2.97,1.56,5.96,9.09,2.49,2.47,-1.40,3.80,3.43,4.73,-1.22,1.80,4.16,3.50,3.19,4.94,2.81,-0.38,-1.27,-0.55,2.24,-1.45,2.24,-1.18,-1.70,-1.69,-0.08,-1.87,-2.40,-0.04,4.51,-1.20,4.52,0.22,3.30,1.60,0.28,3.93,2.17,4.19,3.53,6.11,4.83,5.60,7.77,5.30,4.98,2.53,2.90,0.59,2.21,-0.77,3.31,2.13,1.10,2.54,3,2.05,-0.57,0.43,2.70,0.35,2.05,1.17,1.42,0.90,-0.38,-1.39,1.31,1.46,3.11,4.27,6.49,4.99,2,0.69,-0.06,0.35,-0.62,2.18,1.07,3.08,1.99,2.90,0.74,-0.54,,-1.20,-0.54,-0.34,-0.96,1.14,2.90,3.80,3,3.31,1.92,-0.30,,8.30,-2.20,10.20,3.60,3.30,,,,,,,3,3.20,,3.40,7,0.60,-0.09,,,,,,,,2.70,2.40,-0.90,1.50,-0.20,,,,,2.40,,0.30,-0.40,1.80,2.20,1.80,,,0.40,,,-0.90,,,2.30,2.30,2.10,3.20,3.70,0.80,
2008-12-11 22:00,8,10.25,8.67,4.54,3.90,1.99,3.01,5.40,5.08,8.50,5.03,3.86,5.46,7.99,6.99,6.07,2.52,1.63,-1.40,8.11,4.14,5.15,0.40,,7.13,3.21,6.40,6.35,4.82,5.50,5.31,3.95,3.35,2.18,1.47,6.54,8.84,2.23,2.79,-1.86,4,3.23,4.52,-1.47,1.50,3.87,3.50,3.03,4.08,1.22,-0.24,-1.30,-0.37,2.44,-1.59,2.29,-1.36,-1.80,-1.82,-0.43,-2.03,-2.50,0.02,4.27,-0.91,4.62,0.25,3.26,2.10,0.28,3.86,2.13,4.64,3.90,6.16,4.42,5.40,7.84,5.30,5.30,2.11,2.60,0.61,1.83,-0.73,4.20,2.28,1.30,3.06,2.91,2.29,-0.57,0.57,2.60,0.13,1.29,1.05,1.36,0.84,-0.39,-1.30,1.24,1.61,3.10,3.99,6.47,5.02,1.80,0.84,-0.21,0.30,-0.57,2.03,0.99,3.20,1.97,2.90,0.56,-0.71,,-1.30,-0.55,-0.34,-0.82,1.14,2.91,3.90,2.97,3.07,1.85,-0.30,9,8.20,-1.70,10.30,3.70,2.90,-1,4.20,-3.30,5,5,4.40,3,3.50,0.20,3.10,6.90,0.70,0.10,,2.40,3.90,3.90,4.20,4.70,3.60,2.70,2.80,-0.90,1.50,-0.20,2.10,2,4.10,4.30,2.40,0.80,0.30,-0.40,1.80,2.10,1.80,1.20,2.50,0.40,-0.20,,-0.90,1.80,2.10,2.40,2.30,2.10,3.30,3.70,0.80,-1.30
2008-12-11 22:10,8,10.02,8.75,4.28,3.38,2.22,3.06,7.80,5.88,8.33,4.92,4.12,5.52,8.17,6.77,6.19,2.14,2.03,-1.50,8.13,4.04,5.05,0.34,,6.93,2.94,6.72,6.74,4.64,6,5.12,4.53,3.24,1.49,1.33,6.51,8.82,2.20,3.17,-1.80,3.70,2.79,4.66,-1.62,1.50,3.61,3.40,3.04,3.98,0.27,-0.06,-1.10,-0.30,2.25,-1.67,2.14,-1.50,-2,-1.88,-0.76,-2.07,-2.50,-0.43,3.92,-0.92,4.48,0.16,3.25,2.10,0.31,3.76,2.20,5.44,4.11,6.03,4.28,5.10,8.01,4.90,5.21,2.84,2.50,0.47,1.81,-0.78,4.62,2.11,1.60,2.14,2.71,2.67,-0.71,0.77,2.50,0.15,0.86,1.08,1.28,0.84,-0.42,-1.23,1.26,1.54,3.25,4.02,6.41,4.92,1.80,0.55,-0.15,0.26,-0.63,2.06,1.04,3.17,1.95,2.80,0.56,-0.92,,-1.30,-0.76,-0.38,-0.86,1.22,2.92,3.90,2.81,2.99,1.88,-0.40,,8.40,-1.90,10.30,3.50,2.80,,,,,,,3.20,3.40,,3.10,6.80,0.70,-0.25,,,,,,,,2.80,3.70,-0.80,1.40,-0.20,,,,,2.30,,0.50,-0.40,1.80,2.10,,,,0.40,,,-0.90,,,2.40,2.30,2.10,3.30,3.70,0.70,
2008-12-11 22:20,8,10.21,8.39,3.79,4.08,2.31,3.12,9.20,6.10,7.96,5.09,4.41,5.27,8.54,6.80,5.82,2.08,2.08,-1.60,7.91,4.09,4.82,0.93,,5.93,2.69,6.89,7.03,4.18,6.10,4.89,3.89,2.49,1.77,1.18,6.56,9,2.21,2.96,-1.92,3.90,2.92,4.65,-1.55,1.90,3.57,3.30,3.31,3.63,-0.19,-0.38,-1.19,-0.73,1.95,-1.50,2.15,-1.57,-2.10,-1.91,-1.05,-2.05,-2.60,-0.49,4.01,-0.93,4.85,0.30,3.22,2.20,0.27,3.71,2.29,5.21,3.97,6.05,4.12,4.50,7.80,4.90,5.15,2.79,2.68,0.52,1.81,-0.92,5.01,1.88,1.20,1.64,3,2.73,-0.57,0.88,2.60,-0.09,0.66,1.12,1.31,0.89,-0.45,-1.17,1.34,1.56,3.30,4.14,6.35,4.87,1.80,0.48,-0.27,0.21,-0.51,2.16,1.14,3.16,1.87,2.80,0.74,-0.84,,-1.30,-0.61,-0.44,-0.84,1.27,2.93,3.50,2.75,3.22,1.81,-0.40,,8.60,-2,10.20,3.30,3.40,,,,,,,3.30,2.80,,3,6.60,0.70,-0.36,,,,,,,,2.80,4.10,-0.80,1.60,-0.10,,,,,2.20,,0.60,-0.50,1.80,2.10,1.80,,,0.40,,,-0.90,,,2.40,2.30,2.10,3.30,3.60,0.50,
2008-12-11 22:30,7.80,9.78,8.31,3.35,4,2.19,3.57,8.50,5.89,6.79,5.15,4.43,5.02,8.69,6.70,5.81,2.10,2.50,-1.50,8.10,3.96,4.72,1.18,,5.93,2.33,6.70,7.24,3.34,6,5.18,3.63,2.40,1.25,1.02,6.76,9.09,2.67,3.59,-1.89,3.90,2.77,4.66,-1.43,2.20,3.39,3.30,3.35,3.47,-0.17,-0.58,-1.21,-0.98,1.48,-1.65,2.06,-1.85,-2.30,-1.78,-1.29,-2.28,-2.80,-0.46,4.20,-0.93,4.87,0.34,3.19,2.20,0.46,3.73,2.29,4.50,3.98,6.09,4.11,4.20,7.87,4.70,4.84,2.66,2.57,0.48,1.82,-0.99,5.02,1.94,1.40,1.68,2.85,2.97,-0.60,0.98,2.70,-0.32,0.65,1.24,1.25,0.84,-0.50,-1.14,1.59,1.52,3.37,4.14,6.22,4.89,1.80,0.56,-0.43,0.20,-0.63,2.18,1.21,3.13,1.85,2.70,0.89,-0.79,,-1.20,-0.61,-0.42,-1,1.29,3.02,3.40,2.71,2.82,1.55,-0.40,,8.40,-2.50,10,3,3.50,,,,,,,3.40,2,,3.10,6.60,0.70,-0.37,,,,,,,,2.80,4.10,-1,1.60,-0.10,,,,,2.20,,0.80,-0.60,1.80,2.10,1.80,,,0.30,,,-1,,,2.30,2.30,2.10,3.30,3.50,0.60,
2008-12-11 22:40,7.50,9.47,8.49,3.05,4,1.71,6.19,8.70,5.64,5.92,4.63,4.09,4.78,8.79,6.54,5.84,2.23,2.60,-1.80,8.11,3.99,4.97,1.35,,6,2.22,6.75,7.30,2.82,5.80,4.65,3.08,2.75,0.89,0.64,6.49,9,2.42,4.01,-1.93,3.60,2.78,4.67,-1.46,2,3.11,3.10,3.39,2.23,-0.30,-0.69,-1.15,-1.70,1.19,-1.75,1.93,-1.92,-2.40,-1.92,-1.52,-2.45,-3,-0.61,4.28,-0.79,4.88,0.41,3.19,2.10,0.42,3.88,2.14,4.17,4.08,6,4.08,4.10,7.98,4.30,4.71,2.53,2.58,0.66,1.93,-1.08,5.85,2.09,1.30,1.92,2.53,2.96,-0.56,0.70,4,-0.44,0.63,1.31,1.22,0.90,-0.46,-1.06,1.57,1.46,3.40,4.13,6.02,4.93,1.70,0.56,-0.54,0.11,-0.60,2.27,1.18,3.04,1.69,2.70,0.78,-0.90,,-1,-0.66,-0.48,-0.86,1.38,3.02,3.40,2.67,2.91,1.56,-0.40,,8.40,-2.70,10.20,3.30,3.50,,,,,,,3.20,1.90,,3.20,7,0.70,-0.41,,,,,,,,2.90,4.30,-1.30,1.60,-0.10,,,,,2.20,,0.90,-0.70,1.80,2.10,1.80,,,0.30,,,-0.90,,,2.30,2.30,2.10,3.30,3.40,0.50,
2008-12-11 22:50,7.50,9.10,8.44,2.83,3.70,1.48,6.23,8.80,6.09,6.05,4.48,4.35,4.92,9.27,6.44,5.84,1.86,2.55,-2,7.83,4.21,5.41,1.44,,5.77,2.63,6.90,7.23,2.27,6,4.59,3.07,2.70,0.46,0.14,6.74,8.68,2.26,4.25,-1.91,4.20,3.10,4.52,-1.16,2,3.33,3.10,3.50,2.70,-0.65,-0.79,-0.94,-2.20,1.32,-1.86,1.69,-1.81,-2.50,-1.59,-1.71,-2.36,-3,-0.79,4.51,-0.76,4.83,0.56,3.07,2.30,0.58,3.98,2.13,4.08,4.20,5.95,3.93,4.60,7.95,4.10,4.81,3.32,2.51,0.62,2.32,-1.07,6.31,2.04,1.20,2.28,2.37,3.06,-0.15,0.73,3.50,-0.61,0.72,1.27,1.19,1.05,-0.47,-0.93,1.61,1.46,3.31,4.01,5.97,4.82,1.60,0.48,-0.55,0.09,-0.49,2.14,1.15,2.94,1.74,2.70,0.77,-0.84,,-1.10,-0.75,-0.57,-0.90,1.46,3.04,3.30,2.55,2.95,1.38,-0.50,,8.30,-2.60,10.20,2.70,3.40,,,,,,,3,1.40,,3.30,6.90,0.70,-0.36,,,,,,,,3,4.30,-1.40,1.40,0,,,,,2.20,,1,-0.80,1.80,2.10,1.80,,,0.20,,,-1,,,2.30,2.30,2.20,3.40,3.40,0.50,
2008-12-11 23:00,7.80,9.06,8.36,2.60,4.20,1.76,6.71,8.60,6.53,6.71,4.59,4.31,4.85,9.66,6.46,6.17,2.33,2.35,-2.10,7.62,4.33,5.24,1.48,,5.31,3.10,6.42,6.98,2.38,5.70,4.80,2.66,2.73,0.40,0.09,7.01,8.74,2.24,4.34,-2.05,4,3.61,4.79,-0.90,1.90,3.56,2.80,3.48,3.26,-0.65,-0.77,-0.78,-2.10,1.24,-1.90,1.46,-1.84,-2.60,-1.52,-1.97,-2.59,-3.20,-1.02,4.94,-0.88,5.31,0.46,3.02,2.40,0.59,4.08,2.15,4.09,3.96,6.09,3.94,5,8.08,3.73,4.70,3.89,2.58,0.71,2.40,-1.33,6.20,1.88,1.10,2.28,2.31,3.55,0.47,0.73,2.70,-0.65,0.75,1.17,1.06,1.11,-0.53,-1.11,1.57,1.50,3.42,4.06,5.97,4.78,1.60,0.64,-0.58,0.09,-0.51,2.09,1.12,2.91,1.50,2.60,0.68,-0.81,,-1,-0.72,-0.69,-0.91,1.48,3.03,3.30,2.29,2.93,1.41,-0.50,7.50,8.30,-2.60,10.40,2.40,3.50,,5.20,-3.40,5.70,4.70,3.80,2.90,1.90,0.20,3.90,6.40,0.70,0,,2.30,3.50,3.80,3.80,4.50,3.30,2.90,4.10,-1.60,1.30,0.20,2,2.10,4.30,4.10,2.10,0.40,1.10,-0.70,1.80,2.10,1.80,,2.90,0.20,-0.20,-0.30,-0.80,1.90,2.20,2.30,2.30,2.20,3.40,3.30,0.40,-1.40
2008-12-11 23:10,8.10,9.12,8.45,2.34,4.80,1.98,4.92,8.40,6.42,7.39,4.80,4.39,4.96,9.48,6.67,6.25,2.74,2.51,-2.20,7.86,4.23,5.13,1.65,,4.79,3.06,6.07,6.20,2.05,6.30,4.85,2.33,2.52,0.11,0,6.80,8.54,3.64,3.93,-2.15,4.70,3.74,4.69,0.12,1.40,5.07,2.70,3.59,4.04,-0.70,-0.69,-0.83,-1.59,1.23,-1.97,1.42,-2.29,-2.70,-1.32,-2.03,-2.79,-3.40,-1,5.07,-0.97,5.47,0.61,2.88,2.30,0.60,4.28,2.15,4.06,3.78,6.04,3.82,5.30,8.20,3.45,4.72,3.44,2.40,0.82,2.24,-1.39,6.09,1.90,1.10,2.30,2.42,3.51,0.90,0.63,2.30,-0.80,0.82,1.15,1.12,1.19,-0.59,-1.22,1.55,1.52,3.48,3.93,5.69,4.74,1.70,0.57,-0.63,0.14,-0.48,2.13,1.19,2.87,1.34,2.50,0.62,-0.86,,-1,-0.81,-0.76,-1.15,1.37,3,3.30,1.99,2.61,1.33,-0.60,,8.30,-2.90,9.90,2.40,2.90,,,,,,,2.70,2,,3.90,6.20,0.80,-0.33,,,,,,,,2.90,3.90,-1.50,1.20,0.20,,,,,2.10,,1.10,-0.60,1.80,2.10,1.80,,,0.20,,,-0.80,,,2.30,2.30,2.20,3.40,3.20,0.40,
2008-12-11 23:20,8.30,9.02,8.72,2.03,5.30,2.31,4.23,8.30,6.74,7.66,4.97,4.62,5.07,9.28,6.96,5.98,3.82,3.35,-2.40,8.13,4.27,4.95,1.91,,4.87,2.83,5.78,6.45,1.61,6.50,5.18,2.20,2.17,0.13,-0.11,6.85,8.16,5.50,4,-2.23,4.70,3.70,5.02,0.52,1.60,5.90,2.90,3.85,3.71,-0.35,-1.61,-1.01,-1.37,1.38,-1.99,1.27,-2.19,-2.90,-1.37,-2.14,-2.86,-3.40,-1,4.98,-1.16,5.33,0.70,2.92,2.30,0.59,4.34,2.16,3.86,3.83,6.34,3.86,5.40,8.22,3.34,4.55,2.61,2.10,0.71,2.83,-1.12,6.26,1.75,1.20,2.34,2.55,3.66,1.14,0.69,1.80,-0.82,1.11,1.11,1.14,1.08,-0.59,-1.29,1.52,1.53,3.37,3.96,5.51,4.57,1.90,0.42,-0.45,0.11,-0.50,2.19,1.23,2.98,1.35,2.40,0.56,-0.91,,-1,-0.79,-0.73,-0.98,1.50,2.95,3.50,1.67,2.55,1.18,-0.50,,8.20,-3.30,9.70,2.60,2.90,,,,,,,2.70,1.70,,4.10,6.40,0.60,-0.48,,,,,,,,3,3.70,-1.40,1.40,0.30,,,,,2.10,,1.10,-0.40,1.80,2.10,,,,0.40,,,-0.90,,,2.30,2.30,2.20,3.50,3.10,0.40,
2008-12-11 23:30,8.60,8.97,8.76,1.90,5.10,2.43,3.88,8.30,6.99,7.87,6.71,4.03,5.21,9.38,7.19,5.84,3.62,3.36,-2.40,8.11,4.13,5.14,1.50,,4.73,2.44,5.45,7.85,1.16,6.60,4.87,1.91,2.25,-0.40,-0.06,6.73,7.64,5.51,4.06,-2.21,4,3.80,5.14,0.15,1.90,6.34,2.90,3.78,3.56,0.26,-1.76,-1,-1.68,1.64,-2.01,1.16,-2.13,-2.90,-1.15,-2.26,-2.91,-3.50,-1.30,4.67,-1.22,5.64,0.72,2.88,2.40,0.92,4.41,2.29,3.91,3.83,6.30,3.68,5.10,8.03,3.38,4.38,2.04,1.80,0.14,2.45,-1.23,6.44,1.61,1.10,2.23,2.23,3.63,1.38,0.96,1.50,-1.01,0.95,0.94,0.98,1.02,-0.62,-1.13,1.55,1.58,3.24,3.84,5.57,4.70,1.80,0.36,-0.39,0.13,-0.55,2.21,1.26,2.91,1.35,2.30,0.50,-0.93,,-1,-0.94,-0.75,-0.79,1.42,3,3.50,1.67,2.47,0.98,-0.50,,8.40,-3.50,9.70,2.80,3,,,,,,,2.50,2.20,,4.30,6.50,0.60,-0.46,,,,,,,,3,3.40,-1.40,1.20,0.60,,,,,2.10,,1.10,-0.30,1.80,2.10,1.80,,,0.50,,,-0.90,,,2.40,2.30,2.20,3.50,3.10,0.40,
2008-12-11 23:40,8.80,8.04,8.65,1.95,4.90,2.66,3.79,8.40,6.73,8.10,7.85,3.79,5.51,9.34,7.26,5.94,3.60,2.90,-2.50,7.83,3.75,5.31,1.17,,5.14,2.14,5.93,8.26,0.69,6.60,4.52,2.33,2.36,-0.92,-0.07,6.16,6.97,6.22,4.40,-2.21,4,4.05,5.13,0.18,1.50,6.71,2.80,3.88,3.48,0.57,-1.77,-0.88,-1.36,1.60,-2.23,1.01,-2.12,-2.90,-1.26,-2.40,-2.91,-3.80,-1.59,4.73,-1.29,6.59,0.67,3.05,2.30,0.76,4.38,2.24,4.12,3.95,6.17,3.79,4.70,7.85,3.58,4.27,1.87,1.70,-0.19,2,-1.38,7.14,1.55,1.20,2.04,2.18,3.52,1.68,1.14,1.30,-1.12,0.38,0.88,0.92,1.08,-0.58,-1.03,1.56,1.34,3.37,3.97,5.39,4.80,1.90,0.33,-0.47,0.20,-0.52,2.22,1.23,2.91,1.44,2.20,0.55,-0.90,,-1,-0.78,-0.84,-0.74,1.34,3.16,3.60,1.84,2.44,0.89,-0.50,,8.50,-4.50,9.60,3.40,3.10,,,,,,,2.30,2.60,,4.70,6.40,0.60,-0.50,,,,,,,,3.10,3.50,-1.60,1.20,0.90,,,,,2.10,,1.10,-0.20,1.80,2.10,1.90,,,0.60,,,-0.80,,,2.40,2.30,2.20,3.60,3.10,0.40,
2008-12-11 23:50,8.70,7.96,8.59,1.97,4.60,2.89,4.25,8.80,6.67,7.45,8.22,4.07,5.55,8.83,7.22,6.05,3.31,2.64,-2.60,7.67,3.50,5.48,1.38,,4.69,2.07,6.23,8.44,0.40,6.50,4.58,2.80,2.40,-1.01,-0.27,4.48,6.19,4.72,4.44,-2.12,3.90,4.02,5.06,0.72,0.90,7.06,2.80,3.97,3.52,0,-1.89,-0.96,-1.62,1.09,-1.96,0.88,-2.38,-3,-1.56,-2.55,-2.93,-3.60,-1.64,4.60,-1.31,6.53,0.66,3.26,2.20,0.97,4.49,2.28,3.90,4.33,6.22,4.12,4.90,7.76,3.43,3.95,1.59,1.70,0.01,2.11,-1.29,5.56,1.38,1.20,2.02,2.33,3.41,2.03,0.90,1,-0.94,0.32,0.85,1,1.09,-0.54,-0.94,1.49,1.30,3.31,4.04,5.36,4.69,1.90,0.29,-0.51,0.29,-0.41,2.26,1.16,2.81,1.52,2.20,0.46,-0.91,,-1.10,-0.62,-0.87,-0.88,1.38,3.12,3.60,1.80,2.57,0.97,-0.50,,8.60,-4.50,9.80,3.40,3,,,,,,,2.20,2.50,,5,6.10,0.80,-0.57,,,,,,,,3.10,3.50,-1.60,1.20,0.80,,,,,2.20,,1,-0.20,1.70,2.10,1.90,,,0.60,,,-0.80,,,2.40,2.40,2.20,3.60,3.10,0.40,
2008-12-12 00:00,8.40,8.99,9,2.31,5.10,2.93,4.24,8.90,6.55,6.25,8.02,4.62,5.47,8.66,7.32,5.90,2.81,2.73,-2.80,7.66,3.65,5.92,1.42,,4.07,2.28,6.98,7.37,0.11,6.50,5.26,3.10,1.98,-0.93,-0.29,3.39,6.19,5.10,4.55,-2.32,4.40,3.93,5.58,1,0.80,7.24,3.10,4.11,3.40,-0.11,-2.05,-1.01,-1.94,0.55,-1.91,0.84,-2.57,-3,-1.69,-2.65,-3.06,-3.70,-1.62,4.65,-1.47,6.86,0.72,3.26,2.10,0.87,4.50,2.17,3.82,4.77,6.34,4.17,5,7.86,3.02,4.01,0.95,2,0.08,1.64,-0.94,5.21,1.47,1.20,1.95,1.92,3.28,2.11,1.19,0.90,-1.10,0.40,0.88,1.01,1.08,-0.50,-0.89,1.50,1.47,3.23,4.06,5.44,4.58,1.90,0.24,-0.45,0.17,-0.35,2.21,1.27,2.78,1.52,2.10,0.46,-0.99,,-1,-0.51,-0.92,-1.11,1.44,3.19,3.70,1.96,2.44,1.03,-0.60,6.80,9,-3.60,9.70,2.90,2.90,-1.20,2.80,-3.50,6.20,4.30,4.10,2.20,2.60,0.10,4.80,5.90,0.70,-0.30,-0.60,2.60,3.20,3.90,3.70,4.60,2.80,3.20,3.50,-1.50,1.30,0.70,2,2.10,4.10,4.20,2.20,0.40,1,-0.30,1.80,2.10,1.90,1.60,3,0.70,-0.10,-0.10,-0.70,2,2.20,2.40,2.40,2.20,3.70,3,0.40,-1.60
2008-12-12 00:10,8,9.25,8.80,5.09,5.49,2.62,4.07,8.80,6.43,5.17,7.80,4.51,5.42,8.87,7.24,5.67,3.75,2.91,-3.20,7.33,3.81,5.62,4.74,,6.30,2.39,6.85,5.86,0.07,6.50,5.92,3.18,2.17,-0.92,-0.49,3.92,6.67,5.94,4.65,-2.29,5.50,3.98,5.30,1.15,0.60,7.12,2.80,4.17,3.59,0.30,-2.01,-1.07,-2,0.71,-2.11,0.60,-2.54,-3,-1.74,-2.70,-3.13,-4,-1.55,4.66,-1.54,6.72,0.65,3.31,2.10,0.90,4.78,2.20,3.86,5.12,6.31,3.94,5.50,7.76,2.60,3.98,0.49,1.80,-0.05,1.37,-1.13,5.21,1.34,1.20,1.92,1.85,3.48,1.95,0.94,0.60,-1.20,-0.07,0.79,0.93,1.09,-0.52,-0.96,1.65,1.48,3.19,4.03,5.28,4.44,1.70,0.36,-0.40,0.28,-0.29,2.04,1.43,2.78,1.56,2.10,0.44,-1,,-1.10,-0.54,-0.86,-1.15,1.50,3.12,3.90,2.08,2.11,1.21,-0.60,,8.70,-3.60,9.50,1.90,2.40,,,,,,,2.30,2.80,,4.80,5.90,0.70,-0.60,,,,,,,,3.20,3.80,-1.50,1.30,0.70,,,,,2.20,,0.70,-0.20,1.70,2.10,1.90,,,0.70,,,-0.60,,,2.40,2.50,2.30,3.70,2.90,0.30,
2008-12-12 00:20,7.70,7.91,8.87,7.35,5.73,2.66,4.49,8.80,6.33,4.48,7.82,4.89,5.42,9.11,7.51,5.45,5.45,3.75,-3.20,6.29,3.93,5.68,8.51,,7.29,2.44,6.08,5.98,-0.18,6.50,6.27,2.86,2.86,-1.42,-0.73,5.12,7.07,7.97,4.81,-2.57,5.80,4.01,5.73,0.85,0.70,7.10,2.40,4.19,3.39,0.39,-1.94,-1.05,-1.71,0.74,-1.98,0.53,-2.55,-3.20,-1.50,-2.81,-3.23,-4.10,-1.50,4.75,-1.56,6.16,0.78,3.52,2.10,0.89,4.75,2.30,3.89,5.29,6.25,3.78,5.70,7.65,2.80,3.72,0.16,1.60,0.22,1.51,-1.11,7.21,1.61,1.30,2,2,3.44,2.21,0.88,0.30,-1.27,-0.07,0.85,1,1.12,-0.51,-1.01,1.63,1.44,3.15,3.83,5.22,4.33,1.50,0.36,-0.34,0.21,-0.22,2.09,1.51,2.72,1.47,2.10,0.51,-1.03,,-1.10,-0.56,-0.86,-0.96,1.51,3.11,4.10,2.10,2.07,1.01,-0.60,,7.80,-3.20,9.50,2.10,1.90,,,,,,,2.30,2,,4.70,5.50,0.60,-0.53,,,,,,,,3.30,3.70,-1.50,1.10,0.60,,,,,2.20,,0.70,-0.40,1.80,2.10,1.90,,,0.70,,,-0.60,,,2.50,2.50,2.20,3.70,2.80,0.20,
2008-12-12 00:30,7.60,7.96,8.82,8.12,5.76,2.78,5.12,8.80,6.47,3.80,7.43,5.09,5.60,9.34,7.67,5.45,5.83,3.31,-3.30,5.80,4.51,5.03,7.75,,7.22,2.87,5.42,6.53,-0.15,6.70,6.13,2.30,2.76,-1.18,-0.68,5.01,7.24,8.11,4.65,-2.71,5.80,3.90,5.83,0.58,0.80,6.94,2.60,4.33,3.16,0.75,-2.10,-1.07,-1.61,0.77,-1.89,0.52,-2.34,-3.10,-1.60,-2.95,-3.41,-4,-1.32,4.71,-1.72,6.59,0.71,3.70,2.40,0.78,4.68,2.29,3.86,5.39,6.24,4.09,5.70,7.71,2.80,3.89,0.12,1.70,0.11,1.41,-1.02,7.34,1.70,0.80,2.70,2.23,2.78,2.50,0.67,0.10,-1.41,-0.22,0.88,1,1.12,-0.51,-1.01,1.67,1.40,3.29,3.35,5.13,4.25,1.10,0.35,-0.25,0.19,-0.12,2.10,1.47,2.68,1.43,2.10,0.30,-0.94,,-1.10,-0.46,-0.86,-0.64,1.66,3.13,4.20,2.11,2.37,1.07,-0.70,,6.30,-3,9.40,2.10,2.40,,,,,,,2.40,0.50,,4.60,5.50,0.50,-0.46,,,,,,,,3.30,3.80,-1.30,1,0.30,,,,,2.20,,0.60,-0.40,1.80,2.10,1.90,,,0.80,,,-0.50,,,2.50,2.60,2.30,3.80,2.80,0.30,
2008-12-12 00:40,7.50,8.39,9.11,8.77,5.46,3.13,5.40,8.70,6.65,3.48,7.52,5.27,5.96,9.53,7.67,5.30,4.59,3.47,-3.10,5.12,4.85,4.35,4.75,,6.92,3.19,6.38,6.64,-0.05,6.70,6.04,2.26,2.82,-1.19,-0.67,3.99,6.77,8.06,4.93,-2.53,6.50,4.37,6.33,0.11,0.90,6.29,3,4.09,3.12,0.83,-2.13,-1.10,-1.32,0.98,-2.17,0.29,-2.32,-3.20,-1.35,-2.98,-3.46,-4.20,-0.50,4.48,-1.75,6.34,0.74,3.66,2.50,0.76,4.78,2.39,3.78,5.35,6.37,4.76,5.50,7.58,3,3.62,0.13,1.70,-0.22,1.49,-1.16,5.39,1.81,1.10,2.77,2.29,2.64,2.52,1.04,0,-1.56,-0.45,0.87,1.07,1.22,-0.47,-0.98,1.70,1.49,3.55,3.20,5.16,4,1,0.55,-0.31,0.22,0.01,2.12,1.62,2.67,1.47,2.20,0.36,-0.80,,-1.10,-0.43,-0.73,-0.64,1.44,3.27,4.30,2.09,2.22,1.06,-0.70,,6.50,-2.70,8.90,2.20,2.30,,,,,,,2.20,0.40,,4.80,5.90,0.40,-0.46,,,,,,,,3.30,3.80,-1.20,1.10,0.30,,,,,2.30,,0.60,-0.40,1.80,2.10,1.90,,,0.70,,,-0.50,,,2.60,2.60,2.30,3.80,2.70,0.30,
2008-12-12 00:50,7.50,8.09,9.08,8.93,5.27,3.28,5.06,8.80,6.56,3.25,7.82,5.51,6.07,9.47,7.72,5.24,3.85,3.14,-3,4.88,5.03,3.73,3.95,,6.92,2.70,6.97,6.55,0.24,6.50,5.60,2.81,2.68,-1.45,-0.77,4.39,6.27,7.65,4.70,-2.81,6.40,4.39,6.63,1.49,1.30,5.83,2.90,3.41,3.26,0.62,-1.71,-1.31,-1.61,1.10,-2.40,0.29,-2.59,-3.20,-1.06,-3.12,-3.39,-4.30,2.45,4.69,-1.89,5.90,0.99,3.48,2.50,0.77,4.75,2.34,3.78,5.53,6.44,4.71,5.50,7.60,3.70,3.57,0.08,1.40,-0.35,1.67,-1.29,5.28,1.57,1.10,2.68,2.25,3.39,1.56,0.90,0.10,-1.62,-0.63,0.96,1.11,1.15,-0.49,-0.93,1.69,1.62,3.50,3.22,5.18,3.79,1.20,0.75,-0.23,0.15,-0.03,2.12,1.64,2.59,1.52,2.20,0.49,-0.84,,-1,-0.40,-0.67,-0.55,1.53,3.32,4.20,2.13,2.30,1.15,-0.60,,6.50,-2.30,8.70,3.30,2,,,,,,,1.90,1,,4.70,6.40,0.50,-0.52,,,,,,,,3.20,3.40,-1.30,0.90,0.40,,,,,2.20,,0.60,-0.20,1.80,2.10,2,,,0.60,,,-0.60,,,2.60,2.70,2.40,3.70,2.70,0.30,
2008-12-12 01:00,7.50,7.26,9.01,8.71,5.38,3.06,3.94,8.70,6.56,3.10,8.01,5.55,6.36,7.94,7.61,5.17,4.49,2.95,-2.90,5.04,4.90,4.40,3.16,,7.23,2.17,7.32,6.80,0.44,6.30,5.67,3.22,2.84,-1.72,-0.21,5.43,6.61,7.73,4.89,-2.95,6.40,4.34,6.49,4.13,1.10,6.45,3.50,3.24,3.43,0.36,-1.79,-1.38,-2.04,1.12,-2.55,0.36,-2.80,-3.20,-1.26,-3.15,-3.32,-4.20,4.90,4.65,-2.03,5.84,0.97,3.13,2.20,0.59,4.66,2.28,3.77,5.49,6.34,4.21,5.30,7.60,3.40,3.62,-0.17,1.10,-0.10,1.44,-1.57,6.57,1.58,0.80,2.50,2.31,3.78,0.96,0.60,0.20,-1.42,-0.72,1.16,1.08,1.26,-0.53,-0.85,1.75,1.67,3.53,3.39,5.18,3.62,1.30,0.63,-0.17,0.01,-0.01,2.08,1.68,2.65,1.49,2.10,0.62,-0.92,,-0.90,-0.45,-0.62,-0.55,1.73,3.33,4.30,2.08,2.26,1.01,-0.70,5.40,6,-2.80,8.50,3.10,1.50,-1.20,2,-3.50,6,2.90,5.40,2,1.80,0.40,4.80,6.80,0.50,-0.20,,2.60,3.40,4,4.10,4.60,2.60,3.10,3.40,-1.20,0.80,0.40,1.90,2.10,4.10,4,2.10,0.40,0.60,-0.20,1.90,2.10,2,1.80,3.10,0.30,-0.30,0,-0.50,2.20,2.30,2.60,2.70,2.40,3.80,2.70,0.30,-1.60
2008-12-12 01:10,7.30,6.79,9.26,8.56,5.10,2.89,4.12,8.80,6.47,2.80,8.23,3.91,6.43,7.29,7.59,5.43,5.15,2.51,-3.10,4.03,4.62,4.71,2.75,,6.86,2.04,6.96,6.73,1.07,5.90,6.20,2.67,3.40,-1.52,0.10,6.01,6.61,7.56,4.65,-2.99,5.50,4.14,6.35,4.55,0.60,7.18,3.50,3.48,3.29,2.27,-1.86,-1.37,-2.18,0.92,-2.46,0.19,-3.02,-2.50,-1.42,-3.29,-3.31,-4.40,3.79,4.16,-2.04,5.45,0.95,3.02,2.10,0.64,4.49,2.27,3.76,5.42,6.25,4.26,5.10,7.43,3.70,3.61,-0.24,1.20,-0.17,1.95,-1.52,8.02,1.76,0.30,2.11,2.15,3.48,0.41,0.35,0.20,-1.48,-0.70,1.34,1.07,1.22,-0.48,-0.99,1.55,1.59,3.76,3.35,5.16,3.50,1.50,0.80,-0.27,-0.05,0.09,2.08,1.84,2.66,1.47,2.10,0.76,-0.91,,-0.90,-0.32,-0.57,-0.53,1.69,3.43,4.20,2.06,2.03,1.06,-0.70,,6.50,-4.70,7,2.70,1.60,,,,,,,2,1.70,,4.80,6.90,0.60,-0.50,,,,,,,,2.90,3.40,-1.20,0.80,0.40,,,,,2.10,,0.60,-0.10,1.80,2.10,2,,,0.30,,,-0.60,,,2.60,2.70,2.40,3.80,2.60,0.20,
2008-12-12 01:20,7.20,6.39,9.29,8.44,5.10,3.35,4.14,8.40,6.77,2.46,7.68,4.29,6.12,6.13,7.67,6.05,5.62,2.30,-3,3.87,4.44,4.48,2.83,,6.72,2.09,6.55,6.16,1.71,5.80,6.27,2.16,4.41,-1.40,-0.03,6.37,6.91,7.32,4.57,-3.02,5.10,4.06,6.14,3.91,0.30,8.19,4.30,3.68,3.24,3.16,-2.10,-1.25,-1.90,0.64,-2.63,-0.04,-3.15,-2.50,-1.53,-3.35,-3.28,-4.50,2.08,4.35,-2.05,5.57,1.19,2.91,1.90,0.80,4.43,2.19,3.85,5.40,6.38,4.11,4.80,7.37,4,3.64,0.05,1.60,-0.08,1.87,-1.54,7.57,1.84,-0.40,1.82,2.19,3.18,0.16,0.02,0.20,-1.66,-0.51,1.12,0.95,1.13,-0.46,-0.98,1.54,1.67,3.76,3.18,5.12,3.38,1.60,1.07,-0.24,0.04,0.12,2.12,1.95,2.69,1.45,2,0.87,-0.96,,-1,-0.22,-0.58,-0.60,1.76,3.41,4.10,2.06,2.06,1.11,-0.60,,7.50,-5.30,7.60,2.60,2.20,,,,,,,2,1.90,,5,,0.50,-0.50,,,,,,,,3,3.50,-1,0.70,0.40,,,,,2,,0.60,-0.10,1.80,2.10,,,,0.20,,,-0.50,,,2.70,2.80,2.40,3.80,2.60,0.30,
2008-12-12 01:30,7.30,6.37,9.16,8.48,5.40,3.84,4.21,7.60,6.57,2.01,6.44,4.73,6,6.21,7.72,6.42,5.68,2.35,-3.10,3.95,4.46,5.81,2.19,,7.04,1.99,6.61,5.72,1.98,5.90,6.40,1.84,3.55,-1.46,-0.32,6.71,7.22,7.52,3.95,-3.05,5.20,4.29,6.34,3.62,0.60,8.61,4.40,3.76,3.03,3.21,-2.07,-1.16,-1.62,0.25,-2.80,-0.16,-3.07,-2.70,-1.58,-3.52,-3.33,-4.40,1.29,4.37,-1.97,5.70,1.24,2.96,1.80,0.70,4.35,2.42,3.74,5.27,6.35,3.78,4.90,7.31,3.90,3.29,0.03,2,0.12,1.67,-1.51,7.20,1.94,-0.40,2.02,2.29,3.39,0.83,-0.05,0.10,-1.98,-0.49,1,0.90,1.31,-0.51,-0.91,1.66,1.70,3.77,3.42,5.08,3.23,1.70,0.81,-0.30,0.13,0.20,2.08,1.85,2.64,1.41,2,0.94,-0.98,,-0.90,-0.08,-0.61,-0.50,1.68,3.46,3.90,1.98,2.22,1.05,-0.60,,7.60,-5.60,7.90,1.60,2,,,,,,,2,2.30,,5.10,6.90,0.40,-0.47,,,,,,,,3.10,3.40,-1.20,0.50,0.50,,,,,2,,0.60,0,1.80,2.10,2,,,0.10,,,-0.20,,,2.70,2.80,2.40,3.80,2.60,0.30,
2008-12-12 01:40,8,6.07,9.11,8.55,5.70,3.70,4.28,7.10,5.99,1.87,6.19,3.68,5.88,6.73,7.70,6.45,3.82,2.48,-3.10,3.33,4.16,5.91,1.74,,7.31,1.91,5.90,5.60,1.73,6.40,6.61,1.51,3.26,-1.73,-0.64,7.28,7.26,7.46,3.18,-3.30,5.30,4.38,6.47,4.24,0.20,8.59,4.40,3.48,3.40,3.38,-2.08,-1.23,-1.59,-0.08,-2.71,-0.05,-2.85,-2.90,-1.48,-3.50,-3.27,-4.70,1.64,4.12,-1.96,6.66,1.45,2.96,1.80,0.56,4.40,2.51,3.83,5.31,6.27,3.71,5.10,7.32,3.60,2.88,-0.05,2.30,0.20,1.79,-1.19,7.40,1.69,-0.10,2.15,2.16,3.97,0.41,-0.10,0,-2.06,-0.70,1.21,0.90,1.16,-0.54,-0.84,1.74,1.79,3.68,3.35,5.16,3.08,1.50,0.37,-0.42,0.25,0.26,2,1.78,2.58,1.33,2,1.08,-0.99,,-0.90,-0.22,-0.53,-0.29,1.73,3.45,3.90,2.02,2.15,1.03,-0.60,,7.90,-5.10,8.10,1.20,1.50,,,,,,,1.90,2.40,,4.90,6.90,0.50,-0.47,,,,,,,,2.90,2.20,-1.40,0.60,0.60,,,,,2,,0.50,0,1.80,2.10,2,,,0,,,-0.30,,,2.80,2.70,2.40,3.80,2.60,0.30,
2008-12-12 01:50,8.60,5.95,8.98,8.61,5.70,3.56,3.79,6.90,6.16,1.59,7.25,3.30,5.55,8.13,7.62,6.42,5.33,2.28,-3.10,3.27,4.42,5.78,1.56,,7.28,1.69,5.65,6.02,2.10,7.10,6.91,1.33,2.82,-1.48,-0.76,7.34,7.25,7.50,3.09,-3.03,5.50,4.35,6.54,4.57,-0.10,7.79,4.80,3.55,3.13,3.24,-2.28,-1.36,-1.58,-0.09,-2.90,-0.15,-2.75,-3,-1.38,-3.54,-3.15,-4.50,4.61,4.43,-1.98,6.56,1.38,2.98,1.70,0.48,4.44,2.44,3.77,5.18,6.30,3.70,5,7.46,3.50,2.70,-0.02,2.20,-0.14,1.95,-0.83,7.37,1.63,0.20,1.57,2.41,3.56,0.82,-0.19,-0.10,-2.10,-0.86,1.27,0.88,1.19,-0.61,-0.67,1.68,1.64,3.76,3.32,5.15,3.11,1.30,0.23,-0.47,0.44,0.28,1.97,1.88,2.72,1.27,2,0.95,-1.05,,-0.80,0.11,-0.51,-0.21,1.85,3.54,3.90,2.01,1.97,1,-0.50,,7.90,-4.50,8.50,1.90,1.60,,,,,,,1.80,2.50,,4.70,6.90,0.60,-0.49,,,,,,,,2.70,2.80,-1.30,0.80,0.60,,,,,1.90,,0.60,0,1.80,2.10,2,,,0,,,-0.30,,,2.80,2.70,2.50,3.70,2.60,0.30,
2008-12-12 02:00,8.80,6.14,9.13,8.70,5.80,3.90,3.15,6.30,6.36,1.43,8.79,3.93,5.44,7.39,7.49,6.65,5.75,2.58,-2.60,2.70,4.35,5.78,1.21,,7.66,1.68,7.17,6.10,2,7.50,6.59,1.01,2.76,-1.63,-0.80,6.96,7.02,7.24,3.39,-3.47,6.30,4.38,6.62,4.46,0,6.71,4.50,3.75,3.16,4.10,-2.30,-1.54,-1.62,-0.02,-3.04,-0.07,-3,-3,-1.32,-3.50,-2.84,-4.80,6.16,4.06,-2.03,6.79,1.70,2.94,2,0.35,4.33,2.47,3.79,4.98,6.47,3.70,4.60,7.41,3.10,2.52,0.20,2,-0.14,1.76,-0.71,7.61,1.77,0.20,1.74,2.33,3.19,0.38,-0.53,-0.20,-2.21,-1.04,1.37,1.07,1.24,-0.70,-0.74,1.55,1.63,3.79,3.23,5.01,3.05,1,0.73,-0.47,0.59,0.42,1.97,1.84,2.84,1.20,2.10,0.89,-1.03,,-0.80,0.21,-0.46,-0.16,1.74,3.50,3.80,2.01,2,1.08,-0.50,8.70,6.30,-4.40,8.30,3.30,2,-1.30,2.20,-3.50,6.60,2.80,3.40,2,2.70,1.50,4.70,7,0.70,-0.30,-0.80,2.30,3.30,3.70,4.90,4.40,1.90,2.50,3.70,-1,0.90,0.60,1.90,2.10,4.10,3.50,1.80,0.60,0.70,0,1.80,2.10,2.10,2,3,-0.10,-0.20,,-0.30,,2.50,2.80,2.70,2.60,3.60,2.60,0.30,-1.50
2008-12-12 02:10,8.80,5.85,8.99,8.70,5.54,4.26,3.07,6.10,6.29,1.32,8.76,3.75,5.61,7.58,7.55,6.60,5.01,2.80,-2.30,2.63,4.32,4.56,0.77,,7.50,1.76,7.94,6.44,1.97,7.70,6.38,1.22,2.56,-1.63,-0.92,6.75,7.02,6.84,3.46,-3.12,6.40,4.05,6.50,4.43,-0.10,7.13,4.80,4.50,2.77,4.32,-2.66,-1.49,-2.02,0.17,-3.03,0.01,-3.04,-2.90,-0.97,-3.44,-2.59,-4.80,6.63,4,-1.95,7.20,2.02,3.09,2,0.31,4.42,2.49,3.76,4.95,6.44,3.73,4,7.58,2.74,2.44,0.77,1.70,-0.07,1.69,-0.57,7.51,1.85,0.40,1.88,2.63,3.64,1.12,-0.35,-0.30,-2.23,-1.05,1.26,1.10,1.18,-0.77,-0.71,1.38,1.74,3.69,3.17,4.89,2.87,0.90,1.19,-0.56,0.43,0.47,2,1.78,2.83,1.24,2,0.75,-1,,-0.80,0.27,-0.35,-0.34,1.61,3.49,3.60,2.09,2.18,1.09,-0.50,,6.20,-3.20,8.10,2.70,1.80,,,,,,,2.20,1.10,,4.70,6.70,0.50,-0.57,,,,,,,,2.50,3.40,-0.80,0.90,0.60,,,,,1.80,,0.60,0,1.80,2.10,2.10,,,-0.10,,,-0.40,,,2.80,2.60,2.60,3.60,2.70,0.30,
2008-12-12 02:20,8.50,5.62,9.08,8.77,5.40,4.44,2.89,5.70,6.52,1.21,8.80,4.22,5.85,6.23,7.62,6.52,5.14,2.77,-2.20,2.65,4.74,4.08,0.79,,7.35,2.11,8.44,6.18,1.91,7.70,6.14,1.01,2.76,-1.49,-0.79,6.59,6.89,6.75,3.79,-3.39,6.10,4.05,6.46,4.60,-0.20,7.55,4.70,5.18,2.47,4.90,-2.60,-1.36,-1.83,0.05,-2.99,0.24,-3.03,-2.20,-0.99,-3.25,-2.25,-4.50,6.69,3.68,-1.87,7.05,1.56,3.10,1.90,0.37,4.17,2.69,3.71,4.80,6.45,3.82,3.80,7.66,2.68,2.11,0.26,1.80,0.27,1.94,-0.68,7.73,2.09,0.90,1.84,2.86,3.40,1.85,-0.43,-0.40,-2.14,-1.01,1.25,1.19,1.25,-0.83,-0.54,1.39,1.77,3.60,3.03,4.75,2.73,0.80,1.18,-0.61,0.41,0.52,1.85,1.78,2.72,1.27,2.10,0.96,-1.09,,-0.90,0.17,-0.36,-0.42,1.87,3.44,3.60,2.16,1.91,0.86,-0.40,,4,-3.10,8.70,2.30,0.70,,,,,,,1.80,1.70,,4.70,6.30,0.40,-0.58,,,,,,,,2.40,2.20,-0.70,0.80,0.70,,,,,1.80,,0.60,0.10,1.80,2,2.10,,,-0.10,,,-0.30,,,2.80,2.60,2.60,3.50,2.70,0.30,
2008-12-12 02:30,8.30,5.77,9.04,8.74,5.46,4.30,2.79,5.60,6.70,1.01,8.87,4.30,5.76,5.94,7.68,6.44,4.59,2.74,-2,2.59,4.99,4.37,0.54,,7.32,2.20,7.56,6.22,2.07,6.70,5.21,0.78,2.79,-1.75,-0.77,6.44,6.87,6.73,3.25,-3.42,5.90,3.98,6.27,4.60,-0.30,7.68,5.20,5.55,1.86,5.01,-2.17,-1.37,-1.67,-0.01,-2.63,0.40,-3.08,-2.40,-1.19,-3.24,-1.98,-4.70,6.75,3.28,-1.81,6.70,1.52,3.11,1.80,0.20,4.14,2.71,3.61,4.78,6.40,3.79,3.90,7.88,2.61,1.91,0.13,2,0.34,2.41,-0.67,7.67,2.34,1.20,2.94,2.70,2.84,1.70,-0.36,-0.30,-2.34,-0.78,1.20,1,1.28,-0.54,-0.42,1.28,1.73,3.61,2.82,4.53,2.66,0.70,1.29,-0.54,0.34,0.61,1.76,1.72,2.64,1.42,2.10,0.78,-1.03,,-0.90,0.17,-0.13,-0.28,1.88,3.31,3.50,2.13,2.19,0.84,-0.40,,3.10,-2.60,8.60,1.50,1.50,,,,,,,1.80,2.10,,4.50,6,0.40,-0.57,,,,,,,,2.20,2.30,-0.30,0.90,0.70,,,,,1.80,,0.50,0.20,1.70,1.90,2.10,,,-0.10,,,-0.40,,,2.80,2.70,2.70,3.40,2.70,0.30,
2008-12-12 02:40,8.20,5.51,8.91,8.48,5.10,3.81,2.22,5.70,7.14,1.01,8.72,2.81,5.67,5.59,7.51,6.38,4.66,2.36,-2,2.06,5.34,3.96,0.20,,7.39,2.12,7.83,6.43,3.16,6.10,5.04,0.52,2.69,-1.80,-0.80,6.23,6.91,6.88,2.61,-3.28,5.90,3.95,6.10,4.22,-0.50,8.14,5.50,5.36,0.88,5.24,-2.22,-1.48,-1.59,0.01,-2.30,-0.12,-2.66,-2.40,-1.28,-3.30,-1.54,-4.60,6.47,2.69,-1.75,6.23,1.42,2.93,1.60,0.41,3.78,2.64,3.61,4.64,6.38,3.89,3.90,8.23,3.11,1.98,-0.11,1.70,0.22,2.43,-0.48,7.22,2.46,1.40,3.41,2.95,2.33,1.44,-0.25,-0.20,-2.16,-0.65,1.25,1.10,1.34,-0.43,-0.38,1.12,1.80,3.71,2.66,4.53,2.61,0.70,1.29,-0.58,0.24,0.62,1.83,1.75,2.56,1.37,2,0.71,-1.05,,-0.80,0.22,0.05,-0.19,1.72,3.19,3.60,2.08,2.25,0.71,-0.60,,2.90,-2,8.90,2.40,1.70,,,,,,,1.70,2.80,,4.70,5.90,0.40,-0.54,,,,,,,,1.90,2.30,-0.30,0.90,0.80,,,,,1.80,,0.70,0.20,1.70,1.90,2,,,-0.20,,,-0.30,,,2.80,2.70,2.80,3.40,2.70,0.20,
2008-12-12 02:50,7.90,5.35,8.83,8.26,5.27,2.79,2.26,5.70,6.76,1.16,9.06,2.52,5.70,5.38,7.33,6.23,4.74,1.99,-2,2.27,5.58,5.41,0.27,,7.83,1.93,6.65,5.81,4.34,6.30,4.77,0.54,2.28,-1.88,-0.80,6.53,6.95,6.88,2.82,-3.50,5.90,3.78,5.91,3.91,-0.30,8.69,5.80,5.56,1.20,5,-0.68,-1.26,-1.87,0.09,-2.29,-0.27,-2.86,-2.60,-1.53,-3.39,-0.69,-4.60,6.22,2.42,-1.71,5.80,1.53,2.97,1.60,0.27,3.63,2.63,3.55,4.70,6.23,3.74,3.70,8.39,3.08,1.86,0.01,1.50,-0.36,2.46,-0.23,5.90,2.24,1.20,3.56,2.86,2.36,1.20,-0.37,-0.20,-1.13,-0.66,1.09,1.21,1.41,-0.30,-0.45,1.04,1.85,3.73,2.53,4.84,2.58,0.60,1.31,-0.66,0.20,0.60,1.76,1.81,2.56,1.46,2,0.65,-1.22,,-0.80,0.29,0.18,0.03,1.86,3.14,3.40,2.12,2.12,0.86,-0.60,,2.60,-1.70,8.80,2.70,1.80,,,,,,,2.20,2.50,,4.50,5.70,0.20,-0.50,,,,,,,,1.90,2.70,-0.10,0.70,0.90,,,,,1.70,,0.70,0.20,1.60,1.90,2.10,,,-0.10,,,-0.30,,,2.90,2.60,2.80,3.40,2.70,0.40,
2008-12-12 03:00,7.90,5.59,8.96,7.80,5.24,2.05,2.67,5.60,6.75,1.58,9.07,2.67,5.62,5.48,7.34,6.24,4.38,2.05,-2.10,3.04,5.56,5.75,0.22,,8.05,2.11,7.21,5.15,4.83,5.90,4.35,0.80,2.18,-1.80,-0.76,6.78,6.76,6.97,3.10,-3.42,5.60,3.65,5.75,2.93,-0.40,8.19,5.90,5.89,1.74,4.74,-0.32,-1.22,-2.38,0.15,-2.13,-0.49,-2.92,-2.70,-2.06,-3.28,-0.71,-4.80,5.98,2.44,-1.81,5.87,1.99,3.02,1.50,0.18,3.37,2.54,3.44,4.48,6.16,3.46,3.70,8.39,2.97,1.98,-0.41,1.60,-0.11,2.57,-0.31,3.74,2.01,1.10,3.08,2.60,2.48,0.90,-0.50,-0.30,-1.03,-0.69,0.91,1.20,1.49,-0.23,-0.36,1.22,1.71,3.88,2.52,4.83,2.59,0.50,1.24,-0.74,0.02,0.74,1.71,1.64,2.52,1.66,2,0.52,-1.21,,-0.90,0.25,0.49,0.04,1.73,3.19,3.40,2.18,2.01,0.86,-0.50,9.10,3.30,-1.40,7.90,2.20,0.80,,1.90,-3.50,6.40,3,3.10,2.10,2.80,0.60,4.70,7.10,0.20,-0.40,-0.90,2.20,2.80,3.70,3.70,3.90,1.90,1.70,2.70,0.10,0.50,0.80,1.20,2.10,4,2.40,1.70,0.50,0.70,0.20,1.20,1.90,2.10,2.10,3,-0.20,-0.40,0.20,-0.30,2.20,2.60,2.90,2.60,2.80,3.40,2.70,0.30,-1
2008-12-12 03:10,7.60,5.47,8.99,7.30,5.35,1.83,2.92,5.80,7.18,1.63,6.99,2.51,5.65,4.94,7.38,6.22,4.07,2.21,-2.10,2.18,4.90,5.49,0.01,,8.09,2.24,7.25,4.72,5.19,5.70,4.29,0.59,2.38,-2.03,-0.71,6.62,7,7.28,2.82,-3.55,5.60,3.41,5.64,2.77,-0.30,7.08,6.20,5.86,2.77,4.48,0.02,-1.23,-2.16,0.08,-2.29,-0.47,-2.45,-2.80,-2.36,-3.21,-0.37,-4.80,5.87,2.18,-1.94,5.38,2.30,3,1.80,0.31,3.43,2.48,3.33,4.54,6.15,3.25,3.80,8.12,3,2.39,-0.56,1.80,0.23,2.53,-0.25,3.32,2.05,1,2.46,3.16,2.20,0.56,-0.70,-0.30,-0.84,-0.47,0.87,1.17,1.43,-0.21,-0.25,1.59,1.80,3.94,2.44,4.75,2.47,0.40,1.05,-0.81,0.03,0.80,1.55,1.61,2.38,1.77,2,0.43,-1.22,,-0.80,0.27,0.81,0.20,1.82,3.17,3.30,2.09,1.87,0.78,-0.50,,2.60,-2.10,7.30,2.30,0.60,,,,,,,2.30,2.60,,4.70,6.20,0.10,-0.43,,,,,,,,1.40,2.30,0,0.40,0.90,,,,,1.70,,0.80,0.20,1.20,1.80,2.10,,,-0.20,,,-0.30,,,2.90,2.60,2.80,3.40,2.80,0.20,
2008-12-12 03:20,7.40,5.14,9.03,6.93,4.69,2.02,2.59,5.60,7.13,1.68,6.24,3.23,5.60,4.89,7.59,6.17,3.67,1.91,-2,1.93,4.33,5.77,-0.08,,8.10,2.18,7.48,4.71,5.36,5.60,5.06,0.77,2.12,-2.13,-0.72,6.59,6.96,7.43,3.07,-3.44,5.20,3.38,5.41,1.93,-0.30,6.82,6.20,5.86,2.48,4.35,0.45,-1.18,-1.95,0.03,-2.42,-0.32,-0.42,-2.60,-2.75,-3.44,-0.58,-5,5.71,2.11,-2.13,5.03,2.75,2.96,1.90,0.06,3.33,2.59,3.22,4.58,6.40,3.34,3.60,8.18,2.90,2.33,-0.52,1.80,0.56,2.64,-0.35,3.19,1.98,1.10,2.13,3.52,2.42,0.23,-0.70,-0.30,-0.71,-0.65,0.71,1.16,1.39,-0.19,-0.28,1.63,1.79,3.96,2.50,4.78,2.41,0.50,1.02,-0.71,0.19,0.81,1.33,1.70,2.54,1.70,1.90,0.35,-1.10,,-0.80,0.35,0.85,0.33,1.81,3.11,3.30,2.10,1.85,0.66,-0.40,,2.40,-2.60,6.90,3,0.70,,,,,,,2.10,2.50,,4.70,5.70,0.10,-0.53,,,,,,,,1.20,1.80,0,0.60,0.90,,,,,1.60,,0.70,0.20,1,1.80,,,,-0.20,,,-0.20,,,2.90,2.60,2.90,3.40,2.70,0.30,
2008-12-12 03:30,7.30,5.15,8.81,6.65,4.50,2.12,2.41,5.80,7.11,1.79,7.61,3.09,5.51,4.82,7.53,6.24,3.77,1.62,-2.10,2.11,3.92,5.63,-0.09,,8.31,2.27,8.19,4.95,5.73,5.50,4.88,0.77,2.41,-2.01,-0.86,6.94,6.69,7.56,2.94,-3.37,5,3.19,5.44,1.40,-0.30,6.56,6.10,5.83,2.50,4.24,0.48,-1.15,-2.34,-0.15,-2.69,-0.44,3.12,-1.10,-2.72,-3.71,-0.68,-5.20,5.09,1.94,-2.33,4.88,2.96,3.09,1.60,0,3.35,2.72,3.09,4.55,6.29,3.29,3.70,8.20,2.80,2.09,-0.37,1.70,0.11,2.47,-0.16,2.86,2.03,1.20,1.24,3.36,1.72,-0.02,-0.50,-0.20,-0.76,-0.61,0.76,1.17,1.43,-0.24,-0.15,1.67,1.81,3.76,2.80,5.10,2.05,0.60,1.04,-0.62,0.11,0.82,1.25,1.76,2.45,1.65,1.90,0.35,-1.13,,-0.80,0.47,1.01,0.35,1.84,2.99,3.30,2.14,2.03,0.58,-0.40,,2.90,-2.80,6.70,4,0.60,,,,,,,2.20,2.40,,4.40,5.90,-0.10,-0.46,,,,,,,,1.30,1.20,-0.10,0.60,1,,,,,1.50,,0.70,0.30,0.90,1.60,2.20,,,-0.10,,,-0.20,,,2.90,2.60,2.80,3.40,2.70,0.20,
2008-12-12 03:40,7.20,5.12,8.33,6.33,4,2.10,2.69,5.90,7.27,1.87,8.61,2.97,5.16,4.54,7.26,6.35,2.92,1.70,-2.20,2.01,3.62,5.54,-0.14,,7.97,2.93,8.37,5.17,5.88,5.20,4.90,0.73,2.53,-1.97,-1,6.91,6.68,7.72,2.74,-3.56,4.40,3.17,5.07,2.07,-0.40,6.35,5.70,5.84,2.29,3.99,0.71,-1.24,-2.83,-0.27,-2.94,-0.39,4.95,0.40,-2.96,-3.86,-0.38,-5.40,4.75,2,-2.51,4.97,3.07,3.01,1.50,-0.04,3.21,2.55,3.19,4.64,6.36,3.50,4,7.99,3.30,2.21,-0.38,1.40,0.06,2.42,-0.01,2.43,2.17,0.80,0.79,3.02,1.41,-0.18,-0.52,-0.20,-0.76,-0.49,0.57,1.16,1.39,-0.28,0.04,1.72,1.74,3.86,2.95,5.15,2,0.60,0.95,-0.54,0.15,0.85,1.14,1.72,2.39,1.52,1.80,0.33,-1.22,,-0.60,0.45,1.15,0.63,1.95,2.91,3.30,2.12,2.12,0.54,-0.40,,2.70,-2.60,6.50,3.40,0.70,,,,,,,1.80,2.20,,4.10,6.20,-0.40,-0.46,,,,,,,,1.20,1.60,-0.20,0.80,1,,,,,1.40,,0.60,0.30,0.70,1.40,2.30,,,-0.10,,,-0.10,,,2.90,2.70,2.90,3.30,2.60,0.20,
2008-12-12 03:50,6.80,4.80,8.25,6.07,3.50,2.17,3.04,5.30,6.59,2.31,8.34,3.28,5.17,4.46,7,6.34,2.50,1.71,-2.30,1.92,3.16,6.07,0.13,,7.60,2.76,8,5.40,5.86,5,4.88,0.99,2.50,-2.11,-0.91,6.86,6.52,8.06,2.71,-3.37,3.90,3.12,5.02,3.82,-0.30,6.54,5.20,5.82,2.17,4.05,0.35,-1.34,-2.82,-0.46,-3.20,-0.33,4.36,-0.30,-3.19,-3.85,0.06,-5.30,4.85,1.65,-2.48,4.92,2.98,2.94,1.40,-0.16,2.96,2.41,3.40,4.51,6.29,3.53,4.20,7.86,3.30,1.99,-0.53,1.30,0.52,2.41,-0.26,3.33,1.96,0.20,0.54,2.77,1.31,-0.38,-0.40,-0.10,-0.64,-0.54,0.62,1.24,1.57,-0.30,0.12,1.68,1.82,3.87,3.13,5.23,1.90,0.80,0.91,-0.40,0.06,0.86,1.01,1.65,2.39,1.41,1.90,0.33,-1.14,,-0.60,0.35,1.16,0.74,1.99,2.87,3.30,2.14,2.02,0.55,-0.30,,3.10,-2.80,6.20,3.70,1.50,,,,,,,1.80,2,,4.20,5.80,-0.50,-0.40,,,,,,,,0.90,2.50,-0.40,0.80,1,,,,,1.30,,0.70,0.30,0.50,1.20,2.30,,,-0.20,,,0,,,2.90,2.70,2.90,3.30,2.60,0.20,
2008-12-12 04:00,7.10,4.66,8.20,5.76,3.30,2.69,3.59,5,6.37,2.05,8.25,3.27,5.25,4.85,7.02,6.17,2.32,1.63,-2.20,1.93,2.90,5.85,0.13,,7.35,2.30,8.05,5.64,5.87,5.40,4.78,1.04,2.55,-2.33,-0.54,6.95,6.40,8.23,2.82,-3.56,3,3.21,5.04,4.35,-0.20,6.48,4.80,6.02,1.77,3.90,0.22,-1.45,-2.58,-0.71,-3.52,-0.22,2.79,-0.60,-3.18,-3.83,2.03,-5.20,4.75,1.51,-2.36,4.35,2.77,2.47,1.30,-0.11,2.85,2.39,3.46,4.27,6.19,3.75,4.20,8.24,3.10,2.19,-0.56,0.90,0.24,2.23,-0.41,4.26,1.76,-0.20,0.34,2.53,2,-0.51,-0.45,0,-0.71,-0.60,0.80,1.10,1.58,-0.41,-0.02,1.65,1.79,3.75,3.22,5.35,1.76,0.80,0.87,-0.20,0.19,0.81,0.88,1.63,2.42,1.24,1.90,0.50,-1.17,,-0.40,0.32,1.21,0.83,1.93,2.88,3.20,2.10,2.12,0.50,-0.40,8.20,4.90,-3.20,6.10,3.40,1.40,-1.20,1.80,-3.70,6.60,2.80,2.60,2,2.20,0.70,3.90,5.70,-0.50,-0.40,-1.20,2.30,2.60,3.50,3.60,3.20,1.40,1.10,2.30,-0.60,0.70,1.20,0.20,2.20,4,2,1.20,0.60,0.80,0.30,0.30,0.80,2.30,2.20,3.10,-0.30,0,0.10,0.10,2.40,3,2.90,2.70,2.90,3,2.70,0.20,0.10
2008-12-12 04:10,7.10,4.44,8.06,5.54,3.33,2.96,4.33,5.50,6.24,1.67,7.89,3.81,5.32,5.60,7.01,6.30,2.03,1.65,-2,3.31,2.81,5.47,0.12,,7.08,2.13,7.64,5.94,5.63,6.40,4.61,1.60,2.81,-2.29,-0.08,6.95,6.18,8.21,2.97,-3.67,2.50,2.19,4.53,4.50,-0.20,6.18,4.80,5.94,1.84,3.76,0.01,-1.66,-3.21,-0.84,-3.77,-0.26,2.93,0.80,-2.97,-3.83,3.98,-5.10,4.74,1.28,-2.25,3.69,2.21,2,1.30,-0.23,2.91,2.46,3.50,4.05,6.23,3.61,4.10,8.23,2.90,2.03,-0.55,0.80,0.24,2.04,-0.48,4.02,1.49,-0.10,0.21,2.60,2.01,-0.65,-0.33,0,-0.83,-0.55,0.82,1.16,1.40,-0.44,-0.13,1.58,1.84,4.02,3.19,5.52,1.72,0.70,0.97,-0.16,0.16,0.85,0.73,1.60,2.45,1.19,1.90,0.38,-1.15,,-0.40,0.53,1.37,0.80,1.87,2.84,3.30,2.07,2.15,0.59,-0.20,,7.20,-3.60,6.10,4.80,1.80,,,,,,,2,1.90,,3.90,5.60,-0.40,-0.31,,,,,,,,1.20,1.30,-0.60,0.70,1.20,,,,,1.10,,0.70,0.30,0.30,0.80,2.30,,,-0.30,,,0.10,,,3,2.70,2.90,3.10,2.60,0.20,
2008-12-12 04:20,7,4.22,7.86,5.14,3.67,3.12,3.52,5.90,6.23,1.53,7.70,4.62,5.04,6.22,6.83,6.42,1.64,1.53,-2,6.46,2.85,5.10,0.12,,7.15,2.19,7.87,5.78,5.46,6.20,4.59,1.92,2.74,-2.31,-0.13,6.93,6.24,7.86,2.69,-3.61,2.20,2.08,4.13,4.48,-0.10,6.55,4.80,5.85,1.77,3.76,-0.15,-1.69,-2.48,-1.06,-3.85,-0.08,4.25,2.20,-2.68,-3.65,3.31,-4.80,4.55,1.10,-2.21,3.61,1.98,1.79,1.30,-0.15,2.81,2.33,3.41,3.78,6.29,3.57,4.10,8.05,3.40,1.87,-0.59,0.50,0.21,2.11,-0.28,3.91,1.57,0.30,0.39,3.18,2.24,-0.51,-0.16,0,-0.87,-0.70,0.80,1.20,1.34,-0.39,-0.23,1.50,1.97,4.13,2.98,5.65,1.64,0.50,0.85,-0.10,0.27,0.82,0.63,1.69,2.36,1.25,1.80,0.26,-1.07,,-0.30,0.48,1.53,1.06,1.89,2.77,3.30,2.09,2.30,0.65,-0.20,,7.40,-3.30,6.10,5.40,1.40,,,,,,,2.20,0.90,,3.60,6.10,-0.40,-0.44,,,,,,,,1.20,0.80,-0.50,0.60,1.20,,,,,1,,0.80,0.40,0.20,0.60,,,,-0.20,,,0.20,,,3,2.80,2.90,3.10,2.60,0.20,
2008-12-12 04:30,7.10,4.47,7.77,4.82,3.40,3.35,2.79,6,6.24,1.51,7.52,5.06,4.99,7.05,6.86,6.35,1.27,1.38,-2.10,6.84,2.86,5.13,0.31,,7.30,2.23,7.78,5.64,5.27,5.60,4.27,2.21,2.79,-1.96,0.70,6.98,7.23,7.86,2.84,-3.41,2.30,2.77,3.73,4.63,-0.10,6.66,4.60,5.75,1.75,3.82,-0.27,-1.86,-2.61,-1.12,-3.66,1.18,4.85,3.50,-1.53,-3.41,3.56,-4.60,4.42,0.92,-2.18,3.27,1.98,1.77,1.50,-0.01,2.72,2.42,3.37,3.73,6.17,3.46,4.30,8.25,4.10,1.75,-0.52,0.90,0.23,2.26,-0.36,1.65,1.62,0.50,0.40,2.45,2.28,-0.45,-0.18,0,-0.75,-0.74,0.84,1.16,1.27,-0.15,-0.25,1.53,1.97,3.82,3.27,5.59,1.50,0.40,0.67,0.05,0.28,0.87,0.44,1.60,2.28,1.23,1.80,0.13,-1.06,,-0.20,0.41,1.56,0.94,1.86,2.76,3.30,2.13,2.30,0.51,-0.20,,7.50,-3.30,6.40,5.30,2,,,,,,,2.10,1.30,,3.50,5.80,-0.30,-0.51,,,,,,,,1.20,1,-0.60,0.60,1.20,,,,,0.90,,0.70,0.50,0.20,0.50,2.30,,,-0.20,,,0.20,,,3,2.80,3,3,2.60,0.20,
2008-12-12 04:40,7.20,5.24,7.93,4.65,3.20,3.41,2.82,6.50,6.25,1.32,7.54,5.15,5.23,7.80,6.85,6.27,1.40,1.39,-2.10,7.61,2.93,5.23,2.47,,7.24,2.28,7.72,5.77,5.15,5.20,4.02,2.37,2.75,-1.78,0.30,7,7.82,7.60,3.01,-3.23,2.50,3.45,4.42,4.92,0,6.65,4.60,5.63,2.05,3.85,-0.57,-1.79,-3.03,-1.09,-3.45,2.97,4.72,3.90,1.72,-3.34,3.96,-4.40,4.44,0.84,-2.04,3.14,1.73,1.72,1.20,-0.18,2.64,2.37,3.43,3.49,6.16,3.51,4.50,8.34,4.70,1.69,-0.33,0.80,0.20,2.75,-0.41,1.58,1.63,0.50,0.33,2.60,2.44,-0.51,-0.10,0,-0.67,-0.91,0.96,1.08,1.28,-0.07,-0.18,1.68,1.92,3.70,3.35,5.63,1.43,0.40,0.53,0.10,0.27,0.97,0.44,1.76,2.37,1.16,1.60,0.15,-1.15,,-0.20,0.57,1.50,0.91,2.06,2.80,3.20,2.22,2.11,0.56,-0.10,,7.40,-3.10,8.50,5.40,2.90,,,,,,,1.30,2,,3.40,5.80,0.10,-0.55,,,,,,,,1.20,0.20,-0.70,0.50,1.30,,,,,0.80,,0.80,0.60,0.20,0.40,2.30,,,-0.30,,,0.30,,,3.10,2.80,3,3.20,2.70,0.30,
2008-12-12 04:50,7.40,6.41,7.58,4.57,3.10,3.92,2.51,6.90,5.96,1.44,7.32,5.13,5.10,7.77,6.78,6.14,1.85,1.46,-2.10,8.49,2.92,5.82,4.04,,7.84,2.65,7.37,5.85,5.34,5.10,4.01,3.29,2.58,-1.64,0.04,6.98,8.51,7.64,2.89,-3.04,3,3.31,4.55,4.66,0.40,6.46,4.70,5.63,2.06,3.97,-0.47,-1.87,-3.17,-0.98,-3.66,2.99,4.38,4.40,2.04,-3.10,4.47,-3.90,4.42,0.99,-1.93,2.99,1.51,1.69,1.10,-0.25,2.54,2.33,3.43,3.39,6.16,3.54,4.80,8.27,5.10,1.40,-0.40,0.80,0.18,2.71,-0.46,1.44,1.26,0.30,0.23,2.62,2.66,-0.49,-0.02,0,-0.94,-1.01,0.92,1.04,1.24,-0.13,-0.33,1.67,2.07,3.68,3.09,5.76,1.35,0.50,0.61,0.17,0.27,0.96,0.34,1.73,2.01,1.05,1.50,-0.02,-1.24,,-0.10,0.69,1.62,0.80,1.87,2.79,3.30,2.12,2.08,0.46,0,,7.60,-4.10,9.30,6,4.20,,,,,,,1.30,2.50,,3.50,5.50,0.20,-0.65,,,,,,,,1.10,0.20,-0.60,0.60,1.30,,,,,0.80,,0.90,0.60,0.20,0.40,,,,-0.40,,,0.50,,,3.10,2.80,3,3.30,2.70,0.40,
2008-12-12 05:00,7.30,6.05,7.65,4.34,3.20,3.39,2.19,7.30,5.78,1.89,7.09,5,5.03,7.66,6.75,6.21,2.27,1.33,-2,6.77,3.04,6.45,4.26,,8.11,2.37,7.58,6.26,5.45,5,3.90,4.51,2.38,-1.41,-0.01,6.20,8.43,7.82,3.06,-2.86,2.30,2.39,4.53,5.06,0.60,5.78,4.50,5.55,2.01,4.04,0.68,-1.74,-3.12,-0.85,-3.70,1.55,5.12,4.70,4.98,-2.77,4.10,-3.60,4.26,1.04,-1.84,3.07,1.34,1.67,1.10,-0.40,2.66,2.36,3.54,3.17,6.32,3.42,4.70,8.08,4.47,1.19,-0.57,0.80,0.17,2.54,-0.40,1.58,1.13,0.30,0.64,2.37,3.23,-0.38,-0.12,0.10,-1.04,-0.90,0.87,1.03,1.16,-0.21,-0.43,1.67,1.96,3.45,2.87,5.90,1.02,0.50,0.71,0.03,0.27,0.89,0.38,1.82,1.94,1.09,1.30,-0.19,-1.11,,-0.10,0.77,1.55,0.96,1.90,2.83,3.30,2.01,2.12,0.44,0.10,6,7.80,-4.70,9.20,5.70,4.90,,1.90,-4,6.50,2.80,2.30,1.30,1.10,1,3.70,5.70,0.40,-0.80,-0.10,2.10,2.60,3.50,4,2.40,1,1.30,0.30,-0.60,0.60,1.10,0.20,2,4,1.80,0.70,0.40,1,0.50,0.20,0.40,2.40,2.30,3.10,-0.20,0.30,,0.60,2.50,3,3.10,2.80,3,3.20,2.60,0.40,0.80
2008-12-12 05:10,7.50,5.41,7.84,4.17,3.47,3.16,2.39,7.70,5.86,2.61,7.20,4.81,4.84,7.77,6.75,6.17,2.52,1.39,-2.10,5.36,2.91,5.94,3.86,,8.08,2.33,7.66,6.24,5.49,5.20,3.93,6.20,2.25,-1.39,-0.17,3.96,8.51,7.03,3.22,-2.73,2,2.02,4.39,4.90,0.40,5.31,4.60,5.61,2.02,4.14,0.46,-1.80,-3.21,-0.69,-3.47,1.30,5.73,4.60,5.80,-2.14,3.61,-2.30,4.29,0.96,-1.80,3.24,1.09,1.54,0.90,-0.42,2.34,2.60,3.52,3.10,6.21,3.46,4.50,8.09,4.38,1.06,-0.37,0.80,0.11,2.80,0.23,1.91,1.05,0.10,1,2.56,3.05,-0.37,-0.18,0.20,-1.30,-0.73,0.96,0.95,1.35,-0.18,-0.59,1.62,1.98,3.58,2.64,6.16,0.82,0.40,0.97,0,0.33,0.98,0.47,1.74,2.05,1.09,1.30,-0.20,-1.07,,0,0.87,1.51,1.15,1.97,2.91,3.20,1.97,1.99,0.47,0.20,,8,-4,9.40,5.60,5.90,,,,,,,1.10,2.20,,3.60,6,0.50,-0.74,,,,,,,,1,-0.20,-0.80,0.70,1.10,,,,,0.70,,1,0.50,0.20,0.40,2.40,,,-0.20,,,0.50,,,3.10,2.80,3,3.20,2.50,0.40,
2008-12-12 05:20,7.40,5.22,7.88,4.14,3.63,3.67,2.12,7.60,6.10,2.56,7.13,4.66,4.53,7.76,6.69,5.88,2.83,1.26,-2.10,5.12,3.04,6.01,4.33,,7.75,2.38,7.90,6.62,5.52,5.30,3.92,6.97,2.04,-1.19,-0.18,2.78,8.15,4.98,3.32,-2.89,2.20,2.05,4.24,4.93,0.40,5.08,4.70,5.44,2.29,3.86,0.48,-1.78,-3.54,-0.43,-3.20,1.76,5.60,4.80,6.31,-1.90,3.09,2.70,4.28,0.64,-1.73,3.28,0.71,1.43,1.10,-0.47,2.14,2.55,3.47,2.98,6.18,3.67,4.60,7.98,4.33,0.99,-0.80,0.50,0.26,3.04,-0.14,1.49,1,-0.10,1.22,2.62,2.43,-0.35,-0.07,0.10,-1.25,-0.79,0.98,0.87,1.30,-0.17,-0.54,1.45,2.03,3.43,2.28,6.46,0.80,0.40,1.04,-0.02,0.22,0.94,0.41,1.77,1.82,0.86,1.20,-0.39,-1.01,,0.10,0.81,1.59,1.07,1.99,2.82,3.20,1.79,1.78,0.54,0.40,,7.80,-4,9.30,5.80,6.30,,,,,,,1,1,,4.10,6,0.40,-0.66,,,,,,,,0.70,-0.60,-0.70,0.70,1.20,,,,,0.70,,1,0.50,0.20,0.40,2.40,,,-0.30,,,0.60,,,3.10,2.90,3,3.30,2.40,0.50,
2008-12-12 05:30,7.50,4.96,7.87,3.92,3.80,3.34,1.99,7.20,5.35,2.47,6.97,4.80,4.44,7.89,6.67,5.76,3.72,1.53,-2.10,5.90,3.03,5.78,3.81,,7.30,2.63,7.45,7.34,5.38,6.80,3.99,6.33,2.17,-1.08,-0.18,1.65,8.22,5.38,3.64,-3.01,1.90,1.47,4.18,4.94,0.20,5.10,4.70,5.43,2.39,3.70,0.07,-1.79,-3.67,-0.31,-2.98,2.79,5.40,4.70,6,-1.85,2.21,3.10,4.07,0.63,-1.43,3.39,0.27,1.45,1,-0.45,2.19,2.44,3.57,2.90,6.06,3.82,4.60,7.84,4.43,0.97,-0.94,0.40,-0.03,2.75,-0.33,1.14,0.85,-0.50,1.53,3.17,2.06,-0.27,0.02,-0.10,-1.44,-0.50,1.02,0.66,1.14,-0.18,-0.45,1.47,2.03,3.60,2.19,6.49,0.94,0.40,1.17,-0.04,0.20,0.91,0.17,1.68,1.86,0.83,1.10,-0.47,-0.99,,0.20,0.80,1.61,1.10,2,2.86,3.30,1.74,1.77,0.63,0.40,,8.20,-4.30,9.70,5.10,5.50,,,,,,,1.20,0.40,,4.20,6,0.50,-0.62,,,,,,,,0.50,-0.40,-0.70,0.80,1.30,,,,,0.70,,1.10,0.50,0.20,0.40,2.30,,,-0.30,,,0.70,,,3.10,2.90,3,3.30,2.30,0.40,
2008-12-12 05:40,7.50,4.94,7.72,4.02,4,3.32,2.01,7.30,5.18,2.50,6.93,4.89,4.38,8.16,6.67,5.93,4.75,1.42,-2,5.72,2.93,6.02,4.71,,7.20,3.32,6.45,7.48,5.33,7.20,3.98,6.01,2.61,-1.18,-0.31,1.57,8.21,4.67,3.32,-2.98,1.80,2.03,4.26,4.93,0.30,4.94,4.80,5.46,2.22,3.66,-0.04,-1.80,-3.75,-0.16,-2.71,3.51,5.67,4.70,6,-1.80,1.56,4,4.04,0.68,-1.34,3.39,0.17,1.61,1.10,-0.48,1.98,2.12,3.47,2.85,6.23,3.77,4.30,8.16,4.58,0.96,-0.81,0.30,-0.16,2.82,-0.31,0.84,0.74,-0.40,1.81,2.68,1.99,-0.28,-0.07,-0.10,-1.30,0.20,0.93,0.48,1.07,-0.23,-0.46,1.36,2.07,3.53,2.19,6.47,0.89,0.50,0.95,-0.18,0.07,1.01,0.29,1.51,1.87,0.77,0.90,-0.39,-0.98,,0.30,0.96,1.56,1.28,2.08,2.84,3.20,1.65,1.93,0.54,0.50,,8,-4.10,9.60,4.80,4.60,,,,,,,1.90,0.10,,4.40,5.90,0.50,-0.56,,,,,,,,0.30,-0.50,-0.60,0.80,1.30,,,,,0.70,,1.20,0.50,0.20,0.40,,,,-0.20,,,0.70,,,3.10,2.90,3,3.30,2.20,0.50,
2008-12-12 05:50,7.90,6.76,7.72,3.95,3.70,2.96,2.12,8,5.13,2.50,7.03,4.90,4.25,8.28,6.60,5.66,4.71,1.47,-2,4.12,2.97,5.84,4.69,,7.11,3.16,6.36,7.57,5.40,6.70,4.11,6.21,2.82,-1.29,-0.32,1.70,8.12,4.20,2.72,-2.62,1.30,0.25,4.21,4.83,0.70,4.89,4.80,5.65,2.06,3.85,-0.34,-1.92,-3.54,-0.07,-2.43,4.60,5.73,4.50,6.22,-1.86,1.26,4.80,4.31,0.57,-1.31,3.44,0.17,1.99,1,-0.38,1.68,2.14,3.55,2.71,6.26,3.94,4.40,8.07,4.43,0.96,-0.88,0.20,-0.28,2.88,-0.14,0.30,0.96,-0.30,1.70,2.84,1.61,-0.40,-0.27,-0.20,-0.96,3.76,0.79,0.46,1.10,-0.18,-0.76,1.14,2.09,3.47,2.25,6.28,0.98,0.60,0.98,-0.20,0.04,1.07,0.19,1.36,1.65,0.62,0.90,-0.35,-1.04,,0.40,1.05,1.47,1.31,2.17,2.78,3.20,1.60,1.47,0.39,0.60,,7.80,-4.60,9.60,4.50,4.90,,,,,,,2,1.20,,3.80,6.50,0.30,-0.55,,,,,,,,0.20,-0.50,-0.30,0.80,1.50,,,,,0.80,,1.20,0.60,0.20,0.40,2.20,,,-0.20,,,0.70,,,3.20,2.90,3,3.30,2.10,0.50,
2008-12-12 06:00,8,8,7.48,5,4,3.10,1.69,8.40,5.47,2.52,7.04,5.46,4.09,8,6.57,5,4,1.44,-1,3.81,3.09,6.56,4.36,9,7,4,6.78,7.39,5,7,3,8,2.51,-2,-0.24,2,8,4,3,-2,2,0.12,4,5,0.80,4.70,5,5.63,2,3.85,0,-2,-3.30,-0.11,-2.18,3,6,4,5,-1.87,0.90,4,4.38,0.27,-1.23,3.66,0.10,2.25,1,-0.42,1.68,2.15,3.62,2.63,6.31,3.75,4.50,7.93,5,1,-1,0,-0.67,3,0.17,0.50,-1,-0.70,1.45,2.68,1.24,-0.35,0,-0.30,-1,3.61,0.90,0.55,1.07,-0.16,-0.76,1.17,2.02,3.49,2.29,5.96,1.04,1,1.02,-0.23,0.03,1.02,0.40,1.40,1.60,0.59,0.80,-0.33,-0.92,,0.40,1.12,1.38,1.22,2.12,3,3,1.46,2.40,0.63,0.70,7,8,-4,9.60,4.70,4.80,,2,-4,6,3,2,2,2,0.60,3.80,6.60,0.40,-0.60,-0.80,1.90,3,4,3.80,2.10,0.90,0,-0.40,-0.20,0.90,1.40,0.30,0.70,3.90,0.80,0.70,0.90,1.10,0.50,0.20,0.50,1.90,,3.10,-0.10,0.40,0.60,0.80,2.60,3.20,3.20,2.90,3,3.30,2.10,0.60,1.20
2008-12-12 06:10,8.30,8.38,7.34,5.05,4.30,3.24,1.79,8.40,5.46,2.45,7.08,5.51,3.80,8.21,6.61,5.44,4.42,1.26,-1.90,3.70,3.18,6.97,3.77,,6.69,3.38,6.99,7.31,5.30,6.60,3.85,7.74,2.24,-1,-0.20,2.29,8,3.12,2.32,-2.54,1.10,0.12,4.36,4.78,1,4.58,4.90,5.51,2.11,3.95,-0.67,-2.02,-3.07,-0.10,-2.01,2.98,6,4.70,6.12,-1.88,0.54,3.90,4.42,0.64,-1.26,3.85,0.12,2.20,1,-0.58,1.63,2.15,3.53,2.42,6.29,3.67,4.60,7.86,4,1.70,-0.27,-0.30,-0.36,2.52,-0.05,0.94,1.12,-1.10,2.19,2.58,1.31,-0.48,-0.38,-0.30,-1.02,3.29,1,0.55,1.06,-0.03,-0.80,1.08,1.95,3.54,2.31,5.90,1.07,1,1.08,-0.17,-0.03,1.08,0.36,1.46,1.53,0.62,0.80,-0.49,-0.84,,0.60,1.02,1.32,1.04,2.14,2.72,3.30,1.23,1.50,0.83,0.80,,8,-4.20,9.70,5.50,4.70,,,,,,,2,0.30,,3.80,6.50,0.50,-0.46,,,,,,,,0.10,-0.50,-0.20,0.80,1.50,,,,,0.80,,1.10,0.50,0.20,0.50,1.90,,,-0.10,,,0.90,,,3.20,3,3.10,3.30,2,0.50,
2008-12-12 06:20,8.40,8.46,7.34,6.84,4.30,3.09,2.45,8.30,5.56,2.46,7.11,5.31,3.69,7.86,6.64,5,4.53,1.20,-1.90,3.71,3.22,6.88,3.43,,6.25,3.93,6.99,7.24,5.47,6.70,3.65,8.62,2.29,-0.93,-0.29,2.07,7.93,2.98,2.16,-2.66,1.10,0.09,4.39,4.80,1.30,4.53,4.90,5.47,1.79,3.90,-0.67,-2.20,-3.43,-0.25,-1.64,2.23,5.88,4.50,5.78,-2,0.53,4.30,4.49,0.35,-1.31,4.04,0.26,1.70,0.90,-0.71,1.61,2.22,3.46,2.39,6.17,3.72,4.40,7.60,3.80,1.50,-0.65,-0.40,-0.81,2.20,-0.09,1.57,0.99,-1.30,2.68,2.65,0.91,-0.51,-0.55,-0.10,-1.04,6.12,1.13,0.53,1.11,-0.02,-0.79,1.11,2.02,3.53,2.29,5.46,1.07,1.20,1.05,-0.08,0.04,1.15,0.37,1.24,1.55,0.48,0.80,-0.53,-0.88,,0.50,1.08,1.31,1.01,2.06,2.74,3.20,1.16,1.23,0.36,0.90,,7.80,-3.90,9.70,5.60,4.50,,,,,,,1.90,0.50,,3.60,6.50,0.30,-0.38,,,,,,,,-0.10,-0.60,-0.30,0.80,1.30,,,,,0.70,,1.20,0.40,0.20,0.60,1.80,,,-0.10,,,1.10,,,3.20,2.90,3.10,3.30,2,0.60,
2008-12-12 06:30,8.50,8.52,7.02,7.13,4,2.93,3.39,7.90,5.39,2.47,7,5.81,3.63,7.75,6.63,4.75,3.89,1.49,-1.90,3.57,3.23,5.75,3.23,,6.22,3.97,7.34,7.13,5.55,6.50,3.72,8.86,2.18,-0.85,-0.41,1.66,7.93,2.86,2.17,-2.64,1.30,-0.03,4.48,5.06,1.70,4.47,5.20,5.52,1.88,3.76,-0.68,-2,-3.52,-0.18,-1.48,1.95,5.71,4.50,5.47,-2,0.69,4.20,4.42,0.53,-1.32,3.59,0.13,1.11,0.90,-0.69,1.56,2.33,3.43,2.67,5.97,3.77,4.10,7.18,3.70,1.42,-0.11,-0.40,-1.23,1.90,-0.05,1.88,0.91,-1.40,2.70,2.53,0.72,-0.59,-0.66,-0.20,-0.77,6.56,1.08,0.55,1.09,-0.17,-0.68,1.20,1.83,3.60,2.30,5.12,1.14,1.10,1.17,-0.04,0.20,1.14,0.35,1.32,1.53,0.55,0.80,-0.56,-0.81,,0.60,1.14,1.31,1.13,2.23,2.78,3.30,1.12,1.27,0.47,1,,8.40,-3.90,9.60,5.70,4.10,,,,,,,1.60,1.50,,3.70,6.70,0.30,-0.38,,,,,,,,0,-0.70,0,0.70,1.30,,,,,0.70,,1.20,0.30,0.20,0.60,,,,-0.10,,,1,,,3.20,2.90,3.10,3.30,2,0.60,
2008-12-12 06:40,8.50,8.41,6.82,7.01,3.60,2.77,4.87,7.90,5.28,2.25,7.10,5.95,3.39,7.88,6.73,4.53,3.41,1.68,-1.90,3.44,3.19,5.66,3.74,,6.17,4.10,6.88,7.13,5.62,6.70,3.71,9.24,2.04,-1.05,-0.38,1.41,7.98,2.50,2.49,-2.42,1.50,-0.12,4.24,4.99,1.90,4.32,5.10,5.57,2,3.74,-0.56,-1.95,-3.55,-0.28,-1.21,2.30,5.17,4.40,5.88,-2.04,0.83,4.20,4.36,0.60,-1.23,3.94,0.19,0.83,1,-0.70,1.52,2.26,3.54,2.86,5.94,3.46,4,6.80,3.80,1.55,0.03,-0.50,-1.36,1.80,0.05,2.68,0.95,-1.30,2.75,2.48,0.53,-0.65,-0.67,-0.10,-0.68,6.84,0.99,0.53,1.01,-0.24,-0.70,1.18,1.89,3.61,2.24,4.70,1.13,1,0.96,0.07,0.31,1.23,0.32,1.18,1.57,0.56,0.80,-0.49,-0.82,,0.60,1.24,1.39,1.01,2.23,2.73,3.20,1.01,1.34,0.54,1.10,,7.70,-3.80,9.40,6.20,4.90,,,,,,,1.30,1.80,,3.60,6.50,0.40,-0.31,,,,,,,,0.10,-0.80,0.20,0.70,1.30,,,,,0.80,,1.20,0.40,0.30,0.60,1.20,,,0,,,1.10,,,3.20,2.90,3.10,3.30,2.10,0.70,
2008-12-12 06:50,8.40,8.51,6.68,6.45,3.90,2.63,3.77,7.70,5.73,1.96,7.09,6.02,3.35,7.70,7,4.41,3.64,1.67,-1.90,3.53,3.42,3.25,4.97,,6.26,4,7.11,7.18,5.72,6.60,3.74,9.22,1.85,-0.94,-0.34,1.39,7.92,2.71,2.72,-2.42,2,0.29,4.35,5.09,2.20,4.90,4.90,5.60,2.12,3.69,-0.78,-1.77,-3.49,-0.14,-0.54,3.13,5.14,4.40,5.77,-1.95,1.72,4.20,4.49,0.73,-1.10,3.94,0.14,0.65,1,-0.56,1.47,2.19,3.68,2.98,5.61,3.23,3.90,6.36,4.10,1.69,-0.41,-0.10,-1.37,1.38,0.36,2.90,0.84,-1.40,2.84,2.86,0.23,-0.54,-0.72,0,-0.65,7.41,1.04,0.69,1.08,-0.19,-0.72,1.23,1.62,3.62,1.99,4.59,1.14,1,0.95,0.14,0.44,1.18,0.38,1.12,1.31,0.53,0.80,-0.43,-0.82,,0.60,1.23,1.39,0.86,2.24,2.81,3.10,1.01,1.28,0.55,1.20,,7.70,-3.50,9.30,6,4.60,,,,,,,1.60,1.60,,3.40,6.20,0.40,-0.27,,,,,,,,0.10,-1.20,0.30,0.70,1.30,,,,,0.80,,1.30,0.50,0.30,0.70,1,,,0,,,1.20,,,3.20,3,3.20,3.40,2,0.70,
2008-12-12 07:00,8.30,8.42,6.57,5.99,3.90,2.68,5.14,8.20,5.75,2.01,6.98,5.97,3.13,7.34,6.95,4.28,3.09,1.67,-1.80,3.39,3.35,2.94,3.53,,6.47,4.15,7.21,7.12,5.83,6.10,3.81,8.78,1.87,-0.84,-0.30,1.23,8.05,2.74,3.20,-2.48,2.10,0.91,4.59,4.85,2.10,5.76,4.90,5.44,2.16,3.62,-1.04,-1.58,-3.14,-0.21,-0.15,3.70,5.02,4.50,5.28,-1.86,3.06,1.80,4.43,0.72,-1.01,3.79,0.08,0.53,1.20,-0.69,1.43,2.23,3.77,2.80,5.66,3.44,3.90,6.07,4.20,1.14,-0.47,-0.10,-1.50,1.47,0.28,3.14,0.72,-1.30,2.98,3.15,0.26,-0.48,-0.67,0.10,-0.55,6.29,0.98,0.91,1.18,-0.34,-0.64,1.10,1.59,3.59,2.17,4.30,1.04,1.10,0.69,0.14,0.43,1.30,0.41,1,1.33,0.52,0.80,-0.39,-0.74,,0.70,1.21,1.54,1.05,2.26,2.75,3.10,1.08,1.30,0.63,1.30,5.80,7.90,-3.40,9,6.10,5.80,-1.20,1.90,-4.70,5.80,1.40,2.70,1.80,0.50,0.60,3.10,6,0.40,-0.40,-0.90,1.50,2.80,3.60,3.80,1.60,0.90,0,-1.40,0.40,0.70,1.40,0.30,0.20,3.80,0.40,0.90,1.10,1.30,0.40,0.40,0.80,0.90,2.60,3.20,-0.20,0.60,1,1.20,2.20,3.30,3.20,3,3.10,3.30,1.80,0.70,1.60
2008-12-12 07:10,8.20,8.38,6.59,5.89,3.78,2.46,7.35,8.10,5.87,2.13,6.86,6,3.14,6.73,6.90,4.53,2.64,1.62,-1.80,3.24,3.37,3.09,3.40,,6.45,3.86,7.49,7.09,5.77,6.60,3.60,8.30,1.95,-0.93,-0.37,1.12,8.13,2.52,3.49,-2.19,2.20,1.02,4.75,4.83,2,5.98,4.80,5.53,2.27,3.67,-0.48,-1.40,-2.69,-0.09,-0.17,3.46,5.36,4.60,5.49,-1.62,4.13,0.90,4.67,0.76,-0.91,3.80,0.21,0.44,1,-0.72,1.57,2.32,3.88,2.87,5.44,3.37,3.90,5.81,4.01,0.88,-0.46,0.04,-1.38,1.34,0.47,2.90,0.72,-1.30,3.67,3.44,0.29,-0.05,-0.52,0.20,-0.49,6.79,1.10,1.06,1.23,-0.32,-0.47,1.24,1.46,3.46,2.21,3.72,0.82,1,0.63,0.27,0.38,1.32,0.37,0.90,1.21,0.54,0.80,-0.47,-0.75,,0.70,1.34,1.54,1.33,2.31,2.87,3.20,0.96,1.40,0.64,1.40,,8.40,-3.50,9.60,6.10,6,,,,,,,1.60,1.80,,3,5.80,0.30,-0.13,,,,,,,,0.20,-1.40,0.60,0.80,1.40,,,,,0.90,,1.40,0.50,0.40,0.80,0.90,,,-0.20,,,1.40,,,3.20,3,3.10,3.30,1.70,0.70,
2008-12-12 07:20,8.20,8.34,6.45,6.09,3.66,2.20,8.63,8.30,5.70,1.97,6.90,5.90,3.25,6.56,7,4.35,2.27,1.65,-1.70,3.13,3.51,2.95,3.18,,6.58,3.75,7.39,6.69,5.73,7.20,3.24,8.03,1.86,-0.92,-0.28,1.70,8.13,2.38,3.66,-2.11,2.50,1.18,4.70,4.86,2.10,6.05,4.80,5.38,2.44,3.92,-0.22,-1.30,-2.80,-0.13,0.05,3.89,5.83,4.70,5.24,-1.49,4.38,0.70,4.91,0.96,-0.91,4.21,0.28,0.35,1,-0.70,1.47,2.47,4.07,2.83,5.47,3.55,3.90,5.68,4.15,1.17,-0.42,-0.14,-1.26,1.45,0.50,2.21,0.65,-1.10,4.20,3.12,0.77,0.19,-0.43,0.80,-0.26,6.48,1.15,1.20,1.37,-0.19,-0.43,1.48,1.30,3.42,2.44,3.44,0.94,1,0.62,0.28,0.55,1.34,0.40,0.90,1.32,0.58,0.70,-0.41,-0.64,,0.70,1.25,1.45,1.32,2.36,2.98,3.20,0.98,1.32,0.57,1.50,,7.80,-3.20,9.60,5.80,6.30,,,,,,,1.80,0.10,,2.90,5.60,0.30,-0.08,,,,,,,,0.20,-1.50,0.90,0.90,1.50,,,,,0.90,,1.50,0.70,0.40,0.80,0.80,,,-0.30,,,1.40,,,3.20,3,3.20,3.40,1.70,0.80,
2008-12-12 07:30,8.10,8.32,6.39,6.22,3.71,2.24,8.52,8.40,5.47,1.83,6.89,5.97,3.38,6.11,6.94,4.28,2.29,1.22,-1.60,3.42,3.42,2.99,3.04,,6.60,3.91,7.38,6.41,5.82,6.60,3.35,7.54,1.99,-0.81,-0.12,1.70,8.08,2.38,3.46,-2.19,2.30,1.47,4.71,4.82,1.90,6.18,5,5.35,2.65,3.96,-0.19,-1.11,-2.69,0.26,0.52,4.05,6.04,4.90,5.53,-1.39,4.49,1.70,4.96,0.91,-0.77,4.07,0.24,0.32,1,-0.70,1.38,2.42,4.47,2.89,5.38,3.91,3.80,5.91,4.30,1.23,-0.42,-0.04,-1.06,1.10,0.50,1.62,0.61,-1.10,4.42,3.13,1.23,0.28,-0.14,1.20,-0.07,6.54,1.26,1.19,1.48,-0.02,-0.37,1.82,1.15,3.24,2.64,3.34,0.89,1,0.75,0.26,0.70,1.48,0.39,0.89,1.30,0.62,0.70,-0.38,-0.53,,0.80,1.54,1.67,1.08,2.28,2.89,3.20,1.11,1.30,0.43,1.60,,7.80,-3.10,9.60,6.20,6.50,,,,,,,1.80,0.80,,2.80,5.60,0.50,-0.17,,,,,,,,0.30,-1.20,1.10,1.10,1.40,,,,,0.90,,1.60,0.80,0.50,0.80,,,,-0.20,,,1.40,,,3.30,3,3.10,3.40,1.60,1,
2008-12-12 07:40,8,8.32,6.37,6.76,3.70,2.15,8.59,8.70,5.33,2,7.02,6.15,3.56,5.99,7.08,4.17,2.21,1.17,-1.50,3.21,3.28,3.12,3.07,,6.58,4.03,7.51,6.24,5.75,6.10,3.32,7.17,1.99,-0.94,-0.16,1.43,8.20,2.40,3.45,-1.91,2.80,1.32,4.77,4.83,1.80,5.81,5.10,5.32,2.54,4.19,-0.13,-0.77,-2.53,1.19,0.70,4.33,6.33,5.40,5.52,-1.31,4.54,4.60,4.98,1.12,-0.75,4.11,0.23,0.31,1,-0.75,1.46,2.34,4.77,2.86,5.10,4.11,3.90,6.46,4.73,1.39,0.04,0.37,-0.54,1.61,0.53,1.60,0.53,-0.90,4.90,3.34,1.53,0.52,0.11,1.50,0.15,6.52,1.32,1.27,1.53,0.09,-0.36,1.95,0.90,3.31,2.72,3.39,0.95,0.90,1.14,0.37,0.81,1.48,0.47,0.86,1.29,0.68,0.70,-0.23,-0.38,,0.90,1.54,1.55,1.17,2.28,2.86,3.20,1.16,1.24,0.41,1.60,,7.80,-3.40,9.70,6,6.80,,,,,,,2,1.40,,2.90,5.80,0.60,-0.06,,,,,,,,0.20,-1.40,1.10,1,1.60,,,,,0.90,,1.60,1.10,0.50,0.80,0.90,,,-0.20,,,1.60,,,3.30,3,3.20,3.40,1.60,1.10,
2008-12-12 07:50,8,8.21,6.38,6.61,3.77,2.21,8.46,8.70,5.28,1.91,7.07,6.13,3.64,5.73,7.28,4.14,2.29,1.31,-1.30,3.42,3.30,3.45,2.75,,6.63,4.40,7.81,6.57,5.75,6.10,3.77,7.08,2.16,-0.95,-0.22,1.22,8.37,2.43,3.69,-1.54,3,2.09,4.90,5,1.50,5.68,5.10,5.39,2.92,4.25,0.14,-0.44,-2.15,1.79,0.67,4.51,6.70,5.80,5.41,-1.19,4.88,5.20,4.95,1.49,-0.61,4.30,0.23,0.16,1.10,-0.70,1.29,2.34,5.32,2.65,4.86,4.17,3.90,6.21,4.96,1.61,0.33,0.32,-0.01,2.02,0.63,2.62,1.62,-0.60,5.19,3.39,1.36,0.81,0.24,2.30,0.47,6.64,1.45,1.27,1.73,0.15,-0.08,2.08,0.66,3.31,2.89,3.33,1.12,1.10,1.35,0.38,0.97,1.55,0.53,0.82,1.20,0.71,0.80,-0.04,-0.22,,0.90,1.74,1.57,1.59,2.25,2.83,3.20,1.17,1.39,0.73,1.70,,7.30,-3.20,9.80,5.90,6.70,,,,,,,1.90,1.60,,3.10,5.90,0.60,0.07,,,,,,,,0.20,-1.30,0.90,1.20,1.60,,,,,0.90,,1.80,1.20,0.50,0.90,0.80,,,-0.20,,,1.70,,,3.30,3.10,3.20,3.40,1.60,1,
2008-12-12 08:00,8.20,8.20,6.35,6.41,3.54,2.36,8.72,8.80,5.33,1.88,7.02,6.66,3.79,5.80,7.34,4.16,2.52,1.51,-1.20,2.93,3.48,3.73,2.76,,6.84,3.92,7.69,6.59,5.66,6,3.66,6.80,2.61,-0.80,-0.22,1.17,8.56,2.60,4.11,-1.27,3,2.05,4.91,5.01,1.50,5.70,5,5.75,3.10,4.33,1.09,-0.26,-1.73,2.70,0.46,4.48,7,6.20,6.02,-0.91,5.36,5.10,4.90,1.61,-0.50,4.69,0.26,0.13,1.20,-0.62,1.39,2.14,5.64,2.57,4.81,4.41,3.80,5.81,5.45,2.12,1.36,0.51,-0.08,2.17,1.17,1.51,2.17,-0.40,5.28,3.36,1.04,1,0.48,2.70,0.54,6.74,1.49,1.34,1.95,0.27,0.25,2.01,0.61,3.11,3.03,3.44,1.24,1.70,0.96,0.35,1.21,1.70,0.59,0.95,1.17,0.89,0.90,0.06,-0.12,,1.10,1.94,1.79,1.50,2.38,2.79,3.30,1.27,1.05,0.85,1.80,6.80,7.80,-3.20,9.90,6.10,6.80,,1.90,-5,4.90,2.30,2.60,1.80,1.20,1.80,2.80,5.90,0.80,0.30,0.20,0.60,2.90,3.60,3.70,1.90,1.60,0,-1.10,0.90,1.40,1.90,0.40,0.30,3.90,0.60,1.10,1.40,1.80,1.40,0.60,0.90,0.90,,3.20,-0.10,1.20,1.80,1.80,1.80,3.50,3.30,3.10,3.20,3.40,1.60,1.20,2
2008-12-12 08:10,8.20,7.84,6.38,6.37,3.71,2.33,8.66,8.70,5.33,1.79,7.03,6.75,4.18,5.79,7.45,4.11,2.80,1.68,-1,3.09,3.68,3.92,2.74,,6.78,4.11,7.09,5.76,5.42,5.20,3.59,7.05,2.78,-0.77,-0.21,1.34,8.72,3.16,4.23,-0.91,3.30,2.41,5.11,5.02,1.80,5.63,5.10,5.99,3.12,4.50,1.62,-0.04,-1.56,3.59,0.39,4.16,7.21,6.60,6.87,-0.65,5.17,5.50,4.93,1.70,-0.41,4.61,0.27,0.16,1.20,-0.74,1.42,2.39,5.73,2.47,4.75,4.62,3.90,5.28,5.40,2.61,0.57,0.30,0.13,2.41,1.39,1.16,1.69,-0.50,5.18,3.20,0.94,1.42,0.73,2.80,0.93,6.69,1.50,1.45,2.06,0.41,0.33,2.14,0.60,3.01,3.18,3.80,1.23,2.20,1.03,0.36,1.37,1.76,0.56,0.96,1.17,0.93,1,0.08,-0.05,,1.10,2.10,1.88,1.52,2.51,2.74,3.30,1.40,1.26,0.86,1.80,,7.30,-3.40,9.90,6.10,7.20,,,,,,,1.80,1.20,,2.80,6.40,1.20,0.35,,,,,,,,0.20,-0.80,0.80,1.40,1.90,,,,,1.50,,2.10,1.70,0.60,0.90,0.90,,,-0.10,,,1.90,,,3.40,3.10,3.20,3.40,1.80,1.30,
2008-12-12 08:20,8,7.68,6.33,6.40,3.71,2.29,8.33,8.70,5.40,,7.09,7.07,3.87,5.73,7.51,4.08,3.26,1.81,-0.90,2.97,3.85,4.55,2.55,,7.09,4.50,6.46,5.45,5.29,5.20,3.52,6.99,2.77,-0.69,-0.02,2.37,8.76,3.59,4.02,-0.68,2.70,2.49,5.13,4.85,1.90,5.53,5.20,6.12,3.15,4.67,1.94,0.25,-1,4.12,0.65,3.94,7.57,6.80,6.95,-0.21,4.88,3.50,4.95,1.82,-0.08,4.89,0.13,0.10,1.10,-0.66,1.42,2.35,5.77,2.34,4.68,4.66,4,5.19,5.19,2.97,0.36,0.30,0.32,2.41,1.61,1.05,1.97,-0.30,5.20,2.92,0.77,1.92,1.02,2.90,0.77,6.62,1.63,1.80,2.24,0.55,0.67,2.36,0.53,3.09,3.20,3.79,1.14,2.20,0.98,0.62,1.42,1.84,0.59,0.94,1,1.16,1.20,0.24,0.02,,1.30,2.13,1.84,1.67,2.65,2.80,3.30,1.51,1.38,1.18,1.90,,8.10,-3.40,9.90,6.10,7.40,,,,,,,1.90,0.90,,2.70,7,1.40,0.60,,,,,,,,0.40,-0.60,0.80,1.60,2.10,,,,,1.60,,2.20,1.90,0.70,0.90,0.90,,,0.10,,,2.10,,,3.40,3.10,3.10,3.40,1.80,1.50,
2008-12-12 08:30,7.90,7.59,6.25,6.45,3.70,2.32,7.91,9,5.50,,6.87,6.76,3.75,5.50,7.42,4.17,3.95,1.55,-0.80,2.91,3.90,4.11,2.45,,7.13,4.93,6.25,5.31,5.26,5.30,3.44,6.70,2.56,-0.39,0.34,2.77,8.96,3.86,3.61,-0.63,2.20,1.08,4.86,5.11,2.30,5.63,5.30,6.32,3.29,4.70,1.91,0.41,0.13,4.69,0.73,4.05,7.78,7,6.40,0.14,5.09,3,5.01,1.92,0.34,4.85,0.19,0.08,0.90,-0.57,1.38,2.41,5.74,2.27,4.63,4.66,4.10,5.10,5.19,3.36,0.23,0.20,0.34,2.56,1.70,1.36,1.43,0,5.34,2.90,0.57,2.51,1.31,3.30,1.32,6.59,1.75,2.42,2.49,0.75,1.09,2.56,0.62,3.12,3.72,3.93,1.06,2.30,0.88,1.26,1.53,1.92,0.58,1.18,0.96,1.39,1.20,0.30,0.16,,1.60,2.07,1.97,2.01,2.79,2.73,3.20,1.75,1.37,1.24,1.90,,8.20,-3.40,9.90,6.50,7.90,,,,,,,1.60,1.90,,2.70,7.20,1.70,0.97,,,,,,,,0.60,0,0.90,1.80,2.20,,,,,1.60,,2.30,2.10,0.70,1,1,,,0.30,,,2.30,,,3.40,3.10,3.10,3.40,2,1.50,
2008-12-12 08:40,8.10,7.57,6.22,6.56,3.70,2.40,7.25,8.80,5.55,2.07,7.04,6.66,3.64,6.54,7.40,4.30,4.37,1.45,-0.50,2.81,3.99,3.66,2.34,,6.97,4.98,7.07,5.67,5.25,5.30,3.66,6.68,2.49,0.02,0.68,2.88,9.17,3.82,3.60,-0.69,2.30,1.46,4.76,5.02,2.30,5.57,5.30,6.37,3.34,4.88,2.12,0.60,0.91,5.67,0.52,3.77,7.71,7.30,6.63,0.86,5.34,3.40,5.03,1.82,1.23,4.54,0.26,-0.01,0.90,-0.55,1.37,2.32,5.71,2.19,4.62,4.51,4.20,4.96,5.39,3.83,0.38,0.40,0.64,2.56,1.84,2.06,1.39,0,5.28,2.96,0.64,2.69,1.62,3.30,1.18,6.60,2.06,2.75,2.69,0.95,1.47,2.92,0.78,3.18,4.31,4.20,1.16,2.10,1.04,1.64,1.67,2.07,0.60,1.15,1,1.59,1.30,0.35,0.38,,1.80,2.27,2.14,2.17,2.71,2.77,3.20,1.99,1.57,1.29,2,,7.60,-2.90,9.80,6.90,8.40,,,,,,,1.60,2.30,,2.80,7.10,1.60,1.39,,,,,,,,0.90,0.20,1.10,1.80,2.50,,,,,1.50,,2.40,2.40,0.80,1,1.10,,,0.30,,,2.40,,,3.50,3.10,3.10,3.40,2.10,1.60,
2008-12-12 08:50,8,7.43,6.22,6.59,3.70,2.35,7.61,8.70,5.52,2.19,7.10,6.92,3.79,7.07,7.51,4.43,4.65,1.48,-0.40,3,3.84,3.01,2.35,,6.83,4.61,7.77,5.62,5.32,5.10,3.50,6.76,2.95,0.20,0.88,2.82,9.17,3.66,3.83,-0.52,2.30,1.63,4.94,4.88,2.40,5.55,5.40,6.46,3.18,4.88,1.91,0.78,1.08,6.69,0.83,3.91,7.76,7.30,7.02,1.55,5.75,3.30,5.02,1.67,3.13,4.33,0.30,-0.06,0.80,-0.48,1.27,2.19,5.17,2.06,4.70,4.60,4.30,4.97,5.58,4.25,0.55,0.50,0.53,2.70,1.88,2.80,1.57,0.10,5.39,2.86,0.72,2.79,1.81,3.90,1.58,6.74,2.20,2.76,2.82,1.31,1.78,3.41,0.72,3.11,4.71,4.18,1.53,2,1.12,1.90,1.75,2.31,0.67,1.23,0.96,1.79,1.30,0.43,0.40,,2,2.18,2.28,2.39,2.87,2.90,3.20,2.28,1.71,1.36,2,,6.40,-2.70,9.90,6.90,8.60,,,,,,,1.90,3.20,,2.90,7.10,1.70,2.13,,,,,,,,1.20,0.90,1.50,1.90,3,,,,,1.50,,2.50,2.80,0.80,1,1.20,,,0.40,,,2.60,,,3.50,3.20,3.10,3.40,2.30,1.80,
2008-12-12 09:00,7.90,7.45,6.20,6.40,3.70,2.32,7.91,8.70,5.44,2.31,7.24,6.76,3.84,7.16,7.41,4.66,4.90,1.27,-0.20,2.89,4.01,3.31,2.34,,6.93,4.97,7.20,5.57,5.59,5.10,3.25,6.74,3.10,0.45,1.15,2.64,9.31,3.45,4.27,-0.36,2.50,2.21,5.32,4.90,2.50,5.62,5.30,6.46,3.48,4.85,1.67,1.37,1.05,7.57,1.58,4.22,7.77,7.40,7.07,2.08,5.64,3.40,5.11,1.72,4.12,4.21,0.41,-0.12,0.90,-0.56,1.22,2.20,5.10,1.99,4.69,4.58,4.60,5.14,5.70,4.28,0.77,0.70,0.51,2.69,2.18,3.26,1.76,0.20,5.50,2.91,0.77,3.02,2.24,4.10,1.74,6.73,2.42,2.84,3.01,1.60,1.98,3.68,0.92,3.26,4.90,4.50,1.69,2.40,1.18,1.96,1.88,2.50,0.70,1.31,1.09,1.95,1.40,0.61,0.47,,2.10,2.22,2.43,2.61,3.03,3.05,3.30,2.50,1.76,1.47,2.10,8.10,6.50,-2.50,9.90,7.10,8.70,1.60,1.30,-5.20,5.10,4,3.60,2.30,2.80,2.70,2.90,7.40,1.80,1.80,2.70,0.60,2.70,3.60,4.40,3,1.80,1.40,1,2.10,2.20,4.10,0.60,0.60,4.20,1,1.50,2.60,2.60,3.20,0.80,1,1.30,3.20,3.60,0.60,2.10,2.70,2.70,1.80,3.50,3.50,3.20,3.20,3.50,2.30,1.80,2.10
2008-12-12 09:10,7.80,7.67,6.11,6.26,3.80,2.38,8.33,8.90,5.38,2.40,7.31,6.86,3.82,7.18,7.35,4.67,5.01,1.42,0,3.50,4.17,3.34,2.45,,6.75,5.08,6.89,5.79,5.67,5.20,3.60,6.62,3.55,0.49,1.35,3.22,9.32,3.44,4.59,-0.14,2.50,1.99,5.07,4.86,3.50,5.42,5.40,6.49,3.64,4.72,1.53,2.09,2.43,8.61,2.57,4.75,7.64,7.70,7.09,2.58,5.54,3.40,5.14,1.71,4.29,4.29,0.39,-0.17,0.80,-0.56,1.08,2.19,5.09,2.01,4.78,4.55,5,5.14,5.81,4.54,0.83,0.70,0.59,2.92,1.83,3.37,2.22,0.50,5.68,2.92,0.79,3.34,2.67,4.30,1.85,6.68,2.50,3.16,2.99,1.96,2.18,4.15,0.93,3.13,4.89,4.69,1.58,2.90,1.43,2.05,1.99,2.54,0.71,1.32,1.43,1.99,1.50,1.02,0.64,,2.30,2.59,2.78,2.48,2.99,3.09,3.30,2.58,2.12,1.64,2.20,,6.50,-2.70,9.90,7.10,8.80,,,,,,,2.60,3.40,,2.90,7.30,1.70,2.84,,,,,,,,1.50,1.40,2.40,2.20,4.20,,,,,1.40,,2.70,3.90,0.80,1,1.30,,,0.60,,,2.70,,,3.60,3.30,3.20,3.50,2.40,2,
2008-12-12 09:20,7.60,8.32,6.07,6.12,4,2.72,8.48,8.70,5.47,2.56,7.29,6.81,3.91,7.11,7.28,4.67,5.15,1.30,0.10,3.56,4.46,3.51,2.72,,6.62,5.09,6.80,5.76,5.62,5.20,4.03,6.61,3.58,1.07,1.75,3.92,9.28,3.46,5.10,-0.06,2.40,1.58,4.37,4.85,4.40,5.64,5.50,6.57,3.45,4.81,1.64,2.65,3.36,9.48,2.96,4.56,7.48,7.80,6.91,2.75,5.49,3.90,5.20,1.72,4.71,4.41,0.44,-0.27,0.70,-0.46,1.02,2.11,5,2.08,4.74,4.76,5.70,5.34,5.91,4.99,1.14,1,1.21,2.45,1.82,3.49,2.41,0.70,5.87,3.01,0.88,3.56,3.59,4.90,2.02,6.99,2.75,3.23,3.21,2.19,2.38,4.26,0.88,3.10,4.95,5.04,1.53,3.50,1.79,2.13,2.32,2.50,0.67,1.36,1.82,1.93,1.60,1.22,0.77,,2.50,2.49,2.77,2.87,2.93,3.04,3.30,2.78,2.29,1.83,2.30,,6.40,-2.30,9.80,7.20,8.30,,,,,,,2.90,5.20,,2.90,7.20,1.80,2.68,,,,,,,,1.70,1.30,3,2.30,4.50,,,,,1.50,,2.80,4.30,0.90,1,1.30,,,0.90,,,2.80,,,3.60,3.40,3.20,3.40,2.50,2.20,
2008-12-12 09:30,7.70,8.62,6.21,6.03,3.90,2.76,8.43,8.40,5.45,2.88,7.19,6.79,4.01,7.02,7.15,4.64,5.33,1.22,0.50,3.77,4.47,3.26,3.18,,6.64,5.15,7.02,5.84,5.53,5.30,4.64,6.45,3.42,1.41,2.07,3.71,9.43,3.80,5.38,0.25,2.30,1.37,4.21,4.98,5.20,5.73,5.60,6.67,3.95,4.95,1.92,2.71,3.18,9.45,3.82,4.64,7.37,7.90,6.98,2.95,5.62,4.40,5.17,1.91,5.83,4.61,0.28,-0.30,0.60,-0.41,0.85,2.13,4.97,2.09,4.81,4.94,6,5.53,6.05,5.36,1.13,1.20,1.36,2.40,2.78,3.75,2.52,1,5.93,2.77,1.03,3.63,4.46,5.80,2.23,7.19,2.87,3.48,3.43,2.42,2.66,4.48,0.91,2.89,5.08,5.50,1.51,3.90,1.89,2.46,2.64,2.46,0.68,1.30,2.32,1.93,1.80,1.59,0.89,,2.70,2.71,2.86,2.84,3.02,3.08,3.30,2.95,2.32,2,2.50,,6.50,-2.30,7.80,7.10,8.40,,,,,,,3.10,5.70,,3,7.20,2.20,2.67,,,,,,,,1.80,1.40,3.20,2.60,4.80,,,,,1.60,,2.90,4.90,0.90,1,,,,1.20,,,2.90,,,3.70,3.40,3.20,3.40,2.60,2.30,
2008-12-12 09:40,7.80,8.58,6.18,5.91,4,2.90,7.18,7.80,5.31,3.25,7.33,6.58,4,7.14,7.04,4.60,5.54,1.18,0.80,4.07,4.32,3.67,3.57,,6.61,4.49,6.97,5.93,5.51,5.40,4.90,6.41,3.40,2.15,2.64,3.88,9.67,4.03,5.32,0.45,2.50,1.20,4.40,5.31,5.30,5.56,5.80,6.68,3.90,5.17,2.02,2.45,3.16,9.53,5.24,4.99,7.48,7.70,7.32,3.55,5.62,5,5.27,1.95,6.59,4.66,0.15,-0.28,0.50,-0.28,0.80,2.06,5.07,2.10,4.91,4.93,6.20,5.67,6.15,5.89,1,1.50,1.28,2.57,2.97,4.08,2.45,1.20,6.09,3.05,1.22,3.79,4.68,5.80,2.58,7.38,2.92,3.75,3.61,2.71,2.82,4.68,0.89,2.88,5.01,5.79,1.68,3.80,2.16,2.49,2.92,2.48,0.73,1.31,2.77,1.89,1.90,2.10,1.15,,2.90,2.82,2.96,2.73,2.99,3.13,3.30,2.86,2.55,2.17,2.60,,6.80,-2.30,7.30,7.30,8.20,,,,,,,3.20,5.30,,3.10,7.30,2.40,2.82,,,,,,,,2.20,2.30,3.40,2.70,4.80,,,,,1.70,,3,5.10,1,1,1.30,,,1.50,,,3.10,,,3.80,3.60,3.20,3.40,2.70,2.50,
2008-12-12 09:50,8.10,8.77,6.24,5.93,4.20,3.07,5.44,7.70,5.21,3.45,7.38,6.86,4.20,7.25,7.05,4.84,5.80,1.26,1.20,4.19,4.49,3.87,3.95,,6.57,4.37,7.21,6.30,5.53,5.40,5.42,6.49,3.35,2.72,3.19,4.01,9.70,4.13,5.27,0.79,2.60,1.24,4.34,5.50,5.40,5.57,6,6.75,3.79,5.25,2.09,2.39,3.47,9.58,5.61,5.52,,7.50,7.81,3.87,5.46,6,5.37,2,6.09,4.58,0.10,-0.40,0.20,-0.21,0.30,1.85,5.13,2.05,5,5.08,6.20,5.84,6.52,6,1.07,1.60,1.41,2.81,3.43,4.20,2.53,1.40,6.01,2.93,1.38,4.25,4.65,5.80,2.88,7.68,3,3.67,3.80,2.98,3.08,4.95,0.78,2.83,4.79,5.89,1.83,3.70,2.52,2.27,3.10,2.64,0.67,1.48,3.21,1.95,2.10,2.35,1.24,,3.10,2.91,3.12,2.76,2.98,3.19,3.30,2.87,2.26,2.11,2.70,,7.20,-2.10,7.10,7.30,8.30,,,,,,,3.10,5.70,,3.30,7.20,2.60,2.80,,,,,,,,2.60,2,3.40,3.10,5,,,,,1.90,,3.10,5.30,1,1,1.30,,,1.40,,,3.20,,,3.80,3.60,3.30,3.40,2.70,2.60,
2008-12-12 10:00,8.50,8.62,6.25,5.97,4.50,3.26,4.64,7.50,5.08,3.76,7.25,6.99,4.18,7.34,7.28,5.10,5.66,1.51,1.50,4.44,4.64,3.86,3.98,,6.55,4.43,7.58,6.17,5.63,5.40,5.68,6.77,3.61,2.68,3.73,4.70,9.63,3.93,5.10,0.98,2.70,1.46,4.61,5.63,5.60,5.70,6.10,6.88,4.07,5.28,2.19,2.67,3.43,9.62,5.90,5.86,7.67,7.30,8.09,4.36,5.44,6.80,5.29,1.84,5.97,4.59,0.26,-0.24,0,-0.30,-0.02,1.90,5.34,2.15,4.97,5.29,6.40,6.05,6.58,6.18,1.17,1.91,1.42,2.89,3.71,4.39,2.35,1.70,6.05,2.86,1.52,5.13,5.14,5.90,2.94,7.68,3.28,3.33,3.79,3.18,3.35,4.97,0.68,2.78,4.67,6.07,2.05,3.70,2.36,2.13,3.31,2.67,0.71,1.60,3.63,1.90,2.40,2.34,1.48,,3.40,2.97,3.10,2.93,3.12,3.26,3.30,2.86,2.34,2.23,2.70,7.90,8.30,-2.10,7.10,7.50,8.60,,0.60,-5,4.80,5.60,4.10,2.80,5.80,3.90,4,7.20,2.70,2.70,3.30,0.60,2,3.40,4.30,3.10,2.30,2.80,2.10,3.40,3.20,5.30,0.60,0.80,4,1.90,1.90,3.70,3.10,5.50,1.10,1.10,1.20,3.70,3.90,1.30,2.60,2.70,3.20,2,3.10,3.90,3.60,3.50,3.40,2.70,2.80,2.70
2008-12-12 10:10,8.90,8.63,6.32,6.07,4.26,3.34,4.50,7.50,5.08,4.22,7.04,7.10,4.24,7.32,7.50,5.23,5.62,1.60,1.70,5.06,4.63,4.07,4.11,,6.57,4.54,7.62,5.98,5.74,5.50,5.85,6.79,3.31,3.01,4.01,5.09,9.59,4.05,5.15,1.29,3,1.48,4.57,5.67,5.70,5.74,6.10,6.98,4.22,5.31,2.39,3.04,3.84,9.37,6.10,5.75,7.70,7.30,8.29,4.72,5.38,7.10,5.39,2.09,6.33,4.73,0.37,-0.26,-0.20,-0.16,-0.15,1.96,5.37,2.08,5.03,5.40,6.30,6.07,6.50,6.14,1.28,2.01,1.53,2.86,3.91,4.62,2.36,1.90,5.80,3,2.13,5.44,4.79,6.10,3.46,7.72,3.24,3.20,3.87,3.36,3.53,4.81,0.73,2.80,4.46,6.08,2.26,3.50,2.41,2.22,3.62,2.83,0.82,1.53,3.26,2,2.60,2.12,1.49,,3.50,2.92,2.94,3.08,3.23,3.34,3.30,2.82,2.41,2.27,2.80,,8.90,-1.90,7.30,7.50,8.20,,,,,,,2.80,5.90,,4,7,2.90,3.24,,,,,,,,2.90,2.70,4,3.20,5.30,,,,,1.90,,3.40,5.70,1.10,1.10,,,,1.30,,,3.30,,,4,3.60,3.50,3.40,2.80,3,
2008-12-12 10:20,8.80,8.72,6.40,6.21,4.42,3.31,4.56,7.60,5.07,4.59,7.13,6.87,4.24,7.30,7.53,5.19,5.38,1.73,1.90,5.63,4.57,4.38,4.27,,6.71,4.77,7.80,5.83,5.80,5.50,5.71,6.79,3.12,3.33,4.22,5.30,9.48,4.51,5.10,1.84,3.20,1.56,4.54,5.60,6.80,5.87,6.10,7.09,4.16,5.35,2.56,3.69,4.11,9.45,6.53,5.91,7.77,7.30,8.04,4.46,,7.10,5.51,2.20,5.59,4.61,0.25,-0.25,-0.30,-0.12,-0.29,2.08,5.05,2.17,4.94,5.45,6.30,6.12,6.30,6.01,1.52,2.06,1.49,3.03,3.99,5.15,2.59,2.30,5.93,2.92,3.07,5.52,4.75,6,3.77,7.86,3.35,3.31,4.06,3.47,3.94,4.81,0.96,2.74,4.53,6.06,2.27,3.30,2.54,2.18,3.62,2.89,0.92,1.57,3.19,2.06,2.70,2.28,1.75,,3.70,2.93,2.84,3.43,3.40,3.40,3.20,2.87,2.40,2.32,2.90,,8.10,-1.80,7.60,7.50,7.90,,,,,,,2.90,5.80,,4.40,7,3.10,3.50,,,,,,,,3,2.90,4.20,3.20,5.60,,,,,2.10,,3.60,6,1.10,1.20,1.10,,,1.40,,,3.30,,,4,3.60,3.50,3.40,2.90,2.90,
2008-12-12 10:30,8.80,8.42,6.51,6.11,4.36,3.56,4.82,7.50,5,4.94,7.27,5.59,4.21,7.41,7.61,5.23,5.43,1.73,2,5.61,4.66,4.78,4.50,,7.08,4.94,7.75,5.73,6.01,5.40,5.83,6.86,3.09,3.99,4.48,5.58,9.23,5.19,4.94,2.04,3.30,1.37,4.46,5.63,6.60,5.97,6,7.21,4.28,5.37,2.74,4.07,4.31,9.45,7.08,6.21,7.62,7.30,8.19,4.12,5.97,6.80,5.60,2.19,4.99,4.62,0.22,-0.21,-0.50,-0.09,-0.39,2.02,4.81,2.21,5,5.81,6.40,6.21,6.20,6.30,1.87,1.97,1.77,3.35,4.21,5.79,2.68,2.50,6,2.94,2.98,5.15,4.44,5.90,3.86,7.90,3.51,3.44,4.22,3.54,4.34,4.92,0.98,2.74,4.68,6.19,2.45,3.10,2.83,2.35,3.70,3.08,0.94,1.69,3.10,2.19,2.70,2.11,2.08,,3.70,2.93,2.83,3.69,3.42,3.32,3.30,2.85,2.59,2.30,3,,6.80,-1.70,7.80,7.50,7.90,,,,,,,2.80,5.70,,4.40,7,3.10,3.67,,,,,,,,3,2.90,4.30,3.50,5.80,,,,,2.20,,3.70,6,1.10,1.20,1.10,,,1.40,,,3.10,,,4.10,3.70,3.60,3.50,3.20,2.90,
2008-12-12 10:40,8.90,8.14,6.65,6.28,4.33,3.76,5.05,7.60,5.08,5.16,7.06,5.64,4.34,7.39,7.18,5.33,5.54,1.73,2.20,5.38,4.59,3.94,4.68,,7.23,5.15,7.74,5.44,6.11,5.40,5.91,7.11,3.55,4.74,4.86,5.96,9.03,5.54,4.97,2.41,3.40,1.67,4.57,5.77,6.20,6.16,6.10,7.22,4.41,5.42,2.97,4.12,4.28,9.73,7.14,6.24,7.69,7.30,8.18,3.88,6.24,6.10,5.72,2.37,4.87,4.56,0.39,-0.16,-0.60,0.15,-0.56,2.08,4.64,2.31,5.12,5.89,6.50,6.42,6.20,6.55,2.46,2.18,1.88,3.72,4.59,5.51,3.21,2.60,5.88,3.53,2.54,5.20,4.52,6.10,3.87,7.93,3.37,3.69,4.42,3.68,4.57,4.98,1.03,2.66,4.71,6.12,2.59,3,2.85,2.43,3.84,3.19,0.97,1.77,3.20,2.27,2.70,1.85,2.44,,3.90,3.04,2.97,3.69,3.52,3.42,3.20,2.92,2.73,2.39,3,,6.70,-1.70,7.80,7.40,7.70,,,,,,,2.80,5.20,,4.20,7.10,3.20,3.70,,,,,,,,3.30,3,4.10,3.50,5.80,,,,,2.20,,3.80,6,1.20,1.30,1.10,,,1.40,,,3.20,,,4.20,3.90,3.90,3.40,3.50,3,
2008-12-12 10:50,8.80,8.07,6.65,6.24,4.45,3.81,5.03,7.60,5.21,5.44,6.99,5.70,4.83,7.50,7.13,5.33,5.77,1.81,2.60,5.30,4.60,3.34,4.66,,7.55,5.09,7.77,5.09,6.20,5.50,6.04,7.14,3.90,4.59,5.01,5.79,8.81,5.73,4.87,2.78,3.50,2.05,4.49,5.77,6,6.35,6.20,7.25,4.24,5.47,2.95,4.46,4.31,9.47,6.97,6.18,7.87,7.20,8.25,3.89,6.12,5.50,5.95,2.62,5.30,5.01,0.63,-0.23,-0.70,-0.01,-0.56,2.04,4.36,2.37,5.05,5.71,6.50,6.67,6.20,6.72,2.79,2.23,2.09,4.43,5.01,5.57,3.46,2.90,5.90,3.39,2.58,4.97,4.66,6.40,4.01,7.93,3.31,4.10,4.49,3.81,4.80,5.01,1.01,2.30,4.70,6,2.74,3.10,3.17,2.40,4.08,3.10,0.98,1.85,3.17,2.31,2.60,1.85,2.43,,3.80,3.15,3.14,3.46,3.62,3.41,3.20,2.99,2.85,2.71,3,,6.50,-1.70,7.80,7.40,7.60,,,,,,,3,5.90,,4.40,7.10,3.40,3.80,,,,,,,,3.50,2.90,4,3.20,5.80,,,,,2.30,,4.10,6,1.20,1.30,1.20,,,1.50,,,3.20,,,4.20,4.10,4.40,3.40,3.50,3.10,
2008-12-12 11:00,8.80,8.10,6.62,6.30,4.67,3.85,5.14,7.40,5.46,5.62,7.12,5.91,5.04,7.56,7.33,5.33,5.79,1.73,2.70,5.21,4.76,3.21,4.65,,7.39,5.05,7.90,5.31,6.25,5.60,6.22,7.26,3.96,4.59,5.01,5.16,8.40,5.81,4.69,3.08,3.40,2.37,4.60,5.84,6,6.40,6.20,7.26,4.17,5.62,2.95,4.29,4.52,9.30,6.49,6.37,7.90,7.30,8.27,4.20,6.35,5.20,6.13,2.91,5.70,5.15,0.77,-0.30,-0.80,-0.11,-0.58,2.08,3.90,2.43,5.07,5.75,6.50,7.11,6.20,7.25,2.53,2.84,2.13,4.95,5.18,5.53,3.71,3.10,5.23,3.25,2.53,5.25,3.55,6.60,4.01,7.98,3.49,4.72,4.54,3.91,5.03,5.12,0.93,2.25,4.71,6.05,2.75,3,3.58,2.31,4.09,3.23,1.07,1.94,3.15,2.26,2.60,1.72,2.35,,3.70,3.29,3.21,3.45,3.69,3.45,3.10,3.21,3.26,2.84,2.90,8.10,6.30,-1.70,7.90,7.40,7.40,2.30,0.60,-5,4.70,6.20,5.10,2.70,6.30,4.50,4.60,7.20,3.10,3.70,,0.50,1.60,2.80,4.30,3.40,3.30,3.40,2.90,4.10,3.20,5.90,0.60,0.80,3.80,2.50,2.40,4.50,4,6,1.30,1.40,1.50,,3.80,1.60,3.30,3.20,3.30,2,3.10,4.20,4.20,4.30,3.40,3.60,3,2.90
2008-12-12 11:10,8.80,8.07,6.77,6.38,4.88,3.93,5.18,7.50,5.57,5.82,7.09,6.15,4.77,7.63,7.39,5.42,5.64,1.74,2.60,5.28,4.96,3.27,4.65,,7.19,5.38,8.11,5.91,6.32,5.70,6.20,7.18,3.77,4.59,5.13,5.58,8.06,6.07,4.98,3.01,3.40,2.47,4.63,5.86,6,6.43,6.10,7.29,4.53,5.74,3.09,4.46,4.31,9.24,5.93,6.30,8.04,7.30,8.51,4.21,6.47,5.30,6.26,3.04,6.05,5.36,0.79,-0.28,-1,0.16,-0.54,1.97,4.02,2.54,5.21,5.88,6.60,7.35,6.28,7.33,2.59,3.30,2.22,4.98,5.11,5.56,3.63,3.10,5.35,3.32,2.63,5.46,3.60,6.70,4.15,7.89,3.44,5.19,4.41,4.03,5.15,5.21,0.89,2.29,4.69,6.06,2.78,3,3.77,2.25,3.98,3.28,1.09,2.06,3.28,2.33,2.50,1.64,2.37,,3.80,3.50,3.24,3.34,3.73,3.39,3.20,3.58,3.68,2.94,3,,6.10,-1.80,8,7.50,7.50,,,,,,,2.70,6.30,,4.60,7.20,3.20,4.37,,,,,,,,3.40,3,4.30,3.60,5.90,,,,,2.50,,4.20,6,1.30,1.40,1.50,,,1.60,,,3.20,,,4.20,4.20,4.30,3.40,3.60,3,
2008-12-12 11:20,8.80,7.99,6.76,6.40,4.67,4.22,5.48,7.70,5.43,5.95,7.15,6.13,4.39,7.67,7.30,5.51,5.59,1.73,2.60,5.24,4.86,3.09,4.71,,7.30,5.70,8,6.43,6.49,5.70,6.02,7.18,3.57,4.79,5.23,6.48,7.93,6.07,5.07,3.22,3.30,2.44,4.60,5.89,5.90,6.32,6.30,7.25,4.61,5.92,3.16,4.57,4.22,9.21,5.71,6.38,8.32,7.30,8.87,4.38,6.61,5.50,6.35,3.29,6.33,5.58,0.60,-0.27,-1,-0.14,-0.69,1.89,3.75,2.61,5.20,6.03,6.50,7.38,6.30,7.42,2.96,3.56,2.46,5.18,5.22,5.76,3.77,3.10,5.54,3.09,3.18,5.41,3.79,7,4.47,7.93,3.69,5.19,4.25,4.11,5.25,5.19,0.93,2.12,4.74,6.08,2.95,3.10,4.10,2.25,3.84,3.32,1.32,2.17,3.34,2.39,2.50,1.56,2.44,,3.80,3.58,3.26,3.65,3.84,3.39,3.20,4.02,3.32,2.98,3.10,,6.10,-1.70,8,7.50,7.50,,,,,,,2.90,6.30,,4.40,7.30,3.30,4.34,,,,,,,,3.30,2.80,4.60,3.50,5.90,,,,,2.50,,4.10,6.30,1.30,1.40,1.50,,,1.80,,,3.30,,,4.20,4.30,4.40,3.40,3.50,3.40,
2008-12-12 11:30,8.40,8.11,6.71,6.50,4.62,4.51,5.58,7.60,5.39,5.99,7.22,6.08,4.36,7.73,7.15,5.51,5.78,1.72,2.70,5,4.84,3.23,4.82,,7.28,6.04,7.91,6.24,6.45,5.70,6.06,7.01,3.18,4.92,5.31,6.66,7.80,6.24,4.81,3.38,3,2.63,4.78,6.09,6,6.30,6.50,7.23,4.55,6.19,3.07,4.62,3.64,9.17,5.60,6.43,8.42,7.30,8.60,4.62,6.29,5.90,6.31,3.22,6.38,5.78,0.49,-0.25,-1,-0.19,-0.63,1.73,3.31,2.66,5.24,6.32,6.50,7.30,6.30,7.63,3.19,4.10,2.70,5.08,5.68,5.90,3.80,3,5.69,3.36,3.08,5.40,4.05,7.20,4.59,7.94,3.79,4.97,4.17,4.26,5.43,5.26,1.01,2.06,4.78,6.21,2.99,3.10,4.27,2.33,3.76,3.55,1.20,2.17,3.24,2.41,2.50,1.77,2.53,,3.70,3.82,3.27,3.73,3.78,3.49,3.20,3.88,3.25,3.16,3.20,,6,-1.80,8.10,7.30,7.70,,,,,,,3.20,6.10,,4.50,7.30,3.60,4.21,,,,,,,,3.30,2.80,5.60,3.40,5.90,,,,,2.50,,4.30,6.70,1.40,1.40,1.50,,,1.80,,,3.40,,,4.10,4.20,4.40,3.40,3.40,3.40,
2008-12-12 11:40,8.20,7.89,6.65,6.48,4.76,4.73,5.52,7.60,5.35,6.02,7.19,5.92,4.31,7.63,7.07,5.49,5.78,1.72,2.80,4.86,4.90,3.10,4.66,,7.39,6.01,7.80,6.44,6.52,5.50,6.08,6.98,2.76,4.79,5.22,6.70,7.47,6.24,4.70,3.68,2.20,2.83,4.61,6.12,5.90,6.39,6.60,7.20,4.49,6.44,3.01,4.58,3.60,9.08,5.45,6.52,8.44,7.40,8.40,4.85,5.91,5.80,6.35,3.11,6.41,5.69,0.70,-0.28,-0.90,-0.29,-0.83,1.57,3.14,2.60,5.24,6.19,6.60,7.08,6.40,7.55,3.65,4.04,2.80,5.27,6.19,6.03,3.78,3,5.74,3.56,2.89,5.74,3.83,7.20,4.61,7.88,3.75,4.80,4.32,4.39,5.32,5.12,1.02,1.96,4.79,6.32,3.09,3.10,4.03,2.47,3.72,3.71,1.42,2.15,3.20,2.37,2.40,1.77,2.46,,3.60,4.03,3.21,3.86,3.67,3.56,3.30,3.63,3.49,3.12,3.30,,5.90,-1.70,7.70,7.50,7.70,,,,,,,3.60,6.20,,4.60,7.40,3.80,4.12,,,,,,,,3.30,2.70,5.50,3.30,6,,,,,2.60,,4.30,6.80,1.40,1.40,1.50,,,1.90,,,3.40,,,4.10,4.40,4.30,3.30,3.40,3.40,
2008-12-12 11:50,8,7.78,6.75,6.46,4.76,4.67,5.46,7.60,5.16,6.10,7.12,6.08,4.27,7.45,6.96,5.55,5.70,1.71,2.90,4.99,4.43,2.87,4.42,,7.35,5.79,7.83,7.03,6.53,5.40,6.10,6.97,2.30,4.46,5.07,6.85,7.10,6.56,4.81,3.95,1.90,2.38,3.79,6.10,5.70,6.52,6.70,7.33,4.48,6.64,3.08,4.24,3.39,9.08,5.45,6.62,8.49,7.50,8.32,4.89,5.55,5.50,6.37,3.12,5.97,5.70,0.56,-0.24,-0.90,-0.46,-0.78,1.54,2.89,2.68,5.15,6.09,6.60,7.13,6.40,7.56,3.88,4.01,2.75,5.61,6.19,6.15,3.93,3.20,5.59,3.69,3.03,6.11,4.31,7.30,4.80,7.90,3.61,4.90,4.62,4.37,5.38,5.05,0.84,1.92,4.81,6.10,3.17,3.10,3.94,2.50,3.72,3.72,1.40,2.54,3.32,2.36,2.40,1.78,2.38,,3.50,4.10,3.25,3.73,3.71,3.69,3.30,3.32,3.20,3.10,3.30,,5.70,-1.60,7.50,7.60,7.60,,,,,,,4.30,6,,4.50,7.30,4,4.03,,,,,,,,3.30,2.80,5.10,3.10,6,,,,,2.70,,4.40,6.70,1.40,1.40,1.60,,,2,,,3.50,,,4.20,4.60,4.40,3.30,3.30,3.40,
2008-12-12 12:00,7.80,7.77,6.81,6.56,4.78,4.74,5.66,7.60,4.98,6.14,7.06,6.26,4.26,7.41,6.91,5.69,5.49,1.87,3.10,5,4.37,2.89,4.48,,7.34,5.70,7.78,6.57,6.64,5.30,5.09,6.74,1.91,4.30,4.82,7.06,6.99,6.78,4.95,3.80,1.90,0.65,3.19,5.81,5.60,6.48,6.70,7.32,4.60,6.49,3.24,4.02,3.30,9.05,5.54,6.73,8.04,7.50,7.72,4.80,4.99,5.30,6.26,3.11,5.01,5.72,0.60,-0.16,-1,-0.74,-0.76,1.56,2.63,2.74,5.21,5.91,6.60,7.20,6.40,7.68,3.72,4.10,2.71,5.81,6.07,6.28,4.25,3.10,5.41,3.72,3.68,6.14,4.83,7.30,5.13,7.95,3.58,4.90,4.75,4.51,5.38,5.04,0.93,1.90,4.95,6.03,3.41,3.10,4.19,2.58,3.69,3.73,1.32,2.37,3.24,2.33,2.40,1.87,2.44,,3.30,4.10,3.27,3.59,3.75,3.90,3,3.12,3.30,2.98,3.40,7.70,5.60,-1.50,7.30,7.70,7.60,1.90,0.60,-4.60,4.60,6.90,6,4.50,6,5,4.50,7.40,4.10,3.60,,0.70,1.70,2.70,3.70,4.10,5.20,3.20,3.10,5,3,6.30,0.80,0.80,3.60,2.90,2.90,4.10,4.30,6.60,1.40,1.40,1.50,,3.20,2.20,3.30,3.60,3.40,2.20,2.60,4.20,4.40,4.80,3.30,3.30,3.60,3.20
2008-12-12 12:10,7.60,7.89,6.90,6.88,4.87,4.80,5.79,7.40,4.84,6.12,7.08,6.18,4.32,7.37,6.86,5.70,5.54,1.89,3.10,5.09,4.24,2.89,4.77,,7.39,5.61,7.74,5.55,6.67,5.20,4.81,6.73,1.89,4.40,4.62,7.08,6.85,6.60,4.88,3.70,1.80,0.50,2.98,6.04,5.40,6.55,6.60,7.29,4.61,6.37,3.29,3.82,3.12,8.92,5.53,6.80,8.04,7.40,7.51,4.70,4.52,5.30,6.06,3.25,4.35,5.85,0.59,-0.13,-1.20,-0.96,-0.81,1.57,2.44,2.71,5.10,6.08,6.50,7.09,6.50,7.73,3.86,4.33,2.87,6.05,5.98,6.21,4.36,3.10,5.73,3.80,4.03,5.95,5.04,7.50,5.22,8.04,3.63,4.81,4.90,4.51,5.28,4.99,1.02,1.87,5.03,6,3.50,3,4.07,2.74,3.70,3.64,1.41,2.31,3.17,2.31,2.40,2,2.25,,3.30,4.21,3.23,3.57,3.72,3.62,3.30,3,2.79,2.98,3.40,,5.50,-1.50,7.10,7.80,7.60,,,,,,,4.10,6,,4.50,7.40,4.10,3.83,,,,,,,,3.10,3.30,4.50,3.10,6.30,,,,,3.10,,4.50,6.80,1.40,1.40,1.50,,,2.20,,,3.20,,,4.20,4.40,4.80,3.30,3.10,3.50,
2008-12-12 12:20,7.50,8.07,7.05,7.08,4.92,4.88,5.89,7.50,4.72,6.18,6.97,6.50,4.07,7.30,6.74,5.71,5.63,1.83,3.20,5.02,3.84,2.95,4.83,,7.22,5.47,7.64,5.57,6.62,5.10,4.86,6.64,1.89,4.53,4.73,6.67,6.97,6.51,4.65,3.62,1.50,1.04,2.90,5.86,5.40,6.64,6.40,7.18,4.62,6.15,3.47,3.73,2.87,8.81,5.45,6.75,7.92,7.20,7.39,4.47,4.24,4.90,5.37,3.46,3.90,5.95,0.49,-0.13,-1.30,-1.34,-0.77,1.54,2.23,2.68,5.06,5.53,6.60,6.72,6.50,7.79,4.17,4.15,2.48,6.06,5.87,6.36,4.12,3,5.87,4.13,4.06,5.80,4.90,7.30,4.80,7.97,3.69,4.94,4.80,4.41,5.27,4.88,1.03,1.81,4.94,5.96,3.49,3,3.94,2.83,3.82,3.62,1.37,2.42,3.14,2.35,2.40,2.05,2.39,,3.30,4.20,3.17,3.62,3.79,3.60,3.30,2.82,2.84,3.01,3.40,,5.50,-1.70,7.20,7.80,7.40,,,,,,,4.10,6.10,,4.50,7.50,4.10,3.59,,,,,,,,3.10,3.50,4.30,3,6.20,,,,,3.10,,4.50,6.70,1.40,1.40,1.50,,,2.20,,,3.20,,,4.20,4.50,4.50,3.40,3.10,3.60,
2008-12-12 12:30,7.40,8.27,7.08,7.14,4.97,4.90,6.08,7.50,4.59,6.12,6.78,6.61,3.65,7.29,6.78,5.87,5.71,2.19,3.20,4.95,3.65,3.11,4.70,,7.12,5.56,7.38,5.35,6.49,5.10,4.95,6.44,2.01,4.53,4.95,6.69,7.01,6.64,4.41,3.61,1.50,1.80,2.81,5.88,5.10,6.62,6.30,7.11,4.61,5.83,3.44,3.44,2.57,8.78,5.13,6.63,7.94,7,6.78,4.20,4,4.90,4.42,3.52,4.09,5.96,0.55,-0.15,-1.30,-1.61,-0.69,1.51,2.10,2.60,5.15,5.21,6.50,6.39,6.60,7.74,4.22,4.25,2.69,6.05,5.76,6.16,4.08,3,5.80,4.12,3.83,5.66,4.86,7.10,4.92,8.05,3.69,5.02,4.64,4.24,5.25,4.90,0.87,1.63,4.95,6.14,3.55,3,4.20,2.82,3.85,3.75,1.40,2.45,3,2.44,2.40,1.98,2.37,,3.30,4.11,3.13,3.64,3.79,3.65,3.50,2.69,2.95,2.83,3.30,,5.60,-1.60,7.10,7.60,7.30,,,,,,,4.20,6.10,,4.40,7.50,4.20,3.44,,,,,,,,3,3.70,4.20,3,6.30,,,,,3.10,,4.40,6.80,1.50,1.40,1.50,,,2.10,,,3.20,,,4.10,4.30,4.40,3.40,3,3.60,
2008-12-12 12:40,7.40,8.37,7.13,7.28,5.14,4.88,6.10,7.60,4.35,6.19,6.39,6.22,3.48,7.04,6.74,5.76,5.93,2,3,5.01,3.51,3.32,4.70,,7.26,5.67,7.30,5.29,6.60,5.10,4.89,6.44,1.97,4.43,5.26,6.85,6.93,6.68,4.38,3.49,1.40,1.13,2.62,5.71,5.20,6.80,6.50,7.02,4.57,5.38,3.45,3.34,2.12,8.73,4.86,6.59,7.45,6.50,6.28,4.01,3.74,4.30,4.06,3.51,4.71,5.72,0.92,-0.16,-1.30,-1.71,-0.65,1.48,1.97,2.60,4.92,5.12,6.50,6.03,6.50,7.64,4.21,4.38,2.70,5.96,5.74,6,3.98,3.10,5.82,4.16,3.56,5.54,4.32,6.90,4.78,8.10,3.67,5.09,4.46,4.28,5.05,4.93,0.78,1.54,5.04,6.09,3.52,2.90,4.19,3,3.74,3.81,1.39,2.46,2.87,2.45,2.40,1.88,2.37,,3.40,4.24,2.98,3.66,3.77,3.60,3.80,2.61,2.93,2.79,3.30,,5.70,-1.90,7.30,7.70,7.30,,,,,,,4.20,6,,4.30,7.40,3.90,3.49,,,,,,,,2.90,3.60,3.90,2.80,6.20,,,,,3.10,,4.60,6.80,1.50,1.40,1.60,,,2,,,3.30,,,4.10,4.30,4.40,3.40,3,3.60,
2008-12-12 12:50,7.40,8.29,7.18,7.25,5.03,4.78,6.14,7.60,4.10,6.35,5.99,6.02,3.47,6.62,6.63,5.70,5.86,2.32,3,5.05,3.11,3.35,4.69,,7.26,5.65,7.21,5.16,6.61,5.10,5.14,6.45,2.01,4.33,5.25,6.97,6.78,6.52,4.41,3.25,1.30,1.16,2.19,5.60,5.10,6.85,6.50,6.92,4.69,5.12,3.48,3.07,1.74,8.44,4.52,6.40,7.12,6.10,5.69,3.68,3.62,3.80,4.06,3.25,3.88,5.84,0.75,-0.22,-1.30,-1.86,-0.68,1.35,1.86,2.57,4.82,4.93,6.40,5.87,6.50,7.55,4.27,4.70,3.01,5.77,5.87,5.82,3.93,3.20,5.88,4.25,3.55,5.35,4.34,6.70,4.54,8.20,3.64,5.02,4.19,4.43,4.83,4.86,0.52,1.47,5.01,6.01,3.68,2.80,4.25,2.96,3.63,3.86,1.52,2.48,2.76,2.49,2.30,1.89,2.36,,3.30,4.09,2.97,3.74,3.74,3.61,3.80,2.52,2.88,2.80,3.20,,5.60,-1.70,7.40,7.70,7.10,,,,,,,4.20,6.10,,4.30,7.50,3.80,3.27,,,,,,,,2.90,3.70,3.80,2.80,6.10,,,,,3.10,,4.50,6.80,1.60,1.40,,,,2.10,,,3.30,,,4,4.30,4.40,3.40,3,3.40,
2008-12-12 13:00,7.40,8.13,7.14,7.24,4.99,4.69,6.04,7.50,3.94,6.44,5.73,5.87,3.42,6.43,6.57,5.64,5.10,2.44,2.80,4.91,2.75,3.26,4.64,,7.19,5.53,7.23,4.95,6.55,5.10,5.08,6.41,1.80,4.26,5.24,6.63,6.59,6.42,4.33,3.19,1.40,0.61,1.64,5.52,4.70,6.93,6.30,6.81,4.62,4.73,3.40,2.89,1.50,8.29,4.30,6.30,6.77,5.70,5.33,3.48,3.30,3.40,4.34,3.15,3.19,5.97,0.61,-0.28,-1.30,-1.99,-0.74,1.48,1.88,2.45,4.83,4.73,6.30,5.69,6.50,7.55,4.28,4.76,3.02,5.72,5.87,5.88,3.92,3.20,5.76,4.17,3.46,5.41,3.90,6.70,4.47,8.35,3.70,4.92,4.05,4.31,4.70,4.77,0.59,1.21,4.97,6.06,3.79,2.80,4.08,2.84,3.71,3.94,1.43,2.56,2.87,2.49,2.20,1.79,2.31,,3.20,3.95,2.90,3.68,3.65,3.72,3.80,2.56,2.86,2.89,3.20,7.80,5.60,-2.10,7.40,7.40,7,1.90,0.40,-4.90,4.60,6.80,6.20,4.40,6,5.20,4.40,7.50,3.30,2.90,4.40,0.50,1.30,1.90,3.10,5.20,5.70,2.80,3.60,3.70,2.80,5.80,0.90,0.60,3.20,3.80,3,4.10,4.40,6.70,1.70,1.40,1.40,,2.60,2.10,3.30,3.40,3.20,2.20,2.40,4,4.30,4.40,3.40,3,3.20,3.20
2008-12-12 13:10,7.40,8.02,7.03,7.21,5,4.91,5.73,7.50,3.94,6.56,5.46,5.69,3.14,6.30,6.31,5.57,4.97,1.98,2.70,4.70,2.40,3.07,4.58,,7.23,5.59,7.17,4.87,6.49,5,5.82,6.43,1.61,4.37,5.20,6.45,6.53,6.26,4.32,2.97,1.30,0.89,0.76,5.37,4.60,6.99,6.20,6.62,4.67,4.68,3.32,2.75,1.28,8.10,4.33,6.24,6.45,5.40,4.96,3.15,3.05,3,4.96,3.46,2.69,5.54,0.33,-0.28,-1.40,-2.15,-0.71,1.48,1.70,2.32,4.85,4.50,6.40,5.53,6.40,7.47,4.28,4.62,2.90,5.68,5.77,5.97,3.83,3.20,5.42,4.10,3.36,5.29,4.07,6.40,4.28,7.87,3.65,4.80,4.11,4.12,4.45,4.68,0.57,1,5.06,6.10,3.85,2.70,3.92,2.73,3.61,3.95,1.58,2.58,2.97,2.55,2.20,1.67,2.26,,3.30,3.76,2.89,3.35,3.63,3.69,3.90,2.58,2.99,2.92,3.20,,5.60,-2.50,7.40,7.50,6.80,,,,,,,4.60,6.10,,4.40,7.50,3.10,3.02,,,,,,,,2.90,3.30,4,2.80,5.90,,,,,2.90,,4.40,6.60,1.70,1.40,1.40,,,2.10,,,3.10,,,3.90,4.40,4.40,3.40,3,3.20,
2008-12-12 13:20,7.40,7.96,6.91,7.15,4.90,4.90,5.62,7.50,3.90,6.66,5.36,5.94,3.01,6.19,5.96,5.38,5.09,1.73,2.70,4.61,2.22,3.22,4.43,,7.10,5.51,7.15,4.96,6.67,5.10,6.33,6.24,1.73,4.21,5.10,6.36,6.42,6.08,4.38,2.74,1.10,1.31,0.57,5.12,4.60,6.99,6.10,6.46,5.11,4.70,3.25,2.58,1.18,7.86,4.30,6.02,6.24,5,4.49,2.88,2.80,2.80,4.82,3.47,2.33,5.21,0.29,-0.40,-1.30,-2.23,-0.64,1.33,1.44,2.17,4.78,4.37,6.30,5.46,6.30,7.34,4.43,4.55,2.79,5.70,5.68,5.89,3.75,3.30,4.88,3.93,3.45,5.13,4.18,6,4.05,6.81,3.59,4.64,4.08,3.96,4.24,4.45,0.59,0.89,4.96,6.01,3.89,2.60,3.90,2.50,3.51,4.01,1.48,2.58,3.01,2.34,2.20,1.63,2.28,,3.30,3.69,3.03,3.31,3.51,3.80,3.90,2.62,2.71,2.83,3.20,,5.60,-2.50,7.30,7.30,6.60,,,,,,,4.70,6,,4.20,,3,2.90,,,,,,,,2.90,3.10,3.90,2.80,5.70,,,,,2.80,,4.20,6.50,1.80,1.40,1.30,,,2,,,3,,,3.90,4.40,4.30,3.30,2.90,3.20,
2008-12-12 13:30,7.30,7.95,6.89,7.12,4.90,4.84,5.38,7.30,3.48,,5.29,5.81,2.96,6.18,5.61,5.27,5.05,1.63,2.70,4.66,2.10,3.12,4.28,,6.86,5.14,7.16,5.09,6.64,5.20,6.42,6.29,1.78,4,5.05,6.23,6.33,6.04,4.32,2.79,1.10,1.71,0.61,4.90,4.20,7.01,5.90,6.29,4.54,4.67,3.02,2.45,1.27,7.70,4.16,5.83,5.65,4.80,4.16,2.66,2.52,2.30,4.93,3.40,1.92,5.53,0.55,-0.36,-1.30,-2.32,-0.85,1.37,1.31,2.10,4.67,4.25,6.10,5.46,5.90,7.08,4.55,4.59,2.78,5.73,5.62,5.10,3.54,3.50,4.65,3.91,3.42,5.02,3.91,5.60,3.94,6.32,3.54,4.60,3.88,3.83,4.16,4.33,0.59,0.90,4.95,5.94,3.92,2.50,3.44,2.34,3.36,3.89,1.52,2.76,2.95,2.32,2,1.49,2.28,,3.20,3.56,2.95,3.38,3.33,3.84,4,2.56,2.82,2.78,3.10,,5.60,-2,6.90,7.20,6.40,,,,,,,4.90,6.10,,4.10,7.50,3,2.85,,,,,,,,2.80,2.80,3.90,2.90,5.60,,,,,2.80,,4.10,6.20,1.90,1.40,1.30,,,2,,,2.90,,,3.80,4.30,4.20,3.30,3,3.20,
2008-12-12 13:40,7.30,7.77,6.89,7,4.90,4.85,5.38,7.20,3.18,,5.42,5.76,2.80,6.06,5.49,5.21,5.04,1.43,2.70,4.58,1.87,3.05,4.23,,6.71,4.83,7.18,4.92,6.74,5.20,6.68,6.30,1.88,3.91,5.20,6.14,6.32,5.86,4.32,2.66,1.10,1.51,0.48,5.45,4,6.99,5.80,6.26,4.66,4.59,2.68,2.30,1.07,7.61,3.91,5.50,5.08,4.50,3.91,2.44,2.24,2.20,4.79,3.35,1.64,5.44,0.24,-0.47,-1.30,-2.25,-0.79,1.37,1.20,1.72,4.71,3.99,6,5.32,5.70,7.03,4.51,4.56,2.50,5.50,5.37,5,3.50,3.20,4.53,3.85,3.35,4.91,4.23,5.20,3.70,5.14,3.31,4.59,3.70,3.84,3.88,4.35,0.61,0.81,4.90,5.98,3.95,2.50,3.44,2.19,3.29,3.75,1.49,2.66,2.72,2.24,1.80,1.33,2.31,,3.20,3.43,2.72,3,3.34,3.80,3.90,2.49,2.73,2.82,3.10,,5.60,-2.20,6.60,7.10,6.60,,,,,,,5,6.10,,4,7.50,3,2.74,,,,,,,,2.80,2.70,3.60,2.70,5.50,,,,,2.70,,3.90,6.10,1.90,1.40,1.30,,,1.90,,,2.60,,,3.70,4.20,4.20,3.20,2.90,3.20,
2008-12-12 13:50,7.30,7.80,6.82,6.97,4.90,4.62,5.76,7.20,3.20,,5.50,5.81,2.90,5.81,5.26,5.19,5,1.54,2.70,4.75,1.82,3.04,4.12,,6.68,4.73,7.27,4.79,6.72,5.10,5.78,6.04,1.68,3.96,5.26,6.01,6.04,5.70,4.35,2.28,1.30,1.28,0.66,5.13,3.80,6.94,5.80,5.99,4.80,4.33,2.51,2.32,0.86,7.34,3.49,5.32,5.12,4,3.69,2.13,2.16,1.90,4.26,3.41,1.31,5.56,0.27,-0.55,-1.30,-2.33,-0.81,1.44,1.07,1.70,4.77,3.82,5.90,5.38,5.70,7.03,4.61,4.52,1.97,5.53,4.93,5.36,3.45,2.70,4.43,3.82,3.21,4.75,3.97,5,3.68,4.46,3.19,4.50,3.66,3.82,3.75,4,0.70,0.54,4.88,5.97,3.97,2.40,3.25,1.87,3.20,3.61,1.57,2.59,2.64,2.25,1.60,1.30,2.17,,3.10,3.37,2.73,3.08,3.25,3.78,3.90,2.40,2.81,2.89,3.10,,5.50,-2.10,6.40,7.10,6.60,,,,,,,5,6,,4.20,7.40,2.80,2.61,,,,,,,,2.70,2.90,3.30,2.60,5.40,,,,,2.60,,3.90,5.90,2,1.40,1.30,,,1.90,,,2.30,,,3.70,4.20,4.10,3.30,2.80,3.20,
2008-12-12 14:00,7.20,7.73,6.65,6.93,4.80,4.57,5.81,7,3.29,6.33,5.34,5.74,2.88,5.69,5.13,4.99,4.86,1.56,2.50,4.58,1.88,3.32,4.02,,6.75,4.86,7.12,5.20,6.57,5.20,6.22,5.91,1.46,4.03,5.17,5.85,6,5.49,4.15,2.25,1,0.97,0.77,5.03,3.50,6.58,6.10,5.87,4.58,4,2.37,2.08,0.81,6.97,3,5.18,4.68,3.60,3.05,1.91,1.74,1.50,3.49,3.60,1.06,5.77,0.26,-0.57,-1.20,-2.29,-0.86,1.22,1.02,1.62,4.77,3.33,5.80,5.36,5.80,6.89,4.58,4.37,1.55,5.37,4.46,5.42,3.26,2.40,4.40,3.84,3.36,4.37,3.70,4.80,3.50,4.37,2.93,4.46,3.68,3.76,3.49,3.69,0.64,0.66,4.90,5.77,3.95,2.40,3.18,1.58,3.07,3.52,1.66,2.62,2.51,2.15,1.60,1.25,2.06,,3,3.07,2.80,3.14,3.27,3.87,3.80,2.24,2.82,2.71,3,7,5.50,-2,6.20,6.90,6.30,1.40,0.20,-4.40,4.10,6.20,6,5,5.80,4.40,4.10,7.40,2.60,2.30,3.60,0.10,0.80,1.20,2.70,4.70,4.70,2.40,2.80,3.30,2.50,5.10,1.10,0.80,3.10,3.60,2.50,3,3.70,5.70,2.10,1.50,1.30,2.70,2.10,1.70,3,2.80,2.30,2.20,2.40,3.60,4.10,4.10,3.20,2.70,3,3
2008-12-12 14:10,7.20,7.56,6.50,7,4.80,4.74,6.06,7,3.10,6.01,5.51,5.56,2.80,5.53,5.06,4.95,4.59,1.45,2.40,4.45,1.77,3.34,4.05,,6.77,4.90,7,5.52,6.38,5.20,6.71,5.52,1.43,4.48,5.05,5.51,5.81,5.21,3.94,1.88,0.90,1.13,0.71,4.65,3.50,6.52,6.10,5.66,4.61,3.84,2.06,1.88,1.08,6.93,2.58,4.93,4.23,3.50,2.82,1.51,1.49,1.30,2.98,3.51,0.86,5.62,0.30,-0.55,-1.20,-2.19,-0.92,0.74,0.96,1.57,4.73,3.54,5.60,5.22,5.79,6.71,4.60,4.43,1.38,5.32,4.02,4.80,2.89,2,4.47,3.82,3.31,4.09,3.30,4.60,3.31,4.01,2.60,4.57,3.62,3.68,3.49,3.57,0.50,0.62,4.78,5.64,3.94,2.20,3.09,1.21,2.97,3.47,1.77,2.47,2.41,2.07,1.50,1.18,2.04,,2.80,2.73,2.94,3.05,3.15,3.82,3.90,2.16,2.67,2.61,2.90,,5.50,-1.90,6.20,6.70,6,,,,,,,5.20,5.80,,4.10,7.30,2.50,2.53,,,,,,,,2.40,2.80,3.50,2.50,5.10,,,,,2.30,,3.60,5.40,2.10,1.50,1.30,,,1.70,,,2.10,,,3.50,4.10,4.10,3.20,2.60,3.20,
2008-12-12 14:20,7.20,7.35,6.31,6.90,4.70,4.63,6.21,6.90,3.07,,5.40,5.46,2.89,5.43,5.41,4.65,4.67,1.04,2.20,4.39,1.68,3.14,3.88,,6.60,4.88,6.68,5.90,6.15,4.90,6.33,4.97,1.21,4.20,4.95,5.17,5.47,5.09,3.67,1.80,0.70,0.39,0.83,4.13,3,6.38,6.20,5.40,4.65,3.34,1.67,1.62,1.11,6.86,2.07,4.64,3.70,3.30,2.58,1.37,1.28,1,3.20,3.58,0.65,5.80,0.40,-0.57,-1.20,-2.22,-0.97,0.39,0.85,1.43,4.70,3.31,5.50,5.30,5.84,6.57,4.25,4.42,1.65,5.08,3.71,4.32,2.91,1.70,4.38,3.43,3.33,3.37,3.39,4.30,3.07,3.63,2.45,4.55,3.40,3.55,3.37,3.34,0.64,0.41,4.55,5.63,3.92,2,3.15,0.87,2.80,3.47,1.80,2.45,2.47,1.95,1.50,1.19,2.04,,2.70,2.40,3.18,2.92,3.05,3.86,4,1.98,2.52,2.71,3,,5.50,-1.90,6,6.70,5.70,,,,,,,5.20,5.70,,4.10,7.10,2.50,2.57,,,,,,,,2.40,2.90,3.60,2,5.20,,,,,2.20,,3.70,5.30,2.10,1.50,1.30,,,1.70,,,1.90,,,3.30,4.10,4.10,3.30,2.50,3,
2008-12-12 14:30,7.10,7.22,6.08,6.88,4.70,4.52,6.28,6.90,3.06,,5.32,5.38,2.65,5.28,5.07,4.51,4.62,0.89,2.30,4.11,1.57,2.74,3.64,,6.08,4.71,6.66,6.20,5.73,4.70,5.02,4.55,1.10,3.93,4.73,4.85,5.21,4.66,3.46,1.98,0.60,-0.07,0.89,3.92,2.70,6.23,6.10,5.22,4.53,2.92,1.51,1.24,0.92,6.57,1.63,4.31,3.36,2.90,2.55,1.01,1.12,0.40,3.67,3.49,0.47,5.61,0.26,-0.55,-1.20,-2.23,-0.91,0.22,0.83,1.38,4.79,3.25,5.50,5.29,5.64,6.31,4.23,4.29,1.45,4.83,3.46,3.97,2.48,1.40,4.24,3.44,3.30,3.08,3.16,4.10,2.74,3.42,2.62,4.47,3.12,3.22,3.11,3.05,0.37,0.47,4.35,5.60,3.87,1.70,2.91,1.03,2.59,3.32,1.72,2.43,2.69,1.89,1.40,1.09,1.88,,2.50,2.34,3.11,2.72,3.01,3.90,4.20,1.61,2.55,2.54,2.80,,5.40,-1.90,6.10,6.80,5.70,,,,,,,5.20,5.50,,3.90,7,2.60,2.44,,,,,,,,2,2.80,3.60,1.80,5.10,,,,,2.10,,3.60,5.10,2.20,1.60,1.40,,,1.60,,,1.70,,,3.10,4.10,4.10,3.30,2.50,2.70,
2008-12-12 14:40,7,7.01,5.75,6.57,4.50,4.54,6.46,6.90,3.06,,5.28,5.27,2.39,5.20,5.02,4.36,4.39,0.80,2.40,3.76,1.46,2.72,3.40,,5.55,4.76,6.70,6.51,5.64,4.50,4.95,3.98,1.12,3.83,4.65,4.44,4.89,4.50,3.24,1.81,0.30,0.17,0.79,3.63,3,6.05,5.70,5.05,4.51,3,1.44,1.38,0.93,6.30,1.42,4.19,2.89,2.70,2.22,0.70,0.98,0,4.87,3.48,0.21,5.35,0.15,-0.55,-1.20,-2.26,-0.83,0.15,0.88,1.36,4.81,3.04,5.40,5.18,5.57,6.28,4.17,4.14,1.39,4.51,3.22,3.74,2.22,1.40,4.07,3.50,3.07,2.82,2.70,3.80,2.38,3.14,2.62,4.34,2.68,2.87,3.03,2.94,0.45,0.32,4.23,5.53,3.75,1.40,2.82,1.14,2.58,3.25,1.79,2.40,2.38,1.76,1.40,0.94,1.76,,2.40,2.54,2.77,2.49,3.06,3.96,4.20,1.48,2.60,2.53,2.80,,5.30,-2,5.70,6.90,5.30,,,,,,,5.10,5.20,,3.80,6.90,2.80,2.33,,,,,,,,2,2.50,3.60,1.70,4.80,,,,,2.20,,3.60,4.90,2.20,1.60,1.40,,,1.60,,,1.60,,,3,4.10,4.10,3.30,2.40,2.80,
2008-12-12 14:50,6.90,6.98,5.74,6.47,4.60,4.41,6.55,6.80,3.02,,5,5.37,2.30,5.09,5.20,4.41,4.48,0.74,2.40,3.48,1.41,2.69,3.06,,5.37,4.68,6.55,6.44,5.37,4.40,4.90,3.62,0.98,3.89,4.49,4.19,4.67,4.35,3.16,1.71,0.10,0.74,0.81,2.92,2.50,6.06,5.80,4.92,4.56,2.82,1.43,1.43,1,6.12,1.44,4.06,2.74,2.50,1.66,0.48,0.94,-0.20,3.97,3.53,0,5.61,0.23,-0.63,-1.20,-2.32,-0.87,0.08,0.75,1.18,4.87,2.83,5.30,5.19,5.49,6.17,4.11,3.98,1.32,4.35,3.06,3.03,1.99,1.40,4.12,3.24,3.11,2.52,2.67,3.60,2.09,2.83,2.82,4.27,1.92,2.54,3.07,2.68,0.32,0.39,4.07,5.43,3.74,1.20,2.48,0.96,2.32,3.13,1.75,2.27,2.28,1.63,1.40,0.83,1.69,,2.30,2.63,2.64,2.46,3.04,4.04,4.20,1.48,2.45,2.49,2.90,,5.10,-2.10,5.90,6.80,5.20,,,,,,,5.20,5.20,,3.40,6.70,2.80,2.23,,,,,,,,1.60,2.50,3.50,2,4.60,,,,,2,,3.60,4.60,2.20,1.70,1.30,,,1.50,,,1.40,,,2.90,4,4,3.40,2.40,3,
2008-12-12 15:00,6.80,6.84,5.81,6.38,4.50,4.30,6.52,6.70,3.01,5.25,4.86,5.38,2.12,4.84,4.73,4.42,4.30,0.76,2.20,3.37,1.29,2.80,2.81,,5.49,4.61,6.30,6.49,5.42,4.10,5.06,3.43,0.86,3.76,4.29,4.43,4.47,4.17,3.14,1.54,0.30,1.06,0.66,2.63,2,5.90,5.10,4.77,4.63,2.52,1.07,1.18,0.84,5.59,0.89,3.78,2.65,2.30,1.36,0.20,1.01,-0.40,3.54,3.54,-0.12,5.16,0.11,-0.63,-1.30,-2.29,-0.99,-0.02,0.61,1.12,4.91,2.65,5.10,5.18,5.36,5.95,4,3.92,1.12,4.22,3.18,2.63,1.76,1.20,3.96,2.95,2.76,2.12,1.83,3.40,1.73,2.82,2.86,4.13,1.47,2.43,3.04,2.55,0.28,0.46,3.98,5.27,3.62,1.20,2.55,0.64,2.29,3.10,1.85,2.15,2.42,1.71,1.30,0.90,1.49,,2.20,2.70,2.72,2.49,2.92,3.93,3.90,1.45,2.69,2.41,2.80,6.40,4.90,-2.10,6,6.60,4.90,1.90,0.20,-4.40,3.20,6.30,5.20,5.20,5.30,3.30,3,6.60,2.80,1.90,2.20,0.10,0.30,1.10,2.10,4.40,4.40,1.40,2.40,3.10,2,4.40,1,0.90,2.80,2.40,1.90,2.50,3.60,4.60,2.10,1.70,1.30,2.30,1.90,1.40,2.90,,1.30,2,2.20,3,4,4,3.40,2.50,3,2.80
2008-12-12 15:10,6.70,6.82,5.60,6.24,4.18,4.09,6.48,6.40,3.18,5.15,4.86,5.38,2.22,4.68,4.53,4.32,4.39,0.80,1.90,2.94,1.26,2.79,2.51,,5.27,4.61,6,6.31,5.67,4,4.62,2.97,0.85,3.70,3.87,4.70,4.32,3.90,2.85,1.08,1.90,1.38,0.59,2.55,1.70,5.61,4.70,4.81,4.64,2.27,0.98,0.95,0.27,5.10,0.45,3.71,2.33,1.90,1.33,-0.08,0.82,-0.80,3.21,3.49,-0.37,5.27,0.27,-0.61,-1.30,-2.52,-0.88,-0.21,0.55,0.88,4.89,2.52,4.80,5.02,5.30,5.90,3.97,3.70,0.95,4.05,3.13,2.48,1.73,1.10,3.71,2.65,2.54,1.64,1.36,3.30,1.52,2.84,2.84,3.91,1.06,2.51,2.89,2.57,0.24,0.34,3.85,5.15,3.59,1.20,2.41,0.35,2.06,3.05,1.83,2.22,2.48,1.75,1.30,0.92,1.32,,2.10,2.84,2.77,2.30,2.86,3.84,3.90,1.47,2.47,2.33,2.80,,4.70,-2.30,5.10,6.70,4.90,,,,,,,5.30,5.50,,3,6.30,2.70,1.94,,,,,,,,1.70,2.40,2.90,1.90,4.40,,,,,1.90,,3.50,4.50,2.10,1.70,1.30,,,1.30,,,1.30,,,3,3.90,3.90,3.30,2.50,2.90,
2008-12-12 15:20,6.70,6.46,5.46,6.09,4.20,3.95,6.38,6.30,3.21,5.17,4.90,5.10,2.30,4.49,4.40,4.20,4.39,0.84,1.80,2.99,1.23,2.59,2.18,,5.12,4.51,5.90,6.54,5.74,4,4.47,2.86,0.73,3.32,3.86,4.50,3.98,3.79,2.52,1.18,2,1.42,0.59,2.26,1.50,5.59,4.50,4.89,4.76,1.87,1.02,0.77,0.36,4.82,0.18,3.88,2.34,1.80,1.09,-0.31,0.62,-0.90,2.70,3.47,-0.43,5.08,0.21,-0.68,-1.30,-2.52,-0.98,-0.32,0.52,0.66,4.80,2.48,4.60,4.88,5.20,5.88,3.98,3.60,0.88,3.78,2.98,2.09,1.66,1,3.31,2.54,2.75,1.43,1.39,3.10,1.42,2.53,2.93,3.77,1.19,2.34,2.64,2.64,0.29,0.37,3.90,5.09,3.63,1.20,2.58,0.25,2.09,3,1.87,2.20,2.25,1.69,1.30,0.92,1.25,,2,2.84,2.95,2.45,2.88,3.84,4.10,1.53,2.44,2.43,2.80,,4.50,-2.40,4.80,6.40,4.70,,,,,,,5.20,5.60,,2.70,6.10,2.70,1.78,,,,,,,,1.30,2.30,2.60,1.80,4.50,,,,,1.80,,3.40,4.40,2.10,1.80,1.30,,,1.40,,,1.60,,,3,3.90,3.90,3.30,2.50,2.80,
2008-12-12 15:30,6.60,6.24,5.44,6,4,3.92,5.59,6.30,3.13,4.85,4.82,4.73,2.41,4.31,4.30,4.28,4.32,0.90,1.30,2.56,1.18,2.60,1.94,,4.90,4.46,5.95,6.50,5.42,3.80,4.30,2.65,0.68,3.26,3.55,4.52,3.48,3.69,2.45,1.01,1.60,1.16,0.51,2.03,1.10,5.50,4.40,5.02,5.19,1.76,0.66,0.49,0.53,4.60,-0.20,3.63,2.13,1.60,0.63,-0.55,0.39,-1.20,2.15,3.52,-0.63,5.43,0.18,-0.75,-1.30,-2.67,-1.05,-0.36,0.44,0.40,4.66,2.47,4.50,4.77,5.20,5.55,3.94,3.40,0.75,3.76,2.87,1.60,1.46,1,3.35,2.63,2.66,1.18,1.07,2.80,1.21,2.18,3.08,3.66,1.76,2.21,2.33,2.90,0.31,0.36,3.94,5.07,3.50,1.10,2.44,0.42,2.03,2.97,1.87,1.99,1.98,1.64,1.30,0.91,1.11,,1.90,2.47,2.92,2.24,2.74,3.78,4.20,1.57,2.33,2.45,3,,4.30,-2.40,4.70,6.20,4.30,,,,,,,5.20,5.50,,2.70,5.80,2.80,1.64,,,,,,,,1.60,2.20,2,2,4.20,,,,,1.80,,3.30,4.20,2.20,1.80,1.30,,,1.40,,,1.90,,,2.90,3.80,3.80,3.30,2.40,2.70,
2008-12-12 15:40,6.60,6.21,5.35,5.92,4.10,3.75,5.41,6.20,3.33,4.77,4.58,4.92,2.54,4.20,4.14,4.46,4.26,0.76,1.20,2.44,1.10,2.49,1.85,,4.39,4.29,5.88,6.36,5.49,3.80,4.44,2.47,0.78,2.88,3.29,4.25,3.13,3.53,2.43,0.79,1.60,0.97,0.50,1.85,1.20,5.35,4.60,4.94,4.82,1.52,0.41,0.49,0.34,4.29,-0.48,3.13,1.68,1.40,0.48,-0.75,0.28,-1.20,1.79,3.56,-0.71,5.70,0.06,-0.82,-1.40,-2.75,-0.99,-0.42,0.42,0.41,4.50,2.36,4.30,4.69,5.10,5.41,3.94,3.20,0.67,3.49,2.51,1.40,1.19,1.10,3.34,2.66,2.77,0.81,1.26,2.70,0.79,2.62,2.92,3.55,1.56,1.99,1.99,2.57,0.15,0.30,3.84,4.87,3.50,1.10,2.35,0.45,1.82,3.12,1.91,1.64,2.06,1.56,1.30,0.82,1.11,,1.80,2.14,2.99,2.23,2.73,3.70,4.30,1.71,2.25,2.40,3,,4.20,-2.40,4.60,6.20,4.30,,,,,,,5.10,5.40,,1.90,5.50,2.70,1.61,,,,,,,,1.40,2,1.90,1.90,4.20,,,,,1.80,,3.30,4.50,2.20,1.80,1.30,,,1.30,,,2.10,,,2.90,3.70,3.70,3.30,2.40,2.70,
2008-12-12 15:50,6.40,6.06,5.21,5.70,4.40,3.59,5.17,6.20,3.38,4.66,4.69,4.95,2.41,4.07,3.86,4.32,4.24,0.71,1.10,2.61,1.04,2.23,1.63,,4.04,4.18,5.52,6.11,5.31,3.60,4.33,2.12,0.57,2.19,2.87,4.13,2.82,3.40,2.36,0.93,0.80,0.90,0.46,1.84,1,5.21,4.50,4.72,4.60,1.36,0.46,0.31,0.92,4.21,-0.80,2.73,1.33,1.10,0.19,-0.87,0.13,-1.40,1.53,3.82,-0.80,5.56,0.11,-0.81,-1.40,-2.76,-1.03,-0.43,0.38,0.33,4.28,2.34,4.10,4.54,4.90,5.28,3.82,3.20,0.60,3.46,2.04,1.38,0.99,1,3.41,2.75,2.72,0.65,1.39,2.50,0.69,1.94,2.86,3.27,1.44,1.82,1.65,2.24,0.10,0.16,3.92,4.77,3.49,1,2.23,0.49,1.68,3.12,1.90,1.80,1.75,1.57,1.30,0.78,1.05,,1.70,1.97,3.03,2.33,2.57,3.66,4.20,1.71,2.42,2.26,3,,3.90,-2.40,4.70,6.10,4.20,,,,,,,4.90,5.50,,2,5,2.40,1.49,,,,,,,,1.40,1.70,1.90,2,4.40,,,,,1.70,,3.20,4.80,2.20,1.80,1.30,,,1.30,,,2.30,,,2.90,3.50,3.70,3.30,2.50,2.70,
2008-12-12 16:00,6.30,6.09,5.23,5.54,4.30,3.51,4.93,6.10,3.39,4.27,4.66,4.60,2.36,3.94,3.74,4.21,4.38,0.77,1.10,2.31,1,2.26,1.50,,4.15,3.89,5.45,5.90,5.07,3.60,4.24,2.21,0.65,1.97,2.37,4,2.99,3.27,2.15,0.73,0.30,0.64,0.42,1.61,0.80,5.26,4,4.67,4.31,1.29,0.29,-0.20,0.78,4.05,-0.99,2.67,0.93,0.90,-0.19,-1.15,0.06,-1.40,1.39,3.55,-0.96,5.59,0.01,-0.80,-1.40,-2.58,-1.05,-0.53,0.45,0.24,4.05,2.18,4,4.49,4.80,5.19,3.68,3.20,0.25,3.34,1.88,1.38,0.97,1.10,3.11,2.68,2.91,0.39,1.54,2.40,0.15,2.17,2.87,2.97,1.30,1.74,1.38,2.09,0.25,0.16,3.72,4.79,3.41,1.20,2.21,0.39,1.68,3.09,1.97,1.89,2.01,1.53,1.30,0.75,0.95,,1.60,1.87,2.96,2.33,2.63,3.64,4.20,1.62,2.33,2.08,3.10,5.90,3.80,-2.40,4.70,6,3.70,1.40,0,-5,2.80,6,4.80,4.60,5.40,2.60,1.40,4.90,2.30,1.30,0.90,0.20,0.20,1,1.80,4.20,4.20,1.50,1.10,1.60,1.90,4,1,0.90,2.50,2.30,1.60,1.90,3.20,4.70,2.30,1.90,1.30,2.10,1.50,1.30,2.60,2,2.10,2.20,2,2.90,3.50,3.60,3.40,2.40,2.70,2.50
2008-12-12 16:10,6.20,5.91,5.31,5.48,4.10,3.37,4.91,6.10,3.43,4.06,4.57,4.17,2.41,3.74,3.75,4.14,4.38,0.79,1.10,1.71,0.75,2.14,1.35,,4.23,3.62,5.54,5.67,4.82,3.60,4.12,2.29,0.40,1.74,2.01,3.48,2.83,3.15,1.99,0.46,1.60,1.62,0.39,1.67,0.70,5.03,4.30,4.94,4.33,1.06,0.10,-0.47,0.44,3.78,-1.14,2.48,0.81,0.70,-0.34,-1.29,0.14,-1.30,1.16,3.39,-0.97,5.48,-0.03,-0.88,-1.40,-2.53,-1.04,-0.58,0.38,0.19,3.97,2.06,4,4.31,4.80,5.23,3.65,3.10,0.17,3.41,1.86,0.78,1.01,0.90,2.86,2.50,3.10,0.29,1.69,2.20,-0.25,1.61,2.84,2.76,1.36,1.71,1.16,2.15,0.19,0.13,3.66,4.74,3.44,1.20,2.08,0.30,1.69,3.06,2.09,1.94,1.84,1.36,1.30,0.55,0.83,,1.50,2.18,2.89,2.24,2.46,3.51,4,1.48,2.28,1.98,3,,3.60,-2.40,4.20,5.80,3.50,,,,,,,4.70,5.50,,1.40,4.80,2.20,1.30,,,,,,,,1.60,0.60,1.60,1.90,4,,,,,1.50,,3.10,4.50,2.30,1.90,1.30,,,1.30,,,2.20,,,2.80,3.60,3.60,3.40,2.40,2.70,
2008-12-12 16:20,6.20,5.78,5.29,5.41,4.20,3.61,4.87,6,3.39,3.78,4.60,3.91,2.27,3.67,3.46,4.06,4.19,1.07,1.30,1.85,0.70,1.97,1.17,,3.67,3.70,5.51,5.51,4.54,3.50,4.54,2.04,0.40,1.55,1.62,3.33,2.88,2.68,1.90,0.44,2.30,2.31,0.81,1.41,0.70,4.88,3.40,5.24,4.25,0.86,0,-0.63,0.27,3.68,-1.28,2.21,0.64,0.40,-0.50,-1.45,-0.06,-1.40,1.12,3.35,-1.07,5.66,0.05,-0.88,-1.50,-2.51,-1.01,-0.65,0.38,0.19,3.98,2.03,3.80,4.24,4.60,5.09,3.71,3.20,0.09,3.52,2.11,0.75,0.86,0.80,2.68,2.27,3.05,0.26,1.58,2.10,-0.35,1.41,2.78,2.51,1.09,1.68,0.85,1.96,0.19,0.16,3.62,4.55,3.39,1.20,1.89,0.13,1.55,2.99,2.16,1.73,1.85,1.16,1.20,0.27,0.69,,1.50,2.24,2.87,2.45,2.40,3.42,3.90,1.32,2.35,1.92,3,,3.20,-2.40,4.60,5.90,3.20,,,,,,,4.70,5,,1.40,5.20,2.20,1.28,,,,,,,,1.70,0.80,1.40,1.80,3.80,,,,,1.60,,3.10,4.60,2.30,1.90,1.30,,,1.20,,,2.30,,,2.90,3.60,3.70,3.30,2.30,2.60,
2008-12-12 16:30,6.10,5.80,5.31,5.29,4.10,3.47,4.78,5.80,3.35,3.69,4.60,4,2.29,3.60,3.36,3.93,4.13,1.04,1.30,1.94,0.60,1.95,1.04,,2.75,3.63,5.36,5.69,4.16,3.30,4.29,1.68,0.39,1.32,1.47,3.13,3.41,2.47,1.66,0.35,2,2.35,3.05,1.47,0.60,4.51,3.40,4.92,3.92,0.85,-0.10,-0.69,-0.28,3.34,-1.44,2.01,0.40,0.30,-0.69,-1.57,-0.31,-1.40,1.08,3.54,-1.18,5.72,0.05,-0.88,-1.50,-2.60,-1.03,-0.53,0.42,0.24,3.96,2.08,3.50,4.16,4.50,4.96,3.66,3.10,0.12,2.93,1.90,0.75,0.70,0.70,2.67,2.24,3.16,0.25,1.57,2.10,-0.60,1.27,2.88,2,0.80,1.82,0.33,1.92,0.05,0.11,3.58,4.43,3.43,1.10,1.80,0.03,1.65,3.07,2.15,1.72,1.84,1.12,1.10,0.14,0.62,,1.40,2.30,2.92,2.28,2.44,3.39,3.80,1.47,2.36,1.94,2.80,,2.80,-2.40,4.40,5.80,2.90,,,,,,,4.60,5.20,,1.80,5.30,2.10,1.17,,,,,,,,1.80,0.40,1.40,1.50,3.70,,,,,1.50,,3.10,4.40,2.30,1.90,1.30,,,1.10,,,2.40,,,2.80,3.40,3.70,3.40,2.20,2.40,
2008-12-12 16:40,6,5.63,5.21,5.12,4,3.24,4.63,5.70,3.38,3.59,4.47,4.42,2.39,3.48,3.47,3.91,4.12,1.11,1.40,1.56,0.54,1.90,0.93,,2.70,3.38,5.08,5.65,3.97,3.40,4.22,1.49,0.47,1.49,2.35,3.09,3.59,2.50,1.40,0.20,1.10,2.61,1.26,1.25,0.50,3.95,3.10,4.58,3.65,0.66,-0.12,-0.76,-0.57,3.10,-1.62,2.28,0.13,0,-0.58,-1.59,-0.40,-1.60,1.39,3.67,-1.14,5.19,-0.09,-0.90,-1.60,-2.53,-0.97,-0.65,0.35,0.21,3.92,2.18,3.40,4.08,4.50,4.90,3.50,3.22,0.15,2.79,1.63,0.43,0.30,0.50,2.51,2.39,3.35,0.28,1.65,1.70,-0.71,1.10,2.93,1.74,0.63,2.07,-0.11,2.26,0.06,0.19,3.49,4.40,3.45,1.10,1.92,0.04,1.38,2.98,2.01,1.70,1.66,1.09,1,0.33,0.54,,1.30,2.58,2.79,2.16,2.33,3.46,3.80,1.59,2.39,1.98,2.70,,2.60,-2.50,3.60,5.90,2.20,,,,,,,4.60,5,,1.80,5.20,2,1.16,,,,,,,,1.70,0.70,1.30,1.60,3.60,,,,,1.50,,3.20,4.40,2.30,2,1.40,,,1.10,,,2.40,,,2.80,3.30,3.70,3.40,2.20,2.40,
2008-12-12 16:50,5.90,5.51,5.23,4.92,3.80,3.01,4.59,5.50,3.27,3.30,4.54,3.71,2.44,3.40,3.28,3.97,4.10,1.07,1.50,1.14,0.57,1.90,0.89,,2.90,3.09,4.93,5.71,4.04,3.40,4.63,1.31,0.54,1.96,2.93,2.87,3.06,2.32,1.20,0.17,0.60,2.87,0.64,1.13,0.50,3.69,2.90,4.35,2.81,0.74,-0.23,-0.86,-0.38,2.90,-1.43,1.68,0.04,-0.10,-0.85,-1.81,-0.42,-1.60,2.04,3.65,-1.22,5.23,-0.05,-0.89,-1.60,-2.59,-1.08,-0.70,0.46,0.23,3.91,2.04,3.20,3.86,4.40,4.63,3.19,3.23,-0.09,2.89,1.28,0.30,0.27,0.50,2.47,2.39,3.47,0.18,1.52,1.50,-0.98,0.99,2.94,1.04,0.56,2.06,-0.43,2.63,0.16,0.12,3.30,4.36,3.46,1.10,2.01,-0.03,1.29,2.89,2.03,1.61,1.54,1.07,0.90,0.11,0.31,,1.10,2.53,2.81,2.49,2.21,3.50,3.70,1.84,2.32,2.05,2.70,,2.40,-2.40,3.70,6,2.10,,,,,,,4.60,5,,2,5.20,2,1.07,,,,,,,,1.70,1,1.10,1.60,3.60,,,,,1.40,,3.20,4.20,2.30,2,,,,1,,,2.50,,,2.80,3.10,3.70,3.60,2.10,2.40,
2008-12-12 17:00,5.80,5.40,5.29,4.98,3.90,3.07,4.22,5.40,3.21,3.15,4.49,3.64,2.48,3.40,3.11,3.81,3.09,1.03,1.60,1.39,0.37,1.78,0.88,,2.88,2.89,5.09,5.72,3.65,3.80,4.36,1.09,0.50,2.22,3.06,2.95,2.60,2.42,1.18,0.40,0.50,2.97,0.40,1.15,0.30,4.10,2.30,4.09,2.72,0.59,-0.21,-1.02,-1.19,2.63,-1.18,1.34,-0.13,-0.10,-0.94,-1.89,-0.33,-1.70,2.42,3.67,-1.35,5.35,0.06,-0.88,-1.60,-2.56,-1.10,-0.72,0.43,0.24,3.70,1.90,3.10,3.74,4.40,4.68,3.04,3.30,-0.29,2.96,0.96,0.33,0.50,0.70,2.47,2.25,3.65,0.12,1.15,1.40,-0.75,0.99,2.89,0.43,0.46,1.90,-0.60,2.88,0.17,-0.01,3.23,4.37,3.39,1.20,1.81,-0.26,1.32,2.83,2.12,1.58,1.55,0.96,0.80,0.10,0.34,,1.10,2.28,2.79,2.37,2.10,3.66,3.70,2,2.23,2,2.80,5.20,2.30,-2.20,3.90,6.10,2,,-0.20,-5.30,1.70,5.10,4.90,4.40,5.40,2.40,1.90,5,1.80,1.10,0.40,0.10,0.10,0.60,1.50,4.10,3.90,1.70,1.10,0.90,1.50,3.30,1,0.90,2.40,2.70,1.40,1.90,3.20,4.20,2.30,2,1.40,,1.30,0.90,2.10,,2.40,2.20,1.80,2.80,3,3.80,3.60,2.10,2.20,2
2008-12-12 17:10,5.70,5.38,5.15,4.94,4,3.07,3.80,5.30,3.36,2.99,3.92,3.68,2.34,3.40,3.21,3.69,3.17,1.09,1.80,1.20,0.30,1.85,0.75,,2.89,2.82,5.23,5.72,3.56,3.70,4.11,1.14,0.52,1.95,2.85,2.87,2.34,2.17,1.05,0.28,0.50,2.54,0.48,1.32,0.10,4.68,2.20,3.80,2.44,0.52,-0.20,-1.01,-1.51,2.37,-1.05,1.27,-0.09,-0.30,-0.79,-1.84,-0.45,-1.70,3.42,3.70,-1.10,5.58,-0.23,-0.89,-1.60,-2.67,-0.88,-0.66,0.42,0.22,3.52,1.88,2.90,3.59,4.20,4.55,2.92,3.21,-0.45,3.05,0.83,0.52,0.56,0.70,2.48,2.26,3.87,0.07,1,1.30,-0.64,0.96,2.79,-0.33,0.45,1.65,-0.53,2.82,0.17,-0.03,3.14,4.38,3.31,1.20,1.32,-0.32,1.28,2.53,2.06,1.39,1.48,0.92,0.70,-0.01,0.34,,1,1.84,2.74,2.09,2.11,3.66,3.70,2.13,2.05,1.85,2.70,,2.30,-2.30,3.60,6,1.90,,,,,,,4.70,5.50,,1.90,4.80,1.80,0.85,,,,,,,,1.80,1,1,1.50,3.30,,,,,1.50,,3.10,4.10,2.30,2,1.40,,,0.90,,,2.60,,,2.70,3,3.80,3.70,2,2.10,
2008-12-12 17:20,5.60,5.27,5.10,4.86,4.10,2.95,3.56,5.20,3.51,2.76,3.92,3.60,2.38,3.25,3.21,3.56,2.82,1.21,1.80,1.04,0.20,1.75,0.77,,2.91,2.84,5.10,5.36,3.31,3.40,4.21,1.40,0.67,1.99,2.82,3.16,2.26,1.92,1.09,0.24,0.60,2.80,0.56,1.35,0.10,4.89,3,3.63,2.43,0.23,-0.51,-1.22,-1.81,2.24,-1.33,1.22,-0.33,-0.20,-1.10,-1.95,-0.57,-2,3.88,3.53,-0.98,5.73,-0.16,-0.91,-1.70,-2.63,-0.99,-0.68,0.43,0.18,3.40,1.91,2.70,3.42,4.10,4.48,3.01,3.31,-0.52,3.25,1.19,0.66,0.69,0.60,2.47,2.34,3.91,0,1.34,1.20,-0.66,0.79,2.56,-0.25,0.35,1.58,-0.67,2.94,0.25,0.02,3.04,4.18,3.26,1.30,1.14,-0.15,1.30,2.50,2.17,1.37,1.39,0.87,0.60,0,0.36,,0.90,1.44,2.68,2,2.21,3.48,3.80,2.18,2.32,1.70,2.80,,2.30,-1.90,4.10,6.30,2.10,,,,,,,4.70,4.70,,1.90,4.60,1.80,0.57,,,,,,,,2,0.60,0.60,1.50,3.20,,,,,1.40,,3,4,2.20,2,1.40,,,0.80,,,2.60,,,2.60,3,3.80,3.70,2,2.20,
2008-12-12 17:30,5.50,5.15,5.09,4.74,4.10,2.76,3.52,5.20,3.62,2.54,4.22,3.63,2.32,3.27,3.13,3.32,2.54,1.41,1.70,0.99,0.30,1.26,0.93,,2.79,3.03,5.27,5.40,3.11,3.20,4.35,1.02,0.72,1.97,2.60,3.08,2.23,2.17,1.21,0,0.70,2.88,0.65,1.26,0,4.25,2.60,3.55,2.20,0.18,-0.44,-1.23,-1.95,2.13,-1.49,1.18,-0.53,-0.20,-0.84,-2.11,-0.60,-2.10,3.60,3.53,-1.15,5.65,-0.01,-0.94,-1.70,-2.67,-0.99,-0.79,0.39,0.35,3.25,1.83,2.30,3.38,4.20,4.48,3.11,3.13,-0.56,3.15,1.19,0.50,0.68,0.60,2.28,2.53,3.94,-0.16,1.42,1.10,-0.54,0.74,2.05,-0.47,0.30,1.59,-0.88,2.91,0.21,0.08,3.17,4.25,3.19,1.20,1.62,0,1.24,2.33,2.22,1.23,1.62,0.68,0.70,-0.01,0.23,,1,1.71,2.72,1.83,2.09,3.47,3.80,2.12,2.14,1.69,2.80,,2,-1.80,4,6.40,2.20,,,,,,,4.50,4.60,,1.80,4.30,1.70,0.39,,,,,,,,1.90,0.40,0.30,1.70,2.90,,,,,1.30,,2.70,4.20,2.20,2.10,1.40,,,0.70,,,2.70,,,2.50,3,3.80,3.60,2,2.10,
2008-12-12 17:40,5.50,5.08,5.22,4.72,4,2.83,3.51,5,3.58,2.38,4.40,3.43,2.09,3.06,2.98,3.43,2.37,1.41,1.70,1.11,0.24,1.30,0.77,,2.47,3.12,5.27,5.52,2.83,3.10,4.41,0.96,1.16,1.97,2.40,2.72,2.23,2.12,1.32,-0.14,0.80,2.82,0.73,1.05,-0.10,3.40,2.40,3.56,2.14,0.07,-0.49,-1.31,-2.12,1.85,-1.50,1.11,-0.39,-0.30,-1.12,-2.23,-0.65,-2.30,2.48,3.90,-1.46,5.36,0,-1,-1.70,-2.75,-1.05,-0.72,0.29,0.42,3.28,1.84,2.20,3.34,4.20,4.45,3.20,2.80,-0.61,3,1.45,0.31,0.46,0.50,2.15,2.38,3.94,-0.32,1.38,1.20,-0.97,0.50,1.64,-0.34,0.28,1.54,-1.01,2.72,0.29,0.13,3.16,4.09,3.09,1.20,2.08,0.05,1.25,2.20,2.21,1.38,1.56,0.71,0.70,-0.19,0.27,,1.10,1.99,2.72,1.71,2.11,3.55,3.80,1.99,2.04,1.54,2.80,,1.90,-2.10,3.90,6.50,2.20,,,,,,,4.50,5.10,,2,3.90,1.80,0.28,,,,,,,,1.80,0.40,0.10,2.20,2.80,,,,,1,,2.70,4.10,2.20,2,1.50,,,0.60,,,2.90,,,2.50,2.80,3.80,3.60,2,2,
2008-12-12 17:50,5.60,4.92,5.31,4.50,4.30,2.66,3.42,4.90,3.52,2.41,4.47,2.98,2.28,3.15,3.05,3.56,2.61,1.41,1.50,1.08,0.27,1.52,0.71,,2.48,3.06,5.20,5.34,2.77,2.90,4.48,0.85,1.03,1.84,1.98,2.76,2.19,2.07,1.47,-0.33,1,2.74,0.58,1.14,0,3.12,2.20,3.63,1.97,-0.02,-0.57,-1.32,-1.86,1.64,-1.46,0.95,-0.47,-0.50,-1.06,-2.34,-0.71,-2.40,1.64,3.73,-1.51,5.34,-0.04,-1.01,-1.60,-2.85,-1.02,-0.73,0.29,0.41,3.12,1.73,2.10,3.30,4.30,4.48,3.10,2.90,-0.51,2.22,1.55,0.42,0.22,0.50,2.15,2.34,3.61,-0.19,1,0.90,-0.94,0.57,1.28,-0.55,0.33,1.56,-1.07,2.72,0.10,0.14,3.02,4,3.28,1.10,2.10,0.11,1.22,2.08,2.12,1.27,1.72,0.51,0.80,-0.29,0.25,,1.30,2.43,2.66,1.64,2.02,3.46,3.80,1.82,2.17,1.50,2.80,,2,-2,3.60,6,2.10,,,,,,,4.60,5.20,,1.80,3.60,1.80,0.17,,,,,,,,1.90,0.40,-0.10,2.20,2.70,,,,,0.90,,2.60,3.90,2.20,2.10,1.50,,,0.60,,,2.90,,,2.50,2.80,3.90,3.50,2,1.90,
2008-12-12 18:00,6,4.89,5.30,4,4,2.82,3.34,4.80,3.45,2.25,4.36,3.41,2.31,2,3.03,4,2,1.39,2,1.15,0.34,1.26,0.59,5,3,3,4.99,5.44,3,3,3,1,0.89,2,1.78,3,3,2,1,0,1,3,0,1,0,3.40,2,3.49,1.83,-0.29,0,-1,-2.02,1.49,-1.79,1,0,-1,-1,-2.66,-0.78,-2,1.08,3.54,-1.54,5.34,-0.12,-1.03,-1.70,-2.81,-1.07,-0.69,0.31,0.47,3.12,1.61,2.10,3.12,4.10,4.39,2,2.90,-0.50,2.39,1.32,0.26,1,0.50,2.21,2.56,2.68,-0.23,2,0.60,-0.49,0.17,1.10,-0.81,0.32,1.47,-1.19,2.85,0.09,0.21,3.05,3.89,3.31,1,1.85,0.27,1.12,1.91,2.05,1.26,1.76,0.46,0.70,-0.22,0.03,,1.60,2.59,2.71,1.79,2.01,3.70,3.60,1.75,2.20,1.50,2.80,4,2,-2,3.80,5.40,1.70,0.60,-0.30,-5.20,1.20,4.30,4.90,4.50,5,2,1.60,3.40,1.60,0.70,,0.10,0.10,0.50,1.20,4,3.70,1.70,0.40,-0.30,2.20,2.70,1.10,0.90,2,2.50,0.80,1.20,2.30,4,2.10,2.10,1.50,,0.80,0.60,1.80,1.50,2.90,2.20,1.70,2.50,2.70,3.80,3.50,1.90,1.90,1.60
2008-12-12 18:10,5.30,4.83,5.51,4.42,4.12,2.65,3.23,4.50,3.45,2.30,4.37,3.40,2.55,2.93,3.10,3.33,2.46,1.46,1.20,1.63,0.42,1.42,0.57,,2.61,2.40,4.50,5.21,2.54,3.10,4.48,1.07,0.76,1.73,1.59,2.26,2.04,1.64,1.46,-0.43,1,2.88,0.25,1.27,0.20,3.51,2.20,3.54,1.61,-0.31,-0.68,-1.12,-2.02,1.34,-1.98,0.86,-0.88,-0.60,-1.57,-2.69,-0.90,-2.80,0.79,3.48,-1.66,4.83,-0.11,-0.87,-1.60,-2.82,-1.13,-0.76,0.18,0.46,3.18,1.67,2,2.91,3.90,4.33,3.04,3,-0.65,2.51,0.98,0.19,0.76,0.60,2.11,2.42,2.10,-0.44,1.57,0.40,-0.36,0.17,0.97,-0.95,0.18,1.41,-1.39,2.72,0.13,0.08,3.12,3.93,3.19,1.10,1.56,0.41,1.25,1.88,2.14,1.19,1.75,0.29,0.60,-0.14,0.03,,1.90,2.71,2.79,1.82,1.94,3.23,3.90,1.49,2.26,1.50,2.70,,1.90,-2.20,3.50,4.70,1.30,,,,,,,4.40,5.30,,1.60,3.20,1.50,0.23,,,,,,,,1.50,0,-0.40,1.90,2.70,,,,,0.90,,2.20,3.90,2.10,2.10,1.50,,,0.50,,,2.80,,,2.50,2.60,3.80,3.50,1.90,1.80,
2008-12-12 18:20,5.20,4.73,5.74,4.34,3.97,2.58,3.13,4.30,3.44,2.18,4.27,3,2.65,2.87,2.98,3.05,2.70,1.31,1.10,1.49,0.34,1.69,0.55,,2.43,2.45,4.22,4.81,2.41,3.30,4.48,1.18,0.76,1.80,1.45,2,2.12,1.52,1.41,-0.40,1,2.67,0.37,1.20,0.20,3.05,2.50,3.58,1.39,-0.28,-0.74,-1.12,-2.19,1.23,-2.19,0.54,-1.04,-0.80,-1.70,-2.80,-1.09,-2.90,0.44,3.33,-1.71,5.05,-0.05,-0.90,-1.60,-2.79,-1.22,-0.85,0.19,0.42,3.07,1.72,2,2.68,3.80,4.18,3.07,2.90,-0.88,2.52,0.73,0.33,0.80,0.60,2.02,2.54,2.27,-0.54,1.53,0.20,-0.36,0,0.89,-0.89,0.12,1.36,-1.44,2.64,0.17,0.20,3.12,3.88,3.24,1,1.33,0.41,1.05,1.83,2.13,1.22,1.74,0.30,0.50,-0.30,-0.10,,2,2.77,2.74,1.73,1.82,3.30,3.90,1.40,2.17,1.45,2.70,,1.80,-2.30,3.10,3.70,0.90,,,,,,,4.30,5.30,,1.60,3.20,1.30,0.32,,,,,,,,1.70,0.20,-0.30,1.60,2.60,,,,,0.90,,2,3.70,2.10,2.10,1.50,,,0.40,,,2.90,,,2.60,2.60,3.60,3.50,2,2,
2008-12-12 18:30,5.10,4.65,5.72,4.12,3.98,2.62,3.26,4.30,3.39,2.09,4.09,3.53,2.70,2.68,3.03,3.16,3.01,1.20,0.90,1.45,0.25,1.58,0.48,,2.36,2.59,4.28,4.99,2.30,3.50,4.18,1.28,1.11,1.80,1.18,1.84,2.04,1.30,1.40,-0.46,0.70,2.37,0.20,1.07,-0.20,3.37,2.10,3.60,1.31,-0.27,-0.78,-1.15,-2.25,1.26,-2.65,0.14,-1.16,-0.80,-1.47,-2.98,-1.18,-3.10,0.37,3.45,-1.74,5.27,-0.11,-0.95,-1.70,-2.87,-1.31,-0.78,0.12,0.41,2.92,1.62,2,2.69,3.80,4.35,3,3,-0.86,2.62,0.70,0.10,1,1,2,2.40,2.48,-0.65,1.55,0.10,-0.64,-0.28,0.83,-1.20,0.01,1.28,-1.50,2.44,0.26,0.14,3.09,3.89,3.05,0.70,1.45,0.38,1.03,1.94,2.10,1.20,1.84,0.28,0.50,-0.48,-0.14,,2.10,2.88,2.67,1.64,1.90,3.40,3.80,1.37,2.03,1.40,2.60,,1.80,-2.40,3.10,3.60,0.90,,,,,,,4.50,4.70,,1.30,3.10,1.30,0.47,,,,,,,,1.50,0.10,-0.40,1.20,2.50,,,,,1.10,,1.90,3.80,2,2.10,1.60,,,0.40,,,2.80,,,2.50,2.60,3.40,3.70,2,2,
2008-12-12 18:40,5.10,4.56,5.79,4.17,4,2.62,3.31,4.20,3.21,1.82,3.90,2.86,2.58,2.59,2.98,3.23,3.47,1.17,0.80,0.99,0.23,1.44,0.34,,2.58,2.50,4.34,4.95,2.10,3.70,3.82,1.08,1.29,1.66,0.86,1.93,1.79,1.50,1.33,-0.44,0.70,2.49,-0.05,1.13,-0.20,3.44,1.50,3.49,1.46,-0.23,-0.82,-1.11,-2.39,1.20,-2.87,0.08,-1.23,-0.90,-1.83,-3.08,-1.22,-3.20,0.41,3.42,-1.68,4.98,-0.14,-0.93,-1.60,-2.79,-1.13,-0.71,0.15,0.43,2.89,1.59,2,2.54,3.70,4.36,2.95,2.90,-0.81,2.47,0.36,0.05,0.92,1,1.82,2.25,2.67,-0.76,1.55,-0.30,-0.92,0.09,1.10,-0.83,-0.08,1.29,-1.31,2.39,0.13,0,3,3.92,3,0.50,1.11,0.37,1.10,1.92,2.17,1.26,1.88,0.25,0.50,-0.58,-0.15,,2.20,2.98,2.71,1.70,1.89,3.34,3.70,1.53,1.95,1.26,2.80,,1.80,-2.20,3.10,3.40,0.70,,,,,,,4.40,4.50,,1.20,3,1.20,0.49,,,,,,,,1.60,-0.10,-0.40,1.30,2.50,,,,,1.10,,1.90,3.80,2,2.10,1.60,,,0.40,,,2.80,,,2.60,2.60,3.30,3.70,2.10,1.90,
2008-12-12 18:50,5,4.42,5.81,4.04,4.30,2.59,3.37,4.20,3.06,1.77,3.70,3.37,2.48,2.65,2.93,3.40,3,1.23,0.90,1.19,0.15,1.61,0.48,,2.58,2.63,4.14,4.74,1.91,3.70,3.95,1.12,1.46,1.36,0.94,2.26,1.74,1.72,1.29,-0.42,1.30,2.55,0.17,1.33,-0.30,3.69,1.30,3.56,1.47,-0.18,-0.88,-1.33,-2.59,1.11,-3.07,-0.09,-1.36,-0.90,-1.96,-3.16,-1.25,-3.30,0.16,3.42,-1.74,5.26,-0.27,-0.97,-1.70,-2.87,-1.03,-0.73,0.13,0.39,2.77,1.57,2,2.41,3.70,4.46,3.12,2.90,-0.86,2.27,0.07,0.12,0.83,1,1.70,2.13,2.73,-0.83,1.54,-0.40,-0.90,0.16,1.46,-0.69,-0.08,1.18,-1.26,2.36,0.02,0.06,2.98,3.74,3.03,0.40,1,0.29,0.97,1.90,2.16,1.27,1.86,0.20,0.50,-0.56,-0.21,,2.10,2.89,2.59,1.23,1.84,3.35,3.70,1.64,2.15,1.13,2.70,,1.70,-2.10,3.20,3.60,0.40,,,,,,,4.50,4.80,,1.30,2.90,1,0.56,,,,,,,,1.50,-0.30,-0.60,1.30,2.40,,,,,1.20,,1.60,3.60,2,2.10,1.60,,,0.40,,,2.70,,,2.60,2.70,3.30,3.70,2.10,1.90,
2008-12-12 19:00,4.80,4.32,5.88,3.89,4.20,2.62,3.47,4.20,3.06,1.84,3.60,3.17,2.36,2.56,2.85,3.29,3.32,1.42,0.90,1.12,0.05,1.71,0.37,,2.55,2.73,4.06,4.61,1.74,3.50,3.91,1.11,1.61,0.93,0.80,2.12,1.76,1.34,1.21,-0.45,1.90,2.36,0.09,1.31,-0.40,3.52,1.40,3.66,1.21,-0.25,-0.89,-1.50,-2.57,0.85,-3,-0.11,-1.60,-0.90,-2.06,-3.22,-1.23,-3.50,-0.06,3.85,-1.84,5.57,-0.36,-0.96,-1.70,-2.94,-1.27,-0.80,0.14,0.39,2.57,1.55,1.90,2.18,3.60,4.36,3.06,2.80,-0.66,2.32,-0.04,0.08,0.85,0.90,1.68,2.17,2.47,-0.94,1.09,-0.40,-1.18,0.38,1.33,-0.77,-0.05,0.99,-1.39,2.38,-0.01,0.09,2.90,3.65,3.12,0.40,0.86,0.26,0.98,1.92,2.05,1.37,1.81,0.20,0.70,-0.60,-0.19,,2.10,2.84,2.65,1.29,1.70,3.55,3.60,1.80,2.13,1.10,2.60,3.80,1.80,-2.10,2.80,3.70,0.30,0.70,-0.40,-4.50,1,4.20,4.70,4.40,4.90,0.30,1.40,2.70,1.30,0.60,0,0,0.10,0.60,1.10,3.70,3.80,1.30,-0.40,-0.40,1.70,2.30,1.10,1,1.80,2.60,1.20,0.90,1.50,3.50,2,2,1.60,1.10,0.80,0.50,1.60,1.40,2.90,2.20,1.70,2.50,2.70,3.20,3.90,2.20,1.90,0.90
2008-12-12 19:10,4.60,4.14,6.06,3.89,4.10,2.75,3.58,4.10,3.09,1.82,3.55,3.19,2.32,2.56,2.82,3.42,3.14,1.62,0.70,0.92,-0.08,2.13,0.36,,2.25,2.78,3.98,4.65,1.71,3.30,3.65,1.12,1.99,0.99,0.76,2.12,1.77,1.13,1.18,-0.47,1.50,2.24,0.09,1.20,-0.40,3.74,1.60,3.53,1.17,-0.17,-0.90,-1.62,-2.36,0.61,-3.18,0.07,-1.52,-0.90,-2.29,-3.31,-1.28,-3.60,-0.30,3.95,-1.83,5.57,-0.15,-0.95,-1.70,-2.86,-1.32,-0.75,0.15,0.34,2.46,1.47,1.90,2.11,3.70,4.37,2.73,2.98,-0.60,2.54,0,0.10,0.92,0.80,1.63,2.19,2.32,-1.17,0.76,-0.50,-1.21,0.59,1.18,-0.68,-0.11,0.86,-1.58,2.42,0.06,0.02,2.83,3.50,3.07,0.30,0.81,0.17,0.91,1.94,2.03,1.47,1.87,0.14,0.80,-0.61,-0.17,,2.20,2.84,2.59,1.48,1.70,3.67,3.80,1.95,2.07,1.14,2.40,,1.70,-1.90,2.70,3.10,0.40,,,,,,,4.50,4.10,,1.40,2.70,1.70,0.32,,,,,,,,2.20,-0.30,-0.40,1.80,2.30,,,,,1.10,,1.50,3.50,2,2,1.60,,,0.50,,,2.60,,,2.50,2.60,3.20,3.90,2.20,2,
2008-12-12 19:20,4.50,4.14,6.02,3.76,4.40,2.65,3.54,4,3.44,1.82,3.52,3.17,2.23,2.80,2.91,3.38,2.96,1.68,0.60,0.85,-0.16,2.28,0.41,,2.17,2.75,3.99,4.48,1.63,3.40,3.56,1.22,1.79,0.88,0.62,2.16,1.71,1.16,1.11,-0.48,1.40,1.99,0.48,1.27,-0.20,3.98,1.20,3.45,1.30,-0.22,-0.90,-1.74,-2.49,0.51,-3.32,0.10,-1.55,-1,-2.56,-3.42,-1.48,-3.70,-0.36,4.13,-1.93,5.64,-0.19,-1.01,-1.80,-2.83,-1.34,-0.76,0.11,0.40,2.44,1.41,1.90,1.92,3.80,4.42,2.78,2.84,-0.62,2.46,0.48,0.02,0.79,0.70,1.52,2.17,2.15,-1.39,0.52,-0.60,-1.42,0.76,1.21,-0.53,-0.17,0.84,-1.63,2.57,0.15,-0.16,2.57,3.46,2.98,0.30,1.06,0,0.82,1.92,1.94,1.55,1.87,0.07,0.80,-0.62,-0.09,,2.20,2.62,2.53,1.23,1.63,3.59,3.80,2.01,2.06,1.17,2.40,,1.70,-1.40,2.70,2.60,0.40,,,,,,,4.40,4.10,,1.50,2.40,1.70,0.24,,,,,,,,1.70,-0.40,-0.40,1.70,2.40,,,,,0.80,,1.60,3.40,2,2,1.60,,,0.50,,,2.70,,,2.50,2.60,3.20,3.80,2.20,1.80,
2008-12-12 19:30,4.50,4.05,5.94,3.65,4.70,2.32,3.21,3.90,3.57,1.93,3.63,3.10,2.43,2.67,2.85,3.11,3.02,1.53,0.60,0.65,0.04,2.10,0.25,,2.34,2.64,3.92,4.33,1.50,3.60,3.45,1.25,1.70,0.86,0.55,2.07,1.83,1.11,1.07,-0.59,1.20,1.31,0.36,1.21,-0.30,3.91,1.30,3.47,1.79,-0.27,-0.93,-1.51,-2.48,0.34,-3.51,-0.29,-1.84,-1.10,-2.54,-3.58,-1.46,-3.50,-0.55,4.57,-2.05,5.58,-0.33,-0.98,-1.80,-2.88,-1.29,-0.75,0.16,0.37,2.26,1.44,1.90,1.72,3.70,4.28,2.81,2.85,-0.84,2.54,0.72,-0.25,1.04,0.70,1.49,1.98,2.32,-1.60,0.64,-0.50,-1.32,1.20,1.20,-0.42,-0.20,0.95,-1.12,2.65,0.05,-0.16,2.44,3.35,3.05,0.10,0.83,0,0.84,1.91,1.84,1.47,1.83,0.06,0.80,-0.79,-0.13,,2.10,2.06,2.49,1.38,1.71,3.64,3.80,1.93,2.11,1.16,2.30,,1.60,-1.50,2.60,1.80,0.40,,,,,,,4.30,4.20,,1.50,2.40,1.70,0.14,,,,,,,,1.80,-0.40,-0.50,1.60,2.30,,,,,0.80,,1.60,3.20,2,2,1.70,,,0.50,,,2.60,,,2.50,2.50,3.10,3.80,2.30,1.90,
2008-12-12 19:40,4.40,4.10,5.98,3.55,4.70,2.20,3.13,3.90,3.51,1.89,3.53,2.78,2.77,2.72,2.80,3.09,2.45,1.57,0.50,0.45,0.01,1.92,0.15,,2.28,2.56,3.65,4.36,1.46,3.70,3.44,1.04,2.15,0.74,0.54,1.98,1.48,1.06,0.80,-0.76,1.40,1.23,0.14,1.04,-0.50,3.28,1.30,3.55,1.62,-0.38,-1.03,-1.69,-2.73,0.28,-3.80,-0.64,-1.76,-1.10,-2.43,-3.76,-1.45,-3.80,-0.59,4.36,-2.29,6.77,-0.22,-0.97,-1.80,-2.83,-1.26,-0.74,0.25,0.38,2.16,1.42,1.80,1.82,3.50,4.17,2.86,2.85,-0.79,2.64,1,-0.43,1.30,0.60,1.42,2.03,2.36,-1.73,0.90,-0.60,-1.22,1.60,1.25,0.08,-0.33,0.88,0.57,2.56,0.12,-0.14,2.46,3.40,2.96,-0.10,0.91,0.03,0.79,1.76,1.71,1.50,1.95,-0.09,0.80,-0.88,-0.20,,2,1.87,2.55,1.50,1.56,3.53,3.70,1.73,2.09,1.12,2.30,,1.30,-1.30,2.60,1.60,0.30,,,,,,,4.10,4.70,,1.40,2.40,1.70,0.13,,,,,,,,1.70,-0.30,-0.50,1.80,2.20,,,,,0.80,,1.40,3.10,2,2,1.70,,,0.50,,,2.40,,,2.40,2.50,3.10,3.80,2.30,1.90,
2008-12-12 19:50,4.40,4.16,5.97,3.47,4.70,2.30,2.91,3.90,3.58,1.92,3.43,2.52,3.28,2.82,2.87,3.09,2.42,2.06,0.40,0.38,-0.17,1.68,0.25,,2.20,2.45,3.86,4.57,1.44,3.60,3.51,0.87,2,0.58,0.32,2.03,1.51,1.06,0.68,-0.99,1.30,1.23,-0.04,0.94,-0.60,3.14,1.20,3.49,1.33,-0.40,-0.91,-1.80,-3.04,0.33,-3.89,-0.74,-1.76,-1.10,-2.30,-3.85,-1.27,-3.80,-0.60,4.50,-2.49,6.07,-0.13,-1.03,-1.70,-2.92,-1.30,-0.83,0.22,0.37,1.98,1.38,1.80,1.68,3.20,4.17,2.98,2.89,-0.75,2.38,1.32,-0.58,1.52,0.30,1.33,2,2.23,-1.79,0.81,-0.60,-1.29,1.76,1.32,0.12,-0.37,0.76,1.08,2.53,0.17,-0.05,2.41,3.21,2.98,-0.20,1.10,-0.03,0.61,1.66,1.62,1.53,1.80,-0.16,0.60,-0.92,-0.15,,1.90,1.67,2.55,1.48,1.46,3.54,3.80,1.58,1.80,1.09,2.30,,0.70,-1.40,2.40,1.40,-0.10,,,,,,,3.80,3.80,,1.30,,1.60,0.06,,,,,,,,1.60,-0.40,-0.80,1.90,2.10,,,,,0.80,,1.20,3.10,1.90,2,1.70,,,0.30,,,2.30,,,2.40,2.40,3.10,3.80,2.30,1.90,
2008-12-12 20:00,4.50,4.07,5.98,3.56,4.70,2.25,2.98,3.90,3.66,1.91,3.36,2.43,3.02,2.87,2.80,2.96,2.71,2.29,0.30,0.60,-0.41,1.63,0.11,,2.13,2.47,3.70,4.41,1.34,3.50,3.46,0.76,1.70,0.16,0.24,1.94,1.21,0.90,0.50,-1.12,1.20,1.26,-0.04,0.98,-0.60,3.33,1.40,3.58,1.19,-0.19,-1.17,-1.87,-2.91,0.25,-3.72,-1.05,-1.76,-1.10,-2.71,-4.04,-1.17,-4.20,-0.79,4.35,-2.74,4.56,-0.26,-0.99,-1.80,-2.96,-1.36,-0.72,0.18,0.35,1.96,1.39,1.80,1.60,3.10,4.12,3.06,2.78,-0.53,2.35,1.38,-0.75,1.30,0.10,1.33,1.81,2.19,-1.96,0.85,-0.50,-1.55,1.48,1.29,-0.15,-0.28,0.69,1.19,2.52,-0.06,-0.09,2.34,3.23,2.91,-0.20,1.23,0.07,0.61,1.60,1.71,1.52,1.84,-0.03,0.60,-0.96,-0.16,,1.80,1.72,2.39,1.53,1.53,3.45,3.70,1.67,1.63,1,2.20,4.80,0.60,-1.50,2.50,1.50,-1,0.40,-0.60,-4.60,0.80,3.40,4.50,3.80,4.20,1.90,1.40,2.50,1.60,0.10,0.10,0.10,0.20,0.60,1.10,3.30,3.40,1.20,-0.60,-0.50,1.80,2,1.10,1,1.60,2.40,0.80,1,1.10,2.80,2,1.90,1.70,,0.50,0.20,1.90,0.70,2.30,2.30,1.90,2.40,2.40,3,4,2.30,1.90,0.80
2008-12-12 20:10,4.50,4.13,5.98,3.36,4.31,2.15,2.91,3.90,3.81,1.93,3.21,2.67,2.73,2.71,2.54,3.12,2.84,2.05,0.30,0.37,-0.56,1.31,-0.05,,2,2.37,3.63,4.36,1.31,3.50,3.66,0.67,1.61,-0.05,0.19,1.50,1.21,1.01,0.22,-0.88,1,1.62,0.12,1.04,-0.80,3.81,1.60,3.72,1.13,-0.44,-1.21,-1.76,-3.33,0.09,-3.91,-1.29,-1.61,-1,-2.63,-4.14,-1.33,-4.30,-0.66,4.18,-2.97,3.91,-0.39,-1.03,-1.80,-3.04,-1.36,-0.76,0.23,0.38,1.80,1.47,1.80,1.70,2.90,4.02,3.09,2.40,-0.29,2.44,1.47,-0.78,1.19,0,1.32,1.65,1.82,-1.99,0.85,-0.30,-1.61,1.26,1.10,-0.21,-0.26,0.61,1.07,2.53,-0.04,0,2.20,3.07,2.89,-0.20,1.20,0.10,0.47,1.57,1.76,1.43,1.94,0.05,0.60,-0.88,-0.21,,1.60,1.67,2.43,1.44,1.60,3.32,3.70,1.72,1.76,0.81,2.20,,0.50,-1.20,2.70,1.50,-1,,,,,,,3.80,4.60,,1.40,2.50,1.50,0.06,,,,,,,,1.20,-0.60,-0.50,1.70,2,,,,,0.80,,1,2.70,1.90,1.90,1.70,,,0.20,,,2.30,,,2.40,2.30,3,4,2.30,1.70,
2008-12-12 20:20,4.40,4.32,6.03,3.33,4.80,2.05,2.92,3.90,4.05,1.93,3.02,2.69,2.72,2.58,2.43,3.11,2.89,2.01,0.20,0.18,-0.63,1.57,-0.20,,1.92,2.33,3.60,4.31,1.15,3.60,3.62,0.59,1.87,-0.13,-0.09,1.30,0.88,0.97,0.54,-0.79,1,1.42,0.23,0.95,-0.90,4.06,1.40,3.69,1.21,-0.33,-1.29,-1.79,-3.10,-0.07,-4.32,-1.32,-1.61,-1,-2.36,-4.29,-1.29,-4.40,-0.70,3.76,-3.07,3.94,-0.33,-1.06,-1.80,-2.96,-1.35,-0.71,0.18,0.41,1.84,1.54,1.80,1.54,2.80,3.88,3.15,2.50,-0.26,2.47,1.87,-0.89,1.38,-0.10,1.33,1.70,1.48,-1.99,0.86,-0.30,-1.41,1.22,1.04,0.07,-0.37,0.51,0.90,2.43,0.06,0.01,2.17,2.94,2.78,-0.30,0.75,0.18,0.48,1.62,1.83,1.47,1.93,0.15,0.70,-0.94,-0.16,,1.60,1.82,2.34,1.54,1.54,3.37,3.70,1.80,1.93,0.68,2,,0.40,-1.30,2.60,1.60,-0.80,,,,,,,3.50,3.90,,1.30,2.30,1.50,-0.03,,,,,,,,1.50,-0.50,-0.50,1.60,2,,,,,0.80,,0.90,2.50,2,2,1.70,,,0.20,,,2.30,,,2.40,2.20,2.90,3.90,2.30,1.70,
2008-12-12 20:30,4.50,4.19,6,3.30,4.57,1.88,3.02,3.70,4.09,1.89,2.85,2.61,2.70,2.31,2.38,3.05,1.61,1.81,0.10,-0.05,-0.76,1.46,-0.30,,1.97,2.19,3.13,4.21,1.08,3.50,3.59,0.39,1.94,-0.23,-0.17,1.34,0.60,0.87,0.83,-1.05,1.20,1.74,0.34,0.77,-1,3.86,1.50,3.55,1.49,-0.64,-1.46,-1.74,-2.69,-0.32,-4.51,-1.47,-1.71,-1,-2.55,-4.48,-1.26,-5,-0.79,3.70,-3.06,4.16,-0.20,-1.09,-1.90,-2.91,-1.43,-0.82,0.22,0.37,1.78,1.50,1.80,1.42,2.80,4.07,3.10,2.50,-0.22,2.41,2.23,-1.04,1.27,-0.10,1.36,1.74,1.25,-2.04,0.82,-0.30,-1.48,0.93,1.35,0.08,-0.27,0.62,1,2.39,0.01,-0.07,2.12,2.86,2.76,-0.20,0.35,0.22,0.69,1.60,2,1.50,1.96,0,0.70,-1.21,-0.15,,1.40,1.90,2.36,1.52,1.53,3.28,3.70,1.83,2.02,0.72,2.20,,0.40,-0.80,2.40,1,-0.70,,,,,,,3.10,3.70,,1,2.20,1.50,-0.28,,,,,,,,1.70,-0.40,-1.10,1.60,1.90,,,,,0.70,,0.70,2.50,2,2,1.70,,,0.20,,,2.20,,,2.40,2.30,2.80,3.90,2.40,1.70,
2008-12-12 20:40,4.40,4.24,6.04,3.27,4.43,1.89,3.03,3.70,4.06,1.81,2.87,2.34,3.08,2.18,2.33,3.05,1.06,1.51,-0.10,0.05,-0.78,1.36,-0.45,,1.96,1.99,2.58,4.12,0.84,3.40,3.51,0.27,1.29,-0.11,-0.30,1.53,0.58,0.72,1.07,-1.28,1.10,1.84,0.17,0.50,-1.40,3.80,1.10,3.46,1.37,-0.86,-1.42,-1.88,-3.06,-0.43,-4.65,-1.32,-1.62,-0.90,-2.34,-4.59,-1.32,-5,-0.86,3.48,-3.06,4.56,-0.30,-1.16,-1.80,-2.98,-1.42,-0.83,0.22,0.38,1.73,1.37,1.80,1.48,2.60,3.63,3.11,2.50,-0.24,2.48,1.90,-1.08,1.31,0,1.28,1.77,1.36,-2.10,1.11,-0.30,-1.38,0.83,1.48,0.19,-0.24,0.68,1,2.46,-0.01,0.04,1.97,2.80,2.64,-0.40,0.41,0.18,0.70,1.62,1.94,1.60,2.09,-0.04,0.80,-1.11,-0.06,,1.30,1.84,2.14,1.23,1.55,3.26,3.80,1.90,2.03,0.76,2.30,,0.40,-1.10,2.30,1.40,-0.50,,,,,,,2.80,3.60,,0.80,1.90,1.50,-0.32,,,,,,,,1.30,-0.40,-1.40,1.70,1.90,,,,,0.80,,0.50,2.50,2,2,1.80,,,0.30,,,2.20,,,2.40,2.30,2.90,4,2.40,1.60,
2008-12-12 20:50,4.40,4.34,6.11,3.31,3.81,1.91,2.97,3.70,4.04,1.59,3.05,1.91,2.81,2.26,2.30,2.79,1.29,1.68,-0.20,-0.39,-1.07,1.24,-0.74,,1.83,1.81,2.67,3.99,0.68,3.20,3.58,-0.05,0.93,-0.25,-0.58,1.22,0.17,0.47,1.13,-1.51,1.20,2.42,2.96,0.28,-1.30,3.19,0.90,3.47,1.53,-1.03,-1.30,-2.06,-3,-0.49,-4.89,-1.19,-1.55,-1,-2.72,-4.70,-1.52,-5.10,-1.09,3.43,-3.13,4.62,-0.19,-1.17,-1.80,-2.91,-1.31,-0.81,0.18,0.31,1.73,1.39,1.80,1.40,2.50,3.72,3.18,2.50,-0.19,2.36,1.82,-1.21,1.59,0.10,1.25,1.78,1.26,-2.10,1.30,-0.30,-0.64,0.57,1.53,0.30,-0.15,0.81,1.26,3.13,-0.02,0.01,1.93,2.68,2.68,-0.30,0.51,0.22,0.75,1.50,1.89,1.67,2.10,0.15,0.80,-0.89,-0.10,,1.10,1.99,2.10,1.25,1.57,3.17,3.80,1.99,2.40,0.65,2.40,,0.20,-1.50,2.40,1.70,-0.90,,,,,,,2.70,4,,0.40,1.80,1.40,-0.16,,,,,,,,1.20,-0.40,-1.40,1.70,1.90,,,,,0.70,,0.30,2.20,2,2,1.80,,,0.30,,,2.30,,,2.40,2.30,2.80,4.10,2.40,1.50,
2008-12-12 21:00,4.30,4.30,6.06,3.30,4.24,1.80,2.75,3.70,3.71,1.59,3.31,2,2.41,2.17,2.25,2.57,1.78,2.06,-0.30,-0.72,-1.18,1.36,-0.99,,1.71,1.87,2.68,4.08,0.58,3,3.40,0.03,0.64,-0.37,-0.80,0.75,0.29,0.19,1.18,-1.30,1.40,2.97,4.73,0.40,-1.60,3.10,0.70,3.57,1.07,-0.86,-1.50,-2.13,-3.17,-0.56,-4.91,-1.09,-1.68,-1.20,-2.76,-4.83,-1.83,-5.10,-1.43,3.05,-2.94,4.98,-0.27,-1.23,-1.80,-2.97,-1.31,-1,0.19,0.33,1.69,1.42,1.70,1.26,2.30,3.87,3.10,2.60,-0.24,2.23,2.07,-1.29,1.96,0.20,1.15,1.66,1.23,-2.17,1.69,-0.30,-0.32,0.71,1.55,0.34,-0.35,0.80,1.33,3.29,-0.11,-0.05,1.84,2.66,2.68,-0.30,0.65,0.17,0.86,1.33,1.96,1.71,2.07,-0.15,0.80,-0.95,-0.16,,1.20,1.99,2.17,1.40,1.57,3.11,3.80,2.04,2.48,0.57,2.40,4,0.20,-1.80,2.20,1.70,-1,0.20,-0.60,-4.60,0.60,2.70,4.10,2.50,4.40,2,0.50,1.70,1.30,0.50,,0,0.20,0.40,1.10,3.20,3.20,1.30,-0.10,-1.30,1.60,1.90,1.10,1.10,1.30,2.40,0.60,0.80,0.30,2,2,2,1.80,1.10,0.50,0.40,1.50,0.20,2.30,2.40,1.90,2.40,2.40,2.70,4,2.40,1.40,0.70
2008-12-12 21:10,4.30,4.37,5.81,3.29,4.10,1.64,2.60,3.60,3.64,1.49,3.47,2.12,2.39,1.83,2.18,2.44,2.06,2.16,-0.40,-0.47,-1.17,1.67,-1.17,,1.65,1.85,2.62,4.06,0.44,2.90,3.25,-0.01,0.37,-0.68,-0.75,0.76,0.04,0.01,1.09,-1.37,2.30,2.75,5.12,0.30,-1.80,3.02,0.60,3.66,1.23,-0.87,-1.37,-2,-3.13,-0.60,-5.15,-1.13,-1.60,-1.30,-2.68,-4.97,-2.23,-5.10,-1.78,3.42,-3.01,4.58,-0.31,-1.20,-1.90,-2.96,-1.44,-0.96,0.25,0.36,1.65,1.27,1.80,1.28,2.24,3.90,2.99,2.70,-0.14,2.31,2.14,-1.24,1.57,0.50,1.10,1.53,1.22,-2.09,1.58,-0.40,-0.72,0.87,1.51,0.38,-0.39,0.72,1.59,3.47,-0.17,-0.06,1.75,2.61,2.59,-0.30,0.50,0.19,0.92,1.40,2,1.80,2.08,-0.23,0.90,-1.11,-0.19,,1.20,2.23,2.16,1.23,1.46,3.05,3.90,2.12,2.33,0.62,2.30,,0,-2.10,2.10,1.20,-1,,,,,,,2.30,4.80,,0.40,1.60,1.20,0.24,,,,,,,,0.90,0,-1.20,1.60,1.90,,,,,0.60,,0.10,1.90,2,2,1.80,,,0.40,,,2.30,,,2.40,2.40,2.70,4,2.40,1.30,
2008-12-12 21:20,4.20,4.35,5.54,3.16,3.90,1.59,2.44,3.30,3.48,1.35,3.25,1.90,2.51,1.56,1.92,2.40,2,2.40,-0.60,0.10,-1.15,2.51,-1.14,,1.39,1.81,2.35,4.02,0.46,3,3.28,-0.10,0.24,-1.06,-0.95,0.69,-0.16,-0.09,0.80,-1.53,2.80,2.57,4.87,0.28,-1.80,2.84,0.60,3.62,1.14,-1.20,-1.38,-2.23,-3.09,-0.45,-5.16,-1.45,-1.75,-1.50,-2.75,-5.14,-2.63,-5.60,-2.02,3.60,-3.33,4.70,-0.20,-1.14,-1.90,-2.94,-1.46,-0.86,0.27,0.28,1.56,1.29,1.80,1.30,2.15,3.91,3.05,2.70,-0.42,2.11,2.44,-1.23,1.45,0.60,0.90,1.40,1.26,-2.16,1.61,-0.40,-1.02,1.24,1.11,0.28,-0.34,0.71,1.84,3.50,-0.15,-0.08,1.78,2.59,2.56,-0.30,0.41,0.27,0.82,1.42,1.96,1.80,1.92,-0.18,0.90,-1.04,-0.19,,1.30,2.32,2.03,1.09,1.47,2.97,3.90,2.21,2.51,0.67,2.20,,-0.20,-1.70,2.30,1.30,-1.60,,,,,,,2.40,4.90,,0.70,1.60,1.30,0.45,,,,,,,,1.40,-0.10,-1.40,1.70,1.90,,,,,0.50,,0.70,1.80,2,2,1.80,,,0.30,,,2.20,,,2.40,2.40,2.70,4,2.40,1.30,
2008-12-12 21:30,4.20,4.20,5.22,3.07,3.50,1.58,2.33,3.20,3.23,1.30,3.17,1.57,2.48,1.49,1.87,2.53,1.64,2.94,-0.90,-0.57,-1.11,2.78,-1.40,,1.32,1.80,2.38,4.30,0.29,3.10,2.82,-0.25,0.30,-0.94,-1.21,0.48,-0.17,-0.28,0.97,-1.45,2.90,2.37,4.76,0.58,-2.10,2.65,0.70,3.75,1.53,-1.34,-1.67,-2.25,-3.01,-0.39,-5.27,-1.65,-1.98,-1.80,-2.93,-5.22,-2.94,-5.90,-2.10,3.65,-3.52,5.21,-0.20,-1.18,-1.90,-2.95,-1.46,-0.88,0.23,0.29,1.64,1.32,1.70,1.33,2.16,3.85,3.16,2.80,-0.43,2.25,2.25,-1.11,1.56,0.80,0.86,1.28,1.46,-2.11,1.59,-0.50,-1.14,1.10,1.06,0.19,-0.28,0.65,1.78,3.68,0.02,0.01,1.75,2.62,2.56,-0.30,0.37,0.27,0.78,1.34,2.03,1.78,1.91,-0.25,1,-0.86,-0.20,,1.40,2.19,1.92,1.12,1.52,2.94,3.80,2.12,2.47,0.78,2.10,,-0.40,-1.80,1.60,1.30,-1.40,,,,,,,2.40,4.50,,1,,1.40,0.42,,,,,,,,1.30,-0.30,-1.60,1.50,1.70,,,,,0.50,,0.90,2,2,2,1.80,,,0.40,,,2.20,,,2.40,2.40,2.70,4.10,2.30,1.10,
2008-12-12 21:40,4.10,3.90,5.04,2.87,3.20,1.30,2.05,3.10,2.60,1.29,2.95,1.46,2.59,1.46,1.72,2.82,1.10,2.73,-1.10,-0.54,-1.14,3.13,-1.74,,1.31,1.65,2.10,4.29,0.15,3.30,2.90,-0.37,0.38,-1.36,-1.37,0.42,-0.27,-0.18,0.68,-1.54,3.30,2.58,4.90,0.45,-2.20,2.61,0.60,3.80,1.23,-1.40,-1.64,-2.40,-3.08,-0.50,-5.30,-1.98,-2.01,-2.20,-2.74,-5.41,-3.41,-5.90,-2.39,3.66,-3.77,5.55,-0.31,-1.27,-1.90,-2.85,-1.44,-0.85,0.20,0.25,1.74,1.59,1.70,1.32,2.14,3.74,3.20,2.90,-0.23,2.31,2.15,-1.15,1.61,0.80,0.87,1.17,1.74,-2.05,1.56,-0.60,-1.26,0.87,1.04,0.24,-0.06,0.87,1.84,3.70,-0.20,0.04,1.62,2.59,2.51,-0.30,0.16,0.28,0.78,1.27,2.05,1.74,1.84,-0.35,1,-0.82,-0.16,,1.50,1.09,1.89,1.39,1.58,2.89,3.80,2.25,2.27,0.60,2.30,,-0.60,-2.10,1.40,1.20,-1.40,,,,,,,2.30,3.80,,0.60,1.40,1.60,0.25,,,,,,,,1.20,-0.40,-1.90,1.30,1.70,,,,,0.50,,1.20,2,2,1.90,1.80,,,0.40,,,2,,,2.40,2.40,2.70,4.10,2.30,1.30,
2008-12-12 21:50,4.10,3.60,4.87,2.77,3,1.36,1.93,3,2.16,1.09,2.87,1.64,2.80,1.30,2.51,2.67,1.35,2.79,-1.30,-0.96,-1.31,1.71,-1.63,,1.07,1.57,1.51,4.10,-0.03,3.20,2.82,-0.43,0.36,-1.26,-1.22,0.72,-0.40,0.21,0.51,-1.71,3.40,2.63,4.32,0.33,-1.90,2.56,0.40,3.61,0.50,-1.76,-1.93,-2.26,-3.01,-0.66,-5.49,-2,-2.24,-2.40,-3.27,-5.52,-3.63,-6,-2.53,3.88,-3.90,5.63,-0.34,-1.26,-1.90,-2.90,-1.42,-0.85,0.22,0.20,1.60,1.41,1.60,1.31,2.05,3.66,3.51,2.90,0.10,2.19,2.19,-1.01,1.69,0.70,0.98,0.75,2.01,-2.07,1.39,-0.70,-0.76,0.90,0.95,0.25,0.24,1.02,1.85,3.68,-0.06,0.08,1.68,2.76,2.49,-0.20,-0.10,0.30,0.57,1.21,2.10,1.73,1.70,-0.14,1.10,-0.84,-0.14,,1.60,1.27,1.83,1.47,1.47,2.79,3.80,2.44,2.29,0.90,2.10,,-0.60,-2.10,1.80,1.10,-1.30,,,,,,,2.30,3.80,,0.80,1.60,1.50,0.11,,,,,,,,1.30,-0.30,-1.90,1.30,1.80,,,,,0.40,,1.40,1.80,2,2,1.80,,,0.30,,,2,,,2.50,2.40,2.70,4.20,2.30,1.20,
2008-12-12 22:00,4,3.39,4.61,2.64,3.20,1.28,1.86,2.70,1.87,0.77,2.85,1.81,2.40,0.89,2.73,2.78,1.54,2.41,-1.50,-1.20,-0.84,1.34,-1.63,,0.95,1.38,1.58,4.23,-0.14,2.90,2.94,-0.37,0.33,-1.38,-1.18,0.89,-0.30,0.16,0.25,-1.89,3,2.60,4.04,0.53,-1.80,2.32,0.10,3.39,0.03,-2.16,-2.18,-2.22,-3.16,-0.98,-5.54,-1.91,-2.61,-2.60,-3.28,-5.62,-3.82,-6.10,-2.82,3.94,-3.73,5.55,-0.30,-1.31,-2,-2.92,-1.41,-0.95,0.29,0.17,1.51,1.47,1.50,1.27,1.92,3.49,3.74,3,0.19,1.88,2.02,-1.16,1.65,0.60,0.88,0.71,2.45,-2.03,1.28,-0.70,-0.02,0.89,0.88,0.26,0.53,1.13,1.93,3.70,-0.09,-0.08,1.67,2.79,2.58,-0.20,-0.45,0.23,0.80,1.19,2,1.86,1.65,0.26,1.10,-0.78,-0.16,,1.50,0.85,1.73,1.36,1.40,2.78,3.70,2.32,2.41,0.86,2.10,3.10,-0.40,-2.60,1.20,0.90,-1.40,0.50,-0.50,-4,0.50,2.60,3.20,2.20,3.50,1.80,1,1.80,1.60,-0.40,0.50,-0.10,0.20,0.60,1.10,3,3.20,1.30,-0.20,-1.90,1.40,2.10,1.10,1.10,1.30,2.40,0.40,0.70,1.30,1.70,2,2,1.80,1.20,0.50,0.50,1.30,0,1.70,2.40,2,2.50,2.50,2.70,4.20,2.30,1.10,0.40
2008-12-12 22:10,3.80,3.44,4.56,2.54,3.33,1.11,1.71,2.50,1.89,0.56,2.73,1.07,2.37,0.71,2.68,2.74,1.97,1.84,-1.60,-1.32,-0.62,1.24,-1.68,,0.95,1.31,1.62,4.18,-0.24,3.50,2.88,-0.40,0.41,-1.02,-1.07,1.11,-0.12,-0.26,-0.03,-2.09,2.40,2.50,3.20,0.37,-1.50,2.05,-0.20,2.87,-0.26,-2.56,-2.41,-2.11,-3.06,-1.03,-5.80,-1.71,-2.64,-2.90,-3.62,-5.78,-3.76,-6.50,-2.87,3.55,-4.10,4.88,-0.29,-1.38,-2,-2.92,-1.39,-0.90,0.25,0.16,1.33,1.44,1.50,1.29,1.89,3.60,3.89,3,0.22,1.59,1.68,-0.76,1.43,0.30,0.66,0.62,2.96,-2,1.35,-0.40,0.40,0.83,0.96,0.12,0.57,1.15,2.03,3.65,0.02,0.11,1.59,2.85,2.60,-0.10,-0.43,0.13,0.71,1.01,2.17,1.90,1.79,0.31,1.20,-0.81,-0.18,,1.50,0.75,1.55,1.07,1.42,2.84,3.70,2.32,2.51,0.81,2.10,,-0.60,-2.40,1.40,0.50,-1.30,,,,,,,2.10,3.90,,1,1.80,1.70,-0.21,,,,,,,,1.40,-0.20,-2.10,1.30,2.10,,,,,0.40,,1.20,1.60,2,2,1.90,,,0.50,,,1.50,,,2.50,2.50,2.70,4.20,2.30,0.90,
2008-12-12 22:20,3.70,3.19,4.37,2.41,3.17,0.88,1.69,2.50,1.94,0.32,2.63,1.62,2.27,0.31,2.43,2.74,2.44,0.81,-1.70,-1.16,-0.35,0.71,-1.68,,0.45,1.19,1.32,4.31,-0.21,3.40,2.89,-0.67,0.44,-1.28,-1.12,0.79,-0.22,-0.44,0.03,-2.02,1.60,2.19,2.74,-0.15,-1.40,1.87,-0.20,2.59,0.11,-2.72,-2.51,-2.10,-2.81,-1.07,-5.92,-1.95,-2.87,-3,-3.68,-5.91,-4,-6.60,-3.11,3.27,-4.25,5.13,-0.23,-1.40,-2,-2.96,-1.39,-1.06,0.27,0.06,1.37,1.51,1.50,1.33,1.92,3.53,3.90,3.10,0.21,1.43,1.13,-0.70,1.43,0.10,0.63,0.69,3.07,-1.92,1.49,-0.20,0.77,0.97,0.78,0.27,0.67,1.14,2.16,3.58,0.08,0.11,1.61,2.87,2.70,-0.10,-0.39,0.09,0.78,0.83,2.10,2.04,1.85,0.31,1.10,-0.72,-0.25,,1.50,0.69,1.50,1.13,1.54,2.89,3.70,2.39,2.48,0.82,2,,-0.80,-1.60,1.30,0.50,-2,,,,,,,2.10,4,,1.30,1.70,1.70,-0.02,,,,,,,,1.50,-0.20,-2.10,1.40,2,,,,,0.40,,1.30,1.70,1.90,2,1.90,,,0.50,,,1.50,,,2.50,2.50,2.70,4.20,2.30,1,
2008-12-12 22:30,3.60,3.05,4.32,2.23,2.94,0.77,1.67,2.30,1.90,0.20,2.48,0.93,2.17,0.22,2.46,2.98,2.71,1.25,-1.80,-1.22,-0.23,0.23,-1.79,,0.39,1.16,1.38,3.90,-0.35,3,2.57,-0.51,0.38,-1.41,-1.02,0.59,-0.31,-0.50,0.10,-2.52,1.50,1.96,2.49,-0.42,-1.60,1.74,-0.30,2.32,-0.02,-2.47,-2.62,-2.11,-2.68,-1.11,-5.86,-2.04,-2.95,-3.30,-3.91,-6.05,-4.32,-6.80,-3.34,3.25,-4.39,5.21,-0.49,-1.40,-2,-2.96,-1.37,-1.14,0.20,0.04,1.39,1.44,1.50,1.30,2.01,3.52,3.85,3,0.25,1.14,0.83,-0.83,1.39,0,0.52,0.65,2.62,-1.88,1.45,-0.30,0.83,0.91,0.83,0.80,0.60,1.11,2.22,3.53,0.12,0.14,1.55,2.81,2.78,-0.10,-0.38,0.06,0.77,0.74,2.01,2.09,1.82,0.23,1.20,-0.58,-0.41,,1.40,0.71,1.42,0.69,1.51,2.88,3.70,2.38,2.38,0.76,1.90,,-0.80,-1.80,1.20,0.70,-1.90,,,,,,,2,4,,1.40,1.70,1.70,0.06,,,,,,,,1.50,-0.20,-2,1.30,1.90,,,,,0.40,,1.20,1.50,1.90,2,1.90,,,0.50,,,1.20,,,2.60,2.50,2.70,4.20,2.30,1,
2008-12-12 22:40,3.50,2.89,3.72,2.05,2.78,0.76,1.56,2.10,2.26,0.09,2.37,1.24,2.01,0.07,1.85,2.78,2.74,1.23,-2,-1.31,-0.33,0.37,-1.35,,0.41,0.92,1.37,3.37,-0.37,2.60,2.63,-0.49,-0.01,-1.41,-1.10,0.58,-0.53,-0.38,0.45,-2.55,1,1.86,1.73,-0.45,-2,1.49,-0.40,2.05,-0.06,-2.68,-2.96,-2.25,-2.16,-1.25,-5.86,-2.57,-2.97,-3.30,-3.46,-6.17,-4.40,-6.90,-3.45,3.40,-4.47,4.98,-0.25,-1.41,-2,-2.97,-1.55,-0.98,0.20,0.12,1.35,1.34,1.50,1.26,2.03,3.26,3.82,3,0.24,1.17,0.47,-1,1.26,0.10,0.41,0.58,2.62,-1.91,1.46,-0.40,0.63,0.95,0.81,1.40,0.57,1.18,2.35,3.59,0.04,0.02,1.61,2.78,2.90,0,-0.53,-0.09,0.53,0.77,1.91,2.16,1.78,0.23,1.20,-0.49,-0.42,,1.50,0.61,1.34,0.61,1.42,2.83,3.70,2.43,2.57,0.74,1.90,,-1,-2,0.90,0.40,-2.10,,,,,,,2,3.90,,1.40,1.60,1.70,0.13,,,,,,,,1.40,0,-2.30,1.20,2,,,,,0.40,,1.30,1.40,1.90,1.90,1.90,,,0.30,,,1.20,,,2.60,2.50,2.70,4.10,2.30,1,
2008-12-12 22:50,3.40,2.45,3.39,1.80,2.75,0.79,1.49,1.80,2.18,-0.06,2.37,1.50,2.13,0.12,1.65,2.54,1.91,1.16,-2.20,-1.09,-0.35,0.68,-1.28,,0.34,0.88,1.51,3.27,-0.50,2.60,2.60,-0.64,0.26,-1.57,-1.12,0.57,-0.50,-0.41,1.06,-2.52,1.20,1.50,1.02,-0.36,-2.10,1.09,-0.30,1.82,-0.05,-2.85,-2.87,-2.40,-2.05,-1.46,-5.96,-2.51,-3.03,-3.30,-3.68,-6.27,-4.52,-6.80,-3.48,3.31,-4.43,4.60,-0.28,-1.38,-2,-3.11,-1.45,-0.90,0.25,0.09,1.39,1.35,1.50,1.21,1.99,3.24,3.53,2.90,0.02,1.03,0.30,-0.81,1.20,0.30,0.17,0.52,2.89,-1.70,1.49,-0.40,0.75,0.60,1.04,2.03,1.69,1.31,2.43,3.46,-0.10,0.12,1.57,2.82,2.92,0,-0.77,-0.13,0.35,0.69,1.95,1.99,1.76,0.23,1.30,-0.50,-0.61,,1.40,0.39,1.23,0.77,1.41,2.83,3.70,2.44,2.26,0.76,1.80,,-0.90,-2.10,0.90,0.20,-1.70,,,,,,,2.10,3,,1.50,1.60,1.60,0.25,,,,,,,,1.50,0,-2.20,1.30,1.80,,,,,0.30,,1.30,1.30,2,1.90,,,,0.40,,,1.10,,,2.60,2.50,2.80,4.10,2.30,1,
2008-12-12 23:00,3.30,2.11,2.91,1.65,2.80,0.58,1.29,1.50,2.27,-0.23,2.41,1.33,2.25,0.17,1.51,2.58,0.82,1.13,-2.40,-1.50,-0.57,0.89,-0.95,,0.49,0.79,1.79,3.07,-0.62,2.50,2.70,-0.66,0.53,-1.49,-1.57,0.37,-0.52,-0.23,0.90,-2.60,1.20,0.95,0.96,-0.27,-2.20,0.86,-0.80,1.75,-0.65,-3.16,-2.96,-2.23,-2.76,-1.60,-6.02,-2.36,-3.28,-3.70,-3.43,-6.41,-4.72,-7,-3.55,3.24,-4.66,4.54,-0.44,-1.31,-2,-3.03,-1.39,-1.05,0.22,-0.05,1.33,1.50,1.50,1.17,1.90,3.15,3.14,2.80,0,1.03,0.30,-0.69,0.97,0.20,0.26,0.47,2.45,-1.50,1.50,-0.50,0.52,0.32,1.09,2.32,2.45,1.29,2.29,3.39,-0.03,0.22,1.66,2.91,2.84,0,-0.75,-0.10,0.23,0.75,2,2.09,1.53,0.13,1.30,-0.49,-0.45,,1.20,0.37,1.23,0.73,1.29,2.79,3.70,2.42,2.18,0.75,1.70,2.10,-1,-2.50,0.50,0,-2.10,,-0.50,-3.60,0.30,2.30,2.70,2.40,2.20,-0.40,1.40,1.60,1.60,0.30,2,-0.20,0.20,0.80,1.10,2.60,2.80,1.60,-0.10,-2.10,1.30,2,1.10,1,0.90,2.30,0.30,0.10,1.30,1.30,2,1.90,1.90,1.20,0.20,0.40,1,-0.10,1.10,2.40,2,2.60,2.50,2.70,4.10,2.30,0.90,0.40
2008-12-12 23:10,3,1.78,2.61,1.46,2.70,0.28,1.14,1.10,2.48,-0.37,2.23,1.32,2.26,0.23,1.36,2.56,0.02,1.38,-2.50,-1.49,-0.74,1.35,-1.10,,0.39,0.62,1.29,2.73,-0.71,2.80,2.47,-0.75,0.71,-1.80,-1.74,0.27,-0.71,-0.51,0.59,-2.77,1.10,0.30,0.65,-0.44,-2.50,0.90,-0.90,1.74,-0.79,-3.28,-3.10,-2.28,-2.24,-1.72,-5.84,-2.47,-3.51,-4.10,-3.71,-6.66,-4.98,-7.20,-3.74,3.04,-4.77,4.59,-0.28,-1.38,-2,-3.03,-1.43,-1.06,0.18,-0.04,1.11,1.40,1.50,1.13,1.90,3.30,3,2.90,-0.04,0.83,0.66,-0.78,0.97,0.10,0.35,0.38,1.62,-1.48,1.53,-0.50,0.31,-0.18,1.21,2.41,2.65,1.43,2.17,3.30,-0.05,0.23,1.63,3.03,2.75,0,-0.84,-0.08,-0.05,0.69,2.05,2.02,1.57,0,1.30,-0.51,-0.61,,1.20,0.21,1.14,0.62,1.37,2.77,3.70,2.41,2.21,0.76,1.70,,-1,-2.80,0.70,0.70,-2.50,,,,,,,2.10,2.60,,1.40,1.60,1.60,0.23,,,,,,,,1.50,0,-1.90,1.20,1.90,,,,,0.20,,1.20,1.20,2,1.90,1.90,,,0.40,,,1,,,2.60,2.50,2.70,4.10,2.30,0.80,
2008-12-12 23:20,2.90,1.43,2.17,1.24,2.70,0.19,0.93,1,2.31,-0.47,2.12,1.26,2.21,-0.14,1.18,2.34,-0.03,1.50,-2.50,-1.52,-0.71,1.84,-1.42,,0.28,0.56,1.15,2.71,-0.82,2.90,2.21,-1.01,0.82,-1.96,-1.74,0.08,-0.27,-0.58,0.75,-2.91,0.70,-0.29,0.61,-0.47,-2.30,0.72,-1.20,1.40,-0.70,-3.19,-3.36,-2.24,-1.52,-1.75,-5.66,-3.09,-3.66,-4.20,-3.41,-6.63,-5.21,-7.40,-3.89,3.02,-4.87,4.64,-0.26,-1.35,-2,-2.98,-1.52,-1.05,0.28,-0.14,1.07,1.44,1.50,1.06,1.80,3.50,2.79,3.06,-0.23,0.82,0.53,-0.77,0.90,0.20,0.44,0.34,1.17,-1.47,1.60,-0.60,0.46,0.04,1.12,2.62,2.56,1.54,2.10,3.31,0.15,0.22,1.61,3.06,2.63,0,-0.84,-0.08,-0.13,0.64,2.06,2.01,1.62,0.08,1.30,-0.48,-0.64,,1.10,0.32,1.27,0.60,1.47,2.72,3.70,2.44,2.17,0.66,1.60,,-1.10,-2.80,0.30,0.40,-2,,,,,,,2,2.10,,1.20,1.50,1.50,0.33,,,,,,,,1.10,0.10,-1.70,1.20,1.80,,,,,0.20,,1.10,1.20,1.90,1.90,1.90,,,0.50,,,1,,,2.60,2.50,2.70,4,2.30,0.80,
2008-12-12 23:30,2.60,1.40,1.91,1.06,2.50,0.18,0.76,0.80,2.20,-0.73,2.16,1.29,2.24,-0.15,1,2.04,0.20,3.02,-2.50,-1.55,-0.87,1.82,-1.60,,0.28,0.65,0.80,2.69,-0.94,2.70,2.12,-1,0.38,-1.99,-1.83,0.21,-0.67,-0.48,0.54,-2.91,0.40,-0.73,0.34,-0.77,-2.10,0.59,-1.20,1.11,-1.10,-3.06,-3.50,-2.27,-1.19,-1.84,-5.82,-3.10,-3.79,-4.20,-3.28,-6.78,-5.43,-7.40,-4,3.13,-4.83,3.99,-0.34,-1.34,-2,-2.99,-1.45,-0.93,0.30,-0.15,0.90,1.44,1.50,1.05,1.80,3.55,2.68,3,-0.14,0.66,0.74,-0.38,1.01,0.20,0.61,0.63,1.16,-1.27,1.51,-0.60,0.78,-0.13,1.10,2.76,2.59,1.78,1.98,3.29,-0.08,0.14,1.48,3.07,2.68,0.10,-0.83,-0.19,-0.17,0.49,2.10,1.91,1.38,-0.20,1.30,-0.40,-0.74,,1,0.30,1.20,0.59,1.37,2.73,3.70,2.45,2.20,0.66,1.60,,-1.10,-2.90,0.30,0.10,-2.30,,,,,,,1.90,1.60,,1.20,1.20,1.40,0.53,,,,,,,,1.10,0.30,-1.70,1.10,1.80,,,,,0.30,,1.20,1.40,1.90,1.90,1.90,,,0.70,,,0.80,,,2.60,2.50,2.70,4,2.30,0.50,
2008-12-12 23:40,2.30,1.01,1.87,0.81,2.10,0.11,0.71,0.60,2.43,-0.75,2.05,0.94,1.99,0.06,0.79,2.07,0.06,2.96,-2.60,-1.35,-0.69,2.10,-1.74,,0.12,0.63,0.54,2.78,-1.06,2.60,2.17,-1.16,0.32,-2.04,-1.99,0.18,-0.88,-0.30,0.43,-2.82,0.40,-1.19,0.12,-0.87,-2.50,0.29,-1.40,1.03,-1.26,-3.31,-3.38,-2.15,-0.66,-1.86,-5.80,-3.25,-3.92,-4.30,-3.74,-6.92,-5.78,-7.40,-3.86,3.61,-4.92,4.19,-0.31,-1.33,-2,-3.04,-1.42,-0.91,0.32,-0.11,0.92,1.30,1.50,1.06,1.80,3.54,2.57,3.02,-0.14,0.59,0.63,-0.33,0.85,0.30,0.60,0.54,1.59,-0.94,1.51,-0.70,0.88,-0.18,1.15,2.75,2.68,1.97,1.95,3.26,0.08,0.27,1.51,3.05,2.67,0.10,-0.71,-0.26,-0.17,0.49,2.06,1.79,1.28,-0.25,1.30,-0.43,-0.82,,1,0.22,1.12,0.60,1.32,2.61,3.70,2.46,2.24,0.73,1.60,,-1.10,-2.60,-0.20,-0.10,-2.20,,,,,,,1.90,1.50,,1.10,0.80,1.40,0.57,,,,,,,,0.80,0.50,-1.50,1.20,2,,,,,0.40,,1.30,1.30,1.90,1.90,2,,,0.60,,,0.80,,,2.60,2.50,2.70,4,2.30,0.60,
2008-12-12 23:50,2,0.67,1.66,0.66,1.80,0.12,0.45,0.50,2.34,-0.79,2.06,0.85,1.91,-0.27,0.89,1.80,0.62,2.84,-2.60,-1.57,-0.84,2.17,-1.92,,-0.06,0.56,0.79,2.73,-1.20,2.50,2.03,-1.21,0.30,-2.08,-1.96,0.06,-0.95,-0.28,0.40,-2.70,0.90,-0.52,0.06,-0.81,-2.70,0.09,-1.70,1.22,-1.57,-3.30,-3.45,-1.91,-0.52,-1.87,-5.74,-3.31,-4,-4.50,-3.67,-7.01,-5.74,-7.70,-4.17,3.62,-5.24,4.63,-0.23,-1.35,-2,-3.21,-1.46,-0.96,0.23,-0.12,0.93,1.36,1.50,0.95,1.80,3.56,2.44,2.82,-0.25,0.36,0.35,-0.07,0.82,0.20,0.57,0.64,1.57,-0.11,1.75,-0.80,0.89,-0.33,1.57,2.77,2.65,1.99,1.96,3.26,-0.05,0.12,1.63,2.97,2.69,0.20,-0.63,0.02,-0.44,0.63,1.94,1.87,1.33,-0.10,1.40,-0.46,-0.87,,1.10,0.62,1.28,0.41,1.38,2.48,3.70,2.35,2.17,0.75,1.50,,-1.20,-2.30,-0.40,-0.70,-2.40,,,,,,,1.80,1.80,,1,0.70,1.30,0.47,,,,,,,,0.70,0.30,-1.50,1.20,2.10,,,,,0.50,,1.40,1.20,1.80,1.90,2,,,0.60,,,0.70,,,2.60,2.40,2.60,3.90,2.30,0.70,
2008-12-13 00:00,1.80,0.33,1.63,0.41,1.70,-0.05,0.18,0.30,2.09,-0.77,2.05,1.04,2.09,-0.36,1.07,1.77,1.38,2.71,-2.70,-1.49,-0.56,2.01,-2.17,,-0.25,0.46,0.91,2.80,-1.31,2.80,2.09,-1.15,0.30,-1.87,-1.83,-0.19,-0.92,0.22,0.22,-3.02,1.20,-0.69,-0.22,-1.09,-2.80,0.23,-1.70,0.90,-1.93,-3.67,-3.65,-2.10,-0.41,-1.93,-5.71,-3.13,-4.15,-4.70,-3.61,-7.12,-5.82,-7.80,-4.03,3.65,-5.33,3.82,-0.25,-1.36,-2,-3.32,-1.45,-1.05,0.20,-0.16,1.04,1.40,1.50,0.90,1.80,3.63,2.15,2.64,-0.22,0.30,0.14,-0.13,0.79,0.10,0.58,0.57,1.83,-0.03,1.53,-0.90,0.85,-0.45,1.77,2.87,2.70,2.04,1.89,3.16,-0.09,0.27,1.61,3.01,2.50,0.10,-0.72,0.29,-0.49,0.69,1.91,1.80,1.54,-0.03,1.40,-0.42,-0.79,,1.10,0.30,1.13,0.36,1.31,2.49,3.60,2.37,2.03,0.92,1.40,1.10,-1.30,-2.60,-0.40,-0.80,-2.40,1.50,-0.40,-3.80,0.30,2,2.60,1.70,1.90,0.10,0.70,0.70,1.30,0.30,2.20,-0.40,0.20,0.90,1.10,2.60,2.80,0.90,0.20,-1.80,1.30,2.10,1.10,1,1,2.40,0.40,0.50,1.40,1.30,1.80,1.90,2,1.20,-0.10,0.50,0.30,-1,0.60,2.40,2.10,2.60,2.40,2.70,4,2.30,0.90,0.50
2008-12-13 00:10,1.70,0.20,1.44,0.20,1.62,-0.05,0.14,0.10,2.39,-0.81,1.97,0.39,2.51,-0.45,0.82,1.58,1.35,2.22,-2.80,-1.62,-0.85,2.22,-2.34,,-0.32,0.32,0.76,3.19,-1.41,2.60,2.08,-0.98,0.39,-2.10,-1.96,-0.30,-0.88,0.05,0.07,-3.03,0.50,-0.29,-0.27,-1.37,-3.20,0.33,-1.60,0.34,-1.87,-3.56,-3.62,-2.10,-0.13,-2.02,-5.77,-3.03,-4.31,-4.80,-3.96,-7.06,-5.97,-8,-3.83,3.35,-5.43,3.81,-0.36,-1.31,-2,-3.28,-1.49,-1.02,0.22,-0.14,1.04,1.33,1.50,0.83,1.81,3.38,1.96,2.20,-0.21,0.36,-0.14,-0.04,0.96,0,0.52,0.53,2.07,-0.25,1.53,-1,0.67,-0.41,1.93,2.79,2.69,2.11,1.89,3.05,-0.02,0.18,1.62,3.04,2.49,0.20,-0.58,0.52,-0.62,0.66,1.96,1.89,1.54,-0.04,1.40,-0.52,-0.72,,1,0.23,1.01,0.10,1.31,2.57,3.60,2.32,2.16,0.78,1.50,,-1.30,-2.70,-0.20,-1,-2.10,,,,,,,1.60,1.80,,0.70,0.70,1.40,0.54,,,,,,,,0.80,-0.20,-1.70,1.30,2.10,,,,,0.50,,1.40,1.50,1.80,1.90,2,,,0.50,,,0,,,2.60,2.40,2.70,4,2.30,0.80,
2008-12-13 00:20,1.50,-0.08,1.27,0.03,1.50,-0.16,0.20,0,2.65,-0.99,1.77,0.36,2.76,-0.68,0.63,1.56,1.62,1.66,-2.90,-1.63,-1.13,2.15,-2.64,,-0.40,0.38,0.36,3.76,-1.59,2.70,2.24,-0.97,0.29,-2.42,-2.12,0.93,-0.76,0.45,0.25,-2.92,-0.40,-0.95,-0.50,-1.38,-2.90,0.13,-1.50,0,-1.61,-3.76,-3.58,-2.22,-0.19,-2.05,-5.93,-2.98,-4.36,-4.80,-3.80,-7.03,-6.21,-8.10,-4.11,3.54,-5.34,3.97,-0.40,-1.30,-1.90,-3.31,-1.39,-1.05,0.19,-0.16,1.06,1.42,1.50,0.91,1.92,3.47,1.75,2.10,-0.30,0.34,-0.29,0.23,0.98,0,0.39,0.46,1.99,-0.15,1.50,-1.10,0.37,-0.35,1.86,2.82,2.69,2.14,1.88,3.13,0.08,0.16,1.55,3.03,2.51,0.10,-0.66,0.79,-0.83,0.78,2.08,1.79,1.48,-0.01,1.40,-0.46,-0.73,,0.90,0.13,0.92,0.23,1.45,2.62,3.50,2.33,2.27,0.79,1.40,,-1.50,-2.70,-0.40,-1.20,-2.40,,,,,,,1.60,0.80,,0.50,0.90,1.50,0.64,,,,,,,,0.70,-0.20,-1.80,1.20,2,,,,,0.50,,1.30,1.80,1.70,1.90,2,,,0.50,,,-0.40,,,2.50,2.40,2.70,3.90,2.40,0.90,
2008-12-13 00:30,1.30,-0.10,1.20,-0.16,1.50,-0.17,0.11,-0.20,2.46,-1,1.53,0.21,2.86,-0.62,0.46,1.51,1.92,1.34,-3.10,-1.22,-1.07,2.20,-2.56,,-0.37,0.35,0.48,4.14,-1.68,3,2.14,-1.18,0.14,-2.36,-2.12,3.83,-0.91,1.02,0.34,-3.04,-0.20,-0.49,-0.44,-1.55,-3.50,-0.40,-1.60,-0.20,-2.14,-3.56,-3.84,-2.80,0.04,-2.13,-6.16,-3.05,-4.91,-5.10,-3.60,-7.13,-6.31,-8.20,-4.27,3.56,-5.32,3.86,-0.27,-1.32,-1.90,-3.27,-1.40,-0.98,0.29,-0.16,1.12,1.41,1.40,1.02,1.74,3.37,1.66,1.80,-0.29,0.21,-0.23,0.51,1.13,-0.20,0.34,0.45,2.05,0.13,1.29,-1.30,0.22,-0.46,1.94,3,2.74,2.15,1.86,2.97,0.14,0.26,1.59,3.04,2.51,-0.10,-0.65,0.90,-0.94,1.10,1.92,1.82,1.54,0.06,1.40,-0.35,-0.84,,0.80,0.19,0.88,0.01,1.45,2.62,3.40,2.34,2.21,0.82,1.50,,-1.50,-2.70,-0.20,-1.40,-2.70,,,,,,,1.60,0.40,,0.60,0.80,1.60,0.77,,,,,,,,0.70,-0.10,-1.60,1.40,2,,,,,0.60,,1.30,1.80,1.60,1.90,,,,0.50,,,-0.50,,,2.50,2.40,2.70,3.80,2.40,0.70,
2008-12-13 00:40,1.10,-0.44,1.10,-0.31,1.60,-0.07,-0.09,-0.20,2.20,-1.15,1.12,0.30,2.92,-0.90,0.76,1.40,1.94,1.24,-3.20,-1.73,-1.32,2.26,-2.18,,-0.42,0.28,0.59,4.29,-1.76,3.20,2.05,-1.02,-0.06,-2.45,-2.03,4.29,-0.88,0.96,0.14,-3.42,0.30,-0.31,-0.38,-1.79,-3.20,-0.28,-1.60,-0.38,-2.41,-3.45,-4.04,-3,0.14,-2.26,-6.11,-3.13,-5.40,-5.10,-3.65,-7.23,-6.35,-8.40,-4.36,3.56,-5.40,3.92,-0.25,-1.30,-1.90,-3.27,-1.46,-0.99,0.29,-0.29,1.04,1.43,1.40,1.04,1.65,3.35,1.36,1.60,-0.24,-0.02,-0.02,0.67,1.07,-0.20,0.34,0.41,1.94,0.20,1.32,-1.30,0.52,-0.51,1.96,2.86,2.63,2.15,1.80,3.01,0.12,0.28,1.62,2.90,2.52,-0.10,-0.60,0.98,-1.03,1.31,1.81,1.89,1.60,0.02,1.30,-0.27,-1.02,,0.80,0.49,0.75,-0.13,1.27,2.58,3.40,2.31,2.20,0.86,1.50,,-1.50,-2.30,-0.70,-1.10,-3.30,,,,,,,1.50,0.60,,0.50,0.50,1.60,0.93,,,,,,,,0.90,-0.10,-1.40,1.50,2.20,,,,,0.50,,1.30,1.90,1.60,1.90,2,,,0.50,,,-0.70,,,2.50,2.40,2.60,3.60,2.40,0.60,
2008-12-13 00:50,0.70,-0.74,0.92,-0.54,1.56,-0.10,-0.12,-0.40,1.53,-1.30,0.89,0.44,2.76,-1.12,1.44,1.39,2.74,1.11,-3.20,-1.53,-1.28,1.78,-2.42,,-0.62,0.37,0.64,4.16,-1.78,3.10,2.23,-1.01,0.30,-2.58,-1.94,4.23,-1.03,1.21,0.28,-3.30,0.50,-0.05,-0.38,-1.90,-3.40,-0.21,-1.90,-0.42,-2.54,-3.48,-4,-2.33,0,-2.29,-5.75,-3.41,-5.18,-5.30,-3.94,-7.23,-6.30,-8.50,-4.52,3.64,-5.75,3.95,-0.26,-1.29,-1.90,-3.18,-1.46,-1.16,0.24,-0.30,1.10,1.43,1.40,0.97,1.60,3.35,1.28,1.40,-0.51,0.01,-0.05,0.61,0.99,-0.10,0.20,0.43,1.73,0.15,1.37,-1.40,1.03,-0.71,1.98,3.01,2.56,2.09,1.72,3.02,-0.01,0.24,1.61,2.83,2.64,-0.10,-0.75,0.71,-1.13,1.45,1.89,1.95,1.43,0.09,1.20,-0.31,-0.96,,0.90,0.43,0.80,0.07,1.40,2.53,3.30,2.26,2.06,0.84,1.50,,-1.60,-2,-1,-0.60,-3.20,,,,,,,1.50,0.50,,0.60,,1.80,1.06,,,,,,,,0.90,-0.10,-1.30,1.60,2,,,,,0.50,,1.40,2,1.50,1.90,1.90,,,0.50,,,-0.50,,,2.50,2.40,2.70,3.30,2.40,0.70,
2008-12-13 01:00,0.60,-0.75,0.80,-0.68,1.69,-0.21,-0.38,-0.60,1.45,-1.55,0.25,0.45,2.69,-1.26,1.67,1.04,3.30,0.47,-3.30,-1.56,-1.24,1.20,-2.18,,-0.62,0.33,0.80,4.14,-1.73,3.20,2.28,-1.29,0.89,-2.66,-2.12,4.29,-1.10,0.82,0.12,-3.31,0.60,-0.22,-0.36,-1.99,-3.20,-0.52,-2,-0.42,-2.61,-3.74,-4.34,-1.36,-0.06,-2.35,-5.65,-3.69,-5.07,-5.40,-3.97,-7.46,-6.54,-8.50,-4.62,3.67,-6.12,4.42,-0.26,-1.32,-1.90,-3.22,-1.45,-1.17,0.22,-0.29,1.12,1.39,1.40,0.96,1.50,3.23,1.11,1.30,-0.64,-0.06,-0.19,0.66,0.94,0.10,0.18,0.46,1.79,0.29,1.44,-1,1.45,-0.74,2.06,3.05,2.57,1.98,1.65,2.97,0.05,0.19,1.54,3.04,2.71,-0.20,-0.50,0.57,-1.15,1.53,1.87,1.94,1.47,0.17,1.20,-0.40,-0.89,,0.80,0.52,0.83,0.06,1.28,2.60,3.20,2.20,1.94,0.85,1.60,-0.10,-1.60,-1.80,-1.10,-1.20,-3,1.50,-0.40,-3.30,0.30,2,2,1.40,0.20,-1,0.60,0,1.90,1.30,1.80,-0.30,0.20,1,1.30,2.60,2.50,1,-0.30,-1.40,1.80,2.30,1.10,1,1,2.30,0.50,1.10,1.30,2,1.50,1.90,2,1.20,0,0.50,0.30,-1.30,-0.40,2.30,2.20,2.50,2.40,2.70,3,2.40,0.70,0.20
2008-12-13 01:10,0.30,-0.96,0.62,-0.84,1.40,-0.22,-0.43,-0.60,1.42,-1.63,-0.03,0.31,3.02,-1.27,1.79,0.87,3.36,0.35,-3.50,-1.54,-1.57,1.33,-1.90,,-0.72,-0.01,0.66,4.12,-1.86,3.20,2.13,-1.41,1.15,-2.61,-2.22,2.39,-1.38,0.69,-0.27,-3.59,0.30,0.01,-0.35,-1.86,-3.20,-0.70,-2.10,-0.43,-2.51,-3.75,-4.16,-1.06,-0.04,-2.40,-5.52,-4.01,-5.14,-5.40,-3.94,-7.54,-6.53,-8.50,-4.68,3.62,-5.81,4.19,-0.36,-1.25,-1.90,-3.17,-1.48,-1.16,0.23,-0.25,1.17,1.43,1.40,0.92,1.50,3.04,0.94,1.37,-0.62,-0.16,-0.53,0.64,0.88,0.50,0.33,0.48,1.65,0.67,1.37,-0.80,1.55,-0.77,1.94,3.05,2.55,1.99,1.64,2.82,0.06,0.21,1.68,2.96,2.65,-0.30,-0.62,0.49,-1.04,1.52,1.85,1.80,1.46,0.30,1.20,-0.49,-0.81,,0.80,0.55,0.76,-0.17,1.28,2.66,3.10,2.20,1.94,0.88,1.60,,-1.70,-2.40,-1.10,-1.30,-2.30,,,,,,,1.50,1,,0.60,0,1.90,1.27,,,,,,,,1,-0.20,-1.70,1.90,2.30,,,,,0.50,,1.30,2.10,1.50,1.90,2,,,0.50,,,-0.40,,,2.60,2.40,2.70,3,2.40,0.70,
2008-12-13 01:20,0.10,-0.99,0.50,-0.93,1.20,-0.43,-0.45,-0.80,1.71,-1.77,0.03,0.20,3.25,-1.37,1.94,0.94,3.37,0.30,-3.50,-1.29,-1.45,1.15,-1.28,,-0.64,-0.23,0.28,3.73,-1.85,3.20,2.08,-1.67,1.10,-2.58,-2.25,2.83,-1.80,0.63,-0.19,-3.84,0.30,0.11,-0.26,-1.66,-3,-0.81,-2.30,-0.70,-2.22,-3.58,-4.69,-0.95,0.08,-2.56,-5.50,-3.82,-5.39,-5.40,-4.36,-7.60,-6.46,-8.60,-4.71,3.28,-5.89,3.34,-0.37,-1.24,-1.90,-3.19,-1.44,-1.12,0.28,-0.28,1.23,1.29,1.40,0.92,1.40,2.79,0.83,1.29,-0.72,-0.19,-0.79,0.50,0.81,0.60,0.44,0.34,1.13,1.01,1.16,-0.40,1.57,-0.53,1.86,3,2.49,1.83,1.63,2.73,0,0.37,1.60,2.85,2.68,-0.40,-0.52,0.46,-0.74,1.71,1.81,1.74,1.45,0.40,1.20,-0.43,-0.75,,0.80,0.29,0.82,-0.30,1.30,2.60,3.10,2.22,1.89,0.83,1.60,,-1.80,-2.50,-0.50,-1.60,-3,,,,,,,1.40,1.10,,0.70,-0.20,1.90,1.45,,,,,,,,0.60,-0.30,-1.50,2.10,2.30,,,,,0.40,,1.20,2.30,1.40,1.90,2,,,0.50,,,-0.50,,,2.60,2.40,2.70,3.10,2.40,0.80,
2008-12-13 01:30,0,-1.05,0.46,-1.05,1.20,-0.49,-0.53,-1,2.18,-1.84,0.32,0.67,3.45,-1.41,1.64,0.75,2.41,0.31,-3.60,-1.76,-1.53,1.34,-1.11,,-0.61,-0.32,-0.03,3.52,-2.15,3,2.13,-1.77,1.14,-2.54,-2.12,0.86,-1.84,0.90,-0.32,-3.92,0.40,0.36,-0.38,-1.62,-2.90,-0.75,-2.50,-0.61,-2.02,-3.65,-4.73,-0.61,0.15,-2.69,-5.31,-3.60,-5.52,-5.60,-3.92,-7.73,-6.69,-8.70,-4.68,3.32,-6.60,3.77,-0.27,-1.24,-1.90,-3.06,-1.36,-1.13,0.26,-0.30,1.34,1.54,1.40,1,1.30,2.75,0.62,1.10,-0.68,-0.19,-1.15,0.46,0.93,0.70,0.58,0.15,0.45,1.04,1.16,0.10,1.70,-0.65,1.88,3.04,2.34,1.87,1.63,2.77,-0.09,0.21,1.60,2.85,2.71,-0.40,-0.41,0.47,-0.56,1.88,1.71,1.76,1.39,0.39,1.20,-0.36,-0.70,,0.60,0.34,0.83,-0.28,1.42,2.63,3.20,1.92,1.70,1.08,1.60,,-1.70,-2.20,-1,-1.80,-3.20,,,,,,,1.30,-0.20,,0.70,0,2,1.58,,,,,,,,0.50,-0.40,-1.20,2.10,2.20,,,,,0.40,,1.30,2.70,1.40,1.90,2,,,0.60,,,-0.50,,,2.60,2.40,2.60,3.10,2.40,0.90,
2008-12-13 01:40,-0.20,-1.06,0.44,-1.13,1.20,-0.69,-0.58,-1,2.96,-1.92,0.60,0.89,3.78,-1.29,0.95,0.74,1.70,0.36,-3.70,-1.69,-1.49,1.58,-1.38,,-0.64,-0.47,-0.47,3.82,-2.33,2.80,1.46,-1.74,1.01,-2.88,-2.07,0.36,-1.78,0.77,-0.58,-3.94,0,0.26,-0.77,-1.79,-2.80,-0.99,-2.50,-0.63,-1.57,-3.76,-4.91,-0.11,0.26,-2.76,-5.31,-3.38,-5.76,-5.80,-3.83,-7.80,-6.84,-8.80,-4.78,2.83,-6.74,3.88,-0.24,-1.19,-1.90,-2.90,-1.34,-1.09,0.32,-0.25,1.62,1.46,1.40,1.01,1.20,2.47,0.51,0.94,-0.72,-0.10,-1.45,0.54,0.81,0.60,0.61,0.32,0.11,1.19,1.34,0.30,1.77,-0.78,1.79,3.12,2.43,1.91,1.60,2.68,-0.01,0.18,1.68,2.98,2.66,-0.40,-0.45,0.48,-0.62,1.93,1.63,1.76,1.46,0.39,1.20,-0.36,-0.59,,0.50,0.37,0.61,-0.20,1.45,2.62,3.20,1.53,1.71,0.82,1.60,,-1.70,-2.20,-1.40,-1.70,-3,,,,,,,1.10,0,,0.70,0.10,2,1.54,,,,,,,,0.60,-0.40,-0.50,2,2.10,,,,,0.30,,1.50,2.50,1.40,1.90,2,,,0.60,,,-0.40,,,2.60,2.40,2.60,2.90,2.40,0.90,
2008-12-13 01:50,0,-1.01,0.36,-1.19,1.30,-0.76,-0.85,-1.10,3.71,-2.07,0.98,0.95,3.74,-1.22,0.13,0.76,0.62,0.89,-3.90,-1.56,-1.68,1.98,-1.53,,-0.73,-0.41,0,3.36,-2.42,2.80,1.32,-1.56,0.79,-3.07,-2.27,0.52,-2.02,0.57,-0.43,-4,0.60,-0.53,-0.99,-1.71,-3.20,-0.76,-2.70,-0.63,-1.13,-4.02,-4.82,-0.09,0.22,-2.66,-5.46,-3.52,-5.62,-6,-3.84,-7.75,-7.02,-8.70,-4.87,2.62,-6.68,3.58,-0.37,-1.22,-1.90,-2.90,-1.36,-1.08,0.35,-0.19,1.79,1.38,1.40,0.98,1.10,2.28,0.41,0.71,-0.66,-0.12,-1.48,0.49,0.67,0.60,0.63,0.36,0.13,1.22,1.51,0.50,1.72,-0.59,1.64,3.11,2.36,1.86,1.50,2.60,-0.02,0.28,1.74,2.98,2.75,-0.50,-0.38,0.41,-0.36,2.01,1.64,1.84,1.50,0.42,1.20,-0.40,-0.48,,0.40,0.44,0.61,-0.11,1.39,2.55,3,1.28,1.91,0.92,1.70,,-1.80,-2.50,-1.30,-1.70,-3,,,,,,,1,0.20,,0.60,0.10,2.10,1.67,,,,,,,,-0.30,-0.30,-0.30,2.10,2.30,,,,,0.10,,1.70,2.50,1.40,1.90,2,,,0.50,,,-0.30,,,2.60,2.40,2.70,2.70,2.30,1,
2008-12-13 02:00,0.20,-1.06,0.26,-1.32,1.10,-0.89,-1.01,-1.20,3.79,-2.21,0.81,0.29,2.60,-0.97,-0.20,0.85,0.11,0.65,-3.90,-1.69,-1.70,1.99,-1.75,,-0.78,-0.42,-0.13,2.82,-2.42,2.90,1.43,-1.65,0.65,-3.24,-2.54,0.40,-2.07,0.48,-0.40,-3.95,2.50,-0.50,-0.83,-1.70,-3.30,-0.75,-2.70,-0.72,-1.02,-4.13,-5.06,0.16,0.39,-2.62,-5.62,-3.42,-5.72,-6.10,-4.20,-7.86,-7.06,-8.90,-4.88,2.71,-6.57,3.30,-0.34,-1.23,-2,-2.87,-1.45,-0.94,0.35,-0.17,1.81,1.44,1.40,0.94,1,2.19,0.25,0.56,-0.69,-0.34,-1.65,0.41,0.52,0.50,0.60,0.33,0.62,1.26,1.63,0.80,1.84,-0.72,1.33,3.02,2.30,1.82,1.48,2.58,-0.09,0.26,1.77,2.83,2.66,-0.50,0.13,0.38,-0.04,1.98,1.60,1.95,1.55,0.36,1.20,-0.38,-0.33,,0.10,0.40,0.71,-0.17,1.32,2.54,2.80,1.25,1.85,0.88,1.70,-1.60,-1.90,-2.80,-1.20,-1.90,-2.80,1.80,-0.20,-3.30,0.20,1.90,1.70,1.10,0.40,-1.20,0.60,0.10,2.10,1.70,1.70,-0.30,0.30,1,1.40,2.60,2.10,-0.20,-0.20,-0.10,2,2.10,1,1,1.20,2.10,0,0.80,1.80,2.50,1.30,2,1.90,1.20,0.20,0.50,0.50,-0.70,-0.30,2.20,2.10,2.60,2.40,2.60,2.80,2.30,1.10,0.50
2008-12-13 02:10,0.30,-0.94,0.31,-1.26,1.33,-0.88,-0.84,-1.50,3.83,-2.17,0.91,0.14,3.35,-1.23,-0.16,0.73,0.27,0.07,-4.20,-1.90,-1.67,1.05,-1.85,,-1.06,-0.59,-0.14,2.32,-2.62,3,1.54,-1.91,0.53,-3.54,-2.77,-0.52,-2.17,0.22,-0.45,-3.75,2.30,-0.54,-0.99,-1.77,-3.60,-1.09,-2.80,-0.74,-1.69,-4.21,-5.08,0.26,0.25,-2.70,-5.55,-3.39,-5.93,-6.10,-4.37,-8.03,-7.12,-9.10,-4.90,2.56,-6.81,3.13,-0.24,-1.22,-1.90,-2.71,-1.48,-1,0.32,-0.23,1.88,1.37,1.40,0.88,1,1.92,0.12,0.40,-0.68,-0.34,-1.72,0.43,0.41,0.60,0.62,0.20,0.70,1.32,1.51,1,1.89,-0.86,1.34,3.11,2.29,1.85,1.59,2.55,-0.11,0.28,1.92,2.83,2.59,-0.60,0.46,0.42,0.05,2.09,1.73,2,1.57,0.23,1.20,-0.37,-0.27,,0,0.37,0.65,-0.02,1.34,2.60,2.80,1.34,1.91,0.75,1.70,,-1.90,-1.70,-0.80,-2,-3.40,,,,,,,1.10,0,,0.60,0.10,2.10,1.61,,,,,,,,0,-0.20,0,2.10,2.10,,,,,-0.10,,1.80,2.50,1.30,2,2,,,0.50,,,-0.10,,,2.60,2.40,2.60,2.80,2.30,1,
2008-12-13 02:20,0.30,-0.89,0.21,-1.15,1.34,-0.93,-1.01,-1.30,3.56,-2.14,1.25,-0.31,2.98,-1.26,0.73,0.72,0.13,-0.05,-4.30,-2.11,-1.57,0.59,-1.56,,-0.98,-0.69,0.38,2.23,-2.48,2.80,1.49,-2.09,0.35,-3.52,-2.91,-1.10,-2.45,0.44,-0.22,-3.83,1.60,-0.43,-1.01,-1.67,-3.40,-1.16,-2.80,-0.73,-1.87,-4.29,-4.98,0.34,0.18,-2.85,-4.92,-3.44,-5.86,-6.30,-4.52,-8.06,-7.10,-9.30,-5.09,2.69,-7.09,3.31,-0.24,-1.12,-2,-2.75,-1.42,-0.97,0.32,-0.33,1.86,1.26,1.40,0.88,1,1.56,-0.12,0.30,-0.98,-0.45,-1.72,0.47,0.31,0.70,0.68,0.05,-0.24,1.36,1.48,1.20,1.76,-0.99,1.57,3.18,2.25,1.89,1.47,2.47,-0.05,0.24,1.97,2.91,2.57,-0.60,0.55,0.35,-0.03,2.06,1.69,2.20,1.62,-0.05,1.20,-0.41,-0.28,,-0.10,0.38,0.77,-0.02,1.35,2.56,2.80,1.39,1.93,0.72,1.70,,-1.90,-1.80,-1.50,-2,-3.30,,,,,,,1,-1.30,,0.60,-0.40,2.10,1.58,,,,,,,,1.80,-0.20,0,1.90,2,,,,,0,,1.90,2.40,1.30,2,2,,,0.50,,,0.20,,,2.60,2.40,2.60,2.80,2.30,1.10,
2008-12-13 02:30,0.40,-0.93,0.08,-1.27,1.17,-1,-1.07,-1.40,3.19,-2.28,1.10,-0.96,2.74,-1.01,1.99,0.86,-0.15,-0.45,-4.40,-1.91,-1.77,0.37,-1.64,,-0.78,-0.75,0.13,2.71,-2.43,2.60,1.48,-2.31,0.29,-3.79,-2.72,-1.24,-2.44,0.24,0,-4.12,1.60,-0.34,-1.29,-1.91,-3.50,-1.39,-2.80,-0.75,-1.90,-4.25,-5.09,0.45,0.25,-2.86,-4.37,-4.26,-5.80,-6.40,-4.36,-8.17,-7.29,-9.40,-5.25,2.84,-7.31,3.36,-0.25,-1.23,-2,-2.80,-1.37,-0.95,0.35,-0.22,1.93,1.24,1.40,0.77,1,1.45,-0.51,0.20,-1.06,-0.69,-1.79,0.51,0.26,0.70,0.60,0.05,-0.53,1.31,1.52,1.30,1.91,-0.82,1.53,3.13,2.14,1.86,1.26,2.38,-0.04,0.21,1.85,2.88,2.47,-0.60,0.81,0.29,-0.21,2.07,1.69,2.13,1.78,-0.11,1.10,-0.49,-0.20,,-0.40,0.32,0.89,0.30,1.49,2.55,2.70,1.55,1.91,0.70,1.60,,-1.90,-1.90,-1.80,-2.20,-3.50,,,,,,,1,-1.20,,0.50,-0.30,2.10,1.60,,,,,,,,1.90,-0.20,0.10,1.90,2,,,,,-0.20,,1.90,2.40,1.20,2,1.90,,,0.50,,,0.50,,,2.60,2.40,2.60,3,2.30,1.20,
2008-12-13 02:40,0.50,-0.93,0.22,-1.33,1.10,-1.07,-1.22,-1.40,2.70,-2.23,0.85,-0.68,2.54,-0.77,2.40,0.72,0.02,-0.53,-4.50,-1.95,-1.85,0.74,-1.79,,-0.86,-0.89,0.15,2.67,-2.42,2.40,1.53,-2.33,0.21,-3.67,-2.73,0.20,-2.42,0.19,-0.01,-4.20,1.80,-0.31,-1.30,-1.98,-3.50,-1.58,-3.10,-0.90,-1.78,-4.32,-5.03,0.60,0.32,-2.86,-3.96,-4.31,-6.27,-6.50,-4.68,-8.30,-7.38,-9.50,-5.37,2.18,-7.14,3.40,-0.30,-1.22,-2,-2.81,-1.37,-0.96,0.29,-0.26,1.93,1.26,1.40,0.63,0.90,1.25,-0.70,0.20,-0.89,-0.97,-2.01,0.43,0.08,0.50,0.52,0.08,-0.65,1.31,1.54,1.30,2.05,-0.69,1.50,3.12,2.21,1.87,1.15,2.32,-0.04,0.27,1.96,2.67,2.31,-0.50,0.96,0.18,-0.10,1.95,1.66,2.13,1.76,-0.17,1.10,-0.60,-0.31,,-0.20,0.28,1.06,0.17,1.22,2.65,2.70,1.67,1.76,0.73,1.50,,-2.10,-1.80,-1.50,-2.20,-3.60,,,,,,,1,-1.40,,0.40,-0.30,2.10,1.68,,,,,,,,2.10,-0.20,0.20,1.80,1.90,,,,,-0.20,,1.70,2.40,1.20,2,1.90,,,0.40,,,0.80,,,2.60,2.40,2.60,3.10,2.30,1.20,
2008-12-13 02:50,0.60,-0.85,0.33,-1.34,0.80,-1.29,-1.02,-1.50,2.41,-2.55,0.39,-1.33,2.47,-1.31,2.23,0.39,-0.49,-0.27,-4.70,-2.10,-1.90,0.89,-1.98,,-1.08,-1.01,-0.05,2.61,-2.53,2.10,1.84,-2.41,0.26,-3.79,-2.66,-1.07,-2.65,0.56,-0.20,-4.32,2,0.22,-1.05,-2.07,-3.80,-1.59,-3,-1.01,-1.93,-4.46,-5.22,0.59,0.44,-3.09,-3.58,-4.49,-6.44,-6.60,-4.59,-8.41,-7.54,-9.60,-5.41,2.38,-6.87,3.93,-0.30,-1.14,-2,-2.86,-1.38,-0.92,0.30,-0.27,1.65,1.37,1.30,0.52,0.90,0.82,-0.81,-0.10,-0.62,-1.25,-2.20,0.63,-0.05,0.50,0.39,0.05,-0.62,1.36,1.64,1.60,2.16,-0.42,1.46,3.03,2.10,1.88,1.22,2.22,0.11,0.43,1.90,2.58,2.17,-0.40,1,0.10,-0.15,1.86,1.71,2.11,1.66,-0.31,1,-0.76,-0.13,,-0.20,0.50,1.39,0.26,1.33,2.70,2.80,1.67,1.76,0.54,1.50,,-2.10,-1.60,-1.40,-2,-3.60,,,,,,,0.90,-1.40,,0.50,-0.40,2.10,1.82,,,,,,,,1.70,-0.30,0.20,1.80,1.80,,,,,-0.20,,1.50,2.30,1.20,2,1.90,,,0.40,,,1,,,2.60,2.40,2.50,3,2.30,1.30,
2008-12-13 03:00,0.70,-1.07,0.34,-1.41,1.31,-1.37,-1.01,-1.60,2.50,-2.68,0.63,-1.15,2.47,-1.32,1.59,0.09,-0.68,-0.35,-4.60,-1.69,-1.70,0.99,-1.98,,-1.10,-1.14,-0.25,2.38,-2.65,2.40,2.28,-2.71,0.30,-3.88,-2.41,-1.57,-2.63,0.36,-0.38,-4.19,2.40,-0.13,-0.89,-2.03,-2.80,-1.77,-3,-0.92,-2.38,-4.52,-5.15,0.81,0.46,-3.06,-3.33,-4.87,-6.53,-6.80,-4.77,-8.39,-7.54,-9.70,-5.45,2.88,-7.03,4.05,-0.32,-1.18,-2,-2.88,-1.34,-0.99,0.39,-0.38,1.41,1.27,1.30,0.36,0.70,0.59,-0.92,-0.20,-0.74,-1.60,-2.08,0.52,-0.07,0.50,0.41,0.06,-0.55,1.38,1.70,1.60,1.89,-0.43,1.45,3,2.14,1.86,1.16,2.14,0.03,0.44,2.06,2.44,1.90,-0.40,1.08,0.12,-0.11,1.85,1.87,1.99,1.62,-0.38,0.90,-0.81,0.01,,-0.10,0.67,1.53,0.55,1.28,2.61,2.80,1.67,1.81,0.43,1.60,-0.80,-1.80,-0.90,-1.50,-2.10,-3.10,1.90,0.10,-3.10,0.10,1.80,1.60,0.80,-1.60,-1.30,0.40,-0.50,2.10,1.80,,-0.30,0.30,1.10,1.40,2.70,1.30,1.40,-0.30,0.30,1.70,1.70,1,1,1.50,2,-0.20,0.40,1.50,2.20,1.20,2,1.90,1.10,0.30,0.40,0.50,-0.70,1.10,2.10,2.10,2.60,2.40,2.50,3,2.20,1.40,0.80
2008-12-13 03:10,0.80,-1.17,0.20,-1.49,0.90,-1.37,-1.06,-1.50,2.48,-2.90,0.91,-1.73,2.57,-1.43,1.02,0.03,-0.76,0.55,-4.60,-1.25,-1.84,1.40,-1.90,,-1.10,-1.20,-0.66,2.17,-2.56,2.70,2.55,-2.87,0.27,-3.88,-2.55,-1.90,-2.84,0.44,-0.44,-4.04,2.30,0.15,-0.75,-1.86,-2.70,-1.93,-3.10,-1.09,-2.60,-4.62,-5.53,0.93,0.47,-3.17,-3.30,-4.47,-6.46,-6.80,-4.40,-8.44,-7.51,-9.70,-5.60,2.60,-7.06,3.65,-0.35,-1.26,-1.90,-2.82,-1.33,-1.01,0.41,-0.45,1.24,1.26,1.30,0.22,0.70,0.36,-0.97,-0.02,-0.55,-1.54,-1.75,0.71,-0.13,0.60,0.43,0.11,-0.58,1.43,1.65,1.60,2.03,-0.39,1.35,3.01,2.08,1.87,1.10,2.09,-0.04,0.37,2.09,2.37,1.52,-0.40,1.17,0.09,-0.11,1.71,2.07,1.93,1.72,-0.28,0.80,-0.85,-0.02,,-0.10,0.61,1.57,0.74,1.17,2.66,2.70,1.67,1.75,0.36,1.50,,-1.60,-1,-1.80,-2.20,-3.10,,,,,,,0.70,-2.40,,0.40,-0.50,2.10,1.95,,,,,,,,1.50,-0.30,0.40,1.70,1.70,,,,,-0.10,,1.50,2.20,1.20,2,1.90,,,0.40,,,1.10,,,2.60,2.40,2.50,3,2.20,1.30,
2008-12-13 03:20,0.90,-1.35,0.23,-1.54,0.90,-1.29,-1.16,-1.50,2.30,-2.96,0.77,-1.70,2.21,-1.51,1.93,-0.10,-0.78,0.67,-4.50,-0.97,-1.64,1.05,-1.92,,-1.15,-1.28,-0.61,2.48,-2.53,3,2.31,-2.95,0.10,-3.86,-2.90,-1.95,-2.94,0.33,-0.69,-4.30,1.90,-0.21,-0.49,-2.22,-2.60,-2.03,-3.30,-1.63,-2.35,-4.67,-5.66,0.99,0.55,-3.24,-3.34,-4.41,-6.62,-6.90,-4.56,-8.43,-7.68,-9.50,-5.58,2.41,-6.96,3.60,-0.46,-1.32,-1.80,-2.93,-1.43,-1.08,0.40,-0.47,1.29,1.24,1.30,0.24,0.70,0.21,-1.03,-0.40,-0.62,-1.50,-1.45,0.59,-0.01,0.50,0.51,-0.14,-0.64,1.48,1.60,1.60,2.14,-0.06,1.39,2.97,2.03,1.88,1.06,2.01,0.10,0.50,2.23,2.27,1.19,-0.50,1.20,0.10,-0.21,1.53,2.13,1.91,1.79,-0.23,0.70,-0.99,-0.05,,-0.20,0.78,1.64,0.80,1.04,2.66,2.60,1.77,1.67,0.22,1.40,,-1.50,-1.20,-1.90,-2.30,-3.20,,,,,,,0.60,-2.30,,0.50,-0.60,2.10,1.99,,,,,,,,1.70,-0.40,0.50,1.70,1.70,,,,,0,,1.40,2,1.20,2,1.90,,,0.40,,,1.20,,,2.60,2.40,2.40,3,2.20,1.40,
2008-12-13 03:30,1.10,-1.53,0.05,-1.61,0.80,-1.31,-1.19,-1.40,1.79,-3.22,0.50,-1.19,1.79,-0.75,2.55,-0.24,-0.71,1.13,-4.50,-1.10,-1.72,1.22,-1.98,,-1.23,-1.22,-0.62,3.21,-2.55,3.20,2,-2.90,0.10,-4.22,-3.23,-1.85,-3.19,0.34,-0.61,-4.61,1.80,0.11,-0.69,-2.36,-2.60,-1.98,-3.40,-1.89,-3.08,-4.67,-5.51,0.91,0.68,-3.31,-3.25,-4.19,-6.73,-7.10,-4.85,-8.52,-7.62,-9.70,-5.45,2.51,-6.89,3.33,-0.46,-1.41,-1.80,-2.90,-1.46,-1.18,0.38,-0.49,1.84,1.24,1.20,0.09,0.60,0.25,-1.04,-0.60,-0.64,-1.61,-1.29,0.67,-0.05,0.50,0.60,-0.02,-0.61,1.54,1.79,1.60,2.22,0.08,1.30,2.89,2.05,1.84,1.01,1.82,-0.04,0.49,2.25,2.18,0.95,-0.50,1.25,0.17,-0.07,1.45,2.07,1.90,1.85,-0.25,0.60,-0.89,-0.04,,-0.30,0.76,1.62,0.79,1.07,2.62,2.50,1.88,1.87,0.47,1.20,,-1.50,-1.30,-1.90,-2.30,-4.10,,,,,,,0.60,-2,,0.60,-0.60,2.20,1.95,,,,,,,,1.50,-0.40,0.60,1.60,1.60,,,,,0.10,,1.50,1.90,1.20,2,1.90,,,0.20,,,1.30,,,2.50,2.40,2.30,3.20,2.20,1.30,
2008-12-13 03:40,1.20,-1.67,0.07,-1.80,0.80,-1.44,-1.21,-1.40,1.61,-3.15,-0.34,-1.03,1.69,-0.49,2.70,-0.47,-0.82,1.15,-4.50,-1.10,-1.34,1.11,-1.93,,-1.22,-1.18,-0.69,3.14,-2.58,3.10,2.18,-3.19,-0.01,-4.04,-3.32,-1.66,-3.16,0.26,-0.60,-4.60,2.10,0.55,-0.63,-2.10,-2.80,-2.02,-3.70,-2.02,-2.53,-4.72,-5.46,0.96,0.65,-3.30,-3.24,-4.18,-6.76,-7.20,-5.17,-8.51,-7.68,-9.80,-5.78,2.72,-7.43,3.05,-0.34,-1.49,-1.80,-2.60,-1.48,-1.27,0.37,-0.62,2.03,1.42,1.10,0.24,0.60,0.08,-1.13,-0.60,-1.17,-1.49,-0.71,0.69,-0.05,0.40,0.65,-0.06,-0.64,1.63,1.84,1.70,2.17,0.27,1.33,2.87,1.96,1.83,0.93,1.75,-0.02,0.60,2.27,2.03,0.54,-0.50,1.25,0.26,-0.06,1.45,2.16,1.83,1.88,-0.42,0.50,-1.04,0,,-0.30,1.02,1.56,0.69,1.06,2.65,2.30,1.86,1.60,0.23,1.20,,-1.40,-1.40,-1.40,-2.40,-3.70,,,,,,,0.50,-1.70,,0.70,-0.90,2.30,1.96,,,,,,,,1.50,-0.40,0.60,1.50,1.50,,,,,0,,1.60,1.90,1.20,2,1.80,,,0.20,,,1.30,,,2.50,2.40,2.20,3.30,2.20,1.40,
2008-12-13 03:50,1.20,-1.83,0.04,-1.87,1,-1.52,-1.30,-1.30,1.45,-3.06,0.09,-0.70,1.40,-0.42,2.77,0.04,-0.62,1.03,-4.30,-1.23,-1.38,0.76,-1.85,,-1.31,-1.12,-0.70,3.02,-2.59,2.90,2.08,-3.38,-0.18,-3.76,-3.39,-1.57,-3.12,0.21,-0.69,-4.41,2.20,-0.03,-0.39,-2.14,-2.90,-2.09,-3.40,-1.93,-2.64,-4.62,-5.53,1.06,0.70,-3.34,-3.51,-4.02,-6.88,-7.20,-5.02,-8.61,-7.84,-9.80,-5.86,2.78,-7.72,3.22,-0.21,-1.51,-1.80,-2.26,-1.54,-1.36,0.38,-0.65,1.79,1.46,1,0.24,0.60,-0.20,-1.21,-0.60,-1.34,-1.37,-0.28,0.78,-0.10,0.40,0.73,-0.01,-0.63,1.65,2.07,1.80,2.08,0.46,1.31,2.81,1.93,1.87,0.89,1.58,0.03,0.63,2.30,1.79,0.61,-0.40,1.25,0.31,0.04,1.36,2.06,1.76,1.90,-0.55,0.30,-1.05,0.05,,-0.50,1.04,1.56,1,0.84,2.68,2.30,1.87,1.82,0.32,1.20,,-1.80,-1.60,-1.30,-2.50,-3.70,,,,,,,0.50,-1.90,,0.80,-1,2.20,2,,,,,,,,1.30,-0.60,0.60,1.50,1.40,,,,,0.20,,1.70,1.90,1.30,2,1.80,,,0,,,1.30,,,2.50,2.40,2.20,3.20,2.20,1.40,
2008-12-13 04:00,1.30,-1.97,0.22,-2.04,1.10,-1.52,-1.37,-1,1.47,-3.03,0.22,-1.02,1.13,-0.18,3.01,0.23,-0.49,1.29,-4.30,-1.38,-1.55,0.40,-1.79,,-1.47,-1.13,-0.48,2.98,-2.57,2.60,2.15,-3.38,-0.08,-4.05,-3.73,-1.52,-3.35,-0.01,-0.58,-4.17,2.20,0.46,-0.29,-1.98,-3.30,-2.22,-3.50,-1.84,-3.31,-5,-5.60,1.13,0.78,-3.31,-3.58,-4.20,-6.86,-7.30,-5.03,-8.68,-7.74,-9.70,-6,2.51,-7.64,3.34,-0.33,-1.41,-1.70,-2.20,-1.46,-1.40,0.41,-0.70,1.59,1.44,1,0.12,0.62,-0.21,-1.29,-0.60,-1.26,-1.26,-0.30,0.82,-0.03,0.40,0.72,-0.09,-0.59,1.57,1.89,1.90,1.96,0.54,1.22,2.83,1.86,1.76,0.70,1.33,0,0.68,2.34,1.72,0.50,-0.30,1.34,0.34,0.03,1.19,2.15,1.75,1.80,-0.54,0.10,-1.08,0.05,,-0.60,1.08,1.54,0.69,0.82,2.61,2.30,1.78,1.75,0.27,1.20,-2.30,-2,-1.60,-1.90,-2.50,-2.90,1.70,-0.20,-3.60,0,1.70,1.50,0.40,-1.90,-1.80,0.90,-1.10,2.20,2.10,1.20,-0.20,0.40,1.20,1.40,2.30,0.20,1.20,-0.60,0.70,1.50,1.40,1.10,0.90,1.80,1.30,0.20,1,1.70,1.80,1.40,2,1.80,,0.50,-0.10,0.60,,1.30,,2,2.50,2.40,2.20,3.30,2.20,1.40,0.80
2008-12-13 04:10,1.30,-2.08,0.01,-2.10,1,-1.49,-1.17,-0.80,1.34,-2.80,0.03,-0.96,1.28,-0.11,2.85,0.01,0.18,1,-4.20,-1.02,-1.01,0.22,-2,,-1.63,-1.25,-0.14,3.06,-2.84,2.30,2.24,-3.39,-0.15,-4.27,-3.97,-0.91,-3.47,-0.10,-0.47,-4.29,1.80,0.39,-0.67,-2.15,-3.10,-2.32,-3.70,-1.79,-3.48,-5.20,-5.80,1.14,0.85,-3.32,-3.68,-4.31,-6.40,-7.40,-5.73,-8.78,-8,-10,-5.98,2.69,-7.76,3.69,-0.29,-1.40,-1.70,-2.15,-1.44,-1.57,0.47,-0.74,1.67,1.40,0.90,0.17,0.55,-0.25,-1.77,-0.60,-1.02,-1.19,-0.16,0.71,-0.03,0.40,0.72,-0.13,-0.70,1.59,2.11,2,2.07,0.67,1.15,2.71,1.73,1.59,0.67,1.24,-0.08,0.68,2.33,1.69,0.47,-0.30,1.42,0.40,0.15,1.09,2.10,1.80,1.86,-0.80,-0.10,-1.18,0.07,,-0.40,1.07,1.56,0.84,0.82,2.52,2.40,1.78,1.91,0.33,1.30,,-1.80,-1.20,-2.10,-2.50,-2.80,,,,,,,0.30,-2.10,,1,-1.20,2.20,2.06,,,,,,,,1,-0.60,0.90,1.50,1.40,,,,,0.10,,1.70,1.70,1.40,2,1.80,,,-0.10,,,1.40,,,2.40,2.40,2.30,3.30,2.20,1.50,
2008-12-13 04:20,1.30,-2.18,0.06,-2.09,1.20,-1.42,-1.17,-0.70,1.18,-2.75,0.09,-0.97,1.38,0.17,2.97,-0.64,-0.05,0.83,-4.10,-0.55,-1.18,-0.28,-1.94,,-1.58,-1.28,0.22,2.26,-2.64,2,2.37,-3.54,-0.25,-4.34,-3.95,-0.44,-3.42,-0.09,-0.43,-4.69,1.20,0.47,-0.56,-2.13,-3.30,-2.37,-3.90,-1.79,-3.37,-5.25,-6.11,1.31,0.91,-3.45,-3.72,-4.39,-6.44,-7.40,-5.90,-8.80,-7.96,-9.80,-5.79,2.91,-7.84,3.67,-0.48,-1.41,-1.60,-2.14,-1.36,-1.44,0.41,-0.82,1.68,1.38,0.90,0.12,0.56,-0.47,-1.74,-0.50,-1.10,-1.01,-0.37,0.80,-0.08,0.40,0.83,-0.18,-0.66,1.71,2.03,2,2.11,0.71,1.09,2.74,1.64,1.54,0.59,1.19,-0.02,0.72,2.42,1.53,0.29,0,1.27,0.51,0.33,0.98,2.08,1.62,1.84,-0.55,-0.30,-1.24,0.09,,-0.20,1.07,1.62,0.89,0.90,2.51,2.40,1.75,1.83,0.19,1.30,,-1.60,-1.10,-2.20,-2.40,-3.20,,,,,,,0.10,-1.90,,1,-1.20,2.20,2.03,,,,,,,,0.80,-0.50,0.90,1.50,1.30,,,,,0.30,,1.70,1.50,1.40,2,1.80,,,-0.20,,,1.40,,,2.30,2.30,2.20,3.20,2.10,1.50,
2008-12-13 04:30,1.40,-1.95,-0.12,-2.16,0.80,-1.54,-1.32,-0.80,1.35,-2.64,-0.44,-1.31,1.50,0.22,1.77,-1.13,-0.06,0.76,-4,-0.91,-1.24,0.17,-1.90,,-1.49,-1.33,1.46,2.01,-2.91,2,2.19,-3.62,-0.54,-4.44,-4.01,-0.02,-3.39,-0.18,-0.14,-4.62,0.90,0.36,-0.58,-2.30,-3.30,-2.40,-3.60,-1.84,-3.67,-5,-6.20,1.43,0.90,-3.72,-3.36,-4.33,-7,-7.40,-5.58,-8.82,-7.99,-10,-5.82,3.09,-7.97,3.66,-0.33,-1.29,-1.50,-2.08,-1.42,-1.65,0.36,-0.72,1.02,1.43,0.90,-0.07,0.34,-0.66,-1.79,-0.60,-0.98,-0.73,-0.38,0.71,-0.12,0.40,0.82,-0.38,-0.60,1.70,1.96,2.10,2.27,0.74,1.06,2.63,1.56,1.42,0.59,1.17,0.02,0.77,2.31,1.44,0.26,0.60,1.31,0.59,0.42,0.84,2.03,1.62,1.66,-0.53,-0.50,-1.15,0.07,,0,1.10,1.51,1.24,0.81,2.48,2.30,1.74,1.75,0.04,1.30,,-1.70,-0.40,-2.50,-2.30,-3.60,,,,,,,-0.10,-2.30,,1,-1.30,2.20,1.98,,,,,,,,0.70,-0.50,1,1.40,1.20,,,,,0.40,,1.80,1.40,1.50,2,,,,-0.30,,,1.30,,,2.20,2.30,2.20,3.30,2.10,1.40,
2008-12-13 04:40,1.40,-1.90,-0.12,-2.28,0.50,-1.44,-1.51,-0.90,1.41,-2.64,-0.60,-1.25,1.42,0.12,1.03,-1.47,-0.35,0.89,-4,-1.19,-1.29,0.39,-1.96,,-1.73,-1.37,2.05,2.24,-3.11,2.10,2.26,-3.74,-0.80,-4.40,-4.08,0.95,-3.34,-0.06,-0.06,-4.88,0.50,0.34,-0.58,-2.30,-3.30,-2.33,-4,-2.02,-4.01,-4.99,-6.13,1.28,0.91,-3.93,-3.38,-4.12,-7.14,-7.50,-5.54,-8.95,-8.24,-9.90,-5.65,3.25,-7.82,3.69,-0.28,-1.28,-1.50,-2.03,-1.43,-2.25,0.42,-0.80,-0.14,1.45,0.90,-0.13,0.48,-0.89,-1.78,-0.60,-0.82,-0.75,-0.32,0.76,-0.12,0.50,0.91,-0.40,-0.61,1.74,1.97,2.10,2.09,0.88,1,2.62,1.43,1.36,0.45,1.05,-0.02,0.88,2.36,1.46,0.24,0.70,1.33,0.57,0.49,0.74,2.09,1.52,1.65,-0.49,-0.60,-1.04,0.12,,0.30,1.32,1.37,1.35,0.70,2.49,2.20,1.71,1.76,0.12,1.30,,-1.70,-0.10,-2.50,-2.40,-3.70,,,,,,,-0.10,-2.50,,1,,2.20,1.96,,,,,,,,0.70,-0.50,1,1.50,1.20,,,,,0.60,,1.90,1.40,1.60,2,1.80,,,-0.10,,,1.40,,,2.10,2.30,2.10,3.30,2.10,1.30,
2008-12-13 04:50,1.30,-1.83,-0.29,-2.35,-0.20,-1.52,-1.41,-0.90,1.25,-2.51,-0.41,-1.04,1.42,0.98,0.82,-1.21,-0.57,1.19,-3.90,-1.33,-1.20,0.48,-1.99,,-1.65,-1.32,1.63,2.34,-3.23,2.20,2.19,-3.78,-0.79,-4.37,-4.31,2.34,-3.65,-0.15,-0.21,-4.98,0.70,0.73,-0.83,-2.34,-3.20,-2.41,-4.10,-2.16,-3.99,-5.24,-6.58,1.52,0.89,-3.87,-3.34,-4.22,-7.15,-7.60,-5.58,-9.02,-8.12,-10.10,-5.63,3.51,-7.95,3.53,-0.28,-1.24,-1.30,-2.15,-1.41,-2.47,0.49,-0.90,-0.62,1.48,0.90,-0.06,0.50,-1.07,-1.72,-0.70,-0.90,-0.64,-0.14,0.85,-0.29,0.60,0.83,-0.56,-0.65,1.72,2.03,2.10,2.23,1.05,0.93,2.63,1.39,1.16,0.32,0.99,0.07,0.94,2.34,1.41,0.05,0.90,1.47,0.66,0.46,0.64,2.06,1.52,1.56,-0.48,-0.70,-1.14,0.15,,0.40,1.41,1.33,1.22,0.68,2.52,2.20,1.74,1.59,0.14,1.20,,-1.60,0.70,-2.40,-2.40,-3.70,,,,,,,-0.20,-2.30,,1,-1.30,2.10,1.94,,,,,,,,0.60,-0.40,1.10,1.40,1.10,,,,,0.60,,2,1.30,1.60,2,1.80,,,0,,,1.30,,,2,2.30,2.10,3.30,2,1.30,
2008-12-13 05:00,1.30,-1.63,-0.44,-2.28,-0.40,-1.62,-1.37,-0.80,0.97,-2.39,0,-1.20,1.34,1.99,1.92,-1.12,-0.69,0.67,-3.70,-1.19,-1.28,0.66,-2.07,,-1.56,-1.31,1.09,2.41,-3.33,2.50,2.28,-3.87,-1.01,-4.37,-4.06,2.74,-3.95,-0.15,-0.71,-5.12,0.90,0.55,-0.93,-2.42,-3.50,-2.37,-3.90,-2.25,-3.73,-5.06,-6.60,1.61,0.88,-4.03,-3.16,-4.44,-7.28,-7.70,-5.47,-9.06,-8.05,-10.20,-5.69,3.41,-8.31,3.59,-0.29,-1.28,-1.30,-2.14,-1.44,-2.36,0.46,-1.01,-1.14,1.40,0.90,-0.13,0.42,-1.01,-1.60,-0.80,-0.84,-0.63,0.08,0.83,-0.29,0.60,0.96,-0.58,-0.62,1.86,2.04,2.10,2.21,1.14,0.88,2.55,1.31,1.17,0.27,0.90,0.13,0.94,2.36,1.37,-0.02,0.90,1.57,0.73,0.46,0.48,2.05,1.56,1.46,-0.49,-0.90,-1.19,0.15,,0.60,1.48,1.31,1.12,0.74,2.31,2.20,1.70,1.42,0.20,1.20,-1.60,-1.50,0.30,-2.30,-2.40,-3.30,,-0.20,-3.70,0,1.40,1.40,-0.20,-2.10,-1.60,1,-1.30,2.10,2.10,0.70,-0.10,0.40,1.40,1.40,1.40,-0.10,0.60,-0.30,1.10,1.30,0.90,1.30,0.80,1.80,0.50,0.70,1.30,1.90,1.30,1.70,1.90,1.80,0.70,0.70,0.10,0.80,,1.20,2,1.90,1.90,2.10,2.10,3.30,2,1.30,1
2008-12-13 05:10,1.40,-1.49,-0.35,-2.06,0.49,-1.61,-1.23,-0.80,0.71,-2.37,0.18,-0.89,1.14,1.04,2.99,-1.29,-0.58,0.74,-3.70,-1.31,-1.39,0.68,-1.96,,-1.55,-1.49,1.32,2.71,-3.18,2.50,2,-3.67,-1.08,-4.54,-3.97,3.16,-3.93,-0.12,-0.77,-5.36,1.20,0.64,-0.84,-2.73,-3.90,-2.43,-3.80,-2.18,-3.68,-5.21,-6.56,1.55,0.82,-4.36,-2.93,-4.77,-7.35,-7.80,-5.42,-9.04,-8.17,-9.90,-5.67,4.08,-8.52,3.68,-0.36,-1.26,-1.40,-2.17,-1.23,-2.27,0.39,-1.12,-1.45,1.43,0.80,-0.08,0.40,-0.97,-1.50,-0.90,-0.65,-0.70,0.10,0.78,-0.38,0.60,1.07,-0.63,-0.65,1.80,2.04,2.10,2.19,0.93,0.75,2.51,1.22,1.07,0.23,0.83,0.16,0.91,2.34,1.17,-0.07,0.90,1.49,0.78,0.61,0.37,2.10,1.62,1.42,-0.57,-0.90,-0.88,0.19,,0.60,1.57,1.18,1.10,0.85,2.04,2.20,1.52,1.47,0.22,1.20,,-1.70,0,-2.10,-2.10,-3.60,,,,,,,-0.20,-2.10,,1,-1.20,2.10,1.97,,,,,,,,0.40,0.10,1.10,1.30,0.90,,,,,0.70,,1.90,1.20,1.70,1.90,1.80,,,0.10,,,1.10,,,1.80,1.90,1.90,3.30,1.90,1.20,
2008-12-13 05:20,1.30,-1.48,-0.30,-1.84,1.31,-1.61,-1.25,-0.70,0.60,-2.52,0.18,-1.44,0.82,0.78,3.43,-0.81,-0.27,0.84,-3.80,-1.69,-1.43,0.44,-2.12,,-1.57,-1.51,0.71,3.08,-2.52,2.40,1.83,-3.60,-1.21,-4.45,-3.59,3.47,-3.84,-0.05,-0.83,-5.36,1.50,0.78,-0.83,-2.73,-3.80,-2.41,-3.90,-2.16,-4.03,-5.09,-6.51,1.55,0.87,-4.55,-2.93,-4.80,-7.48,-7.80,-5.73,-9.18,-8.29,-10.20,-5.50,4.76,-8.36,3.67,-0.42,-1.24,-1.60,-2.17,-0.47,-2.19,0.41,-1.11,-1.43,1.41,0.80,-0.09,0.40,-1.29,-1.38,-0.90,-0.63,-0.78,0.03,0.84,-0.37,0.60,1.14,-0.79,-0.64,1.87,1.99,2.20,2.24,0.99,0.82,2.49,1.22,1,0.19,0.75,0.22,1.09,2.41,0.99,-0.07,1,1.43,0.84,0.56,0.33,2.13,1.66,1.35,-0.56,-1.10,-0.74,0.18,,0.70,1.67,1.23,1.10,0.87,2.01,2.30,1.50,1.45,0.26,1.20,,-1.80,-0.40,-1.70,-2.10,-3.40,,,,,,,-0.30,-1.90,,1,-1.30,2,1.90,,,,,,,,0.50,0.20,1.20,1.20,0.80,,,,,0.60,,1.90,1.10,1.70,1.90,1.80,,,0.20,,,1.10,,,1.80,1.80,1.90,3.30,1.80,1.20,
2008-12-13 05:30,1.40,-1.46,-0.42,-1.86,0.73,-1.63,-1.22,-0.70,0.73,-2.64,0.18,-1.60,0.74,1.35,3.42,-0.64,-0.28,0.84,-3.90,-1.91,-1.26,0.04,-2.26,,-1.56,-1.53,0.16,3.08,-2.07,2.30,1.62,-3.62,-1.12,-4.22,-2.48,3.70,-3.88,-0.22,-0.68,-5.28,1.30,0.61,-0.84,-2.71,-3.90,-2.34,-4,-2.17,-4.43,-5.56,-6.59,1.59,0.86,-4.69,-2.87,-4.61,-7.31,-7.60,-5.77,-9.19,-8.39,-10.20,-5.66,4.70,-8.10,3.42,-0.32,-1.28,-1.90,-2.22,-0.30,-2.02,0.51,-1.04,-1.48,1.49,0.70,-0.33,0.30,-1.31,-1.40,-1,-0.57,-0.93,0.05,0.84,-0.32,0.60,1.23,-0.82,-0.64,1.84,1.93,2.20,2.12,1.04,0.65,2.35,1.21,0.99,0.17,0.59,0.13,1.13,2.34,0.72,-0.02,1,1.46,0.87,0.46,0.25,2.14,1.66,1.17,-0.63,-1.20,-0.34,0.14,,0.70,1.69,1.07,1.04,0.86,1.86,2.40,1.39,1.23,0.38,1.30,,-1.80,-0.90,-2.10,-2.10,-3.50,,,,,,,-0.40,-1.50,,1.10,-1.40,2,1.85,,,,,,,,0.40,0.40,1.50,1.20,0.80,,,,,0.60,,1.90,1,1.70,1.90,1.80,,,0.30,,,1,,,1.70,1.60,1.90,3.30,1.60,1.30,
2008-12-13 05:40,1.40,-1.36,-0.29,-1.92,0.65,-1.81,-1.14,-0.70,0.78,-2.82,0.10,-1.48,0.72,0.98,3.37,-0.73,-0.07,0.79,-3.80,-2,-1.22,0.35,-2.39,,-1.59,-1.58,-0.71,3.14,-1.95,2.40,1.11,-3.74,-1.11,-4.23,0.88,3.67,-3.93,-0.01,-0.60,-5.49,0.90,0.63,-0.72,-2.57,-3.60,-2.42,-3.90,-2.27,-4.25,-5.52,-7.01,1.52,0.80,-4.90,-2.78,-4.54,-7.06,-7.90,-5.91,-9.28,-8.44,-10.30,-5.45,4.73,-8.28,3.27,-0.28,-1.52,-1.90,-2.20,-0.19,-1.95,0.51,-1.09,-1.49,1.56,0.60,-0.62,0.40,-0.80,-1.51,-1,-0.23,-1.15,0.08,0.93,-0.23,0.60,1.37,-0.94,-0.85,1.86,1.92,2.20,1.92,1.08,0.66,2.15,1.14,1,0.08,0.52,0.13,1.12,2.27,0.23,-0.19,1.10,1.53,0.92,0.19,0.24,2.14,1.60,1.13,-0.63,-1.10,-0.22,0.15,,0.80,1.59,0.96,0.97,0.84,1.74,2.40,1.35,1.18,0.45,1.30,,-2,-0.20,-2.50,-2.10,-3.70,,,,,,,-0.40,-1.50,,1.10,-1.50,2,1.78,,,,,,,,0.30,0.50,1.60,1.10,0.70,,,,,0.60,,1.90,1,1.70,1.90,1.70,,,0.40,,,0.90,,,1.70,1.50,1.70,3.30,1.60,1.20,
2008-12-13 05:50,1.30,-1.33,-0.19,-1.82,0.47,-1.84,-1.24,-0.70,0.78,-2.91,0.34,-1.26,0.76,0.86,3.33,-1.01,-0.07,0.69,-3.80,-1.68,-1.44,0.29,-1.62,,-1.66,-1.52,-1.62,2.84,-1.87,2.40,-0.25,-3.79,-1.03,-4.12,2.81,3.59,-3.87,-0.15,-0.10,-5.33,0.50,0.80,-0.86,-2.69,-3.60,-2.55,-4.10,-2.36,-4.40,-5.67,-6.97,1.42,0.62,-4.68,-2.75,-4.74,-7.53,-7.90,-6.15,-9.32,-8.47,-10.40,-5.40,4.70,-8.58,3.01,-0.25,-1.73,-2,-2.44,-0.33,-1.87,0.50,-1.11,-1.48,1.52,0.60,-0.63,0.30,-0.78,-1.53,-1,0.01,-1.26,0.02,0.95,-0.27,0.60,1.48,-0.97,-0.76,1.87,2.30,2.20,1.85,1.10,0.53,2.12,1.04,0.93,0.03,0.52,0.16,1.24,2.20,0.11,-0.17,1.10,1.72,0.98,0.22,0.21,2.17,1.48,1.05,-0.61,-1.20,-0.16,0.07,,0.90,1.52,0.76,0.78,0.79,1.70,2.60,1.10,1.24,0.60,1.30,,-2,-0.60,-2.70,-2.20,-3.50,,,,,,,-0.40,-1.40,,1.20,-1.50,2.10,1.63,,,,,,,,0.30,0.60,1.60,1,0.80,,,,,0.80,,1.90,0.80,1.80,1.90,1.70,,,0.50,,,0.80,,,1.70,1.40,1.60,3.20,1.40,1.30,
2008-12-13 06:00,2,-2,-0.12,-2,1,-1.89,-1.35,-0.70,0.47,-3.07,0.52,-1.01,0.89,1,3.17,1,0,0.37,-4,-1.95,-1.67,0.14,-1.39,-1,-2,-2,-2.08,2.35,-2,3,-2,-5,-1.07,-4.05,3.23,4,-3,0,-1,-5,1,1,-1,-3,-3.80,-2.52,-5,-2.44,-4,-5.77,-6,2,0.72,-4.38,-2.74,-5,-7,-8,-6,-9.29,-8.38,-10,-5.68,4.58,-8.80,2.79,-0.27,-2.17,-2.20,-2.43,-0.55,-1.68,0.54,-1.10,-1.39,1.39,0.60,-0.59,0,-1,-3,-1,0.02,-1,-0.11,0.92,1,0.60,1.43,-0.91,-0.80,1.88,2,2.20,2,1.15,0.48,1.97,0.91,0.82,0.09,0.48,0.15,1.29,1.99,-0.15,-0.15,1.20,1.71,1.04,-0.04,0.08,2.12,1.54,0.84,-0.43,-1.20,-0.19,0.14,,1,1.53,0.61,0.41,0.92,1.90,2.30,0.67,1.10,0.76,1.20,-1,-2,-1,-2.50,-2.30,-3.40,0.60,0,-4,0.20,1,1,0,-1,-0.50,1.10,-1.60,2,1.60,,-0.10,1,2,1.70,0.80,-0.70,0.30,0.60,1.70,0.90,0.30,1.40,0.80,1.90,-0.10,0.90,1.60,1.80,0.60,1.70,2,1.70,0.50,1,0.50,1.10,1.20,0.80,2,1.60,1.70,1.20,1.50,3.10,1.20,1.30,1.10
2008-12-13 06:10,1.40,-1.36,-0.23,-1.78,0.88,-1.90,-1.49,-0.80,0.05,-3.13,0.20,-1.31,1.04,0.79,3.09,-0.48,0.53,0.02,-4,-1.90,-1.78,-0.17,-1.74,,-1.79,-1.56,-2.36,2.24,-1.78,2.40,-0.63,-3.99,-0.82,-4.02,3.47,3.66,-3.97,-0.09,-0.27,-5.44,0.70,0.72,-0.93,-2.79,-3.90,-2.48,-4.20,-2.63,-4.68,-5.77,-6.95,1.28,0.64,-4.50,-2.72,-4.79,-7.38,-8,-6.82,-9.35,-8.40,-10.60,-5.93,4.37,-8.66,2.47,-0.29,-2.51,-1.90,-2.91,-0.38,-1.52,0.51,-1.21,-1.18,1.30,0.60,-0.90,0.30,-0.39,-1.26,-0.96,-0.05,-1.46,-0.19,0.99,-0.13,0.60,1.58,-0.92,-0.70,1.93,1.99,2.20,1.69,1.25,0.53,1.99,0.75,0.76,0.06,0.41,0.08,1.26,1.69,-0.48,-0.01,1.30,1.92,1.06,-0.25,0.01,2.19,1.63,0.79,-0.55,-1.10,-0.08,0.19,,1.20,1.43,0.58,0.43,0.87,1.91,2.50,0.31,0.98,0.84,1.20,,-2.20,-1.10,-2.60,-2.40,-3.80,,,,,,,-0.30,-0.60,,1.10,-1.60,1.90,1.58,,,,,,,,0.30,0.70,1.60,0.80,0.30,,,,,0.80,,1.70,0.50,1.70,2,1.70,,,0.50,,,0.70,,,1.70,1.20,1.40,3.10,1,1.30,
2008-12-13 06:20,1.30,-1.44,-0.26,-1.85,0.23,-1.65,-1.61,-1,-0.03,-3.25,0.13,-1.13,0.88,-0.10,3.10,-0.40,0.98,0.13,-4.20,-2.25,-1.89,0.15,-2.02,,-1.75,-1.56,-2.50,2.01,-1.69,2.70,-0.94,-4.18,-0.91,-3.90,3.58,3.70,-4.05,-0.01,-0.30,-5.61,1.20,0.40,-1.22,-2.74,-3.90,-2.47,-4.20,-2.60,-4.59,-5.75,-6.97,1.30,0.58,-4.68,-2.65,-4.98,-7.76,-8.20,-6.30,-9.38,-8.45,-10.60,-5.95,4.36,-8.59,2.59,-0.32,-2.80,-2.10,-2.98,-0.60,-1.58,0.44,-1.22,-1.37,1.49,0.60,-0.81,0.20,-0.23,-1.13,-1,0.26,-1.60,-0.19,1,-0.20,0.70,1.63,-0.92,-0.65,1.81,1.94,2.10,1.55,1.33,0.41,1.98,0.74,0.75,-0.02,0.39,0.19,1.23,1.50,-0.70,-0.01,1.50,1.73,1.04,-0.35,-0.06,2.17,1.64,0.80,-0.56,-1,-0.03,0.04,,1.10,1.22,0.54,0.17,0.93,1.92,2.60,0.12,0.77,0.79,1.20,,-2.30,-1,-2.50,-2.30,-4.30,,,,,,,-0.30,-0.50,,1.20,-1.60,1.90,1.55,,,,,,,,0.30,0.80,1.70,0.70,0.20,,,,,0.80,,1.80,0.50,1.70,2,1.70,,,0.50,,,0.60,,,1.70,1.10,1.40,3.10,1,1.30,
2008-12-13 06:30,1.30,-1.55,-0.35,-1.91,0,-1.91,-1.63,-1.10,0.26,-3.22,0.01,-0.99,0.88,-0.31,3.05,-0.25,0.34,0.44,-4.30,-2.31,-2,-0.12,-2.12,,-1.65,-1.60,-2.53,1.75,-1.61,3,-1.14,-4.47,-0.93,-4.05,3.49,3.58,-4.28,-0.15,-0.50,-5.70,1.60,0.48,-1.21,-2.71,-4.20,-2.40,-4.40,-2.52,-4.84,-5.63,-7.04,1.09,0.64,-4.78,-2.55,-5.05,-7.67,-8.20,-6.24,-9.40,-8.46,-10.40,-6,4.43,-8.50,3.06,-0.42,-3.11,-1.90,-3.16,-0.63,-1.46,0.47,-1.21,-1.45,1.49,0.60,-0.84,0.20,-0.30,-1.05,-0.93,0.50,-1.51,-0.29,0.92,-0.17,0.70,1.63,-0.80,-0.66,1.78,1.99,2.10,1.65,1.19,0.28,1.91,0.69,0.70,-0.04,0.37,0.19,1.26,1.20,-0.40,-0.18,1.50,1.81,1.10,-0.17,-0.11,2.12,1.45,0.84,-0.63,-1,-0.05,0.07,,1.10,1.09,0.55,0,1.05,1.90,2.70,-0.01,0.71,0.81,1.10,,-2.40,-0.80,-2.60,-2.30,-4,,,,,,,-0.20,-0.50,,1.20,-1.50,1.90,1.53,,,,,,,,0.40,0.90,1.70,0.70,0.10,,,,,0.90,,1.80,0.40,1.70,2,1.70,,,0.50,,,0.50,,,1.70,1.10,1.30,3.10,0.70,1.30,
2008-12-13 06:40,1.30,-1.55,-0.51,-2,0.26,-1.94,-1.74,-1.30,0.51,-3.37,-0.21,-0.71,0.86,-0.29,3.09,-0.30,0.01,0.46,-4.20,-2.41,-2.03,-0.42,-2.29,,-1.78,-1.70,-2.56,0.99,-1.52,3.10,-1.49,-4.49,-0.85,-3.98,3.65,3.42,-4.21,0.10,-0.65,-5.74,1.50,1.16,-1.20,-2.78,-4.20,-2.46,-4.20,-2.53,-4.69,-5.96,-7,1.26,0.57,-4.86,-2.55,-5.07,-7.91,-8.30,-6.19,-9.40,-8.57,-10.40,-5.73,4.46,-8.38,3.58,-0.42,-3.44,-2.20,-3.26,-0.62,-1.62,0.54,-1.20,-1.14,1.37,0.70,-0.72,0.20,-0.51,-1.09,-0.84,0.43,-1.33,-0.40,0.93,-0.19,0.80,1.53,-0.66,-0.73,1.86,1.88,2.10,1.59,1.22,0.23,1.80,0.77,0.63,-0.02,0.20,0.29,1.26,1.22,-0.23,-0.13,1.50,1.72,1.17,-0.03,-0.12,2.08,1.47,0.81,-0.68,-1,0,0.15,,1.20,1.08,0.57,0.08,1.03,1.95,2.70,0.02,0.48,0.95,1.10,,-2.30,-0.80,-2.70,-2.20,-3.70,,,,,,,-0.10,-0.60,,1.30,-1.50,1.90,1.43,,,,,,,,0.40,1,1.80,0.60,0.10,,,,,1,,1.70,0.30,1.70,2.10,1.70,,,0.50,,,0.40,,,1.70,1.10,1.30,3,0.90,1.40,
2008-12-13 06:50,1.30,-1.70,-0.58,-2.11,0.52,-1.79,-1.76,-1.40,0.65,-3.38,-0.29,-0.57,0.97,-0.36,3.08,-0.07,0.02,0.45,-4.20,-2.40,-2.21,-0.11,-2.51,,-1.87,-1.70,-2.72,0.16,-1.38,3.20,-1.81,-4.41,-0.79,-3.59,3.55,3.38,-4.35,0.08,-0.56,-5.73,1.40,0.38,-1.21,-2.74,-4.60,-2.30,-3.80,-2.49,-4.55,-6,-7.27,1.17,0.54,-4.82,-2.56,-5.05,-8.15,-8.30,-6.49,-9.42,-8.49,-10.30,-5.87,4.11,-8.17,3.28,-0.48,-3.58,-1.90,-3.47,-0.85,-1.81,0.50,-1.13,-1.04,1.30,0.90,-0.84,0.10,-0.46,-1.11,-0.85,0.51,-1.33,-0.43,1.08,-0.13,0.80,1.55,-0.70,-0.79,1.87,1.87,1.90,1.33,1.23,0.31,1.78,0.63,0.58,0.02,0.03,0.29,1.49,1.06,-0.27,0.16,1.60,1.71,1.13,0.31,-0.15,2.18,1.42,0.66,-0.63,-0.80,-0.01,0.21,,1.10,0.93,0.46,0.17,0.95,2.07,2.60,0.17,0.39,0.88,1.20,,-2.50,-0.90,-2.70,-2.20,-3.50,,,,,,,-0.10,-0.70,,1.30,-1.50,1.80,1.30,,,,,,,,0.40,1,1.70,0.60,0.10,,,,,1,,1.60,0.20,1.80,2.10,1.70,,,0.60,,,0.30,,,1.60,1.10,1.40,2.90,1.30,1.40,
2008-12-13 07:00,1.40,-1.85,-0.57,-2.14,1.02,-1.72,-1.77,-1.40,0.83,-3.20,-0.18,-0.67,1.22,-0.20,3.13,0.28,-0.48,1.40,-4.20,-2.35,-2.28,0.54,-2.76,,-1.76,-1.67,-2.89,-0.14,-1.24,3.60,-1.92,-4.37,-0.88,-0.82,3.38,3.40,-4.33,0.49,-0.33,-5.62,1.30,0.41,-1.23,-2.75,-4.70,-2.16,-3.40,-2.39,-4.15,-5.75,-7.20,1.17,0.56,-4.65,-2.52,-5.25,-8.10,-8.30,-6.67,-9.37,-8.53,-10.50,-6,4.22,-7.94,3.24,-0.54,-3.61,-2.10,-3.80,-0.91,-1.87,0.59,-1.14,-1.03,1.29,0.80,-0.82,0.20,-0.32,-1.04,-0.74,0.67,-1.29,-0.35,1.04,-0.10,0.80,1.55,-0.66,-0.78,1.80,1.94,1.90,1.44,1.33,0.30,1.69,0.56,0.67,0.03,0.06,0.10,1.53,0.86,-0.42,0.04,1.60,1.79,1.20,0.57,-0.26,2.25,1.44,0.36,-0.52,-0.70,0.03,0.21,,1.10,1.03,0.38,0.09,1.05,2.19,2.70,0.33,0.56,0.91,1.20,-1.60,-2.50,-0.80,-3,-2.10,-3.10,0.30,-1.80,-3.40,0.10,0.90,1.30,0,-1,-0.80,1.30,-1.50,1.80,1.30,0.30,0,0.70,2.10,2,0.20,-1.20,0.50,1.10,1.80,0.60,0,1.40,0.80,2.20,0.20,1.20,1.80,1.50,0.30,1.80,2.20,1.70,0.50,1.10,0.80,1.10,1.50,0.30,2,1.80,1.60,1.10,1.40,2.90,1.40,1.40,0.80
2008-12-13 07:10,1.40,-1.81,-0.53,-2.13,1.20,-1.66,-1.86,-1.40,1.14,-3.19,-0.10,-0.29,1.34,0.01,3.15,0.93,-0.53,2.27,-4.20,-2.26,-2.34,0.54,-2.39,,-1.66,-1.73,-2.92,-0.15,-1.15,3.80,-1.51,-4.12,-0.91,2.48,4.05,3.62,-4.47,0.84,-0.49,-5.46,1.20,0.06,-1.19,-2.58,-4.60,-2.01,-3.50,-2.29,-4.20,-5.55,-7.16,1.02,0.49,-4.40,-2.28,-4.99,-7.84,-8.20,-6.54,-9.15,-8.33,-10.10,-5.85,4.13,-8.09,3.43,-0.48,-3.74,-2.20,-3.98,-1.23,-2.07,0.57,-1.14,-0.95,1.30,0.60,-0.87,0.29,-0.28,-0.88,-0.70,0.70,-1.30,-0.36,0.91,0,0.80,1.48,-0.49,-0.88,1.76,1.74,1.80,1.50,1.43,0.20,1.74,0.57,0.60,-0.06,0,0.27,1.40,0.78,-0.37,0.17,1.70,1.76,1.24,0.62,-0.36,2.26,1.47,0.24,-0.43,-0.50,0.10,0.29,,1.10,0.72,0.40,0.04,1.19,2.21,2.70,0.39,0.52,0.89,1.20,,-2.50,-0.80,-3,-2.10,-2.70,,,,,,,-0.10,-0.80,,1.30,-1.50,1.70,1.18,,,,,,,,0.60,1.10,1.70,0.50,0,,,,,1.30,,1.40,0.30,1.80,2.20,1.70,,,0.80,,,0.20,,,1.50,1,1.40,2.90,1.30,1.50,
2008-12-13 07:20,1.40,-1.70,-0.62,-2.14,1.40,-1.80,-1.83,-1.30,1.39,-3.19,-0.22,0,1.26,-0.39,3.10,1.28,-0.46,2.09,-4.20,-2.23,-2.33,0.37,-2.29,,-1.58,-1.82,-2.88,0.75,-0.98,3.70,-1.16,-3.76,-0.73,3.54,4.28,3.75,-4.26,1.07,-0.56,-5.36,1.50,-0.08,-1.06,-2.47,-4.30,-1.85,-3.30,-1.83,-3.57,-4.92,-7.08,1.11,0.43,-4.20,-2.06,-4.65,-7.25,-8,-6.51,-8.96,-8.16,-9.90,-5.13,4.12,-8.07,3.61,-0.37,-3.76,-2.30,-4.18,-0.92,-2.46,0.61,-1.14,-1.01,1.32,0.70,-0.78,0.25,-0.40,-0.75,-0.70,0.64,-1.34,-0.27,0.84,-0.01,0.80,1.53,-0.48,-0.99,1.83,1.54,1.80,1.49,1.49,0.15,1.56,0.55,0.65,-0.05,-0.03,0.33,1.57,0.68,-0.37,0.21,1.70,1.72,1.29,0.75,-0.33,2.19,1.49,0.34,-0.40,-0.60,0,0.36,,1,0.91,0.18,0.13,1.07,2.32,2.80,0.20,0.57,0.96,1.20,,-2.60,-0.60,-3,-1.70,-2.70,,,,,,,0,-0.70,,1.30,-1.20,1.40,1.16,,,,,,,,0.70,1.10,1.80,0.50,-0.10,,,,,1.40,,1.30,0.30,1.70,2.20,1.70,,,0.80,,,0.20,,,1.50,1.10,1.40,2.90,1.50,1.50,
2008-12-13 07:30,1.40,-1.53,-0.36,-1.95,1.10,-1.76,-1.84,-1.10,1.69,-3,-0.22,-0.18,1.48,-0.32,3.18,1.84,-0.12,2.05,-4.20,-2.22,-2.29,0.52,-2.41,,-1.48,-1.79,-2.78,2.78,-0.98,3.80,-1.20,-3.36,-0.57,3.91,4.62,3.77,-4.05,1,-0.52,-5.41,1.50,-0.64,-1.10,-2.35,-4,-1.75,-3,-1.42,-0.12,-4.11,-6.62,1.03,0.40,-3.97,-1.92,-4.56,-6.93,-7.70,-6.22,-8.38,-7.64,-9,-4.59,4.11,-7.93,3.59,-0.32,-3.63,-2,-4.06,-1,-2.71,0.65,-1.08,-0.91,1.29,0.70,-0.66,0.29,-0.41,-0.64,-0.50,0.76,-1.40,-0.25,0.74,-0.05,0.80,1.66,-0.38,-1.10,1.79,1.57,1.80,1.45,1.60,0.26,1.60,0.49,0.70,-0.05,-0.06,0.19,1.68,0.56,-0.43,0.31,1.70,1.81,1.31,1.08,-0.32,2.09,1.55,0.32,-0.29,-0.40,0.16,0.34,,1,0.67,0.06,-0.16,1.01,2.36,2.80,0.09,0.40,1.06,1.20,,-2.50,-0.60,-2.60,-1.70,-2.70,,,,,,,0,-0.70,,1.40,-1.10,1.20,1.20,,,,,,,,0.80,1.10,1.80,0.40,-0.20,,,,,1.40,,1.40,0.20,1.80,2.20,1.80,,,0.90,,,0.20,,,1.40,1.10,1.40,2.90,1.70,1.60,
2008-12-13 07:40,1.30,-1.27,-0.28,-1.78,0.90,-1.78,-2.03,-0.90,1.89,-2.77,0.08,0.14,1.72,0.04,3.22,2.22,0.46,1.93,-4.10,-2.28,-2.44,0.79,-2.40,,-1.39,-1.75,-2.77,3.59,-0.86,3.80,-0.90,-2.93,-0.42,4.30,4.79,4.06,-3.85,1.36,0.03,-5.06,1,-0.08,-0.88,-2.29,-3.40,-1.70,-2.40,-1.26,1.64,-3.42,-6.22,0.90,0.42,-3.65,-1.79,-4.50,-6.55,-7.30,-5.86,-7.75,-7.32,-8.50,-4.17,4.10,-7.74,2.79,-0.35,-3.56,-2,-4,-1.01,-3.34,0.66,-0.95,-0.81,1.34,0.70,-0.61,0.24,-0.18,-0.59,-0.50,0.87,-1.44,-0.26,0.72,-0.02,0.80,1.68,-0.25,-1.13,1.69,1.72,1.90,1.35,1.66,0.18,1.60,0.46,0.72,-0.04,-0.05,0.25,1.69,0.57,-0.49,0.38,1.80,1.91,1.33,1.35,-0.37,2.20,1.44,0.26,-0.01,-0.40,0.10,0.40,,0.90,0.78,-0.04,0.01,0.85,2.45,2.90,0.02,0.50,1.10,1.10,,-2.50,-0.20,-2.30,-1.40,-3,,,,,,,0,-0.70,,1.40,-0.90,1.10,1.14,,,,,,,,0.90,1.20,1.80,0.40,-0.20,,,,,1.50,,1.30,0.10,1.70,2.20,1.90,,,0.90,,,0.10,,,1.40,1.20,1.50,3,1.80,1.70,
2008-12-13 07:50,1.30,-1.11,-0.38,-1.74,1.30,-1.82,-2.10,-1,2.09,-2.55,0.38,0.76,1.93,0.46,3.35,2.14,0.95,2.61,-4,-1.77,-2.44,0.98,-2.16,,-1.37,-1.64,-2.71,4.25,-0.82,3.70,-1.07,-2.69,-0.42,4.58,4.86,4.18,-3.53,1.86,0.43,-4.85,0.90,-0.01,-0.74,-1.60,-2.80,-1.64,-2,-0.79,2.77,-3.08,-6.07,1.02,0.27,-3.29,-1.56,-4.53,-6,-6.80,-4.96,-6.60,-6.78,-7.70,-3.55,4.22,-7.70,2.72,-0.60,-3.53,-2,-3.95,-1.07,-3.35,0.69,-0.90,-0.64,1.45,0.70,-0.66,0.32,0.01,-0.37,-0.40,0.90,-1.34,-0.23,0.75,0,0.90,1.84,-0.23,-1.09,1.62,1.56,1.90,1.23,1.72,0.15,1.50,0.41,0.78,-0.06,-0.08,0.30,1.64,0.82,-0.55,0.44,1.80,1.96,1.35,1.41,-0.58,2.27,1.46,0.35,0.04,-0.30,0.30,0.38,,0.80,0.58,-0.14,0.05,1.04,2.49,2.90,0.04,0.06,1.21,0.90,,-1.70,-0.50,-1.90,-1.30,-2.50,,,,,,,-0.10,-0.80,,1.40,-0.60,1,1.08,,,,,,,,1,1.30,1.70,0.30,-0.10,,,,,1.60,,1.30,0.20,1.80,2.30,1.90,,,1,,,0,,,1.40,1.20,1.70,3,1.80,1.70,
2008-12-13 08:00,1.20,-0.92,-0.18,-1.67,1.70,-1.76,-2.13,-1.10,2.06,-2.44,0.73,0.98,2.07,0.46,3.53,2.13,0.79,2.52,-3.70,-1.14,-1.67,1.11,-1.85,,-1.35,-1.56,-2.61,5.04,-0.61,3.60,-0.99,-2.56,-0.22,4.64,4.81,4.39,-2.87,2.50,0.70,-4.86,1.50,1.74,-1.14,-1.16,-2.20,-1.56,-1.80,-0.52,3.15,-2.46,-5.61,1.06,0.26,-3.02,-1.36,-4.27,-5.38,-6.20,-4.02,-5.56,-6.18,-6.40,-3.03,3.98,-7.75,2.95,-0.58,-3.23,-1.90,-3.61,-1.03,-3.23,0.72,-0.82,-0.49,1.49,0.70,-0.55,0.26,0.09,-0.17,-0.40,1.12,-1.21,-0.26,0.75,0,0.90,2.13,-0.28,-1.11,1.51,1.49,1.80,1.30,1.72,0.12,1.41,0.44,0.79,-0.07,-0.07,0.26,1.62,0.76,-0.52,0.54,1.90,1.96,1.33,1.41,-0.57,2.19,1.57,0.50,0.13,-0.40,0.41,0.46,,0.70,0.46,-0.19,0,1,2.42,2.90,0.12,-0.10,1.30,0.80,-1.10,-1.10,-0.60,-2,-1.20,-1.80,0.20,-1.80,-3.20,0,0.90,1.30,0,-0.60,-0.60,1.40,-0.20,1,1,,0.30,1.10,2.50,2.30,0,-0.40,1.10,1.40,1.60,0.30,-0.30,1.60,0.90,2.40,0.30,1.60,2,1.20,0,1.90,2.30,1.90,0.70,1.30,1,1.40,1.60,0,2.20,1.90,1.50,1.20,1.80,3.10,1.10,1.70,0.40
2008-12-13 08:10,1.20,-0.70,-0.03,-1.43,2.26,-1.78,-2.11,-1.20,2.20,-2.49,0.86,1.34,2.21,0.41,3.93,2.22,1.17,2.70,-3.20,-0.37,-0.29,1.57,-1.08,,-1.25,-1.63,-2.49,5.07,-0.35,3.50,-0.45,-1.80,-0.23,4.67,4.98,4.85,-2.74,3.75,1.17,-4.45,1.10,1.59,-1.25,-1.03,-2.10,-1.33,-1.50,-0.59,3.80,-1.97,-5.04,1.13,0.34,-2.52,-1.24,-3.92,-4.85,-5,-4.01,-4.84,-5.61,-5.90,-2.46,4.03,-7.52,2.74,-0.54,-2.81,-1.90,-3.38,-0.94,-3.05,0.70,-0.73,-0.39,1.45,0.70,-0.52,0.24,0.02,-0.05,-0.30,1.14,-1.29,-0.11,0.75,0.02,0.90,2.29,-0.28,-1.18,1.45,1.40,1.80,1.32,1.76,0.18,1.48,0.36,0.74,-0.02,-0.04,0.31,1.56,0.72,-0.61,0.55,1.90,2,1.43,1.53,-0.59,2.21,1.58,0.46,0.26,-0.40,0.47,0.51,,0.50,0.44,-0.26,-0.23,1.01,2.24,2.80,0.23,-0.08,1.38,0.70,,-0.70,-0.80,-1.60,-0.90,-1.50,,,,,,,0,-0.50,,1.40,0.10,1,1.07,,,,,,,,1.20,1.30,1.50,0.30,-0.30,,,,,1.70,,1.10,-0.10,1.90,2.30,1.90,,,1,,,0,,,1.50,1.30,1.80,3.10,0.30,1.80,
2008-12-13 08:20,1.20,-0.62,-0.14,-1.37,2.78,-1.69,-2.16,-1.30,2.09,-2.37,0.67,1.79,2.32,0.09,4.33,2.77,1.70,2.89,-2.70,0.25,0.95,1.63,0.09,,-1.13,-1.55,-2.41,5.31,-0.20,4,0.13,-1.15,-0.33,4.76,4.99,4.90,-2.40,4.49,1.10,-4.19,0.70,0.84,-1.10,-0.59,-1.60,-1.26,-1.10,-0.63,3.98,-2.05,-4.09,1.11,0.42,-2.05,-1.22,-3.30,-4.14,-4,-3.46,-4.29,-4.84,-4.90,-2.07,4.04,-7.29,3.40,-0.54,-2.41,-1.50,-3.09,-0.80,-3,0.66,-0.77,-0.33,1.51,0.70,-0.49,0.18,0.07,-0.07,-0.30,1.14,-1.16,-0.03,0.55,0.22,1,2.48,-0.06,-1.08,1.42,1.30,1.80,1.12,1.87,0.29,1.46,0.26,0.73,-0.10,-0.03,0.33,1.48,0.60,-0.44,0.52,1.90,1.99,1.53,1.67,-0.63,2.33,1.61,0.52,0.26,-0.30,0.53,0.53,,0.50,0.27,-0.40,-0.25,1.18,2.28,2.90,0.32,0.04,1.49,0.80,,0.40,-0.40,-1.20,-0.60,-1,,,,,,,0.10,-0.30,,1.30,0.20,0.90,1.13,,,,,,,,1.30,1.40,1.60,0.30,-0.30,,,,,1.70,,1,-0.20,1.90,2.30,1.90,,,1.10,,,0,,,1.60,1.40,1.90,3.20,0,1.80,
2008-12-13 08:30,1.20,-0.51,0.01,-1.27,3.38,-1.52,-2.11,-1.20,1.42,-2.31,0.38,1.79,2.53,0.19,4.16,3.43,2.48,2.75,-1.80,0.91,1.52,1.58,0.93,,-0.91,-1.56,-2.43,5.52,-0.11,4.50,0.55,-0.94,-0.16,4.76,4.89,5.18,-1.86,4.61,0.79,-4.04,1.40,0.15,-1.09,-0.12,-1.20,-1.10,-0.70,-0.56,4.24,-1.59,-3.87,1.08,0.44,-1.54,-1.17,-2.40,-3.90,-3,-2.72,-3.44,-4.31,-3.90,-1.58,3.97,-6.84,3.79,-0.57,-2.41,-1.10,-3.05,-0.58,-2.96,0.63,-0.79,-0.33,1.50,0.80,-0.51,0.17,0.16,-0.06,-0.30,1.20,-1.17,0.09,0.63,0.21,1.10,2.63,0.02,-1.14,1.45,1.24,1.80,1.17,2.20,0.28,1.53,0.24,0.73,-0.18,-0.10,0.36,1.61,0.64,-0.56,0.52,2,1.90,1.51,1.76,-0.61,2.37,1.55,0.32,0.28,-0.10,0.57,0.53,,0.40,0.28,-0.41,-0.31,0.99,2.37,3,0.47,0.12,1.43,0.70,,0.90,-0.50,-0.90,-0.40,-0.70,,,,,,,0.20,-0.20,,1.20,0.50,0.80,1.15,,,,,,,,1.30,1.40,1.60,0.30,-0.40,,,,,1.70,,1,-0.40,1.90,2.30,1.90,,,1.10,,,0,,,1.70,1.40,1.90,3.30,0,1.90,
2008-12-13 08:40,1.10,-0.37,0.26,-0.95,3.87,-1.52,-2.16,-1.20,1.58,-2.23,0.25,1.32,2.55,0.38,3.81,4.21,3.15,2.80,-1.40,1.48,1.90,1.83,0.92,,-0.83,-1.41,-2.34,5.25,0.17,4.60,0.04,-0.05,0.05,4.75,5.13,5.33,-0.84,5.23,0.76,-3.74,2.40,0.35,-1.13,0.34,-1,-0.95,-0.10,-0.36,4.40,-1.24,-3.56,1.25,0.43,-1.09,-1.14,-2.26,-3.22,-1.90,-2.11,-2.91,-3.65,-3,-1.10,4,-6.31,3.98,-0.60,-2.36,-0.60,-2.47,-0.33,-2.72,0.72,-0.73,-0.13,1.61,0.80,-0.45,0.16,0.21,0.06,-0.20,1.28,-1.12,0.12,0.54,0.34,1.20,2.73,0.02,-1.14,1.33,1.15,1.70,1.34,2.15,0.19,1.52,0.23,0.74,-0.04,-0.08,0.27,1.55,0.65,-0.39,0.63,1.90,1.85,1.62,1.61,-0.46,2.36,1.65,0.58,0.36,0,0.62,0.59,,0.30,0.29,-0.30,-0.49,1.01,2.60,3,0.72,0.23,1.64,0.70,,1.70,-0.50,-0.30,-0.10,-0.80,,,,,,,0.30,-0.10,,1.20,0.90,0.80,1.13,,,,,,,,1.40,1.40,1.50,0.30,-0.60,,,,,1.70,,1,-0.40,2,2.30,2,,,1.10,,,-0.10,,,1.80,1.50,2,3.30,0.20,1.80,
2008-12-13 08:50,1.10,-0.29,0.49,-0.49,3.87,-1.58,-2.14,-1.20,2.29,-2.14,0.17,1.24,2.75,0.58,4.17,4.46,3.43,2.88,-0.90,2.04,1.99,2.16,1.72,,-0.58,-1.27,-2.32,5.14,0.49,4.50,0.29,0.58,0.35,4.83,5.34,5.43,-0.14,5.52,1.32,-3.44,2.60,-0.12,-0.97,0.91,-0.60,-0.73,0,-0.22,4.20,-1.19,-2.94,1.27,0.43,-0.39,-0.98,-1.81,-2.83,-1.20,-1.59,-2.32,-3.48,-2.70,-0.60,4.07,-5.96,4.19,-0.69,-1.69,-0.30,-0.93,-0.20,-2.35,0.83,-0.62,-0.09,1.73,0.80,-0.33,0.30,0.50,0.17,-0.20,1.34,-1.06,0.21,0.63,0.30,1.40,2.94,0.23,-1.29,1.20,1.13,1.70,1.17,2.03,0.34,1.55,0.36,0.73,0.02,-0.08,0.42,1.60,0.73,-0.20,0.74,2.10,1.78,1.63,1.77,-0.54,2.35,1.63,0.63,0.46,0.20,0.77,0.62,,0.40,0.23,-0.52,-0.42,1.11,2.78,3.10,0.89,0.52,1.69,0.60,,2.20,-0.70,-0.20,0.10,-0.30,,,,,,,0.40,0,,1.30,1.10,0.80,1.30,,,,,,,,1.40,1.50,1.60,0.40,-0.60,,,,,1.70,,0.90,-0.50,2,2.30,2,,,1.20,,,-0.10,,,1.80,1.60,2.20,3.40,0.40,1.80,
2008-12-13 09:00,1.10,-0.26,1.21,-0.27,4.19,-1.33,-2.12,-1.10,1.99,-1.94,0.26,1.60,2.66,1.17,5.04,4.67,3.37,2.88,-0.20,2.12,2.16,1.80,2.15,,-0.21,-1.10,-2.28,5.39,0.72,4.60,0.66,1.21,0.42,5.07,5.44,5.64,-0.02,5.72,1.86,-3.18,3,-0.41,-0.91,1.22,-0.10,-0.62,0.50,0.05,4.39,0.42,-2.06,1.33,0.33,0.14,-0.95,-1.07,-2.45,-0.50,-1.07,-1.79,-2.72,-1.90,-0.49,4.01,-5.60,4.26,-0.75,-1.34,-0.30,0.95,0.05,-2.09,0.80,-0.56,-0.07,1.57,0.80,-0.33,0.27,0.56,0.30,0,1.40,-1.14,0.31,0.64,0.22,1.60,2.95,0.38,-1.15,1.27,1.11,1.80,1.32,1.91,0.36,1.50,0.31,0.73,0.11,-0.09,0.35,1.48,0.77,-0.05,0.75,2,1.69,1.71,1.84,-0.71,2.48,1.45,0.75,0.57,0.30,0.81,0.65,,0.30,0.06,-0.52,-0.43,1.10,2.90,3.20,0.99,0.76,1.93,0.50,-1.20,3.20,-0.70,0,0.50,0.10,0.10,0.30,-2.60,0.10,0.30,1.40,0.60,0.10,-0.10,1,1.30,0.90,1.20,0.20,0.90,1.50,2.40,2.40,0,0.10,1.60,1.50,1.60,0.50,-0.30,1.80,1.10,2.60,0.90,1.60,1.90,0.90,-0.50,2.10,2.50,2.20,1.20,1.90,1.20,1.30,,-0.10,2.40,2.30,1.90,1.60,2.40,3.70,0.60,1.80,-0.20
2008-12-13 09:10,1.10,-0.22,1.13,0.04,4.23,-1.46,-2.15,-1.10,2.66,-1.90,0.41,2.85,2.74,1.68,5.46,4.51,3.34,3.11,0.50,2.76,2.33,2.02,2.62,,0.05,-0.95,-2.18,5.03,0.70,4.60,1.02,1.59,0.32,5.03,5.74,5.95,0.06,6,2.37,-2.93,3.20,-0.30,-0.95,1.53,0.40,-0.35,0.80,0.29,4.78,4.19,-1.34,1.43,0.36,0.67,-0.87,-0.68,-1.77,-0.60,-0.82,-1.13,-2.34,-1.80,-0.51,3.94,-5.03,4.34,-0.66,-1.35,-0.10,1.64,0.40,-1.57,0.87,-0.57,-0.08,1.57,0.90,-0.35,0.19,0.41,0.41,0.20,1.60,-1.13,0.41,0.63,0.33,1.90,2.82,0.65,-1.23,1.26,1.22,1.90,1.42,1.96,0.27,1.43,0.33,0.67,-0.05,-0.03,0.32,1.53,0.63,0.09,0.88,2.10,1.66,1.67,1.81,-0.81,2.41,1.45,0.93,0.67,0.40,0.70,0.70,,0.30,0.13,-0.50,-0.26,1.14,2.98,3.20,1.13,0.96,2.04,0.50,,2.70,-0.90,0.60,1,0.40,,,,,,,0.80,0.20,,1,1.40,1,1.35,,,,,,,,1.60,1.60,1.60,0.50,-0.20,,,,,1.60,,0.70,-0.50,2.10,2.50,2.20,,,1.20,,,-0.10,,,2,1.70,2.50,3.70,0.70,1.80,
2008-12-13 09:20,1.10,-0.26,1.84,0.22,4.09,-1.31,-2.07,-1,3.63,-1.91,0.65,3.76,2.47,2.77,5.69,3.84,3.30,3.27,1,3.28,2.70,2.26,3.04,,0.37,-0.69,-2.11,4.84,0.98,4.60,1.48,1.76,0.43,5.34,5.92,5.95,1.64,6.23,2.56,-2.33,3.30,-0.72,-1.09,1.92,1.10,-0.08,1.10,0.45,4.96,5.35,-0.75,1.24,0.27,1.25,-0.97,-0.75,-1.10,-0.50,-0.09,-0.48,-2.12,-0.80,-0.08,3.98,-4.55,4.55,-0.65,-0.38,0.20,1.98,0.61,-1.08,0.93,-0.53,0.01,1.70,0.90,-0.29,0.29,0.70,0.58,0.40,1.75,-1.02,0.50,0.61,0.42,1.80,3.15,0.84,-1.56,1.34,1.28,2,1.49,2.01,0.19,1.49,0.32,0.69,0.03,0.07,0.39,1.48,0.51,0.08,1.01,2.10,1.62,1.65,1.78,-0.86,2.52,1.40,1.16,0.80,0.50,0.90,0.71,,0.20,0.24,-0.56,-0.42,1.37,3.03,3.20,1.26,1.03,2,0.30,,2.70,0,1,1.30,0.70,,,,,,,0.80,0.30,,1,1.70,0.90,1.43,,,,,,,,1.60,1.70,1.60,0.50,-0.50,,,,,1.60,,0.60,-0.40,2.20,2.60,,,,1.20,,,-0.10,,,2.10,2,2.60,3.80,0.90,1.80,
2008-12-13 09:30,1.30,-0.30,2.57,0.44,4.71,-1.05,-2.01,-0.80,4.30,-1.84,1.38,4.50,2.57,3.36,5.87,3.62,3.57,3.32,1.20,3.21,2.74,2.35,3.79,,0.70,-0.31,-1.96,4.81,1.27,4.60,1.78,2,0.52,5.56,6,6.05,4.18,6.37,2.61,-2.22,3.10,-0.81,-0.88,2.54,1.20,0.23,1.20,0.55,5.10,5.76,0.10,1.35,0.24,1.62,-0.79,-0.73,-0.36,-0.10,0.30,0.06,-1.78,-0.80,0.74,4.03,-4.05,4.57,-0.63,0.15,0.30,2.18,1.07,-1.02,0.95,-0.54,0,1.78,0.90,-0.18,0.32,0.60,0.73,0.50,1.78,-1.04,0.90,0.54,0.54,1.90,3.07,1.02,-1.59,1.34,1.08,2.40,1.46,2,0.24,1.44,0.27,0.71,-0.02,0.01,0.37,1.56,0.58,0.07,1.02,2.10,1.63,1.73,1.91,-0.91,2.55,0.97,1.19,0.93,0.70,0.82,0.72,,0.30,0.14,-0.51,-0.74,1.40,3.14,3.30,1.56,1.13,2.10,0.30,,3.60,-0.40,1.60,1.50,1,,,,,,,0.80,0.20,,1.10,1.70,0.90,1.38,,,,,,,,1.70,1.80,1.60,0.40,-0.60,,,,,1.60,,0.60,-0.50,2.20,2.80,2.30,,,1.30,,,-0.20,,,2.10,2.20,2.70,3.70,1,1.80,
2008-12-13 09:40,1.20,-0.24,3.04,0.60,5.23,-0.92,-1.99,-0.80,3.89,-1.76,1.24,5.01,3.07,4.09,6.11,3.87,4.12,3.23,1,3.02,3.05,2.24,4.34,,0.94,-0.01,-1.88,4.94,1.48,5,2.09,2.62,0.62,5.76,6.18,6.23,5.62,6.42,2.72,-1.62,3.60,-0.65,-1.17,4.29,2,0.64,1.60,0.48,5.37,6.06,0.79,1.37,0.24,2.11,-0.65,-0.34,-0.29,0.20,0.08,0.58,-0.63,-0.40,1.75,3.97,-3.66,4.24,-0.52,0.02,0.50,2.44,1.30,-1.10,1,-0.47,0.05,1.85,0.90,-0.13,0.35,0.64,0.91,0.70,1.95,-0.86,1.20,0.37,0.86,2.20,2.96,1.20,-1.44,1.30,1.16,2.60,1.35,2.02,0.26,1.32,0.29,0.70,0.12,0.08,0.33,1.53,0.32,0.14,1.19,2.10,1.61,1.72,1.91,-0.84,2.50,0.78,1.28,1.06,0.80,0.94,0.77,,0.30,0.03,-0.51,-0.50,1.63,3.10,3.30,1.88,1.53,1.98,0.30,,3.30,-0.10,2.30,1.90,1.30,,,,,,,0.90,0.40,,1.10,1.90,0.90,1.38,,,,,,,,1.80,1.80,1.60,0.40,-0.60,,,,,1.60,,0.60,-0.40,2.30,2.80,2.20,,,1.30,,,-0.20,,,2.20,2.50,2.50,3.80,1.20,1.80,
2008-12-13 09:50,1.20,-0.20,3.26,0.62,5.45,-0.86,-1.98,-0.80,3.42,-1.65,1.44,4.49,3,4.55,6.30,4.18,4.69,3.32,1.60,3.16,4.01,1.89,4.86,,1.32,0.32,-1.93,4.88,1.80,5.10,2.58,3.80,0.66,5.83,6.17,6.50,6.16,6.37,3.16,-1.62,3.60,-0.03,-1.06,5.91,2.80,0.93,1.70,0.55,5.25,6.10,2.17,1.32,0.32,2.49,-0.43,0.39,-0.30,1.30,0.63,1.02,0.23,-0.30,2.35,3.66,-3.26,4.40,-0.45,0.14,0.70,2.70,1.62,-0.84,1.21,-0.43,0.13,1.83,0.90,-0.18,0.26,0.83,1,0.80,2.12,-0.78,1.59,0.47,1.25,2.10,2.98,1.42,-1.61,1.40,1.37,2.60,1.53,2.17,0.63,1.33,0.29,0.71,0.26,0.07,0.41,1.55,0.29,0.18,1.26,2.20,1.47,1.61,1.81,-0.51,2.61,0.68,1.58,1.09,1,0.96,0.72,,0.20,-0.05,-0.61,-0.68,1.81,3,3.30,2.09,1.71,1.85,0.30,,3.90,0.10,2.60,1.90,1.50,,,,,,,0.90,0.30,,1.10,2.20,1,1.46,,,,,,,,1.80,1.90,1.60,0.50,-0.60,,,,,1.70,,0.60,-0.40,2.30,2.80,2.30,,,1.30,,,-0.40,,,2.40,2.60,2.30,3.90,1.40,1.80,
2008-12-13 10:00,1.20,-0.17,3.88,0.49,5.56,-0.59,-1.93,-0.80,4.11,-1.53,1.72,2.37,3.29,4.35,6.31,3.74,4.78,3.30,2.20,3.98,4.21,2.02,5.02,,1.68,0.54,-1.72,4.81,1.97,5.40,3,4.09,0.56,5.69,6.28,6.42,6.32,6.57,3.59,-0.96,4,0.01,-0.63,6.55,3.80,1.19,2,0.70,5.29,6.24,3.03,1.50,0.39,2.72,-0.28,0.70,-0.03,1.70,1.06,1.49,0.85,0,2.70,3.60,-2.84,4.23,-0.36,0.31,0.70,2.85,1.90,-0.93,1.44,-0.49,0.02,1.76,1,-0.07,0.31,1.07,1.13,0.90,2.30,-0.48,1.69,0.42,1.35,2,3,1.50,-1.51,1.31,1.42,2.50,1.93,2.41,0.62,1.19,0.35,0.64,0.42,0.10,0.51,1.59,0.31,0.19,1.33,2.20,1.51,1.62,1.70,-0.61,2.75,0.59,1.55,1.23,1.20,0.99,0.82,,0.20,-0.08,-0.66,-0.70,1.90,2.96,3.30,2.24,1.70,1.96,0.30,-1,4.60,0.20,2.80,2,1.80,0.20,1.80,-2.20,0.20,0.50,1.40,0.90,0.30,1.30,1.50,2.40,1,1.40,0.20,1.40,2,2.30,2.30,0.40,0.50,1.80,1.90,1.50,0.40,-0.40,2.20,1.40,3.40,1.90,1.70,1.80,0.60,-0.40,2.50,3,2.50,1.80,2.30,1.30,1,1.60,-0.40,2.80,2.50,2.50,2.70,2.30,3.70,1.60,1.70,-0.40
2008-12-13 10:10,1.30,-0.19,4.33,0.24,5.90,-0.03,-1.88,-0.80,4.31,-1.45,1.86,1.62,3.76,4.63,6.60,3.59,4.85,2.99,2.90,3.60,4.32,2.28,4.76,,1.82,0.75,-1.67,5.38,2.40,5.90,3.51,3.93,0.08,5.71,6.31,6.50,6.18,6.33,3.30,-0.27,3.90,-0.38,-1.23,6.05,4.60,1.46,2.10,0.97,5.09,6.38,3.99,1.43,0.38,2.96,-0.30,0.93,0.20,2,1.16,2.17,1.16,1,3.17,3.69,-2.40,4.24,-0.24,0.19,0.80,2.97,2.26,-0.74,1.40,-0.73,-0.08,1.85,0.90,-0.09,0.22,1.32,1.29,1.30,2.21,-0.22,1.81,0.52,1.48,2.40,3.38,1.71,-1.49,1.84,1.42,2.60,1.85,2.47,0.47,1.13,0.31,0.51,0.28,0.15,0.58,1.54,0.34,0.33,1.45,2.20,1.39,1.71,1.69,-0.54,2.71,0.73,1.78,1.35,1.30,1.14,0.74,,0.30,-0.04,-0.69,-0.67,1.98,3.02,3.10,2.27,1.73,1.91,0.30,,4.10,-0.40,3.10,2.20,2.10,,,,,,,1.40,0.40,,1.50,2.50,1,1.46,,,,,,,,1.80,2,1.50,0.40,-0.30,,,,,1.80,,0.60,-0.30,2.50,3,2.50,,,1.30,,,-0.40,,,2.50,2.80,2.50,3.60,1.80,1.70,
2008-12-13 10:20,1.20,-0.22,4.67,0.18,6.20,0.26,-1.78,-0.80,4.18,-1.36,2.02,1.57,3.63,4.84,6.15,3.58,4.70,3.46,3.30,3.52,4.67,2.81,4.89,,2.01,1.01,-1.46,5.99,2.50,6,4.27,4.33,-0.30,5.78,6.11,5.92,5.88,5.85,3.44,0.15,3.10,-0.67,-1.16,6.71,4.70,1.49,2.40,1.26,5.04,6.40,3.60,1.12,0.37,3.31,-0.30,1.15,0.49,2.30,1.09,2.71,1.82,2.30,2.97,3.55,-1.97,4.46,-0.10,0.39,0.80,2.66,2.60,-0.69,1.27,-0.64,0.04,1.94,0.90,-0.10,0.32,1.39,1.47,1.70,1.79,-0.07,2.15,0.43,1.54,2.80,3.45,1.91,-1.53,1.86,1.47,2.70,2.20,2.33,0.72,1.15,0.33,0.62,0.40,0.10,0.69,1.71,0.41,0.26,1.54,2.20,1.54,1.64,1.69,-0.42,2.69,0.80,2.03,1.39,1.40,1.28,0.70,,0.20,0.03,-0.61,-0.77,1.99,3.17,3,2.45,1.95,1.87,0.20,,4.90,0,3.50,2.50,2,,,,,,,1.30,0.50,,1.50,2.80,1,1.31,,,,,,,,1.90,2,1.50,0.40,-0.30,,,,,1.80,,0.60,-0.30,2.60,3,2.80,,,1.30,,,-0.40,,,2.60,2.90,2.80,3.40,2,1.60,
2008-12-13 10:30,1.20,-0.02,4.92,0.15,6.50,0.50,-1.75,-0.80,4.41,-1.33,1.68,0.86,2.91,5.36,6.21,3.95,4.49,2.69,3.30,3.73,5.12,2.74,4.83,,2.38,1.16,-1.32,6.08,2.99,5.80,5.47,4.94,-0.42,5.79,6.12,5.88,6.36,5.85,3.50,0.72,3.10,-1.06,-0.86,7.01,4.80,1.74,2.60,1.68,4.93,6.57,3.95,0.98,0.41,3.68,-0.23,1.64,0.92,2.60,2.07,2.74,1.90,2.70,2.88,3.62,-1.27,4.42,0.06,0.80,0.90,2.28,2.68,-0.72,1.24,-0.48,0.24,1.84,0.90,0.01,0.32,1.44,1.77,2.30,2,-0.02,2.31,0.32,1.55,2.80,3.59,2.09,-1.61,2.38,1.59,3.10,1.74,2.41,0.74,1.18,0.37,0.64,0.31,0.15,0.79,1.72,0.36,0.32,1.50,2.20,1.54,1.61,1.56,-0.31,2.86,0.89,2.21,1.43,1.60,1.30,0.68,,0.20,-0.04,-0.61,-0.76,2,3.29,2.70,2.49,2.12,1.86,0,,5,-0.20,3.90,2.70,1.90,,,,,,,1.30,0.90,,1.60,3.10,1.10,1.33,,,,,,,,1.90,2.10,1.50,0.40,-0.60,,,,,1.90,,0.70,-0.20,2.60,3,3.20,,,1.30,,,-0.30,,,2.70,3,2.90,3.20,2.10,1.60,
2008-12-13 10:40,1,-0.05,5.38,0.36,6.60,0.98,-1.78,-0.80,3.79,-1.35,1.66,0.04,2.78,5.43,6.20,3.93,4.48,3.25,3.20,3.99,4.29,2.84,5.01,,2.69,1.03,-1.32,5.94,3.11,6,5.68,5.47,-0.24,5.79,6.04,5.99,7.05,6.04,3.49,0.90,2.90,-0.08,-0.74,6.99,5.10,1.97,3,1.77,4.68,6.79,3.72,0.99,0.35,3.96,-0.22,2.09,1.72,3,2.76,3.15,2.21,2.80,3.58,3.61,-0.39,4.25,0.08,1.34,1.20,2.28,2.76,-1.06,1.18,-0.29,0.19,2.13,1,-0.11,0.31,1.59,1.89,2.20,2.09,0.08,2.78,0.20,1.61,3.10,3.69,2.19,-1.62,2.89,1.49,3,1.91,2.41,0.47,1.17,0.55,0.69,0.56,0.27,0.75,1.59,0.49,0.45,1.66,2.20,1.47,1.61,1.60,-0.68,2.93,0.95,2.26,1.42,1.70,1.34,0.65,,0.10,0.12,-0.63,-0.73,2.03,3.42,2.20,2.61,2.09,1.79,0,,5.10,-0.80,4.30,2.80,2.30,,,,,,,1.40,1.30,,1.80,3.50,1,1.33,,,,,,,,2,2.30,1.60,0.40,-0.70,,,,,1.90,,0.70,-0.30,2.70,2.90,3.40,,,1.30,,,0.10,,,2.80,3.10,2.80,3,2.20,1.50,
2008-12-13 10:50,1,-0.10,5.79,0.43,6.70,1.24,-1.74,-0.70,3.36,,1.67,-0.05,2.74,5.19,6.55,4.18,4.23,3.35,2.80,3.97,3.95,2.90,5.17,,2.82,0.88,-1.24,5.99,3.35,5.90,5.49,6.14,-0.28,5.75,6.11,6.45,7.18,6.69,3.92,1.72,2.80,-0.57,-0.61,6.98,6.10,2.06,3.10,1.84,4.43,6.88,3.75,0.89,0.22,3.94,0.22,2.14,2.19,3.50,2.33,3.34,2.62,2.80,3.94,3.48,-0.50,4.48,0.11,1.84,1.40,2.44,2.79,-0.90,1.24,-0.27,0.20,2.04,1,-0.03,0.26,1.92,2.09,1.60,2.45,0.29,3.06,0.30,1.56,3.10,3.67,2.44,-1.72,2.46,1.65,2.80,1.95,3.74,0.44,1.18,0.63,0.72,0.76,0.26,0.78,1.76,0.58,0.72,1.70,2.20,1.41,1.57,1.55,-0.82,3.10,1.06,2.40,1.46,1.70,1.24,0.60,,0.10,-0.06,-0.58,-0.78,2.14,3.56,1.60,2.68,2.17,1.81,-0.20,,5,-1.50,4.60,2.90,2.30,,,,,,,1.30,1.60,,1.30,3.70,1,1.45,,,,,,,,2,2.20,1.60,0.40,-0.20,,,,,1.90,,0.70,0.40,2.90,2.90,3.60,,,1.30,,,0,,,2.90,3.20,2.90,2.80,2.20,1.40,
2008-12-13 11:00,1,0.02,4.76,0.63,6.60,1.06,-1.61,-0.40,3.40,-1.13,1.78,-0.28,2.72,5.34,6.97,4.99,4.18,3.56,2.80,4.23,4.53,3.16,5.41,,3.09,0.85,-1.01,6.04,3.83,5.70,5.39,7.14,0,5.64,5.84,6.87,7.34,6.58,4.47,1.81,2.90,-0.75,-0.68,7.02,5.50,2.03,3.20,1.97,4.80,6.95,3.56,0.97,0.05,3.89,0.47,2.51,2.02,4,2.34,3.60,3.01,2.70,4.13,3.39,-0.60,4.59,0.23,2.19,1.70,2.62,2.50,-1.06,1.37,-0.37,0.29,2.04,1,0.12,0.21,1.95,2.41,1.30,2.36,0.52,2.44,0.17,1.79,3,3.79,2.62,-1.85,2.60,1.83,2.90,1.77,3.20,0.38,1.38,0.63,0.74,0.38,0.28,0.97,1.70,0.52,0.98,1.69,2.20,1.46,1.56,1.43,-0.85,3.11,1.24,2.44,1.43,1.80,1.08,0.58,,0.10,-0.11,-0.57,-0.72,2.19,3.55,1.30,2.67,2.35,1.76,-0.30,-1.40,5.60,-3.90,4.70,3.10,2.50,0.10,2.50,-3,0.30,1,0.90,1.30,2,1.90,1.30,3.80,0.90,1.10,0.20,1.70,2.20,2.40,1.50,0.70,1,2,2.30,1.60,0.30,0.10,2.40,1.80,2.10,2.10,1.90,1.50,0.70,0.50,2.90,2.90,3.40,,2.30,1.30,0.80,1.10,-0.40,3.60,3.90,3.10,3.20,2.90,2.20,2.20,1.30,-0.40
2008-12-13 11:10,0.80,0.04,4.28,0.81,6.90,0.95,-1.63,-0.50,3.38,-1.07,1.95,-0.53,2.74,5.61,7.12,5.61,4.25,2.82,2.90,4.42,4.51,3.32,5.61,,3.20,0.97,-0.72,6.18,4.38,5.50,5.36,7.50,0.44,5.56,6.04,7.01,7.27,6.85,4.73,2.27,2.80,-0.72,-0.56,6.36,5.70,2.26,3.30,2.13,5.29,7.01,4.07,1.13,0.01,3.74,0.48,2.63,2.32,4.10,3.03,4.15,3.09,3.20,4.46,3.32,-0.57,4.45,0.26,2.70,1.90,2.97,2.12,-1.10,1.33,-0.48,0.43,2.08,1,0.18,0.30,1.92,2.57,1.60,2.10,0.68,2.32,0.15,1.74,2.90,4.02,2.82,-1.79,2.32,1.77,2.90,1.66,3.14,0.40,1.52,0.57,0.76,0.42,0.28,0.98,1.77,0.49,1.05,1.80,2.10,1.38,1.52,1.43,-0.90,2.99,1.34,2.41,1.56,1.70,1.10,0.61,,0.10,-0.13,-0.73,-0.50,2.18,3.58,1.50,2.68,2.39,1.64,-0.20,,6.30,-3.40,4.90,3,2.90,,,,,,,1.40,2.40,,1.30,4,0.80,2.04,,,,,,,,2.10,2.20,1.60,0.20,0.10,,,,,1.90,,0.50,0.60,2.90,2.90,,,,1.30,,,-0.40,,,3.10,3,3,2.10,2.30,1.10,
2008-12-13 11:20,0.80,0.02,3.80,0.62,6.80,0.93,-1.36,-0.60,3.09,-0.98,2.14,-0.42,2.72,5.24,7.20,6.60,4.42,2.99,3.80,4.42,4.47,3.36,5.65,,3.43,1.15,-0.06,5.70,4.27,5.50,5.22,7.67,0.46,5.96,6.31,6.80,7.33,6.77,4.82,2.97,2.80,0.23,-0.78,6.02,5.50,2.44,3.40,2.36,5.18,7.31,3.87,1.20,0.06,3.61,0.66,2.81,2.64,4.40,3.57,5.02,3.06,3.10,4.42,3.40,-0.61,4.72,0.12,2.81,2.70,2.60,2.93,-1.21,1.19,-0.42,0.38,2.21,1,0.23,0.30,2.41,2.82,1.81,2.40,0.69,2.52,0.02,1.72,3.10,4.11,2.97,-1.68,2.42,2.06,2.70,1.35,3.03,0.36,1.38,0.57,0.84,0.45,0.28,1.02,1.78,0.61,1.22,1.90,2.20,1.31,1.45,1.40,-0.85,2.95,1.43,2.41,1.70,1.70,1.15,0.52,,0.10,-0.40,-0.76,-0.75,2.25,3.55,1.30,2.68,2.28,1.65,-0.20,,5.10,-2.80,5.10,3.10,3.20,,,,,,,1.40,2.30,,1.30,4.10,0.80,1.81,,,,,,,,2.20,2.30,1.60,0.20,0.10,,,,,1.90,,0.60,0.80,3,3.10,3.20,,,1.30,,,-0.40,,,3.10,2.90,3.10,1.90,2.40,1.10,
2008-12-13 11:30,0.70,-0.03,4.17,0.31,6.60,0.92,-0.90,-0.50,2.90,,1.84,0,2.93,5.26,7.11,7.10,4.58,2.20,4.10,4.39,4.36,3.18,5.63,,3.74,1.19,0.12,5.52,4.58,5.40,5.10,8.17,0.31,5.78,6.21,6.89,7.19,6.79,4.86,3.48,3.10,-0.33,-0.72,6.38,5.90,2.62,3.40,2.49,5.09,7.31,3.92,1.16,-0.03,3.51,0.30,2.34,3.09,4.80,4.44,5.31,3.40,3.30,4.69,3.33,-0.28,4.83,0.24,2.66,3.30,1.97,4.67,-1.30,1.21,-0.29,0.49,2.12,1,0.29,0.30,2.47,2.95,2.13,2.78,0.54,2.69,-0.04,1.82,3.30,4.14,3.16,-1.70,2.54,1.95,2.50,1.20,3.01,0.52,1.13,0.70,0.86,0.86,0.28,0.98,1.59,0.71,1.31,1.92,2.20,1.43,1.45,1.35,-0.93,3.05,1.59,2.34,1.63,1.70,1.12,0.36,,0.10,-0.40,-0.63,-0.73,2.13,3.34,1.50,2.71,2.68,1.53,-0.20,,5.60,-2.10,5.60,3.10,3.10,,,,,,,1.40,2.30,,1.60,4,0.70,1.48,,,,,,,,2.20,2.10,1.60,0.10,0.20,,,,,1.80,,0.40,0.50,3,3.30,3.20,,,1.20,,,-0.50,,,3.10,2.90,3.10,1.90,2.40,1.10,
2008-12-13 11:40,0.60,0.02,4.40,-0.01,6.20,0.86,-0.95,-0.50,2.29,,1.39,0.56,3.16,6,7.18,6.76,4.44,2.48,4.50,4.47,4.21,3.11,5.54,,3.62,1.26,0.32,5.49,4.55,5.30,5.13,8.77,0.17,5.81,6.30,6.82,6.93,6.83,4.66,3.63,2.40,-0.17,-0.59,6.35,5.90,2.67,3.50,2.50,5.27,7.21,4.03,1.19,0.10,3.40,0.13,2.13,3.49,4.90,3.97,5.24,3.28,3.70,5.07,3.25,0.02,4.83,0.49,2.88,4.30,1.82,5.21,-1.08,1.26,-0.22,0.58,1.98,1,0.34,0.50,2.33,2.92,1.95,2.74,0.45,2.61,0.11,1.97,3.30,4.12,3.25,-1.66,2.05,1.89,2.40,1.25,2.93,0.75,1.03,1.28,0.81,1.04,0.17,0.99,1.51,0.66,1.18,2.04,2.20,1.38,1.40,1.33,-0.93,2.99,1.55,2.24,1.56,1.70,1.17,0.32,,0.10,-0.40,-0.66,-0.56,2.18,3.26,1.50,2.70,2.76,1.47,-0.30,,5.20,-4.70,6.10,3.10,3,,,,,,,1.50,2.30,,2,4.10,0.70,1.70,,,,,,,,2.30,2.20,1.60,0.10,-0.10,,,,,1.80,,0.40,0.40,3,3.20,3.20,,,1.20,,,-0.50,,,3.20,3,3.20,2,2.40,1,
2008-12-13 11:50,0.40,0.08,4.99,-0.16,6.40,0.97,-0.96,-0.10,2.15,,1.04,0.73,3.38,6.79,7.35,6.63,4.41,2.69,4.40,4.46,4.01,3.21,5.59,,3.62,1.61,0.68,5.30,4.67,5.40,5.08,8.66,0.05,5.85,6.20,6.71,6.94,6.49,4.34,4.18,2.10,-0.42,-0.57,6.43,5.30,2.83,3.50,2.56,5.41,7.03,4.06,1.11,-0.02,3.30,-0.05,1.78,3.52,5.10,4.49,4.99,3.20,3.90,5.31,3.18,0.01,5.09,0.34,3.51,4.70,2.10,5.08,-1.42,1.24,-0.18,0.64,1.94,1,0.24,0.40,2.42,3.05,1.95,2.61,0.54,2.50,0.13,2.04,3.30,3.86,3.05,-1.76,2.16,1.15,2,1.23,2.89,0.54,1.39,1.12,0.96,1.09,0.19,1.18,1.39,0.67,1.29,2.17,2.20,1.38,1.36,1.40,-0.80,3.12,1.70,2.10,1.49,1.70,1.16,0.39,,0.10,-0.40,-0.91,-0.47,1.96,2.85,1.60,2.63,2.53,1.51,-0.40,,5.70,-5.30,6.50,3,3.10,,,,,,,1.90,2.70,,1.90,4.20,0.70,1.41,,,,,,,,2.30,2.50,1.50,0.10,0.10,,,,,1.70,,0.30,0.60,3,3.20,3.30,,,1.10,,,-0.50,,,3.20,3,3.10,2.20,2.40,1,
2008-12-13 12:00,0.30,0.02,5.41,-0.27,6.20,1.16,-0.90,0.10,2.54,-0.42,1.40,1.40,3.34,7.26,7.50,6.76,4.47,2.49,4.50,3.83,3.77,2.89,5.33,,3.47,1.83,1.02,5.08,4.87,5.80,5.13,8.38,0.07,5.78,5.89,6.22,6.99,6.18,4.24,3.96,2,-0.67,-0.57,6.53,4.10,2.89,3.80,2.71,5.12,7.18,3.85,0.83,0.02,3.19,-0.16,1.85,3.82,5.20,4.62,5.40,3.10,3.70,5.71,3.12,-0.24,5.17,0.25,4.56,4.70,2.25,5.08,-1.58,1.20,-0.13,0.77,2.04,1,0.25,0.50,2.68,2.83,2.13,2.42,0.64,2.58,0.18,2.10,3.20,3.65,3.15,-1.78,2.14,2.21,1.90,1.15,2.81,0.44,1.29,1.14,0.91,1.05,0.16,1.19,1.39,0.72,1.09,2.37,2.10,1.25,1.32,1.38,-0.61,3.22,1.83,2.02,1.31,1.70,1.13,0.44,,0.10,-0.25,-1.03,-0.49,2.15,2.40,1.20,2.61,2.70,1.40,-0.30,-1.30,5.20,-5,7.40,3.20,2.90,0.20,2.60,-3.90,0.60,0.90,0.90,2.20,3,1.80,1.80,4.20,0.70,0.90,,1.70,2.30,2.10,1.30,1.40,1.50,2.20,2.50,1.50,0.20,0.20,3,2.50,1.60,2.20,1.70,1.50,0.50,0.80,2.80,3.30,3.40,1.90,1.80,1,0.60,1,-0.60,3.80,3.60,3.30,3.10,2.90,2.40,2.50,1,0.30
2008-12-13 12:10,0.20,0.07,5.65,-0.30,6.12,1.16,-0.51,0.30,3.29,-0.09,1.64,1.99,3.41,7.24,7.56,7.11,4.28,1.77,4.20,3.44,3.46,2.59,4.67,,3.39,2.33,1.12,4.77,5.23,5.90,5.05,8.24,-0.20,5.51,5.71,6.21,6.86,6.30,3.82,4.32,1.80,-0.29,-0.32,6.12,3.70,3.06,3.90,2.76,4.94,7,3.76,0.82,0.01,3.24,-0.22,1.76,3.90,5.20,4.36,5.98,3.22,3.60,5.96,3.11,-0.33,5.16,0.27,5.11,4.60,2.41,5.28,-1.56,1.23,-0.08,0.71,2.16,1.10,0.38,0.60,3.01,3.18,2.20,2.66,0.62,2.70,0.01,2.20,3,3.84,3.22,-1.71,2.06,1.69,2.20,1.13,2.85,0.48,1.46,1.09,0.88,0.95,0.11,1.18,1.27,0.72,1.27,2.38,2,1.14,1.50,1.30,-0.60,3.26,1.82,2.07,1.25,1.70,1.10,0.37,,0,-0.34,-1.12,-0.29,2.17,1.86,1.80,2.60,2.40,1.36,-0.40,,4.80,-3.20,8.80,3.10,2.60,,,,,,,2.30,2.50,,1.60,4.10,1.20,1.03,,,,,,,,2.20,2.40,1.50,0.10,0.20,,,,,1.70,,0.50,0.80,2.80,3.30,3.40,,,1,,,-0.70,,,3.30,3.20,2.60,2.40,2.40,1,
2008-12-13 12:20,0.10,0.19,5.93,-0.32,5.97,1.24,-0.22,0.30,3.28,0.12,1.76,2.50,3.33,7.26,7.24,6.62,4.36,1.49,4.10,3.37,3.35,1.87,4.06,,3.60,2.66,1.65,4.45,5.23,5.90,4.94,8.25,-0.16,5.17,5.73,6.15,6.79,6.24,3.32,4.45,1.80,0.60,-0.05,5.96,4.10,3.12,3.90,2.88,4.92,7.15,3.74,1.01,0.02,3.24,-0.22,1.74,3.99,5.10,4.31,6.05,3.15,4,6.10,3.09,-0.24,5.06,0.26,5.12,4.70,2.25,5.29,-1.31,1.19,0.02,0.94,2.10,1,0.60,0.70,3.10,3.48,2.40,2.62,0.68,3.06,0.08,2.28,2.90,3.72,3.26,-1.73,1.98,1.52,2,1,2.87,0.54,1.68,1.10,0.91,0.82,0.04,1.14,1.04,0.78,1.33,2.57,1.90,1.18,1.32,1.28,-0.72,3.27,1.86,1.93,1.24,1.80,1.11,0.22,,-0.30,-0.37,-1,-0.18,1.97,1.51,2.10,2.62,2.42,1.16,-0.40,,4.60,-2.40,8.20,2.90,2.40,,,,,,,2.10,2.70,,1.60,3.80,1.30,0.91,,,,,,,,2.20,2.30,1.50,0.10,0.20,,,,,1.60,,0.40,0.80,2.90,3.40,3.40,,,0.90,,,-0.70,,,3.30,3.20,2.20,2.50,2.50,1,
2008-12-13 12:30,0.10,0.16,5.96,-0.33,5.81,1.28,0.13,0.30,3.12,0.28,2.03,2.97,3.28,6.78,7.47,6.73,4.25,1.31,3.50,3.22,3.44,1.78,3.95,,3.71,2.99,2.09,4.22,5.14,5.80,4.98,8.13,-0.38,5.11,5.80,6.23,6.91,6.28,3.17,4.33,1.70,-0.72,-0.14,6.35,4.10,3.24,3.70,2.83,5.16,7.09,3.53,0.77,0.13,3.21,-0.19,1.86,4.11,5.30,4.48,5.92,2.68,4,6.42,2.99,-0.09,4.87,0.22,4.93,4.70,2.40,5.39,-1.33,1.16,0.04,0.82,2.09,1.10,0.53,0.70,3.19,3.56,2.70,2.76,0.54,3.43,0.18,2.25,2.80,3.47,3.16,-1.69,1.25,0.23,1.90,0.67,2.71,0.43,1.72,1.08,0.85,0.85,-0.04,1.19,1.12,0.92,1.29,2.57,1.90,1.22,1.38,1.36,-0.80,3.43,1.97,2.04,1.25,1.60,1.05,0.17,,-0.40,-0.39,-1.08,-0.60,1.84,1.52,2.20,2.65,2.33,1.25,-0.40,,4.20,-2.50,8.10,3,2.70,,,,,,,1.80,2.70,,1.50,3.80,1.50,0.77,,,,,,,,2,2.50,1.50,0.10,0.30,,,,,1.60,,0.30,0.80,2.90,3.50,3.40,,,0.90,,,-0.50,,,3.40,3.30,2.10,2.50,2.40,0.90,
2008-12-13 12:40,0,0.08,5.97,-0.27,5.92,1.61,0.33,0.20,3.03,0.22,1.44,2.98,2.82,6.10,7.26,6.71,3.95,1.28,3.40,2.90,3.42,1.61,3.88,,3.78,3.14,2.33,4.21,4.92,5.80,5.04,8.05,-0.47,5.21,5.80,6.25,6.66,6.20,3.08,4.38,1.40,-2.02,-0.24,6.40,4,3.31,3.60,2.90,5.27,7.25,3.44,0.63,0.06,3.17,-0.30,2.13,4.16,4.90,4.57,5.74,2.95,3.50,6.74,2.76,-0.13,4.44,0.37,4.99,4.50,2.74,4.59,-1.47,1.08,0.06,0.63,1.92,1.10,0.60,0.70,3.17,3.71,2.80,2.69,0.52,3.66,0.07,2.35,2.80,3.41,3.07,-1.77,1.11,0.83,1.50,0.87,2.48,0.44,1.69,0.92,0.86,0.60,-0.16,1.16,0.98,1.06,1.41,2.57,1.70,1.30,1.43,1.30,-0.84,3.48,2.04,2.02,1.22,1.50,0.87,0.11,,-0.50,-0.44,-1.35,-0.91,1.80,1.52,2.50,2.54,2.31,1.20,-0.40,,3.70,-3,7.80,2.80,2.50,,,,,,,1.90,2.90,,1.60,3.80,1,0.78,,,,,,,,2.20,2.30,1.40,0.10,0.20,,,,,1.60,,0.10,0.80,3,3.60,3.50,,,0.80,,,-0.60,,,3.40,3.20,2,2.60,2.40,0.90,
2008-12-13 12:50,0,0.23,5.88,-0.30,5.92,1.83,0.50,0.20,2.92,0.42,1.13,2.99,2.54,5.42,6.65,6.69,3.88,1.24,3.40,2.52,3.32,1.36,3.83,,3.87,3.19,2.63,4.41,4.90,5.70,4.88,7.89,-0.56,5.26,5.72,6.21,6.36,6.13,3.07,4.47,0.80,-2.09,-0.23,6.14,3.50,3.30,3.50,2.74,5,7.01,3.48,0.68,0.04,2.89,-0.23,2.17,4.16,4.80,4.76,5.23,2.62,3.30,6.74,2.60,-0.36,3.83,0.29,4.90,4.90,2.19,4.61,-2.07,1.07,0,0.95,1.75,1.10,0.57,0.80,3.27,3.77,2.60,2.54,0.79,3.97,-0.11,2.37,2.70,3.48,3.01,-1.84,1.07,0.43,1.50,0.79,2.41,0.29,1.64,0.85,0.94,0.37,-0.24,1.21,0.96,1.10,1.54,2.67,1.70,1.35,1.42,1.28,-0.99,3.57,1.97,2.07,1.16,1.40,0.94,0.10,,-0.60,-0.75,-1.31,-0.73,1.78,1.61,2.60,2.49,2.26,1.19,-0.40,,3.40,-5.10,7.60,2.70,2.30,,,,,,,1.70,3,,1.30,4,0.70,0.66,,,,,,,,2.20,2.20,1.40,0,0.10,,,,,1.60,,0.50,0.90,3,3.60,3.50,,,0.70,,,-0.60,,,3.50,3.20,1.60,2.60,2.20,0.90,
2008-12-13 13:00,0,0.17,5.77,-0.21,5.38,2,0.56,-0.10,3.18,0.42,1.02,2.77,2.65,4.96,6.73,5.50,3.74,1.38,3.30,2.81,3.04,1.19,3.49,,4.03,3.24,2.60,4.58,4.79,5.60,4.76,7.65,-0.67,5.18,5.63,6.08,6.36,6.12,3.16,4.54,0.20,-1.56,-0.29,5.88,3.30,3.19,3.40,2.59,4.91,6.79,3.53,0.72,0.02,2.60,-0.34,2.56,4.29,4.30,4.69,4.67,2.39,2.90,6.68,2.41,-0.56,3.95,0.34,5.19,4.50,2.12,4.86,-1.92,1.04,-0.19,1.56,1.91,1.10,0.46,0.80,3.18,3.84,2.80,2.50,1.08,4.19,0.01,2.15,2.50,3.15,3,-1.89,0.93,0.46,1.10,0.69,2.40,0.31,1.78,0.78,1.11,0.36,-0.17,1.34,0.93,1.17,1.64,2.75,1.50,1.18,1.30,1.33,-1,3.64,1.84,2.11,1.26,1.40,0.95,0,,-0.60,-0.77,-1.21,-1.01,1.51,1.85,2.80,2.45,2.21,1.15,-0.50,-1.40,3.50,-5.40,7.40,2.60,2.10,-0.20,3.50,-4.10,0.90,1,0.50,1.60,3.10,2.90,0.80,4,0.60,0.60,,1.40,2.20,1.70,1.60,1.80,2.10,2.40,2.30,1.40,0,0.10,3.40,2.90,1.80,2.30,1.60,1.50,0.40,0.60,3,3.70,3.40,0.90,1.10,0.70,0.20,0.60,-0.70,3.60,3.60,3.60,3.10,1.20,2.70,2.10,0.80,-1.10
2008-12-13 13:10,0,0.11,5.24,-0.20,5.40,2.08,0.56,-0.30,3.17,0.09,1.11,2.66,2.73,5.05,6.52,4.69,3.83,0.93,3.20,3.42,2.68,1.45,3.64,,4.20,3.24,2.35,4.74,4.53,5.50,4.76,7.44,-0.62,5.16,5.65,5.93,6.41,6.06,3.29,4.04,-0.20,-1.32,-0.80,5.46,3.40,3.14,3.30,2.45,4.50,6.81,3.68,0.66,-0.02,2.48,-0.36,2.55,3.99,4,4.02,4.40,2.03,2.20,6.57,2,-0.82,3.97,0.17,5.34,4.20,2.45,4.98,-1.35,1.11,-0.23,2.48,1.76,1.10,0.37,0.70,3.12,3.88,2.70,2.59,1.32,4.14,-0.11,2.05,2.50,2.98,3.13,-2.06,0.84,0.69,0.90,0.61,2.39,0.27,1.83,0.74,1.15,0.23,-0.07,1.37,0.90,1.26,1.63,2.83,1.90,1.14,1.31,1.26,-1,3.55,1.80,2.02,1.21,1.40,0.86,0.04,,-0.80,-0.80,-1.13,-0.96,1.21,2,2.90,2.34,2.42,1.09,-0.60,,3.50,-3.90,7.30,2.30,1.80,,,,,,,1.50,2.90,,0.80,3.90,0.60,0.69,,,,,,,,1.50,2.10,1.20,0,0.10,,,,,1.50,,0.30,0.40,3,3.70,3.40,,,0.70,,,-0.80,,,3.60,2.90,1.30,2.80,2.10,0.80,
2008-12-13 13:20,0,0.04,4.87,-0.24,5.60,2,0.55,-0.30,3.12,-0.15,0.79,2.30,2.72,4.95,6.09,3.89,3.84,0.86,3.20,3.71,2.34,1.16,4.34,,4.12,3.21,2.60,4.59,4.29,5.30,4.61,7.35,-0.77,5.09,5.54,5.94,6.31,5.92,3.50,4.25,-0.60,-0.29,-1.12,5.14,3.70,3.03,3.20,2.32,4.07,6.19,3.62,0.50,-0.09,2.41,-0.50,2.29,3.41,4,2.99,3.80,2.05,0.90,6.22,1.71,-1.13,3.76,0.16,5.33,3.80,2.37,5.06,-0.95,1.07,-0.27,2.64,1.69,1.30,0.37,0.80,2.76,3.71,2.70,2.78,1.48,3.81,-0.32,1.96,2.40,2.85,3.14,-2.12,0.52,0.53,0.70,0.62,2.24,0.13,1.76,0.69,1.04,0.20,-0.05,1.41,0.72,1.45,1.64,2.85,1.70,0.99,1.25,1.21,-1.06,3.52,1.77,1.91,1.21,1.40,0.68,0.03,,-0.80,-0.89,-1.11,-0.80,1.05,2.14,2.90,2.27,1.94,1,-0.60,,3.50,-5.20,7.20,2,1.70,,,,,,,1.50,2.90,,0.40,3.70,0.50,0.56,,,,,,,,1.60,1.80,1.10,0.10,0.10,,,,,1.50,,0.40,0.40,3.10,3.70,3.40,,,0.60,,,-1,,,3.60,2.80,1.40,2.90,2,0.80,
2008-12-13 13:30,-0.10,0.06,4.67,-0.20,5.30,2.09,0.51,-0.20,2.65,-0.14,0.77,2.03,2.68,5.10,5.98,3.84,3.74,0.75,3.20,3.82,1.94,1.13,4.53,,4.03,3.10,2.87,4.55,3.98,5.20,4.52,7.35,-0.87,5.01,5.46,5.49,5.89,5.87,3.56,4.53,-0.90,-0.17,-1.41,5.23,4,2.92,3.10,2.24,3.95,5.76,3.67,0.30,-0.27,2.22,-0.60,1.97,2.87,3.90,2.27,2.81,1.23,0.50,5.96,1.66,-1.43,3.59,-0.05,5.22,4.10,2.15,4.81,0.03,0.99,-0.35,2.75,1.72,1.30,0.25,0.90,2.91,3.32,2.80,2.69,1.39,3.48,-0.42,1.82,2.20,2.63,3.02,-2.05,0.50,0.49,0.60,0.55,1.91,0.12,1.64,0.48,0.86,0.10,-0.05,1.47,0.74,1.46,1.69,2.85,1.60,0.83,1.22,1.19,-1.25,3.53,1.76,1.96,1.18,1.40,0.68,-0.03,,-0.90,-0.97,-1.12,-0.93,1.03,2.26,3.10,2.21,1.94,0.97,-0.70,,3.50,-5.40,7.10,1.70,1.40,,,,,,,1.60,2.80,,0.20,3.40,0.40,0.53,,,,,,,,1.30,1.50,1,0.20,-0.10,,,,,1.40,,0.30,0.20,3.10,3.70,3.50,,,0.60,,,-1.10,,,3.60,2.70,1.50,2.90,2,0.80,
2008-12-13 13:40,-0.20,0.07,4.44,-0.11,5.20,2.32,0.47,-0.10,2.50,0.09,0.82,2,2.53,4.91,5.64,3.91,3.60,1.01,3.10,3.83,1.30,1.14,4.34,,4.15,3.06,4.44,4.52,3.71,5.10,4.62,7.03,-0.90,4.92,5.42,5.23,5.64,5.77,3.39,3.99,-1.10,0.58,-1.15,4.84,3.60,2.72,2.90,2.18,3.75,4.76,3.49,0.28,-0.38,1.99,-0.74,1.73,2.19,3.70,1.82,2.27,0.62,-0.30,5.13,1.52,-1.64,3.63,0,5.05,4.30,2.32,4.87,0.20,1.03,-0.33,3.37,1.71,1.20,0.28,0.90,2.93,3.20,2.60,2.57,1.33,3.47,-0.40,1.75,2,2.49,2.74,-2.01,0.44,0.48,0.60,0.58,1.88,0.14,1.44,0.42,0.64,-0.01,-0.20,1.52,0.81,1.44,1.68,2.80,1.30,0.93,1.10,1.17,-1.32,3.49,1.80,1.98,1.13,1.30,0.66,0.08,,-1,-0.95,-1.09,-1.33,0.85,2.36,3.10,2.13,2.10,0.93,-0.70,,3.50,-5.40,7,1.30,1.10,,,,,,,1.60,2.80,,0.20,3.20,0.30,0.49,,,,,,,,1.10,1.40,0.80,0.10,-0.20,,,,,1.40,,0,0.10,3.10,3.80,,,,0.60,,,-1.30,,,3.60,1.90,1.50,3,2,0.70,
2008-12-13 13:50,-0.40,0.02,4.24,-0.05,4.90,2.46,0.39,-0.10,2.43,0.39,0.47,2.02,2.33,4.49,5.21,3.73,3.38,0.76,2.80,3.57,0.97,1.10,4.11,,3.96,3.07,5.83,4.38,3.45,5,4.58,6.73,-1.02,4.74,5.14,4.96,5.14,5.45,3.26,3.27,-1.40,0.99,-1.24,4.61,3,2.55,2.20,2.05,3.52,3.50,3.10,0.26,-0.34,1.72,-0.86,1.40,1.81,2.60,0.96,1.48,0.12,-0.70,4.39,1.23,-1.73,3.57,-0.18,4.73,4,2.39,4.83,0.25,1.04,-0.22,4.35,1.79,1.20,0.15,0.90,2.90,3,2.20,2.34,1.21,3.31,-0.32,1.57,1.80,2.25,2.61,-2.11,0.47,0.33,0.50,0.12,1.81,0.12,1.22,0.16,0.60,-0.16,-0.22,1.55,0.80,1.49,1.82,2.59,1.20,0.64,1.06,1.10,-1.35,3.46,1.84,1.81,1.09,1.20,0.63,0.17,,-1.10,-1.01,-1.27,-1.62,0.72,2.40,3.10,2.09,2.17,0.76,-0.70,,3,-5.50,6.90,1.10,0.90,,,,,,,1.60,2.80,,0.10,2.90,0.30,0.39,,,,,,,,1.10,1.20,0.90,0.10,-0.40,,,,,1.30,,-0.20,-0.10,3.10,3.80,3.30,,,0.60,,,-1.50,,,3.60,1.40,1.60,3,1.90,0.70,
2008-12-13 14:00,-0.50,0.09,4.14,-0.11,4.60,2.49,0.29,-0.10,2.30,0.21,0.21,1.96,2.27,3.76,4.84,3.52,3.31,0.52,2.60,2.88,1.07,1.35,3.65,,3.87,2.95,6.53,4.18,3.26,4.80,4.55,6.59,-1.24,4.57,5.03,4.62,4.93,5.10,2.99,2.46,-1.70,0.87,-1.42,4.33,2.50,2.40,1.90,1.91,3.43,2.68,2.85,0.31,-0.35,1.36,-1.06,0.86,1.32,2,0.57,0.84,-0.17,-1.20,4.20,1.06,-1.82,3.54,-0.15,4.71,3.80,2.46,4.61,0,0.99,-0.23,4.71,1.84,1.20,0.23,0.90,2.84,2.79,2,1.93,0.94,3.15,-0.30,1.40,1.50,2.08,2.38,-2.25,0.32,0.25,0.40,-0.18,1.18,0.06,1.04,-0.07,0.46,-0.25,-0.20,1.61,0.78,1.70,1.53,2.31,1.30,0.62,1.06,1.05,-1.41,3.47,1.80,1.85,0.98,1.10,0.49,-0.03,,-1.20,-1.23,-1.43,-1.65,0.81,2.42,3.10,2.02,2.14,0.69,-0.80,-1.10,2.50,-5.70,6.70,0.70,0.70,,2.40,-3.50,0.20,1.10,-0.30,1.60,2.60,2.30,-0.10,2.60,0.10,0.20,-0.10,1.30,2.20,1.40,1.40,2.20,1.90,1,0.90,0.80,0,-0.60,3.30,2.70,2,1.70,1.30,1.40,-0.30,-0.20,2.80,3.80,3.20,1,1.60,0.60,0,0.30,-1.60,3.60,3.40,3.60,1.40,1.70,3,1.90,0.70,-1.70
2008-12-13 14:10,-0.60,0.05,3.72,-0.18,4.33,2.34,0.25,-0.20,2.15,-0.04,0.04,1.49,1.90,2.92,4.69,3.33,3.13,0.83,2.30,1.64,1.26,1.25,3.20,,3.62,2.85,6.33,3.95,3.18,4.60,4.54,5.91,-1.36,4.43,4.77,4.42,4.67,4.69,2.54,1.58,-1.60,0.49,-1.31,4.56,1.50,2.16,1.70,1.42,3.42,2.58,2.67,0.11,-0.44,1.05,-1.18,0.19,0.96,1.20,-0.10,0.31,-0.33,-1.60,3.65,1.12,-1.88,3.40,0.01,4.64,3.30,2.40,4.47,-0.03,0.92,-0.26,4.79,1.80,1.30,0.27,0.90,2.60,2.55,2.02,1.57,0.82,2.97,-0.41,1.15,1.30,1.78,2.16,-2.33,0.22,0.15,0.10,0.02,1.54,-0.06,0.82,-0.23,0.39,-0.27,-0.26,1.51,0.73,1.65,1.60,2.13,1.20,0.51,0.74,0.98,-1.53,3.51,1.73,1.88,0.90,1,0.42,-0.03,,-1.30,-1.17,-1.56,-1.70,1.01,2.44,3.20,1.89,1.93,0.80,-0.80,,1.90,-5.90,6.50,0.30,0.40,,,,,,,1.50,2.30,,-0.10,2.30,0.10,0.32,,,,,,,,0.80,0.90,0.60,0,-0.60,,,,,1.20,,-0.40,-0.20,2.80,3.80,3.20,,,0.60,,,-1.70,,,3.40,1.40,1.80,3,1.90,0.70,
2008-12-13 14:20,-0.50,-0.04,3.59,-0.25,4.10,1.88,0.37,-0.30,1.86,-0.25,-0.26,1.10,1.80,2.19,4.51,3.07,2.91,0.82,1.90,1.05,1.37,0.97,2.69,,3.37,2.82,6.06,3.71,2.98,4.40,4.41,5.32,-1.46,4.09,4.51,4.26,4.39,4.50,2,1.06,-1.10,0.14,0.21,4.32,0.80,1.98,1.20,1.20,3.36,2.69,2.49,-0.01,-0.52,0.79,-1.30,-0.06,0.49,0.30,-0.40,-0.45,-0.53,-1.90,3.79,1.22,-2.05,3.27,0.13,4.96,3.10,2.37,4.18,-0.60,0.91,-0.34,4.47,1.89,1.30,0.36,0.80,2.39,2.20,1.86,1.36,0.77,2.90,-0.54,0.99,1.10,1.45,1.98,-2.45,0.11,0.01,0,-0.03,0.95,-0.07,0.68,-0.34,0.31,-0.33,-0.36,1.51,0.68,1.60,1.40,1.88,0.90,0.13,0.49,0.84,-1.57,3.52,1.61,1.70,0.89,1,0.48,-0.07,,-1.40,-0.95,-1.69,-1.83,1.07,2.49,3.20,1.85,1.72,0.57,-0.90,,1.40,-5.60,6.20,0,0.10,,,,,,,1.50,2.20,,-0.20,2,-0.10,0.17,,,,,,,,0.80,0.70,0.50,-0.10,-0.70,,,,,1.20,,-0.40,-0.40,2.80,3.70,,,,0.60,,,-1.70,,,3.20,1.60,1.90,3,1.80,0.60,
2008-12-13 14:30,-0.70,-0.02,3.32,-0.32,3.82,1.79,0.27,-0.40,1.82,-0.64,-0.58,0.74,1.69,1.66,4.18,2.83,2.62,0.42,1.40,0.15,1.41,0.71,1.89,,3.05,2.59,5.90,3.55,2.78,4.10,4.40,5.03,-1.71,3.81,4.19,3.87,4.24,4.11,1.50,0.93,-1.10,0.01,-0.79,4.08,0.40,1.82,0.90,0.89,3.30,2.10,2.28,-0.16,-0.66,0.46,-1.43,-0.17,-0.07,-0.10,-0.54,-0.87,-0.61,-2,3.85,0.87,-2.19,3.09,-0.11,5.14,3.30,2.43,4.41,-1.99,0.86,-0.41,4.37,2.01,1.30,0.58,0.70,2.26,1.97,1.68,1.12,0.53,2.65,-0.57,0.74,0.80,1.18,1.80,-2.58,-0.07,-0.03,-0.10,-0.15,1.01,-0.18,0.50,-0.47,0.16,-0.52,-0.41,1.37,0.68,1.66,1.18,1.66,0.70,0.01,0.51,0.75,-1.57,3.65,1.59,1.72,0.92,0.90,0.37,-0.14,,-1.50,-1.31,-1.76,-2.17,1.11,2.68,3.30,1.84,1.79,0.58,-1,,1,-5.90,6,-0.10,-0.10,,,,,,,1.40,2.10,,-0.30,1.60,-0.20,0.09,,,,,,,,0.80,0.60,0.30,-0.20,-0.80,,,,,1.20,,-0.50,-0.60,2.90,3.70,3.10,,,0.60,,,-1.80,,,2.70,1.70,1.90,3,1.80,0.60,
2008-12-13 14:40,-0.70,0.01,2.90,-0.38,3.74,1.40,0.31,-0.50,1.86,-0.85,-0.72,0.55,1.44,1.16,3.90,3.08,2.40,0.65,1.10,-0.06,1.20,1.06,1.11,,2.86,2.53,5.80,3.46,2.58,3.90,4.21,4.95,-1.95,3.60,4.08,3.53,4.02,3.94,1.09,0.69,-1.40,-0.48,-0.88,4.02,-0.20,1.53,0.60,0.62,3.09,2.22,2.13,-0.04,-0.70,0.36,-1.49,-0.44,-0.32,-0.70,-0.85,-1.23,-0.78,-2.20,4.52,0.51,-2.38,2.47,-0.42,4.90,2.80,2.48,4.66,-2.45,0.96,-0.51,4.23,1.92,1.40,0.52,0.60,2.01,1.81,1.42,0.85,0.37,2.38,-0.59,0.49,0.60,0.91,1.66,-2.64,-0.25,-0.13,-0.20,-0.14,0.55,-0.33,0.36,-0.53,0.10,-0.65,-0.35,1.35,0.57,1.71,1.06,1.67,0.50,-0.22,0.55,0.74,-1.59,3.57,1.68,1.76,0.87,0.90,0.55,-0.20,,-1.60,-1.56,-1.92,-2.32,1.13,2.77,3.20,1.86,2,0.71,-1.10,,0.70,-6,5.80,-0.30,-0.10,,,,,,,1.20,1.70,,-0.40,1.10,-0.40,0.07,,,,,,,,0.60,0.40,0.10,-0.30,-1,,,,,1.10,,-0.50,-0.60,3,3.70,3.10,,,0.50,,,-1.90,,,2.50,1.80,2,3,1.70,0.50,
2008-12-13 14:50,-0.70,-0.05,2.63,-0.46,3.55,1.17,0.22,-0.60,1.85,,-0.86,0.45,1.20,0.74,3.68,2.81,2.25,0.61,0.70,-0.49,1.07,0.58,0.79,,2.75,2.50,5.55,3.08,2.43,3.70,3.99,4.62,-2.03,3.35,3.92,3.41,3.89,3.44,0.89,0.38,-1.20,-1.16,0.43,3.97,-0.40,1.30,0.40,0.43,3.02,1.17,1.57,-0.03,-0.65,0.23,-1.60,-0.58,-0.61,-1.20,-1.19,-1.56,-1.13,-2.50,4.69,0.65,-2.54,2.45,-0.42,5.03,2.50,2.75,4.75,-2.42,0.99,-0.58,4.12,1.77,1.30,0.39,0.40,1.57,1.55,1.25,0.76,0.24,2.20,-0.55,0.35,0.40,0.71,1.48,-2.53,-0.26,-0.21,-0.10,-0.27,0.44,-0.38,0.13,-0.61,-0.01,-0.66,-0.41,1.41,0.62,1.84,0.87,1.48,0.50,-0.46,0.45,0.68,-1.69,3.59,1.63,1.76,0.86,0.90,0.54,-0.27,,-1.60,-1.69,-1.89,-2.13,1.26,2.71,3.10,1.82,1.85,0.80,-1.40,,0.40,-6.10,5.60,-0.40,-0.40,,,,,,,1.20,1.30,,-0.60,0.90,-0.60,0.05,,,,,,,,0.50,0.30,0.10,-0.20,-0.90,,,,,1.10,,-0.60,-1,3,3.80,3.10,,,0.50,,,-2,,,2.40,1.80,2,2.90,1.60,0.50,
2008-12-13 15:00,-0.70,-0.05,2.45,-0.54,3.11,1.13,0.11,-0.70,1.74,-1.44,-1.04,0.06,0.93,0.34,3.75,2.43,2.17,0.22,0.40,-1.02,1.28,0.66,0.64,,2.56,2.22,5.52,2.71,2.23,3.50,3.77,4.41,-2.09,3.18,3.77,3.21,3.79,3.24,0.69,0.25,-1.10,-1.46,0.73,3.75,-0.50,1.11,0.20,0.20,3.19,0.81,1.21,-0.21,-0.79,0.10,-1.80,-0.77,-0.67,-1.60,-1.97,-1.87,-1.38,-2.80,4.41,0.43,-2.76,2.39,-0.33,4.96,2.10,2.54,4.69,-2.57,0.83,-0.61,3.98,1.84,1.40,0.35,0.30,1.52,1.32,1.07,0.51,0.14,2.12,-0.70,0.19,0.30,0.53,1.22,-2.61,-0.17,-0.19,0,-0.26,0.40,-0.47,0.14,-0.73,-0.10,-0.75,-0.40,1.36,0.49,1.86,0.74,1.42,0.40,-0.66,0.41,0.70,-1.71,3.54,1.49,1.61,0.79,0.80,0.42,-0.33,,-1.70,-1.75,-1.96,-2.07,1.18,2.72,3.10,1.70,1.62,0.82,-1.60,-1.50,0.10,-6.20,5.50,-0.40,-0.60,,0.70,-3.10,-0.20,0.20,-0.40,1.10,1.20,1.60,-0.80,0.80,-0.50,0,-0.70,0.60,1.80,1.40,1.50,2.30,1.10,0.30,0.10,-0.20,-0.20,-1,2.90,1.70,2.10,0.80,1,1.20,-0.60,-1,3,3.70,2.90,0.90,1.60,0.40,-0.40,-0.10,-2.10,3.20,2.70,2.30,2,2.10,2.90,1.60,0.40,-2
2008-12-13 15:10,-0.70,-0.04,2.10,-0.62,2.64,0.98,0.05,-0.80,1.60,-1.63,-1.09,0.11,0.66,-0.41,3.71,2.13,2.08,0.03,0,-0.76,1.41,1.16,0.17,,2.39,1.98,5.32,2.25,2.12,3.40,3.60,4.19,-2.27,2.88,3.61,2.97,3.59,3.22,0.36,-0.40,-1.30,-1.85,0.76,3.40,-1,0.83,-0.10,0.13,3.15,0.51,0.43,-0.39,-0.79,-0.06,-1.94,-1.02,-1.23,-1.90,-2.15,-2.23,-1.37,-2.90,3.68,0.41,-2.79,2.16,-0.43,5.04,2,2.63,4.51,-3.18,0.79,-0.43,3.81,1.81,1.40,0.44,0.10,1.36,1.18,0.70,0.19,0.09,1.93,-0.84,0.05,0.20,0.38,1.01,-2.63,-0.14,-0.22,0,-0.23,0.28,-0.46,0.17,-0.71,-0.16,-0.80,-0.50,1.16,0.45,1.84,0.63,1.34,0.30,-1.01,0.28,0.57,-1.80,3.58,1.48,1.51,0.82,0.80,0.46,-0.52,,-1.80,-1.66,-2.01,-2.57,1.31,2.70,3.20,1.67,1.84,0.77,-1.60,,-0.20,-6,5.30,-0.50,-0.70,,,,,,,1.10,1,,-0.80,0.60,-0.70,-0.08,,,,,,,,0.10,0,-0.40,-0.40,-1,,,,,1,,-0.70,-1.10,3,3.70,2.80,,,0.40,,,-2.10,,,2.20,2,2.10,2.90,1.50,0.30,
2008-12-13 15:20,-0.60,-0.03,2,-0.70,2.11,0.82,0.09,-1.10,1.46,-1.75,-1.14,0.12,0.56,-0.31,3.58,1.88,1.74,-0.12,-0.40,-0.62,1.41,1.67,-0.13,,2.17,1.83,4.98,1.91,1.84,3.10,3.47,3.86,-2.44,2.74,3.42,2.77,3.47,3.05,0.21,-0.45,-1.30,-1.81,0.52,3.34,-0.90,0.67,-0.20,0.06,2.81,-0.05,0.13,-0.28,-0.82,-0.16,-1.98,-1.14,-1.66,-2.20,-2.33,-2.58,-1.43,-3.30,2.30,0.26,-2.94,2.12,3.33,4.94,2.60,2.58,4.66,-3.26,0.74,-0.40,3.63,1.63,1.50,0.36,0,1.41,1.06,0.30,0.08,-0.06,1.79,-0.89,0.01,0,0.30,0.85,-2.55,-0.15,-0.23,-0.10,-0.38,0.05,-0.56,0.10,-0.69,-0.26,-0.85,-0.53,1.08,0.46,1.88,0.20,1.29,0.30,-0.99,0.04,0.57,-1.95,3.72,1.57,1.46,0.74,0.70,0.47,-0.52,,-1.90,-1.67,-1.98,-2.57,1.25,2.76,3.10,1.61,1.57,0.77,-1.70,,-0.20,-6,5.10,-0.60,-0.90,,,,,,,1,1.30,,-1,,-0.80,-0.06,,,,,,,,0.10,-0.10,-0.40,-0.40,-1.10,,,,,1,,-0.70,-1.30,3,3.60,2.60,,,0.30,,,-2.30,,,2.20,2.20,2.10,2.90,1.50,0.30,
2008-12-13 15:30,-0.70,-0.10,1.85,-0.72,2.04,0.87,0.07,-1.20,1.34,-1.91,-0.77,0.41,0.40,-0.13,3.53,2,1.53,-0.23,-0.80,-0.44,1.38,1.93,-0.33,,2.04,1.64,4.77,1.71,1.66,2.90,3.32,3.03,-2.58,2.68,3.40,2.55,3.07,3.03,-0.01,-1.10,-1.20,-1.92,0.59,3.47,-1.30,0.52,-0.30,-0.21,2.45,-0.77,0.13,-0.32,-0.82,-0.26,-1.99,-1.24,-1.85,-2.40,-2.99,-2.85,-1.55,-3.30,1.30,0.29,-2.96,1.94,5.14,4.97,2.30,2.33,4.76,-3.16,0.72,-0.51,3.55,1.63,1.40,0.23,-0.20,1.36,0.97,0.20,-0.14,-0.15,1.56,-0.87,-0.10,-0.10,0.24,0.64,-2.56,-0.15,-0.17,-0.20,-0.43,0.01,-0.66,0.02,-0.73,-0.37,-0.91,-0.49,1.19,0.52,1.96,-0.30,1.14,0.30,-0.78,-0.17,0.52,-1.98,3.69,1.48,1.46,0.70,0.60,0.42,-0.63,,-2,-1.68,-2.07,-2.43,1.23,2.77,3.10,1.55,1.62,0.69,-1.70,,-0.50,-6.20,4.80,-0.70,-1.10,,,,,,,0.90,1.10,,-1.10,0.30,-0.90,-0.11,,,,,,,,0,-0.20,-0.50,-0.50,-1.10,,,,,1.10,,-0.70,-1.20,3,3.40,2.30,,,0.20,,,-2.30,,,2.30,2.20,2.20,2.80,1.50,0.30,
2008-12-13 15:40,-0.70,-0.27,1.56,-0.77,1.85,0.96,0.24,-1.40,1,-2.09,-0.80,0.03,0.64,-0.35,3.46,2.44,1.43,-0.06,-0.90,-0.41,1.44,2,-0.76,,1.78,1.48,4.42,1.68,1.53,2.80,3.30,2.62,-2.50,2.63,3.16,2.53,3.14,2.80,-0.13,-1.37,-1.10,-1.71,0.66,3.20,-1.60,0.42,-0.50,-0.49,1.71,-1.16,-0.59,-0.32,-0.97,-0.37,-2.15,-1.31,-2.27,-2.70,-3.41,-3.11,-1.74,-3.40,0.46,0.11,-3.04,1.61,5.24,4.88,3.30,2.24,4.64,-3.14,0.78,-0.52,3.33,1.72,1.40,0.13,-0.40,1.22,0.85,0.20,-0.18,-0.36,1.42,-0.80,-0.23,-0.20,0.25,0.67,-2.54,-0.20,-0.15,-0.20,-0.33,-0.12,-0.70,-0.02,-0.59,-0.40,-0.82,-0.58,1.15,0.49,1.98,-0.59,1,0.20,-0.69,-0.32,0.46,-1.95,3.63,1.38,1.47,0.63,0.50,0.32,-0.68,,-2,-1.74,-2.16,-2.56,1.07,2.67,2.90,1.54,1.57,0.68,-1.80,,-0.30,-5.90,4.60,-0.80,-1.10,,,,,,,0.70,0.60,,-1.20,0.20,-0.90,-0.13,,,,,,,,-0.10,-0.30,-0.50,-0.60,-1.20,,,,,1,,-0.90,-1.20,3,3.10,2,,,0.20,,,-2.20,,,2.30,2.30,2.20,2.70,1.50,0.20,
2008-12-13 15:50,-0.60,-0.41,1.22,-0.99,2.86,0.63,0.20,-1.60,0.84,-2.35,-0.65,0.18,1.02,-0.27,3.42,2.56,1.16,-0.19,-0.90,-0.23,1.58,1.69,-1.18,,1.56,1.47,4.35,1.51,1.35,2.60,3.29,2.43,-2.75,2.58,2.93,2.44,3.09,2.85,-0.16,-1.52,-1.10,-1.97,0.71,3.03,-1.60,0.20,-0.60,-0.59,1.57,-1.34,-0.89,-0.52,-1.02,-0.46,-2.13,-1.55,-2.48,-2.90,-2.94,-3.37,-2.02,-3.60,-0.50,0.42,-3.19,1.76,5.32,5.04,3.60,2.11,4.57,-3.13,0.76,-0.56,2.95,1.54,1.30,0.18,-0.10,1.18,0.80,0.10,-0.28,-0.43,1.27,-0.94,-0.33,-0.30,0.21,0.41,-2.60,-0.10,-0.26,-0.30,-0.33,-0.08,-0.76,-0.12,-0.61,-0.42,-0.84,-0.65,1.27,0.54,2.09,-0.67,0.96,0.20,-0.51,-0.53,0.47,-1.95,3.57,1.20,1.50,0.62,0.50,0.25,-0.71,,-2.10,-1.97,-2.10,-2.69,1.20,2.67,2.90,1.55,1.44,0.56,-1.90,,-0.50,-5.80,4.50,-1,-1.20,,,,,,,0.60,0.50,,-1.20,0.20,-1,-0.16,,,,,,,,-0.20,-0.40,-0.70,-0.50,-1.30,,,,,0.70,,-0.90,-1.20,3.10,2.90,1.90,,,0.10,,,-2.30,,,2.40,2.20,2.20,2.60,1.50,0.10,
2008-12-13 16:00,-0.60,-0.45,0.73,-1.06,3.32,0.41,0.18,-1.70,0.71,-2.40,-0.69,0.05,1.05,-0.33,3.30,2.40,1.25,-0.42,-0.90,-0.01,1.67,2.24,-1.40,,1.58,1.52,4.12,1.27,1.12,2.50,3.49,1.99,-2.72,2.46,2.84,2.36,2.89,2.93,-0.45,-1.82,-1.10,-2.20,0.68,2.97,-1.80,-0.03,-1,-0.66,2.02,-1.67,-1.02,-0.69,-1.08,-0.55,-2.11,-1.56,-2.64,-2.90,-3.06,-3.42,-2.22,-3.80,-0.94,0.82,-3.35,1.24,5.34,5.19,3.70,2.14,4.62,-2.99,0.78,-0.66,3.02,1.75,1.20,0.11,-0.10,1.24,0.73,0.10,-0.31,-0.69,1.23,-0.98,-0.45,-0.40,0.22,0.37,-2.55,-0.20,-0.28,-0.40,-0.58,-0.23,-0.81,-0.12,-0.52,-0.38,-0.83,-0.60,1.30,0.58,2.05,-0.55,0.86,0.20,-0.65,-0.73,0.49,-1.95,3.44,1.14,1.39,0.61,0.50,0.17,-0.77,,-2.20,-1.86,-2.20,-2.73,1.13,2.53,2.70,1.50,1.25,0.64,-1.90,-1.90,-0.30,-5.70,4.50,-1.10,-1.30,,0.70,-3.40,-0.40,-0.40,-0.60,0.40,0.40,0.60,-0.90,0.10,-1.10,-0.30,,0.30,1.70,1.70,1.30,1.30,0.50,-0.20,-0.40,-0.70,-0.50,-1.40,2.50,1.60,2.30,0.50,0.40,0.20,-0.90,-1.30,3.20,2.60,1.80,0.70,1.60,0,-1,-1.30,-2.30,2.20,2,2.50,2.30,2.10,2.50,1.40,0.10,-2.20
2008-12-13 16:10,-0.60,-0.56,0.59,-1.20,2.97,0.52,0.20,-1.70,0.82,-2.47,-0.75,0.07,1.03,-0.28,3.12,2.75,1.36,-0.38,-0.90,-0.09,1.51,2.51,-1.61,,1.52,1.36,4.08,1.17,0.90,2.60,3.87,1.20,-2.38,2.46,2.73,2.31,2.78,2.85,-0.53,-2.14,-1.10,-2.11,0.62,2.94,-1.80,-0.17,-1,-0.78,2.13,-1.99,-1.32,-0.81,-1.09,-0.47,-2.20,-1.72,-2.99,-3.10,-3.16,-3.56,-2.42,-4.10,-1.26,0.95,-3.40,1.35,5.20,5.21,3.80,1.98,4.25,-2.57,0.79,-0.67,2.53,1.55,1.20,0,-0.06,1.18,0.73,0.10,-0.38,-0.74,1.08,-1.09,-0.61,-0.50,0.14,0.35,-2.57,-0.26,-0.28,-0.50,-0.91,-0.44,-0.76,-0.03,-0.59,-0.36,-0.87,-0.57,1.06,0.67,2.08,-0.95,0.73,0.20,-0.77,-0.71,0.39,-1.91,3.17,1.05,1.27,0.62,0.50,0.15,-0.88,,-2.30,-1.98,-2.17,-2.88,1.03,2.39,2.60,1.41,1.20,0.47,-1.90,,-0.50,-5.90,4.50,-1.10,-1.30,,,,,,,0.30,0,,-0.90,0.10,-1.20,-0.34,,,,,,,,-0.20,-0.50,-0.80,-0.60,-1.40,,,,,0.40,,-0.90,-1.30,3.20,2.60,1.80,,,0,,,-2.30,,,2.60,2.30,2.20,2.50,1.40,0,
2008-12-13 16:20,-0.50,-0.73,0.70,-1.21,2.86,0.20,0.35,-1.80,1.99,-2.70,-0.82,0.31,1.11,-0.47,2.97,2.92,1.22,-0.29,-1.10,-0.05,1.21,2.41,-1.86,,1.76,1.33,4.03,1.11,1,2.40,4,1.05,-2.18,2.37,2.62,2.28,2.48,2.80,-0.65,-2.36,-0.90,-1.48,0.48,2.85,-2,-0.37,-1,-0.81,1.61,-2.06,-1.57,-0.94,-1.14,-0.60,-2.35,-1.83,-3.31,-3.50,-3.16,-3.70,-2.63,-4.40,-1.31,0.78,-3.68,1.08,5.02,5.11,3.70,1.80,4.24,-1.18,0.80,-0.63,1.90,1.72,1.20,-0.06,-0.03,0.91,1.01,0.20,-0.55,-0.83,0.88,-1,-0.69,-0.50,0.08,0.29,-2.67,-0.27,-0.30,-0.60,-0.80,-0.40,-0.91,-0.04,-0.59,-0.38,-0.93,-0.55,1.08,0.58,1.90,-1.25,0.60,0.20,-0.73,-0.77,0.23,-1.95,2.85,1,1.23,0.51,0.50,0.18,-0.95,,-2.30,-1.92,-2.20,-2.71,1.04,2.40,2.50,1.40,1.37,0.27,-2,,-0.10,-6,4.60,-1.10,-1.40,,,,,,,0.10,0.30,,-0.90,-0.10,-1.10,-0.31,,,,,,,,-0.20,-0.40,-0.80,-0.50,-1.50,,,,,0.30,,-1,-1.40,3.20,2.50,1.80,,,-0.10,,,-2.30,,,2.60,2.20,2.10,2.50,1.40,0,
2008-12-13 16:30,-0.50,-1.06,0.73,-1.38,2.64,-0.20,0.28,-1.80,2.70,-2.91,-0.65,0.64,0.95,-0.34,2.83,2.98,1.68,-0.42,-1.30,-0.60,1.01,1.62,-2.09,,1.83,1.21,3.97,1.08,0.88,2.20,3.78,1.02,-1.84,2.32,2.62,2.27,2.06,2.67,-0.37,-2.46,-1.20,-1.57,0.50,2.87,-1.90,-0.51,-1.10,-1,1.40,-2.16,-1.85,-0.90,-1.06,-0.64,-2.52,-1.94,-3.29,-3.50,-3.31,-3.78,-2.81,-4.40,-1.26,0.57,-3.77,1.23,5.20,5.04,3.50,1.72,4.20,0.55,0.77,-0.74,1.62,1.80,1.10,-0.13,-0.02,0.73,1.19,0.20,-0.75,-0.94,0.71,-0.98,-0.73,-0.60,0.14,0.16,-2.80,-0.30,-0.43,-0.70,-0.73,-0.42,-0.82,0.02,-0.64,-0.40,-0.88,-0.58,1.07,0.67,1.58,-1.63,0.55,0.10,-0.66,-0.84,0.01,-1.92,2.56,1.03,1.34,0.51,0.50,0.10,-0.88,,-2.40,-1.99,-2.24,-2.61,1,2.38,2.60,1.41,1.46,0.20,-2,,-0.30,-5.90,4.30,-1.20,-1.40,,,,,,,0.10,0.80,,-0.90,-0.20,-0.90,-0.41,,,,,,,,-0.10,-0.50,-0.80,-0.50,-1.60,,,,,0.40,,-1.20,-1.50,3.10,2.40,1.80,,,-0.10,,,-2.40,,,2.50,2.20,2,2.40,1.40,-0.10,
2008-12-13 16:40,-0.40,-1.11,0.69,-1.36,2.51,-0.28,0.07,-1.90,2.88,-2.86,-0.54,0.63,1.27,0.19,2.62,3.19,1.53,-0.42,-1,-0.56,1.66,1.20,-2.17,,1.67,1.02,3.99,1.25,0.76,2.20,2.92,0.74,-1.26,2.38,2.62,2.31,1.77,2.63,-0.34,-2.47,-1.60,-1.80,0.45,2.67,-1.60,-0.58,-1.20,-1.19,1.21,-2.18,-1.90,-0.89,-1.11,-0.80,-2.52,-1.99,-3.41,-3.60,-3.54,-4.01,-2.93,-4.60,-1.29,0.42,-3.88,1.30,5,5,3.30,1.51,4.13,0.97,0.85,-0.89,1.13,1.81,1.10,-0.31,-0.04,0.85,1.22,-0.20,-0.87,-1.02,0.69,-1.07,-0.76,-0.60,-0.03,0.09,-2.68,-0.38,-0.59,-0.70,-0.98,-0.42,-0.87,0.10,-0.66,-0.45,-0.97,-0.45,1.13,0.85,1.27,-1.81,0.45,0,-0.61,-0.95,-0.26,-1.91,2.69,1.07,1.31,0.48,0.50,0.08,-0.88,,-2.50,-1.90,-2.34,-2.53,0.84,2.34,2.50,1.36,1.39,0.27,-2.10,,-0.80,-5.60,3.80,-1.40,-1.40,,,,,,,0,0.80,,-0.90,-0.30,-0.70,-0.43,,,,,,,,-0.30,-0.40,-0.80,-0.50,-1.60,,,,,0.40,,-1.30,-1.50,3.10,2.40,1.80,,,-0.20,,,-2.40,,,2.50,2.20,2,2.30,1.40,-0.20,
2008-12-13 16:50,-0.30,-1.26,0.50,-1.44,2.01,-0.40,-0.14,-1.90,2.89,,-0.23,0.63,1.57,0.40,2.34,3.09,2.17,-0.37,-0.70,-0.97,1.98,0.30,-2.09,,1.58,0.93,3.95,1.03,0.45,2.10,2.32,0.36,-0.71,2.17,2.84,2.39,2.33,2.44,-0.46,-2.02,-0.70,-1.58,0.69,2.46,-2,-0.69,-1.30,-1.17,1.29,-2.18,-2.12,-0.90,-1.27,-0.90,-2.74,-2.09,-3.54,-3.50,-3.90,-4.11,-3.10,-4.70,-1.53,0.68,-3.94,1.64,4.99,5.05,3.20,1.35,4.15,1.15,0.83,-0.96,0.75,1.78,1.10,-0.57,-0.20,0.73,1.23,0,-0.80,-1.08,0.48,-1.28,-0.81,-0.60,-0.04,0.08,-2.92,-0.49,-0.70,-0.70,-0.82,-0.54,-0.89,-0.04,-0.68,-0.45,-0.91,-0.54,1.14,0.91,1,-1.73,0.38,-0.20,-0.60,-1.03,-0.46,-1.81,2.43,0.94,1.17,0.47,0.40,-0.10,-0.98,,-2.40,-2,-2.32,-2.43,0.76,2.25,2.50,1.33,1.26,0.12,-2.10,,-1,-5.70,2.60,-1.30,-1.40,,,,,,,-0.10,1,,-1.10,-0.40,-0.70,-0.56,,,,,,,,0,-0.50,-0.70,-0.50,-1.70,,,,,0.40,,-1.30,-1.60,3.10,2.40,1.80,,,-0.20,,,-2.40,,,2.40,2.20,2,2.20,1.30,-0.30,
2008-12-13 17:00,-0.30,-1.41,0.41,-1.63,1.77,-0.54,-0.22,-2.10,3.03,-3,-0.45,-0.02,1.44,0.66,2.23,2.88,1.47,-0.43,-0.60,-1.22,1.94,0.54,-2.24,,1.54,0.89,4.14,1.13,0.45,1.80,2.49,-0.16,-0.86,2.02,2.70,2.30,2.44,2.29,-0.77,-1.51,-0.30,-2.06,0.59,2.06,-2.40,-0.73,-1.30,-1.10,1.64,-2.12,-2.11,-0.94,-1.19,-0.97,-2.75,-2.21,-3.71,-3.80,-3.85,-4.17,-3.34,-4.80,-1.88,0.79,-3.92,1.55,5.21,4.94,3.10,1.30,3.90,0.91,0.78,-1.01,0.75,1.68,1.20,-0.85,-0.30,0.68,1.12,0.10,-0.68,-1.29,0.31,-1.38,-0.88,-0.70,0,-0.04,-3.04,-0.70,-0.84,-0.80,-0.81,-0.53,-0.95,-0.22,-0.73,-0.43,-0.95,-0.60,1.12,0.83,0.66,-1.46,0.20,-0.30,-0.65,-1.11,-0.71,-1.75,2.50,0.91,1.21,0.43,0.30,-0.14,-1.07,,-2.40,-1.95,-2.32,-2.32,0.72,2.10,2.50,1.35,1.33,0.01,-2,-0.20,-1.20,-5.70,2.50,-1.20,-1.50,,1.80,-4.10,-0.60,-1,-0.50,-0.20,0.80,-0.30,-1.20,-0.40,-0.70,-0.70,,0.40,1.70,2,0.90,0.60,0.40,-0.10,-0.60,-0.70,-0.50,-1.70,2.10,1.50,2.50,0,0.40,-0.20,-1.30,-1.60,3,2.40,1.80,0.70,1.60,-0.20,-1.40,,-2.50,2.20,2,2.40,2.20,2,2.10,1.30,-0.50,-2.50
2008-12-13 17:10,-0.30,-1.54,0.56,-1.78,1.90,-0.69,-0.38,-2,2.91,-3.17,-0.63,-0.21,1.27,0.57,2.10,2.93,-0.15,-0.31,-0.60,-1.21,1.93,0.69,-2.45,,1.60,0.88,4.42,1.72,0.29,1.60,2.85,-0.58,-1.28,2.01,2.82,2.07,2.16,2.25,-0.60,-1.70,-0.10,-1.94,0.68,1.73,-2.40,-0.93,-1.40,-1.19,1.43,-2.23,-2.39,-0.90,-1.18,-0.95,-2.75,-2.32,-3.95,-3.80,-3.79,-4.19,-3.72,-4.90,-1.98,0.75,-4.03,1.75,5.29,5,3.10,1.06,3.78,0.86,0.80,-1,0.60,1.58,1.20,-0.99,-0.10,0.69,0.97,-0.10,-0.63,-1.21,0.19,-1.29,-0.98,-0.70,-0.07,-0.15,-3.16,-0.85,-0.88,-0.80,-0.96,-0.51,-1.08,-0.24,-0.77,-0.51,-0.94,-0.60,1.20,0.81,0.49,-1.25,0.11,-0.40,-0.55,-1.23,-0.97,-1.79,2.46,0.92,1.31,0.42,0.30,-0.15,-1.21,,-2.50,-1.84,-2.35,-2.53,0.66,1.96,2.30,1.33,1.34,0.03,-2,,-1.30,-5.50,2.60,-1.40,-1.50,,,,,,,-0.30,0.90,,-1.20,-0.30,-0.60,-0.57,,,,,,,,-0.10,-0.60,-0.60,-0.80,-1.70,,,,,0.30,,-1.20,-1.60,3,2.40,,,,-0.20,,,-2.50,,,2.40,2.10,1.90,2.10,1.20,-0.60,
2008-12-13 17:20,-0.40,-1.58,0.96,-1.71,2,-0.93,-0.56,-1.60,2.72,-3.38,-0.75,-0.03,0.97,-0.07,1.71,3.05,-0.13,-0.48,-0.70,-1.11,2.05,0.47,-2.47,,1.63,0.79,4.05,1.43,-0.28,1.90,3.01,-0.60,-1.44,2.14,2.82,2.07,2.12,2.21,-0.64,-1.84,-0.20,-2.07,0.64,1.23,-2.60,-1.06,-1.40,-1.30,1.13,-2.26,-2.55,-0.97,-1.13,-0.99,-2.82,-2.31,-4.26,-4.10,-4.01,-4.05,-3.81,-5.10,-2.24,0.64,-3.99,1.80,4.95,4.84,3,1.16,3.99,0.97,0.76,-1.03,0.30,1.50,1.20,-0.98,-0.10,0.59,0.89,-0.30,-0.70,-1.27,0.04,-1.25,-1.05,-0.70,-0.14,-0.20,-3.13,-0.98,-0.96,-0.70,-1.04,-0.44,-1.08,-0.33,-0.82,-0.54,-1.02,-0.50,1.12,0.82,0.40,-1.25,0.04,-0.50,-0.41,-1.17,-1,-1.79,2.43,0.83,1.29,0.23,0.30,-0.20,-1.43,,-2.70,-1.93,-2.35,-2.52,0.48,2,2.30,1.14,1.12,0,-2,,-1.40,-5.20,2.30,-1.50,-1.70,,,,,,,-0.40,0.70,,-1.20,-0.30,-0.70,-0.57,,,,,,,,0,-0.70,-0.40,-0.80,-1.60,,,,,0.20,,-1.30,-1.70,2.80,2.40,1.80,,,-0.30,,,-2.50,,,2.40,2,1.80,2.10,1.10,-0.70,
2008-12-13 17:30,-0.40,-1.77,1.53,-1.70,2.30,-0.99,-0.62,-1.60,1.70,-3.59,-0.48,-0.29,1.11,-0.29,2,3.18,0.42,-0.53,-0.70,-1.04,1.95,0.63,-2.70,,1.47,0.78,3.99,1.01,-0.60,1.90,2.73,-0.80,-1.70,2.20,2.54,2,1.92,2.01,-0.24,-2.26,-0.70,-2,0.61,0.64,-3,-0.92,-1.60,-1.43,1.25,-2.49,-2.46,-1.01,-1.26,-1.02,-2.91,-2.24,-4.31,-4,-3.99,-3.79,-4,-5.30,-2.45,0.64,-3.84,1.59,5.10,4.51,3.10,1.22,3.95,1.16,0.66,-1.04,0.05,1.46,1.30,-0.82,0,0.76,0.86,-0.40,-0.84,-1.33,0.12,-1.33,-1.14,-0.70,-0.17,-0.30,-3.23,-1,-1.02,-0.80,-1.06,-0.41,-1.06,-0.34,-0.81,-0.52,-0.96,-0.42,1.05,0.79,0.37,-1.58,0.04,-0.50,-0.08,-1.18,-1.10,-1.71,2.42,0.83,1.25,0.06,0.20,-0.35,-1.60,,-2.60,-1.99,-2.38,-2.55,0.50,1.90,2.20,1.01,1.16,-0.07,-2.10,,-1.50,-5.20,1.70,-1.50,-1.90,,,,,,,-0.50,0.70,,-1.30,-0.30,-0.80,-0.56,,,,,,,,-0.10,-0.50,-0.20,-0.80,-1.60,,,,,0.20,,-1.30,-1.70,2.60,2.40,1.90,,,-0.30,,,-2.50,,,2.30,2,1.70,2,1.10,-0.80,
2008-12-13 17:40,-0.40,-1.86,2.32,-1.76,1.80,-1.17,-0.62,-1.70,0.45,-3.64,-0.33,-0.18,1.52,-0.57,2.10,3.31,1.09,-0.69,-0.80,-0.86,1.91,0.95,-2.76,,1.45,0.63,4.28,0.56,-0.71,1.90,2.39,-0.90,-1.74,2.17,2.63,1.90,1.54,2.03,-0.21,-2.25,-0.50,-1.96,0.66,-0.13,-3.10,-1.03,-1.80,-1.55,1.24,-2.46,-2.70,-1.01,-1.30,-1.05,-3.02,-2.40,-4.21,-4.20,-4.55,-3.80,-3.96,-5.60,-2.68,0.79,-4,1.77,4.82,4.35,3.40,1.14,3.80,1.22,0.79,-1.08,0.02,1.53,1.30,-0.80,-0.10,0.80,0.74,-0.40,-0.85,-1.32,0.05,-1.22,-0.98,-0.70,-0.11,-0.37,-3.19,-1.06,-1.07,-0.70,-1.08,-0.48,-1.06,-0.41,-0.72,-0.51,-1.03,-0.44,1.01,0.87,0.20,-1.75,-0.04,-0.60,-0.15,-1.25,-1.24,-1.82,2.43,0.85,1.13,0.07,0.10,-0.40,-1.84,,-2.60,-1.92,-2.34,-2.43,0.66,1.92,2.20,0.81,1.21,-0.05,-2.10,,-1.50,-5.30,1.90,-1.50,-1.80,,,,,,,-0.50,0.50,,-1.30,-0.40,-0.90,-0.45,,,,,,,,-0.10,-0.60,-0.10,-0.90,-1.70,,,,,0.10,,-1.30,-1.80,2.40,2.40,1.80,,,-0.30,,,-2.50,,,2.30,1.90,1.60,2,1.10,-1,
2008-12-13 17:50,-0.60,-1.92,2.88,-1.71,2.20,-1.27,-0.37,-1.90,0.30,-3.65,-0.32,-0.24,1.63,-0.55,1.94,3.04,1.90,-0.64,-0.70,-0.85,1.89,0.76,-2.68,,1.39,0.49,4.20,0.44,-0.91,1.90,2.36,-1.29,-1.85,2.17,2.67,1.85,0.95,1.99,-0.96,-2.26,-1,-1.90,0.61,-0.77,-3.40,-0.98,-1.90,-1.65,1.22,-2.41,-2.93,-0.94,-1.27,-1.08,-3.01,-2.30,-4.28,-4.20,-4.59,-4.08,-4.27,-5.70,-2.86,0.57,-4.21,1.84,4.78,4.60,3.40,1.06,3.71,1.50,0.79,-1.12,0.03,1.64,1.20,-0.86,-0.10,0.70,0.51,-0.50,-0.85,-1.53,-0.01,-1.43,-1.10,-0.70,-0.11,-0.35,-3.20,-1.11,-1.17,-0.80,-0.87,-0.67,-1.03,-0.36,-0.77,-0.57,-1.13,-0.45,1.06,0.69,0.23,-1.60,-0.09,-0.60,-0.23,-1.09,-1.33,-1.82,2.53,0.91,1.02,0.02,0,-0.34,-2.08,,-2.60,-2.10,-2.35,-2.23,0.65,1.83,2.10,0.68,1.02,-0.19,-2.20,,-1.50,-5.20,1.20,-1.40,-1.90,,,,,,,-0.60,0.40,,-1.30,-0.40,-0.90,-0.45,,,,,,,,-0.20,-0.60,0,-0.80,-1.80,,,,,0.10,,-1.30,-1.80,2.20,2.50,1.80,,,-0.30,,,-2.40,,,2.30,1.90,1.50,2,1,-1.10,
2008-12-13 18:00,0,-1.98,2.62,-2,2,-1.44,-0.43,-2,0.50,-3.81,-0.63,-0.31,2.19,-1,1.58,3,2,-0.65,0,-0.53,2,1.09,-2.43,-2,1,0,3.81,0.42,-1,2,2,-1,-1.71,2,2.42,2,1,2,-1,-3,-1,-2,1,-1,-3.20,-1.03,-2,-1.58,1.10,-2.38,-1,-1,-1.22,-1.13,-2.89,-2,-2,-4,-3,-4.25,-4.31,-6,-2.75,0.51,-4.30,1.89,4.83,4.52,3.50,1.01,3.60,1.55,0.78,-1.06,0.66,1.57,1.30,-0.76,-0.20,0.59,-2,-0.60,-1,-1.81,-0.22,-1.49,2,-0.70,-0.16,-0.35,-3.20,-1.17,-1,-0.80,-1.16,-0.66,-1.08,-0.29,-0.77,-0.52,-1.14,-0.51,0.93,0.54,0.21,-1.51,-0.18,-0.70,-0.24,-1.07,-1.50,-1.83,2.52,0.82,0.86,-0.04,0,-0.37,-2.20,,-2.60,-1.91,-2.33,-2.16,0.60,2.10,2,0.66,1.20,-0.26,-2.20,-1,-2,-5,1.20,-1.40,-2.10,-0.70,0.90,-4,-0.60,-1.90,-0.70,-0.60,0,-0.70,-1.30,-0.40,-1,-0.60,,0.40,1.50,1.60,1.10,0.20,-0.20,-0.20,-0.80,0.10,-0.90,-1.90,1.90,1.60,2.50,0.10,0,0,-1.30,-2,2.20,2.50,1.80,0.60,1.70,-0.40,-1.50,-1.70,-2.30,2,1.60,2.20,1.80,1.40,2,1,-1.10,-2.50
2008-12-13 18:10,-0.90,-2.17,2.50,-1.94,2.40,-1.44,-0.27,-2.10,0.80,-3.93,-0.74,0.12,1.64,0.07,1.30,2.84,2.01,-0.53,-0.30,-0.65,2.04,0.80,-2.44,,1.30,0.39,3.83,0.36,-0.99,1.50,2.62,-1.42,-1.54,2.21,2.36,2.12,-0.24,1.82,-0.72,-2.33,-1.70,-1.21,0.66,-0.71,-3.10,-1.15,-1.90,-1.63,1.04,-2.59,-3.02,-0.94,-1.20,-1.13,-2.92,-2.51,-4.65,-4.50,-4.91,-4.42,-4.46,-5.90,-2.94,0.53,-4.54,2.05,4.91,4.35,3.40,1.02,3.58,1.74,0.78,-1.14,0.73,1.55,0.90,-0.75,-0.30,0.44,0.14,-0.32,-1.10,-1.75,-0.29,-1.61,-1.23,-0.70,-0.24,-0.50,-3.24,-1.18,-1.18,-0.90,-1.14,-0.72,-1.22,-0.24,-0.74,-0.54,-1.15,-0.66,0.88,0.44,0.17,-1.43,-0.37,-0.70,-0.34,-1.08,-1.39,-1.80,2.51,0.74,0.65,-0.10,0,-0.41,-2.28,,-2.60,-1.90,-2.31,-2.24,0.52,1.76,2.10,0.60,0.86,-0.24,-2.30,,-1.70,-5,0.90,-1.70,-2,,,,,,,-0.70,0.10,,-1.30,-0.40,-1.10,-0.54,,,,,,,,-0.40,-0.90,0.20,-0.90,-1.80,,,,,0,,-1.20,-1.90,2.20,2.50,,,,-0.40,,,-2.40,,,2.10,1.60,1.30,1.90,0.90,-1.20,
2008-12-13 18:20,-1,-2.42,2.45,-1.93,2.60,-1.52,-0.20,-2,1.52,-3.95,-0.92,0.26,1.26,0.09,0.94,2.59,2.07,-0.52,-0.40,-0.80,2.21,1.07,-2.54,,1.21,0.40,3.63,0.22,-1.25,1.30,2.36,-1.64,-1.51,2.31,2.50,2.34,1.27,1.98,-0.30,-2.84,-1.20,-1.16,0.92,-1.22,-3.40,-1.15,-2,-1.83,1.31,-2.73,-3.21,-0.98,-1.25,-1.24,-2.92,-2.55,-4.86,-4.70,-4.76,-4.67,-4.56,-6,-3.22,0.59,-4.70,2.45,5.02,4.34,3.50,1.21,3.64,1.92,0.67,-1.12,0.98,1.36,0.60,-0.64,-0.40,0.34,-0.08,-0.36,-1.07,-1.66,-0.33,-1.55,-1.27,-0.80,-0.21,-0.47,-3.25,-1.22,-1.29,-0.80,-1.11,-0.74,-1.27,-0.21,-0.71,-0.54,-1.20,-0.58,1.01,0.38,0.11,-1.41,-0.38,-0.80,-0.42,-1,-1.40,-1.80,2.44,0.76,0.61,-0.19,-0.10,-0.52,-2.38,,-2.60,-1.80,-2.29,-2.23,0.47,1.71,2.20,0.61,0.47,-0.30,-2.30,,-1.80,-5.10,0.50,-1.70,-2,,,,,,,-0.80,0.30,,-1.30,-0.40,-1.20,-0.66,,,,,,,,-0.50,-1,0.10,-0.90,-2,,,,,-0.10,,-1.20,-2,2.10,2.60,1.80,,,-0.40,,,-2.40,,,2,1.50,1.30,2,0.70,-1.30,
2008-12-13 18:30,-1.30,-2.35,2.80,-2.08,2.70,-1.59,-0.32,-2.20,2.39,-3.82,-0.62,0.52,1.18,-0.27,1.61,2.47,2,-0.55,-0.40,-0.87,2.09,1.04,-2.74,,1.13,0.48,3.16,0.46,-0.90,1.30,2.38,-1.53,-1.46,2.22,2.26,2.25,1.46,1.98,-0.08,-2.64,-1.30,-1.03,1.41,-1.44,-3.50,-1.27,-2.20,-2,0.65,-2.50,-3.56,-0.95,-1.33,-1.32,-2.83,-2.61,-4.80,-4.70,-4.91,-4.87,-4.76,-6.40,-3.28,0.74,-4.80,1.95,4.93,4.20,3.40,1.18,3.77,2.03,0.62,-0.89,1.05,1.23,0.60,-0.77,-0.50,0.41,-0.31,-0.40,-1.06,-1.81,-0.49,-1.50,-1.28,-0.80,-0.22,-0.54,-3.14,-1.26,-1.32,-0.80,-0.98,-0.82,-1.28,-0.22,-0.78,-0.57,-1.09,-0.57,1.03,0.20,0.07,-1.52,-0.50,-0.70,-0.57,-0.86,-1.23,-1.91,2.55,0.79,0.45,-0.23,-0.20,-0.68,-2.47,,-2.50,-2.01,-2.20,-2.51,0.48,1.57,2.10,0.59,0.58,-0.34,-2.40,,-1.80,-5,0,-1.70,-2.10,,,,,,,-0.90,0.50,,-1.30,-0.40,-1.30,-0.60,,,,,,,,-0.50,-1.10,0,-1,-2,,,,,-0.10,,-1.20,-2,2.20,2.50,1.90,,,-0.60,,,-2.40,,,2,1.50,1.30,2,0.50,-1.30,
2008-12-13 18:40,-1.40,-2.50,3.49,-1.99,2.50,-1.66,-0.66,-2,2.40,-3.79,-0.28,-0.34,1.20,-0.80,1.34,2.48,2.05,-0.53,-0.50,-1.22,2.10,1.02,-2.98,,1.06,0.40,3.17,0.46,-0.90,1.70,1.93,-1.57,-1.50,2.28,2.14,2.38,1.52,1.99,-0.42,-2.60,-0.80,-1.06,1.52,-1.38,-3.60,-1.34,-2.30,-2.06,0.63,-2.10,-3.63,-0.96,-1.25,-1.35,-2.82,-2.63,-4.96,-4.90,-4.86,-4.97,-4.91,-6.30,-3.48,0.72,-4.79,1.24,4.96,4.09,3.40,0.98,3.76,1.99,0.52,-0.82,1.44,0.98,0.60,-0.53,-0.50,0.27,-0.28,-0.45,-1.17,-1.87,-0.67,-1.59,-1.31,-0.80,-0.26,-0.54,-3.08,-1.27,-1.32,-0.90,-0.97,-0.75,-1.17,-0.36,-0.75,-0.55,-1.17,-0.55,1.03,-0.08,0.02,-1.71,-0.54,-0.50,-0.68,-0.78,-1.06,-1.89,2.54,0.78,0.45,-0.33,-0.20,-0.73,-2.58,,-2.60,-2.14,-2.13,-2.31,0.51,1.53,2.20,0.57,0.54,-0.37,-2.30,,-1.90,-4.80,0.10,-1.80,-2.30,,,,,,,-1,0.40,,-1.30,-0.60,-1.20,-0.52,,,,,,,,-0.60,-1.10,-0.20,-1,-2,,,,,-0.20,,-1.20,-2,2.20,2.60,1.90,,,-0.60,,,-2.30,,,2,1.40,1.20,1.90,0.50,-1.30,
2008-12-13 18:50,-1.40,-2.68,3.25,-1.99,1.90,-1.69,-0.84,-2,2.74,-4.07,-0.34,-0.25,1.11,-0.74,1.10,2.43,2.15,-0.66,-0.70,-0.91,2.28,1.30,-3.08,,0.93,0.51,3.52,0.48,-1.10,1.30,1.74,-1.65,-1.59,2.30,2.08,2.50,1.46,1.74,-0.47,-2.54,0,-1.11,1.45,-1.50,-3.30,-1.42,-2.30,-2.08,0.52,-1.19,-2.41,-1.07,-1.39,-1.34,-2.73,-2.91,-5.17,-4.80,-4.81,-5.19,-4.89,-6.40,-3.18,0.68,-4.91,1.51,5.26,4.11,3.10,0.93,3.70,2.11,0.46,-0.90,2.10,0.89,0.60,-0.83,-0.50,0.13,-0.23,-0.60,-1.14,-1.88,-0.70,-1.57,-1.32,-0.90,-0.29,-0.53,-3.33,-1.27,-1.30,-0.90,-0.92,-0.72,-1.18,-0.29,-0.71,-0.54,-1.24,-0.56,0.95,-0.07,-0.03,-1.54,-0.59,-0.50,-0.76,-0.71,-0.94,-1.84,2.54,0.70,0.49,-0.40,-0.30,-0.74,-2.67,,-2.60,-2.03,-2.10,-2.06,0.44,1.43,2.10,0.61,0.55,-0.47,-2.30,,-1.90,-4.40,0.40,-1.80,-2.30,,,,,,,-1,0.30,,-1.40,-0.70,-1.30,-0.50,,,,,,,,-0.70,-1.20,-0.20,-1,-2.10,,,,,-0.30,,-1.20,-2.10,2.20,2.60,1.90,,,-0.70,,,-2.40,,,1.90,1.40,1.10,1.80,0.40,-1.30,
2008-12-13 19:00,-1.50,-2.77,3.43,-2.11,2,-1.69,-0.97,-2,2.91,-3.97,0.78,0.18,1.13,-0.95,1.17,2.48,2.07,-0.63,-1.10,-1.09,2.23,0.91,-3.20,,0.69,0.63,3.48,0.68,-1.50,1.20,1.56,-1.74,-1.64,2.48,2.32,2.52,1.26,1.46,-0.53,-2.99,0.90,-1.10,1.78,-1.76,-3.30,-1.41,-2.40,-2.13,0.76,-0.50,-2.22,-0.99,-1.42,-1.36,-2.76,-2.89,-4.68,-5,-5.16,-5.45,-5.10,-6.50,-3.38,0.59,-5.03,1.73,5.21,4.08,3.20,1.05,3.74,2.27,0.39,-0.39,2.86,0.76,0.70,-0.81,-0.30,0.19,-0.30,-0.70,-1.20,-1.87,-0.87,-1.59,-1.36,-0.90,-0.24,-0.54,-3.21,-1.35,-1.35,-0.80,-0.86,-0.73,-1.21,-0.29,-0.73,-0.52,-1.07,-0.59,1,-0.08,-0.08,-1.04,-0.71,-0.50,-0.80,-0.69,-0.80,-1.93,2.56,0.59,0.55,-0.48,-0.30,-0.59,-2.77,,-2.60,-1.98,-2.11,-2.27,0.53,1.35,2,0.61,0.58,-0.66,-2.20,1,-1.80,-5,0.30,-1.80,-2.30,-0.70,3.60,-3.70,-0.70,-2.30,-0.60,-1.10,0.30,-0.90,-1.30,-0.70,-1.40,-0.60,,0.50,1.30,0.90,-0.20,-0.30,-0.70,-0.80,-1.20,-0.50,-1.10,-2.20,1.90,1.80,1.40,-0.40,-0.20,0.10,-1.20,-2.10,2.20,2.70,1.90,0.60,1.50,-0.90,-1.80,,-2.40,,1.70,1.90,1.40,1.10,1.80,0.30,-1.40,-2.60
2008-12-13 19:10,-1.70,-2.83,3.71,-2.16,1.90,-1.83,-1.17,-2.20,1.72,-3.92,2.64,0.47,1.21,-1.39,1.35,2.40,2.27,-0.71,-1.30,-1.54,2.34,0.51,-3.22,,0.71,0.90,3.24,0.69,-1.38,1.20,2.10,-2.05,-1.59,2.62,2.94,2.54,1.47,2.37,-0.49,-3.11,1.30,-0.78,2.01,-1.75,-3.40,-1.46,-2.30,-2.21,0.94,-0.77,-1.52,-0.99,-1.32,-1.44,-2.88,-2.84,-5.24,-5.20,-4.90,-5.63,-5.31,-6.60,-3.63,0.42,-5.25,1.46,5.15,4,3.40,1.07,3.80,2.41,0.40,-0.14,3.32,0.46,0.70,-0.72,-0.23,0.21,-0.47,-0.70,-1.41,-1.75,-0.61,-1.62,-1.33,-0.90,-0.23,-0.68,-3.26,-1.33,-1.34,-0.90,-0.96,-0.80,-1.19,-0.28,-0.78,-0.56,-1.02,-0.58,1.08,-0.25,-0.06,-0.45,-0.74,-0.40,-0.87,-0.65,-0.76,-1.91,2.56,0.63,0.45,-0.59,-0.40,-0.59,-2.70,,-2.70,-2.07,-2.04,-2.20,0.45,1.30,2,0.42,0.43,-0.81,-2.10,,-1.80,-4.80,0,-1.70,-2.40,,,,,,,-1.10,0,,-1.30,-0.70,-1.30,-0.52,,,,,,,,-0.90,-1.30,-0.50,-1.10,-2.20,,,,,-0.30,,-1.20,-2.20,2.30,2.60,,,,-0.90,,,-2.30,,,1.90,1.30,1.10,1.80,0.30,-1.50,
2008-12-13 19:20,-1.80,-2.95,3.69,-2.17,2.20,-1.91,-1.22,-2.50,1.35,-4.08,2.24,0.01,0.98,-1.36,1.19,2.06,2.16,-0.64,-1.60,-1.37,2.41,0.93,-3.23,,0.81,1.42,3.17,0.61,-1.32,1.40,2.37,-2.25,-1.67,2.40,3.17,2.50,1.72,2.69,-0.13,-2.79,0.80,-0.74,1.94,-1.45,-3.50,-1.44,-2.20,-2.22,1.02,-1.27,-2.06,-0.83,-1.31,-1.50,-2.95,-2.90,-5.20,-5.30,-5.04,-5.80,-5.31,-6.90,-3.64,0.48,-5.43,1.60,5.05,4.02,3.40,1.16,3.73,2.35,0.42,0.14,3.41,0.49,0.60,-0.51,-0.22,0.04,-0.55,-0.60,-1.29,-1.61,-0.61,-1.73,-1.40,-1,-0.29,-0.69,-3.30,-1.35,-1.32,-0.90,-1.10,-0.78,-1.17,-0.33,-0.76,-0.63,-1.08,-0.59,1.03,-0.48,-0.30,-0.16,-0.75,-0.30,-0.91,-0.54,-0.82,-1.93,2.55,0.58,0.23,-0.62,-0.50,-0.69,-2.86,,-2.60,-2.14,-2.10,-2.06,0.33,1.30,1.90,0.27,0.39,-0.91,-1.90,,-1.50,-4.60,0,-1.70,-2.40,,,,,,,-1.10,-0.10,,-1.40,,-1.30,-0.59,,,,,,,,-0.90,-1.30,-0.60,-1,-2.30,,,,,-0.30,,-1.30,-2.20,2.20,2.70,1.90,,,-1,,,-2.30,,,1.90,1.40,1.10,1.70,0.20,-1.50,
2008-12-13 19:30,-1.90,-2.98,4,-2.15,2.30,-1.81,-1.28,-2.50,1.23,-4.20,1.71,0.11,1.04,-1.72,0.88,2.02,2.22,-0.54,-1.90,-1.31,2.74,1.31,-3.29,,0.78,1.32,3.20,0.19,-1.18,1.30,1.82,-2.46,-1.76,2.45,3.29,2.58,1.20,2.65,-0.11,-2.97,1.20,-0.61,2.02,0.51,-3.60,-1.41,-2.20,-2.15,1.35,-1.01,-2.09,-0.74,-1.38,-1.41,-2.85,-3.10,-4.78,-5.30,-5.27,-5.80,-5.45,-6.70,-3.61,0.53,-5.40,1.72,5.11,4.06,3.20,1.06,3.64,2.25,0.37,0.44,3.62,0.47,0.60,0.45,-0.29,-0.03,-0.42,-0.70,-1.33,-1.74,-0.70,-1.71,-1.41,-1,-0.28,-0.75,-3.34,-1.37,-1.46,-0.80,-0.89,-0.74,-1.19,-0.19,-0.85,-0.62,-1.18,-0.63,1.08,-0.56,-0.33,-0.03,-0.80,-0.30,-0.90,-0.54,-0.77,-2,2.56,0.47,-0.11,-0.57,-0.70,-0.85,-2.90,,-2.60,-2.10,-1.99,-2.06,0.33,1.33,2,0.27,0.21,-1.04,-2.10,,-1.90,-4.10,-0.20,-1.90,-2.20,,,,,,,-1.10,-0.30,,-1.30,-0.70,-1.40,-0.53,,,,,,,,-1,-1.30,-0.80,-1,-2.30,,,,,-0.20,,-1.30,-2.30,2.20,2.70,2,,,-1,,,-2.30,,,1.90,1.30,1.10,1.80,0.10,-1.50,
2008-12-13 19:40,-2,-2.78,4.10,-2.28,2.60,-2.09,-1.40,-2.70,1.42,,-0.05,0.73,0.82,-1.74,0.52,2.09,2.15,-0.40,-2.20,-1,2.96,2.07,-3.36,,0.84,1.34,3.51,0.31,-1.44,1,1.67,-2.56,-1.83,2.33,3.30,2.58,0.12,2.70,-0.18,-3.18,1.10,-0.89,1.99,2.61,-3.50,-1.49,-2.10,-2.01,1.32,-1.43,-1.21,-0.78,-1.37,-1.35,-2.81,-3.19,-5.15,-5.50,-5.30,-5.85,-5.57,-7,-3.64,0.46,-5.36,2.04,5.16,4.06,3.10,0.98,3.54,2.49,0.39,0.74,3.89,0.51,0.30,1.62,-0.38,0.09,-0.32,-1,-1.44,-1.78,-0.55,-1.65,-1.29,-1,-0.40,-0.70,-3.30,-1.40,-1.52,-0.80,-1.22,-0.75,-1.26,-0.13,-0.77,-0.62,-1.13,-0.63,0.88,-0.67,-0.18,-0.03,-0.87,-0.30,-0.91,-0.58,-0.57,-2.01,2.58,0.37,-0.15,-0.54,-0.90,-0.85,-2.93,,-2.60,-1.93,-1.99,-2.08,0.40,1.27,1.90,0.24,0.16,-1,-2.20,,-1.70,-3.80,-0.50,-2,-2.10,,,,,,,-1.10,-0.40,,-1.50,-0.80,-1.30,-0.60,,,,,,,,-1.20,-1.30,-0.80,-1,-2.40,,,,,-0.20,,-1.40,-2.20,2.20,2.70,2,,,-1,,,-2.40,,,1.90,1.20,1,1.70,-0.20,-1.50,
2008-12-13 19:50,-2,-2.87,3.96,-2.23,2.60,-2.18,-1.46,-2.70,1.67,,-0.56,0.67,0.89,-1.84,0.02,1.65,2,-0.24,-2.40,-0.71,3.05,2.52,-3.38,,0.69,1.34,3.28,0.26,-1.32,1.10,1.96,-2.83,-1.77,2.26,3.17,2.73,0.16,3.07,-0.29,-3.26,1.10,-1.42,1.63,2.78,-3.40,-1.51,-2.10,-2.03,1.12,-1.96,-1.37,-0.85,-1.32,-1.45,-2.80,-3.23,-5.44,-5.60,-5.42,-5.93,-5.54,-7.20,-3.39,0.37,-5.38,2.12,5.32,4.02,3.10,0.90,3.51,2.55,0.51,1.17,4.10,0.68,-0.30,2.52,-0.74,-0.20,-0.38,-1.10,-1.39,-1.94,-0.42,-1.64,-1.42,-1.10,-0.46,-0.80,-3.24,-1.47,-1.53,-0.90,-1.07,-0.89,-1.35,-0.07,-0.74,-0.58,-1.06,-0.59,0.85,-0.75,-0.21,-0.09,-0.95,-0.30,-0.95,-0.77,-0.67,-2.04,2.63,0.23,-0.30,-0.55,-1,-0.85,-2.91,,-2.70,-1.81,-2.01,-2,0.52,1.37,1.80,-0.02,0.22,-0.83,-2.30,,-1.40,-4,-0.60,-2.10,-2.20,,,,,,,-1.10,-0.70,,-1.40,-0.80,-1.40,-0.66,,,,,,,,-1.10,-1.40,-1,-1.10,-2.40,,,,,-0.10,,-1.40,-2.40,2.30,2.70,2,,,-1,,,-2.30,,,1.90,1.20,1,1.60,-0.30,-1.50,
2008-12-13 20:00,-2.10,-2.74,4.26,-2.38,2.40,-1.83,-1.66,-2.50,1.84,-4.37,-0.45,0.73,0.96,-1.98,-0.42,1.33,1.83,-0.33,-2.40,-0.73,2.71,1.99,-3.44,,0.61,1.32,3.06,0.04,-1.33,1.10,1.96,-2.87,-1.90,2.30,3.13,2.98,0.09,3.14,0.15,-3.41,0.90,-1.32,1.13,2.93,-3.40,-1.56,-2,-2.14,1.23,-2.41,-0.97,-0.85,-1.43,-1.41,-2.86,-3.39,-5.42,-5.60,-5.33,-5.84,-5.62,-7.40,-3.39,0.34,-5.51,1.92,5.41,4.09,2.80,1,3.64,2.50,0.53,1.67,4.21,0.72,-0.50,2.78,-0.98,-0.20,-0.65,-1,-1.42,-2,-0.31,-1.65,-1.41,-1.10,-0.47,-0.82,-3.26,-1.48,-1.53,-0.90,-1.17,-0.79,-1.41,-0.11,-0.76,-0.66,-1.09,-0.58,0.82,-0.47,-0.26,-0.14,-0.92,-0.40,-1.02,-0.82,-0.67,-2.15,2.77,0.15,-0.34,-0.55,-1.10,-0.86,-2.92,,-2.70,-1.99,-2.01,-2,0.54,1.33,1.70,-0.06,0.11,-1.14,-2.30,0.20,-1.90,-4.20,-0.50,-2,-2.10,-0.70,4.80,-3.90,-0.20,-1.90,-0.70,-1.10,-0.90,-0.80,-1.40,-0.90,-1.30,-0.60,,0.60,0.80,0.30,-0.50,-0.60,-1.10,-1.20,-1.50,-1,-1.10,-2.40,2.20,2.20,0.50,-0.50,0,-0.30,-1.50,-2.40,2.30,2.80,2.10,,1.10,-1,-1.80,-1.20,-2.40,2,1.50,1.90,1.20,0.90,1.40,-0.50,-1.50,-2.60
2008-12-13 20:10,-2.20,-2.72,4.15,-2.37,2.40,-1.81,-1.84,-2.50,1.95,-4.43,-0.36,0.46,0.67,-1.82,-0.62,1.22,1.57,-0.46,-2.50,-0.94,2.65,1.79,-3.33,,0.43,1.27,3.09,0.24,-1.36,1.10,1.88,-2.78,-1.86,2.23,3.27,3.03,-0.18,3.26,0.06,-3.43,0.70,-1.17,1.04,2.85,-3.20,-1.59,-2.20,-2.08,0.99,-2.44,-1.80,-0.83,-1.46,-1.55,-2.91,-3.47,-5.59,-5.70,-5.46,-5.92,-5.67,-7.50,-3.61,0.26,-5.83,1.83,5.48,4.14,2.90,0.90,3.58,2.66,0.37,1.93,4.23,0.58,-0.50,3.60,-0.90,-0.07,-0.80,-1,-1.46,-1.96,-0.49,-1.73,-1.39,-1.10,-0.42,-0.93,-3.41,-1.53,-1.49,-0.90,-1.24,-0.77,-1.41,-0.09,-0.77,-0.75,-1.08,-0.74,0.86,-0.22,-0.31,-0.22,-0.95,-0.40,-1.10,-0.87,-0.55,-2.19,2.73,0.17,-0.40,-0.59,-1,-0.98,-2.92,,-2.80,-1.98,-1.91,-2.14,0.56,1.25,1.70,-0.26,-0.14,-1.15,-2.10,,-2.20,-4.40,-0.50,-2,-2.30,,,,,,,-1.20,-0.70,,-1.40,-0.80,-1.40,-0.57,,,,,,,,-1.30,-1.50,-1.10,-1.20,-2.40,,,,,-0.10,,-1.50,-2.30,2.30,2.80,,,,-1,,,-2.50,,,1.80,1.20,1,1.40,-0.60,-1.40,
2008-12-13 20:20,-2.30,-2.76,3.94,-2.37,1.90,-1.93,-1.97,-2.70,2.05,-4.49,-0.73,0.27,0.55,-1.84,-0.92,1.56,1.61,-0.25,-2.70,-0.77,2.83,2.61,-3.22,,0.37,1.02,3.20,0.19,-1.52,1.10,1.70,-3.02,-1.91,2.23,3.24,2.94,-0.48,3.20,-0.34,-3.84,0.70,-0.80,1.11,2.84,-3.50,-1.65,-2.40,-2.10,1.18,-3.08,-1.75,-0.85,-1.58,-1.62,-3.02,-3.47,-5.86,-5.80,-5.48,-6.05,-5.67,-7.50,-3.88,0.26,-5.89,1.82,5.43,4.04,3,0.89,3.60,2.81,0.35,2.39,4.16,0.54,-0.90,4.27,-0.90,-0.17,-1.15,-1,-1.47,-2.01,-0.49,-1.78,-1.34,-1.10,-0.50,-0.87,-3.34,-1.48,-1.49,-0.90,-1.23,-0.86,-1.49,-0.11,-0.80,-0.83,-1.09,-0.78,0.95,0.20,-0.39,-0.29,-0.98,-0.40,-1.09,-0.97,-0.68,-2.29,2.75,0.14,-0.36,-0.57,-0.80,-1.03,-2.82,,-2.70,-2.05,-1.96,-2.15,0.56,1.22,1.60,-0.32,-0.15,-1.18,-2.10,,-1.80,-4.60,-0.90,-2.10,-2.40,,,,,,,-1.20,-0.90,,-1.40,-0.80,-1.30,-0.51,,,,,,,,-1.30,-1.60,-1.30,-1.20,-2.60,,,,,-0.10,,-1.50,-2.30,2.30,2.80,2.10,,,-1,,,-2.50,,,1.80,1,1,1.30,-0.60,-1.50,
2008-12-13 20:30,-2.30,-2.81,3.61,-2.31,1.80,-2.03,-2.08,-2.70,2.32,-4.51,-0.51,0.16,0.27,-1.89,-1.07,1.66,1.66,-0.35,-2.90,-1.11,2.99,3.09,-3.39,,0.35,1.04,3.19,0.19,-1.62,1.40,2.41,-3.22,-2.08,2.17,3.05,2.85,-0.97,3.09,-0.98,-3.95,0.60,-0.86,1.33,3.03,-3.60,-1.68,-2.40,-2.21,1.19,-3.29,-1.89,-0.90,-1.62,-1.78,-3.11,-3.39,-6.02,-5.50,-5.63,-6.13,-5.78,-7.70,-3.88,0.07,-5.97,1.77,5.37,4.10,3,0.87,3.67,2.79,0.47,2.60,4.12,0.54,-1.10,2.54,-1,-0.27,-0.95,-1,-1.33,-2.08,-0.41,-1.75,-1.43,-1.10,-0.59,-0.71,-3.57,-1.48,-1.55,-0.90,-1.13,-0.91,-1.53,-0.13,-0.84,-0.90,-1.17,-0.73,0.88,0.15,-0.45,-0.34,-1.05,-0.50,-1.02,-0.98,-0.79,-2.29,2.87,-0.07,-0.27,-0.70,-0.70,-0.95,-2.69,,-2.80,-2.03,-1.93,-2.41,0.41,1.15,1.70,-0.14,0.09,-1.27,-2,,-1.60,-4.40,-0.90,-2.20,-2.30,,,,,,,-1.20,-0.80,,-1.50,-0.70,-1.30,-0.63,,,,,,,,-1.30,-1.60,-1.30,-1.20,-2.50,,,,,-0.10,,-1.70,-2.50,2.30,2.90,2.20,,,-1,,,-2.50,,,1.80,1,1,1.30,-0.60,-1.50,
2008-12-13 20:40,-2.40,-2.25,3.37,-2.35,1.90,-2.13,-2.08,-2.50,2.45,-4.61,-0.26,-0.25,0.15,-2.08,-1.37,1.60,1.86,-0.45,-3,-0.58,2.94,3.13,-3.49,,0.27,0.93,2.89,0.31,-1.53,1.40,2.83,-3.33,-2.11,2.21,3.01,2.58,-0.03,3.23,-0.94,-3.95,0.70,-1.08,1.28,2.85,-3.90,-1.72,-2.50,-2.30,1.20,-3.24,-2.40,-1.06,-1.49,-1.89,-3.27,-3.43,-5.93,-5.60,-5.74,-6.16,-5.91,-7.70,-3.99,0,-5.98,1.93,5.21,4.01,2.90,0.94,3.58,2.55,0.43,2.74,4.32,0.62,-1.10,0.89,-1,-0.28,-0.70,-0.90,-1.40,-2.07,-0.35,-1.79,-1.51,-1.10,-0.56,-0.70,-3.43,-1.56,-1.61,-0.90,-1.04,-0.93,-1.46,-0.26,-0.83,-1.01,-1.09,-0.66,0.75,0.18,-0.43,-0.32,-1.05,-0.60,-1.15,-1,-0.85,-2.32,2.81,-0.19,-0.42,-0.68,-0.70,-0.95,-2.51,,-2.80,-1.89,-1.89,-2.39,0.29,1.09,1.40,-0.11,0.04,-1.30,-1.90,,-1.50,-4.40,-0.20,-2.30,-2.20,,,,,,,-1.20,-1,,-1.50,-0.90,-1.30,-0.62,,,,,,,,-1.50,-1.60,-1.30,-1.30,-2.60,,,,,-0.10,,-1.70,-2.40,2.40,2.90,2.20,,,-1.10,,,-2.60,,,1.70,0.90,0.90,1.20,-0.50,-1.50,
2008-12-13 20:50,-2.50,-2.16,3.67,-2.37,1.90,-2.16,-2.10,-2.40,2.45,-4.64,0.97,-0.53,0.65,-2.01,-1.46,2.24,1.77,-0.21,-3.10,-0.85,2.82,2.90,-3.42,,0.23,0.70,2.87,0.23,-1.53,1.30,3.08,-3.31,-2.03,2.30,2.90,2.63,1.12,3.33,-0.81,-3.40,0.20,-1.20,1.31,2.85,-3.40,-1.68,-2.50,-2.40,0.85,-3.24,-2.64,-1.10,-1.45,-1.89,-3.33,-3.37,-6,-5.60,-5.80,-6.25,-5.94,-7.80,-3.98,0.02,-6.10,2.02,5.28,4.11,2.90,0.84,3.54,2.58,0.33,3.09,4.48,0.62,-0.60,0.29,-0.90,-0.38,-0.76,-0.90,-1.44,-1.93,-0.40,-1.77,-1.45,-1.20,-0.59,-0.73,-3.43,-1.60,-1.62,-1,-1.12,-0.96,-1.50,-0.19,-0.78,-1.04,-1.13,-0.66,0.67,0.16,-0.46,-0.38,-1.11,-0.60,-1.26,-1.08,-0.94,-2.42,2.89,-0.30,-0.36,-0.66,-0.70,-1.03,-2.35,,-2.90,-1.88,-1.88,-2.18,0.46,1.01,1.40,-0.16,-0.09,-1.32,-1.90,,-1.70,-4.40,-0.80,-2.30,-2.40,,,,,,,-1.20,-1.30,,-1.50,-0.90,-1.30,-0.61,,,,,,,,-1.40,-1.70,-1.30,-1.30,-2.60,,,,,-0.30,,-1.60,-2.50,2.40,3,2.20,,,-1.10,,,-2.60,,,1.70,0.70,0.90,1.10,-0.50,-1.50,
2008-12-13 21:00,-2.40,-2.14,4.35,-2.42,1.90,-2.12,-2.21,-2.60,1.97,-4.78,1.74,-0.70,0.88,-1.83,-1.48,2.87,1.37,-0.07,-3.40,-0.50,2.76,2.74,-3.46,,0.38,0.58,2.95,0.29,-1.41,1.40,3.30,-3.40,-2.24,2.46,3.01,2.47,1.43,3.09,-0.85,-3.57,-0.60,-1.14,1.36,3.03,-4,-1.64,-2.60,-2.32,0.88,-3.21,-3.18,-1.22,-1.54,-1.96,-3.32,-3.46,-5.93,-5.70,-5.65,-6.36,-6.01,-8.10,-3.93,0.16,-6.14,1.88,5.42,4.17,2.70,0.73,3.35,2.69,0.22,3.04,4.32,0.53,-0.30,0.09,-0.90,-0.59,-1.12,-0.90,-1.35,-2.03,-0.37,-1.78,-1.54,-1.20,-0.64,-0.77,-3.44,-1.70,-1.59,-0.90,-1.18,-0.98,-1.44,-0.32,-0.78,-1.09,-1.15,-0.71,0.68,0.23,-0.47,-0.48,-1.13,-0.60,-1.34,-1.16,-1.12,-2.41,2.90,-0.38,-0.44,-0.74,-0.80,-1.06,-2.30,,-3,-1.98,-1.88,-2.27,0.47,0.86,1.40,-0.27,-0.09,-1.29,-1.90,-0.70,-1.90,-4.50,-0.80,-2.30,-2.50,-0.60,4.90,-3.80,4.20,-2.10,-0.80,-1.10,-1.30,-1.20,-1.60,-1,-1.20,-0.40,,0.40,0.90,0.10,-0.30,-0.90,-1.20,-1.40,-1.80,-1.10,-1.20,-2.60,2.10,2.20,0.30,-0.80,-0.30,-0.70,-1.60,-2.50,2.50,3,2.20,,0.20,-1.10,-1.70,-1.40,-2.60,2,1.60,1.80,0.70,0.90,1,-0.50,-1.40,-2.40
2008-12-13 21:10,-2.50,-2.34,4.61,-2.29,1.79,-2.20,-2.24,-2.70,2.32,-4.91,2.80,-0.89,0.78,-1.64,-1.36,3.06,1.36,-0.06,-3.50,-0.66,2.58,2.14,-3.52,,0.44,0.41,2.64,0.22,-1.18,1.50,3.27,-3.36,-2.38,2.51,3.10,2.69,1.75,2.96,-0.80,-3.72,-0.60,-1.21,1.26,2.65,-3.90,-1.57,-2.60,-2.24,1.08,-3.25,-2.89,-1.07,-1.60,-2.10,-3.32,-3.66,-6.11,-5.70,-5.70,-6.44,-6.10,-8.30,-4.09,0.09,-6.20,1.67,5.30,4.18,2.60,0.72,3.39,2.90,0.16,3.02,4.21,0.81,0,-0.02,-0.85,-0.52,-1.33,-0.80,-1.50,-1.94,-0.46,-1.81,-1.67,-1.30,-0.60,-0.97,-3.47,-1.68,-1.53,-0.90,-1.03,-1.17,-1.48,-0.27,-0.77,-1.14,-1.24,-0.75,0.66,0.29,-0.46,-0.43,-1.14,-0.60,-1.18,-1.17,-1.35,-2.45,2.97,-0.34,-0.39,-0.76,-0.70,-1.11,-2.19,,-2.90,-2.12,-1.88,-2.34,0.50,0.91,1.30,-0.22,-0.15,-1.13,-2,,-2.30,-4.40,-0.60,-2.30,-2.50,,,,,,,-1.20,-1.30,,-1.60,-1.10,-1.30,-0.46,,,,,,,,-1.50,-1.80,-1.30,-1.40,-2.60,,,,,-0.40,,-1.70,-2.70,2.50,3,2.20,,,-1.10,,,-2.60,,,1.70,0.60,0.80,1,-0.40,-1.40,
2008-12-13 21:20,-2.50,-2.39,4.66,-2.21,1.61,-2.10,-2.27,-2.70,2.47,-4.87,1.67,-1.10,1.31,-1.96,-1.55,3.23,1.30,-0.20,-3.80,-1.09,2.83,2.29,-3.34,,0.62,0.25,2.75,0.38,-1.04,1.60,3.55,-3.39,-2.29,2.58,3,3.16,1.48,2.93,-1.10,-3.66,-0.90,-1.34,1.26,2.51,-3.90,-1.53,-2.60,-2.12,1.26,-3.27,-3.13,-1,-1.67,-2.21,-3.30,-3.66,-6.25,-5.90,-5.65,-6.60,-6.20,-8.30,-3.99,0.12,-6.27,1.58,5.21,4.09,2.60,0.66,3.28,2.72,-0.01,2.84,4.18,0.82,0,0.34,-0.90,-0.48,-1.33,-0.60,-1.46,-2.01,-0.50,-1.96,-1.73,-1.30,-0.63,-0.91,-3.54,-1.55,-1.50,-0.90,-1,-1.09,-1.54,-0.41,-0.72,-1.14,-1.26,-0.76,0.74,0.23,-0.52,-0.56,-1.18,-0.60,-1.25,-1.36,-1.44,-2.44,3.06,-0.22,-0.48,-0.80,-0.80,-1.12,-2.12,,-2.80,-2.17,-1.94,-2.33,0.32,1.09,1.20,-0.26,-0.35,-1.17,-2,,-2.50,-4.40,-1,-2.20,-2.50,,,,,,,-1,-1.50,,-1.60,-0.80,-1.30,-0.43,,,,,,,,-1.60,-1.60,-1.20,-1.40,-2.70,,,,,-0.40,,-1.70,-2.70,2.50,3,2.20,,,-1.10,,,-2.70,,,1.70,0.70,0.90,1,-0.30,-1.50,
2008-12-13 21:30,-2.30,-2.14,4.38,-2.06,1.93,-2.18,-2.24,-2.70,2.96,-4.93,0.96,-0.24,1.86,-2.12,-1.37,3.43,1.12,-0.33,-4.10,-1.96,2.75,2.96,-3.17,,0.45,0.19,2.64,0.33,-1.14,1.40,3.40,-3.15,-2.05,2.67,2.98,3.25,1.56,2.90,-0.94,-3.45,-1,-1.08,1.38,2.82,-4,-1.48,-2.40,-2.10,1.46,-3.19,-3.16,-0.99,-1.75,-2.36,-3.32,-3.89,-6.35,-6,-5.70,-6.76,-6.33,-8.40,-3.69,0,-6.33,1.09,5.06,4.06,2.70,0.71,3.32,2.67,-0.23,2.76,4.32,1.08,0.30,0.31,-0.92,-0.54,-1.26,-0.60,-1.45,-2.01,-0.60,-2.08,-1.76,-1.30,-0.63,-1.03,-3.47,-1.68,-1.41,-1,-0.85,-1.20,-1.56,-0.46,-0.70,-1.13,-1.27,-0.73,0.65,0.17,-0.50,-0.64,-1.26,-0.70,-1.24,-1.38,-1.45,-2.60,3.05,-0.20,-0.47,-0.88,-0.80,-1.13,-1.96,,-2.60,-2.20,-1.92,-2.39,0.30,1.09,1.30,-0.33,-0.33,-1.03,-1.90,,-2.60,-4.30,-1.30,-2.20,-2.50,,,,,,,-1,-1.70,,-1.60,-0.60,-1.20,-0.35,,,,,,,,-1.50,-1.50,-1.30,-1.40,-2.70,,,,,-0.40,,-1.70,-2.80,2.60,3,2.10,,,-1.10,,,-2.70,,,1.70,0.50,0.60,0.90,-0.20,-1.50,
2008-12-13 21:40,-2.20,-1.95,3.67,-2,1.71,-2.29,-2.25,-2.80,2.96,-5.02,0.09,0.08,2.09,-2.24,-1.37,3.51,1.36,-0.53,-4.50,-1.86,2.79,2.23,-3.50,,0.39,0.16,2.83,0.61,-1.25,1.40,3.16,-3.22,-1.95,2.61,3,3.36,1.90,2.88,-1.04,-3,-0.90,-1.02,1.45,2.48,-4,-1.48,-2.40,-2.17,1.41,-3.22,-3.22,-1.06,-1.74,-2.34,-3.43,-3.99,-6.31,-6.10,-5.64,-6.76,-6.40,-8.50,-3.41,0.10,-6.44,0.69,5.20,4.06,2.70,0.69,3.34,2.52,-0.44,2.74,4.12,1.32,0.60,0.13,-0.92,-0.52,-0.76,-0.70,-1.61,-2.02,-0.75,-1.95,-1.82,-1.30,-0.66,-1,-3.37,-1.69,-1.44,-1,-0.90,-1.14,-1.64,-0.39,-0.74,-1.20,-1.30,-0.71,0.64,-0.03,-0.62,-0.63,-1.16,-0.80,-1.45,-1.41,-1.58,-2.68,3.05,-0.28,,-0.96,-0.80,-1.21,-2.02,,-2.60,-2.29,-1.87,-2.46,0.43,1.03,1.30,-0.34,-0.20,-0.83,-1.60,,-2.70,-4.50,-1.30,-2.20,-2.60,,,,,,,-1,-1.70,,-1.50,-0.50,-1.20,-0.49,,,,,,,,-1.70,-1.50,-1.30,-1.50,-2.60,,,,,-0.40,,-1.70,-2.70,2.60,3,2,,,-1.10,,,-2.90,,,1.60,0.40,0.70,0.90,-0.20,-1.40,
2008-12-13 21:50,-2,-1.73,2.61,-1.77,1.78,-2.41,-2.24,-2.80,2.52,-4.97,0.15,-0.50,2.13,-2.30,-1.23,3.53,1.51,-0.39,-4.60,-1.97,2.95,1.93,-3.49,,0.29,0.10,3.01,0.67,-1.25,1.40,3.49,-3.52,-1.80,2.55,3.20,3.45,1.50,2.78,-1.11,-3.04,-0.30,-0.84,1.56,2.23,-4.10,-1.57,-2.40,-2.18,1.42,-3.20,-3.51,-1.20,-1.73,-2.43,-3.52,-4.14,-6.18,-6.20,-5.66,-6.79,-6.37,-8.50,-3.15,0.07,-6.43,0.79,5.23,4.06,2.90,0.72,3.43,2.44,-0.52,2.87,4.33,1.09,0.90,0,-1.06,-0.71,-0.89,-0.80,-1.74,-2.05,-0.74,-1.98,-1.91,-1.40,-0.66,-1.03,-3.41,-1.67,-1.41,-1.10,-0.83,-1.07,-1.55,-0.28,-0.74,-1.13,-1.39,-0.69,0.78,-0.03,-0.70,-0.71,-1.19,-0.80,-1.44,-1.58,-1.69,-2.59,2.96,-0.33,,-0.98,-0.90,-1.18,-1.99,,-2.60,-2.24,-1.93,-2.34,0.48,0.91,1.30,-0.34,-0.42,-0.79,-1.50,,-2.80,-4.50,-0.90,-2.20,-2.70,,,,,,,-1,-1.70,,-1.50,-0.40,-1,-0.31,,,,,,,,-1.70,-1.60,-1.40,-1.30,-2.60,,,,,-0.50,,-1.70,-2.70,2.60,2.90,2,,,-1.10,,,-2.80,,,1.70,0.30,0.60,0.90,-0.20,-1.30,
2008-12-13 22:00,-1.90,-1.24,1.72,-1.73,1.76,-2.35,-2.17,-2.80,1.67,-4.99,0.27,-0.82,2.29,-2.12,-1.03,3.49,1.09,-0.46,-4.50,-2.34,3.14,2.30,-3.48,,0.38,0.02,3.05,0.36,-1.20,1.60,3.41,-3.56,-1.59,2.81,3.22,3.19,1.50,2.71,-1.18,-3.39,-0.80,-0.92,1.62,2.44,-4,-1.54,-2.50,-2.33,1.50,-3.73,-3.40,-1.10,-1.59,-2.60,-3.63,-4.13,-6.56,-6.30,-5.08,-6.90,-6.42,-8.60,-3.15,0.20,-6.40,1.14,5.18,4.07,2.80,0.74,3.64,2.46,-0.53,2.96,4.54,0.90,0.90,-0.08,-1.08,-0.45,-1.12,-0.70,-1.67,-1.98,-1.01,-2.11,-1.91,-1.30,-0.63,-1.02,-3.45,-1.68,-1.42,-1.10,-0.86,-1.14,-1.60,-0.28,-0.76,-1,-1.41,-0.78,0.69,0.08,-0.70,-0.72,-1.25,-0.90,-1.45,-1.60,-1.71,-2.63,2.98,-0.24,,-1.01,-0.90,-1.31,-1.93,,-2.70,-2.14,-1.87,-2.52,0.45,0.81,1.30,-0.30,-0.37,-0.87,-1.60,2.80,-2.90,-4.20,-0.80,-2.10,-2.90,-0.70,4.80,-3.90,4.60,-2.10,-0.80,-1.10,-1.30,-1.30,-1.60,-0.50,-1.10,-0.40,,0,0.10,0,-0.30,-0.90,-1,-1.70,-1.60,-1.50,-1.50,-2.50,1.80,1.70,0,-1,-0.40,-1,-1.70,-2.80,2.70,2.80,1.80,0.20,0.20,-1.40,-1.80,-1.90,-2.90,2,1.70,1.60,0.20,0.40,1,-0.20,-1.50,-2.60
2008-12-13 22:10,-1.70,-0.83,2.39,-1.64,1.60,-2.39,-2.24,-2.80,1.88,-4.86,-0.06,-0.44,2.40,-2.08,-1.15,3.44,0.85,-0.48,-4.70,-2.26,3.10,2.45,-3.41,,0.49,-0.11,3.16,-0.39,-1.11,1.80,3.60,-3.65,-1.43,2.53,2.99,3.22,1.63,2.54,-0.64,-3.59,-1.20,-0.85,1.81,2.47,-4.30,-1.65,-2.70,-2.52,1.54,-3.76,-3.29,-1.06,-1.68,-2.65,-3.69,-4.19,-6.88,-6.40,-4.70,-6.87,-6.54,-8.70,-3.49,0.37,-6.35,1.15,5.28,4.06,3,1.03,3.61,2.49,-0.63,2.93,4.65,0.90,0.70,-0.07,-1.10,-0.53,-1.21,-0.70,-1.87,-1.99,-0.99,-2.07,-1.83,-1.20,-0.60,-0.96,-3.65,-1.72,-1.35,-1,-1,-1.16,-1.64,-0.21,-0.76,-0.94,-1.33,-0.66,0.66,-0.09,-0.77,-0.68,-1.30,-0.90,-1.47,-1.61,-1.74,-2.71,2.98,-0.18,,-1.02,-0.90,-1.39,-2.02,,-2.60,-2.30,-2.11,-2.68,0.46,0.81,1.10,-0.25,-0.47,-1.03,-1.50,,-2.90,-4.40,-0.60,-2,-2.90,,,,,,,-1.20,-1.20,,-1.60,-0.50,-1,-0.46,,,,,,,,-1.80,-1.60,-1.70,-1.40,-2.50,,,,,-0.50,,-1.70,-2.90,2.70,2.80,1.80,,,-1.40,,,-2.90,,,1.60,0,0.50,1,-0.20,-1.50,
2008-12-13 22:20,-1.60,-0.86,2.51,-1.64,1.90,-2.44,-2.33,-2.70,2.49,-5.15,-0.19,0,2.31,-2.16,-0.76,3.30,0.91,-0.47,-4.90,-2.16,3.29,2.23,-3.38,,0.54,-0.14,3.46,-0.73,-1.06,1.60,3.74,-3.88,-1.32,2.54,3.01,2.79,1.77,2.50,-0.84,-3.42,-0.80,-0.51,1.82,2.09,-4.20,-1.61,-3.10,-2.66,1.86,-3.80,-3.19,-1.26,-1.60,-2.56,-3.74,-4.29,-6.59,-6.60,-4.63,-6.92,-6.67,-8.60,-3.79,0.35,-6.45,0.92,5.21,4.03,3,1.03,3.33,2.48,-0.24,3.03,4.65,1.08,0.80,-0.09,-1.10,-0.33,-1.28,-0.90,-1.74,-2.03,-0.99,-2.06,-1.76,-1.20,-0.54,-1.06,-3.63,-1.69,-1.43,-1,-0.98,-1.18,-1.48,-0.20,-0.77,-0.95,-1.22,-0.72,0.79,-0.16,-0.84,-0.77,-1.29,-0.90,-1.48,-1.64,-1.74,-2.82,2.97,-0.14,,-1.09,-1,-1.27,-2.20,,-2.60,-2.19,-2.17,-2.91,0.32,0.83,1,-0.30,-0.16,-0.95,-1.50,,-2.90,-4.20,-1.10,-2,-3,,,,,,,-1.30,-1.60,,-1.60,-0.50,-1,-0.36,,,,,,,,-1.80,-1.60,-1.80,-1.50,-2.60,,,,,-0.50,,-1.80,-2.90,2.70,2.80,1.80,,,-1.50,,,-3,,,1.60,-0.30,0.40,0.80,-0.20,-1.50,
2008-12-13 22:30,-1.40,-0.41,2.37,-1.46,2.20,-2.44,-2.36,-2.80,2.60,-5.07,0.18,-0.79,2.21,-1.93,-0.94,3.27,0.78,-0.44,-4.80,-2.64,3.21,2.70,-3.48,,0.56,-0.31,3.35,-0.88,-1.15,1.40,3.70,-4.03,-1.25,2.47,3.05,2.67,2.03,2.38,-1.05,-3.42,-1,-0.66,1.95,2.06,-4.40,-1.65,-3.40,-2.86,2.17,-3.65,-3.26,-1.15,-1.67,-2.44,-3.89,-4.41,-6.49,-6.60,-4.13,-7.10,-6.73,-8.70,-4.19,0.20,-6.36,1.19,5.17,4.07,3,1.04,3.47,2.60,0.11,3.03,4.69,0.98,0.90,-0.09,-1.10,-0.50,-1.19,-0.90,-1.75,-2.25,-0.91,-2.08,-1.71,-1.20,-0.61,-1.18,-3.46,-1.62,-1.40,-1,-0.85,-1.18,-1.41,-0.22,-0.87,-0.95,-1.20,-0.67,0.84,-0.29,-0.86,-0.74,-1.28,-1,-1.53,-1.75,-1.93,-2.87,3.04,-0.23,,-1.32,-1.20,-1.50,-2.26,,-2.60,-2.27,-2.30,-2.73,0.17,0.84,1,-0.36,-0.43,-1.01,-1.50,,-2.60,-4.30,-1.30,-2.20,-3,,,,,,,-1.30,-1.50,,-1.60,-0.40,-1,-0.28,,,,,,,,-1.80,-1.60,-1.80,-1.50,-2.60,,,,,-0.50,,-1.90,-3,2.60,2.80,1.70,,,-1.50,,,-3,,,1.50,0,0.40,0.90,-0.30,-1.50,
2008-12-13 22:40,-1.30,-0.61,2.15,-1.37,1.50,-2.44,-2.47,-2.50,2.84,-5.02,0.58,-0.29,2.46,-2.09,-1,3.62,1.18,-0.47,-4.90,-2.52,2.96,2.03,-3.74,,0.51,-0.45,3.08,-0.54,-1.09,1.50,3.43,-4.16,-1.30,2.35,2.96,2.46,1.94,2.36,-1.15,-3.42,-0.70,-0.51,2,2.03,-4.60,-1.74,-3.30,-2.92,2.47,-4,-3.49,-1.12,-1.66,-2.42,-3.95,-4.41,-6.81,-6.70,-4.93,-7.16,-6.76,-8.80,-4.46,0.27,-6.40,1.12,5.30,4.03,2.90,0.70,3.37,2.74,0.37,3.27,4.65,1.14,0.90,-0.08,-0.90,-0.37,-1.21,-0.80,-1.72,-2.36,-1.10,-2.01,-1.74,-1.30,-0.70,-1.15,-3.56,-1.65,-1.35,-1,-0.77,-1.21,-1.40,-0.16,-0.92,-0.87,-1.13,-0.67,0.64,-0.48,-0.77,-0.57,-1.22,-1.10,-1.57,-1.73,-1.99,-2.83,2.93,-0.07,,-1.49,-1.30,-1.47,-2.32,,-2.70,-2.29,-2.33,-2.82,0.12,0.83,0.90,-0.32,-0.37,-1.07,-1.50,,-3,-4.60,-0.80,-2.30,-3,,,,,,,-1.40,-1.50,,-1.60,-0.40,-0.90,-0.28,,,,,,,,-1.70,-1.50,-1.90,-1.50,-2.60,,,,,-0.60,,-1.80,-3,2.70,2.80,1.60,,,-1.60,,,-3,,,1.50,-0.30,0.20,0.80,-0.40,-1.60,
2008-12-13 22:50,-1.10,-0.70,2.28,-1.37,1.20,-2.46,-2.60,-2.60,2.62,-5.08,0.51,-0.07,2.41,-1.93,-0.69,3.67,0.73,-0.56,-5,-2.31,2.95,1.72,-3.80,,0.51,-0.51,3.17,-0.08,-0.97,1.50,3.64,-4.28,-0.73,2.38,3,2.42,1.92,2.35,-1.05,-3.66,0.20,-0.45,2.06,2.02,-4.50,-1.73,-3.50,-3.01,2.62,-3.98,-3.72,-1.07,-1.67,-2.41,-3.95,-4.29,-6.87,-6.60,-5.10,-7.07,-6.84,-8.80,-4.64,0.28,-6.60,1.02,5.38,3.92,2.80,0.74,3.33,2.78,0.31,3.25,4.61,1.10,1,-0.21,-0.80,-0.38,-1.31,-0.90,-1.56,-2.31,-1.10,-2.08,-1.68,-1.30,-0.58,-1.26,-3.63,-1.60,-1.36,-0.90,-0.84,-1.17,-1.37,-0.16,-0.75,-0.78,-0.99,-0.70,0.44,-0.53,-0.73,-0.63,-1.13,-1.10,-1.55,-1.82,-1.92,-2.83,2.85,-0.34,,-1.51,-1.40,-1.50,-2.46,,-2.60,-2.18,-2.29,-2.68,0.13,0.77,1,-0.34,-0.57,-1.09,-1.60,,-3.10,-4.40,-0.80,-2.30,-3,,,,,,,-1.40,-1.10,,-1.70,-0.50,-0.90,-0.34,,,,,,,,-1.80,-1.50,-1.90,-1.50,-2.60,,,,,-0.60,,-1.80,-3.10,2.60,2.80,,,,-1.60,,,-3,,,1.50,-0.30,0.20,0.80,-0.50,-1.60,
2008-12-13 23:00,-1,-0.74,2.21,-1.33,1.40,-2.50,-2.56,-2.90,2.41,-5.21,0.86,-0.91,2.70,-1.59,-1.12,3.60,0.51,-0.54,-5.10,-2.10,2.98,1.94,-3.88,,0.63,-0.65,3.18,0.14,-0.84,1.50,3.68,-4.27,-1.10,2.53,3.03,2.44,2.06,2.38,-1.21,-3.55,-0.60,-0.90,1.92,1.64,-4.40,-1.82,-3.70,-3.13,2.47,-3.82,-3.44,-0.96,-1.67,-2.40,-4,-4.23,-6.82,-6.60,-5.09,-7,-6.74,-8.70,-4.69,-0.05,-6.59,0.96,5.46,3.83,2.80,0.51,3.27,2.75,0.46,3.26,4.80,0.77,0.80,-0.28,-0.80,-0.27,-1.32,-0.90,-1.57,-2.36,-1.26,-2.10,-1.70,-1.30,-0.50,-1.19,-3.52,-1.56,-1.34,-0.90,-0.84,-1.13,-1.39,-0.20,-0.87,-0.71,-0.91,-0.69,0.32,-0.37,-0.90,-0.56,-1.20,-1.20,-1.50,-1.87,-1.94,-2.84,2.77,-0.27,,-1.57,-1.40,-1.54,-2.55,,-2.60,-2.23,-2.30,-2.58,0.25,0.64,0.90,-0.49,-0.70,-1.21,-1.50,-0.20,-3,-4.60,-1.60,-2.40,-3,-0.70,4.80,-4.30,5,-2.70,-0.80,-1.50,-1.30,-1.50,-1.90,-0.50,-0.90,-0.40,,-0.20,0.30,0.10,-0.20,-1.10,-1,-1.80,-1.50,-1.90,-1.50,-2.50,1.40,0.90,-0.20,-1.10,-0.70,-1.30,-1.90,-3.10,2.50,2.60,1.50,,0.20,-1.80,-1.90,-1.90,-3,1.70,1.30,1.40,-0.40,0.30,0.80,-0.70,-1.60,-2.60
2008-12-13 23:10,-0.90,-0.63,2.02,-1.18,1.50,-2.57,-2.58,-2.90,2.54,-5.30,1.19,-1.01,2.94,-2.07,-1.08,3.65,0.54,-0.32,-5.20,-1.89,2.95,1.54,-3.55,,0.59,-0.73,3.07,0.49,-0.73,1.70,3.62,-3.96,-1.49,2.33,2.89,2.33,2.25,2.43,-1.36,-4.07,-1,-0.66,1.81,1.91,-4.80,-1.89,-3.80,-3.03,2.24,-4.03,-3.53,-0.95,-1.84,-2.41,-3.97,-4.22,-6.73,-6.70,-5.13,-6.98,-6.83,-8.90,-4.74,0.03,-6.46,0.56,5.44,3.79,3,0.48,3.22,2.73,0.53,3.32,4.81,0.65,0.80,-0.27,-0.70,-0.27,-1.35,-1.10,-1.61,-2.40,-1.35,-2.17,-1.66,-1.30,-0.71,-1.10,-3.56,-1.50,-1.29,-1,-0.95,-1.11,-1.39,-0.12,-0.85,-0.69,-0.94,-0.71,0.15,-0.23,-0.92,-0.57,-1.25,-1.30,-1.46,-1.75,-2,-2.99,2.71,-0.32,,-1.55,-1.50,-1.64,-2.71,,-2.70,-2.30,-2.21,-2.59,0.13,0.65,1,-0.68,-0.66,-1.32,-1.60,,-3.10,-4.60,-1.40,-2.40,-3,,,,,,,-1.50,-1.30,,-1.80,-0.50,-0.90,-0.35,,,,,,,,-1.70,-1.70,-2,-1.30,-2.50,,,,,-0.70,,-2,-3.20,2.50,2.60,1.50,,,-1.80,,,-3,,,1.40,-0.60,0.20,0.80,-0.80,-1.50,
2008-12-13 23:20,-0.90,-0.12,1.51,-1.03,2.20,-2.71,-2.62,-2.80,2.52,-5.45,0.38,-0.77,2.44,-1.92,0.33,3.30,0.58,-0.24,-5.40,-1.70,2.80,2,-3.40,,0.75,-0.65,3.15,0.71,-0.71,1.60,3.33,-3.87,-1.47,2.28,2.77,2.28,2.52,2.62,-1.72,-3.86,-1,-0.64,1.76,2.51,-4.80,-2.01,-3.70,-3.05,2.18,-4.03,-3.50,-1.11,-1.73,-2.43,-4.07,-4.21,-6.94,-6.80,-5.45,-6.88,-6.83,-8.70,-4.76,-0.07,-6.36,0.41,5.38,3.78,3.10,0.54,3.31,2.66,0.61,3.51,4.95,0.74,0.90,-0.60,-0.70,-0.28,-1.10,-1.10,-1.68,-2.51,-0.92,-2.10,-1.73,-1.20,-0.61,-0.94,-3.55,-1.25,-1.22,-1,-0.98,-1.13,-1.35,-0.28,-0.84,-0.65,-0.93,-0.80,0.27,-0.20,-0.87,-0.71,-1.23,-1.20,-1.52,-1.86,-2.07,-2.95,2.68,-0.39,,-1.59,-1.50,-1.66,-2.68,,-2.70,-2.44,-2.27,-2.81,0.08,0.56,1.20,-0.78,-0.67,-1.39,-1.60,,-3,-4.50,-1.20,-2.40,-2.90,,,,,,,-1.60,-1.30,,-1.90,-0.80,-0.90,-0.35,,,,,,,,-1.80,-1.70,-2.10,-1.20,-2.50,,,,,-0.70,,-2.10,-3.20,2.50,2.50,1.50,,,-1.80,,,-3.20,,,1.30,-0.70,0.40,0.70,-0.90,-1.50,
2008-12-13 23:30,-0.80,0.48,1.27,-1.02,2.90,-2.70,-2.62,-2.80,2.65,-5.40,0.21,-0.42,1.55,-1.75,0.69,3.07,0.81,-0.24,-5.60,-1.45,2.86,1.95,-3.50,,0.72,-0.60,3.21,0.79,-0.71,1.40,3.28,-3.90,-1.73,2.20,2.52,2.37,2.28,2.22,-1.69,-3.87,-1.10,-0.75,1.88,2.53,-4.70,-2.16,-3.30,-2.95,2.28,-4.08,-3.75,-1.21,-1.75,-2.57,-4.13,-4.22,-6.86,-6.80,-5.46,-7.04,-6.95,-8.80,-5.10,-0.13,-6.50,0.45,5.33,3.72,3,0.52,3.33,2.54,1.05,3.45,4.90,0.53,0.60,-0.79,-0.60,-0.28,-1.28,-0.90,-1.84,-2.50,-0.96,-2.07,-1.75,-1.20,-0.67,-1.10,-3.48,-1.15,-1.16,-0.90,-0.88,-1.20,-1.32,-0.44,-0.82,-0.62,-0.91,-0.78,0.27,-0.24,-0.92,-0.82,-1.23,-1.30,-1.39,-1.91,-2,-3,2.70,-0.41,,-1.66,-1.50,-1.52,-2.83,,-2.70,-2.41,-2.22,-2.94,0.09,0.54,1,-0.90,-0.91,-1.34,-1.60,,-2.90,-4.30,-1.40,-2.30,-3,,,,,,,-1.60,-1.40,,-1.90,-0.80,-0.80,-0.38,,,,,,,,-1.90,-1.90,-2.10,-1.20,-2.50,,,,,-0.80,,-2.10,-3.40,2.50,2.50,1.40,,,-1.90,,,-3.20,,,1.40,-0.60,0.40,0.70,-1,-1.50,
2008-12-13 23:40,-0.60,0.83,1.50,-1,3.40,-2.74,-2.64,-2.80,2.78,-5.39,-0.28,-1.01,1.51,-2.08,0.37,2.87,0.54,-0.39,-5.70,-0.89,2.97,2.13,-3.48,,0.72,-0.76,3.20,0.75,-0.74,1.40,3.13,-3.90,-1.96,1.94,2.48,2.30,2.43,2.23,-1.43,-4.09,-1,-0.58,2,2.51,-4.60,-2.19,-3.20,-2.81,2.04,-4.17,-3.38,-1.20,-1.60,-2.54,-4.06,-4.30,-6.83,-6.90,-5.04,-6.97,-6.96,-8.60,-4.94,-0.20,-6.75,0.47,5.25,3.69,3,0.52,3.30,2.55,1.13,3.46,4.87,0.85,0.40,-0.89,-0.70,0.05,-1.57,-0.90,-1.73,-2.53,-0.99,-2.03,-1.76,-1.10,-0.66,-0.97,-3.44,-1.24,-1.10,-0.90,-0.97,-1.17,-1.27,-0.49,-0.90,-0.63,-0.83,-0.78,0.06,-0.30,-0.90,-0.90,-1.25,-1.30,-1.35,-1.98,-2.06,-3.05,2.67,-0.46,,-1.71,-1.50,-1.66,-2.96,,-2.80,-2.28,-2.15,-2.93,0.06,0.50,1.10,-1.05,-0.94,-1.53,-1.50,,-2.90,-4.10,-1.50,-2.30,-3,,,,,,,-1.60,-1.50,,-1.90,-0.90,-0.90,-0.31,,,,,,,,-1.90,-2.10,-2.20,-1.10,-2.50,,,,,-0.80,,-2,-3.50,2.40,2.40,1.40,,,-2,,,-3.20,,,1.30,-0.30,0.40,0.70,-1,-1.50,
2008-12-13 23:50,-0.50,1.10,1.35,-0.80,3.50,-2.64,-2.70,-2.70,2.54,-5.15,-0.01,-1.16,0.94,-2.12,0.27,2.54,0.50,-0.54,-5.80,-0.69,2.81,1.49,-3.65,,0.87,-0.77,3.23,-0.23,-0.85,1.50,3.37,-3.89,-1.99,0.96,2.76,2.21,2.30,2.18,-1.16,-4.09,-0.60,-0.29,2.09,2.63,-4.20,-2.25,-3.20,-2.85,1.92,-4.28,-3.42,-1.25,-1.78,-2.54,-4.18,-4.29,-7.03,-6.90,-5.40,-6.93,-6.99,-8.60,-4.87,-0.33,-6.88,0.61,5.36,3.69,3,0.53,3.45,2.58,1.22,3.37,4.81,1,0.10,-1.01,-0.70,-0.16,-1.55,-0.90,-1.76,-2.46,-0.95,-2.01,-1.79,-1.10,-0.74,-0.93,-3.51,-1.25,-1.23,-1,-1.19,-1.16,-1.28,-0.56,-0.91,-0.54,-0.86,-0.70,-0.02,-0.24,-0.94,-1.18,-1.41,-1.40,-1.46,-2.02,-2.08,-3.03,2.50,-0.57,,-1.74,-1.50,-1.73,-2.97,,-2.80,-2.41,-2.23,-2.92,0.05,0.45,1,-1.02,-1.11,-1.57,-1.60,,-3,-4.10,-1.40,-2.30,-3.10,,,,,,,-1.60,-1.50,,-1.90,-0.90,-1,-0.33,,,,,,,,-1.80,-2.20,-2.20,-1.10,-2.50,,,,,-0.90,,-2.10,-3.50,2.30,2.40,1.20,,,-2,,,-3.20,,,1.30,-0.10,0.50,0.70,-1.10,-1.50,
2008-12-14 00:00,-0.40,1.07,1.05,-0.75,3.40,-2.66,-2.68,-2.60,2.71,-5.29,0.84,-1.24,0.67,-2.19,0.88,2.18,0.86,-0.42,-5.80,-1.44,2.78,1.76,-3.67,,0.72,-0.68,3.40,-0.50,-0.93,1.70,3.37,-3.85,-2,0.97,2.88,2.29,2.37,2.38,-0.93,-4.12,-1,-0.15,2.14,2.57,-3.90,-2.25,-3.50,-2.89,1.71,-4.55,-3.06,-1.51,-1.71,-2.54,-4.12,-4.28,-7.05,-7,-5.41,-7.05,-7.07,-8.50,-4.74,-0.15,-6.90,0.57,5.35,3.74,2.90,0.49,3.36,2.50,1.36,3.28,4.88,0.93,-0.10,-0.93,-0.70,-0.19,-1.64,-0.90,-1.85,-2.26,-0.87,-2.06,-1.87,-1.20,-0.74,-1,-3.65,-1.22,-1.11,-1,-1.24,-1.20,-1.21,-0.48,-0.90,-0.49,-0.84,-0.77,-0.06,-0.15,-1.02,-1.32,-1.20,-1.30,-1.32,-2.14,-2.08,-3.12,2.66,-0.68,,-1.73,-1.50,-1.92,-3,,-2.70,-2.45,-2.19,-2.71,0.01,0.43,0.90,-1.02,-0.88,-1.60,-1.70,0.30,-2.90,-4.20,-1.10,-2.40,-3.10,,4.70,-4.20,4.60,-2.10,-0.70,-1.60,-1.70,-1.30,-1.90,-0.90,-1,-0.50,,0,0.30,0.10,-0.20,-1.20,-1.10,-1.80,-2.30,-2.20,-1.10,-2.60,1,0.20,-0.30,-1.20,-0.90,-1.80,-2,-3.60,2.10,2.10,1.10,-0.20,0.10,-2.10,-1.70,-2.10,-3.20,,1,1.20,0,0.60,0.60,-1.10,-1.40,-2.70
2008-12-14 00:10,-0.20,0.83,0.94,-0.66,2.95,-2.61,-2.72,-2.60,3.28,-5.45,0.95,-1.02,0.49,-2.23,1.54,1.65,0.79,-0.44,-6,-1.31,2.92,1.49,-3.66,,0.76,-0.65,3.49,0.46,-0.95,1.80,3.30,-3.96,-2.08,1.95,2.86,2.39,2.36,2.55,-1.07,-4.07,-0.90,-0.19,2.06,2.48,-4,-2.24,-3.70,-2.92,1.51,-4.50,-2.71,-1.72,-1.86,-2.61,-4.10,-4.36,-6.99,-7,-5.48,-7.10,-7.06,-8.60,-4.59,-0.11,-6.75,0.76,5.39,3.78,2.80,0.49,3.15,2.63,1.26,3.26,4.91,0.82,-0.10,-0.89,-0.70,-0.09,-1.85,-1,-1.82,-2.28,-0.87,-2.05,-1.93,-1.20,-0.78,-1.03,-3.55,-1.20,-1.13,-1,-1.24,-1.13,-1.24,-0.33,-0.89,-0.50,-0.86,-0.76,-0.12,-0.05,-0.95,-1.36,-1.24,-1.30,-1.21,-2.21,-2.10,-3.15,2.54,-0.80,,-1.72,-1.50,-1.88,-3,,-2.70,-2.39,-2.22,-2.74,-0.09,0.47,1.10,-1.16,-0.89,-1.64,-1.50,,-2.90,-4.30,-1.10,-2.60,-3.20,,,,,,,-1.60,-1.70,,-1.90,-0.90,-1,-0.48,,,,,,,,-1.80,-2.30,-1.70,-1.10,-2.60,,,,,-1,,-2.10,-3.60,2.10,2.10,1.10,,,-2.10,,,-3.10,,,1.20,0.10,0.50,0.60,-1.10,-1.40,
2008-12-14 00:20,-0.10,0.24,1.06,-0.63,3.29,-2.56,-2.78,-2.70,3.36,-5.45,1.15,-1.12,0.18,-1.94,1.75,1.70,0.46,-0.68,-6,-2.02,2.87,2.19,-3.66,,0.85,-0.47,3.78,1,-0.99,1.70,3.45,-3.85,-2.16,2.28,2.97,2.33,2.36,2.39,-0.86,-4.17,-1,-0.21,2.18,2.40,-4,-2.29,-3.70,-3.04,1.60,-4.46,-3.15,-1.73,-1.88,-2.69,-4.37,-4.38,-6.75,-6.90,-5.50,-7,-7.01,-8.60,-4.59,0.18,-6.61,0.43,5.38,3.78,2.70,0.55,3.04,2.60,1.34,3.37,4.89,0.71,0,-0.64,-0.60,-0.22,-1.69,-1.10,-1.85,-2.25,-0.99,-2.05,-1.87,-1.30,-0.75,-1.05,-3.61,-1.30,-1.22,-1.10,-1.34,-1.16,-1.24,-0.33,-0.76,-0.43,-0.84,-0.81,-0.13,0.08,-0.92,-1.40,-1.16,-1.40,-1.18,-2.25,-2.23,-3.29,2.35,-0.81,,-1.72,-1.50,-2.07,-2.97,,-2.90,-2.44,-2.25,-2.90,-0.03,0.42,1,-1.18,-0.94,-1.62,-1.70,,-2.80,-3.90,-0.70,-2.70,-3.10,,,,,,,-1.50,-1.70,,-1.90,-0.80,-1.10,-0.55,,,,,,,,-1.70,-2,-1.40,-1.10,-2.70,,,,,-1,,-2.10,-3.70,2.10,2,1,,,-2.10,,,-3.20,,,1.10,0.10,0.40,0.60,-1.20,-1.50,
2008-12-14 00:30,0,-0.39,1.04,-0.62,3.22,-2.53,-2.79,-2.60,3.12,-5.42,-0.27,-1.03,0.13,-1.68,1.80,1.96,0.52,-0.17,-6.10,-2.04,2.66,2.02,-3.80,,0.90,-0.26,3.90,0.87,-1.01,1.80,3.50,-3.85,-2.11,2.47,3.02,2.37,2.65,2.33,-0.69,-3.97,-0.90,-0.14,2.37,2.42,-4.20,-2.29,-3.70,-3.21,1.55,-4.17,-3.26,-1.72,-1.94,-2.71,-4.33,-4.35,-6.83,-6.90,-5.31,-6.93,-6.97,-8.50,-4.83,-0.04,-6.45,0.15,5.23,3.76,2.90,0.56,3.31,2.59,1.24,3.31,4.95,0.85,0.30,-0.56,-0.60,-0.20,-1.53,-1.10,-1.83,-2.16,-1.02,-2.04,-1.88,-1.30,-0.74,-1,-3.50,-1.28,-1.20,-1,-1.26,-1.28,-1.14,-0.30,-0.73,-0.33,-0.75,-0.84,-0.07,0.19,-0.98,-1.24,-1.24,-1.40,-1.24,-2.27,-2.34,-3.32,2.28,-0.85,,-1.76,-1.50,-2.18,-3.06,,-2.70,-2.51,-2.35,-3.02,-0.12,0.39,1.10,-1.18,-1.25,-1.62,-1.60,,-2.80,-3.90,-0.70,-2.60,-3.30,,,,,,,-1.40,-1.60,,-1.90,,-1,-0.51,,,,,,,,-1.70,-1.80,-1.20,-1.10,-2.70,,,,,-1,,-2,-3.80,2.10,1.80,0.90,,,-2.10,,,-3.30,,,1,0.20,0.20,0.60,-1.20,-1.50,
2008-12-14 00:40,0.10,-0.68,1.02,-0.59,2.95,-2.47,-2.89,-2.70,2.98,-5.29,-1.44,-0.90,1.15,-1.81,1.77,2,0.68,-0.03,-6.10,-2.23,2.87,2.30,-3.88,,1.09,-0.48,3.95,0.77,-0.91,1.90,3.67,-3.95,-2.08,2.57,3.25,2.41,2.63,2.39,-0.68,-3.78,-0.90,-0.11,2.59,2.47,-4.10,-2.33,-3.60,-3.19,1.60,-3.91,-2.68,-1.83,-1.91,-2.75,-4.30,-4.50,-6.97,-6.90,-5.02,-6.92,-6.86,-8.60,-4.99,-0.15,-6.33,0.27,5.36,3.79,2.90,0.38,3.37,2.66,1.18,3.45,4.85,0.93,0.30,-0.46,-0.60,-0.10,-1.53,-1.20,-1.95,-2.07,-1.09,-2,-1.89,-1.40,-0.80,-1.04,-3.58,-1.29,-1.23,-1.10,-1.34,-1.32,-1.09,-0.17,-0.79,-0.31,-0.79,-0.79,0.12,0.14,-1.04,-0.93,-1.22,-1.50,-1.31,-2.19,-2.27,-3.31,2.30,-1,,-1.74,-1.40,-2.26,-3.18,,-2.70,-2.50,-2.41,-2.98,-0.17,0.35,1.10,-1.36,-1.08,-1.76,-1.70,,-2.90,-3.60,-0.50,-2.80,-3.30,,,,,,,-1.40,-1.60,,-1.90,-0.80,-1.10,-0.51,,,,,,,,-1.70,-1.70,-0.90,-1.10,-2.70,,,,,-1,,-2,-3.80,2.10,1.70,0.80,,,-2.20,,,-3.30,,,0.90,0,0.30,0.50,-1.20,-1.50,
2008-12-14 00:50,0.20,-0.72,1.28,-0.66,2.64,-2.25,-2.85,-2.50,2.48,-5.10,-1.73,-1.42,1.70,-2.13,1.84,2.02,0.52,-0.19,-5.90,-2.20,3.02,2.23,-3.91,,1.10,-0.67,3.95,0.92,-0.87,2,3.41,-3.94,-1.78,2.68,3.03,2.40,2.61,2.40,-0.57,-3.88,-0.90,-0.10,2.96,2.74,-4.30,-2.29,-3.60,-3.17,1.35,-3.83,-2.68,-1.59,-1.81,-2.80,-4.17,-4.41,-6.88,-7,-5.24,-6.87,-6.82,-8.70,-4.83,-0.29,-6.14,0.50,5.30,3.85,3,0.49,3.25,2.84,1.20,3.46,4.97,0.93,0.70,-0.42,-0.60,-0.07,-1.50,-1.20,-1.97,-2.21,-1.03,-1.98,-1.89,-1.40,-0.73,-1.04,-3.53,-1.49,-1.37,-1.10,-1.22,-1.36,-1.03,-0.03,-0.73,-0.34,-0.74,-0.77,0.15,0.07,-1.15,-0.85,-1.12,-1.40,-1.32,-2.23,-2.14,-3.30,2.20,-0.95,,-1.72,-1.50,-2.31,-3.15,,-2.60,-2.54,-2.54,-3.24,-0.17,0.30,1.10,-1.35,-1.12,-1.79,-1.60,,-2.80,-3.50,-1.10,-2.80,-2.90,,,,,,,-1.50,-1.60,,-2,-0.80,-1,-0.52,,,,,,,,-1.80,-1.50,-0.70,-1,-2.70,,,,,-0.90,,-1.90,-3.80,2.10,1.60,0.70,,,-2.30,,,-3.40,,,0.90,-0.10,0.30,0.50,-1.20,-1.50,
2008-12-14 01:00,0.20,-0.59,3.13,-0.72,2.53,-2.26,-2.81,-2.30,2.41,-4.82,-1.44,-1.23,1.55,-2.30,1.45,2.17,0.50,-0.33,-5.70,-1.98,3.31,1.51,-3.97,,1.21,-0.32,4.08,1.31,-0.88,2,2.61,-3.86,-1.46,2.55,2.65,2.40,2.82,2.57,-0.60,-3.93,-0.30,0.43,3.27,2.55,-4.50,-2.18,-3.60,-3.09,0.96,-3.98,-2.38,-1.70,-1.93,-2.86,-4.11,-4.56,-6.61,-7,-5.39,-6.74,-6.61,-8.50,-4.64,-0.26,-6.08,0.51,5.23,3.81,2.80,0.37,3.18,2.75,1.26,3.55,5.01,0.78,0.80,-0.38,-0.60,0.03,-1.48,-1.30,-1.74,-2.29,-0.97,-2.08,-1.96,-1.50,-0.70,-0.97,-3.49,-1.63,-1.44,-1.20,-1.28,-1.27,-1.01,-0.07,-0.72,-0.30,-0.80,-0.81,0.35,-0.04,-1.03,-0.81,-1.13,-1.50,-1.20,-2.07,-2.20,-3.42,2.05,-0.96,,-1.81,-1.50,-2.33,-3.24,,-2.70,-2.57,-2.54,-3.41,-0.26,0.25,1,-1.27,-1.09,-1.61,-1.50,1.10,-2.60,-4,-0.90,-2.70,-3.20,,4.80,-4,5,-1.60,0.20,-1.60,-1.50,-1.20,-2.10,-0.80,-1,-0.60,-0.60,0.10,0.50,-0.10,0.60,,-1.20,-1.80,-1.50,-0.60,-1,-2.70,1.30,-0.20,-0.40,-1.30,-1,-1.60,-1.90,-3.70,1.90,1.30,0.70,,-0.40,-2.50,-1.60,-2.20,-3.30,0.90,0.70,0.90,0,0.30,0.40,-1.10,-1.50,-2.60
2008-12-14 01:10,0.10,-0.75,2.79,-0.73,2.70,-2.24,-2.75,-2.20,2.49,-4.76,-1.68,-1.15,1.58,-2.24,1.03,2.38,0.57,-0.24,-5.70,-1.90,2.84,1.46,-4.15,,1.22,-0.09,3.93,1.19,-0.92,2,2.32,-3.60,-1.31,2.47,2.79,2.55,2.82,2.74,-0.82,-3.88,-0.10,0.52,3.26,2.47,-4.60,-2.11,-3.70,-3.27,0.71,-4.03,-1.40,-1.77,-1.83,-2.88,-4.14,-4.55,-6.87,-6.90,-5.24,-6.61,-6.34,-8.60,-3.80,-0.07,-6.09,0.54,5.30,3.81,2.80,0.42,3.27,2.60,1.17,3.54,4.88,0.86,0.50,-0.25,-0.60,-0.03,-1.45,-1.30,-1.70,-2.26,-1.12,-2.03,-1.97,-1.40,-0.77,-1.18,-3.51,-1.64,-1.35,-1.20,-1.21,-1.29,-1,-0.08,-0.71,-0.36,-0.85,-0.83,0.52,-0.23,-1.03,-0.75,-1.15,-1.50,-1.32,-1.89,-2.17,-3.49,1.96,-1.10,,-1.72,-1.60,-2.29,-3.31,,-2.70,-2.66,-2.62,-3.43,-0.09,0.20,1,-1.18,-1.03,-1.80,-1.40,,-2.10,-4.80,-0.90,-2.50,-3,,,,,,,-1.70,-1.60,,-2.20,-0.80,-0.90,-0.57,,,,,,,,-1.90,-1.50,-0.50,-0.90,-2.70,,,,,-1,,-1.90,-3.70,1.80,1.30,0.70,,,-2.50,,,-3.40,,,0.90,-0.10,0.30,0.40,-1.10,-1.60,
2008-12-14 01:20,0,-0.88,2.41,-0.93,2.52,-2.41,-2.75,-2.10,2.15,-4.90,-1.21,-0.57,0.96,-2.33,0.52,2.59,0.14,-0.34,-5.80,-2.06,2.52,1.14,-4.29,,1.25,-0.03,3.93,1.33,-1.12,1.90,2.83,-3.34,-1.25,2.51,3.10,2.52,2.80,2.63,-0.84,-4.17,-0.40,0.68,2.97,2.46,-4.90,-2.14,-3.70,-3.31,0.96,-4.16,-1.05,-1.61,-1.79,-2.90,-4.17,-4.40,-6.92,-6.90,-4.89,-6.58,-6.04,-8.50,-2.95,-0.17,-5.52,0.60,5.36,3.79,2.80,0.40,3.33,2.77,1.12,3.60,4.74,0.88,0.30,-0.07,-0.50,-0.38,-1.40,-1.30,-1.66,-2.29,-0.82,-2,-2.06,-1.40,-0.88,-1.08,-3.41,-1.62,-1.40,-1.30,-1.52,-1.29,-1.03,-0.05,-0.62,-0.39,-0.91,-0.87,0.25,-0.35,-1.03,-0.81,-1.09,-1.60,-1.21,-1.81,-2.19,-3.53,1.75,-1.14,,-1.83,-1.60,-2.21,-3.36,,-2.80,-2.74,-2.66,-3.49,0.03,0.20,1,-1.14,-1.16,-1.66,-1.60,,-2.30,-4.70,-0.50,-2.40,-3.10,,,,,,,-1.70,-1.60,,-2.10,-0.80,-0.90,-0.52,,,,,,,,-1.80,-1.60,-0.40,-0.90,-2.70,,,,,-1,,-1.90,-3.70,1.70,1.20,0.60,,,-2.60,,,-3.40,,,0.80,-0.10,0.30,0.40,-1.10,-1.50,
2008-12-14 01:30,-0.10,-0.96,3.80,-0.97,2.04,-2.47,-2.72,-2.10,1.98,-4.92,-0.73,-0.61,1,-2.42,1.04,2.43,-0.04,-0.71,-5.70,-2.18,2.51,1.66,-4.34,,1,-0.02,3.93,0.87,-1.27,2,3.27,-3.23,-1.13,2.61,3.28,2.42,2.75,2.50,-0.78,-4.33,0.20,0.51,2.84,2.67,-4.70,-2.06,-3.90,-3.49,1.56,-4.54,-1.88,-1.58,-1.81,-2.86,-4.11,-4.34,-6.82,-6.90,-5.26,-6.55,-5.64,-8.30,-2.63,-0.22,-5.04,0.95,5.51,3.87,2.70,0.33,3.27,2.80,1.34,3.59,4.75,0.79,0.30,0.03,-0.50,-0.20,-1.22,-1.20,-1.65,-2.26,-0.68,-2,-2.02,-1.30,-0.83,-1.07,-3.40,-1.59,-1.51,-1.30,-1.39,-1.41,-0.94,-0.09,-0.68,-0.42,-0.95,-0.85,0.30,-0.66,-0.96,-0.74,-1.24,-1.70,-1.25,-1.74,-2.20,-3.59,1.66,-1.16,,-1.89,-1.60,-2.26,-3.46,,-2.70,-2.75,-2.68,-3.75,-0.04,0.31,0.90,-1.09,-1.15,-1.60,-1.60,,-2.20,-4.90,-1,-2.50,-3.10,,,,,,,-1.70,-1.60,,-2.10,-0.80,-0.90,-0.52,,,,,,,,-1.90,-1.60,-0.40,-0.80,-2.80,,,,,-1.10,,-1.90,-3.80,1.50,1,0.70,,,-2.60,,,-3.40,,,0.70,0,0.30,0.40,-1.10,-1.50,
2008-12-14 01:40,-0.20,-1.14,3.15,-1.11,2.45,-2.45,-2.75,-2.10,1.91,-5.09,-0.83,-1.07,1.08,-2.21,1.48,2.38,0.10,-0.44,-5.90,-1.75,2.52,1.92,-4.30,,1.06,-0.50,3.72,0.81,-1.40,1.90,3.32,-3.21,-0.93,2.74,3.23,2.45,2.73,2.21,-0.91,-4.37,0.20,0.26,2.66,2.88,-4.60,-2.20,-4,-3.69,1.67,-4.47,-2.26,-1.53,-1.75,-2.92,-4.09,-4.21,-6.77,-6.80,-5.29,-6.55,-5.31,-7.90,-2.83,-0.29,-5.21,1.23,5.46,3.89,2.70,0.41,3.16,2.71,1.45,3.66,4.75,0.89,0.50,0.09,-0.40,-0.29,-1.11,-1.20,-1.57,-2.27,-0.67,-1.96,-2.04,-1.30,-0.80,-0.97,-3.57,-1.65,-1.48,-1.40,-1.29,-1.40,-0.94,-0.12,-0.65,-0.41,-0.91,-0.84,0.50,-0.88,-0.98,-0.71,-1.24,-1.80,-1.20,-1.69,-2.13,-3.62,1.69,-1.22,,-1.96,-1.70,-2.34,-3.54,,-2.70,-2.82,-2.70,-3.59,-0.08,0.31,0.80,-1.29,-0.95,-1.79,-1.60,,-2.20,-5,-0.90,-2.40,-3.30,,,,,,,-1.60,-1.70,,-2.20,-0.90,-0.80,-0.56,,,,,,,,-1.90,-1.60,-0.50,-0.80,-2.80,,,,,-1.20,,-1.90,-3.70,1.40,1,0.60,,,-2.50,,,-3.50,,,0.70,0,0.40,0.40,-1.10,-1.50,
2008-12-14 01:50,-0.40,-1.40,2.66,-1.25,2.36,-2.38,-2.78,-2.20,2.56,-5.06,-1.09,-1,1.32,-2.29,1.49,2.53,0.43,-0.35,-5.90,-2.16,2.49,1.60,-4.02,,0.92,-0.98,3.64,0.70,-1.56,1.80,2.91,-3.26,-0.76,2.84,3.17,2.34,2.87,2.21,-1.29,-4.27,0.30,0.12,2.42,2.77,-4.20,-2.35,-4.10,-3.68,1.69,-4.57,-2.61,-1.45,-1.85,-2.92,-4.17,-4.15,-6.89,-6.60,-5.27,-6.57,-4.95,-8,-2.83,-0.28,-5.36,0.94,5.34,3.96,2.80,0.62,3.24,2.88,1.44,3.69,4.81,1.03,0.70,0.22,-0.40,-0.39,-1.11,-1.10,-1.46,-2.33,-0.65,-1.93,-2.06,-1.40,-0.76,-0.90,-3.44,-1.60,-1.39,-1.40,-1.19,-1.35,-0.90,-0.09,-0.68,-0.40,-0.93,-0.82,0.67,-0.73,-0.93,-0.73,-1.21,-1.80,-1.02,-1.66,-2.10,-3.57,1.53,-1.09,,-1.98,-1.80,-2.29,-3.52,,-2.80,-2.92,-2.74,-3.64,-0.07,0.29,0.80,-1.38,-0.92,-1.74,-1.60,,-2.20,-4.60,-0.30,-2.40,-3.30,,,,,,,-1.50,-1.70,,-2.10,-1,-0.80,-0.55,,,,,,,,-1.90,-1.70,-0.60,-0.80,-2.80,,,,,-1.20,,-2,-3.70,1.30,0.90,0.60,,,-2.60,,,-3.50,,,0.70,-0.10,0.40,0.40,-1.20,-1.50,
2008-12-14 02:00,-0.50,-1.41,2.54,-1.38,2.35,-2.29,-2.86,-2.30,1.98,-4.77,0.22,-1.22,1.47,-1.84,1.50,2.41,1.55,-0.32,-6,-1.82,2.36,1.27,-3.95,,0.72,-0.44,3.73,0.50,-1.52,1.70,3.07,-3.33,-0.75,2.71,3.06,2.25,2.94,2.41,-1.04,-4.27,0.50,-0.14,2.76,2.80,-4.60,-2.44,-4.10,-3.67,1.68,-4.65,-2.87,-1.52,-1.81,-2.83,-4.22,-4.24,-6.68,-6.40,-5.28,-6.43,-4.60,-8,-2.30,-0.35,-5.48,0.97,5.47,4.04,2.90,0.58,3.15,2.86,1.43,3.59,4.78,1.07,0.70,0.24,0,-0.29,-0.98,-1,-1.57,-2.34,-0.65,-1.97,-2.12,-1.40,-0.81,-0.94,-3.43,-1.52,-1.35,-1.30,-1.20,-1.43,-0.93,0.03,-0.75,-0.51,-0.91,-0.88,0.78,-0.64,-0.97,-0.72,-1.24,-1.80,-0.93,-1.57,-1.99,-3.73,1.55,-1.21,,-2.11,-1.80,-2.35,-3.58,,-2.90,-2.91,-2.87,-3.65,-0.14,0.27,0.80,-1.37,-1.36,-1.70,-1.70,0.40,-2.40,-4.90,-0.40,-2.40,-3.30,-1,4.90,-4,5,-1.10,0.70,-1.40,-1.50,-1.10,-2.20,-1,-0.80,-0.50,-0.80,0.60,0.70,0.20,0.10,-1.10,-1.30,-1.90,-1.70,-0.60,-0.90,-2.90,0.90,-0.60,-0.60,-1.40,-1.20,-0.70,-2,-3.80,1.20,0.80,0.50,,-0.60,-2.60,-1.70,,-3.40,0.70,0.50,0.80,0,0.40,0.40,-1.20,-1.50,-2.80
2008-12-14 02:10,-0.50,-1.41,3.02,-1.47,2.50,-2.29,-2.90,-2.40,1.64,-4.91,0.96,-0.55,1.48,-2.07,1.55,2.41,1.95,-0.13,-6.10,-2.93,2.57,1.33,-4.17,,0.36,-0.10,3.66,0.73,-1.40,1.70,3.09,-3.28,-0.50,2.66,2.93,2.19,2.77,2.45,-0.61,-4.41,0.40,-0.11,2.78,2.74,-5.20,-2.49,-4.10,-3.67,1.20,-4.71,-2.91,-1.57,-1.87,-2.90,-4.15,-4.21,-6.64,-6,-4.93,-6.48,-4.37,-8.10,-1.30,-0.23,-5.68,1.16,5.45,4.12,2.90,0.59,3.26,2.85,1.36,3.57,4.79,1.01,0.60,0.32,0.17,-0.52,-0.86,-0.78,-1.56,-2.30,-0.69,-1.96,-2,-1.40,-0.84,-1,-3.46,-1.46,-1.29,-1.30,-1.17,-1.52,-0.97,-0.08,-0.68,-0.53,-0.87,-0.86,0.95,-0.71,-0.98,-0.84,-1.12,-1.80,-0.89,-1.43,-1.89,-3.66,1.52,-1.17,,-2.14,-1.80,-2.22,-3.62,,-3.10,-2.94,-2.94,-3.68,-0.20,0.32,0.70,-1.50,-1.36,-1.70,-1.70,,-2.40,-4.80,0.10,-2.30,-3.60,,,,,,,-1.30,-1.30,,-2.20,-1,-0.70,-0.47,,,,,,,,-2.10,-1.60,-0.60,-0.90,-2.90,,,,,-1.20,,-2.10,-3.70,1.20,0.80,,,,-2.60,,,-3.60,,,0.70,0,0.40,0.40,-1.20,-1.40,
2008-12-14 02:20,-0.60,-1.37,4.21,-1.47,2.60,-2.33,-2.90,-2.40,1.67,-4.87,1.18,-0.14,1.34,-1.96,1.59,2.27,1.80,-0.20,-5.80,-2.83,2.80,1.70,-3.99,,-0.09,-0.04,3.66,0.66,-1.38,1.50,2.88,-3.21,-0.73,2.61,3.09,2.26,2.51,2.43,0.40,-4.34,1.20,-0.13,2.48,2.85,-5,-2.53,-4.10,-3.62,1.06,-4.45,-3.05,-1.51,-1.84,-2.99,-4.22,-4.21,-6.58,-5.80,-4.59,-6.53,-4.10,-8.40,-0.49,0.06,-5.10,1.52,5.50,4.12,2.90,0.70,3.19,3.02,1.29,3.58,4.82,1.11,0.70,0.58,0.31,-0.31,-0.87,-0.62,-1.78,-2.41,-0.61,-1.94,-1.84,-1.50,-0.71,-1.09,-3.63,-1.43,-1.26,-1.20,-1.04,-1.51,-0.90,-0.09,-0.63,-0.46,-0.86,-0.87,1.05,-0.77,-1.03,-0.96,-1.10,-1.70,-0.97,-1.36,-1.89,-3.74,1.40,-1.33,,-2.18,-1.80,-2.14,-3.68,,-3.10,-2.91,-3.01,-3.52,-0.23,0.35,0.80,-1.55,-1.26,-1.71,-1.60,,-2.40,-4.60,-1.10,-2.40,-3.70,,,,,,,-1.40,-1.40,,-2.10,-1.30,-0.70,-0.49,,,,,,,,-2,-1.70,-0.60,-0.90,-2.90,,,,,-1.20,,-2.10,-3.70,1,0.70,0.40,,,-2.70,,,-3.60,,,0.70,-0.10,0.20,0.40,-1.30,-1.40,
2008-12-14 02:30,-0.70,-1.73,4.64,-1.51,2.60,-2.21,-2.86,-2.40,1.57,-4.93,1.14,0.05,1.33,-2.13,1.73,2.26,0.98,-0.26,-5.50,-2.31,2.84,2.80,-3.57,,-0.39,-0.15,3.70,0.82,-1.48,1.40,2.71,-3.26,-0.96,2.55,3.13,2.36,2.53,2.27,0.39,-3.81,1.30,-0.46,2.29,2.62,-5.10,-2.58,-4,-3.67,0.61,-4.21,-2.67,-1.51,-1.70,-2.96,-4.23,-4.27,-6.64,-5.60,-4.76,-6.52,-3.92,-8.40,0.14,-0.10,-4.85,1.14,5.62,4.16,2.90,0.85,3.19,3.14,1.18,3.60,4.63,1.30,0.70,1.04,0.39,-0.38,-0.73,-0.49,-1.73,-2.38,-0.65,-1.89,-1.81,-1.50,-0.77,-1.21,-3.62,-1.49,-1.14,-1.20,-1.08,-1.49,-0.96,0,-0.62,-0.44,-0.89,-0.87,1.13,-0.85,-1.08,-1.16,-1.18,-1.70,-0.89,-1.30,-1.79,-3.72,1.34,-1.49,,-2.08,-1.80,-2.14,-3.64,,-3,-3,-3.01,-3.53,-0.06,0.23,0.80,-1.55,-1.17,-1.67,-1.60,,-2.40,-4.90,-0.70,-2.50,-3.70,,,,,,,-1.40,-1.50,,-2.10,-1.30,-0.70,-0.56,,,,,,,,-2.10,-1.70,-0.60,-0.90,-3,,,,,-1.20,,-2.20,-3.70,1,0.70,0.40,,,-2.70,,,-3.60,,,0.70,0,0.10,0.40,-1.30,-1.50,
2008-12-14 02:40,-0.90,-1.85,3.87,-1.56,2.50,-2.33,-2.85,-2.30,2.25,-4.92,-0.17,-0.41,1.46,-2.22,1.86,2.23,0.77,-0.24,-5.50,-2.40,2.60,2.34,-3.47,,-0.51,-0.20,3.68,1.11,-1.59,1.70,3.01,-3.18,-1.33,2.43,2.90,2.47,2.68,2.31,-0.69,-3.88,1,-0.61,2.04,2.61,-4.70,-2.58,-4.20,-3.56,0.49,-4.70,-1.67,-1.49,-1.76,-2.93,-4.25,-4.17,-6.59,-5.40,-5.16,-6.64,-3.84,-8.40,0.36,-0.03,-4.14,1.16,5.54,4.12,3,0.81,3.26,3.10,0.97,3.59,4.54,1.15,0.80,1.55,0.41,-0.32,-0.70,-0.48,-1.64,-2.51,-0.44,-1.85,-1.88,-1.60,-0.72,-1.20,-3.59,-1.38,-1.13,-1.20,-1.12,-1.41,-1,-0.03,-0.76,-0.46,-0.85,-0.87,1.56,-0.94,-1.05,-1.22,-1.17,-1.60,-0.93,-1.31,-1.57,-3.81,1.30,-1.44,,-2.07,-1.90,-2.19,-3.44,,-3.20,-3.20,-2.98,-3.61,-0.21,0.29,0.80,-1.50,-1.14,-1.70,-1.40,,-2.50,-4.60,-0.90,-2.60,-3.60,,,,,,,-1.40,-1.40,,-2.10,-1.40,-0.70,-0.63,,,,,,,,-2.20,-1.70,-0.60,-0.90,-2.90,,,,,-1.10,,-2.20,-3.70,1.10,0.70,0.40,,,-2.70,,,-3.70,,,0.60,0,0,0.40,-1.20,-1.50,
2008-12-14 02:50,-1,-1.91,2.73,-1.58,2.50,-2.29,-2.93,-2.20,2.65,-5.07,0.10,-0.49,1.41,-1.92,1.83,2.19,1.59,-0.44,-5.40,-2.09,2.69,2.23,-3.26,,-0.53,-0.04,3.74,1.34,-1.72,1.60,3.71,-3.12,-1.54,2.26,2.98,2.28,2.82,2.51,-0.27,-4.03,0.90,-0.90,2.06,2.93,-4.40,-2.51,-4.50,-3.55,0.09,-4.59,-1.35,-1.25,-1.88,-2.92,-4.30,-4.18,-6.63,-5.30,-5.29,-6.73,-3.63,-8.50,0.84,-0.04,-3.90,1.28,5.44,4.32,2.90,0.74,3.21,3.07,1.05,3.43,4.46,1.54,1,2.12,0.52,-0.14,-0.83,-0.39,-1.70,-2.48,-0.58,-1.92,-1.78,-1.60,-0.75,-1.41,-3.53,-1.34,-1.14,-1.20,-1.18,-1.34,-0.97,0.01,-0.73,-0.43,-0.88,-0.86,1.46,-0.97,-1.05,-1.09,-1.20,-1.70,-0.87,-1.31,-1.49,-3.82,1.39,-1.49,,-2.13,-2,-2.27,-3.56,,-3.20,-3.10,-2.99,-3.81,-0.22,0.23,0.80,-1.52,-1.19,-1.85,-1.50,,-2.70,-4.50,-1.60,-2.60,-3.60,,,,,,,-1.50,-1.40,,-2.20,-1.50,-0.70,-0.58,,,,,,,,-2.10,-1.60,-0.50,-0.80,-2.90,,,,,-1.20,,-2.20,-3.70,1,0.60,0.30,,,-2.50,,,-3.80,,,0.60,-0.10,-0.10,0.40,-1.20,-1.40,
2008-12-14 03:00,-1.10,-2.12,2.16,-1.84,2.40,-2.35,-3.04,-2.20,2.87,-5.17,1.58,-0.49,1.39,-1.38,1.30,2.10,1.14,-0.51,-5.10,-2.44,2.64,2.32,-3.14,,-0.43,-0.03,3.66,0.64,-1.86,1.80,4.10,-3.04,-1.68,1.93,3,2.24,2.60,2.53,-0.05,-4.28,0.90,-0.95,1.75,3.03,-4.20,-2.57,-4.60,-3.55,0.17,-4.21,-1.13,-1.28,-1.81,-3.01,-4.22,-4.24,-6.77,-5.30,-5.37,-6.79,-3.53,-8.20,1.14,-0.08,-4.37,1.27,5.52,4.22,2.70,0.74,3.24,2.92,1.34,3.43,4.64,1.26,1.60,2.43,0.47,-0.20,-0.68,-0.37,-1.53,-2.46,-0.64,-1.87,-1.83,-1.50,-0.80,-1.45,-3.52,-1.36,-1.04,-1.20,-1.11,-1.37,-1.03,-0.01,-0.73,-0.43,-0.88,-0.88,1.32,-0.94,-1,-1.11,-1.32,-1.70,-1,-1.25,-1.62,-3.84,1.28,-1.57,,-2.30,-2,-2.26,-3.66,,-3.20,-3.21,-3.06,-3.96,-0.34,0.21,0.70,-1.64,-1.17,-1.75,-1.50,1.20,-2.40,-4.60,-1.40,-2.50,-3.40,-1.10,5,-4,4.90,-0.60,0.60,-1.50,-1.60,-1.10,-2.10,-1.40,-0.80,-0.60,,0.70,1.40,-0.10,0,-1.30,-1.20,-2.10,-1.70,-0.40,-0.90,-2.90,0.40,-0.40,-0.50,-1.50,-1.20,-0.60,-2.20,-3.60,0.80,0.60,0.30,,-0.70,-2.30,-1.80,-2.70,-3.70,0.50,0.30,0.60,0,-0.10,0.50,-1.30,-1.50,-3
2008-12-14 03:10,-1.20,-2.17,1.77,-1.84,2.50,-2.17,-3.12,-2.20,2.89,-5.33,-0.38,-0.25,1.26,-1.41,1.53,2.17,0.69,-0.62,-5,-2.24,2.76,1.40,-3.15,,-0.52,0.13,3.86,0.71,-1.94,1.70,3.86,-3.05,-1.61,1.06,2.86,2.30,2.33,2.58,-0.91,-4.42,1,-0.90,1.49,3.11,-4.40,-2.67,-4.40,-3.57,0.25,-4.36,-1.25,-1.27,-1.80,-2.87,-4.21,-4.40,-6.53,-5.50,-5.47,-6.89,-3.55,-8.30,0.86,-0.22,-4.58,0.83,5.53,4,2.70,0.65,3.30,3.10,1.42,3.33,4.60,1.29,2,2.56,0.30,-0.36,-0.20,-0.43,-1.41,-2.45,-0.71,-1.94,-1.84,-1.50,-0.81,-1.33,-3.47,-1.29,-1.06,-1.10,-1.14,-1.37,-1.02,-0.04,-0.70,-0.44,-0.87,-0.86,1.50,-0.73,-1.06,-0.98,-1.32,-1.60,-0.99,-1.27,-1.55,-3.90,1.26,-1.63,,-2.23,-2,-2.22,-3.76,,-3,-3.22,-3.05,-3.90,-0.36,0.35,0.80,-1.67,-1.29,-2.02,-1.40,,-2.30,-4.60,-0.80,-2.60,-3.50,,,,,,,-1.50,-1.90,,-2.10,-1.40,-0.80,-0.70,,,,,,,,-2.10,-1.70,-0.40,-0.80,-2.90,,,,,-1.20,,-2.30,-3.60,0.80,0.60,0.20,,,-2.30,,,-3.80,,,0.60,0,-0.10,0.50,-1.30,-1.40,
2008-12-14 03:20,-1.20,-2.08,1.63,-1.89,2.60,-2.30,-3.13,-1.90,2.83,-5.41,-0.67,-0.14,1.27,-1.67,1.63,2.09,0.56,-0.48,-4.90,-2.19,2.56,1.45,-3.09,,-0.73,0.16,4.07,0.50,-1.91,1.80,3.51,-2.98,-1.59,0.43,3.05,2.30,2.28,2.51,-1.11,-4.44,1,-1.22,1.54,3.03,-4.30,-2.67,-4.20,-3.57,0.30,-4.45,-1.97,-1.25,-1.80,-2.92,-4.29,-4.30,-6.59,-5.40,-5.60,-6.98,-3.87,-8.10,0.85,-0.41,-4.60,1.01,5.44,3.92,2.60,0.53,3.32,3.08,1.40,3.28,4.54,1.07,2.20,2.86,0.20,-0.25,-0.28,-0.48,-1.44,-2.56,-0.83,-1.86,-1.86,-1.50,-0.79,-1.33,-3.40,-1.36,-1.16,-1.20,-0.94,-1.29,-1.02,-0.08,-0.68,-0.38,-0.95,-0.91,1.91,-0.78,-0.99,-1.11,-1.31,-1.50,-0.98,-1.23,-1.55,-3.91,1.34,-1.69,,-2.22,-2,-2.35,-3.72,,-3.10,-3.26,-3.08,-3.96,-0.25,0.22,0.90,-1.65,-1.45,-1.80,-1.40,,-2.30,-4.50,0.20,-2.80,-3.20,,,,,,,-1.60,-1.80,,-2.10,-1.50,-0.80,-0.63,,,,,,,,-2,-1.80,-0.40,-0.80,-3,,,,,-1.20,,-2.30,-3.60,0.80,0.70,0.30,,,-2.30,,,-3.80,,,0.50,-0.10,-0.20,0.50,-1.30,-1.50,
2008-12-14 03:30,-1.30,-2.10,1.66,-1.80,2.80,-2.31,-3.09,-2,2.79,-5.53,-1.34,-0.49,1.16,-1.50,1.30,2.21,-0.02,-0.33,-5,-2.33,2.62,1.25,-3.42,,-0.98,0.17,4.04,0.10,-1.97,1.80,3.44,-2.79,-1.69,1.20,3.23,2.08,2.24,2.45,-1.28,-4.49,0.80,-1.23,1.76,2.85,-4.30,-2.67,-4.20,-3.60,1.07,-4.16,-2.45,-1.22,-1.78,-2.81,-4.24,-4.27,-6.66,-5.40,-5.61,-6.90,-4.02,-8.20,0.62,-0.71,-4.80,1.09,5.28,3.91,2.70,0.64,3.32,3,1.57,3.34,4.53,1.79,2.30,3.29,0.20,-0.52,-0.51,-0.53,-1.49,-2.57,-0.84,-1.79,-1.82,-1.50,-0.77,-1.22,-3.44,-1.29,-1.15,-1.20,-1.03,-1.23,-0.96,-0.07,-0.68,-0.46,-0.94,-1.04,1.78,-0.87,-0.96,-1.17,-1.43,-1.60,-0.90,-1.21,-1.52,-3.89,1.32,-1.69,,-2.30,-2,-2.18,-3.67,,-3.10,-3.23,-3.18,-3.88,-0.30,0.23,0.90,-1.64,-1.51,-1.71,-1.30,,-2.20,-4.40,0.60,-2.90,-3.20,,,,,,,-1.60,-1.50,,-2.10,-1.50,-0.80,-0.66,,,,,,,,-2.20,-1.80,-0.30,-0.80,-3,,,,,-1.10,,-2.30,-3.70,0.60,0.60,0.30,,,-2.20,,,-3.80,,,0.50,-0.10,-0.30,0.40,-1.30,-1.40,
2008-12-14 03:40,-1.40,-1.92,1.21,-1.67,2.90,-2.36,-3.12,-2,2.63,-5.61,-1.64,-0.30,1.08,-1.39,1.10,2.50,0.10,-0.25,-5,-2.07,2.63,0.99,-3.45,,-1.14,0.34,4.05,0.39,-1.76,2,3.70,-2.72,-1.71,1.79,3.02,2.26,1.98,2.56,-0.96,-4.48,0.70,-1.44,1.51,2.78,-4.20,-2.58,-4.30,-3.51,1.22,-4.09,-2.67,-1.29,-1.78,-2.75,-4.33,-4.37,-6.77,-5.40,-5.60,-6.83,-4.13,-7.90,0.96,-0.66,-4.96,0.81,5.42,3.92,2.70,0.52,3.42,3.31,1.52,3.31,4.57,2.33,2,3.46,0.20,-0.40,-0.71,-0.57,-1.44,-2.50,-1,-1.71,-1.85,-1.50,-0.80,-1.18,-3.35,-1.24,-1.14,-1.10,-0.96,-1.14,-1,0.02,-0.73,-0.37,-0.95,-0.89,1.94,-0.82,-0.99,-1.29,-1.43,-1.50,-0.94,-1.17,-1.39,-4.02,1.37,-1.80,,-2.28,-2.10,-2.27,-3.70,,-3.10,-3.36,-3.27,-4.13,-0.39,0.24,0.80,-1.60,-1.55,-1.94,-1.30,,-2.10,-4.30,0.40,-2.80,-3.20,,,,,,,-1.80,-1.20,,-2,-1.60,-0.80,-0.68,,,,,,,,-2.10,-1.80,-0.20,-0.80,-3.10,,,,,-1.10,,-2.40,-3.70,0.60,0.50,,,,-2.10,,,-3.80,,,0.40,-0.20,-0.30,0.40,-1.30,-1.20,
2008-12-14 03:50,-1.50,-2.03,0.78,-1.50,2.90,-2.39,-3.20,-2.20,2.68,-5.52,-0.21,-0.06,0.96,-1.46,1.45,2.76,-0.15,-0.31,-5.30,-1.71,2.62,0.96,-3.53,,-1.18,0.30,4.24,0.59,-1.94,2.10,3.71,-2.61,-1.72,2.01,2.89,2.45,1.83,2.56,-0.85,-4.76,0.60,-1.55,1.53,2.73,-4.40,-2.57,-3.90,-3.70,1.41,-4.18,-2.60,-1.35,-1.83,-2.81,-4.28,-4.38,-6.83,-5.50,-5.63,-6.80,-4.28,-8.10,1.11,-0.39,-4.96,0.79,5.26,3.93,2.70,0.39,3.37,3.22,1.51,3.32,4.62,2.18,1.80,3.73,0.20,-0.38,-0.88,-0.90,-1.42,-2.44,-0.99,-1.75,-1.86,-1.50,-0.89,-1.21,-3.45,-1.26,-1.08,-1.20,-0.98,-1.15,-0.97,0.06,-0.69,-0.47,-0.90,-0.86,2.26,-0.86,-1.02,-1.45,-1.37,-1.60,-0.93,-1.10,-1.49,-4.02,1.28,-1.78,,-2.23,-2.20,-2.38,-3.70,,-2.90,-3.26,-3.24,-4.20,-0.63,0.22,0.90,-1.47,-1.21,-1.92,-1.50,,-1.90,-4.30,0.50,-2.70,-3.40,,,,,,,-1.80,-1.20,,-2,-1.60,-0.80,-0.62,,,,,,,,-2.10,-1.80,-0.30,-0.80,-3.10,,,,,-1,,-2.40,-3.70,0.70,0.50,0.30,,,-2.10,,,-3.80,,,0.40,-0.20,-0.40,0.50,-1.30,-1.30,
2008-12-14 04:00,-1.60,-2.23,0.72,-1.40,3.10,-2.39,-3.20,-2.40,3.03,-5.39,0.52,0.24,0.94,-1.62,1.85,2.92,-0.14,-0.40,-5.50,-1.73,2.65,1.27,-3.88,,-1.21,0.10,4.29,1.28,-2.13,2.10,3.41,-2.56,-1.81,1.96,2.86,2.50,2.09,2.52,-0.78,-4.84,0.40,-1.56,1.31,2.59,-4.10,-2.53,-3.90,-3.76,1.32,-4.62,-2.94,-1.20,-1.73,-2.97,-4.20,-4.28,-6.70,-5.60,-5.41,-6.75,-4.37,-7.60,0.67,-0.19,-4.88,0.95,5.39,3.88,2.60,0.47,3.43,3.27,1.51,3.26,4.64,1.96,1.70,3.78,0.10,-0.58,-0.97,-0.90,-1.37,-2.47,-0.89,-1.75,-1.96,-1.50,-0.88,-1.33,-3.38,-1.30,-1.14,-1.10,-0.96,-1.20,-1,0.03,-0.70,-0.49,-0.89,-0.89,2.34,-1.07,-1.04,-1.93,-1.29,-1.60,-0.82,-1.06,-1.46,-4.08,1.26,-1.62,,-2.29,-2.20,-2.34,-3.68,,-2.80,-3.28,-3.35,-3.99,-0.79,0.13,0.90,-1.50,-1.42,-1.75,-1.60,1.40,-2,-4.30,1.20,-2.60,-3.50,,5,-4.10,4.90,-1.50,0.50,-1.80,-1.30,-1.30,-2.10,-1.60,-0.80,-0.80,-0.90,0.80,0.70,-0.20,-0.20,-1.20,-1.10,-2,-1.90,-0.20,-0.80,-3.20,1.60,0,-0.50,-1.70,-1,-0.50,-2.40,-3.60,0.70,0.40,0.30,,-0.70,-2,-1.80,,-3.80,,0.20,0.40,-0.20,-0.50,0.40,-1.40,-1.30,-3.30
2008-12-14 04:10,-1.80,-2.29,0.64,-1.28,2.80,-2.49,-3.18,-2.50,3.10,-5.66,0.17,-0.09,0.89,-1.26,2.15,2.93,0.02,-0.45,-5.50,-1.33,2.58,1.55,-4.07,,-1.20,-0.10,4.40,1.53,-2,2,3.26,-2.45,-1.96,2.15,3.08,2.60,2.61,2.64,-1.08,-4.96,0.30,-1.58,1.33,2.45,-4,-2.57,-3.80,-3.66,1.29,-4.54,-3.49,-1.18,-1.75,-2.97,-4.12,-4.23,-6.77,-5.70,-5.53,-6.60,-4.33,-7.60,0.34,-0.06,-4.79,1.28,5.27,3.92,2.70,0.51,3.46,3.11,1.56,3.34,4.72,2.02,1.70,4.10,0.10,-0.48,-1.23,-1.20,-1.40,-2.59,-0.82,-1.65,-2,-1.60,-0.91,-1.36,-3.48,-1.29,-1.11,-1.20,-1.01,-1.18,-1.01,0.06,-0.69,-0.45,-1.01,-0.94,2.18,-0.88,-1.09,-2,-1.37,-1.60,-0.82,-1.10,-1.44,-4.01,1.23,-1.73,,-2.26,-2.20,-2.26,-3.60,,-2.80,-3.40,-3.28,-3.96,-0.63,0.09,0.80,-1.61,-1.34,-1.65,-1.60,,-1.60,-4.30,2.50,-2.70,-3.30,,,,,,,-1.70,-1.50,,-2,-1.60,-0.90,-0.70,,,,,,,,-2,-1.80,-0.10,-0.80,-3.20,,,,,-1,,-2.40,-3.60,0.60,0.40,0.30,,,-2,,,-3.80,,,0.40,-0.20,-0.30,0.40,-1.40,-1.20,
2008-12-14 04:20,-1.90,-2.53,0.51,-1.17,3,-2.62,-3.02,-2.40,2.55,-5.71,0.39,-0.25,0.78,-1.28,2,2.93,-0.41,-0.49,-5.50,-1.26,2.57,1.80,-4.27,,-1.03,-0.14,4.52,1.65,-1.78,1.80,3.22,-2.34,-2.01,2.32,3.19,2.75,2.68,2.68,-1,-4.82,0.10,-1.70,1.12,2.07,-3.80,-2.63,-3.90,-3.53,0.76,-4.34,-3.82,-1.21,-1.74,-2.95,-4.07,-4.11,-6.72,-5.90,-5.57,-6.51,-4.51,-7.50,0.57,-0.11,-4.80,1.24,5.23,3.91,2.80,0.57,3.34,3.07,1.75,3.39,4.74,2.06,1.80,4.22,0.10,-0.26,-1.21,-1.30,-1.39,-2.51,-0.93,-1.76,-2.01,-1.60,-0.93,-1.27,-3.35,-1.33,-1.15,-1.20,-1.08,-1.22,-1.05,-0.05,-0.66,-0.46,-1.01,-0.96,2.06,-0.71,-1.25,-2.02,-1.33,-1.60,-1.03,-1.07,-1.52,-4.03,1.26,-1.70,,-2.35,-2.20,-2.28,-3.65,,-2.80,-3.44,-3.38,-4.17,-0.72,0.10,0.60,-1.65,-1.41,-1.64,-1.60,,-1.70,-4.30,2.60,-2.90,-3.40,,,,,,,-1.70,-1.70,,-2.10,-1.60,-0.90,-0.78,,,,,,,,-2,-1.80,-0.10,-0.80,-3.20,,,,,-1.10,,-2.50,-3.60,0.50,0.20,0.20,,,-1.90,,,-3.80,,,0.40,-0.10,-0.20,0.40,-1.50,-1.20,
2008-12-14 04:30,-2,-2.38,0.63,-1.06,2.90,-2.68,-3.15,-2.50,1.95,-5.83,2.59,-0.11,0.80,-1.30,2.15,2.67,-0.81,-0.70,-5.50,-1.70,2.55,1.98,-4.25,,-1.15,-0.08,4.50,1.74,-1.64,1.80,3.07,-2.01,-1.95,2.36,3.35,2.95,2.77,2.69,-1.02,-4.91,0.20,-1.62,0.99,2.19,-3.80,-2.60,-4.10,-3.55,0.41,-3.26,-3.63,-1.11,-1.77,-2.90,-4.11,-4.23,-6.78,-6,-5.45,-6.36,-4.59,-7.70,0.58,-0.24,-4.95,1.34,5.40,3.98,2.80,0.51,3.36,3.25,2.06,3.44,4.70,1.90,1.80,4.40,0.10,-0.23,-1.14,-1.40,-1.32,-2.53,-0.89,-1.68,-1.98,-1.60,-0.93,-1.29,-3.42,-1.24,-1.12,-1.20,-1.20,-1.05,-1.13,0.04,-0.64,-0.48,-1.03,-0.94,2.20,-0.99,-1.14,-2.05,-1.34,-1.60,-0.94,-1.02,-1.54,-4.12,1.31,-1.72,,-2.36,-2.30,-2.28,-3.60,,-3.10,-3.46,-3.41,-4.19,-0.70,0.22,0.70,-1.64,-1.58,-1.77,-1.60,,-2,-4.30,1.90,-3,-3.30,,,,,,,-1.70,-1.90,,-2.10,-1.60,-0.90,-0.81,,,,,,,,-2,-1.90,0,-0.80,-3.20,,,,,-1.10,,-2.50,-3.60,0.50,0.30,0.20,,,-1.80,,,-3.90,,,0.40,-0.20,-0.30,0.40,-1.50,-1.10,
2008-12-14 04:40,-2,-2.40,2.58,-1.11,2.80,-2.65,-3.23,-2.70,2.15,-5.82,1.52,-0.21,0.85,-1.12,2.18,2.70,-1.01,-0.60,-5.40,-1.83,2.54,2.13,-4.31,,-1.27,-0.12,4.43,1.77,-1.36,1.80,2.90,-1.71,-1.74,2.38,3.60,3.02,2.79,2.82,-1.11,-4.84,0.10,-1.43,0.96,2.18,-3.70,-2.51,-4.10,-3.31,0.35,0.73,-4.19,-1.25,-1.72,-2.74,-4.18,-4.10,-6.84,-6,-5.42,-6.27,-4.45,-7.70,0.59,-0.53,-5.03,1.93,5.42,4.01,2.80,0.57,3.36,3.24,2.22,3.35,5.04,2.11,1.50,4.74,0.10,-0.22,-1.42,-1.50,-1.33,-2.53,-0.96,-1.81,-2.12,-1.60,-0.87,-1.31,-3.43,-1.32,-1.13,-1.10,-1.01,-1.26,-1.11,0.09,-0.64,-0.51,-1.03,-0.98,2.13,-1.11,-1.24,-1.82,-1.32,-1.50,-0.85,-1.05,-1.51,-4.20,1.31,-1.78,,-2.41,-2.40,-2.15,-3.58,,-3.10,-3.73,-3.36,-4.33,-0.68,0.16,0.60,-1.65,-1.47,-1.85,-1.50,,-2,-4.20,1.60,-2.90,-3.20,,,,,,,-1.70,-1.90,,-2.20,-1.60,-0.90,-0.80,,,,,,,,-1.90,-1.80,-0.10,-0.90,-3.20,,,,,-1.20,,-2.50,-3.60,0.60,0.40,0.20,,,-1.80,,,-3.80,,,0.30,0,-0.30,0.40,-1.50,-1.10,
2008-12-14 04:50,-2.10,-2.53,3.65,-1.05,2.40,-2.98,-3.13,-2.80,2.29,-5.99,0.26,-0.08,0.76,-0.61,2.10,2.73,-0.41,-0.75,-5.50,-1.65,2.44,2.10,-4.45,,-1.37,-0.14,4.15,1.84,-1.48,1.70,2.71,-1.53,-1.83,2.30,3.81,2.94,3.16,2.72,-1.52,-4.57,-0.10,-1.28,0.91,2.43,-3.60,-2.53,-3.80,-3.25,0.36,2.79,-4,-1.36,-1.70,-2.69,-4.23,-4.22,-6.54,-6,-5.10,-6.29,-4.17,-7.80,0.79,-0.63,-4.92,1.94,5.31,4.03,2.80,0.56,3.31,3.16,2.44,3.29,5.17,2.01,1.80,4.89,-0.10,-0.27,-1.60,-1.60,-1.50,-2.49,-1.01,-1.84,-2.09,-1.60,-0.77,-1.20,-3.43,-1.41,-1.21,-1.20,-1.13,-1.18,-1.11,0.09,-0.70,-0.56,-1.02,-0.95,2,-0.98,-1.26,-1.89,-1.22,-1.40,-0.91,-0.96,-1.47,-4.29,1.32,-1.78,,-2.30,-2.40,-2.03,-3.68,,-3.20,-3.79,-3.46,-4.25,-0.71,0.07,0.60,-1.73,-1.43,-1.75,-1.40,,-2.30,-4.30,1.80,-3.10,-3.30,,,,,,,-1.80,-2.20,,-2.10,-1.50,-0.80,-0.80,,,,,,,,-1.90,-1.90,-0.10,-0.90,-3.20,,,,,-1.20,,-2.50,-3.70,0.60,0.40,0.20,,,-1.70,,,-3.90,,,0.40,-0.10,-0.40,0.30,-1.50,-1,
2008-12-14 05:00,-2.30,-2.77,3.96,-1.21,2.30,-3.01,-3.19,-2.90,2.57,-5.95,-0.96,0.16,1.32,1.78,2.14,2.62,0.79,-0.75,-5.70,-1.63,2.51,2.38,-3.81,,-1.30,-0.10,4.18,2.10,-1.53,1.60,2.49,-1.63,-1.73,1.85,3.76,2.92,2.89,2.62,-1.66,-4.59,-0.20,-1.21,1.06,2.38,-3.90,-2.51,-3.50,-3.31,0.38,2.94,-4.09,-1.38,-1.72,-2.84,-4.20,-4.23,-6.62,-6,-5.17,-6.35,-3.91,-7.70,1.71,-0.60,-4.88,1.78,5.31,4.09,2.90,0.56,3.23,3.25,2.50,3.25,5.24,2.23,1.60,4.94,-0.30,-0.39,-1.60,-1.70,-1.42,-2.62,-1.10,-1.90,-2.12,-1.60,-0.87,-1.31,-3.48,-1.37,-1.34,-1.20,-1.30,-1.21,-1.06,0.13,-0.64,-0.45,-0.98,-0.91,1.79,-0.99,-1.14,-1.90,-1.29,-1.40,-0.95,-0.93,-1.50,-4.36,1.36,-1.81,,-2.26,-2.50,-2.07,-3.74,,-3.10,-3.65,-3.45,-4.05,-0.76,0.11,0.60,-1.67,-1.65,-1.83,-1.40,2.10,-2.30,-4.40,1,-3,-3.30,-1.20,5,-4.10,4.70,-1.50,0.30,-1.80,-2.20,-1.40,-2,-1.60,-0.80,-0.80,,0.40,0.80,-0.50,-0.20,-1.30,-1.40,-2,-1.80,0,-0.90,-3.20,2.10,-0.70,-0.60,-1.90,-1.20,-0.20,-2.50,-3.70,0.60,0.80,0.10,-1,-0.80,-1.70,-2,-3.40,-4.10,0.40,0.10,0.40,-0.10,-0.50,0.30,-1.60,-1.10,-3.60
2008-12-14 05:10,-2.20,-2.81,4.21,-1.48,2.59,-2.90,-3.11,-2.80,2.40,-5.89,-1.69,0.24,1.88,3.38,2.39,2.89,1.22,-0.55,-5.90,-1.67,2.60,2.74,-3.75,,-1.30,-0.23,4.07,1.86,-1.42,1.60,1.75,-1.07,-1.74,1.80,3.60,2.72,2.79,2.65,-1.21,-4.72,0.10,-1.41,1.24,2.36,-4,-2.56,-3.20,-3.38,0.49,3.13,-4.41,-1.43,-1.70,-2.81,-4.02,-4.22,-6.68,-5.80,-5.24,-6.44,-3.57,-7.80,2.71,-0.71,-4.99,1.53,5.41,4.12,2.90,0.56,3.29,3.27,2.70,3.21,5.19,2.28,1.80,5.09,-0.40,-0.45,-1.50,-1.70,-1.49,-2.68,-1.13,-1.81,-2.09,-1.60,-0.87,-1.41,-3.53,-1.53,-1.42,-1.20,-1.25,-1.19,-1.09,0.20,-0.63,-0.46,-1.02,-0.99,1.70,-1.09,-1.21,-1.82,-1.38,-1.40,-0.87,-0.80,-1.56,-4.36,1.42,-1.84,,-2.19,-2.40,-2.05,-3.85,,-3,-3.64,-3.40,-4.23,-0.89,0,0.70,-1.49,-1.60,-1.43,-1.40,,-2.40,-4.30,1.80,-3.10,-3.20,,,,,,,-1.80,-2.50,,-2,-1.60,-0.80,-0.78,,,,,,,,-1.80,-1.80,0,-0.80,-3.20,,,,,-1.10,,-2.50,-3.70,0.60,0.80,0.10,,,-1.70,,,-4.10,,,0.40,-0.40,-0.50,0.30,-1.50,-1,
2008-12-14 05:20,-2.40,-2.80,4.34,-1.59,2.73,-2.88,-3.14,-3,2.28,-5.84,-1.34,-0.05,1.76,3.83,2.37,3.08,1.25,-0.81,-6.10,-1.84,2.73,2.56,-4,,-1.32,-0.38,4.16,1.48,-1.49,1.60,1.23,-1.11,-1.61,1.93,3.51,2.44,2.72,2.58,-0.89,-4.66,0,-1.47,1.19,2.30,-3.90,-2.73,-3,-3.45,0.41,3,-4.65,-1.48,-1.62,-2.75,-3.79,-4.16,-6.80,-5.60,-5.28,-6.42,-3.35,-7.80,2.75,-0.82,-5.12,1.34,5.26,4.02,2.90,0.56,3.31,3.21,2.54,3.22,5.04,2.34,2,5.01,-0.40,-0.42,-1.29,-1.70,-1.34,-2.66,-1.30,-1.83,-1.96,-1.50,-0.96,-1.41,-3.52,-1.54,-1.40,-1.30,-1.34,-1.15,-1.14,0.15,-0.60,-0.53,-1,-1.03,1.54,-1,-1.18,-1.75,-1.35,-1.40,-0.87,-0.78,-1.48,-4.37,1.49,-1.81,,-2.26,-2.40,-1.90,-3.90,,-3,-3.70,-3.43,-4.49,-0.97,0.03,0.60,-1.59,-1.60,-1.40,-1.40,,-2.30,-4.30,2.10,-3,-3.20,,,,,,,-1.70,-2.80,,-2,-1.70,-0.80,-0.76,,,,,,,,-1.80,-1.80,0,-0.80,-3.20,,,,,-1.10,,-2.50,-3.70,0.60,0.80,0.10,,,-1.80,,,-4.20,,,0.30,-0.40,-0.50,0.50,-1.60,-1.10,
2008-12-14 05:30,-2.50,-2.94,4.93,-1.70,2.83,-2.86,-3.15,-3,2.27,-5.91,-1.32,-0.01,1.72,2.73,2.73,3.34,1.05,-0.82,-6.20,-1.83,2.65,2.27,-4.04,,-1.37,-0.48,3.93,1.37,-1.44,1.50,0.97,-0.87,-1.67,2.49,3.42,2.42,2.53,2.48,0.05,-4.33,0.10,-1.23,0.95,2.24,-4.10,-2.68,-3.10,-3.50,0.71,2.95,-4.52,-1.37,-1.47,-2.74,-3.55,-4.13,-6.69,-5.40,-5.39,-6.49,-3.48,-7.90,1.62,-0.74,-5.17,0.89,5.43,4.07,2.80,0.43,3.23,3.19,2.62,3.27,5.01,2.29,2.70,4.89,-0.50,-0.73,-1.25,-1.80,-1.29,-2.69,-1.37,-1.88,-1.99,-1.50,-0.85,-1.31,-3.48,-1.59,-1.37,-1.20,-1.43,-1.11,-1.14,0.12,-0.66,-0.57,-1.12,-1.06,1.26,-1.16,-1.24,-1.78,-1.32,-1.40,-0.84,-0.74,-1.54,-4.51,1.55,-1.87,,-2.26,-2.30,-1.82,-3.92,,-2.90,-3.82,-3.32,-4.22,-0.89,0.12,0.40,-1.55,-1.27,-1.45,-1.50,,-2.30,-4.30,2.30,-3,-3.10,,,,,,,-1.70,-2.60,,-2.10,-1.50,-0.80,-0.71,,,,,,,,-1.80,-1.80,0,-0.80,-3.10,,,,,-1.10,,-2.60,-3.80,0.70,1,0.10,,,-1.80,,,-4.10,,,0.20,-0.50,-0.50,0.50,-1.60,-1.20,
2008-12-14 05:40,-2.60,-3.02,5.31,-1.84,2.55,-3.01,-3.13,-3.10,2.17,-6,-0.66,-0.11,1.63,1.35,2.96,3.36,1.04,-0.76,-6.30,-2.04,2.59,2.56,-3.92,,-1.31,-0.66,3.66,1.51,-1.49,1.60,1.40,1.52,-1.73,2.66,3.39,2.43,2.46,2.59,0.43,-4.28,0.30,-1.25,0.92,2.23,-4.20,-2.73,-2.90,-3.63,0.54,2.99,-4.61,-1.35,-1.62,-2.71,-3.57,-4.30,-6.57,-5.20,-5.66,-6.60,-3.60,-8,0.64,-0.96,-5.11,0.61,5.43,4.05,2.80,0.50,3.17,3.21,2.91,3.25,5.03,2.26,3.90,5.03,-0.60,-0.67,-1.45,-1.80,-1.39,-2.73,-1.33,-1.88,-2.02,-1.50,-0.90,-1.34,-3.53,-1.63,-1.43,-1.20,-1.29,-1.06,-1.14,0.10,-0.70,-0.60,-1.02,-1.09,1.29,-1.40,-1.32,-1.89,-1.25,-1.30,-0.82,-0.75,-1.64,-4.52,1.64,-1.88,,-2.33,-2.30,-1.81,-3.94,,-2.90,-3.83,-3.32,-4.35,-0.95,0.16,0.70,-1.54,-1.28,-1.46,-1.60,,-2.10,-4.30,1.50,-2.90,-3.10,,,,,,,-1.70,-2.20,,-2,-1.50,-0.70,-0.74,,,,,,,,-1.80,-1.80,0,-0.80,-3.10,,,,,-1,,-2.60,-3.70,0.80,0.90,0,,,-1.80,,,-4.20,,,0.20,-0.40,-0.50,0.50,-1.60,-1.20,
2008-12-14 05:50,-2.60,-2.97,5.07,-1.92,2.73,-3.07,-3.18,-2.90,2.10,-5.92,-0.44,-0.08,1.44,0.77,3.34,3.46,1.25,-0.84,-6.40,-1.78,2.51,1.66,-3.81,,-1.27,-0.98,3.80,1.31,-1.54,1.50,2.36,1.46,-1.75,1.98,3.43,2.63,2.57,2.91,-0.77,-4.01,0.20,-1.34,0.92,2,-4.20,-2.54,-2.90,-3.62,0.75,2.98,-4.38,-1.28,-1.48,-2.59,-3.71,-4.33,-6.59,-5.20,-5.67,-6.68,-3.81,-8.10,0.15,-0.91,-5.15,0.71,5.32,3.99,2.90,0.43,3.22,3.27,2.61,3.08,5.06,1.61,4.30,5.19,-0.50,-0.61,-1.49,-1.50,-1.31,-2.82,-1.26,-1.86,-2.02,-1.50,-0.96,-1.33,-3.49,-1.61,-1.48,-1.30,-1.10,-1.12,-1.14,0.12,-0.65,-0.64,-0.97,-1.03,1.20,-1.33,-1.29,-1.99,-1.35,-1.40,-0.93,-0.75,-1.54,-4.50,1.75,-2.06,,-2.23,-2.30,-1.87,-3.99,,-3.10,-3.99,-3.39,-4.55,-1.04,0.09,0.40,-1.56,-1.23,-1.48,-1.60,,-2.10,-4.30,1.90,-2.90,-3.20,,,,,,,-1.60,-2.20,,-2.10,-1.70,-0.70,-0.81,,,,,,,,-1.90,-1.80,0.10,-0.90,-3.10,,,,,-0.90,,-2.50,-3.80,0.90,0.90,-0.10,,,-1.80,,,-4.20,,,0.20,-0.50,-0.60,0.60,-1.70,-1.20,
2008-12-14 06:00,-3,-3,5.03,-2,3,-2.94,-3.08,-2.80,2.06,-5.99,0.95,-0.20,1.36,1,3.75,3,2,-0.82,-6,-1.71,2,1.14,-3.92,-2,-1,-2,4.42,1.36,-2,2,2,2,-1.77,2,3.43,3,3,3,-0.89,-3,0,-1,1,2,-4.20,-2.59,-3,-3.54,0,2.85,-5,-2,-1.49,-2.57,-3.71,-4,-6,-5,-6,-6.75,-4.09,-8,-0.38,-0.80,-5.07,0.99,5.23,3.92,3.10,0.32,3.09,3.23,2.05,3.19,5.04,1.26,2.90,5.15,-1,-1,-6,-1,-1.13,-3,-1.32,-1.88,-3,-1.60,-0.93,-1.32,-3.45,-1.70,-2,-1.30,-1,-1.19,-1.17,0.14,-0.63,-0.70,-1.07,-1,1.16,-1.17,-1.22,-2.05,-1.42,-1.30,-0.84,-0.73,-1.56,-4.48,1.74,-1.99,,-2.36,-2.20,-1.88,-4.08,,-3,-4.22,-3.36,-4.61,-1.09,0.20,0.30,-1.49,-1.20,-1.56,-1.70,-2,-2,-4,0.80,-2.70,-3.30,-1.20,5,-4,5,-1,50,-2,-2,-1.70,-2.10,-1.60,-0.70,-0.80,-1.10,0.10,1,0,-0.20,-1.40,-1.40,-1.90,-1.90,0,-0.90,-3.10,3.10,-0.80,-0.80,-1.80,-0.90,0.10,-2.60,-3.70,0.80,0.70,0,-1.10,-1,-1.80,-2.10,,-4.20,0.30,0.20,0.20,-0.50,-0.60,0.30,-1.70,-1.40,-3.70
2008-12-14 06:10,-2.70,-2.78,5.05,-1.76,2.70,-2.83,-3.14,-2.70,2.21,-5.97,2.92,0.07,1.30,-0.07,2.87,3.17,1.54,-0.84,-6.50,-1.63,2.40,0.69,-3.74,,-1.31,-1.35,4.60,1.33,-1.67,1.30,1.91,2.30,-1.66,0.78,3.46,2.57,2.71,2.71,-1.13,-3.80,0.50,-1.65,0.95,2.18,-4.30,-2.59,-2.90,-3.54,0.40,2.77,-4.59,-0.98,-1.50,-2.65,-3.80,-4.48,-6.66,-5.30,-5.77,-6.77,-4.24,-8,-0.65,-0.77,-5.10,1.09,5.35,3.89,3,0.36,3.16,3.18,1.80,3.10,4.89,0.88,1.80,5.21,-0.64,-0.73,-2.12,-1.50,-1.18,-2.62,-1.37,-1.85,-2.06,-1.60,-0.88,-1.37,-3.55,-1.72,-1.52,-1.30,-1.17,-1.12,-1.22,0.09,-0.65,-0.74,-1.02,-1.07,1.45,-1.05,-1.29,-2.12,-1.51,-1.30,-0.77,-0.65,-1.55,-4.58,1.68,-1.92,,-2.35,-2.30,-1.78,-4.12,,-3,-4.28,-3.39,-4.55,-1.18,-0.04,0.60,-1.52,-1.47,-1.58,-1.60,,-2,-4.40,0.10,-2.60,-3.30,,,,,,,-1.60,-2.40,,-2.10,-1.60,-0.80,-0.69,,,,,,,,-1.80,-1.80,0.10,-0.90,-3.10,,,,,-0.90,,-2.50,-3.60,0.80,0.70,0,,,-1.80,,,-4.30,,,0.20,-0.80,-0.60,0.40,-1.80,-1.60,
2008-12-14 06:20,-2.60,-2.72,4.98,-1.40,2.70,-3.03,-3.24,-2.70,2.17,-6.10,1.47,0.26,1.26,-0.50,2.35,3.14,1.74,-0.95,-6.60,-1.43,2.37,0.35,-3.69,,-1,-1.49,4.45,1.07,-1.71,1.30,2.63,2.51,-1.58,-0.02,3.38,2.66,2.83,2.73,-1.17,-3.61,-0.20,-1.61,0.98,2.14,-4.40,-2.59,-2.70,-3.65,0.08,2.34,-4.56,-1.03,-1.49,-2.69,-3.86,-4.43,-6.76,-5.50,-5.87,-6.84,-4.30,-8.10,-0.77,-0.97,-5.25,0.95,5.36,3.96,2.80,0.36,3.26,3.05,1.95,3.05,4.77,0.64,1.60,5.12,-0.68,-0.54,-2.11,-1.50,-1.29,-2.72,-1.29,-2,-2.07,-1.60,-1,-1.48,-3.48,-1.75,-1.58,-1.30,-0.99,-1.04,-1.20,0.18,-0.68,-0.65,-1.07,-1.11,1.75,-1.20,-1.31,-2.14,-1.53,-1.30,-0.75,-0.66,-1.43,-4.60,1.73,-1.98,,-2.41,-2.20,-1.69,-4.04,,-2.90,-4.33,-3.50,-4.60,-1.15,-0.08,0.60,-1.54,-1.38,-1.61,-1.50,,-1.60,-4.50,0.20,-2.80,-3.40,,,,,,,-1.60,-2.30,,-2.10,-1.80,-0.80,-0.71,,,,,,,,-1.90,-1.70,0.10,-0.90,-3.10,,,,,-0.90,,-2.50,-3.60,1.10,0.60,0,,,-1.80,,,-4.30,,,0.10,-0.80,-0.70,0.40,-1.70,-1.70,
2008-12-14 06:30,-2.70,-2.47,4.87,-1.24,2.80,-3.11,-3.23,-2.60,1.92,-6.08,0.98,-0.32,1.38,-0.66,2.82,2.93,1.99,-1.08,-6.50,-1.31,2.28,0.60,-3.52,,-0.94,-1.37,4.48,1.26,-1.60,1.10,2.71,2.70,-1.46,-0.22,3.38,2.75,2.99,2.87,-0.72,-3.58,-0.30,-1.76,1.09,2.44,-4.10,-2.55,-2.70,-3.55,0.01,2.25,-4.62,-0.97,-1.47,-2.49,-3.92,-4.26,-6.80,-5.60,-6.05,-6.92,-4.45,-8,-0.89,-0.97,-5.21,0.88,5.27,3.89,2.80,0.42,3.15,3.11,1.87,3.07,4.72,0.56,2.70,5.19,-0.85,-0.57,-1.86,-1.40,-1.37,-2.77,-1.30,-2.01,-2.08,-1.60,-1.01,-1.56,-3.49,-1.75,-1.47,-1.20,-0.95,-1.06,-1.23,0.14,-0.73,-0.58,-1.17,-1.08,2.17,-1.20,-1.34,-2.10,-1.55,-1.20,-0.74,-0.59,-1.52,-4.69,1.66,-1.97,,-2.48,-2.40,-1.74,-4.05,,-2.90,-4.36,-3.67,-4.62,-1.22,-0.07,0.50,-1.60,-1.39,-1.62,-1.60,,-1.70,-4.60,1.30,-2.70,-3.80,,,,,,,-1.60,-2.10,,-2.10,,-0.80,-0.72,,,,,,,,-1.90,-1.70,0,-0.90,-3,,,,,-0.80,,-2.50,-3.60,1.10,0.40,,,,-1.80,,,-4.20,,,0.10,-0.80,-0.80,0.40,-1.80,-1.80,
2008-12-14 06:40,-2.80,-2.60,4.85,-1.17,3,-3.09,-3.16,-2.70,1.63,-6.03,1.88,-0.76,1.38,-0.57,3.03,2.87,2.06,-0.96,-6.30,-1.25,2.23,0.65,-3.72,,-1.09,-1.31,4.29,1.28,-1.76,1.30,2.80,3.12,-1.41,-0.22,3.52,2.87,2.87,3.03,0.12,-3.44,-0.20,-1.77,1.56,2.47,-4.20,-2.59,-2.60,-3.67,0.20,2.33,-4.71,-0.92,-1.51,-2.36,-3.86,-4.39,-6.82,-5.70,-5.98,-6.92,-4.43,-8.10,-0.92,-0.75,-5.07,1.17,5.29,3.92,2.70,0.38,3.04,3.23,1.60,3.03,4.65,0.50,1.70,5.39,-0.89,-0.60,-1.75,-1.40,-1.31,-2.68,-1.52,-1.87,-1.94,-1.60,-0.93,-1.55,-3.48,-1.70,-1.41,-1.10,-1.13,-0.95,-1.19,0.06,-0.73,-0.66,-1.16,-1.05,2.40,-1.45,-1.30,-2.06,-1.41,-1.10,-0.63,-0.71,-1.50,-4.68,1.70,-1.94,,-2.47,-2.50,-1.77,-4.05,,-3,-4.13,-3.50,-4.72,-1.20,0.08,0.30,-1.56,-1.56,-1.75,-1.50,,-1.80,-4.80,0.80,-2.50,-3.60,,,,,,,-1.50,-2.10,,-2.20,-1.80,-0.80,-0.71,,,,,,,,-1.80,-1.70,0.10,-1,-3,,,,,-0.80,,-2.50,-3.60,1.10,0.40,0,,,-1.90,,,-4.30,,,0.10,-0.80,-0.90,0.20,-1.80,-1.80,
2008-12-14 06:50,-2.80,-2.61,4.88,-1.21,2.70,-3.26,-3.21,-2.80,1.25,-6.08,-0.04,-0.75,1.49,-0.73,3.13,2.73,2.05,-0.85,-6.30,-1.21,2.03,0.70,-3.83,,-0.98,-1.20,4.08,1.50,-1.69,1.30,3.19,3.19,-1.33,-0.63,3.57,2.73,2.97,3.25,0.09,-3.50,-0.30,-1.39,1.71,2.43,-4.20,-2.45,-2.50,-3.54,0.32,2.02,-4.91,-0.99,-1.52,-2.42,-3.73,-4.39,-6.94,-5.70,-6.18,-6.96,-4.49,-8.20,-0.78,-0.47,-4.98,1.50,5.32,3.96,2.60,0.34,3.02,3.26,1.72,3.13,4.69,0.51,2.20,5.31,-0.88,-0.62,-1.56,-1.30,-1.16,-2.74,-1.34,-1.86,-1.90,-1.70,-0.91,-1.58,-3.45,-1.65,-1.38,-0.90,-1.10,-0.89,-1.16,0.09,-0.77,-0.56,-1.20,-1.06,1.72,-1.58,-1.28,-1.96,-1.44,-1.10,-0.59,-0.66,-1.59,-4.67,1.66,-1.90,,-2.50,-2.50,-1.76,-4.21,,-2.90,-4.15,-3.67,-4.92,-1.12,0.04,0.40,-1.61,-1.69,-1.66,-1.40,,-1.80,-4.50,1,-2.40,-3.20,,,,,,,-1.50,-2.10,,-2.30,-1.70,-0.70,-0.74,,,,,,,,-1.80,-1.70,0.10,-1,-2.90,,,,,-0.80,,-2.60,-3.60,1.10,0.30,-0.10,,,-1.80,,,-4.30,,,0.10,-0.90,-0.90,0.10,-1.80,-1.80,
2008-12-14 07:00,-2.80,-2.72,4.95,-1.21,2.60,-3.24,-3.14,-2.70,1.38,-6.02,-0.61,-0.21,1.55,-0.68,3.47,2.65,2.03,-0.65,-6.30,-1.30,2.06,0.73,-3.87,,-0.90,-1.27,4.30,1.96,-1.45,1.40,3.40,3.25,-1.38,1.71,3.57,2.80,3.10,3.24,-0.03,-3.01,-0.10,-1.36,1.71,2.37,-4.10,-2.31,-2.50,-3.51,0.36,1.74,-5.13,-0.96,-1.48,-2.24,-3.63,-4.42,-6.96,-5.80,-6.02,-6.89,-4.40,-8,-0.81,-0.31,-4.89,1.26,5.21,3.94,2.70,0.38,2.87,3.22,1.54,3.15,4.71,0.55,1.20,5.44,-0.73,-0.33,-1.20,-1.40,-1.19,-2.71,-1.18,-1.78,-1.92,-1.60,-0.86,-1.39,-3.37,-1.61,-1.33,-0.70,-1.04,-0.94,-1.11,0.10,-0.73,-0.57,-1.30,-1.08,1.70,-1.19,-1.25,-1.73,-1.35,-1,-0.52,-0.65,-1.55,-4.62,1.66,-1.87,,-2.54,-2.50,-1.75,-4.27,,-2.90,-4.24,-3.49,-4.88,-1.17,0.05,0.30,-1.51,-1.74,-1.66,-1.40,-1.20,-1.70,-4.90,1.20,-2.40,-2.70,-1.30,4.90,-4.10,4.80,-0.90,-0.80,-1.50,-2,-1.80,-2.10,-1.50,-0.70,-0.70,,-0.30,0,-0.50,-0.30,-1.30,-1.40,-1.70,-1.70,0.10,-1,-2.90,2.80,-1.10,-0.70,-1.80,-0.60,0,-2.50,-3.50,1.30,0.30,-0.10,,-1.10,-1.80,-2.20,-3.50,-4.30,0.20,0.10,0.10,-0.90,-1.10,0,-1.80,-1.80,-4
2008-12-14 07:10,-2.80,-2.68,5.07,-1.19,2.80,-3.22,-2.99,-2.70,1.87,-5.74,-1.03,0.06,1.46,-0.70,3.34,2.67,1.95,-0.51,-6.50,-1.44,2.32,0.66,-3.77,,-0.95,-1.23,4.85,2.07,-1.34,1.60,3.61,2.96,-1.34,2.44,3.57,3,2.95,3.18,-0.06,-3.04,-0.20,-1.33,1.78,2.37,-4.20,-2.16,-2.30,-3.34,0.67,1.71,-4.93,-0.89,-1.46,-2.03,-3.59,-4.13,-6.59,-5.70,-5.92,-6.87,-4.51,-7.70,-1,-0.10,-4.60,1.49,5.12,3.88,2.70,0.27,2.90,3.09,1.39,3.12,4.66,0.64,0.80,5.52,-0.70,-0.52,-0.84,-1.03,-1.25,-2.65,-1.18,-1.73,-1.95,-1.50,-0.73,-1.48,-3.25,-1.54,-1.24,-0.50,-0.89,-0.81,-1.10,0.11,-0.72,-0.52,-1.20,-1.11,1.84,-1.06,-1.19,-1.81,-1.22,-0.90,-0.62,-0.61,-1.50,-4.62,1.47,-1.85,,-2.62,-2.40,-1.68,-4.27,,-3.10,-4.18,-3.41,-5.03,-1.15,-0.03,0.20,-1.41,-1.78,-1.77,-1.30,,-1.70,,2.10,-2.30,-2.40,,,,,,,-1.50,-2,,-2.10,-1.50,-0.70,-0.72,,,,,,,,-1.70,-1.70,0.10,-1,-2.90,,,,,-0.60,,-2.50,-3.50,1.30,0.40,-0.10,,,-1.90,,,-4.10,,,0,-1.10,-1.10,0,-1.80,-1.80,
2008-12-14 07:20,-2.50,-2.46,5.15,-1.11,3.10,-3.10,-2.87,-2.70,2.26,-5.49,-0.34,-0.30,1.44,-0.90,3.36,3.17,1.97,-0.71,-6.50,-1.04,2.29,0.68,-3.79,,-1,-1.05,5.11,1.99,-0.98,1.90,3.51,2.31,-1.37,2.96,3.50,3.16,2.96,3.19,-0.52,-3.06,-0.10,-1.55,1.71,2.55,-4.20,-2,-1.90,-2.89,1.04,0.48,-4.37,-0.86,-1.43,-1.81,-3.41,-4.29,-6.43,-5.60,-6,-6.75,-4.58,-7.40,-1,-0.01,-4.39,1.13,5.16,3.79,2.50,0.27,3.05,2.90,1.67,3.17,4.60,0.70,1.10,4.11,-0.60,-0.64,-0.63,-0.92,-1.14,-2.56,-1.11,-1.72,-1.75,-1.40,-0.59,-1.50,-3.36,-1.43,-1.09,-0.40,-0.83,-0.77,-1.11,0.08,-0.77,-0.50,-1.28,-1.17,1.34,-1.21,-1.20,-1.69,-1.09,-0.80,-0.58,-0.59,-1.46,-4.53,1.45,-1.98,,-2.55,-2.30,-1.86,-4.22,,-3,-4.30,-3.32,-4.76,-1.22,-0.12,0.20,-1.53,-1.77,-1.62,-1.20,,-1.60,,1.90,-2.20,-2.30,,,,,,,-1.40,-1.80,,-1.90,-1.30,-0.70,-0.71,,,,,,,,-1.60,-1.60,0.10,-1,-2.90,,,,,-0.50,,-2.40,-3.50,1.20,0.40,-0.10,,,-1.80,,,-3.90,,,0,-1,-1.10,-0.10,-1.80,-1.50,
2008-12-14 07:30,-2.40,-2.37,5.11,-0.91,3.30,-3,-2.77,-2.60,2.53,-5.16,0.33,0.43,1.50,-0.92,3.07,3.44,2.06,-0.56,-6.50,-0.83,2.27,1.17,-3.71,,-1.02,-0.81,5.28,2.26,-0.96,2,3.76,2.33,-1.44,3.19,3.60,3.07,2.90,3.04,-0.73,-2.63,-0.20,-1.45,1.57,2.84,-4.10,-1.75,-1.60,-2.50,1.33,0.50,-4.23,-0.89,-1.40,-1.73,-3.52,-4.40,-5.99,-5.40,-5.60,-6.17,-4.46,-6.80,-0.94,-0.06,-3.98,0.91,5.30,3.75,2.60,0.30,3.11,2.95,1.69,3.24,4.73,0.80,1.40,2.48,-0.60,-0.33,-0.37,-0.83,-0.95,-2.56,-0.80,-1.66,-1.61,-1.30,-0.41,-1.36,-3.22,-1.30,-1.01,-0.30,-0.63,-0.67,-1.03,0.08,-0.73,-0.46,-1.35,-1.12,1.89,-1.02,-1.21,-1.55,-1.08,-0.70,-0.50,-0.63,-1.48,-4.44,1.48,-1.90,-1.39,-2.55,-2.20,-1.81,-4.10,,-2.80,-4.11,-3.09,-4.43,-1.25,-0.08,0.10,-1.51,-1.86,-1.53,-1.10,,-1.20,,1.70,-1.70,-2.70,,,,,,,-1.20,-1.70,,-1.70,-1.20,-0.70,-0.60,,,,,,,,-1.60,-1.40,0.10,-1,-2.90,,,,,-0.50,,-2.40,-3.40,1.10,0.40,,,,-1.80,,,-3.70,,,0.10,-0.90,-1.10,-0.10,-1.70,-1.40,
2008-12-14 07:40,-2.10,-2.34,4.96,-0.59,3.20,-2.87,-2.66,-2.20,2.54,-4.57,0.23,0.19,1.60,-0.92,2.75,3.98,2.37,-0.09,-6.30,-0.71,2.31,1.54,-3.42,,-0.63,-0.50,5.26,2.50,-0.98,2.10,3.90,2.27,-1.60,3.08,3.77,3.02,2.76,2.97,-0.73,-2.36,-0.10,-1.37,1.71,3.16,-4,-1.53,-2,-2.25,1.46,0.80,-3.80,-0.87,-1.33,-1.67,-3.45,-4.01,-5.96,-4.50,-5.12,-5.67,-4.28,-6.20,-0.88,-0.09,-3.39,1.05,5.22,3.73,2.80,0.35,3.08,2.94,1.48,3.36,4.79,0.82,1.40,1.85,-0.60,-0.37,-0.08,-0.66,-0.91,-2.42,-0.53,-1.58,-1.51,-1.10,-0.28,-1.18,-3.13,-1.11,-0.81,-0.30,-0.56,-0.57,-1.01,0.13,-0.69,-0.37,-1.23,-1.07,1.74,-0.86,-1.03,-1.46,-0.98,-0.60,-0.46,-0.66,-1.42,-4.46,1.56,-1.86,-1.23,-2.50,-2.20,-1.71,-3.94,,-2.60,-3.90,-2.95,-3.87,-1.18,-0.02,0.10,-1.31,-1.38,-1.47,-1,,-0.90,,2,-1.30,-2.50,,,,,,,-1,-1.30,,-1.40,,-0.60,-0.57,,,,,,,,-1.50,-1.20,0.20,-1,-2.90,,,,,-0.50,,-2.40,-3.40,0.90,0.50,-0.10,,,-1.80,,,-3.60,,,0.20,-0.90,-1.10,-0.10,-1.70,-1.30,
2008-12-14 07:50,-2,-2.14,4.84,-0.51,3.20,-2.60,-2.54,-2,2.76,-4.01,0.73,0.40,1.48,-1.02,2.80,4.09,2.76,-0.51,-6.10,-0.56,2.28,1.91,-3.44,,-0.01,-0.26,5.24,2.82,-0.76,2.20,4.11,2.41,-1.64,3.08,3.78,2.75,2.99,2.86,-0.60,-2.41,0.10,-1.50,1.84,3.54,-3.50,-1.34,-2.50,-2.21,1.72,1.14,-3.63,-0.69,-1.30,-1.64,-3.29,-3.67,-5.87,-4.10,-4.56,-4.71,-3.88,-5.80,-0.30,0.22,-3.31,1.73,5.19,3.76,2.50,0.26,3.27,2.98,1.32,3.53,4.70,0.81,1,2.18,-0.70,-0.44,0.33,-0.51,-0.85,-2.32,-0.32,-1.52,-1.42,-1,-0.18,-0.95,-3.20,-0.93,-0.71,-0.30,-0.59,-0.45,-1,0.11,-0.71,-0.32,-1.24,-0.98,1.53,-0.73,-0.89,-1.24,-0.80,-0.50,-0.37,-0.62,-1.35,-4.31,1.44,-1.74,-1.20,-2.32,-2,-1.80,-3.74,,-2.50,-3.86,-2.73,-3.75,-1.36,-0.02,0,-1.18,-1.48,-1.48,-0.90,,-0.50,,1.50,-1,-2.20,,,,,,,-0.70,-1.10,,-1.50,-0.70,-0.60,-0.58,,,,,,,,-1.50,-1,0.20,-0.90,-2.80,,,,,-0.40,,-2.40,-3.40,0.90,0.50,-0.10,,,-1.80,,,-3.50,,,0.20,-0.90,-1.10,-0.10,-1.60,-1.20,
2008-12-14 08:00,-1.70,-2.08,4.92,-0.41,3.10,-2.46,-2.30,-1.70,3.10,-3.56,0.50,1,1.39,-1.07,2.98,3.99,3.03,-0.59,-5.80,-0.46,2.36,2.33,-3.16,,1.03,-0.28,5.31,2.72,-0.41,2.30,4.17,3.74,-1.51,3.11,3.72,2.96,3.11,3.02,-0.77,-1.98,0.30,-1.48,1.66,3.74,-3.40,-1.10,-2.50,-2.24,1.94,2.33,-3.63,-0.69,-1.39,-1.53,-3.12,-3.15,-5.33,-3.50,-3.45,-4.02,-3.62,-5.70,0.53,0.25,-3.14,2.07,5.18,3.74,2.60,0.27,3.15,2.93,1.42,3.46,4.74,0.94,0.80,3.67,-0.80,-0.37,0.71,-0.29,-0.51,-2.19,-0.01,-1.53,-1.17,-0.90,-0.08,-0.67,-2.92,-0.80,-0.72,-0.30,-0.63,-0.28,-0.94,0.12,-0.82,-0.33,-1.28,-1.08,1.15,-0.69,-1.05,-0.97,-0.60,-0.40,-0.22,-0.49,-1.35,-4.23,1.46,-1.70,-1.22,-2.16,-2,-1.79,-3.67,,-2.30,-3.78,-2.46,-3.55,-1.34,-0.03,0,-1.07,-1.48,-1.38,-0.80,2.20,-0.60,-4.70,2,-1.10,-2.10,-1.20,4.90,-4.30,5.30,-0.40,-0.70,-0.80,-0.70,-0.60,-1.30,-0.50,-0.50,-0.60,-0.80,-0.30,0.40,0,0.10,-0.70,-0.90,-1.40,-0.90,0.20,-0.90,-2.70,2.10,-0.70,-0.60,-1.20,-0.40,0,-2.30,-3.40,1,0.60,0.10,-1,-0.80,-1.80,-1.40,-2.90,-3.40,0.30,0,0.20,-0.70,-1,0,-1.50,-1,-2.80
2008-12-14 08:10,-1.40,-2.01,4.90,-0.31,2.80,-2.22,-2.23,-1.40,3.23,-3.20,0.93,1.55,1.21,-0.90,3.27,3.79,2.91,-0.17,-5.60,-0.58,2.41,2.47,-3.26,,1.99,-0.10,5.68,2.57,-0.12,2.50,4.31,5.50,-1.60,3.38,3.56,3.17,3.54,3.12,-0.68,-1.84,0.50,-1.21,1.83,3.59,-3.10,-0.93,-2.30,-1.99,2.29,2.25,-3.25,-0.57,-1.34,-1.33,-2.85,-2.85,-4.74,-2.70,-2.92,-3.54,-3.43,-5.40,1.18,0.03,-2.92,2.27,5.11,3.86,2.70,0.29,3.25,2.95,1.84,3.50,4.92,1.11,1,4.75,-0.80,-0.27,0.83,-0.30,-0.49,-1.94,0.14,-1.37,-1.01,-0.60,0.08,-0.63,-2.85,-0.75,-0.77,-0.30,-0.43,-0.04,-0.90,0.12,-0.76,-0.33,-1.35,-1.13,0.90,-0.48,-0.75,-0.66,-0.36,-0.40,-0.21,-0.38,-1.26,-4.13,1.44,-1.68,-1.14,-2.18,-1.90,-1.68,-3.54,,-2.10,-3.63,-2.11,-3.34,-1.20,-0.04,0,-1.01,-1.34,-1.25,-0.50,,-1.10,,2.50,-0.90,-1.70,,,,,,,-0.60,-0.10,,-1.30,-0.20,-0.50,-0.61,,,,,,,,-1.10,-0.90,0.20,-0.80,-2.80,,,,,-0.40,,-2.20,-3.40,1,0.60,0.10,,,-1.80,,,-3.30,,,0.40,-0.60,-0.90,0,-1.50,-0.80,
2008-12-14 08:20,-1.20,-1.90,4.93,-0.19,2.74,-2.21,-2.04,-0.80,3.32,-2.46,1.13,1.88,1.34,-0.77,3.30,3.95,3.01,-0.09,-5.30,-0.08,2.30,2.02,-3.20,,2.18,0.03,5.77,2.93,0.10,2.60,4.48,5.77,-1.53,3.50,3.38,3.22,3.52,3.33,-0.59,-1.57,0.60,-1.14,1.89,3.33,-2.70,-0.68,-1.20,-1.42,2.44,2.26,-2.52,-0.64,-1.19,-1.23,-2.57,-2.54,-4.39,-1.70,-2.63,-3.10,-3.09,-5.20,1.46,0.33,-2.74,2.63,5.34,3.94,3,0.30,3.39,3.09,2.09,3.43,5.02,1.26,1.10,4.84,-0.70,-0.23,1.04,0.30,-0.13,-1.72,0.25,-1.42,-0.82,-0.50,0.28,-0.43,-2.89,-0.67,-0.73,-0.20,-0.57,0.31,-0.88,0.18,-0.81,-0.28,-1.23,-1.06,1.09,-0.31,-0.77,-0.47,-0.11,-0.30,-0.18,-0.20,-1.28,-3.97,1.54,-1.62,-0.95,-2.13,-1.80,-1.63,-3.45,,-1.90,-3.46,-1.65,-3.24,-1.12,-0.14,0,-0.91,-1.14,-1.21,-0.20,,-1.30,,3.20,-0.70,-0.90,,,,,,,-0.50,-0.20,,-0.50,0,-0.40,-0.57,,,,,,,,-1.10,-0.70,0.20,-0.80,-2.70,,,,,-0.20,,-2.30,-3.40,1,0.50,0.20,,,-1.80,,,-3.20,,,0.60,-0.40,-0.80,0.10,-1.30,-0.60,
2008-12-14 08:30,-1.10,-2.02,5.09,-0.17,3.06,-2.12,-1.97,-0.60,3.67,-1.65,1.34,2.43,1.88,0.02,3.34,4.15,2.94,-0.25,-5.20,0.01,2.20,1.89,-3.12,,2.45,0.26,5.77,3.24,0.35,2.90,4.29,5.88,-1.41,3.50,3.44,3.58,3.71,3.59,-0.58,-1.55,0.30,-1.14,1.56,3.68,-2.50,-0.42,-0.70,-0.88,2.24,2.39,-1.96,-0.60,-1.12,-0.84,-2.40,-2.21,-3.79,-1.30,-2.14,-2.13,-2.62,-4.10,2.80,0.64,-2.61,2.78,5.39,3.99,2.70,0.33,3.43,3.13,2.20,3.46,4.99,1.55,1.10,4.45,-0.60,-0.12,1.05,0.90,-0.01,-1.52,0.45,-1.40,-0.57,-0.40,0.44,-0.29,-2.85,-0.64,-0.62,-0.10,-0.57,0.35,-0.89,0.14,-0.87,-0.22,-1.16,-0.98,1.39,-0.12,-0.79,-0.18,0.07,-0.30,-0.07,-0.24,-1.28,-3.84,1.47,-1.60,-0.82,-2.05,-1.80,-1.61,-3.49,,-1.80,-3.23,-1.55,-2.93,-1.10,-0.08,0,-0.67,-1.06,-0.91,-0.10,,-1.10,,3,0,-0.20,,,,,,,-0.40,0,,-0.20,,-0.40,-0.59,,,,,,,,-1,-0.30,0.20,-0.70,-2.70,,,,,-0.20,,-2.20,-3.50,1.10,0.70,0.30,,,-1.80,,,-3,,,0.50,-0.30,-0.70,0.10,-1.20,-0.30,
2008-12-14 08:40,-1,-2.05,5.27,-0.06,3.35,-1.61,-1.81,-0.30,3.69,-1.04,1.77,2.83,2.25,0.46,3.60,4.68,2.98,-0.66,-4.90,-0.13,2.24,1.92,-2.81,,2.90,0.53,5.85,3.45,0.76,3.10,4.06,6.08,-1.29,3.43,3.60,3.89,3.93,3.85,-0.49,-1.28,-0.10,-1.53,1.20,3.93,-2.30,-0.19,-0.50,-0.68,2.22,2.07,-0.87,-0.58,-1.07,-0.51,-2.31,-1.81,-3.46,-1.40,-1.75,-1.44,-2.46,-3.10,3.71,0.49,-2.54,2.82,5.51,3.89,2.90,0.37,3.37,3.12,2.38,3.51,4.94,1.65,1.40,4.56,-0.50,0.07,0.96,1,0.43,-1.24,0.54,-1.19,-0.55,-0.30,0.64,-0.14,-2.73,-0.62,-0.69,0,-0.40,0.31,-0.87,0.13,-0.82,-0.15,-1.11,-0.96,1.32,0.28,-0.65,0.13,0.17,0.10,-0.07,-0.26,-1.14,-3.68,1.40,-1.54,-0.72,-2.04,-1.70,-1.54,-3.43,,-1.60,-3.12,-1.42,-2.52,-1.07,-0.03,0,-0.45,-0.89,-0.73,0.10,,-0.90,,3.50,0.20,0.30,,,,,,,-0.20,0.20,,0,0.70,-0.40,-0.56,,,,,,,,-0.70,-0.10,0.20,-0.70,-2.60,,,,,-0.10,,-2.10,-3.50,1.10,0.70,0.30,,,-1.70,,,-2.90,,,0.60,-0.10,-0.60,0.10,-1.10,-0.20,
2008-12-14 08:50,-0.80,-1.49,5.17,0.30,3.96,-1.36,-1.60,-0.10,3.84,-0.27,2.82,3.46,2.08,0.52,3.32,5.13,3.04,-1.09,-4.60,0.20,2.39,1.69,-2.16,,3.13,0.67,5.92,3.63,1.08,3.30,4.09,6.73,-1.36,3.53,4.12,4.16,4.15,3.61,-0.63,-1.06,-0.10,-1.52,1.01,3.82,-2.10,-0.01,-0.60,-0.41,2.48,1.06,-0.46,-0.49,-1.05,0.14,-2.11,-1.32,-3.14,-1.30,-0.60,-1.07,-2.16,-2.40,3.88,0.36,-2.45,2.88,5.65,3.97,2.70,0.35,3.25,3.21,2.72,3.53,4.80,1.73,2,4.15,-0.30,0.34,0.92,1.10,0.72,-1.09,0.88,-0.99,-0.32,-0.10,0.77,-0.01,-2.77,-0.70,-0.58,0.10,-0.36,0.28,-0.91,0.03,-0.80,-0.20,-1.14,-0.89,1.17,0.40,-0.50,0.49,0.26,0.60,-0.02,-0.22,-1.12,-3.35,1.59,-1.43,-0.63,-2.01,-1.50,-1.60,-3.47,,-1.40,-3.13,-1.22,-2.17,-0.98,0.09,0.10,-0.31,-0.66,-0.60,0.20,,-0.70,,4.30,0.20,0.60,,,,,,,-0.10,0.50,,0.40,0.30,-0.30,-0.45,,,,,,,,-0.40,0,0.20,-0.80,-2.60,,,,,0,,-2,-3.40,1,0.70,0.40,,,-1.80,,,-2.60,,,0.70,0,-0.50,0.30,-1,-0.10,
2008-12-14 09:00,-0.20,-1.21,5.10,0.63,3.91,-0.77,-1.29,-0.30,3.48,0.07,4.18,3.66,2.30,0.58,3.53,5.03,3.18,-0.62,-4.20,0.90,2.72,1.85,-1.63,,3.49,0.85,5.60,3.82,1.46,3.60,4.35,6.90,-1.28,3.67,4.12,4.21,4.27,3.83,-0.50,-0.88,-0.10,-1.50,0.98,3.94,-1.80,0.18,-0.60,-0.39,2.54,1.10,0.38,-0.33,-0.87,0.67,-1.91,-0.97,-2.94,-0.50,-0.59,-0.58,-1.66,-2.10,4.10,0.29,-2.17,2.93,5.50,4.07,2.80,0.39,3.31,3.24,3.72,3.51,4.95,1.84,2.50,2.98,0,0.74,1.11,1.30,0.88,-1.04,1.20,-1.04,-0.19,0.10,0.92,0.29,-2.70,-0.44,-0.51,0.10,-0.37,0.30,-0.84,-0.01,-0.80,-0.15,-1.15,-0.97,1.26,0.60,-0.31,0.78,0.50,0.90,-0.06,-0.19,-1.14,-3.27,1.55,-1.39,-0.56,-1.95,-1.50,-1.70,-3.37,,-1.30,-2.92,-1.05,-2.18,-0.90,0.03,0.10,-0.17,-0.75,-0.47,0.50,1.20,-0.60,-4.80,4.70,0.30,0.20,-1,5.20,-4.30,5.30,0.90,0.50,0.10,0.80,0.30,0,0.40,-0.30,-0.40,,0.30,1.10,0.80,1,0.20,0.50,-0.20,0.10,0.20,-0.80,-2.40,2.20,-0.10,0.20,-0.40,0.10,0.10,-2,-3.40,1.20,1,0.70,-0.80,-0.20,-1.70,-0.80,,-2.40,0.80,0.60,0.80,0.10,-0.40,0.40,-0.90,0,-1.40
2008-12-14 09:10,0.50,-0.97,5.07,1.31,4,-0.55,-1.11,-0.30,2.86,0.18,5.76,3.58,2,0.49,3.68,4.74,3.05,-0.43,-4,1.18,2.89,2.83,-1.37,,3.67,1.16,5.72,3.93,1.72,3.80,4.63,6.87,-1.26,3.59,4.15,4.38,4.18,4.21,-0.03,-0.61,-0.10,-1.55,0.97,4.12,-1.60,0.45,-0.50,-0.13,2.72,0.99,0.95,-0.39,-0.89,0.82,-1.76,-0.95,-2.54,-0.20,-0.24,-0.34,-1.13,-1.60,4.16,0.39,-1.59,2.98,5.60,3.99,2.80,0.36,3.23,3.22,3.62,3.56,4.98,1.79,2.60,2.11,0.08,0.92,1.59,1.20,0.95,-0.72,1.42,-1.10,-0.05,0.20,1.01,0.49,-2.65,-0.40,-0.60,0.20,-0.41,0.45,-0.83,0.11,-0.85,-0.07,-1.05,-1.01,1.42,0.80,-0.14,0.92,0.60,1.10,-0.08,-0.26,-1.17,-3.26,1.71,-1.23,-0.54,-1.86,-1.40,-1.58,-3.18,,-1,-2.60,-0.77,-1.87,-0.78,0.14,0.20,0.04,-0.51,-0.27,0.70,,0,,4.70,0.30,0.90,,,,,,,0.40,1.20,,0,0.70,-0.40,-0.43,,,,,,,,-0.10,0.10,0.20,-0.80,-2.40,,,,,0.10,,-2.10,-3.20,1.10,1,0.70,,,-1.80,,,-2.20,,,0.80,0.20,-0.30,0.40,-0.90,0.10,
2008-12-14 09:20,1.10,-0.94,5.16,1.69,4.80,-0.41,-0.93,-0.10,2.94,0.72,5.52,2.99,1.96,0.80,3.79,5,3,-0.84,-3.60,1.09,2.85,2.77,-1.09,,3.78,1.60,5.72,4.22,1.79,4,4.50,6.53,-1.22,3.63,4.28,4.27,4.10,4.07,0.28,-0.46,-0.10,-1.55,1.05,4.28,-1.20,0.62,-0.30,-0.04,2.69,1.58,1.53,-0.39,-0.86,0.80,-1.62,-0.79,-2.53,0.30,-0.30,-0.54,-0.59,-0.90,4.23,0.39,-1.33,2.84,5.60,3.94,2.80,0.39,3.31,3.13,3.25,3.50,4.99,1.93,2.80,1.78,0.20,0.99,1.85,1.30,1.01,-0.41,1.51,-1.05,-0.13,0.40,0.92,0.57,-2.58,-0.36,-0.45,0.10,-0.37,0.43,-0.76,0.03,-0.87,-0.18,-0.97,-0.89,1.70,0.90,0.02,1.21,0.72,1.20,0.03,-0.18,-1.14,-3.13,1.75,-1.28,-0.46,-1.77,-1.30,-1.58,-3.11,,-0.70,-2.49,-0.62,-1.63,-0.69,0.20,0.20,0.14,-0.46,-0.10,0.90,,0.20,,5,0.50,0.90,,,,,,,0.60,1.80,,-0.10,0.80,-0.40,-0.27,,,,,,,,0,0.50,0.20,-0.80,-2.30,,,,,0.10,,-2,-3.20,1.20,1.10,,,,-1.70,,,-2.20,,,0.90,0.40,-0.10,0.40,-0.90,0.20,
2008-12-14 09:30,1.10,-0.89,4.84,1.91,5.40,-0.12,-0.62,-0.20,3.34,1.76,3.85,2.52,2.25,1.03,3.48,5.03,3.11,-0.38,-3.10,1.42,2.91,3.09,-0.64,,3.79,1.92,6.03,4.23,2.01,4.30,4.49,6.49,-1.19,3.52,4.15,4.44,4.24,4.55,0.84,-0.12,-0.10,-1.66,1.05,4.40,-1,0.76,-0.10,-0.13,2.91,2.55,1.90,-0.22,-0.93,1.10,-1.46,-0.39,-2.44,0.60,-0.31,-1,-0.17,-0.90,4.23,0.50,-1.19,2.86,5.50,4,2.90,0.31,3.41,3.18,3.46,3.40,5,2.06,3.50,1.54,0.20,1.41,2.14,1.50,1.13,-0.39,1.74,-1.16,-0.07,0.50,0.94,0.75,-2.51,-0.19,-0.43,0.20,-0.35,0.37,-0.74,0.11,-0.87,-0.20,-0.89,-0.88,1.79,1.10,0.16,1.43,1.03,1.30,0.18,-0.03,-1.06,-2.80,1.80,-1.14,-0.31,-1.56,-1.20,-1.61,-3.08,,-0.40,-2.45,-0.31,-1.64,-0.72,0.23,0.20,0.41,-0.18,-0.05,1.10,,0.30,,4.90,1,0.90,,,,,,,0.90,2.20,,0.30,1.10,-0.30,-0.23,,,,,,,,0.30,0.80,0.20,-0.80,-2.30,,,,,0.20,,-1.80,-3.10,1.30,1.20,0.90,,,-1.70,,,-2,,,1.10,0.50,-0.10,0.50,-0.90,0.40,
2008-12-14 09:40,1.10,-0.80,4.85,2.13,5.30,0.27,-0.43,-0.20,3.75,2.98,4.19,3.08,2.56,1.86,3.35,4.92,3.25,-0.64,-2.60,1.60,2.96,3.16,-0.25,,3.94,2.29,6.20,4.25,2.14,4.40,4.24,7.23,-1.25,3.57,4.28,4.65,4.59,4.55,1.47,0.06,-0.10,-1.61,1.01,4.46,-0.70,0.56,0.10,-0.25,3.15,3.31,2.42,-0.10,-0.91,1.65,-1.43,-0.21,-2.13,0.50,0.47,-0.68,0.13,-1.20,4.11,0.25,-1.07,2.81,5.77,3.97,2.90,0.42,3.53,3.31,3.30,3.47,5.09,2,3.40,1.56,0.31,1.54,2.43,1.70,1.47,-0.34,1.58,-1.09,0.13,0.60,0.76,1.01,-2.54,-0.13,-0.09,0.40,-0.12,0.61,-0.69,0.10,-0.81,-0.05,-0.96,-0.94,1.93,1.20,0.33,1.44,1.17,1.30,0.16,0.09,-0.99,-2.58,1.94,-1.17,-0.25,-1.39,-1.20,-1.62,-2.98,,-0.20,-2.26,0.04,-1.37,-0.75,0.34,0.20,0.55,-0.03,0.09,1.30,,0.50,,5.10,1.20,0.70,,,,,,,1.10,2.40,,0.40,,-0.30,-0.19,,,,,,,,0.50,1,0.30,-0.80,-2.30,,,,,0.20,,-1.80,-3,1.30,1.40,1,,,-1.70,,,-1.80,,,1.20,0.60,0.20,0.60,-0.90,0.50,
2008-12-14 09:50,1.30,-0.62,5.29,2.50,5.10,0.37,-0.67,-0.30,4.45,3.90,4.94,3.92,2.68,2.30,3.83,4.89,3.55,-0.19,-2.20,1.88,2.98,3.16,0.10,,4.07,2.71,6.17,4.29,2.34,4.50,4.34,7.35,-1.21,3.75,4.36,4.69,4.75,4.83,1.54,0.04,-0.10,-1.61,0.90,4.43,-0.40,0.38,0,-0.26,3.21,4.21,2.40,-0.07,-0.66,2.01,-1.34,-0.18,-1.96,0.30,0.21,-0.21,0.68,-1.30,4.07,0.18,-0.71,2.82,5.88,4,3,0.52,3.71,3.19,3.51,3.47,5.24,2.14,3.40,1.53,0.38,1.92,2.72,1.80,1.67,0.10,2.03,-1.12,0.24,0.80,0.77,1.16,-2.65,-0.03,0.04,0.40,0.14,0.67,-0.65,0.12,-0.73,-0.02,-0.78,-0.94,2.22,1.49,0.42,1.65,1.27,1.30,0.30,0.31,-0.96,-2.53,1.98,-1.07,-0.17,-1.27,-1,-1.60,-2.80,,0.10,-2.15,0.19,-1.10,-0.56,0.30,0.30,0.63,-0.14,0.14,1.50,,0.40,,6.10,1,0.60,,,,,,,1.30,2.60,,0.60,2.10,-0.20,-0.26,,,,,,,,0.50,1,0.30,-0.70,-2.30,,,,,0.20,,-1.90,-2.90,1.40,1.50,,,,-1.80,,,-1.70,,,1.20,0.60,0.30,0.60,-0.80,0.60,
2008-12-14 10:00,1.50,-0.52,5.59,5.21,4.60,0.59,-0.63,-0.10,4.93,5.09,5.80,5.18,2.77,2.62,4.35,4.81,3.62,-0.04,-1.90,1.38,2.82,3.27,0.23,,4.16,3.22,6.16,4.44,2.68,4.30,4.22,7.53,-1.33,3.98,4.56,4.94,5.09,4.88,1.57,0.58,-0.30,-1.74,0.83,4.54,0.30,0.41,0.50,-0.23,3.26,4.56,2.42,-0.14,-0.51,2.17,-1.25,0.08,-1.75,0.30,0.03,-0.17,1.05,-1.40,4.12,0.07,-0.38,2.76,5.80,4.13,3.10,0.66,3.71,3.44,3.70,3.50,5.32,2.22,3.90,1.61,0.52,2.24,2.86,1.80,1.95,0.36,2.34,-1.12,0.49,0.90,0.81,1.50,-2.60,-0.04,-0.02,0.30,-0.06,0.81,-0.61,0.06,-0.70,-0.02,-0.77,-0.94,2.51,1.93,0.56,1.91,1.40,1.10,0.49,0.43,-0.99,-2.49,1.97,-0.97,-0.18,-1.23,-1,-1.46,-2.64,,0.30,-2.13,0.42,-1.05,-0.64,0.50,0.30,0.69,0.02,0.12,1.60,1.50,0.40,-4.90,6.30,0.80,0.60,-0.90,5.70,-4.10,5.20,2.60,1.50,1.30,2.90,1.80,0.90,2.30,-0.10,-0.30,-0.40,0.60,1.40,1.60,2,1,1.20,0.80,1,0.30,-0.70,-2,3.30,1.10,0.90,0.50,0.40,0.10,-1.70,-3,1.40,1.60,1.20,-0.50,0.20,-1.70,-0.10,-1.90,-1.50,1.40,1.20,1.20,0.80,0.50,0.90,-0.60,0.70,0.10
2008-12-14 10:10,1.60,-0.32,5.90,7.49,4.40,0.97,-0.59,0.10,4.07,6.23,7.45,5.62,2.63,2.89,4.69,4.91,3.77,0.58,-1.20,1.16,2.67,3.08,0.57,,4.44,3.14,6.10,4.67,3.01,4.60,4.14,7.70,-1.27,4.01,4.80,4.97,4.97,4.50,1.35,1.05,-0.20,-1.77,0.78,4.54,1.30,0.59,0.60,-0.10,3.27,4.73,2.68,0,-0.39,1.88,-0.93,-0.03,-1.55,0.80,0.17,-0.12,1.47,-1.30,4.02,-0.14,-0.13,2.60,5.75,4.16,3.20,0.68,3.71,3.48,3.67,3.56,5.27,2.36,3.80,1.89,0.50,2.42,3.10,2,1.98,0.47,2.66,-1.01,0.50,1,0.92,1.71,-2.45,0.23,-0.04,0.30,-0.15,1.03,-0.61,0.07,-0.63,0.09,-0.82,-0.98,3.20,2.38,0.68,2.18,1.57,0.80,0.38,0.19,-1.01,-2.33,2.02,-0.97,-0.18,-1.11,-0.90,-1.46,-2.36,,0.50,-1.98,0.73,-1.03,-0.37,0.68,0.30,0.85,0.25,0.43,1.90,,0.70,,6.40,0.70,0.80,,,,,,,1.80,3.10,,0.90,2.60,0.10,-0.12,,,,,,,,1,1.50,0.30,-0.70,-2,,,,,0.40,,-1.70,-2.80,1.40,1.60,1.20,,,-1.70,,,-1.40,,,1.10,0.90,0.70,0.90,-0.50,0.80,
2008-12-14 10:20,2.30,-0.13,6.06,7.75,4.50,1.21,-0.46,0,3.80,6.67,7.86,6.19,2.59,3.94,5.42,4.93,3.94,-0.10,-0.20,1.07,2.65,3.45,1.17,,4.81,3.43,6.46,4.33,3.32,5.20,4.41,7.38,-1.25,4.13,4.56,4.94,4.93,4,1.26,1.46,0.10,-1.91,0.67,4.47,1.50,0.79,0.90,0.12,3.31,4.77,2.58,0.07,-0.30,1.75,-0.48,0.04,-1.39,0.90,0.25,0.12,1.73,-1.10,3.94,-0.29,0.13,2.33,5.81,4.35,3.30,0.65,3.75,3.41,3.75,3.52,5.28,2.27,4,1.85,0.50,2.67,3.54,2.30,2.21,0.67,2.96,-0.77,0.67,0.80,1.15,1.79,-2.39,0.35,0.05,0.40,0.05,1.03,-0.65,0.18,-0.51,0.06,-0.77,-0.95,3.47,2.65,0.79,2.34,1.74,0.90,0.49,0.24,-0.96,-2.21,2.10,-0.84,-0.16,-0.91,-0.70,-1.49,-2.16,,0.50,-1.60,0.92,-0.90,-0.27,0.89,0.30,0.98,0.32,0.67,2.10,,0.90,,7,0.70,0.90,,,,,,,2.10,3.30,,0.80,2.80,0,-0.14,,,,,,,,1.30,1.90,0.40,-0.70,-1.90,,,,,0.40,,-1.70,-2.80,1.60,1.80,1.30,,,-1.70,,,-1.30,,,1,0.90,0.60,0.90,-0.40,0.90,
2008-12-14 10:30,2.80,0.22,6.09,7.70,4.60,1.28,-0.39,0,3.64,6.97,8.41,5.98,2.74,4.73,5.96,4.99,4.21,-0.24,0.30,1.18,2.88,3.41,1.41,,5.22,3.97,6.43,4.35,3.40,5.10,4.50,7.53,-1.13,4.22,4.45,4.83,4.76,4.29,1.91,1.56,0.20,-2.07,0.49,4.60,1.30,1,0.50,0.16,3.32,4.96,2.54,0.10,-0.42,1.76,-0.62,0.10,-1.15,1.10,0.32,0.37,1.93,-1,3.77,-0.41,0.45,2.16,5.82,4.46,3.30,0.66,3.79,3.46,3.69,3.51,5.28,2.52,4,2.02,0.50,3,3.61,2.40,2.12,0.83,3.04,-1,0.77,1,1.19,1.87,-2.32,0.74,-0.17,0.50,0.27,0.94,-0.53,0.28,-0.56,0.12,-0.74,-0.92,3.50,2.84,0.85,2.45,1.90,1.20,0.54,0.17,-0.96,-2.07,2.04,-0.80,-0.07,-0.93,-0.80,-1.55,-1.97,,0.60,-1.50,0.73,-0.73,-0.31,0.80,0.30,1.11,0.37,0.65,2.20,,1.20,,7.50,0.80,0.90,,,,,,,2.20,3.50,,1,3.20,-0.20,-0.18,,,,,,,,1.50,2.10,0.40,-0.60,-1.90,,,,,0.30,,-1.70,-2.80,1.70,1.90,1.40,,,-1.70,,,-1.30,,,0.90,1,0.80,0.90,-0.30,1.10,
2008-12-14 10:40,3.40,0.33,6.14,7.55,4.60,1.74,-0.35,0,3.45,7.23,7.81,6.16,3.18,4.60,6.28,5.04,4.28,-0.09,0.50,1.60,2.84,3.82,1.29,,5.18,4.65,6.55,4.67,3.57,4.40,4.51,7.38,-1.09,4.02,4.47,4.84,4.74,4.36,2.03,1.56,0.30,-2.01,0.45,4.54,2.30,1.14,0.40,0.38,3.59,5.16,2.34,0.37,-0.28,1.85,-0.82,0.28,-0.96,1.20,0.40,0.45,2.40,-0.90,3.70,-0.59,0.62,2.10,5.79,4.53,3.40,0.74,3.69,3.47,3.53,3.43,5.20,2.79,4.30,2.26,0.70,3.23,3.79,2.60,2.27,0.81,3.13,-0.99,0.83,0.90,1.44,1.98,-2.36,0.55,-0.13,0.50,0.27,1.07,-0.56,0.34,-0.48,0.21,-0.78,-0.89,3.52,2.93,0.95,2.60,2.14,1.20,0.55,-0.01,-0.91,-1.90,2.11,-0.83,0.17,-0.94,-0.70,-1.59,-1.70,,0.70,-1.63,0.76,-0.35,-0.43,0.92,0.40,1.29,0.34,0.81,2.30,,1.90,,7.70,1,1,,,,,,,2.50,3.80,,1,3.60,-0.20,-0.05,,,,,,,,1.60,2.40,0.40,-0.60,-2,,,,,0.40,,-1.60,-2.70,1.80,2,1.50,,,-1.70,,,-1.10,,,0.80,1.10,0.90,0.90,-0.10,1.20,
2008-12-14 10:50,3.60,0.46,6.12,7.50,4.40,2.09,-0.30,0.10,3.21,7.49,7.38,6.46,3.47,4.35,6.17,5.11,4.14,-0.11,0.60,2.14,2.69,3.88,1.83,,5.34,5.07,6.75,4.96,3.44,4,4.09,7.61,-1.17,3.64,4.24,4.29,4.60,4.61,2.63,1.66,0.20,-2.06,0.37,4.56,2.80,1.53,0.50,0.62,3.30,5.15,2.38,0.36,-0.26,1.80,-0.75,0.37,-0.76,1.30,0.48,0.48,3,-0.70,3.67,-0.62,0.78,1.93,5.80,4.55,3.50,0.79,3.66,3.42,3.33,3.43,5.18,3.27,4.30,2.19,0.80,3.41,3.85,2.90,2.39,0.94,3.32,-0.93,0.96,1,1.48,2.13,-2.34,0.23,-0.21,0.60,-0.03,1.50,-0.53,0.25,-0.43,0.25,-0.74,-0.84,3.39,3.03,1.10,2.60,2.27,1.20,0.57,0.05,-0.79,-1.71,2.24,-0.73,0.07,-1.02,-0.80,-1.45,-1.58,,0.80,-1.24,0.86,-0.20,-0.30,0.83,0.40,1.27,0.66,1.15,2.40,,2.60,,7.40,1.10,1,,,,,,,2.90,3.70,,1,3.80,0,0.06,,,,,,,,1.60,2.60,0.50,-0.60,-2,,,,,0.30,,-1.40,-2.50,1.90,2,1.60,,,-1.60,,,-1.10,,,0.80,1.20,1,0.80,0,1.30,
2008-12-14 11:00,3.10,0.58,6.13,7.28,4.40,2.46,-0.23,0.20,3.18,7.73,7.34,7.11,3.56,4.44,5.72,5.05,3.66,-0.25,0.70,2.17,2.47,3.58,1.86,,5.95,5.11,6.48,4.61,2.95,4,4.58,7.64,-1.28,3.68,4.19,4.51,4.63,4.35,3.12,2.18,0.10,-2.24,0.44,4.53,3.10,1.94,0.70,0.89,3.40,5.23,2.34,0.41,-0.37,1.77,-0.69,0.47,-0.43,1.50,0.57,0.62,3.67,-0.60,3.50,-0.43,1.01,2.06,5.74,4.63,3.60,0.91,3.68,3.58,3.42,3.41,5.14,3.54,3.80,2.11,1,3.46,3.55,3.20,2.49,1.18,3.75,-1.01,0.97,1.40,1.38,2.34,-2.26,0.34,0.03,0.60,-0.14,1.70,-0.49,0.42,-0.44,0.26,-0.75,-0.89,3.04,3.20,1.21,2.80,2.45,1.20,0.68,0.15,-0.71,-1.62,2.40,-0.64,0.06,-0.95,-0.70,-1.47,-1.47,,0.90,-1.05,0.86,-0.28,-0.11,0.82,0.50,1.44,0.76,1.34,2.50,1.80,2.90,-5.20,8,1.10,1.20,-1,5.60,-4,5.20,3.80,2.50,1.30,3.80,3,0.60,3.90,0,-0.10,-0.20,1,2.20,2.70,2.70,1.70,2.20,1.80,2.70,0.50,-0.60,-2.10,3.70,1.80,1.40,1.40,0.50,-0.10,-1.40,-2.40,2.20,2.20,1.60,-0.30,0.50,-1.60,0.50,-1.30,-0.90,2,1.80,0.70,1.20,1,0.80,0.10,1.40,1.60
2008-12-14 11:10,2.70,0.65,6.04,7.33,4.28,2.85,-0.11,0.40,3.38,7.77,7.48,7.32,2.99,4.90,5.65,5.01,3.58,-0.12,1.20,2.22,2.45,3.69,1.99,,5.95,5.39,6.19,4.15,2.65,4,4.69,7.27,-1.21,3.74,4.33,4.27,4.58,4.26,3.29,2.65,-0.30,-2.20,0.59,4.38,2.80,1.87,0.80,1.12,3.57,5.30,2.06,0.62,-0.34,1.80,-0.52,0.59,-0.46,1.60,1,0.77,3.94,0.20,3.26,-0.25,1.14,2.17,5.84,4.69,3.60,0.91,3.77,3.41,3.59,3.43,5.08,3.57,3.80,3.12,1.17,3.72,3.59,3.40,2.48,1.01,3.94,-1.02,0.95,1.30,1.55,2.52,-2.09,0.49,0.19,0.50,-0.25,1.26,-0.49,0.45,-0.43,0.26,-0.57,-0.86,2.82,3.29,1.30,2.91,2.70,1.50,0.55,0.27,-0.84,-1.51,2.51,-0.60,0.27,-0.92,-0.60,-1.38,-1.24,,1.10,-1.06,0.79,0.15,-0.05,0.86,0.50,1.47,0.80,1.49,2.60,,3.80,,8.20,1.10,1.30,,,,,,,2.70,3.70,,0.60,4,0,0.09,,,,,,,,1.80,2.80,0.50,-0.60,-2.10,,,,,0.50,,-1.50,-2.20,2.20,2.20,1.60,,,-1.60,,,-0.80,,,0.80,1.30,1.20,0.80,0.30,1.50,
2008-12-14 11:20,2.30,0.58,5.97,7.30,4.21,3.05,-0.06,0.40,3.39,7.60,6.71,7.34,2.32,5.45,5.72,5.08,3.60,-0.05,1.80,2.52,2.50,3.96,2.30,,5.72,5.37,6.11,4.11,2.54,4.20,4.82,6.84,-0.97,3.90,4.42,4.36,4.53,4.45,3.90,3.01,-0.20,-2.13,0.64,4.41,2.80,1.82,1,1.23,3.46,5.22,2.12,0.36,-0.53,1.84,-0.51,0.70,-0.12,1.70,1.36,1.09,4.09,0.60,3.12,-0.10,1.60,2.27,6.01,4.70,3.60,0.82,3.80,3.52,3.72,3.48,5.13,3.88,4.20,4.84,1.27,3.91,3.98,3.50,2.36,1.09,3.87,-0.86,1.02,1.20,1.82,2.65,-2.12,0.20,0.15,0.50,-0.26,1.18,-0.54,0.36,-0.44,0.04,-0.63,-0.92,2.93,3.57,1.38,3.10,2.87,1.60,0.54,0.27,-0.71,-1.31,2.58,-0.56,0.36,-0.70,-0.60,-1.53,-1.18,,1.10,-0.92,0.42,0.04,-0.07,0.93,0.50,1.62,0.50,1.62,2.80,,4.30,,8.10,1.10,1.30,,,,,,,3.10,3.70,,0.70,4.10,-0.10,0,,,,,,,,2.10,2.90,0.50,-0.60,-2.20,,,,,0.70,,-1.50,-2.10,2.30,2.30,1.60,,,-1.50,,,-0.80,,,0.80,1.30,1,0.80,0.20,1.60,
2008-12-14 11:30,2.10,0.53,5.88,7.21,4.16,2.91,0,0.30,3.06,,6.30,7.09,2.42,5.47,5.74,5.07,3.64,-0.04,2.30,2.69,2.48,3.81,3.06,,5.59,5.05,6.05,4.08,2.41,4.20,4.99,6.81,-0.95,4.01,4.41,4.80,4.72,5.32,4.10,3.41,-0.10,-2.08,0.70,4.68,3.70,1.85,1.30,1.19,3.47,5.20,2.39,0.27,-0.30,1.96,-0.53,0.82,0.03,1.90,2.20,1.45,4.32,1.30,3.17,0.93,1.73,2.41,5.96,4.65,3.40,0.75,3.79,3.48,3.85,3.47,5.18,4.08,4.20,5.96,1.44,4.01,4.26,3.70,1.89,1,3.72,-0.85,1.11,1.40,1.94,2.87,-2.14,0.51,0.12,0.50,-0.22,1.14,-0.55,0.47,-0.38,-0.08,-0.72,-0.74,3.10,3.39,1.55,3.22,3.05,1.50,0.48,0.07,-0.63,-1.32,2.63,-0.44,0.31,-0.78,-0.60,-1.38,-1.04,,1.30,-0.80,0.29,0.37,0.08,1.02,0.50,1.76,0.83,1.68,2.90,,5.50,,8.20,1.10,1.30,,,,,,,3.30,3.70,,0.80,4,0,-0.03,,,,,,,,2.10,3,0.50,-0.50,-2,,,,,0.60,,-1.40,-2.30,2.40,2.30,1.60,,,-1.50,,,-0.60,,,0.80,1.30,1,0.80,0.40,1.70,
2008-12-14 11:40,2.10,0.61,5.76,7.13,4.45,2.45,0.17,0.40,3.11,,6.10,6.24,2.42,5.79,5.69,5,3.58,-0.07,2.50,2.83,2.32,3.99,3.34,,5.61,4.92,6.02,4.13,2.35,4.30,5.04,6.79,-0.86,4.12,4.75,5.27,4.80,5.61,4.40,3.19,-0.20,-2,0.85,4.60,4,2.11,1.20,1.14,3.36,5.25,2.31,0.32,-0.45,2.01,-0.55,0.91,0.62,3.40,2.81,1.96,4.30,1.20,3.10,1.18,1.78,2.34,6.10,4.76,3.40,0.67,3.84,3.34,3.94,3.50,5.18,4.12,4.30,6.08,1.48,4.12,4.23,3.80,2.35,1.08,3.78,-0.78,1.16,1.50,1.96,3.19,-2.25,0.46,0.06,0.40,0,1.21,-0.47,0.44,-0.56,-0.07,-0.73,-0.70,3.36,3.08,1.67,3.26,3.29,1.30,0.56,0.10,-0.64,-1.39,2.72,-0.39,0.35,-0.74,-0.70,-1.45,-0.81,,1.30,-0.64,0.42,0.50,0.19,0.64,0.50,1.83,0.91,1.64,3,,5.70,,7.80,1,1.40,,,,,,,3.20,4.10,,0.30,3.60,0.10,-0.10,,,,,,,,2.20,3,0.50,-0.50,-1.80,,,,,0.60,,-1.50,-2.40,2.50,2.40,,,,-1.50,,,-0.60,,,0.80,1.30,1.10,0.80,0.40,1.80,
2008-12-14 11:50,2.10,0.72,5.78,7.12,4.44,2.39,0.24,0.40,3.13,,5.94,5.65,2.46,5.97,5.67,5.08,3.51,0.03,2.70,3.09,2.29,3.72,3.83,,5.73,5.25,6.12,4.08,2.60,4.50,4.89,6.68,-0.77,4.34,5.06,5.35,5.15,5.86,3.95,3.19,-0.30,-1.98,0.79,4.81,4.30,2.41,1.30,1.22,3.44,5.25,2.39,0.15,-0.49,1.98,-0.38,1.10,0.75,3.60,3,2.10,4.27,1.30,3.10,0.80,1.87,2.40,5.96,4.66,3.40,0.70,3.72,3.43,4.07,3.68,5.22,4.44,4.50,6.28,1.72,4.26,4.08,3.80,2.63,1.03,4.02,-0.74,1.12,1.40,2.07,2.93,-2.18,0.24,0.07,0.40,0.01,1.36,-0.43,0.49,-0.54,0.03,-0.67,-0.60,3.40,2.99,1.58,3.39,3.46,1.10,0.51,0.13,-0.67,-1.16,2.77,-0.43,0.35,-0.83,-0.80,-1.44,-0.79,,1.40,-0.61,0.62,0.50,0.05,0.55,0.80,1.77,0.90,1.84,2.80,,4.40,,7.70,1,1.50,,,,,,,3.30,4.30,,0.30,3.70,0,-0.01,,,,,,,,2.10,3.10,0.50,-0.50,-1.90,,,,,0.60,,-1.40,-2.20,2.50,2.40,1.70,,,-1.50,,,-0.40,,,0.80,1.30,1.10,0.80,0.40,2,
2008-12-14 12:00,2.10,0.80,5.83,7.15,4.54,2.30,0.25,0.50,3.03,7.06,5.98,5.49,2.45,5.90,6.06,5.15,3.42,0,2.80,2.90,2.24,3.27,4.09,,5.32,5.64,6.08,4.09,2.84,4.40,4.77,6.67,-0.54,4.74,5.41,5.98,5.10,5.73,3.70,3.07,-0.30,-2.05,0.83,4.65,4,2.21,1.30,1.29,3.61,5.18,2.63,0.17,-0.45,2.11,-0.23,1.22,0.88,3.40,3.05,2.68,4.16,1.20,3.22,0.47,1.96,2.44,6.11,4.62,3.50,0.78,3.62,3.38,4.21,3.56,5.17,4.73,4.40,6.22,2.07,4.36,4.07,3.70,2.82,0.77,3.96,-0.67,1.20,1.40,2.13,2.52,-2.22,0.18,0.13,0.20,-0.13,1.27,-0.41,0.58,-0.51,0.10,-0.73,-0.59,3.55,3.11,1.73,3.60,3.69,1.30,0.37,0.15,-0.68,-1.15,2.85,-0.33,0.39,-0.78,-0.90,-1.40,-0.68,,1.30,-0.55,0.81,0.58,-0.01,0.80,0.30,1.72,1.20,2.16,2.60,1.40,4,-5.20,7.50,1.10,1.60,-1,5.30,-3.90,5.30,4.80,2.40,3.10,4.20,2.50,0.60,3.70,0,-0.20,,1.70,2.90,3.30,4.50,2.20,2.80,2.20,2.90,0.50,-0.60,-2,4.30,2.40,1.90,1.80,0.30,-0.30,-1.30,-2.30,2.90,2.50,1.50,0.10,1.20,-1.40,0.70,-0.50,-0.50,2.20,1.80,0.70,1.40,1,0.70,0.40,2,2
2008-12-14 12:10,2.30,0.85,5.83,7.19,4.60,2.44,0.34,0.60,3.25,6.96,6.04,5.25,2.43,5.78,6.10,5.01,3.86,-0.03,2.80,2.57,2.17,3.13,4.12,,5.09,5.68,6.15,4.17,3.09,4.50,4.74,6.11,-0.31,5.03,5.44,5.68,4.86,5.23,3.50,3.18,-0.40,-1.92,0.88,4.57,3.60,2.16,1.20,1.22,3.65,5.08,2.69,0.02,-0.49,2.37,-0.40,1.50,1.18,3.20,3.01,2.86,4.10,1.30,3.10,0.17,2.05,2.52,6.06,4.68,3.30,0.75,3.62,3.31,4.03,3.55,5.15,4.47,4.50,6.18,2.10,4.41,4.37,3.89,2.79,1.10,3.76,-0.88,1.25,1.40,2.12,2.56,-2.33,0.28,0.10,0.30,-0.06,1.24,-0.37,0.57,-0.37,-0.09,-0.77,-0.62,3.62,3.09,,3.43,3.67,1.50,0.44,0.14,-0.72,-1.27,2.84,-0.15,0.37,-0.81,-0.90,-1.32,-0.72,,1.50,-0.43,0.59,0.89,0.05,0.78,0.80,1.55,1.03,2.13,2.60,,3.20,,7.30,1.20,1.70,,,,,,,3,4.20,,0.60,3.70,0,-0.15,,,,,,,,2.40,2.90,0.40,-0.50,-2,,,,,0.30,,-1.30,-2.20,2.90,2.50,1.50,,,-1.30,,,-0.40,,,0.70,1.40,1.10,0.70,0.50,2.10,
2008-12-14 12:20,2.40,0.96,5.84,7.29,4.60,2.54,0.37,0.60,3.09,,6.16,5.23,2.42,5.75,5.87,4.98,4.07,-0.06,2.90,2.61,2.23,2.91,4.19,,4.92,5.89,6.44,4.32,3.41,4.70,4.85,6.02,-0.11,4.87,5.21,5.09,4.82,4.99,3.52,3.26,-0.40,-2.07,0.84,4.63,3.40,2.09,1.10,1.13,3.65,5.08,2.79,0.04,-0.53,2.40,-0.52,1.63,1.19,3.50,3.12,3.09,4.16,2.10,3.21,0.32,2.37,2.54,6.02,4.74,3.60,0.85,3.69,3.29,4.05,3.52,5.07,4.41,4.60,6.21,2.20,4.52,4.39,4.12,2.99,0.90,3.49,-0.89,1.15,1.30,1.74,2.44,-2.50,0.15,0.15,0.20,-0.44,1.35,-0.39,0.49,-0.41,-0.23,-0.75,-0.56,3.78,3.54,,3.22,3.63,1.10,0.44,0.01,-0.75,-1.25,3.04,-0.02,0.27,-0.89,-0.90,-1.42,-0.77,,1.50,-0.38,0.46,1.04,0.04,0.98,0.90,1.47,1.29,2.11,2.70,,3.20,,7.10,1.10,2,,,,,,,3,4.40,,0.70,3.20,0,-0.22,,,,,,,,2.40,2.80,0.40,-0.70,-2,,,,,0.30,,-1.30,-2.20,2.90,2.50,1.40,,,-1.50,,,-0.40,,,0.80,1.30,1.10,0.80,0.40,2.20,
2008-12-14 12:30,2.60,1.05,5.93,7.28,4.60,2.54,0.32,0.70,2.62,,6.26,5.13,2.40,5.91,5.74,4.78,3.82,-0.10,3,2.41,2.29,3.13,4.24,,5.08,6.06,6.54,4.65,3.58,4.90,4.65,5.85,-0.23,4.66,5.04,4.76,4.60,4.56,3.70,3.24,-0.30,-1.96,0.82,4.74,3,2.28,1.20,1.12,3.60,5.11,2.62,0.01,-0.54,2.50,-0.69,1.84,1.02,3.20,2.93,3.10,4.22,2.10,3.59,0.44,2.37,2.63,5.98,4.64,3.80,0.84,3.68,3.27,4,3.47,5.01,4.38,4.50,6.46,2.40,4.58,4.57,4.20,2.98,0.74,3.36,-0.95,1.16,1.20,1.53,2.12,-2.42,0.10,0.07,0.20,-0.41,1.34,-0.41,0.49,-0.54,-0.24,-0.79,-0.64,3.97,3.24,,3.49,3.78,1.20,0.49,0.03,-0.61,-1.28,2.90,-0.01,0.14,-0.88,-0.90,-1.37,-0.73,,1.60,-0.37,0.44,0.80,0.13,0.77,0.80,1.47,1.39,2.12,2.50,,3.10,,6.90,1,1.90,,,,,,,3,4.50,,0.70,3,-0.10,-0.23,,,,,,,,2.30,2.80,0.40,-0.60,-2,,,,,0.30,,-1.30,-2.20,3,2.50,,,,-1.50,,,-0.30,,,0.70,1.30,0.90,0.80,0.30,2.20,
2008-12-14 12:40,2.90,1.18,5.90,7.35,4.50,2.48,0.46,0.80,2.37,,6.25,5.83,2.45,6.03,5.70,4.66,3.63,-0.34,3,2.34,2.35,3.53,3.97,,5.16,6.06,6.58,5.06,3.91,4.80,4.60,5.76,-0.31,4.39,4.74,4.68,4.46,4.71,3.43,3.11,-0.20,-1.98,0.84,4.84,2.90,2.42,1.20,1.15,3.41,5.13,2.54,-0.12,-0.57,2.34,-0.62,2.23,1.05,2.80,2.60,3.29,4.38,1.90,3.93,0.06,2.24,2.70,5.91,4.71,3.50,0.87,3.61,3.38,3.98,3.45,4.96,4.36,4.60,6.07,2.50,4.49,4.66,4.06,2.90,0.54,3.42,-0.93,1,1,1.53,1.98,-2.46,0.11,0.01,0.10,-0.37,1.02,-0.41,0.53,-0.46,-0.26,-0.82,-0.74,4.09,3.22,,3.61,3.79,1,0.50,0.04,-0.68,-1.37,3.09,0.11,0.21,-1.08,-0.90,-1.40,-0.73,,1.60,-0.40,0.26,0.75,0.20,0.53,0.90,1.46,1.40,2.23,2.60,,3.20,,6.60,1,2,,,,,,,3.30,4.30,,0.70,2.90,-0.10,-0.22,,,,,,,,2.20,2.80,0.40,-0.70,-1.90,,,,,0.20,,-1.20,-2.20,3.10,2.50,1.40,,,-1.50,,,-0.40,,,0.80,1.20,0.80,0.80,0.20,2.20,
2008-12-14 12:50,3.10,1.36,5.95,7.39,4.40,2.43,0.81,0.80,3.06,,6.37,5.99,2.56,5.99,5.70,4.70,3.64,-0.44,2.90,2.35,2.39,3.67,3.88,,5.28,5.91,6.51,4.97,4.47,4.70,4.44,5.68,-0.52,4.32,4.70,4.30,4.48,5.05,3.41,2.99,-0.30,-1.87,0.75,4.83,2.80,2.39,1.20,1.15,3.45,5.05,2.48,-0.10,-0.66,2.17,-0.75,2.51,1.13,2.60,2.92,3.57,4.46,1.70,4.09,0.41,2.25,2.77,5.90,4.71,3.60,0.78,3.58,3.55,4.09,3.49,5.12,4.51,5.10,5.69,2.50,4.62,4.63,3.88,2.85,0.50,3.43,-0.97,0.98,0.80,1.46,2.09,-2.52,0.08,-0.06,0.10,-0.21,0.73,-0.48,0.57,-0.44,-0.28,-0.89,-0.58,4.06,3.22,,3.67,3.77,0.90,0.47,0.01,-0.65,-1.40,3.08,0.05,0.03,-1.14,-0.90,-1.42,-0.74,,1.50,-0.36,0,0.94,0.01,0.43,1,1.37,1.09,2.14,2.70,,3.30,,6.50,1.10,2,,,,,,,3.40,4.20,,0.70,3.10,-0.10,-0.25,,,,,,,,2.10,2.70,0.40,-0.70,-2,,,,,0.10,,-1.20,-2.10,3.10,2.60,1.30,,,-1.40,,,-0.50,,,0.80,1.10,0.70,0.90,0.30,2.10,
2008-12-14 13:00,3.20,1.47,5.81,7.40,4.30,2.61,1.15,0.70,3.47,6.36,6.54,6.02,2.68,5.90,5.59,4.68,3.52,-0.52,2.90,2.39,2.18,3,3.68,,5.30,5.43,6.46,4.80,4.50,4.60,4.45,5.60,-0.80,4.10,4.76,4.19,4.49,4.92,3.72,3.16,-0.20,-2.03,0.51,4.73,2.80,2.21,1.20,1.15,3.32,5.04,2.38,-0.07,-0.74,2.12,-0.74,2.63,1.48,2.40,3.07,3.11,4.33,2.10,4.11,0.25,2.14,2.51,5.84,4.74,3.50,0.73,3.67,3.61,4.04,3.53,5.24,4.53,5.20,5.96,2.60,4.64,4.37,3.81,2.81,0.50,3.45,-1,0.86,0.70,1.38,1.97,-2.42,0.07,-0.15,0,-0.36,0.54,-0.54,0.57,-0.47,-0.38,-1.10,-0.60,3.95,3.52,,3.74,3.69,0.70,0.44,0.02,-0.71,-1.52,3.07,0.03,0.07,-1.08,-1,-1.38,-0.69,,1.40,-0.61,-0.04,0.77,-0.05,0.48,1.10,1.24,1.30,2.11,2.60,2.50,3,-5.20,6.50,1.10,1.90,-0.90,5.60,-3.80,5.60,4.80,3.50,3.40,4,2.70,0.80,3.10,-0.10,-0.40,-0.50,2.60,3.30,2.90,5.30,2.70,3,2,2.40,0.40,-0.70,-1.90,3.40,2.60,2.30,1.90,0.10,-0.40,-1.40,-2.40,2.80,2.60,1.20,,1.40,-1.30,0.80,-0.90,-0.50,2,1.80,0.80,1.10,0.60,0.90,0.20,2.10,1.40
2008-12-14 13:10,3.10,1.59,5.91,7.33,4.20,2.70,1.33,0.80,3.65,5.76,6.80,5.87,2.56,5.84,5.38,4.65,3.49,-0.53,2.80,2.39,2.06,2.77,3.57,,5.37,5.19,6.53,4.47,4.38,4.30,4.39,5.55,-0.74,4.22,4.70,4.33,4.49,4.62,3.84,3.42,-0.40,-2.13,0.59,4.59,2.90,1.85,1.20,1.16,3.41,5.07,2.27,0.02,-0.73,2.07,-0.60,1.89,1.55,2.30,2.55,3.18,4.08,1.90,4.10,0.16,1.99,2.62,5.82,4.65,3.30,0.83,3.61,3.55,4.19,3.62,5.25,4.42,5.10,6.20,2.60,4.52,4.22,3.70,2.47,0.58,3.35,-0.93,0.81,0.60,1.20,1.90,-2.58,0.07,-0.17,0,-0.50,0.62,-0.60,0.64,-0.46,-0.46,-0.99,-0.53,3.60,3.50,,3.66,3.65,0.60,0.36,0.09,-0.77,-1.63,3.11,0.03,0.04,-1.15,-1,-1.44,-0.87,,1.20,-0.64,0,0.35,-0.05,0.51,1.10,1.17,1.04,1.93,2.50,,3.30,,6.60,1,1.60,,,,,,,3.30,3.60,,0.80,2.80,-0.20,-0.28,,,,,,,,2,2.10,0.40,-0.70,-1.90,,,,,0.10,,-1.40,-2.40,2.70,2.60,1.20,,,-1.30,,,-0.80,,,0.80,0.80,0.40,0.90,0,1.90,
2008-12-14 13:20,2.90,1.59,5.86,7.35,4.20,2.77,1.40,0.90,3.75,5.49,6.85,5.71,2.31,5.72,5.11,4.51,3.36,-0.57,2.80,2.27,2.04,2.77,3.44,,5.61,5.09,6.38,4.28,4.01,4.10,4.27,5.49,-0.97,4.29,4.47,4.29,4.35,4.46,3.88,3.52,-0.40,-1.94,0.70,4.54,2.80,1.72,1.10,1.14,3.40,5.13,2.40,-0.14,-0.78,2.10,-0.54,1.11,1.41,2.10,2.19,3.02,3.70,1.40,4.14,0.05,1.75,2.57,5.91,4.62,3.40,0.78,3.73,3.55,4.36,3.64,5.24,4.29,5,6.29,2.50,4.51,4.15,3.60,2.01,0.39,3.29,-0.90,0.69,0.60,1.07,1.89,-2.49,0.19,-0.09,0,-0.47,0.69,-0.64,0.54,-0.43,-0.53,-1.04,-0.63,3.37,3.42,,3.37,3.65,0.40,0.28,0.08,-0.74,-1.61,3.12,-0.06,0.08,-1.14,-1.20,-1.51,-0.96,,0.90,-0.59,-0.01,0.18,-0.13,0.61,1.10,1.09,1.09,1.76,2.40,,3.30,,6.70,1,1.90,,,,,,,3.20,3.40,,0.50,2.50,-0.20,-0.31,,,,,,,,1.80,1.90,0.40,-0.90,-2.10,,,,,0,,-1.40,-2.50,2.60,2.50,1.20,,,-1.30,,,-0.90,,,0.80,0.80,0.20,0.90,-0.10,1.90,
2008-12-14 13:30,2.80,1.59,5.79,7.25,4.10,2.91,1.39,1,3.70,5.97,6.36,5.46,2.09,5.73,5.02,4.53,3.27,-0.57,2.80,2.38,1.92,2.31,3.29,,5.65,5.12,6.08,4.11,3.77,4.10,4.24,5.44,-1.04,4.23,4.40,4.11,4.15,4.16,4.03,3.27,-0.40,-1.97,0.70,4.61,2.70,1.70,1.10,1.12,3.39,5.18,2.59,-0.18,-0.80,2.15,-0.54,1.10,1.27,2.10,1.83,2.62,3.40,1.20,4.16,-0.15,1.19,2.54,5.85,4.60,3.60,0.92,3.63,3.63,4.49,3.76,5.26,4.25,4.90,6.32,2.50,4.52,4.02,3.38,1.70,0.30,3.03,-0.93,0.47,0.50,1.06,2.04,-2.65,0.30,-0.16,-0.10,-0.44,0.54,-0.65,0.60,-0.42,-0.54,-0.95,-0.72,3.68,3.25,,3.20,3.64,0.30,0.08,-0.03,-0.72,-1.73,3.09,-0.14,0.08,-1.25,-1.30,-1.58,-1.09,,0.70,-0.74,-0.22,-0.04,0.05,0.52,1.10,1,0.94,1.65,2.20,,3.40,,6.70,0.90,1.20,,,,,,,3,3.10,,0.40,2.20,-0.20,-0.38,,,,,,,,1.60,1.70,0.30,-1,-2.20,,,,,-0.20,,-1.40,-2.60,2.50,2.50,1.20,,,-1.30,,,-1,,,0.80,0.60,0.10,0.90,-0.10,1.80,
2008-12-14 13:40,2.60,1.69,5.69,7.20,4.10,2.53,1.53,1.20,3.75,5.53,6.30,5.09,1.87,5.51,5,4.58,3.14,-0.51,3,2.30,1.99,2.25,3.16,,5.57,5.66,5.99,3.96,3.54,4,4.26,5.55,-1.08,4,4.21,4.10,4.30,4.11,3.52,3.20,-0.50,-1.89,0.65,4.49,2.70,1.57,1.20,1.10,3.43,5.15,2.61,-0.12,-0.73,1.93,-0.70,0.84,1.18,2.30,1.53,2.30,3.27,0.20,4.23,-0.04,0.68,2.55,6.02,4.74,3.80,0.99,3.68,3.59,4.51,3.72,5.43,4.25,4.70,6.29,2.60,4.36,3.90,3.14,1.40,0.36,3.05,-0.96,0.30,0.50,1.01,1.94,-2.66,0.08,-0.29,-0.10,-0.56,0.37,-0.69,0.54,-0.49,-0.60,-1.01,-0.78,3.84,2.87,,3.11,3.61,0.30,0.18,-0.07,-0.75,-1.93,3.02,-0.32,-0.01,-1.28,-1.40,-1.63,-1.11,,0.40,-0.93,-0.41,-0.09,-0.04,0.51,1.20,0.97,0.93,1.40,2,,3.50,,6.60,0.80,0.80,,,,,,,2.70,2.90,,0.30,1.90,-0.20,-0.41,,,,,,,,1.40,1.50,0.20,-1,-2.20,,,,,-0.20,,-1.40,-2.70,2.40,2.40,1.10,,,-1.30,,,-1.20,,,0.80,0.50,0.10,0.80,-0.30,1.70,
2008-12-14 13:50,2.50,1.74,5.54,7.17,4.10,2.26,1.53,1.20,3.10,4.35,6.08,4.93,1.61,5.17,5,4.48,3.01,-0.56,2.90,2.27,2.08,2.42,3,,5.61,6.47,5.78,3.84,3.45,3.90,4.33,5.36,-1.27,3.87,4.08,3.99,3.99,3.93,3.28,3.13,-0.70,-1.86,0.53,4.47,2.50,1.52,1.30,1.05,3.44,5.08,2.57,-0.20,-0.63,1.65,-0.88,0.72,0.83,2.60,1.23,1.77,3.32,-0.20,4.06,0.14,0.30,2.56,6.12,4.75,3.50,0.94,3.69,3.60,4.30,3.71,5.43,4.23,4.20,5.92,2.50,4.09,3.54,3.10,1.30,0.02,2.86,-0.88,0.15,0.40,1.07,1.59,-2.60,-0.10,-0.36,-0.20,-0.64,0.58,-0.76,0.55,-0.46,-0.62,-1.04,-0.71,3.57,2.64,,2.84,3.54,0.30,0.20,-0.03,-0.84,-2.11,2.88,-0.49,-0.11,-1.34,-1.40,-1.66,-1.17,,0.20,-1,-0.51,-0.43,0.04,0.55,1.20,0.88,0.67,1.38,1.80,,3.30,,6.50,0.70,0.60,,,,,,,2.40,2.70,,0.40,1.80,-0.20,-0.37,,,,,,,,1.20,1.20,0.20,-1,-2.20,,,,,-0.30,,-1.50,-2.70,2.20,2.10,1.10,,,-1.30,,,-1.40,,,0.80,0.40,0,0.80,-0.40,1.50,
2008-12-14 14:00,2.40,1.75,5.46,7.15,4,2.19,1.60,1.30,2.28,3.55,4.88,4.81,1.53,4.61,4.98,4.35,2.82,-0.59,2.60,2.28,2.22,1.92,2.86,,5.16,6.29,5.51,3.78,3.40,3.80,4.43,5.36,-1.29,3.78,3.92,3.73,4.09,3.72,3.13,3.14,-0.70,-2,0.69,4.26,2.40,1.45,1.30,1.01,3.44,5.03,2.36,-0.24,-0.63,1.43,-0.97,0.30,0.65,2.50,1.02,1.34,3.25,-0.30,3.51,0.35,0.07,2.52,6.06,4.74,3.80,0.83,3.68,3.68,4.33,3.71,5.32,4.24,4,5.38,2.50,3.93,3.23,2.89,1.04,0.16,2.66,-0.93,0.11,0.40,1.03,1.43,-2.56,-0.17,-0.35,-0.30,-0.56,0.68,-0.81,0.46,-0.45,-0.61,-0.95,-0.73,3.58,2.58,,2.71,3.36,0.30,0.19,-0.09,-0.82,-2.35,2.80,-0.55,-0.24,-1.46,-1.60,-1.62,-1.39,,-0.10,-1.14,-0.59,-0.67,0.11,0.50,1.30,0.84,0.62,1.09,1.50,2.40,3.10,-5.10,6.40,0.60,0.60,-1,5.70,-3.70,5.30,4.40,3.30,2.20,2.60,1.90,-0.10,1.90,-0.20,-0.40,-0.70,2.50,3.70,2.40,4.50,2.60,2.40,1,1.10,0.10,-1.10,-2.30,3.50,1.80,2.20,1.10,-0.30,-0.50,-1.60,-2.80,2,1.90,1,,1.20,-1.30,0.40,-1.60,-1.60,1.80,1.60,0.90,0.30,0,0.70,-0.50,1.40,0.50
2008-12-14 14:10,2.30,1.74,5.31,7.07,4,2,1.53,1.40,1.97,3.17,4.33,4.50,1.39,4.08,4.71,4.38,2.68,-0.73,2.60,2.08,2.12,1.83,2.63,,4.55,6.19,5.41,3.70,3.19,3.70,4.30,5.45,-1.28,3.62,3.78,3.54,3.95,3.67,3.11,2.80,-0.80,-1.87,0.88,4.17,2.20,1.53,1.30,0.97,3.42,4.89,2.29,-0.14,-0.73,1.16,-1.14,0.04,0.70,2.40,0.68,0.85,2.92,-0.50,3.26,0.02,-0.18,2.31,5.93,4.69,3.40,0.96,3.73,3.69,4.28,3.77,5.37,4.02,4,5.41,2.40,4.10,3,2.55,0.93,-0.05,2.41,-0.96,0.07,0.30,1.06,1.50,-2.58,-0.24,-0.47,-0.30,-0.71,0.87,-0.77,0.43,-0.44,-0.62,-0.95,-0.81,3.60,2.40,,2.57,3.09,0.30,0.13,-0.09,-0.75,-2.52,2.65,-0.65,-0.33,-1.52,-1.60,-1.60,-1.49,,-0.20,-1.31,-0.74,-0.81,0.05,0.49,1.40,0.79,0.63,1.08,1.30,,3,,6.30,0.40,0.50,,,,,,,2,2.60,,-0.10,2,-0.20,-0.37,,,,,,,,0.80,0.90,0.10,-1.20,-2.30,,,,,-0.30,,-1.60,-2.90,2,1.90,1,,,-1.30,,,-1.80,,,0.90,0.10,0,0.70,-0.70,1.20,
2008-12-14 14:20,2.20,1.73,5.23,6.97,4,1.71,1.55,1.50,1.96,2.79,3.78,4.37,1.22,3.83,4.65,4.14,2.56,-0.62,2.50,2,1.89,2.03,2.43,,4.83,5.96,5.43,3.64,2.92,3.70,4.30,5.23,-1.31,3.40,3.60,3.33,3.77,3.72,2.97,2.52,-0.70,-1.88,0.71,4.23,2.10,1.51,1.20,1.11,3.43,4.92,2.41,-0.11,-0.81,0.89,-1.26,-0.15,0.54,2,0.51,0.50,2.64,-0.90,3.41,-0.02,-0.49,1.96,6.04,4.65,3.40,1.08,3.88,3.73,4.10,3.78,5.27,4.16,3.90,5.75,2.40,3.92,2.73,2.35,0.68,0,2.21,-0.97,0.07,0.20,1.03,1.54,-2.57,-0.24,-0.50,-0.30,-0.36,0.74,-0.93,0.44,-0.56,-0.61,-0.97,-0.84,3.67,2.50,,2.46,3,0.20,0.12,-0.13,-0.90,-2.69,2.57,-0.80,-0.28,-1.57,-1.90,-1.65,-1.59,,-0.50,-1.58,-0.82,-1.14,-0.07,0.38,1.20,0.61,0.36,0.69,1,,3,,6.30,0.30,0.10,,,,,,,1.80,2.40,,-0.30,2,-0.20,-0.33,,,,,,,,0.60,0.70,0.20,-1.20,-2.30,,,,,-0.30,,-1.70,-2.90,1.90,1.80,0.90,,,-1.30,,,-2,,,0.80,0,-0.10,0.70,-0.80,1.20,
2008-12-14 14:30,2.10,1.65,5.37,6.83,3.90,1.64,1.43,1.60,2.01,2.35,3.83,4.29,1.22,3.72,4.59,4.10,2.36,-0.59,2.40,2.14,1.90,2.06,2.28,,4.66,5.94,5.42,3.66,2.71,3.50,4.26,5.12,-1.36,3.37,3.46,3.42,3.63,3.50,2.90,2.36,-0.30,-1.79,0.65,4.30,1.90,1.50,1.20,1.07,3.22,4.90,2.41,-0.15,-0.88,0.79,-1.37,-0.21,0.21,1.70,0.20,0.14,2.13,-1.10,3.62,-0.06,-0.66,1.61,6.11,4.63,3.40,1.06,3.82,3.67,4.03,3.82,5.29,3.87,3.80,5.64,2.40,3.60,2.43,2.23,0.49,-0.05,2.14,-0.99,-0.13,0.10,0.96,1.57,-2.56,-0.35,-0.46,-0.30,-0.42,0.74,-0.97,0.37,-0.59,-0.75,-1.02,-0.85,3.77,2.42,,2.31,2.69,0.20,0.12,-0.02,-0.88,-2.92,2.43,-0.92,-0.40,-1.59,-2,-1.62,-1.68,,-0.70,-1.71,-1.07,-1.18,0.03,0.43,1.20,0.52,0.51,0.23,0.70,,3,,6.20,0.30,0,,,,,,,1.50,2.30,,-0.40,1.90,-0.20,-0.36,,,,,,,,0.30,0.60,0.20,-1.20,-2.50,,,,,-0.40,,-1.70,-2.90,1.70,1.70,0.90,,,-1.30,,,-2.20,,,0.70,0,-0.20,0.70,-0.70,1.10,
2008-12-14 14:40,2,1.57,5.45,6.64,3.80,1.53,1.43,1.60,2.03,2.23,3.80,4.07,1.07,3.28,4.44,3.96,2.17,-0.41,2.30,2.16,2.11,2.12,2.07,,4.43,5.82,5.35,3.61,2.45,3.40,4.05,4.69,-1.41,3.15,3.49,3.42,3.47,3.54,2.85,2.18,-0.40,-1.94,0.57,4.03,1.70,1.39,1.20,1.01,3.48,4.84,2.40,-0.25,-0.99,0.60,-1.61,-0.48,0.04,1.50,-0.03,0.22,1.85,-1.20,2.80,-0.08,-0.82,1.42,6.03,4.60,3.60,0.81,3.72,3.65,3.83,3.91,5.31,4.09,3.70,5.51,2.40,3.27,2.20,1.70,0.32,-0.17,2.04,-1.07,-0.22,0.30,0.95,1.45,-2.57,-0.32,-0.46,-0.30,-0.41,0.69,-1.05,0.36,-0.55,-0.60,-0.91,-0.77,3.45,2.54,,2.03,2.40,0.20,0.14,-0.05,-0.91,-3.03,2.44,-0.93,-0.59,-1.66,-1.90,-1.54,-1.76,,-0.80,-1.91,-1.16,-1.33,0.16,0.39,1.20,0.23,0.26,0.09,0.50,,2.50,,6.20,0.20,-0.20,,,,,,,1.20,1.90,,-0.50,2,-0.20,-0.38,,,,,,,,0.10,0.40,0.10,-1.20,-2.50,,,,,-0.50,,-1.80,-2.90,1.60,1.70,0.90,,,-1.30,,,-2.40,,,0.70,-0.20,-0.20,0.70,-0.70,0.90,
2008-12-14 14:50,1.80,1.36,5.22,6.53,3.70,1.33,1.39,1.60,2.25,1.90,3.39,4.20,0.78,3.11,4.26,3.88,2.13,-0.82,2.20,2.04,2.01,2.37,2.02,,4.30,5.68,5.21,3.42,2.17,3.30,4.07,4.23,-1.53,3.25,3.58,3.40,3.44,3.43,2.51,1.91,-0.40,-1.99,0.67,3.82,1.60,1.32,1.10,0.97,3.41,4.66,2.33,-0.30,-1.05,0.47,-1.70,-0.56,-0.16,1.50,-0.76,0.26,1.56,-1.60,2.16,-0.28,-0.92,1.09,6.07,4.60,3.70,0.74,3.84,3.73,3.83,3.93,5.37,4.02,3.50,5.68,2.30,3.05,1.86,1.60,0.24,-0.25,1.97,-1.08,-0.32,0.30,0.87,1.19,-2.61,-0.34,-0.47,-0.30,-0.43,0.61,-1.05,0.31,-0.55,-0.67,-1.04,-0.87,3.34,2.50,,1.74,2.21,0.20,0.19,-0.08,-0.90,-3.04,2.30,-1.13,-0.67,-1.55,-1.90,-1.67,-1.77,,-0.70,-2.15,-1.29,-1.84,0.14,0.56,1.20,0.27,0.26,0.09,0.50,,2.20,,6.10,0.10,-0.40,,,,,,,1,2,,-0.40,2,-0.30,-0.29,,,,,,,,0,0.20,0.10,-1.20,-2.50,,,,,-0.50,,-1.80,-2.80,1.40,1.70,0.80,,,-1.30,,,-2.50,,,0.60,-0.30,-0.20,0.70,-0.80,0.70,
2008-12-14 15:00,1.60,0.89,5.03,6.12,3.70,1.22,1.35,1.60,2.21,1.85,3.44,4.08,0.57,2.80,4.22,3.95,2.22,-0.76,2.20,1.84,1.76,2.08,2.09,,4.30,5.55,5.15,3.32,2.10,3.10,4.13,4.16,-1.55,3.14,3.55,3.37,3.35,3.42,2.30,2.08,-0.40,-1.93,0.84,3.79,1.40,1.20,1,0.94,3.30,4.43,2.43,-0.23,-1.04,0.34,-1.84,-0.75,-0.47,1.30,-0.79,0.31,1.21,-1.80,1.55,-0.35,-1.01,1.20,5.88,4.62,3.40,0.83,3.77,3.75,3.68,3.85,5.31,4,3.40,5.38,2.20,2.80,1.63,1.50,0.32,-0.41,1.94,-1.01,-0.34,0.30,0.73,1.15,-2.66,-0.34,-0.33,-0.30,-0.41,0.47,-1.04,0.38,-0.62,-0.69,-1.05,-0.87,3.52,2.40,1.50,1.50,2.07,0.20,0.12,-0.09,-0.90,-3.15,2.25,-1.18,-0.81,-1.70,-2,-1.65,-1.86,,-0.80,-2.34,-1.32,-1.73,0.09,0.51,1.10,0.28,0.49,0.23,0.40,1,2.10,-4.90,6,0.10,-0.40,-1.20,5.60,-3.70,5.40,3.10,2.60,0.90,1.80,1.30,-0.40,1.90,-0.30,-0.40,-0.90,2.30,3.60,1.80,2.80,2.20,1.70,-0.10,0.10,0,-1.20,-2.60,3.30,0.90,1.70,0.60,-0.50,-0.60,-1.80,-2.80,1.20,1.40,0.90,,0.90,-1.40,-0.10,-2.30,-2.60,1.30,1.10,0.60,-0.30,-0.30,0.70,-0.80,0.70,-0.40
2008-12-14 15:10,1.50,0.70,4.83,5.68,3.50,1.31,1.24,1.60,2.15,1.67,3.62,3.81,0.47,2.60,3.97,3.83,2.26,-0.91,2.20,1.73,2.10,1.80,1.99,,4.15,5.53,4.99,3.22,2.05,3.10,3.91,3.69,-1.57,3.14,3.38,2.86,3.41,3.14,2.08,1.98,-0.30,-1.95,0.79,3.67,1.50,1.09,0.90,0.75,3.46,4.17,2.28,-0.37,-1.03,0.13,-1.93,-0.83,-0.55,0.80,-0.72,0.40,1.01,-2.10,1.12,-0.26,-1.17,1.24,5.95,4.61,3.60,0.83,3.81,3.73,3.65,3.85,5.24,3.97,3.30,5.06,2.19,2.69,1.41,1.40,0.32,-0.51,1.99,-1.06,-0.21,0.30,0.71,1.06,-2.51,-0.40,-0.38,-0.30,-0.39,0.51,-1.03,0.33,-0.61,-0.79,-1.09,-0.80,3.76,2.08,1.47,1.35,1.97,0.10,0.18,-0.13,-0.91,-3.39,2.07,-1.36,-0.92,-1.69,-2.10,-1.67,-1.93,,-1,-2.34,-1.45,-1.88,0.01,0.54,1.10,0.20,0.18,0.30,0.40,,2.20,,5.70,0,-0.30,,,,,,,0.70,1.60,,-0.40,1.90,-0.30,-0.31,,,,,,,,-0.20,-0.10,0,-1.20,-2.60,,,,,-0.50,,-1.80,-2.80,1.20,1.40,0.90,,,-1.40,,,-2.90,,,0.60,-0.30,-0.30,0.80,-0.90,0.70,
2008-12-14 15:20,1.50,0.39,4.72,5.29,3.40,1.36,1.17,1.60,2.20,1.56,3.58,3.13,0.52,2.41,3.75,3.70,2.29,-0.95,2.10,1.61,2.06,1.65,1.91,,3.73,5.71,4.81,3.15,1.92,2.90,3.53,3.26,-1.68,3.06,3.24,3,3.42,3.17,2.05,1.96,-0.30,-2.17,0.71,3.91,1.40,0.95,0.80,0.61,3.49,3.62,1.93,-0.38,-1.02,-0.04,-2.02,-0.95,-0.82,0.40,-1.21,0.14,0.75,-2.30,0.86,-0.14,-1.28,1.27,5.84,4.53,4,0.86,3.80,3.89,3.63,3.92,5.25,3.94,3.30,4.93,2.25,2.55,1.46,1.30,0.22,-0.57,2,-1.14,-0.07,0.30,0.74,1,-2.50,-0.40,-0.39,-0.20,-0.24,0.50,-1.11,0.40,-0.70,-0.88,-1.03,-0.94,3.64,1.80,1.23,1.14,1.77,0.20,0.09,-0.12,-0.92,-3.62,2,-1.45,-0.99,-1.69,-2.20,-1.72,-1.91,,-1,-2.41,-1.62,-2.30,0.16,0.53,1.10,0.03,0.18,0.19,0.50,,2.20,,5.50,-0.10,-0.10,,,,,,,0.40,1.40,,-0.30,1.70,-0.30,-0.31,,,,,,,,-0.30,-0.10,0,-1.20,-2.60,,,,,-0.50,,-1.90,-2.80,1,1.60,0.90,,,-1.50,,,-3,,,0.50,-0.40,-0.40,0.80,-0.80,0.60,
2008-12-14 15:30,1.30,0.18,4.68,4.83,3.40,1.28,1.12,1.60,2.16,1.65,3.63,3.20,0.55,1.96,3.78,3.62,2.20,-0.94,2.10,1.56,2.07,1.64,1.89,,3.62,5.57,5.06,3.11,1.83,2.80,3.23,3.43,-1.50,2.91,3.19,3.02,3.29,3.14,2.02,1.65,-0.40,-2.01,0.46,4.06,1.40,0.89,0.70,0.58,3.43,3.18,1.65,-0.32,-1.08,-0.15,-2.11,-0.97,-0.95,0.50,-1.23,-0.26,0.30,-2.40,0.52,-0.24,-1.35,1.36,5.93,4.63,3.90,0.85,3.87,3.84,3.57,3.79,5.25,3.81,3.30,4.84,2.30,2.37,1.48,1.10,-0.03,-0.45,1.90,-1.14,-0.05,0.20,0.70,1.03,-2.69,-0.37,-0.38,-0.20,-0.26,0.41,-1.10,0.28,-0.70,-0.89,-1.11,-0.92,3.58,1.68,0.92,1.09,1.62,0.20,0.15,-0.07,-0.95,-3.76,1.84,-1.40,-1.01,-1.63,-2.20,-1.68,-1.96,,-1.30,-2.65,-1.72,-2.25,0.16,0.64,1.10,-0.28,0.08,0.08,0.40,,2,,5.60,-0.20,-0.50,,,,,,,0.30,1.50,,-0.50,1.70,-0.40,-0.23,,,,,,,,-0.20,-0.20,-0.10,-1.20,-2.50,,,,,-0.50,,-1.90,-2.80,1.10,1.30,0.90,,,-1.50,,,-3.20,,,0.40,-0.40,-0.30,0.90,-0.80,0.80,
2008-12-14 15:40,1.30,0,4.70,4.49,3.40,1.35,1.12,1.50,2.19,1.79,3.42,3.73,0.67,1.81,3.57,3.54,2.38,-1.12,2.10,1.46,1.73,2.05,1.79,,3.44,5.44,5.09,3,1.73,2.90,3.60,3.36,-1.46,2.89,3.25,2.94,3.17,3.04,1.90,1.72,-0.40,-1.83,-0.12,3.93,1.30,0.84,0.60,0.49,3.19,2.72,1.73,-0.44,-1.07,-0.27,-2.08,-1.01,-0.77,0.40,-1.53,-0.69,0.25,-2.30,0.27,-0.32,-1.40,1.45,5.97,4.74,3.50,0.82,3.86,3.85,3.50,3.78,5.18,3.61,3.40,5.18,2.20,2.12,1.43,1,-0.17,-0.55,1.72,-1,0.02,0.10,0.66,0.83,-2.66,-0.31,-0.36,-0.10,-0.46,0.34,-1.07,0.31,-0.78,-0.90,-1.09,-0.93,3.47,1.58,0.99,1.14,1.46,0.20,0.26,-0.08,-1.06,-3.88,1.70,-1.47,-1.08,-1.72,-2.20,-1.61,-2.16,,-1.30,-2.71,-1.75,-2.40,0.12,0.68,1.10,-0.69,-0.07,0.18,0.20,,1.70,,5.50,-0.40,-0.60,,,,,,,0.10,1.50,,-0.70,1.70,-0.30,-0.25,,,,,,,,-0.30,-0.30,0,-1.10,-2.60,,,,,-0.50,,-2,-2.90,1,1.20,0.90,,,-1.50,,,-3.10,,,0.40,-0.40,-0.30,0.90,-0.80,0.60,
2008-12-14 15:50,1.40,-0.06,4.69,4.19,3.40,1.19,1.13,1.50,2.05,1.43,3.17,2.88,0.86,1.52,3.37,3.59,2.35,-0.63,2.10,1.38,1.92,1.48,1.71,,3.15,5.03,5.08,2.96,1.58,3,3.48,3.22,-1.46,2.93,3.16,2.99,3.13,2.94,1.74,1.18,-0.30,-1.74,-0.48,3.90,1.30,0.82,0.50,0.43,2.90,2.51,1.67,-0.47,-1.07,-0.37,-2.07,-1.11,-1.09,0.20,-1.52,-0.86,0.05,-2.40,0.14,-0.34,-1.49,1.33,5.89,4.69,3.70,0.75,3.87,3.83,3.46,3.79,5.29,3.77,3.50,5.48,2.20,1.96,1.23,1,-0.26,-0.42,1.54,-1.10,-0.22,0,0.59,0.72,-2.69,-0.36,-0.37,-0.10,-0.22,0.37,-1,0.34,-0.74,-0.95,-1.11,-0.95,3.47,1.43,1,0.84,1.30,0.20,0.27,-0.21,-1.09,-3.98,1.67,-1.53,-1.14,-1.66,-2.20,-1.65,-2.17,,-1.40,-2.92,-1.86,-2.76,0.04,0.63,1.10,-0.44,-0.34,0.22,0.10,,1.70,,5.60,-0.50,-0.70,,,,,,,0.10,1.10,,-0.70,1.60,-0.30,-0.38,,,,,,,,-0.30,-0.30,-0.10,-1.10,-2.70,,,,,-0.50,,-2,-2.90,1,1.20,,,,-1.60,,,-3.30,,,0.40,-0.40,-0.30,0.90,-0.80,0.50,
2008-12-14 16:00,1.20,-0.17,4.57,3.91,3.30,0.93,1.20,1.50,1.90,1.40,3.27,2.77,0.69,1.14,3.32,3.47,2.21,-0.89,2,1.45,1.79,1.50,1.70,,3.02,4.63,5.01,2.92,1.29,2.90,3.56,2.97,-1.58,2.94,3.09,2.59,3.21,2.91,1.70,0.88,-0.30,-1.59,-0.21,3.64,1.20,0.73,0.30,0.35,2.71,2.23,1.58,-0.38,-1.07,-0.41,-2.05,-1.06,-1.57,0.40,-1.73,-1.25,-0.10,-2.70,0.01,-0.32,-1.56,1.28,5.92,4.57,3.70,0.79,3.87,3.96,3.39,3.75,5.20,3.79,3.50,5.64,2.10,1.94,1.22,0.80,-0.32,-0.50,1.49,-1.06,-0.30,-0.10,0.54,0.55,-2.65,-0.27,-0.34,0,-0.42,0.35,-1.03,0.35,-0.74,-1.01,-1.17,-0.96,3.44,1.35,0.95,0.80,1.16,0.20,0.19,-0.23,-1.11,-4.09,1.61,-1.50,-1.17,-1.75,-2.30,-1.69,-2.25,,-1.50,-3.03,-1.91,-2.78,-0.11,0.61,0.90,-0.67,-0.37,0.15,0,1.80,1.70,-5,5.50,-0.60,-0.90,-1.30,5.90,-3.50,5,2.70,2.40,0,1,0.90,-0.70,1.60,-0.30,-0.60,,1.90,3.60,1.80,2.50,1.50,0.90,-0.40,-0.40,-0.10,-1.20,-2.70,2.60,0.60,1.70,-0.10,-0.60,-0.60,-2,-2.90,0.90,1.20,0.90,-0.10,0.50,-1.60,-0.80,-2.50,-3.50,1.20,0.90,0.30,-0.50,-0.30,0.80,-0.90,0.40,-1.20
2008-12-14 16:10,1.20,-0.35,4.62,3.59,3.20,0.81,1.26,1.30,1.70,1.39,3.74,3.19,0.74,1,3.40,3.44,2.04,-1.07,2,1.33,1.82,1.56,1.54,,2.92,4.48,4.85,2.78,1.20,2.90,3.48,2.50,-1.50,2.93,3.03,2.43,3.07,2.95,1.55,0.47,-0.40,-1.50,-0.02,3.56,1.10,0.68,0.10,0.31,2.82,1.69,1.25,-0.49,-1.03,-0.46,-2.08,-1.25,-1.65,0.50,-1.95,-1.51,-0.31,-2.90,-0.15,-0.50,-1.64,1.24,5.95,4.57,3.50,0.81,3.91,3.85,3.38,3.72,5.26,3.70,3.60,5.54,2,2,1.14,1.12,-0.41,-0.44,1.31,-1.02,-0.37,-0.10,0.59,0.52,-2.59,-0.28,-0.39,-0.10,-0.28,0.34,-1.16,0.30,-0.71,-0.95,-1.17,-1.05,3.42,1.19,1.03,0.68,1.01,0.20,0.13,-0.17,-1.06,-3.97,1.68,-1.62,-1.06,-1.79,-2.20,-1.69,-2.25,,-1.70,-3.18,-2.09,-2.69,-0.15,0.72,1,-0.95,-0.22,0.07,-0.10,,1.90,,5.40,-0.70,-1.20,,,,,,,0,1,,-0.70,1.50,-0.30,-0.56,,,,,,,,-0.40,-0.50,-0.20,-1.20,-2.70,,,,,-0.60,,-2.10,-3.10,0.90,1.10,0.90,,,-1.60,,,-3.60,,,0.30,-0.50,-0.30,0.80,-0.90,0.30,
2008-12-14 16:20,1.20,-0.40,4.58,3.19,3.10,0.49,1.23,1.30,1.67,1.27,3.71,3.75,0.60,1.01,3.23,3.34,1.88,-1.14,2,1.16,1.82,1.10,1.50,,2.84,4.52,4.98,2.76,1.02,2.90,3.61,1.95,-1.45,2.94,2.95,2.60,3.05,2.98,1.51,0.42,-0.30,-1.72,0.10,3.98,1,0.58,-0.10,0.11,2.82,0.73,0.65,-0.55,-1.09,-0.46,-2.20,-1.35,-1.98,0.40,-2.18,-1.61,-0.51,-2.90,-0.25,-0.51,-1.76,1.34,5.84,4.51,3.50,0.85,3.90,3.86,3.25,3.73,5.26,3.65,3.60,5.53,1.80,1.76,1.09,1.03,-0.55,-0.62,1.23,-0.99,-0.45,-0.30,0.58,0.54,-2.62,-0.25,-0.29,-0.10,-0.35,0.31,-1.22,0.29,-0.79,-1,-1.15,-1.04,3.38,1.15,0.95,0.63,0.82,0.20,0.32,-0.16,-1.10,-3.95,1.56,-1.84,-1.08,-1.81,-2.10,-1.74,-2.36,,-1.90,-3.26,-2.14,-2.84,-0.16,0.69,1,-0.83,-0.52,-0.03,-0.30,,1.70,,5.30,-0.80,-1.30,,,,,,,-0.10,1.10,,-0.60,1.30,-0.20,-0.55,,,,,,,,-0.40,-0.60,-0.10,-1.30,-2.60,,,,,-0.60,,-2.10,-3.20,0.80,1.10,0.90,,,-1.60,,,-3.80,,,0.40,-0.60,-0.40,1,-0.90,0.10,
2008-12-14 16:30,1.20,-0.52,4.49,2.92,3,0.44,1.23,1.30,1.61,1.40,3.47,3.28,0.65,0.92,3.31,3.30,1.79,-1.30,1.90,1.49,1.75,0.81,1.50,,2.77,4.80,4.73,2.57,0.96,2.80,3.48,2.13,-1.44,2.92,3.03,2.43,3.04,2.97,1.34,0.49,-0.20,-1.78,-0.08,4.16,1.10,0.50,-0.20,-0.02,3.14,0.23,0.60,-0.48,-1.08,-0.56,-2.12,-1.61,-2.32,0.10,-2.37,-1.84,-0.79,-3.10,-0.40,-0.37,-1.81,1.10,5.77,4.42,3.80,0.80,3.94,3.70,3.32,3.90,5.17,3.50,3.40,5.34,1.50,1.87,1.08,0.79,-0.62,-0.66,1.05,-0.93,-0.57,-0.30,0.59,0.65,-2.54,-0.21,-0.31,-0.10,-0.43,0.23,-1.28,0.28,-0.77,-1.05,-1.10,-1.04,3.39,1.18,0.78,0.78,0.77,0.10,0.36,-0.27,-1.02,-4.03,1.57,-1.83,-1.08,-1.83,-2.10,-1.63,-2.48,,-1.90,-3.30,-2.31,-3.32,-0.33,0.56,0.90,-0.88,-0.22,-0.05,-0.50,,1.60,,5,-0.80,-1.20,,,,,,,-0.30,1,,-0.50,1.10,-0.20,-0.52,,,,,,,,-0.60,-0.60,-0.20,-1.30,-2.80,,,,,-0.60,,-2.10,-3.20,0.70,1,0.90,,,-1.60,,,-3.90,,,0.30,-0.60,-0.50,0.90,-1,0,
2008-12-14 16:40,1.20,-0.45,4.59,2.64,3,0.35,1.05,1.10,1.36,1.54,2.67,2.99,0.83,0.78,3.23,3.26,1.77,-1.35,1.90,1.36,1.74,0.96,1.39,,2.66,4.47,4.72,2.37,0.88,2.90,3.68,2.20,-1.49,2.86,3.08,2.71,2.78,2.77,1.27,0.21,-0.50,-1.81,0.18,4.08,1.10,0.52,-0.40,-0.25,3.14,-0.22,0.39,-0.49,-1.19,-0.67,-2.24,-1.60,-2.43,-0.20,-2.60,-2,-0.91,-3.30,-0.70,-0.49,-1.78,0.99,5.73,4.46,3.50,0.86,3.91,3.80,3.29,3.77,5.16,3.51,3.30,5.05,1.40,1.77,1.02,0.75,-0.67,-0.68,0.89,-0.95,-0.64,-0.30,0.58,0.58,-2.63,-0.15,-0.35,-0.10,-0.63,0.11,-1.34,0.20,-0.76,-1.05,-1.18,-1.01,3.42,1.21,0.69,0.72,0.74,0.10,0.23,-0.32,-1.09,-4.06,1.34,-1.86,-1.19,-1.84,-2.20,-1.71,-2.54,,-2,-3.52,-2.51,-3.47,-0.37,0.56,0.90,-0.64,-0.05,-0.08,-0.70,,1.60,,4.70,-0.80,-1.20,,,,,,,-0.40,1.10,,-0.40,1,-0.30,-0.64,,,,,,,,-0.70,-0.70,-0.30,-1.30,-2.90,,,,,-0.60,,-2,-3.30,0.50,0.90,0.90,,,-1.60,,,-4.10,,,0.30,-0.60,-0.50,0.90,-1.10,-0.30,
2008-12-14 16:50,1.20,-0.57,4.51,2.53,3,0.15,0.84,1,1.33,1.54,3.07,3.03,0.89,0.79,3.17,3.21,1.87,-1.11,1.90,1.15,1.69,1.34,1.25,,2.59,4.36,4.79,2.38,0.86,3,3.31,2.17,-1.57,2.71,3.15,2.70,2.67,2.67,1.19,0.83,-0.60,-1.75,0.13,3.84,1,0.50,-0.60,-0.41,2.67,-0.57,0.25,-0.59,-1.18,-0.77,-2.20,-1.74,-2.17,-0.50,-2.80,-2.05,-1.04,-3.40,-0.78,-0.38,-1.87,0.93,5.94,4.53,3.50,0.86,3.79,3.83,3.07,3.59,5.10,3.42,3.40,4.85,1.20,1.64,0.91,0.71,-0.63,-0.73,0.82,-1.04,-0.73,-0.30,0.49,0.45,-2.64,-0.18,-0.20,-0.10,-0.70,0.06,-1.41,0.21,-0.82,-1.07,-1.27,-1.08,3.45,1.13,0.68,0.61,0.59,0.10,0.23,-0.29,-1.09,-3.97,1.24,-1.74,-1.09,-1.88,-2.10,-1.63,-2.69,,-2.10,-3.63,-2.56,-3.39,-0.20,0.71,0.90,-0.27,-0.03,-0.18,-0.70,,1.60,,4.90,-0.90,-1.30,,,,,,,-0.40,1.10,,-0.40,0.90,-0.30,-0.69,,,,,,,,-0.60,-0.60,-0.30,-1.30,-2.90,,,,,-0.60,,-2,-3.30,0.50,1,0.90,,,-1.60,,,-4.30,,,0.30,-0.70,-0.50,0.90,-1.10,-0.30,
2008-12-14 17:00,1.20,-0.51,4.57,2.44,2.90,0.08,0.79,0.80,1.44,1.71,3.36,3.09,0.95,0.93,3.10,3.29,1.74,-0.99,1.90,0.94,1.69,2.31,1.22,,2.51,3.88,4.82,2.52,0.72,3,3.11,2.09,-1.49,2.85,3.08,2.53,2.80,2.73,1.04,1.58,-0.50,-1.81,0.29,3.83,1,0.37,-0.70,-0.44,2.38,-0.78,0.33,-0.53,-1.21,-0.82,-2.19,-1.71,-2.56,-0.80,-2.86,-2.09,-1.22,-3.70,-0.82,-0.15,-1.95,1.09,5.88,4.55,3.50,0.72,3.92,3.89,3.06,3.76,5.03,3.40,3.30,4.94,0.90,1.62,0.84,0.52,-0.43,-0.81,0.75,-1.01,-0.80,-0.30,0.53,0.48,-2.54,-0.15,-0.16,-0.20,-0.62,0.04,-1.47,0.10,-0.93,-1.10,-1.29,-1.18,3.48,1.08,0.62,0.63,0.50,0.10,0.22,-0.38,-1.16,-4.17,1.08,-1.72,-1.10,-1.87,-2.10,-1.56,-2.70,,-2.10,-3.79,-2.72,-3.53,-0.37,0.66,0.90,-0.32,-0.33,-0.11,-0.90,4.70,1.80,-5,5,-0.90,-1.30,-1.20,5.90,-3.50,5.10,1.60,2.20,-0.50,1,0.60,-0.30,0.70,-0.30,-0.70,-1.40,1.60,3.70,1.90,2,0.80,0.40,-0.60,-0.60,-0.30,-1.30,-2.80,3.10,0.40,1.30,-0.30,-0.60,-0.70,-2,-3.30,0.50,1,1,,0.30,-1.60,-1.10,,-4.40,1.10,0.90,0.20,-0.60,-0.60,1,-1.10,-0.50,-1.90
2008-12-14 17:10,1.30,-0.30,4.60,2.34,2.90,-0.02,0.82,0.90,1.33,2.26,3.40,3.29,1.03,0.73,2.99,3.38,1.76,-1.20,1.90,0.83,1.72,0.82,1.23,,2.50,3.68,4.78,2.49,0.37,3,3.16,1.95,-1.58,2.76,2.95,2.46,2.89,2.69,0.99,1.47,-0.40,-1.82,0.38,3.85,0.90,0.22,-0.80,-0.58,2.31,-1.18,0.19,-0.75,-1.26,-0.83,-2.27,-1.93,-2.62,-1,-2.85,-2.32,-1.24,-4,-1,-0.04,-1.99,1.32,5.76,4.51,3.60,0.85,3.83,3.86,3.07,3.73,4.94,3.32,3.30,5.02,0.70,1.54,0.87,0.30,-0.52,-0.97,0.78,-0.95,-0.79,-0.30,0.49,0.49,-2.58,-0.08,-0.16,-0.20,-0.57,0.05,-1.46,0.11,-0.89,-1.09,-1.39,-1.21,3.39,1.11,0.66,0.63,0.49,0.10,0.22,-0.42,-1.22,-4.30,1.03,-1.79,-1.15,-1.92,-2,-1.62,-2.84,,-2.30,-3.88,-2.89,-3.72,-0.40,0.60,0.90,-0.30,-0.42,-0.08,-0.90,,1.80,,5.10,-1,-1.40,,,,,,,-0.50,0.80,,-0.30,0.70,-0.30,-0.70,,,,,,,,-0.80,-0.50,-0.30,-1.30,-2.80,,,,,-0.60,,-2.10,-3.30,0.50,1,1,,,-1.60,,,-4.40,,,0.20,-0.70,-0.60,1,-1.10,-0.60,
2008-12-14 17:20,1.30,-0.32,4.56,2.25,2.90,-0.13,0.80,1,1.29,2.85,3.33,2.83,0.99,0.66,2.84,3.39,1.87,-1.01,1.80,0.84,1.58,1.82,1.23,,2.44,3.62,4.86,2.39,0.49,3,3.21,1.90,-1.72,2.76,3.03,2.55,3.15,2.72,1.07,1.45,-0.40,-1.89,0.30,4.01,0.90,0.07,-0.90,-0.80,2.15,-1.21,-0.01,-0.53,-1.22,-0.82,-2.31,-2,-2.58,-1.10,-2.97,-2.44,-1.30,-4,-1.05,0.12,-2.08,1.47,5.78,4.46,3.60,0.95,3.83,3.85,2.99,3.70,4.78,3.03,3.20,4.94,0.70,1.51,0.78,0.20,-0.48,-1.14,0.86,-1.02,-0.89,-0.40,0.39,0.36,-2.59,-0.15,-0.24,-0.30,-0.63,0.05,-1.48,0.12,-0.93,-1.13,-1.47,-1.23,3.43,0.96,0.48,0.84,0.38,0.20,0.09,-0.40,-1.12,-4.23,1,-1.81,-1.26,-2.02,-2,-1.70,-2.98,,-2.40,-3.87,-3.14,-3.77,-0.38,0.55,0.80,-0.29,-0.44,-0.23,-1,,1.70,,4.50,-1.20,-1.30,,,,,,,-0.50,0.60,,-0.30,0.40,-0.30,-0.60,,,,,,,,-0.70,-0.30,-0.30,-1.30,-2.90,,,,,-0.60,,-2,-3.40,0.50,1,1,,,-1.60,,,-4.40,,,0.10,-0.60,-0.70,1,-1,-0.60,
2008-12-14 17:30,1.20,-0.37,4.57,2.99,2.90,-0.12,0.94,1.20,1.42,3.32,3.06,3.02,1.03,1.01,2.78,3.40,1.91,-0.98,1.80,0.92,1.40,1.93,1.20,,2.39,3.57,4.81,2.43,0.52,3,2.97,1.88,-1.68,2.83,3.07,2.55,3.30,2.90,1.01,1.24,-0.40,-2.02,0.24,4.05,0.90,-0.08,-1.10,-1,2.17,-1.49,0.05,-0.71,-1.26,-0.75,-2.30,-1.99,-2.75,-1.40,-2.76,-2.55,-1.47,-4,-0.73,0.10,-2.16,1.61,5.86,4.55,3.60,1.07,3.92,3.75,3.02,3.69,4.90,2.78,3.10,4.85,0.70,1.39,0.68,0.20,-0.41,-1.15,0.85,-0.98,-0.90,-0.40,0.26,0.29,-2.63,-0.13,-0.28,-0.30,-0.77,0.01,-1.51,0.09,-1.17,-1.12,-1.51,-1.30,3.55,0.89,0.37,0.67,0.29,0.10,0.16,-0.38,-1.07,-4.26,0.92,-1.86,-1.19,-2.10,-2,-1.64,-3.02,,-2.40,-3.90,-3.24,-3.94,-0.41,0.45,1,-0.31,-0.27,-0.12,-1.20,,1.70,,4.50,-1.30,-1.30,,,,,,,-0.50,0.40,,-0.30,0.30,-0.30,-0.62,,,,,,,,-0.70,-0.30,-0.20,-1.30,-2.80,,,,,-0.60,,-2.10,-3.50,0.40,1.10,,,,-1.70,,,-4.40,,,0.10,-0.70,-0.80,1,-1,-0.70,
2008-12-14 17:40,1.30,-0.31,4.57,4.14,2.90,0.01,0.94,1.20,1.39,3.98,3.14,3.37,0.82,0.85,2.81,3.47,1.99,-1.34,1.70,1.20,1.50,1.14,1.26,,2.42,3.60,5.06,2.46,0.64,2.90,2.96,2.02,-1.69,2.76,3.15,2.59,3.31,2.78,1.04,1,-0.40,-2.07,0.30,4.21,0.90,-0.22,-1.20,-1,2.05,-1.81,0.17,-0.67,-1.32,-0.76,-2.35,-1.96,-2.48,-1.50,-2.76,-2.58,-1.62,-4.10,-0.78,-0.09,-2.28,1.50,5.93,4.58,3.90,1.08,4.03,3.77,3.01,3.73,4.81,2.89,2.80,4.56,0.70,1.34,0.53,0.10,-0.39,-1.09,0.96,-0.98,-0.85,-0.30,0.17,0.29,-2.61,-0.20,-0.24,-0.30,-0.84,-0.19,-1.50,0.04,-1.10,-1.13,-1.51,-1.30,3.59,0.78,0.31,0.63,0.23,0.10,0.16,-0.39,-1.10,-4.38,0.83,-1.95,-1.01,-2.21,-2,-1.72,-3.05,,-2.60,-3.69,-3.42,-4.25,-0.43,0.47,0.70,-0.49,-0.09,-0.17,-1.20,,1.80,,4.40,-1.30,-1.10,,,,,,,-0.60,0.40,,-0.30,0.20,-0.30,-0.68,,,,,,,,-0.80,-0.30,-0.20,-1.30,-2.80,,,,,-0.60,,-2,-3.50,0.40,1.10,1,,,-1.70,,,-4.40,,,0,-0.80,-0.90,1,-1,-0.80,
2008-12-14 17:50,1.10,-0.15,4.51,4.62,2.90,0.05,0.88,1.10,1.13,4.45,2.93,3.26,0.78,0.34,2.89,3.53,1.95,-1.08,1.60,1.21,1.39,1.36,1.25,,2.73,3.16,5.09,2.53,0.67,2.90,3.10,2.09,-1.78,2.80,3.10,2.86,3.21,2.96,0.93,0.82,-0.60,-2.07,0.22,4.38,0.90,-0.40,-1.20,-1.17,2.24,-1.67,-0.28,-0.53,-1.38,-0.76,-2.42,-2.02,-2.29,-2,-2.60,-2.37,-1.78,-4.50,-0.85,-0.29,-2.45,1.55,6.10,4.55,4.10,1.06,4.04,3.66,2.91,3.63,4.72,2.86,2.50,4.29,0.70,1.18,0.41,0,-0.59,-1.03,0.99,-0.89,-0.88,-0.30,0.13,0.50,-2.55,-0.15,-0.30,-0.40,-0.78,-0.21,-1.52,-0.03,-1.19,-1,-1.52,-1.32,3.40,0.70,0.41,0.56,0.21,0.10,0.15,-0.45,-1.06,-4.40,0.80,-2,-0.98,-2.27,-2.10,-1.84,-3.04,,-2.70,-3.74,-3.74,-4.34,-0.52,0.48,0.70,-0.63,-0.19,-0.26,-1.30,,1.90,,4,-1,-0.90,,,,,,,-0.50,0.40,,-0.30,0.10,-0.40,-0.77,,,,,,,,-0.80,-0.10,-0.30,-1.30,-2.80,,,,,-0.60,,-2,-3.50,0.60,1,0.90,,,-1.70,,,-4.50,,,0,-0.80,-0.90,0.90,-1.10,-0.70,
2008-12-14 18:00,1,-0.15,4.25,5,3,-0.20,0.75,1.10,1,4.45,2.86,3.17,0.90,0,2.90,3,2,-0.60,2,0.94,1,1.65,1.13,6,2.70,2,5.12,3.02,1,3,5,2,-1.75,3,3.11,2,3,3,1,0,-1,-2.06,0,4,0.90,-0.45,-2,-1.22,2.32,-1.72,0,-1,-1.47,-0.99,-2.47,-2,-2,-2,-3,-2.31,-1.86,-5,-1.04,-0.30,-2.48,1.44,6.08,4.62,3.80,1.05,4.09,3.78,2.38,3.63,4.78,2.64,2.20,4.20,0.70,1.01,-1,-0.10,-0.63,-1.15,0.98,-0.93,-3,-0.30,0.09,0.52,-2.54,-0.18,0,-0.30,-0.79,-0.17,-1.65,-0.03,-1.14,-0.93,-1.51,-1.38,3.17,0.64,0.46,0.57,0.07,0.10,-0.01,-0.44,-1.12,-4.43,0.74,-2.01,-1.04,-2.33,-2,-1.88,-3.05,,-2.90,-3.78,-3.88,-4.40,-0.61,0.70,0.60,-0.56,0,-0.37,-1.50,5,2,-5,4.10,-1,-1,-1.30,6,-3.40,3.90,1.30,2.10,-0.40,1,0.40,-0.30,0.20,-0.40,-0.80,-1.30,1.70,3.50,1.90,2.30,0.30,0,-0.80,-0.10,-0.30,-1.40,-2.80,3.40,0.40,0.70,-0.40,-0.60,-0.60,-2.10,-3.50,0.70,1,0.80,,0.40,-1.70,-1.70,-2.30,-4.60,1,0.60,0,-0.90,-1,0.80,-1.10,-0.70,-2.50
2008-12-14 18:10,0.90,-0.08,4.06,4.22,2.88,-0.07,0.70,0.90,1.21,4.53,2.86,2.56,0.84,0.08,3.06,3.52,1.72,-1.40,1.20,0.89,1.49,0.92,0.93,,2.56,2.73,5.47,2.54,0.60,2.80,4.57,1.79,-1.71,2.80,3.23,3.10,3.12,3.07,1.18,0.74,-0.70,-2.07,0.47,4.28,0.60,-0.55,-1.50,-1.40,2.58,-1.50,0.09,-0.79,-1.32,-0.90,-2.36,-1.98,-2.68,-2.40,-2.76,-2.51,-1.95,-4.70,-1.14,-0.32,-2.48,1.49,6.05,4.64,3.70,1.09,4.01,3.75,2.12,3.64,4.83,2.60,2,4.47,0.60,0.86,0.51,-0.10,-0.62,-1.21,0.90,-0.95,-0.82,-0.30,0,0.45,-2.47,-0.24,-0.27,-0.40,-0.66,-0.24,-1.55,-0.12,-1.15,-0.96,-1.53,-1.37,3.24,0.63,0.38,0.54,0.01,0.10,-0.03,-0.51,-1.24,-4.45,0.62,-2.02,-1.02,-2.32,-1.80,-1.76,-3.03,,-3,-3.76,-4.10,-4.33,-0.53,0.29,0.50,-0.65,-0.37,-0.47,-1.60,,2.30,,4.50,-1,-1.10,,,,,,,-0.40,0.50,,-0.40,0.20,-0.50,-0.73,,,,,,,,-0.80,-0.10,-0.30,-1.40,-2.80,,,,,-0.60,,-2.10,-3.50,0.80,1,,,,-1.70,,,-4.60,,,-0.10,-0.80,-1,0.80,-1.20,-0.80,
2008-12-14 18:20,0.90,-0.05,3.98,3.88,2.80,-0.03,0.47,1.10,1.70,4.63,2.79,2.55,0.74,0.15,3,3.35,1.55,-0.73,1.10,0.64,1.60,1.32,0.84,,2.60,2.58,5.67,2.35,0.43,2.80,4.83,1.62,-1.69,2.58,3.24,3.08,3.16,3.08,1.29,0.60,-0.60,-2.05,0.54,4.49,0.50,-0.69,-1.50,-1.32,2.65,-1.82,0.32,-0.70,-1.31,-1,-2.35,-1.96,-3.03,-2.50,-2.58,-2.67,-2.15,-4.80,-1.33,-0.38,-2.34,1.86,6.17,4.67,3.70,1.15,3.89,3.72,1.86,3.70,4.89,2.65,2.20,4.30,0.60,1,0.74,-0.10,-0.74,-1.17,0.94,-0.96,-0.85,-0.30,-0.05,0.37,-2.55,-0.27,-0.34,-0.40,-0.61,-0.28,-1.63,-0.15,-1.20,-0.92,-1.56,-1.39,3.13,0.48,0.28,0.55,-0.04,0.10,-0.01,-0.54,-1.35,-4.33,0.65,-1.97,-0.98,-2.38,-1.90,-1.71,-3.05,,-3.10,-3.85,-4.20,-4.28,-0.45,0.31,0.60,-0.86,-0.25,-0.59,-1.60,,2.40,,4.30,-1,-1.20,,,,,,,-0.40,0.60,,-0.40,0.20,-0.50,-0.78,,,,,,,,-0.60,0,-0.30,-1.40,-2.80,,,,,-0.50,,-2,-3.50,0.80,0.90,0.80,,,-1.70,,,-4.50,,,-0.20,-0.90,-1.10,0.70,-1.30,-0.90,
2008-12-14 18:30,0.90,-0.12,4.19,3.55,2.80,-0.15,0.14,1.20,2.09,4.56,2.99,2.90,0.66,0.43,2.96,3.53,1.62,-1.01,0.90,0.76,1.52,1.29,0.48,,2.64,2.43,5.73,2.42,0.39,2.80,4.93,1.60,-1.77,2.66,3.35,3.08,3.16,3.20,1.17,0.61,-0.50,-1.79,0.62,4.46,0.20,-0.75,-1.80,-1.43,2.68,-1.88,0.18,-0.69,-1.40,-1.13,-2.31,-2.03,-3.14,-2.70,-2.52,-2.80,-2.32,-4.90,-1.14,-0.19,-2.38,2,6.09,4.70,3.70,1.19,3.86,3.86,1.29,3.61,4.73,2.53,2.10,4.38,0.50,0.69,0.77,0,-0.77,-1.18,1.07,-1,-0.89,-0.40,-0.05,0.29,-2.70,-0.32,-0.37,-0.50,-0.57,-0.21,-1.60,-0.28,-1.24,-0.96,-1.55,-1.45,3.11,0.67,0.23,0.55,-0.12,0.10,-0.05,-0.54,-1.31,-4.38,0.63,-2.02,-1.09,-2.38,-1.80,-1.69,-3.17,,-3.30,-3.93,-4.44,-4.19,-0.63,0.22,0.40,-1.03,-0.36,-0.61,-1.70,,2.80,,4.20,-1,-1.30,,,,,,,-0.40,0.60,,-0.60,0.10,-0.50,-0.75,,,,,,,,-0.50,0.10,-0.30,-1.40,-2.90,,,,,-0.60,,-2,-3.50,0.70,0.90,0.80,,,-1.70,,,-4.50,,,-0.20,-1.10,-1.20,0.70,-1.30,-0.90,
2008-12-14 18:40,0.90,-0.18,4.43,3.45,2.90,-0.20,0.03,1.20,2.15,4.49,2.95,2.12,0.58,0.62,3.01,3.45,1.76,-0.86,0.90,0.70,1.55,1.33,0.40,,2.55,2.20,5.72,2.45,0.55,2.90,4.94,1.75,-1.80,2.74,3.37,3.37,3.31,3.27,1.14,0.66,-0.60,-1.82,0.59,4.25,-0.20,-0.75,-1.70,-1.41,3.04,-1.94,0.50,-0.73,-1.50,-1.13,-2.49,-2.13,-3.49,-2.90,-2.39,-2.93,-2.48,-5.10,-1.02,0.03,-2.47,2.12,6.15,4.66,3.70,1.33,3.71,3.80,0.92,3.55,4.66,2.49,2,4.21,0.50,0.73,0.71,0.10,-0.64,-1.19,1.09,-1,-0.85,-0.40,-0.01,0.27,-2.66,-0.34,-0.46,-0.50,-0.74,-0.22,-1.53,-0.32,-1.28,-0.94,-1.62,-1.52,3.08,0.77,0.13,0.50,-0.15,0,-0.03,-0.50,-1.28,-4.49,0.63,-2.06,-1.09,-2.42,-1.90,-1.77,-3.19,,-3.40,-3.92,-4.68,-4.49,-0.60,0.15,0.50,-1.04,-0.67,-0.74,-1.80,,3.50,,4.30,-1.30,-1.40,,,,,,,-0.50,0.60,,-0.60,0,-0.50,-0.74,,,,,,,,-0.30,0.10,-0.30,-1.50,-3,,,,,-0.60,,-2.10,-3.40,0.80,0.90,0.80,,,-1.70,,,-4.40,,,-0.20,-1.20,-1.20,0.50,-1.40,-1,
2008-12-14 18:50,0.90,0.07,4.42,3.71,2.70,-0.31,-0.12,1.10,1.85,4.49,3.11,2.19,0.54,1.04,3.05,3.40,1.82,-0.94,0.90,0.38,1.62,1.31,0.57,,2.52,2.03,5.70,2.68,0.65,3.50,5.16,1.45,-1.71,2.74,3.31,3.64,3.23,3.50,1.21,0.60,-0.60,-1.76,0.48,4.48,-0.30,-0.79,-1.60,-1.37,3.25,-1.85,0.42,-0.86,-1.42,-1.16,-2.52,-2.18,-3.74,-3,-2.53,-2.90,-2.68,-5.20,-1.09,-0.12,-2.64,2.01,5.93,4.60,3.60,1.14,3.64,3.82,0.68,3.34,4.66,2.49,2,3.93,0.50,0.68,0.62,0.20,-0.53,-1.14,1.18,-1.10,-0.79,-0.40,-0.03,0.21,-2.62,-0.35,-0.59,-0.50,-0.75,-0.24,-1.58,-0.39,-1.26,-0.95,-1.59,-1.54,2.81,0.78,0.19,0.35,-0.19,0.10,0.04,-0.54,-1.31,-4.45,0.52,-1.94,-0.94,-2.45,-1.90,-1.81,-3.31,,-3.50,-3.98,-4.80,-4.34,-0.59,0.12,0.40,-1.01,-0.59,-0.92,-1.90,,4,,4.40,-1.40,-1.60,,,,,,,-0.50,0.30,,-0.70,-0.20,-0.50,-0.82,,,,,,,,-0.10,0.20,-0.30,-1.50,-3,,,,,-0.60,,-2.10,-3.50,0.80,0.80,0.70,,,-1.80,,,-4.40,,,-0.30,-1.30,-1.20,0.40,-1.50,-1.20,
2008-12-14 19:00,1,0.15,4.35,3.94,2.70,-0.46,-0.10,1.10,1.48,4.59,3.24,2.22,0.48,1.52,3.37,3.46,1.95,-0.79,1,0.33,1.41,1.34,0.86,,2.55,1.88,5.64,2.60,0.57,3.40,5.13,1.22,-1.59,2.90,3.60,3.96,3.20,3.48,1.17,0.36,-1,-1.90,0.42,4.37,-0.30,-0.84,-1.40,-1.41,3.14,-1.85,0.68,-0.75,-1.40,-1.21,-2.40,-2.14,-3.47,-3.10,-2.60,-3.04,-2.75,-5.40,-1.01,-0.25,-2.69,2.02,6.18,4.52,3.50,1.16,3.71,3.63,0.87,3.35,4.62,2.43,2.50,3.37,0.50,0.68,0.46,0.20,-0.76,-1.01,0.99,-1.07,-0.71,-0.40,-0.09,0.20,-2.64,-0.41,-0.58,-0.50,-0.61,-0.23,-1.58,-0.35,-1.34,-0.99,-1.57,-1.58,2.65,0.72,0.16,0.25,-0.19,0,0.01,-0.63,-1.39,-4.66,0.54,-2.01,-1.01,-2.61,-1.90,-1.63,-3.34,,-3.70,-3.96,-4.89,-4.36,-0.50,0.06,0.50,-0.98,-0.67,-1.08,-2,4.60,4.70,-4.90,4.60,-1.50,-1.60,-1.40,5.60,-3.50,3.10,1.50,1.60,-0.60,0.10,0.40,-0.60,-0.20,-0.50,-0.90,-1.30,1.20,2.40,1.50,1.70,0,-0.40,0,0.30,-0.30,-1.50,-3.10,3.20,0.30,0.40,-0.60,-0.60,-0.60,-2.20,-3.50,0.90,0.90,0.60,-0.40,0.30,-1.80,-2.40,-2.50,-4.40,0.70,0.30,-0.40,-1.40,-1.30,0.30,-1.50,-1.30,-3.30
2008-12-14 19:10,1,0.18,4.40,4.70,2.60,-0.46,-0.18,1,1.54,4.79,3.53,1.90,0.49,1.61,3.69,3.44,1.96,-0.58,0.90,0.17,1.33,1.49,0.80,,2.10,1.72,5.91,2.87,0.41,3,4.56,0.98,-1.57,3.14,3.80,4.04,3.73,3.86,1.67,0.44,-1.10,-1.88,0.40,4.59,-0.20,-0.62,-1.50,-1.55,3.10,-2.28,1.22,-0.79,-1.44,-1.13,-2.41,-2.10,-3.69,-3.10,-2.65,-3.07,-2.84,-5.50,-1.19,-0.20,-2.64,1.87,5.97,4.52,3.40,1.19,3.67,3.56,1.09,3.40,4.54,2.35,2.70,2.70,0.50,0.78,0.27,0.20,-0.66,-0.91,0.58,-1.09,-0.57,-0.40,-0.08,0.12,-2.70,-0.43,-0.54,-0.50,-0.76,-0.28,-1.56,-0.47,-1.35,-0.98,-1.61,-1.60,2.63,0.83,-0.06,0.06,-0.21,0,0.17,-0.59,-1.38,-4.67,0.47,-2,-0.93,-2.55,-1.80,-1.67,-3.41,,-3.80,-3.88,-5,-4.33,-0.56,0.01,0.40,-0.96,-0.79,-1.17,-2.10,,4.60,,5,-1.50,-1.70,,,,,,,-0.60,0.20,,-0.60,-0.20,-0.60,-0.80,,,,,,,,0.10,0.30,-0.30,-1.60,-3.10,,,,,-0.60,,-2.20,-3.60,0.80,0.80,0.60,,,-1.80,,,-4.40,,,-0.40,-1.40,-1.50,0.30,-1.60,-1.30,
2008-12-14 19:20,1,0.27,4.57,5.11,2.70,-0.55,-0.24,0.90,1.33,4.84,3.60,1.79,0.60,1.85,3.73,3.41,2.14,-1.04,0.90,0.29,1.36,1.06,0.65,,1.37,1.57,5.76,2.36,0.22,2.70,3.99,0.97,-1.55,3.37,3.95,4.07,4.34,4.05,2.39,0.56,-1.10,-1.88,0.19,4.51,-0.30,-0.58,-1.60,-1.73,3.24,-2.39,1.82,-0.82,-1.49,-1.08,-2.50,-2.17,-3.98,-3.20,-2.88,-3.19,-2.80,-5.60,-1.23,-0.42,-2.56,1.56,6.13,4.48,3.40,1.14,3.64,3.39,1.15,3.47,4.61,2.43,3,2.22,0.50,0.88,0.31,0.10,-0.46,-0.95,0.54,-1.24,-0.69,-0.60,0,0.01,-2.76,-0.59,-0.63,-0.50,-0.69,-0.23,-1.57,-0.52,-1.21,-0.92,-1.72,-1.70,2.51,0.83,-0.06,-0.03,-0.20,0,0.06,-0.58,-1.33,-4.69,0.38,-1.83,-0.82,-2.48,-1.90,-1.68,-3.42,,-4,-3.88,-5.04,-4.41,-0.62,-0.10,0.30,-0.97,-0.90,-1.26,-2.30,,4.40,,4.10,-1.70,-1.80,,,,,,,-0.60,0.40,,-0.60,-0.10,-0.70,-0.77,,,,,,,,0.20,0.20,-0.30,-1.60,-3,,,,,-0.60,,-2.20,-3.60,0.70,1,0.60,,,-1.80,,,-4.50,,,-0.40,-1.50,-1.40,0.30,-1.60,-1.60,
2008-12-14 19:30,1.20,0.37,4.32,5,2.80,-0.37,-0.24,1,1.47,4.57,3.38,1.91,0.68,2.69,3.79,3.51,2.17,-0.76,0.90,0.10,1.14,0.87,0.51,,1.80,1.47,5.74,2.16,-0.08,2.70,3.23,1.16,-1.47,3.37,3.99,4,4.78,4.15,2.46,0.64,-1.20,-1.76,-0.05,4.31,-0.40,-0.64,-2.20,-1.88,3.50,-2.51,2.25,-0.84,-1.50,-1.06,-2.51,-2.39,-3.97,-3.20,-2.86,-3.35,-2.91,-5.80,-1.39,-0.48,-2.54,1.60,6.21,4.43,3.40,1.16,3.72,3.50,1.10,3.54,4.64,2.30,3,2.01,0.60,0.85,0.44,0.10,-0.30,-1.21,0.51,-1.30,-0.75,-0.60,0.03,0.03,-2.74,-0.62,-0.62,-0.50,-0.95,-0.29,-1.59,-0.53,-1.38,-0.86,-1.76,-1.65,2.48,0.77,-0.12,0.03,-0.23,0,-0.08,-0.58,-1.31,-4.67,0.50,-1.66,-0.87,-2.45,-1.80,-1.71,-3.54,,-4.10,-3.89,-4.98,-4.57,-0.65,-0.02,0.30,-1.08,-0.91,-1.53,-2.40,,4.50,,4,-1.70,-1.70,,,,,,,-0.60,0.50,,-0.60,-0.10,-0.70,-0.73,,,,,,,,0.30,0.20,-0.30,-1.60,-3,,,,,-0.60,,-2.30,-3.60,0.70,0.90,0.60,,,-1.80,,,-4.50,,,-0.50,-1.50,-1.50,0.40,-1.70,-1.70,
2008-12-14 19:40,1.30,0.35,4.30,4.80,2.80,-0.27,-0.28,0.90,1.54,4.67,3.11,2.07,0.75,3.45,4.12,3.45,2.25,-0.72,0.80,0.38,1.09,0.87,0.48,,1.58,1.39,5.90,1.97,-0.10,2.70,3.40,1.37,-1.37,3.37,3.97,3.94,5.28,4.13,3.66,0.53,-1.20,-1.89,-0.15,4.44,-0.40,-0.75,-2.40,-1.93,3.70,-2.37,2.25,-0.79,-1.56,-1.15,-2.47,-2.37,-3.94,-3.30,-2.83,-3.58,-2.92,-5.80,-1.62,-0.47,-2.60,1.57,6.15,4.38,3.40,1.15,3.67,3.38,1.11,3.58,4.81,2.30,3.10,1.90,0.70,0.74,0.44,0,-0.33,-1.37,0.53,-1.12,-0.89,-0.70,0,-0.09,-2.69,-0.64,-0.66,-0.50,-0.88,-0.22,-1.62,-0.53,-1.43,-0.92,-1.76,-1.54,2.23,0.66,-0.02,-0.07,-0.21,-0.10,-0.14,-0.56,-1.36,-4.67,0.54,-1.52,-0.89,-2.41,-1.90,-1.79,-3.43,,-4.20,-3.84,-5,-4.61,-0.55,-0.09,0.40,-1.23,-0.91,-1.41,-2.50,,4.50,,4.10,-1.80,-1.70,,,,,,,-0.50,0.60,,-0.60,-0.20,-0.70,-0.73,,,,,,,,0.30,0.10,-0.30,-1.60,-3,,,,,-0.60,,-2.30,-3.60,0.70,0.90,0.70,,,-1.80,,,-4.40,,,-0.60,-1.60,-1.60,0.40,-1.60,-1.80,
2008-12-14 19:50,1.40,0.40,4.10,4.33,2.80,-0.46,-0.33,0.80,1.75,4.91,3.30,2.04,0.72,3.39,4.37,3.35,2.26,-0.66,0.80,-0.01,1.21,0.98,0.55,,1.22,1.29,6.01,1.99,-0.19,2.80,4.37,2.05,-1.34,3.31,4.03,4.09,5.30,4.29,3.94,0.70,-1.30,-2.10,-0.16,4.71,-0.60,-0.76,-2.70,-1.97,3.65,-2.17,2.11,-0.77,-1.61,-1.18,-2.46,-2.42,-4.12,-3.40,-3.07,-3.69,-2.95,-5.90,-1.57,-0.42,-2.69,1.73,6.13,4.34,3.40,1.15,3.67,3.34,0.86,3.58,4.74,2.15,3,1.50,0.80,0.62,0.51,0,-0.28,-1.33,0.50,-1.14,-0.97,-0.70,-0.01,-0.16,-2.75,-0.60,-0.70,-0.60,-0.87,-0.16,-1.64,-0.51,-1.36,-0.90,-1.71,-1.63,2.16,0.50,-0.11,-0.16,-0.17,-0.10,-0.10,-0.58,-1.33,-4.66,0.60,-1.50,-0.79,-2.40,-1.90,-1.77,-3.34,,-4.30,-3.97,-4.90,-4.57,-0.49,-0.09,0.40,-1.29,-1.11,-1.70,-2.60,,4.30,,4.10,-1.90,-1.70,,,,,,,-0.40,0.70,,-0.70,-0.20,-0.70,-0.81,,,,,,,,0.30,0.10,-0.30,-1.60,-3,,,,,-0.60,,-2.30,-3.50,0.70,0.90,0.70,,,-1.80,,,-4.50,,,-0.60,-1.70,-1.50,0.40,-1.70,-1.90,
2008-12-14 20:00,1.50,0.44,3.93,4.05,2.80,-0.57,-0.33,0.80,1.37,5.10,3.94,2.28,0.82,4.32,4.45,3.45,2.21,-0.57,0.50,-0.37,1.16,0.77,0.66,,1.04,1.06,6.08,2.17,-0.34,2.80,4.47,3.90,-1.35,3.35,4.13,4.13,5.29,4.40,4.18,1.11,-1.20,-2.12,-0.27,4.99,-0.70,-0.76,-2.70,-1.93,3.62,-2.25,2.04,-0.88,-1.59,-1.18,-2.55,-2.53,-4.02,-3.40,-3.40,-3.86,-3.08,-5.90,-1.60,-0.23,-2.77,1.93,6.17,4.40,3.40,1.27,3.66,3.36,0.77,3.64,4.68,2.24,2.90,1.37,0.80,0.52,0.69,-0.10,-0.16,-1.34,0.49,-1.21,-0.98,-0.60,-0.05,-0.21,-2.69,-0.58,-0.64,-0.50,-0.75,-0.25,-1.62,-0.48,-1.38,-0.99,-1.67,-1.68,2.03,0.60,-0.18,-0.13,-0.34,-0.10,-0.10,-0.59,-1.39,-4.68,0.87,-1.44,-0.75,-2.32,-1.80,-1.68,-3.34,,-4.30,-4.04,-4.94,-4.35,-0.57,-0.19,0.30,-1.43,-1.10,-1.89,-2.70,4.70,4.30,-5,4.50,-1.90,-1.80,-1.60,5.40,-3.50,4.10,1.40,1.60,-0.30,0.70,0.10,-0.70,-0.30,-0.60,-0.90,,1,1.70,1.20,1.30,-0.30,-0.60,0.30,0,-0.30,-1.60,-3,3.30,0.10,0.20,-0.20,-0.50,-0.70,-2.30,-3.50,0.80,0.80,0.80,-0.50,0.50,-1.80,-3.10,,-4.50,0.60,0.20,-0.70,-1.90,-1.50,0.30,-1.70,-2,-4.10
2008-12-14 20:10,1.80,0.54,4.05,3.81,2.90,-0.55,-0.24,0.80,1.61,5.07,4.31,2.25,0.74,4.20,4.57,3.52,2.24,-0.93,0.30,-0.32,1.16,0.86,0.46,,0.78,1.03,6.09,2.45,-0.33,3.10,4.64,4.85,-1.41,3.43,4.28,4.18,5.26,4.41,4.21,1.28,-1.30,-2.13,-0.20,5.15,-0.90,-0.97,-2.60,-2.11,3.29,-2.63,1.69,-0.98,-1.48,-1.23,-2.58,-2.71,-4.15,-3.40,-3.44,-3.94,-3.14,-6,-1.60,-0.04,-2.84,2.14,6.07,4.40,3.40,1.25,3.67,3.33,0.91,3.77,4.68,2.31,2.70,1.41,0.93,0.60,0.79,-0.10,-0.13,-1.37,0.53,-1.22,-1,-0.60,-0.03,-0.24,-2.75,-0.59,-0.69,-0.60,-0.77,-0.24,-1.57,-0.47,-1.41,-0.99,-1.63,-1.72,1.92,0.63,-0.20,-0.18,-0.31,-0.10,0,-0.57,-1.42,-4.75,1.01,-1.34,-0.69,-2.31,-1.80,-1.65,-3.36,,-4.20,-3.97,-4.90,-4.37,-0.63,-0.14,0.40,-1.31,-1.43,-2.05,-2.90,,4.60,,4.60,-1.70,-1.80,,,,,,,-0.30,0.80,,-0.70,-0.30,-0.70,-0.87,,,,,,,,0.30,-0.10,-0.40,-1.60,-3,,,,,-0.50,,-2.30,-3.50,0.70,0.80,0.80,,,-1.80,,,-4.50,,,-0.70,-1.90,-1.60,0.30,-1.90,-2.10,
2008-12-14 20:20,2,0.63,4.08,3.61,2.80,-0.61,-0.11,0.80,1.87,4.94,4.48,2.28,0.73,4.81,4.58,3.53,2.18,-0.77,0.20,0.60,1.15,0.95,0.58,,0.63,1,6.11,3.17,-0.55,3.30,4.81,4.67,-1.48,3.51,4.15,4.15,5.09,4.31,4.17,1.37,-1.20,-2.06,0.14,5.18,-0.90,-0.96,-2.50,-2.16,3.23,-2.64,1.57,-0.88,-1.67,-1.32,-2.56,-2.53,-4.23,-3.40,-3.64,-3.96,-3.15,-5.80,-1.56,-0.02,-2.44,2.34,6.24,4.35,3.30,1.28,3.67,3.31,1.04,3.81,4.56,2.37,2.50,1.58,0.93,0.66,0.88,-0.20,-0.22,-1.37,0.46,-1.24,-0.99,-0.60,-0.08,-0.27,-2.91,-0.63,-0.81,-0.60,-0.83,-0.33,-1.53,-0.46,-1.47,-0.98,-1.79,-1.72,1.63,0.46,-0.22,-0.17,-0.30,-0.10,-0.03,-0.59,-1.35,-4.81,1.20,-1.28,-0.69,-2.26,-1.70,-1.76,-3.36,,-4.20,-3.84,-5.05,-4.65,-0.67,-0.17,0.20,-1.45,-1.15,-2.09,-3.10,,4.80,,4.40,-1.70,-2,,,,,,,-0.30,0.80,,-0.70,-0.30,-0.80,-0.86,,,,,,,,0.10,-0.10,-0.40,-1.60,-3,,,,,-0.50,,-2.30,-3.50,0.70,0.80,0.90,,,-1.90,,,-4.50,,,-0.70,-1.90,-1.70,0.20,-1.80,-2.20,
2008-12-14 20:30,2.10,0.74,4.10,3.44,2.70,-0.69,-0.08,0.80,2.15,4.87,4.62,2.40,0.90,4.87,4.62,3.68,2.15,-0.65,-0.10,-0.38,1.14,0.82,0.28,,0.53,0.98,6.06,3.60,-0.53,3.60,4.85,5.42,-1.48,3.56,4.10,4.11,5,4.41,3.91,1.43,-1.20,-2.12,0.04,5.21,-1.30,-1.07,-2.50,-2.14,3.07,-2.73,1.50,-0.83,-1.69,-1.49,-2.63,-2.52,-4.38,-3.40,-3.70,-4.01,-3.22,-5.70,-1.64,0.21,-2.51,2.26,6.21,4.34,3.30,1.36,3.59,3.34,1.13,3.79,4.56,2.45,2.30,1.95,0.93,0.84,0.91,-0.20,-0.15,-1.31,0.50,-1.30,-1.01,-0.60,-0.10,-0.36,-2.85,-0.76,-0.67,-0.60,-0.95,-0.36,-1.53,-0.49,-1.51,-0.94,-1.80,-1.76,1.56,0.44,-0.25,-0.09,-0.32,-0.20,-0.16,-0.64,-1.38,-4.78,1.36,-1.34,-0.52,-2.13,-1.70,-1.92,-3.32,,-4.10,-3.94,-5.09,-4.78,-0.72,-0.23,0.10,-1.52,-1.47,-2.14,-3.30,,4.70,,4.50,-1.80,-2.10,,,,,,,-0.30,0.90,,-0.70,-0.30,-0.80,-0.94,,,,,,,,0,-0.20,-0.40,-1.50,-3,,,,,-0.50,,-2.30,-3.50,0.80,0.80,0.90,,,-1.90,,,-4.50,,,-0.70,-2.10,-1.80,0.20,-1.70,-2.40,
2008-12-14 20:40,2,0.72,4.17,3.29,2.60,-0.78,-0.13,0.70,2.31,4.86,4.72,2.31,0.98,4.96,4.66,3.66,2.12,-1.25,-0.50,-0.34,1.28,1.16,-0.04,,0.57,0.90,6.01,3.85,-0.29,3.60,4.64,5.74,-1.43,3.48,4.07,4.05,4.88,4.47,3.91,1.40,-1.20,-2.27,0.12,5.31,-1.20,-1.23,-2.20,-2.10,2.83,-2.77,1.26,-1.01,-1.54,-1.52,-2.57,-2.66,-4.52,-2.80,-3.65,-3.71,-3.45,-5.30,-1.80,0.14,-2.57,2.12,6.34,4.39,3.30,1.38,3.62,3.38,1.10,3.80,4.55,2.43,2.30,2.69,0.68,0.92,1.07,0,0.01,-1.33,0.45,-1.29,-0.97,-0.70,-0.04,-0.38,-2.77,-0.80,-0.75,-0.60,-0.94,-0.22,-1.55,-0.63,-1.55,-0.99,-1.93,-1.71,1.62,0.45,-0.30,-0.01,-0.38,-0.10,-0.11,-0.64,-1.43,-4.79,1.29,-1.27,-0.62,-2.09,-1.70,-1.92,-3.39,,-4.10,-3.94,-5.17,-4.63,-0.75,-0.20,0.10,-1.72,-1.56,-2.25,-3.40,,4.50,,4.90,-1.70,-2.20,,,,,,,-0.40,0.80,,-0.70,-0.40,-0.90,-0.97,,,,,,,,-0.20,-0.20,-0.40,-1.50,-2.90,,,,,-0.50,,-2.30,-3.40,0.70,0.80,0.90,,,-1.90,,,-4.50,,,-0.70,-2.30,-1.70,0.10,-1.70,-2.50,
2008-12-14 20:50,1.80,0.70,4.15,3.09,2.50,-0.96,-0.23,0.70,2.42,4.78,4.79,2.25,0.99,4.63,4.69,3.48,2.03,-1.21,-0.70,-0.23,1.33,1.17,-0.34,,0.44,0.96,6.22,4.32,-0.33,3.80,4.39,6.10,-1.33,3.52,4.13,4.30,4.99,4.47,4.03,1.49,-0.90,-2.26,0.19,5.30,-1.20,-1.37,-2.10,-1.99,2.79,-2.69,1.10,-0.96,-1.66,-1.54,-2.58,-2.72,-4.43,-2.50,-3.79,-3.17,-3.34,-5.10,-1.73,0.19,-2.72,2.08,6.38,4.33,3.40,1.39,3.86,3.18,1.18,3.77,4.46,2.35,2.30,3.56,0.41,0.79,0.98,0.10,0,-1.30,0.43,-1.34,-1.04,-0.70,-0.11,-0.33,-2.80,-0.72,-0.85,-0.60,-0.78,-0.24,-1.68,-0.61,-1.41,-1.09,-2.03,-1.78,1.61,0.39,-0.31,0.05,-0.32,-0.20,-0.02,-0.68,-1.43,-4.77,1.36,-1.36,-0.71,-2.03,-1.70,-1.83,-3.43,,-4,-3.95,-5.04,-4.69,-0.82,-0.20,0,-1.88,-1.62,-2.50,-3.60,,4.70,,4.70,-1.70,-2.10,,,,,,,-0.40,0.80,,-0.70,-0.30,-0.90,-0.94,,,,,,,,-0.20,-0.20,-0.50,-1.50,-3,,,,,-0.50,,-2.40,-3.40,0.70,0.80,0.90,,,-1.90,,,-4.50,,,-0.70,-2.10,-1.70,0,-1.60,-2.70,
2008-12-14 21:00,1.80,0.64,3.90,2.83,2.40,-1.02,-0.18,0.70,2.39,4.72,4.76,2.45,1.01,4.76,4.63,3.33,2.22,-0.76,-1,0.34,1.45,1.03,-0.44,,0.23,1.20,6.18,4.71,-0.61,4.10,3.95,6.20,-1.36,3.63,4.15,4.42,4.76,4.44,3.98,1.38,-0.60,-1.90,0.34,5.10,-0.70,-1.32,-2.10,-1.94,2.98,-2.27,1.27,-0.92,-1.63,-1.57,-2.57,-2.81,-4.48,-2.50,-3.60,-3.17,-3.21,-5,-1.61,0.16,-2.69,1.92,6.31,4.38,3.50,1.50,3.93,3.34,1.27,3.83,4.30,2.18,2.30,4.56,0.30,0.84,0.99,0.20,-0.11,-1.37,0.34,-1.38,-0.98,-0.80,-0.09,-0.36,-2.85,-0.70,-0.83,-0.60,-0.80,-0.28,-1.64,-0.69,-1.43,-1.10,-2.01,-1.78,1.65,0.29,-0.36,0.06,-0.20,-0.20,-0.11,-0.66,-1.45,-4.71,1.34,-1.31,-0.64,-2.06,-1.70,-1.83,-3.44,,-4.10,-3.98,-5.05,-4.60,-0.72,-0.28,-0.20,-1.97,-1.88,-2.57,-3.80,5.70,4.90,-4.90,4.90,-1.60,-2,-1.70,5.30,-3.40,4.20,1.60,1.60,-0.40,0.80,-0.20,-0.80,-0.40,-0.90,-1,,0.90,1.60,0.70,0.80,-0.40,-0.40,-0.10,-0.20,-0.50,-1.60,-3,3.40,0,0,0.20,-0.50,-0.70,-2.40,-3.40,0.60,0.70,0.90,-0.60,0.60,-2,-3.30,-2.60,-4.60,0.70,0.40,-0.70,-2,-1.80,-0.10,-1.50,-2.80,-5.30
2008-12-14 21:10,2,0.53,3.86,2.54,2.30,-0.80,-0.14,0.60,2.21,4.75,4.79,2.35,1.03,4.79,4.57,3.16,1.99,-0.20,-1.20,-0.16,1.39,1.01,-0.73,,0.25,1.03,6.22,4.92,-0.71,4.40,4.02,6.53,-1.34,3.54,4.30,4.55,4.84,4.38,3.93,1.01,-0.80,-1.88,0.41,5.32,-0.70,-1.38,-2.10,-2.08,2.92,-1.39,1.33,-0.99,-1.64,-1.65,-2.63,-2.91,-4.85,-2.70,-3.56,-3.07,-3.33,-4.90,-1.72,0.19,-2.59,2.03,6.34,4.33,3.40,1.48,3.86,3.30,1.49,3.93,4.20,2.13,2.10,5.04,0.18,0.94,0.95,0.20,-0.11,-1.40,0.24,-1.44,-0.95,-0.80,-0.11,-0.49,-2.82,-0.68,-0.88,-0.70,-0.83,-0.33,-1.57,-0.69,-1.61,-1.14,-2.02,-1.73,1.55,0.29,-0.48,0.16,-0.08,-0.20,-0.04,-0.70,-1.51,-4.69,1.24,-1.33,-0.69,-2.18,-1.70,-1.87,-3.37,,-4.10,-3.86,-5.07,-4.49,-0.83,-0.22,-0.40,-2.05,-1.90,-2.53,-3.90,,4.60,,5.20,-1.50,-2.10,,,,,,,-0.40,0.80,,-0.80,-0.60,-0.90,-1.09,,,,,,,,0,-0.20,-0.50,-1.70,-3,,,,,-0.50,,-2.40,-3.40,0.60,0.80,0.90,,,-2,,,-4.60,,,-0.60,-2,-1.80,-0.10,-1.50,-3,
2008-12-14 21:20,2.40,0.18,3.91,2.39,2.30,-1.14,-0.17,0.60,2.23,4.76,4.82,2.25,0.83,4.72,4.56,3.29,2.05,-0.78,-1.40,-0.76,1.33,1.41,-0.95,,0.06,0.99,6.36,4.91,-0.57,4.80,3.99,6.50,-1.33,3.47,4.14,4.59,4.54,4.36,4.04,0.83,-0.60,-1.99,0.32,5.31,-1.10,-1.44,-2.30,-2.13,2.73,-1.10,1.01,-0.93,-1.63,-1.77,-2.76,-2.94,-4.56,-2.40,-3.60,-2.72,-3.44,-4.80,-1.70,0.33,-2.29,2.03,6.25,4.31,3.60,1.39,3.92,3.30,1.59,3.89,4.26,2.15,2,5.26,0.23,0.90,1,0.39,-0.11,-1.62,0.14,-1.28,-1.03,-0.80,-0.24,-0.59,-2.79,-0.72,-0.88,-0.70,-0.87,-0.28,-1.72,-0.61,-1.61,-1.16,-2.15,-1.71,1.69,0.33,-0.50,0.40,-0.04,-0.20,-0.11,-0.71,-1.56,-4.78,1.32,-1.36,-0.69,-2.22,-1.70,-1.89,-3.47,,-4.10,-3.72,-5.05,-4.60,-0.80,-0.26,-0.40,-2.12,-1.72,-2.56,-4,,4.90,,5.30,-1.60,-2.10,,,,,,,-0.30,0.70,,-0.80,-0.80,-0.90,-1.05,,,,,,,,0,-0.10,-0.60,-1.70,-2.90,,,,,-0.50,,-2.40,-3.40,0.60,0.70,1,,,-2,,,-4.60,,,-0.50,-2,-1.80,-0.20,-1.50,-3.20,
2008-12-14 21:30,2.70,-0.01,3.94,2.82,2.30,-1.28,-0.35,0.50,2.13,3.46,4.76,2.40,0.81,4.93,4.45,3.51,2.19,-0.59,-1.50,-0.73,1.28,0.96,-1.15,,0.13,0.90,6.41,4.90,-0.41,4.60,3.62,6.05,-1.39,3.45,4.10,4.44,4.84,4.44,4.13,0.50,-0.50,-1.82,0.28,5.26,-1.40,-1.44,-2.70,-2.08,2.62,-1.67,1.21,-1.09,-1.68,-1.75,-2.68,-2.89,-4.72,-2.30,-3.50,-2.55,-3.58,-4.60,-1.94,0.50,-2.07,2.01,6.29,4.18,3.50,1.36,4.09,3.20,1.57,3.85,4.35,2.04,1.40,5.29,0.12,0.88,0.98,0.39,-0.13,-1.47,0.13,-1.30,-0.95,-0.80,-0.23,-0.44,-2.83,-0.75,-0.84,-0.70,-0.91,-0.43,-1.79,-0.72,-1.64,-1.25,-2.16,-1.72,1.53,0.30,-0.51,0.50,0,-0.20,-0.17,-0.71,-1.54,-4.72,1.27,-1.23,-0.58,-2.22,-1.70,-1.97,-3.50,,-4.10,-3.84,-5.11,-4.76,-0.74,-0.15,-0.40,-2.04,-1.72,-2.45,-4.10,,4.40,,4.80,-1.80,-2,,,,,,,-0.20,0.60,,-0.80,-0.80,-1,-0.99,,,,,,,,0,-0.10,-0.60,-1.70,-2.90,,,,,-0.50,,-2.40,-3.40,0.50,0.70,1,,,-2,,,-4.70,,,-0.50,-2,-1.60,-0.20,-1.50,-3.10,
2008-12-14 21:40,2.70,-0.24,3.80,3.30,2.50,-1.38,-0.44,0.50,1.38,2.43,4.86,2.51,0.88,4.93,4.42,3.26,2.41,-0.76,-1.70,-0.40,1.31,1.24,-1.20,,0,0.77,6.16,4.83,-0.39,5.10,3.40,5.62,-1.44,3.40,4.10,4.54,4.98,4.51,4.04,0.09,-0.70,-1.95,0.24,5.13,-1.60,-1.47,-2.70,-2.09,2.95,-1.14,0.94,-1.11,-1.73,-1.89,-2.61,-2.64,-4.82,-2.20,-3.28,-2.21,-3.60,-4.40,-2,0.46,-2.02,2.16,6.41,4.20,3.50,1.36,4.11,3.40,1.53,3.79,4.36,2.05,1.10,5.16,0.07,1.11,0.97,0.43,-0.18,-1.58,0.11,-1.41,-0.93,-0.80,-0.13,-0.58,-2.85,-0.75,-0.89,-0.80,-1.20,-0.40,-1.87,-0.76,-1.66,-1.23,-2.07,-1.75,1.63,0.18,-0.60,0.53,0.22,-0.30,-0.22,-0.75,-1.69,-4.64,1.20,-1.16,-0.53,-2.20,-1.70,-1.93,-3.52,,-4.10,-3.64,-5.10,-4.86,-0.76,-0.21,-0.40,-2.15,-1.68,-2.47,-4.30,,4.50,,4.70,-2,-2,,,,,,,-0.20,0.60,,-0.90,-0.80,-1,-1.02,,,,,,,,0,0,-0.60,-1.60,-2.90,,,,,-0.50,,-2.40,-3.40,0.50,0.70,1,,,-2,,,-4.80,,,-0.50,-2,-1.50,-0.30,-1.50,-3.20,
2008-12-14 21:50,2.40,-0.33,3.71,3.55,2.50,-1.39,-0.42,0.40,1.42,2.89,4.79,2.50,0.99,5.07,4.37,3.19,2.45,-0.74,-1.80,-1.09,1.32,1,-1.18,,-0.05,0.69,5.92,4.92,-0.37,5.30,2.80,5.36,-1.41,3.49,4.21,4.46,5.11,4.52,4.21,0.07,-0.70,-1.96,0.49,4.91,-1.90,-1.43,-2.60,-2.28,3.06,-1.45,0.95,-1.02,-1.61,-1.87,-2.65,-2.60,-4.72,-2.60,-3.39,-2.09,-3.44,-4.20,-1.65,0.53,-2.03,2.03,6.48,4.21,3.60,1.29,4.11,3.18,1.34,3.79,4.56,2.07,0.90,5.10,-0.18,0.81,0.90,0.45,-0.11,-1.65,0,-1.43,-0.97,-0.80,-0.20,-0.61,-2.97,-0.85,-0.87,-0.80,-1.14,-0.41,-2.03,-0.77,-1.69,-1.36,-2.16,-1.82,1.59,-0.08,-0.48,0.73,0.15,-0.20,-0.16,-0.76,-1.59,-4.65,1.04,-1.11,-0.58,-2.19,-1.70,-1.87,-3.52,,-4.10,-3.76,-4.85,-4.71,-0.70,-0.27,-0.40,-2.11,-1.87,-2.47,-4.60,,4.50,,5,-1.90,-2.10,,,,,,,-0.10,0.40,,-0.90,-0.90,-1,-1.07,,,,,,,,0,0,-0.60,-1.60,-2.90,,,,,-0.50,,-2.40,-3.30,0.50,0.60,1,,,-2,,,-4.70,,,-0.40,-2,-1.40,-0.20,-1.50,-3.10,
2008-12-14 22:00,2.90,-0.48,3.74,3.25,2.50,-1.46,-0.45,0.40,2.05,4.26,4.54,2.54,1.08,5.12,4.44,3.26,2.33,-1.08,-1.90,-0.65,1.38,1.20,-1.04,,0.04,0.64,5.79,4.97,-0.52,5.40,2.92,4.92,-1.42,3.46,4.34,4.41,5.25,4.58,4.18,-0.33,-0.40,-1.87,0.60,4.63,-1.70,-1.38,-2.80,-2.35,2.55,-2.79,0.99,-1.01,-1.76,-1.80,-2.71,-2.64,-4.69,-2.90,-3.32,-1.96,-3.33,-4,-1.61,0.72,-1.97,2.22,6.27,4.26,3.70,1.36,4.03,3.44,1.35,3.83,4.47,1.87,0.70,5.04,-0.25,0.94,0.88,0.52,-0.06,-1.70,-0.14,-1.47,-0.94,-0.80,-0.26,-0.53,-3.11,-0.93,-0.83,-0.70,-1.06,-0.43,-1.88,-0.82,-1.69,-1.44,-2.19,-1.84,1.46,-0.23,-0.38,0.72,0.09,-0.20,-0.16,-0.75,-1.49,-4.56,1.17,-1.07,-0.59,-2.25,-1.70,-1.92,-3.48,,-4.20,-3.66,-4.86,-4.92,-0.54,-0.29,-0.40,-2.05,-1.61,-2.58,-4.70,5.30,4.60,-4.80,5,-1.80,-2.20,,5.30,-3.30,4.10,1.90,1,-0.10,0.20,-0.80,-0.90,-0.90,-1,-1.20,,0.90,1.20,0.40,0,-0.20,0,0,0,-0.60,-1.70,-2.90,3.30,-0.30,0,0.30,-0.50,-0.70,-2.40,-3.30,0.50,0.60,0.90,-0.60,0.50,-2.10,-3.60,,-4.70,0.80,0.50,-0.40,-1.90,-1.30,-0.30,-1.40,-3.10,-5
2008-12-14 22:10,3.30,-0.54,4.12,2.83,2.29,-1.47,-0.46,0.30,2.04,4.74,4.55,2.43,1.15,5.23,4.35,3.33,2.02,-0.82,-2.20,-0.87,1.36,1.54,-1.03,,0.11,0.52,5.64,4.99,-0.71,5.40,2.98,4.29,-1.40,3.41,4.38,4.43,5.20,4.60,4.29,-0.06,-0.30,-1.88,0.52,4.53,-1.20,-1.54,-2.80,-2.39,2.64,-2.81,1.48,-1.07,-1.74,-1.75,-2.70,-2.52,-4.48,-3,-3.28,-1.95,-3.26,-3.70,-1.80,0.66,-1.89,2.58,6.22,4.33,3.50,1.41,4.05,3.23,1.43,3.78,4.45,1.97,0.80,5.20,-0.30,1.07,0.89,0.40,-0.18,-1.83,-0.27,-1.52,-0.94,-0.80,-0.24,-0.53,-3.16,-0.93,-1.03,-0.80,-1.10,-0.40,-1.90,-0.73,-1.68,-1.46,-2.21,-1.78,1.20,-0.27,-0.40,0.66,0.10,-0.30,-0.27,-0.84,-1.58,-4.59,1.04,-1.10,-0.64,-2.26,-1.80,-2.02,-3.46,,-4.30,-3.79,-4.89,-4.60,-0.65,-0.45,-0.30,-2.03,-1.53,-2.61,-4.80,,4.40,,5.50,-1.80,-2.10,,,,,,,-0.10,0.30,,-0.90,-0.80,-0.90,-1.16,,,,,,,,0,0,-0.60,-1.70,-2.90,,,,,-0.50,,-2.40,-3.30,0.40,0.60,0.90,,,-2.10,,,-4.70,,,-0.30,-2,-1.20,-0.30,-1.50,-3,
2008-12-14 22:20,4.10,-0.28,4.40,2.62,2.30,-1.52,-0.44,0.20,1.63,3.99,4.58,2.20,1.31,5.12,4.31,3.22,2.16,-0.72,-2.40,-1.32,1.40,1.52,-0.55,,0.20,0.34,5.96,5.11,-0.86,5.60,2.56,4.08,-1.41,3.50,4.22,4.30,5.20,4.71,4.04,-0.05,-0.30,-1.96,0.36,4.39,-2,-1.40,-2.80,-2.48,2.70,-2.84,2.05,-1.11,-1.84,-1.72,-2.72,-2.35,-4.47,-2.90,-3.07,-2.05,-3.17,-3.60,-1.65,0.63,-1.87,2.76,6.10,4.33,3.50,1.33,4.38,3.18,1.28,3.68,4.42,1.98,1.30,5.20,-0.20,1.27,0.71,0.40,-0.14,-1.86,-0.22,-1.54,-1,-0.80,-0.29,-0.54,-3.08,-0.84,-0.86,-0.80,-1.16,-0.35,-2,-0.79,-1.72,-1.45,-2.25,-1.76,1.21,-0.19,-0.41,0.84,0.21,-0.30,-0.28,-0.86,-1.61,-4.46,0.98,-1.07,-0.59,-2.24,-1.80,-2.05,-3.48,,-4.60,-3.88,-4.92,-4.66,-0.61,-0.54,-0.30,-1.96,-1.52,-2.68,-4.90,,4.80,,5.80,-1.60,-1.80,,,,,,,0,0,,-1,-0.80,-1,-1.16,,,,,,,,0,0.10,-0.60,-1.70,-2.90,,,,,-0.50,,-2.40,-3.20,0.50,0.70,0.90,,,-2.10,,,-4.70,,,-0.30,-1.80,-1.10,-0.40,-1.50,-3.10,
2008-12-14 22:30,4.30,0.03,4.76,2.73,2.20,-1.65,-0.55,0.20,1.29,1.83,4,2.48,1.37,5.30,4.43,3.41,2.21,-0.33,-2.50,-1.42,1.57,1.41,-1.07,,0.13,0.14,6.28,5.11,-0.88,5.40,2.39,4.37,-1.45,3.61,4.30,4.03,5.16,4.69,3.07,-0.19,-0.20,-1.61,0.28,4.31,-2.30,-1.47,-2.60,-2.57,2.67,-2.81,2.60,-0.95,-1.96,-1.79,-2.73,-2.39,-4.54,-2.80,-2.95,-2.05,-3.11,-3.50,-1.72,0.81,-1.86,3.04,6.03,4.35,3.60,1.27,4.22,3.16,1.40,3.73,4.38,1.94,1.60,5.25,0.10,1.21,0.57,0.40,-0.15,-1.89,-0.17,-1.57,-1.05,-0.80,-0.32,-0.57,-3.01,-0.77,-0.78,-0.80,-1.18,-0.35,-2.04,-0.69,-1.63,-1.47,-2.29,-1.74,1.22,-0.16,-0.41,0.98,0.38,-0.30,-0.22,-0.75,-1.65,-4.43,1.02,-1.06,-0.51,-2.19,-1.70,-2.07,-3.50,,-4.70,-3.85,-4.87,-4.79,-0.70,-0.52,-0.30,-1.88,-1.84,-2.69,-5,,4.70,,5.30,-1.50,-1.50,,,,,,,-0.10,0.10,,-1,-0.90,-1.10,-1.13,,,,,,,,0,0.10,-0.70,-1.70,-2.90,,,,,-0.50,,-2.40,-3.20,0.50,0.60,0.90,,,-2.20,,,-4.60,,,-0.20,-1.70,-1,-0.40,-1.50,-3.20,
2008-12-14 22:40,4.30,-0.08,4.77,3.92,2.20,-1.58,-0.75,0.10,0.95,0.76,2.35,2.49,1.40,5.65,4.40,3.51,2.44,-0.60,-2.60,-1.38,1.60,1.46,-0.94,,0.15,-0.01,5.90,5.03,-0.77,5.30,2.39,4.06,-1.38,3.59,4.37,4.18,5.01,4.65,2.33,0.01,0,-1.45,0.57,4.55,-2.40,-1.48,-2.40,-2.65,2.40,-2.57,2.92,-1.09,-1.99,-1.70,-2.67,-2.34,-4.56,-2.60,-3,-2.04,-3.03,-3.40,-1.73,0.77,-1.81,2.96,6.14,4.29,3.80,1.44,4.40,3.28,1.31,3.71,4.39,1.91,1.80,5.21,0,1.19,0.44,0.40,-0.08,-1.85,-0.17,-1.53,-1.09,-0.80,-0.26,-0.71,-3.06,-0.84,-0.86,-0.80,-1.20,-0.44,-2.02,-0.77,-1.68,-1.42,-2.33,-1.88,1.21,-0.34,-0.41,0.93,0.45,-0.30,-0.33,-0.83,-1.70,-4.43,1.08,-1.19,-0.56,-2.18,-1.80,-2.03,-3.58,,-4.60,-3.74,-4.89,-4.76,-0.65,-0.58,-0.20,-1.81,-1.76,-2.70,-5.10,,4.70,,5.60,-1.40,-1.60,,,,,,,-0.10,-0.10,,-1,-0.90,-1,-1.19,,,,,,,,0,0,-0.70,-1.70,-2.90,,,,,-0.50,,-2.40,-3.20,0.50,0.70,1,,,-2.10,,,-4.50,,,-0.10,-1.50,-1,-0.40,-1.50,-3.20,
2008-12-14 22:50,4.20,-0.33,4.84,4.42,2.30,-1.60,-0.87,0.10,1.06,0.40,2.90,2.37,1.31,5.31,4.56,3.62,2.37,-0.36,-2.70,-1.18,1.69,0.96,-1.31,,-0.15,-0.13,5.48,4.99,-0.52,5.20,2.08,4.13,-1.49,3.66,4.60,4.38,5,4.89,2.60,0.26,0.60,-1.10,1.10,4.34,-2.10,-1.43,-2.40,-2.62,2.76,-2.42,3.13,-1.10,-1.96,-1.60,-2.63,-2.24,-4.43,-2.70,-3.06,-2.10,-3.12,-3.30,-1.75,0.75,-1.64,2.56,6.24,4.37,3.90,1.64,4.32,3.19,1.31,3.77,4.44,2.10,2,5.07,0,1.23,0.17,0.50,-0.12,-1.92,-0.20,-1.64,-1.16,-0.80,-0.24,-0.79,-3.20,-0.82,-0.91,-0.90,-1.12,-0.41,-1.97,-0.79,-1.83,-1.38,-2.30,-1.84,1.13,-0.34,-0.46,0.96,0.50,-0.30,-0.20,-0.88,-1.67,-4.44,1.05,-1.10,-0.53,-2.22,-1.80,-1.97,-3.66,,-4.50,-3.74,-4.79,-4.77,-0.79,-0.62,-0.10,-1.76,-1.71,-2.85,-5.20,,4.80,,3.70,-1.30,-1.60,,,,,,,-0.20,-0.20,,-1,-0.70,-1,-1.15,,,,,,,,0,0.10,-0.70,-1.70,-2.90,,,,,-0.60,,-2.50,-3.20,0.50,0.70,1,,,-2.10,,,-4.50,,,-0.10,-1.40,-0.90,-0.40,-1.50,-3.10,
2008-12-14 23:00,3.70,-0.51,5,4.56,2.40,-1.59,-0.88,-0.10,1.85,0.20,3.93,2.25,1.71,4.97,4.59,3.61,2.25,-0.25,-2.90,-0.45,1.93,1.58,-1.45,,-0.17,-0.09,5.44,4.85,-0.42,4.50,2,4.13,-1.41,3.66,4.77,4.47,4.95,4.87,3.37,-0.04,0.90,-0.73,1.20,3.44,-1.80,-1.55,-2.40,-2.47,3.09,-2.36,2.88,-1.04,-1.98,-1.45,-2.72,-2.17,-4.32,-2.60,-3.15,-1.59,-3.01,-3.30,-1.90,0.72,-0.89,2.52,6.20,4.48,3.90,1.60,4.40,3.15,1.30,3.61,4.35,2.06,2,5.24,0.08,1.33,0.02,0.50,-0.28,-1.88,-0.15,-1.66,-1.23,-0.80,-0.34,-0.78,-3.17,-0.83,-0.92,-0.90,-1.14,-0.50,-2.05,-0.78,-1.69,-1.38,-2.35,-1.91,1.08,-0.12,-0.47,1.08,0.56,-0.30,-0.29,-0.86,-1.73,-4.50,1.06,-1.16,-0.52,-2.27,-1.80,-1.97,-3.80,,-4.50,-3.99,-4.90,-4.73,-0.75,-0.69,-0.20,-1.71,-1.71,-2.68,-5.10,4.90,5.10,-4.50,4.30,-1.30,-1.50,-1.80,5.40,-3.20,4.70,0.80,1.10,-0.30,-0.30,-0.70,-1,-0.70,-1.10,-1.20,-2,0.30,1.30,0.20,-0.60,0,0.10,0,0.10,-0.70,-1.70,-2.80,2.30,-0.10,-0.10,0.20,-0.60,-0.80,-2.50,-3.20,0.40,0.90,0.90,-0.70,0.50,-2.10,-3.60,-2.70,-4.50,0.80,0.50,-0.10,-1.30,-0.90,-0.40,-1.60,-3.10,-5
2008-12-14 23:10,3,-0.81,5.02,4.50,2.30,-1.68,-1.01,-0.20,1.03,-0.21,4.10,2.16,1.73,4.92,4.74,3.74,1.31,-0.07,-2.90,-0.71,1.85,2.23,-1.55,,-0.28,-0.18,5.46,4.34,-0.39,4.30,1.89,4.26,-1.36,3.71,4.76,4.55,4.94,4.90,2.61,-0.15,1.20,-0.48,1.12,2.95,-1.60,-1.54,-2.50,-2.54,3.08,-2.34,2.74,-0.98,-2.02,-1.44,-2.70,-2.01,-4.21,-2.50,-3.46,-1.11,-3.14,-3.20,-1.92,0.77,-0.53,2.57,6.26,4.46,3.90,1.60,4.55,3.28,1.25,3.51,4.38,2.25,1.90,5.33,0.30,1.49,-0.04,0.57,-0.06,-1.95,-0.22,-1.61,-1.18,-0.80,-0.22,-0.85,-3.08,-0.93,-0.94,-0.90,-1.34,-0.44,-2.07,-0.76,-1.78,-1.41,-2.41,-1.91,0.99,-0.08,-0.26,1.04,0.57,-0.30,-0.33,-0.91,-1.71,-4.42,1,-1.18,-0.54,-2.27,-1.80,-2.02,-3.91,,-4.50,-3.94,-4.86,-4.79,-0.82,-0.60,-0.20,-1.72,-1.72,-2.86,-5.10,,4.80,,5.50,-1.40,-1.60,,,,,,,-0.30,-0.40,,-1,-0.70,-1.10,-1.16,,,,,,,,0,0.10,-0.70,-1.70,-2.90,,,,,-0.60,,-2.40,-3.10,0.40,0.90,0.90,,,-2.20,,,-4.50,,,0.10,-1.20,-0.90,-0.40,-1.60,-3.10,
2008-12-14 23:20,2.50,-0.78,5.07,4.06,2.30,-1.52,-1.15,-0.30,0.82,-0.45,3.75,2.07,1.78,4.65,4.76,3.90,1.41,-0.01,-3,-0.78,1.97,1.91,-1.56,,-0.16,-0.21,5.25,3.87,-0.45,4,2.03,4.20,-1.39,3.89,4.74,4.79,5.11,5.27,2.34,-0.37,1.20,-0.35,1.12,2.21,-1.70,-1.50,-2.40,-2.46,3.09,-2.44,2.56,-1.08,-1.96,-1.41,-2.77,-2.01,-4.06,-2.40,-3.39,-0.96,-3.27,-3.10,-2.02,0.66,-0.49,2.43,6.43,4.47,3.90,1.59,4.39,3.29,1.23,3.60,4.17,2.27,2,5.42,0.30,1.41,-0.09,0.52,-0.09,-1.96,-0.31,-1.68,-1.28,-0.80,-0.28,-0.93,-3.13,-0.90,-0.97,-0.90,-1.17,-0.50,-2.07,-0.85,-1.79,-1.48,-2.47,-1.88,1.07,-0.06,-0.24,1.02,0.68,-0.30,-0.28,-0.90,-1.72,-4.46,1.05,-1.21,-0.51,-2.24,-1.80,-2.07,-3.86,,-4.50,-3.84,-4.93,-4.75,-0.78,-0.57,-0.20,-1.65,-1.76,-2.63,-5.10,,5.40,,5.60,-1.40,-1.60,,,,,,,-0.40,-0.30,,-1,-0.70,-1.10,-1.09,,,,,,,,0,0.10,-0.70,-1.80,-2.80,,,,,-0.60,,-2.40,-3.10,0.20,1,1,,,-2.20,,,-4.50,,,0.10,-1.20,-0.80,-0.40,-1.60,-3.10,
2008-12-14 23:30,2.20,-0.95,5.09,3.94,2.50,-1.65,-1.20,-0.30,0.88,-0.64,4.27,1.68,1.97,3.43,4.94,3.78,1.84,-0.44,-2.90,-0.52,1.98,1.46,-1.50,,-0.22,-0.18,5.36,3.43,-0.62,3.70,2.26,4.10,-1.30,3.95,4.90,4.93,5.21,5.06,2.44,-0.98,0.80,-1.14,0.71,1.87,-1.60,-1.52,-2.60,-2.36,3.10,-2.36,2.57,-1.09,-1.92,-1.24,-2.76,-2.03,-4,-2.50,-3.52,-0.88,-3.29,-3.10,-2,0.60,-0.35,2.29,6.51,4.50,3.70,1.43,4.35,3.20,1.24,3.66,4.48,2.34,1.80,5.39,0.30,1.21,-0.11,0.45,-0.13,-2.04,-0.33,-1.61,-1.27,-0.90,-0.14,-0.86,-3.19,-0.94,-1.01,-0.90,-1.30,-0.51,-2.07,-0.85,-1.84,-1.55,-2.44,-1.85,0.98,0.18,-0.23,0.94,0.67,-0.30,-0.35,-0.86,-1.79,-4.55,1.05,-1.22,-0.60,-2.29,-1.80,-2.19,-3.82,,-4.50,-3.70,-4.98,-4.58,-0.68,-0.58,-0.20,-1.75,-1.69,-2.62,-5.10,,5.30,,3.40,-1.60,-1.50,,,,,,,-0.40,-0.40,,-1,-0.70,-1.10,-1.21,,,,,,,,0,0.10,-0.70,-1.80,-2.80,,,,,-0.60,,-2.50,-3.10,0.20,1,1,,,-2.20,,,-4.50,,,0.10,-1.10,-0.80,-0.30,-1.60,-3.10,
2008-12-14 23:40,1.60,-1.07,4.94,3.56,3,-1.65,-1.28,-0.30,2.11,-0.77,4.80,1.99,1.61,2.84,5.07,3.94,2.26,-0.14,-2.90,-0.39,1.97,2.10,-1.30,,-0.53,-0.35,4.93,3.18,-0.70,3.60,1.87,3.81,-1.18,4.13,5.14,5.04,5.26,4.84,1.98,-1.09,0.30,-1.40,0.54,1.63,-1.70,-1.52,-2.40,-2.43,3.05,-2.17,2.32,-1.09,-1.93,-1.22,-2.66,-1.90,-4.07,-2.70,-3.37,-0.92,-3.33,-3,-1.96,0.53,0.06,2.28,6.42,4.46,3.50,1.42,4.41,3.25,0.99,3.67,4.39,2.32,2.20,5.33,0.40,0.98,-0.07,0.27,-0.15,-1.96,-0.34,-1.65,-1.18,-0.90,-0.30,-0.88,-3.12,-1.01,-1.03,-0.80,-1.15,-0.50,-2.20,-0.83,-1.85,-1.60,-2.39,-1.87,0.97,0.22,-0.19,0.92,0.79,-0.40,-0.35,-0.86,-1.74,-4.44,0.94,-1.22,-0.47,-2.37,-1.80,-2.23,-3.83,,-4.50,-3.79,-4.89,-4.51,-0.65,-0.43,-0.10,-1.81,-1.84,-2.59,-5.10,,5.40,,3,-1.70,-1.50,,,,,,,-0.50,-0.50,,-1,-1,-1.10,-1.24,,,,,,,,0.10,0.10,-0.70,-1.80,-2.80,,,,,-0.60,,-2.50,-3.10,0.10,1.20,1,,,-2.20,,,-4.40,,,0.10,-1.10,-0.80,-0.30,-1.60,-3,
2008-12-14 23:50,1.40,-1.18,4.90,2.95,3,-1.87,-1.42,-0.30,1.98,-0.78,4.86,0.80,1.77,2.41,5.11,3.86,2.02,-0.02,-2.90,0.15,2.03,2.52,-0.95,,-0.61,-0.41,4.12,2.93,-0.78,3.30,2.68,3.63,-1.19,3.98,5.25,5.12,5.17,4.90,1.94,-0.84,0.30,-1.31,0.46,1.36,-1.80,-1.57,-2.40,-2.29,3.05,-2.69,1.53,-1.24,-1.91,-1.27,-2.70,-1.79,-4.03,-3.10,-3.17,-1.02,-3.37,-2.90,-2.15,0.53,0.14,2.43,6.38,4.38,3.50,1.38,4.28,3.30,0.95,3.68,4.36,2.40,2.10,5.39,0.40,1.10,-0.07,0.04,-0.15,-1.90,-0.36,-1.72,-1.19,-0.80,-0.26,-0.90,-3.15,-1.04,-1.10,-0.90,-1.21,-0.52,-2.20,-0.89,-1.79,-1.57,-2.39,-1.95,0.96,0.07,-0.14,0.83,0.77,-0.40,-0.36,-0.91,-1.70,-4.47,1.04,-1.28,-0.47,-2.34,-1.80,-2.12,-3.87,,-4.40,-3.93,-4.99,-4.78,-0.73,-0.49,-0.30,-1.86,-1.68,-2.65,-5.10,,5.50,,3.90,-1.70,-1.60,,,,,,,-0.50,-0.60,,-0.90,-1.10,-1.10,-1.32,,,,,,,,0.10,0,-0.70,-1.90,-2.70,,,,,-0.60,,-2.50,-3,0,1.10,1,,,-2.30,,,-4.40,,,0.10,-0.90,-0.80,-0.30,-1.70,-3.10,
2008-12-15 00:00,1,-1.23,5.03,2.42,3.10,-1.82,-1.43,-0.30,2.48,-0.92,4.28,0.68,1.72,2.38,5.12,3.85,1.56,-0.39,-3,0.30,2.14,2.55,-1.19,,-0.66,-0.49,2.48,2.76,-0.80,3.20,2.44,3.36,-1.17,4.01,5.30,5.09,5.10,5.33,1.50,-0.98,0.30,-1.43,0.42,1.54,-1.60,-1.57,-2.50,-2.36,2.86,-2.58,1.37,-1.34,-1.93,-1.13,-2.66,-1.79,-3.93,-2.80,-3.15,-1.24,-3.52,-2.80,-2.20,0.59,0.24,2.27,6.41,4.40,3.50,1.35,4.22,3.10,1.16,3.67,4.37,2.40,1.80,5.41,0.40,0.98,-0.15,-0.11,-0.29,-1.80,-0.40,-1.76,-1.27,-0.80,-0.28,-0.79,-3.02,-1,-1.04,-0.90,-1.34,-0.61,-2.17,-0.96,-1.88,-1.59,-2.35,-1.90,0.82,-0.21,-0.13,0.84,0.87,-0.40,-0.42,-0.88,-1.79,-4.53,1.03,-1.13,-0.53,-2.40,-1.80,-2.08,-3.86,,-4.40,-3.87,-5.07,-4.70,-0.80,-0.43,-0.10,-1.92,-1.91,-2.76,-5,4,5.20,-4.70,4.60,-1.70,-1.60,-1.90,5.50,-3.30,4.60,0.70,1.10,-0.50,-0.60,-1,-0.90,-1,-1.10,-1.40,,-0.20,1.20,0.10,0,0.40,0.20,0.10,0,-0.70,-1.90,-2.70,1.40,-0.10,0.10,0.20,-0.60,-0.80,-2.50,-3,-0.10,1.10,1,-0.60,0.40,-2.30,-3.60,-2.80,-4.40,0.80,0.40,0.10,-0.90,-0.70,-0.30,-1.70,-3.10,-5.20
2008-12-15 00:10,0.70,-1.04,4.87,1.95,3.40,-1.76,-1.37,-0.30,2.06,-0.99,4.85,0.63,1.52,1.98,5.23,3.82,1.69,-0.09,-3,-0.03,2.17,2.44,-1.37,,-0.57,-0.54,1.35,2.53,-0.58,3.20,1.94,3.99,-1.11,3.98,5.34,5.14,5.03,5.04,1.96,-1.07,0.10,-1.52,0.53,1.61,-1.40,-1.52,-2.60,-2.23,2.73,-2.54,1.18,-1.35,-1.95,-1.15,-2.57,-1.76,-4.11,-2.40,-3,-1.33,-3.65,-2.80,-2.23,0.51,-0.26,2.24,6.34,4.46,3.50,1.28,4.30,3.08,1.41,3.64,4.37,2.41,1.90,5.55,0.50,0.84,-0.23,-0.40,-0.38,-1.74,-0.39,-1.69,-1.21,-0.90,-0.37,-0.81,-3.12,-1.03,-1.14,-1,-1.45,-0.58,-2.20,-0.94,-1.92,-1.69,-2.38,-1.92,0.69,-0.17,0,0.84,0.75,-0.40,-0.52,-0.81,-1.77,-4.51,1.08,-1.25,-0.62,-2.35,-1.90,-2.14,-3.83,,-4.40,-3.69,-5.08,-4.48,-0.69,-0.37,-0.10,-1.98,-1.70,-2.87,-4.90,,5,,3.90,-1.80,-1.70,,,,,,,-0.50,-0.50,,-0.90,-1,-1.20,-1.33,,,,,,,,0,0,-0.70,-2,-2.70,,,,,-0.60,,-2.40,-3,-0.10,1.10,1,,,-2.30,,,-4.30,,,0.20,-0.80,-0.70,-0.30,-1.70,-3.10,
2008-12-15 00:20,0.60,-1.10,4.95,1.74,3.40,-1.95,-1.45,-0.40,1.83,-1.01,5.19,0.44,1.61,1.99,5.08,3.95,1.95,-0.06,-3,-0.18,2.28,2.43,-1.63,,-0.43,-0.71,0.99,2.64,-0.67,3.30,2.19,3.75,-1.19,4.19,5.30,5.16,4.95,5.15,2.51,-0.87,0.40,-1.37,0.58,1.83,-1.40,-1.50,-2.40,-2.10,2.84,-2.69,1.09,-1.26,-1.89,-1.26,-2.55,-1.80,-3.97,-2.60,-2.97,-1.24,-3.80,-2.80,-2.02,0.45,-0.61,2.05,6.28,4.49,3.40,1.30,4.35,3.11,1.84,3.65,4.60,2.44,2.70,5.51,0.50,0.83,-0.38,-0.40,-0.38,-1.77,-0.39,-1.65,-1.11,-0.90,-0.37,-0.85,-3.05,-1.07,-1.06,-1,-1.33,-0.54,-2.21,-0.89,-1.81,-1.73,-2.38,-1.95,0.74,-0.17,0.01,0.81,0.69,-0.40,-0.45,-0.80,-1.69,-4.41,1.25,-1.15,-0.67,-2.42,-1.90,-2.22,-3.73,,-4.40,-3.70,-5.05,-4.61,-0.87,-0.43,-0.30,-1.80,-1.69,-2.86,-4.90,,5.10,,4.30,-1.80,-1.70,,,,,,,-0.50,-0.50,,-1,-0.90,-1.20,-1.31,,,,,,,,0,0,-0.70,-2,-2.60,,,,,-0.60,,-2.40,-3,-0.10,1.20,1,,,-2.40,,,-4.30,,,0.20,-0.80,-0.60,-0.30,-1.70,-3.10,
2008-12-15 00:30,0.40,-1.02,4.87,1.58,3.60,-2,-1.48,-0.50,1.97,-0.94,4.14,0.87,1.95,2.25,5.04,4.05,2,-0.37,-3.10,0.84,2.69,2.51,-1.65,,-0.48,-0.80,0.65,2.36,-0.85,3.50,1.99,3.63,-1.14,3.22,5.34,5.33,5.20,5.44,2.03,-1.07,0.40,-1.26,0.74,2.39,-1.40,-1.57,-2.30,-2.07,2.71,-2.80,0.77,-1.36,-1.96,-1.26,-2.59,-1.89,-4.05,-2.80,-3.02,-1.09,-3.73,-2.70,-2.12,0.35,-0.83,1.98,6.31,4.48,3.50,1.33,4.43,3.17,1.87,3.66,4.76,2.33,3.20,5.52,0.60,0.98,-0.27,-0.40,-0.31,-1.97,-0.33,-1.71,-1.15,-0.90,-0.37,-0.99,-3.17,-1.09,-1.18,-0.90,-1.18,-0.61,-2.15,-0.96,-1.86,-1.72,-2.43,-1.95,0.79,-0.18,0.13,0.70,0.68,-0.40,-0.41,-0.92,-1.68,-4.45,1.32,-1.24,-0.70,-2.38,-1.90,-2.14,-3.73,,-4.30,-3.78,-5.03,-4.45,-0.65,-0.49,-0.30,-1.73,-1.72,-2.92,-4.90,,5.40,,2.80,-2,-1.80,,,,,,,-0.60,-0.70,,-1.10,-1,-1.20,-1.31,,,,,,,,0,0,-0.80,-2,-2.60,,,,,-0.60,,-2.40,-3,-0.20,1.20,1,,,-2.30,,,-4.40,,,0.20,-0.70,-0.60,-0.40,-1.80,-3,
2008-12-15 00:40,0.30,-0.82,5.04,1.45,3.60,-1.90,-1.39,-0.60,2.10,-1.08,3.19,0.96,2.06,3.27,4.89,3.97,1.92,0,-3.10,0.73,2.76,2.10,-1.72,,-0.64,-0.92,0.59,2.23,-0.67,3.30,2.45,3.10,-1.10,1.93,5.10,5.25,5.24,5.52,1.61,-1.37,0.50,-1.11,0.93,2.82,-1.70,-1.59,-2.10,-2.13,2.72,-2.77,0.44,-1.24,-1.84,-1.33,-2.62,-1.88,-4.03,-3,-2.92,-1.07,-3.67,-2.70,-2.16,0.38,-0.90,2.05,6.13,4.45,3.70,1.43,4.48,2.99,1.78,3.67,4.79,2.23,3.20,5.55,0.60,1.10,-0.19,-0.40,-0.21,-1.89,-0.37,-1.73,-1.13,-0.90,-0.37,-1,-3.12,-1.03,-1.27,-0.90,-1.24,-0.55,-2.20,-0.98,-1.97,-1.73,-2.36,-1.87,0.62,-0.19,0.08,0.61,0.65,-0.40,-0.38,-0.87,-1.66,-4.36,1.44,-1.16,-0.67,-2.45,-1.90,-2.17,-3.75,,-4.30,-3.82,-4.97,-4.38,-0.84,-0.46,-0.30,-1.72,-1.93,-3,-4.90,,5.40,,3.80,-2,-1.80,,,,,,,-0.60,-0.70,,-1.10,-0.90,-1.30,-1.33,,,,,,,,0,-0.10,-0.80,-2,-2.60,,,,,-0.60,,-2.40,-3,-0.10,1.30,1,,,-2.30,,,-4.40,,,0.20,-0.60,-0.60,-0.40,-1.70,-3,
2008-12-15 00:50,0.20,-0.83,5.02,1.25,3.60,-1.75,-1.45,-0.60,2.22,-1.07,4.07,1.13,2.25,3.56,4.78,4,1.92,-0.17,-3.20,0.42,2.98,2.78,-1.77,,-0.78,-0.96,0.38,2.34,-0.57,3,2.76,2.69,-1.12,0.70,5.07,5.29,4.90,5.63,1.46,-1.74,0.40,-1.11,1.18,2.83,-1.80,-1.54,-2.20,-2.29,2.47,-2.42,0.24,-1.16,-1.76,-1.40,-2.45,-1.80,-4.06,-3.10,-2.72,-0.92,-3.66,-2.70,-2.12,0.42,-1.02,2.01,6.15,4.54,3.70,1.36,4.46,3.16,1.75,3.70,4.83,2.14,3.30,5.83,0.70,1.15,-0.15,-0.50,-0.33,-1.90,-0.36,-1.63,-1.16,-0.90,-0.40,-0.99,-3.15,-1.06,-1.23,-0.90,-1.14,-0.51,-2.25,-1.12,-1.85,-1.74,-2.41,-1.93,0.63,-0.35,0.30,0.54,0.62,-0.40,-0.46,-0.97,-1.71,-4.37,1.50,-1.19,-0.70,-2.48,-2,-2.19,-3.71,,-4.30,-3.72,-4.97,-4.33,-0.69,-0.52,-0.10,-1.68,-2,-2.95,-4.90,,5.50,,4.40,-2.20,-1.80,,,,,,,-0.60,-0.60,,-1.10,-0.90,-1.20,-1.27,,,,,,,,0,-0.10,-0.80,-2,-2.60,,,,,-0.60,,-2.40,-3,0,1.30,1,,,-2.40,,,-4.40,,,0.20,-0.60,-0.60,-0.40,-1.70,-3.10,
2008-12-15 01:00,0.40,-0.79,4.79,1.11,3.70,-1.75,-1.51,-0.70,2.32,-1.22,3.44,0.92,2.13,4.05,4.59,4.17,1.64,0.24,-3.30,0.65,3.13,2.88,-1.90,,-0.80,-1.05,0.37,2.03,-0.62,3,3.02,2.76,-1.45,0.45,4.96,5.41,4.48,5.58,2.57,-1.87,0.40,-1.14,1.35,2.93,-1.90,-1.47,-2.40,-2.40,2.42,-2.39,0.15,-1.19,-1.78,-1.54,-2.50,-1.68,-4.09,-3.20,-2.67,-0.88,-3.65,-2.80,-2,0.49,-1.23,2.09,6.20,4.69,3.70,1.38,4.50,3.27,1.56,3.61,5,2.11,3,5.96,0.69,0.99,-0.36,-0.60,-0.32,-1.81,-0.33,-1.67,-1.21,-0.90,-0.39,-0.92,-3.12,-1.06,-1.20,-0.90,-1.19,-0.62,-2.33,-1.10,-1.84,-1.67,-2.37,-1.99,0.78,-0.33,0.38,0.67,0.74,-0.40,-0.45,-0.93,-1.83,-4.31,1.56,-1.25,-0.76,-2.48,-2,-2.24,-3.73,,-4.30,-3.64,-4.97,-4.33,-0.71,-0.40,-0.10,-1.64,-2.02,-3.07,-4.90,5,5.80,-4.20,4.40,-2.20,-1.80,-2,5.30,-3.20,5.10,0.60,0.60,-0.60,-0.70,-0.60,-1.10,-0.90,-1.30,-1.40,-2.10,-0.20,1.50,0.10,-1.20,0.50,0,-0.10,-0.10,-0.80,-1.90,-2.50,0.60,0,0.40,0.30,-0.60,-0.80,-2.40,-3,0.40,1.40,1,,0.40,-2.30,-3.50,-2.70,-4.30,,0.50,0.20,-0.50,-0.60,-0.40,-1.70,-3.10,-5
2008-12-15 01:10,0.40,-0.93,4.64,0.95,3.80,-1.75,-1.58,-0.70,2.31,-1.34,3.41,0.65,1.94,4.06,4.65,4.33,1.76,0.31,-3.70,0,3.30,2.71,-1.90,,-0.88,-1.15,0.01,1.72,-0.66,2.90,3.22,2.37,-1.43,0.04,4.43,5.61,4.45,5.36,3.69,-1.62,0.50,-0.69,1.78,2.97,-1.60,-1.54,-2.40,-2.48,2.21,-2.40,-0.26,-1.24,-1.85,-1.63,-2.58,-1.76,-4.12,-3.20,-2.72,-1.22,-3.71,-3,-2.13,0.43,-1.50,1.83,6.11,4.63,3.70,1.56,4.21,3.44,1.41,3.59,5.02,2.04,2.80,5.95,0.70,0.71,-0.23,-0.70,-0.34,-1.83,-0.34,-1.69,-1.32,-0.90,-0.38,-1.07,-3.12,-1.06,-1.25,-1,-1.24,-0.68,-2.33,-1.07,-1.90,-1.62,-2.39,-1.93,0.75,-0.46,0.51,0.97,0.75,-0.30,-0.56,-1,-1.72,-4.35,1.56,-1.29,-0.76,-2.54,-2,-2.34,-3.75,,-4.20,-3.67,-4.96,-4.49,-0.82,-0.42,-0.20,-1.72,-2.14,-2.96,-4.80,,5.80,,2.50,-2.20,-1.50,,,,,,,-0.70,-0.70,,-1,-0.80,-1.30,-1.31,,,,,,,,-0.10,-0.10,-0.90,-2,-2.50,,,,,-0.60,,-2.40,-2.90,0.40,1.40,1,,,-2.30,,,-4.30,,,0.20,-0.60,-0.50,-0.50,-1.70,-3.20,
2008-12-15 01:20,0.30,-1.09,4.74,0.79,3.70,-2.01,-1.54,-0.70,2.38,-1.43,3.20,1.14,2.23,5,4.40,4.38,1,0.09,-3.70,1.11,3.46,3.09,-1.88,,-0.99,-1.25,-0.57,1,-0.80,3,2.97,2.22,-1.20,-0.62,3.77,5.67,4.60,5.62,4.10,-1.84,0.80,-0.47,2.10,2.32,-1.50,-1.63,-2.50,-2.43,2.24,-2.58,-0.12,-1.20,-1.92,-1.55,-2.63,-1.91,-4.06,-3.40,-2.87,-1.47,-3.93,-3.40,-1.83,0.29,-1.75,1.64,6.01,4.66,3.80,1.42,3.87,3.31,1.54,3.57,5.20,2,3.20,6.03,0.70,0.62,-0.26,-0.80,-0.42,-1.80,-0.34,-1.65,-1.31,-0.90,-0.37,-1.03,-3.19,-1.11,-1.27,-1,-1.30,-0.66,-2.30,-1.10,-1.87,-1.61,-2.50,-2.03,0.64,-0.34,0.54,1,0.74,-0.30,-0.60,-1.01,-1.71,-4.33,1.70,-1.28,-0.74,-2.60,-2,-2.38,-3.69,,-4.20,-3.58,-4.91,-4.57,-0.80,-0.55,-0.10,-1.72,-1.99,-3.03,-4.90,,6,,3.40,-2.20,-1.30,,,,,,,-0.70,-0.60,,-1,-0.90,-1.30,-1.45,,,,,,,,-0.10,-0.10,-0.90,-2.10,-2.50,,,,,-0.60,,-2.40,-3,0.60,1.40,1,,,-2.30,,,-4.30,,,0.20,-0.50,-0.50,-0.50,-1.70,-3.20,
2008-12-15 01:30,0.20,-1.22,4.99,0.68,3.80,-1.93,-1.55,-0.80,2.05,-1.52,2.10,1.08,2.21,5.32,4.37,4.14,1.66,0.58,-3.70,1.55,3.57,3.49,-1.89,,-0.94,-1.21,-0.80,0.93,-0.86,2.90,2.87,2.09,-1.09,-1.23,2.42,5.32,4.55,5.13,4.65,-2.07,0.90,-0.29,2.22,2.02,-1.80,-1.64,-2.80,-2.55,2.29,-2.44,-0.07,-1.18,-1.87,-1.71,-2.61,-2,-4.13,-3.20,-3.19,-1.66,-4.05,-3.70,-1.86,0.19,-1.48,1.67,5.88,4.67,3.90,1.47,3.86,3.32,1.77,3.51,5.13,2.18,4.20,6.12,0.70,0.75,-0.35,-0.70,-0.42,-1.87,-0.28,-1.68,-1.35,-1,-0.33,-1.03,-3.22,-1.06,-1.30,-1,-1.31,-0.65,-2.32,-1.10,-1.88,-1.70,-2.56,-1.96,0.61,-0.40,0.52,1.07,0.65,-0.30,-0.61,-1.01,-1.72,-4.31,1.59,-1.25,-0.82,-2.61,-2.10,-2.36,-3.64,,-4.20,-3.56,-4.99,-4.50,-0.68,-0.64,-0.10,-1.72,-2.19,-3.04,-4.80,,5.80,,4.10,-2.40,-1.20,,,,,,,-0.70,-0.60,,-1,-0.90,-1.20,-1.44,,,,,,,,-0.10,-0.10,-0.80,-2.20,-2.50,,,,,-0.60,,-2.40,-3,0.70,1.40,1,,,-2.40,,,-4.30,,,0.20,-0.50,-0.50,-0.50,-1.80,-3.20,
2008-12-15 01:40,0.10,-1.30,5.21,0.55,3.80,-2.04,-1.55,-0.80,1.47,-1.65,1.50,1.47,2.09,5.16,4.28,4.34,2.35,0.54,-3.70,0.91,3.74,3.77,-1.98,,-0.82,-1.24,-0.73,0.99,-0.90,2.90,2.98,1.91,-1.08,-1.28,1.12,5.28,4.58,5.19,4.10,-2.19,1.10,0.04,2.43,2.61,-2.10,-1.72,-3.10,-2.57,2.02,-2.28,-1.14,-1.24,-1.84,-1.64,-2.57,-2.14,-4.26,-3.50,-3.46,-1.85,-4.11,-3.90,-1.61,0.15,-0.86,1.91,5.85,4.66,3.80,1.58,3.90,3.41,1.75,3.63,5.12,2.27,4.70,6.12,0.50,0.77,-0.38,-0.60,-0.39,-1.84,-0.24,-1.91,-1.38,-0.90,-0.31,-1.02,-3.30,-1.12,-1.23,-1,-1.37,-0.69,-2.40,-1.07,-1.89,-1.70,-2.56,-2.01,0.98,-0.31,0.57,1.06,0.69,-0.30,-0.59,-1.02,-1.77,-4.32,1.63,-1.29,-0.70,-2.64,-2.10,-2.34,-3.67,,-4.20,-3.74,-4.99,-4.27,-0.67,-0.66,-0.10,-1.76,-2.26,-2.90,-4.80,,6,,1.70,-2.40,-1.30,,,,,,,-0.70,-0.70,,-1,-0.90,-1.40,-1.37,,,,,,,,-0.20,-0.10,-0.90,-2.20,-2.60,,,,,-0.60,,-2.40,-3,0.80,1.50,,,,-2.40,,,-4.20,,,0.20,-0.50,-0.50,-0.50,-1.90,-3.10,
2008-12-15 01:50,-0.10,-1.36,5.21,0.39,3.80,-2.15,-1.54,-0.80,1.46,-1.79,1.18,1.23,2.58,5.26,4.29,4.39,2.90,0.48,-3.70,0.73,3.62,3.83,-1.76,,-0.83,-1.32,-0.67,0.81,-1.04,3.10,3.18,2.50,-1.02,-1.42,0.63,4.86,4.54,4.72,2.86,-2.09,1.20,0.10,2.55,3.13,-2,-1.90,-3.30,-2.72,2.26,-2.16,-1.08,-1.29,-1.87,-1.58,-2.59,-2.12,-4.42,-3.80,-3.49,-2.07,-4.14,-4.30,0.88,0.14,-0.38,1.50,5.91,4.83,3.90,1.65,4.07,3.38,1.97,3.81,5.11,2.08,4.90,6,0.50,0.33,-0.52,-0.50,-0.33,-1.88,-0.30,-1.90,-1.38,-1,-0.29,-1.08,-3.34,-1.18,-1.32,-1,-1.41,-0.69,-2.38,-1.17,-1.85,-1.69,-2.62,-2.02,0.84,-0.30,0.60,1.05,0.69,-0.30,-0.56,-1.04,-1.86,-4.30,1.63,-1.21,-0.72,-2.55,-2.10,-2.27,-3.69,,-4.20,-3.52,-4.90,-4.37,-0.83,-0.70,-0.20,-1.79,-2.20,-2.96,-4.80,,6.10,,2.30,-2.30,-1.50,,,,,,,-0.70,-0.80,,-1,-0.90,-1.40,-1.32,,,,,,,,-0.20,-0.20,-1,-2.20,-2.60,,,,,-0.60,,-2.30,-2.90,0.90,1.50,1,,,-2.40,,,-4.20,,,0.20,-0.50,-0.50,-0.60,-1.90,-3.20,
2008-12-15 02:00,-0.20,-1.11,5.37,0.30,3.80,-2.14,-1.64,-0.90,1.21,-1.82,0.91,0.33,2.71,4.76,4.30,4.52,3.02,0.44,-3.60,0.15,3.35,3.13,-1.84,,-0.90,-1.37,-1.03,0.67,-1.20,3.20,3.62,2.79,-1.12,-1.73,0.26,4.56,4.77,4.30,2.25,-2.03,1.40,0.37,2.89,2.89,-2.20,-1.88,-3.40,-2.64,2.63,-2.61,-0.94,-1.21,-1.97,-1.53,-2.55,-2.20,-4.83,-4,-3.03,-2.38,-4.23,-4.50,2.65,0.06,-1.11,1.67,6.08,5.04,3.80,1.70,4.05,3.42,2.02,3.94,5.18,2.20,4.80,6.04,0.48,0.25,-0.55,-0.40,-0.24,-1.93,-0.27,-1.82,-1.33,-1,-0.40,-1.18,-3.24,-1.17,-1.30,-1,-1.44,-0.65,-2.42,-1.19,-1.85,-1.72,-2.58,-2.05,1.07,-0.28,0.63,1.05,0.73,-0.30,-0.60,-1.04,-1.93,-4.33,1.63,-1.22,-0.69,-2.71,-2.10,-2.34,-3.70,,-4.10,-3.54,-4.88,-4.53,-0.86,-0.73,-0.20,-1.97,-2.29,-3.01,-4.70,-0.70,6,-3.70,2.90,-2.40,-1.60,,5.40,-3.30,5.40,0.80,0,-0.70,-0.90,-0.60,-1.20,-0.90,-1.30,-1.40,,-0.50,1.20,0.50,0.20,0.70,-0.20,-0.20,-0.20,-1,-2.10,-2.60,0.10,0.20,0.80,0.20,-0.60,-1.10,-2.30,-2.90,1,1.50,1,-0.70,0.40,-2.30,-3.50,,-4.20,0.80,0.40,0.20,-0.50,-0.50,-0.50,-1.90,-3.20,-4.90
2008-12-15 02:10,-0.30,-1,5.33,0.22,3.80,-2.08,-1.76,-1,1.60,-1.96,0.68,0.05,2.77,4.62,4.20,4.64,3.16,0.57,-4,0.34,3.37,2.17,-1.99,,-0.96,-1.46,-0.91,1,-1.44,3.10,3.36,2.30,-1.17,-2.01,-0.15,4.56,4.82,4.16,2,-2.22,1.40,0.19,2.51,2.26,-2.60,-1.81,-3.20,-2.49,2.48,-3.18,-1.25,-1.24,-1.97,-1.57,-2.56,-2.21,-4.81,-4.20,-2.91,-2.66,-4.43,-4.30,2.52,0.07,-1.68,1.84,5.87,5.13,3.80,1.57,3.85,3.59,1.99,3.97,5.13,2.42,3.80,6.05,0.30,0.31,-0.53,-0.40,-0.33,-1.99,-0.31,-1.83,-1.32,-0.90,-0.39,-1.22,-3.20,-1.20,-1.23,-1,-1.47,-0.66,-2.34,-1.12,-1.86,-1.82,-2.66,-1.99,0.94,-0.32,0.63,0.93,0.67,-0.30,-0.65,-0.98,-1.87,-4.29,1.68,-1.41,-0.77,-2.58,-2.10,-2.25,-3.71,,-4.10,-3.54,-4.95,-4.24,-0.78,-0.69,-0.20,-1.94,-2.03,-2.97,-4.70,,5.20,,3.60,-2.30,-1.80,,,,,,,-0.60,-0.70,,-1.20,-0.90,-1.30,-1.35,,,,,,,,-0.20,-0.20,-1,-2.20,-2.60,,,,,-0.60,,-2.30,-2.90,1,1.50,1,,,-2.30,,,-4.20,,,0.20,-0.50,-0.50,-0.50,-1.90,-3.20,
2008-12-15 02:20,-0.40,-0.99,4.85,0.02,4,-1.96,-1.73,-1.10,2.22,-2.08,0.36,-0.50,2.92,4.53,4.07,4.72,2.41,0.72,-4.30,0.38,3.15,2.49,-2.30,,-0.95,-1.54,-0.89,1.83,-1.56,3.10,2.94,1.38,-0.85,-2.05,-0.76,4.62,4.74,4.06,1.92,-1.89,1.50,0.21,2.67,1.89,-2.70,-1.90,-3.20,-2.51,2.28,-2.84,-1.62,-1.36,-1.88,-1.57,-2.71,-2.20,-4.74,-4.40,-2.68,-2.93,-4.50,-4.90,2.02,-0.04,-1.95,1.90,5.89,5.10,3.60,1.36,3.73,3.42,2.05,4.04,5.28,2.36,2.90,6.16,0.30,0.09,-0.69,-0.30,-0.34,-2.03,-0.32,-1.85,-1.32,-1,-0.39,-1.16,-3.23,-1.25,-1.29,-1,-1.51,-0.69,-2.37,-1.16,-1.95,-1.90,-2.70,-1.98,0.95,-0.47,0.64,0.83,0.63,-0.30,-0.67,-1.09,-1.82,-4.23,1.77,-1.38,-0.88,-2.62,-2.10,-2.25,-3.72,,-4.10,-3.43,-4.98,-4.11,-0.94,-0.64,-0.20,-1.93,-2.27,-2.94,-4.60,,5.70,,2,-2.30,-1.60,,,,,,,-0.60,-0.70,,-1.30,-1,-1.40,-1.32,,,,,,,,-0.20,-0.20,-1,-2.10,-2.60,,,,,-0.60,,-2.30,-2.90,1.10,1.50,1,,,-2.40,,,-4.20,,,0.20,-0.50,-0.60,-0.50,-1.90,-3.10,
2008-12-15 02:30,-0.40,-1.22,4.97,-0.17,3.80,-1.88,-1.82,-1.20,2.06,-2.09,0.45,-0.65,2.94,5.33,4.13,4.67,2.55,0.55,-4.20,0.81,3.06,2.67,-2.47,,-1.13,-1.53,-0.88,2.31,-1.51,3.10,2.68,0.89,-0.65,-2.19,-0.71,4.51,4.57,4.12,2.05,-1.40,1.70,0.29,2.76,1.80,-2.60,-2.02,-3.10,-2.56,2.14,-2.47,-1.90,-1.31,-1.89,-1.57,-2.64,-2.28,-5.07,-4.50,-3.41,-3.08,-4.41,-5,1.97,-0.16,-2.08,2.01,5.91,5.08,3.60,1.30,3.80,3.58,2.19,4.18,5.51,2.26,3.10,6.17,0.20,0.04,-0.65,-0.20,-0.41,-1.93,-0.25,-1.90,-1.16,-1,-0.37,-1.18,-3.35,-1.19,-1.37,-1.10,-1.49,-0.69,-2.31,-1.14,-1.89,-1.85,-2.67,-2.01,1,-0.41,0.56,0.78,0.68,-0.40,-0.79,-1.17,-1.82,-4.23,1.75,-1.41,-0.96,-2.61,-2.10,-2.36,-3.54,,-4.10,-3.49,-4.83,-4.27,-0.86,-0.69,-0.30,-1.94,-2.33,-2.96,-4.70,,6.70,,1,-2.30,-1.90,,,,,,,-0.60,-0.80,,-1.20,-1,-1.40,-1.31,,,,,,,,-0.20,-0.20,-1,-2.10,-2.60,,,,,-0.60,,-2.30,-2.90,1.10,1.60,0.90,,,-2.40,,,-4.10,,,0.20,-0.50,-0.50,-0.60,-1.90,-3.10,
2008-12-15 02:40,-0.50,-1.23,4.43,-0.13,3.60,-1.99,-1.86,-1.30,1.46,-2.19,0.06,-0.92,2.84,5.03,4.60,4.64,3.21,0.65,-4.50,-0.18,3.08,2.64,-2.03,,-0.90,-1.69,-0.94,2.12,-1.26,3.20,2.79,0.66,-0.61,-2.46,-0.24,4.55,4.53,4.80,1.94,-2.16,1.80,0.36,2.72,1.64,-2.60,-1.90,-3,-2.62,2.10,-2.75,-1.27,-1.30,-1.98,-1.56,-2.64,-2.37,-5.13,-4.60,-3.95,-3.48,-4.57,-5.20,1.03,-0.19,-2.27,1.81,5.95,4.89,3.60,1.27,3.82,3.66,2.25,4.08,5.41,2.31,2.60,6.41,0.10,0.01,-0.71,-0.30,-0.38,-1.96,-0.28,-1.81,-1.24,-1,-0.43,-1.17,-3.34,-1.17,-1.41,-1,-1.28,-0.70,-2.31,-1.17,-1.81,-1.80,-2.65,-1.97,0.87,-0.60,0.62,0.90,0.67,-0.40,-0.72,-1.20,-1.87,-4.15,1.74,-1.44,-0.89,-2.60,-2.20,-2.37,-3.67,,-4.10,-3.61,-4.86,-4.37,-0.76,-0.65,0,-1.94,-2.25,-2.97,-4.70,,4.50,,0.60,-2.40,-2,,,,,,,-0.50,-0.80,,-1.20,-1.10,-1.40,-1.29,,,,,,,,-0.20,-0.20,-1,-2.10,-2.60,,,,,-0.60,,-2.20,-2.90,1.20,1.50,0.90,,,-2.40,,,-4.10,,,0.20,-0.50,-0.50,-0.60,-1.90,-3.10,
2008-12-15 02:50,-0.60,-1.57,4.44,-0.13,3.40,-1.81,-1.98,-1.40,1.49,-2.27,0.06,-1.12,2.63,4.45,4.72,4.51,3.67,0.78,-4.60,-0.08,2.94,2.82,-1.79,,-0.81,-1.87,-1.17,1.81,-1.07,3.10,2.82,0.48,-0.71,-2.38,3.13,4.63,4.57,4.94,1.87,-2.24,1.70,0.25,2.54,1.24,-2.80,-1.95,-3.10,-2.64,2.27,-2.76,-0.18,-1.36,-2.03,-1.51,-2.69,-2.46,-5.12,-4.90,-4.26,-3.43,-4.63,-5.30,0.43,-0.21,-2.49,1.39,5.91,4.73,3.60,1.15,3.81,3.65,2.36,4.29,5.54,2.29,2.40,6.33,0.20,0.01,-0.71,-0.30,-0.45,-2.10,-0.31,-1.97,-1.23,-1,-0.44,-1.04,-3.28,-1.12,-1.42,-1.10,-1.23,-0.72,-2.35,-1.14,-1.89,-1.78,-2.61,-1.96,0.75,-0.51,0.67,0.79,0.69,-0.40,-0.83,-1.21,-1.83,-4.14,1.74,-1.48,-0.85,-2.60,-2.10,-2.31,-3.60,,-4.10,-3.56,-4.84,-4.33,-0.75,-0.63,-0.30,-1.87,-2.11,-2.93,-4.90,,3,,1.10,-2.50,-2,,,,,,,-0.50,-0.70,,-1.20,-1.10,-1.40,-1.29,,,,,,,,-0.20,-0.20,-1,-2.10,-2.60,,,,,-0.60,,-2.20,-2.90,1.20,1.50,0.90,,,-2.40,,,-4.10,,,0.20,-0.40,-0.60,-0.60,-2,-3.10,
2008-12-15 03:00,-0.70,-1.76,4.19,-0.20,3.30,-1.83,-1.95,-1.40,1.66,-2.30,0.17,-1.70,2.56,3.88,4.96,4.62,3.46,0.74,-4.70,-0.62,2.91,3.02,-1.20,,-0.90,-1.80,-1.33,1.75,-1.35,3,2.69,0.27,-0.71,-2.37,4.10,4.57,4.55,5.03,1.77,-1.88,1.70,0.22,2.37,0.85,-2.90,-2.01,-3.50,-2.63,2.33,-3.22,-0.88,-1.33,-2.04,-1.65,-2.72,-2.59,-5.19,-4.90,-4.42,-3.70,-4.65,-5.60,0.92,-0.28,-2.65,1.16,5.95,4.59,3.60,1.17,3.81,3.74,2.43,4.38,5.61,2.23,2.10,6.19,0.20,0.17,-0.71,-0.40,-0.30,-2.03,-0.34,-2.04,-1.26,-1,-0.45,-1.04,-3.25,-1.11,-1.35,-1.10,-1.19,-0.77,-2.43,-1.10,-1.95,-1.94,-2.59,-1.99,0.78,-0.40,0.62,0.83,0.70,-0.50,-0.82,-1.17,-1.81,-4.15,1.77,-1.39,-0.88,-2.64,-2.20,-2.32,-3.67,,-4.10,-3.46,-4.69,-4.26,-0.86,-0.55,-0.20,-1.97,-2.05,-2.91,-4.80,-1.30,2,-3.40,0.70,-2.60,-2.10,,5.50,-3.30,5.50,1,0.10,-0.50,-0.80,-0.70,-1.30,-1.10,-1.50,-1.40,-2.30,-0.30,1.50,1,0.60,0.60,,-0.20,-0.20,-1,-2.10,-2.60,-0.80,0.30,1,0.20,-0.60,-1.10,-2.20,-2.90,1.30,1.60,0.90,-0.70,0.30,-2.40,-3.50,-2.60,-4.10,0.70,0.30,0.20,-0.50,-0.50,-0.60,-2,-3.10,-5
2008-12-15 03:10,-0.70,-2.18,4.61,-0.29,3.30,-2.04,-2.03,-1.50,1.75,-2.34,0.29,-1.39,2.25,3.84,5.34,4.80,2.59,0.80,-4.80,-0.35,2.97,3.57,-1.36,,-0.93,-1.75,-1.48,2.17,-1.23,3,2.68,-0.17,-0.68,-2.61,4.60,4.60,4.38,4.86,1.80,-2.27,1.30,0.06,2.42,0.84,-3.10,-2.02,-3.50,-2.57,2.40,-3.10,-0.49,-1.43,-1.97,-1.70,-2.80,-2.71,-5.22,-5.20,-4.60,-3.92,-4.57,-5.90,1.09,-0.29,-2.71,2.08,5.84,4.45,3.70,1.05,3.94,3.87,2.27,4.40,5.82,2.51,1.90,6.29,0.20,0.15,-0.75,-0.40,-0.35,-2.03,-0.29,-2.01,-1.29,-1,-0.49,-1.12,-3.24,-1.12,-1.32,-1.10,-1.40,-0.77,-2.45,-0.99,-1.94,-1.87,-2.63,-1.99,0.92,-0.19,0.58,0.51,0.63,-0.50,-0.76,-1.13,-1.74,-4.12,1.85,-1.35,-0.99,-2.66,-2.20,-2.23,-3.62,,-4,-3.54,-4.81,-4.31,-0.92,-0.63,-0.20,-1.96,-2.19,-2.97,-4.80,,2.40,,1.70,-2.60,-2.10,,,,,,,-0.40,-0.80,,-1.30,-1.10,-1.40,-1.32,,,,,,,,-0.20,-0.20,-1.10,-2.10,-2.60,,,,,-0.60,,-2.20,-2.90,1.30,1.60,0.80,,,-2.40,,,-4.10,,,0.20,-0.40,-0.60,-0.60,-2,-3,
2008-12-15 03:20,-0.80,-2.26,5.32,-0.47,3.58,-1.92,-2.10,-1.50,2.08,-2.36,0.38,-1.58,2.13,3.54,5.34,4.57,1.74,0.83,-4.70,0.97,2.93,3.16,-1.58,,-1,-1.79,-1.30,1.67,-1.01,3,2.51,-0.38,-0.78,-2.79,4.81,4.67,4.41,4.96,1.42,-2.45,1.40,-0.01,2.49,1.01,-3,-2.18,-3.60,-2.57,2.28,-2.92,-0.96,-1.38,-2.05,-1.74,-2.85,-2.78,-5.20,-5.20,-4.56,-4.12,-4.58,-6,0.32,-0.12,-2.31,2.33,5.81,4.54,3.70,1.03,4.05,3.91,2.10,4.29,5.65,2.24,1.70,6.30,0.20,0.09,-0.62,-0.50,-0.43,-1.95,-0.31,-1.99,-1.30,-1,-0.49,-1.16,-3.26,-1.25,-1.38,-1.10,-1.25,-0.79,-2.45,-1.02,-1.95,-1.88,-2.63,-1.94,0.88,0,0.57,0.39,0.58,-0.50,-0.82,-1.21,-1.84,-4.14,1.80,-1.37,-0.92,-2.55,-2.20,-2.31,-3.66,,-4,-3.51,-4.75,-4.12,-0.86,-0.66,-0.30,-1.98,-2.13,-2.90,-4.80,,2.60,,0.30,-2.50,-2.20,,,,,,,-0.40,-0.90,,-1.30,-1.10,-1.40,-1.35,,,,,,,,-0.20,-0.30,-1.20,-2.20,-2.50,,,,,-0.60,,-2.20,-2.90,1.30,1.60,0.80,,,-2.30,,,-4.10,,,0.20,-0.40,-0.60,-0.60,-1.90,-3.10,
2008-12-15 03:30,-1.10,-2.26,5.71,-0.62,3.69,-1.96,-2.03,-1.50,3.09,-2.38,0.54,-1.04,2.17,2.92,5.45,4.40,1.33,0.77,-4.70,0.18,2.81,3.19,-1.59,,-1.06,-1.72,-1.33,1.70,-0.98,2.80,2.39,-0.56,-0.72,-2.87,4.76,4.74,4.79,4.84,1.93,-2.05,1.30,0.01,2.77,1.59,-3.20,-2.11,-3.80,-2.47,2.11,-3.26,-1.39,-1.33,-2.11,-1.81,-2.84,-2.72,-5.20,-5.40,-4.55,-4.30,-4.61,-6.10,-0.51,0.06,-1.62,1.65,5.90,4.58,3.50,1.12,4.01,4.01,2,4.24,5.50,2.10,1.50,6.39,0.20,0.19,-0.65,-0.50,-0.51,-1.98,-0.40,-1.93,-1.29,-1,-0.58,-1.10,-3.25,-1.25,-1.40,-1.10,-1.36,-0.72,-2.37,-1.05,-1.94,-1.92,-2.62,-2.08,0.80,0.12,0.64,0.49,0.63,-0.50,-0.87,-1.23,-1.95,-4.08,1.77,-1.26,-0.75,-2.62,-2.10,-2.25,-3.61,,-4,-3.51,-4.66,-4.15,-0.74,-0.75,-0.20,-1.95,-1.99,-2.96,-4.90,,2.60,,0.60,-2.40,-2.20,,,,,,,-0.40,-0.90,,-1.30,-1,-1.40,-1.31,,,,,,,,-0.20,-0.30,-1.20,-2.30,-2.50,,,,,-0.60,,-2.30,-2.80,1.30,1.70,0.80,,,-2.30,,,-4,,,0.20,-0.40,-0.60,-0.60,-1.90,-3.10,
2008-12-15 03:40,-1,-2.41,5.83,-0.77,4.05,-2.06,-1.99,-1.60,3.66,-2.37,0.59,-1.57,2.21,2.58,5.61,4.39,1.53,0.76,-4.70,-0.10,2.65,3.23,-1.99,,-1.08,-1.74,-1.38,1.66,-1.01,2.60,2.47,-0.83,-0.79,-2.88,4.77,4.78,4.76,4.68,1.95,-1.57,1.30,0.10,2.92,2.20,-3,-2.03,-3.90,-2.45,2.14,-3.10,-0.94,-1.41,-2.08,-1.92,-2.87,-2.67,-5.13,-5.40,-4.78,-4.51,-4.65,-6.30,-0.94,0.05,-1.77,1.65,5.96,4.59,3.60,1.26,4.08,4.13,1.93,4.28,5.83,2.04,1.50,6.24,0.30,0.10,-0.69,-0.50,-0.47,-1.99,-0.42,-1.99,-1.34,-1,-0.57,-1.13,-3.27,-1.22,-1.30,-1.10,-1.35,-0.64,-2.47,-1.09,-1.91,-1.93,-2.63,-2.15,1.04,0.21,0.65,0.42,0.62,-0.50,-0.91,-1.29,-1.86,-4.09,1.69,-1.32,-0.90,-2.57,-2.10,-2.24,-3.52,,-4,-3.43,-4.69,-4.24,-0.77,-0.72,-0.10,-1.92,-2.09,-2.87,-4.80,,3.60,,2,-2.50,-2,,,,,,,-0.40,-1.10,,-1.30,-1,-1.40,-1.41,,,,,,,,-0.20,-0.20,-1.20,-2.30,-2.50,,,,,-0.70,,-2.20,-2.80,1.30,1.60,0.80,,,-2.40,,,-4,,,0.20,-0.40,-0.60,-0.60,-1.90,-3.10,
2008-12-15 03:50,-1,-2.40,5.35,-0.80,3.91,-1.97,-2.05,-1.60,4.04,-2.44,0.49,-1.24,2.19,3.26,5.65,4.43,2.03,0.77,-4.90,0.15,2.76,2.89,-2.13,,-1.03,-1.62,-1.70,1.57,-1.01,2.50,2.44,-0.80,-0.98,-2.88,2.91,4.82,4.84,4.68,1.73,-2.02,1.50,0.14,2.82,3.14,-2.30,-2.21,-3.50,-2.36,2.16,-3.32,0.49,-1.49,-2.16,-1.98,-2.91,-2.81,-5.05,-5.30,-4.78,-4.62,-4.66,-6.40,-1.19,0.13,-2.03,1.81,5.88,4.68,3.60,1.27,4.08,4.05,1.83,4.24,5.82,1.91,1.70,4.66,0.20,0.16,-0.83,-0.40,-0.37,-1.95,-0.42,-2.02,-1.36,-1.10,-0.54,-1.17,-3.27,-1.25,-1.41,-1.10,-1.31,-0.77,-2.41,-1.08,-1.90,-1.83,-2.83,-2.12,1.15,0.38,0.59,0.31,0.68,-0.50,-0.98,-1.31,-1.91,-4.07,1.72,-1.35,-0.91,-2.50,-2.10,-2.29,-3.53,,-4,-3.46,-4.63,-4.20,-0.71,-0.69,-0.30,-2.03,-1.89,-2.86,-4.80,,4.90,,3.80,-2.40,-2.10,,,,,,,-0.40,-1.20,,-1.30,-1,-1.40,-1.38,,,,,,,,-0.30,-0.30,-1.10,-2.30,-2.60,,,,,-0.70,,-2.20,-2.80,1.30,1.70,0.80,,,-2.40,,,-4,,,0.20,-0.40,-0.60,-0.60,-1.90,-3.10,
2008-12-15 04:00,-1,-2.31,5.69,-0.91,3.60,-1.89,-2.06,-1.60,3.95,-2.47,0.38,-1.55,2.83,2.89,5.65,4.48,1.82,0.55,-4.80,0.38,2.62,3.74,-1.76,,-1.12,-1.53,-1.65,1.50,-1.08,2.60,2.04,-0.89,-1.01,-2.84,0.97,4.84,5.03,4.83,1.79,-2.27,1.50,0.14,2.83,3.64,-2.20,-2.33,-3.50,-2.28,2.25,-3.35,0.05,-1.55,-2.15,-2.04,-2.88,-2.69,-5.53,-5.50,-4.18,-4.81,-4.77,-6.30,-1.32,0.30,-2.39,1.71,6.12,4.80,3.60,1.43,4.15,4.07,1.64,4.34,5.98,1.73,2.20,3.50,0.20,0.30,-0.80,-0.40,-0.46,-1.95,-0.47,-2.14,-1.40,-1,-0.48,-1.17,-3.22,-1.33,-1.51,-1,-1.30,-0.87,-2.41,-1.06,-1.91,-1.82,-2.75,-1.99,1.12,0.39,0.61,0.22,0.60,-0.50,-0.93,-1.27,-1.90,-4.03,1.74,-1.41,-0.78,-2.53,-2.10,-2.23,-3.61,,-4,-3.40,-4.63,-4.17,-0.72,-0.63,-0.30,-1.98,-2.03,-2.84,-4.80,-1.50,5.60,-3.30,3.90,-2.50,-1.90,-2.10,5.80,-3.10,5.40,0.90,0.30,-0.50,-1.20,-0.80,-1.40,-1,-1.40,-1.40,-2.30,-0.50,1.80,1.10,0.60,0.60,-0.20,-0.30,-0.30,-1.20,-2.40,-2.50,-0.10,0.60,1.10,0.20,-0.70,-1.10,-2.30,-2.70,1.40,1.60,0.70,,0.30,-2.40,-3.40,-2.40,-4,0.60,0.30,0.10,-0.40,-0.70,-0.50,-1.90,-3.10,-4.80
2008-12-15 04:10,-1.10,-2.30,5.74,-0.94,3.70,-2,-2.08,-1.70,3.94,-2.41,0.07,-1.49,3.17,1.89,5.74,4.41,1.02,0.50,-4.90,-0.29,2.72,4.04,-1.50,,-1.25,-1.73,-1.82,1.49,-1.07,2.40,1.67,-0.83,-1.09,-2.99,0.08,4.63,5.39,4.81,1.42,-2.19,1.10,0.22,2.67,3.47,-2.20,-2.38,-3.40,-2.34,2.12,-3.18,-0.68,-1.38,-2.32,-2,-2.96,-2.74,-5.61,-5.70,-3.88,-5,-4.95,-6.20,-1.51,0.38,-2.45,1.47,6.21,4.92,3.60,1.51,4.02,4.01,1.46,4.40,6.04,1.76,2.20,2.68,0.10,0.17,-0.83,-0.28,-0.50,-1.98,-0.39,-2.11,-1.49,-1.10,-0.50,-1.19,-3.35,-1.37,-1.54,-1,-1.29,-0.77,-2.44,-0.99,-1.97,-1.80,-2.77,-1.97,1.09,0.29,0.59,0.11,0.57,-0.50,-0.99,-1.29,-1.86,-3.97,1.69,-1.38,-0.83,-2.57,-2,-2.24,-3.46,,-3.90,-3.39,-4.58,-4.10,-0.83,-0.65,-0.30,-1.86,-2.12,-2.79,-4.90,,3.20,,2.90,-2.30,-2.20,,,,,,,-0.50,-1.30,,-1.40,-1,-1.40,-1.38,,,,,,,,-0.30,-0.30,-1.10,-2.30,-2.50,,,,,-0.70,,-2.20,-2.70,1.40,1.60,0.70,,,-2.40,,,-3.90,,,0.10,-0.50,-0.70,-0.50,-1.90,-3.10,
2008-12-15 04:20,-1.10,-2.48,5.59,-0.91,3.70,-1.92,-2.03,-1.70,3.96,-2.39,-0.06,-0.81,3.23,1.71,5.75,4.27,1.33,0.76,-5,0.04,2.69,3.29,-1.94,,-1.20,-1.76,-1.98,1.34,-1.13,2.20,1.82,-1.04,-0.89,-3.19,-0.82,4.54,5.63,4.74,1.10,-1.73,0.80,0.23,2.67,3.66,-2.50,-2.14,-3.40,-2.35,2.35,-2.82,-0.86,-1.46,-2.25,-1.97,-3.03,-2.73,-5.57,-5.80,-3.78,-4.98,-4.97,-6.20,-1.69,0.60,-2.49,1.19,5.99,4.92,3.70,1.50,4.05,4.09,1.66,4.39,6.01,1.64,2.10,2.51,0,0.26,-0.72,-0.26,-0.53,-1.97,-0.43,-1.97,-1.55,-1.10,-0.56,-1.24,-3.40,-1.31,-1.48,-1,-1.39,-0.68,-2.47,-0.99,-1.96,-1.85,-2.72,-1.98,1.17,0.30,0.58,-0.02,0.58,-0.50,-1.13,-1.32,-1.85,-4.01,1.75,-1.34,-0.94,-2.59,-2,-2.30,-3.57,,-4,-3.41,-4.58,-4.08,-0.75,-0.64,-0.30,-1.81,-1.95,-2.91,-4.80,,3.50,,1.50,-2.30,-2.40,,,,,,,-0.60,-1.40,,-1.40,-1,-1.30,-1.40,,,,,,,,-0.30,-0.30,-1.20,-2.30,-2.50,,,,,-0.70,,-2.20,-2.70,1.30,1.70,,,,-2.40,,,-3.90,,,0.10,-0.50,-0.70,-0.60,-1.90,-3.10,
2008-12-15 04:30,-1.10,-2.59,5.43,-0.90,3.40,-2.09,-2.11,-1.80,3.73,-2.36,0.03,-1.14,3.21,2.02,5.76,4.42,1.46,0.92,-4.90,-0.18,2.91,2.94,-1.97,,-1.13,-1.68,-2.09,1.19,-1.16,2.10,1.90,-1.23,-0.81,-3.06,-1.58,4.39,5.47,4.58,1.34,-1.59,0.80,0.17,2.70,3.67,-2.30,-1.98,-3.70,-2.38,2.50,-3.14,-0.89,-1.58,-2.14,-2.02,-3.09,-2.80,-5.84,-5.40,-3.79,-4.88,-4.76,-6.10,-1.72,0.44,-2.50,1.10,5.96,4.99,3.70,1.37,4.13,4.16,1.66,4.35,6.09,1.67,2.10,2.52,0,0.38,-0.77,-0.50,-0.43,-2.07,-0.54,-2.09,-1.65,-1.10,-0.59,-1.27,-3.47,-1.29,-1.44,-1.10,-1.33,-0.73,-2.45,-1.05,-1.91,-1.92,-2.77,-1.99,1.09,0.39,0.56,-0.03,0.58,-0.60,-1.03,-1.38,-1.85,-4.03,1.71,-1.40,-0.84,-2.56,-2,-2.35,-3.60,,-3.90,-3.34,-4.55,-4.15,-0.74,-0.59,-0.10,-1.82,-1.98,-2.77,-4.80,,4.70,,2.50,-2.50,-2.60,,,,,,,-0.60,-1.30,,-1.40,-0.90,-1.40,-1.46,,,,,,,,-0.30,-0.30,-1.20,-2.30,-2.50,,,,,-0.70,,-2.20,-2.70,1.30,1.60,0.70,,,-2.40,,,-3.90,,,0.10,-0.50,-0.70,-0.60,-1.90,-3.10,
2008-12-15 04:40,-1.10,-2.62,5.01,-0.91,3,-1.93,-2.11,-1.70,3.46,-2.44,-0.17,-1.22,3.20,1.70,5.70,4.60,2.27,0.86,-5,0.18,2.91,3.15,-2.04,,-1.22,-1.68,-2.24,1.12,-1.25,2,2.62,-1.47,-0.97,-3.07,-1.57,4.32,5.71,4.22,1,-1.91,0.80,0.05,2.24,3.53,-2.30,-2.07,-3.60,-2.56,2.50,-3.29,-1.16,-1.57,-2.15,-2.04,-3.10,-2.94,-5.93,-5.50,-3.97,-4.52,-4.83,-6.20,-1.90,0.40,-2.58,1.17,6.03,5.15,3.80,1.48,4.23,4.14,1.28,4.26,6.06,1.64,2.10,2.80,0.10,0.26,-0.77,-0.50,-0.45,-1.97,-0.51,-2.08,-1.59,-1.10,-0.57,-1.15,-3.37,-1.28,-1.42,-1.10,-1.28,-0.74,-2.47,-1.06,-1.89,-2.02,-2.83,-2.06,1.16,0.42,0.55,-0.02,0.64,-0.60,-1.04,-1.44,-1.78,-3.98,1.78,-1.41,-0.73,-2.58,-2,-2.30,-3.65,,-3.90,-3.29,-4.53,-4.15,-0.82,-0.75,0,-1.86,-2.08,-2.88,-4.70,,6,,3.30,-2.50,-2.60,,,,,,,-0.70,-1.10,,-1.50,-0.90,-1.40,-1.41,,,,,,,,-0.30,-0.30,-1.20,-2.30,-2.50,,,,,-0.80,,-2.30,-2.60,1.30,1.60,0.70,,,-2.40,,,-3.90,,,0,-0.60,-0.70,-0.60,-1.80,-3,
2008-12-15 04:50,-1.10,-2.62,4.44,-0.83,2.80,-1.98,-2.13,-1.70,3.23,-2.43,-0.59,-1.19,3.32,1.18,5.81,4.48,1.92,0.74,-5.30,0.05,3.12,3.18,-2.20,,-1.43,-1.66,-2.06,1.06,-1.05,2.10,3.35,-1.63,-0.77,-3.26,-1.80,4.36,5.75,4.16,1,-1.85,0.90,-0.32,1.88,3.29,-1.90,-2.19,-3.60,-2.63,2.34,-3.31,-1.39,-1.57,-2.22,-2.03,-3.21,-2.94,-5.85,-5.60,-3.74,-4.38,-4.60,-6.10,-2.04,0.24,-2.64,1.15,6.06,5.16,3.80,1.74,4.22,4.06,1.05,4.20,5.96,1.72,2,2.89,0.10,0.19,-0.70,-0.50,-0.56,-1.96,-0.50,-2.16,-1.57,-1.10,-0.60,-1.13,-3.24,-1.23,-1.33,-1.10,-1.58,-0.80,-2.48,-1.09,-1.88,-1.91,-2.83,-2.09,1.33,0.33,0.57,-0.25,0.64,-0.60,-1.11,-1.30,-1.83,-3.99,1.79,-1.35,-0.71,-2.57,-2,-2.18,-3.53,,-3.90,-3.17,-4.49,-4.19,-0.87,-0.75,-0.20,-1.87,-1.98,-2.84,-4.70,,5.80,,3.70,-2.40,-2.70,,,,,,,-0.80,-0.90,,-1.50,-1,-1.40,-1.50,,,,,,,,-0.30,-0.30,-1.20,-2.30,-2.40,,,,,-0.70,,-2.30,-2.60,1.30,1.60,0.70,,,-2.40,,,-3.90,,,0.10,-0.50,-0.70,-0.60,-1.90,-3,
2008-12-15 05:00,-1.10,-2.71,4.04,-1.01,2.80,-1.91,-2.24,-1.80,3.46,-2.32,-0.54,-1.22,3.39,0.81,5.61,4.69,1.62,0.59,-5.70,0.74,3.19,3.59,-2.18,,-1.44,-1.71,-2.01,1.49,-0.86,2.30,2.70,-1.64,-0.64,-3.53,-2.04,4.25,5.69,4.39,1.13,-1.56,1,-0.48,1.91,3.36,-2.30,-2.13,-4,-2.60,2.64,-3.87,-1.44,-1.52,-2.40,-1.96,-3.29,-2.87,-5.48,-5.60,-3.34,-4.41,-4.80,-6.20,-2,0.22,-2.46,1.23,6.01,5.21,4.10,2.02,4.27,4.05,1.01,4.23,5.82,1.65,1.50,3.06,-0.01,0.48,-0.58,-0.70,-0.53,-1.94,-0.54,-2.18,-1.49,-1.10,-0.65,-1.29,-3.27,-1.26,-1.31,-1.10,-1.72,-0.77,-2.47,-1.06,-1.99,-1.84,-2.79,-2.05,1.40,0.22,0.47,-0.18,0.58,-0.70,-1.22,-1.35,-1.75,-3.96,1.80,-1.33,-0.77,-2.55,-2,-2.24,-3.58,,-3.90,-3.25,-4.47,-4.18,-0.88,-0.93,-0.30,-1.78,-1.82,-2.86,-4.70,-2.30,5,-3.30,3.80,-2.60,-2.40,-2.10,5.90,-3,5.60,0.90,0,-0.80,-0.80,-0.90,-1.50,-1,-1.40,-1.50,-2.30,-0.40,1.50,1.50,0.70,0.50,-0.20,-0.40,-0.30,-1.20,-2.30,-2.40,0.40,0.80,1.10,0.20,-0.80,-1.20,-2.30,-2.60,1.40,1.60,0.80,,0.40,-2.50,-3.30,-2.40,-3.80,0.60,0.40,0,-0.60,-0.70,-0.60,-1.80,-3,-4.80
2008-12-15 05:10,-1.20,-2.92,3.83,-1.17,2.86,-1.87,-2.19,-1.80,3.46,-2.37,-0.29,-1.11,3.06,1.08,5.40,4.75,1.16,0.73,-5.80,1.24,3.12,3.80,-1.86,,-1.47,-1.70,-2.15,1.43,-0.72,2.30,2.77,-1.58,-0.66,-3.53,-2.19,4.16,5.64,4.30,1.30,-1.62,1.20,-0.39,2.05,3.37,-2.10,-2.15,-4.10,-2.51,2.75,-3.71,-1.77,-1.47,-2.28,-1.87,-3.28,-2.87,-5.46,-5.60,-3.26,-4.32,-4.82,-6,-2.02,0.15,-2.42,1.17,5.91,5.16,3.90,1.86,4.40,4.04,1.05,4.23,6.02,1.34,1.10,3.51,-0.10,0.48,-0.53,-0.70,-0.52,-2.06,-0.59,-2.01,-1.63,-1.10,-0.63,-1.22,-3.27,-1.29,-1.32,-1.10,-1.56,-0.78,-2.37,-1.02,-1.99,-1.89,-2.67,-1.93,1.35,-0.09,0.34,-0.07,0.59,-0.70,-1.14,-1.39,-1.82,-3.99,1.81,-1.39,-0.67,-2.57,-2,-2.25,-3.60,,-3.80,-3.09,-4.53,-3.96,-0.89,-0.82,-0.30,-1.76,-1.84,-2.82,-4.60,,6.50,,1,-2.60,-2.10,,,,,,,-0.80,-0.80,,-1.50,-1,-1.40,-1.50,,,,,,,,-0.30,-0.30,-1.20,-2.30,-2.40,,,,,-0.80,,-2.30,-2.60,1.40,1.60,0.80,,,-2.50,,,-3.80,,,0,-0.60,-0.70,-0.60,,-3,
2008-12-15 05:20,-1.40,-3.08,3.78,-1.09,2.85,-1.92,-2.20,-1.80,3.24,-2.41,-0.02,-1.28,3.03,1.04,5.32,4.78,1.24,0.77,-5.70,2.75,3.02,4.12,-1.67,,-1.61,-1.70,-2.38,1.23,-0.74,2.10,3.06,-1.38,-0.75,-3.58,-2.34,4.33,5.74,4.20,1.76,-1.94,1.40,-0.30,2.22,3.50,-1.90,-2.20,-3.60,-2.40,2.59,-3.91,-1.71,-1.51,-2.26,-1.89,-3.19,-2.84,-5.22,-5.60,-3.08,-4.30,-4.82,-5.90,-2.32,0.27,-2.46,1.13,5.99,5.39,3.80,1.85,4.44,3.99,0.63,4.13,5.93,1.38,1,3.23,-0.10,0.61,-0.54,-0.80,-0.61,-2.09,-0.59,-1.97,-1.60,-1.10,-0.67,-1.18,-3.41,-1.30,-1.38,-1.10,-1.60,-0.81,-2.46,-1.03,-1.99,-1.87,-2.61,-2.08,1.26,-0.01,0.36,-0.08,0.56,-0.60,-1.13,-1.41,-1.79,-4,1.94,-1.39,-0.66,-2.52,-2.10,-2.23,-3.58,,-3.80,-3.08,-4.55,-3.94,-0.90,-0.88,-0.20,-1.73,-1.73,-2.93,-4.60,,7,,0.90,-2.80,-1.80,,,,,,,-0.80,-0.80,,-1.50,-1,-1.40,-1.51,,,,,,,,-0.30,-0.40,-1.30,-2.30,-2.30,,,,,-0.70,,-2.20,-2.50,1.30,1.60,0.80,,,-2.40,,,-3.80,,,0,-0.60,-0.70,-0.60,-1.80,-3,
2008-12-15 05:30,-1.40,-2.87,4.31,-0.97,3.06,-2.02,-2.19,-1.80,2.57,-2.41,-0.09,-1.86,3.32,0.41,5.42,4.72,1.16,0.62,-5.80,2.16,3.11,4.06,-1.95,,-1.70,-1.69,-2.14,1.53,-0.83,2.40,2.81,-1.19,-0.61,-3.61,-2.34,4.42,5.74,3.61,1.36,-1.96,1.30,-0.30,2.06,3.85,-2,-2.09,-3.50,-2.47,2.73,-3.56,-1.67,-1.55,-2.29,-1.96,-3.21,-2.77,-4.89,-5.70,-2.80,-4.17,-4.88,-6,-2.39,0.24,-2.47,1.45,6.19,5.31,3.90,1.78,4.44,3.98,0.74,4.14,5.86,1.60,0.80,3.22,-0.20,0.54,-0.51,-0.70,-0.69,-2.05,-0.51,-2.07,-1.63,-1.10,-0.70,-1.22,-3.47,-1.30,-1.42,-1.20,-1.52,-0.79,-2.40,-1.01,-2.02,-1.86,-2.62,-1.96,1.07,-0.13,0.40,-0.10,0.62,-0.70,-1.15,-1.46,-1.72,-3.91,1.92,-1.33,-0.69,-2.52,-2,-2.33,-3.57,,-3.80,-3.24,-4.48,-4.10,-0.91,-0.98,-0.20,-1.79,-2.13,-2.81,-4.60,,6.80,,1.60,-2.60,-1.70,,,,,,,-0.80,-0.70,,-1.50,-1,-1.40,-1.50,,,,,,,,-0.40,-0.40,-1.30,-2.30,-2.30,,,,,-0.70,,-2.30,-2.50,1.30,1.70,0.80,,,-2.40,,,-3.80,,,0,-0.60,-0.70,-0.60,-1.80,-2.90,
2008-12-15 05:40,-1.50,-2.94,4.51,-1.09,2.71,-2.07,-2.21,-1.80,2.78,-2.36,-0.12,-1.33,3.05,0.79,5.55,4.73,0.87,0.55,-6,1.17,3.07,3.69,-2,,-1.77,-1.71,-2.23,2.01,-0.96,2.40,2.90,-1.43,-0.37,-3.66,-2.07,4.39,5.72,2.75,1.09,-1.81,1.60,-0.07,2.41,4.02,-2.40,-2.02,-3.40,-2.49,2.87,-3.12,-1.78,-1.53,-2.21,-1.89,-3.24,-2.87,-4.90,-5.80,-2.77,-3.94,-4.92,-6,-2.47,0.50,-2.42,1.60,6.08,5.10,4.10,1.91,4.31,3.97,0.82,4.22,5.86,1.51,0.80,4.35,-0.40,0.37,-0.47,-0.90,-0.58,-2.03,-0.50,-2.08,-1.64,-1.10,-0.68,-1.24,-3.36,-1.32,-1.48,-1.20,-1.62,-0.78,-2.52,-1.13,-2.04,-1.92,-2.60,-1.89,0.98,-0.08,0.54,-0.23,0.63,-0.70,-1.14,-1.50,-1.67,-3.92,1.83,-1.20,-0.70,-2.44,-2,-2.27,-3.55,,-3.80,-3.28,-4.46,-3.76,-0.79,-0.97,0,-1.79,-1.91,-2.80,-4.60,,6.70,,0.30,-2.50,-1.90,,,,,,,-0.80,-0.70,,-1.50,-0.80,-1.40,-1.42,,,,,,,,-0.40,-0.40,-1.30,-2.30,-2.30,,,,,-0.80,,-2.30,-2.50,1.40,1.70,0.80,,,-2.40,,,-3.80,,,0,-0.60,-0.70,-0.60,-1.80,-3,
2008-12-15 05:50,-1.50,-3.10,4.53,-1.17,2.73,-1.94,-2.22,-1.80,3.15,-2.46,-0.13,-1.18,3.12,0.98,5.49,4.70,1.01,0.58,-6,1.37,3.25,3.45,-2.19,,-1.79,-1.66,-2.43,1.95,-1.05,2.40,3.27,-1.42,-0.56,-3.68,-2.16,4.44,5.77,2.16,0.56,-1.15,1.70,0.08,2.52,4.22,-2.40,-2.13,-3.50,-2.61,3.32,-3.25,-1.27,-1.36,-2.19,-1.81,-3.21,-2.91,-4.96,-5.90,-2.81,-3.74,-5.06,-6,-2.44,0.70,-2.49,1.37,6.24,5.03,4.10,1.98,4.42,4.14,0.76,4.31,5.88,1.41,0.90,5.61,-0.50,0.25,-0.55,-0.90,-0.67,-2.18,-0.47,-2.05,-1.62,-1.20,-0.70,-1.30,-3.29,-1.28,-1.36,-1.20,-1.67,-0.77,-2.49,-1.13,-2.11,-1.92,-2.66,-1.89,0.98,-0.23,0.55,-0.33,0.64,-0.80,-1.09,-1.45,-1.73,-3.95,1.90,-1.45,-0.69,-2.43,-2,-2.23,-3.59,,-3.80,-3.30,-4.44,-3.78,-0.87,-0.95,0.20,-1.80,-2.06,-2.97,-4.50,,7,,1.40,-2.60,-2,,,,,,,-0.80,-0.90,,-1.50,-0.80,-1.40,-1.38,,,,,,,,-0.40,-0.40,-1.30,-2.30,-2.30,,,,,-0.70,,-2.30,-2.50,1.40,1.70,0.80,,,-2.40,,,-3.70,,,0,-0.60,-0.70,-0.60,-1.80,-2.90,
2008-12-15 06:00,-2,-1,4.28,-1,3,-1.94,-2.22,-1.90,3.02,-2.39,-0.14,-0.78,3.35,1,5.40,6,3,0.54,-6,1.08,3,3.94,-2.41,0,-1,-2,-2.80,2.24,-2,3,4,-2,-0.61,-3,-2.07,3,6,2,1,0,1,-0.12,2,4,-2.30,-2.14,-5,-2.72,3,-3.41,-1,-1,-2.11,-1.73,-3.15,-2,-5,-5,-3,-3.47,-5.14,-6,-2.33,0.55,-2.50,0.91,6.27,5.03,4.10,1.93,4.33,4.05,0.85,4.23,5.89,1.33,1.50,5.97,0,50,-3,-0.90,-0.61,-2,-0.43,-2.08,-3,-1.20,-0.69,-1.31,-3.21,-1.30,-1,-1.20,-1,-0.85,-2.46,-1.18,-2.06,-1.90,-2.56,-1.93,0.99,-0.32,0.44,-0.33,0.72,-0.70,-1.14,-1.53,-1.76,-3.97,1.87,-1.39,-0.68,-2.49,-2,-2.24,-3.45,,-3.70,-3.34,-4.35,-4.08,-0.70,-0.80,-0.10,-1.75,-1.50,-2.91,-4.50,-2,7,-3,2.50,-2.50,-2.10,-2,6,-3,6,1,-1,-1,-1,-0.90,-1.40,-0.80,-1.30,-1.50,-2.30,-0.30,1,1,0.70,0.50,-0.20,-0.40,-0.40,-1.30,-2.20,-2.30,1.20,0.70,1.20,0.10,-0.70,-1.10,-2.20,-2.40,1.40,1.70,0.80,-0.70,0.50,-2.30,-3.30,-2.30,-3.70,0.80,0.40,0,-0.60,-0.60,-0.50,-1.80,-2.90,-4.60
2008-12-15 06:10,-1.60,-3.01,3.88,-1.20,3.10,-1.98,-2.29,-1.90,2.58,-2.41,-0.12,-1.84,3.53,1.24,5.33,4.74,1.99,0.62,-5.90,0.82,3.35,4.56,-2.21,,-2,-1.68,-3.40,2.20,-1.28,2.60,3.38,-1.92,-0.64,-2.68,-2.33,4.58,5.82,1.11,0.08,-0.99,1.20,-0.23,2.32,4.20,-2.60,-2.17,-3.80,-2.78,3.19,-3.18,-1.14,-1.49,-2.05,-1.66,-3.20,-2.73,-4.85,-6,-3.06,-3.54,-5.19,-6,-2.32,0.46,-2.60,0.85,5.98,5,4.20,2.29,4.32,3.99,1.07,4.40,5.80,1.30,2.40,6.15,-0.70,0.35,-0.53,-0.62,-0.60,-2.25,-0.52,-2.04,-1.62,-1.20,-0.62,-1.22,-3.21,-1.26,-1.29,-1.20,-1.59,-0.80,-2.42,-1.22,-2.04,-1.95,-2.54,-1.87,0.84,-0.25,0.53,-0.37,0.69,-0.70,-1.08,-1.40,-1.71,-3.94,1.91,-1.35,-0.75,-2.46,-2,-2.29,-3.44,,-3.70,-3.34,-4.35,-4.12,-0.79,-1.04,0,-1.81,-1.81,-2.80,-4.40,,6.80,,2.60,-2.50,-2.10,,,,,,,-0.90,-0.80,,-1.50,-0.80,-1.30,-1.52,,,,,,,,-0.50,-0.40,-1.30,-2.20,-2.30,,,,,-0.70,,-2.30,-2.40,1.40,1.70,0.90,,,-2.40,,,-3.80,,,0,-0.50,-0.50,-0.60,-1.70,-2.90,
2008-12-15 06:20,-1.50,-3.05,3.39,-1.29,3.28,-2,-2.26,-1.90,2.08,-2.30,-0.30,-1.54,3.29,0.83,4.99,4.76,3.18,0.90,-5.90,0.77,3.35,4.30,-2.40,,-1.83,-1.72,-3.39,2.33,-1.48,2.50,3.58,-1.59,-0.76,-2.39,-2.63,4.88,5.65,1.42,0.05,-0.86,1.40,-0.11,2.37,4.14,-2.60,-2.14,-3.90,-2.87,2.82,-3.20,-0.92,-1.48,-2.07,-1.74,-3.22,-2.71,-4.94,-6.10,-2.96,-3.61,-5.20,-6.20,-2.48,0.42,-2.69,1.26,6.23,5.06,4.30,2.17,4.23,4.09,1.06,4.33,5.87,1.31,2.30,5.73,-0.70,0.45,-0.56,-0.63,-0.58,-2.20,-0.52,-2.01,-1.60,-1.20,-0.60,-1.39,-3.27,-1.32,-1.34,-1.20,-1.52,-0.75,-2.47,-1.25,-2.03,-1.92,-2.47,-1.86,0.71,-0.31,0.40,-0.46,0.62,-0.70,-1.19,-1.38,-1.72,-3.89,1.99,-1.26,-0.79,-2.41,-1.90,-2.34,-3.53,,-3.70,-3.33,-4.38,-3.95,-0.84,-0.90,-0.20,-1.81,-1.87,-2.71,-4.40,,6.70,,2.20,-2.50,-2.10,,,,,,,-1,-0.80,,-1.40,-0.90,-1.30,-1.54,,,,,,,,-0.50,-0.40,-1.30,-2.20,-2.30,,,,,-0.70,,-2.30,-2.40,1.40,1.70,0.90,,,-2.40,,,-3.70,,,0,-0.50,-0.50,-0.50,-1.70,-2.90,
2008-12-15 06:30,-1.60,-3.06,2.80,-1.30,3.21,-2.13,-2.26,-1.90,2.10,-2.35,-0.03,-1.20,3.17,1.18,4.74,4.89,2.52,0.92,-6.10,1.26,3.41,4.25,-2.15,,-1.95,-1.76,-3.54,1.89,-1.44,2.40,3.95,-1.84,-0.26,-2.04,-2.75,4.90,5.25,1.55,0.25,-0.88,1.30,-0.07,2.25,4.20,-2.40,-2.10,-4,-3.02,2.55,-3.39,-0.79,-1.37,-2.10,-1.81,-3.12,-2.78,-5.01,-6.10,-3.29,-3.68,-5.32,-6.40,-2.42,0.53,-2.66,1.55,6.08,5.08,4.20,1.95,4.24,4.11,1.47,4.41,5.85,1.13,2.20,3.90,-0.80,0.38,-0.49,-0.64,-0.64,-2.18,-0.60,-2,-1.53,-1.20,-0.70,-1.38,-3.20,-1.32,-1.47,-1.10,-1.55,-0.71,-2.47,-1.24,-2.03,-1.97,-2.48,-1.91,0.57,-0.33,0.51,-0.43,0.61,-0.80,-1.38,-1.48,-1.67,-3.87,1.98,-1.22,-0.73,-2.46,-2,-2.26,-3.44,,-3.70,-3.16,-4.36,-3.79,-0.81,-0.74,0,-1.75,-1.94,-2.73,-4.30,,6.40,,1.80,-2.50,-2.10,,,,,,,-1,-0.80,,-1.40,-0.80,-1.40,-1.45,,,,,,,,-0.50,-0.50,-1.30,-2.20,-2.30,,,,,-0.70,,-2.30,-2.40,1.40,1.60,,,,-2.30,,,-3.70,,,0,-0.50,-0.50,-0.60,-1.70,-2.90,
2008-12-15 06:40,-1.70,-3.14,2.89,-1.35,3.33,-1.98,-2.23,-1.90,2.37,-2.38,0,-1.04,3.06,1.28,4.65,4.98,2.56,0.94,-6.10,0.84,3.43,4.74,-2.35,,-2.01,-1.79,-3.67,2.10,-1.31,2.40,3.77,-2,-0.02,-1.41,-2.69,4.86,4.87,1.98,0.67,-0.74,1.50,-0.20,2.13,4.29,-2.20,-2.21,-4.10,-3,2.56,-3.46,-0.29,-1.39,-2.06,-1.88,-3.07,-2.79,-5.15,-6.20,-3.31,-3.85,-5.31,-6.50,-2.46,0.79,-2.84,2.13,6.02,5.05,4.20,1.78,4.29,4.22,1.60,4.61,5.95,1.17,1.90,2.98,-0.90,0.12,-0.47,-0.68,-0.67,-2.15,-0.64,-2.18,-1.61,-1.20,-0.75,-1.37,-3.11,-1.33,-1.48,-1.10,-1.45,-0.61,-2.56,-1.26,-1.98,-1.94,-2.46,-1.87,0.46,-0.39,0.62,-0.52,0.53,-0.80,-1.21,-1.47,-1.69,-3.86,2.02,-1.30,-0.77,-2.48,-1.90,-2.21,-3.37,,-3.70,-3.31,-4.26,-3.81,-0.72,-0.87,-0.20,-1.69,-1.94,-2.81,-4.40,,4.40,,1.50,-2.50,-2,,,,,,,-1,-0.80,,-1.40,-0.80,-1.40,-1.42,,,,,,,,-0.50,-0.50,-1.40,-2.20,-2.20,,,,,-0.70,,-2.30,-2.30,1.40,1.70,0.90,,,-2.30,,,-3.70,,,0,-0.40,-0.40,-0.60,-1.70,-2.90,
2008-12-15 06:50,-1.70,-3.19,3.52,-1.18,3.26,-2.12,-2.25,-1.90,2.69,-2.40,-0.15,-1.54,3.34,1.58,4.69,5.04,1.26,0.81,-6.10,0.96,3.53,4.63,-2.31,,-1.89,-1.82,-3.85,2.02,-1.34,2.40,3.31,-2.12,-0.23,-1.39,-2.49,4.85,4.64,3.55,0.86,-0.76,1.40,-0.20,2.15,4.35,-2.30,-2.16,-4,-2.80,2.50,-3.32,0.55,-1.39,-1.90,-1.96,-3.12,-2.88,-5.05,-6.10,-3.24,-3.98,-5.21,-6.40,-1.82,1.15,-2.85,2.53,6.05,5.03,4,1.56,4.29,4.24,1.25,4.92,5.91,1.19,1.70,3.23,-0.90,0.08,-0.44,-0.66,-0.67,-2.05,-0.62,-2.13,-1.53,-1.20,-0.76,-1.27,-3.20,-1.35,-1.45,-1.10,-1.48,-0.55,-2.63,-1.24,-1.98,-1.94,-2.42,-1.84,0.50,-0.35,0.57,-0.32,0.56,-0.80,-1.16,-1.53,-1.64,-3.82,2.09,-1.35,-0.65,-2.45,-1.90,-2.30,-3.35,,-3.70,-3.21,-4.28,-3.99,-0.69,-0.91,-0.20,-1.74,-1.86,-2.72,-4.40,,4.10,,2.20,-2.50,-1.90,,,,,,,-1,-0.80,,-1.40,-0.90,-1.40,-1.31,,,,,,,,-0.50,-0.50,-1.30,-2.20,-2.20,,,,,-0.70,,-2.30,-2.30,1.40,1.70,0.90,,,-2.30,,,-3.70,,,0.10,-0.40,-0.40,-0.50,-1.70,-2.90,
2008-12-15 07:00,-1.70,-3.23,3.36,-1.01,3.20,-2.09,-2.27,-1.90,2.87,-2.41,-0.49,-1.55,3.57,2.78,4.76,5.06,1.09,0.89,-6,0.47,3.34,4.52,-2.29,,-1.79,-1.83,-3.88,2.28,-1.08,2.70,4.32,-2.05,-0.29,-1.54,-2.32,4.81,4.52,4.73,1.83,-0.67,1.70,0.38,2.38,4.55,-2.50,-1.93,-3.60,-2.75,2.30,-3.13,1.09,-1.32,-1.87,-1.90,-3.20,-2.88,-5.09,-6.10,-3.42,-4.03,-5.03,-6.20,-1.48,1.33,-2.82,2.73,6.26,4.89,4,1.55,4.40,4.20,1,5.08,5.89,1.26,1.60,3.66,-1,-0.15,-0.43,-0.63,-0.61,-2.16,-0.60,-2.11,-1.46,-1.20,-0.78,-1.23,-3.16,-1.34,-1.31,-1.10,-1.52,-0.49,-2.49,-1.23,-1.95,-1.94,-2.42,-1.79,0.59,-0.32,0.63,-0.09,0.52,-0.80,-1.17,-1.53,-1.65,-3.83,1.99,-1.24,-0.73,-2.39,-1.90,-2.21,-3.38,,-3.70,-3.10,-4.30,-3.92,-0.77,-0.93,-0.20,-1.75,-1.66,-2.67,-4.40,-1.90,3.20,-3.10,3.10,-2.50,-1.70,-1.90,6.10,-2.80,5.90,0.40,-0.60,-1,-0.70,-0.90,-1.40,-0.80,-1.40,-1.40,-2.20,-0.10,0.80,0.50,0.50,0.60,-0.40,-0.50,-0.50,-1.30,-2.20,-2.20,1.70,1,1.20,0,-0.70,-1.20,-2.30,-2.30,1.40,1.70,1,-0.50,0.60,-2.30,-3.20,,-3.70,0.90,0.50,0.10,-0.30,-0.40,-0.40,-1.60,-2.90,-4.50
2008-12-15 07:10,-1.80,-3.25,3.81,-1.05,3.14,-2.06,-2.26,-1.90,2.88,-2.38,-0.60,-1.37,3.65,4.91,5.21,5.10,1.98,1.03,-5.90,0.66,3.25,4.86,-2.19,,-1.78,-1.85,-3.85,2.89,-1.05,3.10,4.93,-1.99,-0.24,-2.30,-1.41,4.78,4.55,4.70,3.75,-0.74,1.80,0.21,2.34,4.80,-2,-1.90,-3.40,-2.77,2.42,-1.97,1.30,-1.27,-2.05,-1.91,-3.18,-2.78,-5.22,-6.10,-3.52,-4.07,-4.87,-6.20,-1.35,1.62,-2.86,2.71,6.16,4.87,4,1.56,4.39,4.33,1.30,5.15,5.93,1.44,1.50,2.61,-0.90,0.07,-0.45,-0.80,-0.58,-2.17,-0.52,-2.08,-1.50,-1.20,-0.72,-1.32,-3.12,-1.31,-1.24,-1.10,-1.61,-0.36,-2.61,-1.25,-1.84,-1.91,-2.45,-1.64,0.39,-0.38,0.65,-0.14,0.57,-0.90,-1.13,-1.54,-1.65,-3.84,2.07,-1.21,-0.70,-2.32,-1.90,-2.14,-3.36,,-3.60,-3.18,-4.23,-3.94,-0.75,-0.86,0.10,-1.64,-1.57,-2.71,-4.30,,3.50,,3.60,-2.30,-1.50,,,,,,,-0.90,-0.70,,-1.40,-0.80,-1.40,-1.36,,,,,,,,-0.50,-0.50,-1.30,-2.30,-2.20,,,,,-0.70,,-2.20,-2.30,1.40,1.70,1,,,-2.30,,,-3.70,,,0.10,-0.30,-0.40,-0.40,-1.60,-2.80,
2008-12-15 07:20,-1.80,-3.07,4.91,-1.08,3.35,-2.04,-2.25,-1.90,2.49,-2.38,-0.64,-1.06,3.87,4.85,6.03,5.25,2.87,1.04,-5.70,0.56,3.33,4.94,-2.13,,-1.72,-1.83,-3.89,3.04,-0.93,3.40,5.41,-1.85,-0.10,-2.32,3.37,4.73,4.69,4.75,2.70,-0.30,1.90,-0.02,2.21,4.65,-1.80,-1.82,-3.10,-2.40,2.17,-0.96,1.50,-1.33,-2.08,-1.69,-3.08,-2.80,-4.95,-5.80,-3.75,-4.09,-4.84,-5.90,-0.93,1.62,-2.88,2.19,6.16,4.77,4,1.39,4.35,4.34,1.15,5.23,5.90,1.83,1.50,2.89,-1,0.33,-0.33,-0.70,-0.64,-2.18,-0.43,-1.97,-1.45,-1.10,-0.59,-1.26,-3.16,-1.24,-1.33,-1,-1.63,-0.22,-2.61,-1.19,-1.85,-1.94,-2.43,-1.62,0.36,-0.45,0.54,-0.01,0.52,-0.90,-1.15,-1.55,-1.66,-3.85,2.11,-1.22,-0.71,-2.36,-1.90,-2.21,-3.35,,-3.60,-3.15,-4.27,-3.68,-0.78,-0.81,0,-1.78,-1.96,-2.69,-4.20,,5.50,,4.20,-2.20,-1.40,,,,,,,-0.80,-0.60,,-1.30,-0.30,-1.50,-1.25,,,,,,,,-0.50,-0.50,-1.30,-2.20,-2.20,,,,,-0.70,,-2.20,-2.30,1.40,1.70,,,,-2.20,,,-3.60,,,0.20,-0.30,-0.40,-0.40,-1.60,-2.80,
2008-12-15 07:30,-1.80,-2.82,5.57,-1,3.51,-2.06,-2.14,-1.90,2.83,-2.34,-0.41,-1.32,4.04,6.03,6.17,5.35,3.65,1.15,-5.50,1.38,3.41,4.68,-1.99,,-1.43,-1.87,-3.69,3.19,-1,3.50,5.52,-1.24,-0.02,-2.03,4.78,4.83,4.72,4.83,2.54,-0.25,1.90,0.09,2.23,4.65,-1.60,-1.65,-3.10,-2.01,2.17,-0.17,1.95,-1.25,-1.93,-1.48,-3.08,-2.71,-4.58,-5.50,-3.11,-4.01,-4.68,-5.60,-0.50,1.53,-2.68,2.07,6.16,4.77,4,1.49,4.65,4.31,0.86,5.33,5.75,2.18,1.50,3.94,-1.10,0.26,-0.30,-0.70,-0.70,-2.17,-0.41,-1.93,-1.40,-1.10,-0.47,-1.08,-3.13,-1.15,-1.45,-1,-1.55,-0.14,-2.60,-1.20,-1.80,-1.91,-2.40,-1.65,0.48,-0.26,0.56,0.18,0.57,-0.90,-1.03,-1.51,-1.73,-3.73,1.98,-1.29,-0.71,-2.38,-1.80,-2.17,-3.29,,-3.50,-3.23,-4.19,-3.83,-0.63,-0.85,0,-1.66,-1.58,-2.69,-4.20,,6.30,,4.50,-1.80,-1.30,,,,,,,-0.80,-0.60,,-1.30,-0.20,-1.40,-1.19,,,,,,,,-0.50,-0.60,-1.20,-2.20,-2.20,,,,,-0.70,,-2.20,-2.20,1.40,1.70,1,,,-2.20,,,-3.70,,,0.20,-0.30,-0.30,-0.40,-1.60,-2.70,
2008-12-15 07:40,-1.80,-2.51,5.37,-0.99,3.54,-2.15,-2.12,-1.90,3.22,-2.24,-0.15,-1.08,3.96,6.02,6.07,5.42,3.77,1.02,-5.50,1.60,3.40,4.41,-1.91,,-1.25,-1.85,-3.52,3.49,-1.02,3.70,5.55,-0.70,-0.03,-1.16,5.07,5,4.66,5.13,4.22,-0.04,1.90,0.09,2.26,4.77,-1.40,-1.47,-3.10,-1.65,2.29,0.16,2.44,-1.12,-1.79,-1.35,-2.96,-2.71,-4.12,-5.10,-2.55,-3.90,-4.41,-5,-0.13,1.83,-2.54,2.47,6.23,4.69,3.90,1.44,4.57,4.34,0.68,5.42,5.83,2.08,1.50,3.72,-1.10,0.14,-0.24,-0.80,-0.75,-2.09,-0.35,-1.98,-1.40,-1,-0.44,-0.91,-3,-1.14,-1.32,-0.90,-1.38,-0.08,-2.55,-1.13,-1.68,-1.82,-2.32,-1.52,0.46,0,0.54,0.30,0.66,-0.90,-0.89,-1.48,-1.72,-3.77,2.02,-1.38,-0.58,-2.34,-1.80,-2.30,-3.19,,-3.50,-3.18,-4.18,-3.83,-0.74,-0.84,-0.10,-1.60,-1.68,-2.71,-4.10,,6.50,,4.40,-1.40,-1.20,,,,,,,-0.80,-0.60,,-1.20,0,-1.50,-1.16,,,,,,,,-0.50,-0.50,-1.20,-2.30,-2.20,,,,,-0.80,,-2.20,-2.20,1.50,1.80,1.10,,,-2.20,,,-3.60,,,0.20,-0.30,-0.30,-0.20,-1.50,-2.70,
2008-12-15 07:50,-1.70,-2.35,5.15,-0.86,4.29,-2.11,-2.07,-1.80,4.05,-2.23,0.37,-0.70,3.67,5.36,5.71,5.64,3.89,0.94,-5.30,1.32,3.34,4.57,-1.56,,-1.15,-1.85,-3.34,3.63,-0.94,3.90,5.50,-0.36,-0.20,0.01,5.13,5.20,4.53,5.53,5.11,0.14,2.10,0.22,2.11,4.86,-1,-1.34,-2.90,-1.14,2.43,0.77,2.24,-0.98,-1.87,-1.20,-2.99,-2.67,-3.74,-4.80,-2.25,-3.54,-4.01,-4.10,0.29,1.97,-2.53,2.80,6.12,4.73,3.90,1.37,4.69,4.32,0.63,5.56,5.82,2.04,1.50,2.81,-1.10,0.26,-0.33,-0.70,-0.78,-2.02,-0.38,-1.87,-1.36,-0.90,-0.32,-0.85,-3.10,-1.12,-1.25,-0.80,-1.08,0.06,-2.45,-1.12,-1.71,-1.77,-2.29,-1.49,0.59,-0.05,0.68,0.38,0.61,-0.80,-0.84,-1.51,-1.68,-3.80,2.05,-1.19,-0.60,-2.33,-1.80,-2.20,-3.35,,-3.50,-3.04,-4.14,-3.66,-0.52,-0.79,-0.10,-1.54,-1.50,-2.67,-4.20,,7.20,,4.50,-1.10,-1.10,,,,,,,-0.70,-0.70,,-1.20,,-1.40,-1.11,,,,,,,,-0.50,-0.50,-1.20,-2.30,-2.20,,,,,-0.70,,-2.20,-2.10,1.50,1.80,1.10,,,-2.10,,,-3.60,,,0.30,-0.20,-0.30,-0.30,-1.50,-2.70,
2008-12-15 08:00,-1.40,-2.13,5.46,-0.83,4.25,-1.95,-2.09,-1.90,4.58,-2.21,0.39,-0.20,3.75,5.48,5.51,5.95,4.38,1.03,-4.90,2.48,3.63,4.72,-1.31,,-1.16,-1.84,-3.33,3.70,-0.69,4,5.60,0.07,-0.08,2.24,5.15,5.13,4.90,5.73,3.78,0.12,2.10,0.39,2.16,4.74,-0.20,-1.09,-2.30,-0.71,2.44,1,2.37,-1.05,-1.83,-0.99,-2.92,-2.42,-3.42,-4.10,-2.04,-2.84,-3.28,-3.30,0.59,1.92,-2.49,3.14,6.32,4.80,4,1.44,4.79,4.35,0.68,5.71,5.92,1.89,1.60,2.31,-1.10,0.43,-0.31,-0.70,-0.66,-2.07,-0.29,-1.85,-1.22,-0.80,-0.17,-0.56,-3.12,-1.14,-1.23,-0.70,-1.05,-0.10,-2.54,-1.11,-1.69,-1.69,-2.27,-1.48,0.63,0.01,0.66,0.58,0.56,-0.90,-1,-1.61,-1.71,-3.76,2.15,-1.10,-0.67,-2.27,-1.80,-2.09,-3.25,,-3.50,-3.06,-4.18,-3.69,-0.44,-0.73,0,-1.46,-1.66,-2.53,-4.10,-2.40,5.60,-3,5.30,-0.90,-0.70,-1.60,6.40,-2.60,6.60,0.70,-0.40,-0.70,-0.60,-0.60,-1,0.50,-1.40,-1,-2.10,0.30,1.40,0.80,1.30,0.60,-0.30,-0.50,-0.50,-1.20,-2.30,-2,1.10,1.10,1.20,0,-0.80,-1.30,-2.20,-2.10,1.60,1.90,1.10,-0.30,0.60,-2.10,-3,,-3.60,1,0.60,0.30,-0.20,-0.30,-0.30,-1.50,-2.70,-4.40
2008-12-15 08:10,-1.30,-1.87,5.49,-0.53,4.70,-1.80,-2.03,-1.80,4.65,-2.04,0.43,0.09,3.72,5.20,5.52,6.09,4.67,1.01,-4.70,2.52,3.76,4.77,-1.17,,-0.87,-1.80,-3.34,3.95,-0.47,4.30,5.90,0.94,0.27,2.91,5.14,5.17,5.03,5.51,2.51,0.67,2.40,0.40,2.33,4.65,0.10,-0.82,-2,-0.13,2.72,1.31,2.60,-0.93,-1.85,-0.80,-2.89,-2.20,-3.17,-3.20,-1.48,-2.13,-2.54,-2.30,1.13,1.65,-2.32,2.95,6.33,4.76,4.10,1.40,4.76,4.45,0.77,5.85,6.05,1.87,1.90,2.11,-1.09,0.51,-0.20,-0.50,-0.58,-1.94,-0.28,-1.82,-1.25,-0.80,-0.01,-0.43,-2.99,-1.12,-1.20,-0.60,-1.03,0.18,-2.50,-1.01,-1.52,-1.64,-2.10,-1.44,1.03,0.37,0.63,0.62,0.60,-0.90,-0.88,-1.44,-1.69,-3.77,2.13,-1.07,-0.76,-2.22,-1.80,-2.02,-3.18,,-3.50,-3.13,-4.08,-3.72,-0.49,-0.69,0,-1.44,-1.67,-2.41,-4,,4.60,,6.20,-0.70,-0.20,,,,,,,-0.60,-0.50,,-1.10,0.50,-1.30,-0.91,,,,,,,,-0.40,-0.40,-1.10,-2.20,-2,,,,,-0.80,,-2.10,-2,1.60,1.90,,,,-2.10,,,-3.60,,,0.30,-0.20,-0.30,-0.30,-1.40,-2.60,
2008-12-15 08:20,-1.30,-1.76,5.98,-0.19,4.70,-1.77,-2.09,-1.60,4.80,-1.92,0.45,0.46,3.88,4.43,5.66,6.18,4.42,1.07,-4.40,2,4.05,5.41,-0.59,,-0.57,-1.72,-3.23,4.20,-0.06,4.60,6.13,1.19,0.45,3.62,5.15,5.32,5.19,5.76,2.35,0.57,2.40,0.64,2.57,4.70,0.50,-0.66,-1.70,0.18,3.03,1.80,2.55,-0.98,-1.83,-0.38,-2.79,-1.95,-2.48,-2.10,-0.92,-1.17,-1.94,-1.90,1.93,1.44,-1.94,2.81,6.40,4.86,4.20,1.46,4.81,4.61,1.03,6.02,6.06,2.05,2,2.24,-1.10,0.50,-0.01,-0.50,-0.47,-1.81,-0.24,-1.68,-1.22,-0.60,0.17,-0.39,-2.95,-1.08,-1.10,-0.40,-1.02,0.13,-2.40,-0.93,-1.45,-1.65,-2.08,-1.39,1.10,0.51,0.60,0.68,0.55,-0.90,-0.93,-1.35,-1.50,-3.59,2.06,-1.16,-0.76,-2.19,-1.80,-1.99,-3.19,,-3.50,-3.05,-4.04,-3.75,-0.55,-0.81,0,-1.57,-1.65,-2.48,-4,,4.90,,6,-0.90,0.20,,,,,,,-0.60,-0.30,,-1,0.90,-1.30,-0.77,,,,,,,,-0.40,-0.30,-1,-2.20,-2,,,,,-0.80,,-2.10,-2,1.60,1.90,1.20,,,-2.10,,,-3.60,,,0.30,-0.10,-0.30,-0.30,-1.40,-2.60,
2008-12-15 08:30,-1.20,-1.41,6.51,0.25,4.70,-2.01,-2.07,-1.50,5.22,-2,0.68,0.86,4.11,4.91,6.25,6.14,4.20,1.18,-4.20,2.06,3.80,5.57,-0.02,,-0.15,-1.66,-3.10,4.91,0.57,4.70,6.03,1.36,0.56,4.11,5.12,5.24,5.87,5.48,2.82,0.47,2.50,0.85,2.73,4.82,1,-0.35,-1.50,0.20,3.19,2.40,3.09,-0.94,-1.78,-0.19,-2.58,-1.43,-1.83,-1.30,-0.96,-0.46,-1.49,-0.70,2.64,1.70,-1.83,3.25,6.51,4.89,4.50,1.47,4.92,4.58,1.73,6.25,6.24,2.27,2.30,2.67,-1.06,0.49,0.09,-0.40,-0.32,-1.80,-0.11,-1.77,-1.05,-0.50,0.22,-0.13,-2.98,-1.08,-0.91,-0.20,-0.67,0.19,-2.33,-0.84,-1.43,-1.53,-2.07,-1.33,1.25,0.46,0.59,0.95,0.61,-0.80,-0.84,-1.32,-1.55,-3.46,2.11,-1.21,-0.61,-2.16,-1.70,-2.01,-3.19,,-3.40,-3.08,-4.04,-3.70,-0.51,-0.76,0.10,-1.53,-1.82,-2.39,-4,,6.80,,6.30,-0.70,0.40,,,,,,,-0.50,-0.20,,-1.10,1.20,-1.20,-0.80,,,,,,,,-0.30,-0.30,-1,-2.30,-2,,,,,-0.70,,-2,-2,1.60,2,1.20,,,-2.10,,,-3.50,,,0.30,-0.10,-0.30,-0.20,-1.40,-2.50,
2008-12-15 08:40,-1,-1.20,7.25,0.63,4.50,-2.05,-2.03,-1.60,5.29,-1.97,0.61,1.50,4.59,4.88,6.46,6.20,3.64,1.21,-3.80,2.24,3.65,4.27,0.10,,0.16,-1.64,-2.90,5.43,1.27,4.80,5.86,2.09,0.69,4.29,5.12,5.23,5.91,5.66,3.33,1.55,2.60,0.71,2.74,4.95,1.10,-0.28,-1.10,0.69,3.54,3.70,3.59,-0.78,-1.73,0.09,-2.45,-0.85,-1.34,-0.80,-0.37,0.50,-0.87,0.10,4.22,2,-1.69,3.45,6.52,5.01,4.60,1.46,5.03,4.59,2.32,6.25,6.45,2.37,2.60,3.95,-1.03,0.70,0.34,-0.20,-0.40,-1.67,0.06,-1.73,-0.91,-0.30,0.37,0.01,-2.98,-1.01,-0.77,-0.20,-0.66,0.11,-2.28,-0.74,-1.40,-1.53,-2.03,-1.31,1.33,0.55,0.67,1.16,0.73,-0.80,-0.75,-1.32,-1.71,-3.42,2.23,-1.18,-0.71,-2.16,-1.60,-2.09,-3.20,,-3.40,-3.06,-4.04,-3.54,-0.55,-0.73,0.10,-1.38,-1.63,-2.40,-3.90,,7.60,,7.20,-0.30,0.70,,,,,,,-0.50,0,,-1.20,1.70,-1.20,-0.75,,,,,,,,-0.30,-0.20,-1,-2.20,-1.90,,,,,-0.70,,-2,-1.90,1.70,2,1.20,,,-2,,,-3.50,,,0.40,0,-0.20,-0.20,-1.40,-2.40,
2008-12-15 08:50,-0.60,-1.35,7.54,0.73,4.50,-1.85,-1.96,-1.70,5.12,-2,0.81,2.01,4.81,4.85,6.95,6.45,4.58,1.27,-3.40,2.70,3.83,4.08,0.41,,0.50,-1.50,-2.71,5.66,1.78,5.10,6.09,2.56,1.15,4.48,5.22,5.48,5.63,5.87,3.47,4.02,2.50,0.67,2.52,5.10,1.20,0.04,-0.80,0.98,3.78,4.55,3.78,-0.78,-1.74,0.56,-2.39,-0.70,-1.14,-0.60,0.50,1.10,-0.31,0.90,5.21,2.74,-1.35,3.90,6.59,4.97,4.70,1.53,5.24,4.58,2.85,6.32,6.45,2.63,2.70,4.10,-0.98,1.08,0.69,0.10,-0.34,-1.75,0.19,-1.73,-0.76,0,0.45,0.21,-2.98,-0.88,-0.69,-0.30,-0.48,0.21,-2.24,-0.69,-1.31,-1.49,-1.94,-1.23,1.38,0.61,0.65,1.41,0.68,-0.80,-0.74,-1.30,-1.56,-3.39,2.05,-1.21,-0.53,-2.12,-1.60,-1.97,-3.13,,-3.50,-2.85,-3.94,-3.73,-0.55,-0.64,0.30,-1.37,-1.58,-2.53,-3.90,,5.60,,8.20,0,1.10,,,,,,,-0.40,0,,-1,1.90,-1.10,-0.65,,,,,,,,-0.20,-0.20,-1,-2.20,-2,,,,,-0.70,,-2,-1.90,1.70,2,1.30,,,-2,,,-3.50,,,0.40,0,-0.20,-0.10,-1.40,-2.40,
2008-12-15 09:00,-0.50,-1.43,7.63,1.16,4.80,-1.88,-1.86,-1.60,5.47,-2.01,1.27,2.65,4.85,4.27,7.11,6.70,4.77,1.37,-3.10,2.71,3.81,5.05,0.91,,0.86,-1.51,-2.46,6.15,2.41,5.50,6.50,3.19,1.59,4.69,5.39,5.44,5.86,6.57,4.14,4.75,2.40,0.53,2.30,5.70,1.50,0.24,-0.40,1.50,4.12,5.50,3.15,-0.70,-1.74,0.81,-2.29,-0.39,-0.71,-0.10,0.56,1.52,0.32,1.50,5.95,2.93,-1.01,4.11,6.74,5.05,4.80,1.64,5.38,4.47,3.12,6.37,6.44,2.78,2.40,4.85,-0.90,1.01,0.96,0.40,-0.28,-1.65,0.41,-1.72,-0.72,0,0.53,0.48,-2.84,-0.71,-0.73,-0.20,-0.40,0.30,-2.18,-0.70,-1.21,-1.42,-1.98,-1.30,1.43,0.84,0.64,1.59,0.85,-0.70,-0.66,-1.23,-1.52,-3.23,2.23,-1.11,-0.72,-2.09,-1.60,-1.96,-3.17,,-3.50,-2.88,-3.92,-3.89,-0.36,-0.59,0.20,-1.41,-1.79,-2.48,-3.90,-2.20,6.30,-2.70,8,0.20,1.30,-1.50,7,-2.50,7.10,1.60,-0.10,-0.40,0.20,-0.10,-0.80,2,-1,-0.90,-1.80,0.50,1.80,1.50,2.50,0.60,0,-0.10,-0.20,-1,-2,-2,1.60,1.50,1.40,0.20,-0.70,-1.10,-1.90,-1.90,1.80,2.10,1.40,,0.70,-2,-2.90,,-3.40,1.20,0.60,0.40,0,-0.10,0.10,-1.20,-2.40,-4.20
2008-12-15 09:10,-0.30,-1.35,7.46,1.71,4.90,-1.85,-1.89,-1.60,5.62,-2.03,1.17,3.09,4.77,5.72,7.26,6.60,4.40,1.49,-2.70,3.32,3.74,5.27,1.39,,1.13,-1.45,-2.25,6.11,2.87,5.50,6.74,3.66,1.81,4.80,5.75,5.86,6.32,6.88,4.37,5.02,2.30,0.49,2.31,6.19,1.80,0.40,0,1.68,4.54,5.43,3.23,-0.55,-1.69,1.07,-2.22,0.03,-0.17,1,1.65,2.03,1.07,2,6.28,2.93,-0.66,4.50,6.90,5.11,5,1.70,5.59,4.54,3.35,6.46,6.44,3.17,2.50,6.37,-0.80,1.34,1.33,0.70,-0.23,-1.52,0.53,-1.65,-0.64,0.10,0.63,0.55,-2.83,-0.54,-0.75,-0.10,-0.40,0.29,-2.11,-0.59,-1.23,-1.38,-1.84,-1.24,1.45,1.08,0.64,1.63,0.91,-0.70,-0.77,-1.20,-1.51,-3.15,2.27,-1.15,-0.53,-1.99,-1.50,-1.90,-3.18,,-3.40,-2.75,-3.90,-3.51,-0.39,-0.51,0.10,-1.37,-1.46,-2.33,-3.80,,7.90,,8.10,0.30,1.70,,,,,,,-0.30,0.60,,-0.80,2,-1,-0.70,,,,,,,,0,-0.10,-1,-2.10,-2,,,,,-0.70,,-1.90,-1.80,1.80,2.10,1.40,,,-2,,,-3.30,,,0.50,0,0,0.10,-1.30,-2.30,
2008-12-15 09:20,-0.10,-1.16,7.48,1.99,4.90,-1.64,-1.93,-1.50,6.05,-2.07,1.20,3.91,4.80,5.93,7.46,6.62,4.89,1.56,-1.60,3.22,3.72,5.65,2.28,,1.17,-1.40,-2.06,5.79,3.01,5.70,6.90,3.58,1.89,5.12,6.08,6.28,6.31,7.14,4.67,4.86,2.20,0.31,2.34,6.06,2.10,0.29,0.70,2.01,4.83,5.49,3.51,-0.47,-1.62,1.37,-2.19,0.58,0.20,2,2.26,2.63,1.52,2.20,6.57,3.14,-0.31,5.04,7.20,5.14,5.20,1.79,5.92,4.59,3.53,6.48,6.57,3.28,2.70,7.53,-0.70,1.15,1.69,1.10,-0.06,-1.33,0.76,-1.49,-0.46,0.20,0.85,0.63,-2.59,-0.37,-0.49,0.30,-0.39,0.17,-2.16,-0.53,-1.15,-1.36,-1.82,-1.17,1.49,1.33,0.73,1.82,1.05,-0.70,-0.72,-1.24,-1.54,-3.12,2.21,-1.14,-0.63,-1.99,-1.50,-1.86,-3.03,,-3.40,-2.64,-3.93,-3.33,-0.53,-0.48,0.10,-1.31,-1.33,-2.27,-3.80,,7.30,,8.30,0.60,1.90,,,,,,,-0.10,0.70,,-0.70,2.20,-0.80,-0.59,,,,,,,,0,0,-0.90,-2.10,-1.90,,,,,-0.70,,-1.80,-1.80,1.80,2.10,1.50,,,-2,,,-3.30,,,0.50,0,0,0,-1.30,-2.30,
2008-12-15 09:30,0.40,-1.02,8.01,3.20,4.90,-1.58,-1.87,-1.50,6.13,-1.96,1.08,4.86,4.15,4.45,7.69,6.81,5.47,1.68,-1,3.57,3.69,5.72,3.20,,1.37,-1.31,-2.10,5.40,3.25,5.70,6.88,4,2.13,5.53,6.79,6.56,6.08,7.42,4.68,4.65,2.20,0.02,2.36,6.08,2.20,0.07,1.40,2.33,4.68,5.76,3.42,-0.49,-1.58,1.63,-2.14,0.83,0.36,2.20,2.70,3.06,2.27,2.60,6.76,3.13,0.06,5.25,7.72,5.21,5.30,1.73,6.22,4.52,3.94,6.58,6.64,3.67,2.80,8.09,-0.80,1.37,1.91,1.30,-0.20,-1.37,0.95,-1.39,-0.25,0.40,1.13,0.87,-2.52,-0.36,-0.43,0.30,-0.38,0.18,-2.08,-0.58,-1.19,-1.33,-1.72,-1.17,1.60,1.55,0.83,1.96,1.13,-0.60,-0.79,-1.21,-1.54,-3.04,2.27,-1.17,-0.68,-1.92,-1.50,-1.82,-3.10,,-3.40,-2.65,-3.91,-3.52,-0.46,-0.40,0,-1.28,-1.65,-2.39,-3.80,,7.90,,9.20,1.40,2,,,,,,,-0.10,1.30,,-0.60,2.50,-0.60,-0.52,,,,,,,,0.20,0,-0.90,-2,-1.90,,,,,-0.80,,-1.90,-1.70,1.90,2.10,,,,-2,,,-3.20,,,0.60,0.20,0,-0.10,-1.30,-2.30,
2008-12-15 09:40,0.80,-0.78,8.17,5.65,5,-1.59,-1.89,-1.40,5.99,-1.86,1.48,5.62,4.03,4.45,7.88,6.96,5.84,1.72,-0.40,3.48,3.74,5.77,3.51,,1.68,-1.14,-1.92,5.55,3.77,5.20,6.28,5.44,2.51,6.11,7.18,6.56,6.14,7.38,4.98,5.07,2,-0.18,2.37,5.78,2.50,0.12,2.20,2.47,4.67,6.07,3.23,-0.54,-1.54,1.94,-2.06,0.73,0.47,2.30,3.03,3.24,2.69,2.30,6.86,3.27,0.76,5.43,7.71,5.29,5.70,2.01,6.39,4.48,4.42,6.54,6.51,3.80,2.20,8.42,-0.70,1.65,2.17,1.60,-0.01,-1.19,1.22,-1.42,0.06,0.60,1.32,1.02,-2.35,-0.01,-0.43,0.20,-0.32,0.39,-1.96,-0.37,-1.16,-1.27,-1.74,-1.17,1.69,1.88,0.59,2.15,1.22,-0.60,-0.73,-1.12,-1.46,-3.07,2.29,-1.09,-0.68,-1.87,-1.40,-1.83,-3.14,,-3.40,-2.60,-3.95,-3.54,-0.44,-0.26,0.10,-1.31,-1.40,-2.41,-3.80,,7.30,,9.60,1.70,2.50,,,,,,,0,1.60,,-0.40,2.80,-0.60,-0.53,,,,,,,,0.20,0.10,-1,-2,-1.90,,,,,-0.80,,-1.90,-1.70,1.90,2.10,1.60,,,-1.90,,,-3.10,,,0.60,0.20,0,-0.10,-1.30,-2.30,
2008-12-15 09:50,1.30,-0.41,8.24,7.16,5,-1.32,-1.74,-1.40,5.87,-1.60,1.24,5.71,4.06,4.75,7.84,7.07,5.84,1.56,0.20,3.34,3.80,5.43,3.77,,1.62,-1.03,-1.51,6.14,4.43,5.20,5.96,7.35,2.62,6.48,7.28,6.78,6.16,7.70,4.85,5.04,1.70,-0.14,2.39,6,2.80,0.21,2.80,2.99,4.67,6.55,3.40,-0.47,-1.43,2.15,-1.92,0.66,0.88,3,3.56,3.40,3.61,3.60,6.98,3.34,1.92,5.54,7.46,5.29,5.60,2.01,6.30,4.67,4.86,6.65,6.59,3.86,2.10,8.54,-0.80,1.96,2.40,1.90,-0.03,-1.22,1.44,-1.33,0.51,0.80,1.45,1.16,-2.18,0.17,-0.24,0.40,-0.26,0.57,-1.91,-0.24,-1.31,-1.24,-1.68,-1.15,1.87,2.08,0.80,2.36,1.43,-0.60,-0.73,-1.15,-1.42,-3.01,2.34,-1.14,-0.60,-1.88,-1.30,-1.77,-3.11,,-3.40,-2.51,-3.85,-3.35,-0.35,-0.16,0.10,-1.32,-1.27,-2.29,-3.70,,7.70,,9.80,2.20,2.50,,,,,,,0.10,1.80,,0,,-0.40,-0.55,,,,,,,,0.20,0.20,-0.90,-2,-1.90,,,,,-0.80,,-1.80,-1.70,1.90,2.10,1.60,,,-1.90,,,-3,,,0.40,0.20,0,-0.10,-1.20,-2.20,
2008-12-15 10:00,1.90,-0.23,8.28,7.91,5.20,-1.34,-1.77,-1.30,5.19,-1.28,1.27,5.43,4.10,5.08,7.72,6.97,5.41,1.52,0.10,3.81,3.75,5.20,3.71,,1.71,-1,-1.26,6.03,4.35,5.30,5.89,8.02,2.65,6.58,7.41,7.13,6.17,7.45,4.76,5.05,1.90,-0.04,2.47,6.55,2.90,0.31,3,3.34,4.84,6.90,3.62,-0.47,-1.43,2.42,-1.72,0.93,1.10,2.60,3.06,3.86,4.52,3.80,7.12,3.22,2.09,5.63,7.60,5.32,5.70,2.11,5.99,4.54,5.23,6.54,6.72,3.80,2.20,8.64,-0.70,2.42,2.69,2.20,0.08,-1.14,1.86,-1.36,0.90,0.90,1.50,1.34,-2.04,0.25,-0.13,0.90,-0.28,0.65,-1.90,-0.08,-1.18,-1.21,-1.71,-1.09,1.99,2.39,0.86,2.62,1.51,-0.40,-0.72,-0.99,-1.43,-2.92,2.35,-1.13,-0.60,-1.85,-1.30,-1.71,-3.19,,-3.40,-2.65,-3.87,-3.29,-0.26,-0.24,0.10,-1.35,-1.26,-2.31,-3.90,-1.20,7.90,-2.70,9.70,2.20,2.70,-1.30,7.50,-2.30,7.10,3.40,0.20,0.20,2.10,1.30,0.40,3.40,-0.50,-0.70,-1.50,0.90,2.50,2.20,3.60,1,0.20,0.30,0.20,-1,-1.90,-1.80,2.60,1.80,1.70,0.20,-0.70,-0.70,-1.80,-1.70,2,2.20,1.70,-0.20,0.70,-1.90,-2.90,,-3,1.60,0.90,0.30,0.20,0,0,-1.20,-2.20,-4.10
2008-12-15 10:10,2.10,-0.07,8.18,7.98,5.61,-1.24,-1.76,-1.10,4.60,-1.12,1.66,4.78,4.54,5.46,7.72,6.88,5.36,1.50,0.20,4.26,3.55,5.15,3.68,,2.38,-1.04,-1.05,6.09,3.93,5.50,5.94,7.76,2.06,6.75,7.55,7.53,6.53,6.96,5.91,5.52,1.80,0.17,2.40,6.95,3,0.63,3.20,3.64,5.08,7.11,3.81,-0.43,-1.54,2.69,-1.55,1.30,1.16,1.90,3.08,4.38,5.15,3.90,7.25,3.44,2.37,5.73,7.54,5.39,5.80,2.16,5.93,4.69,5.83,6.59,6.84,3.89,2.40,8.55,-0.70,2.85,2.95,2.30,0.31,-0.99,2.18,-1.33,0.94,0.90,1.26,1.66,-2.01,0.16,-0.08,0.90,-0.27,0.73,-1.89,-0.06,-1.08,-1.16,-1.69,-1.02,1.99,2.61,1.10,2.91,1.75,-0.40,-0.69,-0.98,-1.42,-2.83,2.30,-1.12,-0.65,-1.82,-1.30,-1.76,-3.08,,-3.30,-2.63,-3.95,-3.29,-0.32,-0.24,0.20,-1.23,-1.36,-2.21,-3.80,,7.90,,9.60,3.10,3,,,,,,,0.20,2.40,,0.40,3.40,-0.30,-0.48,,,,,,,,0.20,0.30,-0.90,-1.80,-1.80,,,,,-0.70,,-1.80,-1.70,2,2.20,,,,-1.90,,,-2.90,,,0.30,0.20,0,0,-1.10,-2.20,
2008-12-15 10:20,2.60,0.18,8.24,8.19,5.79,-0.84,-1.80,-1,4.12,-0.89,2.34,4.88,4.88,7.18,7.53,6.98,5.43,1.37,0.50,4.38,3.46,5.47,3.69,,3.01,-0.88,-0.92,5.86,3.88,6.10,6.06,8.33,2.04,6.86,7.46,6.64,6.86,7.17,7.13,5.83,1.80,0.22,2.62,7.09,3.20,1.05,3.80,4.41,5.12,7.20,4.16,-0.47,-1.44,3.02,-1.14,1.47,1.47,2,3.81,4.40,6,4.10,7.17,3.37,2.58,5.83,7.37,5.50,6.10,2.59,6.01,4.56,6.24,6.68,7.41,4.04,2.80,8.65,-0.70,3.09,3.16,2.50,0.39,-1.04,2.65,-1.25,0.94,1.20,1.47,1.84,-2.02,0.12,0,0.70,-0.42,0.79,-1.85,-0.10,-1.08,-1.11,-1.63,-0.97,2.09,2.37,1.14,3.14,2.04,-0.40,-0.71,-1.03,-1.58,-2.79,2.31,-1.07,-0.54,-1.73,-1.30,-1.62,-2.99,,-3.30,-2.47,-3.92,-3.21,-0.38,-0.20,0.10,-1.15,-1.52,-2.31,-3.80,,8,,9.90,2.90,3.10,,,,,,,0.60,2.80,,0,3.90,-0.30,-0.55,,,,,,,,0.30,0.40,-1,-1.90,-1.80,,,,,-0.70,,-1.70,-1.70,2,2.20,1.70,,,-1.90,,,-2.80,,,0.30,0.20,0,0,-1.10,-2.20,
2008-12-15 10:30,2.80,0.26,8.23,8.40,5.92,-0.60,-1.72,-0.80,4.78,-0.69,2.80,5.47,5.33,7.74,7.46,6.82,5.59,1.26,0.90,4.22,3.27,6.22,4.14,,3.54,-0.88,-0.85,5.82,4.14,6.60,6.07,8.82,1.64,6.79,7.47,7.21,6.96,7.70,7.29,5.96,1.90,0.31,2.46,7.03,3.50,1.36,3.50,4.71,5.29,7.33,4.33,-0.44,-1.43,3.21,-0.69,1.80,1.76,3.20,4.71,4.10,6.78,4.80,7.16,3.22,2.68,5.89,7.29,5.48,6.20,2.71,6.05,4.66,6.80,6.51,7.76,4.15,3.20,8.92,-0.80,3.49,3.23,2.70,0.48,-0.76,2.96,-1.24,0.89,0.80,2,1.96,-1.99,-0.06,-0.02,0.80,-0.43,0.91,-1.83,-0.17,-1,-1.11,-1.51,-0.98,2.32,2.43,1.18,3.39,1.77,-0.30,-0.69,-1.04,-1.38,-2.82,2.22,-1.08,-0.48,-1.69,-1.30,-1.65,-3.01,,-3.30,-2.36,-3.79,-3.12,-0.29,-0.19,0.20,-1.06,-1.44,-2.27,-3.70,,8.10,,9.80,3.30,3,,,,,,,0.80,3.10,,-0.10,4,-0.30,-0.48,,,,,,,,0.40,0.60,-1,-1.80,-1.70,,,,,-0.80,,-1.70,-1.60,2,2.20,1.70,,,-1.90,,,-2.80,,,0.40,0.10,0.10,0,-1,-2.20,
2008-12-15 10:40,2.60,0.51,8.20,8.50,6.02,-0.48,-1.70,-0.70,4.72,-0.29,3.66,6.09,5.62,7.78,7.29,7.05,5.82,1.30,1.20,3.94,3.19,6.17,4.68,,3.96,-0.71,-0.67,6.31,4.49,6.60,5.95,9.45,1.55,7.04,7.60,7.74,7.11,7.52,6.67,6.09,2,0.17,2.38,7.19,3.70,1.58,3.50,5.06,5.61,7.16,4.59,-0.50,-1.29,3.11,-0.30,2.21,1.77,4.10,5.05,3.96,7.26,4.60,7.28,3.52,2.92,5.91,7.32,5.55,6.20,2.75,6.04,4.70,7.05,6.11,7.54,4.16,3.20,8.94,-0.60,3.72,3.61,2.80,0.77,-0.48,2.89,-1.25,0.67,0.80,2.24,2.07,-2.01,0.01,0.05,0.70,-0.35,0.92,-1.78,-0.24,-0.91,-1.04,-1.50,-0.84,2.34,2.54,1.32,3.77,1.76,-0.30,-0.57,-0.96,-1.33,-2.79,2.34,-1,-0.35,-1.58,-1.30,-1.53,-2.94,,-3.30,-2.39,-3.84,-3.10,-0.29,-0.27,0.20,-1.05,-1.04,-2.22,-3.70,,8.40,,9.60,3.20,3,,,,,,,0.90,3.30,,-0.10,4.20,-0.10,-0.45,,,,,,,,0.40,0.80,-0.90,-1.70,-1.70,,,,,-0.70,,-1.60,-1.60,2.10,2.20,,,,-1.90,,,-2.70,,,0.50,0,0.20,0,-0.90,-2.10,
2008-12-15 10:50,2.50,0.78,8.35,8.76,6.20,-0.17,-1.62,-0.40,5.11,0.08,4.72,6.80,5.45,7.82,7.28,7.14,6.81,1.30,1.50,4.12,3.31,6.53,5.70,,4.29,-0.55,-0.31,6.95,4.78,6.60,6.04,9.33,2.12,7.50,7.73,8.21,7.64,7.66,6.67,6.22,1.50,0.37,2.44,7.23,3.90,1.80,3.60,5.10,5.93,7.09,5.21,-0.44,-1.13,3.43,-0.09,2.28,1.90,5,4.85,3.96,7.61,5.10,7.60,3.66,3.01,5.96,7.62,5.63,6.10,3,5.75,4.52,7.21,5.65,7.60,4.08,3.40,8.65,-0.30,3.97,3.48,3,0.82,-0.61,3.12,-1.19,0.56,1.30,2.11,2.22,-2.05,0.22,0.15,0.60,-0.33,1.02,-1.71,-0.29,-0.95,-1.03,-1.41,-0.85,2.62,2.91,1.39,3.87,2.03,-0.30,-0.55,-0.86,-1.34,-2.71,2.38,-0.94,-0.33,-1.58,-1.40,-1.58,-2.92,,-3.20,-2.24,-3.72,-2.87,-0.37,-0.16,0.20,-0.98,-1.10,-2.08,-3.70,,8.30,,9.30,3.40,3,,,,,,,1.10,3.10,,0.10,3.90,-0.20,-0.56,,,,,,,,0.50,1.10,-0.90,-1.70,-1.60,,,,,-0.70,,-1.60,-1.60,2.20,2.20,1.70,,,-1.80,,,-2.70,,,0.50,-0.10,0.20,0,-0.90,-2.20,
2008-12-15 11:00,2.20,0.93,8.36,9.38,7,0.18,-1.52,-0.30,5.35,0.24,6.19,7.10,5.79,7.75,7.27,6.97,7.40,1.31,1.80,4.33,3.51,6.92,6.11,,4.58,-0.04,-0.11,7.83,5.37,6.80,6.04,9.45,2.59,7.67,7.87,8.45,8.48,7.93,6.31,6.04,1.40,0.48,2.17,7.13,3.80,2.08,4.30,5.52,5.73,6.81,5.32,-0.38,-1.11,3.44,-0.01,2.47,2.03,5.80,5.68,4.52,7.90,5.60,7.65,3.84,3.05,6.09,7.66,5.62,6.10,3.22,5.46,4.48,7.25,5.63,7.88,4.07,3.50,8.39,-0.30,4.18,3.83,3.20,0.80,-0.31,3.51,-1.10,0.71,1.60,2.18,2.30,-1.98,0.63,0.17,0.70,-0.24,1.12,-1.81,-0.29,-0.99,-0.95,-1.40,-0.77,2.86,3.07,1.29,3.89,2.09,-0.30,-0.54,-0.96,-1.31,-2.76,2.38,-0.90,-0.18,-1.62,-1.30,-1.60,-2.96,,-3.20,-2.28,-3.71,-2.75,-0.55,-0.14,0.20,-1,-1.05,-2.01,-3.60,1.90,8.20,-2.90,9.50,3.10,3.50,-1.10,8.80,-2.50,6.70,4.50,1,1.20,3.20,2.60,0.40,4.10,-0.20,-0.70,,1.80,3.40,3.80,4,1.50,1.10,0.50,1.10,-0.80,-1.60,-1.50,3.10,2.10,1.80,0.50,-0.60,-0.60,-1.60,-1.50,2.20,2.30,1.80,-0.20,0.70,-1.80,-2.70,-1.70,-2.70,1.90,1.10,0.50,-0.10,0.20,0.10,-0.90,-2.20,-3.90
2008-12-15 11:10,1.80,1.04,8.46,9.75,7.26,0.41,-1.46,-0.20,5.32,0.21,6.95,7.36,5.35,7.76,7.21,6.84,7.55,1.30,2.10,4.72,3.75,6.41,6.04,,4.85,0.54,-0.20,7.83,5.95,6.90,6.19,9.80,2.75,7.65,8.15,8.50,8.70,8.07,5.89,6.13,1.40,0.52,2.08,7.77,3.70,2.22,4.70,5.89,,6.80,5.41,-0.42,-0.97,3.28,0.03,2.61,2.32,7,5.75,4.29,8.06,6,7.84,3.90,3.01,5.94,7.72,5.67,6.60,3.40,5.56,4.56,7.12,5.41,8.11,4.25,4,8.26,-0.30,4.22,4.07,3.30,1.20,-0.05,3.49,-1.09,0.89,1.60,2.18,2.29,-2.08,0.44,0.07,0.80,-0.10,1.27,-1.74,-0.20,-0.94,-0.90,-1.44,-0.80,3.24,3.19,,3.93,2.21,-0.30,-0.51,-0.98,-1.30,-2.77,2.31,-1,-0.29,-1.67,-1.20,-1.74,-2.93,,-3.20,-2.36,-3.55,-2.65,-0.40,-0.12,0.10,-0.98,-1.21,-1.97,-3.70,,8.20,,9.50,3.10,4.10,,,,,,,1.50,3.20,,0.40,4.20,-0.10,-0.41,,,,,,,,0.50,1,-0.80,-1.70,-1.50,,,,,-0.60,,-1.60,-1.50,2.20,2.30,1.80,,,-1.80,,,-2.70,,,0.60,0.10,0.10,0.10,-0.90,-2.20,
2008-12-15 11:20,1.60,1.32,8.60,9.82,7.64,0.68,-1.32,-0.20,5.37,-0.01,6.98,7.64,4.81,7.94,7.17,7.01,7.63,1.43,2.10,4.85,3.82,6.24,5.93,,4.99,0.93,-0.12,7.62,7.85,6.90,6.27,10.14,2.79,7.46,7.85,8.36,8.78,7.80,6.03,6.44,1.60,0.54,2.01,8.11,3.50,2.36,5.20,6.20,,6.83,5.34,-0.19,-1.07,3.54,0.05,2.68,2.58,7.10,6.09,4.76,8.26,6.30,8.05,3.85,2.88,6,7.63,5.80,6.40,3.58,5.66,4.43,7.19,5.49,7.97,4.48,4.20,8.44,-0.20,4.46,3.98,3.40,1.68,0.38,3.48,-1.09,1.14,1.80,2.23,2.21,-2.08,0.21,0.06,0.40,-0.06,1.55,-1.76,-0.19,-0.93,-0.89,-1.31,-0.78,3.28,3.41,,4.13,2.26,-0.20,-0.51,-0.91,-1.31,-2.65,2.38,-0.86,-0.29,-1.57,-1.10,-1.70,-2.91,,-3.10,-2.35,-3.46,-2.69,-0.39,-0.18,0.10,-0.95,-1.12,-1.96,-3.70,,8.20,,9.30,3.10,5,,,,,,,1.70,4,,0.50,4.10,-0.20,-0.32,,,,,,,,0.50,1.20,-0.70,-1.60,-1.50,,,,,-0.60,,-1.60,-1.50,2.30,2.30,1.80,,,-1.90,,,-2.60,,,0.60,0.10,0.10,0,-0.80,-2.10,
2008-12-15 11:30,1.80,1.78,8.66,9.82,7.19,0.98,-1.15,-0.20,5.37,-0.03,7.10,7.60,4.76,7.91,7.18,7.44,7.55,1.61,2.10,4.80,3.81,6.93,6.41,,5.40,1.15,0.14,8.15,8.27,7.10,6.61,9.88,2.66,7.40,7.45,8.17,8.85,7.42,5.80,6.69,1.70,0.69,2.06,7.93,3.40,2.47,5.60,6.41,,6.90,5.37,-0.46,-1.09,3.80,0.16,3.13,2.69,8.10,6.30,5.25,8.64,7.10,8.19,3.95,3,6.01,7.75,5.88,6.50,3.57,5.58,4.48,6.99,6,7.66,4.79,4.90,8.62,0,4.67,4.11,3.50,1.88,0.67,3.31,-1.10,1.36,1.80,2.37,2.49,-1.76,0.39,0.18,0.50,0.01,0.88,-1.73,-0.10,-0.93,-0.89,-1.36,-0.80,3.55,3.70,,4.47,2.37,-0.20,-0.43,-1.07,-1.27,-2.69,2.36,-0.79,-0.23,-1.51,-1,-1.76,-2.92,,-3.10,-2.25,-3.36,-2.89,-0.41,-0.19,0.10,-0.90,-1.04,-2.01,-3.70,,8.10,,10.20,3.40,4.80,,,,,,,2.10,4.60,,1,4,-0.10,-0.21,,,,,,,,0.40,1.20,-0.70,-1.50,-1.40,,,,,-0.60,,-1.60,-1.40,2.30,2.40,1.80,,,-1.80,,,-2.60,,,0.60,0.20,0.10,0,-0.80,-2.10,
2008-12-15 11:40,1.90,2.34,8.73,9.84,7.57,1.64,-0.99,0,5.36,0.15,8.11,7.93,4.85,7.93,7.20,7.89,6.88,1.66,2.20,4.74,3.76,7.15,6.33,,5.79,1.47,0.53,8.54,8.46,7.50,6.97,9.71,2.59,7.23,7.64,8.21,8.51,7.59,5.49,7.22,1.80,0.66,2.31,7.99,3.60,2.73,5.80,6.67,,7.54,5.21,-0.38,-1.10,3.73,0.34,3.73,2.72,9.50,6.67,5.73,9.24,7.10,8.09,4.20,3.33,6.17,7.59,5.93,6.60,3.33,5.47,4.40,6.90,6.40,7.92,4.71,5.40,8.81,0.20,4.58,4.43,3.60,1.89,0.97,3.07,-0.94,1.68,1.90,2.51,2.77,-1.58,0.46,0.30,0.30,-0.28,1.02,-1.68,-0.20,-0.97,-0.84,-1.33,-0.80,3.71,3.84,,4.62,2.43,-0.20,-0.33,-1.04,-1.18,-2.67,2.41,-0.86,-0.12,-1.36,-1,-1.79,-2.90,,-3,-2.20,-3.37,-2.71,-0.49,-0.13,0.20,-0.86,-0.89,-1.99,-3.60,,8.10,,10.60,3.20,4.50,,,,,,,2.40,4.30,,1.20,3.70,-0.20,-0.23,,,,,,,,0.50,1.30,-0.60,-1.60,-1.40,,,,,-0.50,,-1.60,-1.40,2.30,2.40,,,,-1.80,,,-2.60,,,0.60,0.20,0.10,0,-0.70,-2.20,
2008-12-15 11:50,2,2.60,9.05,9.78,7.43,1.72,-0.88,0.20,5.21,0.15,8.13,8.12,4.84,7.88,7.36,8.07,6.97,1.78,2.50,4.58,3.58,6.44,6.05,,5.85,1.90,0.94,8.87,9.30,7.70,7.15,9.73,2.27,7.33,7.55,8.07,8.63,7.35,5.49,7.42,1.80,0.55,2.49,7.83,3.90,2.82,5.30,6.85,,8.42,5.45,-0.34,-1.14,3.65,0.51,4.20,3.04,10.10,7.31,6.69,9.19,7.30,8.05,4.09,3.59,6.28,7.50,5.86,6.30,2.73,5.46,4.62,6.84,6.54,7.73,4.64,5.70,8.92,0.20,4.77,4.88,3.70,1.90,0.71,2.99,-0.69,1.69,2,2.58,2.56,-1.65,0.40,0.31,0.30,-0.34,1.26,-1.59,-0.19,-0.84,-0.89,-1.35,-0.77,4,3.84,,4.73,2.50,-0.10,-0.42,-0.92,-1.12,-2.62,2.41,-0.82,-0.13,-1.28,-1,-1.76,-2.79,,-3,-2.14,-3.31,-2.74,-0.36,-0.15,0.20,-0.85,-1,-1.97,-3.60,,8.20,,10.50,3.20,4.30,,,,,,,2.50,4.50,,1.50,3.30,-0.20,-0.30,,,,,,,,0.50,1.30,-0.60,-1.50,-1.30,,,,,-0.40,,-1.60,-1.40,2.30,2.50,1.80,,,-1.80,,,-2.60,,,0.60,0.30,0.10,-0.10,-0.70,-2.20,
2008-12-15 12:00,2,3.07,9.06,9.80,7.56,1.92,-0.88,0.30,5.22,0.30,8.12,7.92,4.96,7.90,7.53,8.32,6.75,1.87,2.70,4.85,3.57,5.78,5.92,,5.62,2.42,1.28,8.65,9.61,7.60,7.27,9.75,2.24,7.43,7.57,7.98,8.64,6.84,5.33,7.25,2,0.62,2.51,8.21,4,3.24,5.30,6.63,,8.73,5.50,-0.41,-1.12,3.62,0.20,4.20,3.30,10.40,7.74,7.28,9.17,7.20,8.07,4.11,3.31,6.11,7.66,5.86,6.60,2.44,5.71,4.50,7.20,6.53,7.45,4.85,5.70,8.75,0.40,4.85,4.88,3.40,2.11,0.39,3.51,-0.87,1.85,2,2.48,2.48,-1.87,0.30,0.27,0.40,-0.41,1.33,-1.53,-0.20,-0.81,-0.87,-1.29,-0.75,4.26,3.93,,4.91,2.63,-0.10,-0.36,-0.88,-1.15,-2.63,2.42,-0.79,-0.23,-1.24,-0.90,-1.71,-2.80,,-2.90,-2.32,-3.24,-2.93,-0.40,0.10,0.10,-0.84,-0.70,-1.94,-3.70,1.30,8.20,-2.50,10.60,3.10,5,-1,8.20,-2.60,7.20,6.60,2.10,2.30,4.40,3.10,2,3,-0.40,-0.40,-1.10,1.90,3.40,4.20,4.90,2.10,2,0.50,1.50,-0.50,-1.50,-1.30,3.50,2.30,2,1,-0.40,-0.60,-1.50,-1.50,2.30,2.60,1.80,-0.30,0.70,-1.80,-2.50,-1.70,-2.60,2.10,1.40,0.60,0.30,0,0.10,-0.80,-2.20,-3.80
2008-12-15 12:10,1.90,3.46,8.83,9.81,7.58,2.27,-0.69,0.30,5.13,0.39,8.10,6.59,5.32,8,7.70,8.40,6.59,1.86,3,5.07,3.45,6,6.74,,5.71,2.57,1.75,8.49,9.49,7.70,7.37,9.85,2.24,7.16,7.31,7.75,8.44,6.72,6.09,7.41,2.10,0.63,2.45,7.83,4.30,3.60,5.40,6.23,,8.74,5.54,-0.30,-1.15,3.71,0.20,4.20,3.64,10.50,7.42,8.19,9.13,7.50,8.09,4.25,3.13,6.13,7.93,5.64,6.80,2.78,5.93,4.40,7.52,6.81,7.36,5.13,5.70,8.78,0.60,4.79,4.86,3.60,2.29,0.25,4.03,-0.96,1.69,1.90,2.44,2.60,-1.98,0.28,0.28,0.90,-0.31,1.32,-1.54,-0.22,-0.77,-0.90,-1.25,-0.74,4.56,3.94,,5.03,2.71,-0.10,-0.37,-0.89,-1.10,-2.63,2.53,-0.73,-0.30,-1.26,-0.90,-1.65,-2.81,,-2.80,-2.05,-3.19,-2.81,-0.36,-0.08,0.20,-0.75,-0.99,-2.11,-3.70,,8.30,,10.70,3.70,4.90,,,,,,,2.50,4.10,,2,2.80,-0.40,-0.29,,,,,,,,0.60,1.60,-0.40,-1.50,-1.30,,,,,-0.40,,-1.40,-1.40,2.30,2.60,1.80,,,-1.80,,,-2.60,,,0.60,0.20,0,0.10,-0.80,-2.20,
2008-12-15 12:20,1.90,3.65,8.73,9.75,7.70,2.41,-0.58,0.40,5.06,0.46,7.91,5.96,5.52,8.10,7.76,8.60,6.54,1.81,3.20,6.04,3.30,6.18,6.35,,5.49,2.64,2.53,8.44,9.53,7.70,6.97,9.58,2.24,7.04,7.28,7.99,8.41,7.19,6.60,7.47,2,0.41,2.35,7.16,4.60,4.15,5.50,5.87,,8.81,5.51,-0.19,-1.19,4.01,0.34,4.23,3.97,10.30,7.56,8.42,9,7.60,8.12,4.29,3.01,6.20,7.89,5.43,6.70,2.87,6.28,4.47,7.35,6.94,7.18,5.16,6,8.78,0.80,4.87,4.86,3.70,2.35,0.31,4.23,-0.95,1.70,1.80,2.39,2.78,-2.01,0.25,0.30,0.90,-0.44,1.37,-1.52,-0.17,-0.78,-0.82,-1.25,-0.72,4.93,3.91,,5.60,2.72,0,-0.30,-0.94,-1.14,-2.57,2.47,-0.74,-0.37,-1.27,-0.90,-1.73,-2.89,,-2.80,-2.20,-3.11,-2.79,-0.36,-0.12,0.30,-0.72,-1.01,-2.05,-3.60,,8.20,,10.60,4.20,5.20,,,,,,,2.50,3.90,,1.90,2.90,-0.40,-0.30,,,,,,,,0.60,1.60,-0.50,-1.40,-1.20,,,,,-0.40,,-1.40,-1.40,2.30,2.70,1.80,,,-1.70,,,-2.60,,,0.60,0.20,0,0.10,-0.70,-2.20,
2008-12-15 12:30,1.90,3.70,8.68,9.70,7.56,2.44,-0.52,0.40,5.15,,7.64,5.83,5.39,8.30,7.74,8.52,6.98,1.95,3.50,5.78,3.31,6.04,7.38,,5.36,2.54,2.70,8.37,9.44,7.60,6.91,9.36,1.85,6.93,7.10,7.87,8.22,6.76,6.41,6.94,1.90,0.33,2.13,7.21,5.10,4.29,5.30,5.52,7.06,8.70,5.51,-0.18,-1.03,4.19,0.49,4.19,4.39,10.20,7.78,8.75,8.64,7.60,8.04,3.89,2.83,6.21,7.90,5.59,6.70,2.95,6.53,4.50,7.44,6.72,6.91,5.01,6,8.82,0.60,5.08,5.02,3.40,2.26,0.24,4.09,-1.18,1.50,1.70,2.20,2.91,-1.89,0.32,0.15,0.90,-0.31,1.42,-1.42,-0.15,-0.72,-0.79,-1.16,-0.71,5.01,4.06,,5.42,2.82,-0.10,-0.23,-0.85,-1.01,-2.56,2.54,-0.77,-0.36,-1.12,-1,-1.70,-2.85,,-2.80,-2.08,-3.09,-2.84,-0.49,-0.11,0.30,-0.70,-1.01,-2.08,-3.70,,8.20,-2.50,10.40,4.30,5.10,,,,,,,2.40,3.60,,1.70,3.20,-0.40,-0.38,,,,,,,,0.70,1.50,-0.40,-1.30,-1.10,,,,,-0.40,,-1.40,-1.40,2.30,2.80,1.80,,,-1.80,,,-2.60,,,0.50,0.20,0,0.10,-0.70,-2.10,
2008-12-15 12:40,1.80,3.39,8.55,9.69,7.56,2.48,-0.46,0.40,5,,6.68,6.16,5.40,8.34,7.78,8.61,7.17,1.80,3.70,5.93,3.28,5.84,7.84,,5.27,2.63,2.82,8.44,9.57,7.50,6.68,8.99,1.44,6.88,6.92,7.71,8.30,6.51,6.12,6.55,1.50,0.04,2.07,7.31,5.20,4.23,5.10,5.37,6.87,8.75,5.19,-0.28,-0.94,4.22,0.57,3.56,4.85,10.10,7.69,8.67,8.63,7.20,8.09,3.82,2.73,5.98,8,5.72,6.60,3.11,6.46,4.37,7.38,6.38,6.85,4.91,6.10,8.73,0.90,5.15,5.18,3.40,2.12,0.53,4.20,-1.07,1.20,1.50,2.03,3.04,-1.80,0.34,0.08,0.80,-0.12,1.32,-1.49,-0.10,-0.72,-0.72,-1.09,-0.65,5.05,4.16,,5.01,2.80,-0.10,-0.12,-0.86,-0.97,-2.48,2.42,-0.72,-0.29,-1.16,-1,-1.70,-2.78,,-2.80,-2.05,-3.14,-2.89,-0.38,-0.15,0.20,-0.74,-0.77,-1.98,-3.70,,8.20,-2.70,10,4.40,5.20,,,,,,,2.40,3.80,,1.50,3.70,-0.40,-0.27,,,,,,,,0.70,1.30,-0.40,-1.30,-1.10,,,,,-0.40,,-1.50,-1.30,2.30,2.80,,,,-1.80,,,-2.60,,,0.50,0.10,0,0.20,-0.70,-2.20,
2008-12-15 12:50,1.80,3.82,8.37,9.64,7.67,2.70,-0.41,0.50,4.85,,7.49,6.49,4.98,8.21,7.58,8.53,7.57,1.86,3.70,6.27,3.24,5.90,8.64,,5.43,2.75,2.95,8.19,9.60,7.40,6.53,9.05,1.41,6.69,6.86,7.22,8.31,6.57,6.06,6.36,1.30,0.04,1.86,7.19,5.30,3.91,5.10,5.17,6.18,8.48,5.15,-0.23,-0.79,4.13,0.70,3.16,5.10,10,8.18,7.38,8.30,6.70,8.02,3.89,2.46,5.85,7.92,5.82,6.70,3.11,6.33,4.40,7.35,6.24,6.81,4.80,5.80,8.79,1.30,4.96,5.18,3.60,2.19,0.74,3.79,-1.01,0.91,1.30,1.87,3.02,-1.84,0.33,0.08,0.40,-0.32,1.29,-1.48,-0.11,-0.73,-0.81,-1.13,-0.57,4.97,4.07,,5,2.93,-0.20,-0.08,-0.93,-1.04,-2.51,2.47,-0.74,-0.50,-1.20,-0.90,-1.83,-2.79,,-2.70,-2.16,-3.03,-2.52,-0.51,-0.10,0.40,-0.72,-0.93,-1.90,-3.70,,7.90,-2.80,10,4.20,4.80,,,,,,,2.50,3.80,,1.60,3.60,-0.40,-0.23,,,,,,,,0.70,1.20,-0.40,-1.30,-1,,,,,-0.40,,-1.60,-1.30,2.30,2.80,1.80,,,-1.70,,,-2.60,,,0.50,0.10,-0.10,0.20,-0.70,-2.20,
2008-12-15 13:00,2.10,3.91,8.59,9.56,7.59,2.69,-0.36,0.70,5.01,1.28,8.43,6.76,5.04,8.26,7.63,8.36,7.26,1.86,3.70,6.55,3.23,6.23,7.60,,5.67,2.91,3.23,7.92,9.62,7.30,6.57,9.32,1.42,6.41,6.89,6.89,8.06,6.57,5.84,6.32,1.50,0.20,1.91,7.17,5.20,3.76,5.10,4.81,6.12,8.36,5.20,-0.21,-0.82,3.94,0.55,3.16,5.03,9.80,8.48,7.03,7.04,6.50,7.74,3.79,2.23,5.81,7.68,5.85,6.80,3.27,6.23,4.42,7.48,6.44,6.79,4.72,5.20,8.76,1.50,4.94,5.28,3.60,2.21,1.03,3.75,-0.87,0.78,1,1.70,2.82,-1.56,0.24,0,0.20,-0.43,1.16,-1.42,-0.09,-0.79,-0.82,-1.22,-0.56,4.85,4.36,2.33,5.26,2.85,-0.20,-0.14,-0.92,-1.08,-2.49,2.57,-0.73,-0.30,-1.17,-1.10,-1.84,-2.76,,-2.70,-2.18,-3.01,-2.79,-0.33,-0.06,0.30,-0.76,-0.70,-1.95,-3.70,2.20,8,-2.80,10.20,4.10,4.20,-0.90,8,-2.30,7.30,6.40,2.60,2.60,3.70,3.10,1.10,3.90,-0.40,-0.30,-1.10,2.40,4.10,4.90,5.40,2.70,2.20,0.50,1.20,-0.40,-1.30,-1,3.30,2.50,2.10,0.90,-0.30,-0.70,-1.60,-1.20,2.30,2.90,1.80,-0.40,0.70,-1.70,-2.40,,-2.60,2,1.30,0.50,0.10,0,0.20,-0.60,-2.10,-3.60
2008-12-15 13:10,2.10,3.60,8.64,9.12,7.57,2.71,-0.29,0.70,5.14,1.45,8.59,6.89,4.91,8.25,7.68,8.10,6.68,2.01,3.90,6.35,3.05,5.98,6.85,,5.93,3.06,3,7.81,9.41,7.20,6.75,9.09,1.47,6.39,6.62,6.67,7.97,6.61,6.06,6.48,1.20,0.43,1.97,7.19,5.20,3.76,5.10,4.50,,8.34,5.26,-0.22,-0.89,3.65,0.36,3.01,4.77,9.90,7.81,7.08,5.60,6.30,7.21,3.62,2.01,5.75,7.62,5.93,6.60,3.67,5.99,4.42,7.60,6.37,6.75,4.83,4.50,8.64,1.70,5.06,5.23,3.60,2.02,1.11,3.93,-0.55,0.73,0.90,1.68,2.65,-1.68,0.18,-0.02,0.10,-0.40,1.34,-1.35,-0.03,-0.84,-0.82,-1.20,-0.59,4.82,4.37,2.34,5.55,2.79,-0.10,-0.07,-0.87,-1.07,-2.54,2.60,-0.71,-0.26,-1.21,-1.20,-1.74,-2.72,,-2.70,-2.06,-2.94,-2.85,-0.33,-0.07,0.40,-0.84,-0.69,-2.02,-3.50,,7.80,-2.80,10.20,3.90,3.90,,,,,,,2.50,3.70,,1.20,4.50,-0.40,-0.28,,,,,,,,0.50,1.30,-0.40,-1.30,-1,,,,,-0.30,,-1.50,-1.20,2.30,2.90,1.80,,,-1.70,,,-2.60,,,0.40,0.10,0,0.20,-0.60,-2.20,
2008-12-15 13:20,2.10,3.49,8.60,8.54,7.11,2.75,-0.26,0.60,4.99,1.81,8.35,7.18,4.58,8.26,7.51,7.85,5.83,1.81,3.70,6.28,3.11,5.99,6.75,,6.06,3.18,3.07,7.62,8.85,7,6.70,8.80,1.55,6.14,6.66,6.62,8.14,6.64,6.73,6.29,1.40,0.31,2.01,7.09,4.90,3.78,4.80,4.19,6.28,7.99,5.44,-0.27,-0.91,3.61,0.10,2.82,4.25,9.60,7.23,6.66,4.43,5,7.02,3.38,1.67,5.55,7.59,6.01,6.50,3.48,6.09,4.51,7.69,6.47,6.79,5.05,4.30,8.58,1.90,5.02,5.26,3.60,2.18,0.94,4.08,-0.56,0.85,0.80,1.65,2.36,-1.57,0.13,-0.12,0.10,-0.46,1.53,-1.46,-0.04,-0.81,-0.81,-1.18,-0.58,4.73,4.20,2.18,5.71,2.84,-0.20,-0.12,-0.84,-1.06,-2.48,2.61,-0.63,-0.35,-1.25,-1.20,-1.71,-2.75,,-2.70,-2.01,-3,-2.59,-0.29,-0.03,0.40,-0.75,-0.71,-1.99,-3.50,,7.80,-2.70,9.80,3.70,4,,,,,,,2.40,3.80,,1.40,4.70,-0.40,-0.30,,,,,,,,0.50,1.40,-0.40,-1.30,-0.90,,,,,-0.30,,-1.50,-1.10,2.30,2.90,1.80,,,-1.60,,,-2.50,,,0.50,0.10,0,0.20,-0.70,-2.20,
2008-12-15 13:30,2.10,3.83,8.55,7.94,6.90,2.68,-0.14,0.50,4.86,1.74,8.42,6.93,4.42,8.33,7.38,7.72,5.90,1.69,3.80,5.92,3.15,5.56,7.54,,6.16,3.05,3.10,7.37,8.81,6.90,6.50,8.50,1.32,6.11,6.55,6.76,8.52,6.80,6.60,5.96,1.10,0.14,1.94,7.02,4.60,3.55,4.40,3.85,6.11,7.56,5.27,-0.40,-0.83,3.46,-0.09,3.06,4.06,8.90,6.56,5.67,4.07,4.10,6.67,3.52,1.39,5.56,7.34,6.09,6.40,3.23,6.20,4.56,7.48,6.53,6.79,4.96,4.30,8.47,2,4.89,5.24,3.50,2.07,0.88,3.98,-0.76,0.93,0.80,1.77,2.41,-1.63,0.13,-0.13,-0.10,-0.44,1.51,-1.54,-0.11,-0.80,-0.80,-1.18,-0.58,4.61,4.14,2.41,5.78,2.83,-0.20,-0.21,-0.73,-1.04,-2.48,2.58,-0.62,-0.37,-1.32,-1.20,-1.70,-2.79,,-2.70,-2.06,-2.97,-2.57,-0.38,-0.06,0.30,-0.74,-0.91,-2.06,-3.50,,7.50,-2.90,9.70,3.40,3.80,,,,,,,2.70,3.80,,1.50,4.70,-0.40,-0.34,,,,,,,,0.40,1.40,-0.50,-1.30,-0.90,,,,,-0.30,,-1.40,-1.10,2.30,2.90,1.70,,,-1.70,,,-2.50,,,0.50,0,0,0.30,-0.70,-2.10,
2008-12-15 13:40,1.90,3.93,8.45,8.16,6.62,2.64,-0.15,0.50,4.67,1.59,8.42,7.08,4.19,8.19,7.37,7.36,5.98,1.61,3.60,6.05,3.21,5.24,8.11,,6.23,3.03,3.26,7.15,8.59,6.70,6.45,8.14,1.31,6.17,6.62,6.75,8.24,6.56,5.86,6.25,1.10,0.15,1.69,6.84,4.20,3.44,3.90,3.57,5.84,7.07,5.02,-0.36,-0.85,3.16,-0.26,2.97,3.87,8.40,5.36,5.13,3.63,2.80,6.53,3.57,1.11,5.53,7.08,5.95,6.10,3.11,6.33,4.54,6.96,6.43,6.81,4.99,4.10,8.33,2,4.80,4.90,3.40,1.77,0.84,3.67,-0.85,0.92,0.80,1.63,2.42,-1.74,0.05,-0.15,-0.10,-0.57,1.36,-1.57,-0.13,-0.84,-0.76,-1.09,-0.64,4.53,4.20,2.24,5.64,2.77,-0.30,-0.26,-0.74,-1.01,-2.42,2.57,-0.52,-0.33,-1.30,-1.20,-1.64,-2.82,,-2.70,-2.05,-2.98,-2.69,-0.35,-0.07,0.40,-0.78,-0.90,-1.89,-3.60,,7.40,-2.80,9.40,3.10,3.50,,,,,,,2.70,3.80,,1.20,4.90,-0.50,-0.39,,,,,,,,0.30,1.40,-0.50,-1.30,-0.90,,,,,-0.40,,-1.50,-1,2.40,2.90,1.70,,,-1.70,,,-2.60,,,0.50,0,0,0.30,-0.60,-2.10,
2008-12-15 13:50,1.80,3.37,8.44,7.93,6.16,2.20,-0.01,0.50,4.58,1.15,8.30,6.95,4.08,7.99,7.43,7.11,5.52,1.52,3.10,6.03,3.10,4.84,8.02,,5.31,2.95,3.10,7.04,8.29,6.40,6.41,7.77,1.17,6.06,6.61,6.58,8.05,6.18,5.52,6.68,1.30,0.31,1.70,7.03,4.10,3.52,3.40,3.21,5.81,6.48,5.03,-0.19,-0.90,2.88,-0.35,2.92,3.71,8,4.86,4.61,3.59,2.20,6.16,3.34,0.95,5.56,7,5.93,5.90,3.19,6.10,4.39,6.88,6.43,6.84,4.72,4,8.30,1.80,4.73,4.42,3.30,1.44,0.97,3.29,-0.96,0.81,0.80,1.51,2.14,-1.79,0.03,-0.18,-0.10,-0.53,1.32,-1.57,-0.09,-0.78,-0.72,-1.18,-0.62,4.32,4.02,2.05,5.46,2.74,-0.30,-0.40,-0.74,-1.06,-2.42,2.56,-0.46,-0.39,-1.36,-1.20,-1.59,-2.83,,-2.60,-2.10,-2.98,-2.66,-0.43,-0.03,0.40,-0.82,-0.87,-2.06,-3.50,,7.10,-2.70,9.20,2.80,3.10,,,,,,,2.60,3.90,,0.90,5.10,-0.50,-0.32,,,,,,,,0.20,1.20,-0.50,-1.40,-0.80,,,,,-0.40,,-1.40,-1,2.40,2.80,1.70,,,-1.70,,,-2.50,,,0.50,0,0,0.30,-0.60,-2.10,
2008-12-15 14:00,1.70,2.51,8.37,7.34,5.99,2.17,0.03,0.50,4.72,0.95,8.11,6.32,3.99,7.61,7.50,7.12,4.89,1.55,2.50,6.26,3,4.65,8.09,,5.81,2.96,3.12,6.69,7.85,6.10,6.22,7.36,1.28,5.67,6.41,6.35,8.02,6.13,5.06,6.56,1.60,0.48,1.77,6.95,5.10,3.55,2.80,2.88,5.76,5.79,4.85,-0.36,-0.94,2.47,-0.57,2.85,3.40,7.40,3.77,3.72,3.07,1.50,6.23,3.11,0.78,5.31,7.11,5.72,5.70,2.75,6.33,4.68,6.88,6.28,6.81,4.81,3.80,7.20,1.69,4.80,4.17,3.20,1.35,0.79,3.07,-0.99,0.66,0.70,1.36,1.97,-1.86,-0.08,-0.23,-0.10,-0.34,1.09,-1.54,-0.02,-0.82,-0.79,-1.21,-0.65,4.01,3.79,2.05,4.94,2.71,-0.40,-0.39,-0.77,-1.05,-2.43,2.62,-0.54,-0.42,-1.43,-1.20,-1.64,-2.82,,-2.70,-2,-2.99,-2.58,-0.37,0.01,0.50,-0.86,-1.06,-1.98,-3.60,2.40,7.20,-2.70,9,2.50,2.80,-0.90,6.70,-2.20,7,5.50,2.30,2.50,3.70,2.30,0.60,4.90,-0.50,-0.40,,3,4.40,3.90,4.90,2.20,1.70,0.20,1.10,-0.50,-1.30,-0.80,3.30,2.40,2,0.50,-0.40,-0.60,-1.40,-1,2.40,2.80,1.60,-0.30,0.70,-1.70,-2.20,-1.50,-2.50,1.90,1.10,0.50,0,0,0.30,-0.70,-2,-3.50
2008-12-15 14:10,1.70,2.35,8.01,7.07,5.80,2,0.06,0.40,4.54,0.73,8.11,5.83,4.09,7.29,7.37,6.72,4.38,1.61,2.20,5.94,3.09,4.97,7.84,,4.92,2.80,3.01,6.48,7.32,5.60,6,6.98,1.21,5.60,6.21,6.30,7.85,6.10,5.71,6.10,1.60,0.52,1.72,6.99,6.30,3.29,2.40,2.61,5.74,5.21,4.50,-0.50,-0.96,2.29,-0.76,2.59,3,6.80,2.80,2.66,2.67,1.20,5.68,3.02,0.61,5.26,6.91,5.80,5.40,2.46,6.22,4.65,6.65,6.01,6.90,4.64,3.50,6.56,1.36,4.39,3.85,3.11,1.20,0.84,2.94,-1.01,0.58,0.50,1.06,1.72,-1.97,-0.10,-0.27,-0.10,-0.33,0.84,-1.63,-0.04,-0.86,-0.72,-1.25,-0.67,3.86,3.42,1.83,4.10,2.60,-0.40,-0.24,-0.79,-1.05,-2.37,2.67,-0.61,-0.21,-1.46,-1.20,-1.56,-2.82,,-2.60,-2.16,-2.94,-2.58,-0.39,0.04,0.50,-0.80,-0.88,-2.09,-3.50,,7.10,-2.60,8.90,2.30,2.50,,,,,,,2.30,3.50,,0.60,4.50,-0.40,-0.33,,,,,,,,0.20,1,-0.50,-1.30,-0.80,,,,,-0.40,,-1.40,-0.90,2.40,2.80,1.60,,,-1.70,,,-2.50,,,0.50,0,0,0.30,-0.70,-2,
2008-12-15 14:20,1.60,2.16,7.80,6.51,5.70,1.77,0.10,0.30,4.39,0.45,7.24,5.60,4.29,7.29,7.16,6.60,4.01,1.67,2.10,5.85,2.97,4.50,7.71,,4.05,2.81,2.62,6.21,6.85,5.50,6.10,6.57,1.13,5.47,6.11,6.18,7.91,5.96,5.68,5.65,1.80,0.62,2.03,6.99,6.80,3.25,2.20,2.25,5.40,5.53,4.33,-0.56,-0.87,1.96,-0.89,2.29,2.45,5.90,2.31,2.18,2.53,0.70,6.06,2.96,0.53,5.19,6.66,5.77,5.40,2.23,6.32,4.58,6.12,5.75,6.80,4.28,3.30,5.46,1.20,4.41,3.58,2.90,1.25,0.69,2.74,-1.03,0.26,0.40,0.74,1.56,-1.97,-0.13,-0.18,-0.10,-0.37,0.66,-1.57,-0.06,-0.84,-0.64,-1.22,-0.73,3.64,3.28,1.75,3.59,2.44,-0.40,-0.17,-0.78,-1.04,-2.36,2.71,-0.58,-0.36,-1.43,-1.30,-1.54,-2.77,,-2.60,-2.14,-2.94,-2.39,-0.47,0.08,0.50,-0.80,-0.77,-2.04,-3.50,,6.90,-2.50,8.70,2,2.20,,,,,,,2.20,3.20,,0.40,4.20,-0.50,-0.35,,,,,,,,0,0.90,-0.50,-1.40,-0.80,,,,,-0.40,,-1.50,-0.90,2.40,2.80,1.60,,,-1.70,,,-2.50,,,0.50,0,0,0.40,-0.70,-2,
2008-12-15 14:30,1.50,1.89,7.63,6.17,5.50,1.53,0.15,0.20,4.48,0.31,6.89,5.74,4.28,7.14,7,6.53,3.86,1.59,2,5.92,3.09,4.37,7.52,,3.52,2.70,2.20,6.06,6.62,5.30,6.04,6.24,1.06,5.11,6.07,6.07,7.84,6.05,4.35,5.38,2.10,0.71,2.11,7,5,3.45,1.90,1.98,5.15,5.52,4.45,-0.55,-1.06,1.76,-1.02,1.88,2.39,5.60,1.86,1.51,2.53,0.30,6.41,2.93,0.35,5.23,6.78,5.76,5.20,1.99,6.38,4.57,5.34,5.49,6.76,4.04,2.90,4.02,1,3.95,3.33,2.67,0.88,0.67,2.39,-1.06,0.15,0.20,0.65,1.29,-2.08,-0.14,-0.31,-0.10,-0.47,0.66,-1.45,-0.05,-0.79,-0.68,-1.21,-0.74,3.57,3.40,1.69,3.11,2.27,-0.40,-0.23,-0.84,-1.07,-2.31,2.68,-0.60,-0.35,-1.51,-1.30,-1.62,-2.73,,-2.60,-2.04,-2.90,-2.39,-0.38,0.06,0.40,-0.82,-0.81,-2,-3.50,,6.90,-2.50,8.30,1.60,1.90,,,,,,,2,3.30,,0.20,3.70,-0.40,-0.49,,,,,,,,0,0.80,-0.50,-1.30,-0.80,,,,,-0.40,,-1.40,-0.90,2.40,2.80,1.60,,,-1.70,,,-2.50,,,0.50,0,0,0.40,-0.70,-2,
2008-12-15 14:40,1.30,1.61,7.53,5.90,5.20,1.39,0.17,0,4.54,0.27,7.52,5.95,4.06,7.17,7.02,6.33,3.89,1.66,1.60,5.95,3.22,4.56,6.96,,3.27,2.51,2.44,5.64,5.66,5.10,6.01,5.62,0.70,5.02,5.84,6.04,7.51,6.09,3.64,5.17,2.20,0.80,2.31,6.91,3.40,3.31,1.60,1.74,4.87,5.72,4.69,-0.50,-1.05,1.64,-1.23,1.51,2.10,4.90,1.44,0.89,2.49,-0.30,6.33,2.99,0.07,5.47,6.73,5.18,5.10,2.01,6.02,4.64,4.71,5.36,6.65,3.80,2.60,3.38,1,3.65,2.95,2.42,0.46,0.48,2.16,-1.09,0.04,0.20,0.50,1.24,-2,-0.19,-0.48,-0.20,-0.48,0.61,-1.53,-0.02,-0.81,-0.64,-1.21,-0.83,3.38,3.06,1.62,2.78,2.10,-0.40,-0.16,-0.87,-1.07,-2.30,2.71,-0.68,-0.43,-1.46,-1.20,-1.61,-2.69,,-2.60,-2.11,-2.79,-2.43,-0.47,0,0.60,-0.95,-0.78,-2.05,-3.40,,6.90,-2.40,7.90,1.30,1.80,,,,,,,1.90,3,,0,3.30,-0.50,-0.40,,,,,,,,-0.20,0.60,-0.50,-1.40,-0.80,,,,,-0.40,,-1.40,-0.90,2.40,2.80,1.60,,,-1.70,,,-2.40,,,0.50,0,0,0.40,-0.70,-2,
2008-12-15 14:50,1.10,1.31,7.36,5.72,4.80,1.14,0.06,-0.10,4.63,0.21,7.62,5.42,3.73,7.17,6.95,6.19,3.76,1.64,1.40,6.09,3.21,4.60,6.58,,2.93,2.49,2.39,5.29,4.82,5.20,5.83,5,0.34,4.98,5.93,6.11,7.40,5.99,2.97,4.87,2.50,1.04,2.26,6.82,2.90,2.93,1.60,1.62,4.89,5.44,4.75,-0.50,-1.12,1.60,-1.44,1.30,1.96,4.40,1.55,0.49,2.63,-0.80,6.25,3.06,-0.04,5.49,6.68,5.11,5.30,1.80,6.14,4.63,3.98,4.95,6.67,3.90,2.40,3.10,0.80,3.39,2.68,2.19,0.35,0.27,2.10,-1.04,-0.07,0.10,0.44,1.07,-2.04,-0.28,-0.35,-0.20,-0.40,0.57,-1.46,-0.11,-0.83,-0.71,-1.11,-0.78,3.28,2.99,1.49,2.55,1.93,-0.30,-0.26,-0.86,-1.09,-2.25,2.68,-0.63,-0.45,-1.43,-1.20,-1.63,-2.70,,-2.60,-2.05,-2.78,-2.64,-0.40,0.03,0.60,-0.87,-0.96,-2.03,-3.40,,7.20,-2.30,7.50,1.50,1.60,,,,,,,1.70,2.80,,-0.20,3.20,-0.50,-0.30,,,,,,,,-0.30,0.60,-0.50,-1.40,-0.80,,,,,-0.40,,-1.40,-0.90,2.30,2.80,1.60,,,-1.70,,,-2.40,,,0.50,0,0,0.40,-0.70,-2,
2008-12-15 15:00,0.80,0.88,7.20,5.39,4.40,0.75,0.11,-0.20,4.74,0,7.56,4.57,3.37,7.10,6.80,6.11,4.05,1.47,1.20,6.03,3.09,4.44,5.15,,2.59,2.49,2.19,4.99,4.70,5.10,5.78,4.41,0.23,4.77,6.05,6.16,7.48,5.99,2.59,4.60,2.60,0.98,2.29,6.64,2.90,2.72,1.60,1.66,5.02,5.49,4.51,-0.52,-1,1.55,-1.60,1.16,1.55,4.10,0.92,0.23,2.52,-1,6.14,2.94,-0.10,5.32,6.64,4.98,5.10,1.81,6.11,4.64,3.65,4.73,6.57,3.84,2.10,5.32,0.70,2.80,2.51,1.94,0.64,0.12,1.82,-1.04,-0.15,0.10,0.25,0.96,-2.20,-0.36,-0.28,-0.20,-0.47,0.37,-1.38,-0.19,-0.77,-0.74,-1.16,-0.70,3.14,2.78,1.40,2.34,1.60,-0.30,-0.25,-0.92,-1.09,-2.18,2.62,-0.67,-0.46,-1.53,-1.30,-1.63,-2.64,,-2.60,-2.05,-2.83,-2.50,-0.53,0.10,0.70,-0.84,-0.89,-2.01,-3.30,0.20,7.30,-2.40,7.60,1.50,1.60,-0.90,6.40,-2.20,6.50,4.60,1,1.60,2.70,0.90,-0.40,3.20,-0.60,-0.50,-1.10,2.50,3.30,3.20,3.40,1.40,1.30,-0.30,0.50,-0.50,-1.30,-0.80,2.90,1.60,1.60,0,-0.40,-0.50,-1.40,-0.90,2.30,2.70,1.50,,0.60,-1.70,-2.30,,-2.40,1.60,1,0.50,0,0,0.40,-0.70,-1.90,-3.20
2008-12-15 15:10,0.90,0.54,7.28,5.04,4,0.62,0.40,-0.30,4.90,-0.02,6.76,4.23,3.23,6.37,6.63,5.80,4.62,1.43,1.30,5.98,3.02,3.98,3.74,,2.45,2.33,2.14,4.85,4.37,4.80,5.88,3.87,0.23,4.08,6.01,6.04,7.25,5.82,2.65,4.23,2.50,0.41,2.51,6.41,2.90,2.36,1.80,1.62,5.27,5.47,4.08,-0.56,-1.04,1.49,-1.68,0.85,1.34,3.80,0.88,-0.14,2.23,-1.10,6,2.78,-0.13,4.78,6.77,5.05,4.90,2.21,5.91,4.57,3.59,4.61,6.54,3.50,1.60,6.82,0.60,2.85,2.30,1.60,0.41,0.02,1.66,-1.04,-0.24,0,0.30,0.73,-2.31,-0.36,-0.40,-0.20,-0.54,0.17,-1.39,-0.29,-0.80,-0.72,-1.12,-0.74,2.92,2.39,1.38,2.11,1.50,-0.30,-0.32,-0.93,-1.07,-2.17,2.59,-0.59,-0.46,-1.54,-1.30,-1.64,-2.71,,-2.60,-1.97,-2.75,-2.41,-0.47,0.10,0.70,-0.90,-0.85,-1.99,-3.30,,7.10,-2.40,6.60,1.30,1.50,,,,,,,1.50,2.70,,-0.40,3.10,-0.50,-0.40,,,,,,,,-0.40,0.40,-0.50,-1.40,-0.80,,,,,-0.50,,-1.30,-0.90,2.30,2.70,1.50,,,-1.70,,,-2.40,,,0.50,0.10,0,0.40,-0.80,-1.90,
2008-12-15 15:20,0.70,0.33,7.03,4.28,3.80,0.49,0.52,-0.50,4.56,-0.12,5.22,4.53,3.33,6.57,6.57,5.71,4.21,1.46,1.60,5.93,2.96,3.75,3.16,,2.24,2.25,2.23,4.84,3.78,4.60,5.96,3.76,0.29,3.65,6.16,6.08,7.09,5.76,2.69,4.42,2.20,0.09,2.22,6.69,2.50,2.48,2,1.52,5.14,5.21,4.24,-0.55,-1.05,1.38,-1.86,0.52,1.27,3.60,0.64,-0.46,2.15,-1.30,6,2.62,-0.13,4.72,6.61,5.19,4.80,2.25,6,4.62,3.47,4.49,6.44,2.98,1.90,7.03,0.40,3.04,1.99,1.40,0.29,-0.18,1.42,-1.14,-0.28,-0.10,0.15,0.71,-2.37,-0.36,-0.50,-0.30,-0.48,0.01,-1.43,-0.17,-0.76,-0.73,-1.17,-0.76,2.66,2.10,1.18,2.01,1.47,-0.40,-0.21,-0.85,-1.10,-2.14,2.66,-0.63,-0.35,-1.50,-1.30,-1.69,-2.60,,-2.60,-1.86,-2.69,-2.36,-0.47,0.07,0.60,-0.90,-1.11,-2,-3.20,,7,-2.40,6.50,1.40,1.50,,,,,,,1.40,2.70,,-0.60,3,-0.50,-0.37,,,,,,,,-0.40,0.30,-0.50,-1.30,-0.80,,,,,-0.50,,-1.30,-0.90,2.30,2.70,,,,-1.70,,,-2.30,,,0.50,0,0,0.40,-0.80,-1.90,
2008-12-15 15:30,0.60,-0.07,6.86,3.96,3.28,0.56,0.46,-0.60,4.28,-0.24,5.93,3.18,3.08,6.78,6.58,5.64,3.88,1.35,1.60,5.79,3.03,3.87,2.84,,1.62,2.16,2.21,4.88,3.32,4.50,5.88,3.36,0.51,4.31,5.93,5.93,7.21,5.83,2.39,4.24,2,0.17,2.04,6.47,2.60,2.50,2,1.49,4.87,4.87,4,-0.49,-1.10,1.27,-1.99,0.35,1.21,3.30,0.54,-0.60,2.08,-1.40,6.22,2.53,-0.12,4.85,6.51,5.02,4.60,2.30,5.97,4.64,3.31,4.16,6.48,2.79,2.10,7.06,0.30,2.95,1.80,1.40,0.18,-0.11,1.41,-1.15,-0.34,-0.20,0.24,0.71,-2.49,-0.33,-0.44,-0.30,-0.65,-0.07,-1.43,-0.21,-0.71,-0.72,-1.17,-0.75,2.67,1.95,1.17,2.30,1.32,-0.40,-0.04,-0.97,-1.07,-2.14,2.59,-0.71,-0.34,-1.59,-1.30,-1.72,-2.70,,-2.60,-1.91,-2.79,-2.49,-0.36,0.13,0.50,-0.93,-1.28,-2.09,-3.30,,6.80,-2.40,6.60,1.20,1.40,,,,,,,1.20,2.50,,-0.50,2.80,-0.60,-0.44,,,,,,,,-0.50,0.20,-0.50,-1.30,-0.70,,,,,-0.50,,-1.30,-0.90,2.30,2.60,1.50,,,-1.60,,,-2.30,,,0.50,0,0,0.50,-0.80,-1.90,
2008-12-15 15:40,0.40,-0.32,6.74,3.46,4.36,0.65,0.55,-0.70,3.89,-0.50,6.55,3.27,2.71,6.87,6.54,5.40,3.43,1.37,1.10,5.99,2.89,3.92,2.56,,1.20,2.06,1.95,4.96,3.22,4.50,5.43,3.02,0.50,4.08,5.94,5.91,7.27,5.95,2.37,4.07,2.10,0.30,2,6.28,2.20,2.30,2.50,1.56,4.73,4.83,3.82,-0.53,-1.11,1.26,-1.95,0.07,1.07,3.10,0.27,-0.81,2.02,-1.80,6.34,2.50,-0.16,4.57,6.57,5.15,4.50,1.72,5.88,4.65,3.37,4.19,6.48,2.64,1.70,7.17,0.50,2.74,1.65,1.30,0.20,-0.26,1.36,-1.18,-0.37,-0.20,0.37,0.71,-2.47,-0.40,-0.44,-0.30,-0.64,0.01,-1.41,-0.15,-0.77,-0.78,-1.19,-0.73,2.54,1.98,1.12,2.38,1.20,-0.40,-0.12,-0.97,-1.02,-1.99,2.53,-0.72,-0.48,-1.53,-1.30,-1.70,-2.56,,-2.60,-1.83,-2.86,-2.47,-0.32,0.09,0.70,-0.94,-1.29,-1.90,-3.30,,6.70,-2.30,6.90,1.10,1.30,,,,,,,1.20,2.10,,-0.50,2.50,-0.70,-0.53,,,,,,,,-0.70,0.20,-0.50,-1.30,-0.70,,,,,-0.50,,-1.20,-0.80,2.30,2.60,1.50,,,-1.60,,,-2.30,,,0.60,0,0,0.50,-0.80,-2,
2008-12-15 15:50,0.30,-0.30,6.54,3.13,4.44,0.25,0.44,-0.40,4,-0.76,6.31,3.54,2.72,6.75,6.55,5.61,3.21,1.26,0.60,5.96,2.85,3.69,4.22,,1.15,1.86,3.09,5.28,3.02,5,5.17,2.92,0.35,3.46,5.82,5.90,7.23,6.07,2.45,3.74,1.80,0.41,2.21,6.52,2,2.11,3.10,1.88,4.94,5.35,3.47,-0.48,-1.10,1.30,-1.94,0.04,0.93,2.90,0.20,-0.82,2.10,-1.80,5.91,2.61,-0.30,4.42,6.64,5.16,4.60,1.67,5.88,4.70,3.38,4.40,6.44,2.66,1.60,7.44,0.50,2.80,1.55,1.20,0.17,-0.34,1.25,-1.21,-0.39,-0.20,0.35,0.79,-2.44,-0.35,-0.43,-0.30,-0.62,0.19,-1.35,-0.15,-0.82,-0.72,-1.12,-0.73,2.44,1.92,1.08,2.41,1.08,-0.40,-0.07,-0.95,-1.01,-1.93,2.56,-0.76,-0.38,-1.47,-1.30,-1.66,-2.67,,-2.60,-1.99,-2.76,-2.24,-0.46,0.08,0.70,-0.99,-1.14,-1.76,-3.20,,6.90,-2.20,6.40,1.10,1.10,,,,,,,1.10,2.10,,-0.50,,-0.60,-0.48,,,,,,,,-0.70,0.10,-0.50,-1.30,-0.70,,,,,-0.50,,-1.20,-0.80,2.30,2.50,1.50,,,-1.60,,,-2.20,,,0.60,0,0,0.50,-0.80,-1.90,
2008-12-15 16:00,0.20,-0.39,6.74,3.08,4.14,0.14,0.35,-0.10,3.80,-0.90,6.75,2.80,2.84,6.52,6.48,5.90,3.11,1.20,0.30,6.10,3.04,3.56,6.80,,1.09,1.56,4.30,5.66,2.62,4.80,5.58,2.68,0.24,3.28,5.71,5.94,7.19,6.17,2.85,3.61,1.30,0.49,2.45,6.54,1.80,2.02,3.30,1.94,4.80,5.46,3.70,-0.41,-1.07,1.16,-1.83,0.12,0.94,2.70,0.44,-0.90,2.02,-1.90,4.54,2.74,-0.41,4.63,6.70,5.20,4.40,1.63,6.07,4.54,3.04,4.36,6.34,2.77,1.10,7.39,0.60,2.75,1.34,1,-0.06,-0.23,0.99,-1.28,-0.47,-0.20,0.39,0.63,-2.42,-0.39,-0.42,-0.30,-0.63,0.26,-1.37,-0.12,-0.88,-0.72,-1.05,-0.77,2.11,1.73,1.16,2.48,0.96,-0.40,-0.15,-0.97,-1.14,-1.96,2.46,-0.73,-0.35,-1.45,-1.30,-1.72,-2.64,,-2.50,-1.72,-2.75,-2.29,-0.51,0.12,0.90,-0.95,-0.94,-1.80,-3.20,2,6.70,-2.20,6,1,1.10,-0.90,6.30,-2.40,5.80,3.50,0.90,1,2.20,0.50,-0.60,2.60,-0.60,-0.50,-1,2.30,2.40,2.40,2.90,1.30,1.10,-0.80,0,-0.50,-1.20,-0.70,2.80,1.30,1.40,-0.20,-0.60,-0.60,-1.20,-0.80,2.30,2.50,1.40,,0.50,-1.60,-2.30,-1.40,-2.30,1.60,1,0.50,0,0,0.60,-0.80,-1.90,-3.10
2008-12-15 16:10,0.20,-0.05,6.61,2.87,3.70,0.03,0.21,-0.20,4.17,-1.06,6.96,2.93,3.37,6.26,6.23,5.86,3.18,1.14,0,5.78,3.07,3.75,7.23,,1,1.36,5.26,5.39,2.80,4.70,6.07,2.47,0.24,3.74,5.81,5.85,7.39,5.95,2.98,3.59,1.30,0.55,2.60,6.71,1.80,2.02,3.10,1.97,4.89,5.39,3.68,-0.40,-0.97,1.12,-1.78,0.26,0.72,2.50,0.25,-0.79,2.20,-1.80,3.54,2.80,-0.51,4.32,6.65,5.21,4.30,2.04,5.98,4.64,3.21,4.38,6.32,2.47,0.70,7.38,0.76,2.43,1.13,1.21,-0.16,-0.23,0.89,-1.33,-0.55,-0.20,0.44,0.57,-2.33,-0.41,-0.41,-0.30,-0.64,0.31,-1.45,-0.11,-0.84,-0.74,-1.08,-0.75,2.19,1.74,1.20,2.54,0.88,-0.40,-0.14,-1.01,-1.19,-1.97,2.39,-0.62,-0.41,-1.51,-1.30,-1.74,-2.58,,-2.50,-1.78,-2.65,-2.32,-0.44,0.11,0.80,-0.97,-1.05,-2,-3.20,,6.90,-2.20,6.30,1,1.40,,,,,,,0.90,1.90,,-0.60,2.80,-0.60,-0.36,,,,,,,,-0.80,-0.20,-0.40,-1.20,-0.70,,,,,-0.60,,-1.20,-0.80,2.30,2.50,1.40,,,-1.60,,,-2.20,,,0.60,0,0.10,0.60,-0.80,-1.90,
2008-12-15 16:20,0.10,0.09,6.68,2.74,3.20,-0.01,0.22,-0.30,4.15,-1.14,7.21,3.39,3.86,6.61,6.18,5.65,2.82,1.27,-0.40,5.73,3.23,3.53,7.39,,1.01,1.23,6.43,5.61,2.36,4.60,5.89,2.48,0.33,3.77,5.90,5.89,7.47,5.89,2.98,3.20,1.70,0.51,2.47,6.89,2.10,2.18,2.70,1.96,5.14,5.51,4.03,-0.39,-1.07,1.06,-1.73,0.06,0.75,2.30,0.25,-0.65,2.16,-1.90,3.13,3.05,-0.55,4.21,6.45,5.22,4.10,2.21,6.01,4.66,3.28,4.49,6.26,1.73,0.60,7.45,0.70,2.21,1,1.07,-0.19,-0.25,0.59,-1.32,-0.53,-0.10,0.45,0.68,-2.33,-0.37,-0.48,-0.20,-0.54,0.42,-1.43,-0.05,-0.83,-0.75,-1.04,-0.69,2.32,1.72,1.12,2.43,0.84,-0.40,-0.11,-1.05,-1.19,-1.96,2.46,-0.59,-0.35,-1.53,-1.30,-1.74,-2.56,,-2.50,-1.82,-2.63,-2.50,-0.53,0.14,0.70,-0.98,-0.91,-1.90,-3.20,,6.90,-2.10,6.10,1,1.60,,,,,,,0.80,1.90,,-0.60,2.70,-0.60,-0.47,,,,,,,,-0.90,-0.30,-0.40,-1.20,-0.70,,,,,-0.50,,-1.20,-0.70,2.30,2.50,1.40,,,-1.60,,,-2.20,,,0.60,0,0.10,0.60,-0.80,-1.90,
2008-12-15 16:30,0.20,0.19,6.45,2.84,3,-0.12,0.17,-0.40,4.22,-1.22,7.24,3.74,3.91,6.20,6.17,5.55,2.36,1.22,-0.60,5.13,3.18,4.02,7.19,,1.26,1.17,6.03,5.75,2.03,4.60,6.26,2.44,0.36,3.42,5.88,5.64,7.64,5.95,2.97,3.26,1.40,0.69,2.38,6.93,2,2.40,3.60,2.16,4.97,5.31,4.03,-0.35,-0.98,1.10,-1.61,0.12,0.62,2.40,0.37,-0.49,1.87,-1.90,2.71,2.99,-0.48,4.16,6.58,5.24,4,2.71,6.06,4.43,3.15,4.47,6.26,1.60,0.80,7.44,0.50,2.05,0.71,0.92,-0.32,-0.22,0.19,-1.41,-0.54,-0.10,0.43,0.64,-2.42,-0.42,-0.46,-0.10,-0.52,0.53,-1.30,-0.02,-0.84,-0.78,-0.94,-0.66,2.12,1.62,1.06,2.25,0.79,-0.40,-0.19,-1.04,-1.19,-1.93,2.41,-0.72,-0.48,-1.52,-1.30,-1.67,-2.55,,-2.50,-1.71,-2.65,-2.41,-0.35,0.18,0.80,-0.91,-0.88,-1.86,-3.10,,6.30,-2.10,5.40,1,1.40,,,,,,,0.70,1.70,,-0.60,2.20,-0.60,-0.47,,,,,,,,-0.90,-0.40,-0.40,-1.20,-0.70,,,,,-0.50,,-1.10,-0.70,2.20,2.50,1.40,,,-1.70,,,-2.10,,,0.60,0,0.10,0.60,-0.80,-1.90,
2008-12-15 16:40,0.10,0.22,6.35,2.97,2.70,-0.31,0.26,-0.30,4.32,-1.29,7.07,2.78,3.90,6.73,6.28,5.39,2.44,1.15,-1,4.92,3.31,3.97,7.08,,1.54,1.02,5.78,5.28,1.82,4.50,5.96,2.25,0.08,3.06,5.67,5.62,7.64,6.01,2.78,3.12,1.10,0.81,2.62,6.73,2.10,2.47,3.50,2.30,5.02,5.47,4.29,-0.42,-0.90,1,-1.57,-0.05,0.47,2.20,0.49,-0.28,1.71,-2.10,2.44,2.81,-0.59,4.75,6.51,5.34,4.10,2.80,5.74,4.66,2.95,4.45,6.14,1.96,1.10,7.26,0.70,2.11,0.43,0.82,-0.26,-0.09,-0.16,-1.42,-0.58,0,0.36,0.58,-2.42,-0.43,-0.52,-0.10,-0.48,0.64,-1.36,-0.08,-0.83,-0.72,-1.06,-0.75,2.03,1.49,1.09,1.91,0.77,-0.40,-0.23,-0.96,-1.03,-1.92,2.44,-0.62,-0.45,-1.56,-1.30,-1.67,-2.59,,-2.50,-1.69,-2.73,-2.17,-0.61,0.10,0.90,-0.90,-1.03,-1.91,-3.20,,6.10,-2.10,4.90,1.20,1.50,,,,,,,0.70,1.70,,-0.60,2.20,-0.60,-0.50,,,,,,,,-0.80,-0.60,-0.40,-1.20,-0.70,,,,,-0.50,,-1.10,-0.70,2.30,2.40,1.40,,,-1.70,,,-2.10,,,0.50,0.10,0.10,0.60,-0.80,-1.90,
2008-12-15 16:50,0.30,4.39,6.28,2.80,2.70,-0.51,0.20,-0.30,4.49,-1.12,6.94,3.34,3.79,6.57,6.20,5.42,4.19,1.32,-1.10,5.16,3.23,3.80,6.92,,1.26,1.01,6.10,5.49,1.53,4.40,6.19,2.18,0.02,2.89,5.08,5.71,7.74,5.93,2.77,3.27,1.50,0.95,2.73,6.84,2,2.71,4.70,2.55,4.95,5.52,4.35,-0.37,-0.85,0.99,-1.48,0.05,0.62,2.10,0.33,-0.36,1.80,-2.20,2.07,2.62,-0.76,4.70,6.64,5.23,4.20,2.86,5.68,4.57,2.81,4.47,6.13,2.07,0.60,7.45,0.80,1.90,0.37,0.69,-0.37,-0.22,-0.49,-1.46,-0.54,0,0.35,0.52,-2.57,-0.41,-0.43,-0.10,-0.49,0.63,-1.41,-0.02,-0.82,-0.75,-1.16,-0.75,1.74,1.21,1.01,1.65,0.70,-0.40,-0.18,-0.90,-0.93,-1.85,2.46,-0.61,-0.37,-1.50,-1.30,-1.72,-2.61,,-2.50,-1.62,-2.62,-2.09,-0.50,0.07,0.70,-0.88,-0.97,-1.96,-3.10,,6.10,-2.20,5,1.30,1.70,,,,,,,0.70,1.50,,-0.70,2.20,-0.60,-0.39,,,,,,,,-0.80,-0.60,-0.40,-1.10,-0.70,,,,,-0.50,,-1.10,-0.60,2.30,2.50,1.30,,,-1.70,,,-2.10,,,0.60,0,0.10,0.60,-0.80,-1.90,
2008-12-15 17:00,0.30,7.50,6.44,2.62,2.70,-0.51,0.23,-0.20,4.48,-1.12,6.94,3.47,3.71,6.45,6.09,5.48,2.45,1.48,-1.10,4.99,3.16,4.05,5.61,,0.83,0.99,5.80,5.90,1.31,4.50,6.17,2.24,0.14,2.49,5.40,5.55,7.92,5.78,2.96,3.38,0.80,0.93,2.62,6.58,1.80,2.59,5.20,2.71,4.88,5.52,4.06,-0.31,-0.84,1.11,-1.51,-0.02,0.62,2,0.10,-0.36,1.62,-2.40,1.67,2.45,-1.01,4.19,6.68,5.17,4.50,2.69,5.54,4.67,2.89,4.69,6.15,1.79,0.40,7.44,0.90,1.88,0.44,0.61,-0.29,-0.29,-0.75,-1.40,-0.50,0,0.42,0.65,-2.50,-0.38,-0.40,-0.10,-0.45,0.55,-1.31,-0.14,-0.86,-0.75,-1.09,-0.77,1.24,1.05,1,1.61,0.60,-0.50,-0.35,-0.86,-0.93,-1.79,2.46,-0.65,-0.41,-1.54,-1.30,-1.64,-2.55,,-2.50,-1.55,-2.49,-2.30,-0.58,0.18,0.70,-0.95,-0.91,-1.94,-3.10,7.90,5.90,-2.30,5.10,1.50,1.80,-1,6.10,-2.10,5.70,2.40,0.60,0.60,1.40,0,-0.50,2.10,-0.60,-0.40,-1,1.70,1.80,1.70,2.50,0.80,0.70,-0.90,-0.70,-0.40,-1.20,-0.70,2.80,0.90,1.20,-0.40,-0.50,-0.60,-1.10,-0.60,2.30,2.50,1.30,-0.30,0.50,-1.70,-2.10,-1.30,-2,1.80,1.10,0.60,0.10,0.10,0.50,-0.70,-1.90,-3
2008-12-15 17:10,0.40,7.53,6.66,2.33,2.70,-0.60,0.23,-0.30,4.28,-0.97,6.99,2.71,3.58,6.68,6.05,5.66,3.63,1.68,-1.30,4.80,3.04,3.98,4.42,,0.82,0.77,5.67,5.92,0.98,4.30,6.31,1.93,0.17,0.99,5.62,5.29,7.76,5.72,3.07,3.49,0.70,0.89,2.33,6.51,1.70,2.49,4.60,2.58,5.18,5.41,3.70,-0.46,-0.82,1.06,-1.53,-0.13,0.35,1.90,-0.06,-0.33,1.23,-2.20,1.35,2.63,-1.15,3.86,6.58,5.25,4.60,2.45,5.31,4.49,2.91,4.65,5.97,1.68,0.30,7.23,1,1.71,0.66,0.60,-0.23,-0.28,-1.13,-1.30,-0.53,0,0.39,0.54,-2.46,-0.44,-0.50,-0.10,-0.30,0.66,-1.28,-0.18,-0.96,-0.72,-1.08,-0.77,1.03,0.92,0.94,1.63,0.54,-0.50,-0.32,-0.94,-0.93,-1.79,2.39,-0.72,-0.39,-1.53,-1.20,-1.61,-2.53,,-2.40,-1.60,-2.58,-2.24,-0.51,0.27,0.90,-0.96,-1.01,-1.87,-3.10,,6,-2.30,5,1.50,1.60,,,,,,,0.60,1.40,,-0.60,2.10,-0.50,-0.30,,,,,,,,-0.90,-0.70,-0.30,-1.10,-0.70,,,,,-0.50,,-1.10,-0.60,2.20,2.50,1.30,,,-1.70,,,-2,,,0.60,0.10,0.20,0.50,-0.80,-1.80,
2008-12-15 17:20,0.20,7.95,6.83,2.23,2.80,-0.64,0.15,0.10,4.01,-0.63,7.18,2.78,2.94,6.79,5.97,5.73,4.40,1.66,-1.40,4.90,3.15,3.89,3.84,,1.82,0.72,5.55,5.90,0.71,4.40,6.06,2,0,1.06,5.56,5.31,7.69,5.48,3.09,3.38,1.40,0.77,2.56,6.27,1.60,2.18,4.60,2.53,5.09,5.20,3.85,-0.38,-0.87,0.94,-1.44,0.01,0.36,1.80,-0.19,-0.46,0.88,-2.60,0.97,2.95,-1.26,3.71,6.61,5.17,4.30,2.33,5.18,4.61,2.89,4.52,5.83,1.48,0.30,7.05,1.20,1.59,1.15,0.60,0.01,-0.47,-1.20,-1.42,-0.57,0,0.43,0.48,-2.55,-0.38,-0.45,0,-0.35,0.62,-1.34,-0.11,-0.92,-0.72,-1,-0.73,0.78,0.91,0.82,1.72,0.50,-0.50,-0.40,-0.80,-0.88,-1.76,2.26,-0.66,-0.35,-1.53,-1.20,-1.64,-2.58,,-2.40,-1.59,-2.49,-2.07,-0.62,0.27,0.60,-0.87,-1.03,-1.76,-3.20,,5.90,-2.40,5.40,1.40,1.60,,,,,,,0.60,1.30,,-0.60,2,-0.60,-0.22,,,,,,,,-0.80,-0.80,-0.30,-1.20,-0.80,,,,,-0.50,,-1,-0.60,2.30,2.40,1.30,,,-1.60,,,-1.90,,,0.60,0.10,0.10,0.50,-0.80,-1.80,
2008-12-15 17:30,0.30,5.57,7.12,2.23,3.10,-1,0.09,0.20,4.26,-0.61,7.17,2.45,2.70,6.87,6,5.92,4.24,1.25,-1.60,4.98,3.14,4.15,3.75,,4.79,0.53,6.16,5.78,0.66,4.40,6.17,2.89,-0.11,1.40,5.52,5.40,7.70,5.54,3.14,3.28,1.80,0.62,2.44,6.35,1.70,2.04,4.40,2.68,5.03,5.13,3.63,-0.43,-0.99,1,-1.42,-0.10,0.25,1.70,-0.18,-0.71,0.63,-2.60,0.87,2.33,-1.17,4.41,6.56,5.10,4.80,2.43,5.13,4.52,3.02,4.59,5.77,0.93,0.30,7.15,1.20,1.61,1.52,0.80,0.08,-0.45,-1.38,-1.39,-0.56,0,0.48,0.37,-2.54,-0.41,-0.40,0,-0.35,0.59,-1.40,-0.07,-0.92,-0.62,-1,-0.70,0.81,0.92,0.85,1.98,0.50,-0.50,-0.28,-0.80,-0.98,-1.74,2.25,-0.66,-0.27,-1.55,-1.30,-1.64,-2.49,,-2.40,-1.55,-2.46,-2.06,-0.61,0.23,0.60,-0.86,-0.98,-1.82,-3.10,,6.10,-2.40,6.60,1.40,1.40,,,,,,,0.50,1.20,,-0.50,2.20,-0.60,-0.24,,,,,,,,-0.80,-0.90,-0.30,-1.20,-0.80,,,,,-0.50,,-1,-0.50,2.20,2.50,1.30,,,-1.60,,,-1.90,,,0.60,0.10,0.20,0.50,-0.80,-1.80,
2008-12-15 17:40,0.20,3.97,7.21,2.35,3.60,-1.15,0.22,0.20,4.46,-0.43,6.75,2.34,3.40,6.71,6.15,5.92,3.32,1.16,-1.20,5.32,3.24,4.08,3.79,,5.83,0.22,6.17,5.66,0.67,4.60,5.68,3.11,-0.20,2.11,5.48,5.46,7.41,5.87,3.02,3.20,1.90,0.19,2.12,6.47,1.70,2.25,4.80,2.62,5.19,5.11,3.46,-0.46,-1.02,1.04,-1.51,0.04,0.12,1.60,-0.31,-1.08,0.55,-2.80,0.87,2.47,-1.02,4.25,6.52,5.05,4.50,2.61,5.40,4.38,3.61,4.60,5.76,1.03,0.60,7.05,1,1.50,1.62,0.90,0.09,-0.53,-1.21,-1.45,-0.53,0,0.48,0.42,-2.47,-0.40,-0.47,0,-0.32,0.71,-1.37,-0.11,-0.96,-0.64,-1.11,-0.66,0.86,0.94,0.85,2.41,0.50,-0.40,-0.25,-0.85,-0.90,-1.72,2.27,-0.63,-0.20,-1.57,-1.20,-1.57,-2.43,,-2.30,-1.53,-2.47,-2.05,-0.53,0.15,0.60,-0.90,-1,-1.94,-3.10,,5.80,-2.50,7.20,1.40,1.10,,,,,,,0.60,1.20,,-0.60,2.50,-0.60,-0.25,,,,,,,,-0.90,-0.90,-0.20,-1.20,-0.80,,,,,-0.50,,-0.90,-0.50,2.20,2.40,1.30,,,-1.70,,,-1.90,,,0.60,0.10,0.20,0.50,-0.80,-1.70,
2008-12-15 17:50,0.30,3.82,7.09,3.94,3.70,-1.11,0.27,0.80,4.64,0.44,6.31,2.22,3.38,6.82,6.09,5.86,2.78,1.06,-0.70,5.51,3.12,3.95,3.47,,5.91,0.21,5.79,5.65,0.42,4.80,5.53,3.09,-0.24,2.63,5.33,5.52,7.28,5.88,2.96,3.03,1.90,0.49,1.94,6.51,1.90,2.33,5.10,2.64,5.35,4.58,3.60,-0.44,-1.02,1.01,-1.65,-0.21,0.05,1.80,-0.36,-1.18,0.48,-2.90,0.86,2.57,-0.90,4.30,6.56,5.08,4.30,2.56,5.52,4.43,3.79,4.60,5.58,1.43,0.80,7.33,1,1.35,1.40,0.90,0.10,-0.47,-0.87,-1.41,-0.55,0,0.50,0.40,-2.31,-0.35,-0.38,0.20,-0.40,0.87,-1.27,-0.13,-0.96,-0.65,-1.09,-0.65,0.93,0.83,0.83,2.41,0.42,-0.40,-0.42,-0.78,-0.94,-1.71,2.30,-0.65,-0.20,-1.54,-1.20,-1.56,-2.41,,-2.30,-1.41,-2.47,-1.96,-0.49,0.21,0.60,-0.87,-0.86,-1.84,-3.10,,5.10,-2.70,7.70,1.30,1.10,,,,,,,0.80,1.30,,-0.50,2.50,-0.50,-0.30,,,,,,,,-0.90,-0.90,-0.30,-1.20,-0.80,,,,,-0.50,,-0.90,-0.50,2.20,2.50,1.30,,,-1.70,,,-1.90,,,0.60,0.10,0.20,0.40,-0.80,-1.70,
2008-12-15 18:00,0,3.47,6.88,2,4,-0.84,0.35,1.80,4.60,1.49,6.12,1.95,3.23,7,6.15,4,2,1.03,1,5.54,3,3.94,3.22,8,5,0,5.72,5.37,0,5,5,3,-0.29,2,5.38,5,8,5,3,4,2,0,2,6,2,2.06,7,2.62,5.35,4.64,4,0,-0.98,1.05,-1.77,0,0,2,0,-1.43,0.35,-3,0.82,2.63,-0.98,4.33,6.56,5.06,4.60,2.51,5.30,4.34,4,4.54,5.50,0.88,0.80,7.37,1,1.03,0,0.90,0.15,-0.47,-0.39,-1.37,-1,0,0.57,0.49,-2.22,-0.37,-1,0.10,-0.31,0.86,-1.37,-0.15,-1.01,-0.58,-1.08,-0.71,0.75,0.77,0.80,2.26,0.50,-0.40,-0.41,-0.73,-0.82,-1.63,2.32,-0.72,-0.11,-1.49,-1.30,-1.52,-2.45,,-2.30,-1.38,-2.42,-2,-0.43,0.40,0.50,-0.83,-0.60,-1.84,-3,4,5,-3,7.80,1.20,1.20,-0.90,5.90,-2.30,5.50,1.60,0.20,0.80,1,-0.70,-0.40,2.40,-0.50,-0.30,-0.90,1.20,1.40,1.20,2,0.60,0.30,-0.90,-0.90,-0.20,-1.10,-0.90,2.50,0.50,1,-0.60,-0.40,-0.40,-0.90,-0.50,2.20,2.40,1.30,,0.70,-1.60,-2,-1.10,-1.80,1.80,1.10,0.60,0.10,0.20,0.40,-0.70,-1.80,-2.80
2008-12-15 18:10,0.20,4.10,6.83,6.70,3.80,-0.80,0.69,3.10,4.52,2.28,5.82,1.78,3.20,6.83,6.07,5.70,3.53,0.89,-0.10,5.47,3.03,4.06,3.29,,5.54,0.07,5.80,5.31,0.35,4.60,5.59,2.80,-0.05,4.55,5.48,5.54,7.15,5.51,3.20,2.80,1.80,0.39,1.71,6.49,1.90,1.92,6,2.66,5.28,5.05,3.72,-0.32,-1.03,1.14,-1.96,-0.08,-0.45,1.60,0.28,-1.61,0.19,-3.20,0.97,2.83,-1.09,4.17,6.47,5.09,4.60,2.48,4.87,4.42,3.76,4.39,5.56,0.63,0.50,7.24,0.86,1.26,1.69,1,0.11,-0.51,-0.10,-1.23,-0.65,-0.10,0.41,0.46,-2.20,-0.36,-0.32,0.10,-0.32,0.85,-1.39,-0.15,-0.95,-0.49,-1.04,-0.66,0.50,0.60,0.74,2.21,0.31,-0.40,-0.34,-0.71,-0.81,-1.63,2.19,-0.70,-0.25,-1.54,-1.30,-1.57,-2.37,,-2.20,-1.38,-2.49,-2.01,-0.48,0.23,0.60,-0.85,-0.86,-1.87,-3,,5.70,-2.90,7.80,1.20,1,,,,,,,0.90,1,,-0.40,2.20,-0.60,-0.33,,,,,,,,-1,-0.90,-0.20,-1.10,-0.90,,,,,-0.40,,-0.80,-0.50,2.20,2.40,,,,-1.60,,,-1.80,,,0.60,0.10,0.20,0.40,-0.80,-1.70,
2008-12-15 18:20,0.60,7.21,6.65,6.77,3.90,-0.94,0.99,4.80,4.42,3.15,5.89,2,3.02,6.56,6.09,5.87,2.39,0.65,0.10,5.89,2.96,4.01,3.18,,5.60,0.02,5.74,5.44,0.17,4.60,4.45,2.44,0,4.62,5.47,5.35,7.23,5.44,2.95,2.70,2,0.22,1.83,6.46,1.80,1.76,6.20,2.48,5.09,5.55,3.86,-0.46,-1.06,1.28,-1.98,-0.19,-0.67,1.60,0.13,-1.83,0.06,-3.40,0.88,2.61,-1.19,4.56,6.44,4.91,4.60,2.51,4.91,4.54,3.75,4.35,5.71,0.92,0.40,7.30,0.44,1.18,1.79,0.90,0.14,-0.42,-0.16,-1.16,-0.74,-0.10,0.57,0.59,-2.11,-0.36,-0.32,0.10,-0.33,0.87,-1.23,-0.13,-0.88,-0.55,-1.07,-0.68,0.37,0.36,0.57,2.10,0.25,-0.40,-0.37,-0.72,-0.81,-1.69,2.23,-0.73,-0.33,-1.58,-1.30,-1.56,-2.33,,-2.20,-1.32,-2.31,-2.07,-0.68,0.09,0.60,-0.90,-1.07,-1.68,-3,,6.10,-3,7.80,1.10,0.90,,,,,,,1.10,1,,-0.40,2.10,-0.50,-0.35,,,,,,,,-1,-1,-0.20,-1.10,-0.90,,,,,-0.40,,-0.80,-0.50,2.20,2.40,1.30,,,-1.60,,,-1.80,,,0.70,0.20,0.20,0.40,-0.80,-1.70,
2008-12-15 18:30,1.40,7.94,6.63,6.89,4,-1.13,0.76,5.80,4.39,2.83,6.05,2.65,2.97,6.64,6.15,5.66,2.78,0.69,0.20,5.47,2.74,3.75,3.21,,3.76,-0.09,5.89,5.67,0.06,5.40,4.80,2.22,-0.14,4.82,5.46,5.25,7.30,5.32,2.66,2.74,1.90,0.37,1.93,6.41,1.70,1.57,6.10,2.41,5.08,5.61,3.75,-0.48,-1.15,1.10,-1.96,-0.38,-0.71,1.40,-0.19,-1.98,-0.08,-3.40,0.68,2.90,-1.24,4.43,6.54,4.88,4.40,2.24,4.85,4.57,4.95,4.32,5.58,0.62,0.60,7.30,0.42,1.02,1.73,0.90,0.23,-0.27,-0.27,-1.22,-0.64,-0.10,0.58,0.52,-2.17,-0.35,-0.38,0.10,-0.23,0.88,-1.31,-0.18,-0.85,-0.54,-1.10,-0.66,0.04,0.23,0.50,1.98,0.21,-0.40,-0.41,-0.70,-0.84,-1.69,2.22,-0.61,-0.37,-1.50,-1.20,-1.56,-2.36,,-2.20,-1.21,-2.31,-1.79,-0.63,0.01,0.40,-0.79,-0.81,-1.61,-2.90,,5.70,-3,8,1.10,1,,,,,,,1.10,0.90,,-0.40,2.10,-0.50,-0.29,,,,,,,,-1,-0.90,-0.10,-1.10,-0.90,,,,,-0.40,,-0.80,-0.60,2.10,2.40,1.30,,,-1.60,,,-1.70,,,0.70,0.10,0.20,0.30,-0.80,-1.60,
2008-12-15 18:40,1.10,6.36,6.66,6.89,3.90,-1.04,3.27,6.60,4.32,2.60,6.02,2.98,3.22,6.59,6.21,5.58,3.69,0.64,0.30,5.40,2.81,3.54,3.22,,3.34,-0.29,5.97,5.70,0.04,5.40,5.04,2.06,0.31,4.89,5.46,5.10,7.34,5.36,2.67,2.79,1.80,0.39,2.17,6.19,1.60,1.67,6,2.15,5.12,5.72,3.86,-0.47,-1.09,0.99,-2.20,-0.49,-0.64,1.30,-0.68,-2.20,-0.25,-3.70,0.46,2.75,-1.18,4.45,6.41,4.91,4.20,2.18,4.71,4.53,5.45,4.28,5.56,0.82,0.50,7.28,0.32,1.14,1.15,1,0.23,-0.18,-0.29,-1.12,-0.50,-0.10,0.61,0.59,-2.12,-0.27,-0.36,0.10,-0.08,0.82,-1.39,-0.18,-0.88,-0.54,-1.13,-0.81,-0.10,0.19,0.44,1.88,0.16,-0.40,-0.38,-0.68,-0.87,-1.71,2.17,-0.67,-0.31,-1.55,-1.20,-1.52,-2.36,,-2.20,-1.22,-2.27,-2.02,-0.49,0.06,0.60,-0.81,-1.03,-1.59,-2.90,,5.90,-3,7.90,1.20,0.80,,,,,,,1.10,1,,-0.30,2.10,-0.50,-0.22,,,,,,,,-1,-0.90,-0.10,-1.10,-0.90,,,,,-0.40,,-0.70,-0.60,2.10,2.50,1.30,,,-1.60,,,-1.70,,,0.70,0.30,0.20,0.40,-0.80,-1.60,
2008-12-15 18:50,1.70,5.87,6.37,6.42,3.70,-0.95,2.47,6.80,4.40,2.56,6.32,3.18,3.45,6.53,6.25,5.50,3.76,0.49,0.30,5.39,2.82,3.43,3.07,,2.93,-0.21,6.31,5.54,0.31,5.20,4.64,2.03,0.37,4.84,5.40,5.05,7.38,5.28,2.55,2.61,1.70,0.43,2.30,5.98,1.60,1.64,5.90,2.25,4.90,5.61,3.70,-0.33,-1.13,1.09,-2.32,-0.54,-0.71,1.10,-0.73,-2.42,-0.41,-3.70,0.30,2.68,-1.19,4.85,6.27,4.88,4,1.90,4.68,4.47,5.33,4.32,5.60,0.85,0.70,7.24,0.20,1.27,0.79,0.90,-0.09,-0.41,-0.17,-1.14,-0.49,0,0.62,0.76,-2,-0.22,-0.37,0.20,-0.11,0.81,-1.29,-0.03,-0.89,-0.55,-1.25,-0.85,-0.30,0.18,0.48,1.84,0.08,-0.30,-0.33,-0.72,-0.82,-1.64,2.19,-0.60,-0.21,-1.44,-1.20,-1.49,-2.30,,-2.20,-1.29,-2.17,-1.79,-0.61,0.08,0.50,-0.79,-0.85,-1.51,-2.80,,5.70,-3,7.60,1.30,0.60,,,,,,,1,1.20,,-0.30,2,-0.50,-0.21,,,,,,,,-1,-0.80,-0.10,-1.10,-0.90,,,,,-0.40,,-0.70,-0.60,2.10,2.40,1.30,,,-1.50,,,-1.60,,,0.70,0.30,0.20,0.40,-0.80,-1.60,
2008-12-15 19:00,1.80,6.64,6.38,5.93,3.80,-1.10,1.01,6.40,4.06,2.71,6.42,3.45,3.32,6.33,6.31,5.48,3.22,0.47,0.30,4.94,2.93,3.29,2.95,,3.52,-0.17,6.42,5.51,0.44,4.90,4.62,2.38,0.79,4.62,5.46,5.32,7.60,5.37,2.50,2.85,2.20,0.72,2.35,5.98,1.50,1.50,6.20,2.93,5.11,5.64,3.36,-0.40,-1.22,1.14,-2.51,-0.35,-0.61,0.90,-0.81,-2.46,-0.65,-3.80,0.16,2.44,-1.13,4.97,6.35,4.77,4,1.58,4.69,4.36,5.23,4.23,5.56,1.04,0.70,7.16,0.50,1.34,0.60,0.90,-0.24,-0.54,-0.47,-1.18,-0.58,0,0.64,0.74,-2.12,-0.22,-0.29,0.20,-0.20,0.73,-1.27,-0.14,-0.87,-0.54,-1.25,-0.74,-0.63,0.16,0.47,1.86,-0.01,-0.40,-0.43,-0.71,-0.82,-1.60,2.21,-0.62,-0.22,-1.41,-1.20,-1.56,-2.24,,-2.10,-1.26,-2.14,-1.71,-0.63,0.03,0.40,-0.78,-0.90,-1.53,-2.80,1.80,5.70,-3,7.20,1.20,0.40,-0.80,5.70,-2.50,6.10,0.80,0.20,0.90,1.20,-0.30,-0.30,2,-0.50,-0.30,-0.90,0.80,1.10,1,1.30,0.40,0.30,-1,-0.70,-0.10,-1.10,-0.90,1.90,0.10,0.90,-0.70,-0.50,-0.20,-0.70,-0.60,2.10,2.40,1.30,-0.40,0.70,-1.50,-1.70,-1,-1.70,1.50,1,0.70,0.20,0.20,0.30,-0.80,-1.50,-2.70
2008-12-15 19:10,3.30,7.81,6.51,6.21,3.90,-1.21,1.55,6.20,4.07,2.90,6.45,3.59,3.27,6.17,6.22,5.57,3.71,0.53,0.30,4.58,3.08,3.47,2.81,,3.10,-0.22,6.39,5.64,1.21,4.70,4.43,2.55,0.67,4.48,5.53,5.39,7.73,5.41,2.42,2.84,1.90,0.52,2.19,6.23,1.40,1.57,6.20,4.12,4.78,5.68,3.14,-0.35,-1.34,1,-2.68,-0.43,-0.61,1.10,-0.92,-2.63,-0.71,-3.70,-0.08,2.41,-1.11,4.98,6.18,4.65,3.90,1.40,4.59,4.36,5.13,4.21,5.61,0.37,0.60,7.06,1,1.06,0.66,0.80,-0.35,-0.59,-0.63,-1.17,-0.51,0,0.72,0.69,-2.03,-0.25,-0.27,0.20,-0.19,0.79,-1.34,-0.17,-0.92,-0.57,-1.11,-0.67,-0.79,0.08,0.46,1.98,0.02,-0.40,-0.23,-0.68,-0.76,-1.60,2.26,-0.64,-0.25,-1.40,-1.20,-1.63,-2.16,,-2.10,-1.28,-2.14,-1.71,-0.63,0.02,0.40,-0.80,-0.85,-1.62,-2.80,,5.40,-3,7,1.40,0.50,,,,,,,0.80,1,,-0.30,2,-0.50,-0.31,,,,,,,,-1,-0.60,-0.10,-1.10,-0.90,,,,,-0.50,,-0.70,-0.60,2.10,2.40,1.30,,,-1.50,,,-1.60,,,0.70,0.30,0.20,0.30,-0.80,-1.50,
2008-12-15 19:20,5,7.15,6.58,6.32,4,-1.01,1.51,6.10,3.70,2.78,6.38,3.77,3.14,6.26,6.08,5.44,2.91,0.64,0.40,4.36,3.09,3.68,2.65,,2.48,-0.35,6.77,5.53,1.68,4.80,4.38,2.52,0.64,4.78,5.43,5.38,7.57,5.47,2.35,2.56,1.80,0.53,1.96,6.12,1.30,1.64,6.10,4.86,4.55,5.79,3.34,-0.36,-1.41,0.94,-2.78,-0.78,-0.51,1.30,-0.91,-2.56,-0.82,-3.80,-0.12,2.49,-1.13,4.79,6.20,4.62,3.90,1.42,4.56,4.34,5.40,4.19,5.68,0.29,0.40,6.93,0.80,0.66,0.92,0.70,-0.20,-0.66,-0.61,-1.04,-0.53,0,0.77,0.74,-1.91,-0.16,-0.30,0.30,-0.43,0.72,-1.33,-0.13,-0.85,-0.55,-1.13,-0.73,-0.73,0.44,0.32,1.95,-0.03,-0.30,-0.16,-0.68,-0.82,-1.62,2.19,-0.64,-0.18,-1.43,-1.20,-1.64,-2.10,,-2,-1.10,-2.12,-1.74,-0.52,-0.04,0.40,-0.80,-0.76,-1.59,-2.70,,5.70,-3,7.10,1.40,0.40,,,,,,,0.70,0.90,,-0.20,1.80,-0.50,-0.21,,,,,,,,-1.10,-0.60,-0.10,-1.20,-0.90,,,,,-0.40,,-0.70,-0.60,2.10,2.40,,,,-1.40,,,-1.60,,,0.70,0.40,0.20,0.30,-0.70,-1.50,
2008-12-15 19:30,5.60,5.43,6.60,6.26,3.80,-1,0.64,6.10,3.62,2.60,6.51,3.78,3.02,6.13,5.92,5.18,2.24,0.58,1.10,4.40,2.93,3.87,2.57,,2.35,-0.31,6.56,5.41,1.56,4.80,4.46,2.54,0.96,4.57,5.48,5.44,7.58,5.53,2.20,2.60,1.80,0.30,2.05,6.13,1.50,1.50,6.10,4.49,4.48,5.70,2.90,-0.46,-1.48,0.88,-2.73,-0.83,-0.51,1.50,-0.90,-2.59,-0.87,-3.80,-0.22,2.43,-1.17,4.48,6.29,4.60,3.80,1.36,4.56,4.44,5.53,4.26,5.59,0.08,0.30,6.91,0.70,0.62,1.23,0.70,-0.15,-0.57,-0.91,-1.07,-0.60,0,0.80,0.66,-1.93,-0.21,-0.29,0.30,-0.26,0.73,-1.27,-0.06,-0.83,-0.52,-1.17,-0.73,-0.67,0.79,0.33,2.12,-0.21,-0.30,-0.26,-0.61,-0.74,-1.55,2.19,-0.66,-0.23,-1.38,-1.10,-1.65,-2.15,,-2,-1.13,-2.13,-1.72,-0.48,-0.21,0.40,-0.75,-0.68,-1.44,-2.60,,5.60,-3,7.40,1.40,0.20,,,,,,,0.60,0.70,,-0.20,2,-0.40,-0.24,,,,,,,,-1.10,-0.60,-0.10,-1.20,-0.90,,,,,-0.40,,-0.70,-0.60,2.10,2.40,1.30,,,-1.40,,,-1.60,,,0.60,0.30,0.20,0.30,-0.70,-1.40,
2008-12-15 19:40,6,5.13,6.48,6.31,3.80,-0.87,0.79,6.20,3.57,2.56,6.48,3.28,2.78,6.23,6.02,5.17,2.17,0.64,1.20,3.90,3.01,3.78,2.43,,2.72,-0.23,6.51,5.25,1.61,5,4.22,2.51,1.12,4.69,5.58,5.54,7.33,5.47,2.26,2.61,1.70,0.27,1.78,6.40,1.40,1.41,6.20,4.48,4.51,5.91,2.46,-0.43,-1.56,0.86,-2.73,-0.52,-0.49,1.70,-0.92,-2.49,-0.94,-3.80,-0.33,2.57,-1.18,4.30,6.40,4.61,3.80,1.40,4.61,4.35,5.61,4.36,5.65,0.13,0.40,6.87,0.80,0.88,1.39,0.70,-0.12,-0.75,-1,-1.07,-0.68,0,0.84,0.81,-1.86,-0.29,-0.24,0.30,-0.35,0.72,-1.30,-0.06,-0.87,-0.52,-1.15,-0.75,-0.23,1.02,0.15,2.05,-0.14,-0.30,-0.31,-0.65,-0.76,-1.54,2.21,-0.63,-0.29,-1.38,-1.20,-1.64,-2.25,,-2,-1.10,-2.06,-1.62,-0.58,-0.14,0.40,-0.74,-0.62,-1.44,-2.60,,5.70,-3,7.40,1.30,0.30,,,,,,,0.50,0.60,,-0.10,2.10,-0.40,-0.31,,,,,,,,-1.10,-0.60,-0.10,-1.20,-0.90,,,,,-0.40,,-0.60,-0.60,2.10,2.40,1.30,,,-1.40,,,-1.60,,,0.60,0.20,0.10,0.30,-0.70,-1.30,
2008-12-15 19:50,6.40,4.70,6.53,6.12,3.70,-0.89,0.86,6.40,3.50,2.67,6.24,2.83,2.80,6.27,6.03,5.18,2.09,0.73,1.10,3.51,3.11,3.86,2.40,,3.19,-0.18,6.59,5.19,1.44,4.80,4.25,2.53,1.09,4.30,5.65,5.49,7.29,5.50,2.28,2.69,1.60,0.23,1.97,6.49,1.30,1.52,6.30,4.47,4.62,6.20,2.54,-0.48,-1.66,0.97,-2.71,-0.48,-0.48,1.80,-0.86,-2.41,-0.96,-3.50,-0.20,2.54,-1.04,4.20,6.22,4.68,3.80,1.60,4.50,4.38,5.57,4.42,5.72,0.10,0.40,6.84,1.10,1.01,1.57,0.70,-0.07,-0.90,-1.03,-0.98,-0.71,0.10,0.83,0.88,-1.71,-0.18,-0.23,0.30,-0.25,0.77,-1.20,-0.06,-0.84,-0.55,-1.15,-0.76,-0.07,0.88,0.12,2.30,-0.18,-0.30,-0.19,-0.69,-0.70,-1.58,2.16,-0.60,-0.25,-1.38,-1.20,-1.55,-2.08,,-1.90,-1.15,-2.07,-1.58,-0.66,-0.30,0.50,-0.70,-0.67,-1.43,-2.60,,5,-3,7.10,1.30,0.10,,,,,,,0.30,0.90,,-0.10,2.20,-0.40,-0.24,,,,,,,,-1,-0.60,-0.10,-1.10,-0.80,,,,,-0.40,,-0.60,-0.60,2,2.30,1.30,,,-1.40,,,-1.50,,,0.60,0.20,0.10,0.30,-0.70,-1.30,
2008-12-15 20:00,5.50,3.87,6.49,6.30,3.70,-1.02,0.38,6.30,3.51,2.47,6.28,3,2.73,6.29,5.94,5.10,2.03,0.55,1.20,3.32,3.41,3.88,2.35,,2.84,-0.16,5.49,5.36,1.68,4.60,4.41,2.80,0.68,4.21,5.60,5.36,7.36,5.54,2.27,2.61,1.90,0.02,2.05,6.38,1.40,1.52,6.30,5.36,4.75,6.23,2.43,-0.58,-1.50,0.98,-2.63,-0.06,-0.47,1.80,-0.85,-2.24,-0.86,-3.50,-0.35,2.60,-0.77,3.98,6.38,4.68,3.80,1.62,4.46,4.31,5.42,4.47,5.50,-0.21,0.40,6.78,2.10,1.51,1.72,0.80,0.03,-0.90,-1.16,-1.01,-0.65,0,0.87,0.81,-1.73,-0.18,-0.29,0.30,-0.36,0.80,-1.22,-0.01,-0.87,-0.52,-1.18,-0.75,-0.11,1.10,0.09,2.26,-0.06,-0.30,-0.19,-0.68,-0.67,-1.57,2.19,-0.63,-0.26,-1.39,-1.10,-1.48,-2.05,,-1.80,-1.16,-1.99,-1.56,-0.55,-0.32,0.50,-0.74,-0.96,-1.52,-2.50,7,3.90,-3,6.80,1.40,0,-0.80,5.90,-2.60,6,0.80,0.30,0.20,1.20,-0.10,0,2.30,-0.40,-0.20,-0.90,0.70,1.10,1,0.80,0.10,0.50,-0.90,-0.50,-0.10,-1.10,-0.80,1.90,-0.20,0.70,-0.80,-0.40,0,-0.60,-0.60,2,2.20,1.30,-0.40,0.70,-1.40,-1.50,,-1.50,,1,0.60,0.10,0.10,0.20,-0.70,-1.20,-2.50
2008-12-15 20:10,4.40,3.08,6.24,6.29,3.70,-0.99,-0.12,6.20,3.46,2.21,6.57,3.19,2.59,6.36,5.97,4.99,2.06,0.71,1.10,2.94,3.31,3.97,2.35,,2.47,-0.34,5.86,5.38,4.04,4.40,5.05,3.10,0.36,4.04,5.50,5.52,7.41,5.75,2.29,2.23,1.60,-0.13,1.97,6.40,1.30,1.41,6.20,6.13,4.85,6.31,2.44,-0.64,-1.40,0.93,-2.44,-0.15,-0.33,1.80,-0.85,-2.29,-0.90,-3.50,-0.36,2.37,-0.65,3.85,6.50,4.72,4,1.81,4.72,4.44,5.63,4.50,5.52,-0.07,0.50,6.79,2.70,1.61,1.83,0.90,0.04,-0.73,-1.44,-1.01,-0.58,-0.10,0.82,0.69,-1.61,-0.21,-0.21,0.30,-0.34,0.85,-1.29,0.02,-0.87,-0.53,-1.17,-0.81,-0.51,1.10,0.01,2.13,0.02,-0.30,-0.23,-0.66,-0.59,-1.55,2.15,-0.59,-0.10,-1.30,-1.20,-1.44,-2.01,,-1.80,-1.24,-1.96,-1.89,-0.44,-0.35,0.60,-0.79,-0.95,-1.47,-2.40,,3.70,-2.90,6.70,1.40,0.10,,,,,,,0.10,1.40,,0,2.40,-0.40,-0.15,,,,,,,,-0.70,-0.40,-0.20,-1.10,-0.80,,,,,-0.40,,-0.60,-0.60,2,2.20,1.30,,,-1.40,,,-1.50,,,0.60,0.10,0.10,0.30,-0.70,-1.10,
2008-12-15 20:20,2.90,2.76,6.25,5.96,3.60,-0.82,-0.20,7.50,3.38,3.18,6.53,3.81,2.49,6.38,5.89,5.09,2.18,0.70,1,2.89,3.32,4.28,2.35,,2.29,-0.60,5.94,5.50,5.79,4.10,5.07,2.97,0.38,3.90,5.57,5.47,7.49,5.90,2.48,1.95,1.50,0.08,1.90,6.34,1.30,1.58,6.40,6.63,4.66,6.46,2.73,-0.54,-1.44,0.87,-2.35,-0.34,-0.30,1.60,-0.87,-2.35,-1.08,-3.50,-0.69,2.28,-0.67,3.88,6.44,4.67,3.90,1.74,4.70,4.37,5.20,4.47,5.57,0.40,0.50,6.81,2.40,1.73,1.99,1.20,-0.10,-0.75,-1.23,-0.93,-0.52,-0.10,0.89,0.64,-1.56,-0.20,-0.18,0.40,-0.33,0.93,-1.20,0.07,-0.91,-0.49,-1.22,-0.82,-0.87,0.79,-0.03,2.26,0.14,-0.30,-0.12,-0.63,-0.61,-1.47,2.19,-0.70,-0.23,-1.27,-1.10,-1.41,-1.99,,-1.80,-1.19,-1.99,-1.84,-0.49,-0.35,0.40,-0.72,-1.01,-1.48,-2.40,,5.90,-3,6.90,1.40,0.20,,,,,,,0.10,1.30,,0.10,2.40,-0.40,-0.22,,,,,,,,-0.60,-0.30,-0.20,-1.10,-0.90,,,,,-0.40,,-0.60,-0.60,2,2.20,1.30,,,-1.40,,,-1.50,,,0.60,0.10,0.10,0.30,-0.60,-1.10,
2008-12-15 20:30,2.70,2.75,5.92,5.41,3.50,-0.62,-0.12,7.70,3.32,3.23,6.56,3.99,2.50,6.40,5.88,5.01,2.17,0.64,1,2.62,3.27,3.82,2.15,,2.12,-0.86,6.16,5.74,5.93,4,5.42,2.94,0.52,3.47,5.68,5.77,7.64,6.07,2.92,2.15,1.50,-0.01,1.77,6.17,1.20,1.59,6.40,6.73,4.92,6.30,2.71,-0.66,-1.46,0.86,-2.30,-0.03,-0.42,1.80,-0.91,-2.31,-1.21,-3.60,-0.62,1.82,-0.66,3.82,6.34,4.68,4,1.70,4.64,4.32,4.72,4.41,5.56,0.62,0.50,6.61,2.10,1.63,2.14,1.20,-0.07,-0.86,-1.42,-0.91,-0.58,-0.20,0.84,0.84,-1.55,-0.22,-0.14,0.40,-0.23,0.67,-1.18,0.02,-0.89,-0.47,-1.19,-0.89,-1.16,0.61,-0.04,2.29,0.25,-0.30,-0.10,-0.64,-0.55,-1.44,2.21,-0.60,-0.14,-1.29,-1.10,-1.53,-2.01,,-1.80,-1.07,-1.97,-1.63,-0.66,-0.35,0.50,-0.66,-0.73,-1.55,-2.40,,6,-3.10,7.80,1.60,0,,,,,,,0.20,1.50,,0.10,2.50,-0.40,-0.18,,,,,,,,-0.70,-0.30,-0.20,-1.10,-0.90,,,,,-0.40,,-0.60,-0.60,2,2.20,1.30,,,-1.40,,,-1.50,,,0.60,0.10,0.10,0.30,-0.60,-1,
2008-12-15 20:40,2.90,2.46,5.89,4.47,3.40,-0.74,-0.27,7.70,3.47,3.09,6.21,3.83,2.49,6.22,5.95,5.13,1.93,0.53,1,2.64,3.08,3.60,2.13,,1.89,-0.99,5.96,5.73,5.37,4.20,5.81,2.97,0.35,2.99,5.65,5.94,7.54,6.47,3.16,2.13,1.50,-0.13,1.56,6.41,1.10,1.27,6.60,6.79,4.50,6.30,2.86,-0.66,-1.44,0.95,-2.21,-0.01,-0.46,1.80,-1.10,-2.39,-1.19,-3.70,-0.38,1.65,-0.70,3.75,6.59,4.67,4.10,1.58,4.64,4.35,4.97,4.54,5.50,0.42,0.60,6.63,2,1.42,1.91,1.30,0,-0.85,-1.45,-0.93,-0.51,-0.30,0.84,0.61,-1.46,-0.16,-0.14,0.40,0.01,0.59,-1.18,0,-0.80,-0.50,-1.14,-0.86,-1.22,0.75,0.05,2.23,0.27,-0.20,-0.07,-0.62,-0.49,-1.54,2.17,-0.56,-0.18,-1.36,-1.10,-1.44,-1.93,,-1.70,-1.03,-1.93,-1.59,-0.57,-0.34,0.50,-0.69,-0.69,-1.46,-2.30,,4.80,-3.10,8.10,1.80,0.10,,,,,,,0.40,1.50,,0.10,2.60,-0.30,-0.17,,,,,,,,-0.60,-0.20,-0.10,-1.10,-0.90,,,,,-0.30,,-0.60,-0.60,2,2.20,1.30,,,-1.40,,,-1.50,,,0.60,0.10,0,0.30,-0.60,-1,
2008-12-15 20:50,2,2.67,5.50,3.81,2.90,-0.90,-0.30,7.70,3.65,2.59,6.22,3.62,2.54,5.84,5.90,5.25,1.64,0.52,1,2.63,2.99,3.72,2.08,,2.20,-0.82,6,5.82,4.93,4.10,5.94,3.12,0.41,2.88,5.39,6.03,7.51,5.33,2.84,2.18,1.50,0.06,1.29,6.35,1.20,1.16,6.70,6.81,4.63,6.45,3.25,-0.56,-1.37,0.97,-2.19,-0.11,-0.44,1.30,-1.52,-2.37,-1.37,-3.70,0.61,1.62,-0.77,3.60,6.42,4.68,4.40,1.42,4.61,4.29,5.30,4.42,5.52,0.06,0.30,6.63,2.10,1.46,1.65,1.20,-0.15,-0.78,-1.64,-0.85,-0.59,-0.20,0.80,0.58,-1.41,-0.13,-0.12,0.40,0.01,0.45,-1.16,0.05,-0.93,-0.53,-1.22,-0.79,-1.28,0.88,0.11,2.27,0.32,-0.20,-0.18,-0.58,-0.46,-1.54,2.23,-0.60,-0.17,-1.34,-1.10,-1.39,-1.89,,-1.70,-1.14,-1.91,-1.53,-0.53,-0.37,0.40,-0.64,-0.69,-1.37,-2.20,,4.60,-3,8.20,1.80,0.20,,,,,,,0.50,1.50,,0.20,2.90,-0.30,-0.25,,,,,,,,-0.60,-0.10,-0.20,-1,-0.90,,,,,-0.30,,-0.60,-0.60,2,2.20,1.30,,,-1.30,,,-1.40,,,0.60,0.10,0,0.30,-0.60,-0.90,
2008-12-15 21:00,1.70,2.41,5.72,3.49,2.70,-1.06,0.68,7.60,3.63,3.46,6.27,3.39,2.68,5.78,5.82,5.15,1.74,0.57,1.10,2.44,2.89,4.03,1.94,,1.81,-0.39,6.05,5.78,4.91,4.60,6.69,3.22,0.58,2.80,5.12,6.01,7.47,6.36,2.80,2.07,1.70,0,1.12,6.44,1.30,1.41,6.80,6.82,4.56,6.27,3.37,-0.69,-1.24,0.96,-2.15,0.10,-0.45,1.10,-1.59,-2.55,-1.34,-3.80,2.70,1.64,-0.86,3.62,6.50,4.71,4.40,1.42,4.66,4.25,5.66,4.46,5.62,-0.08,0.20,6.82,2.20,1.41,2.13,1.20,-0.31,-0.84,-1.57,-0.90,-0.55,-0.30,0.75,0.39,-1.39,-0.06,-0.13,0.40,-0.15,0.54,-1.19,0.07,-1,-0.53,-1.37,-0.78,-1.16,0.97,0.11,2.34,0.41,-0.20,-0.16,-0.58,-0.37,-1.53,2.21,-0.54,-0.05,-1.32,-1.10,-1.39,-1.81,,-1.60,-1.08,-1.95,-1.42,-0.39,-0.33,0.50,-0.65,-0.82,-1.41,-2.20,5,4.90,-3.10,8.20,1.70,0.20,-0.70,5.90,-2.60,6,0.10,0.60,0.60,1.50,-1.60,0.20,3,-0.30,-0.30,,0.40,0.70,1,0.70,0.20,0.90,-0.50,-0.10,-0.20,-1,-0.90,2.10,0.10,0.30,-0.60,-0.30,0,-0.60,-0.60,2,2.20,1.30,,0.70,-1.30,-1.20,-0.60,-1.40,1.50,1,0.60,0.10,0,0.40,-0.60,-0.90,-2.20
2008-12-15 21:10,1.30,1.77,5.01,3.19,2.50,-1.08,3.19,7.80,3.58,5.38,6.29,3.44,2.71,5.92,5.74,5,1.54,0.52,1.10,2.22,2.90,4.02,1.82,,1.63,0.11,6.20,5.77,5.78,5.80,6.83,3.47,0.47,2.22,2.74,6.04,7.51,5.98,3.35,2.06,1.60,-0.06,1.27,6.39,1.20,1.50,6.80,7.01,4.63,6.25,3.17,-0.61,-1.18,0.92,-2.10,0.04,-0.56,0.60,-2.02,-2.68,-1.38,-4,3.51,1.34,-0.74,3.90,6.45,4.75,4.10,1.45,4.76,4.17,5.69,4.51,5.65,0.69,0.30,6.80,2.40,1.51,2.26,1.30,-0.31,-0.86,-1.61,-0.76,-0.68,-0.30,0.66,0.34,-1.36,-0.12,-0.12,0.40,-0.31,0.49,-1.13,0,-1,-0.57,-1.32,-0.78,-1.44,0.88,0.09,2.45,0.51,-0.20,-0.15,-0.54,-0.30,-1.54,2.19,-0.52,-0.11,-1.26,-1.10,-1.31,-1.72,,-1.60,-1.06,-1.87,-1.46,-0.37,-0.29,0.50,-0.62,-0.84,-1.28,-2.20,,4.10,-3.10,8.20,1.60,0.10,,,,,,,0.80,1.50,,0.20,3,-0.30,-0.25,,,,,,,,-0.40,-0.10,-0.20,-1,-0.90,,,,,-0.30,,-0.60,-0.50,2,2.20,1.30,,,-1.30,,,-1.40,,,0.60,0.10,0,0.30,-0.50,-0.90,
2008-12-15 21:20,1.10,1.54,4.77,2.73,2.50,-1.07,6.36,7.90,3.79,5.88,6.30,3.98,2.84,5.95,5.79,4.96,1.44,0.47,0.90,2.20,2.87,3.94,1.78,,1.56,-0.01,5.30,6.07,5.42,7.10,6.76,3.70,0.46,1.51,1.48,6.01,7.52,5.30,3.50,1.87,1.60,0.17,1.58,6.42,1.20,1.76,6.90,7,4.43,6.20,3.35,-0.63,-1.17,0.85,-2.17,-0.38,-0.79,0.30,-1.86,-2.68,-1.44,-4.10,4.08,1.15,-0.90,4.07,6.53,4.63,4,1.66,4.69,4.24,5.80,4.60,5.51,0.73,0.30,6.74,2.60,1.64,2.27,1.30,-0.20,-0.72,-1.46,-0.74,-0.70,-0.30,0.59,0.17,-1.42,-0.05,-0.14,0.50,-0.10,0.61,-1.07,-0.01,-0.97,-0.56,-1.25,-0.77,-1.51,0.63,0.21,2.60,0.48,-0.20,0.02,-0.52,-0.36,-1.53,2.18,-0.63,-0.21,-1.26,-1.10,-1.25,-1.88,,-1.60,-0.90,-1.93,-1.58,-0.39,-0.43,0.50,-0.58,-0.60,-1.24,-2.10,,4.80,-3.10,8.10,1.60,0.20,,,,,,,0.90,1.40,,0.20,3.20,-0.30,-0.34,,,,,,,,-0.40,-0.10,-0.20,-1,-0.90,,,,,-0.30,,-0.60,-0.50,2,2.20,1.30,,,-1.30,,,-1.40,,,0.60,0.10,0,0.40,-0.50,-0.80,
2008-12-15 21:30,1.50,1.20,4.83,2.58,2.90,-1.41,7.18,8,3.81,5.98,6.25,4.16,2.81,6.08,5.83,4.81,1.65,0.65,0.70,2.22,2.74,3.67,1.81,,1.42,-0.60,5.28,6.13,4.73,7.40,6.72,3.95,0.18,1.64,1.49,5.76,7.48,5.95,3.06,1.81,1.70,0.17,1.77,6.50,1.30,1.40,6.80,7.09,4.31,6.21,3.41,-0.58,-1.22,0.76,-2.34,-0.37,-0.95,-0.20,-2.07,-2.73,-1.36,-4.30,4.89,1.34,-1,4.14,6.57,4.75,4,1.59,4.72,4.20,5.90,4.55,5.62,0.25,0.30,6.61,2.70,1.52,2.23,1.30,-0.30,-0.59,-1.35,-0.83,-0.69,-0.30,0.63,0.09,-1.45,-0.10,-0.10,0.40,-0.16,0.70,-1.12,0,-1.04,-0.46,-1.24,-0.76,-1.33,0.53,0.40,2.83,0.59,-0.20,0.07,-0.46,-0.25,-1.51,2.32,-0.56,-0.11,-1.25,-1.10,-1.31,-1.83,,-1.50,-0.99,-1.90,-1.33,-0.47,-0.34,0.30,-0.54,-0.61,-1.12,-2.10,,5.10,-3,8,1.90,0,,,,,,,1,1.50,,0.30,3.60,-0.20,-0.39,,,,,,,,-0.30,0,-0.20,-1,-0.90,,,,,-0.20,,-0.60,-0.50,2,2.20,1.30,,,-1.20,,,-1.40,,,0.60,0.10,0,0.40,-0.50,-0.80,
2008-12-15 21:40,1.80,0.81,4.65,2.59,3.20,-1.44,2.46,8,3.76,5.18,6.22,3.77,2.91,6.24,5.99,4.77,1.37,0.73,0.60,2.12,2.84,3.98,1.86,,3.25,-0.82,5.97,6.19,4.90,7,6.62,4.32,0.03,1.06,1.43,5.62,7.60,5.54,3.13,1.79,1.70,0.16,1.42,6.58,1.40,1.27,6.70,7.03,4.03,6.16,3.22,-0.50,-1.33,0.75,-2.48,-0.46,-0.81,-0.10,-2.20,-2.78,-1.13,-4.40,5.10,1.44,-1.10,4.34,6.48,4.67,4.10,1.52,4.78,4.06,5.82,4.52,5.64,0.33,0.30,6.47,3,1.87,2.20,1.30,-0.49,-0.67,-1.68,-0.82,-0.64,-0.40,0.51,-0.08,-1.29,0.02,-0.10,0.50,0.01,0.75,-1.24,-0.02,-1.09,-0.48,-1.31,-0.77,-1.42,0.73,0.46,2.81,0.55,-0.10,0.08,-0.44,-0.23,-1.53,2.25,-0.50,-0.22,-1.26,-1.10,-1.19,-1.75,,-1.50,-0.97,-1.87,-1.38,-0.59,-0.31,0.40,-0.58,-0.86,-1.22,-2.10,,4.30,-3,8.10,2.70,0.10,,,,,,,1,1.60,,0.30,3.60,-0.20,-0.37,,,,,,,,-0.10,-0.10,-0.10,-0.90,-0.90,,,,,-0.20,,-0.60,-0.50,2,2.20,,,,-1.20,,,-1.40,,,0.60,0.10,0,0.30,-0.50,-0.80,
2008-12-15 21:50,1.30,0.98,4.49,2.82,3,-1.23,0.61,7.10,3.76,4.76,6.19,3.25,2.93,6.24,5.92,4.64,1.41,0.71,0.10,2.14,2.68,3.49,1.83,,4.59,-0.62,5.76,6.15,5.09,6.80,6.84,4.17,-0.01,0.60,1.30,5.48,7.33,5.60,3.03,1.81,1.70,-0.04,1.54,6.75,1.20,1.55,6.50,7.05,3.88,6.32,3.51,-0.51,-1.55,0.67,-2.57,-0.50,-0.62,-0.10,-2.06,-2.81,-0.84,-4.40,5.04,1.30,-1.26,4.30,6.54,4.70,4.10,1.45,4.54,4.03,5.83,4.47,5.65,-0.16,0.20,6.54,3.40,1.69,2.16,1.30,-0.51,-0.68,-1.79,-0.76,-0.59,-0.40,0.45,0.05,-1.38,0.03,-0.03,0.50,-0.08,0.70,-1.25,-0.04,-1.06,-0.51,-1.32,-0.76,-1.67,0.73,0.54,2.61,0.58,-0.10,0.05,-0.46,-0.11,-1.59,2.18,-0.51,-0.21,-1.28,-1.10,-1.31,-1.68,,-1.50,-1.03,-1.82,-1.37,-0.55,-0.38,0.40,-0.62,-0.69,-1.14,-2.10,,3.70,-3,8,2.70,0,,,,,,,1,1.70,,0.20,3.30,-0.20,-0.32,,,,,,,,-0.10,-0.10,-0.10,-0.90,-0.90,,,,,-0.20,,-0.60,-0.50,2,2.20,1.30,,,-1.10,,,-1.40,,,0.60,0.10,0,0.40,-0.50,-0.70,
2008-12-15 22:00,1.30,0.71,4.38,3.03,3,-1.01,0.60,4.80,3.78,5.27,6.31,2.75,3.03,6.38,5.94,4.72,1.57,0.88,-0.10,2.71,2.50,3.47,1.72,,5.30,-0.29,6.13,6.01,5.23,6.10,7.04,3.85,-0.06,0.32,0.46,5.29,7.20,5.38,3.21,1.79,1.40,-0.32,1.45,6.87,1.20,2.33,6.60,6.95,3.58,6.22,3.44,-0.61,-1.48,0.60,-2.71,-0.33,-0.77,-0.10,-2.05,-2.83,-0.80,-4.40,5.12,1.18,-1.24,4.24,6.63,4.67,4,1.48,4.48,4.03,5.50,4.49,5.56,-0.34,0,6.63,3.60,2.16,2.19,1.30,-0.48,-0.74,-1.66,-0.76,-0.61,-0.40,0.40,0.28,-1.32,-0.04,-0.10,0.60,-0.23,0.67,-1.24,-0.09,-1,-0.56,-1.25,-0.85,-1.79,0.75,0.63,2.46,0.57,0,-0.01,-0.44,-0.09,-1.45,2.20,-0.47,-0.14,-1.29,-1.10,-1.25,-1.59,,-1.50,-1.01,-1.92,-1.71,-0.55,-0.39,0.40,-0.61,-0.42,-1.12,-2,3.90,3.40,-3.10,8.10,3,0,-0.70,5.80,-2.60,6,0.20,0.60,1,1.70,-1.20,0.20,3.20,-0.20,-0.30,,0.50,0.90,0.70,0.10,0.60,0.90,-0.10,-0.20,-0.10,-0.90,-0.90,2.10,-0.10,-0.10,-0.20,-0.20,0,-0.60,-0.50,2,2.20,1.30,-0.30,0.60,-1.10,-1.10,-0.50,-1.40,,1,0.60,0.10,0,0.50,-0.50,-0.70,-2.10
2008-12-15 22:10,1.10,0.71,4.11,2.87,3.10,-0.92,0.37,3.90,3.73,6.03,6.44,2.57,2.86,6.68,6.02,4.68,1.23,0.87,-0.20,3.44,2.42,3.57,1.86,,6.10,-0.78,6.49,6.08,5.51,5.60,7.17,3.65,-0.20,0.13,0.38,5.19,7.19,5.69,3.39,2.02,1.20,-0.22,1.18,6.69,1.40,2.31,6.60,6.83,3.28,6.15,3.76,-0.68,-1.49,0.63,-2.67,-0.16,-0.33,-0.20,-1.48,-2.78,-0.79,-4.30,5.10,1.25,-1.25,4.32,6.54,4.63,4,1.36,4.60,4.06,4.98,4.69,5.69,-0.34,0.20,6.45,3.70,2.05,2.14,1.30,-0.47,-0.63,-1.68,-0.76,-0.74,-0.40,0.31,0.30,-1.61,-0.07,-0.25,0.60,-0.13,0.56,-1.12,-0.07,-0.99,-0.56,-1.31,-0.84,-1.90,0.81,0.61,2.49,0.54,0,0.03,-0.37,-0.13,-1.45,2.23,-0.61,-0.04,-1.20,-1.10,-1.31,-1.57,,-1.40,-0.89,-1.88,-1.62,-0.43,-0.31,0.50,-0.54,-0.55,-0.98,-2,,3.40,-3.10,7.90,3.40,0.10,,,,,,,1,1.40,,0.20,3.20,-0.20,-0.27,,,,,,,,0.10,-0.20,-0.10,-0.90,-0.90,,,,,-0.20,,-0.60,-0.40,1.90,2.20,1.40,,,-1,,,-1.30,,,0.60,0.10,0,0.50,-0.50,-0.70,
2008-12-15 22:20,1.10,0.28,3.62,2.56,3.20,-0.87,0.47,4.10,3.80,6.45,6.58,3.25,2.83,6.79,5.98,4.64,2.58,0.89,-0.30,4.76,2.58,3.39,3.87,,6.87,-0.99,6.29,6.04,5.72,5.40,7.30,3.30,-0.09,-0.20,0.41,5.08,7.20,5.51,3.16,2.35,1,-0.04,1.01,6.65,1.30,2.61,6.60,6.74,3.47,6.08,3.66,-0.65,-1.49,0.68,-2.74,-0.15,0.42,-0.20,-1.30,-2.54,-0.70,-4.10,5.04,1.22,-1.11,4.25,6.53,4.59,4,1.45,4.82,4.07,4.80,4.67,5.77,-0.15,0.30,6.48,3.70,2,2.23,1.30,-0.45,-0.40,-1.82,-0.62,-0.80,-0.30,0.34,0.30,-1.58,-0.12,-0.28,0.60,-0.01,0.41,-1.23,-0.04,-1.01,-0.54,-1.37,-0.84,-1.71,0.81,0.70,2.72,0.50,0,0.03,-0.42,-0.16,-1.42,2.12,-0.43,-0.01,-1.20,-1.10,-1.26,-1.63,,-1.50,-0.87,-1.83,-1.37,-0.35,-0.26,0.40,-0.62,-0.84,-0.93,-2,,4.10,-3.20,7.60,3.40,0.10,,,,,,,1,1.40,,0.20,3.20,-0.10,-0.16,,,,,,,,0.10,-0.20,-0.10,-0.90,-0.90,,,,,-0.20,,-0.60,-0.40,1.90,2.10,1.40,,,-1,,,-1.30,,,0.60,0.10,0,0.50,-0.50,-0.70,
2008-12-15 22:30,1.50,0.34,3.49,2.27,3.50,-1.09,0.48,3.90,3.74,6.40,6.57,3.24,3.18,6.87,5.95,4.63,2.52,0.88,-0.40,5.02,2.71,3.43,4.96,,7.14,-0.97,6.31,6.25,5.84,5.20,7.12,3.05,-0.04,-0.36,0.08,5.13,7.32,5.57,2.96,2.13,1.10,-0.12,0.97,6.84,1.30,3.68,6.50,6.76,3.34,6.05,3.49,-0.70,-1.41,0.71,-2.71,-0.15,3.50,-0.20,-1.14,-2.32,-0.52,-4,4.92,1.23,-1.02,4.08,6.31,4.56,4,1.56,4.69,4.12,4.37,4.79,5.74,0.19,0.10,6.70,3.90,2.11,1.87,1.40,-0.48,-0.25,-1.87,-0.77,-0.66,-0.20,0.31,0.37,-1.43,-0.22,-0.26,0.60,-0.13,0.49,-1.21,-0.12,-0.91,-0.51,-1.34,-0.84,-1.97,0.62,0.73,2.91,0.53,0.10,0.01,-0.33,-0.09,-1.44,2.15,-0.47,-0.08,-1.21,-1.10,-1.32,-1.66,,-1.40,-0.93,-1.81,-1.58,-0.42,-0.34,0.50,-0.56,-0.76,-0.92,-1.90,,3.80,-3.20,7.70,3.40,0.10,,,,,,,1,1.30,,0.10,3.70,-0.10,-0.13,,,,,,,,0.10,-0.30,-0.10,-0.90,-0.90,,,,,-0.20,,-0.60,-0.40,1.90,2.10,,,,-0.90,,,-1.30,,,0.60,0.10,0,0.50,-0.50,-0.70,
2008-12-15 22:40,1.40,0.11,3.47,1.94,3.50,-1.09,0.46,3.40,3.82,6.58,6.50,3.11,3.23,6.84,6.03,4.55,1.37,0.94,-0.80,4.80,2.64,3.56,5.99,,7.37,0.29,6.57,6.23,5.87,5.10,7.55,5.45,0.20,-0.52,-0.17,5.32,7.35,4.13,2.98,2.35,1.20,-0.22,1.54,6.66,1.30,4.06,6.40,6.79,3.94,6.03,3.05,-0.47,-1.37,0.69,-2.62,-0.25,5.01,0,-0.72,-2.36,-0.33,-3.90,4.98,1.21,-0.90,4.11,6.24,4.57,4.10,1.92,4.77,4.12,4.43,4.78,5.76,0.02,-0.10,6.86,4,2.11,1.68,1.40,-0.53,-0.06,-2.09,-0.77,-0.65,-0.30,0.33,0.40,-1.56,-0.23,-0.32,0.70,-0.20,0.39,-1.18,-0.08,-0.84,-0.53,-1.38,-0.83,-2.16,0.41,0.68,2.85,0.58,0.10,0,-0.38,-0.04,-1.42,2.27,-0.49,-0.16,-1.17,-1,-1.26,-1.61,,-1.40,-0.90,-1.81,-1.57,-0.54,-0.35,0.50,-0.47,-0.75,-0.95,-1.90,,3.80,-3.20,8,3.20,0.20,,,,,,,1.10,1.20,,0,4,-0.10,-0.17,,,,,,,,0.10,-0.30,-0.10,-0.80,-1,,,,,-0.20,,-0.60,-0.40,1.90,2.10,1.30,,,-0.90,,,-1.30,,,0.60,0.10,0.10,0.50,-0.50,-0.60,
2008-12-15 22:50,2.10,0.47,3.33,1.70,3.30,-1.03,0.36,3.40,3.93,6.36,6.58,3.24,2.99,6.92,6.09,4.59,1.84,1.03,-1.20,5.28,2.71,3.24,6.53,,7.61,1.25,6.72,6.30,5.96,5.10,7.31,5.99,-0.09,-0.69,-0.41,5.25,7.19,4.11,3,2.35,0.90,-0.29,1.96,6.41,1.30,4.49,6.20,6.73,4.33,5.92,3.48,-0.40,-1.35,0.69,-2.50,0.05,5.67,0.20,-0.34,-2.21,-0.03,-3.80,4.78,1.11,-0.74,4.05,6.29,4.56,4,1.87,4.97,4.11,4.45,4.80,5.74,0.07,0.30,6.79,3.80,2.27,1.50,1.50,-0.49,0.18,-2.29,-0.91,-0.66,-0.40,0.21,0.36,-1.49,-0.30,-0.37,0.70,-0.20,0.30,-1.20,-0.05,-0.89,-0.57,-1.35,-0.84,-2.18,0.47,0.76,2.92,0.60,0.10,0.04,-0.38,-0.10,-1.43,2.11,-0.53,-0.20,-1.19,-1,-1.17,-1.60,,-1.40,-0.91,-1.83,-1.57,-0.52,-0.33,0.50,-0.49,-0.57,-1.01,-1.90,,3.70,-3.10,7.80,2.80,0.50,,,,,,,1.10,1.20,,0.10,3.90,-0.10,-0.14,,,,,,,,0.10,-0.30,0,-0.80,-0.90,,,,,-0.20,,-0.60,-0.40,1.90,2.10,1.30,,,-0.90,,,-1.30,,,0.60,0.10,0.10,0.60,-0.50,-0.60,
2008-12-15 23:00,3.40,0.19,3.32,1.53,3.20,-0.84,0.34,3.10,4.06,5.74,6.52,3.38,2.80,7.02,6.18,4.51,2.53,1.21,-1.40,5.39,2.85,3.38,6.70,,7.85,1.03,6.70,6.13,5.97,5.50,7.42,6.33,-0.19,-0.40,-0.39,5.14,7.12,4.09,2.80,2.45,1.10,-0.40,1.80,6.60,1.30,4.21,6.30,6.73,4.25,5.84,3.78,-0.48,-1.29,0.73,-2.31,-0.04,5.92,0.70,-0.24,-1.92,0.18,-3.70,4.82,1,-0.66,4.04,6.39,4.59,4.10,1.85,5.13,3.99,4.73,4.78,5.58,-0.04,0.80,6.83,3.80,2.44,1.28,1.50,-0.18,0.43,-2.18,-0.84,-0.53,-0.50,0.26,0.04,-1.33,-0.48,-0.32,0.60,0.04,0.31,-1.17,-0.05,-0.84,-0.50,-1.32,-0.84,-1.92,0.41,0.85,3.06,0.66,0.10,0,-0.26,-0.07,-1.35,2.15,-0.56,-0.11,-1.12,-1,-1.15,-1.63,,-1.40,-0.96,-1.82,-1.63,-0.56,-0.42,0.50,-0.51,-0.54,-1.04,-1.90,4,4.50,-3.10,7.50,2.70,0.60,,5.60,-2.40,6.20,1,0.60,1.10,1.20,-1.70,-0.20,3.40,-0.20,-0.10,,0,1.20,0.70,-0.40,0.80,1.10,0.10,-0.30,0,-0.80,-1,2,-0.40,-0.90,0,-0.20,0,-0.60,-0.40,1.90,2,1.20,-0.30,0.50,-0.80,-0.90,,-1.30,1.40,0.90,0.60,0.10,0.10,0.50,-0.50,-0.60,-2
2008-12-15 23:10,4.20,0.72,3.10,1.56,3.10,-1.12,0.25,3.20,4.26,4.63,6.55,3.40,3.03,6.97,6.20,4.42,2.29,1.26,-1.70,5.34,2.77,3.40,6.71,,7.60,0.62,6.79,6.01,5.93,5.70,7.32,6.69,-0.28,0.73,-0.60,5.04,7.31,4.93,2.88,2.44,1.10,-0.30,1.89,6.58,1.20,3.79,6.20,6.77,4.33,5.84,3.81,-0.40,-1.24,0.68,-2.22,-0.30,5.74,2.50,-0.15,-1.80,1.35,-3.40,4.73,0.98,-0.70,3.95,6.34,4.62,4.10,2.18,5.21,4.20,4.91,4.82,5.66,-0.90,0.70,6.86,4.21,2.27,1.15,1.40,-0.15,0.21,-2.23,-0.87,-0.36,-0.50,0.33,-0.03,-1.29,-0.51,-0.23,0.60,0.08,0.44,-1.16,-0.08,-0.90,-0.57,-1.35,-0.82,-2.17,0.43,0.83,2.98,0.73,0.10,-0.06,-0.29,-0.13,-1.40,2.22,-0.54,0.02,-1.12,-1,-1.04,-1.53,,-1.40,-0.92,-1.75,-1.63,-0.57,-0.33,0.50,-0.50,-0.74,-1.06,-1.90,,5.40,-3.10,7.40,3.20,0.10,,,,,,,1.10,1.20,,-0.20,2.90,-0.10,0.03,,,,,,,,0.10,-0.20,0,-0.80,-1,,,,,-0.20,,-0.60,-0.40,1.90,2,1.20,,,-0.80,,,-1.30,,,0.60,0.10,0.10,0.50,-0.50,-0.50,
2008-12-15 23:20,4.30,0.90,2.81,2.53,3.10,-0.96,0.04,2.80,4.28,3.62,6.64,3.29,3.32,6.92,6.12,4.44,2.66,1.24,-1.90,5.22,2.69,3.25,6.75,,7.49,0.52,6.86,6.04,5.95,6.30,7.32,6.91,-0.37,2.29,-0.81,5.02,7.35,4.34,2.94,2.46,1.10,-0.40,1.76,6.56,1.10,3.53,6.10,6.69,4.40,5.75,3.74,-0.45,-1.20,0.71,-2.26,-0.18,5.90,2.80,-0.14,-1.51,2.39,-3.10,4.80,0.98,-0.60,3.96,6.42,4.63,4,2.24,5.19,4.23,4.69,4.87,5.61,-0.82,0.70,6.92,4.35,2.58,1.01,1.40,-0.07,0.22,-2.43,-0.83,-0.34,-0.50,0.33,-0.06,-1.39,-0.34,-0.18,0.60,0.20,0.35,-1.20,-0.09,-0.85,-0.50,-1.33,-0.76,-2.20,0.42,0.79,3.08,0.70,0,0.07,-0.37,-0.13,-1.40,2.14,-0.46,-0.05,-1.14,-1,-0.99,-1.49,,-1.40,-0.93,-1.84,-1.40,-0.51,-0.35,0.50,-0.50,-0.73,-1.13,-1.90,,5.70,-3.10,7.90,3.80,0.20,,,,,,,1.10,1.10,,-0.30,2.90,-0.20,-0.05,,,,,,,,0.10,-0.30,0,-0.80,-1,,,,,-0.20,,-0.60,-0.40,1.90,2,1.20,,,-0.80,,,-1.20,,,0.60,0.10,0.10,0.60,-0.50,-0.50,
2008-12-15 23:30,5,0.98,2.83,2.98,3.20,-0.90,-0.10,2.50,4.24,2.84,6.66,3.30,3.04,7.13,6.13,4.42,2.21,1.34,-1.60,5.42,2.60,3.32,6.82,,5.41,0.40,7.09,6.08,5.90,6.60,6.88,7.49,-0.34,2.12,-0.61,5.17,7.27,3.56,2.81,2.68,0.90,-0.38,1.53,6.29,1.20,3.56,6.20,6.74,4.49,5.56,3.60,-0.43,-1.18,0.68,-2.16,0.13,5.83,3,-0.12,-1.05,3.42,-2.90,4.86,1.08,-0.57,3.68,6.50,4.79,4.20,2.10,5.16,4.16,4.97,4.89,5.70,-0.98,0.60,6.99,4.20,2.38,0.95,1.40,0.04,0.32,-2.59,-0.85,-0.33,-0.50,0.33,0.04,-1.35,-0.29,-0.22,0.60,0.01,0.34,-1.15,-0.08,-0.78,-0.53,-1.38,-0.79,-2.27,0.26,0.82,3.15,0.79,-0.10,0.02,-0.31,-0.02,-1.41,2.10,-0.50,-0.14,-1.10,-1,-0.95,-1.50,,-1.30,-0.70,-1.81,-1.31,-0.44,-0.35,0.60,-0.45,-0.40,-0.88,-1.80,,5.60,-3.10,7.90,3.20,0.70,,,,,,,1.10,0.90,,-0.30,3.20,-0.20,-0.09,,,,,,,,0.10,-0.40,0,-0.80,-1,,,,,-0.20,,-0.60,-0.40,2,2,1.20,,,-0.70,,,-1.20,,,0.60,0.10,0,0.60,-0.50,-0.50,
2008-12-15 23:40,5.50,0.92,2.96,3.41,3.40,-0.98,-0.13,2.30,4.28,2.49,6.58,3.01,3.08,7.14,6.23,4.62,2.22,1.50,-1.80,5.35,2.61,3.26,6.73,,0.02,-0.04,7.11,6,6.02,6.60,6.06,6.95,-0.39,1.69,-0.63,5.14,7.28,2.72,2.63,2.85,0.80,-0.26,1.68,6.19,1.50,3.45,6,6.79,4.53,5.55,3.66,-0.39,-1.29,0.66,-1.97,0.50,5.13,3.70,-0.08,-0.93,4.20,-2.70,4.95,1.15,-0.38,3.74,6.33,4.70,4.50,1.98,4.90,4.23,5.24,4.90,5.76,-0.87,0.60,6.97,3.90,2.35,0.77,1.30,0.05,0.33,-2.67,-0.87,-0.23,-0.40,0.39,0.03,-1.41,-0.24,-0.29,0.60,-0.04,0.37,-1.07,0.02,-0.83,-0.56,-1.32,-0.87,-2.59,-0.09,0.85,3.07,0.81,-0.20,-0.03,-0.29,-0.07,-1.36,2.11,-0.48,-0.06,-1.12,-1,-0.91,-1.53,,-1.30,-0.73,-1.83,-1.50,-0.37,-0.35,0.50,-0.44,-0.36,-0.92,-1.80,,5.80,-3.10,8,3,0.70,,,,,,,1.10,0.90,,-0.20,3.60,-0.20,0,,,,,,,,0.10,-0.40,0,-0.80,-1,,,,,-0.10,,-0.60,-0.40,2,2,1.20,,,-0.70,,,-1.20,,,0.60,0.10,0,0.60,-0.50,-0.50,
2008-12-15 23:50,6.10,0.99,3.15,3.44,3.70,-0.76,-0.34,2.30,4.39,1.73,6.44,3.30,3.29,7.22,6.29,4.57,3.27,1.37,-1.90,5.02,2.62,3.30,6.89,,-0.07,0.04,5.90,5.94,6.17,6.60,5.68,7.25,-0.25,1.89,-0.57,4.99,7.26,2.62,2.67,2.84,0.50,-0.12,1.77,5.90,1.60,3.77,5.90,6.69,4.71,5.62,3.66,-0.42,-1.18,0.59,-1.84,0.72,4.36,3.80,-0.09,-0.93,4.30,-2.50,4.89,1.10,0.07,3.89,6.37,4.71,4.60,1.96,4.81,4.27,5.44,4.83,5.78,-0.56,1.20,7.09,3.80,2.50,0.62,1.30,0.11,0.22,-2.46,-0.87,-0.15,-0.30,0.27,-0.01,-1.52,-0.29,-0.21,0.70,0.09,0.42,-0.95,0.04,-0.84,-0.57,-1.44,-1,-2.56,0.20,0.82,3.10,0.86,-0.30,-0.05,-0.31,-0.10,-1.31,2.08,-0.50,0.08,-1.04,-1,-0.93,-1.51,,-1.30,-0.82,-1.80,-1.61,-0.43,-0.40,0.60,-0.42,-0.76,-0.85,-1.80,,5.80,-3.10,7.60,3.20,0.50,,,,,,,1.10,1.50,,-0.10,4,-0.20,-0.06,,,,,,,,0,-0.40,0.10,-0.80,-1,,,,,-0.10,,-0.60,-0.40,1.90,2,1.20,,,-0.70,,,-1.20,,,0.60,0.10,0,0.60,-0.50,-0.40,
2008-12-16 00:00,6.30,1.18,2.85,3.81,3.90,-0.68,-0.23,2.40,4.33,1.35,5.88,4.08,3.29,7.36,6.30,4.70,2.50,1.37,-2.10,4.74,2.51,3.37,6.90,,-0.04,0.03,5.73,5.84,6.49,6.40,5.34,7.58,-0.09,2.45,-0.56,5.10,7.10,5.17,2.97,2.61,0.50,0.02,1.42,5.83,1.50,3.92,5.80,6.61,4.58,5.74,3.05,-0.49,-1.28,0.59,-1.71,0.96,3.85,3.90,0.07,-0.81,4.91,-2.40,4.98,1.01,0.52,3.80,6.36,4.67,4.70,1.96,4.70,4.37,5.27,4.85,5.78,-0.27,1.30,7.14,4,2.72,0.63,1.40,0.24,0.30,-2.25,-0.86,-0.19,-0.40,0.19,0.07,-1.19,-0.29,-0.05,0.80,0.19,0.47,-1.06,-0.06,-0.84,-0.60,-1.30,-0.91,-2.38,0.28,0.77,3.14,0.95,-0.30,-0.06,-0.31,-0.08,-1.40,2.03,-0.62,-0.02,-1.04,-1,-0.86,-1.46,,-1.20,-0.76,-1.71,-1.45,-0.62,-0.36,0.60,-0.44,-0.52,-0.75,-1.70,3.20,5.60,-3.20,6.40,3.40,0.50,-0.70,5.90,-2.40,6.20,1.40,0.60,1.10,1.70,-0.90,0,4,-0.30,-0.10,-1,-0.10,1.30,0,-1.40,1,1.10,-0.10,-0.50,0.10,-0.80,-1,2,-0.70,-1,0.20,-0.10,0.10,-0.60,-0.40,2,2,1.20,,0.50,-0.70,-0.80,-0.30,-1.10,,0.80,0.60,0.10,0,0.70,-0.50,-0.40,-1.90
2008-12-16 00:10,6,1.38,3.12,4.20,3.80,-0.67,-0.22,2.30,4.31,0.91,5.85,4,3.21,7.38,6.42,4.61,3.16,1.46,-2.40,4.93,2.55,2.98,6.84,,-0.07,-0.02,5.23,5.62,6.55,6.50,5.28,7.98,0.14,2.67,-0.41,5.22,7.01,5.43,3.01,2.35,0.40,-0.04,1.36,5.65,1.60,2.97,5.90,6.57,4.63,5.64,2.48,-0.51,-1.25,0.61,-1.60,0.64,3.62,4.10,0.01,-0.87,4.96,-2.30,4.94,1,0.83,3.84,6.35,4.69,4.60,1.98,4.87,4.30,5.38,4.84,5.81,-0.85,1.60,7.04,4.10,2.51,0.53,1.51,0.32,0.28,-2.25,-0.84,-0.26,-0.50,0.27,0.16,-1.24,-0.24,-0.08,0.90,0.10,0.47,-1.13,0.06,-0.86,-0.59,-1.27,-0.99,-2.46,0.29,0.96,3.02,0.98,-0.40,-0.16,-0.30,-0.08,-1.33,2.11,-0.61,0.05,-0.93,-0.90,-0.91,-1.37,,-1.20,-0.70,-1.70,-1.21,-0.54,-0.29,0.60,-0.41,-0.36,-0.71,-1.70,,5.70,-3.20,6.30,3.20,0.90,,,,,,,1.20,1.70,,0,4,-0.30,-0.08,,,,,,,,-0.10,-0.70,0.10,-0.70,-1,,,,,-0.10,,-0.60,-0.50,2,2,1.20,,,-0.70,,,-1.10,,,0.60,0.10,0,0.70,-0.40,-0.40,
2008-12-16 00:20,5.80,1.38,3.06,4.57,3.50,-0.53,0.06,2.10,4.28,0.91,6.25,4.01,3.13,7.33,6.45,4.41,2.77,1.38,-2.40,4.87,2.70,3.17,6.51,,-0.07,-0.32,3.76,5.75,6.41,6.40,5.65,7.82,0.03,2.60,1.26,5.16,7,5.57,3.21,2.56,0.50,-0.09,1.45,5.76,1.70,2.75,6,6.10,4.22,5.62,2.33,-0.30,-1.16,0.63,-1.61,0.30,3.90,4.50,-0.01,-0.94,5.03,-2.20,5.03,0.89,0.64,3.79,6.45,4.69,4.60,1.96,4.94,4.48,5.58,4.86,5.75,-0.77,2.10,6.98,3.90,2.52,0.58,1.62,0.35,0.18,-2.13,-0.90,-0.28,-0.50,0.24,0.16,-1.28,-0.24,-0.12,1,0,0.37,-1.13,0.02,-0.86,-0.58,-1.24,-0.99,-2.64,0.27,0.93,2.88,1,-0.30,-0.08,-0.31,-0.12,-1.29,2.07,-0.57,-0.03,-1.01,-0.90,-0.88,-1.34,,-1.20,-0.73,-1.72,-1.22,-0.63,-0.27,0.50,-0.41,-0.38,-0.70,-1.70,,6.10,-3.10,6.30,3.10,1.10,,,,,,,1.10,1.40,,0.20,4.40,-0.20,-0.12,,,,,,,,-0.10,-0.80,0.20,-0.70,-1.10,,,,,-0.10,,-0.60,-0.50,2,2.10,1.20,,,-0.60,,,-1.10,,,0.60,0.10,0.10,0.70,-0.40,-0.40,
2008-12-16 00:30,5.60,2,3.16,4.68,3.60,-0.43,0,2.10,4.33,0.64,6.83,3.94,3.20,7.13,6.47,4.31,2.13,1.31,-2.40,4.52,2.84,4.74,6.49,,-0.04,-0.94,4.26,5.73,6.18,6.20,6.22,7.58,0.26,2.93,3.85,5.28,6.73,5.69,3.15,2.62,0.70,-0.17,1.97,6.05,1.90,3.35,6,6.03,4.10,5.59,2.63,-0.35,-1.09,0.66,-1.59,0.31,3.65,4.70,0,-0.90,4.61,-1.80,4.92,0.79,0.64,4.01,6.61,4.72,4.50,2.19,5.02,4.44,5.55,4.80,5.74,-0.71,2.10,6.96,3.30,2.75,0.52,1.71,0.51,0.01,-2.02,-0.85,-0.30,-0.40,0.05,-0.05,-1.28,-0.25,-0.08,1,0.03,0.33,-1.15,-0.01,-0.84,-0.57,-1.24,-0.97,-2.64,0.53,0.95,2.93,1,-0.20,-0.08,-0.21,-0.09,-1.24,2.12,-0.54,0.01,-1,-0.90,-0.81,-1.38,,-1.20,-0.71,-1.78,-1.29,-0.57,-0.27,0.60,-0.39,-0.50,-0.65,-1.70,,6.30,-3.10,6.20,2.80,0.30,,,,,,,1.10,1.10,,-0.20,4.70,-0.20,-0.14,,,,,,,,-0.10,-0.90,0.10,-0.80,-1.10,,,,,0,,-0.60,-0.50,1.90,2.10,1.20,,,-0.60,,,-1.10,,,0.60,0.10,0.10,0.70,-0.40,-0.30,
2008-12-16 00:40,5.80,2.22,3.05,4.41,3.80,-0.06,0.33,1.90,4.40,0.52,6.71,4.19,3.19,7.15,6.46,4.39,2.78,1.25,-2.50,3.99,2.67,4.27,5.14,,-0.69,-1.09,4.36,5.71,6.14,6.10,5.52,7.73,0.14,2.71,2.20,5.25,6.52,5.77,3.46,3.43,1,-0.16,2.10,6.47,1.80,3.59,5.80,6.10,3.85,5.43,3.07,-0.40,-1.08,0.69,-1.52,0.68,3.56,5.10,0.07,-0.91,4.50,-1.60,4.88,0.75,0.68,3.90,6.75,4.62,4.50,2.30,5.36,4.42,5.38,4.75,5.78,-0.23,1.80,7,3.30,2.84,0.53,1.72,0.52,0.04,-2.09,-0.84,-0.14,-0.40,0.07,-0.05,-1.18,-0.23,-0.01,1.10,0.09,0.73,-1.06,0.04,-0.81,-0.56,-1.27,-1,-2.57,0.70,0.77,2.83,1.03,-0.20,-0.16,-0.28,-0.10,-1.29,2.08,-0.60,0.06,-0.99,-0.90,-0.77,-1.25,,-1.20,-0.63,-1.74,-1.41,-0.48,-0.24,0.60,-0.38,-0.58,-0.69,-1.70,,5.80,-3.10,6.70,3.40,0.20,,,,,,,1,1.40,,-0.20,5,-0.20,-0.10,,,,,,,,-0.10,-0.90,0.20,-0.70,-1.10,,,,,-0.10,,-0.60,-0.50,2,2.10,1.20,,,-0.60,,,-1.10,,,0.60,0.10,0,0.70,-0.40,-0.30,
2008-12-16 00:50,5.80,2,3.16,4.38,3.60,0.23,0.37,1.70,4.51,0.28,6.56,4.24,3.20,7.09,6.43,4.68,3.04,1.21,-2.50,3.87,2.60,4.83,4.13,,-0.87,-0.85,4.26,5.45,6.04,6.40,5.62,7.84,0,2.66,2.51,5.30,6.64,5.73,3.56,3.84,0.90,0.03,2.09,6.45,1.80,4.13,5.70,6.17,3.95,5.47,3.21,-0.25,-1.03,0.68,-1.57,0.90,2.97,5.10,0.07,-0.95,3.82,-1.50,4.97,0.84,0.46,3.86,6.76,4.59,4.50,2.42,5.55,4.16,5.46,4.74,5.77,-0.32,1.50,6.85,3.20,2.79,0.60,1.83,0.43,-0.23,-2.08,-0.90,0,-0.30,0.03,-0.08,-1.09,-0.15,0.07,1.10,0.27,0.91,-1.05,0.05,-0.88,-0.54,-1.29,-1.01,-2.67,0.66,0.63,2.79,1.20,0,-0.20,-0.18,-0.19,-1.25,2.03,-0.51,0.05,-0.93,-0.90,-0.71,-1.30,,-1.20,-0.66,-1.81,-1.32,-0.54,-0.24,0.70,-0.35,-0.57,-0.91,-1.70,,6.20,-3.10,7.80,3.30,1,,,,,,,1.10,1.60,,-0.60,4.50,-0.20,-0.09,,,,,,,,0,-0.90,0.20,-0.70,-1.10,,,,,0,,-0.60,-0.60,1.90,2,1.20,,,-0.60,,,-1,,,0.60,0.10,0.10,0.80,-0.40,-0.30,
2008-12-16 01:00,5.70,1.99,2.82,4.49,3.50,0.16,0.47,1.50,4.45,0.29,6.78,4.49,3.10,7.07,6.42,4.71,2.96,1.34,-2.50,3.85,2.69,4.76,3.61,,-0.95,-0.81,5.50,5.40,6.11,6.50,5.41,7.98,0.02,2.45,4.57,5.19,6.88,5.64,3.83,5.42,0.90,-0.04,2.29,6.59,1.80,4.01,5.80,6.21,3.89,5.24,3.29,-0.23,-1.03,0.66,-1.54,0.88,3.14,5.10,0.12,-0.88,3.17,-1.40,4.83,0.96,0.37,3.77,6.68,4.80,4.40,2.38,5.47,4.30,5.56,4.74,5.82,-0.76,1,6.84,3.10,2.82,0.53,2.03,0.33,-0.36,-2.04,-0.91,-0.01,-0.30,-0.03,0,-0.91,-0.18,0.06,1.10,0.35,1.96,-1.05,0.02,-0.86,-0.59,-1.31,-1,-2.62,0.58,0.51,2.54,1.30,0,-0.11,-0.23,0.02,-1.19,2.09,-0.48,-0.02,-0.86,-0.90,-0.80,-1.23,,-1.20,-0.59,-1.74,-1.17,-0.59,-0.15,0.60,-0.32,-0.39,-0.84,-1.70,4.50,5.50,-3.10,8,3.30,1.20,-0.70,5.90,-2.20,6,1.20,0.20,1.10,1.50,-1.30,-0.50,4.10,-0.20,-0.20,-1,0.30,1.70,-0.60,-0.60,1.10,1.30,0,-0.80,0.20,-0.70,-1.10,2.10,-0.70,-1.30,0.40,0,0.10,-0.60,-0.60,1.90,2,1.10,-0.40,0.40,-0.60,-0.70,-0.20,-1,1.10,0.80,0.60,0.10,0.10,0.80,-0.40,-0.30,-1.90
2008-12-16 01:10,6,1.79,2.92,4.13,3.60,-0.02,0.35,1.50,4.51,0.15,6.74,4.48,3.23,7.11,6.32,4.79,2.85,1.29,-2.40,3.43,2.86,4.53,3.41,,-0.95,-0.72,5.30,5.33,6.26,6.40,4.97,7.81,0,1.92,5.13,5.26,6.84,5.60,3.68,6.24,0.80,-0.20,1.89,6.82,2.10,4.32,5.70,6.27,4.04,5.27,3.19,-0.23,-1.05,0.65,-1.54,0.86,3.02,4.90,0.06,-0.85,2.71,-1.50,4.95,0.85,0.33,3.86,6.71,4.84,4.70,2.51,5.42,4.34,5.41,4.77,5.81,-0.99,1,6.98,3.20,2.71,0.48,1.80,0.26,-0.08,-2.18,-1,-0.06,-0.30,0.03,-0.10,-0.77,-0.12,0.10,1.10,0.15,2.94,-1.03,0.04,-0.81,-0.51,-1.27,-1,-2.93,0.59,0.49,2.43,1.28,0,-0.02,-0.18,-0.01,-1.25,2.04,-0.49,0,-0.80,-0.90,-0.80,-1.25,,-1.20,-0.70,-1.66,-1.27,-0.49,-0.30,0.70,-0.32,-0.31,-0.76,-1.60,,5.70,-3.20,8.30,3.10,0.70,,,,,,,1.20,1,,-0.50,4.20,-0.20,-0.17,,,,,,,,0,-0.60,0.30,-0.70,-1.10,,,,,0,,-0.50,-0.60,1.90,2,1.10,,,-0.60,,,-1,,,0.60,0.10,0,0.80,-0.40,-0.30,
2008-12-16 01:20,6.20,1.68,3.04,3.69,3.50,-0.01,0.38,1.30,4.58,-0.13,6.70,4.28,3.25,7.21,6.30,4.86,2.83,1.01,-2.40,3.32,2.75,4.13,3.26,,-0.85,-1.24,4.04,5.35,6.27,5.90,4.63,7.18,-0.06,1.47,5.16,5.38,7.16,5.65,3.39,6.35,0.70,-0.37,2.01,6.83,2.20,4.46,5.60,6.30,4.07,5.26,3.17,-0.31,-1.06,0.66,-1.48,0.92,2.52,5.20,-0.13,-0.91,2.51,-1.50,4.92,0.68,0.18,3.94,6.71,4.92,4.70,2.56,5.34,4.47,5.37,4.72,5.68,-1.15,1.20,6.85,3.30,2.53,0.60,1.80,0.20,0.20,-2.32,-1.02,-0.01,-0.30,0.08,-0.23,-0.70,-0.12,0.07,1.20,0.11,3.17,-0.96,0.07,-0.84,-0.54,-1.30,-1.03,-2.99,0.86,0.40,2.29,1.32,0.10,0,-0.23,0.03,-1.32,2.16,-0.45,0.06,-0.80,-0.90,-0.62,-1.28,,-1.10,-0.77,-1.70,-1.35,-0.42,-0.16,0.50,-0.26,-0.34,-0.81,-1.60,,6.50,-3.20,8.30,3.60,0.60,,,,,,,1.10,1.30,,-0.50,4.30,-0.20,-0.16,,,,,,,,0,-0.40,0.30,-0.70,-1.10,,,,,0.10,,-0.50,-0.60,1.90,2,,,,-0.60,,,-1,,,0.60,0,0,0.80,-0.30,-0.30,
2008-12-16 01:30,6,1.47,2.83,3.37,3.50,-0.05,0.09,1.20,4.48,-0.24,6.76,4.29,3.35,7.20,6.21,5.21,3.03,0.98,-2.40,3.85,2.78,4.22,2.80,,-1.01,-1.50,3.08,5.30,6.25,5.90,4.23,6.45,0.05,1.60,5.32,5.56,7.31,5.79,3.55,6.43,0.90,-0.46,2.23,6.85,1.90,3.35,5.70,6.15,3.59,5.20,2.94,-0.42,-0.99,0.59,-1.42,1.06,2.97,5.40,-0.08,-1.01,2.19,-1.60,4.87,0.70,0.13,3.95,6.69,4.97,4.60,2.38,5.34,4.39,5.28,4.53,5.74,-1.10,1.50,6.89,3.20,2.49,0.78,1.90,0.13,0.31,-2.47,-1.06,-0.14,-0.30,0.05,-0.48,-0.56,-0.12,0.01,1.10,0.31,3.65,-1.09,0.07,-0.85,-0.57,-1.29,-1.04,-2.88,0.77,0.36,2.08,1.31,0.10,0.11,-0.23,-0.07,-1.30,1.99,-0.58,0.14,-0.82,-0.80,-0.77,-1.24,,-1.10,-0.63,-1.64,-1.13,-0.45,-0.06,0.60,-0.30,-0.59,-0.75,-1.60,,6.50,-3.10,8.50,3.80,0.70,,,,,,,1,1.70,,-0.60,4.60,-0.20,-0.09,,,,,,,,0,-0.20,0.30,-0.70,-1.10,,,,,0,,-0.50,-0.60,1.80,1.90,1,,,-0.60,,,-1,,,0.50,0,0,0.80,-0.30,-0.30,
2008-12-16 01:40,6,1.78,3.03,3.29,3.70,-0.08,0.07,1.20,4.63,-0.15,6.70,3.90,3.45,7.13,6.16,5.25,3.09,1.11,-2.40,3.55,2.76,4.12,2.56,,-1.17,-0.93,2.67,5.37,6.28,6.20,4.39,6.08,0.28,1.28,5.29,5.69,7.51,5.96,3.51,6.36,1.10,-0.55,1.92,6.80,2.10,3.41,5.60,6.04,3.44,5.14,2.86,-0.46,-1.10,0.58,-1.51,0.86,2.84,5.40,-0.01,-1.03,2.14,-1.70,4.62,0.68,0.03,3.70,6.74,5.11,4.60,2.26,5.47,4.36,5.13,4.57,5.64,-0.94,1.60,7.07,2.40,1.96,0.91,1.80,0.19,0.25,-2.43,-0.97,-0.20,-0.40,0.03,-0.56,-0.70,-0.19,0.01,1.10,0.30,4,-1.12,0.09,-0.86,-0.62,-1.30,-1.02,-3.35,0.76,0.26,1.98,1.32,0.10,0.10,-0.21,-0.11,-1.17,2.08,-0.53,0.03,-0.81,-0.80,-0.72,-1.25,,-1.10,-0.57,-1.72,-1.38,-0.54,-0.14,0.60,-0.30,-0.38,-0.76,-1.60,,6.40,-3,8.70,4,0.90,,,,,,,1,1.70,,-0.60,4.50,-0.20,-0.04,,,,,,,,0.10,-0.10,0.30,-0.70,-1.10,,,,,-0.20,,-0.50,-0.70,1.80,1.80,1,,,-0.50,,,-1,,,0.50,0,0,0.80,-0.30,-0.30,
2008-12-16 01:50,5.90,1.48,3.08,3.30,3.60,-0.21,0.15,1.20,4.53,-0.36,6.86,3.65,3.56,7.09,6.20,5.19,3,1.20,-2.60,3.38,2.76,4.66,2.44,,-0.96,-0.67,2.79,5.51,6.46,6.40,4.21,6.59,0.42,0.67,5.39,5.72,7.54,6.09,3.26,6.32,1.20,-0.42,1.60,6.67,2,3.70,5.50,5.91,3.47,5.22,2.79,-0.47,-1.02,0.61,-1.64,1.06,2.95,5.40,0.01,-1.02,2.21,-1.80,4.37,0.61,-0.16,3.58,6.76,5.27,4.50,2.40,5.93,4.45,5.10,4.66,5.72,-1.16,2.80,7.06,2.30,1.74,0.82,1.80,0.15,0.10,-2.25,-1.02,-0.30,-0.40,0.06,-0.67,-0.78,-0.26,-0.09,1.10,0.23,3.99,-1.11,0.11,-0.87,-0.62,-1.37,-1.03,-3.18,0.93,0.21,1.95,1.43,0.20,0.06,-0.17,-0.07,-1.18,2.12,-0.38,0.25,-0.83,-0.70,-0.56,-1.26,,-1,-0.53,-1.66,-1.42,-0.63,-0.21,0.60,-0.29,-0.31,-0.70,-1.50,,6.60,-3,8.90,4.30,0.90,,,,,,,0.90,0.90,,-0.80,4.40,-0.20,-0.14,,,,,,,,0.10,0.10,0.20,-0.70,-1.10,,,,,-0.30,,-0.50,-0.70,1.80,1.70,1,,,-0.50,,,-1,,,0.50,0,-0.10,0.80,-0.30,-0.20,
2008-12-16 02:00,5.80,1.45,3.18,3.12,3.70,-0.47,0,1.30,4.57,-0.64,6.70,3.99,3.46,7.08,6.18,4.98,2.93,1.13,-2.70,3.72,2.77,4.37,2.63,,-0.99,-0.63,2.04,5.69,6.38,6.50,4.22,7.09,0.48,0.69,5.51,5.73,7.48,6.23,3.39,5.98,1,-0.40,1.61,6.68,1.80,3.10,5.40,5.85,3.96,5.28,2.49,-0.39,-1.08,0.61,-1.62,1.13,2.80,5.40,-0.05,-1.06,2.83,-2,4.61,0.55,-0.18,3.68,6.82,5.24,4.50,2.22,6,4.32,5.18,4.64,5.72,-1,2.30,6.85,1.80,1.78,0.75,1.80,0.03,0.11,-2.38,-1.17,-0.29,-0.60,0.07,-0.59,-0.72,-0.26,-0.21,1.20,0.14,2.12,-1.14,0.04,-0.87,-0.59,-1.36,-1.01,-2.96,0.81,0.25,1.73,1.39,0.30,0.04,-0.17,-0.07,-1.24,2.09,-0.53,0.19,-0.83,-0.70,-0.59,-1.21,-0.67,-1,-0.60,-1.74,-1.23,-0.46,-0.24,0.40,-0.18,-0.51,-0.58,-1.50,3,6.70,-3,9,4.60,0.80,,5.70,-2,5.40,1.10,0.50,0.90,0.90,-1.60,-0.60,4.30,-0.10,-0.10,,0.70,1.90,-0.80,-0.20,1.20,1.40,0.10,0.20,0.20,-0.70,-1.10,2.10,-0.60,-0.60,0.50,-0.50,0.20,-0.50,-0.70,1.80,1.70,1,,0.40,-0.50,-0.60,-0.20,-1,1.20,0.70,0.50,0,-0.10,0.80,-0.30,-0.20,-1.80
2008-12-16 02:10,5.20,1.36,3.46,3.11,3.50,-0.47,-0.22,1,4.48,-0.83,6.59,3.96,3.48,7.05,6.15,5.05,2.91,1.03,-2.90,4.21,2.69,4.19,6.11,,-0.92,-0.72,2.70,5.77,6.27,6.50,4.73,7.89,0.29,1.22,5.57,5.73,7.40,6.14,3.15,5.67,1.10,-0.36,1.62,6.55,2.10,2.85,5.50,5.65,4.10,5.28,2.69,-0.30,-0.98,0.64,-1.68,1.15,3.32,5.20,-0.07,-1.19,3.75,-2.10,4.63,0.45,-0.18,3.56,6.73,5.27,4.50,2.05,6.03,4.33,5.47,4.73,5.71,-0.94,2.40,6.75,1.60,1.81,0.67,1.82,-0.11,0.10,-2.35,-1.04,-0.33,-0.50,-0.08,-0.42,-0.80,-0.19,-0.25,1.10,0.02,0.90,-1.13,0.12,-1.01,-0.56,-1.39,-1.08,-3.05,0.79,0,1.61,1.39,0.30,-0.01,-0.15,-0.07,-1.20,2.09,-0.50,0.22,-0.70,-0.70,-0.63,-1.17,-0.69,-1,-0.72,-1.75,-1.08,-0.50,-0.26,0.30,-0.21,-0.31,-0.53,-1.50,,6.70,-3.10,8.90,4.80,0.80,,,,,,,1,1.20,,-0.60,4.30,-0.10,-0.08,,,,,,,,0.10,0.30,0.20,-0.70,-1.10,,,,,-0.50,,-0.50,-0.70,1.80,1.60,1,,,-0.50,,,-1,,,0.50,0,-0.10,0.80,-0.20,-0.20,
2008-12-16 02:20,5.20,1.36,3.08,3.34,3.60,-0.49,-0.21,0.80,4.54,-0.98,6.45,3.96,3.42,7,6.19,5.11,2.66,1.06,-3.20,4.11,2.82,4.08,6.83,,-1.05,-0.97,2.84,5.82,6,6.60,5.71,8.02,0.41,0.95,5.61,5.71,7.17,6.05,3.41,5.41,1,-0.50,1.67,6.72,2,3.06,5.70,5.36,4.05,5.32,2.51,-0.22,-0.97,0.61,-1.48,1,2.64,4.70,-0.27,-1.14,4.15,-2.30,4.09,0.42,0.04,3.59,6.73,5.39,4.40,2.03,5.89,4.26,5.70,4.63,5.72,-0.81,2.50,6.81,1.20,1.93,0.74,1.83,-0.17,0.24,-2.34,-1.05,-0.46,-0.50,-0.05,-0.53,-0.98,-0.35,-0.24,1,-0.02,0.83,-1.11,0.04,-1.04,-0.54,-1.32,-1.17,-2.80,0.79,0,1.63,1.41,0.30,-0.02,-0.13,-0.03,-1.17,2.18,-0.43,0.19,-0.61,-0.70,-0.61,-1.22,-0.64,-1,-0.56,-1.65,-1.26,-0.46,-0.30,0.20,-0.25,-0.34,-0.53,-1.50,,6.70,-3.10,9,4.60,1.10,,,,,,,1.10,1.30,,-0.60,2.60,-0.10,-0.04,,,,,,,,0.20,0.40,0.20,-0.70,-1.10,,,,,-0.60,,-0.50,-0.80,1.80,1.60,1,,,-0.50,,,-0.90,,,0.50,0,-0.10,0.80,-0.20,-0.10,
2008-12-16 02:30,5.50,1.48,3.16,3.39,3.60,-0.65,-0.16,0.80,4.42,-1.11,6.49,3.82,3.43,7.09,6.24,4.97,2.54,0.96,-3.20,4.07,2.88,4.22,7.16,,-1.08,-0.95,2.54,5.88,5.82,6.70,6.36,8.51,0.35,1.31,5.66,5.72,7.28,6.03,3.17,5.47,0.90,-0.38,1.80,6.56,2.40,3.28,5.80,5.31,4.04,5.26,2.18,-0.26,-0.98,0.64,-1.65,1.12,1.81,4,-0.29,-1.06,4.15,-2.30,4.24,0.39,0.59,3.50,6.83,5.53,4.30,2.01,5.76,4.24,5.28,4.59,5.67,-0.83,2.40,6.86,0.70,2.18,0.60,1.88,-0.19,0.18,-1.96,-1,-0.41,-0.50,-0.04,-0.40,-1.08,-0.31,-0.19,1.10,0.03,1.05,-1.06,0,-0.95,-0.54,-1.35,-1.06,-2.61,0.67,-0.02,1.59,1.42,0.30,-0.06,-0.08,0.02,-1.18,2.12,-0.42,0.16,-0.62,-0.70,-0.55,-1.17,-0.70,-1,-0.47,-1.54,-1.26,-0.40,-0.33,0.20,-0.26,-0.37,-0.48,-1.40,,6.80,-3.10,9,4.80,1.10,,,,,,,1.10,1.50,,-0.80,4.40,-0.10,-0.03,,,,,,,,0.20,0.40,0.10,-0.70,-1.20,,,,,-0.60,,-0.50,-0.80,1.80,1.60,1,,,-0.50,,,-0.90,,,0.50,0,-0.10,0.90,-0.20,-0.20,
2008-12-16 02:40,6,1.60,3.06,3.62,3.40,-0.51,-0.05,0.80,4.43,-1.12,6.45,3.80,3.48,7.18,6.07,4.73,2.60,0.99,-3.20,3.75,2.88,4.06,7.03,,-1.18,-0.79,2.79,5.83,5.66,6.70,7.25,8.55,0.34,1.28,5.79,5.75,7.23,6.03,3.45,5.39,0.90,-0.25,1.92,6.50,2.40,3.56,5.60,5.36,3.68,5.21,2.22,-0.31,-0.89,0.64,-1.58,1.30,1.24,3.60,-0.25,-1.14,4.25,-2.40,4.15,0.27,1.40,3.65,6.79,5.38,4.20,2,5.81,4.25,4.63,4.69,5.56,-1.04,1.60,6.87,0.40,2.15,0.50,1.99,-0.38,0.08,-1.70,-0.94,-0.47,-0.40,-0.01,-0.53,-1.14,-0.33,-0.18,1.10,0.29,0.95,-1.04,0.03,-1.04,-0.53,-1.48,-1.05,-2.93,0.79,0.03,1.72,1.46,0.30,0,-0.15,0.02,-1.19,1.99,-0.43,0.19,-0.65,-0.60,-0.52,-1.13,-0.79,-1,-0.53,-1.57,-1.13,-0.52,-0.36,0.20,-0.19,-0.20,-0.44,-1.50,,6.80,-3.10,8.90,5.10,1,,,,,,,1,1.90,,-0.70,4.80,-0.10,-0.07,,,,,,,,0.20,0.40,0,-0.70,-1.20,,,,,-0.70,,-0.50,-0.80,1.80,1.50,0.90,,,-0.50,,,-0.90,,,0.50,0,-0.10,0.90,-0.20,-0.20,
2008-12-16 02:50,5.80,1.91,2.83,3.75,3.30,-0.59,-0.34,0.90,4.41,-1.21,6.34,3.85,3.44,7.15,6.14,4.64,2.81,1.14,-3.10,3.95,2.85,3.39,7.14,,-1.17,-0.96,3.19,5.66,5.41,6.70,7.37,8.70,0.24,1.72,5.76,5.81,7.35,6.21,3.22,5.04,1,-0.06,2.13,6.61,2.50,3.81,5.70,5.43,3.67,5.17,2.19,-0.28,-0.88,0.62,-1.44,1.32,0.87,3.60,-0.30,-1.04,3.99,-2.40,4.23,0.33,0.81,3.69,6.71,5.34,4.10,1.95,5.85,4.31,4.24,4.53,5.67,-1.18,1.10,6.85,0.10,2.14,0.32,1.83,-0.29,-0.25,-1.79,-0.79,-0.58,-0.50,0.04,-0.75,-0.92,-0.38,-0.20,1.10,0,0.91,-1.06,0.06,-1.07,-0.51,-1.45,-1.07,-3.28,0.96,0.10,1.87,1.47,0.30,-0.06,-0.12,-0.08,-1.14,1.87,-0.32,0.16,-0.55,-0.60,-0.63,-1.18,-0.74,-1,-0.55,-1.58,-1.08,-0.54,-0.34,0.20,-0.10,-0.11,-0.56,-1.40,,6.60,-3,9.20,5.30,0.90,,,,,,,1,2,,-0.60,5,-0.10,-0.05,,,,,,,,0.30,0.50,0.20,-0.70,-1.20,,,,,-0.70,,-0.50,-0.80,1.80,1.40,0.90,,,-0.50,,,-0.90,,,0.50,-0.10,-0.10,0.90,-0.10,-0.20,
2008-12-16 03:00,5.70,1.80,2.99,3.61,3.20,-0.30,-0.26,1.10,4.27,-1.39,6.44,4.05,3.39,7.02,6.25,4.59,3.13,1.08,-3,4.53,2.85,3.41,7.18,,-1.60,-1.19,3.71,5.82,5.46,6.80,7.33,8.79,0.17,1.79,5.79,5.71,7.44,6.35,3.20,5.12,1.10,-0.11,2.25,6.70,2.50,4.08,5.50,5.37,3.66,5.20,2.45,-0.19,-0.82,0.58,-1.41,1.27,1.13,4.10,-0.37,-1.02,3.32,-2.40,4.17,0.53,0.54,3.62,6.75,5.26,4.10,1.87,5.81,4.26,4.40,4.67,5.54,-1.19,1.60,6.90,0.18,2.46,0.28,1.80,-0.41,-0.10,-1.72,-0.79,-0.70,-0.40,0.08,-0.84,-0.70,-0.44,-0.09,0.90,0,1.82,-1.13,0.03,-1.09,-0.63,-1.43,-1.01,-3.43,1.05,-0.07,2.12,1.36,0.30,-0.12,-0.19,-0.02,-1.15,1.88,-0.22,0.24,-0.56,-0.50,-0.57,-1.23,-0.69,-1,-0.71,-1.65,-1.06,-0.54,-0.32,0.20,-0.10,-0.22,-0.41,-1.40,4.40,6.40,-3,9,5,0.90,-0.70,5.50,-2.10,5.20,0.50,0.40,1,2.10,-2.30,-0.60,5,-0.10,-0.10,,1.50,2,-1.20,-0.30,1.20,0.90,0.30,0.60,0.20,-0.70,-1.20,1.90,-0.40,-0.60,0.50,-0.80,0.20,-0.50,-0.80,1.90,1.40,0.90,-0.40,0.30,-0.50,-0.50,,-0.90,1.20,0.70,0.50,0,-0.10,0.90,-0.10,-0.10,-1.70
2008-12-16 03:10,5.80,1.57,2.98,3.07,3.27,-0.78,-0.40,0.90,4.13,-1.47,6.40,4.08,3.36,6.94,6.19,4.49,3.06,0.99,-2.80,4.01,2.96,4.12,7.03,,-1.46,-1.08,3.75,5.83,5.68,6.80,7.41,8.68,0.33,2.49,5.73,5.82,7.53,6.44,3.64,4.86,1.20,0.07,2.72,6.69,2.80,4.19,5.70,5.57,3.88,5.28,3.21,-0.27,-0.74,0.62,-1.31,1.20,1.32,4.30,-0.41,-0.98,2.74,-2.40,4.08,0.45,0.36,3.70,6.83,5.22,4.10,1.80,5.49,4.26,4.63,4.69,5.51,-1.28,1.40,6.92,0.30,2.68,0.47,1.70,-0.61,-0.31,-1.74,-0.91,-0.72,-0.30,0.17,-0.92,-0.73,-0.45,-0.18,1,0.08,4.53,-1.06,-0.01,-1.05,-0.61,-1.47,-1.06,-3.45,1.09,-0.21,2.01,1.41,0.30,-0.26,-0.12,0.09,-1.15,1.91,-0.22,0.34,-0.56,-0.50,-0.56,-1.17,-0.66,-0.90,-0.64,-1.61,-1.09,-0.67,-0.34,0.30,-0.05,-0.09,-0.51,-1.40,,5.70,-2.90,9,5,1,,,,,,,1,2,,-0.50,4.60,-0.10,-0.10,,,,,,,,0.30,0.70,0.20,-0.70,-1.20,,,,,-0.80,,-0.50,-0.80,1.80,1.40,0.90,,,-0.50,,,-0.90,,,0.50,0,-0.10,0.90,0,-0.10,
2008-12-16 03:20,6,1.53,3.34,2.56,3.46,-1.06,-0.45,1.10,4.09,-1.34,6.42,4.02,3.40,6.75,6.08,4.31,3.03,0.97,-2.80,3.57,3.01,3.52,5.41,,-1.29,-0.92,2.34,6.07,5.74,6.30,7.38,8.65,0.50,2.68,5.82,5.77,7.44,6.37,3.78,5.77,1.40,0.10,2.78,6.67,2.90,4.60,5.50,5.46,4.28,5.34,2.97,-0.37,-0.86,0.62,-1.15,1.36,1.18,4.10,-0.52,-0.94,2.52,-2.40,4.11,0.41,0.27,3.86,6.64,5.15,4.40,1.78,5.50,4.31,4.76,4.84,5.61,-1.27,1.30,6.91,0.20,2.64,1.52,1.70,-0.49,-0.30,-1.80,-1.11,-0.90,-0.20,0.17,-0.93,-0.76,-0.54,-0.22,1,0.14,4.83,-1.14,0.01,-1.02,-0.70,-1.50,-1.03,-3.23,0.97,-0.28,1.90,1.39,0.30,-0.35,-0.07,0.06,-1.16,1.91,-0.33,0.43,-0.56,-0.40,-0.56,-1.10,-0.61,-0.90,-0.54,-1.57,-0.96,-0.63,-0.38,0.30,0.02,-0.23,-0.41,-1.40,,6.60,-2.90,9,5.10,1.10,,,,,,,0.90,2.10,,-0.50,4.50,-0.20,-0.14,,,,,,,,0.30,0.60,0.20,-0.70,-1.10,,,,,-0.80,,-0.50,-0.80,1.90,1.30,0.80,,,-0.50,,,-0.90,,,0.50,-0.10,-0.10,0.90,0,-0.20,
2008-12-16 03:30,6.20,1.37,3.19,2.11,3.45,-1.08,-0.53,1.10,4.08,-1.45,6.42,4.01,3.11,6.74,5.95,4.15,3.26,0.99,-3,2.73,2.94,3.09,4.76,,-1.32,-0.48,2.37,6.09,5.87,6.50,7.39,8.56,0.44,2.39,5.92,6.04,7.35,6.46,3.63,5.77,1.60,0.23,2.84,6.56,3.40,4.53,5.50,5.54,4.43,5.27,3.69,-0.34,-0.77,0.76,-1.02,1.21,1.10,4.30,-0.57,-0.89,2.31,-2.30,4.09,0.50,0.33,3.91,6.59,5.15,4.10,1.77,5.32,4.21,4.99,5.01,5.68,-1.23,1.20,6.88,-0.10,2.56,2.52,1.40,-0.33,-0.03,-2,-1.11,-0.95,-0.20,0.15,-0.89,-0.75,-0.60,-0.07,0.90,0.04,4.05,-1.11,-0.02,-1.03,-0.66,-1.54,-1.14,-3.30,1.02,-0.40,1.88,1.25,0.40,-0.38,-0.16,0.06,-1.24,1.88,-0.22,0.32,-0.45,-0.50,-0.51,-1.09,-0.54,-0.90,-0.61,-1.60,-0.93,-0.54,-0.44,0.30,-0.03,-0.02,-0.39,-1.40,,6.80,-2.80,9,5.10,0.70,,,,,,,1,1.90,,-0.30,4.50,-0.30,-0.23,,,,,,,,0.40,0.60,0.10,-0.70,-1.20,,,,,-0.80,,-0.50,-0.80,1.90,1.40,0.90,,,-0.50,,,-0.90,,,0.50,-0.10,-0.10,0.90,0,-0.20,
2008-12-16 03:40,6.30,1.22,2.93,1.85,3.42,-1.07,-0.71,1,3.91,-1.61,6.37,4.22,2.85,6.60,5.95,3.99,2.54,1.04,-3,3.08,3.01,3.56,4.40,,-1.63,-0.46,2.98,6.10,5.80,6.40,7.45,8.49,0.28,2.41,5.85,6.04,7.29,6.36,3.57,5.77,1.50,0.27,2.96,6.47,3.10,4.15,5.60,5.50,4.51,5.24,4.42,-0.27,-0.98,0.72,-0.90,1.37,1.05,4.60,-0.37,-0.86,2,-2.40,4.21,0.44,0.44,3.58,6.59,5.13,3.90,1.74,5.35,4.21,5.25,5.14,5.69,-1.44,0.70,6.91,-0.10,2.42,2.77,1.40,-0.25,0.19,-2.05,-1.05,-0.91,-0.30,0.20,-1.06,-0.58,-0.71,-0.08,0.80,0.11,3.17,-1.18,0,-1.01,-0.72,-1.62,-1.07,-3.37,1.21,-0.26,1.92,1.18,0.40,-0.31,-0.26,0.07,-1.12,1.95,-0.20,0.22,-0.32,-0.40,-0.60,-1.11,-0.53,-1,-0.58,-1.55,-0.95,-0.62,-0.51,0.30,-0.05,-0.11,-0.43,-1.40,,6,-2.80,9,5.30,1.10,,,,,,,1,1.70,,-0.40,4.50,-0.30,-0.26,,,,,,,,0.40,0.70,0,-0.80,-1.10,,,,,-0.80,,-0.50,-0.80,1.90,1.30,0.90,,,-0.50,,,-0.90,,,0.50,-0.10,-0.20,0.90,0,-0.10,
2008-12-16 03:50,6.40,1.55,3.16,1.61,3.35,-1.10,-0.82,1,3.95,-1.68,6.26,4.20,2.66,6.58,5.92,3.83,1.97,0.95,-3.10,3.18,2.96,3.42,3.62,,-1.62,-0.52,2.80,6.07,5.43,6.50,7.26,8.47,0.25,2.08,5.89,6.07,7.32,6.37,3.50,5.96,1.40,0.37,3,6.58,2.60,4.09,5.50,5.67,4.47,5.24,5.11,-0.23,-0.77,0.65,-0.81,1.52,1.07,4.80,-0.40,-0.87,1.98,-2.30,4.27,0.59,0.57,3.54,6.68,5.07,4,1.72,5.17,4.35,5.25,5.06,5.71,-1.63,0.40,6.98,-0.10,2.14,2.64,1.40,-0.24,0.45,-2.27,-0.94,-0.88,-0.60,0.21,-1.03,-0.53,-0.75,0,0.80,0.23,2.64,-1.19,-0.01,-0.99,-0.73,-1.65,-1.18,-3.54,1.17,-0.32,1.93,1.23,0.40,-0.36,-0.15,-0.01,-1.29,1.87,-0.20,0.21,-0.39,-0.40,-0.46,-1.12,-0.71,-0.90,-0.56,-1.56,-1.22,-0.49,-0.49,0.30,-0.13,-0.07,-0.45,-1.30,,5.70,-2.80,9,5.30,1.20,,,,,,,1.10,1.60,,0,4.50,-0.40,-0.17,,,,,,,,0.40,0.80,-0.10,-0.90,-1.20,,,,,-0.70,,-0.50,-0.80,1.90,1.30,0.90,,,-0.50,,,-0.90,,,0.50,-0.10,-0.20,0.90,0,-0.10,
2008-12-16 04:00,6.50,1.56,2.78,1.37,3.49,-1.11,-0.85,1,3.87,-1.70,6.15,4.17,2.57,6.53,5.89,3.98,2,0.79,-3.30,2.97,3.12,3.76,3.29,,-1.47,-0.47,3.19,6.01,5.14,6.40,7.13,8.56,0.22,2.13,4.09,6.21,7.32,6.38,3.13,5.59,1.40,0.32,2.85,6.54,2.80,4.29,5.40,5.66,4.19,5.31,5.29,-0.17,-0.67,0.54,-0.86,1.53,1.15,4.70,-0.25,-0.84,1.76,-2.20,4.18,0.76,0.99,3.51,6.72,5.14,4.10,1.66,5.19,4.37,5.45,5.19,5.66,-1.70,0.20,7.06,0.10,2.06,2.50,1.10,-0.24,0.02,-2.38,-0.91,-0.89,-0.80,0.18,-0.98,-0.44,-0.83,-0.06,0.70,0.14,2.27,-1.13,0.04,-1,-0.69,-1.54,-1.09,-3.49,1.06,-0.42,2.19,1.32,0.40,-0.32,-0.10,0,-1.25,1.79,-0.26,0.30,-0.37,-0.40,-0.43,-1.17,-0.70,-0.90,-0.56,-1.60,-1.13,-0.43,-0.48,0.40,-0.02,-0.13,-0.44,-1.30,4.60,5.70,-2.90,9,5.20,0.70,,5.50,-2.20,6,-0.40,0.20,1.20,1.70,-3.10,-0.30,4.50,-0.40,-0.40,,1.60,1.70,-1.70,0,1,1.30,0.40,0.80,-0.10,-0.80,-1.10,1.90,-0.50,0,0.50,-0.60,0.10,-0.50,-0.80,1.90,1.30,0.90,-0.40,0.40,-0.50,-0.40,,-0.90,1.10,0.70,0.50,-0.10,-0.20,0.70,0.10,-0.10,-1.70
2008-12-16 04:10,6.30,1.41,2.85,1.20,3.50,-1.31,-0.88,0.80,3.97,-1.66,6.19,4.28,2.43,6.52,5.90,4.10,2.15,0.80,-3.20,2.89,3.28,3.85,2.89,,-1.48,-0.47,2.51,6.02,4.91,6.50,6.95,8.30,-0.09,1.39,2.48,6.24,7.23,6.48,2.86,5.41,1.40,0.31,3.07,6.35,2.60,4.36,5.40,5.57,4.47,5.22,5.48,-0.09,-0.61,0.47,-0.83,1.38,0.95,5,-0.34,-0.80,1.63,-2.10,4.17,1.07,2.03,3.70,6.48,5.24,4.10,1.66,5.31,4.29,5.30,5.05,5.64,-1.97,0.10,6.94,0.40,2.16,2.33,1.32,-0.03,-0.28,-2.56,-0.86,-0.72,-1,0.26,-0.87,-0.36,-0.76,-0.12,0.60,0.03,1.98,-1.11,0.02,-0.97,-0.66,-1.52,-1.04,-3.64,0.99,-0.51,2.25,1.18,0.40,-0.21,-0.06,0.04,-1.25,1.85,-0.23,0.31,-0.35,-0.30,-0.44,-1.11,-0.65,-0.90,-0.58,-1.52,-1.02,-0.51,-0.49,0.30,0.03,-0.16,-0.43,-1.30,,6.50,-2.80,8.80,5.10,1.10,,,,,,,1.30,1.90,,-0.20,4.40,-0.40,-0.27,,,,,,,,0.50,0.70,-0.10,-0.80,-1.10,,,,,-0.50,,-0.50,-0.80,1.90,1.30,,,,-0.50,,,-0.90,,,0.50,-0.20,-0.20,0.70,0.10,-0.10,
2008-12-16 04:20,6.40,1.55,2.87,1.12,3.50,-1.52,-0.90,0.70,3.96,-1.47,6.11,3.54,2.36,6.46,5.74,4.28,2.04,0.89,-3.20,2.63,3.10,3.68,2.68,,-1.51,-0.71,3.04,5.98,4.77,6.50,6.98,8.48,0.13,0.99,2.03,6.18,7.15,6.41,2.84,5.31,1.60,0.56,3.12,6.27,2.30,4.50,5.50,5.40,4.60,5.08,5.33,-0.38,-0.65,0.34,-0.67,1.42,1.10,5,-0.22,-0.80,1.54,-2,4.18,1.40,1.65,3.95,6.54,5.28,3.90,1.66,5.32,4.20,4.93,5.06,5.70,-2.05,-0.10,6.79,0.50,2.36,1.86,1.33,-0.08,0.04,-2.70,-0.95,-0.82,-1.10,0.43,-0.75,-0.24,-0.76,-0.19,0.60,-0.20,0.57,-1.13,0,-0.96,-0.66,-1.52,-1.10,-3.52,1.05,-0.36,2.02,1.03,0.40,-0.21,-0.20,-0.09,-1.23,1.80,-0.13,0.21,-0.40,-0.30,-0.45,-1.22,-0.51,-0.90,-0.76,-1.54,-0.95,-0.39,-0.56,0.30,0.03,0,-0.40,-1.30,,6.30,-2.80,8.70,5.20,0.70,,,,,,,1.30,2,,-0.30,4.50,-0.30,-0.27,,,,,,,,0.50,0.70,-0.30,-0.80,-1.10,,,,,-0.40,,-0.50,-0.80,1.90,1.30,0.90,,,-0.50,,,-0.90,,,0.50,-0.20,-0.20,0.70,0.10,-0.10,
2008-12-16 04:30,6.60,1.68,2.54,1.09,3.50,-1.35,-0.91,0.50,3.97,-1.33,6.22,3.53,2.37,6.41,5.84,4.28,2.05,1.04,-3.30,2.30,3.35,3.26,2.41,,-1.28,-0.82,3.09,6.06,5.18,6.50,6.48,8.39,0.42,1.25,1.93,6.23,7.29,6.31,2.78,5.02,1.40,0.65,2.88,6.52,2.10,4.76,5.50,5.19,4.49,5.08,4.92,-0.35,-0.54,0.36,-0.48,1.38,0.70,5.10,-0.38,-0.73,1.45,-1.90,4.02,1.35,1.33,4.05,6.60,5.12,4,1.65,5.24,4.21,4.18,5.21,5.71,-1.72,0.10,6.76,0.70,2.20,1.74,1.22,0.04,-0.07,-2.61,-1.03,-0.78,-1.10,0.51,-0.78,-0.07,-0.74,-0.25,0.60,0.12,0.79,-1.11,-0.10,-1.02,-0.71,-1.50,-1.11,-3.62,0.95,-0.50,2.05,1.01,0.40,-0.25,-0.03,-0.18,-1.28,1.75,-0.14,0.14,-0.35,-0.30,-0.46,-1.24,-0.45,-0.90,-0.79,-1.47,-0.99,-0.39,-0.52,0.20,0.08,0.10,-0.24,-1.20,,6.90,-2.80,8.70,5.20,0.50,,,,,,,1.40,1.90,,-0.40,4.90,-0.30,-0.18,,,,,,,,0.50,0.70,-0.40,-0.80,-1.20,,,,,-0.30,,-0.50,-0.80,1.90,1.30,0.90,,,-0.50,,,-1,,,0.50,-0.20,-0.20,0.70,0.10,-0.10,
2008-12-16 04:40,6.90,2.02,2.90,1.18,3.60,-1.09,-0.78,0.50,4.06,-1,6.14,3.61,2.46,6.59,5.95,3.95,2.14,1.23,-3.50,2.58,3.25,3.78,2.16,,-1.07,-0.65,3.24,6.11,5.23,6.50,6.58,8.31,0.47,0.92,1.77,6.15,7.27,6.22,2.93,4.54,1.60,0.62,3.05,6.54,2,4.50,5.60,5.25,4.34,5.21,4.52,-0.22,-0.58,0.24,-0.34,1.35,0.58,5.30,-0.43,-0.77,1.62,-1.90,4.13,1.11,1.28,4.15,6.51,5.18,3.80,1.71,5.20,4.26,4.23,5.22,5.76,-1.56,0.20,6.78,0.90,2.07,1.82,1.28,0.22,0.02,-2.40,-1.04,-0.73,-0.60,0.52,-0.99,-0.14,-0.86,-0.23,0.40,0.07,1.33,-1.09,-0.09,-1.09,-0.66,-1.52,-1.13,-3.65,1.12,-0.54,2.11,1.17,0.40,-0.11,-0.10,-0.10,-1.33,1.66,-0.07,0.07,-0.35,-0.40,-0.56,-1.01,-0.44,-0.90,-0.75,-1.39,-1,-0.51,-0.55,0.20,0.12,-0.02,-0.27,-1.20,,6.80,-2.70,8.80,5.30,1.10,,,,,,,1.40,1.90,,-0.30,5.10,-0.30,-0.27,,,,,,,,0.50,0.70,-0.40,-0.80,-1.20,,,,,-0.10,,-0.50,-0.80,1.90,1.30,0.90,,,-0.50,,,-1,,,0.50,-0.20,-0.20,0.60,0.20,-0.10,
2008-12-16 04:50,7,2.17,3.05,1.28,3.70,-1.03,-0.71,0.40,3.97,,6.08,3.45,2.38,6.60,6.01,4.06,2.31,1.23,-3.50,2.04,3.36,3.68,1.97,,-1.13,-0.63,3.15,6.05,5.23,6.50,6.90,8.39,0.63,0.90,1.10,5.99,7.19,6.13,3.12,4.50,1.70,0.78,3.24,6.49,1.50,4.22,5.70,5.39,4.12,5.22,4.09,-0.26,-0.59,0.14,-0.28,1.55,0.43,5.40,-0.38,-0.67,2,-1.80,4.20,0.81,1.84,4.08,6.47,5.12,3.60,1.75,5.36,4.25,4.22,5.23,5.80,-1.87,0.30,6.92,1,1.82,1.78,1.38,0.21,0.18,-2.33,-1.13,-0.55,-0.20,0.55,-1.09,-0.32,-0.89,-0.35,0.40,-0.07,0.54,-1.08,-0.09,-1.10,-0.71,-1.52,-1.16,-3.52,1.08,-0.54,2.46,1.17,0.40,-0.05,-0.07,-0.21,-1.31,1.65,-0.02,-0.08,-0.35,-0.30,-0.56,-1,-0.47,-0.80,-0.73,-1.52,-0.98,-0.50,-0.53,0.20,0.09,0.06,-0.46,-1.20,,5.90,-2.70,8.70,5,1.40,,,,,,,1.40,2,,-0.50,5.40,-0.30,-0.29,,,,,,,,0.60,0.70,-0.50,-0.80,-1.20,,,,,-0.10,,-0.50,-0.80,1.80,1.30,0.90,,,-0.50,,,-1,,,0.50,-0.20,-0.20,0.60,0.20,-0.10,
2008-12-16 05:00,7,2.14,2.99,1.31,3.80,-1.09,-0.79,0.60,4.08,-0.86,6.08,3.42,2.29,6.77,6,4.03,2.35,1.36,-3.50,2.49,3.61,3.72,1.99,,-1.21,-0.75,2.53,6.06,5.26,6.60,6.60,8.28,0.74,0.64,1.10,5.66,7.25,6.14,3.11,5.75,1.80,0.83,3.33,6.27,1.20,4.41,5.60,5.50,4.09,5.19,3.71,-0.23,-0.58,0.27,-0.07,1.73,0.79,5.50,-0.31,-0.63,3.45,-1.80,4.14,0.80,2.54,4.04,6.43,5.10,3.60,1.73,5.41,4.16,3.91,5.41,5.67,-1.95,0.30,6.93,1,1.96,1.83,1.33,0.23,-0.21,-2.06,-0.97,-0.51,0,0.62,-1.01,-0.34,-0.99,-0.41,0.40,0.04,0.24,-1.08,-0.06,-1.13,-0.75,-1.49,-1.12,-3.40,0.98,-0.38,2.61,1.12,0.40,-0.15,-0.07,-0.05,-1.27,1.65,-0.03,0,-0.29,-0.30,-0.46,-1.07,-0.62,-0.90,-0.73,-1.42,-1.28,-0.39,-0.58,0.30,0.07,-0.07,-0.32,-1.20,4.20,5.90,-2.70,8.60,5,1.80,-0.80,5.80,-2.20,6,-0.90,1.10,1.30,2.10,-1.70,-0.70,5.40,-0.30,-0.30,-1.20,0.20,1.70,-0.50,0.80,1.20,0.90,0.60,0.70,-0.60,-0.70,-1.20,1.80,-0.40,0.40,0.20,0.10,0.20,-0.50,-0.90,1.80,1.30,0.90,-0.40,0.40,-0.50,-0.40,-0.10,-1,,0.70,0.50,-0.20,-0.20,0.60,0.20,-0.10,-1.60
2008-12-16 05:10,7.30,2.12,3.14,1.42,3.90,-1.35,-1,0.70,4.12,-0.83,6.09,3.07,2.31,6.99,6.03,4.28,2.47,1.38,-3.20,2.30,3.75,4.03,2.03,,-1.07,-0.64,3.19,5.90,5.19,6.40,6.80,8.20,0.69,0.63,1.22,5.83,7.23,5.90,2.99,5.82,1.80,0.73,3.38,6.34,1.20,4.54,5.80,5.73,4.03,5.04,3.63,-0.21,-0.60,0.39,0.22,1.68,0.67,5.70,-0.33,-0.57,4.78,-1.70,4.14,0.67,2.82,4,6.27,5.19,3.70,1.73,5.32,4.09,3.52,5.68,5.71,-1.75,0.40,7.07,1.08,1.60,1.67,1.20,0.33,0.04,-1.83,-0.83,-0.44,0.20,0.58,-0.99,-0.49,-0.97,-0.53,0.30,0.01,0.33,-1,-0.03,-1,-0.80,-1.44,-1.08,-3.20,1.08,-0.43,2.53,1.24,0.50,-0.15,-0.12,-0.05,-1.35,1.68,-0.12,-0.03,-0.21,-0.30,-0.47,-1.05,-0.32,-0.80,-0.67,-1.39,-1.11,-0.39,-0.58,0.20,0.12,0.17,-0.40,-1.20,,6.10,-2.60,8.80,5.20,1.90,,,,,,,1.40,2.10,,-0.70,5.50,-0.40,-0.17,,,,,,,,0.60,0.70,-0.60,-0.70,-1.20,,,,,0,,-0.50,-0.90,1.80,1.30,0.90,,,-0.50,,,-1.10,,,0.50,-0.20,-0.20,0.60,0.20,0,
2008-12-16 05:20,7.60,2.26,3.16,1.59,3.70,-1.27,-1.09,0.90,4.20,-0.78,6.12,3.14,2.31,7.20,6.07,4.26,2.44,1.22,-3.10,2.35,3.80,3.83,1.81,,-0.93,-0.43,3.91,5.97,5.20,6.20,6.62,8.45,0.65,0.51,1.33,5.66,7.12,5.83,2.49,5.42,1.80,0.85,3.40,6.35,1.20,4.57,5.80,5.67,3.85,5.09,3.46,-0.21,-0.54,0.48,0.21,1.56,0.71,5.50,-0.33,-0.56,5.35,-1.70,4.04,0.61,2.66,3.97,6.25,5.01,3.50,1.61,5.25,4.05,3.32,5.56,5.66,-1.58,0.50,7.05,1.20,1.73,1.43,1.40,0.42,0.24,-1.50,-0.71,-0.44,0.40,0.60,-0.86,-0.42,-1.16,-0.50,0.30,-0.02,0.47,-1.04,-0.07,-0.99,-0.79,-1.50,-1.08,-2.85,0.71,-0.59,2.22,1.23,0.40,-0.16,-0.21,-0.11,-1.24,1.68,-0.08,-0.16,-0.28,-0.30,-0.47,-1.10,-0.45,-0.80,-0.74,-1.49,-1.33,-0.51,-0.55,0.20,0.06,0.02,-0.27,-1.20,,5.80,-2.50,8.70,5.10,2.10,,,,,,,1.50,2.10,,-0.80,5.50,-0.50,-0.23,,,,,,,,0.70,0.60,-0.60,-0.70,-1.20,,,,,0.10,,-0.50,-0.90,1.80,1.30,0.90,,,-0.50,,,-1,,,0.50,-0.20,-0.20,0.60,0.20,0,
2008-12-16 05:30,7.70,2.34,3.32,1.75,3.80,-1.11,-1.04,1,4.34,-0.81,6.31,3.30,2.36,7.21,6.19,4.15,2.60,1.10,-2.80,2.35,3.92,4.56,1.78,,-0.81,-0.58,4.66,5.89,4.76,6.20,6.33,8.26,0.55,0.40,1.38,5.69,7.13,5.89,2.55,5.21,1.90,0.78,3.31,6.64,1.20,4.63,5.80,5.80,3.78,5.14,3.36,-0.18,-0.40,0.55,0.11,1.48,0.93,5.50,-0.35,-0.62,5.59,-1.70,4.16,0.89,2.58,4.40,6.29,4.98,3.50,1.64,5.18,3.96,3.43,5.39,5.71,-1.11,0.70,7.05,1,1.59,1.39,1.80,0.22,0.45,-1.50,-0.56,-0.44,0.40,0.69,-0.80,-0.64,-1.34,-0.48,0.30,0.14,0.52,-1.06,-0.09,-0.98,-0.80,-1.39,-1.14,-2.59,0.37,-0.73,2.08,1.24,0.50,-0.35,-0.27,-0.17,-1.42,1.70,-0.04,-0.17,-0.22,-0.30,-0.43,-1.14,-0.47,-0.80,-0.68,-1.45,-1.33,-0.51,-0.54,0.20,0.06,0.09,-0.23,-1.20,,5.20,-2.50,8.70,4.90,1.80,,,,,,,1.60,2.10,,-0.80,5.50,-0.50,-0.16,,,,,,,,0.70,0.60,-0.50,-0.70,-1.20,,,,,0.10,,-0.50,-0.90,1.80,1.30,0.90,,,-0.50,,,-1,,,0.50,-0.20,-0.20,0.70,0.20,0,
2008-12-16 05:40,7.70,2.61,3.25,1.97,3.90,-1.07,-0.88,1.20,4.30,-0.93,6.45,3.64,2.36,7.22,6.17,4.17,2.71,1.13,-2.60,2.21,3.91,4.78,1.75,,-0.69,-0.81,4.44,5.72,4.97,6.20,6.21,8.09,0.61,0.23,1.33,5.58,6.88,5.88,2.60,5.20,1.90,0.68,3.27,6.49,1.10,4.69,5.70,5.87,4.14,5.04,3.35,-0.21,-0.69,0.49,-0.11,1.60,0.77,5.50,-0.19,-0.52,5.67,-1.60,4.08,0.83,2.69,4.39,6.28,5.02,3.50,1.79,5.32,3.92,3.53,5.51,5.55,-1.14,0.70,7.17,0.90,1.69,1.29,1.90,0.17,0.57,-1.20,-0.74,-0.31,0.40,0.79,-0.79,-0.75,-1.32,-0.55,0.20,0.21,0.48,-1.08,-0.07,-0.97,-0.79,-1.44,-1.12,-2.43,0.07,-0.92,2.06,1.23,0.50,-0.16,-0.37,-0.20,-1.34,1.69,-0.02,-0.10,-0.20,-0.30,-0.46,-1.11,-0.34,-0.80,-0.67,-1.45,-1.07,-0.48,-0.54,0.20,0,0.21,-0.24,-1.20,,4.50,-2.50,8.70,4.60,1.90,,,,,,,1.60,2.20,,-0.90,5.40,-0.50,-0.16,,,,,,,,0.80,0.60,-0.30,-0.70,-1.20,,,,,0.20,,-0.50,-0.90,1.80,1.30,0.90,,,-0.50,,,-1,,,0.50,-0.30,-0.20,0.70,0.30,0,
2008-12-16 05:50,7.90,2.77,3.64,2.51,4.10,-0.96,-0.92,1.30,4.41,-0.95,6.36,4.02,2.37,7.17,6.12,4.29,2.77,1.26,-2.50,2.23,3.81,4.86,1.78,,-0.54,-0.82,4.95,5.81,5.51,6.30,5.86,8.13,0.64,0.50,1.28,5.50,6.98,5.77,2.73,5.37,1.80,0.75,3.24,6.82,1.10,4.69,5.70,5.81,3.91,5.02,3.31,-0.44,-0.89,0.43,-0.28,1.64,0.69,5.40,-0.18,-0.49,5.57,-1.60,4.08,0.58,2.65,4.02,6.25,5.01,3.60,1.73,5.34,3.72,3.44,5.40,5.58,-0.97,0.70,7.20,0.80,1.80,1.41,2,0.10,0.86,-1.34,-0.65,-0.26,0.40,0.84,-0.65,-0.31,-1.16,-0.49,0.30,0.11,0.32,-1.08,-0.01,-1.07,-0.78,-1.50,-1.04,-2.48,0.10,-0.91,1.97,1.27,0.50,-0.19,-0.42,-0.21,-1.31,1.56,-0.12,-0.09,-0.20,-0.40,-0.58,-1.04,-0.42,-0.80,-0.74,-1.42,-1.06,-0.54,-0.47,0.30,0.10,0,-0.33,-1.20,,4.40,-2.40,8.80,4.70,2,,,,,,,1.60,2,,-0.80,5.40,-0.50,-0.17,,,,,,,,0.80,0.70,-0.20,-0.70,-1.30,,,,,0.20,,-0.50,-0.90,1.80,1.40,0.90,,,-0.50,,,-1,,,0.50,-0.30,-0.10,0.70,0.30,0,
2008-12-16 06:00,8,3,3.63,4,4,-1.24,-0.91,1.30,4.46,-0.92,6.45,3.93,2.42,7,5.93,5,3,1.38,-1,2.40,4,5.05,1.75,5,-1,-1,5.17,5.90,5,7,6,8,0.88,1,1.19,5,7,6,3,6,2,0,3,7,1,4.64,6,5.86,4,4.97,4,0,-0.84,0.45,-0.35,2,1,5,0,-0.49,4.95,-1,4.05,0.37,2,4.06,6.19,5.02,3.50,1.75,5.25,3.73,3.33,5.45,5.58,-0.60,0.70,7.23,1,1,1,2,0.06,1,-1.43,-0.74,-1,0.60,0.80,-0.34,-0.36,-1.13,0,0.30,0,0.35,-1.07,-0.10,-1.02,-0.81,-1.45,-1.08,-2.13,0.09,-0.94,2,1.19,0.50,-0.05,-0.34,-0.20,-1.41,1.57,-0.11,-0.13,-0.22,-0.30,-0.49,-1.02,-0.49,-0.70,-0.77,-1.45,-1.18,-0.48,-0.40,0,0.05,0.50,-0.27,-1.20,4,4,-2,8.80,4.60,2.50,-0.80,4,-2,6,0,2.40,1,2,-1.20,-0.60,5.60,-0.50,-0.30,-1.10,1.30,2,1,1,0.70,1,0.80,0.80,-0.10,-0.70,-1.20,1.90,-0.30,1,0.50,0.30,0.20,-0.50,-0.90,1.80,1.40,1,,0.40,-0.40,-0.30,-0.20,-1.10,1.20,0.70,0.50,-0.20,-0.10,0.80,0.30,0,-1.50
2008-12-16 06:10,7.90,2.73,3.87,3.67,4.10,-1.06,-0.90,1.40,4.53,-0.83,6.52,3.60,2.49,6.99,5.77,4.59,2.74,1.39,-2,2.17,3.73,5.13,1.70,,-0.16,-0.59,5.87,5.95,5.39,6.60,5.34,7.95,0.79,0.38,2.67,5.42,6.58,5.43,2.89,5.71,2,1.01,3.18,6.85,1.10,4.75,5.60,5.95,4.46,4.93,3.87,-0.34,-0.45,0.76,-0.29,1.86,0.92,5.40,-0.20,-0.41,4.42,-1.40,3.99,0.65,2,4.25,6.22,4.98,3.40,1.64,5.09,3.64,3.08,5.47,5.57,-0.32,0.70,7.21,0.77,1.74,1.61,2.10,0.01,0.91,-1.38,-0.91,-0.19,0.60,0.93,-0.44,-0.53,-0.80,-0.32,0.40,-0.07,0.36,-1.09,-0.03,-0.99,-0.77,-1.46,-1.14,-2.13,-0.01,-1.09,1.88,1.15,0.50,0.09,-0.41,-0.08,-1.43,1.58,-0.05,-0.20,-0.24,-0.30,-0.43,-1.02,-0.45,-0.70,-0.68,-1.51,-1.12,-0.44,-0.55,0.20,0.13,0.12,-0.29,-1.10,,4.10,-2.40,8.80,4.60,1.80,,,,,,,1.50,1.90,,-0.60,5.90,-0.60,-0.25,,,,,,,,0.80,0.70,-0.10,-0.70,-1.20,,,,,0.30,,-0.50,-0.90,1.80,1.40,,,,-0.40,,,-1.10,,,0.50,-0.20,-0.10,0.80,0.20,0.10,
2008-12-16 06:20,7.90,2.70,3.98,3.83,4.30,-0.92,-0.86,1.40,4.48,-0.86,6.49,4,2.56,7.04,5.75,4.59,3,1.74,-2,2.29,3.56,5.06,1.80,,-0.01,-0.41,6.28,5.89,5.36,6.70,5.47,8.03,0.86,0.42,5.02,5.41,6.70,5.41,2.61,5.54,2.10,0.90,3.20,6.67,1,4.88,5.50,5.96,4.27,4.94,4.12,-0.35,-0.03,0.93,0,2.14,0.51,5.20,-0.11,-0.32,4.08,-0.80,4.05,0.70,1.81,4.34,6.17,4.97,3.20,1.65,5.07,3.58,2.97,5.40,5.55,-0.34,0.90,7.28,0.79,2.19,1.72,2.10,-0.04,1.14,-1.36,-1.17,-0.23,0.60,0.83,-0.31,-0.53,-0.71,-0.32,0.40,-0.18,0.48,-1.13,0.07,-0.91,-0.75,-1.39,-1.12,-2,0.10,-0.89,1.64,1.19,0.50,-0.08,-0.56,-0.21,-1.40,1.56,0.02,-0.06,-0.21,-0.30,-0.46,-1.03,-0.45,-0.80,-0.71,-1.40,-1.03,-0.43,-0.51,0.20,0.15,0.25,-0.42,-1.10,,3.80,-2.30,8.80,4.40,2.10,,,,,,,1.50,1.90,,-0.60,6.10,-0.60,-0.31,,,,,,,,0.80,0.70,0,-0.70,-1.20,,,,,0.30,,-0.50,-0.90,1.80,1.40,1,,,-0.40,,,-1.10,,,0.50,-0.20,-0.10,0.80,0.20,0.10,
2008-12-16 06:30,7.90,3.19,4.08,4.01,4.40,-0.88,-0.89,1.50,4.23,-0.84,6.53,4.56,2.48,6.88,5.90,4.60,2.43,1.71,-2,2.23,3.64,5.07,1.70,,-0.02,-0.39,6.13,5.89,5.34,6.70,5.25,7.99,0.96,0.36,5.34,5.36,6.76,5.45,2.45,5.49,2.20,0.90,3.39,6.45,0.90,4.91,5.50,5.93,4.18,4.85,4.22,-0.28,-0.29,1.15,0.57,1.99,0.65,5.30,-0.19,-0.33,3.89,-0.70,4.07,0.80,1.66,4.31,6.28,4.94,3.10,1.68,4.96,3.61,2.86,5.37,5.49,-0.15,0.90,7.42,0.89,2.34,1.73,2.10,-0.05,1.06,-1.29,-1.20,-0.14,0.60,0.80,-0.26,-0.56,-0.57,-0.26,0.70,-0.08,0.65,-1.13,0.15,-1.02,-0.79,-1.35,-1.14,-1.70,0.25,-0.70,1.36,1.16,0.50,-0.10,-0.66,-0.15,-1.36,1.58,-0.04,0,-0.23,-0.40,-0.55,-1.01,-0.44,-0.80,-0.91,-1.35,-1.11,-0.41,-0.60,0.30,0.12,0.23,-0.24,-1.10,,3.40,-2.40,8.70,4.30,2.50,,,,,,,1.40,2,,-0.50,6.10,-0.60,-0.28,,,,,,,,0.80,0.80,-0.10,-0.70,-1.30,,,,,0.30,,-0.50,-0.90,1.80,1.40,1,,,-0.40,,,-1.10,,,0.50,-0.30,-0.10,0.70,0.20,0.10,
2008-12-16 06:40,7.90,3.21,4.09,4.30,4.30,-0.77,-0.87,1.60,4.07,-0.81,6.69,4.85,2.42,7.16,6.06,4.79,2.35,1.70,-1.90,2.10,3.65,4.80,1.57,,-0.28,-0.33,5.91,6.11,5.51,6.80,5.25,8.02,1.04,0.90,5.36,5.33,6.70,5.40,2.48,6.02,2.10,0.93,3.16,6.46,0.90,4.78,5.40,5.97,4.08,4.83,4.19,-0.14,-0.58,1.38,0.85,2.11,0.58,5.10,-0.17,-0.28,3.73,-0.50,3.96,0.86,1.51,3.90,6.34,5.09,3.20,1.70,4.83,3.51,2.79,5.30,5.47,-0.07,0.90,7.30,1.10,2.27,1.64,2.30,-0.22,1.29,-1.15,-1.24,-0.06,0.70,0.80,-0.11,-0.43,-0.54,-0.30,0.90,-0.02,0.60,-1.09,0.05,-1,-0.73,-1.38,-1.10,-1.48,0.13,-0.54,1.39,1,0.50,-0.04,-0.74,-0.06,-1.32,1.57,-0.01,-0.10,-0.23,-0.30,-0.44,-0.96,-0.31,-0.70,-0.93,-1.43,-1.30,-0.39,-0.54,0.30,0.15,0.26,-0.40,-1.10,,3.50,-2.40,8.70,4.70,2.60,,,,,,,1.40,2,,-0.40,6,-0.60,-0.38,,,,,,,,0.90,0.80,-0.40,-0.70,-1.30,,,,,0.30,,-0.50,-0.90,1.70,1.40,1,,,-0.40,,,-1.10,,,0.50,-0.20,-0.10,0.80,0.20,0.10,
2008-12-16 06:50,7.80,3.11,4.17,4.42,4.20,-0.71,-0.86,1.70,4.19,-0.76,6.92,4.44,2.53,7.32,6.12,4.66,2.37,1.44,-1.70,1.81,3.47,4.83,1.52,,-0.28,-0.30,5.98,6.25,5.48,6.80,5.19,8.05,0.92,2.22,5.44,5.36,6.72,5.47,2.40,5.98,2.10,0.95,2.85,6.51,1,4.15,5.60,6.07,4.01,4.82,4.07,-0.19,-0.50,1.69,1.01,1.95,0.48,5.20,-0.16,-0.18,3.50,-0.40,3.90,0.88,1.29,3.81,6.37,5.22,3.20,1.68,5.04,3.57,2.77,5.26,5.51,-0.03,1.10,7.30,1.10,2.17,1.31,2.50,-0.21,1.39,-1.09,-1.30,0,0.70,0.84,-0.10,-0.38,-0.45,-0.21,1,-0.01,0.70,-1.13,0.02,-0.86,-0.76,-1.33,-1.05,-1.58,0.30,-0.50,1.52,0.96,0.50,0,-0.81,-0.12,-1.35,1.54,0.11,-0.11,-0.17,-0.30,-0.45,-0.95,-0.46,-0.70,-0.90,-1.44,-1.29,-0.43,-0.54,0.30,0.11,0.13,-0.16,-1.10,,4.10,-2.40,8.80,4.70,2.30,,,,,,,1.60,2.20,,-0.70,6.10,-0.60,-0.29,,,,,,,,0.90,0.80,-0.60,-0.80,-1.40,,,,,0.30,,-0.50,-0.90,1.70,1.40,1,,,-0.40,,,-1.10,,,0.50,-0.20,-0.10,0.80,0.20,0.20,
2008-12-16 07:00,7.90,3.16,4.22,5.25,4.20,-0.76,-0.71,1.70,4.32,-0.73,6.97,4.11,2.79,7.47,6.03,4.60,2.15,1.38,-1.50,1.66,3.57,4.88,1.54,,-0.30,-0.31,6.53,6.20,5.50,6.70,5.04,7.98,0.99,3.27,5.43,5.41,6.71,5.52,2.34,6,2.10,0.81,3.35,6.52,0.90,4.29,5.60,6.04,3.97,4.84,4.06,-0.24,-0.37,1.58,0.85,1.92,0.66,5,-0.10,-0.12,3.30,-0.40,3.78,1.06,1.07,3.53,6.41,5.13,3.10,1.73,4.91,3.75,2.68,5.15,5.59,0.13,1,7.28,1.20,2.40,1.25,3.20,-0.14,1.33,-1.02,-1.31,0.21,0.70,0.90,-0.06,-0.23,-0.48,-0.16,1.10,0.06,0.79,-1.12,0.02,-0.82,-0.71,-1.37,-0.97,-1.37,0.34,-0.48,1.54,1.02,0.50,-0.11,-0.90,0.04,-1.34,1.60,0.07,-0.24,-0.20,-0.20,-0.33,-0.88,-0.31,-0.70,-0.83,-1.40,-1.13,-0.51,-0.52,0.30,0.17,0.37,-0.13,-1,6.90,3.80,-2.30,8.90,5.20,2.70,-0.70,4.40,-2.30,6,0.20,1.80,1.60,2.50,-0.60,-0.60,6,-0.60,-0.30,-1,1.40,1.80,1.40,1.30,0.60,1.70,0.90,0.90,-0.70,-0.80,-1.40,2,-0.20,1,-0.10,0.30,-0.40,-0.50,-0.90,1.70,1.40,1,-0.30,0.50,-0.40,-0.20,-0.10,-1.10,1.20,0.80,0.60,-0.20,-0.10,0.80,0.20,0.20,-1.40
2008-12-16 07:10,7.90,3.22,4.37,6.42,4.30,-0.79,-0.58,1.90,4.37,-0.63,6.94,4.60,2.87,7.69,6.14,4.63,2.09,1.41,-1.20,1.83,3.75,4.72,1.50,,-0.28,-0.38,6.76,6.04,5.68,6.60,5.37,7.91,1.21,4.05,5.42,5.28,6.69,5.50,2.32,5.97,2.10,0.92,3.26,6.60,1,4.74,5.80,6.19,3.86,4.82,4.14,-0.14,-0.27,1.84,0.85,2.01,0.53,5.20,-0.04,-0.14,3.43,-0.30,3.86,0.95,1.11,3.36,6.40,5.08,3.10,1.83,4.98,3.67,2.69,5.13,5.63,0.19,1.20,7.20,1.60,2.42,1.42,4,-0.08,1.32,-0.75,-1.11,0.34,0.70,0.85,0.11,-0.43,-0.48,-0.22,1.10,0,0.81,-1.11,0.10,-0.90,-0.68,-1.37,-0.92,-1.18,0.56,-0.29,1.66,1.06,0.50,-0.06,-0.97,0.05,-1.37,1.45,0.18,-0.16,-0.08,-0.20,-0.22,-0.87,-0.36,-0.70,-0.86,-1.28,-1.23,-0.62,-0.50,0.30,0.14,0.02,-0.14,-1,,3.30,-2.20,8.80,4.70,3.10,,,,,,,1.70,2.60,,-0.60,6.10,-0.60,-0.22,,,,,,,,0.90,1.10,-0.80,-0.80,-1.40,,,,,0.30,,-0.40,-0.90,1.70,1.40,1,,,-0.40,,,-1.10,,,0.50,-0.20,-0.10,0.80,0.30,0.20,
2008-12-16 07:20,8,3.67,4.39,6.95,4.30,-0.82,-0.47,2,4.31,-0.55,6.90,4.81,2.95,7.75,6.22,4.92,2.23,1.59,-1.10,1.83,3.73,4.52,1.47,,-0.20,-0.30,6.67,6.02,5.85,6.60,5.66,7.84,1.17,4.36,5.48,5.43,6.73,5.50,2.28,6.02,2.30,1.05,3.49,6.62,1.10,5.10,5.80,6.40,3.91,4.77,4.16,-0.01,-0.40,2.51,1.08,2.42,0.86,5.20,-0.05,-0.17,3.88,-0.20,3.89,0.84,1.19,3.26,6.31,5.14,3.40,1.80,5.28,3.65,2.73,5.08,5.49,0.16,1.20,7.31,1.60,2.57,1.29,4.40,-0.07,1.44,-0.72,-0.94,0.47,0.70,0.77,0.17,-0.34,-0.40,-0.23,1.10,0.11,0.74,-1.12,0.03,-0.91,-0.65,-1.39,-0.95,-1.16,0.53,-0.13,1.95,1.17,0.50,-0.05,-1,-0.08,-1.30,1.40,0.11,-0.32,-0.09,-0.30,-0.34,-0.81,-0.35,-0.70,-0.86,-1.45,-1.05,-0.36,-0.53,0.40,0.32,-0.03,-0.19,-0.90,,3.40,-2.20,8.70,4.70,3.40,,,,,,,1.70,2.70,,-0.40,6.30,-0.60,-0.25,,,,,,,,0.90,1.10,-0.70,-0.70,-1.40,,,,,0.30,,-0.40,-0.90,1.70,1.40,1.10,,,-0.40,,,-1.10,,,0.50,-0.20,-0.10,0.90,0.30,0.20,
2008-12-16 07:30,8.10,4.02,4.72,7.20,4.30,-0.83,-0.32,2.10,4.26,-0.46,6.97,4.53,3.10,7.82,6.42,5.13,2.26,1.59,-0.90,2.09,3.65,4.76,1.46,,-0.27,-0.11,6.31,5.99,5.90,6.70,5.82,7.89,1.28,4.57,5.47,5.45,6.73,5.51,2.39,6.02,2.30,0.87,3.44,6.57,1.30,5.38,5.80,6.56,4.22,4.88,4.32,0.02,-0.09,2.77,1.17,2.45,0.80,5.70,-0.05,-0.07,4,-0.10,3.88,0.87,1.48,3.21,6.09,5.15,3.40,1.75,5.19,3.71,2.81,5.08,5.50,0.28,1.30,7.46,1.70,2.69,1.36,4.10,0,1.66,-0.41,-0.82,0.65,0.80,0.82,-0.01,-0.19,-0.27,-0.24,1.20,0.34,0.68,-1.06,0.11,-0.87,-0.64,-1.40,-0.88,-1.07,0.56,-0.18,2.07,1.20,0.50,0.12,-0.96,-0.06,-1.31,1.53,0.16,-0.38,-0.13,-0.20,-0.31,-0.80,-0.50,-0.60,-0.83,-1.40,-1,-0.48,-0.57,0.40,0.31,-0.01,-0.15,-0.90,,3.50,-2.10,8.80,5.10,3.20,,,,,,,1.90,2.80,,-0.40,6.40,-0.60,-0.11,,,,,,,,1,1.10,-0.50,-0.70,-1.40,,,,,0.40,,-0.40,-0.80,1.70,1.50,1.10,,,-0.40,,,-1.10,,,0.60,-0.20,-0.10,0.90,0.40,0.20,
2008-12-16 07:40,8.10,4.98,5.27,7.41,4.40,-0.65,-0.12,2.10,4.37,-0.23,6.83,4.13,3.29,7.99,6.51,5.19,2.33,1.42,-0.80,2,3.68,4.32,1.54,,-0.17,-0.21,6.34,6.01,5.91,6.70,6.68,8.03,1.31,4.69,5.42,5.48,6.89,5.61,2.48,6.08,2,0.93,3.50,6.87,1.30,5.48,5.80,6.55,4.35,5.05,4.50,0.21,0.09,3.40,1.55,2.37,1.33,6.10,0.13,0.10,4.03,0,4.06,0.75,1.49,3.19,6.26,5.17,3.40,1.79,5.17,3.62,2.86,5.05,5.47,0.38,1.30,7.44,1.60,2.89,1.31,3.80,0.20,1.88,-0.15,-0.64,0.62,0.80,0.86,0.01,0,-0.21,-0.15,1.30,0.42,0.73,-1,0.07,-0.79,-0.61,-1.32,-0.85,-1.03,0.71,-0.32,2.20,1.36,0.50,0.29,-0.82,0.07,-1.24,1.64,0.09,-0.40,-0.09,-0.20,-0.31,-0.84,-0.46,-0.60,-0.81,-1.38,-0.96,-0.32,-0.51,0.40,0.35,0.25,-0.08,-0.90,,3.60,-2.10,8.90,5.40,3.10,,,,,,,2.20,2.90,,-0.30,6.60,-0.50,-0.02,,,,,,,,1,1,-0.40,-0.60,-1.30,,,,,0.40,,-0.40,-0.80,1.70,1.50,1.10,,,-0.40,,,-1.10,,,0.60,-0.20,-0.10,0.90,0.40,0.30,
2008-12-16 07:50,8.30,5.86,5.40,7.51,4.60,-0.62,0.09,2.20,4.53,-0.05,6.77,3.86,3.69,8.04,6.60,5.30,2.36,1.34,-0.60,1.97,3.72,3.43,1.68,,-0.02,-0.25,6.04,5.99,5.97,6.70,7.40,8.07,1.52,4.77,5.37,5.49,7.11,5.67,2.56,5.99,1.90,0.92,3.59,6.70,1.50,5.67,5.70,6.42,4.64,5.10,4.74,0.38,0.19,3.82,2.02,2.56,1.79,6.20,0.41,0.31,4.37,0.30,4.21,0.77,1.42,3.19,6.32,5.22,3.50,1.75,5.25,3.56,2.98,4.91,5.46,0.46,1.40,7.44,1.60,2.97,1.45,3.80,0.48,2.07,0.14,-0.40,0.52,0.80,0.89,-0.05,0.02,-0.05,0,1.40,0.45,0.72,-1.01,0.12,-0.78,-0.52,-1.26,-0.72,-0.96,0.79,-0.36,2.66,1.48,0.50,0.44,-0.88,0.09,-1.21,1.60,0.11,-0.66,-0.07,-0.20,-0.17,-0.80,-0.41,-0.60,-0.84,-1.41,-0.93,-0.32,-0.45,0.40,0.39,0.41,-0.02,-0.80,,3.50,-2.20,9,5.90,3.90,,,,,,,2.30,2.90,,-0.20,6.80,-0.50,0.06,,,,,,,,1.10,0.90,-0.40,-0.60,-1.30,,,,,0.50,,-0.40,-0.80,1.70,1.50,,,,-0.40,,,-1,,,0.60,-0.10,-0.10,1,0.50,0.30,
2008-12-16 08:00,8.30,7.88,5.45,7.66,4.70,-0.45,0.20,2.40,4.46,0.19,6.63,3.60,3.79,8.22,6.82,5.52,2.53,1.32,-0.40,2.17,3.81,3.68,1.83,,0.16,-0.13,6.33,6,6.02,6.70,7.52,8.10,1.56,4.74,5.46,5.52,7.01,5.69,2.68,6.14,1.70,0.83,3.52,6.88,1.60,5.84,5.70,6.40,4.80,5.08,4.97,0.53,0.32,3.18,2.19,2.84,2.19,6.30,1.43,0.53,4.72,0.50,4.20,0.69,1.51,3.12,6.34,5.26,3.50,1.77,5.23,3.59,3.01,4.99,5.42,0.54,1.60,7.41,1.90,2.94,1.57,3.80,0.67,2.07,0.43,-0.19,0.67,0.80,0.94,-0.08,0.10,0.13,0.12,1.50,0.61,1.04,-0.95,0.22,-0.78,-0.52,-1.32,-0.69,-0.85,0.82,-0.16,3.06,1.65,0.60,0.48,-0.62,0.21,-1.25,1.68,0.17,-0.76,-0.04,-0.10,-0.06,-0.81,-0.26,-0.60,-0.76,-1.37,-0.96,-0.33,-0.42,0.60,0.40,0.41,0,-0.80,7.60,3.70,-2.20,9,5.60,4.30,,6,-2.60,6,2.10,2.10,2.40,3,0.50,0.30,6.80,-0.30,0.10,,1.90,1.70,1.80,1.80,1.10,2.20,1.20,0.90,-0.40,-0.50,-1.20,1.70,0,1.10,0.10,0.60,-0.10,-0.30,-0.80,1.70,1.50,1.20,-0.20,0.70,-0.30,-0.10,0.20,-1,1.40,1,0.60,-0.10,0,1,0.50,0.30,-1.30
2008-12-16 08:10,8.50,8.54,5.60,7.67,4.80,-0.54,0.14,2.60,4.56,0.34,6.68,3.77,3.90,8.31,6.83,5.64,2.63,1.24,-0.40,2.28,3.92,3.58,2.14,,0.29,0.09,6.59,6.03,6.11,6.70,7.39,8.15,1.64,4.80,5.48,5.53,7.28,5.75,2.60,6.36,1.70,0.86,3.40,6.92,1.80,6.06,5.80,6.37,4.93,5.04,5.15,0.64,0.11,3.14,2.32,3.23,3.06,6.20,1.77,0.88,5.19,0.80,4.24,0.60,1.76,2.99,6.35,5.20,3.60,1.80,5.19,3.53,3.55,4.93,5.34,0.38,2.10,7.42,2,3.06,1.64,4,0.98,2.33,0.91,-0.22,0.89,0.90,1.04,0.16,0.18,0.24,0.24,1.50,0.65,1.03,-0.84,0.33,-0.67,-0.53,-1.36,-0.74,-0.74,0.99,0.07,3.42,1.91,0.70,0.39,-0.52,0.34,-1.25,1.66,0.25,-0.78,0.04,0,-0.06,-0.77,-0.14,-0.60,-0.89,-1.34,-1.07,-0.30,-0.47,0.60,0.50,0.46,-0.05,-0.80,,3.80,-2.10,9,5.70,5,,,,,,,2.50,3.20,,0.30,6.90,0,0.28,,,,,,,,1.20,1.10,-0.30,-0.40,-1.20,,,,,0.60,,-0.30,-0.80,1.70,1.50,1.20,,,-0.30,,,-1,,,0.60,-0.10,0,1,0.50,0.40,
2008-12-16 08:20,8.60,8.84,5.98,7.66,5,-0.43,0.30,2.60,4.70,1.52,6.82,3.81,3.88,8.17,6.80,5.79,2.76,1.30,-0.20,2.56,3.85,4,2.52,,0.26,0.11,6.68,6.09,6.24,6.60,7.20,8.23,1.58,4.87,5.60,5.53,7.15,5.78,2.39,6.42,1.70,0.89,3.43,7.05,1.90,6.36,5.80,6.42,5.38,4.91,5.37,0.62,0.36,3.32,2.66,3.51,3.96,6.20,2.11,1.33,5.24,1.60,4.16,0.67,2.03,2.84,6.31,5.31,3.70,1.84,5.15,3.66,3.86,4.85,5.34,0.43,2.40,7.42,2.10,3.40,1.76,4.20,1.21,2.81,1.41,0.04,0.88,1,1.13,0.18,0.22,0.41,0.31,1.70,0.88,1.01,-0.77,0.31,-0.69,-0.43,-1.35,-0.68,-0.67,1.48,0.20,3.79,2.09,0.70,0.46,-0.38,0.43,-1.23,1.64,0.26,-0.77,0.15,0,-0.06,-0.72,-0.11,-0.50,-0.67,-1.24,-1.25,-0.26,-0.34,0.50,0.58,0.57,0.12,-0.70,,3.70,-2.10,9,5.80,4.80,,,,,,,2.70,3.20,,0.50,7,0.10,0.27,,,,,,,,1.30,1.50,-0.10,-0.40,-1.20,,,,,0.60,,-0.20,-0.80,1.70,1.50,1.20,,,-0.30,,,-1,,,0.70,0,0,1,0.60,0.40,
2008-12-16 08:30,8.60,8.81,6.23,7.98,5.10,-0.11,0.44,2.80,4.73,3.83,6.94,4.41,3.99,8.36,6.97,5.71,2.67,1.54,0.10,2.69,3.86,4.32,2.57,,0.25,0.08,6.90,6.11,6.41,6.50,7.15,8.33,1.36,4.96,5.71,5.66,7.27,5.70,2.48,6.32,1.60,1.01,3.59,7.23,2.10,6.45,5.80,6.55,6.10,4.99,5.55,0.64,0.54,3.57,2.80,3.99,5.17,6.20,2.88,1.87,5.45,3.10,4.23,0.73,2.34,2.80,6.25,5.32,3.50,1.75,5.30,3.67,3.65,4.79,5.41,0.73,2.50,7.34,2.30,3.59,2,4.30,1.46,2.99,1.85,0.23,1.12,1.20,1.14,0.18,0.31,0.59,0.41,1.90,0.91,1.16,-0.74,0.40,-0.60,-0.42,-1.31,-0.60,-0.61,1.31,0.48,3.94,2.10,0.80,0.43,-0.23,0.43,-1.18,1.55,0.21,-0.62,0.14,0.10,0.02,-0.73,0.01,-0.50,-0.57,-1.25,-1.28,-0.24,-0.40,0.60,0.64,0.57,0.14,-0.60,,3.70,-2.20,9.10,6.20,5.70,,,,,,,2.80,3.30,,0.70,7,0.10,0.33,,,,,,,,1.70,1.70,0.40,-0.30,-1.10,,,,,0.60,,-0.20,-0.80,1.70,1.60,1.20,,,-0.20,,,-1,,,0.70,0,0.10,1.10,0.60,0.40,
2008-12-16 08:40,8.70,9.12,6.67,8.23,5.40,0.02,0.66,3,4.87,5.68,7.05,4.82,4.12,8.53,6.94,6.24,3.36,1.50,0.20,2.92,3.92,4.34,2.63,,0.51,0.21,7.11,6.15,6.42,6.60,7.32,8.41,1.28,5.04,5.75,5.66,7.31,5.75,2.57,6.48,1.70,1.03,3.54,7.29,2.30,6.68,5.90,6.72,6.23,4.93,5.69,0.72,0.48,3.73,3.06,3.93,6.70,6.20,3.39,2.26,5.47,4.80,4.20,0.60,2.92,2.86,6.13,5.36,3.50,1.72,5.29,3.77,4.22,4.80,5.37,0.81,2.50,7.27,2.40,3.69,2.44,4.50,1.70,3.16,2.05,0.46,1.18,1.30,1.18,0.26,0.33,0.89,0.45,2.10,0.90,1.42,-0.63,0.50,-0.61,-0.35,-1.19,-0.43,-0.52,1.24,0.53,4.17,2.15,0.90,0.43,-0.02,0.48,-1.23,1.58,0.22,-0.58,0.20,0.20,-0.01,-0.72,0.06,-0.50,-0.48,-1.25,-1.24,-0.25,-0.38,0.60,0.58,0.28,0.13,-0.60,,4,-2.10,9.10,6.50,5.90,,,,,,,3.10,3.50,,0.80,7.20,0.30,0.42,,,,,,,,1.70,1.80,0.60,-0.40,-1,,,,,0.70,,-0.20,-0.80,1.70,1.60,1.20,,,-0.20,,,-0.90,,,0.70,0,0.10,1.10,0.70,0.40,
2008-12-16 08:50,8.80,9.47,7.45,8.46,5.80,-0.01,0.86,3,4.96,6.54,7.12,5,4.21,8.52,7.10,6.67,3.69,1.56,0.40,3.17,3.97,4.71,2.78,,0.81,0.34,7.25,6.25,6.41,6.50,7.22,8.42,1.27,5.20,5.78,5.73,7.27,5.77,2.51,6.68,1.90,1.08,3.63,7.36,2.40,6.79,6.10,6.72,6.40,5.01,5.76,0.83,0.71,3.79,3.35,3.97,7.67,6.20,3.55,2.56,5.35,5.30,4.16,0.39,3.63,2.86,6.06,5.35,3.50,1.81,5.30,3.80,5.17,4.76,5.21,0.80,2.60,7.08,2.40,3.62,2.86,5.10,1.74,3.37,2.34,0.77,1.32,1.30,1.36,0.42,0.40,1.01,0.51,2.30,1.01,1.83,-0.55,0.63,-0.58,-0.27,-1.19,-0.39,-0.43,0.97,0.53,4.26,2.43,0.90,0.55,0.10,0.42,-1.22,1.60,0.21,-0.54,0.35,0.20,0.17,-0.74,-0.03,-0.40,-0.59,-1.17,-1.19,-0.26,-0.38,0.60,0.69,0.38,0.24,-0.60,,3.90,-2.10,9.10,6.90,5.90,,,,,,,3.20,3.90,,1,7.30,0.50,0.47,,,,,,,,1.80,1.80,0.50,-0.40,-1,,,,,0.70,,-0.20,-0.70,1.70,1.60,,,,-0.20,,,-0.90,,,0.80,0,0.10,1.10,0.70,0.50,
2008-12-16 09:00,8.70,9.62,7.83,8.55,6.10,0.14,1.11,3,4.78,7.11,7.16,5.11,4.29,8.35,7.11,7.19,4.24,1.62,0.90,3.42,3.99,4.90,3.05,,1.03,0.38,7.54,6.24,6.68,6.40,7.49,8.48,1.33,5.25,5.86,5.84,7.23,5.94,2.56,6.60,1.70,0.95,3.48,7.29,2.70,7,6.30,6.81,6.33,5.03,5.91,0.88,1.20,4.12,3.76,4.47,7.82,6.10,4.16,2.73,5.39,5.70,4.16,0.31,3.91,2.94,6.07,5.31,3.50,1.74,5.22,3.85,5.74,4.68,5.21,0.89,2.70,7.10,2.50,3.75,3.12,5.50,1.67,3.54,2.46,1,1.44,1.40,1.59,0.64,0.42,1.11,0.58,2.50,1.27,2.31,-0.55,0.84,-0.48,-0.09,-1.18,-0.25,-0.22,1.07,0.59,4.49,2.58,1,0.56,0.22,0.47,-1.12,1.62,0.15,-0.30,0.42,0.30,0.04,-0.75,0.06,-0.40,-0.63,-1.23,-0.96,-0.14,-0.38,0.60,0.78,0.42,0.28,-0.60,4.10,3.50,-2.10,9.30,7,6.50,-0.30,4.80,-2.60,5.70,3.60,2.60,3.30,4.20,2,1.40,7.50,0.60,0.50,-0.20,1,2,2.30,2.80,1.30,2.90,2,1.70,0.80,-0.30,-1,1.80,0.20,1.60,0.80,0.80,1.40,-0.10,-0.70,1.70,1.60,1.30,,0.90,-0.10,0.20,0.30,-0.90,1.80,1.20,0.80,0.10,0.20,1.30,0.70,0.40,-1.10
2008-12-16 09:10,8.90,9.65,8.06,8.49,6.57,0.29,1.25,3.20,4.74,7.38,7.27,5.20,4.41,8.33,7.36,7.43,4.81,1.69,1.20,3.78,3.90,4.64,3.40,,1.11,0.44,7.80,6.23,7.22,6.50,7.71,8.57,1.52,5.29,5.85,5.89,7.14,5.91,2.63,6.45,1.60,1.01,3.38,7.27,2.90,7.10,6.30,6.97,6.13,5.20,5.91,0.91,1.52,4.84,4.14,4.76,7.60,6.20,5.89,3.09,5.39,5.90,4.11,0.22,4.35,3.12,6.06,5.32,3.80,1.74,5.19,3.79,6.07,4.65,5.26,1.14,2.80,7.21,2.59,4.17,3.33,5.50,1.90,3.58,2.43,1.18,1.48,1.40,1.72,0.84,0.33,1.31,0.71,2.90,1.36,2.46,-0.48,1.06,-0.42,0.09,-1.13,-0.15,-0.21,1.12,0.69,4.81,2.76,1.20,0.70,0.35,0.52,-1.11,1.75,0.29,-0.21,0.52,0.30,0.22,-0.67,0.09,-0.40,-0.61,-1.16,-1.08,-0.30,-0.34,0.70,0.80,0.62,0.32,-0.60,,4.30,-2.10,9.30,7.10,6.90,,,,,,,3.50,4.30,,1.50,7.80,0.70,0.60,,,,,,,,2.30,1.70,0.90,-0.20,-1.10,,,,,0.90,,-0.10,-0.70,1.70,1.60,1.30,,,-0.10,,,-0.80,,,0.90,0.10,0.20,1.30,0.80,,
2008-12-16 09:20,8.90,9.68,7.83,8.55,6.70,0.44,1.43,3.50,4.77,7.65,7.56,5.34,4.54,8.37,7.74,7.72,4.65,1.95,1.80,4.16,3.85,4.45,4.24,,1.35,0.54,7.96,6.30,7.58,6.60,8.15,8.50,1.97,5.44,5.86,5.97,7.20,6.03,2.76,6.37,1.60,1.04,3.48,7.27,3.10,7.05,6.20,6.93,6.07,5.34,5.70,0.96,1.80,5.98,4.70,5.71,7.72,6.10,7.48,3.79,5.37,6.10,4.04,0.28,4.76,3.07,6.09,5.27,3.90,1.82,5.25,3.77,6.17,4.56,5.26,1.23,3,7.19,2.60,4.59,3.62,5.40,2.15,3.69,2.66,1.29,1.53,1.50,1.84,1.06,0.26,1.43,0.88,3.20,1.50,2.44,-0.23,1.01,-0.36,0.12,-1.16,-0.04,-0.23,1.08,0.87,5.01,2.86,1.60,0.72,0.60,0.53,-1.04,1.81,0.27,-0.01,0.54,0.40,0.14,-0.61,0.22,-0.40,-0.53,-1.14,-0.88,-0.21,-0.30,0.70,0.90,0.91,0.43,-0.50,,4.90,-2.10,9.30,7.30,7.60,,,,,,,3.70,4.50,,1.80,8,0.90,0.72,,,,,,,,2.50,1.80,1.20,-0.10,-1.10,,,,,1,,0,-0.60,1.80,1.60,1.40,,,0,,,-0.80,,,0.90,0.20,0.30,1.30,0.80,,
2008-12-16 09:30,9.10,9.76,7.90,8.69,6.61,0.89,1.86,3.90,4.93,7.78,7.70,5.40,4.56,8.27,8.23,7.96,5.03,2.09,2.40,5.09,3.99,4.67,5.05,,1.74,0.64,8.23,6.49,7.84,6.80,8.02,8.58,2.13,5.67,5.88,5.97,7.26,5.98,2.74,6.56,1.80,1.09,3.68,7.13,3.40,7.11,6.20,6.75,6,5.41,5.68,1.27,1.96,6.90,5.78,6.98,7.85,6.10,7.90,4.72,5.41,6.20,3.99,0.28,5.01,3.06,6,5.26,3.90,1.74,5.23,3.78,6.29,4.46,5.27,1.22,3.10,7.17,2.60,4.83,3.95,5.60,2.23,3.71,2.85,1.29,1.68,1.60,2.02,1.24,0.39,1.55,0.99,3.50,1.70,2.46,0.16,0.98,-0.15,0.20,-1.06,0.05,-0.18,1.01,1.16,5.14,2.93,1.80,0.63,0.68,0.54,-1.04,1.77,0.25,0.44,0.59,0.50,0.31,-0.58,0.26,-0.40,-0.39,-1.14,-1,-0.21,-0.26,0.80,0.96,0.84,0.60,-0.50,,4.50,-2,9.30,7.50,8.20,,,,,,,4,4.80,,1.80,8,1,0.86,,,,,,,,2.50,1.90,1.30,0.10,-1,,,,,1.10,,0.10,-0.60,1.70,1.70,1.40,,,0.10,,,-0.70,,,0.90,0.30,0.30,1.40,0.90,,
2008-12-16 09:40,9.20,9.84,8.10,8.88,6.39,1.13,1.75,4.20,5.09,8.04,7,5.22,4.54,8.26,8.40,8.18,5.13,2.06,2.90,5.54,4.05,4.55,5.52,,2.03,0.68,8.37,6.59,8.07,6.90,8.09,8.72,2.30,5.90,6.04,6.08,7.51,6.09,2.67,6.32,1.90,1.04,3.83,7.17,3.80,7.15,6.40,6.73,5.93,5.49,5.62,1.16,2.12,7.66,7.26,7.24,7.85,6.20,7.65,6.03,5.53,6.20,3.94,0.31,5.22,3.27,5.99,5.25,4,1.84,5.08,3.70,6.72,4.44,5.28,1.47,3.30,7.10,2.80,4.89,4.22,5.70,2.41,3.84,3.09,1.19,1.79,1.80,2.14,1.39,0.39,1.60,1.13,3.60,1.75,2.48,0.37,1.10,0.06,0.24,-0.93,0.06,-0.08,1.06,1.40,5.29,3.05,2,0.44,0.86,0.58,-0.96,1.76,0.23,0.95,0.73,0.50,0.29,-0.55,0.22,-0.30,-0.27,-1.13,-1.04,-0.07,-0.20,0.80,1.01,0.71,0.66,-0.50,,4.70,-1.90,9.30,7.50,8.10,,,,,,,4.20,4.80,,1.90,8.10,1.20,1,,,,,,,,2.80,1.90,1.60,0.20,-1,,,,,1.20,,0.20,-0.50,1.80,1.70,1.40,,,0.20,,,-0.60,,,1,0.30,0.30,1.50,0.90,,
2008-12-16 09:50,9.30,10.09,8.22,9.07,6.55,1.23,1.81,4.50,5.68,8.15,7.05,5.26,4.55,8.16,8.25,8.18,5.25,2.08,3.30,6.12,3.88,4.52,5.92,,2.09,0.96,8.45,6.73,8.22,7.10,8.01,9.18,2.51,6.08,6.16,6.23,7.54,6.25,2.75,6.23,1.80,1.14,3.80,7.37,4.20,7.14,6.60,6.75,5.75,5.53,5.56,1.36,2.36,8.57,7.70,7.38,7.75,6.20,7.85,7.39,5.64,6.20,3.68,0.37,5.38,3.34,6.17,5.21,4,1.79,5.05,3.71,6.93,4.39,5.29,1.42,3.30,7.08,2.80,4.93,4.26,6.10,2.38,4.10,3.31,1.29,1.83,2.20,2.28,1.47,0.34,1.60,1.35,3.70,1.98,2.76,0.22,1.29,0.21,0.37,-0.85,0.07,0.11,1.08,1.66,5.44,3.14,2.60,0.50,1.01,0.71,-0.94,1.77,0.36,1.42,0.79,0.60,0.31,-0.56,0.25,-0.30,-0.35,-1.09,-0.94,-0.04,-0.19,0.80,1.11,0.86,0.71,-0.40,,5.50,-1.90,9.30,7.60,7.80,,,,,,,4.30,4.80,,2.10,8.20,1.30,1.19,,,,,,,,3.40,2.10,2,0.50,-0.80,,,,,1.50,,0.30,-0.50,1.80,1.70,1.50,,,0.20,,,-0.60,,,1,0.30,0.40,1.50,1,0.50,
2008-12-16 10:00,9.20,9.96,8.46,9.07,7.10,1.38,1.97,4.70,6.04,8.22,7.34,5.43,4.72,8.16,8.12,8.42,5.89,2.09,4,6.69,4.14,4.94,6.36,,2.21,1.22,8.39,6.80,8.28,7.30,7.91,9.49,2.64,6.36,6.46,6.31,7.55,6.32,3.06,6.51,1.70,1.11,3.72,7.34,4.10,7.21,6.70,6.78,5.91,5.54,5.40,1.51,2.77,9.05,7.76,7.46,7.57,6.40,7.91,7.95,5.80,6.50,3.53,0.47,5.32,3.59,6.20,5.18,4,1.68,5.13,3.87,6.99,4.32,5.43,1.29,3.40,7.10,2.80,5.05,4.30,6.10,2.50,4.23,3.69,1.38,1.86,2.40,2.43,1.90,0.60,1.86,1.49,3.80,2.17,2.67,0.19,1.41,0.24,0.48,-0.79,0.11,0.15,1.10,1.88,5.60,3.34,2.20,0.79,1.15,0.74,-0.96,1.71,0.46,1.79,0.78,0.70,0.50,-0.52,0.37,-0.20,-0.40,-1.05,-0.94,-0.12,-0.17,0.80,1.15,1.04,0.73,-0.40,5.50,5.70,-1.90,9.30,7.60,7.70,0.30,5,-2.70,5.50,5.20,3.70,4.50,5,2.80,2.20,8.50,1.40,1.40,-0.10,1.40,2.20,2.40,3,2.50,3.40,3,2.20,1.90,0.80,-0.60,1.80,0.50,2.40,1.70,1.50,2.60,0.40,-0.40,1.80,1.80,1.50,0.20,1.30,0.30,0.40,0.50,-0.70,1.80,1.40,1,0.30,0.40,1.60,1,0.60,-0.80
2008-12-16 10:10,9.20,9.31,8.69,9.14,7.51,1.53,2.12,5.10,5.90,8.25,7.59,5.61,4.94,8.24,8.03,8.49,6.09,1.81,4.30,6.67,4.23,5.35,6.07,,2.34,1.45,8.53,6.91,8.41,7.40,7.86,9.52,2.72,6.47,6.52,6.28,7.40,6.38,3.29,6.61,1.80,0.97,3.78,7.32,5,7.34,6.80,6.86,5.95,5.48,5.37,1.81,3,8.85,7.73,7.43,7.47,6.40,7.96,8.22,5.84,6.50,3.52,0.54,5.19,3.83,6.23,5.21,4.10,1.76,5.25,3.92,7.02,4.27,5.69,1.62,3.50,7.04,2.90,5.13,4.51,6,2.63,4.50,3.82,1.38,2.01,2.60,2.73,2.12,1,2.03,1.75,4,2.33,2.69,0.26,1.48,0.42,0.58,-0.74,0.10,0.30,1.23,1.87,5.92,3.47,1.90,1.03,1.46,0.79,-0.99,1.69,0.51,1.73,0.76,0.80,0.56,-0.48,0.25,-0.20,-0.33,-0.99,-0.89,-0.12,-0.11,0.80,1.17,1,0.77,-0.40,,6.40,-1.90,9.40,7.60,7.50,,,,,,,4.80,5.30,,2.20,8.60,1.70,1.61,,,,,,,,2.90,2.30,1.90,1,-0.60,,,,,1.60,,0.40,-0.30,1.80,1.80,1.50,,,0.30,,,-0.60,,,1,0.30,0.50,1.60,1,0.60,
2008-12-16 10:20,9.40,9.61,8.92,9.37,6.97,2.07,2.31,,5.66,8.28,8.01,5.58,5.22,8.49,7.91,8.48,5.98,1.70,4.30,6.36,4.48,5.56,5.96,,1.88,1.75,8.68,6.98,8.58,7.50,7.92,9.63,2.81,6.35,6.34,6.22,7.40,6.04,3.67,6.44,2,1.10,3.69,7.54,5.50,7.51,6.70,6.90,5.86,5.45,5.59,2.04,3.29,8.82,7.61,7.38,7.38,6.40,7.94,8.20,5.83,6.50,3.54,0.61,5.30,3.96,6.32,5.32,4,1.72,5.28,3.88,7.05,4.24,5.78,1.68,3.50,7.05,3,5.40,4.75,6.20,2.75,4.80,3.62,1.43,2.23,2.70,3.07,2.40,1,2.19,2.04,4.20,2.52,2.76,0.58,1.44,0.52,0.61,-0.65,0.15,0.38,1.24,1.99,6.29,3.59,2,,1.66,1.01,-0.95,1.70,0.57,1.54,0.79,0.80,0.56,-0.37,0.14,-0.10,-0.24,-1.02,-0.77,-0.01,-0.24,0.90,1.21,1.10,0.75,-0.30,,6.80,-1.90,9.50,7.60,7.60,,,,,,,5,5.70,,2.30,8.80,1.70,1.83,,,,,,,,2.90,2.40,1.90,1,-0.50,,,,,1.70,,0.50,-0.20,1.80,1.80,1.50,,,0.30,,,-0.60,,,1,0.30,0.60,1.60,1.10,0.60,
2008-12-16 10:30,9.50,10.72,9.49,9.24,7,2.59,2.55,5.90,5.65,8.29,8.19,5.98,5.19,8.62,8.04,8.43,6.49,2.19,4.60,5.75,4.53,5.34,6.19,,1.67,2.05,8.69,7.03,8.59,7.50,7.90,9.41,2.80,6.31,6.43,6.40,7.50,6.08,3.98,6.55,1.90,1,3.86,7.76,5.50,7.48,6.60,6.98,5.93,5.57,5.65,2.33,3.77,8.73,7.53,7.36,7.39,6.50,7.86,8.07,5.80,6.40,3.62,0.75,5.36,3.92,6.41,5.37,4,1.60,5.12,3.91,7,4.23,5.86,1.82,3.60,7.05,3.20,5.62,4.93,6.50,2.83,5.05,3.80,1.74,2.38,2.70,3.27,2.61,0.89,2.33,1.99,4.50,3.12,3.22,0.54,1.61,0.66,0.67,-0.40,0.05,0.50,1.31,2.19,6.43,3.67,3.10,,1.83,1.11,-0.88,1.64,0.58,1.53,0.81,0.90,0.71,-0.40,0.13,-0.10,-0.10,-1.04,-1,0.08,-0.20,0.90,1.36,0.88,0.74,-0.30,,7.20,-1.90,9.50,7.60,7.70,,,,,,,5.30,5.90,,2.40,8.90,2,2.02,,,,,,,,2.90,2.60,2.10,1.30,-0.40,,,,,1.90,,0.60,-0.10,1.80,1.90,1.60,,,0.40,,,-0.60,,,1.10,0.40,0.60,1.60,1.10,0.70,
2008-12-16 10:40,10.20,11.20,9.63,9.33,7.10,2.95,2.99,7,5.90,8.37,8.27,6.14,5.23,8.71,8.22,8.44,6.33,2.26,4.80,5.76,4.60,5.77,6.03,,1.77,2.40,8.76,7.03,8.67,7.50,7.93,9.29,2.81,6.34,6.45,6.88,7.55,6.46,4.88,6.72,1.90,1.08,3.78,7.80,6.30,7.62,6.60,7,6.06,5.50,5.61,2.46,4.24,8.76,7.38,7.47,7.54,6.60,7.78,7.86,5.75,6.40,3.63,0.88,5.35,3.94,6.32,5.38,4.10,1.61,5.08,3.65,6.92,4.17,5.79,1.60,4,7.08,3.40,5.60,5.24,6.50,2.91,5.19,3.96,1.98,2.54,2.80,3.48,2.66,1.06,2.49,2.11,5.10,3.47,3.25,0.62,1.68,0.75,0.77,-0.24,0.25,0.53,1.40,2.40,6.57,3.72,3.50,1.47,2.01,1.25,-0.81,1.68,0.61,1.60,0.85,1,0.93,-0.36,0.26,0,0.01,-1.02,-1.02,0.12,-0.12,1,1.44,0.98,0.76,-0.20,,7.80,-1.80,9.50,7.50,7.90,,,,,,,5.50,6.20,,2.50,9,2,2.22,,,,,,,,2.70,2.60,2.30,1.30,-0.30,,,,,1.70,,0.50,-0.10,1.80,1.90,1.60,,,0.40,,,-0.60,,,1,0.40,0.70,1.60,1.20,0.70,
2008-12-16 10:50,10.50,10.86,9.68,9.39,6.97,3.27,3.25,6.90,6.34,8.57,8.24,6.28,5.43,8.73,8.38,8.03,6.32,2.20,5.30,5.89,4.59,6.21,6.06,,2.05,2.84,8.99,7.17,8.71,7.60,8.25,9.16,2.69,6.27,6.56,6.88,7.84,6.42,5.22,6.50,2,0.99,3.48,7.67,6.90,7.57,6.60,6.94,6.34,5.52,5.84,2.56,4.39,8.87,7.26,7.52,7.62,6.70,7.83,7.64,5.77,6.50,3.72,1.04,5.42,3.87,6.38,5.38,4.30,1.62,5.32,3.73,6.79,4.20,5.66,1.53,4.50,7.12,3.70,5.90,5.58,6.50,3.21,5.49,4.08,2.13,2.65,2.90,3.67,2.82,1.24,2.64,2.33,5.40,3.95,3.89,0.55,1.89,0.73,0.71,-0.23,0.20,0.62,1.36,2.19,6.59,3.95,3.90,1.84,2.16,1.39,-0.82,1.78,0.74,2.07,0.90,1.10,1.42,-0.30,0.21,0,0.11,-0.97,-0.83,0.03,-0.18,1.10,1.57,1.22,0.83,-0.20,,8.30,-1.80,9.60,7.60,8.10,,,,,,,5.60,6.40,,2.60,9.20,2.20,2.55,,,,,,,,2.60,2.80,2.30,1.40,-0.30,,,,,1.90,,0.50,0,1.80,1.90,1.60,,,0.40,,,-0.50,,,1,0.40,0.70,1.80,1.30,0.70,
2008-12-16 11:00,10.50,10.53,9.30,9.56,7.25,3.57,3.57,6.80,6.44,8.74,8.18,6.47,5.51,8.90,8.39,7.78,6.25,2.19,5.30,5.72,4.53,6.89,6.48,,2.31,3.19,9.03,7.15,8.70,7.60,8.35,9.34,2.92,6.14,6.57,6.86,7.92,6.76,5.52,6.52,2.10,1.01,3.45,7.60,7.30,7.48,6.40,6.82,6.29,5.54,6.18,2.78,4.36,8.87,7.23,7.56,7.74,6.70,7.91,7.30,5.85,6.50,3.85,0.97,5.38,3.96,6.40,5.27,4.30,1.64,5.33,3.62,6.67,4.05,5.78,1.61,5.30,7.20,3.80,6.01,6.10,6.80,3.29,6.05,4.32,2.38,2.81,3,3.85,3.10,1.33,2.85,2.43,5.60,4.74,4.41,0.58,2.04,0.89,0.71,-0.24,0.38,0.98,1.53,1.79,6.73,4.02,4.20,1.72,2.38,1.56,-0.86,1.74,0.69,2.10,0.88,1.20,1.53,-0.26,0.19,0,0.02,-0.95,-0.78,0.20,-0.14,1,1.40,1.23,0.92,-0.20,9.40,9.40,-1.80,9.70,7.50,8.10,,5.80,-0.20,5.60,6.20,4.10,5.70,6.50,3.80,2.90,9.30,2.30,2.40,0.40,1.70,2.70,2.80,3.30,3.10,4.10,2.60,2.90,2.40,1.20,-0.30,1.80,0.70,2.70,2.10,2.20,3.30,0.60,0,1.80,1.90,1.60,0.40,1.70,0.50,0.50,0.80,-0.50,2,1.60,1,0.40,0.70,1.90,1.30,0.80,-0.60
2008-12-16 11:10,10.70,10.29,9.05,9.69,7.20,3.80,3.91,7.60,6.26,8.88,8.05,6.75,5.24,8.92,8.55,7.62,6.42,2.33,5.40,6,4.47,7.08,6.68,,2.55,3.53,9.12,7.13,8.72,7.60,8.34,9.47,3.60,6.09,6.54,6.86,7.89,7.01,5.48,6.26,2.10,0.82,3.35,7.72,7,7.46,6.30,6.66,6.12,5.60,,3.01,4.30,8.88,7.28,7.46,7.64,6.60,7.97,7.12,5.77,6.50,4,0.95,5.41,3.78,6.42,5.26,4.30,1.61,5.39,3.50,6.58,4.09,5.63,1.71,5.70,7.09,3.90,6.02,6.31,7,3.26,6.51,4.86,2.81,2.92,3,3.94,3.16,1.35,3.06,2.39,5.90,4.84,4.28,0.61,2.21,1.32,0.78,-0.15,0.47,1.08,1.64,1.66,6.75,3.99,4.30,1.82,2.43,1.70,-0.79,1.83,0.74,2.10,0.89,1.30,1.72,-0.32,0.15,0,-0.05,-1,-0.54,0.25,-0.04,1.10,1.39,1.37,0.88,-0.30,,8.70,-1.80,9.60,7.40,8,,,,,,,5.90,6.60,,2.90,9.30,2.40,2.79,,,,,,,,2.70,3.20,2.40,1.30,-0.30,,,,,2.10,,0.40,0.20,1.80,2,1.60,,,0.50,,,-0.40,,,1,0.50,0.70,1.90,1.40,0.80,
2008-12-16 11:20,10.40,10.37,9.07,9.81,7.10,4.13,4.46,7.90,6.76,8.91,7.97,7.18,5.10,9.19,8.67,7.61,6.59,2.44,5.80,6.01,4.54,6.60,6.80,,2.94,4.08,9.20,7.36,8.79,7.90,8.45,9.69,4.31,6.27,6.66,7.19,8.14,6.66,5.30,6.40,2.10,0.72,3.36,7.69,6.60,7.43,6.20,6.60,6.53,5.67,6.32,3.39,4.43,8.82,7.22,7.51,7.67,6.70,8.07,7.36,5.74,6.50,4.11,1.03,5.41,3.99,6.34,5.20,4.40,1.57,5.30,3.62,6.44,4.14,5.65,1.84,6,7,4,6.02,6.52,7.10,3.56,6.71,4.81,3.05,2.98,3.10,4.04,3.18,1.64,3.19,2.54,6.80,4.91,4.64,0.74,2.53,1.58,0.71,0.03,0.59,1.21,1.75,1.88,6.76,3.98,4.50,1.87,2.65,1.90,-0.75,1.81,0.85,2.18,0.95,1.40,1.91,-0.26,0.17,0,0.03,-0.91,-0.63,0.31,0,1.20,1.33,1.28,0.83,-0.30,,8.50,-1.80,9.90,7.30,8,,,,,,,6.20,6.60,,3.10,9.20,2.50,2.78,,,,,,,,2.70,3.20,2.40,1.40,-0.30,,,,,2.20,,0.30,0,1.80,2,1.60,,,0.50,,,-0.30,,,1,0.50,0.80,2,1.40,0.80,
2008-12-16 11:30,10.20,10.40,8.99,9.88,7.30,4.11,4.90,8.40,6.85,8.86,8.24,7.17,4.82,9.53,8.47,7.74,6.97,2.93,6.30,5.78,4.60,5.75,6.77,,3.67,4.37,9.59,7.41,8.76,7.90,8.75,10.01,4.05,6.60,6.89,7.17,8.26,7.03,5.61,6.50,2.20,0.77,3.27,7.73,6.40,7.45,6.40,6.55,6.32,5.65,6.39,3.52,4.51,8.74,7.28,7.60,7.50,6.80,8.05,7.12,5.69,6.60,4.02,1,5.48,4.04,6.30,5.17,4.30,1.41,5.23,3.69,6.27,4.15,5.71,2.02,6.70,6.98,4.20,6.19,6.71,7.10,3.98,6.65,5.48,3.17,3.19,3.30,4.06,3.33,1.71,3.45,2.59,7.80,5.18,5.38,0.90,2.75,1.58,0.68,0.14,0.68,1.38,1.77,2.01,6.89,3.95,4.40,2.04,2.51,1.97,-0.75,1.80,1.02,2.13,1,1.60,2.08,-0.19,0.09,0.10,0.08,-0.92,-0.82,0.36,0.01,1.20,1.18,1.25,0.84,-0.30,,8.40,-1.80,9.90,7.30,8,,,,,,,6.50,6.90,,3.20,9.20,2.60,2.67,,,,,,,,2.80,3.30,2.40,1.40,-0.40,,,,,2.10,,0.30,0,1.90,2,1.70,,,0.60,,,-0.20,,,1.10,0.50,0.90,2,1.50,0.90,
2008-12-16 11:40,10.20,10.59,9.23,10.02,7,4.05,5.34,8.70,6.80,8.57,8.40,6.68,4.80,9.76,8.31,7.74,7.03,2.99,6.40,5.91,4.64,5.94,6.78,,4.09,4.44,10.01,7.43,8.64,8,8.65,9.75,4.03,6.80,7.02,6.94,8.23,7.16,5.25,6.70,2.10,0.74,3.35,7.65,6.70,7.48,6.40,6.63,6.12,5.60,6.19,3.69,4.52,8.84,7.35,7.69,7.60,6.80,7.92,7.04,5.77,6.80,4.10,0.89,5.59,4.02,6.37,5.18,4.30,1.52,5.18,3.63,6.30,4.12,5.62,2.30,7.30,7.09,4.40,6.24,6.74,7.10,3.88,6.76,5.71,3.31,3.33,3.50,4.18,3.39,1.79,3.58,2.93,7.90,5.04,5.93,0.97,2.84,1.57,0.65,0.15,0.69,1.53,1.66,2.12,6.81,4.03,4.40,2.11,2.45,2,-0.78,1.79,1.06,2.14,0.98,1.90,2.25,-0.15,0.06,0.10,0.08,-0.99,-0.62,0.32,-0.01,1.20,1.18,1.36,0.85,-0.20,,7.60,-1.80,9.90,7.20,8,,,,,,,6.50,8.10,,3.30,9.20,2.70,2.66,,,,,,,,2.90,3.30,2.50,1.40,-0.40,,,,,2,,0.40,-0.20,1.90,2,1.70,,,0.70,,,-0.20,,,1.10,0.60,0.90,1.90,1.50,0.90,
2008-12-16 11:50,10.60,10.52,9.37,10.36,6.90,4.30,5.43,8.80,6.48,8.68,8.41,6.37,4.63,9.40,8.56,7.51,6.38,2.73,6.80,5.89,4.70,5.23,7.18,,4.33,4.40,10.10,7.56,8.66,8.40,8.47,9.81,3.81,6.77,7.19,7.30,8.45,7.39,5.13,6.54,2.10,0.65,3.41,7.76,6.80,7.50,6.30,6.68,5.80,5.62,6.30,3.78,4.42,8.86,7.41,7.62,7.70,6.70,8,6.86,5.79,6.90,4.13,0.94,5.74,4,6.42,5.16,4.30,1.47,5.22,3.62,6.47,4,5.48,2.76,7.40,7.31,4.50,6.26,7.16,7.50,3.85,6.60,5.85,3.35,3.17,3.50,4.39,3.83,2.03,3.71,2.96,7.50,5.25,6.01,0.92,2.97,1.58,0.70,0.19,0.80,1.51,1.64,2.05,6.77,4.17,4.50,2.24,2.70,2.06,-0.80,1.85,1.14,2.19,1,2,2.45,-0.12,0.16,0.10,0.08,-0.95,-0.53,0.36,0.04,1.20,1.19,1.33,0.84,-0.20,,6.80,-1.90,10.10,7.20,8,,,,,,,6.50,8.40,,3.40,9.30,2.70,2.79,,,,,,,,2.90,3.20,2.50,1.30,-0.50,,,,,2.20,,0.50,-0.10,1.90,2,,,,0.90,,,-0.20,,,1.10,0.60,0.90,1.90,1.60,0.90,
2008-12-16 12:00,10.70,10.45,9.45,10.29,6.80,4.30,5.92,8.90,6.33,8.60,8.32,6.37,4.46,9.07,8.62,7.68,6.51,2.60,7,5.86,4.62,4.81,6.99,,4.51,4.50,9.86,7.90,8.69,8.60,8.30,9.80,3.47,6.78,7.42,7.37,8.71,7.37,5.44,6.82,2.10,0.68,3.46,7.71,7.20,7.55,6.30,6.67,5.76,5.77,6.12,3.89,4.13,8.82,7.37,7.72,7.83,6.70,8.10,6.54,5.76,7,4.07,1,5.83,4.11,6.41,5.13,4.30,1.43,5.27,3.49,6.59,4,5.53,2.97,7.50,7.34,4.50,6.42,7.66,7.80,3.82,6.79,5.73,3.40,3.21,3.50,4.72,3.83,1.96,3.74,2.77,7.10,5.14,7.11,0.89,2.97,1.63,0.73,0.20,0.69,1.64,1.72,2.08,6.91,4.29,4.60,2.36,2.73,2.03,-0.78,1.92,1.23,2.09,1.03,1.90,2.60,-0.02,0.28,0.20,0.16,-0.88,-0.71,0.40,0.20,1,1.12,1.80,0.99,-0.20,11,6.60,-1.80,10.40,7.10,8.10,2.20,6.30,-0.10,5.40,6.50,5.20,6.50,8.40,4.90,3.60,9.50,2.90,2.80,,1.80,3,3,3.90,3.60,4.80,2.90,3.30,2.60,1.40,-0.30,2.10,1.10,2.90,2.40,2.30,3.80,0.50,0,1.90,2.10,1.70,,2.30,0.90,0.40,1,-0.20,2,1.70,1.10,0.70,0.90,2.10,1.60,0.90,-0.90
2008-12-16 12:10,10.90,10.29,9.59,10.13,6.50,4.36,6.27,8.80,6.10,8.62,8.34,6.12,4.24,8.83,8.90,7.80,6.68,2.56,7,5.63,4.45,4.03,6.30,,4.73,4.76,9.98,7.85,8.98,8.80,8.13,9.82,3.46,6.88,7.29,7.74,8.27,7.21,5.64,6.88,2.30,0.62,3.53,7.80,7.60,7.77,6.50,6.62,5.72,5.58,6.08,4.18,3.95,8.85,7.42,7.56,7.89,6.70,8.12,6.23,5.87,7.10,4.05,0.97,5.74,4.11,6.34,5.12,4.30,1.51,5.28,3.43,6.59,4.06,5.44,3.14,7.50,7.34,4.59,6.29,8.06,7.90,3.73,6.89,5.52,3.38,3.25,3.60,5.03,4.04,1.95,3.85,3.06,7.20,5.01,6.72,0.88,2.93,1.58,0.86,0.32,0.68,1.83,1.73,2.19,6.91,4.30,4.10,2.31,2.41,2.17,-0.79,1.98,1.32,2.11,1.19,1.70,2.42,-0.19,0.27,0.20,-0.09,-0.85,-0.59,0.41,0.11,1.30,1.13,1.60,1,-0.10,,6.60,-1.90,10.40,7,8.10,,,,,,,6.30,8.60,,3.60,9.80,2.80,3.15,,,,,,,,2.90,3.40,2.50,1.40,-0.40,,,,,2.30,,0.60,0.10,1.90,2.10,1.80,,,0.90,,,-0.20,,,1.20,0.70,1,2.10,1.80,0.90,
2008-12-16 12:20,10.90,10.68,9.30,9.94,6.30,4.60,6.59,8.60,6.34,8.16,8.16,5.98,4.16,8.51,8.51,7.64,5.55,2.55,6.80,5.86,4.42,3.99,6.48,,4.80,5.21,10.07,7.98,9.39,8.90,8.08,10.10,3.32,6.99,7.43,7.75,8.39,6.92,5.19,6.80,2.30,0.55,3.89,8.10,7.40,7.67,6.60,6.70,5.54,5.59,6.21,4.36,3.74,8.91,7.45,7.74,7.98,6.90,8.15,6.27,5.98,7.20,4.17,0.99,5.83,4.03,6.24,5.11,4.30,1.50,5.26,3.28,6.54,4.15,5.32,3.26,7.60,7.26,4.60,6.29,8.16,7.70,3.51,7.31,5.53,3.26,3.31,3.70,5.05,4.05,1.87,4.02,3.35,6.90,4.92,6.55,0.79,2.94,1.72,0.92,0.39,0.59,1.82,1.87,2.20,6.94,4.25,4.20,2.40,2.19,2.24,-0.86,1.92,1.31,2.04,1.25,1.30,2.29,-0.15,0.40,0.10,-0.20,-0.93,-0.63,0.48,0.14,1.40,1.10,1.59,1,-0.10,,6.40,-1.90,10.10,6.90,8,,,,,,,6.30,8.90,,3.80,9.80,2.70,3.26,,,,,,,,2.90,3.40,2.40,1.20,-0.30,,,,,2.30,,0.50,0.20,1.90,2.10,1.80,,,1.10,,,-0.20,,,1.20,0.80,1.10,2.10,2,0.80,
2008-12-16 12:30,11,11.06,9.48,9.80,6.40,4.78,7.26,8.20,6.54,7.97,8.22,5.83,4.11,8.34,8.41,7.88,5.27,2.64,6.70,5.68,4.45,3.63,6.65,,5.15,5.15,10.01,8.05,9.53,8.90,7.95,9.99,3.26,7.19,7.24,7.99,8.23,7.38,5.17,7.03,2.30,0.59,4.55,8.12,7.20,7.49,6.70,6.72,5.71,5.63,6.35,4.27,3.55,9.01,7.36,7.99,7.99,7.40,8.25,6.27,6,7.30,4.27,1.19,5.89,3.97,6.19,5.20,4.40,1.51,5.33,3.30,6.53,4.06,5.26,3.39,7.60,7.27,4.60,6.30,7.97,7.70,3.47,7.44,5.62,3.10,3.27,3.70,5.07,4.14,1.75,4.16,3.70,7,5.12,6.60,0.76,2.86,1.77,0.88,0.44,0.75,1.79,2.08,2.23,6.88,4.37,3.60,2.26,1.93,2.14,-0.77,1.97,1.27,1.95,1.22,1.20,2.33,-0.20,0.24,0.10,0.02,-0.89,-0.36,0.53,0.21,1.40,1.02,1.62,0.90,-0.10,,6.50,-1.90,10.10,7,8.10,,,,,,,6.20,9.10,,3.80,10,2.70,3.20,,,,,,,,2.90,3.60,2.50,1.10,-0.40,,,,,2.30,,0.50,0.10,1.90,2.20,1.80,,,1.30,,,-0.20,,,1.20,0.80,1.20,2.10,2.20,0.80,
2008-12-16 12:40,11,11.16,9.77,9.81,6.60,4.94,7.85,8.20,6.76,7.82,8.69,5.84,4.22,8.43,8.44,7.60,5.22,2.43,6.60,5.08,4.46,3.28,7.20,,5.65,5.13,10.09,8.03,9.72,8.70,7.91,9.92,3.22,6.83,7.11,7.78,8.04,7.50,4.85,7.12,2.30,0.60,4.62,8.03,7.10,7.43,6.80,6.81,5.74,5.69,6.44,4.09,3.43,8.94,7.19,7.88,7.98,7.50,8.37,6.52,5.86,7.20,4.31,1.22,5.76,4.02,6.17,5.18,4.30,1.47,5.51,3.48,6.44,4,5.17,3.61,7.60,7.48,4.70,6.71,8.05,7.80,3.50,7.40,5.78,2.87,3.35,3.80,5.17,4.16,1.84,4.35,2.85,6.90,5.33,7.19,0.87,2.74,1.85,0.79,0.38,0.89,1.94,2.14,2.22,6.94,4.31,3.80,2.15,1.82,2.17,-0.82,1.88,1.40,2,1.33,1.30,2.18,-0.20,0.30,0.10,-0.10,-0.85,-0.33,0.55,0.22,1.50,1.05,1.60,0.82,-0.20,,6.40,-2,10,7.10,8.10,,,,,,,6.30,9.30,,3.90,10.30,2.80,3.31,,,,,,,,2.90,3.70,2.50,0.90,-0.40,,,,,2.40,,0.50,0.10,1.90,2.20,1.80,,,1.10,,,-0.30,,,1.20,0.80,1.20,2.10,2.10,0.80,
2008-12-16 12:50,10.90,11.26,9.96,9.67,6.60,5,8,8.40,6.83,8.19,8.65,5.93,4.24,8.52,8.29,7.55,5.60,2.11,6.30,5.17,4.38,3.11,7.17,,5.81,5.05,10.08,7.96,9.57,8.40,7.81,9.56,3.33,7.02,7.13,7.27,7.88,7.24,4.77,6.83,2.20,0.56,4.70,8.05,6.80,7.43,6.60,6.88,5.89,5.80,6.26,4.07,3,8.91,6.93,7.96,7.97,7.30,8.74,6.74,5.75,7.20,4.26,1.16,5.92,4.07,6.23,5.18,4.30,1.38,5.44,3.42,6.50,3.99,5.16,3.76,7.50,7.65,4.70,6.78,8.03,7.40,3.38,7.40,5.81,2.72,3.44,3.70,5.22,4.29,2.05,4.43,3.47,6.70,5.50,8.42,0.86,2.75,1.76,0.81,0.16,0.92,2.06,2.23,2.16,7.04,4.33,3.20,2.24,1.71,2.28,-0.84,2.08,1.44,2.10,1.33,1.30,2.21,-0.15,0.40,0.10,-0.15,-0.81,-0.66,0.61,0.19,1.60,1.24,1.77,0.90,-0.20,,6.50,-2,9.90,7.20,8.20,,,,,,,6.30,9.30,,4.10,10.50,2.80,3.19,,,,,,,,3,3.70,2.40,0.90,-0.40,,,,,2.40,,0.50,0.10,1.90,2.20,1.90,,,1,,,-0.30,,,1.20,0.80,1.30,2.10,2,0.80,
2008-12-16 13:00,10.70,11.20,10.05,9.55,7.10,4.91,7.99,8.70,6.43,8.82,8.47,5.67,4.19,8.58,8.16,7.46,6.17,2.10,6.20,5.57,4.40,2.96,7.37,,5.69,5.04,10.04,7.93,8.99,7.80,7.83,9.61,3.36,6.77,7.01,7.19,7.98,7.01,4.77,6.77,2,0.66,4.50,8.01,6.80,7.33,6.70,6.86,5.53,5.72,6.15,3.83,3.04,8.80,6.72,8,8.03,7.10,8.66,6.93,5.82,7.20,4.33,1.14,6.15,3.96,6.23,5.17,4.20,1.40,5.36,3.31,6.47,4.12,5.20,3.73,7.50,7.94,4.90,6.68,7.97,7,3.31,7.30,5.78,2.63,3.61,3.80,5.30,4.38,2.37,4.50,3.87,6.60,5.44,9.04,0.83,2.81,1.54,0.81,0.01,0.89,1.95,2.44,2.16,6.95,4.32,3,2.29,1.59,2.32,-0.74,2.15,1.37,2.20,1.28,1.50,2.19,-0.10,0.46,0,-0.09,-0.86,-0.37,0.59,0.22,1.60,1.38,1.86,0.85,-0.20,10.90,6.20,-2.10,9.90,7.40,8.30,2,6.30,-0.20,5.20,6.70,5.90,6.40,9,4.80,4.10,10.90,2.80,2.50,0.50,1.90,3.80,3.10,4.20,3.70,5.10,3,3.80,2.40,1,-0.40,2.10,1.30,3.10,2.70,2.10,3,0.50,0,1.90,2.20,1.90,0.80,2.20,0.90,0.30,1.10,-0.40,2.20,1.80,1.20,0.90,1.30,2.10,1.90,0.90,-0.60
2008-12-16 13:10,10.50,11.14,10.21,9.40,7.42,4.86,7.72,8.60,6.22,9.09,8.31,6.02,4.31,8.40,8.01,7.49,6.50,2.08,6.10,5.75,4.31,2.51,7.10,,5.54,4.79,9.74,7.79,8.76,7.50,7.85,9.77,3.20,6.87,6.94,6.94,7.90,7.04,5.05,6.81,1.90,0.73,4.14,7.63,6.70,7.32,6.70,6.75,,5.59,6.09,3.83,2.96,8.61,6.87,7.98,7.98,7,8.72,7,5.86,7.20,4.33,1,6.12,3.89,6.04,5.11,4.20,1.19,5.29,3.28,6.44,4.15,5.27,3.72,7.50,7.94,5,6.60,7.96,6.70,3.21,6.92,5.79,2.48,3.68,3.70,5.32,4.31,2.21,4.50,3.81,6.70,5.48,9.06,0.88,2.72,1.53,0.75,-0.18,0.85,1.80,2.64,2.31,6.74,4.32,2.90,2.30,1.50,2.15,-0.74,2.10,1.34,2.17,1.24,1.60,1.85,-0.10,0.48,0,-0.12,-0.81,-0.61,0.69,0.29,1.70,1.25,1.81,0.78,-0.20,,6.10,-2.10,9.70,7.40,8.10,,,,,,,6.60,8.60,,4.10,10.80,3,2.88,,,,,,,,3,3.70,2.40,0.90,-0.40,,,,,2.10,,0.60,0,1.90,2.20,1.90,,,0.90,,,-0.40,,,1.30,0.90,1.40,2.10,1.80,0.80,
2008-12-16 13:20,10.40,11.03,10.16,9.34,7.11,4.95,7.85,8.50,6.20,9.68,8.36,6.64,4.38,8.39,7.92,7.56,6.46,2.15,5.90,5.61,4.12,2.38,7.14,,5.44,4.65,9.65,7.49,8.54,7.30,7.86,9.64,2.75,6.83,6.95,6.71,7.78,6.94,5.12,7.05,1.90,0.70,3.86,7.60,6.60,7.37,6.60,6.74,,5.58,6.17,3.83,2.89,8.47,6.89,7.82,7.87,6.90,8.50,7.12,5.89,7.20,4.38,1.10,6.24,3.81,6.11,5.03,4.10,1.13,5.24,3.24,6.44,4.10,5.23,3.75,7.50,7.92,5,6.60,7.80,6.90,3.05,6.43,5.72,2.33,3.70,3.70,5.41,4.25,2.23,4.53,3.18,6.70,5.45,9.07,0.89,2.66,1.44,0.78,-0.26,0.92,1.91,2.65,2.58,6.60,4.42,2.70,2.24,1.60,2.04,-0.78,2.15,1.38,2.18,1.33,1.70,1.64,-0.16,0.40,0,-0.25,-0.81,-0.57,0.67,0.35,1.70,1.41,1.62,0.92,-0.20,,5.70,-2.10,9.60,7.40,8,,,,,,,6.50,8.70,,4.10,10.50,3.10,2.65,,,,,,,,3.10,4,2.40,0.90,-0.50,,,,,1.90,,0.60,-0.10,1.90,2.20,1.90,,,0.80,,,-0.50,,,1.30,0.90,1.50,2.20,1.60,0.90,
2008-12-16 13:30,10.40,10.97,10.01,9.28,6.90,4.88,7.58,8.20,6.37,10.11,8.44,7.04,4.29,8.41,7.76,7.56,6.16,2.34,5.80,5.56,4.24,2.39,6.58,,5.40,4.59,9.08,7.21,8.40,7.10,7.52,9.74,2.45,6.51,6.80,7.01,8.01,6.75,5.37,6.87,1.80,0.54,3.86,7.70,6.30,7.24,6.60,6.81,,5.59,6.12,3.65,2.99,8.24,6.73,7.75,7.74,6.80,8.37,7.58,5.90,7.10,4.28,1.10,6.04,3.73,6.21,4.94,4,1.24,5.19,3.20,6.37,4.06,5.17,3.82,7.50,7.75,5.10,6.62,7.71,7.50,3.08,6.33,5.68,2.16,3.63,3.70,5.44,4.19,2.25,4.41,3.29,6.30,5.46,9.06,0.78,2.58,1.50,0.78,-0.34,0.83,2.05,2.59,2.48,6.61,4.43,2.60,2.22,1.59,2.04,-0.83,2.20,1.34,2.20,1.27,1.60,1.46,-0.20,0.28,0,-0.28,-0.86,-0.48,0.74,0.52,1.70,1.43,1.56,0.90,-0.20,,5.50,-2.10,9.50,7.40,7.90,,,,,,,6.50,8.60,,4.20,10.10,3.10,2.56,,,,,,,,3.10,4,2.30,0.80,-0.50,,,,,1.70,,0.60,-0.10,1.90,2.20,2,,,0.80,,,-0.50,,,1.30,0.90,1.50,2.20,1.40,0.80,
2008-12-16 13:40,10.60,10.86,9.77,9.08,6.80,4.88,6.94,8,6.28,10.13,8.45,6.58,4.57,8.33,7.62,7.50,5.67,2.47,5.50,5.14,4.30,3.01,6.23,,5.42,4.55,8.46,7.12,8.26,7.10,7.31,9.62,2.51,6.37,6.66,6.98,7.84,6.71,5.40,6.74,2.10,0.56,3.67,7.78,5.90,7.15,6.50,6.86,,5.65,5.83,3.58,2.86,8.20,6.62,7.76,7.76,6.80,8.17,8.11,6.14,7.10,4.35,1.07,6.03,3.69,6.18,4.93,3.90,1.10,5.08,3.21,6.34,4.10,5.14,3.86,7.50,7.63,5,6.64,7.56,7.70,2.80,6.30,5.72,2.24,3.50,3.70,5.49,4.12,2.27,4.38,3.60,6,5.13,8.76,0.71,2.42,1.35,0.69,-0.39,0.75,1.92,2.59,2.43,6.49,4.47,2.40,2.04,1.46,1.90,-0.89,2.16,1.26,2.18,1.20,1.60,1.36,-0.19,0.18,0,-0.37,-0.81,-0.68,0.73,0.55,1.80,1.18,1.66,0.96,-0.30,,5.30,-2.10,9.50,7.20,8,,,,,,,6.40,8.60,,4.20,9.80,3.20,2.68,,,,,,,,3,3.80,2.10,0.70,-0.50,,,,,1.60,,0.60,-0.20,1.90,2.20,2,,,0.70,,,-0.50,,,1.30,0.90,1.60,2.20,1.50,0.80,
2008-12-16 13:50,10.50,10.67,9.32,9.30,6.73,5.12,6.71,7.90,6.01,10.11,8.29,7.14,4.23,8.55,7.51,7.49,5.49,2.92,5.40,4.24,4.41,3.50,5.79,,5.18,4.69,8.40,6.90,8.07,7,7.27,9.40,2.35,6.25,6.62,6.63,7.66,6.61,5.18,6.55,2.10,0.68,4.26,7.69,5.20,7,6.30,6.89,,5.65,5.75,3.45,2.78,8.02,6.25,7.76,7.70,6.70,8.12,8.07,6.16,6.90,4.32,1.04,6.12,3.66,6.02,4.82,3.90,1.04,4.89,3.22,6.15,4.13,5.08,4,7.70,7.55,5,6.57,7.50,8,2.85,6.24,5.90,2.22,3.36,3.60,5.49,3.99,2.40,4.32,3.45,5.50,4.54,8.58,0.69,2.32,1.31,0.76,-0.39,0.75,2.05,2.49,2.57,6.72,4.40,2.30,2.09,1.54,1.82,-0.88,2.17,1.34,2.25,1.10,1.60,1.22,-0.19,0.22,-0.10,-0.22,-0.88,-0.87,0.61,0.53,1.80,1.19,1.70,1,-0.30,,5,-2.10,9.50,7.30,8,,,,,,,6.30,8.60,,4.20,9.70,3.30,2.79,,,,,,,,3,4,2.10,0.70,-0.60,,,,,1.70,,0.50,-0.20,1.90,2.20,2,,,0.70,,,-0.50,,,1.40,0.90,1.60,2.20,1.50,0.70,
2008-12-16 14:00,10.30,10.48,9.06,9.35,6.50,5.33,6.77,7.70,5.89,9.87,8.33,7.60,3.96,8.71,7.39,7.23,5.29,2.83,5.30,3.46,4.58,3.79,5.45,,5.11,4.65,8.41,6.75,7.76,7,7.22,9.26,2.06,6.08,6.37,6.50,7.43,6.39,4.90,6.51,2.20,0.96,4.33,7.55,4.90,6.84,6.20,6.89,5.50,5.61,5.63,3.42,2.89,8.15,5.92,7.75,7.64,6.70,8.06,7.84,6.12,6.80,4.38,1.14,6.07,3.67,5.91,4.64,3.90,1.04,4.61,3.28,6.15,4.12,5.10,4.12,7.60,7.50,5,6.80,7.54,8.10,2.95,5.81,5.75,2.03,3.31,3.50,5.28,3.99,2.38,4.22,3.41,5.30,4.06,8.49,0.57,2.39,1.20,0.72,-0.30,0.73,2.01,2.60,2.52,6.62,4.35,2.20,1.99,1.52,1.64,-0.90,2.34,1.35,2.18,0.97,1.50,1.01,-0.17,0.26,-0.20,-0.42,-0.85,-0.74,0.66,0.58,1.80,1.33,1.60,0.87,-0.30,10.50,4.80,-2.10,9.50,7.30,7.90,1.70,5.70,-0.30,5.10,6.40,6.80,6.30,8.30,4.60,4.10,9.40,3.30,2.70,0.50,2,6.50,2.90,4.20,3.80,4.90,3,3.90,2.10,0.60,-0.60,1.90,1.50,3.10,2.60,1.70,2,0.40,-0.30,1.90,2.20,2,0.80,2.20,0.70,0.30,0.60,-0.50,2,1.90,1.40,0.90,1.70,2.20,1.40,0.70,-0.70
2008-12-16 14:10,10.20,10.40,8.85,9.19,6.30,5.69,6.64,7.50,5.85,9.68,8.38,7.76,3.75,8.57,7.36,7.16,4.67,2.66,5.10,2.85,4.82,4.24,5.07,,4.93,4.70,8.44,6.66,7.38,7,7.26,8.99,2.03,5.92,6.08,6.22,7.22,6.21,4.57,6.51,2.30,1.10,4.53,7.31,4.50,6.91,6.20,6.73,5.44,5.58,5.56,3.25,3.11,8.38,5.66,7.73,7.55,6.60,7.79,7.64,5.93,6.80,4.40,1.13,5.74,3.77,5.90,4.62,3.80,0.96,4.46,3.24,5.96,4.15,5.11,4.10,7.70,7.49,5,6.60,7.45,8.21,2.97,5.66,5.54,2.01,3.34,3.40,5.25,3.67,2.23,4.18,3.24,5.10,3.95,8.36,0.60,2.35,1.20,0.69,-0.27,0.79,2.05,2.44,2.60,6.49,4.36,2.10,2.04,1.51,1.71,-1.03,2.28,1.14,2.19,0.90,1.50,0.75,-0.32,0.24,-0.20,-0.32,-0.68,-0.73,0.75,0.69,1.80,1.45,1.52,0.86,-0.30,,4.60,-2.10,9.50,7.30,7.90,,,,,,,6.40,8.30,,4.10,9,3.30,2.88,,,,,,,,3,4.20,1.90,0.50,-0.60,,,,,1.70,,0.30,-0.30,1.90,2.20,2,,,0.70,,,-0.60,,,1.40,0.90,1.70,2.20,1.50,0.70,
2008-12-16 14:20,10.10,10.25,8.56,9.14,6.20,5.85,6.48,7.20,5.75,9.50,8.25,7.46,3.84,8.48,7.30,6.84,4.53,2.61,5,2.69,4.89,3.99,4.34,,4.81,4.66,8.26,6.69,7.14,7.10,7.29,8.61,2.13,5.60,6.05,6,7.10,5.92,4.22,6.28,2.40,1.20,4.36,7.19,3,6.64,6.20,6.63,5.31,5.48,5.52,3.17,3.24,8.22,5.36,7.71,7.35,6.60,7.48,7.53,5.81,6.50,4.41,1.11,5.45,3.86,5.73,4.57,3.80,0.91,4.36,3.08,5.88,4.19,5.25,3.80,7.70,7.42,5,6.53,7.28,7.69,2.92,5.47,5.46,1.84,3.29,3.30,5.20,3.62,2.34,4.01,3.60,5,3.54,8.11,0.60,2.25,1.17,0.54,-0.26,0.66,1.93,2.72,2.83,6.35,4.23,2.10,1.95,1.49,1.52,-0.99,2.21,1.19,2.14,0.81,1.40,0.68,-0.32,0.27,-0.20,-0.47,-0.75,-1.08,0.71,0.86,1.80,1.39,1.41,0.75,-0.30,,4.40,-2,9.30,7.30,7.80,,,,,,,6.30,8.10,,4,8.70,3.20,2.92,,,,,,,,3,4.20,1.80,0.40,-0.60,,,,,1.80,,0.30,-0.40,1.90,2.20,2,,,0.70,,,-0.70,,,1.50,1,1.60,2.20,1.50,0.70,
2008-12-16 14:30,10,10.07,8.39,8.85,5.90,5.88,6.40,7.20,5.73,9.33,8.10,7.07,4.35,8.28,7.25,6.45,4.23,2.55,4.70,2.59,4.69,3.65,3.84,,4.65,4.65,8.29,6.64,6.98,7,7.01,8.37,1.91,5.23,6.02,5.82,6.96,5.75,3.87,6.09,2.40,1.08,4.42,7.16,2.70,6.52,6.20,6.58,5.56,5.44,5.45,3.15,3.26,8.29,5.11,7.55,7.39,6.60,7.35,7.07,5.81,6.50,4.44,1.04,5.28,3.75,5.82,4.57,3.70,0.89,4.29,3.16,5.96,4.17,5.27,3.65,7.80,7.25,5,6.76,7.65,7.27,2.84,5.35,5.31,1.74,3.31,3.10,5.27,3.52,2.24,3.87,3.12,4.80,3.46,7.92,0.53,2.23,1.08,0.57,-0.22,0.65,2.04,2.71,2.97,6.32,4.23,2.10,2.02,1.47,1.48,-1.05,2.27,1.10,2.11,0.57,1.30,0.59,-0.28,0.42,-0.20,-0.37,-0.79,-1.05,0.73,0.93,1.90,1.33,1.20,0.65,-0.40,,4.10,-2,9.10,7.20,7.70,,,,,,,6.30,8.20,,3.80,8.40,3.10,2.93,,,,,,,,3,3.80,1.80,0.40,-0.70,,,,,1.70,,0.30,-0.40,1.90,2.20,2,,,0.60,,,-0.70,,,1.50,0.90,1.60,2.20,1.50,0.60,
2008-12-16 14:40,9.80,9.78,8.18,8.48,5.70,5.28,6.19,6.90,5.71,9.06,8,6.88,4.55,8.18,7.20,6.21,3.91,2.48,4.40,2.35,4.50,3.98,3.26,,4.67,4.70,8.23,6.59,6.60,7,6.87,8.19,1.92,5.06,5.81,5.54,6.78,5.51,3.62,6.09,2.20,0.88,4.27,7.36,2.40,6.21,6.20,6.54,5.49,5.43,5.23,3.24,3.37,8.27,4.65,7.39,7.30,6.60,7.26,6.50,5.76,6.60,4.58,0.93,5.09,3.58,5.65,4.47,3.60,0.82,4.38,3.20,5.92,4.19,5.27,3.79,8.10,7.05,4.90,6.60,7.54,7.12,2.54,5.29,5.14,1.85,3.21,3,5.32,3.54,2.09,3.71,2.55,4.60,3.29,7.78,0.49,2.13,0.96,0.53,-0.25,0.70,2.05,2.84,2.90,6.21,4.16,2,1.94,1.41,1.39,-1.19,2.36,1.13,2.05,0.34,1.10,0.45,-0.33,0.41,-0.30,-0.41,-0.96,-0.97,0.75,0.95,1.90,1.42,1.30,0.57,-0.40,,4,-1.90,9,7.30,7.50,,,,,,,6.20,8.10,,3.50,8.20,3,2.81,,,,,,,,3,3.90,1.70,0.40,-0.70,,,,,1.70,,0.30,-0.40,1.90,2.20,2,,,0.50,,,-0.70,,,1.50,0.90,1.60,2.30,1.50,0.60,
2008-12-16 14:50,9.60,9.43,7.87,7.46,5.40,4.69,5.93,6.50,5.51,8.89,7.88,6.69,4.67,8.14,7.05,5.86,3.62,2.66,4.10,2.12,4.49,4.17,3.25,,4.25,4.63,8.18,6.48,6.20,6.90,6.70,8.14,1.84,4.88,5.49,5.20,6.64,5.34,3.30,5.66,2.50,1,4.16,7.17,2.70,6.28,6,6.52,5.32,5.49,5,3.33,3.10,7.92,4.19,7.45,7.15,6.50,7.29,5.96,5.50,6.60,4.58,0.85,4.90,3.56,5.60,4.37,3.50,0.87,4.25,3.05,5.83,4.20,5.28,3.88,8.20,6.99,4.90,6.54,7.38,7.25,2.52,5.08,5.04,1.78,3.15,3,5.18,3.44,1.81,3.58,3.41,4.50,3.21,7.79,0.41,2.05,0.94,0.44,-0.20,0.69,1.92,2.92,3.01,6.12,4.23,2.10,1.98,1.36,1.34,-1.17,2.23,0.85,2,0.35,1,0.39,-0.31,0.33,-0.30,-0.50,-0.94,-1.16,0.60,1.06,2,1.40,1.16,0.46,-0.40,,3.80,-1.90,8.90,7,7.60,,,,,,,5.60,7.90,,3.50,,2.80,2.71,,,,,,,,3,3.90,1.60,0.40,-0.80,,,,,1.80,,0.30,-0.50,1.90,2.20,2,,,0.50,,,-0.70,,,1.50,0.90,1.30,2.30,1.60,0.60,
2008-12-16 15:00,9.50,9.19,7.54,6.60,5.20,4.85,5.94,6.10,5.47,8.79,7.87,6.45,4.92,8.18,7,5.79,3.57,2.48,3.80,1.98,4.39,4.41,2.65,,4.23,4.45,8.06,6.44,5.74,6.80,6.45,7.86,1.75,4.69,5.25,4.99,6.65,5.26,3.03,5.76,2.50,1.13,3.99,7.09,1.60,5.95,6,6.64,5.27,5.46,5.07,3.34,2.96,7.84,3.64,7.49,7.29,6.40,7.36,5.49,5.48,6.50,4.64,0.88,4.30,3.61,5.73,4.23,3.50,0.72,4.18,3.16,5.84,4.38,5.27,3.94,8.10,6.88,4.90,6.60,7.28,7.50,2.41,4.98,4.95,1.53,3.18,3.10,5.07,3.43,1.96,3.50,3.33,4.60,3.20,7.70,0.37,2.05,0.76,0.38,-0.19,0.71,1.91,3.08,3.27,6.12,4.24,2.10,2,1.33,1.23,-1.24,2.27,0.54,2.03,0.33,0.90,0.41,-0.27,0.32,-0.30,-0.56,-0.95,-0.92,0.69,1.20,2,1.34,1.28,0.42,-0.40,8.50,3.60,-1.80,8.90,7.10,7.50,,5.30,-1.30,5.30,6.50,5.90,5.40,7.90,4.30,3.40,7.60,2.70,2.30,-0.20,1.60,6.50,3,4.20,3.80,5,3.10,3.90,1.50,0.30,-0.80,1.90,1.60,3.20,2.40,1.70,1.40,0.30,-0.50,1.90,2.30,2,0.80,1.90,0.60,0.20,0.50,-0.80,2.20,2,1.50,0.90,1.30,2.40,1.70,0.40,-0.70
2008-12-16 15:10,9.40,9.17,7.23,6.12,5.10,5.45,6.25,5.70,5.66,8.63,7.78,6.27,4.99,8.27,6.94,5.78,3.32,2.38,3.70,2.17,4.41,4.78,2.37,,4.28,4.64,7.84,6.47,5.25,6.70,6.20,7.87,1.98,4.47,5.08,4.95,6.25,5.15,2.69,5.68,2.40,1.25,4.23,7.07,1.40,6.19,5.80,6.58,,5.37,5.03,3.20,2.85,7.86,3.29,7.38,7.43,6.30,7.31,5.07,5.62,6.40,4.73,0.86,3.63,3.83,5.80,4.22,3.40,0.75,3.94,3.12,5.80,4.32,5.25,3.79,8.20,6.44,5,6.53,7.34,6.90,2.62,4.84,4.84,1.34,3.11,2.80,4.85,3.40,2.08,3.47,3.56,4.60,3.09,7.58,0.39,1.97,0.79,0.30,-0.24,0.70,1.73,3.20,3.10,6.13,4.25,2.10,1.98,1.35,1.08,-1.30,2.23,0.27,1.95,0.27,0.90,0.34,-0.25,0.34,-0.30,-0.56,-0.99,-1.03,0.75,1.16,2.10,1.33,1.42,0.34,-0.40,,3.10,-1.80,8.80,6.70,7.50,,,,,,,5.20,7.80,,3.40,7.40,2.60,2.50,,,,,,,,3.10,3.60,1.50,0.20,-0.80,,,,,1.70,,0.20,-0.50,1.90,2.30,2,,,0.60,,,-0.80,,,1.40,0.90,1.20,2.40,1.80,0.40,
2008-12-16 15:20,9.40,9.09,6.63,5.57,4.90,5.75,7.42,5.50,5.65,8.58,7.59,6.26,4.93,8.38,6.81,5.56,3.38,2.37,3.50,1.90,4.25,4.71,1.89,,4.90,5.05,8.07,6.46,5.35,6.60,6.55,7.89,2.03,4.34,4.98,4.83,6.19,5.14,2.37,5.47,2,1.27,4.10,7,1.30,5.96,5.70,6.47,,5.34,4.85,3.04,2.87,7.75,2.89,7.37,7.56,6.30,7.68,4.76,5.63,6.60,4.84,0.96,3.44,4.06,5.70,4.27,3.40,0.70,3.73,3.20,5.70,4.33,5.21,3.86,8.30,6.11,5,6.57,7.31,6.80,2.82,4.84,4.92,1.47,3.10,2.60,4.72,3.51,2.25,3.35,3.36,4.50,3.12,7.55,0.40,1.96,0.81,0.18,-0.27,0.65,1.83,3.14,3.14,6.18,4.29,2.10,1.94,1.21,1.04,-1.26,2.20,0.36,1.83,0.22,0.90,0.29,-0.28,0.23,-0.30,-0.51,-0.97,-1.22,0.77,1.04,2.10,1.32,1.43,0.23,-0.40,,3.10,-1.80,8.70,6.50,7.50,,,,,,,5.20,7.80,,3.40,7.30,2.60,2.34,,,,,,,,3.10,3.20,1.50,0.20,-0.90,,,,,1.70,,0.20,-0.60,1.80,2.30,,,,0.60,,,-0.80,,,1.30,1,1.10,2.40,1.80,0.40,
2008-12-16 15:30,9.30,9.06,6.20,5.17,4.70,5.74,7.06,5.40,5.51,8.39,7.63,6.06,5.06,8.15,6.79,5.39,3.23,2.36,3.40,1.74,4.05,4.24,1.65,,7.24,4.75,7.88,6.67,5.43,6.50,6.86,7.82,2.07,4.20,4.98,4.54,5.84,4.96,2.25,5.48,1.80,1.15,4.11,6.56,1.50,5.93,5.50,6.21,,5.26,4.59,3.05,2.79,7.99,2.42,7.47,7.44,6.20,7.34,5.10,5.46,6.50,4.79,1.04,3.44,4.09,5.75,4.26,3.30,0.72,3.49,3.07,5.57,4.28,5.24,3.75,8.30,5.93,5,6.60,7.46,6.70,2.96,4.87,4.81,1.56,3.13,2.70,4.69,3.59,2.14,3.33,3.50,4.30,3.15,7.54,0.45,1.96,0.78,0.17,-0.25,0.62,1.78,3.12,3.13,6.06,4.27,2.10,2.01,1.15,1.07,-1.22,2.25,0.40,1.88,0.24,0.90,0.22,-0.29,0.11,-0.30,-0.57,-0.97,-1.27,0.79,1.12,2.10,1.28,1.28,0.16,-0.40,,2.80,-1.80,8.60,6.60,7.40,,,,,,,5.10,7.70,,3.50,7.20,2.40,2.13,,,,,,,,3,3.50,1.50,0.20,-0.90,,,,,1.60,,0.20,-0.60,1.80,2.30,2.10,,,0.60,,,-0.90,,,1.30,0.90,1.10,2.40,1.70,0.50,
2008-12-16 15:40,9.10,8.79,6.13,4.67,4.60,4.94,6.75,5.20,5.50,8.38,7.58,5.81,4.96,7.76,6.75,4.96,3.24,2.38,3.30,1.63,4.01,4.51,1.31,,8.06,4.68,8.07,6.73,5.37,6.20,6.88,7.70,2.23,4.11,4.91,4.55,5.76,4.75,1.99,5.38,1.80,1.02,4.17,6.28,1.10,5.89,5.50,5.96,,4.99,4.13,2.89,2.72,8.35,2.15,7.51,7.34,6.10,7.36,4.91,5.44,6.50,4.78,1.07,3.83,4.12,5.79,4.32,3.20,0.63,3.36,3.22,5.61,4.31,5.37,4.06,8.20,5.60,5,6.59,7.24,7,3.07,4.80,4.49,1.63,3.14,2.60,4.62,3.50,2.26,3.21,4.03,4.10,3.20,7.38,0.43,1.95,0.83,0.14,-0.27,0.58,1.67,3.23,3.12,5.96,4.28,2.10,2.15,1.21,0.93,-1.31,2.35,0.38,1.99,0.28,0.90,0.13,-0.31,0.18,-0.30,-0.69,-1.06,-1.34,0.69,1.17,2.10,1.32,1.21,0.15,-0.40,,2.80,-1.80,8.50,6.60,7.40,,,,,,,5.10,7.60,,3.30,7.10,2.30,2.06,,,,,,,,3,3.60,1.50,0.10,-1,,,,,1.70,,0.20,-0.70,1.80,2.30,2.10,,,0.60,,,-0.90,,,1.30,0.90,1.10,2.40,1.70,0.50,
2008-12-16 15:50,8.90,8.54,5.60,4.36,4.40,4.55,6.14,5,5.36,8.31,7.45,5.62,4.81,7.69,6.83,4.82,3.14,2.47,3,1.63,4,4.35,1.17,,8.11,4.76,8.01,6.60,5.40,6,6.86,7.69,1.95,3.77,4.70,4.36,5.50,4.84,1.50,5.01,1.80,1,4.16,6.24,1.40,5.88,5.40,5.87,,5.08,3.73,2.77,2.63,8.36,1.98,7.53,7.32,6,7.27,4.54,5.58,6.50,4.69,1.06,4.80,4.07,5.66,4.43,3.10,0.60,2.85,3.18,5.73,4.39,5.56,4.27,8,5.54,5,6.58,7.23,6.90,2.83,5.06,4.51,1.59,3.11,2.50,4.54,3.51,2.24,3.16,3.83,4.20,3.27,7.24,0.43,1.96,0.74,0.14,-0.28,0.54,1.74,3.30,3.12,5.93,4.38,2.20,2.16,1.29,0.90,-1.40,2.26,0.48,1.97,0.32,0.90,0.10,-0.22,0.15,-0.40,-0.55,-1.09,-1.36,0.66,1.24,2.20,1.31,1.42,0.26,-0.40,,2.60,-1.90,8.50,6,7.20,,,,,,,5.10,7.50,,3.20,7.20,2.30,2.02,,,,,,,,3,3.80,1.50,0.10,-0.90,,,,,1.90,,0.20,-0.70,1.90,2.40,2.10,,,0.60,,,-1,,,1.30,0.90,1.10,2.50,1.60,0.50,
2008-12-16 16:00,8.80,8.07,5.40,4.22,4.30,4.31,6.09,4.80,5.20,8.30,7.33,5.47,4.64,7.81,6.65,4.67,3.45,2.64,2.80,1.40,4.10,4.72,0.95,,8.14,4.72,7.97,6.60,5.61,5.70,6.77,7.60,1.49,3.75,4.58,4.38,5.68,4.75,1.41,4.97,1.90,0.98,4.09,6.07,1.70,5.80,5.60,5.71,4.40,5.02,3.43,2.65,2.65,8.09,1.73,7.48,7.28,6.10,7.17,4.36,5.56,6.60,4.72,1.18,4.41,4,5.74,4.44,3.10,0.56,2.64,3.18,5.84,4.36,5.58,4.18,5.80,5.24,5.10,6.41,7.50,6.80,2.77,5.19,4.27,1.43,3.16,2.40,4.59,3.52,2.10,3,3.53,4.10,3.03,7.26,0.38,1.99,0.73,0.19,-0.29,0.55,1.68,3.18,3.24,6.01,4.34,2.30,2.08,1.26,0.85,-1.46,2.32,0.67,1.78,0.38,0.90,-0.01,-0.23,0.19,-0.40,-0.64,-1.20,-1.35,0.77,1.28,2.30,1.22,1.16,0.15,-0.40,7.80,2.40,-1.90,8.50,5.80,7.20,1.20,4.80,-1.50,5.80,6.30,5.30,5,7.50,4.20,3.10,7.20,2.20,1.70,-0.10,1.40,6.10,3.20,4.80,4,4.80,2.90,3.90,1.50,0.10,-0.90,2,1.70,3.30,2.70,2,1.40,0.10,-0.70,1.90,2.30,2.10,0.80,1.80,0.60,0.20,0.30,-1,2.20,2.20,1.30,0.90,1.10,2.70,1.40,0.60,-0.70
2008-12-16 16:10,8.60,7.59,5.34,4.11,4.20,4.05,5.92,4.70,5.18,8.31,7.32,5.22,4.69,8.02,6.52,4.66,4.15,2.56,2.70,1.75,4.04,5.04,0.63,,7.99,4.67,7.82,6.72,5.89,5.70,6.92,7.38,1.47,3.65,4.56,4.26,5.69,4.71,1.63,4.79,1.90,1.03,4.19,5.80,1.40,5.78,5.70,5.91,4.25,4.97,3.11,2.61,2.51,8.28,1.82,7.40,7.21,5.90,7.28,4.09,5.49,6.60,4.62,1.12,4.98,3.97,5.80,4.45,3.10,0.50,2.27,3.25,5.64,4.27,5.63,3.96,5.40,5.22,5.30,6.54,7.41,7,2.81,5.49,3.99,1.52,3.18,2.30,4.69,3.67,2.03,2.96,3.65,4.20,2.64,7.17,0.39,1.93,0.66,0.17,-0.32,0.54,1.56,3.34,,5.93,4.31,2.30,2.04,1.29,0.90,-1.44,2.33,0.67,1.82,0.34,0.90,-0.21,-0.25,0.27,-0.40,-0.65,-1.17,-1.06,0.77,1.35,2.30,1.33,1.51,0.39,-0.40,,2.50,-1.80,8.30,6,7.20,,,,,,,4.90,7.60,,3.10,7.20,2.20,1.90,,,,,,,,2.70,4.10,1.50,0.20,-0.90,,,,,2,,0.10,-0.80,1.90,2.30,2.10,,,0.60,,,-1,,,1.30,0.90,1.10,2.70,1.20,0.50,
2008-12-16 16:20,8.50,6.96,5.12,4.32,4.20,4.45,5.80,4.70,5.27,8.37,7.19,5.15,4.77,7.96,6.44,4.74,3.48,2.51,2.40,1.80,4.06,4.32,0.48,,7.88,4.69,7.76,6.69,6.07,5.50,6.84,7.17,1.47,3.47,4.52,4.25,5.69,4.81,1.77,4.56,2.10,1.22,4.04,5.63,1.60,5.74,5.70,5.94,4.02,5.04,3.02,2.57,2.51,8.38,1.77,7.46,6.95,5.90,6.93,3.98,5.45,6.70,4.52,1.15,5.36,3.91,5.64,4.44,3,0.56,1.90,3.24,5.66,4.32,5.64,3.85,5.10,5.15,5.30,6.65,7.31,7,2.95,5.55,3.82,1.46,2.97,2.30,4.84,3.83,2.15,2.98,3.03,4.30,2.34,7.04,0.32,1.85,0.61,0.16,-0.41,0.63,1.54,3.22,,5.78,4.33,2.20,2.18,1.33,0.91,-1.44,2.29,0.66,2,0.32,0.90,-0.25,-0.27,0.08,-0.50,-0.64,-1.21,-1.18,0.71,1.47,2.20,1.26,1.19,0.34,-0.40,,2.20,-1.80,8.20,5.60,7.40,,,,,,,4.80,7.40,,3,7.30,2,1.90,,,,,,,,2.60,3.90,1.50,0.20,-0.90,,,,,1.90,,0.10,-0.80,2,2.30,2.10,,,0.50,,,-1.10,,,1.40,0.90,1,2.70,1.10,0.50,
2008-12-16 16:30,8.60,7.52,5.19,4.59,4.10,4.65,5.59,4.50,5.30,8.17,7.27,5.17,4.99,8.31,6.50,4.80,3.24,2.49,2.20,1.58,4.09,4.15,0.31,,7.92,4.79,7.66,6.75,6.31,5.50,7.01,6.73,1.42,3.21,4.54,4.26,5.67,4.67,1.59,4.65,2.70,1.30,4.12,4.81,1.10,5.73,5.70,5.96,3.77,5.11,2.89,2.31,2.29,8.44,1.68,7.51,6.84,5.90,7.14,3.81,5.31,6.70,4.58,1.05,5.32,3.83,5.63,4.42,3,0.54,1.61,3.31,5.65,4.41,5.68,3.96,5.10,5.28,5.70,6.71,7.37,7,3.02,5.56,3.68,1.44,2.83,2.40,4.85,3.74,2.22,2.95,3.24,4.20,2.20,7.07,0.24,1.88,0.64,0.15,-0.26,0.65,1.66,3.32,,5.80,4.32,2.20,2.37,1.32,0.88,-1.45,2.24,0.71,1.88,0.27,0.80,-0.23,-0.17,0.09,-0.50,-0.63,-1.26,-1.33,0.85,1.55,2.10,1.42,1.49,0.27,-0.40,,2,-1.80,8.10,5.50,7.30,,,,,,,4.70,7.20,,3.20,7.40,1.90,1.86,,,,,,,,2.40,4,1.50,0.20,-1,,,,,1.90,,0,-0.80,2,2.30,2.10,,,0.50,,,-1.10,,,1.40,0.90,1.10,2.70,1.10,0.50,
2008-12-16 16:40,8.60,7.49,4.87,4.68,4,4.26,5.57,4.20,5.25,8.14,7.20,4.99,5.14,8.01,6.55,4.64,3.30,2.52,2,1.59,4.14,4.47,0.14,,7.95,4.84,7.74,6.69,6.35,5.40,7.17,6.48,1.62,3.12,4.24,4.24,5.83,4.68,1.60,5.05,2.90,1.22,4.21,4.36,1.20,5.63,5.80,5.96,3.92,5.02,3.01,2.20,2.27,8.30,1.74,7.42,6.69,5.90,7.09,3.75,5.49,6.90,4.58,0.98,5.13,3.79,5.76,4.53,2.80,0.64,1.26,3.37,5.79,4.34,5.65,4.21,4.80,6.13,6.10,6.74,7.26,7,2.86,5.78,3.46,1.60,2.97,2.50,4.86,3.75,2.27,3.10,3.35,4.20,2.32,7.14,0.26,1.79,0.58,0.12,-0.23,0.66,1.48,3.15,,5.75,4.23,2.20,2.43,1.34,0.80,-1.54,2.35,0.81,1.90,0.22,0.80,-0.29,-0.20,0.18,-0.50,-0.73,-1.38,-1.48,0.69,1.64,2.20,1.25,1.29,0.29,-0.40,,2.30,-1.80,8.10,5.30,7.30,,,,,,,4.70,7.20,,3.30,7.50,1.70,1.80,,,,,,,,2.50,3.90,1.40,0.30,-1,,,,,1.80,,0,-0.90,2.10,2.30,2.10,,,0.50,,,-1.10,,,1.50,1,1.10,2.70,1.10,0.60,
2008-12-16 16:50,8.50,8.07,4.61,4.85,3.90,4.34,5.15,3.90,5.26,8.07,7.06,4.95,4.97,7.88,6.73,4.59,3.16,2.60,1.80,1.33,4.12,4.87,-0.01,,8.05,4.85,7.72,6.53,6.56,5.30,7.49,6.65,1.69,2.94,4.19,4.15,5.95,4.47,1.62,4.98,2.70,1.25,4.33,4.15,0.90,5.82,5.60,6,3.58,4.92,2.96,2.25,2.25,8.34,1.70,7.45,6.78,5.80,6.78,3.51,5.52,6.80,4.65,1.14,4.84,3.83,5.75,4.53,2.70,0.58,1.08,3.44,5.77,4.47,5.62,3.91,4.60,6.54,6.20,6.76,7.30,7.60,2.75,5.78,3.37,1.91,3.17,2.40,4.97,3.56,2.32,3.24,3.14,4.10,2.51,7.13,0.19,1.80,0.52,0.17,-0.23,0.49,1.37,3.12,,5.59,4.31,2.20,2.46,1.33,0.73,-1.60,2.29,0.90,1.92,0.08,0.80,-0.20,-0.25,0.27,-0.50,-0.83,-1.40,-1.29,0.90,1.63,2.20,1.37,1.13,0.35,-0.40,,1.80,-1.80,8.10,6,7.10,,,,,,,4.90,7.20,,3.40,7.50,1.60,1.76,,,,,,,,2.60,3.70,1.40,0.30,-1,,,,,1.70,,-0.10,-1,2.10,2.20,,,,0.40,,,-1.10,,,1.50,1,1.10,2.70,1.20,0.60,
2008-12-16 17:00,8.50,7.73,4.68,6.14,3.80,4.30,5.18,3.60,5.21,7.91,7.03,4.93,4.90,7.48,6.67,4.48,3.03,2.49,1.70,1.18,4.07,4.45,-0.29,,8.24,4.94,7.56,6.21,6.77,5.20,7.54,6.59,1.59,2.69,4.24,4.21,5.85,4.33,1.42,4.85,2.80,1.24,4.41,4.12,0.80,6.16,5.70,6.12,3.65,4.92,2.41,2.06,2.38,8.40,1.77,7.26,7.17,5.70,6.21,3.64,5.51,6.70,4.64,0.98,5.05,3.71,5.69,4.48,2.70,0.50,1.20,3.33,5.66,4.59,5.70,3.61,4.30,6.85,6.10,6.66,7.30,7.60,2.84,5.75,3.13,2.07,3.28,2.50,5.05,3.62,2.45,3.20,3.30,4.10,2.54,7.33,0.12,1.98,0.59,0.21,-0.25,0.46,1.42,3.24,3.27,5.59,4.42,2.30,2.40,1.47,0.60,-1.56,2.27,0.97,1.87,-0.06,0.90,0.03,-0.25,0.12,-0.50,-0.80,-1.42,-1.22,0.87,1.62,2.30,1.33,1.18,0.36,-0.40,7.60,1.80,-1.70,8,5.70,7,,2.80,-1.20,5.90,6,3.50,5,6.90,3.70,3.30,7.60,1.50,1.10,-0.10,1.60,5.90,3.30,5,4.20,4.60,2.50,3.70,1.30,0.30,-1,2,1.80,3.60,2.70,1.80,1.20,-0.10,-1,2.10,2.20,2.20,0.80,1.80,0.20,0.10,,-1.10,2.20,2.20,1.50,1,1.20,2.70,1.20,0.60,-0.80
2008-12-16 17:10,8.40,7.62,4.68,6.56,3.91,4.05,5.23,3.40,5.18,7.57,7.01,4.75,4.82,6.84,6.58,4.51,2.92,2.51,1.60,1.18,4.02,4.36,-0.72,,8.34,5.16,7.43,6.26,6.77,5.10,7.41,6.56,1.64,2.69,4.15,4.21,5.54,4.34,1.32,4.48,2.60,1.34,4.33,4.05,0.60,6.13,5.70,6.12,,4.96,2.49,1.72,2.23,8.04,1.97,7.07,7.34,5.80,5.59,3.38,5.42,6.70,4.67,0.94,5.26,3.70,5.70,4.40,2.60,0.41,1.08,3.38,5.56,4.70,5.79,3.34,4.20,7.10,5.83,6.76,7.02,7.50,2.73,5.85,3.23,2.26,3.28,2.40,5.27,3.51,2.45,3.23,2.66,4.20,2.66,7.24,0.08,1.89,0.74,0.22,-0.31,0.47,1.32,3.35,3.23,5.45,4.39,2.30,2.37,1.38,0.48,-1.58,2.30,1,1.80,-0.02,0.90,0.04,-0.29,0.14,-0.50,-0.90,-1.44,-1.17,0.81,1.69,2.40,1.23,1.22,0.42,-0.40,,1.80,-1.80,7.80,5.90,6.50,,,,,,,5.10,6.50,,3.40,7.60,1.40,1.51,,,,,,,,2.60,3.40,1.30,0.30,-1,,,,,1.80,,-0.10,-1,2.10,2.20,2.20,,,0.20,,,-1.20,,,1.60,0.90,1.30,2.70,1.20,0.60,
2008-12-16 17:20,8.40,7.51,4.63,6.75,3.68,4.65,5.42,3.20,5.04,7.55,6.97,4.54,4.85,6.57,6.38,4.49,2.45,2.35,1.50,1.46,4.15,4.86,-0.75,,8.11,5.34,7.18,6.40,6.75,5.10,7.44,6.61,2.04,2.49,4.34,4.28,5.53,4,1.27,4.55,2.70,1.25,4.22,4.09,0.30,6.14,5.70,6.15,,4.93,2.38,1.69,2.27,7.52,2.07,7.05,7.17,5.90,5.12,3.10,5.52,6.70,4.48,0.91,5.63,3.72,5.70,4.34,2.60,0.56,0.92,3.35,5.57,4.73,5.77,3.24,4.20,7.01,5.20,6.71,6.74,7.30,2.95,5.76,3.14,2.24,3.41,2.30,5.29,3.32,2.38,3.25,2.79,4.20,2.83,7.20,0.09,1.88,0.68,0.26,-0.41,0.48,1.32,3.31,3.32,5.23,4.41,2.30,2.36,1.42,0.31,-1.60,2.28,1.03,1.92,0.05,0.90,0.13,-0.29,0.21,-0.50,-0.92,-1.53,-1.33,0.84,1.60,2.40,1.19,1.10,0.49,-0.40,,1.50,-1.80,7.50,5.70,6.30,,,,,,,5.20,6.20,,3.60,7.60,1.50,1.35,,,,,,,,2.60,3.20,1.30,0.30,-1,,,,,1.80,,-0.10,-1,2.10,2.20,2.20,,,0.10,,,-1.20,,,1.60,1,1.40,2.80,1.20,0.60,
2008-12-16 17:30,8.30,7.20,4.57,6.69,3.70,5.13,5.48,3,4.63,7.31,7.16,4.35,5.01,6.20,5.89,4.62,2.29,2.42,1.50,1.81,4.29,4.50,-0.69,,7.87,4.81,7.03,6.34,6.72,5,7.61,6.76,2.16,2.37,4.27,4.35,5.79,4.51,1.18,4.39,2.60,1.41,4.21,4.01,-0.20,6.18,5.80,6.08,,4.73,2.48,1.77,2.25,7.33,2.02,6.86,7.09,5.90,4.69,3.08,5.60,6.60,4.44,0.88,5.48,3.63,5.62,4.41,2.40,0.59,1.05,3.27,5.47,4.72,5.70,3.52,4.10,6.98,4.90,6.69,6.31,7.10,3.06,5.63,2.92,1.97,3.39,2.20,5.18,3.16,2.52,3.38,2.75,4,2.83,7.10,0.16,1.91,0.81,0.20,-0.51,0.46,1.35,3.21,3.21,5.38,4.41,2.40,2.15,1.44,0.28,-1.57,2.27,1.03,2.02,-0.01,0.90,0.27,-0.36,0.18,-0.60,-0.77,-1.50,-1.62,0.87,1.71,2.30,1.05,1.03,0.36,-0.40,,1.50,-1.80,7.20,5.40,6.70,,,,,,,5.30,6,,3.50,7.60,1.60,1.27,,,,,,,,2.60,3.20,,0.30,-1,,,,,1.80,,-0.10,-1.10,2.10,2.30,2.20,,,0,,,-1.20,,,1.70,1,1.30,2.80,1.20,0.60,
2008-12-16 17:40,8.40,7.07,4.35,6.66,3.33,5.46,5.56,2.90,4.57,7.23,7.11,4,5.17,5.58,5.67,4.53,2.57,2.33,1.40,1.15,4.30,4.18,-1.13,,7.82,4.71,7.24,6.33,6.61,4.90,7.36,6.80,2.03,2.46,4.33,4.48,5.60,4.85,1.27,4.12,3,1.39,4.23,3.74,-0.10,6.27,5.60,6.10,,4.50,2.50,1.72,2.10,7.31,2.28,7.20,6.93,6.10,4.63,3.02,5.61,6.50,4.45,0.97,5.46,3.61,5.63,4.49,2.40,0.56,0.93,3.38,5.50,4.65,5.65,3.59,4.10,7.07,4.90,6.58,5.88,7,3.06,5.56,2.77,1.82,3.42,2.20,5.17,2.92,2.76,3.32,2.84,4.10,2.65,7.01,0.10,1.85,0.73,0.34,-0.53,0.53,1.33,3.32,3.23,5.40,4.46,2.50,2.27,1.36,0.38,-1.57,2.26,0.94,1.93,0.07,1,0.16,-0.27,0.06,-0.60,-0.81,-1.58,-1.58,0.86,1.69,2.40,0.91,0.93,0.38,-0.40,,1.30,-1.70,7.10,5.30,6.40,,,,,,,5.40,5.90,,3.50,7.70,1.70,1.29,,,,,,,,2.50,3.10,1.10,0.30,-1,,,,,1.70,,-0.20,-1,2.10,2.30,2.20,,,-0.10,,,-1.20,,,1.70,1,1.30,2.80,1.20,0.60,
2008-12-16 17:50,8.50,7.19,4.46,6.54,3.18,5.48,5.98,3,4.80,7.14,7.31,3.62,5.11,5.65,6.04,4.53,2.71,2.34,1.50,1.30,4.64,4.50,-1.17,,8.12,4.54,7,6.05,6.48,4.80,7.27,6.75,1.71,2.08,4.41,4.30,5.69,4.88,1.43,3.80,3.20,1.61,4.41,3.69,-0.30,6.14,5.50,6.03,,4.44,2.43,1.60,1.91,7.68,2.62,7.31,6.96,6.20,4.60,2.87,5.78,6.40,4.47,0.94,5.53,3.64,5.64,4.47,2.30,0.61,0.82,3.44,5.39,4.70,5.71,3.33,4.20,7,4.10,6.19,5.47,7.20,3.08,5.61,2.62,1.68,3.38,2.30,5.07,2.94,2.83,3.26,2.76,4,2.67,6.88,0.10,1.81,0.74,0.30,-0.46,0.51,1.34,3.29,3.26,5.52,4.43,2.60,2.30,1.35,0.35,-1.62,2.30,0.97,1.90,0.16,0.90,0.25,-0.31,-0.07,-0.60,-0.89,-1.60,-1.63,0.83,1.73,2.40,0.67,0.72,0.45,-0.40,,0.90,-1.70,7,5.50,6.20,,,,,,,5.40,5.70,,3.30,7.50,1.70,1.14,,,,,,,,2.60,3.10,1.10,0.30,-1.10,,,,,1.70,,-0.10,-1.10,2.10,2.30,2.20,,,-0.20,,,-1.30,,,1.80,1.10,1.40,2.80,1.30,0.50,
2008-12-16 18:00,8,8.08,4.63,6,3,5.48,6.11,3,4.97,7.10,7.28,3.55,4.95,5,6.42,5,2,2.36,2,1.35,5,4.64,-1.32,7,8,5,7.06,6.05,6,5,6,7,1.59,2,4.47,4,5,4,1,4,3,1,5,3,-0.50,6.01,5,5.89,,4.32,2,2,1.85,7.75,2.45,8,7,6,4,2.97,5.89,7,4.44,1.04,5.23,3.67,5.54,4.49,2.20,0.63,0.48,3.53,5.32,4.71,5.59,3.23,3.90,6.96,4,6.12,5,7.10,3.37,5.46,2.37,1.56,3,2.30,4.98,3.03,2.80,3.12,3,4,2.60,6.75,0.16,1.77,0.77,0.27,-0.49,0.55,1.32,3.38,3.22,5.55,4.51,2.60,2.30,1.37,0.11,-1.65,2.09,1.06,1.83,0.25,1,0.25,-0.38,-0.08,-0.60,-1.01,-1.53,-1.54,0.81,1.90,2.10,0.58,1.20,0.57,-0.40,7,1,-2,6.90,5.40,6.10,1,1.50,-0.90,6,4.60,2.10,5.30,6,2.70,3,7.60,1.70,0.80,0,1.80,6,3.50,5.10,4.20,4.60,2.70,3.10,1.10,0.20,-1.10,2.10,1.80,3.60,2.40,1.70,1,-0.10,-1.10,2.10,2.30,2.20,0.90,1.90,0,0.10,0.30,-1.30,2.40,2.40,1.80,1,1.50,2.80,1.30,0.60,-0.90
2008-12-16 18:10,8.50,8.69,4.81,6.42,3,5.52,5.88,3.10,4.87,7.11,7.38,3.58,4.96,5.96,6.43,4.50,2.74,2.32,1.40,1.31,4.86,4.25,-1.38,,7.78,4.59,7.04,5.96,6.31,4.90,6.89,5.87,1.07,1.69,4.44,4.53,5.59,4.72,1.10,3.57,3.10,2.01,4.61,3.34,-0.70,5.77,5.50,6,,4.37,1.99,1.18,1.89,7.74,2.23,6.90,6.46,6.20,7.29,2.85,5.86,6.40,4.55,0.96,4.73,3.89,5.62,4.47,2,0.59,0.27,3.46,5.36,4.73,5.73,3.50,3.40,6.92,3.30,5.97,4.76,7,3.61,5.22,1.92,1.50,3.24,2.40,4.69,3.48,2.71,3.07,3.06,3.90,2.59,6.74,0.19,1.70,0.73,0.23,-0.39,0.49,1.31,3.34,3.21,5.53,4.47,2.60,2.24,1.43,0.15,-1.64,2.25,1.06,1.91,0.21,1,0.31,-0.38,0.17,-0.70,-0.98,-1.56,-1.39,0.75,1.82,2.40,0.66,0.83,0.50,-0.50,,0.80,-1.60,6.80,5.40,5.80,,,,,,,5.10,5.50,,3,7.60,1.70,1.12,,,,,,,,2.60,3,1.10,0.10,-1.10,,,,,1.70,,-0.20,-1.10,2.10,2.30,2.20,,,0,,,-1.30,,,1.80,1,1.60,2.70,1.30,0.60,
2008-12-16 18:20,8.40,8.92,4.84,6.27,2.80,5.55,5.86,2.80,5.18,7.12,7.33,3.28,4.98,5.59,6.15,4.31,2.80,2.54,1.30,1.04,5.03,4.24,-1.39,,7.64,4.43,6.78,6.21,6.17,4.80,6.67,5.78,1.11,1.85,4.35,4.46,5.55,4.65,1.05,3.22,3.30,1.93,4.83,3.62,-0.60,5.22,5.60,6.04,,4.53,1.28,1.28,1.59,7.77,2.16,7.19,6.52,6.20,7.34,2.82,5.70,6.10,4.45,1.06,3.85,3.84,5.63,4.54,2,0.58,0.20,3.62,5.30,4.80,5.75,3.51,3.10,6.80,3.60,5.83,4.41,7,3.50,5.46,1.77,1.40,3.23,2.30,4.18,3.49,2.60,3.09,2.98,3.90,2.56,6.79,0.10,1.70,0.68,0.26,-0.22,0.60,1.24,3.45,3.17,5.50,4.45,2.60,2.27,1.50,0.03,-1.63,2.17,1.10,1.99,0.27,1,0.51,-0.36,-0.10,-0.70,-0.92,-1.53,-1.40,0.84,1.86,2.40,0.81,0.68,0.42,-0.50,,0.60,-1.50,6.60,5.50,6.10,,,,,,,5.10,5.40,,3,7.40,1.60,1.07,,,,,,,,2.50,3,1,0,-1.10,,,,,1.70,,-0.20,-1.10,2.20,2.30,2.20,,,0.10,,,-1.30,,,1.80,1.10,1.60,2.70,1.30,0.60,
2008-12-16 18:30,8.40,8.65,4.63,6.09,3,5.74,5.88,2.60,5.13,7.08,7.12,3.19,5.17,4.97,5.96,4.24,2.42,2.88,1.10,1.38,5.02,4.23,-1.73,,7.65,4.14,6.67,6.22,6,4.50,6.54,5.48,1.46,2.06,4.48,4.46,5.26,4.56,0.99,2.71,3.30,2.05,4.98,3.97,-0.90,5.55,5.60,6.06,,4.73,1.16,1.03,0.99,7.61,2.22,7.38,6.56,6,7.46,3.23,5.55,5.90,4.41,1.08,3.42,3.68,5.79,4.49,1.70,0.67,0.33,3.75,5.31,4.74,5.69,3.53,2.50,6.78,4.30,5.67,4.30,6.50,3.29,5.43,1.49,1.22,3.19,2.20,3.87,3.24,2.55,3.01,2.34,3.90,2.54,6.73,0.08,1.61,0.66,0.22,-0.31,0.53,1.11,3.53,3.22,5.37,4.40,2.60,2.38,1.53,-0.01,-1.68,2.24,0.91,1.85,0.34,0.90,0.48,-0.33,-0.11,-0.70,-0.81,-1.54,-1.68,0.75,1.85,2.40,0.88,0.71,0.44,-0.60,,0.50,-1.50,6.50,5.60,5.80,,,,,,,5.20,5.50,,3,7.40,1.50,0.98,,,,,,,,2.60,3.40,1,0,-1.10,,,,,1.80,,-0.20,-1.20,2.20,2.30,2.20,,,0.10,,,-1.30,,,1.80,1.10,1.50,2.80,1.30,0.50,
2008-12-16 18:40,8.40,8.21,4.43,5.92,3.10,5.09,6.08,2.60,5.23,7.22,7.10,3.10,5.12,5.84,5.47,4.19,2.30,3.09,0.80,1.39,5.06,3.50,-1.80,,7.65,4.13,6.50,5.93,5.92,4.70,6.53,6.22,1.33,2.09,4.40,4.36,5.23,4.46,0.81,2.61,3.20,2.14,5.14,4.06,-1,4.94,5.40,6.10,,4.90,0.68,0.83,1.31,7.46,1.97,7.36,6.19,6,7.09,3.07,5.31,5.90,4.32,1.24,3.77,3.49,5.63,4.54,1.60,0.64,0.37,3.73,5.29,4.62,5.60,3.20,2.20,6.29,4.60,5.28,4.08,6.20,3.37,5.31,0.98,1.15,3.12,2.30,3.67,3.66,2.45,2.86,2.65,3.90,2.44,6.84,0,1.46,0.53,0.20,-0.33,0.53,1.19,3.61,3.37,5.12,4.36,2.60,2.42,1.56,0.01,-1.80,2.20,1.06,1.74,0.39,0.90,0.41,-0.37,-0.17,-0.80,-0.77,-1.53,-1.60,0.77,1.90,2.40,0.85,0.79,0.51,-0.60,,0.70,-1.40,6.20,5.50,6.30,,,,,,,5.40,5.30,,3.20,7.30,1.40,0.96,,,,,,,,2.60,3.40,1,0,-1.20,,,,,1.80,,-0.20,-1.20,2.20,2.40,2.20,,,0.20,,,-1.30,,,1.90,1.10,1.60,2.70,1.20,0.60,
2008-12-16 18:50,8.40,8.16,4.27,5.60,3.40,4.77,6.09,2.60,5.33,7.39,6.83,2.96,5.21,6.31,5.04,4.02,1.79,3,0.10,0.70,5.12,3.78,-1.44,,7.39,4.12,6.22,5.98,5.86,4.80,6.48,6.45,1.90,2.25,4.56,4.25,5.03,4.40,0.63,2.81,3.20,2.10,5.03,3.65,-1,5.76,5.30,6.03,,4.92,0.63,0.74,1.45,7.15,1.49,7.41,5.99,5.70,7.09,2.82,5.18,5.80,4.29,1.10,3.60,3.50,5.81,4.61,1.50,0.64,0.51,3.69,5.29,4.70,5.62,2.97,2.30,5.44,4.60,4.67,3.96,6.50,3.11,5.13,0.75,1.15,2.85,2.20,3.49,3.49,2.51,2.79,2.27,3.90,2.28,6.92,0.10,1.33,0.53,0.23,-0.28,0.57,1.19,3.69,3.27,4.80,4.37,2.60,2.43,1.53,-0.04,-1.80,2.21,1.01,1.84,0.34,1,0.48,-0.37,-0.07,-0.80,-0.82,-1.50,-1.64,0.96,2,2.40,0.94,0.92,0.56,-0.60,,0.70,-1.50,6,5.90,6,,,,,,,5.70,5.20,,3.40,7.10,1.40,0.87,,,,,,,,2.70,3.40,1,0,-1.20,,,,,1.80,,-0.20,-1.20,2.20,2.30,2.20,,,0.20,,,-1.30,,,1.90,1.10,1.60,2.70,1.30,0.60,
2008-12-16 19:00,8.40,8.47,4.51,5.07,3.50,5.02,6.01,2.50,5.39,7.50,6.99,2.75,5.48,5.92,5.18,3.82,2.26,2.83,-0.10,1.13,5.04,3.59,-1.29,,7.09,3.85,6.16,6.12,5.86,4.60,6.38,6.64,2.47,2.66,4.39,4.21,4.90,4.45,0.54,2.50,3.30,2.06,4.96,3.74,-1.40,5.97,5.40,6.06,,4.77,0.37,0.67,1.13,7.24,1.44,7.46,5.75,5.70,6.79,2.40,4.86,5.60,4.49,1.07,3.12,3.39,5.83,4.73,1.30,0.53,0.35,3.71,5.27,4.74,5.56,2.86,2.40,5.17,4.30,4.46,4.14,6.60,3.39,5.03,0.48,1.17,2.76,2.40,3.26,3.09,2.34,2.74,2.33,4,2.04,6.79,0.20,1.16,0.49,0.28,-0.26,0.42,1.12,3.70,3.43,4.66,4.42,2.60,2.39,1.56,0.07,-1.83,2.23,1.07,1.87,0.36,0.90,0.49,-0.31,-0.01,-0.80,-0.89,-1.60,-1.65,0.91,2.01,2.50,0.88,1.06,0.45,-0.60,7.30,1,-1.50,5.80,5.90,5.80,1,0.50,-2.60,5.90,3.70,3.10,5.70,5,1.50,3.40,7,1.40,0.40,,1.70,5.40,3.60,5.10,4.30,4.50,2.70,3.70,1,0,-1.20,2.10,1.80,3.70,2.50,1.80,1.40,-0.30,-1.30,2.20,2.30,2.30,1,1.80,0.20,0.10,,-1.30,,2.40,1.90,1.10,1.50,2.70,1.30,0.60,-1.10
2008-12-16 19:10,8.40,8.42,4.99,4.31,3.65,5.42,5.58,2.50,5.28,7.31,7.03,2.82,5.79,5.36,5.14,3.81,2.43,2.80,-0.40,1.69,5.07,4.21,-1.54,,6.62,3.42,6.32,6.02,5.83,4.50,6.48,6.45,2.79,2.50,4.42,4.20,4.64,4.52,0.41,2.19,3.50,2.06,5.07,3.48,-1,6.01,5.20,6.02,,4.76,0.49,0.79,0.71,7.02,1.14,7.36,5.79,5.50,6.73,2.18,4.33,5.20,4.50,0.95,2.49,3.25,5.75,4.74,1.30,0.44,0.38,3.64,5.25,4.81,5.47,2.81,2.30,4.81,4.26,3.95,3.95,6.40,3.48,4.73,0.46,0.98,2.50,2.50,3.02,3.11,2.29,2.73,2.28,4,2.05,6.72,0.14,1.16,0.36,0.21,-0.24,0.20,1.09,3.69,3.38,4.30,4.50,2.60,2.24,1.48,0.07,-1.80,2.25,0.98,1.75,0.44,0.90,0.38,-0.41,-0.12,-0.80,-0.96,-1.69,-1.52,0.90,1.92,2.30,0.93,1.13,0.43,-0.60,,1.40,-1.50,5.80,5.70,6.10,,,,,,,5.50,4.80,,3.40,7,1.30,0.68,,,,,,,,2.70,4.10,1,0,-1.20,,,,,1.80,,-0.20,-1.30,2.20,2.30,2.30,,,0.20,,,-1.30,,,1.90,1.10,1.50,2.70,1.30,0.60,
2008-12-16 19:20,8.40,8.50,4.82,4.48,3.70,5.73,5.43,2.60,5.23,7.36,6.86,2.86,5.84,5.35,4.99,4.06,2.11,2.90,-0.70,1.12,5.05,4.56,-1.66,,6.96,3.42,6.39,5.87,5.88,4.50,6.38,6.16,3.17,2.69,4.38,4.14,4.54,4.46,0.55,2.09,3.40,2.32,5.19,3.45,-0.80,5.84,5.30,5.97,,4.80,0.43,0.62,1.01,6.92,1.06,7.20,5.96,5.40,4.82,2,3.82,5.10,4.59,0.98,2.31,3.24,5.80,4.67,1.30,0.32,0.45,3.59,5.20,4.74,5.49,2.80,2,4.54,4.40,3.83,3.96,6.20,3.37,4.87,0.44,0.89,2.39,2.70,2.90,3.26,2.39,2.76,2.17,4,1.86,6.57,0.08,1.07,0.23,0.16,-0.24,0.06,1.19,3.58,3.51,4.02,4.59,2.60,2.03,1.50,0.04,-1.79,2.29,0.91,1.73,0.42,1,0.37,-0.41,-0.10,-0.80,-0.86,-1.74,-1.41,0.91,1.92,2.30,0.97,1.04,0.54,-0.70,,1.40,-1.60,5.60,5.90,6.20,,,,,,,5.70,4.70,,3.70,7,1.20,0.57,,,,,,,,2.80,4.20,1,0,-1.30,,,,,1.80,,-0.20,-1.30,2.30,2.30,2.30,,,0.20,,,-1.30,,,2,1.20,1.40,2.70,1.30,0.60,
2008-12-16 19:30,8.40,8.40,4.76,4.70,3.80,6.07,5.99,4.70,5.16,7.14,6.95,2.71,5.89,4.65,4.65,4.12,2.15,2.74,-1,1.11,5.04,4.20,-1.93,,7,3.50,6.52,5.94,5.97,4.40,6.24,5.95,3.31,2.60,4.39,4.26,4.39,4.62,0.79,2.36,3.50,2.29,5.12,3.76,-1,6.04,5.20,5.96,,4.57,0.52,0.54,0.66,6.87,0.85,7.19,5.92,5.50,3.98,1.79,3.61,4.90,4.67,0.85,1.97,3.34,5.99,4.78,1.20,0.73,0.61,3.52,5.18,4.85,5.31,2.81,1.20,4.30,4.60,3.81,3.97,6,3.24,4.64,0.31,0.94,2.27,2.90,2.84,3.28,2.31,2.73,2.25,3.80,1.55,6.33,0.02,0.97,0.21,0.23,-0.30,0.07,1.16,3.59,3.57,3.31,4.46,2.70,2.05,1.57,0.20,-1.79,2.30,0.85,1.76,0.39,1,0.42,-0.47,-0.02,-0.80,-0.98,-1.61,-1.41,0.98,1.79,2.30,1.02,0.91,0.59,-0.70,,0.90,-1.60,5.30,5.70,6.40,,,,,,,5.70,4.80,,3.90,6.90,1.20,0.40,,,,,,,,2.80,4.10,1,0,-1.30,,,,,1.80,,-0.20,-1.30,2.30,2.30,2.40,,,0.20,,,-1.30,,,2,1.30,1.40,2.70,1.30,0.50,
2008-12-16 19:40,8.30,8.88,4.83,4.17,3.80,6.07,8.08,6.80,5.15,6.83,7.04,2.88,5.94,4.50,4.21,4.29,2.46,2.76,-1.20,1.10,5.09,4.62,-1.52,,6.88,3.62,6.50,5.93,6.10,4.20,6,5.98,3.06,2.48,4.30,4.22,4.37,4.46,0.72,2.53,3.40,2.36,5.17,3.81,-0.90,5.82,5.20,5.98,,4.48,0.58,0.54,0.31,6.82,0.53,7.08,5.97,5.20,3.35,1.47,3.43,4.50,4.55,0.85,1.60,3.21,5.94,4.82,1.10,1.16,0.71,3.63,5.05,4.88,5.24,2.86,1.10,4.11,4.80,3.96,4.12,5.90,2.93,4.41,0.41,1,2.12,3.10,2.77,3.24,2.43,2.69,2.19,3.60,1.25,6.25,-0.10,0.82,0.22,0.21,-0.27,0.15,1.14,3.81,3.48,2.77,4.53,2.60,1.98,1.55,0.17,-1.82,2.27,0.84,1.73,0.42,1,0.36,-0.53,0.02,-0.90,-1,-1.63,-1.67,1.07,1.82,2.30,1.04,0.88,0.39,-0.80,,0.70,-1.80,5.50,5.80,6.80,,,,,,,5.40,4.70,,4,6.90,1.20,0.40,,,,,,,,2.80,4,1,0.10,-1.20,,,,,1.80,,-0.20,-1.30,2.30,2.30,2.40,,,0.20,,,-1.40,,,2.10,1.40,1.50,2.70,1.30,0.50,
2008-12-16 19:50,8.30,9.09,4.76,3.71,3.80,5.55,9.31,7.30,5.40,6.76,6.96,2.96,5.99,5.18,4.24,4.17,2.46,2.61,-1.40,0.88,5.03,4.20,-1.14,,6.91,3.40,6.41,5.71,6.32,4,5.78,5.44,3.04,2.76,4.31,4.13,4.50,4.56,0.60,3.02,3.20,2.06,5.17,3.30,-0.90,5.74,5.10,5.96,,4.40,0.59,0.63,0.29,6.52,0.22,6.97,5.86,5.10,2.93,1.18,3.52,4.20,4.56,0.82,1.16,3.07,5.89,4.87,1.10,1.33,0.84,3.75,4.96,4.82,5.23,2.53,1.40,3.86,5.10,3.91,4.42,5.60,2.51,4.28,0.53,0.78,2.06,3.20,2.79,3.18,2.47,2.74,2.27,3.40,0.98,6.02,-0.10,0.60,0.12,0.17,-0.29,0.13,1.18,3.84,3.50,2.52,4.39,2.60,2.06,1.53,0.14,-1.82,2.27,0.91,1.63,0.39,0.90,0.45,-0.45,0.07,-0.90,-0.94,-1.67,-1.44,0.94,1.76,2.20,1.05,1.10,0.61,-0.80,,0.90,-1.70,5.50,6,6.80,,,,,,,5.20,4.80,,4,7,1.10,0.33,,,,,,,,2.90,4.10,1.10,0,-1.20,,,,,1.80,,-0.30,-1.30,2.30,2.40,2.40,,,0.20,,,-1.40,,,2.10,1.50,1.60,2.70,1.30,0.50,
2008-12-16 20:00,8.30,9.41,4.89,3.58,3.90,5.08,7.88,7.70,5.50,6.92,7,2.59,5.94,6,4.99,4.33,2.01,2.63,-1.70,1.14,5,4.38,-1.08,,7.04,3.55,6.43,5.69,6.43,4,5.84,4.29,3.25,3.11,4.28,4.26,4.52,4.80,0.31,3.82,3.10,2.02,5.19,2.78,-1.10,6.11,5.10,6,,4.52,0.44,0.54,0.19,6.34,0.02,6.87,6.19,5.30,3.41,0.79,3.75,4.20,4.55,0.83,0.99,3.02,6.10,4.89,1.10,1.40,0.92,3.78,4.97,4.80,5.02,2.58,1.50,3.66,5.10,4.14,4.32,5.50,2.31,4.06,0.83,0.78,2.05,3.20,2.79,3.24,2.16,2.77,2.19,3.10,0.85,5.89,-0.12,0.58,0.05,0.17,-0.27,0.18,1.05,3.82,3.58,2.32,4.20,2.60,1.93,1.61,0.21,-1.78,2.35,0.88,1.75,0.39,0.80,0.37,-0.42,-0.06,-0.90,-0.86,-1.56,-1.67,0.85,1.71,2.30,1.10,0.95,0.53,-0.80,7.60,0.80,-1.70,5.20,6.30,6.50,,-0.70,-2.40,5.70,3.20,3.40,5.10,4.80,2.10,4,7,1.10,0,0,1.70,5,3.80,4.90,4.10,3.80,2.90,4.20,1,0,-1.20,2.10,1.90,3.80,2.50,1.70,1.50,-0.30,-1.30,2.30,2.40,2.40,1.20,1.80,0.20,-0.10,0.20,-1.40,2.40,2.30,2.10,1.50,1.60,2.60,1.40,0.50,-1.30
2008-12-16 20:10,8.30,9.52,5.25,3.49,4,4.64,7.07,7.80,5.44,6.96,6.95,2.56,5.65,7.52,5.47,4.21,2.19,2.40,-1.90,0.98,5.03,4.08,-1.17,,6.75,3.73,6.27,5.50,6.16,3.80,5.71,4.58,3.33,3.46,4.21,4.18,4.41,4.73,0.45,3.88,3,2.10,5.08,2.51,-1.20,6.13,5.10,5.75,,4.74,0.50,0.46,0.26,6,-0.15,6.86,6.47,5.80,4,0.60,3.71,4.20,4.63,0.97,1.01,3.22,6.11,4.97,0.70,1.38,1.17,3.69,4.94,4.88,5.06,2.50,1.30,3.43,4.80,4.13,4.38,5.50,2.14,3.47,1.09,1.06,2.30,3.30,2.78,3.34,2.03,2.69,1.98,2.90,0.83,5.45,-0.10,0.55,0.06,0.19,-0.18,0.22,1.09,3.91,3.50,2.02,3.98,2.50,1.74,1.64,0.26,-1.70,2.48,0.90,1.67,0.44,0.90,0.42,-0.42,0,-0.90,-0.94,-1.72,-1.61,1.05,1.74,2.30,1.10,1.05,0.46,-0.90,,0.80,-1.70,5.30,6,6.60,,,,,,,5,4.60,,4,7,1,0.25,,,,,,,,3,4.10,1,0,-1.20,,,,,1.70,,-0.30,-1.30,2.30,2.40,2.40,,,0.20,,,-1.40,,,2.10,1.60,1.70,2.70,1.40,0.50,
2008-12-16 20:20,8.30,9.46,5.73,3.24,3.80,4.58,6.95,7.70,5.35,6.92,6.90,2.55,5.66,8.50,5.55,4.11,1.50,2.41,-1.90,0.64,4.98,4.17,-1.16,,6.58,3.70,6.29,5.33,6.14,3.80,5.56,5.35,2.84,3.71,4.24,4.22,4.37,4.67,0.75,3.66,3,1.99,4.84,2.53,-1.30,6.04,5.10,5.78,,4.90,0.50,0.47,0.33,5.99,-0.43,6.88,6.69,5.90,4.34,0.46,4.21,4.30,4.54,1.01,0.82,3.25,5.91,5.07,0.70,1.54,0.88,3.61,4.84,4.93,5.11,2.08,1.30,3.40,4.50,4,4.43,5.50,1.92,4.05,1.22,1.35,2.42,3.30,2.63,3.49,1.94,2.63,1.96,2.70,0.74,5.73,-0.21,0.40,0.08,0.13,-0.33,0.12,1.21,4.19,3.50,1.55,3.74,2.60,1.63,1.45,0.29,-1.80,2.29,0.83,1.60,0.54,0.90,0.31,-0.44,-0.13,-0.90,-0.96,-1.71,-1.41,1.10,1.82,2.30,1.06,0.85,0.56,-0.90,,0.40,-1.70,5.50,5.90,6.10,,,,,,,4.80,4.60,,4,,1,0.14,,,,,,,,3.20,4.40,1.10,0,-1.20,,,,,1.70,,-0.30,-1.30,2.30,2.40,2.40,,,0.10,,,-1.40,,,2.20,1.70,1.70,2.70,1.40,0.50,
2008-12-16 20:30,8.30,9.40,6.35,3.01,3.80,4.84,6.01,7.10,5.40,7.13,6.76,2.68,5.66,8.69,5.84,4.14,1.65,2.59,-2.20,0.40,4.89,4.02,-1.35,,6.60,3.39,6.80,5.08,6.20,3.90,5.45,5.29,2.56,3.41,4.34,4.18,4.27,4.81,0.70,4.74,3,1.89,4.83,2.82,-1.50,6.20,5.20,5.86,,4.97,0.26,0.39,0.14,5.75,-0.59,6.58,6.63,5.90,5.33,0.33,4.16,4,4.66,1,0.59,3.45,6.07,5.13,0.30,1.62,0.93,3.66,4.78,4.79,5.06,2.03,1.40,3.28,4.30,3.74,4.16,5.50,2.09,4.48,1.57,1.44,2.26,3.30,2.60,3.06,2.01,2.56,1.71,2.40,0.50,5.66,-0.16,0.41,0.10,0.04,-0.36,0.03,1.18,4.17,3.52,1.50,3.55,2.60,1.61,1.40,0.37,-1.75,2.31,0.94,1.67,0.54,1,0.41,-0.49,-0.20,-0.90,-1.07,-1.71,-1.45,0.97,1.83,2.20,1.08,0.97,0.68,-0.90,,0.10,-1.70,5,5.90,6.10,,,,,,,4.70,4.60,,3.90,7.10,0.90,0.05,,,,,,,,3.30,4.60,1,0,-1.20,,,,,1.70,,-0.30,-1.30,2.30,2.40,2.40,,,0.10,,,-1.40,,,2.20,1.80,1.80,2.70,1.40,0.50,
2008-12-16 20:40,8.30,9.29,7.64,2.57,3.80,4.66,5.87,7.70,5.68,7.07,6.76,3.04,5.91,8.83,5.44,3.84,1.55,2.91,-2.30,0.47,4.92,4.09,-1.48,,6.79,3.24,6.59,4.89,6.19,4,5.41,5.45,2.91,3.38,4.41,4.22,4.16,4.82,0.78,4.80,2.90,2.02,4.65,2.82,-1.90,6.11,5.30,5.89,,5.04,0.52,0.28,-0.02,5.98,-0.84,6.51,6.77,6.10,5.19,0.27,4.15,2.50,4.81,1,0.51,4.13,6,5.11,0.40,1.64,0.65,3.68,4.86,4.63,5,2.02,1,3.15,4.50,3.49,4.08,5.40,2.06,4.24,1.62,1.33,2.26,3.40,2.58,3.01,2.04,2.60,1.59,2.20,0.11,5.50,-0.20,0.55,0.02,-0.03,-0.50,-0.08,0.94,4.17,3.42,1.31,3.51,2.60,1.51,1.37,0.44,-1.76,2.34,0.83,1.70,0.63,1,0.36,-0.50,-0.18,-1,-1.21,-1.65,-1.61,1.05,1.81,2.20,1.15,0.99,0.62,-1,,0.10,-1.70,5.30,5.90,6,,,,,,,4.70,4.60,,3.70,7,0.90,-0.05,,,,,,,,3,4.60,0.90,-0.10,-1.10,,,,,1.70,,-0.30,-1.30,2.30,2.50,2.40,,,0.10,,,-1.40,,,2.10,1.90,1.90,2.70,1.40,0.40,
2008-12-16 20:50,8.20,9.35,6.69,2.42,3.70,4.43,5.89,8,5.69,,6.53,3.29,5.89,8.82,5.28,3.75,1.52,3.06,-2.30,0.69,4.87,4.92,-0.97,,6.97,3.39,6.44,4.72,6.19,4.30,5.58,5.28,2.85,3.25,4.55,4.25,4.37,4.23,0.78,5.26,2.80,1.81,4.38,3.38,-1.60,6.04,5.30,5.98,,5.11,0.04,0.23,-0.20,6.30,-0.98,6.50,6.75,6.10,5.21,0.12,4.17,3,4.88,0.95,0.57,3.99,5.89,5.16,0.30,1.52,0.60,3.60,4.92,4.86,5.01,2.01,1.30,3.02,4.59,3.80,4.12,5.30,2.17,4.03,1.60,1.43,2.26,3.30,2.48,2.93,2.13,2.51,1.33,1.90,-0.27,5.79,-0.26,0.50,-0.02,-0.12,-0.45,-0.13,1.06,4.24,3.44,1.50,3.67,2.50,1.44,1.40,0.51,-1.85,2.34,0.91,1.63,0.68,1.10,0.36,-0.60,-0.23,-1,-1.18,-1.66,-1.67,1.07,1.85,2.20,1.19,1,0.62,-1,,0.30,-1.60,4.70,5.80,6.10,,,,,,,4.60,4.50,,3.70,6.90,0.80,-0.05,,,,,,,,3,4.40,0.90,-0.10,-1.10,,,,,1.70,,-0.30,-1.20,2.40,2.50,2.40,,,0.10,,,-1.40,,,2.10,1.90,1.90,2.70,1.40,0.40,
2008-12-16 21:00,8.20,9.60,5.67,2.32,3.70,4.15,5.44,7.20,5.59,6.73,6.58,3.16,5.88,9.08,5.85,3.81,1.52,3.16,-2.40,0.66,5.15,5.78,-0.68,,6.76,3.43,6.33,5,6.14,4.70,5.71,4.91,2.79,3.13,4.35,4.26,4.47,2.93,0.69,4.95,2.90,1.77,4.46,4,-1.40,6.10,5.30,6.04,3.66,5.26,0.20,0.24,-0.14,6.25,-0.73,6.48,6.75,6.20,5.50,-0.01,4.34,1.60,4.94,0.94,0.54,3.90,6.04,5.11,0.40,1.61,0.51,3.50,4.90,4.96,4.94,2.14,1,3.09,4.64,3.71,3.97,5.20,2.21,4.08,1.64,1.32,2.23,3.10,2.33,2.98,2.29,2.45,1.18,1.70,-0.67,6.11,-0.19,0.39,0.03,-0.26,-0.41,-0.17,1.02,4.27,3.47,1.73,3.75,2.60,1.46,1.39,0.56,-1.87,2.38,0.94,1.65,0.65,1.10,0.40,-0.59,-0.28,-1,-1.14,-1.78,-1.57,1,1.94,2.10,1.17,1.16,0.52,-1,6.90,0,-1.50,4.80,5.70,6,0.10,-2.70,-1.30,5.70,3.10,2.90,4.40,4.40,2,3.90,6.80,0.70,-0.40,-0.30,1.70,5.20,3.90,5.10,4.30,4,3.10,4.40,0.90,-0.10,-1.10,2.10,1.90,3.90,2.60,1.70,1.50,-0.30,-1.20,2.50,2.50,2.40,1.30,2.10,0,-0.10,,-1.40,2.30,2.30,2.10,1.90,2,2.60,1.40,0.40,-1.40
2008-12-16 21:10,8.30,9.89,5.28,2.19,3.70,4.07,5.51,7.30,5.68,6.54,6.77,3.06,5.75,8.98,6.45,4.17,1.67,3.35,-2.40,0.40,5.42,5.98,-1,,6.53,3.54,6.14,5.14,6.16,4.50,5.51,4.29,2.68,3.24,4.32,4.28,4.52,2.10,0.48,4.95,3.20,2,4.67,3.78,-1.30,6.17,5.20,6.14,3.53,5.39,-0.05,0.40,-0.23,6.05,-0.71,6.43,6.64,6.40,5.49,0.03,4.29,0.90,4.85,0.97,0.73,3.69,6.12,5.13,0.20,1.67,0.69,3.49,4.93,5.02,4.85,2.23,0.60,3.06,4.70,3.60,3.82,5.10,2.35,3.92,1.61,1.32,2.20,3.10,2.30,2.77,2.49,2.55,1.20,1.50,-0.66,6.42,-0.14,0.47,-0.07,-0.27,-0.51,-0.13,1,4.27,,2.89,3.85,2.50,1.56,1.48,0.57,-1.83,2.36,0.97,1.75,0.59,1.10,0.37,-0.58,-0.27,-1,-1.27,-1.54,-1.54,1.09,1.86,2.30,1.19,1.18,0.40,-1.10,,0.20,-1.50,4.70,5.80,5.80,,,,,,,4.20,4.40,,3.90,6.60,0.70,-0.16,,,,,,,,3.20,4.30,0.90,-0.10,-1.10,,,,,1.70,,-0.30,-1.20,2.50,2.50,2.40,,,0,,,-1.40,,,2.10,1.90,2,2.60,1.40,0.40,
2008-12-16 21:20,8.40,9.72,5.12,1.99,3.60,3.57,5.91,7.90,5.49,6.55,6.86,2.94,5.62,9.20,6.70,4.85,1.69,3.18,-2.60,0.61,5.40,5.84,-1.15,,6.90,3.22,5.92,5.17,6.24,4.10,5.19,3.70,2.68,3.34,4.33,4.44,4.29,2.09,0.03,5,3.30,2.30,4.67,3.68,-1.40,6.34,5.30,6.20,3.55,5.40,0.28,0.31,-0.48,6.11,-1,6.46,6.56,6.40,5.41,-0.17,4.05,0.20,4.87,0.91,1.03,3.84,6.25,5.20,0.20,1.58,0.49,3.69,4.80,5.16,4.90,2.04,1.70,2.95,4.67,3.98,3.90,4.90,2.74,4.13,1.65,1.48,1.97,3,2.22,2.63,2.57,2.43,1.17,1.30,-0.69,6.48,-0.22,0.51,-0.16,-0.28,-0.64,-0.23,0.88,4.39,,3.47,3.81,2.40,1.43,1.51,0.60,-1.83,2.30,0.94,1.90,0.58,1.10,0.45,-0.63,-0.35,-1,-1.20,-1.71,-1.74,1.15,1.83,2.30,1.19,1.17,0.44,-1,,0.20,-1.50,4.90,5.70,5.50,,,,,,,4,4.20,,3.90,6.80,0.60,-0.20,,,,,,,,3.10,4.20,0.80,-0.10,-1,,,,,1.70,,-0.30,-1.20,2.50,2.50,2.40,,,0,,,-1.50,,,2,2,2,2.50,1.40,0.40,
2008-12-16 21:30,8.30,9.52,5.13,1.88,3.10,3.40,5.93,7.60,5.44,6.48,6.89,3.08,5.58,9.01,6.64,4.99,1.63,2.73,-2.70,0.80,5.43,6.11,-1.31,,6.80,3.17,6.01,4.99,6.08,3.90,5.20,2.92,2.48,3.27,4.37,4.33,4.53,1.64,0.37,5.31,3.20,2.15,4.66,3.98,-0.80,6.25,5.50,6.34,3.48,5.26,0.91,0.16,-0.38,6.09,-1.17,6.10,6.54,6.40,6,-0.45,3.48,-0.20,4.85,0.87,1.29,3.88,6.23,5.24,-0.10,1.53,0.38,3.66,4.70,5.20,4.98,1.44,1.90,2.81,4.60,3.82,3.76,4.70,2.99,4.24,1.91,1.61,1.54,2.90,2.18,2.46,2.70,2.42,1.15,1.20,-0.82,6.61,-0.24,0.45,-0.17,-0.33,-0.64,-0.18,1.06,4.49,,3.72,3.96,2.40,1.71,1.52,0.43,-1.87,2.46,0.97,1.89,0.63,1.10,0.36,-0.67,-0.44,-1,-1.28,-1.73,-1.56,1.02,1.89,2.30,1.15,1.13,0.50,-1.10,,0.40,-1.50,5,5.90,5.40,,,,,,,3.70,4.10,,3.80,6.90,0.50,-0.21,,,,,,,,3,4.30,0.70,-0.20,-1,,,,,1.70,,-0.30,-1.10,2.60,2.50,,,,0,,,-1.50,,,1.90,2,2,2.60,1.50,0.40,
2008-12-16 21:40,8.30,9.22,5.03,1.79,2.70,3.44,5.71,7.30,5.56,6.37,6.87,2.97,5.57,8.99,6.73,4.94,1.74,2.73,-2.60,1.47,5.25,6.31,-1.26,,6.52,3.26,6.06,5.04,6.06,3.90,5.04,2.63,2.80,3.47,4.45,4.41,4.65,1.35,0.45,5.41,3.50,2.08,5.07,3.72,-0.80,6.15,5.40,6.21,3.64,5.50,0.60,0.27,-0.14,6.08,-1.13,5.81,6.23,6.40,5.91,-0.63,2.97,-0.30,4.87,0.90,1.60,3.48,6.46,5.22,-0.10,1.67,0.27,3.78,4.58,5.20,4.95,1.21,1.20,2.56,4.60,3.67,3.83,4.50,2.91,4.22,2.10,1.57,1.44,2.90,2.11,2.52,2.44,2.38,1.32,1.10,-0.67,6.80,-0.31,0.43,-0.22,-0.35,-0.58,-0.13,0.98,4.24,,3.96,3.90,2.50,1.69,1.46,0.45,-1.81,2.32,0.94,1.88,0.67,1.20,0.45,-0.69,-0.26,-1.10,-1.34,-1.71,-1.83,0.94,1.91,2.20,1.16,1.20,0.38,-1.10,,0.60,-1.40,5,5.60,5.40,,,,,,,4,4,,3.40,7,0.40,-0.22,,,,,,,,3,4.30,0.60,-0.20,-1,,,,,1.70,,-0.30,-1.10,2.60,2.50,2.40,,,0.10,,,-1.50,,,2,2,2,2.60,1.50,0.40,
2008-12-16 21:50,8.40,9.15,5.06,1.82,2.60,3.46,5.54,7.60,5.46,6.54,6.83,3,5.61,9.54,6.90,4.96,1.84,2.59,-2.60,0.80,5.24,6.20,-1.29,,6.40,3.41,6.16,5.05,6.16,4,4.97,2.43,3.05,3.46,4.50,4.22,4.31,1.79,0.32,4.91,3.60,2.06,5.04,4.04,-0.80,6.14,5.50,6.24,3.91,5.51,0.51,0.22,-0.77,6.01,-1.36,5.85,6.16,6.20,6.16,-0.89,2.56,-0.40,4.69,0.90,1.94,3.46,6.44,5.26,0.20,1.67,0.24,3.51,4.67,5.27,4.93,1.40,1.10,2.54,4.30,3.29,3.55,4.30,2.93,4.20,1.94,1.62,1.53,2.80,1.91,2.37,2.42,2.34,1.27,0.80,-0.79,6.57,-0.32,0.46,-0.07,-0.44,-0.76,-0.09,1.03,4.29,,4.03,3.83,2.50,1.68,1.43,0.53,-1.83,2.44,0.87,1.87,0.60,1.10,0.28,-0.65,-0.35,-1,-1.38,-1.76,-1.57,0.91,1.93,2.20,1.24,1.20,0.51,-1.10,,0.60,-1.40,5.20,5.60,5,,,,,,,3.90,3.80,,3.40,7.10,0.30,-0.21,,,,,,,,3.10,4.10,0.60,-0.20,-1,,,,,1.80,,-0.30,-1.10,2.60,2.60,2.40,,,0.10,,,-1.50,,,2,2.10,1.90,2.60,1.50,0.30,
2008-12-16 22:00,8.30,9.12,4.97,1.73,2.80,3.46,5.48,7.60,5.51,6.78,6.84,3.03,5.51,9.60,6.01,5,1.93,2.59,-2.70,0.70,5.14,4.58,-1.45,,6.33,3.31,6.31,5.42,6.47,4.30,5.07,2.13,3.44,3.53,4.69,4.38,4.30,2.78,0.36,5.33,3.40,2.11,4.98,3.88,-0.70,6.26,5.50,6.30,4,5.43,0.45,0.01,-0.66,6.01,-1.51,4.79,6.25,5.80,5.82,-1.07,2.33,-0.50,4.70,1.02,1.89,3.29,6.42,5.30,0.10,1.61,-0.10,3.66,4.64,5.18,5.07,1.75,1.60,2.37,4.55,3.44,3.48,4,2.75,4.02,1.61,1.68,1.81,2.70,1.77,2.10,2.36,2.34,1.34,0.60,-0.73,6.60,-0.28,0.41,-0.08,-0.42,-0.70,0.01,1.18,4.30,,3.90,3.93,2.50,1.66,1.54,0.58,-1.92,2.43,1.01,1.87,0.75,1.20,0.33,-0.69,-0.27,-1,-1.27,-1.74,-1.47,0.97,2.05,2.30,1.21,1,0.60,-1.10,7.40,0.60,-1.40,5,5.30,5.10,0,-2.80,-1.10,5.80,2.60,3.10,4.10,3.70,1.70,3.30,6.90,0.20,-0.50,-1.20,1.80,5.10,4.40,4.70,4.50,3.90,3.10,4.10,0.60,-0.30,-0.90,2.10,1.80,3.40,2.90,1.70,1.60,-0.30,-1.10,2.60,2.50,2.40,1.30,2.60,0.10,-0.30,0,-1.50,2.30,2.40,2,2.10,2,2.70,1.50,0.30,-1.40
2008-12-16 22:10,8.10,8.95,4.48,1.63,2.60,3.37,5.54,7,5.61,6.82,6.94,3.11,5.74,9.36,5.67,4.81,2.08,2.51,-2.60,1.02,4.96,4.37,-1.53,,6.26,3.61,6.55,5.79,6.54,4.20,5.02,1.86,3.11,3.55,4.70,4.59,4.41,2.04,0.43,5.11,3.30,2.01,4.98,4.04,-0.80,6.85,5.60,6.31,3.80,5.36,0.38,-0.05,-0.74,6.02,-1.58,3.56,6.58,5.70,5.30,-1.30,1.93,-0.80,4.63,1.38,2.54,3.14,6.56,5.35,0,1.63,-0.19,3.62,4.63,5.29,5.06,1.75,1.30,2.34,4.50,3.11,3.60,3.50,2.80,3.85,1.43,1.78,1.87,2.20,1.69,2.08,2.57,2.33,1.30,0.60,-0.56,6.51,-0.42,0.38,-0.15,-0.45,-0.90,0.12,0.97,4.34,,3.80,3.97,2.70,1.70,1.52,0.63,-1.98,2.46,0.92,1.91,0.72,1.10,0.26,-0.69,-0.39,-1.10,-1.28,-1.71,-1.80,0.93,2.13,2.20,1.21,1.30,0.59,-1.10,,0.40,-1.50,5.10,5.10,5.10,,,,,,,4.10,3.70,,3.40,6.90,0.20,-0.44,,,,,,,,3.10,4.20,0.70,-0.40,-0.90,,,,,1.70,,-0.30,-1,2.60,2.60,2.40,,,0.10,,,-1.50,,,2,2.10,2.10,2.70,1.40,0.30,
2008-12-16 22:20,8,8.62,4.25,1.48,2.70,3.33,5.89,6.40,5.48,6.84,7.04,3.12,5.70,8.98,5.90,4.55,2.14,2.50,-2.60,1.04,4.73,4.79,-1.33,,6.07,4.12,6.43,5.70,6.68,4.20,5.64,1.80,3.08,3.39,4.80,4.84,4.86,2.07,0.89,4.73,3.20,1.81,4.83,3.99,-0.70,6.73,5.70,6.37,3.98,5.18,0.32,-0.18,-0.46,6.10,-1.74,2.84,6.80,5.60,5.21,-1.45,1.51,-0.90,4.55,1.35,2.77,3.11,6.56,5.40,-0.10,1.79,-0.12,3.47,4.84,5.44,4.98,1.57,1.30,2.25,4.50,2.89,3.40,3.10,2.91,3.64,1.26,1.80,2.03,2.40,1.64,2.03,2.31,2.30,1.27,0.60,-0.87,6.60,-0.42,0.19,-0.17,-0.54,-0.99,0.22,1.03,4.25,,3.65,3.83,2.70,1.82,1.47,0.58,-1.98,2.44,1.04,1.84,0.78,1.10,0.27,-0.69,-0.39,-1.10,-1.22,-1.79,-1.88,0.97,2.02,2.30,1.23,1.19,0.55,-1.10,,0.20,-1.50,5.20,5.60,5.20,,,,,,,4.10,3.80,,3.50,6.70,0.10,-0.49,,,,,,,,3,4.10,0.80,-0.30,-0.90,,,,,1.70,,-0.30,-1,2.60,2.60,2.30,,,0.20,,,-1.60,,,2.10,2.10,2.10,2.80,1.40,0.30,
2008-12-16 22:30,8,8.30,3.98,1.62,2.80,3.58,6.19,6.30,5.13,6.77,6.76,3.16,5.54,8.85,6.08,4.36,2.10,2.51,-2.60,0.56,4.64,4.80,-1.26,,6.36,4.09,6.23,5.66,6.82,4.80,5.65,1.42,3.34,2.94,4.89,5.03,5.31,2.52,0.78,4.30,2.80,1.68,4.70,3.81,-0.70,6.68,5.70,6.40,4.16,5.14,0.42,-0.37,-0.30,6.15,-1.65,2.82,6.61,5.60,5.72,-1.46,1.40,-1.10,4.44,1.33,3.34,3,6.57,5.39,0,1.89,-0.21,3.62,5.04,5.44,5.08,1.35,1.30,2.16,4.70,2.63,3.39,2.80,2.64,3.40,1.17,1.88,2.01,2.30,1.71,2.16,2.31,2.40,1.23,0.50,-1.30,6.85,-0.27,0.16,-0.18,-0.63,-1.06,0.36,0.94,4.16,,3.49,3.64,2.60,1.73,1.46,0.56,-1.95,2.42,0.88,1.79,0.83,1.10,0.22,-0.70,-0.42,-1.10,-1.15,-1.77,-1.82,0.95,2.08,2.40,1.26,1.29,0.54,-1.20,,0.30,-1.70,5.50,6,5.40,,,,,,,4,3.40,,3.60,6.60,0.10,-0.53,,,,,,,,3,4.10,0.80,-0.30,-0.80,,,,,1.70,,-0.30,-0.90,2.60,2.70,2.30,,,0.20,,,-1.60,,,2.20,2.20,2.10,2.80,1.40,0.20,
2008-12-16 22:40,8.10,8.17,3.78,1.93,3.20,3.71,6.10,6.50,4.78,6.69,7.22,3.17,5.80,8.55,6.20,4.51,2.01,2.35,-2.60,0.38,4.64,4.85,-1.09,,6.13,4.09,6.41,5.77,6.91,4.70,5.25,1.24,3.30,2.53,4.78,5.15,5.74,3.25,1.07,4.87,2.60,1.72,4.50,3.54,-0.50,6.51,5.70,6.44,4.32,5.17,-0.10,-0.49,-0.63,6.18,-1.79,2.79,6.36,5.50,5.64,-1.49,1.27,-1.30,4.42,1.23,3.22,2.96,6.63,5.39,0.20,1.86,-0.17,3.57,4.90,5.51,5.12,1.16,1.30,2.25,4.90,2.54,3.17,3.35,2.97,3.49,1.44,1.96,2.02,2.40,1.89,2.35,2.14,2.48,0.96,0.40,-1.31,6.93,-0.26,-0.04,-0.16,-0.59,-1.05,0.49,0.59,4.35,,3.44,3.65,2.60,1.75,1.47,0.62,-1.96,2.46,0.97,1.83,0.88,1.10,0.24,-0.69,-0.37,-1.20,-1.32,-1.85,-1.76,0.97,2.15,2.30,1.30,1.39,0.56,-1.20,,0.50,-1.70,5.70,6.20,5.40,,,,,,,4,3.20,,3.50,6.60,0.10,-0.57,,,,,,,,3.10,4,0.90,-0.40,-0.80,,,,,1.60,,-0.30,-0.90,2.60,2.70,2.30,,,0.20,,,-1.60,,,2.30,2.20,2.10,2.90,1.40,0.10,
2008-12-16 22:50,8,8.22,3.42,2.23,3.40,3.84,6.14,6.40,4.77,6.75,6.54,3.13,5.89,8.42,6.48,4.78,1.98,2.23,-2.60,0.40,4.60,4.74,-1.08,,5.45,4.18,6.27,6.16,6.86,4.50,5.82,1.13,3.52,2.19,5.02,5.17,6.25,2.99,1.07,4.63,2.60,1.56,4.33,3.17,-0.60,6.52,5.50,6.40,4.35,5.40,-0.25,-0.46,-0.55,6.02,-1.68,2.40,6.10,5.20,5.27,-1.61,1.12,-1.60,4,1.17,2.74,3.01,6.60,5.45,0.60,2.09,-0.17,3.57,4.99,5.50,5.16,1.33,1.40,2.40,4.90,2.52,3.10,4.35,3.08,3.81,1.56,1.85,2.02,2.40,1.89,2.26,2.25,2.44,0.83,0.30,-1.48,6.76,-0.23,0.13,-0.18,-0.64,-1.05,0.40,0.49,4.40,,2.93,3.45,2.60,1.92,1.50,0.61,-1.89,2.53,0.95,1.89,0.87,1.10,0.25,-0.72,-0.30,-1.20,-1.35,-1.87,-1.64,1.01,2.27,2.30,1.33,1.30,0.56,-1.20,,0.40,-1.80,6.50,6.60,5.10,,,,,,,3.90,2.90,,3.60,6.60,0.10,-0.56,,,,,,,,3,3.90,0.90,-0.40,-0.80,,,,,1.60,,-0.30,-0.90,2.60,2.70,,,,0.20,,,-1.60,,,2.50,2.20,2.40,2.80,1.40,0.10,
2008-12-16 23:00,7.90,7.73,3.58,2.23,3,3.50,6.35,6.20,4.47,6.69,6.82,3.08,5.95,8.29,6.92,4.84,1.58,2.12,-2.80,0.85,4.50,4.15,-1.36,,5.15,3.85,6.52,6.09,6.68,4.50,5.83,1.16,3,1.89,5.28,5.08,6.41,4.11,1.28,4.39,2.60,1.18,3.88,3.13,-0.60,6.40,5.40,6.37,4.49,5.71,0.07,-0.62,-0.17,5.52,-2.02,2.01,6.39,5.20,5.40,-1.81,0.99,-1.60,3.93,1.33,2.81,2.96,6.68,5.42,1,2.23,0.27,3.67,5.19,5.44,5.15,1.11,1.80,2.36,4.76,2.30,3.15,4.63,3.08,3.60,1.67,2.03,1.93,2.40,2.03,2.30,2.31,2.27,0.71,0.30,-1.59,7.08,-0.17,0.08,-0.08,-0.69,-1.10,0.34,0.47,4.24,3.48,2.64,3.16,2.60,1.95,1.49,0.74,-1.90,2.49,0.90,1.93,0.81,1,0.23,-0.82,-0.33,-1.20,-1.36,-1.83,-1.51,1.07,2.14,2.20,1.26,1.25,0.34,-1.20,5.80,0.70,-1.70,7.20,6.50,5.30,0.20,-2.20,-1.80,5.90,2.40,1.80,4,3.10,1.70,3.60,6.80,-0.10,-0.60,-0.60,1.80,4.80,4.30,3.80,4.60,3.10,3.10,3.80,0.90,-0.40,-0.70,2.30,1.80,3.70,3,1.60,1.50,-0.30,-0.90,2.50,2.70,2.40,1.40,2.60,0.20,-0.50,,-1.60,2.40,2.60,2.60,2.30,2.20,2.80,1.50,0.10,-1.50
2008-12-16 23:10,7.80,6.70,3.64,1.90,2.60,3.51,8.40,6.10,4.89,6.57,6.86,3.11,5.91,8.47,7.05,5.02,1.27,2.12,-2.70,1.05,4.44,4.41,-1.38,,4.84,3.45,6.53,6.07,6.55,4.40,6.62,1,2.81,1.42,5.24,5.27,6.56,5.21,1.37,4.32,2.40,1.12,3.82,3.55,-0.60,6.77,5.50,6.37,4.56,5.67,-0.13,-0.71,-0.98,5.15,-2.06,2.46,6.40,5.20,5.16,-2.01,1.03,-1.60,4.03,1.61,2.67,2.85,6.55,5.44,0.50,2.41,0.32,3.78,5.11,5.37,5.17,1.01,3.20,2.49,4.86,2.33,3.19,4.60,3.29,3.84,1.55,2.10,1.99,2.30,2.18,2.15,2.31,2.26,0.41,0.20,-1.44,7.35,-0.24,0.05,-0.21,-0.69,-1.10,0.34,0.43,4.01,3.34,2.34,3.18,2.60,2.02,1.45,0.64,-1.89,2.42,1,1.87,0.90,0.90,0.17,-0.70,-0.34,-1.20,-1.21,-1.81,-1.64,0.99,2.21,2.20,1.26,1.24,0.50,-1.20,,0.80,-1.70,6.90,6.60,5.20,,,,,,,3.90,2.40,,3.60,6.90,-0.20,-0.69,,,,,,,,3.10,3.50,0.90,-0.40,-0.80,,,,,1.60,,-0.30,-0.80,2.50,2.70,2.30,,,0.20,,,-1.60,,,2.60,2.30,2.10,2.80,1.40,0.10,
2008-12-16 23:20,7.60,5.62,3.68,2.24,2.40,3.23,8.96,6,5.07,6.46,6.97,2.99,5.88,8.21,7.01,4.85,1.29,1.86,-2.60,1.65,4.28,4.74,-1.37,,4.78,3.56,6.12,6.11,6.51,4.20,6.92,0.88,2.51,1.13,5.28,5.25,6.66,5.35,1.47,4.12,2.30,1.05,3.80,3.95,-0.30,6.86,5.60,6.25,4.36,5.66,0.48,-0.70,-0.78,4.89,-1.92,2.28,6.10,5.20,4.08,-1.98,0.87,-1.50,4.37,1.46,2.73,2.86,6.38,5.35,0.40,2.55,0.59,3.61,4.99,5.34,5.28,0.84,4.10,2.75,5.03,2.29,3.52,4.55,3.41,3.78,1.77,2.36,2.10,2.20,2.48,2.23,2.26,2.01,0.29,0.20,-1.45,7.32,-0.25,0.05,-0.18,-0.59,-1.07,0.39,0.13,3.93,3.27,2.16,3.19,2.60,1.94,1.50,0.62,-1.87,2.56,1.03,1.81,0.74,0.90,0.20,-0.82,-0.37,-1.20,-1.19,-2,-1.90,1.09,2.26,2.20,1.29,0.95,0.24,-1.20,,0.90,-1.70,7.30,6.40,4.80,,,,,,,3.90,2.40,,3.40,7,-0.30,-0.55,,,,,,,,3.10,3.50,1,-0.40,-0.70,,,,,1.60,,-0.30,-0.80,2.50,2.70,,,,0.20,,,-1.70,,,2.60,2.30,2.20,2.80,1.40,0.10,
2008-12-16 23:30,7.70,5.33,3.69,2.04,2,3.29,8.47,5.80,4.88,6.44,6.87,2.94,5.68,8.25,6.89,5.08,1.13,2.16,-2.60,1.59,4.02,4.32,-1.35,,4.29,3.47,5.75,6.25,6.44,4.30,7.17,1.16,2.35,1.83,5.31,5.16,6.74,5.42,1.52,4.09,2.20,1.38,3.47,4.01,-0.20,6.86,5.90,6.05,4.34,5.68,0.33,-0.87,-0.52,4.51,-1.87,2.25,5.49,5.20,3.44,-1.85,0.70,-1.30,4.37,1.40,2.81,3.05,6.50,5.17,0.40,2.48,0.71,3.72,4.90,5.39,5.35,0.67,4.30,2.58,4.78,2.56,3.73,4.68,3.45,3.36,1.59,2.58,1.78,1.90,2.57,2.07,2.34,1.72,0.18,0.30,-1.65,7.60,-0.49,0.04,-0.23,-0.56,-1.01,0.39,-0.09,4.07,3.17,1.99,3.31,2.60,1.88,1.49,0.70,-1.85,2.64,0.94,1.60,0.80,0.90,0.32,-0.70,-0.53,-1.20,-1.38,-1.87,-1.81,1.23,2.22,2.20,1.30,1.35,0.43,-1.20,,1.10,-1.70,7.60,6.70,4.50,,,,,,,4,1.30,,3.30,7,-0.20,-0.45,,,,,,,,3.20,3.60,1,-0.40,-0.70,,,,,1.60,,-0.30,-0.80,2.50,2.70,2.40,,,0.30,,,-1.70,,,2.70,2.30,2.30,2.80,1.40,0.10,
2008-12-16 23:40,7.60,4.68,3.54,1.89,2.10,3.42,7.28,5.60,4.17,6.61,6.82,2.95,5.51,8.25,6.75,5.10,1.58,2.12,-2.50,1.41,4.12,4.97,-1.39,,4.15,3.48,6.18,6.52,6.53,4.60,7.48,1.36,1.98,1.56,5.26,5.13,6.83,5.39,1.81,4.05,2,1.59,3.51,4.01,-0.10,6.89,6.10,6.20,4.25,5.80,1.04,-0.76,-1,4.29,-2.26,2.41,5,5.30,3.17,-1.73,0.64,-0.80,4.33,1.39,2.76,2.97,6.36,5.06,0.10,2.48,0.87,3.78,5.02,5.34,5.45,0.43,4.20,2.56,4.41,2.71,3.20,4.67,3.26,2.98,1.63,2.93,1.80,1.50,2.48,1.88,2.30,1.47,0.28,0.50,-1.73,7.71,-0.58,-0.02,-0.15,-0.62,-1.03,0.48,-0.22,3.87,3.23,1.52,2.99,2.50,1.90,1.45,0.71,-1.88,2.54,0.93,1.64,0.74,0.90,0.16,-0.70,-0.47,-1.20,-1.37,-1.96,-1.59,1.09,2.16,2.20,1.35,1.19,0.37,-1.30,,1.10,-1.80,7.60,6.60,4.60,,,,,,,3.70,1.70,,3.30,7,-0.20,-0.44,,,,,,,,3.30,3.80,0.80,-0.40,-0.60,,,,,1.60,,-0.40,-0.80,2.50,2.70,2.40,,,0.30,,,-1.70,,,2.70,2.30,2.40,2.80,1.50,0.10,
2008-12-16 23:50,7.80,4.08,3.67,1.56,2.40,3.11,7.51,5.40,4.49,6.84,6.83,3.09,5.47,8.15,6.70,5.29,1.41,2.13,-2.40,1.55,3.93,4.60,-1.13,,4.31,3.67,6.46,6.47,6.59,4.60,7.69,1.31,2.06,1.82,5.17,5,6.95,5.09,2.05,3.90,2,1.69,3.85,4.08,-0.10,7.16,6.10,6.28,4.23,5.83,0.73,-0.65,-0.85,3.97,-2.33,2.18,4.84,5.30,3.13,-1.73,0.60,-1,4.30,1.47,3.12,3.28,6.56,5.02,0.30,2.33,0.82,3.68,5.28,5.42,5.48,0.38,4.60,2.66,3.88,2.60,3.28,4.67,2.76,2.84,2.28,3.53,1.77,1.40,2.39,1.59,2.20,1.19,0.11,0.70,-1.60,7.60,-0.69,-0.05,0.10,-0.73,-0.86,0.37,-0.38,3.79,3.34,1.34,3.26,2.60,1.90,1.44,0.72,-1.82,2.56,1.02,1.74,0.70,0.90,0.18,-0.66,-0.52,-1.20,-1.32,-1.97,-1.66,1.06,2.08,2.10,1.43,1.16,0.26,-1.30,,1.80,-1.70,8,6.40,4.80,,,,,,,3.70,2.70,,3.20,7,-0.30,-0.35,,,,,,,,3.30,3.90,0.50,-0.40,-0.70,,,,,1.60,,-0.30,-0.70,2.50,2.70,2.30,,,0.30,,,-1.70,,,2.80,2.30,2.40,2.90,1.50,0.10,
2008-12-17 00:00,7.60,3.79,3.53,1.37,2.60,2.92,8.16,5.30,4.57,6.98,7,3.11,5.49,8.18,6.68,5.28,1.33,2.30,-2.50,1.84,3.90,5.20,-1.17,,3.93,3.68,6.32,6.44,6.54,4.40,7.74,1.29,2.66,2.12,5,5.15,6.89,4.93,1.87,3.96,2.40,1.64,4.41,4.24,0.10,7.13,6.20,6.34,4.12,5.75,0.81,-0.80,-0.90,3.76,-2.43,2.01,4.39,5.50,3.46,-1.66,0.53,-0.30,4.33,1.22,3.02,3.08,6.44,5,0.20,2.42,0.73,3.67,5.12,5.48,5.46,0.56,5.10,2.77,3.78,2.56,3.13,4.51,2.17,2.94,2.38,3.96,1.74,1.20,2.29,1.41,2.27,0.95,-0.04,0.80,-1.19,7.55,-0.69,-0.10,0.30,-0.72,-0.83,0.35,-0.43,3.82,3.57,1.30,3.47,2.60,1.96,1.39,0.78,-1.87,2.50,1.07,1.75,0.75,0.90,0.15,-0.69,-0.41,-1.20,-1.29,-1.96,-1.58,1.35,2.08,2.10,1.38,1.06,0.29,-1.30,5.40,2.80,-1.70,7.60,6.10,4.30,-0.20,-2.30,-1.60,6,3.90,1.60,3.50,2.80,2.50,3.20,7.10,-0.40,-0.20,-0.20,1.70,4.70,4.40,4.30,3,2.20,3.30,3.80,0.50,-0.50,-0.70,2.40,1.80,4,3.30,1.60,1.50,-0.30,-0.70,2.50,2.80,2.40,1.50,2.60,0.20,-0.50,-0.10,-1.70,,2.70,2.70,2.30,2.50,2.80,1.50,0,-1.60
2008-12-17 00:10,7.70,3,3.52,1.12,2.48,3.17,9.35,5.10,4.28,7.07,7.16,3.17,5.41,8.12,6.57,5.36,1.91,2.40,-2.50,1.53,4.18,5.10,-0.75,,4.01,3.73,6.68,6.13,6.60,4.20,7.76,1.16,2.94,2.94,5.36,5.18,6.71,3.96,1.57,3.98,2.60,1.60,4.85,4.21,0.30,6.87,6.30,6.39,4.45,5.65,1.03,-0.81,-1.02,3.61,-2.52,2.11,3.83,5.50,4,-1.64,0.64,0.90,4.34,1.47,3.02,3.07,6.53,5.01,0.50,2.42,1,3.78,4.96,5.52,5.45,0.75,4.90,2.91,3.75,2.56,3.03,4.20,1.66,2.69,2.12,3.50,1.70,1.20,2.16,1.58,2.50,0.80,-0.10,0.90,-0.67,7.52,-0.78,-0.03,0.38,-0.67,-0.77,0.34,-0.52,3.74,3.75,1.18,3.61,2.60,1.87,1.44,0.85,-1.82,2.54,0.91,1.70,0.70,0.80,0.25,-0.78,-0.43,-1.20,-1.37,-1.92,-1.59,1.15,2.10,2.20,1.34,1.34,0.33,-1.30,,2.80,-1.60,7.40,6.70,4.10,,,,,,,3.60,2.90,,3.10,7.20,-0.40,-0.32,,,,,,,,3.20,3.80,0.40,-0.40,-0.70,,,,,1.60,,-0.30,-0.70,2.50,2.70,2.40,,,0.20,,,-1.70,,,2.70,2.20,2.60,2.80,1.50,0,
2008-12-17 00:20,8,2.98,3.47,0.95,2.57,4.23,9.64,5.10,4.36,7.02,7.02,3.30,5.45,8.31,6.55,5.29,2.45,2.74,-2.40,1.33,4.16,5.45,-0.46,,4.54,4.02,6.74,5.91,6.60,4.40,7.79,1.21,2.96,2.67,5.41,5.33,6.73,3.31,1.29,3.87,2.50,1.32,4.73,3.99,0.40,6.91,6.20,6.40,4.56,5.58,1.14,-0.85,-0.83,3.51,-2.46,1.96,3.32,5.30,4.03,-1.65,0.90,0,4.33,1.43,3.14,2.90,6.39,5.24,0.40,2.71,0.87,3.75,4.87,5.57,5.52,0.90,5.40,3.05,3.60,2.39,2.91,4.20,1.29,2.80,1.98,3.95,1.63,1.20,2.22,1.85,2.71,0.45,0,0.90,-0.46,7.59,-0.79,-0.18,0.41,-0.71,-0.78,0.35,-0.66,3.68,3.84,1.03,3.66,2.60,1.78,1.50,0.78,-1.83,2.58,1.09,1.65,0.65,0.80,0.29,-0.77,-0.39,-1.20,-1.38,-1.99,-1.70,1.30,2.06,2.10,1.36,1.39,0.29,-1.30,,2.50,-1.70,7,6.70,4,,,,,,,3.50,3,,3.10,7.40,-0.50,-0.29,,,,,,,,3.20,3.80,0.20,-0.50,-0.70,,,,,1.70,,-0.30,-0.70,2.50,2.70,2.40,,,0.20,,,-1.70,,,2.70,2.30,2.60,2.70,1.60,0,
2008-12-17 00:30,8.20,3.68,3.46,1.02,3.13,4.61,9.32,4.80,4.38,6.87,6.21,3.34,5.29,8.33,6.47,5.35,2.35,2.83,-2.30,1.76,4.06,5.49,-0.55,,4.36,4.15,6.67,5.80,6.53,5.10,7.74,1.22,2.62,2.57,5.48,5.42,6.79,3.98,1.44,3.69,2.90,1.74,4.49,4.67,0.50,6.88,6.20,6.44,4.72,5.60,1.35,-0.67,-0.79,3.55,-2.46,2.02,2.95,5.30,3.91,-1.80,1.18,-0.30,4.43,1.32,2.98,2.65,6.36,5.59,0.50,2.78,0.90,3.70,5.12,5.69,5.63,1.36,5.40,3.79,3.90,2.31,2.79,4,1.25,2.71,1.97,4.37,1.64,1.40,2.22,1.78,2.65,0.24,0.07,1,-0.05,7.49,-0.91,-0.17,0.40,-0.65,-0.79,0.34,-0.82,3.73,4.25,1.03,3.69,2.60,1.78,1.37,0.76,-1.85,2.67,1.04,1.61,0.69,0.80,0.28,-0.68,-0.37,-1.20,-1.35,-1.94,-1.77,1.35,2.03,2.10,1.43,1.24,0.20,-1.30,,3.20,-1.60,6.90,6.40,4.20,,,,,,,3.30,3,,3.30,7.50,-0.70,-0.34,,,,,,,,3.20,3.50,-0.10,-0.60,-0.70,,,,,1.70,,-0.30,-0.60,2.50,2.70,2.40,,,0.20,,,-1.70,,,2.60,2.20,2.60,2.70,1.60,0,
2008-12-17 00:40,8.30,4.23,3.51,1.17,3.07,5.01,8.18,4.70,4.10,6.75,4.88,3.48,5.19,8.07,6.53,5.43,2.46,2.94,-2.30,1.87,3.78,5.76,-0.41,,3.89,4.13,6.26,5.69,6.48,5.10,7.46,2.16,2.75,3.55,5.41,5.43,6.77,5.08,1.37,3.63,3,2.15,4.28,5.71,0.40,6.90,6,6.51,4.60,5.64,1.07,-0.66,-0.79,3.49,-2.48,2.21,3.24,5.30,3.86,-1.77,1.39,-0.20,4.38,1.35,3.02,2.89,6.48,5.69,0.30,2.31,0.86,3.83,5.20,5.86,5.83,1.32,4.20,3.99,4.10,2.39,2.95,3.90,0.91,2.95,1.99,4.18,1.68,1.20,2.18,1.56,2.58,-0.02,-0.06,1.10,0.08,7.35,-0.94,-0.06,0.50,-0.67,-0.72,0.31,-0.96,3.76,4.56,1.05,3.53,2.60,1.77,1.37,0.68,-1.78,2.63,1.05,1.57,0.66,0.80,0.24,-0.74,-0.41,-1.20,-1.22,-1.89,-1.78,1.37,2,2.20,1.41,1.24,0.25,-1.30,,2,-1.60,7.30,5.60,3.90,,,,,,,3.60,3.10,,3.40,7.70,-0.80,-0.35,,,,,,,,3.20,3.40,-0.20,-0.60,-0.60,,,,,1.70,,-0.30,-0.60,2.40,2.70,2.40,,,0.20,,,-1.70,,,2.60,2.20,2.70,2.70,1.60,0.10,
2008-12-17 00:50,8.30,4.61,3.67,1.46,3.03,4.94,6.79,4.40,3.74,6.87,3.93,3.47,5.32,7.33,6.61,5.47,2.01,2.55,-2.30,1.73,3.61,5.96,-0.08,,3.69,4.02,6.51,5.65,6.57,5,7.24,3.03,3.06,3.93,5.57,5.44,7.03,5.72,1.28,3.58,3,1.90,4.17,6.16,0.50,7.11,6.10,6.68,4.61,5.76,1.61,-0.86,-0.67,3.26,-2.56,2.17,3.28,5.30,4.44,-1.82,1.64,-0.30,4.38,1.50,3.48,2.86,6.47,5.62,0.40,2.40,0.87,3.78,5.17,5.87,5.95,1.51,3.80,4,4,2.24,2.85,4,0.94,3.47,2.16,4.80,1.68,1,2.02,1.77,2.50,-0.13,-0.04,1.20,-0.30,7.30,-0.87,-0.06,0.42,-0.68,-0.74,0.30,-1.11,3.82,4.57,1.09,3.51,2.50,1.70,1.36,0.60,-1.79,2.50,1.06,1.57,0.63,0.80,0.23,-0.68,-0.41,-1.20,-1.14,-1.89,-1.71,1.38,2.01,2.20,1.46,1.35,0.25,-1.30,,1.50,-1.70,7.80,5.70,4,,,,,,,3.50,2.90,,3.50,7.80,-0.80,-0.24,,,,,,,,3.10,3.10,-0.30,-0.70,-0.60,,,,,1.70,,-0.30,-0.60,2.50,2.70,,,,0.20,,,-1.60,,,2.60,2.20,2.70,2.60,1.60,0.10,
2008-12-17 01:00,8.30,4.86,3.38,2.29,3.27,5.29,6.23,4.50,3.97,6.87,4.51,3.48,5.58,6.92,6.71,5.50,2.01,2.08,-2.30,2.20,3.72,5.43,-0.15,,3.53,4.28,6.24,5.71,6.76,5.50,7.26,3.74,2.98,4.36,5.62,5.60,7.02,5.75,1.23,3.66,2.80,1.69,3.60,6.18,0.50,7.15,6.20,6.75,4.59,5.88,1.47,-0.90,-1.11,3.07,-2.60,2.11,3.10,5.40,6,-1.85,1.68,-0.40,4.45,1.60,3.88,3.04,6.53,5.57,0.30,2.84,1,3.73,5.01,5.90,5.88,1.52,3.50,3.70,3.80,2.40,3.20,3.80,1.11,3.78,2.42,5.76,1.79,0.90,1.97,2.11,2.56,-0.39,-0.07,1.30,-0.50,7.04,-0.88,-0.12,0.33,-0.65,-0.78,0.22,-1.21,3.82,4.62,1.06,3.47,2.50,1.74,1.34,0.72,-1.65,2.42,1.08,1.66,0.65,0.90,0.28,-0.80,-0.41,-1.20,-1.13,-1.88,-1.66,1.37,1.97,2.20,1.48,1.24,0.45,-1.30,7.60,1.60,-1.80,7.80,5.80,4.30,-0.50,-2.10,-0.60,6.30,2.50,1.70,3.40,2.70,2.60,3.50,7.90,-0.90,-0.70,-0.10,1.70,6.60,4.20,4.10,2.80,2.20,3.20,3.10,-0.60,-0.70,-0.60,2.40,1.90,4,3.30,1.70,1.40,-0.30,-0.60,2.40,2.70,2.40,1.50,2.60,0.20,-0.60,-0.20,-1.60,2.60,2.70,2.60,2.20,2.70,2.70,1.70,0,-1.60
2008-12-17 01:10,8.40,4.87,3.44,2.83,3.10,5.42,6.01,4.30,4.01,7.07,5.93,3.34,5.70,6.63,6.69,5.56,2.36,1.83,-2.20,1.66,3.75,5.18,-0.10,,3.61,4.08,5.89,5.79,6.97,5.80,7.14,4.13,2.45,4.43,5.58,5.79,7.08,5.48,1.26,3.57,2.80,1.73,3.49,6,0.40,6.93,6.40,6.78,4.40,5.89,1.30,-0.65,-1.17,2.78,-2.59,2.23,3.09,5.50,6.94,-1.82,1.45,-0.60,4.77,2,3.84,2.97,6.68,5.87,0.40,3.13,1.03,4.02,4.95,5.91,6.09,1.41,3.10,3.04,3.10,2.67,3.49,3.20,1.61,3.80,2.51,5.65,2.03,0.70,1.91,2.28,2.48,-0.61,-0.10,1.30,-0.51,7.16,-0.92,-0.09,0.32,-0.58,-0.62,0.10,-1.21,3.92,4.73,0.88,3.55,2.50,1.72,1.17,0.70,-1.54,2.53,1.19,1.62,0.68,0.90,0.27,-0.84,-0.36,-1.30,-1.13,-1.93,-1.76,1.42,2.09,2.20,1.49,1.18,0.44,-1.30,,1.80,-1.80,7.30,5.70,4.10,,,,,,,3.50,2.70,,3.50,7.90,-0.90,-0.23,,,,,,,,3.30,3.50,-0.60,-0.70,-0.60,,,,,1.70,,-0.30,-0.50,2.40,2.70,2.40,,,0.20,,,-1.60,,,2.60,2.30,2.70,2.70,1.70,0,
2008-12-17 01:20,8.50,4.66,3.35,3.78,3,5.36,5.67,4.10,4.16,7.17,6.65,3.35,5.67,6.54,6.82,5.27,2.58,2.04,-2.10,1.83,3.66,5.14,-0.08,,3.80,3.97,5.56,5.91,6.96,5.40,7.24,4.28,2.58,4.47,5.78,5.76,7.26,4.77,1.32,3.41,2.90,1.82,3.27,6.03,0.40,7.01,6.40,6.80,4.21,5.94,1.52,-0.67,-1.01,2.78,-2.43,2.41,3.05,5.50,6.70,-1.65,1.44,-0.60,4.77,1.93,3.83,3.06,6.62,5.83,0.80,3.04,1.13,4.11,4.93,5.83,6.19,1.40,2.90,2.28,2.50,1.94,3.43,2.40,1.77,3.70,2.37,5.52,1.93,0.80,1.95,2.49,2.75,-0.64,-0.04,1.30,-0.09,6.80,-0.89,-0.06,0.27,-0.55,-0.57,-0.03,-1.27,3.84,4.80,0.65,3.45,2.50,1.51,1.08,0.72,-1.59,2.54,1.26,1.78,0.73,1,0.12,-0.68,-0.47,-1.30,-1.20,-1.81,-1.70,1.35,2.11,2.20,1.52,1.54,0.49,-1.30,,2.20,-1.80,8.50,6.10,4,,,,,,,3.50,2.90,,3.40,7.90,-0.80,-0.18,,,,,,,,3.20,3.90,-0.50,-0.70,-0.60,,,,,1.70,,-0.30,-0.50,2.40,2.70,2.40,,,0.20,,,-1.50,,,2.60,2.30,2.70,2.80,1.70,0.10,
2008-12-17 01:30,8.50,4.57,3.54,5.76,2.90,5.09,5.65,3.90,3.98,7.19,5.50,3.54,5.58,6.43,6.81,5.40,2.72,1.80,-2.10,1.94,3.72,5.34,0.05,,3.34,3.64,5.94,6.03,7.22,5.60,6.96,4.87,2.43,4.63,5.97,5.84,7.43,4.69,1.43,3.30,2.80,1.95,3.18,6.07,0.40,7.04,6.50,6.73,4.39,5.91,2.13,-0.72,-0.79,2.65,-2.36,2.44,3.25,5.50,6.56,-1.57,1.38,-0.40,4.77,1.72,3.89,3.28,6.51,6.01,1.60,3.08,1.45,4.22,4.98,5.83,6.16,1.67,2.50,2.37,3.30,1.80,3.07,2.10,1.57,3.64,2.44,5.66,1.93,1,1.72,2.46,2.58,-0.71,-0.06,1.50,-0.07,6.85,-0.91,0,0.10,-0.50,-0.59,-0.20,-1.46,4.01,4.93,0.66,3.52,2.40,1.48,1.01,0.63,-1.56,2.56,1.32,1.64,0.76,1,0.31,-0.72,-0.40,-1.30,-1.24,-1.71,-1.82,1.44,2.09,2.20,1.53,1.38,0.43,-1.40,,2.50,-1.80,8.90,6.30,4.30,,,,,,,3.60,2.50,,3.40,7.90,-0.70,-0.09,,,,,,,,3.30,4,-0.60,-0.70,-0.60,,,,,1.80,,-0.30,-0.50,2.40,2.60,2.40,,,0.20,,,-1.50,,,2.60,2.30,2.80,2.80,1.70,0,
2008-12-17 01:40,8.50,4.70,3.81,6.94,3.30,5.07,5.62,3.80,3.94,7.19,5.84,3.73,5.35,6.66,6.69,5.10,2.90,1.63,-2.10,1.93,3.71,5.29,-0.07,,3.19,3.20,6.48,5.91,7.19,5.80,7.05,5.08,1.73,4.74,6.07,5.84,7.59,4.13,1.34,3.40,3.10,1.96,3.52,6.30,0.50,7.27,6.40,6.71,4.37,5.94,2.85,-0.54,0.21,2.65,-2.05,2.49,3.18,5.50,6.36,-1.40,1.25,-0.40,4.74,1.91,3.35,3.67,6.78,6,1.90,3.34,1.71,4.28,5.08,5.83,6.08,1.92,2.40,5.02,3.30,1.97,2.71,1.90,1.83,3.95,2.41,5.61,1.47,1.10,1.66,2.55,2.68,-0.68,-0.04,1.50,-0.14,7.13,-0.81,-0.04,0.09,-0.39,-0.61,-0.26,-1.47,3.92,4.99,1.01,3.62,2.50,1.67,1.01,0.67,-1.61,2.61,1.28,1.54,0.81,1,0.36,-0.74,-0.57,-1.30,-1.19,-1.74,-1.72,1.43,2.12,2.30,1.60,1.23,0.32,-1.40,,2.70,-1.90,9.10,6.10,4.50,,,,,,,3.50,2.90,,3.50,7.90,-0.60,-0.03,,,,,,,,3.30,4.10,-0.70,-0.70,-0.60,,,,,1.80,,-0.20,-0.40,2.40,2.60,2.40,,,0.20,,,-1.50,,,2.60,2.30,2.70,2.80,1.60,0.10,
2008-12-17 01:50,8.60,4.92,3.82,7.06,3.90,5.36,6.13,4,4.06,7.17,5.47,3.69,5.12,6.77,6.70,5.21,3.20,1.75,-2.10,2.68,3.92,5.30,-0.04,,3.56,3.23,6.46,5.98,7.11,5.90,7.26,4.64,1.40,5.09,6.10,5.93,7.61,5.79,1.35,3.61,3.10,1.97,3.55,6.35,0.60,7.35,6.30,6.81,4.37,5.89,2.84,-0.18,0.55,2.63,-1.53,2.64,3.13,5.20,6.26,-1.41,1.14,-0.50,4.61,1.57,2.85,3.52,6.69,5.83,4.80,3.25,1.78,4.21,5.22,5.83,6.10,1.74,2.10,6.55,3.40,2,2.25,1.70,1.83,4.31,2.47,5.20,1.74,0.90,1.67,2.57,2.22,-0.61,0.12,1.80,-0.28,7.04,-0.79,-0.03,0.10,-0.41,-0.53,-0.34,-1.50,4.08,4.99,1.06,3.53,2.40,1.88,1.07,0.74,-1.56,2.63,1.32,1.74,0.83,1,0.28,-0.74,-0.43,-1.30,-1.21,-1.75,-1.84,1.35,2.09,2.30,1.62,1.24,0.41,-1.40,,2.30,-2,9,6,4.40,,,,,,,3.40,3.10,,3.50,8,-0.60,-0.01,,,,,,,,3.30,4,-0.90,-0.80,-0.70,,,,,1.70,,-0.20,-0.40,2.40,2.60,2.40,,,0.20,,,-1.50,,,2.60,2.30,2.80,2.80,1.60,0.10,
2008-12-17 02:00,8.80,5.75,4.16,7.07,4,5.22,6.77,4,4.17,7.37,3.83,3.51,4.90,7.31,6.73,5.17,3.20,1.64,-2.10,2.22,3.88,5.15,-0.17,,3.34,3.36,5.92,6.06,7.14,6.20,7.27,5.35,1.08,5.33,6.03,6.04,7.57,6.28,1.66,3.61,2.90,1.68,3.33,6.75,0.60,7.35,6.30,6.74,4.38,5.86,2.42,-0.05,0.80,2.65,-1.31,2.68,3.01,5.30,5.91,-1.42,1.27,-0.60,4.79,1.71,2.45,3.91,6.79,5.86,5.40,3.05,1.73,4.20,5.31,5.88,6.11,1.83,2.20,7.10,3.42,1.84,2.21,1.60,1.81,4.25,2.76,5.11,1.69,0.90,1.62,2.64,2.29,-0.63,0.05,1.90,-0.41,6.99,-0.72,0.05,-0.04,-0.48,-0.46,-0.37,-1.61,3.94,5.09,1.02,3.42,2.40,1.85,1.14,0.62,-1.53,2.62,1.25,1.79,0.78,1.10,0.36,-0.71,-0.48,-1.30,-1.19,-1.80,-1.56,1.41,2.13,2.30,1.57,1.51,0.49,-1.40,7.70,2.40,-2,8.90,6.20,4.30,,-2.30,-1.30,6.30,2,1.30,3.40,3,2.80,3.60,8,-0.60,-0.10,-0.20,3.20,5.50,4.40,4.50,2.40,1.50,3.30,4,-0.80,-0.70,-0.60,2.40,1.90,4.10,3.10,1.70,1.40,-0.30,-0.40,2.40,2.60,2.50,1.50,2.70,0.30,-0.60,-0.10,-1.40,2.60,2.80,2.60,2.40,2.80,2.90,1.60,0,-1.70
2008-12-17 02:10,8.90,6.66,4.46,7.13,4.10,5.20,6.94,4.10,4.36,7.53,4.23,3.57,4.96,7.37,6.69,5.03,3.12,1.44,-2.20,2.50,3.82,5.30,-0.07,,3.91,2.94,5.64,6.14,7.07,6.10,7.36,6.66,1.37,5.25,5.85,6.01,7.79,6.18,1.71,3.67,2.80,1.41,2.84,6.77,0.70,7.43,6.30,6.72,4.57,5.76,2.29,-0.05,0.83,2.72,-1.22,2.63,3.07,5.20,5.06,-1.35,1.27,-0.40,5.05,1.75,2.07,4.02,6.70,5.92,5.70,3.19,1.72,4.22,6.27,5.84,6.08,1.93,2.20,7.34,3.25,2.09,2.39,1.40,1.97,4.32,2.71,4.68,1.76,1.20,1.62,2.52,2.37,-0.73,0.01,1.90,-0.42,6.96,-0.68,0.05,-0.05,-0.59,-0.49,-0.41,-1.59,3.95,5.15,0.96,3.35,2.40,1.76,1.15,0.56,-1.55,2.46,1.31,1.76,0.73,1.10,0.41,-0.69,-0.58,-1.30,-1.18,-1.74,-1.59,1.40,2.20,2.30,1.51,1.42,0.48,-1.30,,5.10,-1.90,9,7,4.20,,,,,,,3.30,1.70,,3.60,8,-0.60,-0.12,,,,,,,,3.20,4.10,-0.80,-0.70,-0.60,,,,,1.70,,-0.30,-0.40,2.40,2.60,2.50,,,0.20,,,-1.40,,,2.60,2.40,2.80,2.90,1.70,0,
2008-12-17 02:20,8.90,6.93,4.59,7.30,4.10,5.57,6.99,4.10,4.31,7.56,4.38,3.71,5.10,7.64,6.56,5.16,3.08,1.33,-2.20,2.54,3.93,5.13,-0.03,,3.48,2.59,5.94,6.13,7.05,6.10,7.57,6.84,1.85,5.12,5.85,5.97,7.93,6.44,1.88,3.76,2.80,1.71,3.15,6.81,0.60,7.52,6.30,6.77,4.53,5.60,2.21,0.32,0.99,2.92,-1.23,2.54,2.87,5.10,4.87,-1.34,1.20,-0.30,5,1.59,1.79,3.87,6.82,5.79,5.60,3.23,1.90,4.20,6.31,5.87,6.02,2.08,1.90,7.67,3,2.08,2.65,1,1.98,4.46,2.65,5.50,2.20,1.40,1.72,2.33,2.34,-0.72,0.05,1.90,-0.48,6.81,-0.55,0.18,-0.12,-0.66,-0.57,-0.43,-1.51,4.05,4.99,1.52,3.21,2.40,1.67,1.06,0.64,-1.51,2.50,1.32,1.75,0.79,1.10,0.36,-0.76,-0.59,-1.30,-1.11,-1.66,-1.63,1.43,2.25,2.30,1.61,1.47,0.39,-1.30,,6,-2,9,7.10,4.10,,,,,,,3.10,1.20,,3.60,8.10,-0.60,-0.09,,,,,,,,3.30,4.20,-0.80,-0.80,-0.50,,,,,1.70,,-0.40,-0.40,2.40,2.60,2.50,,,0.30,,,-1.40,,,2.60,2.50,2.70,2.80,1.70,0,
2008-12-17 02:30,8.80,6.42,4.55,7.22,4.30,5.66,6.85,4.30,4.16,7.37,4.07,3.79,5.18,7.71,6.50,5.43,3.02,1.38,-2.30,2.58,4.09,5.20,0.04,,4.37,2.49,5.84,6.09,7.14,6.60,7.89,7.02,2.06,5.08,6.01,6.08,7.77,5.67,1.94,3.51,2.90,1.91,3.33,6.82,0.50,7.42,6.40,6.73,4.31,5.61,2.22,0.27,1.16,3.10,-1.21,2.57,2.82,5.10,4.60,-1.30,2.32,-0.30,4.71,1.42,1.65,3.82,6.92,5.81,5.60,3.30,2.01,4.44,6.15,5.94,6.03,1.97,2.10,7.73,2.93,2.28,3.09,0.80,1.96,4.39,2.72,5.32,2.46,1.40,1.65,2.51,2.13,-0.71,0.14,1.90,-0.65,6.90,-0.56,0.19,-0.09,-0.67,-0.58,-0.57,-1.57,4.15,4.93,1.96,3.15,2.40,1.68,1.18,0.62,-1.54,2.50,1.26,1.79,0.80,1.10,0.38,-0.79,-0.58,-1.30,-0.98,-1.64,-1.49,1.41,2.24,2.20,1.53,1.50,0.34,-1.30,,7.10,-2,9.20,6.10,4.10,,,,,,,3.10,1.80,,3.60,8.10,-0.50,0.12,,,,,,,,3.30,4.10,-0.90,-0.80,-0.50,,,,,1.80,,-0.40,-0.40,2.40,2.60,2.40,,,0.30,,,-1.40,,,2.70,2.50,2.70,2.90,1.70,0,
2008-12-17 02:40,8.90,5.74,4.56,7.15,4.40,5.49,6.52,4.50,4.13,7.08,4.58,3.50,5.29,7.15,6.62,5.58,3.21,1.53,-2.40,2.72,4.29,4.90,0.08,,5.65,2.59,6.73,6.29,7.31,6.90,8.05,6.40,2.14,4.73,6.15,6.08,8.11,6.47,2.23,3.98,3,1.72,3.07,6.95,0.40,7.38,6.40,6.68,4.29,5.60,2.47,0.32,1.25,3.17,-1.10,2.70,3.03,5.30,4.73,-1.21,1.96,-0.50,4.88,1.38,1.99,4.02,7,5.83,5.70,3.35,2.83,4.37,6.28,6.18,6.02,1.46,2.20,7.52,2.29,2,3.54,0.80,2.03,4.48,2.68,5.05,2.44,1.30,1.61,2.66,2.42,-0.52,0.07,1.90,-0.50,6.75,-0.53,0.22,-0.17,-0.72,-0.60,-0.73,-1.53,4.10,4.75,1.99,3.22,2.40,1.59,1.11,0.55,-1.55,2.44,1.25,1.92,0.74,1.10,0.37,-0.84,-0.54,-1.30,-0.95,-1.71,-1.33,1.49,2.20,2.30,1.56,1.42,0.57,-1.40,,7,-2,9.30,6.40,4.30,,,,,,,3,2.70,,3.50,8.40,-0.60,0.20,,,,,,,,3.40,4,-0.90,-0.80,-0.50,,,,,1.70,,-0.40,-0.30,2.40,2.60,2.40,,,0.30,,,-1.30,,,2.70,2.50,2.80,2.80,1.70,0,
2008-12-17 02:50,8.80,5.74,4.63,7.21,4.30,5.74,6.39,5.20,4.14,7.35,4.63,3.66,5.01,7.67,6.66,5.51,3.25,1.40,-2.40,3.37,4.50,5.04,-0.04,,6.53,2.77,7.25,6.50,7.38,6.40,8.01,5.97,2.29,4.15,6.22,6.25,8.23,5.85,2.23,4.64,2.90,1.64,3.08,6.94,0.40,7.31,6.30,6.65,4.38,5.71,3.18,0.30,1.47,3.32,-0.99,2.44,3,5.20,4.27,-1.31,1.78,1.40,4.94,1.28,4.08,3.96,7,5.75,6.30,3.39,2.35,4.46,6.58,6.40,5.98,1.19,2.20,7.56,1.51,1.70,3.38,0.70,2.10,4.33,2.81,4.63,2.41,1.40,1.67,2.69,2.37,-0.19,0.05,1.70,-0.55,6.89,-0.53,0.31,-0.13,-0.77,-0.62,-0.76,-1.39,4.26,4.79,2.14,3.10,2.40,1.62,1.18,0.61,-1.54,2.42,1.28,1.92,0.73,1.10,0.36,-0.92,-0.68,-1.30,-1.16,-1.65,-1.30,1.51,2.17,2.40,1.57,1.58,0.35,-1.30,,6.40,-2,9.30,7.10,4.30,,,,,,,2.40,2.20,,3.10,8.50,-0.50,0.27,,,,,,,,3.40,3.60,-0.80,-0.70,-0.50,,,,,1.70,,-0.40,-0.30,2.40,2.60,2.40,,,0.30,,,-1.30,,,2.70,2.50,2.70,2.80,1.70,0,
2008-12-17 03:00,8.80,5.69,4.86,7.34,4.50,5.67,6.11,5.60,3.99,7.45,3.75,3.55,5.16,8.16,6.63,5.48,3.23,1.70,-2.40,3.18,4.42,5.21,-0.19,,6.87,3.27,7.37,6.81,7.39,6.20,8.04,5.70,1.99,3.90,6.27,6.34,8.19,4.04,2.54,5.19,3,1.31,3.09,6.83,0.20,7.29,6.50,6.59,4.38,5.52,3.16,0.46,0.96,3.35,-0.78,2.66,3.03,5.30,5,-1.38,1.65,3.50,5.05,1.23,5.44,4.13,6.97,5.79,6.40,3.45,2.25,4.52,6.82,6.48,6.04,0.97,2.20,7.40,1.70,1.81,3.03,0.50,2.14,4.16,2.88,4.95,2.53,1.60,1.86,2.85,2.05,0.01,0.05,1.60,-0.76,6.72,-0.53,0.32,-0.27,-0.79,-0.62,-0.76,-1.24,4.35,4.73,1.95,3.21,2.40,1.55,1.22,0.63,-1.55,2.52,1.20,2.03,0.70,1.20,0.39,-0.85,-0.62,-1.30,-0.92,-1.50,-1.50,1.42,2.21,2.40,1.55,1.64,0.30,-1.30,7.90,7.10,-2,9.30,7.30,4.20,-0.50,-2.90,-0.40,6.60,1.60,1.60,2,1.90,3,2.80,8.40,-0.60,0.40,,3.20,5.40,4.60,3.90,2,1.30,3.40,3.50,-0.80,-0.80,-0.50,2.40,1.90,4.20,2.40,1.70,1.20,-0.40,-0.30,2.40,2.60,2.50,1.50,2.70,0.30,-0.50,0,-1.20,2.70,2.90,2.70,2.60,2.80,2.80,1.70,0,-1.70
2008-12-17 03:10,8.80,6.36,5.40,7.55,4.70,5.65,5.93,6.50,3.67,7.28,3.50,3.51,5.12,8.46,6.78,5.42,3.07,1.59,-2.50,2.62,4.42,5.07,-0.18,,7.14,3.43,6.90,6.96,7.49,6,7.85,5.70,1.60,3.74,6.30,6.35,8.39,4.08,2.58,5.61,3.20,1.27,3.14,7.06,0.40,7.65,6.70,6.61,4.21,5.45,2.77,0.47,1.25,3.51,-0.77,2.59,3.04,5.30,6.46,-1.40,1.55,4.50,5.06,1.20,5.72,4.17,7.10,5.79,6.50,3.60,2.84,4.51,6.75,6.40,5.93,0.75,2.10,7.31,1.70,1.86,2.90,0.70,2.32,3.99,2.81,5.49,2.36,1.90,1.85,3.03,2.43,0.09,-0.18,1.60,-0.24,7.21,-0.65,0.37,-0.27,-0.71,-0.69,-0.80,-1.21,4.54,4.61,1.99,3.17,2.40,1.53,1.15,0.66,-1.57,2.36,1.18,2,0.70,1.20,0.54,-0.88,-0.50,-1.30,-0.91,-1.58,-1.23,1.29,2.21,2.30,1.55,1.28,0.45,-1.30,,7.60,-2,9.30,7.30,4.10,,,,,,,2,2.60,,2.80,8.60,-0.50,0.38,,,,,,,,3.40,3.60,-0.90,-0.80,-0.50,,,,,1.70,,-0.40,-0.30,2.40,2.60,2.50,,,0.30,,,-1.20,,,2.80,2.60,2.90,2.80,1.70,0,
2008-12-17 03:20,8.80,6.87,5.43,7.76,4.60,5.70,5.87,7.70,4,7.19,4.09,3.22,5.07,8.55,6.81,5.33,3.06,1.67,-2.50,2.20,4.54,4.74,-0.24,,7.14,3.17,6.45,7.01,7.57,5.70,7.20,6.17,1.50,4.53,6.35,6.26,8.35,3.72,2.26,6.45,3.20,1.15,3.88,6.93,0.30,7.46,6.50,6.75,3.99,5.29,2.94,0.43,1.45,3.49,-0.93,2.56,3.63,5.20,6.17,-1.41,1.51,4.90,4.97,1.18,5.80,4.31,7.10,5.97,6.50,3.72,4.47,4.39,6.95,6.37,5.97,0.86,2.20,7.35,1.70,1.55,2.86,0.70,2.55,3.89,2.65,5.40,2.50,2.10,1.85,2.79,2.53,0.18,-0.24,1.60,-0.34,7.59,-0.58,0.43,-0.19,-0.76,-0.77,-0.74,-1.16,4.47,4.67,2.02,3.14,2.40,1.57,1.12,0.73,-1.47,2.48,1.14,2.04,0.80,1.20,0.58,-0.88,-0.63,-1.20,-0.83,-1.57,-1.57,1.26,2.23,2.40,1.59,1.51,0.51,-1.30,,7.70,-1.90,9.30,7.30,3,,,,,,,2,2.90,,2.80,8.70,-0.50,0.44,,,,,,,,3.50,3.50,-1,-0.90,-0.50,,,,,1.70,,-0.50,-0.30,2.30,2.50,2.50,,,0.30,,,-1.20,,,2.80,2.60,2.90,2.80,1.70,0,
2008-12-17 03:30,8.90,7.47,5.41,7.76,4.70,5.69,5.90,8.70,4.20,7.25,4.24,3.26,5.08,8.23,6.80,5.53,3.08,1.88,-2.40,2,4.32,4.52,-0.09,,7.46,3.20,6.73,7.14,7.47,5.70,6.69,6.07,1.64,4.47,6.48,6.37,8.26,3.31,2.10,6.78,3.20,0.89,3.90,6.72,0.40,7.12,6.40,6.79,4,5.09,3.23,0.41,1.24,3.55,-1.14,2.70,4.68,5.20,6.81,-1.38,1.53,4.60,4.93,1.23,5.56,4.17,7,5.89,6.60,3.64,5.53,4.39,7.17,6.34,6.03,0.92,2,7.35,1.70,1.63,3.01,0.70,2.51,3.87,2.57,5.47,2.73,2.20,2.03,2.76,2.66,0,-0.22,1.60,-0.12,7.86,-0.58,0.50,-0.23,-0.80,-0.64,-0.82,-1.03,4.59,4.65,1.84,3.03,2.30,1.56,1.12,0.77,-1.38,2.47,1.33,2.13,0.78,1.20,0.58,-0.88,-0.45,-1.20,-0.89,-1.43,-1.34,1.30,2.23,2.30,1.58,1.28,0.37,-1.20,,8,-1.80,9.30,7.30,4,,,,,,,2.10,2.20,,2.80,8.70,-0.50,0.37,,,,,,,,3.50,3.30,-0.90,-0.90,-0.50,,,,,1.70,,-0.50,-0.30,2.30,2.50,2.60,,,0.30,,,-1.10,,,2.80,2.70,2.90,2.70,1.70,0,
2008-12-17 03:40,8.90,8.22,6.24,7.58,4.90,5.54,5.77,9.10,4.39,7.39,3.82,3.11,5.07,8.07,6.89,5.69,3.20,1.88,-2.40,2.34,3.96,4,-0.10,,7.52,3.36,7.21,7.01,7.46,6.10,6.27,6.38,1.73,3.93,6.68,6.54,8.23,6.26,2.18,6.68,2.50,1.43,3.70,6.73,0.30,7.04,6.30,6.77,4.15,5.06,3.41,0.56,1.35,3.63,-0.99,2.65,4.97,5.10,7.35,-1.24,1.57,3.40,4.90,1.30,5.21,4.03,7.20,6.03,6.10,3.49,5.59,4.46,7.17,6.35,6.04,0.98,1.70,7.17,1.50,1.67,3,0.60,2.47,3.79,2.42,5.81,2.77,2.30,2.10,2.72,2.80,-0.09,-0.18,1.50,0.19,8.23,-0.58,0.47,-0.27,-0.81,-0.80,-0.74,-1.04,4.53,4.69,2.03,2.82,2.30,1.62,1.06,0.75,-1.36,2.47,1.30,2.06,0.84,1.20,0.49,-0.86,-0.42,-1.20,-0.97,-1.31,-1.38,1.51,2.21,2.30,1.61,1.47,0.37,-1.20,,8,-1.70,9.40,7.30,4.20,,,,,,,2.20,2,,2.70,8.60,-0.40,0.36,,,,,,,,3.50,3.40,-0.80,-0.80,-0.50,,,,,1.60,,-0.40,-0.30,2.40,2.50,2.60,,,0.30,,,-1.10,,,2.80,2.70,2.90,2.70,1.70,0,
2008-12-17 03:50,8.80,8.94,6.30,7.58,4.90,5.33,6,9.20,4.60,7.53,4.62,3.23,5.16,8.33,6.99,5.78,2.92,1.84,-2.30,2.76,3.85,3.99,0.22,,7.68,3.30,7.62,6.83,7.49,6.30,6.09,6.97,2,3.53,6.87,6.59,8.31,7.01,2.07,6.68,2.60,1.99,3.48,6.85,0.40,7.08,6.10,6.72,4.13,5.21,3.42,0.66,1.12,3.72,-1.08,2.48,5.57,5.10,7.63,-1.05,1.62,,4.92,1.40,4.64,4.27,7.31,5.98,6.20,3.39,6.27,4.69,7.06,6.33,5.95,1.06,1.80,7.17,1.70,1.60,3.13,0.50,2.30,3.85,2.21,5.96,2.52,2.30,2.42,2.80,2.96,-0.09,-0.21,1.30,0.35,8.28,-0.56,0.61,-0.33,-0.83,-0.83,-0.76,-1.12,4.46,4.63,2.33,2.64,2.30,1.55,1.03,0.70,-1.34,2.41,1.26,2.03,0.82,1.20,0.47,-0.79,-0.34,-1.10,-0.95,-1.28,-1.46,1.43,2.19,2.30,1.58,1.32,0.48,-1.20,,8.10,-1.70,9.30,7.50,4,,,,,,,2.50,2,,3.20,8.60,-0.30,0.38,,,,,,,,3.50,3.60,-0.60,-0.80,-0.50,,,,,1.60,,-0.40,-0.30,2.30,2.50,2.70,,,0.30,,,-1.10,,,2.80,2.70,2.90,2.80,1.70,0,
2008-12-17 04:00,8.80,9.28,6.26,7.63,4.70,5.67,6.36,9,4.85,7.52,5.40,3.41,5.21,8.58,7.10,5.85,2.92,1.87,-2.20,3.10,3.70,3.95,0.52,,7.81,3.39,7.69,6.73,7.40,6.30,6.09,6.88,1.74,3.02,6.71,6.53,8.34,6.86,2.38,6.63,2.70,1.65,3.32,6.77,0.30,6.86,5.90,6.66,4.33,5.30,3.31,0.58,1.09,3.79,-0.73,2.55,5.93,5.10,7.67,-1.08,1.65,2.10,4.98,1.43,4.46,4.02,7.32,5.96,5.90,3.32,6.36,4.55,6.94,6.37,5.99,1.03,2,7.01,1.70,1.38,3.39,0.50,2.26,3.88,2.18,5.21,2.45,2.30,2.37,2.93,2.70,0.09,-0.25,1.20,0.34,8.32,-0.34,0.49,-0.46,-0.83,-0.84,-0.78,-1.06,4.34,4.52,2.50,2.32,2.40,1.55,1.08,0.70,-1.38,2.38,1.31,2.11,0.85,1.20,0.51,-0.79,-0.27,-1.10,-0.91,-1.30,-1.48,1.31,2.13,2.40,1.53,1.20,0.51,-1.20,8.10,8.10,-1.60,9.30,7.30,3.70,-0.50,-3.30,-0.40,6.40,1.10,1,2.70,1.70,3.10,3.60,8.60,-0.20,0.40,,3.70,5,4.80,3.60,2.30,1.10,3.50,3.60,-0.30,-0.80,-0.60,2.50,1.90,4.30,1.40,1.60,0.90,-0.40,-0.30,2.40,2.50,2.70,1.50,2.70,0.30,-0.50,,-1.10,2.70,3.10,2.80,2.80,2.90,2.70,1.70,0,-1.50
2008-12-17 04:10,8.80,9.38,6.55,7.64,4.51,5.35,6.35,9,5.07,7.48,5.04,3.67,5.12,8.68,7.10,6.13,3.04,1.89,-2.20,2.87,3.75,4.56,0.53,,8.38,3.55,7.38,6.82,7.51,6.50,6.04,7.36,1.62,2.82,6.81,6.59,8.35,6.82,2.48,6.45,2.80,1.60,3.26,6.80,0.40,6.78,5.80,6.67,4.53,5.36,2.93,0.58,1.04,3.80,-1,2.57,6.08,5.10,7.49,-0.82,1.60,1.60,4.97,1.49,4.20,3.87,7.42,5.93,5.80,3.47,6.39,4.53,6.65,6.47,6.07,1.06,2,6.90,1.57,1.32,3.58,0.80,2.35,3.85,2.32,4.79,2.49,2.30,2.05,3.04,2.53,0.15,-0.16,1.10,0.44,8.49,-0.30,0.52,-0.58,-0.85,-0.86,-0.69,-1.14,4.19,,2.70,2.19,2.40,1.61,1.08,0.75,-1.35,2.38,1.27,2.12,0.86,1.30,0.49,-0.88,-0.35,-1.10,-0.84,-1.31,-1.40,1.43,2.08,2.40,1.52,1.29,0.46,-1.10,,8.10,-1.60,9.30,7.30,3.50,,,,,,,2.80,1.80,,3.60,8.50,0,0.41,,,,,,,,3.40,3.70,-0.10,-0.70,-0.60,,,,,1.60,,-0.40,-0.30,2.40,2.50,2.70,,,0.30,,,-1.10,,,2.90,2.80,2.90,2.70,1.70,0,
2008-12-17 04:20,8.90,9.50,7.21,7.70,4.53,5.44,6.13,9.10,5.22,7.31,4.69,3.95,5.10,8.83,7.05,6.22,3.16,2.07,-2.10,3.42,3.71,4.84,0.67,,8.25,3.61,7.29,6.76,7.37,6.80,6.41,7.33,1.46,2.23,6.97,6.65,8.44,6.85,2.84,6.48,2.60,1.73,3.36,6.82,0.70,6.57,6,6.64,4.69,5.45,2.95,0.75,1.13,3.73,-1.07,2.55,5.79,4.70,7.33,-0.91,2.88,1,4.96,1.59,4.14,3.87,7.54,6.07,5.80,3.43,6.70,4.72,6.46,6.50,6.13,1.07,1.90,7.03,1.25,1.26,3.26,1,2.40,4.20,2.38,5.72,2.50,2.40,1.99,3.35,2.66,0.18,-0.03,1.10,0.50,8.42,-0.34,0.55,-0.62,-0.76,-0.94,-0.65,-1.21,4.09,,2.69,2.13,2.30,1.54,1.23,0.78,-1.37,2.47,1.24,2.13,0.93,1.20,0.43,-0.75,-0.36,-1.10,-0.75,-1.23,-1.25,1.41,2.13,2.30,1.53,1.38,0.37,-1.10,,7.60,-1.70,9,7.30,3.60,,,,,,,2.60,1.80,,3.50,8.50,0.10,0.39,,,,,,,,3.50,3.70,0,-0.70,-0.60,,,,,1.60,,-0.40,-0.30,2.40,2.50,2.70,,,0.30,,,-1.10,,,2.90,2.80,2.80,2.70,1.70,0,
2008-12-17 04:30,9.10,9.82,7.33,7.81,4.92,4.82,6.16,9,4.91,7.41,5.37,4.27,4.99,8.94,7.09,6.35,3.23,1.96,-2,3.56,3.62,5.22,1.03,,8.24,3.68,7.43,6.87,7.31,7.60,6.99,7.83,1.51,2.24,6.79,6.77,8.24,7.12,2.92,6.27,2.20,1.86,3.34,6.88,0.90,6.48,6,6.68,4.77,5.46,3.29,0.75,0.96,3.76,-1.26,2.63,5.51,4.40,7.20,-0.73,4.14,0.60,4.99,1.56,3.69,3.60,7.67,6.18,5.80,3.65,6.85,4.74,6.51,6.52,6.21,1.13,1.60,7.07,1.21,1.27,3.30,0.80,2.63,4.42,2.54,5.87,2.55,2.30,1.97,3.45,2.74,0.30,-0.04,1.20,0.68,8.34,-0.29,0.57,-0.56,-0.73,-1,-0.68,-1.13,4.12,,2.60,2.05,2.10,1.43,1.17,0.76,-1.29,2.52,1.32,2.23,1,1.20,0.41,-0.76,-0.22,-1,-0.80,-1.15,-1.15,1.48,2.09,2.30,1.50,1.37,0.56,-1.10,,7.50,-1.60,8.90,7.10,3.90,,,,,,,2.60,2.10,,3.30,8.60,0.10,0.36,,,,,,,,3.50,3.70,0,-0.70,-0.60,,,,,1.60,,-0.40,-0.30,2.40,2.60,,,,0.30,,,-1.10,,,2.90,2.90,2.80,2.70,1.70,0,
2008-12-17 04:40,9.10,9.69,7.35,7.80,5.26,4.92,6,9,4.16,7.37,5.44,4.55,4.94,8.96,7.03,6.32,3.69,1.90,-2,3.89,3.78,5.12,1.32,,8.65,3.31,7.76,6.76,7.41,7.30,7.93,8.22,1.69,2.26,6.71,6.70,8.25,6.90,2.79,6.08,2.10,1.77,3.11,6.78,0.90,6.26,6,6.76,4.81,5.47,3.27,0.78,1,3.79,-1.22,2.81,5.39,3.80,6.93,-0.86,3.86,0.10,5.03,1.44,3.41,3.55,7.58,6.22,5.90,3.72,6.72,4.61,6.78,6.60,6.34,0.79,1.20,7.17,1.05,1.52,3.22,0.90,2.80,4.21,2.42,4.76,2.56,2.20,1.64,2.94,2.41,0.44,-0.06,1.40,1.10,8.29,-0.32,0.54,-0.70,-0.67,-1.15,-0.64,-1.04,4.20,,2.52,1.98,2,1.59,1.18,0.75,-1.20,2.46,1.36,2.23,1,1.20,0.40,-0.83,-0.34,-1,-0.58,-1,-1.16,1.55,2.13,2.30,1.55,1.46,0.47,-1.10,,7.50,-1.70,8.80,7.20,3.90,,,,,,,3,2.80,,3.50,8.50,0.20,0.52,,,,,,,,3.50,3.80,0.10,-0.60,-0.60,,,,,1.60,,-0.40,-0.30,2.40,2.50,2.70,,,0.30,,,-1.10,,,2.80,2.90,2.80,2.80,1.70,0.10,
2008-12-17 04:50,9,9.29,7.61,7.87,5.51,4.97,5.91,9.10,4.17,7.27,5.95,4.42,5.07,9.01,7.04,6.15,4.12,2.13,-1.90,3.39,3.72,5.16,1.29,,8.64,3.21,7.94,6.69,7.36,7.70,6.91,8.73,1.94,2.65,6.70,6.78,8.34,6.91,3.11,5.90,2,1.78,3.02,6.69,0.80,6.28,6,6.91,5.05,5.48,3.30,0.85,1,3.83,-1.09,2.97,6.09,3.40,6.54,-0.82,3.27,-0.20,4.75,1.60,3.23,3.86,7.46,6.23,5.80,3.74,6.89,4.63,6.60,6.59,6.39,0.68,0.90,7.32,1.18,1.43,3.37,1.40,2.77,4.05,2.39,4.07,2.51,2.10,1.53,2.98,2.38,0.54,-0.08,1.50,1.03,8.28,-0.22,0.53,-0.58,-0.68,-1.20,-0.64,-1.09,4.21,,2.37,1.74,2,1.55,1.21,0.80,-1.17,2.44,1.35,2.28,1.02,1.20,0.36,-0.66,-0.30,-1,-0.64,-1.11,-1.28,1.43,2.15,2.40,1.52,1.24,0.61,-1.10,,7.90,-1.80,9.10,7.10,4.10,,,,,,,3.30,3.20,,3.60,8.50,0.30,0.63,,,,,,,,3.50,3.90,0.10,-0.50,-0.60,,,,,1.60,,-0.40,-0.30,2.40,2.60,2.80,,,0.30,,,-1.10,,,2.80,2.90,2.80,2.80,1.70,0.10,
2008-12-17 05:00,8.90,9.44,7.78,8.13,5.56,4.99,5.97,9.10,5.25,7.42,5.65,4.57,5.26,9.03,6.97,6.15,3.39,1.94,-1.80,3.21,3.66,4.93,1.15,,8.61,3.53,7.81,6.84,7.30,7.90,6.52,8.94,1.80,2.75,6.77,6.90,8.44,6.83,3.25,5.48,2.40,1.93,3.13,6.80,0.90,6.37,6,6.90,5.06,5.49,3.39,0.86,1.30,4.16,-1.19,2.87,6.83,3,6.24,-0.74,2.92,-0.40,4.66,1.86,3.01,4.58,7.65,6.29,5.60,3.70,6.87,4.70,6.51,6.56,6.40,0.52,0.90,7.51,1.10,1.77,3.88,1.80,2.72,4.17,2.47,4.06,2.57,2,1.72,2.87,2.52,0.54,-0.12,1.70,1.05,8.40,-0.25,0.56,-0.57,-0.65,-1.08,-0.68,-1.07,4.15,3.28,2.33,1.86,1.90,1.55,1.25,0.76,-1.16,2.52,1.36,2.19,1.01,1.20,0.44,-0.60,-0.44,-0.90,-0.74,-1.13,-1.34,1.36,2.08,2.40,1.49,1.56,0.55,-1,9,7.60,-1.70,9.10,6.80,4.30,-0.60,-2.70,-0.20,6.70,0.50,1,3.60,3.40,3.10,3,8.30,0.40,0.70,-1.10,4.30,5.30,4.90,2.60,2,1.10,3.50,3.70,0.10,-0.50,-0.60,2.50,2,4.10,1.20,1.60,0.90,-0.40,-0.30,2.40,2.60,2.80,,2.80,0.30,-0.50,0.20,-1,,3,2.80,2.90,2.80,2.80,1.80,0.10,-1.40
2008-12-17 05:10,8.90,8.72,7.75,8.23,5.50,4.95,5.97,9.30,5.32,7.39,6.93,4.31,5.32,9.14,7.06,6.23,3.36,2.20,-1.80,3.01,3.68,5.15,0.98,,8.61,3.82,7.04,7.05,7.31,7.90,6.13,9.06,1.53,2.39,6.90,6.81,8.36,7.02,2.99,5.57,2.50,1.98,3.02,6.80,1,6.67,5.90,6.86,4.96,5.32,3.35,0.78,1.32,4.31,-1.35,2.72,6.91,3.10,6.01,-0.69,2.54,-0.50,4.25,1.72,2.38,4.64,7.67,6.35,5.90,3.66,6.91,4.64,6.54,6.62,6.43,0.49,1,7.84,1,1.89,4.30,2.31,2.95,3.98,2.51,3.94,2.60,2.20,1.76,3.16,2.32,0.70,-0.14,1.90,0.95,8.33,-0.27,0.53,-0.53,-0.71,-1.21,-0.76,-1.02,4.05,3.07,2.23,1.76,2,1.68,1.23,0.69,-1.18,2.42,1.37,2.12,1.07,1.20,0.36,-0.63,-0.21,-0.90,-0.66,-1.08,-1.17,1.47,2.08,2.40,1.52,1.65,0.48,-1,,7.50,-1.60,9.40,6.40,4.30,,,,,,,3.60,2.90,,2.90,8.20,0.40,0.72,,,,,,,,3.50,3.70,0.10,-0.50,-0.60,,,,,1.60,,-0.40,-0.30,2.40,2.60,2.80,,,0.30,,,,,,2.90,2.90,2.70,2.80,1.70,0.10,
2008-12-17 05:20,8.80,8.40,7.63,8.27,5.60,5.30,6.06,9.30,5.18,7.17,7.01,4.57,5.19,8.90,7.20,6.33,3.34,2.21,-1.70,3.03,3.72,5.38,1.12,,8.61,4.29,6.60,7.09,7.29,7.90,5.79,9.11,1.44,3.01,6.84,6.69,8.30,7.02,2.78,5.55,2.90,2.17,3.21,6.67,1,6.69,5.80,6.81,4.65,5.03,3.15,0.86,1.18,4.23,-1.14,3.09,6.61,3.60,6.15,-0.71,2.17,-0.40,4.49,1.51,1.83,4.53,7.61,6.44,6.10,3.74,6.98,4.59,6.62,6.68,6.48,0.68,1.30,8.04,1.60,1.57,4.49,3.29,3.02,3.94,2.43,3.85,2.81,2.30,1.75,2.98,2.16,0.70,0.03,2,1.09,8.21,-0.41,0.56,-0.51,-0.78,-1.31,-0.65,-1.03,3.91,3.17,2.09,1.74,2.10,1.85,1.27,0.73,-1.15,2.31,1.35,2.22,0.89,1.20,0.36,-0.69,-0.19,-0.80,-0.57,-1.10,-1.32,1.33,2.06,2.30,1.46,1.64,0.57,-0.90,,7.30,-1.50,9.40,6.70,4.50,,,,,,,3.70,2.70,,2.40,8.30,0.40,0.77,,,,,,,,3.60,3.70,0,-0.40,-0.60,,,,,1.60,,-0.30,-0.30,2.40,2.70,2.80,,,0.40,,,-1,,,2.90,2.90,2.70,2.80,1.70,0.10,
2008-12-17 05:30,8.80,8.02,7.85,8.45,5.70,5.66,6.05,9.40,5.47,7.57,6.90,4.51,5.06,8.97,7.21,6.41,3.16,2.21,-1.70,3.66,3.58,5.28,1.38,,8.66,4.56,6.69,7.11,7.44,7.80,5.68,9.33,1.33,3.27,6.72,6.75,8.13,7.05,2.91,5.22,3.30,2.16,3.13,6.58,1.10,6.49,6,6.87,4.48,4.76,2.83,0.97,0.90,4.11,-1.25,3.03,6.03,4.20,6.02,-0.46,1.93,-0.50,4.73,1.51,1.71,4.18,7.48,6.54,6.50,3.84,7,4.59,6.85,6.65,6.47,0.93,1.50,8.03,3,1.24,4.77,4.61,3,4.11,2.53,4.44,2.80,2.20,1.91,2.61,2.26,0.59,0.08,2.10,1.25,8.29,-0.59,0.51,-0.48,-0.77,-1.24,-0.66,-1.09,3.98,3.17,2.36,1.81,2.10,1.91,1.32,0.80,-1.14,2.37,1.41,2.20,1,1.20,0.28,-0.65,-0.13,-0.90,-0.54,-1.07,-0.99,1.38,2,2.30,1.58,1.38,0.54,-1,,7.20,-1.40,9.30,6.50,4.70,,,,,,,3.70,3.30,,2.40,8.40,0.50,0.75,,,,,,,,3.60,3.70,0.10,-0.40,-0.50,,,,,1.60,,-0.30,-0.20,2.40,2.60,2.80,,,0.40,,,-1,,,2.90,2.90,2.60,2.80,1.80,0.10,
2008-12-17 05:40,8.90,8.34,7.95,8.47,5.80,5.52,5.99,9.50,5.59,7.81,7.80,4.41,5.06,8.75,7.30,6.39,3.33,2.37,-1.70,4.08,3.56,5.30,1.21,,8.64,4.11,6.77,7.16,7.43,7.60,5.70,9.28,1.23,2.84,6.72,6.77,8.16,6.93,3.20,4.92,3.30,1.91,3.40,6.48,1.20,6.30,5.80,6.88,4.18,4.70,2.65,0.75,0.76,4.08,-1.19,3.57,5.01,4.80,6.24,-0.23,2.25,-0.50,4.56,1.45,1.77,3.74,7.87,6.66,6.50,3.82,6.84,4.64,6.95,6.48,6.45,0.95,1.50,8,4.20,1.38,4.32,4.63,3.02,4.48,2.61,5.05,2.67,2.20,2.06,2.75,1.95,0.54,0.16,2.30,1.59,8.34,-0.60,0.54,-0.49,-0.79,-1.26,-0.67,-1.24,3.89,3,2.76,1.86,2.10,1.95,1.36,0.82,-0.99,2.43,1.47,2.11,1.01,1.20,0.32,-0.60,-0.17,-0.80,-0.49,-1.03,-0.94,1.33,2.01,2.40,1.57,1.30,0.51,-1,,6.90,-1.40,9.10,6.80,4.70,,,,,,,3.80,3.50,,2.10,8.20,0.50,0.64,,,,,,,,3.60,3.70,0.10,-0.40,-0.60,,,,,1.60,,-0.40,-0.30,2.40,2.60,2.80,,,0.40,,,-1,,,2.90,2.90,2.70,2.80,1.80,0.10,
2008-12-17 05:50,9,9.70,7.69,8.72,5.90,5.42,5.95,9.50,5.50,7.92,8.14,4.51,5.14,8.71,7.51,6.32,3.19,2.19,-1.70,5.57,3.86,5.30,1.04,,8.77,3.78,6.83,7.10,7.40,7.30,5.90,9.07,1.33,2.67,6.80,6.61,8,6.88,3.42,4.70,3.40,2,3.16,6.49,1.20,6.19,5.60,6.78,4.12,4.54,2.43,0.76,0.65,3.98,-0.88,4.01,4.70,4.50,5.97,-0.09,3.70,-0.60,4.64,1.50,1.62,4.23,7.89,6.64,6.50,3.80,6.92,4.52,7.25,6.55,6.50,0.90,1.50,8.31,5,1.72,4.18,4.36,2.85,4.41,2.18,4.43,2.61,2.50,2.06,3.05,1.81,0.62,0.23,2.40,1.89,8.56,-0.52,0.52,-0.51,-0.81,-1.32,-0.67,-1.24,3.89,2.83,3.18,2.05,2.20,2.10,1.43,0.74,-1.06,2.46,1.42,2,1,1.20,0.34,-0.58,-0.12,-0.80,-0.45,-1.07,-0.98,1.44,1.93,2.30,1.51,1.36,0.53,-0.90,,7.30,-1.40,9.20,6.80,4.70,,,,,,,3.60,3,,2.20,8.20,0.40,0.56,,,,,,,,3.60,3.50,0.10,-0.40,-0.60,,,,,1.60,,-0.40,-0.30,2.40,2.60,2.80,,,0.30,,,-1,,,2.90,2.90,2.70,2.80,1.90,0.10,
2008-12-17 06:00,9,10,7.65,8,6,5.34,5.96,9.50,5.61,8.09,8.19,4.60,5.10,9,7.42,7,3,2.22,-1,5.91,4,5.14,1.66,9,9,4,7.22,7.09,7,7,7,9,1.13,3,6.68,7,8,7,3,5,3,2,3,7,1.50,6.19,6,6.66,4,4.63,3,1,0.46,3.98,-0.48,4,4,4,6,0.22,4.44,-1,4.79,1.42,1.45,4.42,7.86,6.66,6.40,3.79,6.63,4.64,7.42,6.39,6.61,0.76,1.70,8.44,5,2,4,4,2.94,4,2.19,5.90,2,2.50,1.98,2.66,1.75,0.57,0,2.60,2,8.55,-0.57,0.52,-0.44,-0.79,-1.31,-0.75,-1.25,3.96,2.92,3.57,2.12,2.20,2.05,1.38,0.70,-1.04,2.43,1.44,1.95,1.01,1.20,0.34,-0.60,-0.19,-0.70,-0.41,-1.11,-1.03,1.40,2.20,2,1.52,2.10,0.60,-1,9,7,-1,9.30,6.70,5,-0.50,-3,0,7,2,0.90,4,3,2.60,2.10,8.10,0.50,0.50,,4.80,5,5,3.30,1.60,1.60,3.60,3.40,0.10,-0.30,-0.50,2.60,2.10,4.70,1.10,1.50,1,-0.40,-0.20,2.40,2.70,2.90,1.60,2.80,0.40,-0.30,,-1,3,3.10,2.90,2.90,2.70,2.80,1.90,0.10,-1.30
2008-12-17 06:10,9.10,8.79,7.95,8.51,5.90,5.62,5.93,9.50,5.37,7.95,8.09,4.68,5.20,8.42,7.33,6.28,3.76,2.21,-1.50,5.61,4.03,5.20,1.75,,8.89,3.89,7.54,7.20,7.50,7,7.12,8.98,1.23,2.87,6.70,6.70,8.03,6.84,3.12,3.97,3.30,2.11,3.03,6.65,1.60,6.30,5.40,6.55,4.04,4.71,2.48,0.83,0.39,3.88,-0.30,3.91,4.54,3.30,5.45,0.50,4.24,-0.50,4.85,1.33,1.60,4.44,7.88,6.69,6.60,3.83,6.69,4.69,7.58,6.34,6.56,0.92,1.60,8.50,5.40,2.12,3.44,4.15,2.86,4.33,2.08,6.59,2.66,2.50,1.80,2.52,1.75,0.72,0.36,2.70,1.93,8.57,-0.58,0.49,-0.42,-0.72,-1.26,-0.83,-1.14,4.07,2.99,3.88,2.12,2.20,1.90,1.35,0.80,-0.99,2.49,1.45,1.98,0.98,1.20,0.36,-0.57,-0.28,-0.70,-0.63,-1.14,-1.15,1.47,1.95,2.30,1.54,1.37,0.80,-0.90,,6.70,-1.50,9.30,6.40,4.70,,,,,,,3.40,2.30,,2.10,8,0.50,0.60,,,,,,,,3.60,3,0.10,-0.30,-0.50,,,,,1.50,,-0.40,-0.30,2.40,2.70,2.90,,,0.40,,,-0.90,,,2.90,2.80,2.70,2.80,1.90,0.10,
2008-12-17 06:20,9.20,9.94,8.14,8.54,5.80,5.69,5.74,9.30,5.25,7.58,8.11,4.78,5.35,8.37,7.51,6.23,3.36,2.06,-1.60,5.05,4.12,5.08,1.98,,8.74,4.21,8.01,7.25,7.43,7.10,7.44,9.07,1.26,3.51,6.66,6.62,8.06,6.79,2.91,4.07,3.50,2.48,3.48,6.73,1.70,6.48,5.40,6.61,3.84,4.69,2.30,0.84,0.39,3.83,-0.13,3.86,4.14,3,5.39,0.59,4.30,-0.60,5.02,1.46,1.74,4.33,7.89,6.65,6.80,3.93,6.85,4.67,7.43,6.36,6.45,0.93,1.70,8.43,5.30,2.45,3.01,5.31,2.96,4.42,2.08,6.51,2.57,2.40,1.74,2.46,1.58,0.68,0.46,2.70,1.72,8.61,-0.53,0.49,-0.43,-0.82,-1.28,-0.79,-1.24,4.02,2.81,4.19,2.26,2.30,1.84,1.45,0.70,-0.98,2.47,1.49,2.15,0.93,1.20,0.37,-0.58,-0.19,-0.70,-0.60,-1.07,-1.07,1.53,2,2.40,1.58,1.32,0.74,-0.90,,4.60,-1.50,9.10,6.30,4.50,,,,,,,3.20,2.40,,2,8.10,0.50,0.52,,,,,,,,3.70,3.20,0,-0.20,-0.50,,,,,1.50,,-0.40,-0.30,2.40,2.80,2.90,,,0.40,,,-0.90,,,2.90,2.80,2.70,2.80,1.90,0.10,
2008-12-17 06:30,9.20,10.32,8.16,8.64,5.60,5.43,5.58,8.70,5.25,7.50,8.25,4.49,5.44,8.33,7.42,6.26,3.80,2.23,-1.70,5.17,4.02,5.06,2.02,,8.87,4.71,7.39,7.21,7.36,7.20,7.76,8.89,1.31,4.25,6.57,6.67,8.30,6.77,3.02,3.88,3.70,2.72,3.81,6.64,1.50,6.34,5.50,6.74,3.66,4.54,2,0.83,0.47,3.78,-0.15,3.69,3.74,3.20,5.50,1.18,3.82,-0.70,5.05,1.57,1.85,4.10,7.97,6.56,7,3.87,6.90,4.54,6.99,6.29,6.49,1.15,2.10,8.46,3.91,2.58,2.83,5.80,2.93,4.50,2.19,6.28,2.59,2.50,1.74,2.89,1.32,0.80,0.55,2.80,1.90,8.72,-0.49,0.55,-0.41,-0.78,-1.26,-0.71,-1.25,4,2.78,4.38,2.47,2.30,2.14,1.40,0.72,-0.95,2.51,1.48,2.20,0.95,1.20,0.49,-0.55,-0.01,-0.60,-0.42,-1.08,-0.92,1.48,1.92,2.30,1.58,1.32,0.73,-0.80,,5.40,-1.50,9,6.70,4.60,,,,,,,3.40,2.50,,2.20,8.10,0.50,0.54,,,,,,,,3.70,3.10,0,-0.20,-0.50,,,,,1.40,,-0.40,-0.20,2.50,2.80,,,,0.40,,,-0.90,,,2.90,2.80,2.70,2.80,2,0.10,
2008-12-17 06:40,9.30,10.24,8.06,8.31,5.80,5.32,6.16,8.50,5.39,7.89,8.41,4.34,5.34,8.12,7.20,6.29,3.68,2.55,-1.70,5.75,3.96,5.21,2.21,,8.86,4.22,7.10,7.29,7.32,7.30,7.93,8.32,1.89,5.09,6.53,6.74,8.49,6.83,3.12,3.62,3.50,2.72,4.19,6.54,1.40,6.49,5.50,6.65,3.70,4.51,2.01,0.72,0.38,3.76,-0.26,3.58,3.64,3.30,5.44,1.85,3.41,-0.50,5.12,1.46,1.87,3.51,7.97,6.81,6.60,3.85,6.72,4.53,6.68,6.35,6.46,1.23,2.20,8.38,2.92,2.58,3.22,5.90,3.03,4.64,2.83,5.95,2.57,2.40,1.89,2.88,1.07,0.92,0.59,2.90,1.86,8.71,-0.47,0.54,-0.40,-0.67,-1.17,-0.74,-1.32,3.99,2.88,4.46,2.56,2.30,1.98,1.44,0.73,-0.95,2.57,1.45,2.08,0.95,1.20,0.58,-0.50,-0.01,-0.50,-0.60,-1.09,-1.05,1.38,1.93,2.30,1.66,1.40,0.65,-0.80,,5.30,-1.60,8.80,6.80,4.30,,,,,,,3.50,2.50,,3.20,8,0.50,0.56,,,,,,,,3.70,3.10,-0.10,-0.30,-0.50,,,,,1.30,,-0.40,-0.20,2.40,2.80,3,,,0.40,,,-0.80,,,3,2.80,2.70,2.80,2,0.20,
2008-12-17 06:50,9.30,10.33,8.03,8.19,5.60,5.28,6.21,8.50,5.56,7.97,8.62,4.63,5.30,8.15,7.35,6.22,3.61,2.11,-1.60,5.63,4.09,5.17,2.67,,8.86,4.06,7.66,7.31,7.35,7.30,8.17,8,2.80,5.46,6.56,6.64,8.53,6.89,3.24,3.55,3.60,2.68,4.26,6.46,1.50,6.43,5.40,6.64,3.56,4.52,2.02,0.70,0.21,3.75,-0.30,3.54,3.60,4.50,5.30,2,3.28,-0.50,5.18,1.23,2.24,3.34,8.02,6.95,6.10,3.96,6.97,4.46,6.92,6.29,6.38,1.03,2.40,8.30,2.42,3.01,3.53,5.60,3.12,4.92,3.27,5.96,2.75,2.40,1.96,2.77,1.16,0.91,0.62,2.90,1.66,8.54,-0.45,0.54,-0.38,-0.69,-1.24,-0.76,-1.25,4.06,2.95,4.35,2.74,2.30,2,1.53,0.69,-0.94,2.40,1.53,2.27,1.06,1.30,0.52,-0.50,0,-0.50,-0.43,-1.01,-0.77,1.38,1.96,2.30,1.74,1.72,0.59,-0.70,,5,-1.60,9.20,6.40,4.30,,,,,,,3.50,3.30,,3.80,8.20,0.50,0.55,,,,,,,,3.60,3.30,-0.20,-0.20,-0.50,,,,,1.30,,-0.40,-0.20,2.40,2.80,3,,,0.40,,,-0.80,,,3,2.80,2.70,2.80,2,0.20,
2008-12-17 07:00,9.40,10.24,7.87,8.17,5.50,5.29,5.99,8.40,5.63,8.11,8.75,4.25,5.23,8.52,7.33,6.09,3.87,2.01,-1.70,4.89,4.27,4.67,2.60,,8.84,4.01,8.11,7.46,7.23,7.60,8.11,7.89,2.58,5.64,6.47,6.65,8.59,6.91,3.12,3.56,3.30,2.61,3.99,6.41,1.50,6.44,5.20,6.55,3.34,4.51,1.90,0.77,0.22,3.94,-0.24,3.54,3.65,5.10,5.32,2.11,3.30,-0.40,5.26,1.40,2.45,3.38,7.94,6.82,6.10,3.96,6.90,4.52,7.10,6.28,6.32,1.04,2.30,8.27,2.11,3.43,3.54,5.30,3.09,5.09,2.99,5.85,2.84,2.50,2.06,2.56,1.22,0.84,0.47,2.90,1.69,8.58,-0.45,0.50,-0.32,-0.64,-1.19,-0.68,-1.02,3.92,3.19,4.26,2.89,2.20,2,1.58,0.71,-0.94,2.58,1.39,2.34,0.99,1.30,0.49,-0.45,-0.03,-0.50,-0.43,-1.11,-0.99,1.46,1.92,2.40,1.74,1.49,0.58,-0.70,9.10,4.80,-1.50,9.20,6.20,4,,-2.50,-0.60,6.40,1.60,1.10,3.60,2.60,3.40,3.80,8.20,0.60,0.50,-0.80,4.80,5.10,5.10,2.70,2,2,3.50,3.70,-0.30,-0.10,-0.50,2.80,2.30,4.90,1.40,1.40,1.30,-0.40,-0.10,2.40,2.80,3,1.70,2.90,0.50,-0.10,0.40,-0.80,3.20,3.20,3,2.80,2.70,2.90,2,0.30,-1
2008-12-17 07:10,9.40,10.32,7.84,8.32,5.40,5.35,6.26,8.20,5.54,8.13,8.65,4.37,5.40,8.65,7.25,6.08,4.16,2.03,-1.80,5.08,4.51,4.83,2.47,,8.82,3.77,8.45,7.43,7.30,7.70,8.14,7.97,2.30,5.64,6.50,6.48,8.34,6.83,3.09,3.60,3.40,2.63,4.10,6.31,1.60,6.35,5.10,6.52,3.48,4.55,2.04,0.87,0.47,4.05,-0.14,3.73,3.66,5.20,7.04,2.37,3.74,-0.20,5.31,1.87,2.76,4.50,7.98,6.89,5.80,3.83,6.78,4.53,7.43,6.24,6.42,0.90,2.40,8.19,2.20,3.62,3.43,5.20,2.92,5.50,2.93,5.12,2.85,2.50,2.20,2.18,1.26,0.84,0.54,3,1.68,8.48,-0.38,0.59,-0.28,-0.52,-1.09,-0.64,-1.05,3.74,,4.57,2.92,2.10,1.96,1.53,0.69,-0.98,2.55,1.52,2.17,1.10,1.30,0.60,-0.39,0.07,-0.50,-0.44,-1.01,-0.66,1.36,1.89,2.30,1.75,1.52,0.58,-0.60,,4.10,-1.50,9.30,6.10,4.20,,,,,,,3.70,3.60,,3.80,8.10,0.60,0.52,,,,,,,,3.70,3.90,-0.30,-0.20,-0.50,,,,,1.40,,-0.30,-0.10,2.40,2.80,3,,,0.50,,,-0.80,,,3.10,2.80,2.70,2.90,2.10,0.30,
2008-12-17 07:20,9.50,10.20,7.84,8.35,5.30,5.58,6.74,8.20,5.75,8.15,8.60,4.27,5.36,8.49,7.26,6,3.78,1.94,-1.90,5.16,4.60,5.51,2.72,,8.92,3.58,8.67,7.42,7.28,7.50,8.17,7.66,2.34,5.84,6.47,6.51,8.28,6.78,3.29,3.55,3.30,2.80,4.11,6.28,1.40,6.36,5.20,6.44,3.61,4.66,2.31,0.90,0.63,4.10,0.09,3.99,4.34,5.60,7.81,3.03,4.69,-0.10,5.29,1.84,2.99,5.03,7.77,7.10,5.60,3.78,6.77,4.52,6.71,6.26,6.51,0.96,2.70,8.17,2.40,3.88,3.81,6.10,3.10,5.76,3.34,5.06,2.93,2.60,2.57,1.96,1.08,0.84,0.75,3,1.64,8.15,-0.33,0.61,-0.29,-0.42,-0.94,-0.67,-1.10,3.76,,4.81,3.12,2,1.97,1.56,0.79,-0.92,2.50,1.53,2.04,1,1.30,0.76,-0.41,0.01,-0.50,-0.40,-0.97,-0.96,1.58,1.97,2.40,1.80,1.75,0.55,-0.60,,4.60,-1.40,9.20,6.10,4.40,,,,,,,3.80,4.50,,3.90,8.10,0.60,0.52,,,,,,,,3.70,3.70,-0.30,0,-0.40,,,,,1.40,,-0.30,-0.10,2.50,2.80,3,,,0.50,,,-0.70,,,3,2.80,2.70,3,2.10,0.30,
2008-12-17 07:30,9.50,10.27,7.99,8.31,5.20,5.55,6.90,8.50,5.96,8.27,8.57,4.28,5.22,8.14,7.27,6.03,3.39,1.83,-1.90,5.40,4.58,5.75,2.53,,9.09,3.49,8.72,7.58,7.34,7.50,8.23,7.31,2.40,5.67,6.66,6.43,8.32,6.84,3.22,3.71,3.50,2.79,4.51,6.05,1.40,6.30,5.40,6.42,3.73,4.68,2.31,0.88,0.66,4.25,0.55,4.32,5.56,6,7.77,3.06,5.43,0.20,5.27,1.98,3.12,4.70,7.91,7.18,5.40,3.77,7.03,4.61,6.40,6.41,6.63,0.80,2.80,8.50,2.30,4.08,3.99,6.30,3.30,5.78,3.61,4.61,3.23,2.70,2.65,2.15,1.08,0.92,0.95,3,1.58,8.06,-0.24,0.52,-0.31,-0.37,-0.89,-0.61,-1.06,3.74,,5.04,3.27,2.20,2.09,1.61,0.88,-0.81,2.55,1.60,2.13,1.08,1.40,0.80,-0.34,0.04,-0.40,-0.46,-1.01,-1.05,1.38,1.96,2.40,1.84,1.76,0.53,-0.50,,4.70,-1.30,9.20,6.40,5.10,,,,,,,3.90,4.60,,3.80,8.10,0.70,0.57,,,,,,,,3.70,4,-0.30,0.10,-0.40,,,,,1.40,,-0.20,-0.10,2.50,2.70,3,,,0.50,,,-0.70,,,3,2.70,2.70,3,2.10,0.30,
2008-12-17 07:40,9.50,10.21,8.03,8.27,5.20,5.62,6.72,9.30,6.42,8.48,8.34,4.53,4.91,8.07,7.26,6.06,3.66,1.93,-2,6.01,4.95,6.35,2.31,,9.18,3.82,8.86,7.62,7.34,7.20,8.33,7.52,1.81,5.79,6.52,6.45,8.69,6.81,3.40,4.57,3.40,3.15,4.44,6.15,1.70,6.42,5.90,6.34,3.80,4.76,2.56,0.80,0.70,4.35,0.80,4.31,7.04,6.50,7.88,2.65,5.73,1.20,5.38,2.12,3.06,4.75,8.03,7.24,5.40,3.75,6.88,4.65,6.73,6.66,6.58,0.78,3.10,8.30,2.30,4.06,3.58,6.47,3.24,5.80,3.69,4.55,3.42,2.80,2.87,2.50,0.97,1.20,1.16,3,1.63,8.15,-0.21,0.64,-0.31,-0.35,-0.85,-0.64,-0.88,3.92,,5.28,3.46,2.40,1.94,1.76,0.97,-0.84,2.56,1.62,2.19,1.15,1.40,0.80,-0.32,0.04,-0.40,-0.47,-0.92,-0.87,1.36,1.98,2.60,1.81,1.64,0.58,-0.50,,5.20,-1.20,9.20,6.30,5.20,,,,,,,4.20,4.80,,4,8.10,0.80,0.66,,,,,,,,3.70,4.20,-0.40,0.20,-0.40,,,,,1.40,,-0.20,0,2.40,2.80,3,,,0.60,,,-0.70,,,3,2.70,2.70,3,2.10,0.40,
2008-12-17 07:50,9.60,10.27,7.98,8.14,5.30,5.19,6.55,9.20,6.44,8.46,7.97,4.77,4.63,8.13,7.43,6.02,3.93,2.21,-1.90,6.63,5.19,6.29,2.44,,9.45,4.48,8.76,7.97,7.33,7.30,8.54,7.75,1.76,5.88,6.61,6.55,8.91,6.92,3.66,4.80,3.60,3.14,4.54,6.46,1.80,6.88,5.80,6.55,3.82,4.65,2.47,0.79,0.74,4.32,0.68,4.48,7.99,6.70,8.15,2.64,6.03,3.30,5.33,2.53,2.95,4.75,7.89,7.15,5.20,3.68,6.54,4.70,7.27,6.75,6.53,0.90,3.20,8.25,2.20,3.91,3.66,6.49,3.28,5.90,4.19,5.93,3.51,2.90,2.88,2.71,0.92,1.49,1.25,3.10,1.80,8.28,-0.21,0.68,-0.34,-0.31,-0.69,-0.66,-0.82,4.02,,5.45,3.62,2.50,2.23,1.91,0.97,-0.77,2.57,1.67,2.16,1.23,1.40,0.81,-0.33,-0.04,-0.40,-0.41,-0.94,-0.87,1.52,1.96,2.50,1.92,1.79,0.71,-0.50,,5.70,-1.10,9.10,6.30,5.20,,,,,,,4.30,4.80,,4.20,8.10,0.80,0.73,,,,,,,,3.70,4.40,-0.30,0.20,-0.40,,,,,1.40,,-0.20,0,2.40,2.90,3.10,,,0.60,,,-0.60,,,3.10,2.80,2.60,3,2.10,0.40,
2008-12-17 08:00,9.60,10.24,7.77,7.81,5.40,5.33,6.67,9.60,6.20,8.70,7.90,5.18,5.64,8.07,7.48,6.01,4.14,2.13,-1.80,6.94,5.40,6.65,2.38,,9.62,5.02,9,8.22,7.37,7.30,8.77,7.18,1.55,5.82,6.65,6.67,8.97,6.94,3.75,4.40,3.70,3.22,4.67,6.60,2.10,7.25,5.80,6.78,3.72,4.72,2.56,0.86,0.93,4.33,0.90,4.69,8.54,7,8.62,2.73,6.12,5,5.43,2.42,3.41,4.81,7.79,7.15,5,3.64,6.38,4.76,6.94,6.67,6.58,0.98,3.40,8.40,2.40,3.93,3.68,6.56,3.47,6.16,4.66,6.18,3.60,3.20,2.96,2.82,0.89,1.73,1.38,3.20,1.90,8.23,-0.14,0.73,-0.29,-0.24,-0.64,-0.62,-0.77,3.94,3.81,5.75,3.88,2.70,2.46,2.03,1.03,-0.76,2.63,1.62,2.24,1.27,1.50,0.84,-0.28,-0.02,-0.30,-0.36,-0.90,-0.88,1.56,1.94,2.50,1.93,1.86,0.69,-0.50,9.60,6.50,-0.90,9.70,6.70,5.30,-0.50,-1.20,-1.10,7,2.70,1.40,4.10,4.90,4.60,4.20,8.10,0.80,0.60,-0.30,4.10,4.70,5.20,3.20,2.90,3.30,3.70,4.60,-0.30,0.40,-0.30,2.90,2.50,5,2.30,1.60,1.90,-0.10,0,2.50,3,3.10,1.80,3,0.60,0,0.70,-0.60,3.20,3.20,3.10,2.80,2.70,3,2.20,0.50,-0.80
2008-12-17 08:10,9.70,10.17,7.91,7.71,5.50,5.69,6.64,9.80,5.92,9.03,7.72,5.56,5.90,8.07,7.71,6.24,4.51,2.42,-1.60,6.86,5.51,6.56,2.62,,9.88,5.57,9.54,8.13,7.50,7.50,8.83,7.63,1.47,6.11,6.69,6.91,8.76,7.17,3.75,4.44,3.90,3.16,4.71,6.88,2.30,7.47,5.80,6.88,3.64,4.78,2.74,0.72,1.05,4.47,1.10,4.59,8.91,7.40,9.08,2.99,6.44,7.20,5.63,2.22,4.76,4.87,7.80,7.05,4.90,3.42,6.18,4.72,6.75,6.79,6.77,1.20,3.40,8.41,2.70,4.40,3.99,6.61,3.66,6.18,5.19,6.24,3.81,3.40,3.15,3.63,1,2.13,1.61,3.30,1.90,7.39,-0.06,0.79,-0.21,-0.20,-0.64,-0.57,-0.60,3.92,3.97,6.15,4.12,2.80,2.66,2.07,1.11,-0.72,2.68,1.69,2.43,1.30,1.50,0.89,-0.26,0.13,-0.30,-0.26,-0.82,-0.63,1.54,2.04,2.60,1.96,1.79,0.78,-0.40,,5.50,-0.80,9.80,7,5.70,,,,,,,4.10,5.20,,4.20,8.20,0.80,0.70,,,,,,,,3.90,4.90,-0.20,0.40,-0.40,,,,,1.60,,0.20,0.10,2.50,3,3.10,,,0.60,,,-0.50,,,3.10,2.80,2.70,3,2.20,0.50,
2008-12-17 08:20,9.80,10.36,8.08,7.93,5.60,5.91,6.77,9.90,6.05,9.27,7.96,5.77,5.36,7.88,7.69,6.24,4.87,2.54,-0.90,7.31,5.56,6.35,2.95,,9.81,5.49,9.92,8.64,7.45,8.30,8.68,8.07,1.86,6.19,6.85,6.95,8.65,7.44,4.04,4.71,4.10,2.82,4.73,7.07,2.40,7.34,5.80,6.93,3.99,4.78,2.78,0.77,1.24,4.71,1.27,4.89,8.94,7.50,9.16,3.40,6.44,8.10,5.65,2.18,5.95,4.88,7.76,6.89,4.80,3.26,5.97,4.72,7.11,6.87,6.85,1.35,3.60,8.52,2.60,4.71,4.73,6.16,3.70,6.26,5.74,5.90,3.94,3.60,3.33,4.02,1.19,2.48,1.78,3.30,2.01,7.84,-0.13,0.85,-0.18,-0.05,-0.62,-0.47,-0.45,4.13,4.11,6.50,4.33,2.90,2.87,2.14,1.33,-0.68,2.71,1.73,2.46,1.38,1.50,0.91,-0.20,0.20,-0.20,-0.39,-0.73,-0.62,1.63,2.07,2.60,1.94,1.97,1.03,-0.40,,5.50,-0.80,9.60,7.20,6,,,,,,,4.20,5.70,,4.20,8.30,0.80,0.83,,,,,,,,4,4.90,-0.10,0.40,-0.30,,,,,1.70,,0.20,0.10,2.50,3.10,3.10,,,0.60,,,-0.50,,,3.10,2.80,2.60,3.10,2.20,0.50,
2008-12-17 08:30,9.80,10.37,8.26,8.31,5.70,6.04,6.83,10.10,5.97,9.31,8.18,5.76,5.12,7.90,7.75,6.54,5.04,2.58,-0.60,7.70,5.37,6.55,3.03,,10.09,5.66,9.91,8.95,7.56,8.50,8.75,8.28,1.68,6.21,6.95,6.93,8.60,7.37,4.04,4.92,4.10,2.59,4.84,7,2.40,7.18,5.70,6.87,4.17,4.82,2.89,0.88,1.57,4.99,1.51,5.62,8.86,7.50,8.87,3.72,6.34,8,5.61,2.17,6.52,4.94,7.23,6.77,5.20,3.23,6.24,4.88,7.74,6.85,7.02,1.35,3.90,8.46,2.70,5.23,5.36,5.80,3.85,6.60,6.01,5.39,3.83,3.70,3.72,4.19,1.43,2.85,1.86,3.40,2.18,8.18,0.06,0.84,-0.18,0.04,-0.57,-0.34,-0.29,4.33,4.23,6.70,4.37,3.10,2.95,2.24,1.44,-0.48,2.76,1.77,2.41,1.56,1.60,0.99,-0.24,0.22,-0.20,-0.25,-0.75,-0.79,1.64,2.23,2.60,1.97,1.94,0.77,-0.30,,5.50,-0.90,9.80,7.50,6.30,,,,,,,4.40,6.10,,4.10,8.30,0.90,0.86,,,,,,,,4,4.90,0.10,0.50,-0.20,,,,,1.70,,0.10,0.10,2.50,3.10,3.20,,,0.60,,,-0.40,,,3.10,2.80,2.60,3.10,2.30,0.50,
2008-12-17 08:40,9.80,10.48,8.33,8.47,6.10,6.12,6.89,10.20,6.30,9.20,7.89,5.71,5.23,8.06,8.07,6.60,5.55,3.06,-0.40,8.15,5.45,6.76,3.32,,10.29,6.43,9.65,8.92,7.77,7.80,8.93,8.82,1.54,6.56,7.12,7.07,8.61,7.20,3.88,5.05,4.20,2.68,4.73,6.99,2.50,6.95,5.60,6.79,4.16,5.02,2.85,1.01,1.91,5.30,1.98,6.06,8.78,7.60,8.89,4.33,6.50,7.70,5.78,2.11,6.80,5.20,7.28,6.66,5.30,3.11,6.32,4.84,7.63,6.94,7.15,1.62,4.20,8.64,2.80,5.66,5.71,6.30,4.14,6.79,5.97,4.71,3.81,4,3.79,4.48,1.38,3.23,2.01,3.50,2.18,8.29,0.01,0.88,-0.14,0.15,-0.49,-0.29,-0.21,4.18,3.76,6.84,4.63,3.20,3.06,2.39,1.48,-0.50,2.80,1.85,2.47,1.53,1.60,1,-0.15,0.02,-0.10,-0.19,-0.69,-0.75,1.56,2.32,2.60,1.99,1.74,1.02,-0.30,,5.30,-0.90,9.70,7.60,6,,,,,,,4.50,6.20,,4,8.50,0.90,0.92,,,,,,,,4.10,5,0.40,0.60,-0.10,,,,,1.80,,0.10,0.10,2.50,3.20,3.20,,,0.60,,,-0.30,,,3.10,2.80,2.60,3.10,2.30,0.60,
2008-12-17 08:50,9.60,10.52,8.49,8.62,6.30,6.04,6.84,10.30,6.35,9.10,7.66,5.75,5.52,8.23,8.15,6.53,5.64,2.98,-0.10,7.26,5.63,6.41,3.56,,10.39,7.02,9.99,8.78,8.07,7.40,8.92,8.75,1.36,6.52,7.07,7.02,8.54,7.20,3.85,5.08,4.40,2.85,4.95,6.84,2.80,6.86,5.60,6.75,4.06,5.19,2.93,1.02,1.96,5.20,2.92,6.16,9.06,7.70,9.11,4.86,6.73,7.80,5.91,2.55,6.92,5.39,7.18,6.54,5.30,3.04,6.37,4.76,7.68,7.03,7.14,1.73,4.50,8.93,3.06,5.82,6.14,6.60,4.22,6.92,5.98,4.53,4.33,4.20,4.11,4.98,1.36,3.56,2.23,3.50,2.20,8.62,-0.01,0.98,0,0.22,-0.51,-0.17,-0.30,3.96,3.44,6.82,4.80,3.30,2.99,2.57,1.59,-0.45,2.85,1.87,2.52,1.60,1.60,0.93,-0.21,0.33,0,-0.15,-0.73,-0.40,1.65,2.38,2.70,2.02,2.12,1.01,-0.30,,5.80,-0.80,9.60,7.60,6.50,,,,,,,4.60,6.20,,3.90,9.20,1.10,0.98,,,,,,,,4.20,5.20,1,0.70,-0.10,,,,,1.80,,0.20,0.20,2.60,3.20,3.30,,,0.70,,,-0.30,,,3.10,2.80,2.70,3.10,2.40,0.60,
2008-12-17 09:00,9.60,10.56,8.68,8.73,6.30,6.35,6.87,10.30,6.06,9,7.78,5.85,5.78,8.11,8.27,6.59,5.56,2.86,-0.10,6.93,5.61,6.54,3.68,,10.31,6.66,9.96,8.96,8.44,7.20,8.80,8.96,1.22,6.74,6.85,7.04,8.47,7.11,3.86,5.19,4.20,2.95,4.88,7.08,3,6.73,5.70,6.80,4.15,5.19,3.08,1.04,1.85,5.30,4.03,6.31,9.34,7.80,9.13,5.78,6.77,8.30,5.96,2.47,7.15,5.25,7.28,6.41,5.40,2.80,6.67,4.81,8.23,6.99,7.34,1.74,4.70,8.97,3.47,6.17,6.29,6.70,4.29,6.94,6.08,4.37,4.55,4.60,4.64,5.86,1.38,3.74,2.28,3.60,2.42,9.17,0.03,1.10,0.10,0.24,-0.38,-0.12,-0.15,4.07,3.40,6.81,4.97,3.40,3.21,2.68,1.52,-0.43,2.89,1.89,2.68,1.60,1.70,1.10,-0.17,0.36,0,-0.05,-0.64,-0.30,1.68,2.48,2.70,2.12,1.96,1.06,-0.30,9.50,6.20,-0.80,9.70,7.70,7,-0.30,0.80,-1.10,7.70,4.10,1.80,4.80,6.50,5.30,4.20,9.50,1.20,1,0.10,4.80,4.80,5.60,4.70,3.30,4.60,4.30,5.70,1.30,0.70,-0.20,3.10,3.20,5,3.60,1.90,2.50,0.10,0.30,2.60,3.30,3.40,2,3.20,0.80,0.20,1.10,-0.30,3.60,3.30,3.20,2.90,2.70,3.20,2.50,0.60,-0.70
2008-12-17 09:10,9.60,10.32,8.73,9.14,6.73,6.22,7.02,10.40,5.63,8.97,7.83,5.79,5.88,8.07,8.39,6.72,5.89,2.87,0,6.59,5.60,6.73,3.91,,10.47,6.49,9.82,8.45,8.48,7.10,8.78,9.24,1.23,6.66,6.97,7.08,8.38,7.01,3.75,5.26,4,3.08,4.92,7.15,3.10,6.78,6,6.97,4.35,5.16,3.28,1.14,1.67,5.50,5.25,6.49,9.12,7.70,9.06,6.27,6.87,8.50,6.04,2.41,7.47,5.49,7.49,6.35,5.60,2.79,7.03,5.01,8.47,7.11,7.28,1.61,5.10,9.27,3.70,6.57,6.26,6.90,4.42,7.14,6.07,4.20,4.55,5.20,5.38,6.53,1.50,3.70,2.36,3.90,2.42,9.56,0.18,1.23,0.14,0.25,-0.39,0.07,0,4.12,,7.02,5.07,3.50,3.69,2.68,1.50,-0.39,2.94,1.79,2.73,1.62,1.80,1.12,-0.15,0.39,0,0.02,-0.58,-0.42,1.57,2.54,2.70,2.29,1.99,1.07,-0.20,,6.20,-1,9.80,7.80,7.10,,,,,,,5,6.60,,4.20,9.60,1.30,1.03,,,,,,,,4.40,6,1.50,0.70,-0.20,,,,,1.90,,0.10,0.40,2.60,3.20,3.40,,,0.80,,,-0.20,,,3.20,2.90,2.80,3.20,2.50,0.60,
2008-12-17 09:20,9.80,9.98,8.88,9.28,6.70,6.49,7.07,10.30,5.85,8.85,7.26,5.64,6.77,8.53,8.46,6.79,5.95,2.75,0.20,6.26,5.45,6.93,4.16,,10.67,6.35,9.62,8.27,8.61,7,8.74,9.46,1.43,6.55,6.95,7.05,8.32,7.13,3.70,5.52,4.30,3.03,4.56,7.12,3.20,6.86,6.60,7.12,4.50,5.14,3.33,1.19,1.57,5.61,5.77,6.74,8.79,7.70,9.30,6.77,7.14,8.50,6.17,2.35,7.53,5.36,7.40,6.42,5.80,,6.78,5.14,8.47,7.21,7.28,1.68,5.30,9.23,3.80,6.79,6.36,7,4.33,7.21,6.15,4.47,4.56,5.80,7.31,6.05,1.67,3.67,2.37,4.10,2.33,9.31,0.17,1.39,0.20,0.30,-0.16,0.22,0.04,4.28,,7.17,5.32,3.60,4.08,2.72,1.59,-0.39,2.98,1.82,2.77,1.71,1.80,1.22,-0.15,0.37,0.10,0,-0.58,-0.49,1.67,2.58,2.70,2.35,2.15,1.02,-0.20,,5.80,-0.90,9.80,7.90,7.10,,,,,,,5.10,7,,4.30,9.40,1.40,1.14,,,,,,,,4.50,6.10,1.60,0.80,-0.20,,,,,2,,0.10,0.50,2.60,3.30,3.40,,,0.90,,,-0.20,,,3.20,2.90,2.80,3.20,2.60,0.60,
2008-12-17 09:30,9.80,10.68,8.93,9.34,6.70,6.48,7.31,10.20,5.81,8.68,7.16,5.60,6.50,9,8.52,6.84,5.96,2.55,0.20,6.40,5.56,6.84,4.56,,10.66,6.41,9.91,8.19,8.61,7.10,8.77,9.59,1.51,6.59,6.97,7.12,8.61,7.26,3.66,6.35,3.90,2.71,4.17,7.25,3.40,6.93,6.50,7.48,4.58,5.21,4.23,1.28,1.62,5.85,5.98,6.63,8.68,7.60,9.29,7.86,7.11,8.30,6.25,2.26,7.55,5.31,7.43,6.51,5.90,2.89,6.90,4.99,8.30,7.33,7.22,1.73,5.30,9.21,4.10,6.66,6.91,7.40,4.61,7.10,6.17,4.62,4.75,6.10,8.90,5.87,1.46,3.80,2.77,4.60,2.51,9.21,0.21,1.47,0.14,0.32,-0.13,0.42,0.19,4.49,,7.27,5.64,3.70,4.19,2.78,1.67,-0.28,3.04,1.98,2.84,1.82,1.90,1.23,-0.16,0.58,0.10,-0.02,-0.55,-0.42,1.68,2.62,2.70,2.43,2.22,1.08,-0.20,,5.50,-1,9.80,8.10,7,,,,,,,5.10,7.10,,4.40,9.30,1.60,1.27,,,,,,,,4.60,6.10,1.70,1,-0.10,,,,,2.10,,0.30,0.40,2.70,3.30,3.50,,,0.90,,,-0.10,,,3.20,2.90,2.90,3.20,2.60,0.70,
2008-12-17 09:40,9.80,11.21,8.97,9.38,6.80,6.20,7.58,10.30,5.42,8.74,6.76,5.72,6.15,8.91,8.34,7.08,5.75,2.50,0.30,6.57,5.68,6.93,4.33,,10.49,6.33,10.15,8.18,8.57,7.60,8.83,9.60,1.33,6.58,6.93,7.19,8.59,7.28,3.62,7.41,3.40,2.29,3.96,7.46,3.90,6.98,6.20,7.60,4.92,5.32,4.96,1.29,1.80,6.35,6.03,6.57,8.66,7.70,9.25,8.52,7.23,8.40,6.33,2.44,7.62,5.16,7.47,6.41,5.70,2.83,6.99,4.96,8.26,7.32,7.16,2.11,5.30,9.33,4.20,6.75,7.43,7.30,4.87,6.75,6.20,4.74,4.66,6.10,9.41,5.89,1.25,4.15,2.97,5.30,2.87,9.07,0.24,1.48,0.33,0.35,-0.02,0.42,0.14,4.68,3.73,7.23,5.86,3.80,4.35,2.92,1.73,-0.32,3.11,1.98,2.85,1.82,2,1.22,-0.06,0.75,0.20,0.06,-0.43,-0.31,1.85,2.70,2.80,2.37,2.33,1.14,-0.10,,6.50,-1.10,10,8.20,7.10,,,,,,,5.20,7.30,,4.60,9.10,1.80,1.33,,,,,,,,4.70,6.20,1.90,1.20,0,,,,,2.20,,0.40,0.50,2.70,3.40,3.50,,,0.90,,,-0.10,,,3.20,2.90,3,3.20,2.70,0.70,
2008-12-17 09:50,9.80,11.16,8.89,9.39,6.80,5.80,7.77,9.70,5.43,8.79,6.81,5.92,6.09,9.19,8.20,7.14,5.70,2.34,0.40,6.12,5.59,6.80,4.26,,10.29,6.38,10.15,8.25,8.66,8.10,9.08,9.68,1.84,6.66,7.11,7.25,8.56,7.36,3.72,8.10,3.60,2.04,4.16,7.65,4.10,7.11,6.30,7.52,5.28,5.59,5.39,1.34,1.86,7,5.97,6.62,8.61,7.90,9.27,8.69,7.28,8.60,6.38,2.48,7.64,5.16,7.53,6.20,5.70,2.77,6.77,4.92,8.22,7.36,7.16,2.67,5.60,9.30,4.30,6.95,7.75,7.50,4.94,6.46,6.13,4.68,4.52,6.30,9.68,6.52,1.27,4.46,3.33,6.10,2.97,8.97,0.33,1.47,0.40,0.45,0.10,0.53,0.37,5.15,3.91,6.98,6.15,3.90,4.56,3.05,1.97,-0.26,3.13,1.98,2.94,1.87,2,1.25,-0.01,0.89,0.20,0.04,-0.43,-0.30,2,2.69,2.80,2.39,2.43,1.17,-0.10,,7.20,-1.30,10.10,8.30,7,,,,,,,5.40,7.60,,4.70,9,2.50,1.47,,,,,,,,4.80,6.10,2.20,1.40,0.10,,,,,2.30,,0.60,0.50,2.70,3.40,3.60,,,1,,,-0.10,,,3.30,3,3,3.20,2.70,0.70,
2008-12-17 10:00,9.90,11.22,8.87,9.50,6.80,5.47,7.80,9.50,5.31,8.91,8.01,5.99,6.39,9.31,8.16,7.25,5.86,2.43,0.70,6.31,5.30,6.74,4.30,,10.38,6.73,10.23,8.17,8.95,8.40,9.06,9.74,1.68,6.67,7.14,7.38,8.73,7.35,3.78,7.86,3.40,2.18,4.32,7.63,4.40,7.43,7,7.34,5.57,5.83,5.77,1.52,1.78,7.66,6.18,6.79,8.69,8,9.41,8.93,7.33,8.70,6.52,2.80,7.68,5.30,7.51,6.08,5.50,2.74,6.79,5.14,8.69,7.33,7.15,2.92,5.80,9.08,4.50,7.21,7.87,7.60,4.94,6.66,6.07,4.66,4.60,6.50,9.61,7.05,1.47,4.84,3.24,6.20,3.35,8.94,0.37,1.49,0.49,0.51,0.11,0.64,0.70,5.69,3.99,6.85,6.50,4,4.33,3.28,2.27,-0.25,3.17,2.01,3.07,1.97,2,1.23,0.01,1,0.20,0.26,-0.33,-0.26,2.05,2.69,2.80,2.48,2.40,1.32,-0.10,10.20,9.20,-1.40,10.20,8.40,7.10,0,5.20,-1.20,7.70,7.80,2.10,5.50,7.80,5.70,5.20,8.90,2.70,1.40,0.70,4.60,6.10,5.80,4.60,4,5.30,5.10,6.10,2.50,1.70,0.50,3.50,3.50,5.40,4.20,2.50,4.20,0.60,0.60,2.90,3.30,3.70,2.40,3.60,1.10,0.40,,0,4,3.60,3.30,3,3.10,3.20,2.80,0.70,-0.40
2008-12-17 10:10,10.10,11.16,8.82,9.50,6.90,5.35,7.79,9.40,5.61,9.14,8.42,6.12,6.32,9.60,8.23,7.52,5.77,2.49,1.10,6.63,5.16,7.22,4.68,,10.68,6.91,10,7.95,9.18,8.10,8.94,9.84,1.55,6.77,7.11,7.30,8.79,7.38,4.26,7.63,3.20,2.87,4.48,7.74,4.80,7.63,7.20,7.67,5.61,6.11,5.81,1.77,2.28,7.97,6.21,7.56,8.85,8.40,9.54,9.15,7.45,9,6.58,3.23,7.87,5.49,7.31,6.09,5.50,2.63,6.75,5.06,8.88,7.32,7.06,3.16,6.10,9.10,4.70,7.65,7.89,7.80,5,6.70,6.05,4.43,4.86,6.40,9.39,7.17,1.58,5.17,3.48,6.80,3.33,9.07,0.33,1.64,0.80,0.67,0.14,0.70,1.19,5.98,4.04,6.99,6.66,4.10,4,4.04,2.17,-0.20,3.33,2.05,3.06,2.04,2.10,1.36,-0.04,0.94,0.30,0.28,-0.30,-0.10,2.12,2.74,2.80,2.46,2.35,1.36,-0.10,,9.20,-1.60,10.10,8.60,7.20,,,,,,,5.60,8.20,,5.20,9.10,2.90,1.64,,,,,,,,5.40,6.40,3,1.30,0.50,,,,,2.50,,0.50,0.70,2.90,3.30,3.70,,,1.10,,,0,,,3.30,3.10,3.20,3.20,2.80,0.70,
2008-12-17 10:20,10.20,11.14,8.90,9.51,7,5.09,7.80,9.40,6.13,9.25,8.69,6.23,6.24,9.60,8.28,7.80,5.75,2.19,1.40,7.30,5.13,7.30,5.04,,10.93,6.90,10,7.86,9.70,7.90,8.54,9.96,1.78,6.94,7.13,7.24,8.71,7.41,4.77,7.82,3.30,2.61,5.22,8,5.20,7.83,7.40,7.98,5.39,6.27,6.03,1.94,2.90,8.11,6.51,8.09,9.18,8.60,9.81,9.41,7.60,9.70,6.58,3.05,8.10,5.48,7.02,6.07,5.40,2.58,6.74,4.96,8.70,7.38,7.03,3.68,6.20,9.25,4.89,8.62,8.04,7.90,5.08,6.57,6.04,4.26,5.17,6.50,9.42,7.16,1.73,5.27,3.99,6.50,3.52,9.06,0.54,1.74,0.78,1.07,0.29,0.71,1.41,6.48,4.11,7.53,6.75,4,4.09,4.68,2.40,-0.17,3.31,2.05,3,2.02,2.10,1.47,-0.02,0.98,0.30,0.36,-0.35,-0.12,2.08,2.82,2.80,2.39,2.26,1.17,-0.10,,9.50,-1.60,10.10,8.70,7.50,,,,,,,5.80,8.30,,5.60,9.50,3,1.67,,,,,,,,5.70,6.50,3.40,1.20,0.60,,,,,2.60,,0.40,0.80,3,3.40,3.80,,,1.10,,,0,,,3.40,3.20,3.20,3.20,2.80,0.80,
2008-12-17 10:30,10.20,11.17,8.95,9.61,7.30,5.14,7.85,9.30,6.25,9.37,8.75,6.37,6.21,9.29,8.48,7.90,5.97,2.29,2.30,7.63,4.91,7.26,5.35,,11.14,7.05,10.08,8,10.05,8.20,8.33,9.86,1.99,6.90,7.17,7.32,8.79,7.63,5.32,7.79,3.70,2.12,5.74,8.25,5.50,8.31,7.40,8,5.35,6.39,6.54,1.98,2.67,8.37,6.95,8.54,9.58,8.80,10.22,9.73,7.56,9.60,6.57,2.90,8.42,5.50,6.91,5.95,5.50,2.42,6.61,5.16,8.70,7.18,6.98,3.81,6.30,9.20,4.88,9.13,8.25,8.10,5.37,6.33,6.04,4.32,5.35,6.70,9.06,7.10,1.87,5.40,3.82,6.20,3.77,9.12,0.72,1.69,0.80,1.13,0.41,0.60,1.88,6.95,4.19,8.31,6.84,4.10,4.12,4.85,2.56,-0.17,3.41,2.08,3.32,2.10,2.30,1.63,0.06,1.19,0.40,0.48,-0.35,-0.06,1.93,2.96,2.80,2.50,2.53,1.40,-0.10,,9.40,-1.50,10,8.90,7.50,,,,,,,5.90,8.20,,5.80,9.80,3.20,1.76,,,,,,,,5.70,6.60,3.40,1.10,0.60,,,,,2.70,,0.50,1,3,3.40,3.80,,,1.20,,,0.10,,,3.40,3.20,3.20,3.20,2.90,0.80,
2008-12-17 10:40,10.30,11.26,9.02,9.84,7.40,5.10,7.97,9.40,6.18,9.57,8.99,6.67,6.09,9.46,8.63,8,6.51,2.37,3.20,8.21,5,7.06,5.93,,11.10,7.24,10.17,8.11,10.04,8.20,8.44,9.93,1.98,6.99,7.39,7.49,8.96,7.79,5.46,7.74,3.50,2.04,5.20,8.31,5.80,8.46,7.40,7.95,5.64,6.58,6.64,2.08,2.68,8.74,7.17,8.86,10.04,9,10.41,9.79,7.59,9.50,6.77,3.38,8.63,5.73,6.82,5.87,5.30,2.44,6.55,5.03,8.82,6.75,6.98,4.05,6.40,8.91,5.02,9.84,8.48,8.30,5.79,5.91,6.07,4.45,5.32,6.80,8.92,7.13,2.22,5.46,4.85,5.90,3.75,9.14,0.89,1.75,0.93,1.14,0.41,0.66,1.84,7.36,4.34,8.63,6.89,4.20,4.10,4.94,2.64,-0.16,3.40,2.23,3.33,2.10,2.40,1.85,0.07,1.15,0.50,0.49,-0.25,0.07,1.99,2.96,2.80,2.59,2.64,1.37,-0.10,,8.70,-1.60,10.10,8.90,7.70,,,,,,,6,8.20,,5.90,9.80,3.60,1.85,,,,,,,,6,6.70,3.30,0.90,0.70,,,,,2.80,,0.60,1,3,3.40,4,,,1.30,,,0.20,,,3.50,3.30,3.20,3.20,2.90,0.90,
2008-12-17 10:50,10.30,11.27,9.23,9.84,7.50,5.02,8.04,9.10,6.29,9.61,9.35,6.88,6.16,9.81,8.68,7.91,7.15,2.42,3.80,8.34,5.16,7.10,6.19,,11.04,7.38,10.30,8.12,9.92,8.40,8.47,10.09,2,7.09,7.51,7.73,9.06,8.15,5.63,7.86,3.40,1.94,5.19,8.25,6,8.61,7.60,7.86,5.55,6.82,6.88,2.33,3.08,8.97,7.20,8.95,10.01,9.10,10.61,9.88,7.73,10.20,6.85,4.30,8.64,6.07,6.79,5.83,5.30,2.28,6.43,5.06,8.80,6.53,7.02,4.38,6.40,9,5.21,9.82,8.64,8.30,6.02,5.56,6.34,4.92,5.19,7,8.99,7.37,2.24,5.64,5.33,6.20,3.98,9.18,0.81,1.80,0.97,1.19,0.57,0.90,1.81,7.70,4.44,8.80,6.92,4.30,4.25,4.82,2.58,-0.23,3.38,2.30,3.30,2.14,2.50,1.87,0.17,1.15,0.50,0.47,-0.26,-0.08,2.27,2.91,2.90,2.75,2.44,1.29,0,,9,-1.70,10.20,9,7.80,,,,,,,6,8.10,,6.10,9.90,3.20,1.84,,,,,,,,6,6.70,3.40,0.70,0.80,,,,,2.80,,0.60,1.10,3.10,3.40,4,,,1.40,,,0.20,,,3.50,3.30,3.30,3.20,2.90,0.90,
2008-12-17 11:00,10.40,11.42,9.33,10.05,7.70,5.13,8.12,9.10,6.62,9.81,9.24,7.08,6.63,9.78,8.79,8.17,7.22,2.44,4.30,8.54,5.31,7.15,6.34,,11.06,7.62,10.34,8.28,9.83,8.60,8.61,10.08,1.85,7.08,7.68,7.80,9.06,8.18,5.48,8.09,3.50,1.97,5.13,8.33,6.20,8.86,7.70,7.85,5.75,7.19,6.76,2.53,2.95,9.18,7.28,9.01,9.80,9.10,10.93,10.37,7.95,10.60,6.95,4.22,8.85,5.85,6.74,5.83,5.20,2.39,6.51,4.87,8.32,6.49,6.90,4.55,6.30,9.12,5.44,9.54,8.79,8.60,6.21,5.53,6.54,5.46,5.26,7.20,8.86,8.23,2.43,5.77,5,6.10,4.10,9.21,0.77,1.86,1.07,1.20,0.57,1.18,1.92,7.61,4.51,8.83,6.91,4.60,4.33,5.20,2.68,-0.26,3.40,2.29,3.34,2.34,2.60,1.77,0.29,1.29,0.50,0.44,-0.24,-0.06,2.16,2.94,2.90,2.71,2.57,1.30,0.10,10.30,9.10,-1.70,10.20,8.80,7.70,0.80,6.10,-1.40,7.40,8.90,3.30,6,8.20,6.20,6,10.30,3.10,1.70,1,5.10,6.90,6,5.90,5.30,6.30,6.10,6.80,3.30,0.60,0.90,3.70,3.80,5.50,4.20,3.10,4.40,0.60,1.10,3.20,3.50,4.10,2.80,3.90,1.50,0.80,1.80,0.20,4.40,4.10,3.60,3.40,3.30,3.30,3,1,-0.30
2008-12-17 11:10,10.50,11.54,9.50,10.21,7.70,5.37,8.49,9.10,6.63,9.72,9.32,6.95,6.71,9.43,8.82,8.22,7.13,2.46,5.10,9.21,5.24,7.88,6.73,,11.28,8.01,10.44,8.27,9.70,8.70,8.63,10.21,2.09,7.20,7.77,7.97,9.13,8.25,5.54,8.42,3.70,2.20,5.24,8.33,6.70,8.87,8.10,7.99,6,7.52,6.77,2.64,2.89,9.35,7.37,9,10.01,9.30,11.22,11.23,7.97,11,6.94,4.55,9.10,5.93,6.81,5.82,5.10,2.37,6.19,4.82,8.23,6.26,6.85,4.88,6.30,9.05,5.64,9.74,8.82,8.90,6.35,5.60,6.84,5.66,5.31,7.30,8.84,8.76,2.41,5.97,4.34,6,4.14,9.38,0.79,2,1.21,1.26,0.75,1.06,2.13,7.68,4.70,8.83,6.94,5,4.53,5.71,2.84,-0.26,3.46,2.42,3.46,2.40,2.50,1.75,0.37,1.40,0.60,0.46,-0.21,-0.16,2.35,2.98,2.90,2.75,2.72,1.36,0.10,,9.50,-1.70,10.20,8.60,7.80,,,,,,,6,8.30,,6,,2.90,1.82,,,,,,,,6.10,6.90,3.30,0.70,1,,,,,3.10,,0.80,1.10,3.30,3.50,4.10,,,1.50,,,0.20,,,3.60,3.40,3.40,3.30,3,1,
2008-12-17 11:20,10.70,11.44,9.57,10.41,7.80,5.37,8.64,9.10,6.58,9.70,9.39,6.96,6.63,9.19,8.92,8.60,7.17,2.51,5.80,9.86,5.29,7.77,7.24,,11.54,8.14,10.26,8.32,9.48,8.70,8.66,10.13,2.20,7.36,7.87,8.08,9.12,8.93,5.52,8.84,4.20,2.40,5.56,8.48,6.90,8.86,8.60,8.38,6.60,7.63,6.87,2.62,2.60,9.46,7.75,9.05,10.62,9.30,11.63,11.27,7.99,10.90,6.96,4.36,9.22,5.92,6.75,5.73,5.10,2.40,5.90,5,8.25,5.87,6.81,5.21,6.60,9.01,5.77,9.53,8.77,8.70,6.51,5.71,7.08,5.21,5.42,7.60,8.79,9.24,2.57,6.08,4.62,6.20,4.02,10,0.71,2.23,1.28,1.28,0.83,1.07,2.35,7.73,4.89,8.87,6.93,5.80,4.44,5.27,2.87,-0.17,3.48,2.23,3.56,2.46,2.60,1.73,0.52,1.52,0.60,0.57,-0.25,-0.04,2.48,3.02,2.90,2.74,2.77,1.39,0.20,,9.50,-1.50,10.20,8.60,7.80,,,,,,,6.20,8.20,,6.10,10.90,2.80,1.73,,,,,,,,5.80,7,3.50,0.70,1.10,,,,,3.10,,0.80,1.10,3.30,3.50,4.10,,,1.60,,,0.30,,,3.70,3.40,3.40,3.40,3.10,1.10,
2008-12-17 11:30,10.80,10.76,9.56,10.82,8,5.73,8.71,9.80,6.40,9.82,9.26,6.90,6.55,9.31,9.15,9.09,7.32,2.63,6.30,9.78,5.14,7.74,7.19,,11.49,7.97,9.98,8.03,9.35,8.70,8.71,10.29,2.14,7.61,8.03,8.20,9.40,9.22,5.61,8.80,4.60,2.96,5.58,8.56,7,8.98,9,9.01,7,7.44,7.05,2.75,2.51,9.45,7.93,9.37,10.98,9.70,11.82,11.11,8.12,10.60,6.98,4.56,9.24,6.03,6.82,5.79,5.10,2.29,5.74,4.89,8.20,5.61,6.81,5.41,6.80,8.93,5.82,9.07,8.85,8.60,6.59,5.88,7.31,5.73,5.64,7.60,8.79,9.53,2.63,6.08,4.22,6.30,4,10.23,0.74,2.16,1.37,1.35,0.96,1.17,2.49,7.74,5.14,8.88,7.25,6,4.11,4.84,3.10,-0.18,3.39,2.25,3.57,2.52,2.60,1.87,0.61,1.58,0.70,0.65,-0.23,0.03,2.41,3.06,2.90,2.81,2.85,1.42,0.20,,9.70,-1.30,10.10,8.50,8.60,,,,,,,6.40,8.20,,6.20,11.30,2.80,1.69,,,,,,,,5.70,7.10,3.80,0.80,1.10,,,,,3.20,,0.80,1.10,3.30,3.60,4.20,,,1.60,,,0.30,,,3.70,3.40,3.40,3.40,3.10,1.10,
2008-12-17 11:40,10.90,10.55,10.29,11.26,8.40,5.99,8.53,10.30,6.07,9.82,9.43,7,6.64,9.99,9.54,9.28,8.10,2.90,6.60,9.47,5.15,7.24,6.95,,11.71,7.95,9.61,8.01,9.28,8.60,8.78,10.17,2.64,7.93,8.21,8.33,9.61,9.24,5.61,8.80,4.50,3.02,5.68,8.73,7.10,8.82,9.20,9.43,6.83,7.22,6.50,2.95,2.55,9.52,8.31,9.95,11.13,10.10,11.83,10.96,8.21,10.70,7.23,4.77,9.22,6.09,6.83,5.94,5.10,2.38,5.74,4.91,8.20,5.48,6.75,5.55,6.90,8.98,6.02,8.78,8.90,8.60,6.69,5.85,7.48,5.81,5.72,7.60,9.12,9.71,2.46,6.05,5.32,6.50,4.11,10.20,0.84,2.25,1.45,1.47,1.05,1.19,2.46,7.64,5.20,8.86,7.54,6.20,4,4.83,3.30,-0.04,3.34,2.39,3.49,2.50,2.60,1.92,0.76,1.48,0.70,0.58,-0.26,0.06,2.43,3.10,3,2.96,2.86,1.46,0.30,,9.90,-1.30,10.10,8.70,10.20,,,,,,,6.50,8.40,,6.40,11.50,2.80,1.70,,,,,,,,5.70,7.50,4,0.90,1.10,,,,,3.30,,0.80,1,3.30,3.70,4.20,,,1.70,,,0.20,,,3.70,3.50,3.40,3.40,3.20,1.20,
2008-12-17 11:50,11,10.72,10.94,11.39,8.40,6.06,8.22,10.70,5.81,10.29,8.84,7.26,6.84,10.31,9.72,9.28,8.38,2.87,6.20,9.13,5.53,6.92,6.48,,11.38,7.86,9.58,7.97,9.29,8.40,8.73,10.19,2.81,8.14,8.41,8.62,9.64,8.99,5.67,8.75,4.50,2.97,5.65,9,7.20,8.74,8.70,9.50,6.67,7.38,6.89,3,2.66,9.88,8.55,10.20,10.91,10.20,11.97,11.05,8.63,10.90,7.84,4.80,9.39,6.56,6.92,5.99,5,2.42,5.74,4.83,8.13,5.54,6.70,5.73,7,9.01,6.21,8.56,8.90,8.70,6.56,5.86,7.56,6.14,6.10,8,9.42,9.62,2.82,5.96,4.91,6.70,4.01,9.98,0.94,2.38,1.66,1.36,1.03,1.15,2.52,7.43,5.34,8.56,7.61,6,3.98,4.75,3.44,0,3.50,2.38,3.28,2.52,2.70,1.85,0.89,1.49,0.70,0.52,-0.27,0.14,2.48,3.09,3.10,2.98,2.89,1.50,0.30,,9.90,-1.20,10.20,8.90,11.10,,,,,,,6.60,8.40,,6.40,11.60,2.80,1.70,,,,,,,,5.90,7.60,3.70,1,1.10,,,,,3.50,,0.80,1,3.30,3.70,4.30,,,1.80,,,0.30,,,3.70,3.50,3.40,3.40,3.20,1.20,
2008-12-17 12:00,11.20,11.08,11.21,11.43,8.40,6.18,8.31,11,5.76,10.55,9.57,7.52,6.89,10.36,9.45,8.93,8.61,2.85,6.10,9.17,5.85,7.29,6.42,,11.06,7.89,9.82,8.02,9.30,8.50,8.66,10.26,2.95,8.07,8.41,8.59,9.40,8.59,5.95,8.76,4.70,2.72,5.54,9.55,7.30,8.67,8.90,9.33,6.71,7.58,7.32,3.21,2.75,10.08,8.96,10.27,11.06,10.50,11.81,11.75,8.93,11,7.95,4.62,9.31,6.79,6.91,5.94,4.80,2.37,5.71,4.83,8.11,5.59,6.82,5.71,7.10,8.76,6.32,8.64,9.02,8.60,6.39,6.04,7.72,6.49,6.34,8.50,9.49,9.50,3.23,5.83,4.77,6.60,3.81,9.80,0.89,2.55,1.49,1.39,0.94,1.17,2.55,7.22,5.48,8.48,7.74,5.80,4.25,4.44,3.39,0.01,3.45,2.46,3.43,2.46,2.70,1.81,0.80,1.47,0.70,0.66,-0.09,-0.05,2.48,3.10,2.80,3.02,3,1.51,0.30,10.70,10,-1.20,10.20,9.20,11,0.90,6.90,-1.50,7.10,8.20,5,6.70,8.40,7.30,6.40,11.40,2.90,1.80,1.40,5.20,8.20,6.40,6.30,5.80,6.90,6,7.70,3.90,1.10,1.20,3.90,4.10,5.50,4.50,3.50,6.40,1,1,3.20,3.80,4.30,,4.20,1.90,1.10,2,0.30,4.80,4.30,3.80,3.50,3.40,3.40,3.20,1.30,-0.20
2008-12-17 12:10,11.30,11.22,10.93,11.37,8.30,6.16,7.97,11.30,5.91,10.68,9.72,7.41,6.63,10.52,9.20,8.64,7.99,3.08,6.30,9.31,6.44,8.01,6.48,,11.24,8.05,10.01,8.04,9.42,8.40,8.92,10.42,2.87,7.98,8.31,8.39,9.35,8.28,5.81,8.87,4.40,2.96,5.53,9.75,7.40,8.28,9.30,9.65,7.37,7.84,7.43,3.14,3.09,10.28,9.34,10.43,11.09,10.90,11.63,12.13,9.02,10.80,8,4.25,9.13,6.93,6.80,5.97,4.80,2.27,5.70,4.54,7.94,5.55,6.89,5.75,7.20,8.65,6.35,8.39,9.19,8.65,6.29,6.25,7.86,6.61,6.58,9.10,9.72,9.58,3.12,5.76,4.26,6.60,4.09,9.83,,2.78,1.50,1.39,0.92,1.27,2.58,7,5.46,8.39,7.90,5.80,4.07,4.18,3.49,0.05,3.52,2.57,3.24,2.46,2.70,1.88,0.75,1.56,0.80,0.52,-0.12,-0.12,2.62,3.01,3.10,3.01,3.03,1.57,0.30,,10.30,-1.20,10.30,9.20,10.80,,,,,,,6.90,8.20,,6.40,11,2.90,1.88,,,,,,,,6.40,7.60,4,1.10,1.20,,,,,3.50,,1,1.10,3.20,3.80,4.30,,,1.90,,,0.30,,,3.80,3.50,3.30,3.40,3.20,1.30,
2008-12-17 12:20,11.50,11.25,10.69,11.37,8.40,6.30,7.60,11.30,6,10.64,9.79,7.27,6.26,10.29,9.32,8.70,7.73,3.31,6.50,10.02,6.50,8.53,6.56,,11.15,8.53,9.95,8.01,9.57,8.30,8.92,10.54,2.69,8.15,8.23,8.38,9.29,8.19,5.34,9.36,4.20,3.04,5.68,10.06,7.70,8.23,9.30,10.05,7.57,8.08,7.20,2.94,3.34,10.85,9.05,10.61,11.24,10.60,11.42,12.06,9.19,10.80,8.03,4.21,9.10,6.84,6.71,6.01,4.60,2.25,5.71,4.51,7.62,5.56,6.98,6,7.40,8.48,6.42,8.51,9.08,9.08,6.04,6.40,7.85,6.57,6.72,9.10,9.87,9.22,2.67,5.83,4.60,6.30,4.08,9.97,0.88,2.90,1.54,1.40,0.96,1.55,2.56,6.82,5.46,8.53,7.76,5.80,4.30,4.03,3.55,0.07,3.45,2.63,3.38,2.52,2.70,2.04,0.76,1.77,0.80,0.54,-0.08,-0.02,2.64,3.01,3.10,2.92,2.79,1.69,0.30,,10.40,-1.20,10.50,9.20,11.40,,,,,,,6.90,8.20,,6.40,10.80,2.90,2.05,,,,,,,,6.50,7.50,3.80,1.30,1.20,,,,,3.50,,1.20,1.20,3.30,3.80,4.40,,,1.90,,,0.30,,,3.80,3.50,3.20,3.50,3.20,1.30,
2008-12-17 12:30,11.50,10.89,10.74,11.52,8.50,6.49,7.58,11.50,6.03,10.45,9.88,7.27,5.67,9.96,9.57,8.63,8.61,3.47,6.50,10.29,6.39,8.62,6.72,,10.99,8.17,9.80,7.94,9.56,7.90,8.84,10.56,2.69,8.03,8.02,8.44,9.40,8.69,5.13,9.04,4.20,3.14,5.65,10.46,7.60,8.16,8.80,10.02,7.43,7.85,6.98,2.97,3.06,11.05,8.74,10.94,11.07,10.50,11.16,12.02,9.16,10.50,7.99,4.18,9.06,6.72,6.67,6.16,4.70,2.17,5.61,4.61,7.08,5.54,6.84,5.80,7.80,8.53,6.56,8.72,8.99,9.58,5.94,6.33,8.05,6.23,6.91,8.80,10.06,8.80,2.36,5.85,4.50,6.10,4.03,9.92,0.93,2.91,1.54,1.45,1.03,1.46,2.52,6.42,5.24,8.73,7.70,5.80,4.26,4.02,3.44,0.07,3.39,2.71,3.40,2.52,2.50,1.90,0.74,1.80,0.80,0.56,-0.23,0.30,2.76,3,3.20,2.94,2.70,1.70,0.30,,10.30,-1.20,10.50,9.20,11.20,,,,,,,7.20,8.50,,6.40,10.60,2.90,2.36,,,,,,,,6.50,7.40,3.90,1.40,1.30,,,,,3.60,,1.30,1.10,3.40,3.80,4.40,,,2,,,0.30,,,3.90,3.60,3.20,3.50,3.20,1.30,
2008-12-17 12:40,11.40,10.49,10.94,11.54,8.50,6.54,7.69,11.90,6.05,10.44,9.85,7.20,5.52,10.16,9.48,8.51,8.70,3.88,6.50,10.26,6.34,8.08,6.83,,10.71,7.93,9.57,7.87,9.54,7.50,8.79,10.47,2.87,7.89,8.02,8.36,9.16,8.67,5,8.76,4.40,3.14,5.58,9.86,7.50,8.76,9,9.57,7.11,7.88,6.92,3.18,2.86,10.64,8.31,11.02,11.08,10.60,11.10,11.82,9.13,10.80,7.99,4.57,8.91,6.51,6.65,6.13,4.70,2.22,5.69,4.61,6.73,5.42,6.75,5.80,8,8.56,6.55,8.89,9.03,9.74,5.80,6.23,8.09,5.87,6.91,8.60,10.37,8.77,2.44,5.95,5.02,6.20,3.99,9.89,0.99,2.88,1.55,1.52,1.29,1.50,2.45,6.42,4.99,8.75,7.52,5.50,4.21,4.04,3.37,0.08,3.23,2.74,3.27,2.58,2.60,1.64,0.75,1.68,0.80,0.59,-0.23,-0.15,2.62,3.12,3.20,2.85,2.86,1.57,0.40,,10.10,-1.20,10.60,9.10,11.10,,,,,,,7.40,8.70,,6.30,10.40,3,2.50,,,,,,,,6.70,7.40,4,1.50,1.30,,,,,3.70,,1.50,1.20,3.40,3.90,4.40,,,2,,,0.40,,,3.90,3.50,3.20,3.50,3.20,1.40,
2008-12-17 12:50,11.20,10.42,10.58,11.50,8.30,6.66,7.59,12.10,6.57,10.40,10.03,7.41,5.77,9.99,9.44,8.39,8.63,3.61,6.50,10.14,6.29,7.53,6.66,,10.46,7.83,9.77,7.99,9.50,7.80,8.91,10.52,2.91,7.71,8.03,8.25,9.18,8.56,5.06,8.84,4.90,2.96,5.62,9.70,7.20,9.01,9,9.38,6.52,7.99,6.85,3.31,2.37,10.39,8.12,11.20,11.03,10.70,11.01,12,9.06,10.90,8,4.67,8.53,6.48,6.52,6.19,4.70,2.13,5.82,4.51,6.48,5.57,6.60,5.75,8,8.47,6.54,8.92,8.99,9.73,5.80,6.19,8.19,6.14,6.85,8.40,10.69,8.99,2.60,6.10,5.06,6.20,3.84,9.86,0.98,2.82,1.51,1.63,1.39,1.51,2.66,6.38,4.85,8.76,7.39,5.40,4.20,4.13,3.32,0,3.10,2.61,3.26,2.60,2.70,1.74,0.79,1.71,0.80,0.63,-0.20,0.14,2.57,3.06,3.20,2.80,2.75,1.67,0.40,,10,-1.10,10.60,9.20,11,,,,,,,7.50,8.70,,6.30,10.10,3.10,2.71,,,,,,,,6.80,7.40,4.10,1.50,1.30,,,,,3.80,,1.40,1.20,3.40,3.90,4.40,,,2,,,0.30,,,4,3.60,3.20,3.50,3.20,1.50,
2008-12-17 13:00,11.20,10.36,10.26,11.34,8.10,6.93,7.78,12,6.94,10.59,10.06,7.55,5.84,9.58,9.16,8.32,7.87,3.45,6.50,10.19,6.25,7.62,6.60,,10.21,7.86,9.83,8.21,9.50,7.70,8.78,10.56,2.83,7.69,7.97,8.15,9.25,8.31,5.09,8.71,5,2.67,5.73,9.56,6.90,8.98,9.10,9.47,6.73,7.73,6.65,2.99,1.89,10.28,8.13,10.94,10.83,10.30,10.81,12.09,8.66,11,7.95,4.40,8.33,6.35,6.62,6.09,4.70,2.20,5.81,4.40,6.46,5.45,6.44,5.80,8,8.40,6.60,8.68,8.88,9.62,5.89,6.25,8.17,5.80,6.94,8.40,10.74,8.93,2.82,6.04,5.29,6.10,3.97,10.01,0.92,2.79,1.55,1.74,1.44,1.50,2.73,6.30,4.81,8.88,7.33,5.40,4.18,4,3.33,0.07,3.01,2.75,3.01,2.59,2.80,1.92,0.81,1.57,0.80,0.60,-0.22,-0.08,2.52,3.04,3.20,2.78,2.85,1.68,0.40,9.60,10.10,-1,10.70,9.70,11.30,1.20,6.70,-1.50,6.90,8.60,5.50,7.50,8.50,7.40,6.30,9.90,3.20,2.80,,4.70,8.40,6.50,6.60,6.40,6.80,6.80,7.30,4,1.40,1.50,4.10,4.10,5.30,5.10,3.90,4.80,1.40,1.30,3.40,3.90,4.40,3,4.20,2,1.20,,0.40,4.80,4.50,4,3.60,3.20,3.50,3.10,1.50,0
2008-12-17 13:10,11.10,10.34,10.12,11.22,8.10,7.05,8.02,11.90,7.40,10.70,10.14,7.57,5.86,9.55,8.95,8.31,7.65,3.76,6.40,10.18,6.34,7.53,6.54,,10.24,8.11,9.96,8.19,9.46,7.50,8.73,10.48,2.82,7.64,8.02,7.99,9.21,8.15,5.20,8.77,4.90,2.77,5.39,9.50,6.70,9,9.20,9.44,6.58,7.65,6.33,2.71,1.79,10.44,8.22,10.90,10.56,10.10,10.72,11.59,8.22,10.50,8.07,4.23,7.53,6.33,6.82,6.10,4.70,2.30,5.69,4.49,6.47,5.45,6.45,5.88,7.90,8.23,6.60,8.63,9.01,9.40,6.01,6.38,8.30,4.75,7.14,8.30,10.83,8.77,2.75,6.02,4.84,5.80,4.18,10.21,0.82,2.79,1.50,1.75,1.51,1.52,2.54,6.32,,8.90,7.26,5.30,3.92,4.01,3.31,0.08,2.90,2.93,3.04,2.65,2.70,2.04,0.84,1.56,0.80,0.49,-0.13,-0.15,2.57,3.13,3.30,2.77,2.83,1.59,0.40,,10.40,-0.90,10.70,9.60,11.10,,,,,,,7.40,,,6.30,9.80,3.50,3.03,,,,,,,,6.30,7.20,3.60,1.30,1.50,,,,,3.90,,1.40,1.30,3.40,3.90,4.40,,,2,,,0.40,,,3.90,3.50,3.20,3.50,3.10,1.60,
2008-12-17 13:20,11.20,10.30,10.03,11.12,7.92,7.14,8.11,11.70,6.58,10.55,10.03,7.52,5.75,9.69,8.92,8.29,7.28,4.08,6.30,10.08,6.50,7.51,6.42,,10.12,8.23,9.92,8.25,9.45,7.60,8.72,10.31,2.84,7.58,7.93,7.83,9.11,7.99,5.33,8.35,4.80,2.84,5.26,9.17,6.80,9.01,8.80,9.28,6.36,7.60,6.15,2.61,1.69,10.89,8.47,10.88,10.20,10,10.82,11.48,7.53,10,7.87,4.24,6.72,6.29,6.83,6.04,4.80,2.24,5.70,4.42,6.52,5.45,6.43,5.92,7.80,8.11,6.80,8.68,9.03,9.30,6.01,6.08,8.41,4.73,7.11,8.30,10.90,8.78,2.67,5.97,4.54,5.50,3.65,10.24,0.97,2.94,1.41,1.60,1.57,1.54,2.64,6.26,,8.91,7.20,5.10,3.65,3.90,3.29,0.07,2.84,2.85,3.21,2.65,2.70,1.95,0.89,1.57,0.80,0.32,-0.08,-0.14,2.62,3.07,3.30,2.79,2.88,1.66,0.40,,10.40,-0.90,10.60,9.70,11.10,,,,,,,7.30,8.40,,6.10,9.60,3.30,2.82,,,,,,,,6.10,7.30,3.40,1.10,1.50,,,,,4,,1.50,1.30,3.50,3.90,4.40,,,2,,,0.40,,,3.90,3.50,3.20,3.50,3.10,1.50,
2008-12-17 13:30,11.30,10.13,9.97,11.12,7.89,7.08,8.22,11.60,6.46,10.59,9.96,7.51,6.02,9.53,9.04,8.18,6.56,3.89,6.10,9.82,6.52,7.46,6.27,,10.16,8.24,9.87,8.22,9.43,8,8.61,10.19,2.55,7.56,7.89,7.79,9.11,7.95,5.31,8.34,4.70,2.80,5.34,9.06,6.80,9.01,8.70,9.19,6.46,7.48,5.90,2.55,1.90,10.91,8.67,10.84,9.73,9.70,10.67,11.31,7.13,8.70,7.84,4.14,6.01,6.29,6.71,6,4.90,2.11,5.86,4.36,6.59,5.38,6.40,6.11,7.80,8.15,6.80,8.63,9,9.20,5.79,5.89,8.51,4.77,6.85,8.30,10.57,8.91,2.82,5.88,5.06,5.10,3.09,10.10,1.10,2.83,1.43,1.63,1.54,1.58,2.84,6.18,,8.86,7.05,4.70,3.55,3.89,3.25,0.06,2.94,3.01,3.21,2.57,2.60,1.77,0.91,1.54,0.80,0.45,-0.08,-0.02,2.64,3.13,3.20,2.77,2.98,1.79,0.50,,8.10,-1,10.50,9.40,11,,,,,,,7.30,8.40,,6,9.60,3.20,2.65,,,,,,,,6,7.10,3.20,1,1.50,,,,,4,,1.50,1.30,3.40,3.90,,,,2.10,,,0.40,,,3.90,3.50,3.20,3.60,3.10,1.50,
2008-12-17 13:40,11.40,10.12,9.86,10.98,7.94,7.14,8.14,11,6.80,10.43,9.77,7.38,5.85,9.78,9.14,8.05,6.27,3.83,,9.10,6.44,7.50,6.04,,10.45,8.21,9.82,8.20,9.39,8.40,8.54,10.24,2.77,7.44,7.79,7.73,8.91,7.82,5.36,8.15,4.80,3.03,5.46,8.89,6.30,8.83,8.50,9.07,6.53,7.42,5.65,2.31,1.80,10.27,8.31,10.68,9.41,9.40,10.21,10.17,7.41,7.40,7.65,3.97,5.58,6.35,6.65,5.96,4.80,2.13,5.97,4.40,6.64,5.38,6.35,6,7.90,8.33,6.70,8.45,8.84,8.70,5.75,5.94,8.34,4.07,6.79,8.30,10.19,8.94,2.75,5.67,5.20,4.70,3.03,9.59,1.09,2.69,1.44,1.59,1.49,1.54,2.77,6.16,,8.69,7.08,4.30,3.48,3.78,3.09,0.07,2.99,3.03,3.30,2.54,2.60,1.58,1,1.54,0.70,0.37,-0.11,0.14,2.61,3,3.30,2.73,2.87,1.75,0.40,,7.80,-0.90,10.70,9,10.50,,,,,,,7.30,8.20,,5.90,9.70,3.10,2.43,,,,,,,,5.90,7.10,3,0.90,1.60,,,,,4.10,,1.50,1.30,3.40,3.80,4.40,,,2.10,,,0.30,,,3.80,3.50,3.20,3.70,3.10,1.50,
2008-12-17 13:50,11.10,10.12,9.72,10.85,7.73,7.74,7.87,11.60,7.10,10.36,9.17,7.17,5.29,10.06,9.04,7.82,6.07,3.91,5.90,8.20,6.42,7.45,5.93,,10.52,8.04,9.72,8.16,9.29,8.40,8.48,10.06,2.37,7.18,7.68,7.58,8.90,7.65,5.25,7.76,4.90,3.24,5.49,8.84,6.20,8.64,8.30,8.84,6.21,7.40,5.45,2.08,1.63,10.09,7.63,10.51,9.22,9.20,9.79,8.91,7.56,6.70,7.59,3.55,5.09,6.25,6.53,6,4.90,2.09,5.78,4.27,6.50,5.29,6.40,5.92,7.80,8.38,6.60,8.12,8.63,8.40,5.82,6.03,8.36,3.54,6.61,8.30,9.91,8.70,2.61,5.48,4.72,4.50,3.14,8.71,1.09,2.64,1.42,1.71,1.51,1.53,2.91,6.14,,8.37,7.12,4.10,3.59,3.59,2.87,0.04,3.01,2.96,3.32,2.37,2.60,1.62,0.85,1.41,0.70,0.30,-0.06,0,2.65,2.97,3.20,2.75,2.74,1.77,0.50,,8.20,-0.90,10.80,8.90,10.40,,,,,,,7.20,8.20,,5.80,9.60,2.80,2.29,,,,,,,,5.90,7.30,2.80,0.80,1.60,,,,,4.10,,1.50,1.30,3.40,3.80,4.40,,,2.10,,,0.30,,,3.80,3.50,3.20,3.70,3.10,1.50,
2008-12-17 14:00,10.90,9.93,9.54,10.65,7.53,7.84,7.86,11.60,6.58,10.23,8.04,7.07,6,9.88,9.01,7.71,5.77,3.69,5.70,8.72,6.41,7.69,5.96,,10.54,7.91,9.65,8.13,9.28,8.40,8.56,9.95,2.23,7.17,7.48,7.35,8.94,7.75,4.95,7.51,5.10,3.32,5.61,8.78,6.50,8.63,8.10,8.79,6.36,7.32,5.28,2.02,1.12,9.81,6.64,10.36,8.89,8.90,9.12,7.61,7.53,6.70,7.52,3.38,4.56,6.16,6.38,5.92,4.80,1.99,5.79,4.29,6.42,5.17,6.44,5.88,7.60,8.34,6.60,8.26,8.44,8.30,5.74,6.07,8.58,3.17,6.63,8.20,9.70,8.59,2.40,5.28,5.13,4.20,2.89,8.78,1.06,2.57,1.38,1.67,1.55,1.53,2.87,6.13,4.93,8.27,7.01,3.80,3.40,3.57,2.74,0.10,2.96,2.97,3.38,2.24,2.60,1.68,0.82,1.37,0.70,0.61,-0.10,0.21,2.71,2.96,3.30,2.78,2.87,1.60,0.50,9,8.50,-0.90,10.60,8.60,10.10,0.80,6.60,-1.70,6.60,8.50,5.70,7.20,8.20,7.90,5.90,9.80,2.70,2,1.60,4.30,6.80,6.30,6.50,6.40,6.50,5.90,7.30,2.60,0.80,1.60,4.10,4.60,5.50,5.10,4.10,3.80,1.60,1.30,3.40,3.70,4.40,3,3.90,2.10,1,1.50,0.30,4.80,4.30,3.80,3.40,3.20,3.80,3,1.30,0
2008-12-17 14:10,10.60,9.39,9.44,10.43,7.40,7.54,7.73,11.40,6.03,10.13,7.70,7,6.03,9.22,8.75,7.85,5.80,3.69,5.50,9.62,6.45,7.76,5.91,,10.67,7.91,9.17,8.02,9.31,8.40,8.49,9.71,2.39,7.22,7.35,7.42,8.74,7.64,4.94,7.35,5.10,3.57,5.69,8.60,6,8.63,8,8.58,6.48,7.13,5.17,1.85,0.82,9.80,5.60,10.20,8.40,8.80,7.95,6.63,7.41,6,7.25,3.45,4.25,6.30,6.45,5.81,4.70,1.99,6.08,4.35,6.30,5.03,6.36,6.06,7.60,8.12,6.50,7.94,8.45,8.31,5.61,6.03,8.42,2.78,6.71,8.20,9.51,8.17,2.46,5.18,4.21,3.90,2.85,9.15,1.10,2.45,1.47,1.67,1.54,1.25,2.89,6.01,4.96,8.19,7.03,3.80,3.50,3.42,2.68,0.08,3,2.96,3.32,2.05,2.60,1.81,0.63,1.28,0.70,0.43,-0.11,0.34,2.58,2.97,3.30,2.76,2.67,1.69,0.50,,6.40,-0.90,10.50,8.50,9.80,,,,,,,7.20,8.10,,5.90,9.80,2.60,1.94,,,,,,,,5.90,7.30,2.40,1,1.60,,,,,4.10,,1.60,1.30,3.40,3.70,4.40,,,2.10,,,0.30,,,3.70,3.40,3.20,3.80,2.80,1.30,
2008-12-17 14:20,10.20,9.20,9.36,10.11,7.30,7.43,7.94,11.50,6.06,10.30,7.66,6.55,5.95,8.95,8.53,7.86,5.41,3.13,5.40,9.10,6.58,7.13,5.74,,10.74,7.73,9.20,7.98,9.18,8.30,8.28,9.46,3.13,7.03,7.41,7.52,8.56,7.60,5.24,7.04,5.10,3.53,5.85,8.57,5.50,8.71,8,8.39,6.62,6.88,5.31,1.59,0.57,9.43,4.93,10.10,8.13,8.50,7.19,5.79,7.15,5.30,7.06,3.35,3.99,6.16,6.54,5.77,4.70,2,5.97,4.26,6.35,5.02,6.12,5.98,7.90,8.05,6.60,8.12,8.28,8.11,5.53,6.11,7.95,2.75,6.74,8.20,9.33,7.65,2.57,5,4.18,3.70,2.66,9.38,1,2.40,1.47,1.59,1.39,1.27,2.96,6,4.96,8.03,6.97,3.70,3.55,3.39,2.64,0.10,2.91,2.91,3.58,2.01,2.50,1.58,0.66,1.23,0.60,0.53,-0.05,0.09,2.74,2.94,3.30,2.71,2.89,1.50,0.40,,6.50,-0.80,10.30,8.60,9.70,,,,,,,7.20,8.10,,5.90,9.80,2.70,1.95,,,,,,,,5.80,7.20,2.30,1,1.60,,,,,4.10,,1.60,1.30,3.30,3.80,4.30,,,2,,,0.30,,,3.70,3.40,3.10,3.80,2.80,1.40,
2008-12-17 14:30,9.90,8.94,9.17,9.64,7.30,7.26,8.04,11.20,6.30,,7.58,6.10,5.44,8.90,8.23,7.78,5.56,2.99,5,9.27,6.68,6.37,5.49,,10.50,7.67,9.13,7.86,9.19,8.20,7.90,9.65,3.09,7.05,7.51,7.48,8.69,7.74,4.74,6.74,5.20,3.76,5.92,8.29,5.40,8.72,7.80,8.47,6.19,6.34,5.02,1.32,0.59,9.14,4,10.13,7.78,8.20,7.98,4.88,6.27,4.70,6.98,3.29,3.59,6.10,6.06,5.66,4.60,2.04,5.88,4.33,6.34,4.98,6.04,5.85,8.10,7.91,6.60,8.33,7.96,8,5.45,6.11,7.26,2.74,6.75,8,9.04,7.99,2.47,4.93,4.25,3.50,2.38,8.78,0.88,2.37,1.41,1.51,1.43,1.30,3.08,6.01,4.98,8.01,6.94,3.80,3.43,3.44,2.54,0.05,2.82,2.92,3.51,1.89,2.50,1.65,0.63,1.41,0.60,0.64,0,0.10,2.60,2.93,3.30,2.68,2.66,1.49,0.40,,6.50,-0.90,10.20,8.90,9.80,,,,,,,7,8.10,,5.90,9.70,2.80,1.86,,,,,,,,5.80,7.10,2.30,1,1.60,,,,,4.10,,1.60,1.30,3.20,3.70,4.30,,,2,,,0.40,,,3.50,3.40,3.10,3.80,2.70,1.50,
2008-12-17 14:40,9.50,8.67,9,9.13,7.20,7.16,8.60,10.80,6.28,,7.47,6.03,5.36,8.13,7.85,7.81,5.40,2.81,4.60,9.11,6.76,6.41,5.44,,10.52,7.81,8.91,7.91,9.01,8.10,8.20,9.37,3.24,7.04,7.46,7.43,8.94,7.72,4.70,6.62,5.40,3.87,5.95,8.28,5.40,8.48,7.70,8.43,6.20,6.07,4.94,1.25,0.29,8.37,3.03,9.27,7.43,7.80,8.65,4.21,6.18,4.30,6.79,3.26,3.43,6.07,5.99,5.59,4.70,2.03,5.81,4.37,6.29,4.85,6.12,5.76,8.10,7.92,6.50,8.33,7.50,7.87,5.41,6.10,6.80,2.78,6.81,7.90,8.62,8.01,2.33,4.75,3.96,3.30,2.38,8.26,0.95,2.33,1.44,1.53,1.35,1.23,2.83,5.96,4.90,8,6.89,3.90,3.46,3.54,2.33,0.12,2.79,2.90,3.46,1.82,2.60,1.55,0.56,1.21,0.50,0.69,0.10,0.21,2.38,2.93,3.30,2.68,2.65,1.58,0.40,,6.10,-0.90,10.40,9.50,9.50,,,,,,,6.70,8,,5.90,9.70,2.70,1.78,,,,,,,,5.80,6.90,2.30,1,1.50,,,,,4.20,,1.40,1.30,3.20,3.60,4.20,,,2,,,0.40,,,3.30,3.40,3.10,3.80,2.70,1.50,
2008-12-17 14:50,9.40,8.52,8.77,8.80,7.20,7.08,9.20,10.70,6.12,,7.50,6.40,5.88,7.74,7.68,7.85,5.04,2.85,4.20,7.92,6.60,5.68,5.07,,10.41,8.04,8.87,7.84,8.88,8,7.84,8.69,3.50,7,7.60,7.55,8.87,7.81,4.45,6.75,5.50,3.99,6.01,8.35,5.50,8.10,7.70,8.30,5.84,5.98,4.68,1.16,0.15,8.23,2.83,8.48,7.17,7.20,8.52,3.53,6.28,4.60,6.37,3.12,3.52,6.04,6.03,5.69,4.70,2,5.65,4.22,6.37,4.94,6.14,5.76,7.80,7.79,6.50,8.15,7.20,7.64,5.67,5.84,6.34,2.88,6.93,7.80,8.38,7.76,2.26,4.62,3.66,3.20,2.42,7.74,1.01,2.28,1.44,1.58,1.21,1.20,3.03,5.99,4.53,7.87,6.83,4,3.43,3.49,2.06,0.14,2.91,2.75,3.55,1.84,2.60,1.48,0.46,1.08,0.60,0.73,0.08,0.08,2.60,2.90,3.30,2.73,2.52,1.52,0.40,,5.80,-0.80,10.30,9.30,8.70,,,,,,,6.50,7.90,,5.90,9.70,2.60,1.74,,,,,,,,5.80,6.80,2.30,1.10,1.50,,,,,4.20,,1.30,1.40,3.10,3.50,4.20,,,2,,,0.40,,,3.10,3.30,3.10,3.80,2.70,1.40,
2008-12-17 15:00,9.30,8.31,8.85,8.71,7.10,7.27,9.49,10,6.75,10.07,7.50,6.57,6.31,7.67,7.75,7.87,5.03,3.11,4,7.17,6.60,5.73,5,,10.13,7.70,8.95,7.98,8.69,7.90,8.14,8.46,4.01,6.94,7.54,7.62,8.69,7.74,4.18,6.61,5.50,4.02,6.19,8.28,5.20,7.48,7.70,8.29,5.73,6.02,4.49,0.97,0.19,8.18,2.68,8.38,6.97,6.40,7.52,3.01,5.88,3.80,6.19,3.27,3.78,6.59,5.91,5.73,4.60,2,5.66,4.22,6.35,4.78,6.09,5.61,7.90,7.77,6.50,8.08,7.29,7.69,5.71,5.74,6.11,2.73,6.99,7.70,8.16,7.91,2.10,4.49,3.82,3.20,2.53,6.89,1.08,2.24,1.40,1.57,1.12,1.21,2.90,6.06,4.70,7.66,6.82,4,3.17,3.59,1.77,0.08,2.84,2.74,3.56,1.75,2.50,1.41,0.44,1.19,0.60,0.75,0.01,0.03,2.51,2.98,3.30,2.66,2.60,1.44,0.40,7.30,5.40,-0.80,10.10,8.50,8.20,0.80,6,-1.80,6.30,8.70,5.30,6.40,7.90,6.70,5.60,9.60,2.60,1.50,,4.30,6.30,6.10,6.40,6.40,5.90,5.70,6.60,2.40,1.10,1.40,3.80,4.60,5.20,5,4.30,2.30,1.20,1.40,3,3.40,4.10,2.90,3.60,2,1,,0.50,4.60,4.20,2.60,3.30,3.10,3.80,2.80,1.30,0
2008-12-17 15:10,9.10,8.15,8.95,8.54,7,7.48,8.55,9.60,7.08,9.97,7.08,6.57,6.38,7.42,7.69,7.93,4.79,3.25,4,7.11,6.79,5.99,4.79,,9.73,7.76,9.12,7.94,8.62,8.10,8.38,8.22,3.75,7.05,7.57,7.49,8.73,7.67,4.14,6.32,5.50,4.22,6.39,8.25,4.60,7.17,7.60,8.62,5.87,5.68,4.43,0.84,0.20,8.09,2.46,8.71,6.59,6.40,6.78,2.47,5.36,3.40,5.88,3.14,3.73,6.72,6.05,5.78,4.50,1.89,5.68,4.30,6.33,4.81,6.13,5.50,8.10,7.71,6.40,8.08,7.16,7.40,5.55,5.92,5.86,2.86,7.04,7.80,7.47,7.81,2.17,4.35,3.07,3.20,2.56,6.78,1.07,2.31,1.35,1.58,1.11,1.19,2.92,6.16,4.71,7.48,6.84,4,3.04,3.46,1.68,0.14,2.79,2.83,3.52,1.77,2.50,1.37,0.39,1.22,0.50,0.76,0.11,0.09,2.52,3.02,3.40,2.53,2.68,1.40,0.50,,5.10,-0.80,10.10,8.10,8.60,,,,,,,6.30,7.90,,5.60,9.50,2.50,1.55,,,,,,,,5.80,6.40,2.30,1.10,1.50,,,,,4.30,,1.10,1.40,3,3.40,4.10,,,2,,,0.50,,,2.80,3.30,3.10,3.80,2.80,1.30,
2008-12-17 15:20,8.80,8.04,9.03,8.38,6.93,7.74,8.33,9.40,7.22,9.71,7.25,7.10,6.14,7.16,7.74,7.95,4.73,3.77,4,6.59,6.91,5.94,4.78,,9.62,7.94,9.32,8.02,8.68,8.20,8.45,7.56,4.39,7.25,7.45,7.31,8.80,7.65,4.08,5.99,5.50,4.48,6.29,8.17,4.30,6.91,7.60,8.86,5.60,5.61,4.38,0.73,0.20,8.16,2.29,8.67,6.10,6.60,5.98,2.24,4.83,2.80,5.27,3.12,3.47,6.55,6.06,5.74,4.30,1.84,5.53,4.20,6.45,4.70,6.09,5.26,8,7.59,6.40,8.18,7.10,7.60,5.61,6.05,5.94,3,7.04,7.60,6.85,7.78,2.31,4.18,3.21,3.10,2.43,6.38,1.09,2.22,1.41,1.70,1.08,1.20,2.97,6.09,4.65,7.20,6.84,4,3.11,3.34,1.47,0.19,2.73,2.82,3.53,1.71,2.40,1.40,0.53,1.23,0.50,0.78,0.10,0.20,2.57,2.98,3.40,2.19,2.66,1.24,0.40,,5.20,-0.70,9.90,8.30,8.10,,,,,,,6.20,7.80,,5.50,9.50,2.40,1.42,,,,,,,,5.80,6.30,2.30,1.10,1.50,,,,,4.40,,1.20,1.50,3,3.40,4.10,,,2,,,0.50,,,3,3.20,3.10,3.80,2.70,1.40,
2008-12-17 15:30,8.80,7.81,8.96,8.08,6.87,7.71,8,9.10,7.13,9.43,7.39,7.11,5.76,7.16,7.56,7.97,5.17,4.24,3.90,6.54,6.86,6.04,4.79,,9.66,7.78,9.34,7.88,8.73,7.60,8.23,7.71,4.78,7.02,7.31,7.45,8.76,7.58,4.03,6.06,5.50,4.85,6.45,8.20,4.10,6.85,7.70,8.81,5.29,5.39,4.28,0.69,0.22,8.22,1.96,8.34,5.66,6.50,5.40,1.75,4.53,2.30,4.72,3.35,3.33,6.94,6.09,5.66,4.20,1.74,5.49,4.06,6.71,4.54,6.06,5.19,7.90,7.40,6.30,8.17,7.12,7.60,5.66,6.14,6.09,2.94,7.11,7.40,6.57,7.64,2.30,4.07,2.44,3,2.46,6.42,1.08,2.15,1.28,1.69,1,1.21,2.97,5.94,4.70,7.08,6.87,4,3.15,3.31,1.38,0.18,2.72,2.75,3.38,1.69,2.40,1.43,0.51,1.19,0.60,0.62,0.12,0.36,2.45,2.89,3.40,2.08,2.59,1.30,0.40,,5.30,-0.70,9.90,8.80,7.70,,,,,,,6.30,7.80,,5.50,9.30,2.30,1.41,,,,,,,,5.80,6.30,2.30,1.10,1.40,,,,,4.30,,1.30,1.50,2.90,3.40,4,,,1.90,,,0.50,,,3.10,3.20,3.10,3.80,2.70,1.40,
2008-12-17 15:40,8.70,7.61,8.97,7.96,7.06,7.05,7.74,8.80,7.06,9,7.40,6.86,6.30,7.38,7.39,7.94,5.61,4.01,4,6.80,6.90,6.05,4.80,,9.92,7.66,9.26,7.96,8.66,7.20,8.09,8.40,4.87,7.04,7.35,7.35,8.77,7.64,4.35,5.83,5.70,4.95,6.48,8.21,3.90,6.85,7.80,8.69,5.42,4.71,4.17,0.62,0.14,8.35,1.77,8.17,6.33,6.60,4.73,1.55,4.13,2,4.47,3.40,3.43,7.05,6.14,5.65,4.20,1.62,5.43,4.02,6.91,4.52,6.06,5.16,7.80,7.37,6.20,7.97,7.22,7.50,5.73,6.20,5.89,2.77,6.99,7.30,6.40,7.33,2.35,3.96,3.48,2.90,2.33,6.72,1.05,2.11,1.31,1.65,0.98,1.29,3.07,6.08,4.68,7.02,6.88,4,3.06,3.09,1.15,0.20,2.78,2.68,3.34,1.70,2.30,1.56,0.50,1.16,0.60,0.76,0.08,0.36,2.40,2.88,3.40,2.40,2.50,1.46,0.40,,5.50,-0.70,10,8.40,7.70,,,,,,,6.40,7.80,,5.40,9.30,2.30,1.31,,,,,,,,5.70,6.30,2.30,1,1.40,,,,,4.30,,1.30,1.50,2.80,3.40,4,,,1.70,,,0.50,,,3.20,3.20,3,3.80,2.80,1.40,
2008-12-17 15:50,8.60,7.32,8.83,7.76,6.90,7.13,7.67,8.70,7.03,8.57,7.37,6.75,6.26,7.04,7.29,7.60,5.73,3.79,3.90,6.47,6.53,6.10,4.52,,10.10,7.54,9.30,7.69,8.59,6.90,8.20,9,4.73,7.16,7.33,7.52,8.88,7.77,4.47,5.69,5.20,4.61,6.52,8.13,4,6.94,7.90,8.56,5.70,4.43,4.21,0.66,0.04,7.49,1.38,7.63,7.07,6.60,4,1.29,3.86,1.70,3.61,3.30,3.46,6.79,6.07,5.56,4.10,1.67,5.33,4.19,6.85,4.50,5.98,5.30,7.80,7.30,6.10,7.94,7.12,7.40,5.76,6.13,5.68,2.74,6.81,7.10,6.30,7.07,2.23,3.91,3.39,3,2.43,6.34,1.09,2.12,1.28,1.65,0.97,1.34,3.02,6.31,4.70,6.90,6.89,4,3.13,3.02,1.13,0.21,2.83,2.67,3.51,1.82,2.30,1.45,0.60,1.07,0.60,0.72,0.18,0.14,2.45,2.90,3.40,2.53,2.60,1.43,0.40,,5.40,-0.70,9.90,8.30,7.80,,,,,,,6.40,7.80,,5.30,9.40,2.30,1.26,,,,,,,,5.80,6.10,2.30,1.10,1.50,,,,,4.20,,1.20,1.50,2.80,3.40,4,,,1.60,,,0.50,,,3.20,3.20,3,3.80,2.90,1.40,
2008-12-17 16:00,8.50,7.25,9.05,7.47,7.05,7.09,7.71,8.50,6.92,8.15,7.30,6.49,6.34,6.92,7.23,7.64,5.61,3.14,3.80,6.52,5.88,6.03,4.37,,10.31,7.06,9.29,7.42,8.83,6.80,8.13,9.03,4.51,7.32,7.33,7.74,8.88,8.05,4.23,5.69,4.80,4.39,6.48,8.03,3.90,6.51,8,8.40,5.70,5.31,4.13,0.58,-0.06,6.95,1,7.77,6.81,6.30,3.73,0.92,3.61,1.30,3.01,3.15,2.89,6.75,6.03,5.44,4.10,1.53,5.12,4.31,7.07,4.50,6.14,5.46,7.70,7.20,6.04,7.96,6.94,7.20,5.78,6.16,5.60,2.70,6.46,6.90,6.15,7.01,1.91,3.83,3.34,3.10,2.31,6,1.13,2.16,1.27,1.61,0.97,1.36,2.93,6.36,4.82,6.94,6.84,3.80,3.16,2.92,0.97,0.25,2.98,2.71,3.50,1.80,2.30,1.53,0.68,0.95,0.60,0.80,-0.04,0.38,2.29,2.86,3.40,2.52,2.37,1.22,0.50,8.30,5.30,-0.50,10,8.60,7.80,1,5.30,-0.10,6.10,7,5.10,6.40,7.70,6.90,5.10,9.60,2.30,1.30,1.30,4.20,5.30,6,5.60,6.20,5.90,5.70,6,2.30,1.10,1.50,3.60,4.40,5,4.60,4,2.40,1.20,1.60,2.70,3.40,3.90,2.70,3.40,1.40,1,1.30,0.50,4.60,4.30,3.20,3.20,3,3.90,3,1.50,0
2008-12-17 16:10,8.40,7.17,9.20,7.16,7,7.05,7.45,8.20,6.95,8.02,7.28,6.27,6.04,6.87,6.97,7.52,5.64,3.18,3.80,5.46,5.38,6.41,4.16,,10.26,6.87,9.31,7.34,8.65,6.60,8.11,9.20,4.85,7.19,7.52,7.92,9.01,8.14,4.18,5.43,5,4.60,6.69,7.93,3.80,6.08,8.10,8.73,5.33,6.39,3.94,0.51,-0.21,7.01,0.75,8,6.12,5.50,3.58,0.71,3.51,1,3.22,3.25,2.45,6.29,5.93,4.88,4,1.58,5.07,4.17,7.21,4.54,6.09,5.81,7.50,7.18,5.97,7.75,6.85,7.30,5.92,6.18,5.52,2.62,6.14,6.50,5.98,7.26,1.88,3.72,3.50,3,2.19,5.99,1.06,2.18,1.16,1.54,0.99,1.36,2.83,6.49,4.82,6.71,6.76,3.80,3.08,2.91,0.95,0.18,2.77,2.71,3.34,1.80,2.40,1.62,0.66,1.05,0.70,0.85,-0.01,0.37,2.30,2.89,3.40,2.48,2.43,1.35,0.40,,5.30,-0.60,10,8.70,7,,,,,,,6.30,7.80,,5.10,9.80,2.20,1.27,,,,,,,,5.60,6,2.30,1.10,1.50,,,,,4,,1.30,1.60,2.70,3.40,3.90,,,1.40,,,0.50,,,3.30,3.20,3,3.90,3,1.50,
2008-12-17 16:20,8.30,6.98,9,7.07,7,7.04,7.29,8.10,7.10,7.60,7.43,6.18,6.28,6.77,6.80,7.51,5.59,3.04,3.70,5.20,5.27,6.96,4.19,,10.32,6.72,9.47,7.34,8.62,6.60,7.79,9.56,4.49,7.37,7.67,7.98,9.02,8.14,4.02,5.13,5.40,4.82,6.53,8.08,3.70,5.79,8.10,9.09,4.95,6.45,3.87,0.56,-0.05,6.94,0.57,8.31,6.26,4.80,3.50,1,3.34,1.20,3.58,2.94,2.42,5.39,6.06,4.74,4,1.60,4.94,4.08,7.24,4.45,6.10,5.81,7.40,7.27,5.83,7.53,6.93,7.50,5.80,6.28,5.65,2.32,6.33,6,5.72,7.27,2.16,3.60,3.20,3,2.26,5.73,1.10,2.17,1.18,1.49,0.89,1.39,2.87,6.79,4.92,6.61,6.73,3.80,3.12,2.87,0.93,0.26,2.85,2.48,3.28,1.79,2.30,1.72,0.66,1.06,0.70,0.83,0.07,0.45,2.39,2.87,3.40,2.55,2.42,1.40,0.40,,5.40,-0.70,9.90,8.60,7.20,,,,,,,6.30,7.20,,5.10,9.90,2.10,1.15,,,,,,,,5.50,6,2.30,1,1.50,,,,,3.90,,1.20,1.60,2.70,3.30,3.80,,,1.40,,,0.50,,,3.30,3.10,3,3.90,3,1.50,
2008-12-17 16:30,8.20,7.01,9,7.03,6.90,6.87,7.23,8.10,7.10,7.39,7.54,5.95,6.25,6.59,6.71,7.45,5.70,2.92,3.40,4.81,5.13,6.86,4.28,,10.25,6.70,9.33,7.22,8.67,6.80,7.20,9.51,3.34,7.46,7.92,7.97,8.97,8.08,3.87,5.07,5,4.75,6.50,8.37,3.60,5.84,8.20,9.12,5.11,6.56,3.87,0.41,-0.04,6.74,0.35,8.61,6.41,5.10,3.59,2.43,3,0.90,3.66,3.08,2.24,5.20,5.98,4.65,3.90,1.57,4.85,4.24,7.18,4.42,6.02,5.60,7.20,7.21,5.76,7.43,6.79,7.50,5.65,6.36,5.79,2.28,6.68,5.70,5.50,7.16,2.06,3.59,2.78,2.90,2.22,5.21,1.19,2.18,1.16,1.51,0.99,1.36,2.88,6.72,5.17,6.58,6.71,3.80,3.15,2.91,0.74,0.34,2.89,2.40,3.46,1.86,2.40,1.67,0.65,0.87,0.80,0.84,0.07,0.22,2.38,2.80,3.50,2.57,2.33,1.40,0.50,,5.20,-1,9.70,8.50,6.70,,,,,,,6.20,7.20,,5,9.90,2.10,1.04,,,,,,,,5.50,5.90,2.30,1,1.40,,,,,3.80,,1.20,1.70,2.70,3.30,3.80,,,1.10,,,0.50,,,3.40,3.10,3,3.90,3,1.40,
2008-12-17 16:40,8.10,7.01,9.14,7.02,6.90,6.87,7.19,7.80,6.95,7.36,7.63,6.43,6.69,6.23,6.85,7.46,5.70,2.85,3.40,4.30,4.90,6.63,4.32,,10.35,6.77,9.26,7.26,8.38,6.80,6.62,9.56,2.89,7.54,7.95,7.99,9.07,8.10,3.77,5.16,4.50,4.06,6.45,8.46,3.30,6.17,8.10,8.94,5.30,6.25,4,0.33,-0.17,6.84,0.18,8.91,5.73,5,3.72,2.80,2.89,1.10,4.46,3.31,2.27,5.12,6.03,4.64,3.70,1.40,4.73,4.09,7.16,4.41,6.04,5.40,7.10,7.10,5.72,7.36,6.56,7.50,5.50,6.53,5.83,2.15,6.68,5.60,5.35,7,2.13,3.56,2.43,2.90,1.90,5.26,1.03,2.21,1.11,1.47,0.95,1.43,2.95,6.53,5.39,6.53,6.63,3.80,3.08,2.96,0.68,0.37,2.86,2.42,3.46,1.88,2.40,1.71,0.59,0.85,0.70,0.84,0.08,0.36,2.31,2.81,3.50,2.56,2.54,1.44,0.40,,4.70,-0.90,9.60,8.20,6.70,,,,,,,6.10,7.40,,4.60,9.70,2,1.08,,,,,,,,5.30,5.90,2.40,1.10,1.40,,,,,3.80,,1.20,1.60,2.70,3.20,3.80,,,1,,,0.50,,,3.50,3.10,3,3.90,3,1.40,
2008-12-17 16:50,8.10,6.98,9.05,6.87,7,6.82,7.09,7.60,6.92,6.99,7.48,6.65,6.98,6.21,7.05,7.51,5.52,2.83,3.20,4.20,4.61,6.27,4.43,,9.89,6.82,9.10,7.16,8.18,6.80,6.53,9.83,2.62,7.50,7.88,7.84,9.04,8.02,4.03,4.72,5.10,3.54,6.16,8.28,3.10,7.40,8.10,8.74,5.60,5.78,3.74,0.31,-0.02,6.90,0.48,8.80,5.41,5.50,3.40,3.12,2.88,1.70,5.98,3.03,2.37,5.21,5.75,4.48,3.60,1.40,4.56,3.99,7.09,4.41,6.02,5.61,7,7.06,5.64,7.17,6.53,7.40,5.37,6.50,5.66,1.88,6.65,5.40,5.04,6.92,2.14,3.51,2.49,2.80,1.72,5.18,1.02,2.20,1.11,1.42,,1.48,2.91,6.10,5.26,6.48,6.51,3.90,2.90,2.97,0.83,0.40,2.87,2.39,3.36,1.87,2.40,1.72,0.52,0.96,0.70,0.80,0.10,0.34,2.21,2.87,3.40,2.56,2.49,1.42,0.40,,4.70,-1,9.60,8.10,6.50,,,,,,,6.10,7.40,,4.30,9.30,2,1.06,,,,,,,,5.30,5.90,2.40,1.10,1.40,,,,,3.70,,1.20,1.70,2.70,3.20,3.80,,,0.90,,,0.50,,,3.40,2.90,3.10,3.90,3,1.40,
2008-12-17 17:00,8,6.88,9.03,6.85,6.90,6.95,7.16,7.40,6.82,7.07,7.43,6.62,7.49,6.12,7.08,7.54,5.58,2.78,3.10,4.09,4.56,6.11,4.29,,9.78,6.73,9.03,7.31,8.46,6.80,6.43,10.08,2.26,7.57,7.79,7.79,9.12,7.94,4.16,4.74,4.70,3.24,5.64,8.36,3.20,7.87,8.10,8.76,5.36,6.30,3.64,0.34,-0.09,6.75,0.67,8.30,5.49,5.20,3.30,2.88,2.82,1.90,6.56,3.57,2.59,6.18,5.44,4.36,3.50,1.51,4.42,4.08,7.13,4.47,5.93,5.77,6.70,6.98,5.58,7.06,6.46,7.20,5.41,6.37,5.78,1.91,6.66,5.30,4.84,7.19,2.16,3.43,2.67,2.80,1.76,5.37,0.97,2.29,1.09,1.40,,1.47,2.92,5.99,5.21,6.34,6.41,3.90,2.92,2.87,0.79,0.36,2.85,2.41,3.29,1.86,2.40,1.76,0.49,1.04,0.80,0.81,0.09,0.29,2.16,2.90,3.40,2.52,2.33,1.38,0.50,8.80,4.70,-1,9.50,8.10,6.80,1,4.60,0.10,5.90,6.50,4.90,6.10,7.20,7.10,4.60,9.10,2,0.90,1.10,4.10,4.70,5.50,6,6,5.80,5.20,5.40,2.40,1.10,1.40,3.50,4.20,5.20,4.60,3.50,2.20,1.20,1.70,2.70,3.20,3.70,,3.30,0.80,0.90,1.10,0.50,4.40,4.30,3.20,2.80,3.10,4,3,1.40,0.10
2008-12-17 17:10,8,7,8.99,6.77,7.02,6.79,7.24,7.50,6.71,7.19,7.57,6.46,6.92,6.14,7.24,7.41,6.32,2.86,3.20,3.98,4.47,6.31,4.18,,9.57,6.67,9.33,7.36,8.75,7.10,6.30,9.89,2.06,7.70,7.79,7.67,9.26,7.80,4.04,4.57,5.20,3.62,5.82,8.31,3.10,7.97,8,8.88,5.36,6.25,3.58,0.41,-0.24,6.11,0.44,7.75,5.58,4.90,3.10,2.97,3.07,1.90,6.83,3.60,3.22,6.73,5.35,4.35,3.50,1.35,4.44,3.94,7.16,4.38,5.83,5.78,6.50,6.96,5.60,6.89,6.31,6.80,5.48,6.34,5.63,1.75,6.74,5.20,4.74,7.30,2.21,3.30,2.64,2.80,1.89,5.19,0.94,2.13,1.11,1.43,1.03,1.48,2.93,6.48,5.11,6.11,6.35,3.90,2.83,2.88,0.75,0.42,2.82,2.41,3.29,1.94,2.40,1.76,0.53,1,0.80,0.81,0.14,0.25,2.18,2.91,3.50,2.50,2.49,1.37,0.50,,4.70,-0.80,9.50,7.50,6.30,,,,,,,6.10,6.90,,4.60,9.30,2,1.01,,,,,,,,5.10,4.90,2.40,1.10,1.40,,,,,3.50,,1.20,1.70,2.70,3.20,3.70,,,0.80,,,0.60,,,3.30,2.70,3,4,2.90,1.40,
2008-12-17 17:20,8,6.89,8.86,6.65,6.89,6.59,7.35,7.60,6.83,7.14,7.50,6.34,6.85,6.17,7.27,7.32,6.47,3.21,3.10,4.06,4.48,6.51,4.14,,9.70,6.83,9.35,7.46,8.65,7.70,6.65,9.99,1.92,7.65,7.71,7.67,9.16,7.81,3.95,4.62,5.20,3.80,6.10,8.25,3.20,7.44,7.90,9.05,5.35,6.16,3.65,0.37,-0.26,5.73,0.50,7.41,5.54,4.80,3.16,2.61,3.13,2,6.50,3.73,3.23,6.68,5.39,4.35,3.50,1.28,4.35,3.98,7.19,4.43,5.93,5.92,6.60,6.91,5.70,6.80,6.25,6.70,5.51,6.04,5.46,1.83,6.49,5.10,4.55,6.97,2.06,3.18,2.13,2.70,1.71,5.12,0.92,2.07,1.10,1.37,0.98,1.57,2.98,6.69,5.19,5.86,6.40,3.90,2.79,2.88,0.92,0.48,2.88,2.36,3.33,2,2.40,1.74,0.49,0.90,0.70,1.02,0.14,0.28,2.21,2.77,3.50,2.44,2.62,1.44,0.50,,5.20,-0.80,9.90,7.40,6.30,,,,,,,6.10,6.80,,4.40,9.20,1.90,0.96,,,,,,,,5,4.70,2.40,1.20,1.30,,,,,3.50,,1.30,1.70,2.70,3.30,3.70,,,0.90,,,0.60,,,3.20,2.70,3,4,2.80,1.40,
2008-12-17 17:30,8,6.93,8.84,6.68,6.90,6.44,7.06,7.70,6.98,6.94,7.39,6.38,6.42,6.32,7.41,7.31,6.33,3.21,3.10,4.16,4.38,6.56,3.90,,9.80,6.87,9.37,7.57,8.59,7.80,6.71,10.39,1.71,7.51,7.62,7.71,9.07,7.85,4.23,4.37,5.20,3.58,6.04,8.43,3.10,7.11,7.50,8.92,5.24,6.21,3.64,0.42,-0.29,5.40,0.49,6.96,5.69,4.60,3.14,2.41,3.32,2,6.37,4.35,2.87,6.52,5.46,4.34,3.50,1.33,4.36,3.97,7.10,4.36,5.91,6.46,6.40,6.92,5.60,6.93,6.22,6.60,5.62,6.05,5.43,1.83,6.43,5,4.41,6.79,2.10,3.02,2.32,2.60,1.32,4.75,0.97,2.11,1.18,1.33,1.02,1.56,3.06,6.76,5.04,5.97,6.33,4,2.64,2.83,1.06,0.57,2.76,2.38,3.38,2.11,2.40,1.74,0.60,0.81,0.80,1,0.23,0.48,2.26,2.78,3.60,2.35,2.43,1.71,0.50,,4.60,-0.60,10.10,7.50,6.50,,,,,,,6.10,7.10,,4.40,9,2,0.90,,,,,,,,5,4.70,2.30,1.20,1.30,,,,,3.40,,1.30,1.70,2.70,3.20,3.70,,,0.90,,,0.60,,,3.40,2.70,3.10,4,2.80,1.40,
2008-12-17 17:40,8,6.91,8.88,6.80,6.81,6.39,6.99,9.20,6.97,6.62,7.42,6.48,6.27,6.87,7.36,7.26,6.22,2.74,3.10,4.16,4.11,6.13,3.76,,9.79,6.90,9.43,7.43,8.59,8,6.89,10.18,1.78,7.43,7.60,7.69,8.98,7.79,4.39,4.07,5,3.49,5.90,8.71,3.20,7.60,7.30,8.72,5.22,6.03,3.34,0.43,-0.24,5.32,0.53,6.78,5.36,4.40,3.29,2.40,3.51,2,7.07,4.37,2.66,6.34,5.41,4.30,3.50,1.17,4.35,3.91,6.88,4.31,5.75,6.48,6.30,6.90,5.59,6.68,6.23,6.50,5.33,6.01,5.37,1.86,6.22,4.80,4.36,6.81,1.87,3.03,2.28,2.60,1.39,4.25,0.94,2.13,1.19,1.31,1.07,1.55,3.18,6.70,5,5.73,6.37,3.80,2.67,2.74,1.23,0.62,2.78,2.40,3.28,2.12,2.50,1.60,0.55,0.84,0.80,1.08,0.23,0.37,2.39,2.83,3.50,2.23,2.35,1.51,0.50,,4.50,-0.90,10.30,7.60,7.10,,,,,,,6.10,7.20,,4.20,8.90,2,1.03,,,,,,,,4.90,4.60,2.30,1.10,1.40,,,,,3.40,,1.40,1.80,2.70,3.30,,,,0.90,,,0.70,,,3.40,2.90,3.10,4,2.80,1.40,
2008-12-17 17:50,8,6.92,8.85,6.71,6.80,6.26,6.99,9.60,6.81,6.59,7.46,6.21,6.20,7.34,7.37,7.22,5.93,2.83,3,4.12,4.17,5.76,3.68,,9.88,6.35,9.79,7.39,8.61,8.10,6.94,9.90,2.36,7.25,7.60,7.67,9.06,7.87,4.34,4.14,4.70,3.13,5.61,8.83,3.10,7.89,7.10,8.43,5.17,6.14,3.11,0.56,-0.14,5.49,0.79,7.32,4.93,4.40,3.21,2.88,3.71,1.90,6.96,4.28,2.38,5.34,4.83,4.23,3.50,1.14,4.17,4.01,6.84,4.24,5.72,6.34,6.30,6.73,5.54,6.71,6.16,6.60,5.07,5.86,5.39,1.89,6.15,4.70,4.13,6.88,1.55,2.96,2.30,2.60,1.37,3.56,0.80,2.12,1.23,1.34,1.09,1.52,3.13,6.35,5.01,5.49,6.48,3.70,2.85,2.65,1.28,0.61,2.83,2.43,3.30,2.16,2.50,1.49,0.49,0.81,0.80,1.11,0.22,0.26,2.38,2.80,3.50,2.20,2.34,1.65,0.60,,4.50,-0.60,10.20,7.20,7.40,,,,,,,6.10,6.80,,4.30,8.70,2,1.05,,,,,,,,4.80,4.40,2.20,1.10,1.30,,,,,3.40,,1.50,1.80,2.80,3.40,3.70,,,0.90,,,0.70,,,3.40,2.80,3.20,4,2.90,1.40,
2008-12-17 18:00,8,7.32,8.87,6,7,6.23,6.98,9.80,6.88,6.39,7.67,6.13,6.48,7,7.33,6,6,2.83,4,4.35,4,5.75,3.79,9,10,6,10.03,7.47,8,8,8,10,2.27,7.25,7.50,7,9,8,4,5,5,4,6,9,3.20,8.05,7,8.31,4.95,5.68,3,1,-0.11,5.32,0.97,8,4,4,3,3.19,4.16,2,6.08,4.07,2.25,4.83,4.70,4.25,3.50,1.35,4.17,3.93,6.78,4.16,5.66,5.90,6.20,6.71,5.57,6.47,6,6.50,4.97,5.65,5.25,1.87,5,4.50,3.89,7.02,1.45,2.94,2,2.60,1.55,3.11,0.77,2.11,1.33,1.38,1.17,1.63,3.20,5.97,5.20,5.49,6.48,3.70,2.72,2.56,1.35,0.64,2.69,2.33,3.31,2.08,2.50,1.35,0.57,1.08,0.80,0.97,0.27,0.64,2.36,3,3.30,2.32,2.40,1.46,0.60,8,4,-1,10,6.90,7.30,0.60,4.30,0.20,5.50,6.20,4.80,6,7,6.30,4.20,8.50,2,1,1.20,3.90,4.40,5.10,5.20,5.70,5.60,4.70,4.20,2.20,1,1.40,3.40,3.90,4.80,4.20,3.30,2.10,1.50,1.70,2.70,3.50,3.60,,3.40,1,1,1.40,0.70,4.40,3.80,3.40,2.70,3.20,4.10,2.80,1.30,0.30
2008-12-17 18:10,8.20,7.30,8.86,6.61,6.65,6.37,6.99,9.70,7.09,6.32,7.80,6.24,6.30,6.90,7.56,7.14,5.78,2.49,2.90,4.87,4.39,5.87,3.58,,9.81,6.31,9.94,7.47,8.48,8.20,7.16,10.23,1.77,7.10,7.70,7.78,9.03,7.99,4.05,4.63,5.20,3.50,5.81,8.85,3.10,8.17,7.20,8.21,5.62,5.57,3,0.56,-0.13,5.13,0.94,7.46,4.79,4.70,3.40,3.42,4.84,1.60,4.80,3.58,2.98,5.20,4.49,4.32,3.50,1.32,4.22,3.96,6.68,4.22,5.69,5.82,6.30,6.77,5.60,6.30,5.99,6.50,5.16,5.69,5.54,1.84,6.06,4.40,3.68,7.10,1.42,2.87,2.25,2.50,1.50,2.80,0.76,2.06,1.31,1.37,1.20,1.63,3.32,5.57,5.34,5.65,6.29,3.70,2.54,2.46,1.41,0.55,2.62,2.37,3.31,1.91,2.40,1.34,0.53,0.88,0.80,0.99,0.37,0.60,2.29,2.76,3.60,2.28,2.53,1.54,0.60,,4.40,-0.60,10.40,6.80,7.30,,,,,,,6,6.60,,4.20,8.40,1.90,1.10,,,,,,,,4.60,4.30,2.30,1,1.40,,,,,3.30,,1.50,1.80,2.70,3.50,3.60,,,1,,,0.70,,,3.40,2.60,3.20,4.10,2.80,1.30,
2008-12-17 18:20,8.30,7.11,8.84,6.53,6.78,6.45,6.78,9.70,7.39,6.41,7.82,6.07,6.01,6.74,7.52,7.13,5.59,2.64,2.90,4.44,4.10,5.67,3.68,,9.78,6.44,10.07,7.64,8.41,8.50,7.94,10.39,1.59,7.04,7.72,7.79,9.03,8.01,3.95,4.71,5.20,3.45,5.65,8.82,3.20,8.02,7.50,8.25,6.02,5.30,2.77,0.42,-0.19,4.69,0.76,7.08,4.74,6.40,3.52,3.11,5.06,1.80,4.26,4.06,2.99,5.51,4.25,4.17,3.40,1.23,4.17,4.10,6.53,4.18,5.62,6.02,6.20,6.76,5.60,6.17,5.99,6.20,5.36,5.72,5.47,1.88,5.89,4.50,3.59,7.20,1.50,2.73,2.11,2.40,1.47,2.43,0.71,2.08,1.34,1.43,1.20,1.65,3.41,5.54,5.40,5.41,6.19,3.60,2.54,2.37,1.55,0.65,2.64,2.36,3.23,2.02,2.20,1.40,0.46,1.03,0.80,1.03,0.32,0.56,2.19,2.77,3.60,2.23,2.35,1.57,0.60,,4.80,-0.80,10.90,7.20,7.10,,,,,,,6,6.70,,4.20,8.50,1.90,0.97,,,,,,,,4.50,4.30,2.20,1,1.40,,,,,3.20,,1.50,1.80,2.70,3.40,3.60,,,0.90,,,0.70,,,3.50,2.50,3.20,4.10,2.80,1.30,
2008-12-17 18:30,8.20,7.26,8.76,6.49,6.65,6.37,6.60,9.70,7.56,6.34,7.79,6.35,6.05,6.68,7.36,7.09,5.63,2.74,3,6.01,3.88,5.44,3.61,,10.03,6.31,9.88,7.85,8.42,8.80,7.83,10.24,2.07,7.23,7.65,7.73,8.96,8.10,4,4.97,4.50,3.31,5.57,8.51,3.10,7.74,7.60,8.22,5.44,5.79,2.67,0.46,-0.19,4.61,0.66,6.67,4.45,7.10,3.70,2.91,4.74,1.50,4.84,4.27,2.95,5.79,4.25,4.12,3.40,1.03,4.09,4.07,6.50,4.18,5.60,6.06,5.90,6.44,5.60,6.31,6.09,6.20,5.34,5.60,5.49,1.74,5.77,4.50,3.54,7.38,1.74,2.65,2.21,2.30,1.35,2.39,0.65,2.03,1.41,1.45,1.21,1.65,3.42,5.43,5.12,5.24,6.15,3.50,2.48,2.27,1.64,0.69,2.73,2.17,3.17,2.08,2,1.36,0.50,1.03,0.90,1.09,0.32,0.65,2.40,2.75,3.70,2.08,2.44,1.56,0.60,,4.60,-0.60,11,7.20,7.10,,,,,,,5.90,6.30,,4.40,8.90,1.80,0.97,,,,,,,,4.50,4.20,2.30,0.90,1.40,,,,,3.20,,1.50,1.80,2.70,3.50,3.50,,,1,,,0.80,,,3.60,2.50,3.10,4.10,2.90,1.30,
2008-12-17 18:40,8.20,7.23,8.91,6.55,6.67,6.35,6.43,9.80,7.41,6.36,7.89,6.49,5.87,6.47,7.33,6.99,5.53,2.82,3,6.03,3.86,5.44,3.60,,9.82,6.10,9.17,7.89,8.32,8.70,7.23,10.27,1.95,7.24,7.84,7.93,9.02,8.31,3.83,5,4.40,3.12,5.22,8.49,2.90,7.43,7.60,8.35,5.35,6.27,2.94,0.29,-0.29,4.35,0.62,6.20,4.58,6.90,3.60,2.76,4.53,1.60,6.87,4.12,2.74,6.48,4.09,4.10,3.40,0.92,3.97,3.90,6.57,4.06,5.59,6.12,5.90,6.16,5.60,6.34,6.10,6.20,5.22,5.47,5.53,1.74,5.73,4.20,3.67,7.08,1.70,2.61,2.21,2.40,1.37,2.31,0.68,1.98,1.42,1.42,1.30,1.65,3.39,5.27,5.10,5.24,6.24,3.60,2.50,2.28,1.66,0.72,2.79,2.15,3.08,2.14,1.80,1.29,0.52,1.14,0.80,1.19,0.32,0.57,2.38,2.81,3.60,1.98,2.30,1.61,0.60,,4.70,-0.60,10.90,7.10,6.90,,,,,,,5.90,6.50,,4,9.10,1.80,1.01,,,,,,,,4.40,4.20,2.30,0.90,1.50,,,,,3.20,,1.50,1.90,2.70,3.40,3.50,,,0.90,,,0.80,,,3.50,2.60,3.10,4.10,2.80,1.40,
2008-12-17 18:50,8,7.16,8.90,6.53,6.77,6.12,6.21,9.70,7.12,6.30,8.25,6.56,5.77,6.45,7.50,6.94,5.51,2.71,2.80,5.78,3.78,5.50,3.79,,9.17,6.17,9.31,8.02,8.40,8.80,7.58,10.23,1.78,7.27,7.92,8.10,8.82,8.57,3.75,5.07,4,3.24,4.80,8.57,3,7.75,7.70,8.35,5.22,6.47,2.96,0.32,-0.37,4.08,0.77,6.27,4.78,6.60,3.77,2.67,4.44,1.60,7.73,4.15,2.56,6.68,4.22,3.97,3.40,0.77,3.91,3.91,6.49,4.07,5.67,5.86,5.80,6.04,5.70,6.39,5.96,6.20,5.12,5.58,5.61,1.60,5.64,4.10,3.98,6.83,1.47,2.45,2.19,2.40,1.43,2.40,0.72,2.02,1.42,1.37,1.25,1.72,3.39,5.12,4.97,5.04,6.23,3.60,2.47,2.18,1.71,0.78,2.75,2.05,3.06,2.12,1.70,1.24,0.52,1.17,0.90,1.06,0.33,0.49,2.40,2.89,3.60,1.93,2.11,1.65,0.70,,4.40,-0.60,11,6.70,6.20,,,,,,,5.80,6.60,,4.30,9.20,1.80,1.13,,,,,,,,4.50,4.20,2.30,0.90,1.60,,,,,3.20,,1.40,1.90,2.60,3.50,,,,0.90,,,0.80,,,3.50,2.80,3.10,4.20,2.80,1.40,
2008-12-17 19:00,7.70,7.33,8.72,6.43,6.59,6.18,6.38,9.80,6.67,6.43,8.34,6.59,5.61,6.67,7.60,6.96,5.67,2.49,2.80,5.06,4,5.22,3.88,,8.83,6.31,9.55,8.07,8.53,8.70,7.82,10.09,1.83,7.45,8.09,8.01,8.63,8.57,3.72,5.17,3.40,2.99,4.85,8.46,3.20,7.50,8.20,8.33,5.60,6.67,3.01,0.33,-0.39,3.76,0.79,5.98,4.68,6.80,3.84,2.59,6.38,1.50,7.58,4.11,2.40,6.99,4.14,3.98,3.20,0.56,3.97,4.05,6.44,4.02,5.50,5.65,5.60,5.94,5.80,6.31,5.91,6.30,5.06,5.66,5.47,1.75,5.69,4.20,4.17,6.88,1.33,2.42,2.20,2.40,1.39,2.52,0.67,2.06,1.38,1.39,1.41,1.82,3.42,4.96,5.21,4.83,6.23,3.60,2.58,2.16,1.70,0.83,2.68,2.02,3.12,2.05,1.60,1.25,0.49,1.09,0.80,1.19,0.36,0.55,2.38,2.93,3.70,1.66,2.04,1.70,0.70,7.60,4.40,-0.80,10.90,6.30,6.10,0.50,4.20,-1.90,5.40,6.40,4.80,5.70,6.60,6.30,3.90,9.30,1.80,0.90,1.50,3.80,4.40,5,5.40,5.90,5.50,4.50,4.10,2.30,0.90,1.60,3.50,3.70,4.70,4.20,3.20,2.10,1.50,2,2.60,3.60,3.30,,3.40,0.90,1,1.50,0.80,3.90,3.90,3.50,3,3.10,4.10,2.80,1.40,0.30
2008-12-17 19:10,7.60,7.45,8.50,6.46,6.60,5.97,6.26,10,5.99,6.68,8.39,6.74,5.76,6.81,7.87,6.86,5.85,2.41,2.80,4.77,4.12,5.56,4.05,,8.86,6.30,9.44,8.11,8.50,8.80,8.70,10.02,1.80,7.68,8.13,8.08,8.58,8.25,4.01,5.13,3.50,3.04,4.25,8.29,3.10,8.01,8.50,8.48,5.51,6.62,2.97,0.39,-0.31,3.58,0.86,5.89,4.83,6.70,3.87,2.48,7.88,1.60,7.30,4.21,2.35,7.27,3.93,3.93,3,0.43,3.99,3.99,6.37,4.11,5.52,5.61,5.40,5.99,5.82,6.24,5.86,6.52,4.99,5.31,5.50,1.61,5.45,4.20,4.41,6.99,1.25,2.35,2.23,2.30,1.30,2.55,0.65,2.11,1.44,1.53,1.47,1.88,3.37,4.90,5.08,5.10,6.13,3.60,2.62,2.16,1.72,0.83,2.76,1.75,2.97,2.02,1.70,1.21,0.46,1.15,0.90,1.12,0.48,0.57,2.25,2.92,3.80,1.44,2.01,1.59,0.70,,4.90,-0.90,10.30,6.70,5.80,,,,,,,5.60,6.60,,3.90,9.20,1.80,1.07,,,,,,,,4.40,4.10,2.10,0.90,1.50,,,,,3.20,,1.50,2,2.60,3.60,3.30,,,0.90,,,0.80,,,3.40,3.10,3.10,4.10,2.80,1.40,
2008-12-17 19:20,7.60,7.53,8.33,6.40,6.60,5.92,6.16,9.50,5.84,6.58,8.44,6.70,5.71,7.11,7.87,6.80,6.14,2.09,2.80,4.41,4.22,4.41,4.28,,9.27,6.40,9.08,8.20,8.40,8.80,9.68,10.12,1.81,7.82,8.11,7.99,8.66,8.12,4.28,4.99,3.80,3,4.72,8.08,2.90,8.03,8.40,8.58,5.44,6.50,3.17,0.47,-0.33,3.55,0.95,5.92,4.33,5.90,3.93,2.60,8.53,1.80,6.81,4.47,2.52,7.64,3.82,3.75,2.90,0.33,3.87,3.87,6.21,4.11,5.72,5.69,5.30,5.94,5.85,6.55,5.77,6.65,5,5.38,5.67,1.47,5.34,4.30,4.47,6.79,1.30,2.25,2.22,2.30,1.27,2.43,0.69,2.14,1.48,1.58,1.41,1.91,3.49,4.76,4.95,5.14,6.08,3.60,2.82,2.22,1.79,0.79,2.68,1.75,3.08,2.02,1.80,1.04,0.60,1.12,0.90,1.23,0.42,0.62,2.24,2.92,3.70,1.33,2.11,1.64,0.70,,4.40,-0.90,10.40,6.60,6.20,,,,,,,5.50,5.90,,3.80,9.20,1.80,1.02,,,,,,,,4.40,4.10,2.30,0.90,1.60,,,,,3.20,,1.50,2,2.60,3.50,3.40,,,1,,,0.90,,,3.40,3,3.10,4.10,2.70,1.40,
2008-12-17 19:30,7.40,7.89,8.25,6.38,6.50,6.03,6.46,9.10,5.87,6.56,8.36,6.65,5.48,7.98,7.82,6.87,6.38,2.09,2.80,4.42,4.36,4.28,4.50,,9.42,6.29,9.08,8.36,8.56,9,10.07,9.99,1.88,7.85,8.11,7.89,8.68,8.08,4.54,4.99,3.10,3.07,4.95,7.79,3,7.94,8.20,8.61,5.27,6.23,3.80,0.43,-0.25,3.42,0.96,5.75,4.39,5.60,4.09,2.52,8.25,1.80,6.19,4.67,2.63,7.39,3.81,3.59,2.80,0.21,3.89,3.83,6.15,4.10,5.69,6.09,5.40,5.81,6.06,6.88,5.77,6.48,5.12,5.26,5.68,1.42,5.13,4.20,4.50,6.93,1.28,2.21,2.04,2.30,1.27,2.25,0.77,2.19,1.44,1.66,1.62,2.01,3.54,4.65,5.18,5.38,6.01,3.60,2.58,2.21,1.79,0.89,2.62,1.72,3.17,1.94,1.90,1.02,0.54,1.21,0.90,1.27,0.57,0.49,2.28,2.92,3.80,1.42,2.22,1.64,0.80,,4.20,-0.70,9.90,6.10,6.60,,,,,,,5.50,5.90,,3.40,9.10,1.80,1.04,,,,,,,,4.30,4.20,2.30,0.80,1.70,,,,,3.20,,1.40,2,2.70,3.50,3.40,,,1,,,0.90,,,3.40,3,3.10,4.20,2.50,1.40,
2008-12-17 19:40,7.40,7.92,8.23,6.39,6.50,5.85,6.22,8.80,5.86,6.32,8.24,6.63,5.74,7.45,7.85,6.79,6.11,2.07,2.70,4.37,4.29,4.26,4.39,,9.57,6.40,8.85,8.51,8.50,9.10,10.35,10.10,1.91,7.72,8.01,7.92,8.75,8.08,4.71,4.87,3.50,3.32,5.04,7.80,2.80,8.03,7.80,8.60,5.79,6.32,4.18,0.39,-0.19,3.30,1,5.63,4.37,5.50,4.18,2.53,7.94,1.70,6.45,4.66,2.60,7.47,3.74,3.51,2.70,0.10,3.88,3.73,6.06,4.04,5.57,6.10,5.50,5.81,6.19,6.91,5.69,6.17,4.95,5.14,5.63,1.42,4.99,4,4.66,6.78,1.08,2.27,2.10,2.30,1.34,2.52,0.79,2.26,1.41,1.69,1.69,2.10,3.64,4.75,5.21,5.50,6.08,3.50,2.56,2.20,1.73,0.96,2.51,1.41,3.16,1.87,2,1.15,0.52,1.19,1,1.26,0.49,0.68,2.15,2.98,3.70,1.52,1.88,1.68,0.80,,4.30,-0.70,9.90,5.90,6.90,,,,,,,5.50,6,,3.40,9,1.80,0.95,,,,,,,,4.30,4.50,2.30,0.90,1.70,,,,,3.20,,1.50,2,2.80,3.50,3.30,,,1,,,0.90,,,3.50,2.80,3.20,4.20,2.30,1.40,
2008-12-17 19:50,7.30,8.08,8.06,6.34,6.50,5.80,6.05,8.90,6.03,6.27,8.21,6.61,5.80,7.02,7.74,6.89,6.43,2.28,2.70,4.21,4.17,4.35,4.45,,9.72,6.62,8.99,8.56,8.51,9.10,10.43,9.78,2.11,7.59,8.11,7.89,8.72,8.21,4.72,4.84,3.40,3.19,5.03,7.91,2.80,8.30,7.50,8.51,6.43,6.15,4.51,0.45,-0.14,3.34,1,5.94,4.60,5.40,4.14,2.53,7.41,1.70,6.47,4.66,2.63,7.49,3.66,3.41,2.60,0.17,3.86,3.67,6.03,4.02,5.69,6.20,5.50,5.80,6.34,6.74,5.82,6.02,4.90,4.99,5.49,1.36,4.87,3.90,4.55,6.79,0.85,2.34,1.93,2.20,1.39,2.38,0.89,2.28,1.53,1.71,1.59,2.10,3.83,4.63,5.27,5.63,5.91,3.60,2.38,2.22,1.79,1.02,2.54,1.32,3,1.86,2,1.27,0.59,1.07,1,1.26,0.54,0.64,2.39,3.05,3.70,1.36,2.06,1.61,0.70,,4.30,-0.60,10.10,5.80,6.40,,,,,,,5.50,5.90,,3.50,8.90,1.80,1,,,,,,,,4.40,4.60,2.30,0.90,1.70,,,,,3.10,,1.50,2,2.80,3.50,3.30,,,1,,,0.90,,,3.50,2.60,3.10,4.20,2.30,1.40,
2008-12-17 20:00,7.20,7.71,8.15,6.24,6.30,5.91,5.96,8.90,6.11,6.23,8.25,6.58,5.70,7.02,7.76,6.85,6.52,2.50,2.60,4.80,4.13,4.47,4.21,,9.74,6.69,9.01,8.58,8.68,9,10.15,9.81,2.12,7.52,8.17,7.92,8.65,8.32,4.18,4.78,3.30,3.60,5.28,8.01,2.80,8.21,7.30,8.57,6.09,6.10,4.27,0.55,-0.16,3.31,1,6.53,4.99,5.40,4.19,2.63,6.68,1.70,5.74,4.72,2.64,7.29,3.77,3.37,2.50,0.07,3.71,3.68,6.01,4.24,5.71,6.01,5.50,5.79,6.24,6.71,5.84,6.05,4.82,4.94,5.60,1.30,4.75,3.90,4.51,6.71,0.65,2.41,2.05,2.30,1.34,1.95,0.93,2.27,1.56,1.70,1.65,2.07,3.69,4.50,5.29,5.60,5.77,3.60,2.35,2.16,1.83,0.95,2.60,1.31,3.08,1.81,2.10,1.20,0.56,1,1,1.16,0.57,0.91,2.28,3,3.70,1.20,1.90,1.60,0.80,7.10,4.30,-0.80,10.40,5.80,6.30,0.50,4.10,-1.90,5.20,6.10,4.70,5.60,5.70,5.60,3.40,8.80,1.80,1,1.70,3.80,4.60,4.80,5.20,5.70,5.40,4.30,4.50,2.30,0.90,1.80,3.50,3.80,4.30,4.30,3.10,2.20,1.60,2.10,2.80,3.40,3.30,2.50,3.40,1,1.10,1.80,0.90,,3.80,3.50,2.50,3,4.10,2.20,1.40,0.40
2008-12-17 20:10,7.20,7.36,7.99,6.26,6.20,5.94,6.18,8.70,5.93,6.21,8.13,6.72,5.64,7.47,7.80,6.80,6.12,2.37,2.40,4.77,4.26,4.04,4.11,,9.76,6.27,9.06,8.57,8.88,8.90,10.13,9.41,2.14,7.68,8.17,8.03,8.62,8.49,3.90,4.76,3.80,3.46,5.45,7.85,2.80,8,7.20,8.69,5.50,5.88,4.20,0.54,-0.03,3.12,0.96,5.71,4.91,5,4.17,2.60,6.88,1.80,5.29,5.02,2.79,7.18,3.57,3.24,2.40,-0.02,3.75,3.69,5.95,4.44,5.61,5.48,5.50,5.74,6.20,6.54,5.81,5.80,4.70,5.12,5.80,1.32,4.52,3.80,4.34,6.70,1.12,2.49,1.96,2.40,1.30,1.91,0.89,2.27,1.56,1.75,1.70,2.18,3.66,4.43,5.08,5.57,5.76,3.50,2.31,2.15,1.80,0.95,2.70,1.25,3.09,1.81,2.20,1.17,0.58,1.09,1,1.22,0.54,0.74,2.19,2.94,3.80,1.14,1.58,1.61,0.70,,4.20,-0.80,10.60,5.80,6.10,,,,,,,5.60,5.90,,3.40,8.40,1.90,1.11,,,,,,,,4.40,4.50,2.30,0.90,1.70,,,,,3.10,,1.60,2.10,2.80,3.40,,,,1,,,1,,,3.50,2.50,3,4.10,2.20,1.40,
2008-12-17 20:20,7.20,7.25,7.92,6.27,6.10,5.87,6.40,8.70,5.99,6.39,8.10,6.66,5.63,6.84,7.97,6.78,5.27,2.44,2.40,4.64,4.31,4.56,4.22,,9.35,6.39,9.14,8.44,8.84,8.90,10.07,9.41,2.22,7.76,8.16,8.12,8.64,8.52,3.75,4.74,3.50,3.57,5.67,7.64,2.80,7.97,7.30,8.49,5.61,5.71,3.90,0.48,-0.08,3.01,1.03,5.53,4.87,4.90,4.08,2.62,6.74,2,5.39,5.09,2.69,7.33,3.60,3.04,2.40,0.08,3.77,3.64,6,4.48,5.58,5.23,5.40,5.63,6.20,6.50,5.72,5.60,4.59,5.03,5.66,1.25,4.46,3.60,4.16,6.45,1.52,2.55,1.87,2.40,1.36,2.70,0.93,2.23,1.60,1.79,1.76,2.36,3.83,4.38,5.18,5.45,5.75,3.40,2.26,2.16,1.88,0.93,2.76,1.16,3.16,1.81,2.20,1.19,0.68,1.06,1,1.29,0.57,0.82,2.26,2.98,3.90,1.24,1.64,1.53,0.70,,4.50,-0.90,10.60,5.70,5.90,,,,,,,5.70,6.40,,3.40,8.30,1.90,1.11,,,,,,,,4.40,4.50,2.30,0.90,1.80,,,,,3,,1.60,2.10,2.80,3.40,3.20,,,1.10,,,1,,,3.50,2.50,2.90,4.20,2.20,1.40,
2008-12-17 20:30,7.20,7.02,7.83,6.22,5.90,5.87,6.18,8.80,6.35,6.42,8.17,6.71,5.47,7.03,8.07,6.76,5.28,2.45,2.30,4.67,4.32,4.59,4.66,,9.22,6.90,8.87,8.40,8.71,8.80,10.09,10.08,2.76,7.73,8.31,8.18,8.75,8.44,3.84,4.87,2.70,3.50,5.64,7.92,2.90,7.95,7.50,8.39,5.43,5.62,3.93,0.51,-0.08,3.03,1.06,5.66,4.55,4.90,3.98,2.67,6.85,1.80,6.38,4.99,2.57,7.16,3.61,2.98,2.30,0.03,3.77,3.70,5.96,4.52,5.65,5.36,5.40,5.70,6.20,6.47,5.68,5.60,4.41,4.98,5.64,1.36,4.34,3.50,4.05,6.34,1.46,2.47,2.16,2.40,1.53,2.44,0.98,2.28,1.63,1.85,1.84,2.40,3.78,4.46,5.08,5.39,5.63,3.20,2.28,2.16,1.94,0.97,2.78,1.04,3.12,1.77,2.20,1.16,0.72,1.16,1.10,1.19,0.58,0.93,2.32,2.95,3.80,1.40,1.68,1.55,0.70,,4.60,-1,10.70,6.10,5.60,,,,,,,5.60,6.50,,3.40,8.20,1.90,1.12,,,,,,,,4.30,4.40,2.20,0.90,1.80,,,,,3.10,,1.60,2.20,2.80,3.30,3.10,,,1.10,,,1.10,,,3.40,2.50,3,4.20,2.40,1.50,
2008-12-17 20:40,7.20,6.97,7.82,6.20,5.90,5.92,6.21,8.50,6.48,6.17,8.37,6.87,5.30,6.73,8.03,6.79,5.15,2.27,2.50,4.81,4.40,4.54,4.73,,9.09,7.59,9.08,8.37,8.55,8.80,10.08,10.03,2.60,7.71,8.31,8.13,9.06,8.41,3.88,4.70,2.40,2.94,4.33,7.95,2.70,7.72,8.20,8.40,5.97,5.45,4.35,0.53,-0.21,2.90,1.17,5.85,4.69,5,3.96,2.64,6.51,2.20,7.64,5.04,2.52,7.19,3.44,2.90,2.30,-0.02,3.71,3.73,5.78,4.38,5.75,5.69,5.20,5.71,6.20,6.51,5.57,5.40,4.45,5.04,5.68,1.28,4.13,3.40,3.96,6.19,1.12,2.31,2.17,2.40,1.63,2.29,1.02,2.31,1.72,1.85,1.95,2.41,3.63,4.39,5.07,5.50,5.75,3.10,2.32,2.20,1.94,1.03,2.70,1.12,3.11,1.75,2.10,1.21,0.72,1.22,1.10,1.17,0.66,0.91,2.14,2.89,3.90,1.40,1.75,1.61,0.70,,4.70,-1.10,10.80,6,5.70,,,,,,,5.50,6.60,,3.60,8.20,1.90,1.17,,,,,,,,4.30,4.40,2.20,1,1.80,,,,,3.10,,1.60,2.20,2.80,3.30,3.20,,,1.10,,,1.10,,,3.40,2.60,3,4.10,2.30,1.50,
2008-12-17 20:50,7.10,6.85,7.62,6.13,5.91,5.93,6.08,8.10,6.32,6.08,8.22,6.94,5.12,6.69,7.97,6.65,5.11,2.23,2.50,4.93,4.17,5.06,4.70,,8.42,7.48,9.03,8.35,8.39,8.80,9.98,10.07,2.43,7.81,8.29,8.15,9.11,8.29,4.10,4.73,2.30,1.43,3.17,7.93,2.70,7.70,8.30,8.34,6.08,5.18,3.97,0.69,-0.18,2.71,1.23,5.78,4.51,5.10,4.11,2.54,6.78,2.40,8.57,4.86,2.69,7.21,3.47,2.83,2.30,0.05,3.73,3.65,5.78,4.39,5.75,5.55,5.20,5.58,6.10,6.66,5.60,5.40,4.37,5.04,5.59,1.21,4.06,3.30,3.95,6.31,1.01,2.27,2.12,2.40,1.69,2.60,1.08,2.33,1.75,1.90,2,2.47,3.87,4.29,5.11,5.26,5.90,3,2.35,2.02,1.98,1.02,2.73,1.03,3.18,1.72,2.10,1.31,0.74,1.20,1.10,1.39,0.62,0.90,2.06,2.97,3.90,1.46,1.72,1.57,0.70,,5,-1.10,10.40,5.90,6,,,,,,,5.50,6.60,,3.50,8.20,1.90,1.20,,,,,,,,4.10,4.40,2.10,1,1.90,,,,,3.10,,1.70,2.20,2.70,3.50,3.10,,,1.10,,,1.20,,,3.40,2.60,3,4.10,2.30,1.50,
2008-12-17 21:00,7.10,6.71,7.67,6.29,5.83,5.93,6.16,7.90,6.25,6.05,8.21,7.21,5.26,6.44,7.91,6.41,5.41,2.28,2.40,4.86,4.06,5.12,4.65,,8.24,7.45,8.58,8.26,8.76,8.70,9.97,10.20,2.30,7.66,8.19,8.11,8.94,8.08,4.43,4.40,2.30,0.67,2.86,7.88,2.70,7.78,8.40,8.14,6.15,5.40,3.92,0.69,-0.11,2.60,1.21,5.82,4.68,5.20,3.97,2.47,7.22,2.50,8.85,4.89,3.85,7.28,3.41,2.77,2.20,0.11,3.70,3.46,5.82,4.38,5.62,5.24,5.30,5.57,6,6.49,5.53,5.40,4.42,4.70,5.49,1.28,4.10,3.20,3.78,6.39,1.24,2.27,2.05,2.40,1.72,2.23,1.07,2.31,1.71,2.03,1.99,2.52,3.97,4.19,5.13,5.43,5.82,3,2.36,2.11,1.93,1.02,2.72,0.88,3.17,1.73,2.10,1.32,0.80,1.29,1.20,1.26,0.66,0.96,2.14,2.92,3.80,1.38,1.52,1.60,0.70,5.90,5,-1.20,10,5.60,5.90,0.60,3.90,-1.20,5.50,5.50,4.70,5.40,6.40,5.50,3.60,8.30,1.90,1.10,2,4,4.90,4.40,5.40,5.60,5.50,4,4.40,2.10,1,1.90,3.60,3.90,4.30,4.40,3.10,2.10,1.60,2.30,2.70,3.50,3.20,2.40,3.50,1.20,1.30,1.70,1.20,3.90,3.70,3.40,2.60,3,4.10,2.40,1.50,0.50
2008-12-17 21:10,7.10,6.76,7.67,6.67,5.87,5.77,6.26,7.90,6.15,6.11,8.21,7.24,5.32,6.14,7.79,6.35,5.74,2.31,2.40,5.94,4.09,5.09,4.51,,7.99,7.48,8.34,8.27,8.63,8.60,10.03,10.22,2.30,7.63,8.07,7.88,9.11,7.95,4.40,4.45,2.30,0.59,2.68,7.82,2.70,7.71,8.40,8.04,6.37,5.16,4.09,0.63,-0.11,2.55,1.25,5.66,4.95,5.40,3.85,2.50,7.39,2.40,8.90,4.90,4.81,7.60,3.16,2.65,2.30,0.09,3.70,3.46,5.84,4.32,5.69,5.26,5.30,5.55,6.08,6.28,5.55,5.50,4.34,4.74,5.39,1.28,4.08,3.20,3.69,6.24,1.58,2.34,2.07,2.40,1.52,2.48,1.10,2.39,1.57,2.07,2.13,2.54,3.93,4.01,5.30,5.34,5.80,3,2.40,2.19,1.92,1.04,2.78,0.90,3.06,1.81,2.10,1.31,0.87,1.43,1.20,1.29,0.64,0.96,2.22,3.08,3.80,1.44,1.54,1.51,0.70,,5.20,-1.20,9.90,6,5.50,,,,,,,5.40,6,,3.60,8.20,1.90,1.14,,,,,,,,3.90,4.20,2.10,1.10,1.90,,,,,3.10,,1.60,2.30,2.70,3.50,3.20,,,1.20,,,1.20,,,3.40,2.70,3,4.10,2.40,1.40,
2008-12-17 21:20,7,6.63,7.54,6.74,5.71,5.87,6.30,7.70,6.03,6.05,8.20,7.21,5.37,6.35,7.83,6.38,5.83,2.22,2.30,6.23,3.95,5.04,4.41,,8.10,7.42,8.19,8.20,9.01,8.70,10.12,10.34,2.28,7.60,8.03,7.88,9.16,7.74,4.31,4.18,2.30,0.83,2.53,7.75,2.60,7.93,8.30,7.95,6.20,5.02,4.26,0.57,-0.06,2.63,1.27,5.60,4.86,5.60,3.78,2.50,7.24,2.40,8.99,4.80,5.11,7.77,3.03,2.58,2.40,0,3.72,3.65,5.79,4.39,5.59,5.36,5.10,5.45,6.11,6.37,5.66,5.50,4.17,4.71,5.34,1.30,3.97,3.10,3.61,5.95,1.75,2.24,2.17,2.30,1.72,2.33,1.01,2.39,1.77,2.04,2.18,2.58,3.95,4.03,5.30,5.38,5.88,2.90,2.36,2.13,2.01,1.07,2.59,0.92,3.09,1.86,2,1.33,0.72,1.44,1.20,1.34,0.66,1.05,2.26,3.02,3.90,1.40,1.62,1.48,0.80,,5.30,-1.30,10.50,5.70,5.50,,,,,,,5.40,6,,3.70,8.20,1.90,1.11,,,,,,,,3.80,4.20,2.10,1.10,1.90,,,,,3.10,,1.60,2.30,2.60,3.50,3.20,,,1.20,,,1.20,,,3.50,2.80,2.90,4,2.30,1.50,
2008-12-17 21:30,7,6.59,7.45,6.75,5.79,5.82,6.26,7.50,6.03,5.95,8.21,7.37,5.41,6.27,7.91,6.35,5.85,2.41,2.30,6.39,3.81,5.04,4.30,,7.87,7.29,8.04,8.21,9.73,8.80,9.95,10.52,2.20,7.50,7.84,7.91,9.14,7.78,4.44,4.22,2.30,1.07,2.64,7.54,2.70,8.09,8.20,7.91,6.38,5.15,4.56,0.64,0.02,2.61,1.30,5.54,5,5.70,3.76,2.62,6.77,2.50,9.02,4.82,4.46,7.71,2.95,2.44,2.40,-0.03,3.70,3.58,5.65,4.35,5.59,5.38,5.20,5.44,6.08,6.19,5.47,5.40,4.04,4.55,5.47,1.26,3.85,3.10,3.61,5.88,1.84,2.22,2.06,2.30,1.90,1.98,1.10,2.38,1.82,2.13,2.18,2.74,3.95,3.97,5.25,5.31,5.82,2.90,2.32,2.13,2.03,1.15,2.70,1.02,3.01,1.84,2,1.32,0.76,1.47,1.20,1.45,0.69,1.26,2.15,2.95,3.80,1.27,1.49,1.50,0.80,,4.80,-1.20,10.50,5.40,5.90,,,,,,,5.20,6.10,,3.80,8.10,1.90,1.19,,,,,,,,3.80,4.10,2,1.10,1.90,,,,,3.10,,1.60,2.30,2.20,3.60,3.20,,,1.20,,,1.30,,,3.50,2.70,2.90,4,2.30,1.50,
2008-12-17 21:40,6.90,6.59,7.40,6.71,5.94,5.64,6.20,7.30,6.04,5.94,8.12,7.43,5.50,6.16,7.76,6.41,5.63,2.55,2.30,6.49,3.76,4.88,4.22,,7.46,7.36,8.05,8.13,9.90,8.70,9.59,10.67,2.16,6.64,7.60,7.79,9.20,7.76,4.89,4.13,2.30,1.02,2.47,7.66,3,8.08,8,7.82,6.31,5.18,4.12,0.67,-0.07,2.64,1.39,5.69,4.73,5.50,3.64,3.01,6.62,2.60,8.93,4.77,4.07,7.73,2.74,2.33,2.40,-0.02,3.42,3.58,5.48,4.30,5.52,5.07,5.20,5.40,6.11,6.11,5.57,5.30,3.96,4.51,5.45,1.24,3.76,3.10,3.53,5.92,2.02,2.30,1.96,2.20,1.65,2.73,1,2.36,1.90,2.11,2.14,2.82,3.99,4.08,5.23,5.21,5.75,2.90,2.24,2.18,2.06,1.20,2.75,1.11,2.92,1.75,2,1.47,0.81,1.41,1.20,1.64,0.70,1.01,2.26,2.96,3.80,1.01,1.54,1.61,0.70,,4.80,-1.20,10.40,5.30,6,,,,,,,5.30,6,,3.90,8.20,1.90,1.26,,,,,,,,3.70,3.90,2.10,1.10,2,,,,,3.10,,1.60,2.40,2,3.60,3.20,,,1.20,,,1.30,,,3.50,2.60,2.90,4,2.30,1.60,
2008-12-17 21:50,6.90,6.60,7.46,6.57,5.58,5.65,6.13,7.30,6.02,5.86,7.90,7.11,5.49,6.17,7.84,6.39,5.82,2.74,2.30,6.43,3.75,4.64,4.32,,7.49,7.28,7.94,8.13,9.63,8.60,9.63,10.86,2.09,6.48,7.44,7.90,9.21,7.87,5.26,4.13,2.20,0.96,2.35,7.59,3.30,8.54,8.10,7.77,6.31,5.54,4.09,0.56,0.04,2.72,1.51,5.63,4.72,5.30,3.57,2.91,6.39,2.50,8.84,4.68,3.72,7.68,2.58,2.22,2.40,0.04,3.14,3.62,5.49,4.40,5.59,4.90,5.30,5.38,5.97,6.29,5.57,5.40,3.84,4.45,5.19,1.23,3.76,3,3.40,5.82,2.53,2.31,1.94,2.10,1.55,1.67,1.11,2.39,1.94,2.10,2.22,2.92,4.03,4,5.22,5.09,5.71,2.90,2,2.08,2.09,1.18,2.75,1.19,2.90,1.70,2,1.26,0.79,1.32,1.20,1.67,0.76,0.97,2.20,2.90,3.80,0.81,1.44,1.67,0.70,,5.50,-1.20,10.10,5.30,5.40,,,,,,,5.40,5.90,,3.60,8,2,1.22,,,,,,,,3.70,3.70,2,1.10,2,,,,,3.10,,1.60,2.40,1.80,3.60,,,,1.20,,,1.30,,,3.50,2.70,2.90,4,2.30,1.60,
2008-12-17 22:00,6.80,6.54,7.21,6.56,5.49,5.76,5.93,7.10,5.90,5.81,7.21,6.86,5.40,6.15,7.79,6.46,5.73,2.85,2.30,6.33,3.65,4.80,4.40,,7.34,7.30,8.18,8.02,9.45,8.40,9.68,10.71,2.57,6.89,7.58,7.93,9.12,7.87,5.22,4.27,2.30,1.06,2.18,7.57,3.10,9.39,7.90,7.64,6.26,5.38,4.12,0.62,0.02,2.72,1.54,5.35,4.68,5.30,3.55,3.01,6.14,2.60,8.82,4.64,3.45,7.62,2.69,2.18,2.30,0.02,3.07,3.81,5.47,4.34,5.60,4.89,5.30,5.39,5.94,6.16,5.76,5.40,3.91,4.46,5.18,1.16,3.68,3,3.38,5.69,2.68,2.21,1.95,2.10,1.44,1.93,1.09,2.42,2.14,2.09,2.26,2.90,3.99,3.98,5.09,5.02,5.70,2.80,1.97,2.13,2.02,1.29,2.75,1.11,2.76,1.79,1.90,1.43,0.82,1.40,1.20,1.70,0.86,0.97,2.14,2.96,3.90,0.70,1.54,1.70,0.70,6.10,4.60,-1,10,5.50,5.40,0.70,3.70,-1.30,5.60,5.40,4.40,5.40,6.10,5,3.20,8,2,1.20,2.20,3.90,4.80,4,3.60,5.40,5.30,3.70,3.60,2,1.10,2.10,3.70,3.80,4.20,4.30,3.10,2.30,1.60,2.40,1.40,3.40,3.30,,3.40,1.20,1.30,1.80,1.30,3.80,3.20,3.40,2.70,2.90,4,2.30,1.60,0.60
2008-12-17 22:10,6.80,6.50,7.34,6.54,5.02,5.88,5.87,7.10,5.61,5.70,7.14,6.93,5.26,6.10,7.65,6.41,5.54,2.70,2.20,6.09,3.58,5,4.26,,6.90,7.17,8.15,7.91,9.22,8.60,9.82,10.70,3.40,6.98,7.44,7.86,9.33,7.99,4.96,4.22,2.30,1.04,2.04,7.42,3,9.19,7.80,7.58,6.07,5.28,4,0.58,-0.07,2.76,1.62,5.43,4.60,5.30,3.59,3.07,6.37,2.50,8.80,4.44,3.51,7.40,2.63,2.10,2.30,-0.09,2.88,3.43,5.43,4.23,5.60,4.98,5.30,5.50,6.13,6.12,5.77,5.40,3.73,4.55,5.31,1.10,3.64,2.90,3.31,5.78,2.93,2.20,1.81,2.10,1.39,1.67,1.12,2.46,2.19,2.08,2.25,2.90,3.97,3.96,4.86,4.97,5.64,2.80,1.98,1.98,1.97,1.31,2.85,1.17,2.67,1.65,1.90,1.35,0.86,1.53,1.20,1.70,0.89,1.16,2.24,2.97,3.90,0.83,1.65,1.56,0.80,,4.60,-1,10.20,5.60,5.50,,,,,,,5.50,6.10,,3.10,8,2,1.26,,,,,,,,3.70,3.50,2,1.10,2.10,,,,,3.10,,1.60,2.40,1.40,3.40,3.30,,,1.20,,,1.40,,,3.50,2.80,2.90,4,2.40,1.60,
2008-12-17 22:20,6.80,6.43,7.14,6.54,4.82,5.80,5.78,7,4.95,5.63,6.91,6.76,5.19,5.98,7.64,6.35,5.48,2.60,2.20,6.10,3.23,5.14,4.30,,6.91,7.19,7.91,7.89,8.81,8.80,10.02,10.56,4.03,6.88,7.43,7.93,9.19,8.18,4.81,4.06,2.30,1.06,2.29,7.57,2.80,8.88,7.70,7.75,6.38,5.24,4.01,0.65,0.02,2.78,1.62,5.30,4.65,5.50,3.52,3.02,7.16,2.50,8.81,4.45,3.52,7.22,2.43,2.11,2.30,0,2.93,3.49,5.38,4.10,5.46,4.79,5.20,5.56,6.15,6.22,5.69,5.20,3.66,4.53,5.03,1.13,3.52,2.90,3.26,5.69,2.93,2.23,1.82,2.10,1.40,1.82,1.14,2.46,2.13,2.08,2.29,2.86,3.89,3.95,4.48,4.86,5.58,2.80,2.11,1.99,1.96,1.40,2.83,1.16,2.59,1.67,1.90,1.35,0.89,1.56,1.20,1.60,0.85,1.16,2.13,3,3.90,1.06,1.61,1.49,0.80,,4.60,-1.20,10.20,5.70,5.20,,,,,,,5.40,6.10,,2.70,7.70,2,1.26,,,,,,,,3.60,3.40,2,1.10,2.20,,,,,3,,1.70,2.40,1.10,3.40,3.30,,,1.30,,,1.40,,,3.50,2.70,2.90,4,2.40,1.60,
2008-12-17 22:30,6.70,6.43,6.66,6.51,4.70,5.75,5.87,7,4.53,5.61,6.66,6.51,5.02,5.73,7.75,6.27,5.30,2.77,2.20,6.20,3.16,5.30,4.21,,7.04,7.16,7.86,7.94,8.51,9,10.19,10.55,3.81,6.47,7.38,8.02,9.31,8.58,4.81,4.03,2.30,1.20,2.26,7.52,2.90,8.81,7.80,8.08,6.54,5.11,4.02,0.62,0.12,2.72,1.37,5.16,4.90,5.10,3.73,3.08,7.01,2.50,8.58,4.38,3.49,7.29,2.40,2.15,2.30,0.07,2.87,3.49,5.34,4.09,5.30,4.74,5.20,5.55,6.06,6.21,5.45,5.20,3.40,4.63,5.10,1.23,3.44,2.90,3.29,5.55,2.72,2.13,1.86,2,1.44,1.53,1.21,2.52,2.23,2.10,2.27,2.95,3.81,4.08,4.33,4.88,5.55,2.70,2.11,1.84,2.01,1.41,2.68,1.15,2.54,1.72,1.80,1.47,0.95,1.51,1.20,1.53,0.84,1.04,2.20,2.99,3.90,1.39,1.72,1.54,0.70,,4.90,-1.20,10.10,5.50,4.90,,,,,,,5.50,5.90,,2.50,7.50,2,1.30,,,,,,,,3.60,3.40,2,1.10,2.20,,,,,2.90,,1.70,2.40,0.90,3.40,3.30,,,1.30,,,1.40,,,3.40,2.70,2.70,4,2.40,1.60,
2008-12-17 22:40,6.60,6.52,6.33,6.50,4.61,5.92,5.98,7,4.53,5.71,6.52,6.20,5.10,5.86,7.60,6.24,5.10,2.87,2.10,6.08,3.40,5.20,4.21,,6.44,7.17,8.26,7.99,8.29,8.90,10.22,10.51,3.50,6.02,7.20,8.03,9.25,8.54,5.21,4.14,2.30,1.50,2.09,7.58,3,8.66,8,8.51,6.70,4.89,4,0.76,0.15,2.66,1.40,4.92,4.95,5,3.71,3,6.72,2.40,8.64,4.31,3.54,7.25,2.35,2.14,2.30,0.06,2.68,3.52,5.30,4.01,5.34,4.87,5,5.28,5.94,6.03,5.37,5.10,3.46,4.43,5.10,1.11,3.37,2.80,3.31,5.28,1.99,2.11,1.81,2.10,1.57,1.73,1.30,2.56,2.35,2.11,2.29,3.01,3.87,4.11,4.67,4.87,5.54,2.60,2.03,1.76,2.02,1.42,2.65,1.15,2.53,1.69,1.80,1.53,0.92,1.47,1.20,1.58,0.81,1.18,2.26,2.96,3.90,1.58,1.95,1.65,0.80,,4.90,-1,10,5.60,4.80,,,,,,,5.60,5.50,,2.40,6.40,2,1.33,,,,,,,,3.60,3.30,1.90,1.10,2.20,,,,,2.90,,1.70,2.40,0.70,3.40,3.30,,,1.30,,,1.40,,,3.40,2.90,2.80,4,2.40,1.50,
2008-12-17 22:50,6.60,6.43,6.41,6.52,4.47,6.01,5.92,7.10,4.50,5.66,6.61,6,5.09,5.67,7.50,6.45,5.14,3.05,2.10,5.88,3.73,4.89,4.12,,6.28,7.19,8.10,8,8.04,8.90,10.23,10.35,3.25,5.85,7.08,8.15,9.06,8.33,5.53,4.30,2.80,1.94,1.79,7.65,3.10,8.25,8.10,8.57,6.66,5.25,3.94,0.85,0.30,2.64,1.31,4.83,4.80,5,3.71,3.06,6.55,2.40,8.36,4.16,3.52,7.10,2.30,2.13,2.30,0.07,2.49,3.46,5.32,3.91,5.34,5.19,5,5.14,5.87,6.01,5.30,4.90,3.49,4.43,5.11,1.10,3.30,2.70,3.17,5.25,1.58,2.11,1.76,2.10,1.68,1.32,1.40,2.69,2.49,2.16,2.36,2.99,3.75,4.08,4.85,4.92,5.59,2.60,2.13,1.62,1.98,1.44,2.64,1.27,2.45,1.65,1.80,1.61,1,1.49,1.20,1.72,0.90,1.29,2.34,2.98,3.90,1.68,2.06,1.56,0.80,,4.80,-0.70,10.10,5.50,4.50,,,,,,,5.70,5.70,,2.30,6.10,2.10,1.40,,,,,,,,3.60,3.20,2,1.20,2.20,,,,,2.90,,1.70,2.40,0.60,3.50,3.30,,,1.30,,,1.40,,,3.40,3,2.80,4,2.40,1.60,
2008-12-17 23:00,6.60,6.33,6.47,6.45,4.51,5.84,6.13,7,4.47,5.48,6.68,5.93,5.06,5.63,7.31,6.58,5.36,3.24,2.20,5.82,3.22,5.24,4,,6.01,7.09,8,8.03,7.89,8.80,10.25,10.21,2.95,5.85,7.07,8.27,8.89,8.30,5.37,4.15,2.90,2.22,1.99,7.69,3,8.06,8.20,8.58,6.65,5.73,3.89,0.79,0.47,2.64,1.26,4.91,4.76,5,3.80,3.05,7.24,2.40,8.25,3.93,3.58,6.87,2.31,2.11,2.20,0.05,2.43,3.55,5.36,3.82,5.27,5.22,5.10,5.25,5.82,5.95,5.31,4.90,3.28,4.27,4.98,1.26,3.32,2.70,3.17,4.90,1.56,2.20,1.81,2.20,1.77,2.04,1.36,2.65,2.42,2.23,2.32,3.09,3.72,4.13,4.92,4.75,5.55,2.50,2.09,1.58,2.01,1.41,2.68,1.46,2.35,1.59,1.70,1.56,0.99,1.42,1.20,1.67,0.87,1.12,2.31,3.02,3.90,1.74,2,1.51,0.80,6.20,4.80,-0.60,10.20,5.40,4.70,0.90,3.20,-1.10,5.30,5.80,4.70,5.60,5.80,4.70,2.20,5.90,2.10,1.50,2.30,3.70,4.70,4.20,4.20,5.30,5.20,3.60,3.10,2,1.30,2.30,3.60,3.60,4,4.20,2.80,2.10,1.70,2.40,0.70,3.40,3.30,,3.30,1.30,1.30,1.80,1.40,3.60,3.30,3.50,2.90,2.80,4,2.40,1.50,0.60
2008-12-17 23:10,6.60,6.29,6.34,6.30,4.40,5.86,5.99,7,4.31,5.55,6.46,6.08,4.89,5.60,7.09,6.47,5.29,3.17,2.20,5.27,2.79,5.18,3.95,,5.85,6.85,7.76,8.06,7.96,8.60,10.16,10.13,2.82,5.51,7.34,8.45,8.83,8.49,4.92,4.21,2.80,2.07,1.98,7.83,3,8.05,8.10,8.46,6.56,5.57,4.04,0.82,0.61,2.61,1.18,4.88,4.77,4.90,3.90,3.06,6.75,2.40,7.87,3.77,3.48,6.75,2.18,2.14,2.20,0.10,2.35,3.66,5.34,3.76,5,5.05,5.10,5.36,5.80,5.72,5.55,4.90,3.24,3.99,4.93,1.43,3.15,2.70,3.11,4.69,1.29,2.18,1.91,2.20,1.93,2.44,1.39,2.70,2.45,2.10,2.18,3.03,3.77,4.06,4.91,4.73,5.58,2.50,2,1.58,2.02,1.45,2.76,1.48,2.37,1.51,1.70,1.57,1.01,1.33,1.30,1.49,1,1.37,2.26,3.04,3.80,1.70,1.76,1.54,0.80,,4.80,-0.50,10.20,5.60,4.80,,,,,,,5.40,5.90,,2.20,5.30,2.10,1.50,,,,,,,,3.60,3,2.10,1.30,2.30,,,,,2.80,,1.70,2.40,0.70,3.40,3.20,,,1.30,,,1.40,,,3.40,2.80,2.90,4,2.40,1.50,
2008-12-17 23:20,6.60,6.25,6.29,6.34,4.40,5.86,5.79,7.10,4.22,5.46,6.27,5.84,4.60,5.56,6.95,6.27,5.19,2.93,2.10,5.48,2.61,4.87,3.98,,5.71,6.64,7.71,8.14,7.94,8.50,10.08,10.16,2.69,5.54,8.10,8.30,8.78,8.22,4.65,4.36,2.80,2.01,1.82,7.69,2.90,7.46,8.10,8.78,6.65,5.94,4.06,0.87,0.72,2.73,1.20,4.80,4.78,5,3.85,3.10,6.14,2.40,7.36,3.82,3.28,6.86,2.07,2.02,2.10,0.07,2.22,3.58,5.31,3.69,5.06,5.21,5,5.32,5.80,5.78,5.54,4.79,3.32,4.14,4.77,1.46,3.09,2.60,3.06,4.61,1.16,2.28,1.95,2.30,2.03,2.09,1.46,2.80,2.60,2.17,2.33,3.09,3.74,4.03,4.95,4.78,5.62,2.50,2.09,1.56,2.04,1.48,2.78,1.49,2.50,1.51,1.70,1.53,0.90,1.26,1.30,1.49,0.94,1.24,2.31,2.97,3.80,1.69,1.66,1.67,0.80,,4.70,-0.30,10.10,5.20,4.70,,,,,,,5.30,6.30,,2.20,5.30,2.20,1.47,,,,,,,,3.60,2.90,2.10,1.30,2.30,,,,,2.80,,1.70,2.40,0.60,3.40,3.20,,,1.30,,,1.50,,,3.40,2.70,2.80,4,2.30,1.60,
2008-12-17 23:30,6.60,6.17,6.28,6.31,4.30,5.76,5.69,7,4.17,5.60,6.17,5.57,4.30,5.40,6.70,6.05,4.95,3,2.20,5.48,2.56,5.01,3.94,,5.47,6.44,7.33,8.11,7.63,8.50,10.05,10.18,2.53,5.69,8.19,8.21,8.72,8.17,4.53,4.43,2.90,2.11,1.72,7.51,2.90,7.35,8.10,8.77,6.64,6.23,3.96,0.92,0.90,2.75,1.26,4.61,4.68,5,4.02,3.13,5.73,2.50,6.69,3.61,3.18,6.85,2.19,1.88,2.10,0.06,2.07,3.40,5.31,3.68,4.96,5.05,5.10,5.23,5.80,6.01,5.41,4.69,3.16,4.18,4.65,1.36,3.02,2.60,3.03,4.39,0.86,2.29,2.03,2.30,2.17,1.69,1.56,2.85,2.72,2.18,2.37,3.18,3.75,4.07,5.03,4.78,5.56,2.40,2.03,1.55,1.96,1.53,2.46,1.54,2.51,1.66,1.60,1.50,0.93,1.44,1.40,1.67,0.95,1.31,2.12,2.92,3.80,1.79,1.84,1.72,0.80,,4.70,-0.30,9.90,5,4.70,,,,,,,5.30,6.30,,2.20,5,2.20,1.52,,,,,,,,3.50,2.80,2.10,1.40,2.30,,,,,2.70,,1.70,2.40,0.60,3.40,,,,1.30,,,1.50,,,3.40,2.60,2.80,4,2.30,1.60,
2008-12-17 23:40,6.60,6.19,6.16,6.22,4.20,5.59,5.73,7,3.98,5.45,5.99,5.48,4.04,5.32,6.66,6.10,4.72,2.85,2.20,5.46,2.55,5.22,3.87,,5.15,6.35,7.15,8.06,7.56,8.50,10.05,10.01,2.49,5.71,8.25,8.07,8.72,7.99,4.48,4.55,2.90,2.14,2.01,7.51,2.70,6.98,7.90,8.73,6.44,6.32,3.92,1.11,1.15,2.79,1.36,4.60,4.61,5.10,3.87,3.11,5.45,2.50,5.75,3.60,3.27,6.88,1.94,1.96,2,0.09,2.07,3.35,5.23,3.68,5,4.94,5.20,5.21,6,5.94,5.02,5.13,2.99,4.11,4.67,1.34,2.93,2.60,3.05,4.35,1.06,2.29,1.98,2.40,2.02,1.82,1.55,2.89,2.76,2.21,2.44,3.17,3.59,4.10,4.74,4.72,5.42,2.50,2.01,1.53,2.01,1.44,2.37,1.52,2.46,1.55,1.60,1.69,0.94,1.36,1.40,1.54,0.91,1.23,2.38,2.93,3.80,1.88,1.86,1.71,0.90,,4.40,-0.20,9.90,4.80,4.60,,,,,,,5.30,5.50,,2.20,4.70,2.20,1.61,,,,,,,,3.50,2.70,2.10,1.50,2.40,,,,,2.70,,1.70,2.40,0.60,3.40,3.20,,,1.30,,,1.50,,,3.30,2.60,2.80,4,2.20,1.60,
2008-12-17 23:50,6.60,6.25,5.96,6.25,4.20,5.30,5.86,6.90,4.22,5.40,5.87,5.45,3.90,5.40,6.27,6.09,4.60,2.40,2.20,4.82,2.52,5.25,3.90,,4.79,6.16,7.11,7.96,7.36,8.40,9.91,9.81,2.40,6.43,8.19,7.97,8.49,7.94,4.36,4.53,3,1.94,1.94,7.57,2.90,6.69,7.80,8.54,6.75,6.42,3.96,1.19,1.17,2.69,1.53,4.32,4.53,4.80,3.73,3.04,5.21,2.50,5.13,3.43,3.20,7.01,2.06,1.91,1.90,0.12,2.04,3.27,5.22,3.57,4.94,5.01,5,5.30,6.10,5.97,5.08,5.45,2.85,4.06,4.72,1.38,2.77,2.50,2.93,4.27,0.89,2.29,2.03,2.40,2.06,2.95,1.59,3.01,2.76,2.26,2.47,3.17,3.61,4.04,4.47,4.72,5.47,2.50,2.03,1.55,2.03,1.47,2.08,1.48,2.53,1.67,1.60,1.60,0.93,1.34,1.40,1.48,0.87,1.34,2.20,2.93,3.70,1.95,2.06,1.69,0.90,,4.50,-0.20,9.90,4.90,4.50,,,,,,,5.20,5.60,,2.20,4.40,2.30,1.64,,,,,,,,3.40,2.80,2.10,1.60,2.40,,,,,2.70,,1.80,2.40,0.50,3.40,3.20,,,1.30,,,1.50,,,3.30,2.60,2.90,4,2.20,1.60,
2008-12-18 00:00,6.50,6.15,6.38,6.21,4.20,5.31,5.81,6.90,4.54,5.38,5.74,5.53,3.71,5.22,6.13,6.17,4.54,2.38,2.10,4.69,2.64,5.20,3.91,,4.51,5.97,7.05,7.91,7.32,8.40,9.82,9.24,2.71,6.67,7.95,7.94,8.62,7.94,4.33,4.57,3,1.92,1.80,7.68,2.80,6.66,7.60,8.10,6.57,6.14,3.99,1.24,1.14,2.69,1.61,4.19,4.45,4.80,3.86,3.07,5.05,2.60,5.35,3.32,3.10,6.73,2.10,1.86,1.80,0.10,2.03,3.15,5.12,3.48,4.89,5.17,5,5.24,6.10,5.88,5.06,5.39,2.93,4.11,4.64,1.52,2.78,2.50,2.91,4.07,0.95,2.30,2.10,2.50,2.16,1.81,1.55,3.05,2.75,2.33,2.49,3.19,3.49,4.01,4.61,4.80,5.43,2.50,2.11,1.60,2.06,1.53,1.87,1.50,2.48,1.59,1.60,1.48,0.93,1.25,1.40,1.58,0.93,1.39,2.39,2.88,3.70,1.75,1.99,1.61,0.90,6.30,4.60,-0.20,9.90,5,4.30,,3.10,-2.10,4.90,5.80,4.90,5.30,5.60,4.50,2.10,4.40,2.30,1.70,2.40,3.70,4.60,3.90,4.30,5.50,5.20,3.40,2.80,2.20,1.60,2.50,3.60,3.70,3.90,4.20,2.60,2.10,1.80,2.30,0.60,3.40,3.20,2.40,3.30,1.30,1.40,1.90,1.50,,3.50,3.30,2.70,2.90,4,2.20,1.60,0.70
2008-12-18 00:10,6.50,6.09,6.21,6.06,4.20,5.09,5.86,6.80,4.63,5.21,5.76,5.49,3.59,5.14,6.07,5.99,4.52,2.36,2.20,4.50,2.70,4.62,3.87,,4.45,5.85,6.89,7.98,7.18,8.20,9.39,9,2.81,6.95,7.92,7.86,8.31,7.91,4.48,4.63,3.10,1.75,1.92,7.74,2.80,6.59,7.50,7.88,6.40,6.16,3.93,1.14,1.32,2.78,1.74,4.42,4.30,4.60,3.73,3.23,5.03,2.60,5.43,3.15,2.99,6.41,1.93,1.78,1.70,0.19,2.02,3.19,4.97,3.42,4.86,5.13,4.90,5.20,6.10,5.88,5.19,5.24,3.10,4.11,4.69,1.56,2.76,2.50,2.88,3.96,1.07,2.29,2.16,2.50,2.24,3.18,1.57,3.10,2.75,2.39,2.42,3.23,3.65,4.03,4.70,5.05,5.36,2.60,2.17,1.69,2.05,1.56,1.79,1.64,2.43,1.51,1.60,1.36,0.91,1.36,1.50,1.72,1.02,1.27,2.25,2.88,3.70,1.74,1.94,1.59,0.90,,4.50,-0.20,10.10,5.20,4.10,,,,,,,5.10,5.60,,2.10,4.20,2.40,1.70,,,,,,,,3.40,2.60,2.20,1.60,2.50,,,,,2.60,,1.80,2.30,0.70,3.40,,,,1.30,,,1.50,,,3.40,2.70,2.90,4,2.20,1.60,
2008-12-18 00:20,6.50,6.02,6.01,5.95,4.10,5.14,5.83,6.70,4.39,5.16,5.79,5.28,3.87,5.13,5.92,5.69,4.75,2.43,2.20,4.68,2.56,4.18,3.85,,4.13,5.74,6.93,7.90,6.99,8.20,9.16,8.40,2.44,7.09,7.83,7.84,8.14,7.94,4.88,4.73,3.10,1.95,2.06,7.67,2.70,6.47,7.40,7.96,6.47,6.15,3.88,1.20,1.46,2.83,1.95,4.38,4.35,4.60,3.72,3.17,5.10,2.60,4.97,2.81,3.12,6.13,1.94,1.70,1.50,0.29,1.95,3.16,4.85,3.49,4.76,5.06,4.90,5.15,6.10,5.98,5.18,5.03,3.04,4.18,4.70,1.42,2.67,2.40,2.88,3.94,1.08,2.26,1.96,2.50,2.23,2.86,1.61,3.05,2.83,2.46,2.29,3.20,3.57,4.04,4.63,5.04,5.42,2.60,2.11,1.76,2.08,1.58,1.69,1.51,2.45,1.57,1.60,1.35,0.87,1.53,1.50,1.72,1.03,1.18,2.29,2.89,3.60,1.60,1.95,1.69,0.90,,4.60,-0.20,9.80,5.50,4.40,,,,,,,5.10,5.70,,2.20,4.10,2.50,1.76,,,,,,,,3.40,2.60,2.20,1.60,2.50,,,,,2.60,,1.80,2.30,0.70,3.30,3.10,,,1.30,,,1.50,,,3.40,2.60,2.90,4,2.20,1.60,
2008-12-18 00:30,6.50,6.07,5.77,5.94,4.10,5.10,5.72,6.70,4.10,5.13,5.63,5.32,3.87,5.10,5.86,5.65,5.01,2.39,2.20,4.66,2.59,3.93,3.81,,4.02,5.74,7.07,7.81,6.73,8.10,8.46,8.26,2.53,7.22,7.71,7.86,7.88,7.72,4.82,4.86,2.90,1.90,2.07,7.64,2.70,6.33,7.30,7.92,6.23,6.22,3.97,1.44,1.50,2.89,1.92,4.30,4.03,4.50,3.77,3.32,5.24,2.60,4.53,2.71,3.17,5.63,2.01,1.63,1.50,0.32,1.96,3.02,4.73,3.36,4.68,4.84,4.90,5.20,6,5.85,5.24,5.13,2.96,4.26,4.64,1.45,2.71,2.40,2.77,3.75,1.15,2.25,2,2.60,2.18,2.16,1.67,3.18,2.83,2.46,2.39,3.20,3.49,4.02,4.64,5.09,5.39,2.60,2.13,1.73,2.08,1.57,1.77,1.61,2.44,1.56,1.60,1.38,0.85,1.57,1.50,1.62,1.09,1.19,2.22,2.99,3.60,1.68,1.93,1.78,1,,4.50,-0.20,9.30,5.60,4.70,,,,,,,5.20,5.70,,2.10,4,2.50,1.71,,,,,,,,3.20,2.60,2.20,1.60,2.50,,,,,2.60,,1.80,2.30,0.70,3.30,3.10,,,1.30,,,1.60,,,3.50,2.60,2.90,4,2.30,1.60,
2008-12-18 00:40,6.40,6.10,5.77,5.88,4.10,4.73,5.59,6.70,4.06,5.01,5.45,4.98,3.69,5.08,5.78,5.51,5,2.64,2.30,4.54,2.67,3.92,3.69,,3.93,5.65,6.72,7.83,6.48,8,8.04,8.04,2.85,7.17,7.64,7.62,7.60,7.28,4.26,4.94,3,1.84,2.25,7.52,2.70,5.95,7.10,7.85,6.03,6.10,3.81,1.35,1.61,2.93,1.94,4.31,4.08,4.60,3.71,3.47,5.14,2.60,4.27,2.77,3.10,5.27,1.94,1.63,1.50,0.39,1.89,2.92,4.62,3.24,4.52,5.19,4.90,5.14,5.90,5.63,5.27,5.17,3.10,4.05,4.56,1.35,2.68,2.30,2.74,3.57,1.20,2.14,2.12,2.70,2.28,2.99,1.72,3.25,2.79,2.27,2.39,3.25,3.58,3.94,4.59,4.97,5.32,2.60,2.10,1.71,2.07,1.51,1.88,1.61,2.48,1.57,1.60,1.32,0.87,1.58,1.60,1.70,1.15,1.22,2.20,3.04,3.60,1.75,1.84,1.62,1,,4.60,-0.20,9,5.50,4.20,,,,,,,5.20,5.40,,2.10,4,2.60,1.69,,,,,,,,3.10,2.60,2.10,1.60,2.50,,,,,2.50,,1.80,2.30,0.60,3.40,3.10,,,1.30,,,1.50,,,3.40,2.60,2.80,3.90,2.30,1.60,
2008-12-18 00:50,6.40,6.15,5.56,5.79,4.10,4.71,5.55,6.60,4.04,5.04,5.35,5.09,3.56,5.09,5.71,5.33,5.02,3.04,2.20,4.53,2.65,4.13,3.68,,3.64,5.45,6.59,8,6.41,7.90,7.63,7.60,2.94,6.94,7.30,7.38,7.29,7.20,4.02,4.97,3.10,1.98,2.20,7.26,2.90,5.70,6.70,7.69,5.99,5.88,4.20,1.28,1.67,3.06,2.05,4.23,4.06,4.50,3.70,3.58,4.95,2.70,4.14,2.73,3.07,4.78,1.88,1.59,1.40,0.32,1.82,3.05,4.65,3.33,4.57,5.15,4.90,5.26,5.90,5.70,5.43,4.90,3.07,3.99,4.54,1.29,2.67,2.30,2.75,3.51,1.17,2.19,2.11,2.70,2.24,2.46,1.79,3.20,2.80,2.48,2.33,3.23,3.41,3.88,4.68,4.84,5.32,2.60,2.05,1.72,2.15,1.56,1.79,1.59,2.49,1.60,1.60,1.40,0.77,1.59,1.60,1.64,1.19,1.33,2.26,3.04,3.60,1.75,1.63,1.57,1,,4.50,-0.20,8.80,5.50,4.20,,,,,,,5,4.90,,2,3.90,2.60,1.68,,,,,,,,3,2.60,2.20,1.70,2.50,,,,,2.50,,1.90,2.30,0.50,3.40,3.10,,,1.30,,,1.50,,,3.40,2.60,2.80,3.80,2.30,1.60,
2008-12-18 01:00,6.40,6.08,5.34,5.78,4.10,4.65,5.68,6.50,4,4.96,5.39,5.23,3.58,5.02,5.69,5.27,5.05,3.38,2.10,4.43,2.54,4.29,3.70,,3.47,5.52,6.53,8.04,6.41,7.60,7.28,7.32,2.80,6.51,7.08,7.19,7.01,7.12,3.92,5.09,3.30,2.08,2.32,7.24,2.80,5.79,6.80,7.31,5.96,5.77,4.08,1.27,1.51,3.08,2.11,4.39,4.04,4.50,3.60,3.52,4.79,2.70,4.12,2.75,3.10,4.83,1.88,1.47,1.40,0.26,1.81,2.92,4.66,3.27,4.72,5.33,5,5.33,5.81,5.90,5.25,4.72,2.92,3.87,4.49,1.32,2.65,2.20,2.73,3.43,1.27,2.17,1.97,2.70,2.37,2.86,1.78,3.33,2.82,2.52,2.31,3.25,3.48,3.93,4.76,4.91,5.31,2.50,2.14,1.73,2.15,1.60,1.67,1.66,2.50,1.57,1.60,1.35,0.84,1.53,1.60,1.85,1.09,1.30,2.25,3.04,3.50,1.69,1.69,1.58,1,6.20,4.50,-0.20,8.70,5.50,4.40,0.90,2.80,-1.90,4.70,5.80,5,4.80,5.10,4.50,1.50,3.90,2.60,1.70,2.50,3.70,4.40,3.90,4.40,5.40,5,3,2.60,2.30,1.70,2.40,3.60,3.50,3.90,4.20,2.60,2.20,1.90,2.30,0,3.40,3.10,2.40,3.30,1.30,1.40,1.90,1.60,,3.10,3.40,2.50,2.80,3.50,2.30,1.70,0.80
2008-12-18 01:10,6.30,6.14,5.25,5.65,4.10,4.65,5.60,6.40,3.95,4.82,5.25,5.22,3.62,4.89,5.37,4.96,4.93,3.45,2.10,4.19,2.44,4.13,3.64,,3.46,5.49,6.34,7.85,6.18,7.30,6.96,7.14,2.76,6.38,7.11,7.05,6.79,7.08,3.92,4.82,3.30,2.38,2.39,7.24,2.80,5.52,6.50,7.11,5.93,5.76,4.54,1.26,1.80,3.12,2.14,4.12,3.97,4.50,3.71,3.55,,2.70,3.98,2.70,3.16,4.69,1.93,1.39,1.30,0.26,1.87,2.76,4.64,3.22,4.63,5.22,5,5.21,5.70,5.79,4.93,4.70,2.81,3.90,4.44,1.38,2.37,2.20,2.63,3.33,1.60,2.10,1.98,2.70,2.35,2.39,1.78,3.32,2.81,2.46,2.38,3.27,3.48,3.77,4.87,4.92,5.33,2.60,2.17,1.80,2.12,1.65,1.63,1.69,2.43,1.52,1.70,1.30,0.82,1.40,1.60,1.76,1.14,1.34,2.21,2.98,3.50,1.68,1.88,1.66,1,,4.50,-0.20,8.70,5.50,4.30,,,,,,,4.80,5.40,,1.50,4,2.60,1.77,,,,,,,,3,2.60,2.40,1.70,2.40,,,,,2.50,,1.90,2.30,0,3.40,3.10,,,1.30,,,1.50,,,3.40,2.60,2.80,3.50,2.20,1.60,
2008-12-18 01:20,6.30,5.99,5.25,5.72,4.10,4.75,5.48,6.30,3.96,4.82,5.18,5.18,3.50,4.77,5.44,4.66,4.89,2.79,2.10,4.25,2.44,4.01,3.57,,3.36,5.28,6.46,7.64,6.12,7.20,6.75,7.09,2.57,6.03,7.02,7.03,6.65,6.87,3.92,4.62,3.50,2.26,2.44,7.10,2.80,5.56,6.20,6.95,6.01,5.65,5.04,1.30,1.60,3.25,2.22,4.13,3.96,4.60,3.88,3.50,,2.70,3.88,2.63,3.08,4.51,1.79,1.35,1.30,0.22,1.85,2.73,4.56,3.24,4.56,5.07,5,5.24,5.80,5.87,5.06,4.86,2.62,3.87,4.35,1.37,2.40,2.10,2.59,3.24,1.72,1.95,1.99,2.70,2.23,3.64,1.82,3.32,2.75,2.48,2.49,3.28,3.32,3.82,5.04,4.82,5.26,2.50,2.26,1.80,2.03,1.50,1.49,1.63,2.54,1.44,1.60,1.42,0.83,1.49,1.60,1.87,1.21,1.44,2.20,2.99,3.50,1.79,1.86,1.68,1,,4.40,-0.20,8.60,5.40,4.50,,,,,,,4.80,5.50,,1.30,4,2.60,1.81,,,,,,,,3,2.50,2.50,1.70,2.40,,,,,2.50,,1.90,2.30,-0.20,3.40,3.10,,,1.30,,,1.60,,,3.40,2.60,2.80,3.40,2.30,1.60,
2008-12-18 01:30,6.30,6,5.24,5.67,4.10,4.87,5.49,6.30,4.02,4.83,5.29,5.22,3.59,4.66,5.38,4.44,5.04,3.62,2,4.17,2.49,4.12,3.64,,3.35,5.32,6.48,7.53,6.50,7,6.80,6.89,2.46,6.02,6.81,6.76,6.56,6.76,4.03,4.50,3.30,2.23,2.47,6.96,2.80,5.75,6.10,6.86,6.04,5.59,4.99,1.40,1.67,3.36,2.43,4.18,3.95,4.40,3.74,3.39,,2.70,3.91,2.52,3.08,4.39,1.71,1.32,1.30,0.12,1.66,2.75,4.47,3.29,4.59,4.95,5.10,5.17,5.80,5.78,5.16,4.84,2.39,3.78,4.32,1.44,2.33,2,2.57,3.16,1.71,1.90,2.06,2.80,2.38,3.46,1.80,3.36,2.75,2.51,2.42,3.36,3.34,3.77,5.08,4.80,5.31,2.50,2.17,1.73,2,1.62,1.49,1.58,2.56,1.49,1.70,1.30,0.91,1.62,1.60,1.85,1.34,1.23,2.22,2.97,3.40,1.78,1.85,1.58,1,,4.40,-0.20,8.20,5.30,4.30,,,,,,,5,5.60,,1.30,4,2.60,1.82,,,,,,,,3,2.50,2.40,1.70,2.40,,,,,2.50,,1.90,2.40,-0.30,3.40,3.10,,,1.30,,,1.60,,,3.30,2.60,2.80,3.40,2.30,1.60,
2008-12-18 01:40,6.30,5.92,5.17,5.62,4.10,4.76,5.55,6.30,4.03,4.80,5.51,4.87,3.48,4.73,5.20,4.38,5.05,3.88,2.10,3.94,2.48,4,3.46,,3.39,5.31,6.21,7.53,6.82,7,6.58,6.65,2.54,5.89,6.81,6.69,6.42,6.68,3.85,4.52,3.20,2.17,2.45,6.93,2.80,5.76,6.10,6.64,5.75,5.62,4.87,1.49,1.80,3.55,2.52,4.28,3.79,4.40,3.61,3.47,,2.70,4.01,2.64,3,3.98,1.70,1.31,1.30,0.12,1.65,2.74,4.46,3.24,4.49,4.92,5.10,5.22,5.90,5.83,5.02,4.82,2.34,3.81,4.28,1.40,2.31,2,2.43,3.08,1.63,1.94,2.02,2.80,2.32,2.99,1.82,3.42,2.81,2.57,2.45,3.36,3.36,3.89,5.13,4.88,5.37,2.60,1.99,1.69,2,1.66,1.53,1.60,2.52,1.50,1.60,1.31,0.94,1.52,1.60,1.78,1.30,1.58,2.24,2.98,3.40,1.74,1.83,1.69,1,,4.30,-0.20,8.10,5.30,4.50,,,,,,,5,5.60,,1.20,4.10,2.70,1.81,,,,,,,,3,2.50,2.50,1.80,2.40,,,,,2.50,,1.90,2.40,0,3.40,3.10,,,1.30,,,1.60,,,3.40,2.70,2.80,3.40,2.20,1.60,
2008-12-18 01:50,6.30,5.93,5.18,5.61,4,4.58,5.47,6.20,3.91,4.75,5.20,4.86,3.17,4.72,5.12,4.14,4.58,3.27,2.10,3.72,2.47,3.83,3.51,,3.18,5.30,5.89,7.43,6.56,6.80,6.53,6.53,2.47,5.84,6.65,6.64,6.40,6.56,3.70,4.48,3.10,2.11,2.52,6.80,2.70,5.83,6,6.52,5.24,5.57,4.53,1.48,1.68,3.67,2.70,4.33,3.81,4.60,3.59,3.55,,2.80,4.29,2.22,2.97,4.04,1.67,1.33,1.20,0.13,1.80,2.63,4.27,3.29,4.51,4.88,5.10,5.32,6,5.99,5.20,4.87,2.36,3.81,4.25,1.35,2.32,2,2.31,2.99,1.81,1.92,2.11,2.80,2.27,2.47,1.87,3.46,2.84,2.59,2.47,3.41,3.35,3.79,4.97,4.95,5.32,2.60,1.99,1.68,2,1.71,1.59,1.57,2.56,1.54,1.70,1.25,0.86,1.58,1.70,1.77,1.18,1.44,2.20,2.97,3.40,1.73,1.72,1.74,1,,4.30,-0.20,8,5.40,4.60,,,,,,,4.90,5.70,,1.10,4.20,2.70,1.75,,,,,,,,2.90,2.60,2.50,1.80,2.40,,,,,2.50,,2,2.40,-0.10,3.30,,,,1.20,,,1.60,,,3.30,2.70,2.80,3.30,2.30,1.70,
2008-12-18 02:00,6.30,5.95,5.02,5.68,4,4.32,5.35,6.10,3.81,4.78,5.08,4.82,2.95,4.70,5.04,4.10,4.26,2.28,2,3.67,2.45,3.87,3.48,,2.91,5.32,5.98,7.39,6.27,6.70,6.45,6.51,2.23,5.71,6.74,6.44,6.33,6.48,3.68,4.35,3.30,2.22,2.62,6.53,2.60,5.77,6,6.37,5.05,5.53,4.43,1.39,1.64,3.80,2.70,4.27,3.87,4.50,3.71,3.69,,2.70,4.63,2.36,2.99,3.80,1.63,1.26,1.20,0.17,1.69,2.87,4.29,3.24,4.51,4.90,5.10,5.35,6.10,5.85,5.44,4.81,2.37,3.82,4.13,1.34,2.28,2,2.32,2.94,1.68,1.93,2.06,2.80,2.35,3,1.91,3.41,2.88,2.51,2.49,3.41,3.35,3.92,4.99,4.84,5.33,2.60,2.08,1.66,2.02,1.64,1.68,1.71,2.57,1.55,1.60,1.20,0.87,1.52,1.60,1.75,1.13,1.59,2.36,3.05,3.50,1.55,1.67,1.76,0.90,6,4.30,-0.20,8.10,5.30,4.70,1.10,2.40,-1.90,4.50,5.60,5.10,4.90,5.60,4.30,1.20,4.10,2.80,1.80,,3.70,4.20,3.90,4.50,5.10,5.10,2.90,2.60,2.50,1.80,2.40,3.50,3.60,3.80,3.90,2.50,2.10,2,2.40,-0.40,3.30,3.10,2.40,3.20,1.30,1.60,1.90,1.60,4,3,3.30,2.70,2.80,3.30,2.30,1.70,0.90
2008-12-18 02:10,6.20,6.53,4.96,5.66,4,4.34,5.33,6,3.67,4.90,5.05,4.75,2.84,4.65,4.87,4.18,4.24,2.04,2,3.72,2.46,3.84,3.40,,2.90,5.34,5.73,7.27,6.03,6.80,6.38,6.42,2.21,5.60,6.62,6.21,5.92,6.41,3.66,4.09,3.10,,2.60,6.47,2.50,5.73,6,6.25,4.85,5.56,4.29,1.41,1.60,3.88,2.78,4.37,3.86,4.50,4.16,3.68,,2.70,5.22,2.47,2.86,3.88,1.30,1.18,1.20,0.06,1.50,2.70,4.23,3.17,4.47,4.91,5.10,5.26,6.10,5.64,5.21,4.80,2.35,3.87,4.14,1.38,2.34,2,2.31,2.84,1.59,1.86,2.22,2.90,2.56,2.83,1.94,3.47,2.92,2.51,2.48,3.43,3.27,3.91,4.92,4.66,5.31,2.60,2.12,1.75,1.97,1.56,1.67,1.63,2.54,1.58,1.70,1.24,0.90,1.41,1.70,1.77,1.15,1.56,2.28,3.06,3.50,1.63,1.83,1.76,0.90,,4.30,-0.20,8.10,5.30,4.60,,,,,,,4.70,5.20,,1.20,4.10,2.80,1.86,,,,,,,,2.80,2.70,2.50,1.90,2.40,,,,,2.50,,2.10,2.40,-0.40,3.30,3.10,,,1.30,,,1.60,,,3.20,2.60,2.80,3.30,2.40,1.70,
2008-12-18 02:20,6.20,6.79,4.97,5.64,4,4.24,5.22,6.10,3.49,4.74,4.94,4.57,2.89,4.47,4.91,4.17,3.89,2.07,2.10,3.61,2.30,3.66,3.28,,2.69,5.20,5.63,7.28,5.92,6.70,6.31,6.35,2.19,5.60,6.35,6.29,5.90,6.46,3.63,3.87,3,,2.49,6.28,2.40,5.81,5.90,6.16,4.73,5.36,4.07,1.48,1.60,3.95,2.86,4.46,3.67,4.60,4.22,3.80,,2.70,5.48,2.71,2.83,3.89,1.21,1.16,1.20,0.11,1.37,2.67,4.16,3.28,4.46,4.73,5.10,5.23,5.70,5.62,5.21,4.60,2.50,3.82,4.12,1.49,2.30,2,2.33,2.75,1.64,1.85,2.33,2.90,2.59,2.83,1.96,3.60,2.93,2.40,2.50,3.45,3.15,3.91,4.91,4.70,5.29,2.60,2.24,1.59,2.13,1.50,1.64,1.54,2.54,1.61,1.70,1.31,0.83,1.47,1.60,1.80,1.03,1.50,2.27,3,3.50,1.72,1.98,1.72,1,,4.10,-0.20,7.90,5.40,4.70,,,,,,,4.70,5.30,,1.20,4.30,2.80,1.83,,,,,,,,2.90,2.70,2.60,1.90,2.40,,,,,2.50,,2.20,2.40,-0.70,3.20,3.10,,,1.30,,,1.60,,,3.30,2.60,2.70,3.20,2.40,1.70,
2008-12-18 02:30,6.30,6.87,5.11,5.72,4.10,4.03,5.25,6.20,3.41,4.74,4.56,4.47,2.89,4.44,4.79,4.28,3.87,1.79,2.10,3.58,2.31,3.55,3.24,,2.68,4.96,5.55,7.27,5.84,6.30,6.50,6.33,2.20,5.69,6.33,6.49,5.91,6.24,3.52,4.19,3.10,,1.94,6.11,2.40,5.83,5.90,6.14,4.65,5.27,4,1.62,1.64,3.94,2.78,4.49,3.75,4.60,4.34,3.81,,2.80,5.49,2.16,2.85,3.96,1,1.13,1.20,0.04,1.34,2.31,4.12,3.21,4.55,4.87,5.10,5.20,5.40,5.74,5.37,4.70,2.67,3.58,4.08,1.43,2.40,2,2.39,2.89,1.76,1.82,2.40,2.90,2.50,2.94,1.94,3.56,3,2.42,2.56,3.45,3.01,3.95,4.85,4.59,5.22,2.50,2.34,1.65,2.05,1.45,1.70,1.72,2.60,1.65,1.70,1.21,0.77,1.52,1.60,1.75,1.08,1.67,2.25,3.02,3.40,1.76,1.98,1.77,1,,3.80,-0.20,7.80,5.30,4.70,,,,,,,4.70,5.60,,1.40,4.60,2.90,1.89,,,,,,,,2.90,2.70,2.60,1.90,2.40,,,,,2.40,,2.20,2.50,-1,3.20,3.20,,,1.30,,,1.60,,,3.40,2.60,2.70,3.20,2.40,1.70,
2008-12-18 02:40,6.40,6.87,5.07,5.77,4,3.93,5.43,6.30,3.36,4.76,4.35,4.54,2.93,4.41,4.84,4.26,3.85,1.93,2,3.66,2.39,3.66,3.15,,2.62,4.98,5.62,7.26,5.80,6.30,6.44,6.29,2.41,5.82,6.46,6.38,5.83,5.99,3.38,4.15,2.90,,2.13,5.86,2.30,5.78,5.90,6.03,4.55,5.25,3.82,1.62,1.56,4.03,2.85,4.49,3.90,4.50,4.36,3.97,,2.80,5.40,2.07,2.91,3.83,0.83,1.09,1.20,-0.03,1.29,2.05,4.15,3.21,4.53,4.74,5.10,5.16,5.30,5.87,5.40,4.60,2.76,3.68,4.04,1.28,2.28,2,2.43,2.80,1.87,1.92,2.39,3,2.36,2.74,1.94,3.61,3.03,2.47,2.51,3.42,3.13,3.95,4.78,4.83,5.18,2.50,2.27,1.73,2.09,1.38,1.61,1.69,2.51,1.63,1.70,1.09,0.75,1.50,1.70,1.86,0.99,1.61,2.27,2.94,3.40,1.70,1.92,1.85,1,,3.70,-0.20,7.80,5.30,4.70,,,,,,,4.60,5.70,,1.40,4.80,2.90,1.97,,,,,,,,2.80,2.70,2.50,1.90,2.40,,,,,2.40,,2.20,2.50,-1,3.20,3.20,,,1.30,,,1.60,,,3.40,2.60,2.70,3.20,2.40,1.70,
2008-12-18 02:50,6.30,6.83,5.05,5.82,4.10,3.77,5.55,6.30,3.31,4.82,4.23,4.45,2.90,4.42,4.80,4.19,3.85,2.01,2.10,3.51,2.39,3.48,3.13,,2.57,4.86,5.60,7.15,5.77,6.40,6.11,6.18,2.55,5.82,6.37,6.29,5.75,5.94,3.56,4.24,2.80,,2.03,5.67,2.20,5.74,6,5.96,4.55,5.22,3.81,1.67,1.47,4.19,2.94,4.51,3.87,4.50,4.55,4.02,,2.70,5.24,2.06,2.98,3.80,0.77,1.15,1.10,0.01,1.21,2.02,4.17,3.21,4.68,4.81,5.10,5.29,5.30,5.99,5.40,4.60,2.77,3.77,4.01,1.29,2.35,2,2.48,2.76,2.12,1.96,2.48,3,2.39,3.13,1.96,3.67,3.10,2.47,2.51,3.30,3.02,3.84,4.71,4.79,5.16,2.60,2.43,1.78,2.05,1.31,1.61,1.69,2.42,1.61,1.70,1.12,0.90,1.55,1.70,1.83,0.90,1.42,2.32,3.05,3.40,1.72,2.03,1.69,1,,3.70,-0.20,7.70,5.30,4.70,,,,,,,4.60,5.60,,1.30,4.90,3,1.93,,,,,,,,2.80,2.60,2.40,1.90,2.30,,,,,2.40,,2.30,2.50,-1.10,3.20,3.30,,,1.30,,,1.60,,,3.30,2.60,2.70,3.20,2.50,1.60,
2008-12-18 03:00,6.40,6.91,4.98,5.90,4.10,3.73,5.47,6.30,3.28,4.80,4.18,4.49,2.84,4.46,4.72,4.26,3.87,2.17,2.20,3.59,2.46,3.28,3.18,,2.60,4.82,5.48,7.01,5.82,6.40,5.77,6.09,2.45,5.60,6.43,6.13,5.67,5.82,3.38,4.21,3,1.94,1.83,5.63,2.30,5.61,5.90,5.94,4.76,5.22,3.77,1.69,1.51,4.39,2.76,4.57,3.81,4.30,4.51,4.02,4.72,2.70,5.20,2.73,3.01,4.12,0.64,1.17,1.10,0.06,1.16,2.03,4.14,3.31,4.65,4.65,5.10,5.28,5.30,5.83,5.40,4.70,2.81,3.65,4.08,1.32,2.42,2,2.55,2.69,2.32,2.08,2.53,3,2.17,3.20,2.05,3.70,3.01,2.46,2.45,3.25,2.91,3.77,4.70,4.73,5.17,2.50,2.44,1.77,2.11,1.30,1.68,1.72,2.56,1.53,1.70,1.16,0.89,1.39,1.70,1.71,0.92,1.35,2.19,2.96,3.40,1.77,2.05,1.80,1,6.10,3.80,-0.20,7.50,5.30,4.60,1.20,2,-2.30,4.50,5.40,5,4.60,5.70,4,1.40,5.20,3.10,2,2.60,3.60,3.90,3.90,4.40,5.10,4.90,2.70,2.60,2.40,1.90,2.30,3.40,3.50,3.70,3.70,2.40,2.20,2.30,2.50,-1.20,3.10,3.30,2.30,3.30,1.30,1.50,2,1.60,4.10,3,3.30,2.50,2.70,3.20,2.40,1.70,1
2008-12-18 03:10,6.40,6.86,4.98,5.77,3.99,3.64,5.40,6.40,3.29,4.76,4.26,4.61,2.86,4.42,4.71,4.28,3.80,2.32,2.20,3.55,2.51,3.06,3.25,,2.58,4.86,5.49,6.95,5.71,6.20,5.51,6.10,2.45,5.47,5.92,6.30,5.58,5.90,3.34,4.36,2.60,1.72,2.23,5.63,2.30,5.50,6,5.87,4.71,5.31,3.80,1.72,1.70,4.52,2.71,4.67,3.76,4.30,4.54,4.04,4.63,2.70,4.95,2.89,3.05,3.99,0.47,1.13,1.10,0.05,1.03,1.95,4.15,3.38,4.66,4.57,5.10,5.26,5.35,5.99,5.34,4.70,2.89,3.91,4.08,1.33,2.50,2,2.58,2.70,1.92,2.23,2.61,2.90,2.44,3.13,1.99,3.67,3.01,2.47,2.40,3.28,2.85,3.88,4.64,4.76,5.14,2.50,2.28,1.73,2.14,1.24,1.55,1.65,2.58,1.55,1.70,1.24,0.88,1.45,1.70,1.67,0.98,1.62,2.31,2.96,3.50,1.81,1.72,1.79,1,,3.90,-0.20,7.10,5.30,4.70,,,,,,,4.50,5.80,,1.50,5.10,3.10,1.99,,,,,,,,2.80,2.70,2.40,1.90,2.40,,,,,2.30,,2.30,2.50,-1.20,3.10,3.30,,,1.30,,,1.70,,,3.20,2.40,2.70,3.20,2.40,1.70,
2008-12-18 03:20,6.50,6.88,5.01,5.88,4.06,3.60,5.41,6.20,3.24,4.82,4.23,4.51,2.85,4.44,4.71,4.15,3.85,2.37,2.10,3.51,2.42,3.07,3.33,,2.60,4.82,5.44,6.81,5.92,6.10,5.41,6.05,2.42,5.49,5.68,6.37,5.72,5.86,3.42,4.48,2.50,1.94,2.69,5.61,2.20,5.47,6,6.07,4.58,5.31,3.80,1.78,1.51,4.75,2.83,4.67,3.87,4.30,4.32,4.05,4.55,2.70,4.70,2.87,2.96,3.83,0.65,1.19,1,-0.05,0.91,1.96,4.19,3.36,4.55,4.61,5.10,5.24,5.34,5.88,5.22,4.80,2.95,4.10,4.10,1.39,2.40,2.10,2.59,2.81,2.01,2.33,2.62,2.90,2.32,3.17,1.97,3.68,3.07,2.48,2.39,3.23,2.80,3.91,4.61,4.69,5.03,2.40,2.24,1.74,2.13,1.31,1.49,1.61,2.59,1.66,1.70,1.11,0.89,1.46,1.70,1.71,1.03,1.64,2.19,2.96,3.50,1.83,1.74,1.69,1,,4,-0.20,6.90,5.40,4.90,,,,,,,4.40,5.90,,1.60,5.10,3.20,2.04,,,,,,,,2.80,2.70,2.40,1.90,2.40,,,,,2.40,,2.40,2.50,-1.10,2.90,3.30,,,1.20,,,1.70,,,3.20,2.40,2.70,3.20,2.40,1.80,
2008-12-18 03:30,6.50,6.89,5.05,5.94,4.12,3.70,5.45,6.20,3.28,4.83,4.21,4.53,2.84,4.41,4.72,4.17,3.71,1.93,2.10,3.53,2.52,3.01,3.30,,2.51,4.64,5.39,6.52,5.92,5.90,5.31,6.08,2.18,5.43,5.63,6.35,5.73,5.85,3.40,4.39,2.40,1.96,2.41,5.46,2.30,5.45,6,6.24,4.83,5.30,3.71,1.84,1.42,4.84,2.84,4.70,3.88,4.30,4.52,4.05,4.40,2.60,4.46,2.67,2.99,3.56,0.41,1.13,0.90,-0.10,0.94,1.95,4.10,3.37,4.46,4.65,5,5.26,5.32,5.70,5.16,4.80,2.98,4.18,4.20,1.36,2.37,2.20,2.60,2.83,1.93,2.43,2.77,2.90,2.30,2.95,2.06,3.62,3.05,2.47,2.42,3.26,2.72,3.76,4.68,4.75,4.97,2.40,2.26,1.77,2.11,1.26,1.41,1.63,2.54,1.61,1.70,1.19,0.87,1.40,1.70,1.83,0.96,1.78,2.20,3.01,3.60,1.76,1.68,1.73,1,,4.10,-0.20,7,5.50,5,,,,,,,4.40,5.60,,1.80,5.30,3.20,2.18,,,,,,,,2.80,2.70,2.40,1.90,2.40,,,,,2.40,,2.40,2.50,-0.90,2.80,3.30,,,1.20,,,1.60,,,3.20,2.40,2.60,3.30,2.30,1.70,
2008-12-18 03:40,6.50,6.90,5.06,5.87,4.09,3.79,5.35,6.30,3.23,4.82,4.20,4.64,2.91,4.40,4.76,4.14,3.60,1.70,2.10,3.39,2.58,2.63,3.35,,2.68,4.50,5.38,6.29,6.07,5.80,5.23,6.01,2.27,5.41,5.91,6.37,5.52,6.21,3.44,4.31,2.50,1.86,2.37,5.21,2.50,5.44,6,6.14,4.82,5.21,3.94,1.79,1.47,4.65,2.93,4.78,3.73,4.30,4.44,3.97,4.30,2.60,4.34,2.73,2.93,3.62,0.39,1.20,0.80,-0.20,0.78,1.92,4.11,3.41,4.53,4.62,5,5.20,5.36,5.67,5.11,4.80,3.01,4.08,4.09,1.45,2.41,2.30,2.63,2.73,2.03,2.46,2.80,2.90,2.35,2.51,2.06,3.65,3.12,2.48,2.40,3.27,2.93,3.86,4.69,4.73,5.01,2.40,2.32,1.81,2.13,1.29,1.38,1.79,2.63,1.59,1.80,1.20,0.91,1.54,1.70,1.85,0.95,1.72,2.32,2.98,3.60,1.65,1.67,1.68,1,,3.90,-0.20,7,5.50,5,,,,,,,4.40,5.60,,2,5.40,3.20,2.09,,,,,,,,2.80,2.70,2.40,2,2.40,,,,,2.40,,2.40,2.50,-0.80,2.80,3.20,,,1.30,,,1.60,,,3.10,2.40,2.60,3.30,2.30,1.70,
2008-12-18 03:50,6.40,6.83,5.04,5.94,4.07,3.60,5.26,6.30,3.18,4.90,4.25,4.55,2.91,4.41,4.70,4.05,3.49,1.54,2.10,3.26,2.55,2.56,3.53,,2.61,4.36,5.28,6.14,6.16,5.70,5.14,5.96,2.28,5.32,6.27,6.41,5.68,6.42,3.44,4.40,2.20,1.85,2.40,5.33,2.60,5.42,6,6.20,4.80,5.29,3.94,1.84,1.45,4.78,2.99,4.80,3.60,4.40,4.44,3.94,4.34,2.70,4.23,3.10,2.97,3.78,0.58,1.21,0.80,-0.22,0.77,1.88,4.03,3.23,4.54,4.62,4.80,5.04,5.41,5.65,5.36,4.90,2.88,4.07,4.05,1.54,2.35,2.30,2.77,2.65,2.07,2.54,2.80,2.90,2.50,2.69,2.06,3.63,3.17,2.51,2.33,3.28,2.79,3.78,4.56,4.69,5.05,2.50,2.35,1.81,2.20,1.31,1.15,1.72,2.64,1.58,1.80,1.20,0.96,1.64,1.70,1.72,0.90,1.60,2.32,2.96,3.70,1.76,1.91,1.60,1,,3.90,-0.20,6.80,5.60,5.10,,,,,,,4.40,5.40,,2,5.50,3.20,2.15,,,,,,,,2.80,2.70,2.40,2,2.40,,,,,2.40,,2.40,2.60,-0.70,2.70,3.20,,,1.30,,,1.60,,,3.20,2.50,2.60,3.30,2.30,1.70,
2008-12-18 04:00,6.40,6.91,5.11,5.99,3.97,3.53,5.12,6.30,3.21,4.98,4.34,4.36,2.85,4.42,4.67,4,3.43,1.39,2.10,3.16,2.41,2.49,3.44,,2.61,4.26,5.31,6.06,6.20,5.60,5.17,5.94,2.31,5.19,6.52,6.30,5.51,6.36,3.42,4.31,2,1.48,2.15,5.51,2.70,5.36,6,5.99,4.92,5.41,3.92,1.96,1.35,4.99,3.10,4.66,3.72,4.50,4.18,3.90,4.26,2.70,4.14,3.43,2.84,3.73,0.64,1.15,0.80,-0.20,0.82,1.92,3.92,3.30,4.50,4.64,4.70,4.96,5.44,5.80,5.15,4.80,2.82,4,4.04,1.55,2.40,2.30,2.83,2.62,2.04,2.57,2.85,2.90,2.64,2.36,2.10,3.63,3.19,2.46,2.25,3.28,2.74,3.79,4.54,4.67,5.09,2.50,2.41,1.85,2.18,1.26,1.10,1.61,2.56,1.65,1.80,1.20,0.95,1.63,1.70,1.56,0.91,1.50,2.26,2.98,3.70,1.76,1.91,1.63,1,5.90,4.10,-0.20,6.80,5.70,5.20,1.20,1.70,-2.20,4.60,5.20,5.20,4.40,5.30,4,2.10,5.50,3.20,2.30,2.50,3.50,3.60,3.80,4.20,4.80,4.80,2.80,2.70,2.40,2,2.30,3.60,2.90,3.60,3.60,2.40,2.40,2.50,2.60,0.20,2.40,3.10,,3.30,1.30,1.60,2.10,1.60,4.10,3.40,3.20,2.50,2.60,3.30,2.30,1.70,0.90
2008-12-18 04:10,6.40,6.89,5.07,5.97,4.09,3.61,5.07,6.30,3.20,4.97,4.32,4.24,2.88,4.37,4.61,4.02,3.37,1.33,2.20,3.15,2.38,2.45,3.60,,2.49,4.02,5.19,5.68,6.17,5.50,5.18,5.89,2.28,5.27,6.69,6.24,5.55,6.38,3.41,4.31,1.90,1.15,2.07,5.32,2.60,5.29,6.10,5.98,5.17,5.36,4.06,1.94,1.43,5.07,3.13,4.70,3.71,4.30,4.17,3.98,4.15,2.80,4.15,3.34,2.94,3.85,0.47,1.15,0.80,-0.25,0.85,2,3.83,3.37,4.46,4.57,4.60,5,5.50,5.98,5.13,4.80,2.75,3.96,3.94,1.43,2.42,2.30,2.88,2.68,2.03,2.69,3.21,2.90,2.66,2.87,2.11,3.77,3.21,2.46,2.38,3.29,2.69,3.73,,4.61,5.06,2.40,2.45,1.88,2.22,1.20,1,1.68,2.58,1.61,1.80,1.15,0.93,1.65,1.70,1.78,0.88,1.56,2.22,2.99,3.80,1.84,1.73,1.65,1,,4,-0.20,6.70,5.70,5.30,,,,,,,4.30,5.20,,2.10,5.50,3.20,2.26,,,,,,,,2.80,2.70,2.40,2,2.20,,,,,2.40,,2.50,2.60,0.20,2.30,3.10,,,1.30,,,1.60,,,3.20,2.50,2.60,3.30,2.40,1.70,
2008-12-18 04:20,6.40,6.95,5,5.98,4.09,3.50,5.12,6.20,3.21,4.94,4.29,4.16,2.82,4.33,4.58,4.17,3.35,1.23,2.20,3.05,2.29,2.42,3.74,,2.50,3.87,5.07,5.25,6.09,5.40,5.07,5.78,2.15,5.37,6.58,6.33,5.68,6.34,3.23,4.15,1.80,1.20,1.96,5.19,2.60,5.26,6.20,5.89,5.06,5.20,4.20,1.86,1.50,5,3.26,4.73,3.93,4.20,4.38,3.86,4.06,2.80,4.12,3.33,2.87,4.22,0.44,1.17,0.90,-0.29,0.77,1.93,3.80,3.38,4.49,4.57,4.50,5,5.40,6.10,5.15,4.90,2.82,3.82,3.92,1.36,2.44,2.30,2.86,2.55,2,2.63,2.55,2.90,2.79,2.68,2.09,3.76,3.20,2.40,2.40,3.27,2.73,3.61,,4.56,5.05,2.40,2.25,1.93,2.17,1.18,0.90,1.74,2.62,1.58,1.80,1.20,0.92,1.67,1.70,1.70,0.81,1.61,2.32,2.97,3.90,1.66,1.66,1.70,1,,3.90,-0.20,6.60,5.80,5.30,,,,,,,4.30,5.40,,2.10,5.50,3.20,2.29,,,,,,,,2.80,2.70,2.40,2,2.20,,,,,2.40,,2.50,2.60,0.60,2.30,3,,,1.30,,,1.60,,,3.20,2.60,2.60,3.30,2.50,1.70,
2008-12-18 04:30,6.40,6.95,5.09,6.10,4.11,3.43,5.07,6.10,3.16,4.90,4.31,4.26,2.89,4.31,4.65,4.24,3.49,1.14,2.20,3.16,2.32,2.62,3.75,,2.50,3.79,5,5.15,6.02,5.30,4.92,5.79,2.12,5.48,6.63,6.37,5.65,6.21,3.11,4.17,1.80,1.21,1.91,5.17,2.70,5.15,6.10,5.72,4.89,5.23,4.30,2.05,1.53,4.90,3.53,4.78,4.02,4.20,4.30,3.91,3.97,2.80,3.97,3.98,2.87,3.81,0.50,1.09,0.90,-0.25,0.79,1.84,3.82,3.38,4.39,4.45,4.50,4.87,5.40,6.17,5.28,5,2.80,3.76,3.91,1.36,2.37,2.30,2.84,2.58,1.93,2.59,2.67,2.90,2.77,2.82,2.05,3.77,3.18,2.48,2.35,3.31,2.76,3.62,,4.43,5.03,2.40,2.30,2.03,2.32,1.18,0.39,1.73,2.73,1.67,1.90,1.31,1.04,1.70,1.70,1.85,0.75,1.49,2.43,3.05,3.90,1.75,1.78,1.73,1,,3.90,-0.20,6.70,5.80,5.10,,,,,,,4.30,5.60,,2.20,5.50,3.20,2.44,,,,,,,,2.80,2.70,2.40,2,2.10,,,,,2.40,,2.50,2.60,0.60,2.30,2.90,,,1.30,,,1.70,,,3.50,2.60,2.60,3.30,2.50,1.70,
2008-12-18 04:40,6.40,6.85,5.08,6.11,4.04,3.42,5.04,6.10,3.20,4.95,4.31,4.14,2.84,4.34,4.71,4.24,3.56,1.38,2.20,3.17,2.37,2.80,3.68,,2.34,3.70,5.09,5.20,6.03,5.30,4.99,5.76,2.12,5.67,6.57,6.18,5.55,5.95,3.27,4.12,1.80,1.21,1.99,5.15,2.70,5.12,6,5.48,4.95,5.03,4.22,2.11,1.48,4.89,3.60,4.75,3.87,4.10,4.30,3.77,4.01,2.80,3.96,4.10,2.85,4.46,0.55,1.03,0.90,-0.23,0.90,1.88,3.75,3.37,4.37,4.41,4.50,4.69,5.40,5.99,5.19,4.80,2.71,3.76,3.89,1.35,2.26,2.30,2.86,2.55,1.97,2.63,3.02,2.90,2.85,3.13,2.07,3.75,3.13,2.41,2.16,3.35,2.69,3.63,,4.34,4.96,2.40,2.31,2.03,2.25,1.23,0.62,1.75,2.56,1.68,1.90,1.23,0.97,1.80,1.70,1.81,0.89,1.12,2.45,3.05,3.80,1.83,2.06,1.69,1,,3.80,-0.30,6.60,5.90,5.10,,,,,,,4.30,5.70,,2.30,5.50,3.20,2.42,,,,,,,,2.80,2.60,2.50,2,2,,,,,2.40,,2.60,2.60,0.70,2.40,,,,1.30,,,1.70,,,3.30,2.30,2.60,3.40,2.50,1.70,
2008-12-18 04:50,6.40,6.78,4.96,6.11,4.08,3.35,5.03,6,3.26,4.98,4.24,4.15,2.73,4.36,4.64,4.08,3.64,1.28,2.30,3.08,2.26,2.60,3.70,,2.29,3.63,5.03,5.20,5.90,5.20,5.03,5.79,2.10,5.42,6.56,6.22,5.57,5.85,3.29,4.06,1.70,1.12,1.88,5.13,2.70,5.07,5.70,5.43,4.95,4.91,3.91,2.19,1.47,4.95,3.55,4.73,4.17,4.20,4.16,3.78,4,2.80,3.89,3.94,2.86,4.33,0.47,0.99,0.80,-0.19,0.96,1.70,3.73,3.29,4.25,4.35,4.40,4.54,5.40,6.10,5.06,4.60,2.67,3.79,3.86,1.48,2.31,2.40,2.88,2.59,1.82,2.58,2.89,3,2.54,2.62,2.03,3.76,3.13,2.37,2.17,3.26,2.57,3.72,,4.48,4.97,2.40,2.30,2.07,2.25,1.23,0.59,1.73,2.74,1.69,1.90,1.30,1.02,1.53,1.60,1.72,0.87,1.62,2.42,3.02,3.80,1.84,1.83,1.59,1,,3.70,-0.40,6.60,5.90,5.10,,,,,,,4.30,5.70,,2.40,5.60,3.20,2.39,,,,,,,,2.80,2.60,2.40,2.10,2,,,,,2.40,,2.60,2.60,0.80,2.40,2.90,,,1.30,,,1.70,,,3.30,2.20,2.70,3.40,2.50,1.70,
2008-12-18 05:00,6.40,6.79,4.99,6.05,4,3.28,5.05,6,3.29,5.01,4.21,4.15,2.69,4.35,4.66,4.23,3.72,1.30,2.30,3.13,2.42,2.56,3.68,,2.28,3.49,5.04,5.51,5.78,5.20,5.05,5.85,2.06,5.35,6.50,6.41,5.52,5.69,3.30,3.94,1.70,1.05,1.79,4.95,2.60,5.16,5.30,5.39,5.02,4.89,3.82,2.21,1.51,5,3.60,4.79,3.91,4.20,4.21,3.87,3.99,3,3.74,3.71,2.82,4.05,0.42,0.89,0.80,-0.26,1.01,1.72,3.69,3.30,4.14,4.21,4.30,4.29,5.40,5.83,5,4.80,2.63,3.86,3.87,1.50,2.35,2.40,2.91,2.59,1.99,2.58,2.87,3,2.89,3.03,2.09,3.77,3.21,2.38,2.13,3.38,2.59,3.72,,4.28,5.04,2.40,2.23,2.08,2.32,1.26,0.39,1.69,2.53,1.68,1.90,1.10,0.95,1.72,1.70,1.85,0.85,1.55,2.48,2.99,3.80,1.81,2.06,1.72,1,5.60,3.80,-0.40,6.60,6,5,1.60,1.60,-2.20,3.90,5.20,5,4.30,5.70,3.80,2.40,5.60,3.30,2.60,2.40,3.30,3.40,3.80,4,4.50,4.70,2.80,2.50,2.50,2.10,1.90,3.30,2.70,3.60,3.60,2.30,2.60,2.60,2.60,0.90,2.50,2.80,,3.50,1.40,1.60,2.20,1.70,3.80,3.50,3.30,2.20,2.70,3.40,2.50,1.70,0.80
2008-12-18 05:10,6.40,6.78,5.06,6.18,4,3.14,5.05,5.90,3.25,5.02,4.25,4.21,2.68,4.36,4.65,4.17,3.60,1.37,2.30,3.29,2.59,2.64,3.71,,2.33,3.44,4.94,5.30,5.70,5.10,4.96,5.76,2.06,5.09,6.49,6.73,5.28,5.55,3.19,3.79,1.70,1.01,1.68,5.02,2.60,5.10,5.20,5.32,4.96,4.88,3.80,2.24,1.57,5.05,3.76,4.88,3.94,4.20,4.33,3.91,3.97,2.90,3.57,3.64,2.76,4.23,0.48,0.88,0.70,-0.28,0.89,1.70,3.61,3.40,4.05,4.29,4.20,4.04,5.44,5.87,5.21,4.80,2.62,3.96,3.90,1.50,2.40,2.40,2.98,2.52,2.03,2.63,2.72,3,2.86,2.51,2.01,3.77,3.23,2.40,2.21,3.32,2.60,3.57,,4.36,4.97,2.30,2.36,2.07,2.33,1.24,0.51,1.71,2.74,1.75,1.80,1.15,1.06,1.67,1.70,1.86,0.90,1.60,2.66,2.94,3.90,1.83,1.83,1.68,1.10,,3.90,-0.30,6.40,6,5.10,,,,,,,4.40,5.60,,2.40,4.80,3.20,2.52,,,,,,,,2.80,2.50,2.50,2.10,1.90,,,,,2.30,,2.50,2.60,0.90,2.50,2.80,,,1.40,,,1.70,,,3.20,2.20,2.60,3.40,2.50,1.70,
2008-12-18 05:20,6.40,6.62,5.03,6.11,4,3.07,5.02,5.80,3.24,5.03,4.20,4.28,2.65,4.32,4.60,4.17,3.58,1.30,2.30,3.31,2.63,2.57,3.71,,2.41,3.41,4.85,4.64,5.49,4.80,4.96,5.58,2.15,5,5.80,6.74,5.41,5.42,3.02,3.78,1.70,1.07,1.57,4.91,2.70,5.13,5.10,5.22,5.10,4.91,3.46,2.20,1.59,5.02,4,4.95,4.02,4.20,4.27,3.99,3.91,2.90,3.46,3.58,2.70,4.57,0.53,0.90,0.70,-0.39,0.89,1.77,3.66,3.33,4.07,4.36,4.20,3.97,5.30,6.04,5.25,4.80,2.76,4,3.80,1.57,2.38,2.40,2.98,2.51,2.25,2.66,2.60,3,2.88,2.45,2.07,3.76,3.24,2.39,2.20,3.38,2.48,3.57,,4.33,4.89,2.30,2.35,2.09,2.32,1.26,0.71,1.78,2.74,1.69,1.80,1.16,1.05,1.54,1.70,1.91,0.98,1.58,2.60,2.91,3.90,1.89,1.99,1.66,1.10,,4,-0.40,6,5.90,4.60,,,,,,,4.40,5.70,,2.40,4.20,3.30,2.67,,,,,,,,2.80,2.50,2.50,2.10,1.90,,,,,2.30,,2.50,2.60,0.90,2.60,2.70,,,1.30,,,1.70,,,3.20,2.20,2.60,3.40,2.50,1.70,
2008-12-18 05:30,6.30,6.57,4.96,6.14,4,3.11,5.04,5.80,3.12,4.98,4.13,4.25,2.54,4.28,4.58,4.20,3.58,1.13,2.60,3.30,2.55,2.46,3.79,,2.22,3.26,4.62,4.23,5.53,4.70,4.91,5.71,2.11,4.93,5.51,6.38,5.10,5.46,3.14,3.71,1.70,0.99,1.68,4.79,2.70,5.02,4.90,5.22,5.14,4.82,3.64,2.29,1.59,5.07,4.01,5.01,4.04,4.30,4.21,4.19,3.77,2.90,3.43,3.41,2.71,4.37,0.45,0.79,0.60,-0.32,0.97,1.69,3.49,3.32,4.04,4.32,4.20,3.79,5.10,5.99,5.21,4.80,2.84,3.97,3.86,1.61,2.44,2.40,2.93,2.59,2.30,2.69,2.43,3,2.79,2.87,2.05,3.84,3.25,2.40,2.16,3.39,2.52,3.67,,4.30,4.87,2.30,2.34,2.07,2.34,1.17,0.87,1.80,2.71,1.75,1.90,1.10,1,1.62,1.70,1.92,0.98,1.30,2.46,2.95,4.10,1.82,2.01,1.64,1.10,,4,-0.40,5.90,5.80,4.80,,,,,,,4.40,5.70,,2.50,4.10,3.30,2.62,,,,,,,,2.80,2.50,2.50,2.10,2,,,,,2.30,,2.50,2.60,1,2.60,2.60,,,1.40,,,1.70,,,3.20,2.20,2.60,3.40,2.50,1.80,
2008-12-18 05:40,6.40,6.62,4.91,6.09,4,3.07,5.02,5.80,3.13,4.99,4.18,4.21,2.21,4.25,4.58,4.18,3.62,1.13,3.90,3.27,2.49,2.46,3.90,,2.37,3.21,4.33,4,5.34,4.80,4.84,5.58,2.12,4.89,5.44,6.09,5.05,5.36,3.23,3.64,1.80,1.16,1.56,4.83,2.70,4.96,5,5.17,4.96,4.91,3.73,2.31,1.51,5.10,3.91,4.65,4.05,4.20,4.33,4.33,3.82,2.80,3.31,3.31,2.69,4.29,0.32,0.68,0.60,-0.39,1.14,1.74,3.49,3.46,3.86,4.22,4.20,3.76,4.80,5.84,5.22,5,2.60,3.96,3.80,1.61,2.57,2.40,2.94,2.44,2.55,2.73,2.91,3,2.71,2.89,1.98,3.81,3.24,2.41,2.09,3.41,2.39,3.65,,4.24,4.92,2.40,2.41,2.11,2.29,1.23,1.03,1.71,2.73,1.67,1.90,1.09,0.99,1.76,1.70,1.97,0.87,1.20,0,3.03,4,1.86,2.13,1.67,1.10,,3.90,-0.30,5.80,5.50,4.80,,,,,,,4.30,5.80,,2.50,3.90,3.30,2.63,,,,,,,,2.80,2.50,2.50,2.10,1.90,,,,,2.30,,2.50,2.50,0.90,2.70,2.50,,,1.30,,,1.60,,,3.40,2.20,2.60,3.40,2.50,1.70,
2008-12-18 05:50,6.40,6.60,4.88,6.13,4,2.87,4.95,5.90,3.14,4.91,4.23,4.23,2.06,4.25,4.61,4.14,3.56,1.18,4,3.23,2.24,2.23,3.96,,2.37,3.13,3.93,3.84,5.14,4.80,4.91,5.59,2.14,4.91,5.34,5.94,5.52,5.44,3.29,3.75,1.90,1.38,1.75,4.84,2.70,4.94,5,5.18,5.08,5.02,3.69,2.33,1.51,4.94,3.75,4.66,3.88,4.10,4.59,4.48,3.74,2.70,3.33,3.33,2.59,4.10,0.47,0.65,0.60,-0.47,1,1.62,3.38,3.38,3.74,4.07,4.10,3.54,4.50,5.77,5.28,5.10,2.81,3.99,3.78,1.60,2.57,2.40,3.01,2.39,2.58,2.76,2.67,3,2.80,2.78,1.99,3.72,3.26,2.35,2.16,3.39,2.27,3.56,,4.08,4.98,2.30,2.45,2.10,2.32,1.25,1.19,1.87,2.70,1.69,1.90,1.13,0.96,1.83,1.70,2.04,0.88,1.26,,3.03,3.90,1.93,2,1.72,1.10,,3.90,-0.50,5.80,5.50,5.20,,,,,,,4.30,5.90,,2.40,3.80,3.30,2.69,,,,,,,,2.80,2.50,2.50,2.10,2,,,,,2.20,,2.60,2.30,1,2.80,2.40,,,1.30,,,1.60,,,3.40,2.30,2.60,3.50,2.50,1.90,
2008-12-18 06:00,7,7,5.01,6,4,3.15,4.94,5.90,3.05,5.01,4.27,4.23,1.99,4,4.57,5,4,1.23,5,3.21,2,2.31,3.95,6,2,3,3.83,4.01,5,5,4,5,2.10,5,5.30,5,6,6,3,4,2,1,2,5,2.70,4.90,5,5.23,5,4.87,3,3,1.68,4.74,3.58,5,4,4,5,4.63,3.79,3,3.39,3.13,2.49,3.94,0.53,0.67,0.60,-0.73,0.90,2,3.35,3.32,3.68,4.07,4.10,3.56,5,5,5,5,2.80,4,3.71,1.72,2,2.30,3.09,2.48,2.52,2.82,3,2.90,3,2.69,1.95,3.80,3.16,2.33,2.08,3.39,2.24,3.51,,4.12,4.93,2.40,2.43,2.08,2.34,1.23,1.26,1.84,2.73,1.69,1.80,1.15,0.95,1.74,1.70,1.99,0.92,1.38,2.74,3.20,3.80,1.99,2.40,1.75,1.10,5,4,-1,5.80,5.40,5.30,1.70,1,-4,4,5,5.20,4,6,3.70,2.50,3.60,3.40,2.80,2.30,3.10,3,4,3.70,4.20,4.60,2.80,2.50,2.50,2.10,2,3.30,2.80,3.50,3.60,2.10,2.70,2.60,2.20,0.80,2.50,2.30,2.60,3.60,1.30,1.80,2.20,1.60,4.20,3.50,3.40,2.20,2.70,3.50,2.50,1.80,0.70
2008-12-18 06:10,6.30,6.87,4.98,6.13,4,3.12,4.97,5.90,3.09,5.07,4.32,4.17,1.96,4.29,4.70,4.12,3.56,1.21,4.10,3.18,2.26,2.53,4.05,,2.34,3.02,3.72,3.92,4.99,4.90,4.85,5.58,2.03,4.97,5.39,5.44,4.93,5.37,3.15,3.73,1.70,1.79,1.68,4.87,2.60,4.77,4.90,5.29,5.13,4.69,3.68,2.21,1.81,4.69,3.51,4.85,4.02,4,4.61,4.73,3.62,2.80,3.33,3.11,2.44,4.10,0.50,0.65,0.60,-0.94,0.90,1.38,3.36,3.32,3.57,4.18,4,3.55,4.20,5.69,5.07,5,2.77,3.93,3.72,1.60,2.40,2.30,3.14,2.46,2.46,2.79,3.31,3,3.20,2.86,1.92,3.75,3.14,2.39,1.96,3.39,2.26,3.45,,4.12,4.91,2.40,2.55,2.09,2.25,1.19,1.31,1.76,2.85,1.67,1.90,1.16,0.96,1.70,1.70,1.96,0.84,1.47,2.56,3.05,4,1.96,2.23,1.76,1.10,,3.90,-0.60,5.70,5.20,4.70,,,,,,,4,6.10,,2.50,3.50,3.30,2.71,,,,,,,,2.80,2.50,2.50,2.10,2,,,,,2.20,,2.60,2.20,0.80,2.60,2.30,,,1.30,,,1.50,,,3.60,2.30,2.70,3.50,2.50,1.80,
2008-12-18 06:20,6.50,6.67,4.92,6.10,4,2.80,5.15,5.80,3.10,5.05,4.32,4.17,1.97,4.35,4.69,4.11,3.61,1.33,3.90,3.26,2.17,2.22,4.08,,2.34,3.05,3.63,3.77,4.96,4.90,4.84,5.64,2.04,4.90,5.41,5.25,4.90,5.32,3.03,3.58,1.70,2.11,1.49,4.88,2.80,4.79,5,5.26,5.16,4.71,3.72,2.37,1.69,4.59,3.52,4.85,4.18,3.90,4.61,4.61,3.75,2.80,3.27,3.21,2.51,4.64,0.42,0.61,0.60,-1.06,0.82,1.43,3.29,3.23,3.32,4.02,3.90,3.49,4.20,5.67,5.13,5.20,2.76,3.93,3.63,1.66,2.39,2.30,3.13,2.49,2.45,2.78,2.67,3,3.18,3.19,1.89,3.74,3.15,2.38,2,3.46,2.23,3.45,,4.13,4.91,2.40,2.56,2.07,2.40,1.10,1.33,1.73,2.80,1.65,1.90,1.23,1.13,1.62,1.80,1.85,0.82,1.41,2.69,3.16,4,1.89,2.19,1.56,1.10,,4,-0.70,5.70,5.30,5,,,,,,,3.90,6.10,,2.50,3.30,3.30,2.80,,,,,,,,2.80,2.40,2.50,2.10,2,,,,,2.20,,2.60,2,0.70,2.50,2.20,,,1.30,,,1.50,,,3.40,2.40,2.70,3.60,2.50,1.80,
2008-12-18 06:30,6.40,6.32,4.96,6.08,4,2.71,5.07,5.80,3.08,5.04,4.35,4.21,2.05,4.40,4.70,4.02,3.57,1.19,3.50,3.21,2.13,1.94,4.15,,2.29,2.91,3.55,4.04,4.86,4.80,4.93,5.44,2.04,4.95,5.48,5.37,4.82,5.30,3.12,3.81,1.80,1.83,1.49,4.94,3,4.68,5,5.26,5.11,4.54,3.82,2.37,1.68,4.52,3.48,4.97,4.10,3.90,4.73,4.38,3.75,2.70,3.29,3.27,2.68,4.97,0.42,0.67,0.50,-1.18,0.72,1.44,3.32,3.15,3.31,4.14,3.90,3.44,4,5.85,5.09,5.10,2.65,3.91,3.55,1.73,2.34,2.30,3.14,2.42,2.66,2.84,2.64,3.10,3.11,2.68,1.59,3.78,3.24,2.40,1.99,3.39,2.22,3.40,,4.15,4.91,2.40,2.59,2.09,2.38,1.03,1.40,1.73,2.68,1.74,1.90,1.16,1.02,1.78,1.80,2.06,0.85,1.45,2.86,3.13,4,1.88,2.34,1.63,1.20,,4,-0.80,5.80,5.30,5.20,,,,,,,3.80,6.30,,2.50,3.30,3.40,2.88,,,,,,,,2.80,2.40,2.50,2.10,1.90,,,,,2.20,,2.60,1.90,0.70,2.40,2.20,,,1.30,,,1.50,,,3.20,2.40,2.70,3.60,2.60,1.90,
2008-12-18 06:40,6.40,6.24,4.95,6,3.90,2.73,5.20,5.70,3.08,5.06,4.36,4.20,2.14,4.31,4.62,3.94,3.55,1.28,3.50,3.29,2.12,2.22,4.11,,2.28,2.96,3.50,4.20,4.78,4.70,4.95,5.49,1.99,4.91,5.55,5.27,4.75,5.19,3.01,3.89,1.80,1.59,1.48,4.89,2.90,4.57,5,5.29,4.95,4.75,3.93,2.39,1.82,4.50,3.50,4.75,3.90,3.90,4.51,4.23,3.69,2.90,3.43,3.27,2.70,5.01,0.45,0.54,0.50,-1.07,0.76,1.54,3.30,3.17,3.23,4.09,3.90,3.42,4,5.48,4.95,5.30,2.73,3.99,3.57,1.79,2.38,2.30,3.12,2.50,2.90,2.90,2.92,3.10,3.30,3,1.68,3.84,2.95,2.41,2.03,3.33,2.18,3.47,,4.10,4.97,2.40,2.40,2.16,2.35,1,1.35,1.70,2.71,1.73,1.90,1.15,1.12,1.88,1.80,2.06,0.88,1.42,2.87,3.18,4.10,1.95,2.12,1.64,1.20,,4,-0.80,5.80,5.10,5.10,,,,,,,3.80,6.30,,2.50,3.40,3.40,2.93,,,,,,,,2.70,2.30,2.60,2.10,2,,,,,2.20,,2.60,1.90,0.70,2.40,2.20,,,1.30,,,1.40,,,3.20,2.50,2.70,3.60,2.60,1.90,
2008-12-18 06:50,6.30,6.18,4.95,6.04,3.90,2.67,5.11,5.80,3.11,5.10,4.37,4.10,2,4.32,4.64,4.09,3.42,1.23,3.30,3.29,2.17,2.18,4.06,,2.35,2.91,3.46,4.13,4.77,4.70,4.98,5.58,1.89,4.90,5.58,5.17,4.82,5.18,2.92,3.70,1.70,1.88,1.64,4.93,2.90,4.59,5,5.29,5.02,4.82,4.03,2.37,2.01,4.41,3.45,4.80,3.88,3.80,4.29,4,3.76,3,3.52,3.10,2.80,4.92,0.57,0.65,0.50,-0.96,0.71,1.45,3.18,3.10,3.37,3.89,3.90,3.33,4,5.65,5.07,5.20,2.85,3.94,3.55,1.90,2.26,2.30,3.15,2.49,3.03,2.96,2.96,3.20,3.29,3.12,1.56,3.90,2.80,2.41,1.95,3.34,2.11,3.32,,4.23,4.97,2.40,2.50,2.21,2.39,0.86,1.20,1.76,2.69,1.73,1.90,1.14,1.07,1.97,1.80,2.06,0.90,1.06,2.71,3.10,4,2,2.20,1.70,1.20,,4,-0.80,5.70,4.80,5.20,,,,,,,3.80,6.30,,2.60,3.40,3.40,2.94,,,,,,,,2.70,2.30,2.60,2.10,2,,,,,2.30,,2.50,1.90,0.80,2.50,2.20,,,1.30,,,1.40,,,3.10,2.50,2.70,3.70,2.60,1.90,
2008-12-18 07:00,6.30,6.13,5.05,6.01,3.90,2.71,5.10,5.80,3.15,5.10,4.41,4.04,1.81,4.27,4.67,4.01,3.32,1.20,3.30,3.40,2.17,1.91,4.15,,2.43,2.74,3.42,4,4.75,4.60,5.10,5.64,1.84,4.80,5.45,5.19,5.21,5.17,3.04,3.74,1.80,2.15,1.62,5.03,2.90,4.66,4.90,5.36,5.15,4.70,4.04,2.40,1.94,4.43,3.40,4.79,4.13,3.80,4.35,4.13,3.75,3.10,3.53,3.13,3,4.64,0.74,0.55,0.50,-1.01,0.64,1.49,3.12,3.02,3.32,3.90,3.90,3.18,4,5.72,5.27,5.30,2.84,3.94,3.50,1.98,2.15,2.40,3.17,2.50,3.31,2.98,3.15,3.20,3.37,3.33,1.51,3.96,2.85,2.42,1.90,3.29,2.21,3.34,,4.06,4.93,2.30,2.33,2.10,2.34,0.77,1.17,1.70,2.75,1.76,1.80,1.17,1.01,1.77,1.80,1.95,0.93,1.25,2.67,3.12,4,1.99,2.04,1.60,1.20,5.70,4,-0.90,5.60,4.70,5.20,2.10,0.90,-2.90,3.50,4.80,5.40,3.90,6.40,3.60,2.70,3.40,3.40,3.10,2.30,3,2.80,3.80,3.50,4.20,4.70,2.70,2.30,2.60,2.10,2,3,2.70,3.60,3.40,2.30,2.70,2.60,1.90,0.90,2.40,2.20,2.80,3.70,1.30,1.80,2.30,1.40,4.10,3.80,3.10,2.50,2.70,3.70,2.60,1.90,0.80
2008-12-18 07:10,6.30,6.17,5.06,6.05,3.92,2.73,5.10,5.90,3.06,5.11,4.33,4.01,1.88,4.26,4.60,4.07,3.46,1.19,3.20,3.41,2.09,2.19,4.10,,2.48,2.66,3.35,3.94,4.68,4.50,5.09,5.69,1.89,4.63,5.32,5.33,5.27,5.17,3.15,3.86,1.50,1.73,1.60,5.10,2.90,4.66,5,5.55,5.50,4.67,3.95,2.53,2.10,4.53,3.32,4.96,4.17,3.90,4.27,4.16,3.79,3.20,3.65,2.86,3.15,4.26,0.56,0.52,0.50,-1.02,0.55,1.35,3.11,3.02,3.31,4.02,3.90,3.04,4,5.62,5.33,5.30,2.78,4,3.51,1.92,2.10,2.60,3.21,2.45,3.35,2.99,3.40,3.20,3.51,2.91,1.64,4.03,2.80,2.44,1.87,3.22,2.15,3.41,3.82,4.12,4.95,2.30,2.38,2.06,2.28,0.84,1.06,1.88,2.76,1.82,1.90,1.26,1.10,1.84,1.80,1.98,0.85,1.38,2.83,3.14,4,2.10,2.13,1.64,1.20,,3.90,-1,5.70,4.50,5.10,,,,,,,3.90,6.40,,2.70,3.50,3.50,3.12,,,,,,,,2.70,2.30,2.70,2.10,2,,,,,2.30,,2.60,1.90,0.90,2.40,2.20,,,1.30,,,1.40,,,3.20,2.50,2.70,3.70,2.50,1.90,
2008-12-18 07:20,6.30,6.10,5.02,6.07,3.92,2.66,5.08,5.90,3.13,,4.27,4.08,2.07,4.26,4.55,4.03,3.57,1.12,3.10,3.28,2.19,2.09,4.19,,2.38,2.74,3.36,3.91,4.64,4.40,5.03,5.66,1.87,4.54,5.21,5.41,5.60,5.23,3.19,3.82,1.30,1.32,1.47,5.17,3,4.82,4.90,5.59,5.36,4.70,4.09,2.52,2.08,4.65,3.23,4.96,4.30,4,4.47,4.22,3.92,3.20,3.78,3.02,3.14,4.09,0.60,0.43,0.50,-0.99,0.47,1.37,3.06,3.01,3.25,4.07,3.90,3.09,3.90,5.52,5.33,5.30,2.71,4.06,3.40,2.02,2.10,2.50,3.18,2.52,3.57,3.02,2.96,3.30,3.60,3.22,1.74,4.08,2.81,2.41,1.89,3.17,2.13,3.38,3.84,4.18,4.99,2.30,2.42,2.08,2.38,0.71,0.88,1.72,2.82,1.79,1.90,1.29,1.14,1.87,1.80,1.96,0.89,1.35,2.86,3.10,4,2.12,2.25,1.54,1.20,,3.90,-0.90,5.70,4.70,5.20,,,,,,,4,6.50,,2.80,3.50,3.50,3.09,,,,,,,,2.70,2.30,2.70,2.10,2,,,,,2.30,,2.60,1.80,0.90,2.30,2.20,,,1.40,,,1.40,,,3.20,2.50,2.70,3.70,2.60,2,
2008-12-18 07:30,6.30,6.07,5.12,6.05,4,2.63,5.06,5.90,3.14,,4.40,4.02,1.98,4.30,4.61,4.02,3.46,1.04,3.30,3.32,2.16,2.02,4.12,,2.56,2.74,3.44,3.99,4.68,4.50,5.11,5.84,1.80,4.43,5.12,5.40,5.67,5.24,3.03,3.86,1.30,1.22,1.63,5.19,3,4.91,4.90,5.44,5.56,4.74,4.24,2.64,2.02,4.63,3.28,5.12,4.17,4.10,4.82,4.38,4,3.30,4.08,2.91,3.21,4.12,0.69,0.42,0.40,-0.97,0.39,1.38,3.12,2.86,3.24,3.98,3.80,3.04,3.80,5.38,5.41,5.30,2.94,4.05,3.43,2.04,2.03,2.50,3.22,2.61,3.73,3.10,3.27,3.30,3.61,3.14,1.75,4.16,2.83,2.38,1.88,3.11,2.23,3.38,3.72,4.10,4.93,2.30,2.41,2.20,2.43,0.71,0.71,1.87,2.86,1.74,1.90,1.22,1.14,1.79,1.80,1.93,0.92,1.38,2.77,3.20,4,2.09,2.08,1.63,1.20,,3.90,-0.90,5.70,5,5.30,,,,,,,3.90,6.50,,2.70,3.50,3.50,3.15,,,,,,,,2.70,2.30,2.70,2.10,2,,,,,2.30,,2.60,1.80,0.80,2.30,2.20,,,1.40,,,1.40,,,3.30,2.50,2.70,3.70,2.60,2,
2008-12-18 07:40,6.30,5.94,5.04,5.99,3.91,2.67,5.03,5.90,3.21,,4.47,3.99,2.22,4.34,4.67,4.14,3.42,1.02,3.30,3.39,2.25,2.23,4.16,,2.48,2.75,3.48,4.21,4.85,4.50,5.32,5.79,1.80,4.47,5.11,5.35,5.76,5.18,3.06,4.01,1.30,1.21,1.49,5.11,3.10,4.97,4.90,5.32,5.53,4.89,4.05,2.71,2.08,4.69,3.16,5.08,4.27,4.20,4.63,4.46,4.11,3.40,4.39,2.79,3.38,4.12,0.74,0.40,0.40,-1.21,0.34,1.33,3.12,2.69,3.28,3.83,3.80,3.04,3.80,5.21,5.46,5.40,2.90,3.90,3.36,1.93,2.08,2.50,3.18,2.68,3.63,3.19,3.23,3.40,3.57,3.24,1.87,4.21,2.76,2.42,1.91,3.07,2.16,3.31,3.75,4.07,4.92,2.30,2.43,2.15,2.40,0.75,0.55,1.83,2.90,1.71,1.90,1.27,1.19,1.84,1.80,2.07,0.88,1.42,2.63,3.28,4,2.11,1.95,1.70,1.20,,3.90,-1,5.70,5.10,5.30,,,,,,,4,6.50,,2.80,3.50,3.50,3.17,,,,,,,,2.80,2.40,2.80,2.10,2,,,,,2.40,,2.60,1.80,0.80,2,2.10,,,1.40,,,1.50,,,3.50,2.60,2.70,3.80,2.60,2,
2008-12-18 07:50,6.30,5.86,5.06,6.05,3.87,2.37,5.11,5.90,3.15,,4.58,3.97,2.35,4.29,4.73,4.14,3.50,1.08,3.30,3.37,2.38,2.44,4.19,,2.44,2.82,3.58,4.34,4.85,4.60,5.34,5.83,1.94,4.51,5.02,5.41,5.86,5.22,3.10,4.03,1.30,1.19,1.42,5.26,3.10,4.94,5,5.30,5.60,5.08,4.32,2.83,2.26,4.77,3.30,5.02,4.39,4.30,4.69,4.64,4.24,3.80,4.93,3.12,3.51,4.11,0.75,0.46,0.30,-1.22,0.36,1.22,3.10,2.71,3.25,3.89,3.80,3.08,3.80,5.14,5.58,5.40,3.03,4.08,3.38,1.95,2.12,2.60,3.26,2.63,3.42,3.18,3.17,3.50,3.56,3.54,1.95,3.99,2.70,2.44,1.90,3.03,2.27,3.32,3.80,4.15,5.07,2.30,2.57,2.18,2.37,0.70,0.49,1.80,2.87,1.71,1.90,1.30,1.24,1.84,1.80,1.97,0.88,1.29,2.96,3.29,4.10,2.21,1.87,1.65,1.30,,3.90,-0.90,5.60,5,5.40,,,,,,,4,6.60,,2.90,3.40,3.50,3.26,,,,,,,,2.80,2.30,2.80,2.10,2,,,,,2.40,,2.60,1.80,0.70,1.90,,,,1.40,,,1.40,,,3.70,2.70,2.70,3.70,2.60,2,
2008-12-18 08:00,6.30,5.82,5.03,6.07,3.90,2.43,5.04,5.90,2.96,5.15,4.53,3.94,2.39,4.36,4.77,4.05,3.54,1.04,3.40,3.30,2.29,2.27,4.18,,2.52,2.87,3.75,4.58,4.74,4.60,5.41,5.96,2.05,4.50,5,5.37,5.82,5.25,3.09,4.07,1.40,1.40,1.47,5.33,3.10,4.82,5.10,5.33,5.55,5.08,4.34,2.76,2.36,4.60,3.29,5.03,4.43,4.40,4.66,4.68,4.35,3.90,5.34,3.21,3.87,4.25,0.83,0.46,0.30,-1.26,0.43,1.19,3.03,2.67,3.11,3.99,3.80,3.06,3.70,5.19,5.57,5.40,2.89,4.20,3.43,2.09,2.14,2.70,3.38,2.80,3.55,3.21,3.42,3.60,3.68,3.28,1.94,3.99,2.68,2.55,1.76,2.96,2.21,3.33,3.76,4.08,5.03,2.30,2.74,2.16,2.49,0.72,0.51,1.76,2.84,1.71,2,1.26,1.27,1.77,1.80,1.82,0.95,1.09,2.79,3.30,4.10,2.17,1.66,1.61,1.30,5.70,3.90,-0.80,5.70,4.90,5.40,2.40,1,-2.80,3.60,4.50,4.90,4.20,6.40,3.40,3.10,3.40,3.50,3.40,2.20,3,2.60,3.90,3.30,4.20,4.70,2.80,2.40,2.80,2.10,1.90,2.80,2.60,3.70,3.50,2.40,2.80,2.50,1.80,0.90,1.70,2.10,,3.80,1.50,1.70,2.30,1.50,4.20,3.80,3.70,2.50,2.70,3.80,2.70,2.10,0.80
2008-12-18 08:10,6.30,5.88,5.04,6.09,3.86,2.46,5.07,6,2.98,5.22,4.49,3.92,2.63,4.39,4.65,4.12,3.49,1.06,3.40,3.34,2.42,2.43,4.13,,2.57,3.04,3.76,4.47,4.63,4.60,5.48,5.99,2.01,4.57,5.10,5.37,5.81,5.31,3.10,4.12,1.50,1.34,1.60,5.28,3.20,4.85,5.20,5.41,5.88,5.14,4.23,2.94,2.34,4.73,3.46,5.12,4.69,4.70,4.84,4.82,4.41,4,5.57,3.37,4.18,4.57,0.79,0.42,0.20,-1.28,0.35,1.23,2.99,2.58,3.05,3.90,3.80,3.11,3.69,4.97,5.59,5.68,2.99,4.32,3.47,2.10,2.18,2.70,3.50,2.72,3.58,3.34,3.05,3.70,3.97,3.42,1.88,3.90,2.71,2.43,1.95,2.92,2.29,3.25,3.67,4.16,5.04,2.40,2.63,2.26,2.56,0.74,0.67,1.81,2.71,1.71,2.10,1.23,1.19,1.85,1.80,1.66,0.93,1.21,2.83,3.32,4.20,2.23,1.48,1.70,1.30,,4,-0.80,5.80,4.80,5.20,,,,,,,4.30,6.30,,3.10,3.40,3.50,3.42,,,,,,,,2.80,2.40,2.80,2.10,1.90,,,,,2.40,,2.40,1.90,0.90,1.70,2.10,,,1.50,,,1.50,,,3.90,2.60,2.80,3.80,2.70,2.10,
2008-12-18 08:20,6.30,5.86,5.11,6.10,4.02,2.65,5.10,6,3.13,5.17,4.43,3.99,2.63,4.33,4.64,4.19,3.44,1.16,3.60,3.30,2.44,2.52,4.12,,2.61,3.17,3.71,3.81,4.55,4.60,5.54,6.05,1.94,4.52,5.16,5.34,5.80,5.45,3.06,4.24,1.50,1.13,1.55,5.36,3.30,4.86,5.20,5.40,6.09,5.10,4.20,2.96,2.34,4.76,3.45,5.19,4.87,5,4.96,4.88,4.42,4.10,5.61,3.47,4.33,4.90,0.88,0.46,0.20,-1.23,0.44,1.32,2.98,2.63,3.07,3.77,3.70,3.09,3.67,5.18,5.62,5.65,3.02,4.30,3.46,2.15,2.17,2.70,3.47,2.86,3.82,3.41,3.45,3.90,3.71,3.27,1.73,3.82,2.68,2.36,1.85,2.97,2.37,3.22,3.61,4.06,5.03,2.40,2.66,2.28,2.57,0.74,0.83,1.82,2.78,1.68,2,1.34,1.27,1.80,1.80,1.51,0.83,1.41,2.97,3.38,4.30,2.24,1.48,1.65,1.40,,4,-0.80,5.80,4.80,5.50,,,,,,,4.40,6.40,,3.10,3.50,3.60,3.44,,,,,,,,2.80,2.30,2.90,2.10,1.90,,,,,2.40,,2.40,1.90,0.90,1.80,2.10,,,1.50,,,1.50,,,4.10,2.60,2.80,3.80,2.70,2,
2008-12-18 08:30,6.20,5.83,5.15,6.06,4,2.69,5.18,6,3.23,5.14,4.46,3.97,2.68,4.35,4.69,4.21,3.44,1.10,3.60,3.35,2.47,2.43,4.25,,2.62,3.28,3.69,3.64,4.52,4.40,5.52,6.09,1.90,4.69,5.12,5.25,5.87,5.47,3.13,4.22,1.50,1.28,1.60,5.37,3.40,4.83,5.20,5.43,6.10,5.11,4.49,2.96,2.47,4.74,3.45,5.14,4.77,5.10,5.03,5.06,4.57,4.20,5.61,3.49,4.37,5.03,0.95,0.33,0.30,-1.15,0.53,1.17,2.94,2.59,3.08,3.86,3.70,2.98,3.69,5.11,5.65,5.63,2.95,4.05,3.42,2.17,2.13,2.70,3.56,2.78,3.85,3.47,3.75,4,3.76,3.34,1.76,3.82,2.61,2.45,1.86,3.01,2.37,3.35,3.64,4.10,4.98,2.50,2.68,2.30,2.60,0.75,0.75,1.93,2.70,1.68,2,1.36,1.27,1.69,1.80,1.60,0.98,1.03,3,3.47,4.20,2.31,1.96,1.75,1.40,,4,-0.70,5.80,4.80,5.40,,,,,,,4.40,6.40,,3.10,3.50,3.60,3.51,,,,,,,,2.90,2.30,2.90,2.10,1.90,,,,,2.50,,2.40,1.90,0.80,1.90,2.10,,,1.60,,,1.50,,,4.10,2.70,2.80,3.80,2.70,2,
2008-12-18 08:40,6.10,5.91,5.18,6.05,4,2.69,5.25,6,3.26,5.20,4.55,4.05,2.85,4.27,4.68,4.17,3.45,1.11,3.80,3.51,2.46,2.60,4.32,,2.58,3.46,3.79,3.37,4.62,4.30,5.48,6.14,1.93,4.69,5.13,5.32,5.90,5.56,3.19,4.18,1.60,1.09,1.69,5.34,3.40,4.92,5.30,5.49,6.04,5.15,4.53,3.06,2.66,4.62,3.43,5.10,4.74,5.10,5.22,5.34,4.74,4.30,5.84,3.50,4.43,5.02,0.86,0.33,0.30,-1.12,0.45,1.22,2.90,2.57,3,3.99,3.60,3.06,3.60,4.98,5.73,5.62,2.96,3.88,3.59,2.14,2.26,2.70,3.59,2.79,2.49,3.54,3.72,4,4.13,3.36,1.85,3.80,2.58,2.38,1.91,2.96,2.43,3.32,3.71,3.98,4.99,2.50,2.87,2.40,2.62,0.77,0.77,2.01,2.74,1.69,2.10,1.51,1.34,1.81,1.80,1.49,0.83,1.10,2.95,3.54,4.20,2.32,1.93,1.82,1.30,,4,-0.70,5.80,4.90,5.20,,,,,,,4.40,6.40,,3.20,,3.60,3.58,,,,,,,,2.90,2.40,3,2.20,1.90,,,,,2.50,,2.30,1.90,0.70,2,2.20,,,1.60,,,1.60,,,3.90,2.80,2.90,3.90,2.70,2,
2008-12-18 08:50,6.10,5.94,5.25,6.06,4,2.66,5.24,6.10,3.27,5.23,4.51,3.99,2.90,4.34,4.75,4.20,3.45,1.14,3.90,3.43,2.40,2.72,4.31,,2.69,3.53,3.84,3.15,4.49,4.30,5.39,6.20,1.96,4.72,5.18,5.15,5.86,5.54,3.22,4.10,1.60,0.97,1.50,5.25,3.60,4.95,5.20,5.48,6.05,5.16,4.56,3.22,2.63,4.76,3.39,5.20,4.83,5.30,5.35,5.35,4.92,4.40,6.28,3.60,4.60,5.25,0.88,0.26,0.30,-1.05,0.14,1.26,2.96,2.59,3.07,3.84,3.60,3.04,3.60,5.05,5.82,5.56,3.08,3.75,3.71,2.27,2.25,2.80,3.62,2.89,2.19,3.56,3.94,4,4.06,3.53,1.78,3.79,2.63,2.36,1.96,2.94,2.41,3.26,3.52,4.02,4.93,2.50,2.93,2.49,2.62,0.89,0.97,1.92,2.99,1.84,2,1.58,1.36,1.90,1.80,1.55,0.86,1.19,2.95,3.62,4.30,2.32,2.09,1.80,1.40,,4.10,-0.70,5.80,5.10,5.20,,,,,,,4.40,6.40,,3.20,3.60,3.70,3.52,,,,,,,,2.90,2.40,3,2.10,1.80,,,,,2.50,,2.30,1.90,0.80,2.10,,,,1.70,,,1.60,,,4.10,2.80,2.90,3.90,2.70,2,
2008-12-18 09:00,6.10,5.90,5.34,5.99,4,2.66,5.19,6.10,3.51,5.23,4.54,4.01,2.93,4.46,4.78,4.34,3.43,1.24,4.10,3.40,2.37,2.63,4.31,,2.80,3.63,3.90,3.02,4.45,4.30,5.29,6.23,2.04,4.75,5.18,5.16,5.97,5.54,3.26,4.17,1.70,0.74,1.53,5.20,3.60,4.91,5.20,5.55,6,5.29,4.58,3.27,2.70,4.83,3.47,5.26,4.93,5.50,5.29,5.32,4.97,4.60,6.38,3.51,4.81,5.26,1.08,0.30,0.40,-0.95,0.39,1.28,2.92,2.48,3.12,3.84,3.50,3.02,3.60,,5.84,5.48,2.99,3.88,3.70,2.30,2.21,2.80,3.66,2.86,1.78,3.53,3.88,4.10,3.99,3.52,1.84,3.76,2.63,2.39,1.94,3.03,2.22,3.29,3.60,4.12,4.96,2.50,2.97,2.44,2.61,0.88,1.03,1.98,2.87,1.83,2.10,1.56,1.35,2.03,1.80,1.60,0.86,1.19,3.06,3.63,4.30,2.30,2.27,1.90,1.40,5.70,4.10,-0.60,5.90,5.20,5.20,3,1.10,-4,3.60,4.10,4.50,4.40,6.40,3.50,3.20,3.50,3.70,3.70,2.20,3.10,2.60,4.10,3.20,4.40,4.50,2.90,2.50,3.10,2.10,1.80,2.90,2.60,4,3.50,2.60,3,2.30,1.90,0.90,2.40,2.40,3.10,3.80,1.60,1.90,2.50,1.50,3.80,3.90,4.30,2.90,2.90,4.10,2.80,2.10,0.90
2008-12-18 09:10,6,5.89,5.33,6.01,4.26,2.64,5.14,6.10,3.73,5.26,4.67,4.05,2.90,4.49,4.83,4.24,3.27,1.35,4.10,3.48,2.42,2.46,4.35,,2.80,3.65,3.79,2.97,4.48,4.30,5.14,6.32,1.99,4.70,5.23,5.12,5.94,5.63,3.28,4.35,1.60,0.51,1.49,5.50,3.80,4.98,5.20,5.58,6.08,5.42,4.57,3.44,2.68,4.68,3.57,5.31,5.02,5.40,5.37,5.36,5.18,4.80,6.28,3.57,5.14,5.13,0.90,0.28,0.40,-0.87,0.27,1.37,2.88,2.60,3.05,3.88,3.50,3.01,3.62,4.86,5.93,5.46,2.98,3.96,3.77,2.30,2.26,2.80,3.70,2.87,1.61,3.57,3.65,4.10,3.91,3.49,1.82,3.76,2.59,2.36,1.94,3.10,2.54,3.20,3.56,4.09,4.84,2.50,3.04,2.52,2.60,0.86,1.11,1.97,2.95,1.79,2.10,1.67,1.34,2.07,1.90,1.61,0.97,1.21,3.21,3.59,4.30,2.28,2.10,1.95,1.40,,4.20,-0.60,5.80,5.20,5.30,,,,,,,4.50,6.40,,3.20,3.50,3.70,3.76,,,,,,,,3,2.50,3.10,2.10,1.90,,,,,2.60,,2.40,1.90,0.90,2.40,2.40,,,1.60,,,1.30,,,4.40,3.20,3,4.10,2.70,2.10,
2008-12-18 09:20,6,5.89,5.47,5.97,3.93,2.77,5.20,6,3.80,5.34,4.61,3.95,2.80,4.50,4.79,4.17,3.19,1.39,4.10,3.37,2.47,2.80,4.36,,2.84,3.62,3.71,2.52,4.38,4.30,5.17,6.31,2.05,4.67,5.16,5.11,5.89,5.69,3.35,4.53,1.40,0.67,1.53,5.38,3.90,5.06,5.30,5.54,5.95,5.53,4.60,3.43,2.65,4.74,3.56,5.33,5.09,5.40,5.48,5.45,5.31,4.90,6.49,3.43,5.43,5.09,0.82,0.17,0.40,-0.90,0.46,1.49,2.76,2.74,2.99,3.86,3.50,3.07,3.40,4.81,6,5.55,3.11,3.56,3.63,2.20,2.29,2.80,3.72,2.97,1.68,3.54,4.06,4.10,4.08,3.62,1.90,3.67,2.57,2.42,1.99,3.11,2.52,3.14,3.54,4.06,4.78,2.60,2.99,2.56,2.62,0.87,1.26,1.97,2.98,1.82,2,1.64,1.34,1.97,1.80,1.64,0.98,1.05,3.30,3.82,4.40,2.29,2.17,1.88,1.40,,4.20,-0.60,5.90,5.30,5.20,,,,,,,4.50,6.40,,3.20,3.60,3.80,3.82,,,,,,,,3,2.60,3.10,2,1.80,,,,,2.60,,2.40,1.90,0.90,2.50,2.70,,,1.60,,,1.20,,,4.30,3.20,3.20,4.10,2.70,2.10,
2008-12-18 09:30,5.90,5.90,5.45,5.87,3.90,2.79,5.26,6.10,3.71,5.33,4.55,3.86,2.64,4.54,4.66,4.28,3.26,1.40,4.10,3.35,2.39,2.72,4.40,,2.72,3.68,3.74,2.61,4.38,4.30,5.17,6.29,2.11,4.75,5.17,5.17,5.92,5.66,3.30,4.62,1.40,0.67,1.61,5.61,3.90,5.10,5.30,5.53,6.11,5.55,4.90,3.59,2.71,4.74,3.55,5.31,5.18,5.40,5.78,5.66,5.32,5.10,6.69,3.45,5.60,5.05,0.83,0.26,0.40,-0.99,0.50,1.54,2.72,2.45,2.97,3.78,3.50,3.04,3.40,4.98,6.03,5.51,3,3.33,3.71,2.46,2.29,2.90,3.78,3.07,1.65,3.47,4.10,4.20,4.21,3.69,1.88,3.58,2.60,2.44,1.96,3.12,2.40,3.19,3.61,4.14,4.81,2.60,2.99,2.61,2.68,0.95,1.32,2.01,2.85,1.84,2,1.72,1.37,1.93,1.80,1.67,0.90,1.05,3.38,3.89,4.40,2.30,2.36,1.92,1.40,,4.40,-0.50,5.90,5.20,5.30,,,,,,,4.60,6.40,,3.30,3.70,3.80,3.83,,,,,,,,3.10,2.60,3.10,2.10,1.80,,,,,2.60,,2.40,1.90,0.90,2.50,2.80,,,1.60,,,1.20,,,4,3.30,3.20,4.10,2.70,2.10,
2008-12-18 09:40,5.90,6,5.55,5.82,3.90,2.82,5.26,6.10,3.75,5.32,4.64,3.75,2.35,4.62,4.76,4.42,3.32,1.41,4.10,3.46,2.56,2.93,4.40,,2.82,3.68,3.72,2.84,4.36,4.20,5.14,6.30,2.11,4.89,5.16,5.22,5.98,5.61,3.29,4.58,1.50,0.73,1.41,5.74,4.50,5.09,5.40,5.60,6,5.64,4.79,3.58,2.82,4.74,3.64,5.44,5.30,5.50,5.85,5.69,5.53,5.20,6.70,3.48,5.72,5.16,0.91,0.25,0.40,-1,0.41,1.49,2.74,2.30,2.90,3.61,3.50,2.98,3.40,4.81,5.98,5.48,3.02,3.51,3.76,2.37,2.27,2.90,3.79,3.08,1.63,3.47,3.34,4.30,4.09,3.75,1.81,3.66,2.53,2.22,1.88,3.15,2.35,3.26,3.59,4.09,4.88,2.60,3.08,2.59,2.72,1.01,1.43,2.24,2.90,1.85,2.10,1.83,1.42,2.02,1.80,1.63,0.92,1.06,3.21,3.94,4.50,2.32,2.34,2.04,1.50,,4.40,-0.50,5.90,5,5.40,,,,,,,4.60,6.40,,3.20,3.70,3.80,3.82,,,,,,,,3.10,2.70,3.20,2,1.80,,,,,2.60,,2.40,1.90,0.90,2.60,3.20,,,1.60,,,1.30,,,3.80,3.60,3.30,4.20,2.70,2.10,
2008-12-18 09:50,5.80,5.97,5.50,5.86,3.90,2.77,5.23,6.20,3.70,5.35,4.73,3.73,2.23,4.69,4.80,4.37,3.25,1.54,4,3.49,2.51,2.59,4.37,,2.78,3.69,3.70,3.02,4.36,4,5.17,6.31,2.25,5.02,5.20,5.07,6.02,5.56,3.33,4.86,1.60,0.68,1.48,5.69,4.80,5.10,5.50,5.72,6.11,5.72,5.06,3.79,2.91,4.78,3.67,5.40,5.43,5.50,6.03,5.69,5.67,5.30,6.73,3.50,5.80,5.39,0.81,0.19,0.50,-1.10,0.45,1.47,2.81,2.29,2.79,3.55,3.50,2.83,3.50,4.80,6,5.46,3.16,3.29,3.85,2.32,2.42,3,3.92,3.06,1.58,3.54,3.26,4.30,4.32,3.73,1.81,3.64,2.57,2.05,1.98,3.20,2.50,3.26,3.57,3.94,4.93,2.70,3,2.60,2.60,1,1.56,2.33,2.94,1.86,2.10,1.80,1.42,2.11,1.80,1.66,0.95,1.06,3.55,3.98,4.50,2.33,2.31,2.03,1.40,,4.50,-0.50,5.90,5,5.60,,,,,,,4.60,6.40,,3.30,3.70,3.80,3.85,,,,,,,,3.20,2.70,3.20,1.90,1.90,,,,,2.60,,2.40,1.80,1,2.70,3.30,,,1.70,,,1.30,,,3.90,3.20,3.40,4.20,2.80,2.10,
2008-12-18 10:00,5.80,5.98,5.51,5.83,3.90,2.91,5.34,6.20,3.59,5.28,4.74,3.72,2.15,4.62,4.88,4.35,3.29,1.64,4.10,3.44,2.58,2.88,4.33,,2.83,3.81,3.79,2.94,4.33,3.90,5.25,6.31,2.21,5,5.20,5.03,6.05,5.62,3.47,4.85,1.60,0.43,1.54,5.75,6,5.27,5.50,5.71,6.29,5.71,5.23,3.80,3.05,4.76,3.75,5.54,5.51,5.60,6.08,5.99,5.76,5.50,6.71,3.59,5.84,5.46,0.68,0.22,0.50,-1.09,0.61,1.45,2.83,2.11,2.81,3.56,3.40,2.79,3.50,4.83,5.97,5.40,3.20,3.19,3.83,2.42,2.49,3,3.98,3.11,1.56,3.57,3.95,4.30,4.31,3.79,1.88,3.58,2.60,2.07,1.94,3.32,2.55,3.31,3.60,4.11,4.97,2.70,3.09,2.69,2.70,0.96,1.71,2.27,2.79,1.95,2.10,1.86,1.48,2.17,1.80,1.64,0.85,1.25,3.51,4.13,4.50,2.40,2.44,1.97,1.40,5.40,4.50,-0.60,5.90,5.10,5.70,,1.30,-3.70,3.60,4.10,4.20,4.60,6.40,3.60,3.40,3.70,3.80,3.90,2.20,3.10,3,4,3.30,4.40,4.40,3.20,2.70,3.30,1.80,1.60,3,2.60,4.30,3.60,2.70,3.20,2.40,1.80,1,2.80,3.90,3.20,4,1.80,1.90,2.60,1.40,3.80,3.70,3.90,3.20,3.50,4.20,2.70,2.30,0.90
2008-12-18 10:10,5.70,5.98,5.40,5.80,4.07,2.98,5.32,6.20,3.32,5.31,4.71,3.73,2.10,4.65,4.89,4.19,3.27,1.76,4.10,3.49,2.66,2.75,4.33,,2.84,3.80,3.72,2.96,4.28,3.80,5.31,6.41,2.20,5.11,5.20,5.06,6.01,5.65,3.43,5.11,1.80,0.48,1.67,5.88,5.90,5.32,5.50,5.59,6.23,5.67,5.45,3.74,3.03,4.80,3.74,5.65,5.55,5.60,6.10,6.12,5.88,5.60,6.68,3.57,5.87,5.36,0.55,0.28,0.50,-1.11,0.62,1.49,2.85,1.96,2.67,3.48,3.40,2.80,3.60,4.87,5.97,5.40,3.37,3.09,3.91,2.47,2.41,3,4.05,3.10,1.64,3.58,4.15,4.30,4.38,3.82,1.88,3.55,2.47,2.11,2.01,3.31,2.50,3.30,3.63,4.06,5.03,2.80,2.96,2.76,2.71,0.89,1.90,2.36,2.83,2.03,2.10,1.96,1.51,2.18,1.90,1.79,0.90,1.30,3.60,4.23,4.50,2.48,2.38,2.01,1.50,,4.60,-0.70,6,5.10,5.70,,,,,,,4.60,6.40,,3.40,3.70,3.80,3.95,,,,,,,,3.20,2.70,3.30,1.70,1.60,,,,,2.70,,2.50,1.70,1.10,2.80,3.90,,,1.80,,,1.40,,,4.30,3.50,3.60,4.20,2.70,2.30,
2008-12-18 10:20,5.60,5.95,5.32,5.69,3.67,3.02,5.25,6.20,3.05,5.35,4.70,3.64,2.15,4.71,4.88,4.39,3.29,1.71,4.10,3.33,2.69,2.74,4.33,,2.85,3.74,3.70,2.83,4.32,3.80,5.19,6.43,2.24,4.99,5.25,5.14,5.96,5.56,3.48,5.31,1.80,0.59,1.62,5.82,5.10,5.33,5.50,5.57,6.11,5.64,5.53,3.86,3.13,4.74,3.79,5.71,5.67,5.70,6.11,6.24,6.17,5.60,6.67,3.48,5.98,5.25,0.41,0.31,0.50,-1.13,0.68,1.27,2.74,1.94,2.71,3.47,3.50,2.63,3.50,4.86,5.94,5.10,3.55,2.87,3.97,2.47,2.43,3.10,4.20,3.15,1.75,3.62,4.57,4.40,4.17,3.79,1.91,3.55,2.59,2.07,2,3.41,2.43,3.23,3.55,4.07,5.04,2.70,3.04,2.78,2.77,0.84,1.95,2.41,2.82,1.95,2.10,2.04,1.51,2.12,1.90,1.73,0.93,1.38,3.56,4.31,4.50,2.50,2.19,2.11,1.40,,4.70,-0.60,5.80,5.20,5.70,,,,,,,4.40,6.40,,3.50,3.80,3.70,3.82,,,,,,,,3.20,2.80,3.30,1.70,1.50,,,,,2.70,,2.50,1.70,1.10,2.90,3.80,,,1.90,,,1.30,,,4.50,3.60,3.70,4.30,2.70,2.30,
2008-12-18 10:30,5.50,5.97,5.29,5.65,3.70,3.03,5.26,6.20,3.15,5.39,4.70,3.67,2.13,4.69,4.85,4.41,3.29,1.59,4.10,3.43,2.78,2.83,4.38,,2.85,3.75,3.67,2.76,4.25,3.70,5.26,6.43,2.20,5.09,5.29,5.03,5.95,5.65,3.48,5.41,1.80,0.65,1.79,5.90,4.50,5.48,5.50,5.60,6.25,5.70,5.82,3.87,2.94,4.82,3.86,5.81,5.77,5.80,6.22,6.27,6.40,5.70,6.68,3.44,6.15,5.18,0.43,0.37,0.50,-1.24,0.67,1.25,2.79,1.99,2.61,3.65,3.40,2.70,3.50,5.01,5.92,5.10,3.60,2.65,3.97,2.49,2.56,3.20,4.24,3.10,1.69,3.65,4.01,4.30,4.33,3.82,1.75,3.49,2.66,2.02,2.06,3.51,2.44,3.34,3.47,4.01,4.95,2.80,3.15,2.77,2.81,0.78,2.07,2.40,3.03,2.10,2.20,2.03,1.46,2.10,1.90,1.59,0.93,1.31,3.58,4.35,4.60,2.54,2.67,2.14,1.50,,4.60,-0.60,5.70,5.10,5.80,,,,,,,4.40,6.40,,3.60,3.80,3.70,3.82,,,,,,,,3.20,2.80,3.30,1.70,1.40,,,,,2.70,,2.50,1.70,1.20,2.90,3.60,,,2,,,1.40,,,4.50,3.90,3.70,4.30,2.70,2.40,
2008-12-18 10:40,5.50,6,5.20,5.59,3.70,3.07,5.27,6.20,3.32,5.43,4.69,3.70,2.16,4.67,4.86,4.41,3.35,1.51,4.20,3.50,2.76,2.73,4.41,,2.93,3.73,3.55,2.60,4.14,3.70,5.31,6.52,2.04,5.11,5.34,5.19,5.97,5.66,3.50,5.73,1.70,0.71,1.84,5.94,4.40,5.47,5.50,5.32,6.35,5.74,6.10,3.88,3.10,4.79,4.05,5.95,5.82,5.90,6.34,6.29,6.64,5.80,6.78,3.50,6.25,5.35,0.43,0.27,0.60,-1.19,0.70,1.37,2.85,1.97,2.68,3.66,3.40,2.50,3.50,4.87,5.86,5,3.68,2.71,4.08,2.57,2.64,3.30,4.28,3.18,1.55,3.66,3.93,4.30,4.34,3.83,1.75,3.50,2.61,1.94,2.06,3.54,2.38,3.23,3.51,3.98,4.95,2.80,3.18,2.85,2.74,0.88,2.21,2.41,2.94,2.15,2.20,1.92,1.51,2.13,1.90,1.61,0.82,1.10,3.62,4.47,4.70,2.54,2.36,1.98,1.40,,4.70,-0.60,5.50,5.20,5.80,,,,,,,4.60,6.40,,3.60,3.80,3.70,3.77,,,,,,,,3.20,2.70,3.30,1.70,1.30,,,,,2.80,,2.60,1.60,1.40,2.90,,,,2.10,,,1.30,,,4.70,4.10,3.80,4.30,2.70,2.30,
2008-12-18 10:50,5.30,5.96,5.27,5.48,3.70,3.15,5.25,6.20,3.28,5.34,4.66,3.55,2.25,4.70,4.86,4.40,3.41,1.50,4.20,3.51,2.69,2.62,4.31,,2.98,3.77,3.49,2.57,4.12,3.70,5.29,6.50,1.89,5.11,5.32,5.17,5.91,5.67,3.47,5.77,1.70,0.68,1.82,6.08,4.30,5.48,5.30,5.26,6.51,5.83,6.25,3.99,3.13,4.80,4.10,5.89,5.98,6,6.41,6.29,6.71,5.80,6.80,3.61,6.49,5.46,0.42,0.35,0.50,-1.11,0.86,1.36,2.80,1.98,2.59,3.65,3.40,2.38,3.60,5.04,5.82,5,3.64,2.65,4.21,2.65,2.64,3.30,4.33,3.26,1.63,3.67,4.23,4.40,4.19,3.87,1.63,3.47,2.60,1.91,2.06,3.61,2.37,3.21,3.46,4.04,5.02,2.90,3.15,2.91,2.78,0.79,2.17,2.43,2.91,2.20,2.20,2.15,1.57,2.34,1.90,1.60,0.73,1.25,3.68,4.63,4.90,2.62,2.27,2.11,1.40,,4.50,-0.80,5.40,5.30,5.90,,,,,,,4.60,6.40,,3.60,3.80,3.70,3.77,,,,,,,,3.20,2.80,3.30,1.60,1.30,,,,,2.80,,2.60,1.40,1.50,2.90,3.80,,,2.20,,,1.30,,,4.70,4.20,3.80,4.40,2.70,2.30,
2008-12-18 11:00,5.20,5.93,5.19,5.55,3.60,3.18,5.20,6.10,3.08,5.33,4.49,3.45,2.28,4.81,4.90,4.46,3.43,1.44,4.20,3.58,2.83,2.59,4.33,,3.11,3.87,3.48,2.38,4.04,3.70,5.14,6.43,1.64,5.22,5.37,5.25,6.05,5.70,3.26,5.76,1.70,0.66,1.72,6.33,4.10,5.46,5.10,5.15,6.58,5.87,6.26,3.95,3.17,4.84,4.28,5.91,6.09,6.10,6.42,6.34,6.78,5.90,6.79,3.57,6.67,5.25,0.27,0.37,0.50,-1,0.78,1.40,2.80,1.95,2.60,3.73,3.40,2.42,3.60,4.86,5.82,4.90,3.64,2.57,4.16,2.56,2.62,3.30,4.34,3.25,1.68,3.63,3.72,4.40,4.24,3.92,1.48,3.47,2.64,1.95,2.12,3.61,2.45,3.19,3.40,4.12,5,3,3.14,2.93,2.79,0.66,2.24,2.51,2.99,2.21,2.10,2.18,1.55,2.34,1.90,1.62,0.79,1.12,3.83,4.69,4.90,2.63,2.34,2.10,1.30,5.30,4.50,-0.70,5.20,5.20,5.80,3.20,1.20,-3.80,3.30,3.90,4.10,4.60,6.40,3.90,3.60,3.90,3.70,3.70,,3,3.40,4.10,3.60,4.20,4.60,3.30,2.80,3.30,1.60,1.30,3.30,2.80,3.90,3.50,2.90,3.40,2.60,1.40,1.50,2.90,3.60,3.30,4.20,2.20,2.10,,1.30,3.60,4.20,4.90,4.20,3.90,4.40,2.70,2.30,1
2008-12-18 11:10,5.10,5.95,5.16,5.49,3.60,3.30,5.11,6.10,3.02,5.38,4.37,3.38,1.99,4.80,4.83,4.46,3.40,1.45,4.20,3.65,2.73,2.54,4.32,,3.08,3.90,3.46,2.29,3.85,3.60,5.20,6.18,1.77,5.28,5.33,5.40,5.87,5.69,3.26,5.83,1.80,0.80,1.69,6.17,4.10,5.50,5.10,5.12,6.30,5.85,6.30,3.96,3.37,4.85,4.12,5.66,6.14,6.20,6.42,6.37,6.74,5.90,6.80,3.63,6.88,5.26,0.49,0.36,0.60,-0.91,0.75,1.43,2.81,1.88,2.45,3.74,3.40,2.46,3.60,5.14,5.60,4.80,3.60,2.58,4.29,2.64,2.63,3.40,4.43,3.42,1.68,3.66,4.05,4.40,4.39,4.02,1.44,3.42,2.73,2,2.13,3.67,2.40,3.10,3.50,4.18,5,3,3.16,2.90,2.75,0.65,2.30,2.41,3.04,2.23,2.20,2.23,1.54,2.22,1.90,1.73,0.80,1.01,3.92,4.63,5,2.65,2.44,2.23,1.30,,4.30,-0.70,5,5.10,5.80,,,,,,,4.50,6.30,,3.60,3.80,3.70,3.68,,,,,,,,3.30,2.90,3.30,1.60,1.30,,,,,2.80,,2.60,1.40,1.50,2.90,3.60,,,2.20,,,1.20,,,5.10,4.30,4,4.40,2.70,2.30,
2008-12-18 11:20,5,5.86,5.20,5.47,3.50,3.38,4.94,6.10,2.89,5.45,4.28,3.33,1.91,4.78,4.87,4.40,3.30,1.43,4.20,3.62,2.94,2.59,4.31,,3.03,3.91,3.44,2.22,3.81,3.30,5.05,6.10,1.77,5.31,5.39,5.39,5.94,5.71,3.27,5.93,1.80,0.58,1.80,6.10,4.10,5.36,5.10,5.05,6.49,5.97,6.43,4.07,3.46,4.79,4.16,5.68,6.06,6.20,6.50,6.33,6.82,6,6.72,3.59,6.96,5.26,0.62,0.31,0.50,-0.75,0.90,1.47,2.78,1.76,2.39,3.71,3.40,2.34,3.60,4.96,5.58,4.80,3.62,2.58,4.27,2.73,2.62,3.50,4.41,3.44,1.57,3.67,4.16,4.40,4.33,4.06,1.51,3.48,2.80,1.99,2.16,3.69,2.25,3.10,3.46,4.18,5.11,3.10,3.13,3.04,2.75,0.61,2.35,2.48,3.08,2.22,2.30,2.25,1.62,2.21,1.90,1.65,0.85,1.11,3.74,4.72,5,2.72,2.52,2.31,1.30,,4.30,-0.40,4.90,5.10,5.70,,,,,,,4.50,6.30,,3.60,3.90,3.70,3.74,,,,,,,,3.30,3,3.30,1.50,1.30,,,,,2.90,,2.70,1.30,1.50,2.90,3.50,,,2.20,,,1.20,,,5.20,4.50,4.10,4.40,2.70,2.30,
2008-12-18 11:30,5,5.88,5.08,5.45,3.50,3.31,4.79,6.10,2.87,5.47,4.27,3.28,1.74,4.65,4.75,4.40,3.33,1.32,4.20,3.57,2.86,2.31,4.29,,2.92,3.75,3.45,2.18,3.87,3.20,4.99,6.12,2.01,5.32,5.44,5.18,6.09,5.64,3.20,5.67,1.80,0.57,1.91,6.07,4.10,5.10,5.10,4.95,6.58,6.13,6.29,4.02,3.54,4.82,4.14,5.47,6.08,6.30,6.40,6.38,6.81,6.10,6.69,3.57,6.90,5.29,0.56,0.35,0.50,-0.72,0.92,1.37,2.80,1.86,2.33,3.79,3.40,2.31,3.60,4.91,5.51,4.70,3.58,2.65,4.20,2.55,2.61,3.50,4.45,3.36,1.56,3.66,4.28,4.50,4.39,4.11,1.47,3.52,2.77,2.04,2.20,3.69,2.22,3.07,3.51,4.06,5.19,3.20,3.02,3.09,2.88,0.53,2.46,2.47,3.13,2.24,2.30,2.19,1.70,2.19,1.80,1.44,0.76,1.18,3.77,4.83,5,2.71,2.35,2.30,1.40,,4.20,-0.60,4.90,5.10,5.70,,,,,,,4.50,6.30,,3.60,3.90,3.60,3.81,,,,,,,,3.30,2.90,3.30,,1.30,,,,,2.90,,2.70,1.30,1.50,2.90,3.40,,,2.20,,,1.20,,,5.20,4.70,4.20,4.50,2.70,2.30,
2008-12-18 11:40,4.80,5.87,4.88,5.39,3.40,3.39,4.46,6.10,2.90,5.50,4.34,3.23,1.72,4.60,4.79,4.50,3.30,1.36,4.20,3.37,2.86,2.44,4.33,,2.94,3.80,3.42,2.20,3.82,3.10,4.97,5.97,1.93,5.35,5.33,5.10,6.25,5.58,3.20,5.85,1.80,0.60,2.20,6.12,4,5.11,5.10,4.84,6.37,6.15,6.10,3.99,3.59,4.88,3.88,5.58,6.15,6.40,6.33,6.47,6.81,6.20,6.72,3.66,6.82,5.34,0.54,0.41,0.50,-0.85,0.89,1.32,2.76,1.86,2.33,3.71,3.40,2.26,3.40,5.12,5.43,4.60,3.60,2.77,4.18,2.74,2.72,3.50,4.50,3.42,1.62,3.74,4.27,4.40,4.54,4.10,1.47,3.54,2.76,2.05,2.11,3.76,2.12,3.01,3.47,4.08,5.19,3.30,3.02,3.21,2.76,0.57,2.42,2.50,3.06,2.31,2.30,2.17,1.62,2.25,1.80,1.55,0.70,1.05,3.95,4.90,4.90,2.57,2.23,2.24,1.30,,4.20,-1,4.90,5.20,5.70,,,,,,,4.50,6.20,,3.60,3.90,3.60,3.80,,,,,,,,3.40,3,3.20,1.50,1.30,,,,,2.90,,2.60,1.30,1.40,2.90,3.40,,,2.20,,,1.20,,,5.20,4.90,4.40,4.50,2.80,2.40,
2008-12-18 11:50,4.80,5.80,4.74,5.40,3.40,3.27,4.36,6.10,2.83,5.45,4.39,3.33,1.62,4.73,4.69,4.52,3.36,1.10,4.30,3.26,2.83,2.49,4.32,,3.07,3.86,3.54,2.34,3.76,3.10,5.04,5.93,1.86,5.34,5.31,5.30,6.17,5.57,3.35,5.99,1.80,0.76,2.36,6.03,4,4.85,5.10,4.79,6.36,6.15,5.78,4.21,3.59,4.88,3.75,5.53,6.15,6.30,6.28,6.45,6.80,6.30,6.69,3.74,6.76,5.42,0.68,0.43,0.40,-0.83,0.95,1.34,2.80,1.91,2.12,3.62,3.30,2.27,3.30,5.14,5.33,4.60,3.66,2.89,4.24,2.83,2.82,3.50,4.60,3.42,1.59,3.64,4.22,4.50,4.25,4.13,1.37,3.52,2.72,2.07,2.28,3.80,1.92,2.96,3.37,3.96,5.25,3.30,3.05,3.15,2.82,0.56,2.42,2.60,2.94,2.33,2.30,2.12,1.58,2.32,1.80,1.33,0.58,0.89,3.96,4.96,4.90,2.59,2.47,2.27,1.40,,4,-1.10,4.80,5.20,5.60,,,,,,,4.50,6.10,,3.60,4,3.60,3.79,,,,,,,,3.40,3,3.20,1.50,1.20,,,,,2.90,,2.60,1.30,1.50,3,3.40,,,2.20,,,1.20,,,5.20,4.80,4.30,4.50,2.80,2.40,
2008-12-18 12:00,4.80,5.84,4.72,5.36,3.40,3.26,4.18,6,2.71,5.49,4.39,3.41,1.65,4.65,4.65,4.53,3.41,0.97,4.40,3.19,2.98,2.53,4.26,,3.14,3.87,3.43,2.40,3.74,3.10,4.95,5.92,1.85,5.34,5.24,5.11,6.15,5.53,3.29,5.73,1.90,0.67,2.30,5.92,4,4.64,5,4.79,6.45,6,5.78,4.19,3.51,4.85,3.61,5.40,6.14,6.40,6.30,6.35,6.94,6.30,6.75,3.73,6.75,5.45,0.74,0.44,0.40,-0.75,0.91,1.38,2.84,1.91,2.17,3.60,3.30,2.32,3.30,5.02,5.30,4.50,3.64,3.02,4.28,2.83,2.76,3.50,4.57,3.46,1.64,3.76,3.85,4.50,4.13,4.19,1.34,3.48,2.73,2.10,2.27,3.87,1.92,2.96,3.45,3.89,5.24,3.30,3.12,3.15,2.82,0.52,2.59,2.65,2.93,2.29,2.20,2.09,1.64,2.29,1.80,1.51,0.65,0.97,4.01,5,4.80,2.64,2.60,2.34,1.40,5.30,4,-0.90,4.70,5.20,5.60,,1.30,-4.20,2.70,3.60,3.90,4.50,6,4.40,3.70,4,3.70,3.70,1.80,3.10,3.30,4,4,4.20,4.60,3.50,3.10,3.10,1.50,1.20,3.80,3,3.50,3.40,3,3.60,2.50,1.30,1.60,3,3.20,,4.30,2.20,2.20,,1.20,3.80,4.20,5.20,5,4.50,4.60,2.80,2.30,1.10
2008-12-18 12:10,4.80,5.72,4.85,5.24,3.43,3.37,4.09,5.90,2.63,5.44,4.30,3.50,1.69,4.58,4.65,4.37,3.50,1.03,4.40,3.33,2.93,2.32,4.20,,3.13,3.88,3.35,2.30,3.77,3.10,5.03,5.86,1.76,5.27,5.19,5.09,6.22,5.45,3.22,5.94,1.90,0.60,2.31,5.99,4,4.55,5,4.84,6.38,6.14,5.80,4.19,3.35,4.84,3.44,5.39,6.18,6.30,6.44,6.38,6.85,6.40,6.75,3.70,6.75,5.55,0.82,0.43,0.50,-0.71,0.80,1.39,2.79,1.89,2.35,3.72,3.30,2.30,3.30,4.99,5.28,4.40,3.58,2.86,4.29,2.77,2.86,3.60,4.64,3.57,1.69,3.73,4.19,4.50,4.35,4.25,1.45,3.53,2.76,2.07,2.29,3.91,1.80,3.07,3.51,3.95,5.26,3.40,3.15,3.15,2.94,0.44,2.63,2.67,2.94,2.33,2.20,2.11,1.67,2.41,1.70,1.49,0.70,1.12,3.98,4.88,4.90,2.64,2.14,2.46,1.40,,3.80,-1,4.60,5,5.40,,,,,,,4.40,6,,3.70,4,3.60,3.91,,,,,,,,3.50,3.10,3,1.50,1.20,,,,,3,,2.60,1.20,1.60,3,3.20,,,2.20,,,1.20,,,5.30,5.10,4.40,4.60,2.90,2.30,
2008-12-18 12:20,4.80,5.68,4.78,5.27,3.44,3.36,4.14,5.80,2.54,5.47,4.17,3.38,1.51,4.57,4.61,4.37,3.43,0.95,4.40,3.28,2.85,2.11,4.24,,3.24,3.83,3.19,2.19,3.79,3,4.94,5.76,1.52,5.31,5.08,5.07,6.13,5.41,3.19,6.01,1.90,0.62,2.29,6.03,3.90,4.55,5,4.58,6.47,6.15,5.74,4.16,3.31,4.88,3.26,5.30,6.18,6.30,6.47,6.39,6.75,6.40,6.70,3.80,6.74,5.60,1.03,0.41,0.40,-0.61,0.80,1.47,2.86,1.87,2.32,3.80,3.30,2.21,3.20,5.08,5.22,4.40,3.57,2.87,4.33,2.91,2.87,3.60,4.62,3.59,1.82,3.67,4.27,4.60,4.22,4.31,1.34,3.61,2.80,2.09,2.33,4.02,1.88,3.03,3.49,3.89,5.26,3.40,3.17,3.15,3.04,0.36,2.68,2.69,2.98,2.37,2.20,2.15,1.72,2.35,1.70,1.42,0.59,0.77,4.01,4.91,4.90,2.58,2.23,2.26,1.50,,3.70,-0.90,4.50,5.10,5.30,,,,,,,4.30,6,,3.70,4.10,3.60,3.97,,,,,,,,3.50,3.20,2.90,1.50,1.20,,,,,2.90,,2.60,1.20,1.70,3,3.20,,,2.20,,,1.20,,,5.30,5,4.60,4.60,2.90,2.30,
2008-12-18 12:30,4.70,5.54,4.68,5.12,3.31,3.21,4.12,5.60,2.49,5.42,4.20,3.46,1.41,4.50,4.58,4.38,3.56,0.85,4.40,3.11,2.77,2.07,4.19,,3.25,3.77,3.12,2.19,3.71,3,4.56,5.63,1.48,5.38,5.07,5.15,6.10,5.42,3.05,5.92,1.60,0.61,2.23,5.89,3.90,4.49,5,4.84,6.39,6.20,5.76,4.05,3.13,4.94,3.12,5.33,6.12,6.30,6.43,6.36,6.72,6.40,6.72,3.86,6.73,5.78,1,0.51,0.40,-0.52,0.83,1.59,2.87,1.84,2.17,3.82,3.30,2.13,3.20,5,5.28,4.50,3.60,3.03,4.36,2.83,2.93,3.50,4.58,3.55,1.80,3.76,4.39,4.60,4.26,4.38,1.26,3.60,2.79,2.12,2.19,3.97,1.97,2.94,3.42,3.97,5.21,3.50,3.07,3.18,3.09,0.44,2.79,2.74,2.93,2.43,2.30,2.14,1.75,2.19,1.70,1.39,0.62,0.67,4.08,4.89,4.90,2.58,2.29,2.24,1.50,,3.70,-0.90,4.40,4.90,5.20,,,,,,,4.30,5.90,,3.70,4.10,3.50,3.95,,,,,,,,3.50,3.20,2.90,1.50,1.20,,,,,3,,2.60,1.20,1.70,2.90,3.20,,,2.20,,,1.20,,,5.30,4.80,4.60,4.70,2.90,2.40,
2008-12-18 12:40,4.60,5.42,4.62,5.04,3.29,3.11,4.12,5.60,2.31,5.36,4.11,3.45,1.49,4.44,4.55,4.21,3.53,0.86,4.20,3.16,2.77,2,4.23,,3.24,3.71,3.08,2.24,3.69,3,4.47,5.54,1.50,5.27,5,5.11,6.03,5.44,3.04,5.84,1.60,0.64,2.03,5.82,3.90,4.50,5,4.78,6.29,6.20,5.69,3.98,3.08,4.90,3.08,5.39,6.13,6.20,6.38,6.39,6.62,6.40,6.69,3.87,6.62,5.56,0.86,0.51,0.50,-0.59,0.81,1.65,2.73,1.80,2.14,3.81,3.30,2.13,3.20,5.18,5.32,4.40,3.61,3.07,4.23,2.89,2.88,3.60,4.63,3.56,1.70,3.80,4.10,4.60,4.22,4.27,1.30,3.60,2.77,2.08,2.13,4.06,1.88,2.92,3.47,3.97,5.17,3.50,3.18,3.11,3.11,0.49,2.79,2.65,2.94,2.36,2.30,2.12,1.82,2.17,1.70,1.41,0.58,0.61,4.12,4.87,4.90,2.72,2.53,2.19,1.40,,3.70,-0.90,4.40,4.90,5.30,,,,,,,4.20,5.80,,3.80,,3.50,3.94,,,,,,,,3.60,3.20,2.80,1.50,1.10,,,,,3,,2.60,1.20,1.80,2.90,3.20,,,2.20,,,1.20,,,5.20,4.70,4.60,4.80,2.90,2.40,
2008-12-18 12:50,4.60,5.26,4.67,4.91,3.17,3.25,4.11,5.50,2.24,5.38,4.07,3.41,1.55,4.43,4.49,4.10,3.35,0.90,4.20,3.21,2.77,2.06,4.15,,3.28,3.68,3.05,2.29,3.74,3,4.33,5.56,1.42,5.20,5.05,5.06,5.87,5.45,2.98,5.98,1.40,0.58,1.77,5.93,3.90,4.47,5,4.83,6.08,6.07,5.71,3.95,3.14,4.85,3.08,5.18,6.01,6.20,6.48,6.41,6.45,6.40,6.67,3.85,6.49,5.45,1.05,0.47,0.50,-0.55,0.80,1.68,2.80,1.79,2.11,3.86,3.40,2.11,3.20,4.92,5.25,4.30,3.58,2.95,4.11,2.71,2.85,3.60,4.60,3.55,1.85,3.84,3.58,4.60,4.26,4.30,1.28,3.65,2.81,2.05,2.09,4.10,2,3.02,3.52,3.90,5.02,3.50,3.09,3.08,3.04,0.50,2.83,2.75,2.97,2.37,2.30,2.14,1.74,2.27,1.70,1.41,0.57,0.55,4.12,4.91,4.90,2.72,2.40,2.26,1.40,,3.60,-1.10,4.40,4.80,5.20,,,,,,,4.20,5.70,,3.80,4.10,3.50,4,,,,,,,,3.60,3.30,2.80,1.50,1.10,,,,,2.90,,2.10,1.20,1.90,3,3.20,,,2.30,,,1.20,,,5.20,4.60,4.60,4.80,2.80,2.40,
2008-12-18 13:00,4.60,5.23,4.61,4.89,2.97,3.15,4.09,5.40,2.12,5.23,4.07,3.31,1.46,4.40,4.45,3.97,3.40,0.86,4.20,3.14,2.66,2.33,4.19,,3.24,3.63,3.05,2.23,3.76,2.90,4.27,5.49,1.34,5.06,5.16,4.97,5.94,5.42,2.97,6.07,1.10,0.54,1.58,5.85,3.90,4.39,4.90,4.78,5.89,5.94,5.62,3.74,3.03,4.90,3.10,5.26,5.92,6.20,6.32,6.18,6.36,6.50,6.72,3.69,6.42,5.52,0.95,0.51,0.40,-0.58,0.77,1.60,2.75,1.69,2.17,3.80,3.30,1.98,3.20,5.01,5.16,4.40,3.60,3,4.07,2.79,2.88,3.60,4.56,3.53,1.91,3.79,4.40,4.60,4.23,4.43,1.25,3.61,2.88,2,1.98,4.09,1.93,3.12,3.54,3.84,4.88,3.60,3.06,3.04,3.09,0.36,2.90,2.80,2.88,2.35,2.30,2.14,1.75,2.27,1.70,1.32,0.55,0.49,4.17,4.89,4.90,2.67,2.46,2.19,1.40,5,4.50,-1,4.40,4.80,5.20,3.30,1.20,-3.20,2.70,3.50,4,4.20,5.60,4.30,3.80,4.10,3.40,3.90,,2.90,3.10,3.60,3.90,3.80,4.30,3.70,3.30,2.80,1.50,1.10,3.70,3.30,3.60,3.10,3,3.40,2,1.20,2.10,3,3.50,3.50,4.20,2.30,2,2.50,1.20,3.60,4,5.20,4.60,4.50,4.80,2.80,2.30,1
2008-12-18 13:10,4.50,5.15,4.52,4.84,2.89,3.12,4.10,5.40,2.18,5.12,4.08,3.32,1.50,4.34,4.38,3.88,3.19,0.76,4.20,3.11,2.61,2.31,4.12,,3.28,3.59,3.07,2.19,3.77,2.90,4.26,5.43,1.37,4.91,5.12,4.89,5.87,5.35,3.03,5.97,1.20,0.61,1.46,5.78,3.90,4.39,4.80,4.80,5.82,5.88,5.67,3.74,2.88,4.91,3.04,4.94,5.87,6.10,6.29,6.17,6.24,6.40,6.70,3.69,6.15,5.49,1.10,0.48,0.40,-0.61,0.90,1.56,2.73,1.67,2.23,3.68,3.30,1.99,3.10,5,5.15,4.30,3.63,2.96,3.98,2.64,2.86,3.70,4.61,3.54,1.89,3.77,4.43,4.60,4.11,4.50,1.21,3.69,2.87,2.06,2.08,4.10,1.96,3.15,3.58,3.78,4.74,3.60,3.16,3.07,3.22,0.37,2.92,2.76,2.91,2.37,2.30,2.12,1.77,2.21,1.70,1.32,0.53,0.53,4.27,4.90,4.90,2.70,2.38,2.11,1.40,,3.60,-1,4.40,4.70,4.90,,,,,,,4.20,5.50,,3.80,4,3.30,3.87,,,,,,,,3.60,3.30,2.80,1.50,1.10,,,,,2.90,,1.90,1.10,2.10,3,3.50,,,2.30,,,1.20,,,5.20,4.50,4.50,4.80,2.80,2.30,
2008-12-18 13:20,4.40,4.98,4.23,4.70,2.83,2.97,4.01,5.30,2.13,5.05,3.95,3.25,1.53,4.28,4.25,3.84,3.04,0.61,4.20,3.18,2.44,2.08,4.08,,3.17,3.56,2.90,2.13,3.78,2.80,4.31,5.43,1.24,4.93,5.08,4.83,5.78,5.36,3.07,6.07,1.10,0.37,1.44,5.70,3.90,4.44,4.80,4.75,5.79,5.73,5.54,3.83,2.82,4.95,2.95,4.93,5.87,6.10,6.29,6.18,6.21,6.30,6.67,3.78,6.06,5.51,1.16,0.50,0.40,-0.65,0.83,1.52,2.81,1.48,2.26,3.74,3.30,2.04,3.20,4.89,5.16,4.30,3.68,2.82,3.93,2.77,2.83,3.70,4.74,3.63,1.86,3.73,3.93,4.50,4.13,4.28,1.25,3.72,2.84,2.08,2.12,4.12,2.02,3.07,3.48,3.87,4.66,3.70,3.21,3.09,3.13,0.39,3.04,2.61,3.05,2.39,2.30,2.16,1.70,2.21,1.70,1.24,0.52,0.59,4.19,4.92,5,2.65,2.28,2.16,1.20,,3.60,-1,4.40,4.70,4.80,,,,,,,4.20,5.40,,3.80,4,3.30,3.82,,,,,,,,3.60,3.30,2.80,1.40,1.10,,,,,3,,1.90,1.10,2.10,3,3.50,,,2.30,,,1.20,,,5.10,4.30,4.50,4.70,2.70,2.30,
2008-12-18 13:30,4.40,4.95,4.15,4.64,2.73,3.01,4.10,5.30,2.14,4.98,3.90,3.14,1.45,4.30,4.11,3.81,2.92,0.51,4.10,3.23,2.44,2.28,4.06,,3.30,3.46,2.92,2.13,3.66,2.80,4.33,5.54,1.21,4.96,4.98,4.88,5.73,5.18,3.09,6.14,1.10,0.38,1.46,5.58,3.80,4.46,4.70,4.67,5.72,5.58,5.47,3.72,2.89,4.94,2.89,4.75,5.88,6,6.34,6.12,6.20,6.20,6.51,3.88,5.95,5.51,1.21,0.45,0.40,-0.75,0.75,1.63,2.85,1.47,2.22,3.79,3.20,1.91,3.20,4.95,5.10,4.20,3.70,2.67,3.79,2.72,3,3.70,4.77,3.48,1.87,3.73,3.96,4.60,4.40,4.26,1.21,3.66,2.92,2,1.94,4.11,1.97,2.93,3.45,3.85,4.62,3.70,3.25,3.04,3.02,0.31,2.93,2.63,2.92,2.37,2.30,2.27,1.71,2.16,1.60,1.15,0.44,0.57,,4.91,5,2.62,2.42,2.02,1.20,,3.60,-1,4.30,4.80,4.70,,,,,,,4.30,5.40,,3.60,4,3.20,3.80,,,,,,,,3.60,3.30,2.80,1.40,1.10,,,,,3,,1.80,1.10,2.20,3,3.20,,,2.20,,,0.90,,,5.10,4.70,4.50,4.70,2.70,2.30,
2008-12-18 13:40,4.30,4.93,3.87,4.64,2.70,3.04,4.11,5.30,2.23,4.94,3.96,3.21,1.41,4.23,4.11,3.70,2.93,0.41,4,3.28,2.39,2.32,3.99,,3.20,3.41,2.90,2.14,3.59,2.80,4.22,5.54,1.18,4.85,4.91,4.93,5.73,5.21,3.04,6.07,1.30,0.41,1.48,5.51,3.80,4.33,4.70,4.69,5.55,5.49,5.32,3.69,2.92,4.96,2.86,4.68,5.86,6,6.22,6.08,6.12,6.20,6.49,3.83,5.88,5.40,1.08,0.38,0.20,-0.75,0.76,1.53,2.84,1.40,2.14,3.91,3.20,1.91,3.10,4.76,5.06,4.30,3.67,2.64,3.73,2.71,2.88,3.60,4.83,3.43,1.72,3.72,4.02,4.50,4.31,4.20,1.20,3.62,2.93,2.01,2.07,4.10,2,2.87,3.39,3.62,4.46,3.70,3.12,3.02,2.98,0.22,2.89,2.70,2.85,2.36,2.20,2.27,1.74,2.17,1.60,1.31,0.49,0.60,4.05,4.85,4.90,2.61,2.15,1.99,1.20,,3.60,-0.90,4.30,4.70,4.70,,,,,,,4.30,5.40,,3.60,4.10,3.20,3.77,,,,,,,,3.50,3.30,2.80,1.40,1.10,,,,,3,,1.70,1.10,2.20,3,3.20,,,2.20,,,0.80,,,5.10,4.80,4.40,4.70,2.70,2.40,
2008-12-18 13:50,4.20,4.88,3.75,4.56,2.38,2.93,4.14,5.20,2.23,4.77,3.97,2.95,1.44,4.23,3.99,3.77,2.92,0.42,4,3.21,2.26,2.03,3.94,,3.19,3.44,2.85,2.09,3.60,2.70,4.19,5.46,1.07,4.88,4.93,4.79,5.65,5.20,2.99,5.92,1.30,0.42,1.16,5.49,3.80,4.37,4.60,4.60,5.56,5.51,5.27,3.70,2.78,4.99,2.85,4.66,5.76,5.90,6.20,6.16,6.08,6.10,6.50,3.65,5.82,5.41,1.03,0.37,0.20,-0.72,0.75,1.54,2.85,1.40,2.12,3.68,3.20,1.97,3.10,4.55,5,4.10,3.76,2.61,3.67,2.68,3,3.70,4.73,3.49,1.67,3.70,2.63,4.50,4.10,4.23,1.21,3.71,2.85,2.01,2.03,4,2.07,2.89,3.34,3.80,4.43,3.60,3.20,3.04,2.92,0.25,3,2.76,2.79,2.35,2.20,2.18,1.67,1.92,1.60,1.20,0.52,0.80,4.75,4.85,4.90,2.58,2.24,2.12,1.10,,3.60,-0.80,4.30,4.60,4.70,,,,,,,4.30,5.40,,3.70,4.10,3.10,3.83,,,,,,,,3.50,3.30,2.70,1.40,1.10,,,,,3,,1.70,1.10,2.20,3.10,3.10,,,2.20,,,0.80,,,5,4.60,4.40,4.70,2.70,2.20,
2008-12-18 14:00,4.10,4.82,3.61,4.40,2.37,2.83,4.19,5.20,2.17,4.63,3.95,2.74,1.31,4.10,3.97,3.56,2.85,0.27,4,3.04,2.23,2.11,3.83,,3.21,3.49,2.82,2.03,3.52,2.70,4.26,5.39,1.14,4.93,4.99,4.93,5.48,5.27,3.08,5.92,1.20,0.42,1.26,5.40,3.80,4.47,4.50,4.48,5.67,5.44,5.05,3.69,2.76,4.98,2.78,4.61,5.63,5.90,6.21,6.17,6.04,6.10,6.39,3.60,5.69,5.35,1.18,0.28,0.20,-0.68,0.80,1.27,2.80,1.42,2.02,3.80,3.20,2.06,3.10,4.60,4.96,4.30,3.70,2.63,3.65,2.66,2.90,3.70,4.78,3.40,1.79,3.67,3.32,4.40,3.96,4.14,1.20,3.69,2.76,2.01,2.04,3.87,2,2.83,3.36,3.77,4.47,3.70,3.20,3.10,3.03,0.23,2.95,2.72,2.98,2.30,2.30,2.19,1.77,1.89,1.60,1.14,0.46,0.53,4.38,4.76,4.90,2.56,2.26,1.88,1.10,4.40,3.60,-0.70,4.20,4.60,4.50,3.40,0.80,-3.60,2.80,3.50,3.80,4.30,5.40,3.80,3.60,4,3.10,3.70,1.70,2.60,2.50,3.50,3.90,3.70,4.10,3.50,3.30,2.70,1.40,1.10,3.40,3.20,3.80,2.90,3,3.20,1.60,1.10,2.30,3.10,2.90,3.30,4.10,2.10,2,2.30,0.70,3.10,3.60,4.90,4.30,4.40,4.70,2.70,2.10,0.60
2008-12-18 14:10,4,4.84,3.49,4.38,2.30,2.75,4.15,5.10,2,4.56,3.83,2.77,1.22,4.02,3.89,3.58,2.86,0.22,3.90,3.04,2.26,2.40,3.84,,3.26,3.42,2.80,2.04,3.51,2.60,4.23,5.32,1.10,4.99,5.03,5.01,5.42,5.24,3.03,5.77,1.20,0.39,1.29,5.35,3.80,4.46,4.50,4.48,5.54,5.32,5.03,3.66,2.91,4.95,2.80,4.40,5.58,5.90,6.12,6.07,6.03,6,6.30,3.53,5.73,5.34,1.14,0.18,0.20,-0.77,0.95,1.38,2.88,1.50,2.13,3.69,3.20,2.02,3.08,4.66,4.86,4.20,3.60,2.56,3.72,2.71,2.91,3.70,4.85,3.51,1.77,3.64,3.83,4.20,3.99,4.02,1.16,3.62,2.76,1.98,2.17,3.76,2.02,2.86,3.42,3.78,4.31,3.70,3.22,3.13,2.97,0.12,2.89,2.72,2.74,2.32,2.30,2.10,1.64,1.74,1.50,1.09,0.51,0.41,4.09,4.65,5,2.50,2.10,1.95,1.10,,3.70,-0.50,4.20,4.60,4.30,,,,,,,4.30,5.30,,3.60,4,3.10,3.74,,,,,,,,3.50,3.30,2.70,1.40,1.10,,,,,3,,1.60,1.10,2.30,3.10,2.90,,,2.10,,,0.70,,,4.80,4.10,4.30,4.70,2.70,2.20,
2008-12-18 14:20,4,4.82,3.47,4.28,2.20,2.79,4.14,5.10,1.89,4.42,3.81,2.67,1.27,3.94,3.88,3.53,2.94,0.25,3.90,2.93,2.27,2.11,3.91,,3.30,3.36,2.82,2.13,3.49,2.60,4.14,5.30,1.09,4.89,4.98,4.99,5.39,5.22,3,5.59,1.10,0.43,1.31,5.19,3.70,4.36,4.40,4.45,5.30,5.14,5.03,3.58,2.83,4.93,2.75,4.40,5.60,5.80,5.96,5.83,6.05,5.90,6.28,3.39,5.83,5.44,1.17,0.24,0.20,-0.73,1.12,1.32,2.82,1.52,2.11,3.71,3.20,2.01,3.03,4.52,4.83,4.20,3.56,2.56,3.69,2.70,2.91,3.60,4.80,3.57,1.55,3.60,3.15,4.20,3.92,3.94,1.16,3.58,2.77,1.93,2.03,3.77,2.16,2.82,3.43,3.80,4.33,3.70,3.16,3.08,2.90,0.04,2.99,2.76,2.77,2.32,2.30,2.23,1.61,1.84,1.50,1.19,0.50,0.60,4.02,4.69,5.10,2.31,2.14,1.94,1.10,,3.70,-0.50,4.20,4.60,4.30,,,,,,,4.30,5.30,,3.60,4,3,3.79,,,,,,,,3.50,3.30,2.70,1.40,1.10,,,,,3,,1.60,1.10,2.20,3.10,2.90,,,2.20,,,0.60,,,4.60,4.10,4.30,4.70,2.70,2.10,
2008-12-18 14:30,3.90,4.71,3.46,4.26,2.20,2.84,4.16,5,1.76,4.38,3.75,2.61,1.33,3.96,3.86,3.48,2.93,0.22,3.80,2.80,2.14,2.01,3.90,,3.21,3.44,2.78,2.13,3.48,2.50,4.07,5.18,1.24,4.95,5,4.95,5.35,5.13,3.02,5.52,1,0.34,1.26,4.86,3.70,4.33,4.40,4.42,5.15,5.08,4.84,3.51,2.82,4.85,2.65,4.43,5.59,5.70,5.99,5.68,5.97,5.80,6.16,3.61,5.82,5.37,1.23,0.25,0.10,-0.72,0.84,1.35,2.85,1.56,2.06,3.62,3.10,2.06,3.04,4.70,4.84,4.10,3.58,2.60,3.73,2.72,2.90,3.60,4.76,3.57,1.51,3.58,3.23,4.10,3.88,3.93,1.15,3.52,2.73,1.94,1.90,3.63,2.18,2.89,3.23,3.69,4.25,3.60,3.18,2.94,2.90,-0.03,2.89,2.79,2.74,2.27,2.20,2.23,1.64,1.89,1.50,1.11,0.51,0.54,4,4.65,5.20,2.17,2.31,2,1.10,,3.60,-0.50,4.20,4.60,4.20,,,,,,,4.30,5.30,,3.60,4.10,2.90,3.77,,,,,,,,3.60,3.20,2.70,1.30,1.10,,,,,3,,1.50,1.10,2.10,3.10,2.80,,,2.10,,,0.60,,,4.50,4,4.20,4.70,2.70,2.10,
2008-12-18 14:40,3.90,4.64,3.34,4.22,2.10,2.90,4.12,4.90,1.72,4.42,3.69,2.51,1.25,3.90,3.82,3.43,2.82,0.26,3.80,2.78,2.14,2.07,3.77,,3.21,3.52,2.84,2.18,3.51,2.50,3.98,5.12,1.12,4.86,5.03,4.94,5.30,5.12,3,5.43,1,0.24,1.08,4.88,3.80,4.26,4.30,4.41,5.21,5.10,4.83,3.61,2.82,4.83,2.63,4.27,5.52,5.70,5.97,5.61,5.89,5.70,6.11,3.73,5.88,5.36,1.05,0.24,0.20,-0.77,0.87,1.28,2.76,1.56,2.03,3.62,3.10,2.05,2.90,4.62,4.70,4.10,3.58,2.59,3.68,2.68,2.93,3.60,4.82,3.50,1.48,3.51,2.87,4.10,3.77,4.07,1.01,3.53,2.71,1.98,1.85,3.57,2.11,2.81,3.22,3.66,4.19,3.60,3.14,2.96,2.88,0,2.92,2.74,2.84,2.30,2.30,2.11,1.64,1.94,1.50,1.01,0.34,0.32,3.95,4.58,5.20,2.18,2.24,1.90,1.10,,3.70,-0.40,4.30,4.60,4.20,,,,,,,4.30,5.30,,3.60,4.10,2.90,3.74,,,,,,,,3.50,3.20,2.60,1.30,1.10,,,,,3,,1.50,1.10,2.10,3.10,2.80,,,2.10,,,0.60,,,4.40,4,4.20,4.70,2.70,2,
2008-12-18 14:50,3.80,4.56,3.20,4.15,2.10,2.82,4.09,4.80,1.62,4.23,3.50,2.51,1.18,3.86,3.82,3.39,2.83,0.20,3.80,2.71,2.22,1.97,3.75,,3.20,3.50,2.86,2.14,3.46,2.40,3.94,4.96,1.06,4.76,4.96,4.93,5.26,5.08,2.96,5.31,0.90,0.30,0.99,4.95,3.70,3.99,4.30,4.36,5.07,4.99,4.70,3.47,2.82,4.74,2.56,4.05,5.55,5.70,5.87,5.46,5.74,5.70,6.09,3.66,5.92,5.29,1.13,0.25,0.10,-0.83,0.77,1.11,2.72,1.57,1.99,3.71,3.10,2,2.80,4.69,4.59,4.20,3.63,2.58,3.72,2.58,2.90,3.60,4.78,3.44,1.45,3.43,3.72,4,3.80,3.97,1.10,3.62,2.64,1.95,1.90,3.60,2.02,2.82,3.35,3.70,4.08,3.60,2.93,2.94,2.84,-0.06,2.86,2.82,2.79,2.28,2.20,2.09,1.60,1.93,1.50,1.05,0.23,0.23,3.83,4.54,5.20,2.27,2.26,1.84,1.10,,3.60,-0.70,4.30,4.60,4.20,,,,,,,4.30,5.20,,3.60,4.10,2.90,3.70,,,,,,,,3.60,3.10,2.50,1.30,1.10,,,,,3,,1.50,1.10,2,3.10,2.70,,,2.10,,,0.50,,,4.40,3.80,4.20,4.70,2.70,2,
2008-12-18 15:00,3.80,4.50,3.24,4.10,2.10,2.90,4.17,4.80,1.59,4.18,3.47,2.45,1.15,3.86,3.75,3.30,2.75,0.09,3.80,2.69,2.29,1.85,3.64,,3.18,3.42,2.84,2.16,3.45,2.30,3.94,4.94,0.98,4.73,5,4.95,5.32,5.03,2.92,5.17,0.90,0.12,0.99,4.87,3.80,3.86,4.30,4.41,5.11,4.89,4.85,3.39,2.78,4.73,2.43,3.86,5.48,5.60,5.83,5.35,5.82,5.60,5.90,3.55,5.70,5.29,1.10,0.25,0.20,-0.92,0.67,1.21,2.74,1.60,1.92,3.60,3.20,1.97,2.90,4.60,4.64,4.10,3.37,2.53,3.68,2.63,2.87,3.70,4.74,3.37,1.33,3.49,3.57,4,3.90,4.01,1.11,3.50,2.58,1.96,1.86,3.60,2.13,2.74,3.31,3.64,4.03,3.60,2.92,3.03,2.84,-0.14,2.72,2.80,2.75,2.25,2.20,2.04,1.53,1.90,1.40,1.10,0.12,0.35,3.77,4.49,5.10,2.23,2.41,1.83,1.10,4,3.50,-0.90,4.20,4.50,4.10,3.40,0.80,-3.10,2.70,3.70,3.70,4.30,5.20,3.50,3.60,4,2.80,3.70,,2.40,2.70,3.40,3.90,3.50,4.20,3.60,3.10,2.50,1.30,1.10,3,3.10,3.40,2.90,3,3.20,1.40,1,2,3,2.60,3.10,4,2.10,1.70,2,0.50,2.70,3.20,4.40,3.80,4.20,4.70,2.70,2,0.40
2008-12-18 15:10,3.70,4.35,3.16,4.08,2.04,2.61,4.14,4.80,1.54,4.17,3.29,2.45,1.25,3.85,3.68,3.19,2.79,-0.09,3.70,2.69,2.16,1.45,3.70,,3.28,3.36,2.94,2.25,3.43,2.20,4.01,4.90,0.82,4.67,4.99,5.05,5.22,5.03,2.92,5.22,0.70,0.08,1,4.73,3.70,3.68,4.30,4.41,5.15,4.91,4.66,3.53,2.83,4.69,2.48,3.77,5.52,5.60,5.77,5.25,5.73,5.50,5.84,3.59,5.60,5.24,1.03,0.26,0.20,-0.93,0.66,1.26,2.77,1.40,1.90,3.54,3.20,1.98,2.86,4.48,4.59,4.10,3.36,2.56,3.65,2.54,2.84,3.60,4.74,3.44,1.37,3.43,3.51,3.90,3.85,3.91,1.05,3.45,2.64,1.92,1.72,3.59,2.11,2.75,3.21,3.66,4.01,3.60,2.97,2.90,2.76,-0.16,2.75,2.78,2.78,2.15,2.10,1.97,1.44,1.90,1.30,0.99,0.10,0.39,3.69,4.63,5.20,2.13,2.53,1.84,1.10,,3.40,-1.10,4.20,4.40,4.10,,,,,,,4.30,5.10,,3.50,4,2.80,3.72,,,,,,,,3.50,3.10,2.40,1.30,1.10,,,,,3,,1.30,1,2,3,2.60,,,2.10,,,0.40,,,4.30,4,4.20,4.70,2.60,2,
2008-12-18 15:20,3.60,4.35,3.26,3.98,2.05,2.74,4.02,4.70,1.42,4.19,3.22,2.54,1.23,3.75,3.60,3.15,2.74,-0.05,3.70,2.68,2.03,1.32,3.71,,3.21,3.41,2.92,2.33,3.45,2.20,3.92,4.84,0.91,4.63,4.88,4.99,5.08,5.06,2.83,5.13,0.70,-0.11,0.95,4.61,3.60,3.61,4.40,4.34,5.01,4.88,4.72,3.55,2.85,4.61,2.40,3.82,5.44,5.60,5.67,5.13,5.70,5.50,5.83,3.65,5.54,5.13,0.84,0.30,0.10,-0.91,0.67,1.17,2.74,1.47,1.87,3.66,3.20,1.98,2.93,4.51,4.58,4.10,3.54,2.42,3.65,2.43,2.90,3.60,4.76,3.46,1.43,3.29,3.50,3.90,3.78,3.94,1.13,3.40,2.63,1.89,1.73,3.57,2.02,2.77,3.35,3.55,3.89,3.60,2.83,2.89,2.66,-0.20,2.71,2.79,2.78,2.02,2.10,1.99,1.45,1.81,1.30,1.07,0.17,0.27,3.80,4.65,5.20,2.18,2.51,1.94,1.10,,3.30,-1.30,4.10,4.30,4,,,,,,,4.30,5.10,,3.50,4,2.70,3.73,,,,,,,,3.50,3.10,2.40,1.30,1.10,,,,,3,,1.20,1,2,3,2.50,,,2.10,,,0.40,,,4.20,4.10,4.20,4.70,2.60,2,
2008-12-18 15:30,3.70,4.27,3.17,3.87,1.90,2.67,4.03,4.70,1.38,4.21,3.16,2.47,1.21,3.77,3.49,3.09,2.72,0,3.70,2.62,1.93,1.33,3.64,,3.18,3.35,2.97,2.28,3.43,2.30,3.68,4.85,0.94,4.67,4.92,4.97,5.07,4.99,2.76,5.26,0.70,-0.11,0.87,4.64,3.50,3.61,4.40,4.25,4.84,4.84,4.60,3.57,2.79,4.58,2.57,3.81,5.38,5.60,5.61,5.02,5.64,5.40,5.83,3.68,5.48,4.99,0.66,0.26,0.10,-0.85,0.61,1.24,2.66,1.44,1.97,3.63,3.20,2.03,2.91,4.61,4.55,4.10,3.43,2.48,3.62,2.48,2.88,3.60,4.78,3.47,1.45,3.35,3.71,3.90,3.78,3.96,1.09,3.43,2.58,1.95,1.68,3.57,2.09,2.71,3.36,3.48,3.77,3.50,2.84,2.92,2.68,-0.20,2.78,2.79,2.73,2,2.10,2.04,1.36,1.60,1.20,1.09,0.08,0.35,3.85,4.60,5.10,2.20,2.47,1.89,1.10,,3.30,-1.50,4.10,4.30,4,,,,,,,4.30,5.10,,3.50,3.90,2.70,3.73,,,,,,,,3.50,3.10,2.40,1.30,1.10,,,,,3,,1.20,1,2,3,2.50,,,2.10,,,0.30,,,4.20,3.90,4.30,4.70,2.60,2.10,
2008-12-18 15:40,3.70,4.25,3.07,3.81,1.83,2.68,4.01,4.70,1.45,4.13,3.15,2.50,1.11,3.59,3.39,3.02,2.69,-0.07,3.60,2.63,1.80,1.34,3.64,,3.30,3.33,2.96,2.15,3.38,2.30,3.46,4.80,0.93,4.65,4.94,4.90,5,4.95,2.71,5.24,0.60,-0.10,0.88,4.74,3.40,3.69,4.40,4.26,4.76,4.80,4.68,3.44,2.85,4.56,2.56,3.63,5.24,5.50,5.63,4.87,5.64,5.40,5.78,3.69,5.38,4.84,0.68,0.28,0.10,-0.88,0.42,1.09,2.67,1.47,1.89,3.62,3.20,2.06,2.83,4.53,4.53,4.10,3.34,2.50,3.56,2.53,2.82,3.60,4.80,3.47,1.36,3.26,3.13,3.90,3.85,3.96,1.14,3.46,2.62,1.95,1.58,3.59,1.92,2.77,3.29,3.56,3.77,3.60,2.99,2.87,2.60,-0.16,2.58,2.71,2.77,2.02,2.10,1.97,1.40,1.43,1.10,1.10,0.02,0.19,3.83,4.54,5.20,2.21,2.58,1.84,1.10,,3.30,-1.20,4.10,4.30,3.90,,,,,,,4.30,5,,3.50,3.90,2.70,3.71,,,,,,,,3.50,3.20,2.40,1.30,1.10,,,,,3,,1.20,1,2.10,3,2.50,,,2.10,,,0.30,,,4.10,3.60,4.30,4.70,2.70,2.10,
2008-12-18 15:50,3.60,4.21,2.95,3.73,1.72,2.78,3.99,4.70,1.42,4.05,3.06,2.57,1.09,3.47,3.38,2.87,2.69,-0.08,3.60,2.52,1.76,1.31,3.67,,3.30,3.36,2.94,1.91,3.36,2.30,3.50,4.71,0.98,4.61,4.93,4.96,4.94,4.99,2.62,5.01,0.50,-0.09,0.65,4.71,3.40,3.66,4.30,4.26,4.68,4.84,4.67,3.51,2.84,4.61,2.52,3.48,5.08,5.50,5.64,4.75,5.57,5.30,5.78,3.68,5.29,4.68,0.80,0.26,0.10,-0.85,0.29,1.14,2.64,1.47,1.85,3.54,3.30,2.07,2.77,4.41,4.53,4,3.39,2.50,3.56,2.51,2.82,3.60,4.74,3.44,1.32,3.26,3.09,3.80,3.77,3.93,1.09,3.41,2.62,1.87,1.62,3.58,2.03,2.69,3.45,3.76,3.65,3.50,2.86,2.79,2.56,-0.31,2.61,2.65,2.68,2.01,2.10,1.87,1.33,1.53,1,1.04,0.10,-0.07,3.68,4.47,5.20,2.21,2.55,1.84,1.10,,3.30,-1.10,4.10,4.30,3.80,,,,,,,4.20,4.90,,3.50,,2.70,3.72,,,,,,,,3.40,3.20,2.40,1.30,1.10,,,,,2.90,,1.20,1,2.10,3,2.50,,,2.10,,,0.30,,,4,3.40,4.10,4.70,2.60,2.10,
2008-12-18 16:00,3.60,4.19,2.95,3.66,1.59,2.74,3.99,4.70,1.37,3.98,3.03,2.38,1.06,3.40,3.34,2.92,2.59,-0.19,3.60,2.65,1.72,1.33,3.54,,3.27,3.30,2.99,1.80,3.36,2.30,3.47,4.52,1.13,4.44,4.87,4.85,5.02,5.03,2.57,5.13,0.40,0.06,0.66,4.62,3.40,3.59,4.30,4.21,4.72,4.74,4.62,3.54,2.74,4.55,2.55,3.47,5.09,5.40,5.54,4.70,5.51,5.20,5.76,3.60,5.28,4.63,0.78,0.16,0.20,-0.77,0.29,1.08,2.65,1.44,1.75,3.33,3.30,2.13,2.70,4.45,4.47,4,3.38,2.49,3.57,2.39,2.87,3.60,4.64,3.43,1.19,3.27,3.14,3.80,3.45,3.96,1.09,3.41,2.66,1.87,1.68,3.54,1.94,2.80,3.30,3.71,3.57,3.50,2.68,2.74,2.46,-0.31,2.65,2.71,2.58,2.10,2.10,1.97,1.33,1.63,0.90,0.98,0.04,0.12,3.49,4.49,5.20,2.18,2.29,1.87,1.10,3.80,3.20,-1.10,4,4.20,3.80,3.60,0.90,-3.10,2.90,3.80,3.60,4.20,4.90,3.40,3.50,3.80,2.60,3.70,,2.30,2.60,3.30,3.80,3.50,4.10,3.40,3.20,2.40,1.30,1.10,2.70,3,3.20,2.80,2.90,2.90,1.10,1,2,2.90,2.40,,3.90,2.10,1.60,1.70,0.30,2.80,2.90,4,3,4.10,4.70,2.60,2,0.20
2008-12-18 16:10,3.50,4.08,2.97,3.63,1.61,2.64,4.01,4.60,1.35,3.97,2.97,2.50,1.04,3.34,3.36,2.76,2.52,-0.18,3.50,2.50,1.63,1.47,3.59,,3.36,3.27,2.99,1.72,3.39,2.30,3.55,4.45,1.04,4.43,4.74,4.97,5.08,5.02,2.56,5.10,0.40,-0.03,0.69,4.55,3.30,3.59,4.20,4.13,4.75,4.81,4.54,3.49,2.86,4.47,2.51,3.32,4.98,5.30,5.47,4.67,5.44,5.20,5.77,3.61,5.12,4.63,1.01,0.14,0.10,-0.86,0.49,0.98,2.55,1.45,1.86,3.27,3.30,2.08,2.70,4.33,4.46,3.90,3.33,2.48,3.63,2.32,2.90,3.70,4.56,3.46,1.22,3.22,3.83,3.80,3.39,3.94,1.03,3.38,2.70,1.91,1.79,3.69,2,2.67,3.33,3.75,3.57,3.50,2.66,2.68,2.48,-0.31,2.66,2.63,2.59,2.09,2.10,1.99,1.34,1.59,0.80,0.87,-0.04,-0.18,3.47,4.55,5.20,2.27,2.48,1.89,1,,3.10,-1.10,4,4.20,3.80,,,,,,,4.20,4.90,,3.50,3.80,2.60,3.72,,,,,,,,3.30,3.20,2.40,1.30,1.10,,,,,2.90,,1.10,1,2,2.90,2.40,,,2.10,,,0.20,,,3.90,2.90,4.10,4.70,2.60,2.10,
2008-12-18 16:20,3.50,3.97,2.91,3.63,1.44,2.74,4.04,4.60,1.40,3.98,3.06,2.39,1.02,3.31,3.28,2.83,2.48,-0.19,3.50,2.43,1.53,1.49,3.52,,3.24,3.20,2.97,1.61,3.28,2.20,3.45,4.46,1.02,4.44,4.67,4.87,4.91,5.04,2.53,5.01,0.50,0,0.63,4.51,3.30,3.57,4.20,4.04,4.76,4.74,4.44,3.49,2.75,4.41,2.48,3.47,4.89,5.20,5.49,4.64,5.49,5,5.74,3.49,4.98,4.51,0.84,0.07,0.10,-0.83,0.37,1.10,2.58,1.49,1.92,3.33,3.30,1.99,2.70,4.28,4.39,3.90,3.45,2.52,3.67,2.37,2.86,3.70,4.49,3.48,1.23,3.19,3,3.80,3.33,3.87,1.07,3.35,2.73,1.95,1.87,3.53,1.92,2.92,3.34,3.65,3.51,3.40,2.57,2.61,2.48,-0.40,2.49,2.59,2.66,1.88,2,2.01,1.31,1.41,0.70,0.84,-0.09,0.13,3.50,4.50,5.20,2.25,2.28,1.84,1,,3.10,-1,4,4.20,3.80,,,,,,,4.20,4.90,,3.40,3.70,2.50,3.71,,,,,,,,3.30,3.20,2.40,1.30,1.10,,,,,2.90,,1.10,1,2,2.90,2.40,,,2,,,0.20,,,3.80,2.80,4.10,4.60,2.50,2,
2008-12-18 16:30,3.50,3.85,2.85,3.54,1.45,2.85,4.11,4.60,1.30,3.96,3.02,2.39,0.97,3.23,3.24,2.83,2.39,-0.25,3.40,2.44,1.53,1.56,3.56,,3.31,3.15,3.02,1.65,3.28,2.20,3.34,4.51,1.04,4.41,4.65,4.80,4.92,5.06,2.53,4.94,0.60,-0.03,0.59,4.34,3.30,3.47,4.20,4.06,4.65,4.66,4.20,3.45,2.78,4.38,2.52,3.47,4.74,5.20,5.47,4.65,5.42,4.90,5.61,3.51,4.84,4.48,0.87,0.07,0.20,-0.91,0.51,1.25,2.56,1.47,1.90,3.31,3.30,2.16,2.70,4.44,4.39,3.90,3.45,2.51,3.56,2.40,2.80,3.70,4.47,3.57,1.15,3.19,3.23,3.70,3.45,3.90,1.07,3.35,2.73,1.96,1.74,3.56,1.87,2.73,3.38,3.59,3.50,3.40,2.62,2.61,2.39,-0.28,2.36,2.73,2.64,1.71,2.10,1.97,1.28,1.36,0.70,0.86,-0.13,-0.03,3.41,4.46,5.20,2.26,2.42,1.88,0.90,,3.10,-0.90,4,4.20,3.80,,,,,,,4.20,4.90,,3.40,3.70,2.40,3.67,,,,,,,,3.30,3.20,2.40,1.30,1.10,,,,,2.90,,1.10,0.90,2,2.90,2.40,,,2,,,0.20,,,3.80,2.90,4,4.60,2.50,2,
2008-12-18 16:40,3.40,3.84,2.77,3.49,1.41,2.82,4.16,4.50,1.36,3.95,3.07,2.49,0.94,3.25,3.29,2.69,2.29,-0.29,3.40,2.39,1.45,1.39,3.48,,3.32,3.17,2.99,1.71,3.29,2.20,3.32,4.46,1.09,4.37,4.62,4.81,4.74,5.04,2.46,4.72,0.60,0.03,0.54,4.51,3.30,3.38,4.10,4.03,4.45,4.66,4.04,3.45,2.83,4.38,2.54,3.52,4.60,5.20,5.36,4.67,5.46,4.90,5.62,3.46,4.85,4.49,0.99,0.05,0.20,-0.85,0.69,1.21,2.55,1.47,1.85,3.25,3.30,2.18,2.70,4.28,4.41,3.80,3.36,2.47,3.64,2.36,2.82,3.70,4.48,3.58,1.01,3.16,3.06,3.70,3.47,3.90,1.08,3.40,2.70,1.87,1.67,3.58,1.81,2.75,3.35,3.55,3.48,3.50,2.72,2.52,2.31,-0.33,2.07,2.78,2.60,1.80,2.10,1.91,1.27,1.43,0.70,0.90,-0.11,-0.16,3.25,4.50,5.20,2.25,2.34,1.89,0.90,,3,-0.90,3.90,4.20,3.90,,,,,,,4.10,4.80,,3.40,3.70,2.40,3.64,,,,,,,,3.20,3.20,2.40,1.30,1.10,,,,,3,,1.10,0.90,1.90,2.90,2.40,,,2.10,,,0.10,,,3.80,3.10,3.90,4.60,2.50,2.10,
2008-12-18 16:50,3.50,3.80,2.60,3.44,1.41,2.72,4.06,4.50,1.36,3.97,3.07,2.49,0.80,3.29,3.33,2.62,2.15,-0.22,3.40,2.37,1.44,1.22,3.38,,3.37,3.22,2.94,1.69,3.27,2.20,3.33,4.45,1.04,4.31,4.52,4.80,4.90,5,2.43,4.62,0.60,0.03,0.49,4.33,3.30,3.35,4.10,3.89,4.36,4.61,4.18,3.41,2.83,4.43,2.53,3.56,4.53,5.10,5.11,4.61,5.42,4.80,5.47,3.51,4.87,4.36,0.96,0.09,0.30,-0.82,0.74,1.10,2.57,1.39,1.83,3.23,3.30,2.13,2.70,4.38,4.32,3.90,3.37,2.50,3.58,2.21,2.88,3.70,4.50,3.53,1.07,3.11,3.72,3.70,3.42,3.86,1.05,3.27,2.63,1.88,1.74,3.49,1.81,2.71,3.46,3.42,3.51,3.40,2.74,2.35,2.27,-0.30,1.74,2.66,2.55,1.94,2.10,1.88,1.23,1.46,0.60,0.93,-0.23,-0.07,3.20,4.52,5.20,2.33,2.32,1.82,0.90,,3.10,-0.80,3.80,4.20,3.80,,,,,,,4.10,4.70,,3.40,3.80,2.40,3.71,,,,,,,,3.20,3.20,2.30,1.30,1.10,,,,,3,,1.10,0.90,1.90,2.80,2.40,,,2,,,0.10,,,3.70,3.30,3.90,4.50,2.50,2.10,
2008-12-18 17:00,3.40,3.82,2.54,3.40,1.35,2.67,4.08,4.50,1.22,3.95,3.10,2.41,0.69,3.20,3.15,2.57,2.07,-0.25,3.30,2.47,1.33,1.12,3.38,,3.29,3.19,2.99,1.63,3.29,2.20,3.40,4.44,1.01,4.34,4.63,4.76,4.80,4.91,2.44,4.72,0.50,0.02,0.35,4.36,3.20,3.27,4,3.89,4.35,4.56,4.04,3.47,2.81,4.39,2.48,3.38,4.55,5,5.22,4.45,5.27,4.70,5.56,3.50,4.76,4.38,0.97,0.07,0.20,-0.90,0.73,1.17,2.50,1.33,1.87,3.28,3.30,2.28,2.80,4.18,4.32,4.09,3.30,2.49,3.67,2.24,2.82,3.70,4.48,3.39,1.04,3.09,3.35,3.70,3.49,3.81,0.94,3.24,2.64,1.96,1.72,3.50,1.81,2.77,3.46,3.39,3.52,3.50,2.61,2.31,2.28,-0.33,1.70,2.71,2.55,1.94,2.10,2,1.16,1.34,0.60,0.99,-0.30,-0.06,3.09,4.47,5.20,2.34,2.45,1.90,0.90,3.30,3,-0.80,3.80,4.20,3.80,3.60,1,-3.30,2.50,3.80,3.50,4.10,4.70,3.40,3.30,3.80,2.40,3.60,1.80,2.20,2.60,3.10,3.60,3.50,3.80,3.20,3.20,2.30,1.30,1.10,2.80,2.50,3.10,2.80,3,2.70,1.10,0.90,1.80,2.70,2.30,2.60,3.60,2,1.40,1.50,0,2.80,2.50,3.60,3.30,3.90,4.50,2.50,2.10,0.10
2008-12-18 17:10,3.40,3.70,2.53,3.42,1.30,2.80,3.89,4.50,1.25,3.88,3.05,2.39,0.62,3.18,3.11,2.48,2.02,-0.27,3.30,2.40,1.38,1.46,3.38,,3.40,3.28,2.93,1.65,3.30,2.10,3.42,4.42,1.04,4.35,4.54,4.72,4.72,4.79,2.49,4.73,0.50,-0.06,0.32,4.33,3.20,3.31,3.90,3.90,4.27,4.53,3.91,3.37,2.78,4.45,2.52,3.32,4.56,5,5.14,4.53,5.29,4.70,5.51,3.51,4.70,4.41,0.93,0.02,0.20,-0.88,0.63,1.16,2.42,1.36,1.92,3.22,3.30,2.19,2.80,4.15,4.34,4.09,3.23,2.34,3.64,2.25,2.81,3.70,4.49,3.47,1.02,3.01,3.52,3.60,3.42,3.81,0.97,3.20,2.62,1.94,1.65,3.55,1.86,2.83,3.42,3.46,3.52,3.40,2.47,2.41,2.14,-0.35,1.90,2.88,2.70,2.01,2.10,2.13,1.15,1.27,0.60,0.90,-0.24,-0.04,3.27,4.46,5.20,2.30,2.56,1.82,0.80,,3,-0.80,3.80,4.10,3.80,,,,,,,4.10,4.70,,3.30,3.80,2.40,3.81,,,,,,,,3.20,3.20,2.30,1.30,1.10,,,,,3,,1,0.90,1.80,2.70,2.30,,,2,,,0,,,3.60,3.20,4.10,4.50,2.50,2.10,
2008-12-18 17:20,3.40,3.63,2.40,3.34,1.30,2.87,3.95,4.50,1.22,3.84,3.02,2.43,0.48,3.14,3.05,2.59,1.96,-0.29,3.20,2.28,1.19,1.42,3.18,,3.42,3.19,2.95,1.69,3.28,2.10,3.31,4.43,1.06,4.31,4.57,4.56,4.81,4.87,2.45,4.64,0.50,0,0.34,4.45,3.20,3.26,3.80,3.80,4.07,4.48,4,3.26,2.78,4.38,2.53,3.28,4.58,4.90,5.20,4.45,5.35,4.50,5.48,3.51,4.59,4.39,0.87,0.02,0.30,-0.92,0.80,1.14,2.40,1.35,2.01,3.20,3.30,2.21,2.80,4.10,4.37,4.10,3.24,2.54,3.64,2.18,2.92,3.70,4.48,3.51,1.07,2.99,2.94,3.70,3.60,3.86,0.99,3.26,2.60,1.98,1.67,3.58,1.79,2.82,3.46,3.45,3.49,3.40,2.48,2.30,2.21,-0.39,1.91,2.86,2.55,1.90,2.50,1.98,1.08,1.27,0.60,0.90,-0.31,0.06,3.10,4.41,5.20,2.32,2.54,1.70,0.80,,3,-0.80,3.70,4.10,3.70,,,,,,,4.10,4.60,,3.20,3.80,2.40,3.76,,,,,,,,3.20,3.20,2.30,1.30,1.10,,,,,3,,1,0.90,1.80,2.50,2.30,,,2,,,0,,,3.60,3.10,4.10,4.50,2.50,1.90,
2008-12-18 17:30,3.40,3.59,2.25,3.26,1.20,2.74,3.97,4.40,1.30,3.90,3.02,2.41,0.31,3.13,3.10,2.49,1.86,-0.34,3.20,2.28,1.02,1.12,3.06,,3.43,3.15,2.94,1.74,3.25,2.10,3.19,4.45,1.25,4.24,4.52,4.38,4.80,4.89,2.35,4.63,0.40,0.07,0.37,4.55,3.10,3.25,3.70,3.78,3.96,4.29,4.03,3.31,2.80,4.36,2.57,3.32,4.49,4.90,5.15,4.50,5.35,4.50,5.44,3.54,4.54,4.29,0.91,0.03,0.30,-0.90,0.88,1.20,2.43,1.28,1.95,3.26,3.30,2.18,2.80,4.02,4.38,4.13,3.25,2.53,3.70,2.19,2.82,3.70,4.44,3.54,0.91,2.97,2.69,3.60,3.33,3.74,1.01,3.25,2.74,2.04,1.77,3.54,1.73,2.76,3.51,3.26,3.39,3.30,2.47,2.31,2.07,-0.37,1.99,2.78,2.51,1.81,2.20,2.02,1.02,1.25,0.60,0.63,-0.32,-0.20,3.03,4.35,5.20,2.32,2.45,1.83,0.70,,3,-0.80,3.70,4,3.70,,,,,,,4.10,4.60,,3.20,3.80,2.30,3.68,,,,,,,,3.20,3.20,2.30,1.40,1,,,,,3,,1,0.90,1.90,2.60,2.30,,,1.90,,,-0.10,,,3.60,3.50,4,4.50,2.50,1.90,
2008-12-18 17:40,3.50,3.62,2.14,3.27,1.20,2.63,3.95,4.40,1.29,3.88,3,2.39,0.27,3.12,3.15,2.51,1.79,-0.44,3,2.15,1.02,1,3.02,,3.43,3.17,2.90,1.62,3.33,2,3.09,4.35,1.35,4.21,4.45,4.38,4.76,4.90,2.31,4.44,0.30,0.07,0.29,4.41,3.10,3.24,3.60,3.72,3.97,4.17,4.01,3.35,2.85,4.36,2.62,3.31,4.45,4.80,5.17,4.55,5.08,4.40,5.43,3.61,4.44,4.32,0.94,-0.06,0.20,-0.90,0.94,1.16,2.45,1.27,1.94,3.22,3.20,2.09,2.80,3.90,4.32,4.06,3.26,2.48,3.69,2.26,2.84,3.70,4.41,3.43,0.90,2.95,3.19,3.60,3.60,3.75,1.05,3.26,2.75,2,1.73,3.50,1.72,2.80,3.49,3.29,3.35,3.30,2.39,2.27,2.19,-0.34,1.99,2.79,2.55,1.82,2.10,2.08,0.95,1.26,0.50,0.60,-0.35,-0.34,3.03,4.15,5.10,2.27,2.17,1.86,0.70,,2.90,-0.90,3.70,3.90,3.60,,,,,,,4,4.60,,3.20,3.80,2.30,3.72,,,,,,,,3.20,3.20,2.30,1.40,1,,,,,2.90,,1,0.90,1.90,2.70,2.30,,,1.90,,,-0.10,,,3.50,3.60,4,4.50,2.40,1.90,
2008-12-18 17:50,3.40,3.66,2.06,3.26,1.10,2.71,3.88,4.40,1.22,3.87,2.94,2.33,0.18,3.09,3.14,2.31,1.79,-0.49,2.90,2.22,0.97,0.83,2.92,,3.45,3.27,2.92,1.64,3.26,2,3.01,4.33,1.38,4.20,4.42,4.37,4.72,4.89,2.29,4.29,0.30,0.06,0.25,4.30,3,3.25,3.50,3.67,3.99,4.04,3.94,3.36,2.77,4.30,2.59,3.46,4.68,4.80,5.32,4.44,5.08,4.30,5.33,3.47,4.26,4.37,1.06,-0.01,0.20,-1.03,0.98,1.11,2.44,1.31,1.93,3.26,3.10,2.14,2.90,3.90,4.27,3.93,3.22,2.41,3.68,2.26,2.84,3.70,4.40,3.41,0.97,2.95,3.48,3.60,3.66,3.74,0.93,3.25,2.69,1.97,1.82,3.55,1.73,2.82,3.50,3.31,3.53,3.30,2.50,2.24,2.20,-0.31,1.92,2.80,2.43,1.87,2.10,2.02,0.87,1.07,0.50,0.48,-0.31,-0.14,2.96,4.01,5.10,2.16,2.45,1.77,0.70,,2.90,-0.90,3.70,3.80,3.60,,,,,,,3.90,4.60,,3.10,3.90,2.30,3.64,,,,,,,,3.20,3.20,2.20,1.40,1,,,,,2.90,,1,0.90,1.70,2.70,2.30,,,1.90,,,-0.10,,,3.50,3.70,4,4.40,2.40,1.70,
2008-12-18 18:00,3,3.67,2.02,3,1,2.78,3.86,4.40,1.19,3.80,2.95,2.32,0.17,3,3.04,3,2,-0.64,3,2.21,1,0.84,2.90,4,3,3,2.90,1.58,3,2,3,4,1.30,5,4.38,5,5,5,2.25,5,0,0,0,4,3,3.22,4,3.72,3.86,3.89,4,4,2.76,4.30,2.61,4,4,4,5,4.36,5.05,4,5.27,3.24,4.20,4.25,1.06,-0.05,0.20,-1.17,0.97,1,2.45,1.24,1.94,3.29,2.90,2.18,2.90,3.92,4,3.92,3.20,2.39,3.70,2.25,3,3.70,4.38,3.42,0.89,2.83,3,3.50,3.63,3.74,0.87,3.26,2.71,1.99,1.88,3.46,1.81,2.79,3.49,3.27,3.30,3.20,2.54,2.28,2.10,-0.42,1.92,2.80,2.44,1.90,2.10,2.15,0.95,1.28,0.50,0.54,-0.39,-0.05,2.87,4.20,5,2.20,2.40,1.76,0.70,3,3,-1,3.70,3.70,3.70,3.70,1,-3.30,2.40,3.80,3.60,3.90,5,3.30,3.10,3.80,2.20,3.70,1.90,2.20,2.60,3,3.60,3.40,3.60,3.20,3.20,2.10,1.40,1,2.80,2.50,3.10,2.80,2.90,2.60,1,0.90,1.70,2.70,2.30,2.30,3.20,1.90,1.20,1.30,-0.10,2.60,2.60,3.50,3.70,4,4.40,2.50,1.80,0
2008-12-18 18:10,3.30,3.60,1.95,3.20,1,2.72,3.87,4.20,1.04,3.86,2.92,2.50,0.20,3.08,2.96,2.11,1.77,-0.65,2.80,2.10,0.81,1.04,2.82,,3.45,3.20,2.92,1.51,3.31,1.90,3.22,4.41,0.76,4.14,4.43,4.35,4.68,4.70,2.21,4.23,0.20,0.01,0.23,4.38,3,3.20,3.40,3.62,3.81,3.71,3.93,3.28,2.74,4.37,2.58,3.51,4.42,4.70,5.22,4.33,4.91,4.20,5.23,3.40,4.15,4.44,1.11,0.05,0.30,-1.23,0.76,0.96,2.38,1.22,2.04,3.29,2.80,2.04,2.92,3.95,4.26,3.89,3.50,2.38,3.66,2.19,2.85,3.70,4.38,3.39,0.93,2.79,2.81,3.50,3.48,3.71,0.89,3.14,2.77,2.02,1.86,3.53,1.82,2.62,3.50,3.27,3.34,3.20,2.32,2.23,2.04,-0.41,1.97,2.84,2.52,1.93,2,2.04,0.96,1.20,0.50,0.57,-0.42,-0.04,2.86,4.05,5.10,2.27,2.35,1.89,0.70,,2.90,-0.70,3.60,3.70,3.70,,,,,,,3.80,4.60,,3.10,3.90,2.20,3.59,,,,,,,,3.20,3.20,2.10,1.50,1,,,,,2.90,,1,0.90,1.60,2.70,2.30,,,1.90,,,-0.20,,,3.50,3.50,4,4.40,2.40,1.80,
2008-12-18 18:20,3.30,3.57,1.94,3.11,0.90,2.58,3.85,4.10,0.98,3.81,2.89,2.42,0.22,3.05,2.89,1.92,1.74,-0.60,2.80,2.03,0.77,1.07,2.72,,3.38,3.20,2.95,1.55,3.33,1.90,3.25,4.31,0.41,4.13,4.39,4.29,4.52,4.68,2.12,4.16,0.10,0.10,0.21,4.28,2.90,3.21,3.40,3.57,3.54,3.55,3.76,3.33,2.80,4.28,2.52,3.36,4.39,4.50,4.99,4.28,5.01,4.20,5.14,3.23,4.05,4.40,1.14,0.03,0.20,-1.34,0.50,0.90,2.42,1.13,1.97,3.21,2.80,2.05,2.87,3.90,4.19,3.88,3.39,2.43,3.67,2.19,2.84,3.70,4.35,3.34,0.86,2.80,2.85,3.40,3.40,3.77,0.98,3.10,2.78,2.04,1.90,3.49,1.81,2.53,3.67,3.30,3.36,3.20,2.34,2.18,2.02,-0.46,1.95,2.81,2.59,1.89,2,2.03,0.93,1.23,0.50,0.51,-0.43,-0.16,2.78,4,5,2.16,2.42,1.74,0.70,,2.90,-0.70,3.50,3.60,3.70,,,,,,,3.80,4.60,,3,3.80,2.20,3.56,,,,,,,,3.20,3.20,2,1.40,1,,,,,2.90,,1,0.90,1.70,2.60,2.30,,,1.80,,,-0.20,,,3.40,3.20,4,4.40,2.40,1.70,
2008-12-18 18:30,3.30,3.53,1.85,3.09,0.90,2.85,3.81,4,1.01,3.74,2.84,2.35,0.25,3.06,2.80,1.82,1.63,-0.60,2.80,1.92,0.70,1.03,2.76,,3.36,3.22,2.99,1.54,3.31,1.90,3.22,4.26,-0.01,4.01,4.22,4.14,4.61,4.70,2.03,4.22,0.10,0.08,0.18,3.98,2.80,3.19,3.40,3.63,3.49,3.46,3.60,3.26,2.81,4.31,2.54,3.38,4.27,4.40,4.89,4.27,4.88,4.10,5.09,3.23,4.07,4.27,1.18,0.03,0.20,-1.32,0.34,0.83,2.41,1.08,1.93,3.17,2.80,2.08,2.94,3.93,4.18,3.86,3.30,2.47,3.75,2.32,2.83,3.60,4.28,3.37,0.91,2.88,2.75,3.40,3.28,3.80,0.98,3.08,2.78,2.11,1.98,3.46,1.76,2.62,3.62,3.34,3.28,3.10,2.31,2.22,2.02,-0.48,1.92,2.78,2.49,1.72,2,1.97,0.92,1.17,0.50,0.47,-0.40,-0.23,2.70,3.93,5,2.21,2.49,1.69,0.70,,2.90,-0.70,3.50,3.60,3.70,,,,,,,3.60,4.60,,3,3.80,2.20,3.58,,,,,,,,3.20,3.20,2,1.20,1,,,,,2.90,,1,0.90,1.80,2.50,2.30,,,1.80,,,-0.20,,,3.40,2.90,4,4.50,2.30,1.70,
2008-12-18 18:40,3.30,3.35,1.81,3.01,0.80,2.62,3.75,4,0.99,3.65,2.74,2.31,0.28,3.10,2.70,1.83,1.65,-0.73,2.70,1.81,0.64,0.98,2.69,,3.35,3.22,3.01,1.53,3.28,1.90,3.11,4.18,-0.08,3.90,3.92,4.08,4.37,4.63,1.94,4.32,0.10,0.01,0.20,3.96,2.70,3.15,3.20,3.59,3.43,3.37,3.40,3.29,2.75,4.27,2.55,3.42,4.22,4.30,4.66,4.35,4.94,4.10,5.09,3.26,3.97,4.25,1.18,0.08,0.20,-1.37,0.13,0.83,2.31,1.08,1.91,3.18,2.80,2.03,2.89,4.05,4.18,3.82,3.20,2.46,3.71,2.29,2.83,3.60,4.26,3.37,0.92,2.86,2.51,3.40,3.25,3.81,1.04,2.99,2.78,2.10,1.98,3.41,1.67,2.54,3.53,3.31,3.21,3.10,2.42,2.21,2,-0.51,1.93,2.73,2.52,1.70,1.90,1.88,0.92,1.13,0.50,0.40,-0.48,-0.15,2.73,3.95,5,2.20,2.26,1.72,0.70,,2.80,-0.60,3.50,3.50,3.60,,,,,,,3.60,4.60,,2.90,3.80,2.20,3.53,,,,,,,,3.20,3.20,2,1.10,1,,,,,2.90,,1,0.90,1.80,2.40,2.30,,,1.80,,,-0.20,,,3.40,2.90,4,4.40,2.30,1.80,
2008-12-18 18:50,3.30,3.32,1.71,2.89,0.80,2.82,3.77,3.90,1.07,3.72,2.74,2.30,0.20,3.04,2.64,1.67,1.60,-0.86,2.70,1.78,0.45,0.63,2.69,,3.47,3.19,2.94,1.52,3.29,1.90,3.09,4.13,-0.18,3.78,3.99,3.99,4.35,4.60,1.85,4.21,0.10,-0.10,0.15,3.90,2.60,3.18,3.20,3.53,3.50,3.35,3.54,3.41,2.75,4.26,2.52,3.43,4.12,4.20,4.63,4.14,4.94,4,5.20,3.17,3.91,4.13,1.18,0.14,0.20,-1.36,0.15,0.83,2.31,1.15,1.95,3.13,2.70,1.98,2.86,3.85,4.19,3.82,3.14,2.39,3.68,2.36,2.90,3.60,4.33,3.37,0.92,2.72,3.09,3.30,3.30,3.80,0.95,2.99,2.76,2.12,1.99,3.35,1.71,2.61,3.39,3.20,3.25,3.10,2.21,2.21,1.87,-0.52,1.94,2.77,2.56,1.68,1.90,1.84,0.96,1.15,0.40,0.30,-0.52,-0.07,2.78,3.93,5,2.26,2.12,1.71,0.60,,2.80,-0.60,3.40,3.40,3.50,,,,,,,3.60,4.50,,3,3.80,2.10,3.45,,,,,,,,3.20,3.20,1.90,1.10,1,,,,,2.90,,1,0.80,1.90,2.40,2.30,,,1.80,,,-0.20,,,3.40,3,4,4.40,2.30,1.70,
2008-12-18 19:00,3.30,3.36,1.66,2.91,0.75,2.70,3.76,3.90,0.99,3.74,2.77,2.23,0.12,3.08,2.66,1.61,1.63,-0.68,2.70,1.64,0.37,0.65,2.67,,3.48,3.17,2.87,1.50,3.34,1.90,3,4.04,-0.24,3.70,3.85,3.86,4.21,4.50,1.74,4.16,0.10,-0.21,0.15,3.79,2.60,3.21,3.10,3.52,3.35,3.30,3.30,3.30,2.82,4.23,2.38,3.35,4.06,4.10,4.58,4.16,4.94,4,5.13,3.21,3.91,4.06,1.20,0.13,0.20,-1.30,0.19,0.76,2.33,1.14,1.90,3.06,2.70,1.90,2.90,3.90,4.12,3.72,3.20,2.37,3.60,2.20,2.95,3.60,4.22,3.31,0.90,2.79,2.56,3.30,3.27,3.75,0.99,2.93,2.74,2.07,1.96,3.32,1.63,2.67,3.32,3.15,3.24,3.10,2.27,2.15,1.98,-0.51,1.95,2.78,2.46,1.81,1.90,1.83,0.93,1.14,0.40,0.32,-0.56,-0.28,2.77,3.96,5,2.27,2.36,1.74,0.50,2.90,2.70,-0.60,3.50,3.40,3.50,3.70,0.80,-2.90,2.30,3.70,3.60,3.50,4.50,3.30,2.90,3.90,2.20,3.50,1.80,2,2.50,3,3.70,3.20,3.30,3.20,3.20,1.90,1.10,1,2.90,2.70,3.10,2.80,2.90,2.50,1,0.80,1.90,2.20,2.30,1.60,3.10,1.80,1.20,,-0.20,2.40,2.50,3.30,3,4,4.50,2.30,1.70,-0.10
2008-12-18 19:10,3.30,3.36,1.68,2.90,0.70,2.66,3.70,3.80,0.96,3.73,2.68,2.24,0.19,3.04,2.52,1.58,1.64,-0.86,2.70,1.65,0.46,0.40,2.66,,3.42,3.12,2.97,1.56,3.35,1.90,2.95,3.98,-0.25,3.74,3.80,3.78,4.32,4.52,1.60,4.11,0,-0.08,0.11,3.70,2.60,3.16,3,3.50,3.27,3.20,3.32,3.29,2.72,4.21,2.40,3.17,4.07,4,4.56,4.14,4.89,4,5.18,3.34,3.88,4.12,1.12,0.15,0.20,-1.23,0.17,0.73,2.30,0.98,1.74,3.13,2.70,1.86,2.80,3.93,4.17,3.76,3.28,2.42,3.56,2.13,2.78,3.60,4.26,3.36,0.82,2.79,2.95,3.30,3.16,3.83,1,2.94,2.67,1.95,2.04,3.31,1.65,2.62,3.28,2.98,3.22,3,2.26,2.12,1.84,-0.50,1.89,2.77,2.40,1.89,1.80,1.84,0.83,1.11,0.40,0.34,-0.48,-0.28,2.69,4.01,5,2.19,2.38,1.73,0.50,,2.60,-0.60,3.50,3.30,3.50,,,,,,,3.50,4.50,,2.90,3.90,2.10,3.34,,,,,,,,3.20,3.10,1.80,1.10,1,,,,,2.90,,1,0.80,1.90,2.20,2.30,,,1.70,,,-0.30,,,3.30,3,4,4.50,2.40,1.60,
2008-12-18 19:20,3.30,3.29,1.68,2.80,0.60,2.73,3.52,3.80,0.89,3.78,2.74,2.26,0.17,2.93,2.54,1.53,1.67,-0.91,2.70,1.53,0.40,0.37,2.63,,3.41,3.15,2.92,1.49,3.39,1.90,2.92,3.87,-0.21,3.72,3.73,3.73,4.31,4.47,1.57,3.96,0,-0.06,0.07,3.69,2.60,3.20,3,3.38,3.31,3.24,3.21,3.45,2.82,4.15,2.45,3.16,4.05,3.90,4.51,4.11,4.84,4,5.09,3.45,3.80,4.01,1,0.15,0.20,-1.19,0.05,0.64,2.27,1.04,1.85,3.20,2.70,2.01,2.80,3.89,4.14,3.76,3.22,2.41,3.68,2.08,2.92,3.60,4.23,3.35,0.82,2.82,2.77,3.30,3.26,3.90,1.01,2.86,2.57,2.02,1.97,3.25,1.80,2.62,3.20,2.93,3.19,3,2.29,2.11,1.92,-0.50,1.71,2.79,2.61,1.95,1.90,1.86,0.84,0.92,0.30,0.36,-0.51,-0.12,2.45,3.93,4.90,2.24,2.34,1.85,0.40,,2.60,-0.60,3.50,3.30,3.40,,,,,,,3.50,4.40,,2.80,3.90,2.10,3.40,,,,,,,,3.20,3.10,1.80,1.10,0.90,,,,,2.90,,1,0.80,1.90,2.10,,,,1.70,,,-0.30,,,3.20,3,4,4.40,2.40,1.60,
2008-12-18 19:30,3.30,3.29,1.57,2.75,0.60,2.75,3.43,3.70,0.72,3.82,2.60,2.36,0.08,2.92,2.33,1.34,1.67,-0.98,2.60,1.66,0.30,0.44,2.63,,3.38,3.23,2.93,1.49,3.33,1.90,2.83,3.85,-0.27,3.67,3.65,3.66,4.14,4.41,1.48,3.96,0,-0.30,0.12,3.78,2.60,3.16,2.90,3.36,3.20,3.17,3.08,3.49,2.86,4.04,2.44,3.17,3.94,3.80,4.35,4.11,4.85,3.90,5.01,3.47,3.84,3.95,1,0.11,0.20,-1.18,0.13,0.68,2.28,0.97,1.74,3.02,2.70,1.86,2.80,3.81,4.05,3.72,3.24,2.46,3.74,2.06,2.86,3.60,4.20,3.40,0.80,2.73,3.02,3.30,3.36,3.87,0.92,2.81,2.40,2.03,2.03,3.21,1.82,2.62,3.15,2.99,3.10,3,2.16,2.06,1.88,-0.57,1.73,2.72,2.46,1.96,1.90,1.84,0.77,1.09,0.30,0.24,-0.43,-0.09,2.42,3.94,4.90,2.21,2.32,1.74,0.40,,2.50,-0.60,3.50,3.30,3.40,,,,,,,3.40,4.40,,2.80,3.90,2.10,3.42,,,,,,,,3.20,3.10,1.80,1.10,0.90,,,,,2.90,,0.90,0.80,1.90,2,2.10,,,1.70,,,-0.30,,,3.20,3,3.90,4.50,2.40,1.60,
2008-12-18 19:40,3.30,3.26,1.54,2.55,0.50,2.84,3.39,3.70,0.57,3.80,2.36,2.35,0.03,2.88,2.25,1.08,1.63,-0.97,2.60,1.51,0.34,0.39,2.60,,3.39,3.20,2.93,1.46,3.31,1.80,2.82,3.82,-0.37,3.72,3.66,3.63,4.15,4.32,1.54,3.84,0,-0.51,0.17,3.68,2.60,3.10,2.90,3.29,3.09,3.15,3.03,3.45,2.73,4.01,2.33,3.01,3.92,3.80,4.37,4.13,4.93,4,4.96,3.42,3.92,4.03,1.08,0.10,0.20,-1.09,0.26,0.73,2.26,0.98,1.81,3.12,2.70,1.93,2.70,3.72,4,3.40,3.27,2.53,3.65,1.99,2.88,3.60,4.19,3.38,0.78,2.75,2.68,3.30,3.03,3.85,0.97,2.80,2.48,2,2.01,3.22,1.77,2.72,3.08,3.07,3.18,2.90,2.27,2.01,1.85,-0.55,1.81,2.68,2.45,2.03,1.90,1.80,0.73,0.99,0.20,0.21,-0.52,-0.17,2.30,3.89,4.90,2.20,2.42,1.92,0.40,,2.50,-0.70,3.50,3.30,3.40,,,,,,,3.40,4.40,,2.80,4,2.10,3.42,,,,,,,,3.20,3.10,1.80,1.20,0.90,,,,,2.90,,0.90,0.80,1.90,2,2,,,1.70,,,-0.30,,,3.20,2.90,3.90,4.50,2.40,1.60,
2008-12-18 19:50,3.30,3.27,1.51,2.67,0.30,2.82,3.35,3.60,0.44,3.77,2.22,2.28,0.05,2.76,1.97,1.02,1.61,-0.97,2.60,1.57,0.34,0.19,2.56,,3.46,3.19,2.93,1.50,3.36,1.90,2.83,3.80,-0.42,3.61,3.69,3.64,4.25,4.23,1.46,3.78,0,-0.52,0.11,3.70,2.50,3.11,2.90,3.29,3,3.09,2.98,3.50,2.69,4.01,2.32,3.07,3.85,3.70,4.33,4.28,4.82,4,4.94,3.40,3.91,3.85,1.17,0.17,0.10,-0.93,0.29,0.68,2.26,1.01,1.88,2.97,2.70,1.86,2.70,3.61,3.96,3.40,3.27,2.48,3.71,1.87,2.93,3.50,4.22,3.37,0.66,2.78,2.73,3.20,3.06,3.76,0.95,2.83,2.46,1.99,1.98,3.24,1.61,2.55,2.99,2.87,3.14,2.90,2.22,2.06,1.83,-0.56,1.75,2.77,2.47,1.95,1.90,1.66,0.76,1.04,0.20,0.16,-0.54,-0.52,2.25,3.88,4.80,2.24,2.22,1.80,0.40,,2.40,-0.70,3.50,3.20,3.30,,,,,,,3.30,4.30,,2.80,4,2.10,3.31,,,,,,,,3.20,3.10,1.80,1.20,0.90,,,,,2.90,,0.90,0.70,1.80,2,,,,1.60,,,-0.30,,,3.20,2.80,3.90,4.60,2.40,1.50,
2008-12-18 20:00,3.30,3.16,1.41,2.53,0.20,2.76,3.27,3.60,0.32,3.75,2.13,2.31,0,2.62,1.76,0.88,1.59,-0.90,2.60,1.46,0.19,0.20,2.48,,3.43,3.18,2.88,1.53,3.47,1.90,2.76,3.75,-0.45,3.51,3.64,3.62,4.11,4.19,1.38,3.81,0,-0.48,0.07,3.86,2.50,3.06,2.90,3.31,2.91,3,2.94,3.51,2.85,4.02,2.30,3.20,3.83,3.60,4.37,4.24,4.85,4,4.82,3.13,3.89,3.79,0.89,0.15,0.10,-0.98,0.18,0.55,2.23,0.96,1.88,2.96,2.70,1.88,2.70,3.66,3.94,3.40,3.30,2.49,3.74,1.83,2.90,3.50,4.11,3.43,0.74,2.76,2.16,3.20,3.30,3.75,0.93,2.75,2.41,1.99,2.01,3.17,1.68,2.58,2.94,2.82,3.15,2.90,2.17,2,1.82,-0.57,1.73,2.76,2.51,1.96,1.90,1.64,0.68,0.96,0.20,0.09,-0.53,-0.57,2.11,3.82,4.90,2.28,2.40,1.72,0.40,2.70,2.40,-0.90,3.50,3.20,3.30,3.40,0.30,-2.90,2.10,3.40,3.40,3.30,4.30,3.40,2.80,4,2.10,3.40,1.70,1.90,2.30,3,3.30,3.20,3,3.20,3.10,1.70,1.20,0.90,2.70,2.40,3.10,2.80,2.80,2.10,0.90,0.70,1.70,2,2,0.30,2.60,1.50,1.20,1.20,-0.30,,2.40,3.20,2.50,3.90,4.50,2.40,1.50,-0.30
2008-12-18 20:10,3.30,3.09,1.36,2.54,0.10,2.94,3.19,3.60,0.13,3.78,2.11,2.23,-0.08,2.53,1.73,0.80,1.66,-0.98,2.60,1.35,0.11,0.32,2.58,,3.45,3.17,2.89,1.57,3.42,1.90,2.75,3.65,-0.42,3.60,3.60,3.60,4,4.14,1.36,3.76,0,-0.36,0.02,3.83,2.50,3.05,2.80,3.18,2.74,2.92,2.76,3.47,2.89,3.98,2.32,3.23,3.83,3.50,4.22,4.18,4.78,4,4.76,3.23,3.85,3.81,1.13,0.16,0.10,-0.94,0.16,0.50,2.23,1.08,1.77,2.94,2.70,1.84,2.73,3.66,3.92,3.30,3.25,2.54,3.72,1.82,2.80,3.50,4.08,3.42,0.59,2.75,2.24,3.20,3.24,3.76,0.99,2.67,2.40,1.94,2.03,3.24,1.66,2.59,2.84,2.86,3.09,2.80,2.15,2.03,1.75,-0.55,1.77,2.74,2.50,1.98,1.90,1.78,0.66,0.81,0.10,0.15,-0.48,-0.31,1.88,3.81,4.90,2.26,2.31,1.81,0.40,,2.30,-1.10,3.50,3.20,3.20,,,,,,,3.30,4.20,,2.80,4,2.10,3.28,,,,,,,,3.10,3.10,1.70,1.20,0.90,,,,,2.80,,0.90,0.70,1.70,2,2,,,1.50,,,-0.30,,,3.10,2.60,3.80,4.50,2.40,1.50,
2008-12-18 20:20,3.30,3.12,1.27,2.48,0,2.97,3.19,3.60,0.03,3.75,2.06,2.24,-0.07,2.44,1.60,0.67,1.43,-1.13,2.50,1.32,0.13,0.05,2.52,,3.45,3.18,2.98,1.55,3.43,1.90,2.78,3.71,-0.55,3.60,3.52,3.55,4.10,4.02,1.30,3.83,-0.10,-0.56,0.01,3.71,2.40,3,2.80,3.16,2.85,2.84,2.59,3.50,2.87,3.89,2.33,3.20,3.80,3.50,4.32,4.23,4.69,4,4.63,3.15,3.78,3.71,1.01,0.12,0.10,-0.88,0.12,0.53,2.17,0.91,1.71,2.92,2.70,1.77,2.72,3.69,3.82,3.30,3.39,2.61,3.72,1.79,2.81,3.50,4.10,3.39,0.57,2.74,2.67,3.20,3.21,3.79,0.85,2.72,2.37,1.94,1.91,3.22,1.53,2.48,2.83,2.89,3.10,2.80,2.10,1.94,1.70,-0.53,1.81,2.67,2.50,1.94,1.90,1.76,0.69,0.91,0.10,0.17,-0.49,-0.31,1.74,3.84,4.90,2.18,2.23,1.83,0.30,,2.30,-1.20,3.50,3.20,3.10,,,,,,,3.10,4.20,,2.80,4,2.10,3.19,,,,,,,,3.10,3.10,1.80,1.20,0.90,,,,,2.80,,0.90,0.70,1.40,2,2,,,1.60,,,-0.30,,,3.10,2.60,3.80,4.50,2.40,1.50,
2008-12-18 20:30,3.30,3.10,1.15,2.42,0,2.77,3.14,3.50,0.08,3.82,1.98,2.15,-0.11,2.43,1.50,0.67,1.46,-1.12,2.50,1.25,0.12,0.19,2.52,,3.38,3.16,3.02,1.56,3.39,1.90,2.81,3.53,-0.48,3.57,3.50,3.49,4.12,3.99,1.23,3.69,-0.20,-0.52,0.08,3.70,2.30,2.98,2.80,3.09,2.68,2.70,2.64,3.42,2.88,3.89,2.37,3.20,3.69,3.50,4.14,4.06,4.66,4,4.51,3.17,3.89,3.78,0.92,0.11,0.10,-0.86,0.15,0.55,2.06,0.88,1.73,2.85,2.70,1.73,2.66,3.52,3.73,3.30,3.22,2.54,3.76,1.65,2.81,3.50,3.99,3.48,0.48,2.68,2.45,3.20,3.28,3.57,0.98,2.69,2.32,1.93,1.79,3.18,1.44,2.39,2.80,2.84,3.10,2.80,2.05,1.92,1.69,-0.57,1.83,2.59,2.51,1.95,1.90,1.73,0.70,0.99,0.10,0.05,-0.58,-0.24,1.84,3.77,4.90,2.28,2.29,1.83,0.30,,2.20,-1.30,3.50,3.20,3.10,,,,,,,3,4.10,,2.80,4,2,3.18,,,,,,,,3,3.10,1.70,1.20,0.80,,,,,2.80,,0.90,0.70,1.30,1.90,,,,1.50,,,-0.30,,,3.10,2.60,3.70,4.50,2.40,1.50,
2008-12-18 20:40,3.30,3.14,1.18,2.38,0,2.80,3.16,3.50,0.10,3.75,1.90,2.14,-0.04,2.42,1.54,0.71,1.35,-1.12,2.40,1.31,0.18,0.44,2.45,,3.31,3.15,2.97,1.56,3.43,1.80,2.71,3.58,-0.67,3.53,3.42,3.53,4.10,3.91,1.21,3.81,-0.30,-0.58,0.18,3.71,2.20,3.04,2.80,3.03,2.68,2.66,2.48,3.37,2.86,3.80,2.34,3.22,3.58,3.50,4.11,4.04,4.54,4.30,4.40,3.13,3.99,3.85,1.12,0.12,0.10,-0.86,0.09,0.76,2.08,0.83,1.69,2.82,2.70,1.77,2.57,3.60,3.78,3.20,3.34,2.58,3.81,1.65,2.84,3.50,4.01,3.42,0.41,2.63,2.43,3,3.27,3.61,0.93,2.70,2.34,1.96,1.78,3.17,1.56,2.39,2.67,2.84,3.06,2.80,1.97,1.90,1.72,-0.55,1.96,2.71,2.52,1.93,1.90,1.69,0.62,0.95,0.10,0.15,-0.54,-0.21,1.62,3.79,4.90,2.27,2.36,1.86,0.30,,2.20,-1.30,3.50,3.20,3,,,,,,,2.90,4.10,,2.80,3.90,2,3.21,,,,,,,,2.90,3.10,1.70,1.10,0.80,,,,,2.80,,0.90,0.60,1.20,1.90,1.90,,,1.50,,,-0.40,,,3,2.40,3.60,4.50,2.40,1.40,
2008-12-18 20:50,3.30,3.07,1.08,2.31,0,2.86,3.10,3.50,0.06,3.77,1.85,2.14,-0.14,2.37,1.42,0.73,1.30,-1.39,2.40,1.18,0.19,0.13,2.48,,3.47,3.25,2.89,1.57,3.44,1.90,2.67,3.52,-0.63,3.55,3.50,3.62,3.99,3.84,1.12,3.62,-0.40,-0.64,0.11,3.69,2.20,3.05,2.80,3.03,2.81,2.72,2.74,3.48,2.85,3.79,2.47,3.12,3.59,3.50,4,4.05,4.34,4.30,4.19,3.07,4,3.79,1.14,0.15,0.10,-0.89,0,0.63,2.07,0.93,1.78,2.84,2.60,1.79,2.48,3.65,3.76,3.10,3.36,2.53,3.79,1.63,2.74,3.50,4.03,3.38,0.42,2.69,2.32,2.90,3.24,3.63,0.92,2.62,2.35,1.90,1.76,3.17,1.61,2.46,2.54,2.90,3.02,2.70,2.01,1.94,1.75,-0.50,2.01,2.76,2.39,1.82,1.80,1.74,0.59,0.83,0,0.03,-0.67,-0.32,1.46,3.77,4.90,2.21,2.31,1.86,0.30,,2.10,-1.40,3.50,3.10,3,,,,,,,2.90,4.10,,2.80,3.90,2,3.16,,,,,,,,2.90,3,1.60,1.10,0.80,,,,,2.80,,0.90,0.60,1.10,2,1.90,,,1.50,,,-0.40,,,3,2.10,3.60,4.50,2.40,1.40,
2008-12-18 21:00,3.30,3.09,1,2.22,-0.10,2.84,3.09,3.40,-0.03,3.72,1.78,2.12,-0.20,2.40,1.34,0.56,1.26,-1.54,2.50,1.05,0.14,0.30,2.49,,3.57,3.28,3.03,1.49,3.38,1.90,2.70,3.51,-0.63,3.60,3.58,3.63,3.90,3.92,0.97,3.75,-0.60,-0.71,0.02,3.70,2.10,3.03,2.80,3.08,2.72,2.70,2.80,3.37,2.89,3.73,2.50,2.96,3.58,3.50,3.93,4.03,4.24,4.30,4.05,3.07,3.98,3.83,1.05,0.13,0.10,-0.95,-0.15,0.64,2,0.98,1.73,2.80,2.60,1.79,2.40,3.68,3.64,3.10,3.39,2.44,3.79,1.52,2.79,3.50,3.96,3.34,0.41,2.59,2.20,2.80,3.13,3.60,0.88,2.65,2.21,1.94,1.65,3.13,1.62,2.52,2.54,2.73,3.04,2.70,2.10,1.92,1.72,-0.54,2.04,2.59,2.44,1.78,1.80,1.75,0.69,0.86,0.10,-0.09,-0.67,-0.38,1.51,3.75,4.90,2.16,2.32,1.86,0.30,2.50,1.90,-1.60,3.50,3,3,,0.30,-3,1.90,3.20,3.20,2.80,4,3.40,2.70,3.90,2,3.20,,1.70,2.20,2.80,3.20,3.30,2.80,2.90,3,1.60,1.10,0.80,2,2.30,2.80,2.70,2.80,2,0.90,0.60,1.10,2.10,1.80,0.70,2.40,1.40,1,1.10,-0.40,1.80,1.90,3,2,3.50,4.40,2.40,1.50,-0.40
2008-12-18 21:10,3.30,3.10,1.08,2.16,0,2.86,3.02,3.40,-0.02,3.69,1.68,1.94,-0.21,2.27,1.27,0.64,1.25,-1.54,2.40,1.02,0.12,-0.20,2.45,,3.49,3.30,3.04,1.46,3.43,1.90,2.66,3.53,-0.61,3.43,3.50,3.55,3.93,3.85,0.99,3.71,-0.80,-1.19,-0.07,3.65,2,3,2.70,3.10,2.63,2.66,2.76,3.40,2.80,3.75,2.45,3.10,3.45,3.40,3.94,4.03,4.12,4.20,3.81,3.03,4,3.77,1.04,0.13,0,-1,-0.26,0.79,2.01,0.99,1.77,2.81,2.60,1.69,2.30,3.58,3.56,2.90,3.38,2.57,3.81,1.56,2.66,3.50,3.97,3.42,0.26,2.47,2.35,2.80,3.01,3.53,0.87,2.61,2.24,1.87,1.76,3.04,1.55,2.41,2.70,2.94,3.07,2.70,2.03,1.79,1.64,-0.54,2.21,2.69,2.44,1.70,1.80,1.69,0.58,0.90,0,-0.17,-0.67,-0.37,1.64,3.77,4.80,2.20,2.02,1.87,0.20,,1.90,-1.70,3.40,3,2.90,,,,,,,2.70,4,,2.70,3.90,2,3.12,,,,,,,,2.90,3,1.60,1.10,0.80,,,,,2.80,,0.90,0.60,1.10,2.10,1.80,,,1.40,,,-0.40,,,2.90,2,3.30,4.40,2.30,1.50,
2008-12-18 21:20,3.30,3.11,1.05,2.13,-0.10,2.98,3.06,3.40,-0.06,3.68,1.60,1.99,-0.16,2.20,1.06,0.61,1.23,-1.68,2.40,0.99,0.07,-0.21,2.39,,3.46,3.30,2.98,1.53,3.48,1.90,2.72,3.51,-0.54,3.53,3.44,3.55,3.90,3.86,0.98,3.63,-0.90,-1.25,-0.21,3.65,2,3.04,2.70,3.01,2.56,2.69,2.65,3.40,2.83,3.74,2.47,3.22,3.37,3.40,3.84,3.96,3.97,4.20,3.67,2.82,3.98,3.69,1.09,0.08,0,-1.02,-0.25,0.65,1.98,0.97,1.78,2.64,2.60,1.69,2.30,3.49,3.50,2.90,3.25,2.55,3.76,1.44,2.75,3.50,3.96,3.42,0.30,2.45,2.50,2.70,2.91,3.49,0.85,2.64,2.26,1.90,1.63,3.16,1.54,2.43,2.68,2.91,3.01,2.70,2.05,1.82,1.58,-0.56,2.10,2.75,2.30,1.70,1.80,1.63,0.42,0.86,0,-0.14,-0.61,-0.26,1.79,3.80,4.80,2.19,2.02,1.63,0.20,,1.80,-1.90,3.40,3,2.90,,,,,,,2.60,4,,2.80,3.80,2,3.08,,,,,,,,2.90,3,1.60,1.10,0.80,,,,,2.80,,0.80,0.60,1.10,2.20,1.80,,,1.40,,,-0.40,,,2.80,2,3.10,4.40,2.30,1.50,
2008-12-18 21:30,3.20,3.17,1.02,1.99,-0.10,2.95,3.05,3.40,-0.11,3.70,1.40,2.05,-0.13,2.07,1.03,0.55,1.06,-1.75,2.40,0.97,0.07,-0.36,2.34,,3.46,3.28,2.95,1.49,3.37,1.90,2.75,3.49,-0.90,3.47,3.46,3.52,3.76,3.81,0.88,3.48,-1,-1.70,-0.31,3.64,2,3.04,2.70,2.91,2.48,2.59,2.50,3.36,2.74,3.72,2.47,3.10,3.28,3.30,3.71,3.88,3.74,4,3.56,2.68,3.90,3.56,1.04,0.08,0,-0.97,-0.28,0.52,1.90,0.95,1.66,2.62,2.60,1.66,2.30,3.45,3.43,2.90,3.17,2.43,3.67,1.36,2.76,3.50,3.90,3.41,0.24,2.43,2.23,2.70,3.19,3.51,0.84,2.67,2.25,1.90,1.76,3.06,1.60,2.36,2.51,2.94,3.07,2.70,1.94,1.87,1.59,-0.43,2.26,2.67,2.39,1.83,1.70,1.70,0.42,0.90,0,-0.13,-0.68,-0.27,1.83,3.74,4.70,2.17,2.11,1.78,0.20,,1.80,-1.90,3.40,3,2.90,,,,,,,2.60,3.90,,2.50,3.80,2,3.05,,,,,,,,2.80,3,1.60,1,0.80,,,,,2.70,,0.80,0.50,1.20,2.30,1.90,,,1.30,,,-0.40,,,2.80,1.90,3.20,4.40,2.30,1.40,
2008-12-18 21:40,3.20,3.19,1.03,1.96,-0.10,2.94,3.02,3.30,-0.14,3.62,1.22,2.01,-0.17,2.04,0.89,0.58,1,-1.74,2.30,0.94,0.13,-0.39,2.29,,3.50,3.26,2.96,1.52,3.46,1.90,2.69,3.50,-1.22,3.31,3.47,3.51,3.65,3.77,0.84,3.41,-1.20,-1.74,-0.42,3.65,1.90,3.02,2.70,2.88,2.67,2.54,2.38,3.36,2.79,3.79,2.48,3.04,3.32,3.20,3.77,3.88,3.64,3.80,3.43,2.74,3.91,3.34,1.17,0.07,-0.10,-0.96,-0.30,0.48,1.91,0.93,1.78,2.70,2.60,1.55,2.30,3.21,3.38,2.90,3.21,2.54,3.70,1.40,2.74,3.50,3.82,3.44,0.30,2.39,2.46,2.70,3.20,3.48,0.80,2.64,2.34,1.85,1.74,3.03,1.56,2.18,2.51,2.96,3.07,2.70,1.92,1.79,1.65,-0.44,2.18,2.59,2.33,1.83,1.80,1.69,0.39,0.72,0,-0.11,-0.56,-0.57,1.88,3.68,4.80,2.18,2.23,1.70,0.10,,1.70,-2.10,3.30,2.90,2.90,,,,,,,2.60,3.80,,2.40,3.80,1.90,2.92,,,,,,,,2.80,3,1.50,1,0.70,,,,,2.70,,0.70,0.50,1.10,2.40,1.90,,,1.30,,,-0.40,,,2.70,1.70,3,4.50,2.30,1.40,
2008-12-18 21:50,3.20,3.10,1.04,1.89,0,3.11,3.02,3.30,-0.16,3.49,1.16,1.97,-0.21,2.01,0.77,0.60,1.01,-1.82,2.30,0.79,0.05,-0.28,2.19,,3.52,3.23,2.92,1.51,3.46,1.90,2.67,3.47,-1.31,3.34,3.40,3.55,3.56,3.80,0.85,3.40,-1.20,-1.83,-0.50,3.53,1.80,3.09,2.70,2.78,2.47,2.53,2.35,3.42,2.87,3.78,2.36,2.95,3.19,3,3.70,3.92,3.52,3.70,3.31,2.79,3.92,3.23,1.14,0.19,-0.10,-0.81,-0.21,0.30,1.84,0.93,1.71,2.54,2.60,1.74,2.30,3.34,3.34,2.90,3.31,2.58,3.70,1.35,2.73,3.50,3.80,3.42,0.11,2.35,2.19,2.70,3.14,3.49,0.78,2.62,2.35,1.88,1.72,3.07,1.59,2.26,2.61,2.83,3.02,2.80,1.92,1.72,1.63,-0.45,2.07,2.59,2.34,1.77,1.80,1.61,0.45,0.76,-0.10,0,-0.64,-0.38,1.90,3.63,4.70,2.15,2.12,1.66,0.10,,1.60,-2.20,3.30,2.90,2.90,,,,,,,2.50,3.70,,2.30,3.80,1.90,2.94,,,,,,,,2.80,3,1.50,1,0.80,,,,,2.70,,0.70,0.50,1.20,2.50,,,,1.30,,,-0.40,,,2.70,1.30,2.90,4.50,2.30,1.40,
2008-12-18 22:00,3.20,3.07,0.95,1.85,-0.10,3.23,2.98,3.20,-0.18,3.39,1.11,2.01,-0.31,1.91,0.85,0.57,0.95,-1.79,2.20,0.79,0.06,-0.23,2.10,,3.37,3.27,2.91,1.53,3.51,1.90,2.71,3.45,-1.33,3.28,3.34,3.40,3.59,3.76,0.84,3.27,-1.20,-2.09,-0.56,3.55,1.80,3.10,2.70,2.76,2.52,2.52,2.49,3.41,2.85,3.77,2.36,2.94,3.15,3,3.67,3.94,3.43,3.60,3.16,2.82,3.79,3.02,1.09,0.19,-0.10,-0.92,-0.30,0.31,1.85,1.02,1.67,2.47,2.50,1.52,2.30,3.49,3.28,2.70,3.28,2.48,3.60,1.44,2.68,3.50,3.86,3.38,0.10,2.30,2.17,2.70,3.03,3.41,0.84,2.60,2.29,1.88,1.71,3,1.65,2.17,2.59,2.79,3.05,2.80,1.98,1.75,1.59,-0.40,2.12,2.63,2.43,1.79,1.80,1.62,0.44,0.73,-0.10,0.04,-0.69,-0.51,1.93,3.66,4.70,2.17,2.24,1.63,0.10,2.40,1.70,-2.20,3.30,2.90,2.90,3.20,0.40,-2.80,2.20,3.10,3.10,2.50,3.70,3.40,2.30,3.70,1.90,3.10,1.60,1.60,2.20,2.70,2.80,3.40,2.80,2.80,3,1.50,1,0.80,1.60,2.20,2.50,2.60,2.70,2,0.70,0.50,1.20,2.60,2,0.20,2.50,1.20,0.80,,-0.40,1.70,1.20,2.80,1.10,2.70,4.40,2.30,1.40,-0.50
2008-12-18 22:10,3.20,2.99,0.91,1.75,-0.20,3.15,2.99,3.10,-0.19,3.55,1.03,2.03,-0.31,1.83,0.87,0.49,1.08,-1.74,2.20,0.72,0.20,-0.44,2.08,,3.49,3.32,2.91,1.51,3.49,1.90,2.72,3.43,-1.15,3.20,3.22,3.29,3.40,3.69,0.74,3.18,-1.20,-1.92,-0.60,3.59,1.80,3.08,2.80,2.78,2.47,2.54,2.49,3.35,2.82,3.79,2.23,2.87,3.02,2.90,3.59,3.89,3.48,3.50,3.02,2.28,3.70,2.73,1.21,0.15,-0.10,-0.85,-0.10,0.24,1.79,0.98,1.73,2.53,2.50,1.50,2.30,3.52,3.26,2.70,3.15,2.43,3.63,1.36,2.63,3.50,3.89,3.33,0.24,2.24,2.08,2.60,3,3.40,0.82,2.55,2.25,1.85,1.62,2.92,1.65,2.16,2.52,2.73,3.03,2.70,2.06,1.71,1.52,-0.45,1.98,2.63,2.40,1.85,1.80,1.62,0.35,0.77,-0.10,-0.04,-0.63,-0.61,1.81,3.64,4.70,2.13,2.18,1.73,0,,1.40,-2.50,3.40,2.90,2.80,,,,,,,2.40,3.60,,2.30,3.70,1.90,2.99,,,,,,,,2.80,3,1.50,1,0.80,,,,,2.70,,0.70,0.50,1.20,2.60,2,,,1.20,,,-0.40,,,2.80,1.40,2.50,4.40,2.30,1.40,
2008-12-18 22:20,3.10,3.02,0.90,1.73,-0.20,3.01,2.95,3,-0.25,3.40,0.81,2,-0.29,1.73,0.71,0.31,0.86,-1.76,2.20,0.59,0.11,-0.34,2.10,,3.50,3.27,2.89,1.48,3.50,1.90,2.71,3.35,-1.17,3.17,3.11,3.24,3.62,3.66,0.69,3.12,-1.30,-1.75,-0.64,3.58,1.70,3.13,2.70,2.72,2.65,2.51,2.26,3.34,2.92,3.71,2.31,2.91,3.12,2.90,3.37,3.86,3.33,3.50,2.92,2.29,3.62,2.62,1.19,0.15,-0.10,-0.84,-0.15,0.26,1.81,1.10,1.75,2.59,2.50,1.57,2.30,3.44,3.22,2.60,3.32,2.42,3.62,1.28,2.73,3.50,3.83,3.37,0.27,2.29,2.20,2.60,2.94,3.48,0.72,2.64,2.29,1.82,1.60,2.93,1.51,2.26,2.44,2.66,3.06,2.70,1.98,1.60,1.50,-0.44,1.78,2.79,2.35,1.83,1.80,1.64,0.31,0.75,-0.10,-0.06,-0.68,-0.56,1.53,3.64,4.60,2.19,2.19,1.71,-0.10,,1.30,-2.40,3.40,2.90,2.80,,,,,,,2.40,3.60,,2.20,3.70,1.90,2.98,,,,,,,,2.80,3,1.50,1,0.80,,,,,2.70,,0.70,0.50,1.10,2.50,1.90,,,1.20,,,-0.40,,,2.70,1.30,2.40,4.40,2.40,1.30,
2008-12-18 22:30,3,3.07,0.92,1.73,-0.20,3.04,2.95,3,-0.32,3.32,0.69,2,-0.33,1.53,0.65,0.20,0.94,-1.96,2.10,0.45,0.18,-0.22,2.02,,3.53,3.23,2.97,1.43,3.52,1.90,2.64,3.37,-1.26,3.11,3.15,3.21,3.51,3.65,0.68,3.12,-1.40,-1.91,-0.59,3.44,1.70,3.20,2.70,2.70,2.63,2.54,2.19,3.38,2.86,3.62,2.22,2.87,3.09,2.90,3.44,3.71,3.37,3.40,2.64,2.34,3.56,2.53,1.23,0.15,-0.10,-0.84,-0.17,0.38,1.81,1.09,1.75,2.55,2.40,1.54,2.30,3.34,3.19,2.60,3.24,2.49,3.64,1.33,2.79,3.50,3.78,3.43,0.28,2.26,1.99,2.60,2.78,3.48,0.76,2.58,2.31,1.82,1.57,2.88,1.51,2.30,2.43,2.69,3.09,2.70,2.02,1.52,1.37,-0.46,1.58,2.73,2.45,1.80,1.80,1.70,0.36,0.66,-0.10,0.02,-0.70,-0.40,1.54,3.62,4.60,2.19,2.15,1.52,-0.10,,1.20,-2.30,3.40,2.90,2.70,,,,,,,2.30,3.60,,2.20,3.70,1.80,2.97,,,,,,,,2.80,3,1.50,1.10,0.80,,,,,2.70,,0.70,0.50,1.10,2.40,1.90,,,1.20,,,-0.40,,,2.60,1,2.30,4.30,2.40,1.30,
2008-12-18 22:40,2.90,2.99,0.85,1.75,-0.20,3.11,2.92,2.90,-0.36,3.26,0.53,1.95,-0.27,1.41,0.75,0.17,0.95,-1.93,2,0.23,0.33,-0.43,2.01,,3.50,3.26,2.95,1.49,3.48,1.90,2.59,3.49,-1.32,3.06,3.16,3.15,3.61,3.64,0.64,3.09,-1.40,-1.96,-0.56,3.36,1.70,3.19,2.70,2.65,2.51,2.52,2.29,3.45,2.69,3.65,2.16,2.74,3,2.90,3.36,3.67,3.23,3.40,2.73,2.42,3.43,2.32,1.32,0.25,0,-0.93,-0.15,0.47,1.79,1.09,1.72,2.38,2.40,1.48,2.20,3.38,3.21,2.60,3.23,2.29,3.63,1.32,2.70,3.50,3.80,3.28,0.22,2.26,1.99,2.50,2.72,3.33,0.70,2.56,2.26,1.86,1.63,2.87,1.42,2.16,2.47,2.82,3.05,2.70,2.06,1.59,1.47,-0.48,1.50,,2.45,1.84,1.90,1.67,0.39,0.73,-0.10,-0.26,-0.72,-0.28,1.25,3.56,4.60,2.19,2.08,1.65,-0.10,,1.10,-2.40,3.50,2.90,2.70,,,,,,,2.30,3.50,,2.20,3.70,1.80,3.02,,,,,,,,2.70,2.90,1.50,1.10,0.80,,,,,2.70,,0.70,0.40,1.20,2.30,1.90,,,1.10,,,-0.40,,,2.60,0.80,2.40,4.30,2.40,1.30,
2008-12-18 22:50,2.90,2.96,0.84,1.78,-0.20,3.20,2.88,2.90,-0.45,3.16,0.46,1.95,-0.29,1.37,0.76,0.11,0.85,-2.05,2,0.39,0.24,-0.46,1.99,,3.45,3.31,3,1.57,3.44,1.90,2.59,3.49,-1.34,3.04,3.03,3.09,3.51,3.58,0.53,3.22,-1.40,-1.86,-0.60,3.38,1.60,3.10,2.70,2.67,2.55,2.43,2.27,3.30,2.75,3.58,2.28,2.68,2.94,2.90,3.31,3.60,3.17,3.40,2.54,2.40,3.37,2.16,1.35,0.26,0.10,-1.05,-0.14,0.47,1.82,1.09,1.71,2.37,2.40,1.53,2.20,3.33,3.13,2.82,3.11,2.37,3.69,1.34,2.69,3.40,3.72,3.25,0.16,2.21,1.99,2.50,2.67,3.32,0.71,2.58,2.28,1.82,1.69,2.83,1.57,1.99,2.40,2.67,3.05,2.60,2.02,1.48,1.40,-0.45,1.58,2.63,2.33,1.84,1.90,1.55,0.28,0.75,-0.10,-0.19,-0.61,-0.22,1.20,3.53,4.50,2.15,2.28,1.72,-0.20,,1.10,-2.60,3.60,2.90,2.70,,,,,,,2.30,3.50,,2.20,3.60,1.80,3.03,,,,,,,,2.70,2.90,1.50,1,0.70,,,,,2.70,,0.70,0.40,1.20,2.20,1.80,,,1.10,,,-0.40,,,2.50,0.50,2.40,4.30,2.40,1.20,
2008-12-18 23:00,2.90,2.89,0.81,1.81,-0.30,3.31,2.94,2.90,-0.47,3.14,0.38,1.92,-0.33,1.18,0.62,0.15,0.83,-2.14,2,0.19,0.20,-0.45,1.90,,3.48,3.33,2.99,1.54,3.54,1.90,2.50,3.40,-1.42,3.18,2.95,3.02,3.42,3.61,0.50,3.15,-1.40,-2,-0.59,3.39,1.60,3.18,2.70,2.70,2.67,2.51,2.27,3.24,2.74,3.56,2.26,2.70,2.93,2.90,3.24,3.64,3,3.30,2.45,2.42,3.26,2.03,1.35,0.19,0,-1.04,-0.11,0.39,1.81,1.10,1.75,2.58,2.30,1.48,2.10,3.34,3.12,2.76,3.07,2.23,3.73,1.35,2.70,3.40,3.68,3.29,0.19,2.25,2.06,2.50,2.67,3.32,0.71,2.60,2.27,1.82,1.49,2.84,1.60,2,2.51,2.71,3.10,2.70,1.85,1.46,1.39,-0.53,1.70,2.64,2.42,1.85,1.90,1.66,0.30,0.65,-0.10,-0.11,-0.63,-0.35,0.81,3.51,4.50,2.17,2.24,1.49,-0.20,2.30,1.10,-2.70,3.50,2.90,2.70,,0.50,-2.70,2.20,3,2.90,2.30,3.50,3.40,2.20,3.60,1.80,3.10,1.60,1.50,2.20,2.60,2.50,2.90,2.70,2.70,2.90,1.50,1,0.70,1.60,1.90,1.90,2.60,2.70,1.70,0.70,0.40,1.40,1.90,1.80,0.70,2.50,1,0.50,0.90,-0.40,1.70,1.20,2.50,0.90,2.40,4.30,2.40,1.10,-0.60
2008-12-18 23:10,2.90,2.82,0.85,1.70,-0.20,3.41,2.93,2.90,-0.46,3.11,0.34,1.81,-0.39,1.14,0.61,0.09,0.76,-2.25,1.90,0.19,0.24,-0.33,1.85,,3.50,3.32,3.09,1.55,3.48,1.90,2.56,3.41,-1.44,2.98,2.95,3.09,3.35,3.50,0.49,3.11,-1.40,-2.12,-0.73,3.33,1.50,3.12,2.60,2.57,2.68,2.45,2.24,3.18,2.78,3.58,2.27,2.74,2.91,2.90,3.18,3.62,2.85,3.30,2.38,2.39,3.17,1.99,1.38,0.20,0,-1.09,-0.18,0.42,1.80,1.06,1.73,2.29,2.40,1.55,2,3.55,3.10,2.60,3.10,2.20,3.64,1.26,2.62,3.40,3.68,3.32,0.03,2.25,2.06,2.50,2.85,3.28,0.72,2.58,2.24,1.82,1.56,2.82,1.48,2.04,2.51,2.62,3.12,2.70,1.80,1.44,1.29,-0.60,1.53,2.68,2.25,1.82,1.90,1.64,0.31,0.63,-0.20,-0.15,-0.57,-0.58,0.87,3.46,4.50,2.20,2.28,1.45,-0.20,,1.10,-2.70,3.40,2.90,2.70,,,,,,,2.20,3.40,,2.10,3.60,1.80,2.98,,,,,,,,2.70,2.90,1.50,1,0.70,,,,,2.70,,0.70,0.40,1.40,1.90,1.80,,,1,,,-0.40,,,2.50,1.10,2.40,4.30,2.40,1.10,
2008-12-18 23:20,2.80,2.75,0.90,1.67,-0.30,3.31,2.87,2.90,-0.49,3.10,0.27,1.87,-0.48,1.11,0.50,0.01,0.63,-2.29,1.90,0.29,0.19,-0.22,1.83,,3.35,3.33,3.13,1.53,3.41,1.90,2.48,3.44,-1.45,3.04,2.95,3,3.27,3.54,0.56,2.94,-1.40,-2.15,-0.75,3.28,1.40,3.13,2.60,2.72,2.55,2.52,2.13,3.25,2.75,3.59,2.25,2.75,2.88,2.90,3.07,3.60,2.82,3.20,2.42,2.14,3.07,1.84,1.35,0.19,0,-0.99,-0.18,0.38,1.80,1.11,1.58,2.54,2.40,1.48,1.90,3.47,3.08,2.50,3.18,2.17,3.70,1.23,2.54,3.40,3.60,3.38,0.04,2.22,1.94,2.50,2.94,3.27,0.82,2.50,2.24,1.81,1.58,2.81,1.50,1.93,2.32,2.63,3.14,2.70,1.88,1.43,1.34,-0.61,1.48,2.64,2.36,1.83,1.80,1.60,0.29,0.64,-0.20,-0.07,-0.68,-0.55,0.74,3.57,4.50,2.22,2.21,1.63,-0.20,,1.10,-3,3.40,2.80,2.70,,,,,,,2.20,3.40,,2.20,3.60,1.70,2.90,,,,,,,,2.70,2.90,1.50,1,0.70,,,,,2.70,,0.70,0.40,1.40,1.90,1.70,,,1,,,-0.40,,,2.50,1.20,2.20,4.40,2.30,1.10,
2008-12-18 23:30,2.80,2.72,0.88,1.63,-0.30,3.33,2.84,2.80,-0.63,,0.27,1.92,-0.50,0.96,0.46,0.11,0.59,-2.40,1.80,0.32,0.13,-0.40,1.78,,3.33,3.35,3.14,1.41,3.46,2,2.44,3.48,-1.52,3,2.85,2.85,3.35,3.58,0.51,2.88,-1.40,-2.12,-0.72,3.27,1.40,3.08,2.70,2.58,2.72,2.47,2.20,3.25,2.89,3.64,2.27,2.65,2.82,2.90,2.98,3.60,2.88,3.20,2.45,1.38,2.99,1.75,1.22,0.24,0,-0.98,-0.04,0.50,1.87,1.10,1.55,2.39,2.30,1.38,1.90,3.26,3.02,2.50,3.27,2.11,3.61,1.22,2.59,3.40,3.66,3.43,0.01,2.20,1.95,2.40,2.85,3.34,0.74,2.46,2.29,1.84,1.56,2.77,1.49,1.81,2.41,2.52,3.10,2.60,1.94,1.43,1.29,-0.58,1.62,2.60,2.41,1.85,1.90,1.63,0.34,0.74,-0.20,-0.12,-0.73,-0.73,0.68,3.52,4.50,2.20,2.14,1.49,-0.20,,1,-3.10,3.50,2.80,2.70,,,,,,,2.20,3.30,,2.10,3.60,1.70,2.92,,,,,,,,2.70,2.80,1.50,1,0.70,,,,,2.70,,0.70,0.40,1.40,1.90,1.60,,,1,,,-0.40,,,2.50,1.20,2.20,4.40,2.30,1.10,
2008-12-18 23:40,2.60,2.72,0.79,1.69,-0.30,3.40,2.86,2.80,-0.64,,0.23,1.78,-0.52,0.95,0.46,-0.04,0.44,-2.45,1.80,0.40,0.15,-0.53,1.65,,3.46,3.35,3.17,1.36,3.49,2,2.43,3.48,-1.59,3,2.92,2.79,3.31,3.47,0.38,2.98,-1.30,-1.99,-0.63,3.58,1.30,3.12,2.70,2.62,2.55,2.44,2.27,3.15,2.82,3.67,2.28,2.70,2.77,2.80,2.92,3.50,2.89,3.10,2.52,1.42,2.87,1.82,1.22,0.17,0,-0.96,-0.03,0.80,1.92,1.06,1.60,2.41,2.40,1.39,1.80,3.18,2.95,2.60,3.24,2.23,3.80,1.16,2.60,3.40,3.52,3.37,-0.06,2.18,1.86,2.50,2.61,3.27,0.74,2.46,2.23,1.81,1.44,2.77,1.47,1.72,2.43,2.57,3.13,2.60,1.97,1.37,1.28,-0.66,1.66,2.58,2.35,1.83,1.80,1.58,0.29,0.77,-0.20,-0.09,-0.68,-0.38,0.60,3.44,4.50,2.14,1.89,1.44,-0.30,,0.90,-3.10,3.40,2.80,2.70,,,,,,,2.20,3.30,,2.10,3.60,1.70,2.89,,,,,,,,2.70,2.80,1.50,1,0.70,,,,,2.70,,0.70,0.30,1.40,1.90,1.60,,,1,,,-0.40,,,2.30,1.20,2,4.40,2.30,1,
2008-12-18 23:50,2.50,2.69,0.68,1.68,-0.40,3.21,2.79,2.90,-0.61,,0.33,1.68,-0.56,0.86,0.49,-0.05,0.34,-2.59,1.80,0.36,0.07,-0.58,1.61,,3.38,3.37,3.15,1.28,3.44,1.90,2.39,3.41,-1.49,2.88,2.82,2.81,3.37,3.40,0.31,2.92,-1.30,-1.97,-0.66,3.29,1.20,3.16,2.70,2.58,2.50,2.44,2.22,3.15,2.75,3.71,2.13,2.66,2.80,2.80,3.08,3.30,2.89,3.10,2.52,1.16,2.77,1.67,1.39,0.18,0,-0.94,-0.01,0.81,1.81,1.05,1.63,2.51,2.30,1.30,1.80,3.07,3.01,2.40,3.07,2.20,3.93,1.23,2.53,3.30,3.53,3.30,0.02,2.13,1.90,2.50,2.59,3.14,0.72,2.50,2.21,1.80,1.43,2.82,1.55,1.65,2.39,2.52,3.10,2.50,1.89,1.38,1.23,-0.71,1.74,2.68,2.27,1.78,1.90,1.63,0.26,0.62,-0.20,-0.04,-0.71,-0.46,0.53,3.46,4.50,2.11,2.06,1.48,-0.30,,0.80,-3.10,3.40,2.80,2.70,,,,,,,2.20,3.30,,2,3.50,1.70,2.91,,,,,,,,2.60,2.80,1.40,1,0.70,,,,,2.70,,0.70,0.30,1.40,1.90,1.60,,,0.90,,,-0.40,,,2.20,1.10,1.90,4.40,2.30,1.10,
2008-12-19 00:00,2.30,2.64,0.61,1.61,-0.40,3.22,2.74,2.90,-0.68,2.87,0.21,1.61,-0.63,0.78,0.41,-0.05,0.13,-2.63,1.80,0.42,0.13,-0.20,1.60,,3.39,3.44,3.13,1.30,3.44,1.90,2.39,3.44,-1.62,2.82,2.77,2.79,3.35,3.27,0.31,2.89,-1.30,-1.91,-0.63,3.22,1.10,3.20,2.60,2.57,2.50,2.42,2.20,3.24,2.71,3.70,2.17,2.78,2.82,2.80,2.89,3.27,2.65,3,2.57,0.33,2.69,1.48,1.31,0.18,-0.10,-0.86,0.07,0.92,1.90,1.12,1.56,2.56,2.30,1.13,1.80,3.28,2.96,2.40,3.20,2.12,3.84,1.06,2.51,3.30,3.55,3.44,-0.01,2.09,2.06,2.40,2.64,3.30,0.75,2.53,2.19,1.81,1.47,2.78,1.52,1.54,2.34,2.44,3.12,2.50,1.70,1.31,1.16,-0.72,1.74,2.66,2.30,1.75,1.80,1.56,0.29,0.64,-0.30,-0.06,-0.79,-0.65,0.65,3.42,4.50,2.10,2.23,1.49,-0.30,2,0.80,-3.20,3.40,2.80,2.70,3,0.70,-2.60,2.10,2.90,2.60,2.20,3.20,3.20,2,3.50,1.70,3.10,1.60,1.60,2.30,2.50,2.40,2.70,2.80,2.60,2.80,1.40,0.90,0.70,1.80,1.80,2.20,2.60,2.70,1.60,0.70,0.20,1.50,2,1.50,,2.50,0.90,0.30,,-0.40,1.30,1.50,2,1.10,2,4.40,2.40,1,-0.60
2008-12-19 00:10,2.20,2.52,0.59,1.51,-0.40,3.33,2.71,2.90,-0.55,2.73,0.25,1.50,-0.59,0.67,0.34,0.04,0.11,-2.59,1.70,0.46,-0.07,-0.18,1.54,,3.33,3.50,3.18,1.31,3.48,1.80,2.48,3.40,-1.59,2.64,2.63,2.75,3.31,3.25,0.21,2.96,-1.40,-1.85,-0.56,3.21,1.10,3.21,2.70,2.58,2.51,2.39,2.09,3.19,2.75,3.62,2.15,2.75,2.81,2.80,2.91,3.25,2.71,2.90,2.33,-0.29,2.64,1.49,1.23,0.21,-0.10,-0.85,0.02,0.74,1.97,1.02,1.50,2.52,2.30,1.06,1.78,3.03,2.86,2.40,3.22,2.14,3.80,1.17,2.57,3.30,3.56,3.36,-0.04,2.07,2.04,2.40,2.65,3.18,0.68,2.41,2.20,1.76,1.44,2.73,1.51,1.52,2.26,2.51,3.15,2.40,1.70,1.37,1.24,-0.71,1.77,2.58,2.33,1.76,1.80,1.42,0.32,0.55,-0.30,-0.07,-0.76,-0.63,0.64,3.37,4.50,2.16,2.19,1.40,-0.30,,0.70,-3.20,3.40,2.70,2.70,,,,,,,2.10,3.20,,2,3.50,1.60,2.82,,,,,,,,2.60,2.80,1.40,0.90,0.70,,,,,2.70,,0.70,0.20,1.60,2,1.50,,,0.90,,,-0.40,,,1.80,1,2.10,4.40,2.40,1,
2008-12-19 00:20,2.20,2.58,0.49,1.39,-0.40,3.41,2.68,2.80,-0.63,2.64,0.18,1.47,-0.68,0.67,0.35,0.02,0.07,-2.69,1.70,0.31,0.09,-0.31,1.53,,3.43,3.54,3.20,1.35,3.48,1.80,2.48,3.40,-1.57,2.53,2.53,2.69,3.17,3.24,0.15,2.83,-1.50,-2,-0.49,3.11,1,3.18,2.70,2.53,2.61,2.41,2.04,3.22,2.76,3.61,2.13,2.70,2.84,2.70,2.94,3.09,2.66,2.90,2.30,-0.10,2.52,1.43,1.20,0.21,0,-0.78,0.05,0.91,1.86,1.08,1.56,2.42,2.20,1.05,1.92,2.91,2.79,2.50,3.31,2.18,3.73,1.14,2.58,3.20,3.54,3.27,-0.05,2.10,2.03,2.40,2.81,3.23,0.65,2.53,2.24,1.76,1.52,2.80,1.57,1.57,2.21,2.46,3.09,2.40,1.73,1.34,1.15,-0.68,1.78,2.66,2.38,1.68,1.90,1.27,0.32,0.43,-0.30,-0.13,-0.71,-0.45,0.58,3.37,4.40,2.06,2.07,1.27,-0.30,,0.70,-3.20,3.40,2.70,2.70,,,,,,,2.10,3.10,,2,3.50,1.70,2.81,,,,,,,,2.60,2.80,1.40,0.90,0.70,,,,,2.60,,0.70,0.10,1.60,2,1.40,,,0.90,,,-0.40,,,1.60,0.80,2,4.40,2.30,1,
2008-12-19 00:30,2.10,2.38,0.57,1.31,-0.50,3.28,2.57,2.70,-0.66,2.55,0.16,1.41,-0.73,0.71,0.43,-0.10,-0.08,-2.70,1.60,0.16,-0.08,-0.44,1.52,,3.29,3.55,3.20,1.41,3.46,1.80,2.42,3.36,-1.60,2.44,2.53,2.53,3.16,3.23,0.13,2.84,-1.60,-2.12,-0.52,3.22,1,3.13,2.70,2.49,2.69,2.40,2.19,3.15,2.69,3.58,2.07,2.62,2.80,2.70,2.95,3.16,2.51,2.90,2.13,1.16,2.38,1.32,1.34,0.21,0.10,-0.79,0.13,0.92,1.82,0.97,1.55,2.38,2.10,1.01,1.91,2.92,2.78,2.30,3.28,2.14,3.71,1.06,2.50,3.20,3.52,3.24,-0.06,2.08,1.86,2.40,2.76,3.13,0.74,2.39,2.32,1.73,1.51,2.82,1.68,1.66,2.23,2.38,3.08,2.40,1.72,1.32,1.11,-0.68,1.86,2.65,2.42,1.74,1.90,1.24,0.25,0.43,-0.30,-0.27,-0.74,-0.48,0.67,3.26,4.40,2.13,2.14,1.17,-0.30,,0.70,-3.10,3.30,2.70,2.60,,,,,,,2.10,3.10,,2,3.50,1.60,2.81,,,,,,,,2.60,2.80,1.40,0.90,0.70,,,,,2.60,,0.70,0.10,1.70,2,,,,0.90,,,-0.40,,,1.80,0.60,2.10,4.40,2.40,1,
2008-12-19 00:40,2.10,2.25,0.59,1.19,-0.60,3.25,2.52,2.60,-0.74,2.46,0.11,1.37,-0.77,0.72,0.26,-0.21,-0.07,-2.57,1.60,0.12,-0.09,-0.60,1.45,,3.26,3.38,3.19,1.44,3.41,1.80,2.44,3.30,-1.64,2.24,2.59,2.48,3.27,3.11,0.18,2.73,-1.80,-2.06,-0.55,3.23,0.80,3.11,2.70,2.53,2.69,2.40,2.10,3.09,2.68,3.53,2.05,2.65,2.68,2.60,2.96,3.16,2.50,2.80,1.95,0.54,2.36,1.35,1.38,0.21,0,-1.04,-0.02,0.71,1.83,1,1.53,2.44,2.10,0.81,1.80,2.96,2.68,2.40,3.19,2.06,3.82,1.17,2.50,3.20,3.45,3.28,-0.06,2.04,1.83,2.40,2.47,3.10,0.77,2.43,2.32,1.71,1.50,2.82,1.66,1.65,2.24,2.46,3.14,2.40,1.76,1.26,1.19,-0.76,1.83,2.69,2.50,1.79,1.80,1.24,0.28,0.34,-0.30,-0.15,-0.74,-0.66,0.75,3.30,4.40,2.07,2.12,1.18,-0.30,,0.60,-3,3.30,2.70,2.60,,,,,,,2.10,3,,2,3.50,1.60,2.80,,,,,,,,2.60,2.70,1.40,0.90,0.70,,,,,2.50,,0.70,0.10,1.60,2,1.30,,,0.90,,,-0.40,,,1.70,0.40,2.30,4.40,2.40,0.90,
2008-12-19 00:50,2,2.14,0.57,1.14,-0.60,3.01,2.41,2.60,-0.80,2.46,0.04,1.44,-0.87,0.55,0.34,-0.24,-0.02,-2.62,1.50,0.10,-0.15,-0.90,1.30,,3.39,3.38,3.23,1.45,3.42,1.80,2.25,3.26,-1.77,2.09,2.49,2.50,3.26,3.02,0.08,2.88,-2,-2.16,-0.58,3.20,0.80,3.07,2.70,2.53,2.64,2.45,2.08,3.06,2.73,3.48,2.05,2.56,2.68,2.60,2.91,3.08,2.36,2.80,1.82,0.55,2.32,1.22,1.30,0.21,0,-1.27,-0.18,0.68,1.87,0.96,1.40,2.41,2.10,0.78,1.80,2.97,2.67,2.40,3.21,2.03,3.84,1.17,2.55,3.20,3.50,3.30,-0.06,2.02,2.04,2.40,2.62,3.34,0.78,2.45,2.26,1.72,1.49,2.83,1.65,1.61,2.23,2.47,3.14,2.30,1.73,1.29,1.12,-0.78,1.85,2.59,2.34,1.75,1.90,1.24,0.22,0.42,-0.30,-0.05,-0.70,-0.49,0.75,3.12,4.40,2.13,2.13,1.25,-0.30,,0.50,-3,3.30,2.60,2.60,,,,,,,2.10,2.90,,2,3.60,1.60,2.90,,,,,,,,2.60,2.70,1.40,0.90,0.70,,,,,2.50,,0.60,0.10,1.60,2,1.20,,,0.90,,,-0.40,,,1.60,0.10,2.20,4.40,2.40,0.90,
2008-12-19 01:00,2,1.97,0.54,1.05,-0.60,2.99,2.32,2.50,-0.83,2.43,-0.01,1.35,-0.96,0.55,0.34,-0.18,-0.03,-2.87,1.50,0.02,-0.10,-1.03,1.20,,3.46,3.27,3.33,1.44,3.44,1.80,2.29,3.26,-1.78,2.02,2.32,2.43,3.20,2.97,0.03,2.72,-2,-2.19,-0.85,3.08,0.70,3.09,2.60,2.49,2.48,2.36,2.12,3.07,2.61,3.46,2.03,2.44,2.74,2.60,2.91,3.08,2.32,2.80,1.83,0.79,2.28,1.15,1.34,0.18,0,-1.33,-0.09,0.61,1.89,0.90,1.27,2.34,2.10,0.61,1.70,3.02,2.66,2.40,3.23,1.95,3.78,1.17,2.52,3.20,3.50,3.35,-0.06,2.06,1.96,2.40,2.52,3.05,0.76,2.52,2.25,1.68,1.51,2.83,1.78,1.70,2.24,2.49,3.18,2.30,1.69,1.31,1.20,-0.80,1.95,2.61,2.37,1.82,1.80,1.20,0.19,0.24,-0.30,-0.18,-0.78,-0.75,0.73,3.13,4.40,2.12,2.28,0.95,-0.30,1.20,0.50,-3.10,3.30,2.60,2.60,2.90,0.70,-3.20,2.10,2.80,2.20,2.10,2.90,3.30,1.90,3.50,1.60,2.90,,1.70,2.20,2.40,2.50,2.50,2.70,2.50,2.70,1.30,0.90,0.70,2.20,2,2.20,2.60,2.50,1.60,0.60,0.10,1.60,2,1.20,,2.40,0.80,0.40,0.70,-0.50,1.20,1.60,1.40,-0.20,2.40,4.40,2.40,0.90,-0.70
2008-12-19 01:10,1.90,1.80,0.46,1,-0.70,2.97,2.21,2.40,-0.95,2.34,-0.04,1.36,-1.04,0.57,0.34,-0.21,-0.13,-2.78,1.40,0.07,-0.19,-0.91,1.06,,3.39,3.34,3.35,1.47,3.45,1.80,2.20,3.28,-1.73,2.05,2.27,2.25,3.03,2.88,0.03,2.78,-2.10,-2.21,-0.99,2.96,0.60,3.04,2.60,2.50,2.36,2.36,2.05,3.04,2.67,3.44,2.03,2.46,2.81,2.60,3,3.12,2.38,2.70,1.86,1.09,2.32,1.10,1.39,0.24,0.10,-1.27,-0.29,0.47,1.86,0.84,1.05,2.44,2,0.64,1.65,3.01,2.69,2.30,3.15,1.94,3.81,1.19,2.50,3.20,3.48,3.24,-0.08,2.07,1.84,2.40,2.67,2.89,0.69,2.58,2.33,1.70,1.39,2.78,1.82,1.64,2.27,2.35,3.18,2.30,1.72,1.27,1.21,-0.83,1.92,2.72,2.46,1.75,1.80,1.26,0.18,0.40,-0.30,-0.11,-0.91,-0.39,0.73,3.11,4.40,2.14,2.32,1.19,-0.30,,0.50,-3.10,3.30,2.60,2.60,,,,,,,2.10,2.80,,1.90,3.50,1.60,2.86,,,,,,,,2.50,2.60,1.30,0.90,0.70,,,,,2.50,,0.60,0.10,1.60,2,1.20,,,0.80,,,-0.50,,,1.40,-0.20,2.40,4.50,2.40,0.90,
2008-12-19 01:20,1.80,1.46,0.39,1.03,-0.70,2.86,2.14,2.30,-1.12,2.31,0.02,1.33,-1.04,0.58,0.31,-0.33,-0.14,-2.75,1.30,-0.06,-0.30,-1.03,0.92,,3.37,3.37,3.32,1.52,3.38,1.80,2.07,3.24,-1.85,1.86,2.16,2.14,2.89,2.79,-0.06,2.74,-2.10,-2.37,-0.99,3.01,0.60,3.01,2.60,2.42,2.46,2.41,2.05,2.96,2.61,3.42,2.02,2.41,2.72,2.60,2.86,3.05,2.34,2.70,1.93,0.78,2.25,0.97,1.48,0.21,0,-1.18,-0.40,0.38,1.91,0.73,1.05,2.42,1.90,0.53,1.59,3.01,2.73,2.30,3.01,1.98,3.72,1.19,2.59,3.20,3.42,3.24,-0.02,2,1.85,2.40,2.71,2.97,0.67,2.54,2.31,1.72,1.41,2.83,1.76,1.56,2.22,2.42,3.13,2.30,1.74,1.19,1.12,-0.83,1.60,2.71,2.47,1.75,1.80,1.05,0.19,0.28,-0.40,-0.14,-0.79,-0.80,0.88,3.04,4.50,2.16,2.03,1.02,-0.30,,0.40,-3.20,3.30,2.50,2.50,,,,,,,2,2.80,,1.90,3.50,1.60,2.72,,,,,,,,2.50,2.60,1.30,0.90,0.70,,,,,2.40,,0.60,0.10,1.60,2,1.20,,,0.70,,,-0.50,,,1.30,-0.50,2.50,4.40,2.30,0.90,
2008-12-19 01:30,1.70,1.18,0.35,0.95,-0.80,2.73,1.95,2.20,-1.17,2.28,0.02,1.40,-1.05,0.48,0.27,-0.34,-0.18,-2.84,1.30,-0.18,-0.30,-1.03,0.79,,3.33,3.31,3.29,1.54,3.35,1.80,2,3.24,-1.87,1.78,2.09,1.98,3.01,2.67,-0.02,2.71,-2.10,-2.42,-1.14,2.87,0.50,2.97,2.60,2.43,2.22,2.43,2,3,2.70,3.42,2.02,2.39,2.68,2.60,2.89,2.99,2.26,2.60,1.89,1.24,2.18,1,1.58,0.18,0,-1.25,-0.21,0.43,1.98,0.61,0.87,2.46,1.90,0.51,1.40,2.69,2.65,2.40,3,1.96,3.70,1.14,2.65,3.20,3.38,3.26,-0.02,2.01,1.95,2.40,2.59,3.18,0.70,2.51,2.28,1.70,1.52,2.72,1.80,1.48,2.20,2.29,3.25,2.30,1.73,1.15,1.10,-0.81,1.44,2.71,2.41,1.72,1.80,1.18,0.07,0.29,-0.40,-0.16,-0.76,-0.48,0.99,3.03,4.40,2.19,1.99,1,-0.40,,0.40,-3.20,3.30,2.50,2.50,,,,,,,2.10,2.80,,1.90,3.50,1.60,2.76,,,,,,,,2.50,2.60,1.30,0.90,0.70,,,,,2.40,,0.60,0.10,1.60,2.10,1.30,,,0.70,,,-0.50,,,1.30,-0.40,2.60,4.40,2.30,0.90,
2008-12-19 01:40,1.60,0.93,0.26,0.89,-0.80,2.74,1.88,2.20,-1.24,2.18,-0.13,1.33,-1.12,0.40,0.26,-0.31,-0.28,-2.88,1.20,-0.22,-0.27,-1.14,0.75,,3.22,3.34,3.27,1.50,3.39,1.90,1.95,3.25,-1.90,1.65,1.94,1.79,3.01,2.55,-0.13,2.65,-2.10,-2.38,-1.17,2.64,0.40,2.91,2.60,2.42,2.55,2.43,1.95,2.96,2.60,3.49,1.95,2.41,2.76,2.60,2.90,2.99,2.29,2.60,1.92,1,2.14,0.91,1.44,0.31,0,-1.32,-0.26,0.49,1.89,0.69,0.83,2.41,1.90,0.45,1.30,2.99,2.59,2.40,3.08,1.94,3.76,1.15,2.62,3.20,3.38,3.21,0.04,2.05,1.86,2.30,2.61,2.91,0.78,2.49,2.30,1.67,1.53,2.78,1.87,1.37,2.05,2.23,3.20,2.20,1.74,1.17,1.09,-0.75,1.38,2.80,2.38,1.74,1.80,1.23,0.02,0.24,-0.40,-0.14,-0.85,-0.61,0.89,2.99,4.40,2.11,2.11,1.12,-0.40,,0.40,-3.10,3.30,2.50,2.50,,,,,,,2.10,2.70,,1.80,3.50,1.60,2.67,,,,,,,,2.50,2.50,1.30,0.90,0.60,,,,,2.40,,0.60,0.10,1.50,2,1.30,,,0.70,,,-0.50,,,1.40,-0.20,2.60,4.40,2.30,0.90,
2008-12-19 01:50,1.40,0.76,0.32,0.85,-0.90,2.78,1.68,2,-1.34,2.13,-0.12,1.07,-1.11,0.37,0.32,-0.30,-0.34,-2.93,1.20,-0.25,-0.26,-1.05,0.58,,3.37,3.34,3.21,1.50,3.41,1.90,1.95,3.31,-1.79,1.60,1.74,1.62,2.99,2.43,-0.17,2.52,-2.10,-2.33,-1.18,2.79,0.30,2.93,2.60,2.40,2.36,2.45,2.04,2.92,2.62,3.48,1.96,2.46,2.67,2.50,2.89,3.01,2.18,2.60,1.94,1.01,2.06,0.93,1.54,0.38,0,-1.38,-0.18,0.49,1.95,0.63,0.78,2.38,1.90,0.37,1.30,2.69,2.58,2.66,2.98,1.90,3.71,1.14,2.57,3.20,3.34,3.30,0.09,2.04,1.88,2.30,2.48,2.94,0.75,2.44,2.22,1.73,1.40,2.75,1.90,1.47,2.15,2.26,3.25,2.20,1.70,1.19,1.11,-0.69,1.40,2.75,2.39,1.69,1.80,1.23,0.05,0.29,-0.40,-0.19,-0.86,-0.74,0.94,3,4.40,2.10,2.09,1.17,-0.40,,0.30,-3.10,3.30,2.50,2.40,,,,,,,2.10,2.70,,1.80,3.50,1.60,2.64,,,,,,,,2.50,2.50,1.30,0.90,0.60,,,,,2.30,,0.50,0.10,1.50,2,1.30,,,0.70,,,-0.60,,,1.40,-0.30,2.80,4.30,2.20,0.90,
2008-12-19 02:00,1.30,0.68,0.29,0.75,-0.90,2.49,1.56,2,-1.43,2.07,-0.18,0.84,-1.20,0.33,0.29,-0.39,-0.42,-2.94,1.10,-0.25,-0.30,-1.23,0.56,,3.30,3.26,3.17,1.47,3.42,1.90,1.93,3.24,-1.88,1.44,1.75,1.47,2.72,2.18,-0.18,2.60,-2.10,-2.16,-1.20,2.60,0.30,2.95,2.50,2.39,2.47,2.48,2.02,3.07,2.65,3.47,1.99,2.39,2.59,2.50,2.89,2.98,2.20,2.60,1.83,1.07,2.09,0.83,1.47,0.31,0,-1.53,0.01,0.60,1.96,0.71,0.61,2.49,1.90,0.42,1.10,2.69,2.60,2.64,3.11,1.64,3.73,1.14,2.53,3.20,3.24,3.20,0.10,2,1.95,2.20,2.29,2.92,0.74,2.47,2.20,1.78,1.42,2.76,1.96,1.41,2.03,2.27,3.22,2.20,1.59,1.21,1.07,-0.67,1.44,2.52,2.39,1.70,1.80,1.18,0.04,0.25,-0.40,-0.21,-0.91,-0.76,1.02,2.97,4.40,2.08,2.14,1.12,-0.40,0.30,0.30,-3.10,3.30,2.50,2.50,2.80,0.60,-3.20,2,2.70,2,2.10,2.70,3.20,1.80,3.40,1.60,2.80,1.60,1.30,2.20,2.40,2.30,2.30,2.40,2.50,2.50,1.30,0.90,0.50,2.40,1.90,2.40,2.60,2.30,1.60,0.60,0.10,1.80,1.80,1,1.50,2.30,0.60,0.20,,-0.60,,1.30,1.40,0.10,2.80,4.30,2.20,0.80,-0.70
2008-12-19 02:10,1.20,0.58,0.18,0.69,-1,2.73,1.54,1.90,-1.43,2.01,-0.16,0.66,-1.24,0.30,0.30,-0.41,-0.49,-3,0.80,-0.18,-0.38,-1.48,0.47,,3.27,3.16,2.99,1.43,3.37,1.80,1.86,3.28,-1.89,1.21,1.66,1.25,2.55,2,-0.20,2.58,-2.10,,-1.17,2.67,0.20,2.91,2.50,2.38,2.29,2.41,1.87,2.96,2.62,3.44,1.96,2.43,2.54,2.40,2.81,2.97,2.13,2.50,1.78,-0.02,1.99,0.82,1.55,0.39,0,-1.43,0.17,0.68,1.92,0.59,0.62,2.49,1.90,0.39,1.01,2.71,2.59,2.40,3,1.49,3.65,1.03,2.54,3.20,3.22,3.31,0.07,1.91,1.79,2.20,2.30,2.74,0.75,2.44,2.18,1.78,1.47,2.75,1.97,1.45,2.01,2.26,3.19,2.10,1.56,1.21,1.15,-0.65,1.55,2.62,2.40,1.65,1.80,1.21,0.08,0.19,-0.40,-0.22,-0.88,-0.79,0.79,2.93,4.30,2.11,2.23,1.10,-0.40,,0.20,-3,3.20,2.50,2.40,,,,,,,2.10,2.70,,1.80,3.30,1.60,2.66,,,,,,,,2.50,2.40,1.30,0.90,0.50,,,,,2.30,,0.50,0.10,1.80,1.80,1,,,0.60,,,-0.60,,,1.50,0.30,2.80,4.30,2.20,0.80,
2008-12-19 02:20,1,0.50,0.21,0.61,-1,2.56,1.39,1.90,-1.52,1.98,-0.17,0.48,-1.24,0.32,0.15,-0.32,-0.51,-3.03,0.50,-0.17,-0.35,-1.56,0.46,,3.23,3.12,2.90,1.35,3.34,1.70,1.87,3.21,-1.96,1.09,1.64,1.17,2.51,1.98,-0.25,2.34,-2.20,,-1.14,2.64,0.20,2.89,2.50,2.39,2.33,2.34,1.84,3.03,2.50,3.41,1.91,2.43,2.59,2.40,2.79,3.01,2.14,2.50,1.67,-0.56,2,0.80,1.48,0.42,0,-1.35,0.22,0.60,1.86,0.39,0.58,2.35,1.80,0.30,0.97,2.53,2.52,2.40,3.06,1.42,3.64,1.06,2.61,3.20,3.13,3.32,0.10,1.89,1.78,2.10,2.52,2.63,0.76,2.44,2.21,1.74,1.51,2.73,2.12,1.57,2.01,2.20,3.25,2.20,1.55,1.18,1.18,-0.60,1.51,2.63,2.38,1.71,1.80,1.19,0.06,0.18,-0.40,-0.27,-0.99,-0.67,0.88,2.94,4.30,2.06,2.13,1.14,-0.40,,0.30,-3,3.20,2.40,2.40,,,,,,,2.10,2.60,,1.80,3.20,1.50,2.69,,,,,,,,2.50,2.40,1.30,0.80,0.50,,,,,2.30,,0.40,0.10,1.90,1.70,0.90,,,0.60,,,-0.60,,,1.50,0.40,2.80,4.30,2.20,0.80,
2008-12-19 02:30,0.80,0.49,0.13,0.55,-1,2.58,1.43,1.80,-1.49,1.94,-0.14,0.12,-1.36,0.27,0.25,-0.38,-0.58,-2.93,0.40,-0.17,-0.40,-1.32,0.44,,3.15,3.14,2.87,1.26,3.35,1.70,1.98,3.19,-2.09,0.94,1.51,1.09,2.27,1.90,-0.37,2.22,-2.20,,-1.06,2.59,0.20,2.87,2.50,2.38,2.35,2.35,1.97,3.03,2.54,3.43,1.84,2.43,2.58,2.40,2.82,2.94,2.07,2.50,1.67,-0.31,1.93,0.73,1.41,0.58,0,-1.49,0.20,0.61,1.84,0.39,0.57,2.46,1.80,0.29,0.84,2.31,2.51,2.30,2.98,1.26,3.61,1.06,2.53,3.20,3.11,3.22,0.05,1.93,1.74,2.20,2.51,2.89,0.71,2.44,2.15,1.85,1.39,2.71,2.15,1.63,2.01,2.28,3.18,2.10,1.63,1.12,1.04,-0.55,1.54,2.68,2.58,1.79,1.80,1.14,0.06,0.11,-0.40,-0.20,-0.97,-0.47,0.95,2.95,4.30,2.09,2.02,1.09,-0.40,,0.20,-3,3.30,2.40,2.50,,,,,,,2.10,2.50,,1.80,3.20,1.50,2.69,,,,,,,,2.40,2.40,1.20,0.80,0.50,,,,,2.30,,0.30,0.10,1.90,1.80,0.90,,,0.60,,,-0.60,,,1.70,0.30,2.60,4.30,2.20,0.80,
2008-12-19 02:40,0.70,0.49,0.12,0.50,-1,2.62,1.28,1.80,-1.54,1.94,-0.10,-0.01,-1.44,0.28,0.17,-0.59,-0.56,-2.81,0.30,-0.38,-0.42,-1.58,0.38,,3.20,3.14,2.81,1.16,3.36,1.60,1.99,3.27,-2.24,1.03,1.38,1.08,2.23,1.84,-0.34,2.35,-2.10,,-1.14,2.58,0.30,2.86,2.50,2.30,2.29,2.43,1.98,2.94,2.61,3.39,1.85,2.34,2.60,2.40,2.76,2.90,2.10,2.40,1.65,-0.72,1.89,0.67,1.54,0.72,0,-1.57,0.12,0.56,1.98,0.39,0.38,2.54,1.80,0.26,0.72,2.13,2.44,2.30,2.85,1.13,3.60,1.03,2.50,3.20,3.02,3.13,-0.05,1.92,1.68,2.20,2.18,2.69,0.73,2.31,2.15,1.76,1.43,2.77,2.14,1.53,1.89,2.14,3.13,2.10,1.62,1.10,1.10,-0.60,1.51,2.76,2.49,1.77,1.80,1,0.01,0.24,-0.40,-0.13,-1.05,-0.49,0.80,3.06,4.30,2.05,2.20,0.93,-0.40,,0.20,-3.10,3.20,2.40,2.40,,,,,,,2.10,2.40,,1.70,3.10,1.50,2.67,,,,,,,,2.40,2.40,1.20,0.80,0.60,,,,,2.30,,0.30,0.10,1.90,1.80,0.80,,,0.60,,,-0.60,,,1.70,0.60,2.60,4.30,2.20,0.80,
2008-12-19 02:50,0.60,0.47,0.10,0.45,-1.10,2.44,1.02,1.60,-1.68,1.88,-0.16,0.13,-1.49,0.28,0.20,-0.67,-0.59,-2.92,0.20,-0.25,-0.56,-1.59,0.38,,3.27,3.01,2.71,1.12,3.32,1.60,2,3.28,-2.34,1.26,1.32,0.86,2.28,1.79,-0.42,2.27,-2.10,,-1.07,2.53,0.30,2.73,2.40,2.19,2.24,2.32,1.86,2.87,2.54,3.26,1.89,2.34,2.56,2.40,2.74,2.93,2.11,2.40,1.61,-0.87,1.82,0.65,1.60,0.70,0.10,-1.55,0.08,0.43,2.03,0.38,0.42,2.45,1.80,0.40,0.65,2.04,2.38,2.30,2.85,1.10,3.55,1.07,2.51,3.20,3.10,3.20,-0.13,1.91,1.60,2.20,2.31,2.50,0.79,2.36,2.04,1.81,1.43,2.79,2.24,1.40,1.87,2.16,3.26,2,1.53,1.15,1.05,-0.66,1.56,2.74,2.33,1.73,1.80,1.06,-0.06,0.14,-0.40,-0.10,-1.01,-0.47,0.93,2.89,4.20,2.11,1.95,0.94,-0.40,,0.20,-3.20,3.30,2.40,2.40,,,,,,,2.10,2.30,,1.70,3.10,1.50,2.58,,,,,,,,2.40,2.40,1.20,0.80,0.50,,,,,2.20,,0.20,0,1.90,1.90,0.80,,,0.60,,,-0.60,,,1.80,0.70,2.60,4.20,2.20,0.70,
2008-12-19 03:00,0.50,0.48,0.06,0.47,-1.10,2.31,0.89,1.60,-1.74,1.79,-0.17,0.13,-1.59,0.32,0.17,-0.62,-0.59,-3.08,0.10,-0.30,-0.71,-1.26,0.45,,3.25,2.89,2.69,1.09,3.38,1.50,2.07,3.25,-2.45,1.37,1.31,1.08,2.15,1.83,-0.56,2.36,-2.10,-2.16,-1.10,2.59,0.30,2.72,2.40,2.32,2.10,2.22,1.73,2.84,2.52,3.20,1.85,2.25,2.51,2.40,2.73,2.89,2.07,2.40,1.64,-1.02,1.73,0.56,1.59,0.80,0.10,-1.52,0.11,0.45,2.18,0.43,0.26,2.43,1.70,0.35,0.62,2.12,2.28,2.30,2.93,1.02,3.49,1.05,2.42,3.20,3.07,3.13,-0.19,1.87,1.75,2.10,2.17,2.61,0.78,2.45,2.10,1.81,1.38,2.77,2.11,1.35,1.96,2.23,3.27,2,1.47,1.12,1.08,-0.65,1.60,2.69,2.34,1.70,1.80,1.11,0.04,0.13,-0.40,-0.14,-1.02,-0.54,0.98,2.69,4.20,2.17,1.99,0.97,-0.40,0.10,0.20,-3.20,3.30,2.40,2.40,2.70,0.60,-3.10,1.90,2.30,1.40,2.20,2.30,3,1.60,3.10,1.50,2.70,1.40,1.60,2.30,2.20,2.20,2.10,2.20,2.40,2.40,1.10,0.80,0.30,2.30,1.80,2.40,2.70,2.10,1.40,0.20,0,2,1.90,0.70,1.60,2.40,0.60,0.20,0.60,-0.60,0.80,1.20,1.90,0.80,2.70,4.20,2.20,0.70,-0.80
2008-12-19 03:10,0.40,0.49,0.11,0.38,-1.10,2.20,0.74,1.60,-1.79,1.68,-0.17,0.11,-1.68,0.32,0.06,-0.64,-0.64,-3.03,0.10,-0.26,-0.73,-1.56,0.38,,3.24,2.83,2.63,0.94,3.29,1.40,2,3.21,-2.47,1.53,1.21,1.03,2.04,1.75,-0.50,2.31,-2.10,-2,-1.10,2.81,0.30,2.70,2.30,2.30,2.07,2.25,1.69,2.92,2.48,3.22,1.70,2.30,2.53,2.40,2.66,2.80,2.10,2.40,1.61,-0.98,1.69,0.42,1.74,0.84,0.20,-1.46,0.16,0.41,2.14,0.49,0.26,2.59,1.80,0.46,0.50,2.20,2.18,2.10,2.79,0.67,3.42,1.03,2.42,3.20,3.12,3.08,-0.12,1.84,1.78,2.10,2.32,2.56,0.82,2.41,2.15,1.72,1.39,2.82,2.20,1.31,1.92,2.13,3.29,2,1.46,1.12,1.05,-0.79,1.74,2.63,2.52,1.66,1.80,1.01,-0.07,0.23,-0.40,-0.20,-1.04,-0.51,0.92,2.49,4.20,2.11,2.05,0.93,-0.40,,0.20,-3.30,3.30,2.40,2.40,,,,,,,2.20,2.30,,1.60,3.10,1.50,2.61,,,,,,,,2.40,2.30,1.10,0.80,0.30,,,,,2.10,,0.20,0,2,1.90,0.70,,,0.60,,,-0.60,,,1.80,0.70,2.90,4.20,2.20,0.70,
2008-12-19 03:20,0.40,0.52,0.08,0.36,-1.20,2.08,0.52,1.50,-1.82,1.60,-0.29,0.10,-1.73,0.32,0.06,-0.66,-0.66,-3.15,0.10,-0.21,-0.73,-1.29,0.44,,3.17,2.78,2.60,1,3.25,1.40,2.16,3.13,-2.66,1.60,1.25,1.06,2.15,1.77,-0.53,2.12,-2.20,-1.93,-1.05,2.82,0.30,2.75,2.20,2.26,2.02,2.20,1.61,2.99,2.58,3.24,1.73,2.34,2.54,2.40,2.61,2.81,2.05,2.40,1.56,-0.92,1.62,0.42,1.52,0.80,0.10,-1.51,0.13,0.43,2.04,0.48,0.22,2.59,1.90,0.43,0.50,2.04,2.08,2,2.60,0.37,3.49,0.99,2.47,3.20,3.11,3.11,-0.06,1.85,1.77,2.10,2.21,2.40,0.70,2.33,2.17,1.72,1.43,2.82,2.13,1.40,1.95,2.01,3.21,2,1.38,1.10,1,-0.74,1.82,2.61,2.56,1.75,1.80,1.11,-0.08,0.10,-0.40,-0.18,-1.05,-0.57,0.96,2.29,4.10,2.12,2.02,1,-0.40,,0.20,-3.30,3.40,2.40,2.30,,,,,,,2.20,2.20,,1.60,3,1.50,2.55,,,,,,,,2.40,2.30,1.10,0.80,0.20,,,,,2.10,,0.20,0,2,1.90,0.70,,,0.60,,,-0.50,,,1.70,0.70,2.30,4.20,2.20,0.70,
2008-12-19 03:30,0.40,0.47,0.01,0.40,-1.10,1.92,0.39,1.50,-1.80,1.68,-0.30,0.05,-1.78,0.27,0.10,-0.55,-0.63,-3.30,0,-0.19,-0.70,-1.18,0.45,,3.13,2.70,2.56,1.06,3.25,1.40,2.19,3.09,-2.49,1.68,1.33,1.19,2.16,1.80,-0.56,2.14,-2.30,-2.38,-1.11,2.95,0.30,2.75,2.20,2.20,2.29,2.19,1.75,2.88,2.55,3.24,1.73,2.28,2.54,2.40,2.68,2.82,2.07,2.30,1.48,-1.13,1.67,0.42,1.52,0.73,0.20,-1.59,0.10,0.33,2.07,0.46,0.21,2.50,1.90,0.43,0.50,2.26,2,2,2.66,0.28,3.26,1.02,2.41,3.10,3.10,3.14,-0.16,1.84,1.68,2.10,2.24,2.57,0.69,2.35,2.10,1.69,1.44,2.71,2.05,1.37,1.92,1.91,3.13,1.90,1.35,1.11,0.93,-0.74,1.75,2.61,2.48,1.72,1.80,1,-0.10,0.01,-0.40,-0.18,-0.99,-0.85,0.99,2.03,4.10,2.17,1.84,1.08,-0.50,,0.30,-3.30,3.30,2.40,2.30,,,,,,,2.10,2.10,,1.60,2.90,1.50,2.49,,,,,,,,2.40,2.30,1.10,0.80,0.20,,,,,2,,0.10,0,2,1.90,0.60,,,0.60,,,-0.50,,,1.60,0.70,2.20,4.20,2.20,0.60,
2008-12-19 03:40,0.40,0.46,0.07,0.38,-1.10,1.84,0.33,1.40,-1.79,1.56,-0.28,0.12,-1.81,0.19,0.03,-0.56,-0.73,-3.39,0,-0.16,-0.71,-1.23,0.56,,3.15,2.52,2.49,1,3.22,1.40,2.22,3.10,-2.54,1.55,1.35,1.28,2.01,1.69,-0.56,2.14,-2.30,-2.38,-1.31,2.63,0.30,2.70,2.20,2.22,2.06,2.16,1.58,2.93,2.48,3.22,1.74,2.27,2.57,2.40,2.78,2.83,2.10,2.30,1.58,-1.24,1.66,0.33,1.66,0.69,0.20,-1.67,-0.06,0.28,2,0.43,0.19,2.50,1.90,0.43,0.50,2.08,1.97,1.90,2.57,0.26,3.29,0.94,2.39,3.10,3.12,3.26,-0.24,1.83,1.92,2.10,2.17,3.24,0.76,2.33,2.15,1.60,1.39,2.79,2.19,1.41,2.03,1.80,3.06,1.90,1.41,1.08,0.90,-0.74,1.66,2.68,2.43,1.61,1.80,0.96,-0.09,0.01,-0.40,-0.14,-0.96,-0.82,1.02,1.86,4.10,2.14,1.79,1.06,-0.50,,0.20,-3.40,3.40,2.30,2.30,,,,,,,2.10,2,,1.60,2.90,1.50,2.49,,,,,,,,2.40,2.30,1.10,0.80,0.20,,,,,2,,0.10,0,1.90,1.90,0.60,,,0.60,,,-0.50,,,1.50,0.70,2.20,4.20,2.20,0.70,
2008-12-19 03:50,0.40,0.43,-0.06,0.40,-1.20,1.75,0.29,1.40,-1.84,1.44,-0.28,0.16,-1.74,0.20,-0.03,-0.67,-0.77,-3.43,0,-0.26,-0.82,-1.55,0.52,,3.06,2.38,2.49,0.94,3.19,1.30,2.12,3.03,-2.67,1.47,1.24,1.23,2,1.65,-0.54,2.38,-2.30,-1.96,-1.39,2.75,0.30,2.69,2.10,2.22,2.10,2.17,1.35,2.80,2.52,3.17,1.65,2.23,2.55,2.30,2.63,2.86,2.04,2.30,1.38,-1.28,1.60,0.22,1.69,0.67,0.20,-1.80,0.05,0.29,2.10,0.33,0.18,2.57,1.90,0.52,0.50,2.09,1.74,1.90,2.38,0.20,3.11,1.01,2.34,3.10,3.05,3.23,-0.14,1.89,1.84,2.10,2.02,2.20,0.73,2.22,2.12,1.59,1.36,2.73,2.21,1.43,2.02,1.94,3.05,1.80,1.50,1,1,-0.74,1.76,2.62,2.43,1.58,1.80,0.96,-0.08,0.17,-0.40,-0.17,-1.06,-0.59,1.13,1.62,4.10,2.09,1.96,1.04,-0.50,,0.20,-3.40,3.30,2.30,2.30,,,,,,,2,1.90,,1.70,2.90,1.50,2.52,,,,,,,,2.40,2.30,1.10,0.80,0.20,,,,,2,,0.10,0,1.90,1.90,0.60,,,0.60,,,-0.50,,,1.50,0.70,2,4.10,2.20,0.70,
2008-12-19 04:00,0.40,0.51,0.01,0.50,-1.20,1.69,0.25,1.30,-1.87,1.40,-0.33,0.24,-1.81,0.20,-0.03,-0.78,-0.79,-3.58,0,-0.30,-0.71,-1.32,0.56,,3.17,2.29,2.44,0.90,3.22,1.30,2.03,3.13,-2.66,1.40,1.24,1.17,1.94,1.62,-0.58,2.15,-2.40,-1.80,-1.36,2.76,0.30,2.66,2.10,2.20,2.01,2.15,1.29,2.95,2.49,3.16,1.75,2.23,2.45,2.30,2.65,2.79,1.93,2.20,1.48,-0.70,1.55,0.30,1.75,0.63,0.20,-1.81,0.11,0.24,2.17,0.34,0.26,2.55,1.90,0.45,0.50,2.16,1.57,1.90,2.35,0.12,3.02,0.93,2.23,3.10,3.15,3.14,-0.06,1.87,1.85,2.10,2.07,2.22,0.63,2.27,2.09,1.48,1.38,2.69,2.11,1.51,2.08,1.89,2.91,1.90,1.48,1.03,1,-0.73,1.78,2.62,2.46,1.59,1.80,0.85,-0.08,0.28,-0.50,-0.32,-1.04,-0.44,1.09,1.58,4.10,2.17,2.07,1.03,-0.50,0.10,0.20,-3.40,3.30,2.30,2.20,,1.40,-3.30,1.60,2,0.40,2,1.80,2.30,1.70,2.80,1.50,2.50,1.30,1.80,2.60,2.30,2.30,2,1.70,2.30,2.30,1.10,0.80,0.20,2,1.80,2.40,2.70,2,1.30,0.10,0,1.90,1.80,0.50,,2.30,0.60,0.10,0.50,-0.50,0.70,1,1.50,0.60,1.80,4.10,2.20,0.70,-0.90
2008-12-19 04:10,0.40,0.43,-0.10,0.54,-1.30,1.59,0.24,1.30,-1.88,1.40,-0.23,0.29,-1.77,0.32,-0.01,-0.75,-0.81,-3.58,0,-0.21,-0.80,-1.29,0.52,,3.11,2.09,2.24,0.89,3.20,1.30,1.96,3.09,-2.61,1.29,1.30,1.22,1.95,1.69,-0.58,2.15,-2.40,,-1.33,2.80,0.30,2.62,2.10,2.19,2.11,2.05,1.35,2.80,2.41,3.18,1.73,2.19,2.41,2.30,2.66,2.77,1.90,2.30,1.49,-0.33,1.50,0.35,1.79,0.52,0.10,-1.84,0.11,0.37,2.23,0.21,0.17,2.51,1.80,0.33,0.51,1.90,1.44,1.80,2.33,0.17,2.89,0.95,2.33,3,3.05,3.32,-0.17,1.98,1.74,2.10,2.07,2.06,0.60,2.40,2.05,1.43,1.29,2.76,2.19,1.66,2.08,1.77,2.79,1.80,1.37,1.06,0.91,-0.75,1.73,2.69,2.56,1.54,1.80,0.78,-0.16,0.19,-0.50,-0.33,-1.05,-0.37,0.96,1.68,4.10,2.04,2.07,0.99,-0.50,,0.20,-3.40,3.20,2.30,2.20,,,,,,,1.90,1.70,,1.70,2.80,1.40,2.39,,,,,,,,2.30,2.20,1.10,0.80,0.20,,,,,2,,0.20,0,1.90,1.80,0.50,,,0.60,,,-0.50,,,1.50,0.60,1.50,4.10,2.20,0.60,
2008-12-19 04:20,0.40,0.40,-0.07,0.52,-1.30,1.47,0.26,1.30,-1.96,1.34,-0.25,0.17,-1.86,0.32,-0.15,-0.71,-0.79,-3.54,0,-0.19,-0.85,-1.26,0.46,,3.14,1.97,2.11,0.89,3.14,1.20,1.88,3.03,-2.74,1.30,1.29,1.15,2.01,1.58,-0.60,2.38,-2.60,,-1.42,2.65,0.30,2.58,2,2.16,2.08,1.92,1.42,2.79,2.31,3.09,1.74,2.07,2.40,2.20,2.61,2.75,1.98,2.20,1.46,-0.63,1.48,0.25,1.71,0.45,0.10,-1.80,0.14,0.33,2.22,0.16,0.12,2.50,1.80,0.31,0.38,1.81,1.32,1.70,2.22,0.08,2.77,1.02,2.16,3,3,3.21,-0.28,1.86,1.86,2,2.12,1.91,0.68,2.28,2.08,1.41,1.39,2.77,2.24,1.62,2.10,1.79,2.73,1.80,1.32,1.06,1.01,-0.74,1.79,2.69,2.40,1.50,1.80,0.85,-0.12,0.19,-0.50,-0.30,-1.01,-0.39,1.14,1.67,4.10,2.10,2.05,0.93,-0.50,,0.10,-3.50,3.10,2.30,2.20,,,,,,,1.70,1.60,,1.60,2.70,1.40,2.33,,,,,,,,2.30,2.20,1.10,0.90,0.20,,,,,2,,0.20,0,1.90,1.80,0.50,,,0.60,,,-0.50,,,1.50,0.60,1.30,4.10,2.20,0.70,
2008-12-19 04:30,0.40,0.43,-0.09,0.50,-1.30,1.37,0.22,1.30,-2.04,1.35,-0.28,0.19,-1.93,0.28,-0.12,-0.76,-0.84,-3.56,0,-0.45,-0.91,-1.34,0.43,,3.10,1.88,2.06,0.76,3.09,1.10,1.87,2.96,-2.95,1.31,1.21,1.09,2.04,1.59,-0.71,2.10,-2.80,,-1.72,2.54,0.30,2.50,2,2.14,1.96,2.03,1.43,2.68,2.35,3.02,1.78,2.13,2.34,2.20,2.56,2.73,1.96,2.20,1.42,-0.66,1.44,0.16,1.64,0.44,0.10,-1.71,0.10,0.30,2.22,0.12,0.19,2.50,1.80,0.26,0.30,1.80,1.35,1.40,2.18,0.13,2.65,0.99,2.04,3,2.97,3.10,-0.14,1.77,1.94,2.10,2.01,2.44,0.71,2.22,2.09,1.51,1.34,2.75,2.20,1.54,2.13,1.74,2.84,1.80,1.50,1.01,0.97,-0.77,1.77,2.62,2.49,1.56,1.80,0.65,-0.09,0.10,-0.50,-0.22,-1.07,-0.61,1.27,1.73,4.10,2.10,2.04,0.99,-0.50,,0.10,-3.50,3,2.30,2.20,,,,,,,1.60,1.50,,1.60,2.70,1.40,2.27,,,,,,,,2.20,2.20,1.10,0.80,0.20,,,,,2,,0.20,-0.10,1.90,1.80,,,,0.50,,,-0.50,,,1.40,0.60,1.30,4.10,2.10,0.70,
2008-12-19 04:40,0.40,0.48,-0.09,0.49,-1.40,1.32,0.20,1.20,-2.05,1.29,-0.33,0.31,-1.94,0.24,-0.16,-0.82,-0.90,-3.65,0,-0.44,-0.98,-1.72,0.43,,3.14,1.65,1.86,0.66,3.01,1.10,1.84,3.02,-3,1.16,1.14,1.04,1.96,1.52,-0.72,1.89,-2.90,,-1.87,2.61,0.20,2.63,2,2.17,1.80,2.02,1.44,2.71,2.34,3.03,1.75,2.06,2.38,2.20,2.55,2.80,1.91,2.20,1.37,-0.85,1.41,0.19,1.57,0.50,0.20,-1.70,-0.05,0.39,2.20,0.14,0.22,2.54,1.60,0.27,0.30,1.76,1.37,1.10,2.20,-0.01,2.52,0.97,1.91,3,2.93,3.13,-0.07,1.87,1.83,2,2.02,2.39,0.66,2.23,1.91,1.45,1.36,2.77,2.17,1.42,2.19,1.79,2.75,1.80,1.32,0.91,0.96,-0.71,1.70,2.51,2.60,1.59,1.80,0.74,-0.06,0.15,-0.50,-0.21,-1.03,-0.53,1.28,1.68,4.10,2.14,2.04,1.07,-0.60,,0,-3.50,3,2.20,2.20,,,,,,,1.60,1.50,,1.60,2.60,1.40,2.23,,,,,,,,2.20,2.10,1.10,0.90,0.20,,,,,2,,0.20,-0.10,1.80,1.80,0.60,,,0.60,,,-0.50,,,1.50,0.60,1.20,4,2.10,0.60,
2008-12-19 04:50,0.40,0.48,-0.15,0.51,-1.40,1.29,0.17,1.20,-2.11,1.22,-0.23,0.25,-1.98,0.25,-0.20,-0.69,-0.91,-3.65,-0.10,-0.40,-1,-1.69,0.36,,3.15,1.54,1.70,0.68,3.03,0.90,1.86,3.04,-3.09,1.21,1.11,0.95,1.88,1.38,-0.92,1.85,-3,,-1.96,2.56,0.10,2.47,2,2.15,1.77,1.94,1.40,2.65,2.24,2.98,1.73,2.03,2.37,2.10,2.56,2.83,1.83,2.20,1.31,-0.89,1.39,0.08,1.25,0.44,0.20,-1.73,0.23,0.44,2.14,0.11,0.17,2.32,1.50,0.29,0.30,1.77,1.38,1.10,2.23,0.05,2.43,0.95,1.90,3,2.98,3.15,-0.06,1.90,1.79,2,2.06,2.66,0.60,2.31,1.93,1.39,1.35,2.80,2.27,1.55,2.19,1.67,2.58,1.80,1.44,0.90,0.87,-0.78,1.71,2.48,2.54,1.53,1.70,0.80,-0.15,0.14,-0.50,-0.33,-0.93,-0.70,1.18,1.69,4.10,2.09,1.88,1.07,-0.60,,-0.10,-3.60,3,2.20,2.10,,,,,,,1.50,1.50,,1.60,2.50,1.40,2.22,,,,,,,,2.20,2.10,1.10,0.80,0.10,,,,,2,,0.20,-0.10,1.80,1.80,0.60,,,0.60,,,-0.50,,,1.50,0.60,1.10,4,2.10,0.60,
2008-12-19 05:00,0.40,0.46,-0.25,0.48,-1.40,1.10,0.10,1.10,-2.16,1.16,-0.21,0.14,-2.06,0.31,-0.17,-0.78,-0.86,-3.68,0,-0.50,-0.93,-1.73,0.38,,3.05,1.42,1.63,0.42,2.96,0.90,1.84,3,-3,0.97,1.01,0.67,1.79,1.24,-1.02,1.82,-3.20,-3.41,-2.10,2.58,0.10,2.40,2,2.01,1.54,1.94,1.30,2.67,2.36,2.99,1.76,2.15,2.29,2.10,2.53,2.75,1.70,2.10,1.31,-1.03,1.40,0.19,0.90,0.37,0.10,-1.74,0.09,0.42,2.10,0.05,0.19,2.47,1.50,0.26,0.30,1.68,1.40,0.90,2.20,0.04,2.33,0.90,1.82,3,2.94,3.10,-0.16,1.87,1.66,2,2.03,1.97,0.53,2.30,1.88,1.41,1.36,2.80,2.28,1.52,2.17,1.70,2.43,1.90,1.42,1,0.93,-0.74,1.72,2.55,2.51,1.60,1.70,0.81,-0.16,-0.05,-0.50,-0.31,-0.94,-0.78,1.06,1.75,4.10,2.09,2.12,1.06,-0.60,0,-0.20,-3.60,3,2.10,2.10,2.50,1.30,-3.60,1.10,1.60,0.30,1.40,1.40,1.80,1.60,2.50,1.40,2.40,,1.60,2.50,2.30,2.20,1.90,1,2.20,2.10,1.10,0.80,0.10,2,1.80,2.50,2.70,2,1.40,0.20,-0.10,1.80,1.90,0.60,1.10,1.90,0.60,0,0.50,-0.50,0.80,0.60,1.50,0.60,1,4,2.10,0.60,-0.90
2008-12-19 05:10,0.40,0.50,-0.23,0.47,-1.50,0.81,0.11,1,-2.06,1,-0.29,0.13,-2.11,0.27,-0.23,-0.70,-1.05,-3.73,-0.10,-0.58,-1,-1.78,0.23,,2.97,1.28,1.60,0.28,2.99,0.80,1.79,2.85,-3.09,0.89,0.92,0.52,1.61,1.21,-1.11,1.97,-3.30,-3.64,-2.28,2.30,0.10,2.38,2,1.98,1.55,1.94,1.27,2.73,2.31,2.89,1.76,2.08,2.24,2,2.64,2.72,1.68,2.10,1.25,-1.03,1.36,0.12,0.86,0.38,0,-1.72,0.02,0.43,2.05,-0.01,0.15,2.47,1.50,0.27,0.30,1.98,1.26,0.80,2.21,0,2.19,0.89,1.69,2.90,2.95,3.07,-0.38,1.81,1.66,1.90,2.05,2.17,0.64,2.21,1.84,1.34,1.37,2.78,2.21,1.68,2.11,1.63,2.34,1.90,1.29,1.02,1.03,-0.80,1.72,2.60,2.56,1.60,1.80,0.88,-0.18,-0.09,-0.50,-0.32,-0.91,-0.48,0.96,1.82,4.10,2.08,2.18,1.07,-0.60,,-0.20,-3.70,2.90,2,2.10,,,,,,,1.20,1.30,,1.60,2.50,1.30,2.28,,,,,,,,2,2.10,1,0.90,0.10,,,,,2,,0.20,-0.10,1.80,1.90,0.60,,,0.60,,,-0.50,,,1.50,0.50,0.90,4,2.10,0.60,
2008-12-19 05:20,0.40,0.47,-0.25,0.50,-1.50,0.71,0.17,1,-2.15,0.81,-0.48,0,-2.16,0.24,-0.27,-0.72,-1.04,-3.82,0,-0.60,-0.98,-2.03,0.25,,3.04,1.25,1.52,0.27,2.92,0.50,1.73,2.72,-2.94,0.78,0.77,0.49,1.53,1.26,-1.08,1.93,-3.40,-3.73,-2.34,2.33,0,2.38,2,1.93,1.50,1.87,1.36,2.70,2.19,2.94,1.79,1.99,2.22,2.10,2.63,2.79,1.67,2.10,1.11,-1.09,1.28,0.08,0.66,0.34,0,-1.68,0.05,0.46,1.90,0.05,0.13,2.42,1.50,0.32,0.30,1.99,1.22,0.70,2.09,0.04,2.01,0.89,1.61,2.90,2.93,3.02,-0.34,1.78,1.97,2,2,2.29,0.62,2.19,1.79,1.33,1.38,2.80,2.19,1.44,2.09,1.60,2.18,2,1.22,1.10,0.99,-0.79,1.64,2.51,2.51,1.56,1.70,0.85,-0.14,0.02,-0.50,-0.36,-0.96,-0.62,0.92,1.74,4,2.10,2.08,1.05,-0.60,,-0.20,-3.70,2.90,2,2.10,,,,,,,1.20,1.30,,1.60,2.50,1.30,2.22,,,,,,,,1.90,2.10,1,0.80,0.10,,,,,1.90,,0.20,-0.10,1.80,1.90,0.60,,,0.60,,,-0.50,,,1.50,0.50,0.90,4,2.20,0.60,
2008-12-19 05:30,0.40,0.53,-0.34,0.50,-1.50,0.72,0.11,1,-2.14,0.71,-0.50,-0.02,-2.26,0.24,-0.23,-0.79,-1,-3.93,0,-0.55,-1.11,-2.19,0.31,,2.98,1.21,1.58,0.22,2.95,0.40,1.67,2.89,-3.17,0.75,0.67,0.45,1.62,1.15,-1.13,1.85,-3.30,-3.67,-2.45,2.17,0,2.42,1.90,1.95,1.52,1.83,1.04,2.56,2.18,2.92,1.71,2.06,2.23,2,2.54,2.75,1.54,2,1.17,-1.46,1.36,0.13,0.57,0.36,0.10,-1.74,0.14,0.37,1.81,-0.05,0.18,2.48,1.50,0.33,0.30,1.94,1.05,0.50,2.04,0,1.91,0.87,1.45,2.90,2.90,3.07,-0.30,1.80,1.78,1.90,1.84,2.40,0.59,2.22,1.79,1.32,1.35,2.82,2.18,1.51,2.14,1.57,2.12,1.90,1.25,1.05,0.94,-0.82,1.71,2.43,2.45,1.64,1.70,0.75,-0.14,0.13,-0.50,-0.26,-0.93,-0.58,0.93,1.77,4.10,2.04,2.01,0.95,-0.60,,-0.30,-3.70,3,1.90,2,,,,,,,1.10,1.30,,1.60,2.50,1.30,2.18,,,,,,,,1.90,2.20,1,0.90,0.10,,,,,1.90,,0.20,-0.10,1.80,1.90,0.60,,,0.50,,,-0.60,,,1.40,0.50,0.90,4,2.20,0.60,
2008-12-19 05:40,0.40,0.55,-0.37,0.45,-1.50,0.85,0.16,1,-2.12,0.60,-0.49,-0.09,-2.30,0.22,-0.27,-0.93,-1.04,-3.98,0,-0.57,-1.07,-2.10,0.15,,2.97,1.11,1.65,0.12,2.90,0.40,1.59,2.61,-3.13,0.67,0.65,0.36,1.35,1.04,-1.19,1.95,-3.30,-3.62,-2.49,2.22,-0.10,2.42,1.90,1.89,1.38,1.82,1.07,2.66,2.13,2.91,1.59,1.95,2.11,2,2.39,2.63,1.62,2,1.16,-1.49,1.25,0.03,0.39,0.41,0.20,-1.77,0.15,0.27,1.68,-0.02,0.21,2.44,1.50,0.38,0.40,1.94,1.01,0.40,2.10,-0.05,1.81,0.88,1.24,2.80,2.92,2.92,-0.25,1.78,1.79,1.90,1.77,2.33,0.61,2.18,1.82,1.30,1.36,2.79,2.18,1.61,2.19,1.54,2.08,2,1.31,1.05,0.93,-0.92,1.74,2.40,2.47,1.62,1.80,0.78,-0.17,0.16,-0.50,-0.11,-0.99,-0.47,1.09,1.80,4.10,2.02,2.04,0.91,-0.60,,-0.30,-3.70,3,1.90,2,,,,,,,0.90,1.20,,1.60,2.50,1.30,2.18,,,,,,,,2,2.30,1,0.90,0.10,,,,,1.90,,0.20,-0.10,1.80,2,0.70,,,0.60,,,-0.60,,,1.50,0.50,0.80,4.10,2.10,0.60,
2008-12-19 05:50,0.40,0.56,-0.46,0.39,-1.50,0.64,0.12,1,-2.18,0.59,-0.53,-0.11,-2.26,0.13,-0.27,-0.96,-1.11,-3.83,-0.10,-0.69,-0.92,-2.18,0.20,,2.76,1.03,1.62,0.04,2.85,0.30,1.54,2.66,-3.15,0.57,0.53,0.28,1.22,0.89,-1.24,1.61,-3.40,-3.80,-2.53,2.08,-0.10,2.39,1.90,1.82,1.28,1.78,1.08,2.61,2.15,2.90,1.65,2,2.12,2.30,2.39,2.61,1.55,2,1.18,-1.32,1.28,-0.03,0.32,0.30,0.10,-1.86,0.13,0.31,1.57,0.05,0.13,2.26,1.50,0.44,0.40,1.94,0.76,0.30,1.92,0.04,1.73,0.98,1.21,2.70,2.93,2.93,-0.23,1.84,1.84,1.90,1.88,2.23,0.59,2.10,1.81,1.26,1.37,2.75,2.24,1.63,2.16,1.56,2.10,2,1.28,1.04,0.91,-0.97,1.76,2.45,2.51,1.57,1.70,0.78,-0.18,0.07,-0.50,-0.13,-0.92,-0.53,1.10,1.83,4.20,2.10,2.13,0.96,-0.60,,-0.40,-3.70,2.90,1.90,2,,,,,,,0.80,1.20,,1.60,2.50,1.30,2.20,,,,,,,,2,2.30,1,0.80,0.10,,,,,1.90,,0.20,-0.10,1.80,2,0.70,,,0.60,,,-0.60,,,1.50,0.50,0.90,4.10,2.20,0.60,
2008-12-19 06:00,0,0,-0.52,0,-2,0.62,0.17,0.90,-2.05,0.51,-0.58,-0.06,-2.54,0,-0.37,0,-1,-3.85,0,-0.73,-1,-2.17,0.22,1,3,1,1.63,0,3,1,1,2,-3.24,1,0.43,0,2,1,-1,2,-3,-4,-3,2,-0.20,2.46,2,1.80,1,1.73,1,3,2.16,2.89,1.62,2,2,2,2,2.62,1.51,2,1.15,-1.29,1.24,0,0.14,0.17,0.10,-1.95,0.02,0.42,1.42,-0.01,0.32,2.41,1.50,0.44,0,1,2,1,1.91,0,1.64,0.85,2,2.70,2.93,2.67,-0.27,1.95,2,1.90,2,1.93,0.50,2.11,1.76,1.28,1.37,2.76,2.25,1.62,2.11,1.52,2.18,2,1.19,1.09,0.90,-0.97,1.78,2.60,2.63,1.61,1.70,0.71,-0.23,0.05,-0.40,-0.14,-0.91,-0.60,1.01,2,4,2.11,2.40,0.93,-0.60,0,0,-4,2.90,1.90,1.90,2.50,1,-4,1,1,0.70,1,1,1,1.60,2.60,1.30,2.20,1.10,1.50,2,2,2.30,1.90,0.60,2,2.30,1,0.80,0.10,2,1.80,2.50,2.30,2,1.30,0.10,-0.20,1.90,2.10,0.80,0.80,1.60,0.50,0,0.50,-0.60,1.10,0.70,1.50,0.60,0.80,4.10,2.20,0.60,-1
2008-12-19 06:10,0.50,0.66,-0.67,0.35,-1.69,0.64,0.14,0.90,-2.06,0.42,-0.51,0.06,-2.43,0.05,-0.31,-1.11,-1.16,-4.02,-0.10,-0.74,-1.05,-2.32,0.08,,2.15,0.91,1.72,-0.07,2.83,0.20,1.45,2.63,-3.35,0.52,0.30,0.30,0.95,0.42,-1.31,1.53,-3.70,-4.05,-2.51,1.93,-0.20,2.39,1.80,1.82,1.28,1.74,1.16,2.39,2.09,2.92,1.60,2.02,2.05,2,2.37,2.60,1.49,2,1.08,-0.90,1.18,-0.06,0.16,0.07,0,-2.12,-0.02,0.31,1.29,-0.03,0.24,2.38,1.40,0.57,0.30,1.77,0.73,0.30,1.88,0.04,1.57,0.90,0.83,2.70,2.91,2.53,-0.31,1.84,1.96,1.90,1.86,2.26,0.49,2.19,1.75,1.26,1.34,2.77,2.18,1.59,2.11,1.37,1.98,2,1.26,1.14,1.07,-1.01,1.76,2.51,2.67,1.61,1.70,0.72,-0.33,0.10,-0.40,-0.38,-0.82,-0.55,0.88,1.87,4,2.09,2.01,0.89,-0.60,,-0.50,-3.80,2.80,1.80,1.90,,,,,,,0.60,1.20,,1.60,2.60,1.30,2.07,,,,,,,,2,2.30,1,0.80,0.10,,,,,2,,0.10,-0.10,1.90,2.10,0.80,,,0.50,,,-0.60,,,1.50,0.60,0.70,4.20,2.20,0.50,
2008-12-19 06:20,0.50,0.56,-0.74,0.30,-1.53,0.46,0.11,0.80,-2.13,0.40,-0.51,-0.08,-2.43,0.08,-0.42,-1.09,-1.20,-3.89,-0.10,-0.94,-1.06,-2.06,0.06,,1.95,0.87,1.52,-0.12,2.75,0.10,1.26,2.55,-3.41,0.54,0.26,0.23,0.90,0.47,-1.25,1.63,-3.70,-3.97,-2.54,1.84,-0.30,2.45,1.70,1.86,1.26,1.79,1.12,2.48,2.09,2.98,1.53,2.01,2.07,2,2.39,2.62,1.49,1.90,1.02,-1.15,1.10,-0.13,0.41,-0.18,0,-2.17,0,0.39,1.23,-0.06,0.17,2.32,1.30,0.65,0.40,1.57,0.68,0.30,1.77,-0.14,1.48,0.98,0.74,2.60,2.86,2.26,-0.32,1.83,1.81,1.90,1.86,2.53,0.54,2.19,1.76,1.28,1.32,2.77,2.10,1.56,2.16,1.33,1.84,2,1.38,1.10,0.89,-0.99,1.89,2.38,2.62,1.63,1.70,0.81,-0.28,0.13,-0.40,-0.32,-0.82,-0.71,1.13,1.80,4,2.11,2.06,1.07,-0.60,,-0.50,-3.80,2.60,1.80,1.90,,,,,,,0.50,1.20,,1.70,2.60,1.30,1.93,,,,,,,,2,2.20,1,0.80,0.10,,,,,2,,0.10,-0.20,1.90,2.10,0.90,,,0.50,,,-0.60,,,1.50,0.60,0.70,4.20,2.20,0.50,
2008-12-19 06:30,0.40,0.48,-0.72,0.26,-1.70,0.33,0.07,0.80,-2.13,0.43,-0.54,0.02,-2.47,0.07,-0.43,-1.25,-1.22,-4.27,-0.10,-0.81,-1.06,-2,0.09,,1.73,0.90,1.42,-0.17,2.65,0.10,1.12,2.48,-3.46,0.44,0.20,-0.01,0.84,0.46,-1.42,1.44,-3.80,-4.05,-2.56,1.81,-0.30,2.37,1.70,1.78,1.18,1.82,0.95,2.50,2.09,2.89,1.50,1.96,2.03,1.90,2.40,2.61,1.46,1.80,1.08,-1.42,0.97,-0.11,0.72,-0.40,-0.10,-2.17,-0.04,0.21,1.16,-0.01,0.11,2.36,1.30,0.72,0.30,1.66,0.62,0.20,1.65,-0.10,1.39,0.98,0.80,2.60,2.80,1.95,-0.23,1.86,1.83,2,1.85,2.06,0.54,2.18,1.75,1.23,1.32,2.78,2.22,1.56,2.11,1.33,1.70,2,1.29,1.06,0.89,-1.03,1.98,2.49,2.80,1.44,1.70,0.72,-0.25,0.05,-0.40,-0.13,-0.86,-0.48,0.92,1.79,3.90,2.12,2.08,0.76,-0.70,,-0.50,-3.80,2.50,1.80,1.80,,,,,,,0.50,1.20,,1.70,2.50,1.30,2,,,,,,,,2,2.20,1,0.80,0.10,,,,,2,,0.10,-0.20,1.90,2.10,0.90,,,0.50,,,-0.60,,,1.50,0.70,0.70,4.10,2.20,0.50,
2008-12-19 06:40,0.40,0.43,-0.66,0.29,-1.70,0.19,0.09,0.80,-2.22,0.50,-0.55,0,-2.51,0.10,-0.41,-1.28,-1.17,-4.17,-0.10,-0.88,-1.07,-1.98,0.04,,1.55,0.79,1.36,-0.25,2.50,0.10,0.93,2.42,-3.66,0.45,0.11,0.06,0.80,0.47,-1.28,1.49,-3.80,-4.05,-2.67,1.69,-0.30,2.37,1.60,1.71,1.26,1.69,1.03,2.41,2.14,2.85,1.48,1.81,2,1.90,2.34,2.53,1.39,1.60,1.11,-1.28,0.86,-0.15,0.94,-0.68,-0.20,-2.30,-0.20,0.31,1.10,0.05,0.22,2.32,1.30,0.70,0.40,1.44,0.69,0.30,1.48,-0.10,1.30,0.89,0.85,2.50,2.76,1.72,-0.34,1.86,1.84,1.90,1.91,2.20,0.41,2.14,1.72,1.30,1.34,2.72,2.05,1.45,2.10,1.52,1.63,2,1.30,1.05,0.91,-1.06,1.99,2.56,2.65,1.42,1.70,0.81,-0.22,0.11,-0.50,-0.28,-0.81,-0.48,1.06,1.80,3.80,2.08,2.06,0.92,-0.60,,-0.60,-3.80,2.40,1.80,1.80,,,,,,,0.40,1.20,,1.70,2.50,1.30,1.95,,,,,,,,1.90,2.10,1,0.80,0.10,,,,,2,,0.20,-0.20,1.80,2.20,1,,,0.50,,,-0.60,,,1.50,0.80,0.70,4.10,2.20,0.50,
2008-12-19 06:50,0.40,0.41,-0.71,0.35,-1.80,0.08,0.04,0.80,-2.31,0.55,-0.63,-0.03,-2.56,0.08,-0.51,-1.21,-1.15,-3.74,-0.20,-0.97,-1.13,-2.05,0.08,,1.54,0.76,1.27,-0.24,2.38,0.10,0.88,2.40,-3.59,0.40,0.15,0.14,0.77,0.41,-1.31,1.46,-3.80,-3.96,-2.82,1.72,-0.30,2.37,1.60,1.75,1.36,1.59,1.03,2.33,2.10,2.79,1.50,1.75,1.98,1.80,2.37,2.46,1.47,1.40,1.09,-1.41,0.74,-0.17,1.11,-0.61,-0.30,-2.33,-0.12,0.24,1.15,0.07,0.21,2.35,1.20,0.84,0.50,1.16,0.68,0.30,1.32,-0.06,1.32,0.88,0.77,2.30,2.75,1.58,-0.28,1.85,1.79,1.90,1.69,2.16,0.48,2.13,1.76,1.27,1.37,2.81,2.03,1.23,2.15,1.57,1.67,1.90,1.27,1.03,0.85,-1.01,2.05,2.60,2.57,1.39,1.70,0.66,-0.17,0,-0.50,-0.26,-0.85,-0.54,1.05,1.80,3.90,2.02,2.12,0.98,-0.70,,-0.60,-4,2.20,1.70,1.80,,,,,,,0.40,1,,1.80,2.50,1.30,1.99,,,,,,,,1.90,2,1,0.80,0.10,,,,,2,,0.20,-0.10,1.80,2.20,1,,,0.50,,,-0.60,,,1.50,0.70,0.70,4.10,2.20,0.50,
2008-12-19 07:00,0.40,0.36,-0.80,0.22,-1.80,0.19,0,0.80,-2.32,0.55,-0.63,-0.01,-2.63,0.02,-0.65,-1.41,-1.13,-4.12,-0.10,-0.94,-1.23,-2.15,-0.01,,1.47,0.71,1.16,-0.34,2.29,0,0.85,2.38,-3.69,0.35,0.31,0.20,0.60,0.39,-1.30,1.31,-3.80,-4.07,-2.94,1.48,-0.40,2.38,1.60,1.59,1.11,1.54,1.02,2.29,1.99,2.73,1.49,1.74,1.86,1.80,2.21,2.38,1.39,1.20,0.99,-1.58,0.66,-0.22,1.29,-0.36,-0.40,-2.50,-0.12,0.45,1.14,0.10,0.22,2.25,1.20,0.81,0.60,1.04,0.60,0.30,1.13,-0.08,1.12,0.98,0.75,2.20,2.71,1.54,-0.30,1.85,1.90,1.90,1.74,1.89,0.54,2.14,1.74,1.27,1.37,2.71,2.01,1.25,2.17,1.48,1.60,1.80,1.25,1,0.77,-1.06,2.07,2.53,2.71,1.34,1.80,0.76,-0.21,0.15,-0.50,-0.26,-0.92,-0.49,1.03,1.69,3.90,2.07,2.20,0.78,-0.60,-0.10,-0.60,-4.10,2.10,1.70,1.70,,0.20,-4.50,1.10,0.50,0.90,0.50,0.90,0.30,1.80,2.60,1.20,2.10,,1.40,2.30,2.20,2.30,2.20,0.90,1.90,2,1,0.80,0.10,2,1.60,2.30,2.20,2,1.40,0.20,-0.10,1.80,2.10,1.10,0.70,1.40,0.50,0,,-0.60,1,0.80,1.50,0.60,0.80,4.10,2.20,0.50,-0.90
2008-12-19 07:10,0.40,0.35,-0.82,0.16,-1.80,0.12,0.04,0.80,-2.36,0.48,-0.77,0.02,-2.63,-0.05,-0.65,-1.43,-1.24,-4.39,-0.10,-0.97,-1.38,-2.10,0.07,,1.28,0.78,1.04,-0.37,2.15,0,0.73,2.38,-3.78,0.36,0.24,0.21,0.40,0.34,-1.41,1.31,-3.80,-4.35,-3.07,1.49,-0.40,2.36,1.60,1.60,1.07,1.52,0.90,2.28,2.04,2.68,1.40,1.62,1.84,1.80,2.03,2.05,1.32,0.90,0.96,-1.66,0.52,-0.14,1.28,0.11,-0.50,-2.56,-0.09,0.34,1.11,-0.05,0.19,2.18,1.20,0.73,0.60,0.71,0.60,0.40,0.93,-0.13,1.02,0.99,0.70,2.10,2.76,1.43,-0.31,1.88,1.80,2,1.85,2.26,0.57,2.12,1.69,1.30,1.44,2.81,2.02,1.19,2.19,1.47,1.56,1.70,1.25,1.06,0.72,-0.99,1.97,2.43,2.57,1.35,1.80,0.75,-0.23,0.04,-0.60,-0.21,-0.85,-0.80,1.04,1.62,3.80,2.08,2.14,0.83,-0.70,,-0.70,-4.40,2.10,1.70,1.50,,,,,,,0.50,0.60,,1.80,2.60,1.20,1.98,,,,,,,,1.90,1.80,1,0.70,0.10,,,,,2,,0.20,-0.10,1.80,2.10,1.10,,,0.50,,,-0.60,,,1.50,0.60,0.70,4.10,2.20,0.50,
2008-12-19 07:20,0.40,0.37,-0.84,0.18,-1.80,0.06,0.03,0.80,-2.36,0.44,-0.70,0.06,-2.67,-0.13,-0.67,-1.37,-1.27,-4.16,-0.10,-1.04,-1.47,-2.05,-0.02,,1.05,0.76,0.95,-0.42,1.95,0,0.69,2.25,-3.67,0.38,0.31,0.19,0.14,0.45,-1.40,1.23,-3.80,-4.41,-3.12,1.46,-0.40,2.27,1.50,1.57,1.22,1.43,0.95,2.20,1.84,2.63,1.35,1.52,1.74,1.60,2.02,1.88,1.24,0.80,0.91,-1.70,0.37,-0.13,1.25,0.46,-0.60,-2.49,-0.35,0.41,1.15,-0.23,0.16,2.24,1.30,0.64,0.68,0.71,0.49,0.40,0.93,-0.23,0.94,0.97,0.64,2,2.64,1.21,-0.21,1.94,1.77,2,1.86,1.36,0.52,2.10,1.69,1.26,1.41,2.75,2.07,1.31,2.11,1.60,1.54,1.70,1.27,1.07,0.67,-1.02,1.94,2.57,2.51,1.37,1.90,0.78,-0.28,-0.05,-0.50,-0.13,-0.79,-0.85,0.98,1.69,3.80,2.03,1.93,0.80,-0.70,,-0.70,-4.60,2.10,1.70,1.40,,,,,,,0.50,0.50,,1.80,2.70,1.20,1.94,,,,,,,,1.90,1.70,1,0.70,0.10,,,,,2,,0.20,-0.10,1.80,2.10,1.20,,,0.50,,,-0.60,,,1.50,0.50,0.80,4.10,2.20,0.50,
2008-12-19 07:30,0.30,0.43,-0.84,0.19,-1.90,0.12,0.03,0.80,-2.40,0.42,-0.67,-0.02,-2.60,-0.11,-0.68,-1.31,-1.23,-4.26,-0.10,-1.05,-1.53,-2.27,-0.05,,1.01,0.60,0.83,-0.44,1.78,0,0.72,2.19,-3.85,0.40,0.28,0.18,0.31,0.53,-1.35,1.22,-3.70,-4.51,-3.05,1.60,-0.40,2.19,1.50,1.59,1.22,1.24,0.69,2.33,1.67,2.55,1.27,1.42,1.59,1.40,1.74,1.86,0.96,0.70,0.81,-1.79,0.38,-0.15,1.22,0.52,-0.60,-2.66,-0.41,0.40,1.25,-0.35,0.22,2.31,1.40,0.67,0.81,0.83,0.50,0.30,0.79,-0.20,0.76,1.03,0.55,1.90,2.72,0.90,-0.24,1.96,1.83,2,1.76,1.65,0.53,2.16,1.69,1.19,1.36,2.82,2.09,1.41,2.17,1.67,1.59,1.60,1.26,1.16,0.60,-1.01,1.96,2.56,2.52,1.39,1.80,0.75,-0.30,0.06,-0.50,-0.36,-0.84,-0.78,0.94,1.78,3.80,2.10,2,0.83,-0.70,,-0.70,-5,2.10,1.70,1.30,,,,,,,0.30,0.50,,1.80,2.70,1.20,2.04,,,,,,,,1.90,1.50,1,0.60,0.10,,,,,2,,0.20,-0.10,1.80,2.10,1.20,,,0.50,,,-0.60,,,1.50,0.50,0.80,4,2.20,0.50,
2008-12-19 07:40,0.30,0.44,-0.90,0.21,-1.90,-0.23,-0.04,0.80,-2.48,0.50,-0.78,-0.08,-2.67,-0.15,-0.64,-1.38,-1.21,-4.40,-0.10,-1.05,-1.57,-2.41,0.06,,0.83,0.51,0.88,-0.50,1.61,0,0.69,2.24,-3.73,0.32,0.29,0.27,0.27,0.76,-1.36,1.27,-3.60,-4.54,-3.09,1.51,-0.30,2.15,1.30,1.54,1.19,1.08,0.84,2.30,1.49,2.43,1.20,1.24,1.39,1.20,1.61,1.61,0.83,0.70,0.71,-1.81,0.41,-0.23,1.42,0.11,-0.60,-2.62,-0.55,0.49,1.25,-0.29,0.36,2.26,1.50,0.67,0.83,0.83,0.41,0.40,0.73,-0.28,0.81,0.97,0.52,1.80,2.77,0.74,-0.18,2,1.73,1.90,1.56,2.61,0.53,2.18,1.68,1.21,1.51,2.84,2.25,1.46,2.13,1.63,1.66,1.60,1.27,1.08,0.46,-1.05,2.02,2.65,2.53,1.42,1.80,0.65,-0.28,0.15,-0.50,-0.30,-0.85,-0.88,0.88,1.69,3.70,2.16,2.20,0.81,-0.70,,-0.70,-5.30,2.10,1.60,1.10,,,,,,,0.30,0.50,,1.80,2.60,1.20,2.08,,,,,,,,1.90,1.40,1,0.60,0.10,,,,,2,,0.20,-0.10,1.80,2.10,1.20,,,0.40,,,-0.60,,,1.40,0.40,0.70,4.10,2.20,0.50,
2008-12-19 07:50,0.30,0.49,-0.93,0.20,-1.80,-0.17,0,0.80,-2.42,0.58,-0.74,-0.05,-2.61,-0.29,-0.62,-1.42,-1.29,-4.17,-0.10,-1.02,-1.69,-2.26,0.15,,0.88,0.52,0.91,-0.53,1.47,0,0.58,2.31,-3.72,0.33,0.36,0.27,0.29,0.84,-1.31,1.27,-3.50,-4.56,-3.09,1.54,-0.30,2.18,1.10,1.32,1.03,0.93,0.94,2.25,1.32,2.32,0.91,0.99,1.10,0.90,1.39,1.52,0.76,0.60,0.65,-1.86,0.40,-0.36,1.57,0.30,-0.70,-2.62,-0.60,0.56,1.24,-0.45,0.41,2.29,1.60,0.71,0.70,0.67,0.50,0.40,0.81,-0.28,0.91,1.03,0.55,1.70,2.89,0.61,-0.21,2.05,1.91,2,1.56,2.22,0.56,2.17,1.65,1.28,1.53,2.82,2.37,1.55,2.07,1.82,1.66,1.60,1.34,1.14,0.57,-1.02,2.01,2.55,2.58,1.47,1.80,0.63,-0.26,0.10,-0.60,-0.10,-0.85,-0.87,0.83,1.83,3.80,2.12,2.16,0.75,-0.70,,-0.60,-5.50,2,1.30,0.90,,,,,,,0.30,0.60,,1.80,2.60,1.20,2.12,,,,,,,,1.90,1.40,1,0.60,0.10,,,,,1.90,,0.20,-0.10,1.80,2.10,1.30,,,0.40,,,-0.60,,,1.40,0.50,0.70,4.10,2.20,0.50,
2008-12-19 08:00,0.30,0.49,-0.87,0.24,-1.90,-0.05,0.06,0.80,-2.36,0.56,-0.76,-0.10,-2.64,-0.28,-0.59,-1.45,-1.33,-4.29,-0.10,-1.01,-1.64,-2.31,0.10,,0.87,0.56,0.84,-0.56,1.42,0,0.61,2.30,-3.84,0.24,0.37,0.18,0.31,0.97,-1.43,1.18,-3.40,-4.57,-2.97,1.56,-0.30,2.11,1,1.07,0.90,0.59,0.74,1.95,1.16,2.22,0.62,0.71,0.91,0.80,1.26,1.30,0.71,0.50,0.62,-1.88,0.42,-0.34,1.58,0.60,-0.60,-2.48,-0.72,0.54,1.31,-0.54,0.29,2.24,1.70,0.67,0.70,0.57,0.48,0.30,0.90,-0.16,0.82,0.99,0.40,1.50,2.98,0.74,-0.31,2,2.01,1.90,1.70,1.24,0.53,2.17,1.71,1.32,1.59,2.87,2.49,1.57,2.13,1.82,1.71,1.60,1.29,1.12,0.71,-1.04,2.05,2.59,2.53,1.44,1.80,0.69,-0.29,-0.04,-0.50,-0.32,-0.84,-0.64,0.91,1.93,3.80,2.12,1.89,0.76,-0.60,-0.20,-0.60,-5.60,2,1.20,0.70,,-0.70,-5.40,0.80,0.90,0.70,0.30,0.60,0.20,1.90,2.50,1.20,2.10,1.20,1.30,2.40,2.40,1.90,2.30,0.70,1.90,1.30,1,0.60,0.20,1.70,1.50,2.40,2.20,1.90,1.40,0.20,0,1.80,2.10,1.40,0.70,1.60,0.30,0,0.30,-0.60,1.40,1.10,1.40,0.60,0.80,4.10,2.20,0.50,-0.70
2008-12-19 08:10,0.30,0.44,-0.87,0.25,-1.81,0.05,0,0.70,-2.43,0.55,-0.83,-0.09,-2.68,-0.22,-0.59,-1.45,-1.32,-4.63,0,-0.81,-1.72,-2.39,0.17,,0.86,0.54,0.95,-0.50,1.44,0,0.55,2.36,-3.94,0.31,0.42,0.16,0.34,0.83,-1.47,1.09,-3.40,-4.46,-2.91,1.58,-0.20,1.98,0.90,0.93,0.64,0.45,0.46,1.76,1.01,2.14,0.44,0.59,0.67,0.70,1.15,1.05,0.66,0.40,0.60,-1.93,0.39,-0.33,1.68,0.87,-0.50,-2.42,-0.53,0.56,1.44,-0.51,0.21,2.28,1.80,0.52,0.70,0.67,0.53,0.30,0.77,-0.23,0.74,0.98,0.34,1.50,2.91,0.72,-0.29,2.12,1.87,1.90,1.55,2.37,0.55,2.12,1.65,1.33,1.56,2.87,2.43,1.58,2.25,1.75,1.82,1.70,1.35,1.19,0.69,-0.97,1.95,2.58,2.46,1.43,1.80,0.80,-0.27,0.04,-0.50,-0.23,-0.83,-0.74,0.99,1.96,3.80,2.16,1.86,0.82,-0.60,,-0.50,-5.60,1.80,1,0.40,,,,,,,0.30,0.50,,1.80,2.40,1.20,1.90,,,,,,,,1.70,1.30,1,0.60,0.20,,,,,1.90,,0.20,0,1.80,2.10,1.40,,,0.30,,,-0.70,,,1.40,0.80,0.90,4.20,2.20,0.50,
2008-12-19 08:20,0.40,0.45,-0.86,0.29,-1.91,0.05,-0.02,0.70,-2.52,0.48,-0.85,0.02,-2.64,-0.24,-0.65,-1.47,-1.32,-4.36,0,-0.86,-1.81,-2.28,0.25,,0.87,0.46,1.13,-0.61,1.32,0,0.51,2.43,-3.96,0.26,0.44,0.19,0.26,0.87,-1.36,1,-3.30,-4.46,-2.83,1.54,-0.20,1.72,0.70,0.86,0.59,0.27,0.47,1.66,0.92,2.07,0.34,0.38,0.53,0.70,0.84,0.93,0.58,0.40,0.51,-1.96,0.40,-0.38,1.76,1.04,-0.40,-2.47,-0.30,0.57,1.53,-0.54,0.27,2.32,1.90,0.36,0.80,0.78,0.56,0.40,0.70,-0.32,0.80,1.11,0.33,1.40,2.99,0.78,-0.33,2.19,1.86,1.90,1.51,2,0.63,2.07,1.67,1.38,1.63,2.83,2.44,1.61,2.29,1.92,1.81,1.70,1.25,1.14,0.66,-0.98,2.03,2.52,2.49,1.34,1.80,0.83,-0.23,0.26,-0.40,-0.28,-0.93,-0.90,0.92,1.92,3.80,2.18,2.23,0.91,-0.60,,-0.40,-5.60,1.60,0.90,0.10,,,,,,,0.30,0.60,,1.80,2.20,1.20,1.83,,,,,,,,1.60,1.30,1.10,0.60,0.20,,,,,1.90,,0.20,0,1.80,2.10,1.50,,,0.30,,,-0.70,,,1.40,0.90,1,4.30,2.20,0.50,
2008-12-19 08:30,0.40,0.46,-0.90,0.28,-1.87,-0.02,-0.02,0.70,-2.46,0.32,-0.82,-0.15,-2.72,-0.11,-0.64,-1.52,-1.30,-4.63,0,-0.85,-1.86,-2.45,0.23,,0.88,0.55,1.15,-0.58,1.34,0,0.67,2.49,-3.91,0.22,0.48,0.25,0.34,0.92,-1.50,0.91,-3.30,-4.43,-2.83,1.46,-0.20,1.22,0.50,0.72,0.73,0.30,0.54,1.51,0.74,1.85,0.31,0.25,0.50,0.70,0.49,0.74,0.53,0.30,0.43,-1.91,0.39,-0.37,1.73,1.18,-0.30,-2.46,-0.24,0.60,1.55,-0.59,0.32,2.11,2,0.29,0.70,0.84,0.57,0.20,0.65,-0.32,0.87,1.13,0.39,1.30,3.05,0.94,-0.32,2.16,2.05,1.90,1.74,2.36,0.54,2.08,1.68,1.43,1.67,2.84,2.51,1.64,2.33,1.73,1.99,1.80,1.38,1.16,0.73,-1.01,1.96,2.49,2.50,1.41,1.80,0.89,-0.35,0.23,-0.40,-0.17,-0.95,-0.87,0.90,1.78,3.80,2.24,2.32,0.83,-0.60,,-0.40,-5.70,1.60,0.60,0.10,,,,,,,0.30,0.70,,1.80,2,1.20,1.55,,,,,,,,1.40,1.20,1.10,0.60,0.20,,,,,1.90,,0.30,0,1.90,2.20,1.50,,,0.30,,,-0.70,,,1.40,1,1,4.30,2.20,0.50,
2008-12-19 08:40,0.40,0.53,-0.90,0.28,-1.93,-0.09,-0.02,0.60,-2.40,0.25,-0.86,-0.04,-2.79,-0.22,-0.61,-1.37,-1.25,-4.30,0.10,-0.72,-1.89,-2.28,0.15,,0.85,0.55,1.17,-0.59,1.28,0,0.55,2.55,-3.93,0.22,0.51,0.37,0.50,0.86,-1.39,0.83,-3.40,-4.52,-2.77,1.38,-0.10,0.96,0.30,0.66,0.51,0.34,0.45,1.33,0.57,1.36,0.24,0.12,0.52,0.60,0.38,0.64,0.53,0.30,0.42,-1.99,0.30,-0.41,1.97,1.22,-0.40,-2.45,-0.01,0.94,1.72,-0.59,0.22,2.15,2.10,0.31,0.70,0.96,0.55,0.30,0.53,-0.25,0.85,1.12,0.41,1.20,3.04,0.99,-0.17,2.17,1.89,1.90,1.82,1.43,0.64,2.13,1.64,1.53,1.68,2.90,2.63,1.76,2.34,1.74,2,1.70,1.41,1.24,0.87,-0.95,1.95,2.51,2.56,1.34,1.80,0.90,-0.31,0.31,-0.40,-0.20,-0.89,-0.71,1,1.50,3.80,2.25,2.12,0.89,-0.60,,-0.30,-5.70,1.60,0.40,0.10,,,,,,,0.30,0.70,,1.80,1.70,1.20,1.48,,,,,,,,1.40,1,1.10,0.60,0.30,,,,,1.90,,0.30,0.10,1.90,2.20,1.60,,,0.30,,,-0.70,,,1.40,1.10,1,4.50,2.20,0.50,
2008-12-19 08:50,0.40,0.52,-0.87,0.22,-1.84,-0.09,-0.02,0.60,-2.46,0.25,-0.86,-0.11,-2.80,-0.24,-0.64,-1.44,-1.29,-4.57,0.10,-0.70,-1.81,-2.06,0.04,,0.71,0.54,1.18,-0.65,1.22,0,0.56,2.44,-4.06,0.32,0.55,0.34,0.51,0.83,-1.27,0.74,-3.30,-4.53,-2.74,1.44,-0.20,0.64,0.20,0.59,0.58,0.31,0.45,1.09,0.48,1.04,0.22,0.07,0.40,0.60,0.40,0.55,0.57,0.30,0.36,-1.85,0.41,-0.40,2.02,1.33,-0.50,-2.45,0.10,0.93,1.87,-0.63,0.25,2.25,2.10,0.26,0.70,1.05,0.66,0.48,0.59,-0.20,0.88,1.11,0.43,1.20,3,0.98,-0.14,2.21,1.97,1.90,1.50,2.18,0.58,2.07,1.66,1.55,1.70,2.99,2.64,1.69,2.36,1.71,2.22,1.70,1.41,1.21,0.96,-0.99,2.08,2.58,2.46,1.36,1.90,0.92,-0.25,0.21,-0.40,-0.20,-0.92,-0.73,1.04,1.30,3.80,2.23,1.98,0.83,-0.60,,-0.20,-5.70,1.50,0.10,0,,,,,,,0.40,0.70,,1.90,1.60,1.30,1.44,,,,,,,,1.40,0.90,1.10,0.60,0.30,,,,,1.90,,0.30,0.10,1.90,2.30,1.60,,,0.30,,,-0.70,,,1.50,1.10,1,4.50,2.30,0.50,
2008-12-19 09:00,0.50,0.50,-0.87,0.21,-1.85,-0.01,0.01,0.50,-2.52,0.24,-0.85,-0.19,-2.86,-0.15,-0.63,-1.48,-1.36,-4.02,0.20,-0.79,-1.76,-2.20,-0.11,,0.72,0.56,1.19,-0.63,1.13,0,0.49,2.38,-4.10,0.36,0.51,0.26,0.54,0.86,-1.25,0.48,-3.40,-4.37,-2.82,1.12,-0.20,0.40,0.30,0.51,0.60,0.39,0.39,0.86,0.28,0.80,0.16,-0.04,0.35,0.60,0.30,0.50,0.42,0.30,0.36,-1.75,0.43,-0.38,1.89,1.53,-0.30,-2.30,0.21,0.96,1.95,-0.68,0.28,2.30,2.10,0.19,0.70,1.07,0.55,0.55,0.42,-0.20,0.92,1.13,0.49,1.30,2.95,1.05,-0.24,2.23,1.82,1.80,1.42,1.31,0.61,2.12,1.73,1.54,1.76,2.90,2.60,1.60,2.34,1.66,2.42,1.80,1.33,1.24,0.98,-0.90,2.14,2.65,2.56,1.34,1.90,0.81,-0.23,0.18,-0.30,-0.19,-0.92,-0.80,1.03,1.09,3.90,2.20,2.08,0.74,-0.60,-0.20,-0.30,-5.70,1.50,0,0,1.90,0.40,-4.10,1.30,1.40,0.60,0.40,0.60,0.30,1.90,1.20,1.20,1.10,,1.70,3.30,2.30,2.30,2.30,0.70,1.20,0.90,1.20,0.70,0.40,2,1.70,2.50,2.20,2,1.50,0.30,0.10,2,2.30,1.70,1.10,1.90,0.20,0.10,0.50,-0.60,1.80,1.40,1.50,1.20,1.10,4.50,2.20,0.60,-0.70
2008-12-19 09:10,0.40,0.58,-0.86,0.21,-1.88,-0.21,-0.03,0.40,-2.48,0.32,-0.77,-0.13,-2.88,-0.10,-0.61,-1.39,-1.42,-4.42,0.20,-0.76,-1.71,-2.09,-0.07,,0.80,0.55,1.23,-0.62,1.10,0,0.53,2.40,-4.05,0.27,0.57,0.24,0.44,0.82,-1.29,0.33,-3.40,-4.17,-2.90,1.24,-0.10,0.17,0.30,0.50,0.43,0.43,0.37,0.74,0.10,0.66,0.04,-0.01,0.30,0.60,0.21,0.49,0.42,0.30,0.28,-1.76,0.44,-0.40,1.83,1.79,-0.20,-2.19,0.35,1.05,2.02,-0.62,0.25,2.38,2.20,0.29,0.60,1.18,0.50,0.30,0.52,-0.20,0.84,1.19,0.49,1.30,2.97,1.06,-0.26,2.28,1.81,1.90,1.34,1.63,0.57,2.16,1.68,1.57,1.87,2.90,2.85,1.59,2.38,1.55,2.63,1.70,1.37,1.13,0.97,-0.95,2.14,2.74,2.56,1.40,2,0.86,-0.29,0.22,-0.30,-0.26,-0.90,-0.88,,0.99,3.90,2.26,2.12,0.77,-0.60,,-0.40,-5.70,1.50,0,-0.10,,,,,,,0.40,0.60,,1.90,1,1.20,1.23,,,,,,,,1.10,0.80,1.10,0.60,0.40,,,,,2,,0.40,0.20,2,2.30,1.70,,,0.20,,,-0.60,,,1.60,1.20,1.10,4.60,2.30,0.60,
2008-12-19 09:20,0.50,0.42,-0.89,0.26,-1.94,-0.18,-0.03,0.40,-2.42,0.33,-0.84,-0.06,-2.93,-0.06,-0.66,-1.41,-1.45,-4.52,0.20,-0.70,-1.52,-2.19,-0.04,,0.83,0.55,1.13,-0.59,1.07,0,0.54,2.36,-4.05,0.22,0.38,0.27,0.38,0.82,-1.16,0.26,-3.50,-3.99,-2.78,1.14,-0.10,0.02,0.30,0.47,0.52,0.47,0.20,0.63,0.01,0.55,0,0.08,0.32,0.60,0.23,0.39,0.54,0.40,0.38,-1.82,0.46,-0.48,1.73,1.92,0,-2.02,0.38,0.97,2.22,-0.64,0.36,2.40,2.20,0.40,0.40,1.17,0.36,0.30,0.44,-0.24,1.01,1.11,0.50,1.30,2.96,1.16,-0.21,2.32,2,1.80,1.02,1.38,0.55,2.08,1.70,1.59,1.88,2.89,2.78,1.63,2.38,1.32,2.67,1.70,1.41,1.30,1.01,-0.87,2.19,2.56,2.56,1.34,2.10,0.88,-0.26,0.08,-0.30,-0.23,-0.83,-0.79,,0.99,3.90,2.25,2.22,0.83,-0.50,,-0.40,-5.70,1.50,0,-0.10,,,,,,,0.30,0.60,,1.90,0.80,1.30,1.07,,,,,,,,0.90,0.90,1.10,0.60,0.50,,,,,2,,0.30,0.20,2,2.30,,,,0.20,,,-0.60,,,1.60,1.30,1.10,4.60,2.30,0.60,
2008-12-19 09:30,0.50,0.56,-0.85,0.28,-1.72,0.07,0,0.40,-2.46,0.25,-0.83,-0.09,-2.97,-0.12,-0.70,-1.46,-1.52,-4.28,0.30,-0.58,-1.79,-2.56,0.04,,0.90,0.57,0.98,-0.63,1.05,0,0.48,2.45,-4.13,0.28,0.30,0.26,0.37,0.82,-1.13,0.30,-3.30,-4.02,-2.71,0.94,0,-0.01,0.20,0.46,0.59,0.52,0.31,0.76,0.03,0.51,0.09,0.13,0.28,0.60,0.32,0.54,0.54,0.40,0.34,-1.67,0.38,-0.45,1.97,1.98,0,-1.89,0.44,0.83,2.35,-0.71,0.59,2.43,2.30,0.36,0.40,1.02,0.53,0.30,0.50,-0.18,1.06,1.07,0.43,1.30,2.76,1.14,-0.14,2.16,1.77,1.70,0.78,0.72,0.54,2.09,1.73,1.54,1.85,2.87,2.94,1.61,2.49,1.20,2.64,1.60,1.50,1.32,1.19,-0.85,2.34,2.69,2.62,1.31,2.10,0.90,-0.22,0.05,-0.30,-0.20,-0.88,-0.76,,0.95,3.80,2.38,2.26,0.71,-0.50,,-0.50,-5.60,1.50,-0.10,-0.10,,,,,,,0.30,0.60,,1.80,0.60,1.30,0.79,,,,,,,,0.80,0.80,1.20,0.60,0.50,,,,,1.90,,0.40,0.20,2.10,2.30,1.80,,,0.20,,,-0.60,,,1.60,1.30,1.30,4.50,2.20,0.60,
2008-12-19 09:40,0.50,0.51,-0.78,0.24,-1.87,-0.20,0.01,0.50,-2.46,0.28,-0.86,-0.07,-2.93,-0.09,-0.67,-1.49,-1.52,-4.45,0.30,-0.72,-1.85,-2.05,0.10,,0.86,0.63,0.92,-0.67,0.94,-0.10,0.43,2.28,-4.09,0.25,0.27,0.32,0.21,0.67,-1.09,0.28,-3.20,-3.96,-2.70,0.78,0.20,-0.10,0.30,0.39,0.49,0.45,0.33,0.61,0.10,0.45,-0.02,0.15,0.36,0.60,0.26,0.58,0.40,0.40,0.33,-1.75,0.43,-0.59,2.07,2.18,0.20,-1.93,0.48,0.95,2.49,-0.68,0.56,2.39,2.30,0.35,0.30,1.04,0.51,0.20,0.55,-0.25,1.09,1.14,0.51,1.30,2.55,1.05,-0.14,2.16,2.03,1.60,0.80,0.75,0.52,1.93,1.71,1.58,1.95,2.82,2.75,1.65,2.48,1.01,2.59,1.60,1.46,1.20,1.04,-0.86,2.44,2.72,2.58,1.33,2.20,0.79,-0.21,0.25,-0.30,-0.11,-0.85,-0.84,,0.89,3.90,2.31,2.19,0.54,-0.40,,-0.40,-5.60,1.50,-0.10,-0.10,,,,,,,0.30,0.60,,1.80,0.60,1.30,0.63,,,,,,,,0.90,0.70,1.20,0.60,0.50,,,,,2,,0.30,0.20,2.10,2.30,1.80,,,0.20,,,-0.50,,,1.70,1.40,1.40,4.50,2.30,0.70,
2008-12-19 09:50,0.50,0.54,-0.84,0.30,-1.76,0.07,-0.05,0.50,-2.55,0.37,-0.83,-0.13,-3.03,0.01,-0.67,-1.35,-1.52,-4.33,0.30,-0.80,-1.99,-2.10,0.06,,0.81,0.56,0.81,-0.65,0.90,-0.10,0.41,2.24,-4.16,0.16,0.27,0.31,0.22,0.62,-1.03,0.13,-3.30,-3.95,-2.65,0.77,0.10,-0.03,0.20,0.34,0.50,0.40,0.38,0.47,0.12,0.43,-0.02,-0.03,0.35,0.60,0.28,0.54,0.33,0.40,0.33,-1.82,0.52,-0.68,2.05,2.31,0.30,-1.80,0.65,0.78,2.76,-0.56,0.53,2.36,2.40,0.27,0.30,1,0.46,0.20,0.48,-0.27,1.07,1.16,0.44,1.20,2.40,0.95,-0.19,2.09,1.98,1.50,0.62,0.55,0.47,1.95,1.66,1.59,2,2.80,2.92,1.69,2.50,0.75,2.57,1.60,1.29,1.23,1.04,-0.79,2.42,2.87,2.55,1.40,2.20,0.70,-0.32,0.24,-0.30,-0.01,-0.84,-0.59,,0.92,3.90,2.33,2.40,0.67,-0.40,,-0.20,-5.50,1.50,-0.10,-0.10,,,,,,,0.30,0.60,,1.80,0.50,1.20,0.59,,,,,,,,0.90,0.60,1.20,0.60,0.60,,,,,2,,0.30,0.20,2.20,2.30,1.90,,,0.20,,,-0.60,,,1.70,1.40,1.50,4.40,2.20,0.70,
2008-12-19 10:00,0.50,0.52,-0.80,0.33,-1.86,0.09,-0.04,0.50,-2.54,0.34,-0.87,-0.13,-2.98,-0.01,-0.77,-1.42,-1.51,-3.99,0.20,-0.76,-1.99,-1.86,-0.02,,0.67,0.65,0.80,-0.70,0.89,-0.10,0.49,2.04,-4.31,0.08,0.24,0.20,0.22,0.61,-1.05,0.28,-3.10,-3.99,-2.57,0.61,0.10,0.11,0.20,0.31,0.49,0.35,0.36,0.59,0.07,0.44,0.04,0.17,0.31,0.60,0.28,0.48,0.37,0.40,0.32,-1.77,0.57,-0.73,1.88,2.39,0.50,-1.67,0.71,0.80,2.96,-0.54,0.44,2.56,2.50,0.30,0.30,0.88,0.49,0.20,0.43,-0.20,0.95,1.19,0.54,1.10,2.38,0.99,-0.16,2.13,2.10,1.30,0.22,0.38,0.48,1.87,1.57,1.60,1.97,2.81,3.13,1.76,2.61,0.88,2.57,1.70,1.50,1.27,0.98,-0.71,2.39,2.77,2.55,1.43,2.20,0.68,-0.29,0.22,-0.20,-0.17,-0.86,-0.47,,0.95,3.90,2.34,2.43,0.59,-0.50,-0.20,-0.20,-5.50,1.40,-0.10,-0.10,,1.70,-5.30,1.40,0.80,0.50,0.30,0.60,0.30,1.70,0.50,1.30,0.30,,1.70,3.50,2.30,3.30,2.50,1.30,0.90,0.50,1.20,0.60,0.60,2.30,1.80,2.80,2.50,1.90,1.50,0.40,0.20,2.30,2.30,2,1.40,2.30,0.20,0.10,0.70,-0.60,2.10,1.50,1.70,1.40,1.50,4.40,2.30,0.60,-0.70
2008-12-19 10:10,0.50,0.52,-0.80,0.29,-1.80,-0.11,-0.07,0.50,-2.56,0.30,-0.95,-0.16,-3.02,-0.09,-0.79,-1.33,-1.48,-4.10,0.10,-0.89,-1.94,-1.76,-0.05,,0.68,0.62,0.81,-0.76,0.93,-0.10,0.45,2.04,-4.31,0.12,0.19,-0.02,0.18,0.52,-0.98,0.28,-3,-3.97,-2.62,0.57,0.10,0.09,0.10,0.31,0.37,0.41,0.33,0.56,0.13,0.43,0.07,0.03,0.30,0.60,0.31,0.48,0.43,0.40,0.32,-1.91,0.60,-0.77,1.90,2.45,0.60,-1.49,0.74,0.79,3.08,-0.57,0.54,2.54,2.40,0.40,0.30,0.82,0.51,0.42,0.43,-0.34,0.82,1.14,0.48,1,2.41,0.96,-0.09,2.17,1.72,1.30,0.36,0.38,0.55,1.68,1.49,1.56,1.94,2.79,3.22,1.80,2.61,1.03,2.63,1.60,1.45,1.33,1.03,-0.71,2.45,2.80,2.67,1.46,2.30,0.74,-0.30,0.16,-0.20,-0.29,-0.78,-0.52,,1.05,3.80,2.32,2.46,0.63,-0.40,,-0.10,-5.50,1.30,-0.10,-0.10,,,,,,,0.30,0.60,,1.70,0.40,1.20,0.58,,,,,,,,0.90,0.40,1.30,0.60,0.60,,,,,1.90,,0.40,0.20,2.30,2.30,2,,,0.20,,,-0.50,,,1.80,1.50,1.90,4.40,2.30,0.60,
2008-12-19 10:20,0.50,0.53,-0.79,0.38,-1.80,-0.21,-0.06,0.40,-2.56,0.34,-1,-0.25,-3.03,-0.05,-0.74,-1.34,-1.51,-4.32,0,-1.17,-1.99,-1.67,-0.14,,0.76,0.62,0.82,-0.68,0.88,-0.20,0.45,1.98,-4.33,0.02,0.08,0.06,0.05,0.49,-1.11,0.31,-2.90,-3.89,-2.59,0.71,-0.10,0.08,0.10,0.43,0.46,0.42,0.36,0.58,0.18,0.47,0.05,0.14,0.34,0.60,0.29,0.46,0.43,0.50,0.28,-1.79,0.59,-0.81,1.88,2.56,0.80,-1.05,1.03,1.17,3.21,-0.58,0.55,2.74,2.50,0.44,0.30,0.73,0.48,0.41,0.42,-0.40,0.75,1.17,0.43,0.90,2.22,0.84,-0.10,2.12,1.46,1.20,0.39,0.31,0.54,1.54,1.44,1.57,1.96,2.62,3.24,1.73,2.58,1.05,2.71,1.60,1.52,1.36,1.09,-0.82,2.66,2.83,2.60,1.51,2.20,0.45,-0.19,0.23,-0.20,-0.26,-0.87,-0.46,2.56,1.06,3.70,2.36,2.52,0.46,-0.40,,-0.30,-5.50,1.40,-0.10,0,,,,,,,0.30,0.50,,1.60,0.40,1,0.60,,,,,,,,0.70,0.40,1.30,0.70,0.60,,,,,1.80,,0.40,0.30,2.40,2.30,2,,,0.20,,,-0.50,,,1.90,1.50,1.90,4.50,2.30,0.60,
2008-12-19 10:30,0.50,0.53,-0.76,0.31,-1.70,-0.24,-0.05,0.50,-2.58,0.36,-1.01,-0.28,-3,-0.10,-0.77,-1.31,-1.60,-4.63,0,-1.20,-2.02,-1.94,-0.19,,0.73,0.65,0.73,-0.82,0.86,-0.20,0.30,1.95,-4.40,0.04,0.09,0.03,0.13,0.40,-1.13,0.21,-2.90,-3.94,-2.49,0.58,0,0.07,0.10,0.25,0.36,0.41,0.50,0.53,0.08,0.46,-0.04,0.11,0.26,0.50,0.25,0.46,0.43,0.40,0.25,-1.85,0.53,-0.74,1.70,2.47,1,-1.17,1.82,1.67,3.40,-0.53,0.52,2.83,2.60,0.60,0.30,0.58,0.51,0.36,0.43,-0.30,0.78,1.23,0.41,0.80,2.10,0.83,-0.18,2.06,1.56,1.10,0.47,0.27,0.48,1.45,1.29,1.56,1.97,2.65,3.35,1.91,2.53,1.13,2.60,1.60,1.61,1.33,1.04,-0.86,2.63,2.88,2.57,1.40,2.30,0.53,-0.31,0.11,-0.20,-0.22,-0.82,-0.66,1.67,1.17,3.70,2.43,2.19,0.43,-0.40,,-0.30,-5.50,0.90,-0.10,0,,,,,,,0.30,0.50,,1.50,0.40,0.80,0.53,,,,,,,,0.60,0.40,1.30,0.70,0.60,,,,,1.70,,0.40,0.30,2.50,2.40,2,,,0.20,,,-0.50,,,1.90,1.50,1.80,4.50,2.40,0.60,
2008-12-19 10:40,0.50,0.52,-0.70,0.37,-1.70,-0.24,-0.12,0.50,-2.58,0.28,-0.99,-0.23,-2.98,-0.11,-0.76,-1.45,-1.60,-4.53,0,-1.21,-2.04,-1.88,-0.27,,0.66,0.67,0.69,-0.75,0.98,-0.20,0.29,1.95,-4.33,0.03,0.15,0,0.35,0.40,-1.11,0.11,-2.90,-3.63,-2.42,0.63,0,0.08,0.10,0.22,0.61,0.43,0.42,0.40,0.14,0.50,-0.01,0.10,0.38,0.50,0.27,0.53,0.48,0.40,0.26,-1.99,0.65,-0.63,1.91,2.53,1.10,-0.92,1.41,1.80,3.52,-0.54,0.53,2.97,2.60,0.61,0.30,0.65,0.48,0.32,0.44,-0.23,0.69,1.26,0.50,0.80,2.04,0.81,-0.13,2.06,1.49,1,0.37,0.29,0.57,1.25,1.11,1.57,2.02,2.28,3.44,2.02,2.72,1.19,2.53,1.60,1.59,1.33,0.99,-0.79,2.73,2.79,2.68,1.39,2.30,0.51,-0.20,0.24,-0.20,-0.19,-0.77,-0.60,1.37,1.16,3.60,2.38,2.31,0.39,-0.40,,-0.20,-5.50,0.80,-0.10,0,,,,,,,0.30,0.50,,1.50,0.40,0.60,0.53,,,,,,,,0.50,0.40,1.30,0.70,0.70,,,,,1.60,,0.40,0.30,2.60,2.40,2.10,,,0.20,,,-0.50,,,2,1.60,1.90,4.50,2.40,0.60,
2008-12-19 10:50,0.50,0.47,-0.63,0.39,-1.70,-0.11,-0.15,0.50,-2.69,0.28,-0.88,-0.24,-2.95,-0.18,-0.77,-1.32,-1.56,-4.71,-0.20,-1.34,-1.97,-1.96,-0.35,,0.68,0.57,0.61,-0.76,0.90,-0.30,0.27,1.97,-4.38,0.05,0.07,-0.04,0.22,0.45,-1.19,0.21,-2.70,-3.46,-2.35,0.80,0,0.06,0.10,0.17,0.34,0.45,0.29,0.42,0.17,0.55,0.02,0.05,0.30,0.50,0.30,0.63,0.46,0.40,0.16,-1.85,0.63,-0.60,1.80,2.49,1.30,-0.51,1.56,1.55,3.68,-0.59,0.64,3.14,2.60,0.57,0.30,0.84,0.36,0.27,0.40,-0.32,0.76,1.30,0.52,0.80,1.74,0.81,-0.14,2.02,1.48,1,0.38,0.30,0.44,1.04,0.85,1.48,2.09,2.07,3.46,1.92,2.69,1.35,2.56,1.50,1.47,1.34,1.05,-0.66,2.78,2.73,2.68,1.24,2.30,0.34,-0.23,0.24,-0.20,-0.12,-0.74,-0.63,1.32,1.19,3.60,2.42,2.46,0.43,-0.30,,-0.30,-5.40,0.70,-0.10,0.10,,,,,,,0.30,0.50,,1.40,0.40,0.50,0.59,,,,,,,,0.50,0.40,1.40,0.70,0.70,,,,,1.50,,0.50,0.30,2.70,2.50,2.10,,,0.20,,,-0.50,,,1.90,1.60,1.90,4.60,2.50,0.60,
2008-12-19 11:00,0.50,0.45,-0.62,0.37,-1.70,-0.08,-0.01,0.50,-2.67,0.24,-0.88,-0.26,-2.99,-0.30,-0.83,-1.32,-1.53,-4.70,-0.20,-1.37,-1.94,-2.13,-0.24,,0.72,0.56,0.64,-0.82,0.89,-0.30,0.17,1.88,-4.47,0,0.13,0,0.29,0.44,-1.31,0.26,-2.80,-3.45,-2.35,0.68,0,0.08,0.10,0.22,0.56,0.46,0.38,0.36,0.24,0.51,0.09,0.08,0.27,0.60,0.31,0.57,0.53,0.40,0.17,-1.92,0.64,-0.57,2.07,2.50,1.30,-0.58,1.54,1.22,3.59,-0.71,0.75,3.37,2.70,0.59,0.30,0.66,0.38,0.27,0.50,-0.27,0.80,1.18,0.47,0.80,1.67,0.76,-0.20,1.99,1.30,0.90,0.41,0.36,0.37,0.91,0.66,1.38,2.24,1.85,3.25,1.89,2.65,1.55,2.56,1.50,1.55,1.41,1.17,-0.66,2.82,2.78,2.76,1.14,2.30,0.27,-0.24,0.22,-0.20,-0.07,-0.66,-0.62,1.57,1.24,3.60,2.43,2.50,0.45,-0.30,-0.20,-0.40,-5.40,0.80,-0.10,0.10,,2.90,-3.80,1.50,0.50,0.30,0.30,0.50,0.20,1.20,0.40,0.40,0.30,1.40,2,4.10,2.60,3.40,2.30,0.30,0.40,0.40,1.40,0.70,0.80,2.60,2.10,2.90,2.40,1.20,1.60,0.50,0.40,3,2.60,2.20,1.90,2.50,0.20,0.20,,-0.50,2.40,1.90,1.90,1.70,2,4.50,2.50,0.50,-0.60
2008-12-19 11:10,0.50,0.51,-0.68,0.40,-1.60,-0.18,-0.08,0.40,-2.66,0.17,-0.87,-0.32,-2.96,-0.26,-0.82,-1.27,-1.50,-4.61,-0.20,-1.27,-1.83,-2.30,-0.23,,0.81,0.54,0.57,-0.89,0.90,-0.30,0.19,2.01,-4.38,0,0.12,0.02,0.39,0.34,-1.35,0.19,-2.70,-3.55,-2.22,0.67,0,0.16,0.10,0.27,0.51,0.43,0.29,0.33,0.19,0.42,0.09,0.05,0.26,0.60,0.31,0.56,0.47,0.40,0.15,-2.07,0.56,-0.69,2.10,2.38,1.40,-0.60,1.67,1.23,3.46,-0.52,0.82,3.42,2.80,0.64,0.30,0.73,0.34,-0.10,0.43,-0.29,0.80,1.13,0.49,0.70,1.53,0.58,-0.22,1.89,1.06,0.90,0.28,0.22,0.35,0.74,0.45,1.20,2.27,1.67,3.21,2.04,2.58,1.72,2.50,1.40,1.54,1.39,1.10,-0.73,2.94,2.76,2.75,1.02,2.40,0.27,-0.22,0.29,-0.10,-0.16,-0.67,-0.50,1.62,1.32,3.60,2.41,2.37,0.35,-0.30,,-0.40,-5.30,0.80,-0.10,0.10,,,,,,,0.30,0.40,,1.20,0.40,0.30,0.32,,,,,,,,0.40,0.30,1.40,0.60,0.70,,,,,1.20,,0.50,0.40,3.10,2.60,,,,0.20,,,-0.60,,,1.90,1.60,2.20,4.60,2.60,0.50,
2008-12-19 11:20,0.40,0.47,-0.69,0.41,-1.60,-0.09,0,0.50,-2.61,0.25,-0.98,-0.38,-2.89,-0.34,-0.69,-1.22,-1.50,-4.58,-0.20,-1.28,-1.65,-2.32,-0.29,,0.70,0.48,0.56,-0.95,0.92,-0.30,0.23,1.77,-4.53,0.03,-0.03,0.03,0.58,0.35,-1.38,0.39,-3.10,-3.31,-1.94,0.82,-0.10,0.15,0.10,0.19,0.50,0.42,0.27,0.39,0.14,0.42,-0.04,0.02,0.27,0.60,0.28,0.60,0.54,0.40,0.23,-2.23,0.48,-0.69,2.02,2.49,1.60,-0.62,1.87,1.33,3.46,-0.59,0.88,3.54,2.90,0.77,0.30,0.70,0.35,-0.10,0.48,-0.31,0.82,1.22,0.37,0.70,1.51,0.40,-0.23,2.04,0.79,1,0.18,0.34,0.33,0.70,0.21,1.06,2.27,1.48,3.13,2.14,2.55,1.80,2.40,1.40,1.52,1.31,1.08,-0.65,3.04,2.80,2.69,0.92,2.30,0.24,-0.23,0.27,-0.20,-0.06,-0.73,-0.48,1.62,1.43,3.70,2.50,2.38,0.26,-0.30,,-0.20,-5.30,0.90,-0.10,0,,,,,,,0.20,0.40,,1.10,0.40,0.30,0.30,,,,,,,,0.40,0.20,1.40,0.60,0.80,,,,,1.10,,0.50,0.50,3.40,2.70,2.30,,,0.20,,,-0.60,,,2,1.60,2.30,4.60,2.60,0.50,
2008-12-19 11:30,0.40,0.49,-0.65,0.33,-1.60,-0.09,-0.01,0.40,-2.62,0.17,-0.97,-0.38,-3.04,-0.39,-0.73,-1.29,-1.49,-4.58,-0.10,-1.34,-1.70,-2.02,-0.32,,0.81,0.47,0.60,-0.95,,-0.30,0.17,1.76,-4.58,0.15,-0.01,0.01,0.51,0.41,-1.34,0.24,-3.30,-3.24,-1.78,0.94,-0.20,0.09,0.10,0.10,0.50,0.30,0.31,0.22,0.21,0.49,-0.03,0.06,0.24,0.60,0.36,0.63,0.57,0.40,0.14,-2.29,0.57,-0.72,2.09,2.47,1.50,-0.75,2.03,1.41,3.54,-0.52,0.87,3.76,3,0.92,0.30,0.79,0.30,-0.20,0.50,-0.34,0.77,1.10,0.43,0.70,1.36,0.33,-0.26,2.01,0.73,0.90,0.20,0.42,0.23,0.50,0.13,0.75,2.36,1.41,3.05,2.19,2.60,1.76,2.35,1.30,1.61,1.33,1.15,-0.60,3.21,2.74,2.81,0.78,2.30,0.18,-0.22,0.15,-0.10,-0.12,-0.68,-0.55,1.65,1.51,3.70,2.54,2.46,0.31,-0.30,,-0.20,-5.30,1,-0.10,0,,,,,,,0.20,0.40,,1,0.40,0.20,0.25,,,,,,,,0.30,0.20,1.40,0.50,0.80,,,,,1.10,,0.50,0.50,3.60,2.80,2.30,,,0.20,,,-0.50,,,2,1.60,2.40,4.60,2.50,0.50,
2008-12-19 11:40,0.40,0.50,-0.61,0.39,-1.70,-0.21,0.02,0.40,-2.55,0.18,-0.96,-0.51,-3.13,-0.14,-0.82,-1.17,-1.54,-4.71,0,-1.30,-1.56,-2.02,-0.38,,0.75,0.45,0.74,-0.97,0.97,-0.30,0.17,1.62,-4.55,0.10,0.03,-0.04,0.62,0.39,-1.29,0.19,-3.20,-3.44,-1.85,0.91,-0.30,0.13,0.10,0.15,0.58,0.32,0.25,0.37,0.13,0.53,-0.02,0,0.26,0.70,0.43,0.65,0.57,0.30,0.10,-2.22,0.59,-0.72,2.16,2.40,1.50,-0.72,2.09,1.66,3.58,-0.61,0.76,3.74,3,1.17,0.30,0.76,0.29,-0.20,0.35,-0.47,0.74,1.12,0.35,0.70,1.35,0.44,-0.35,1.83,0.71,0.90,0.09,0.45,0.20,0.32,0.08,0.54,2.44,1.21,3.13,2.31,2.68,1.95,2.26,1.20,1.54,1.36,1.16,-0.55,3.32,2.75,2.71,0.61,2.30,0.19,-0.25,0.19,-0.20,-0.18,-0.71,-0.71,1.81,1.57,3.70,2.51,2.22,0.28,-0.20,,-0.20,-5.20,1,-0.10,0,,,,,,,0.20,0.40,,0.90,0.40,0.20,0.29,,,,,,,,0.30,0.20,1.40,0.40,0.80,,,,,1.20,,0.60,0.50,3.80,2.90,2.30,,,0.30,,,-0.60,,,2,1.70,2.40,4.40,2.50,0.60,
2008-12-19 11:50,0.40,0.48,-0.66,0.31,-1.70,-0.17,-0.03,0.40,-2.54,0.13,-1.02,-0.45,-3.18,-0.25,-0.73,-1.06,-1.53,-4.67,0,-1.47,-1.58,-2.45,-0.43,,0.68,0.45,0.62,-1.01,0.94,-0.30,0.20,1.53,-4.49,-0.01,0.04,0.03,0.64,0.36,-1.41,0.10,-3.30,-3.15,-2.17,0.82,-0.40,0.15,0.20,0.22,0.53,0.29,0.36,0.33,0.17,0.46,-0.08,0.08,0.27,0.60,0.41,0.70,0.53,0.30,0.07,-2.23,0.59,-0.70,2.08,2.45,1.50,-0.69,2.27,2.53,3.65,-0.53,0.77,3.84,3,1.34,0.30,0.61,0.28,-0.20,0.44,-0.45,0.71,0.99,0.46,0.60,1.33,0.32,-0.28,1.64,0.72,0.70,0.16,0.36,0.10,0.37,0.07,0.47,2.58,1.02,3.19,2.34,2.72,1.80,2.14,1.10,1.64,1.27,1.16,-0.45,3.47,2.79,2.83,0.52,2.30,0.15,-0.19,0.32,-0.20,-0.32,-0.67,-0.76,1.88,1.70,3.60,2.49,2.30,0.13,-0.30,,-0.30,-5.20,1,-0.10,0,,,,,,,0.20,0.30,,0.80,0.40,0.20,0.22,,,,,,,,0.30,0.10,1.50,0.30,0.90,,,,,1.30,,0.50,0.50,4.10,3,2.40,,,0.40,,,-0.50,,,2.10,1.70,2.40,4.30,2.60,0.50,
2008-12-19 12:00,0.40,0.46,-0.62,0.33,-1.70,-0.19,0.01,0.40,-2.56,0.17,-1.07,-0.38,-3.24,-0.30,-0.77,-1.26,-1.52,-4.55,0,-1.44,-1.64,-2.53,-0.40,,0.65,0.41,0.65,-0.98,0.92,-0.30,0.16,1.62,-4.51,0.02,0.07,0.06,0.69,0.34,-1.52,0.16,-3.20,-3.11,-2.40,0.77,-0.50,0.13,0.20,0.21,0.33,0.19,0.41,0.33,0.18,0.41,-0.07,0.10,0.32,0.70,0.35,0.72,0.54,0.30,0.01,-2.22,0.61,-0.80,2.08,2.31,1.50,-0.67,2.43,2.68,3.79,-0.53,0.86,3.92,3,1.44,0.40,0.59,0.34,0,0.50,-0.32,0.63,0.81,0.43,0.50,1.30,0.52,-0.14,1.51,0.76,0.50,0.30,0.36,0.09,0.36,0.01,0.33,2.62,0.85,3.15,2.52,2.67,1.95,1.95,1,1.59,1.20,1.11,-0.53,3.52,2.80,2.85,0.42,2.30,0.22,-0.20,0.42,-0.20,-0.26,-0.75,-0.87,1.76,1.90,3.50,2.56,3.20,0.26,-0.30,-0.20,-0.50,-5.20,1.10,-0.10,0,0.20,3,-2.90,1.70,0.60,0.20,0.20,0.30,0.20,0.60,0.40,0.20,0.30,,2.20,4.10,2.90,3.90,2.20,0.10,0.30,0.10,1.40,0.30,0.90,3.60,2.40,2.90,2.30,1.30,1.60,0.50,0.60,4.50,3.10,2.40,2.30,2.40,0.20,0.40,,-0.50,2.80,2.50,2.10,1.70,2.50,4.20,2.60,0.60,-0.80
2008-12-19 12:10,0.50,0.48,-0.65,0.27,-1.62,-0.25,0.01,0.40,-2.59,0.19,-1.03,-0.26,-3.24,-0.33,-0.83,-1.23,-1.53,-4.80,0,-1.38,-1.74,-2.46,-0.41,,0.69,0.45,0.62,-1.06,0.89,-0.30,0.22,1.62,-4.55,0.17,0.12,0.08,0.74,0.45,-1.61,0.12,-3.10,-3.21,-2.70,0.77,-0.50,0.12,0.20,0.18,0.28,0.19,0.39,0.22,0.21,0.48,-0.12,0.08,0.58,0.70,0.38,0.65,0.59,0.40,0.08,-2.36,0.59,-0.77,2.31,2.10,1.40,-0.82,2.37,2.68,3.87,-0.50,0.99,3.92,3.10,1.36,0.40,0.77,0.39,-0.30,0.49,-0.30,0.57,0.70,0.46,0.60,1.18,0.68,-0.27,1.36,0.70,0.40,0.23,0.39,0.12,0.38,-0.10,0.38,2.62,0.94,3.14,2.41,2.77,1.86,1.59,0.90,1.64,1.16,1.08,-0.42,3.90,2.80,2.69,0.22,2.30,0.23,-0.21,0.40,-0.20,-0.19,-0.84,-0.87,2.05,1.88,3.60,2.58,2.47,0.30,-0.20,,-0.60,-5.40,0.90,-0.10,0,,,,,,,0.20,0.20,,0.60,0.40,0.20,0.24,,,,,,,,0.30,0.10,1.30,0.20,0.90,,,,,1.30,,0.50,0.60,4.50,3.10,2.40,,,0.20,,,-0.50,,,2.10,1.80,2.50,4.10,2.50,0.60,
2008-12-19 12:20,0.50,0.48,-0.75,0.30,-1.86,-0.24,-0.04,0.30,-2.54,0.14,-1.04,-0.36,-3.23,-0.38,-0.91,-1.19,-1.48,-4.83,0,-1.38,-1.83,-2.45,-0.45,,0.72,0.47,0.57,-1.01,0.86,-0.30,0.16,1.58,-4.56,0.10,0.07,-0.08,0.70,0.41,-1.60,0.10,-3,-3.38,-2.76,0.86,-0.50,0.14,0.20,0.12,0.39,0.18,0.39,0.11,0.19,0.48,-0.14,-0.01,0.41,0.70,0.48,0.61,0.65,0.40,0.09,-2.35,0.57,-0.84,2.37,2.05,1.30,-0.91,2.35,2.51,3.96,-0.55,1,4.20,3.10,1.26,0.50,0.84,0.39,0,0.44,-0.35,0.60,0.70,0.39,0.60,1.07,0.57,-0.28,1.27,0.69,0.30,0.15,0.51,0.08,0.36,-0.14,0.36,2.54,0.81,3.19,2.56,2.67,2.06,1.23,0.90,1.58,1.14,1.11,-0.46,4.19,2.75,2.58,0.31,2.30,0.14,-0.23,0.45,-0.20,-0.26,-0.82,-0.80,2.06,1.86,3.60,2.53,2.67,0.14,-0.20,,-0.80,-5.40,0.90,-0.10,0,,,,,,,0.20,0.20,,0.50,,0.10,0.29,,,,,,,,0.30,0.10,1.30,0.20,0.90,,,,,1.10,,0.50,0.60,4.60,3.20,2.50,,,0.20,,,-0.50,,,2.20,1.80,2.50,4.10,2.60,0.60,
2008-12-19 12:30,0.50,0.49,-0.80,0.26,-1.89,-0.16,-0.08,0.30,-2.65,0.18,-1.01,-0.38,-3.25,-0.46,-0.93,-1.14,-1.49,-4.44,0,-1.40,-1.81,-2.48,-0.33,,0.69,0.48,0.54,-1.02,0.88,-0.30,0.09,1.38,-4.54,0.11,0.05,-0.01,0.70,0.38,-1.64,0.15,-3,-3.33,-2.86,0.86,-0.50,0.06,0.20,0.28,0.61,0.19,0.55,0.22,0.24,0.51,-0.15,0.10,0.34,0.70,0.38,0.57,0.65,0.40,0.03,-2.34,0.69,-0.82,2.59,2.11,1.50,-0.88,2.57,2.31,4.04,-0.53,1.20,4.14,3.10,1.30,0.60,0.81,0.33,0,0.43,-0.43,0.60,0.54,0.34,0.50,0.96,0.39,-0.29,1.19,0.59,0.30,0.06,0.50,0.06,0.34,-0.05,0.26,2.53,0.85,3.25,2.59,2.75,2.10,0.89,0.70,1.43,1.04,1.12,-0.45,4.41,2.78,2.55,0.35,2.30,0.04,-0.14,0.44,-0.20,-0.31,-0.82,-0.85,2.02,1.86,3.60,2.52,2.73,0.24,-0.20,,-0.70,-5.40,0.80,-0.10,-0.10,,,,,,,0.20,0.30,,0.50,0.40,0.20,0.30,,,,,,,,0.40,0.10,1.20,0.10,0.80,,,,,1.10,,0.50,0.60,4.80,3.30,2.50,,,0.20,,,-0.50,,,2.20,1.90,2.50,4,2.50,0.60,
2008-12-19 12:40,0.50,0.52,-0.73,0.36,-1.81,-0.29,0,0.30,-2.66,0.08,-1.03,-0.46,-3.27,-0.44,-0.89,-1.26,-1.58,-4.55,0,-1.31,-1.93,-2.58,-0.44,,0.63,0.49,0.56,-1.07,0.87,-0.30,0.14,1.24,-4.57,0.08,0.18,-0.04,0.65,0.39,-1.57,0.08,-3.10,-3.68,-2.90,0.72,-0.60,0.01,0.20,0.24,0.64,0.25,0.43,0.25,0.24,0.52,-0.25,0.01,0.22,0.60,0.38,0.55,0.62,0.40,0.14,-2.42,0.73,-0.83,2.67,2.09,1.70,-0.76,2.51,2.42,4.15,-0.60,1.22,4.43,3.10,1.33,0.60,0.65,0.35,0,0.44,-0.48,0.52,0.48,0.35,0.50,0.91,0.39,-0.42,1.05,0.50,0.20,0.16,0.36,0.15,0.29,-0.10,0.22,2.42,0.97,3.38,2.50,2.77,2.02,0.77,0.60,1.31,0.95,1.21,-0.41,4.66,2.71,2.67,0.28,2.30,0.19,-0.12,0.44,-0.20,-0.23,-0.80,-0.66,2.18,1.91,3.60,2.57,2.59,0.26,-0.20,,-0.70,-5.50,0.80,-0.10,-0.10,,,,,,,0.20,0.30,,0.50,0.40,0.20,0.20,,,,,,,,0.40,0.10,1,0.10,0.80,,,,,1,,0.50,0.60,4.90,3.50,,,,0.10,,,-0.50,,,2.20,1.80,2.50,4,2.60,0.60,
2008-12-19 12:50,0.50,0.44,-0.70,0.30,-1.75,-0.23,-0.02,0.30,-2.76,,-1.14,-0.53,-3.36,-0.42,-0.89,-1.24,-1.69,-4.90,-0.10,-1.41,-2.25,-2.73,-0.51,,0.63,0.46,0.53,-1.04,0.79,-0.30,0.20,1.19,-4.56,0.01,0.18,0,0.44,0.43,-1.62,-0.14,-3,-3.85,-2.88,0.63,-0.60,0.02,0.20,0.25,0.49,0.34,0.22,0.34,0.26,0.49,-0.28,-0.05,0.32,0.50,0.49,0.64,0.49,0.40,0.21,-2.52,0.66,-0.85,2.83,1.83,1.70,-0.78,2.40,2.55,4.15,-0.60,1.21,4.43,3.20,1.41,0.70,0.70,0.41,0,0.36,-0.47,0.62,0.51,0.35,0.50,0.87,0.40,-0.38,0.93,0.39,0.20,0.09,0.42,0.01,0.31,-0.19,0.22,2.23,0.82,3.35,2.62,2.73,1.99,0.78,0.50,1.09,0.90,1.29,-0.29,4.80,2.79,2.64,0.24,2.30,0.21,-0.15,0.43,-0.20,-0.05,-0.74,-0.63,2.19,1.84,3.60,2.54,2.65,0.27,-0.20,,-0.70,-5.60,0.80,-0.10,-0.10,,,,,,,0.20,0.30,,0.40,0.40,0.20,0.16,,,,,,,,0.40,0.10,0.80,0.10,0.80,,,,,1.10,,0.50,0.60,4.90,3.60,2.60,,,0.10,,,-0.50,,,2.20,1.80,2.50,3.90,2.60,0.60,
2008-12-19 13:00,0.50,0.48,-0.68,0.26,-1.72,-0.08,-0.03,0.40,-2.65,0.11,-1.05,-0.56,-3.33,-0.45,-0.87,-1.17,-1.70,-4.69,-0.10,-1.49,-2.26,-2.82,-0.50,,0.66,0.46,0.56,-1.03,0.80,-0.40,0.22,1.11,-4.56,0.03,0.21,0,0.63,0.48,-1.65,-0.16,-3,-4.14,-2.86,0.66,-0.70,0.01,0.20,0.29,0.37,0.29,0.35,0.29,0.21,0.47,-0.33,-0.06,0.21,0.50,0.48,0.67,0.46,0.40,0.09,-2.52,0.59,-0.85,2.74,1.75,1.70,-0.93,2.43,2.56,4.14,-0.72,1.17,4.39,3.20,1.41,0.80,0.80,0.40,-0.10,0.42,-0.41,0.61,0.30,0.30,0.40,0.86,0.32,-0.31,0.82,0.45,0.20,0.08,0.41,0.08,0.32,-0.16,0.17,2.20,0.84,3.33,2.69,2.64,2.04,0.64,0.40,0.78,0.96,1.21,-0.27,4.88,2.69,2.57,0.27,2.30,0.21,-0.16,0.40,-0.30,-0.05,-0.77,-0.72,2.25,1.91,3.60,2.53,2.63,0.26,-0.20,-0.10,-0.80,-5.70,0.70,-0.10,-0.10,0.20,2.70,-3.30,1.40,1.20,0.10,0.20,0.30,0.20,0.40,0.40,0.20,0.30,,2.60,3.80,3,4,2.50,0.10,0.40,0.10,0.60,0.10,0.70,4.60,2.80,3.10,2.30,1.10,1.60,0.40,0.60,4.90,4,2.80,2.50,2.70,0.20,0.40,,-0.50,3.20,2.60,2.30,1.90,2.50,3.90,2.60,0.60,-0.80
2008-12-19 13:10,0.50,0.49,-0.68,0.26,-1.83,-0.10,-0.05,0.30,-2.71,0.12,-1.04,-0.61,-3.31,-0.54,-0.91,-1.16,-1.65,-4.84,-0.20,-1.53,-2.16,-2.73,-0.71,,0.55,0.43,0.60,-1.06,0.85,-0.40,0.18,1.18,-4.52,0.09,0.15,0.01,0.73,0.48,-1.62,-0.07,-3.20,-4.22,-2.79,0.59,-0.70,-0.01,0.20,0.21,0.56,0.28,0.32,0.21,0.16,0.47,-0.29,0.15,0.28,0.50,0.51,0.66,0.43,0.40,0.06,-2.62,0.45,-0.86,2.83,1.75,1.50,-0.99,2.51,2.51,4,-0.66,1.02,4.48,3.30,1.44,0.79,0.69,0.39,0.20,0.27,-0.34,0.56,0.22,0.35,0.40,0.91,0.28,-0.36,0.75,0.39,0.20,0.11,0.41,0.08,0.28,-0.16,0.16,2.16,0.89,3.42,2.62,2.62,2.13,0.51,0.30,0.62,0.90,1.14,-0.32,4.91,2.63,2.58,0.33,2.40,0.20,-0.17,0.40,-0.30,-0.10,-0.77,-0.69,2.41,2.02,3.50,2.55,2.46,0.18,-0.20,,-0.80,-5.80,0.60,-0.10,-0.10,,,,,,,0.20,0.30,,0.40,0.40,0.20,0.13,,,,,,,,0.40,0.10,0.50,0.10,0.70,,,,,1.10,,0.20,0.60,4.90,4.10,2.80,,,0.20,,,-0.50,,,2.30,1.90,2.50,3.90,2.60,0.60,
2008-12-19 13:20,0.50,0.52,-0.73,0.32,-1.77,-0.16,0,0.30,-2.68,0.15,-1.10,-0.45,-3.33,-0.51,-0.95,-1.21,-1.63,-4.88,-0.20,-1.69,-2.39,-2.85,-0.80,,0.50,0.44,0.69,-1.05,0.77,-0.40,0.20,0.99,-4.53,-0.03,0.19,0.09,0.75,0.41,-1.73,-0.09,-3.40,-4.27,-2.80,0.57,-0.70,0.01,0.20,0.22,0.41,0.31,0.29,0.23,0.21,0.47,-0.42,0.08,0.26,0.60,0.41,0.69,0.42,0.40,0.04,-2.67,0.31,-0.80,2.75,1.69,1.40,-0.96,2.47,2.46,3.97,-0.60,1.04,4.42,3.30,1.51,0.56,0.71,0.41,0.29,0.31,-0.54,0.55,0.22,0.28,0.40,0.93,0.33,-0.39,0.65,0.31,0.10,0.10,0.39,0.13,0.30,-0.20,0.14,2,0.87,3.49,2.65,2.61,2.30,0.51,0.20,0.52,0.76,1.12,-0.30,4.98,2.68,2.61,0.33,2.30,0.18,-0.22,0.39,-0.30,-0.28,-0.75,-0.58,2.35,2.02,3.50,2.57,2.30,0.18,-0.20,,-0.80,-5.90,0.50,-0.10,-0.10,,,,,,,0.20,0.30,,0.40,0.30,0.10,0.16,,,,,,,,0.40,0.20,0.50,0.10,0.70,,,,,1,,0.20,0.60,4.90,4.30,2.80,,,0.20,,,-0.50,,,2.40,1.90,2.50,3.90,2.60,0.50,
2008-12-19 13:30,0.60,0.51,-0.55,0.34,-1.74,-0.19,-0.02,0.30,-2.63,0.21,-1.15,-0.50,-3.38,-0.59,-1.04,-1.20,-1.68,-4.92,-0.40,-1.81,-2.54,-2.98,-0.83,,0.59,0.38,0.59,-1.05,0.75,-0.40,0.18,0.88,-4.71,0.03,0.17,0.15,0.65,0.36,-1.78,-0.02,-3.40,-4.57,-2.81,0.47,-0.70,-0.03,0.20,0.22,0.43,0.25,0.21,0.25,0.29,0.48,-0.28,-0.04,0.36,0.60,0.39,0.58,0.37,0.40,0.04,-2.67,0.26,-0.71,2.64,1.65,1.10,-0.90,2.38,2.45,3.94,-0.52,1.10,4.37,3.20,1.58,0.48,0.82,0.43,0,0.28,-0.44,0.59,0.13,0.31,0.40,0.86,0.35,-0.35,0.61,0.31,0.10,0.18,0.42,0.07,0.31,-0.21,0.16,1.86,0.89,3.60,2.72,2.48,2.23,0.49,0.20,0.37,0.68,1.03,-0.26,4.98,2.55,2.52,0.30,2.30,0.12,-0.26,0.35,-0.30,-0.35,-0.79,-0.70,2.20,2.07,3.50,2.47,2.36,0.36,-0.20,,-0.90,-6,0.40,-0.10,-0.10,,,,,,,0.20,0.30,,0.30,0.30,0.10,0.17,,,,,,,,0.40,0.20,0.30,0.10,0.60,,,,,1,,0.10,0.60,4.90,4.70,2.90,,,0.20,,,-0.50,,,2.40,1.90,2.50,3.90,2.60,0.50,
2008-12-19 13:40,0.60,0.50,-0.51,0.35,-1.74,-0.28,-0.02,0.30,-2.63,0.17,-1.10,-0.58,-3.40,-0.75,-0.99,-1.28,-1.78,-4.85,-0.40,-1.97,-2.61,-3.26,-0.87,,0.55,0.36,0.61,-0.99,0.82,-0.40,0.09,0.85,-4.82,0.05,0.12,0,0.66,0.31,-1.65,-0.02,-3.50,-4.80,-2.91,0.43,-0.70,0.05,0.20,0.25,0.57,0.21,0.14,0.31,0.18,0.52,-0.34,0.05,0.28,0.60,0.41,0.64,0.32,0.30,0,-2.62,0.22,-0.47,2.68,1.53,1.20,-0.85,2.39,2.53,3.97,-0.48,0.95,4.36,3.30,1.66,0.56,0.79,0.45,0,0.34,-0.43,0.60,0.12,0.31,0.30,0.81,0.13,-0.52,0.50,0.31,0.10,0.30,0.47,0.09,0.31,-0.16,0.18,1.70,0.85,3.53,2.80,2.51,2.36,0.50,0.20,0.26,0.59,1.04,-0.25,5.01,2.59,2.62,0.20,2.30,0.21,-0.33,0.31,-0.30,-0.35,-0.63,-0.78,2.28,1.91,3.60,2.53,2.53,0.32,-0.20,,-1,-6.10,0.40,-0.10,-0.10,,,,,,,0.20,0.20,,0.30,0.30,0.10,0.20,,,,,,,,0.40,0.20,0.20,0.10,0.60,,,,,0.90,,0.10,0.50,4.90,5,3.10,,,0.10,,,-0.50,,,2.50,1.90,2.50,3.80,2.60,0.50,
2008-12-19 13:50,0.50,0.50,-0.49,0.35,-1.74,-0.28,-0.01,0.30,-2.64,0.17,-1.06,-0.57,-3.40,-0.81,-0.96,-1.29,-1.76,-4.89,-0.40,-1.98,-2.69,-3.29,-0.92,,0.57,0.47,0.62,-0.97,0.68,-0.40,0.20,0.80,-4.72,-0.06,0.16,0.01,0.76,0.35,-1.75,-0.16,-3.60,-4.87,-3.16,0.49,-0.80,-0.02,0.20,0.21,0.50,0.41,0.13,0.28,0.24,0.46,-0.45,0.05,0.26,0.50,0.41,0.67,0.31,0.30,-0.09,-2.64,0.15,-0.48,2.75,1.65,1.10,-0.88,2.28,2.27,4.07,-0.55,0.91,4.27,3.30,1.74,0.65,0.78,0.40,-0.10,0.31,-0.47,0.59,0.18,0.37,0.30,0.76,0.29,-0.46,0.56,0.35,0.10,0.26,0.44,-0.04,0.32,-0.18,0.12,1.48,0.85,3.38,2.82,2.56,2.32,0.45,0.20,0.29,0.41,0.99,-0.12,5.02,2.55,2.44,0.26,2.20,0.23,-0.18,0.24,-0.30,-0.23,-0.70,-0.48,2.43,2.04,3.50,2.50,2.46,0.22,-0.20,,-1,-6.10,0.40,-0.10,-0.10,,,,,,,0.20,0.20,,0.30,,0.10,0.12,,,,,,,,0.40,0.10,0.20,0.10,0.60,,,,,0.90,,0.10,0.50,4.90,5.20,3.20,,,0.10,,,-0.40,,,2.50,2,2.40,3.80,2.60,0.50,
2008-12-19 14:00,0.50,0.53,-0.50,0.26,-1.79,-0.23,-0.07,0.30,-2.67,0.12,-1.10,-0.58,-3.34,-0.83,-0.90,-1.22,-1.70,-4.25,-0.50,-1.95,-2.71,-3.24,-0.90,,0.64,0.41,0.61,-1.03,0.71,-0.40,0.03,0.69,-4.69,-0.12,0.14,0.18,0.83,0.32,-1.74,-0.22,-3.80,-4.98,-3.30,0.47,-0.90,0.03,0.20,0.28,0.42,0.38,0.12,0.22,0.24,0.48,-0.45,-0.04,0.27,0.50,0.32,0.70,0.28,0.20,-0.07,-2.60,0.07,-0.64,2.89,1.73,1.20,-0.90,2.22,2.28,4.15,-0.52,0.96,4.37,3.20,1.80,0.70,0.81,0.37,0,0.30,-0.56,0.54,0.13,0.37,0.30,0.79,0.28,-0.43,0.56,0.31,0.10,0.06,0.48,-0.13,0.30,-0.17,0.15,1.27,0.75,3.65,2.76,2.46,2.40,0.48,0.10,0.34,0.27,0.98,-0.15,5.01,2.46,2.53,0.24,2.20,0.13,-0.23,0.31,-0.30,-0.18,-0.73,-0.62,2.27,2.01,3.50,2.36,2.25,0.21,-0.20,-0.10,-1.10,-6.20,0.40,-0.10,0,0.20,2.50,-4.20,1.50,1.50,0.20,0.10,0.20,0.20,0.30,0.30,0.10,0.20,0.10,3.10,4.10,3.20,3.70,2.50,0.10,0.40,0.10,0.20,0,0.60,4.90,3.50,3.20,2.40,0.80,1.30,0.10,0.40,4.90,5.20,3.50,2.40,2.60,0.10,0.30,,-0.40,3.60,2.90,2.60,2,2.40,3.70,2.60,0.50,-0.80
2008-12-19 14:10,0.40,0.48,-0.51,0.32,-1.92,-0.03,-0.05,0.20,-2.69,0.06,-1.12,-0.66,-3.35,-0.86,-0.92,-1.17,-1.73,-4.42,-0.50,-2.04,-2.85,-3.28,-0.88,,0.62,0.37,0.62,-1,0.67,-0.40,0.09,0.72,-4.83,-0.14,0.11,-0.03,0.83,0.28,-1.84,-0.07,-4,-5.04,-3.29,0.54,-1.10,0.02,0.20,0.18,0.43,0.31,0.15,0.18,0.17,0.44,-0.45,-0.01,0.19,0.40,0.24,0.65,0.24,0.20,-0.10,-2.67,0.10,-0.58,2.91,1.75,1.10,-0.76,2.04,2.15,4.20,-0.54,0.97,4.25,3.20,1.86,0.80,0.66,0.35,-0.20,0.29,-0.52,0.59,0.11,0.34,0.40,0.76,0.23,-0.61,0.48,0.30,0.10,-0.02,0.49,-0.12,0.23,-0.30,0.17,0.96,0.77,3.62,2.87,2.47,2.48,0.51,0.20,0.28,0.18,0.87,-0.15,5.11,2.40,2.51,0.17,2.20,0.11,-0.27,0.27,-0.40,-0.19,-0.69,-0.45,2.31,2.03,3.50,2.28,2.46,0.28,-0.30,,-1.20,-6.30,0.30,-0.10,0,,,,,,,0.10,0.20,,0.30,0.30,0.10,0.13,,,,,,,,0.30,0.10,0.10,0,0.60,,,,,0.80,,0.10,0.40,4.90,5.20,3.50,,,0.10,,,-0.40,,,2.60,1.90,2.40,3.60,2.60,0.50,
2008-12-19 14:20,0.40,0.44,-0.54,0.38,-1.74,-0.11,-0.01,0.30,-2.73,0,-1.05,-0.65,-3.46,-0.90,-0.91,-1.20,-1.72,-4.68,-0.60,-2.11,-2.91,-3.45,-0.92,,0.62,0.42,0.59,-1.03,0.67,-0.40,0.13,0.79,-4.70,-0.12,0.10,0.05,0.74,0.30,-1.87,0.02,-4.30,-5.08,-3.28,0.36,-1.20,-0.02,0.20,0.20,0.17,0.24,0.10,0.21,0.13,0.43,-0.48,0,0.18,0.40,0.31,0.63,0.19,0.20,-0.19,-2.78,0.08,-0.72,3.04,1.85,1.10,-0.51,2.01,2.02,4.09,-0.56,0.98,4.19,3,1.84,0.90,0.74,0.40,-0.20,0.35,-0.50,0.52,0.12,0.37,0.30,0.74,0.24,-0.58,0.40,0.36,0.10,0.21,0.36,-0.19,0.20,-0.21,0.18,0.78,0.86,3.65,2.96,2.67,2.52,0.48,0.20,0.21,0.09,0.84,-0.16,5.11,2.31,2.47,0.28,2.10,0.13,-0.19,0.24,-0.40,-0.18,-0.70,-0.65,2.44,2.03,3.50,2.20,2.45,0.19,-0.30,,-1.40,-6.30,0.30,-0.10,0,,,,,,,0.10,0.20,,0.20,0.30,0.10,0.14,,,,,,,,0.20,0.10,0.10,0,0.60,,,,,0.80,,0,0.30,4.90,5.10,3.70,,,0.10,,,-0.40,,,2.60,1.90,2.40,3.50,2.60,0.50,
2008-12-19 14:30,0.40,0.43,-0.53,0.39,-1.77,-0.23,0.02,0.30,-2.68,0.07,-1.12,-0.75,-3.46,-0.89,-0.87,-1.34,-1.87,-4.49,-0.60,-2.19,-2.93,-3.72,-0.90,,0.52,0.36,0.59,-1.03,0.65,-0.50,0.14,0.80,-4.71,-0.16,0.12,0.06,0.89,0.33,-2.02,0.01,-4.40,-5,-3.33,0.48,-1.30,-0.02,0.20,0.20,0.19,0.22,0.12,0.29,0.08,0.38,-0.44,-0.01,0.24,0.40,0.24,0.50,0.18,0.30,-0.33,-2.87,0.24,-0.85,2.85,1.76,1.10,-0.37,1.99,1.95,4.06,-0.57,0.90,4.31,2.90,1.85,0.90,0.71,0.32,-0.20,0.22,-0.50,0.46,0.05,0.39,0.30,0.81,0.17,-0.75,0.38,0.33,0.10,0.30,0.44,-0.17,0.22,-0.21,0.21,0.74,0.73,3.79,2.77,2.62,2.53,0.50,0.10,0.21,0.05,0.81,-0.12,5.15,2.34,2.45,0.21,2.10,0.16,-0.23,0.25,-0.40,-0.26,-0.61,-0.57,2.44,1.99,3.50,2.17,2.18,0.14,-0.30,,-1.50,-6.40,0.30,-0.10,0,,,,,,,0.10,0.20,,0.20,0.30,0.10,0.11,,,,,,,,0.20,0.10,0.10,0,0.70,,,,,0.70,,0,0.40,4.90,5.20,3.80,,,0.10,,,-0.40,,,2.70,1.80,2.50,3.40,2.60,0.50,
2008-12-19 14:40,0.40,0.44,-0.55,0.32,-1.77,-0.11,-0.01,0.30,-2.78,0.02,-1.20,-0.76,-3.40,-0.88,-0.95,-1.34,-1.75,-4.77,-0.70,-2.23,-2.94,-3.54,-0.95,,0.56,0.38,0.51,-1.05,0.61,-0.50,0.10,0.69,-4.66,-0.24,0.05,0.04,0.75,0.25,-2.22,-0.08,-4.50,-5.08,-3.52,0.48,-1.40,0.05,0.20,0.23,0.45,0.13,0.14,0.21,0.08,0.38,-0.48,-0.03,0.36,0.40,0.28,0.52,0.12,0.20,-0.48,-2.90,0.52,-0.83,3.04,1.81,1.20,-0.35,1.86,1.83,4.03,-0.47,0.91,4.33,2.80,1.88,0.90,0.86,0.33,0,0.23,-0.53,0.47,0.12,0.30,0.30,0.78,0.10,-0.75,0.36,0.28,0.10,0.21,0.40,-0.11,0.25,-0.23,0.23,0.67,0.84,3.95,2.95,2.51,2.50,0.56,0.20,0.20,0.09,0.69,-0.15,5.14,2.34,2.34,0.15,2,0.11,-0.25,0.23,-0.30,-0.29,-0.59,-0.60,2.30,1.94,3.50,2.16,2.08,0.21,-0.30,,-1.50,-6.40,0.20,-0.10,0,,,,,,,0.10,0.20,,0.20,0.30,0.10,0.16,,,,,,,,0.20,0.10,0.10,0,0.70,,,,,0.70,,0,0.30,5.10,5.20,3.90,,,0,,,-0.40,,,2.70,1.80,2.50,3.30,2.60,0.50,
2008-12-19 14:50,0.30,0.50,-0.62,0.27,-1.80,-0.11,0,0.40,-2.68,-0.10,-1.12,-0.77,-3.52,-0.87,-0.96,-1.35,-1.73,-4.91,-0.70,-2.22,-3.15,-3.52,-0.90,,0.64,0.35,0.52,-1.05,0.66,-0.50,0.10,0.67,-4.83,-0.25,-0.02,0.01,0.89,0.28,-2.35,-0.23,-4.60,-5.13,-3.74,0.32,-1.40,0.07,0.10,0.21,0.23,0.09,0.23,0.30,0.13,0.39,-0.53,-0.11,0.27,0.40,0.28,0.54,0.21,0.20,-0.63,-2.96,0.71,-0.92,3.13,1.95,1.30,-0.34,1.95,1.82,4.02,-0.40,0.89,4.22,2.70,1.92,0.90,0.67,0.31,0,0.33,-0.45,0.50,0.13,0.24,0.30,0.76,0.16,-0.84,0.38,0.25,0.10,0.09,0.50,-0.15,0.17,-0.20,0.22,0.66,0.80,4,2.96,2.49,2.51,0.58,0.10,0.22,-0.09,0.53,-0.14,5.07,2.22,2.25,0.21,2,0.04,-0.22,0.22,-0.40,-0.16,-0.58,-0.48,2.22,1.98,3.50,2,2.16,0.25,-0.40,,-1.60,-6.50,0.20,-0.10,0,,,,,,,0.10,0.20,,0.20,0.30,0.10,0.13,,,,,,,,0.20,0.10,0.10,0,0.60,,,,,0.60,,0,0.30,5.20,5.10,4,,,0,,,-0.30,,,2.70,1.80,2.50,3.20,2.60,0.50,
2008-12-19 15:00,0.40,0.46,-0.68,0.23,-1.93,-0.13,-0.05,0.40,-2.75,0.09,-1.13,-0.77,-3.34,-0.88,-0.97,-1.39,-1.77,-5.29,-0.80,-2.22,-3.15,-3.51,-0.99,,0.52,0.38,0.50,-1.01,0.64,-0.60,0.05,0.64,-4.74,-0.32,-0.01,0,0.82,0.33,-2.40,0.05,-4.70,-5.18,-3.78,0.47,-1.40,0.02,0.10,0.17,0.12,0.10,0.03,0.32,0.20,0.38,-0.42,-0.15,0.24,0.40,0.27,0.46,0.10,0.30,-0.67,-2.98,0.94,-1.01,3.33,2.04,1.30,-0.31,2.04,1.94,3.93,-0.33,0.74,4.33,2.60,1.96,0.90,0.81,0.33,-0.10,0.35,-0.48,0.46,-0.02,0.24,0.30,0.76,0.10,-0.79,0.46,0.22,0.10,0.14,0.55,-0.13,0.33,-0.16,0.22,0.50,0.68,3.98,2.84,2.48,2.64,0.63,0.10,0.22,-0.04,0.48,-0.09,5.13,2.43,2.25,0.24,1.90,0.02,-0.22,0.19,-0.40,-0.17,-0.57,-0.30,2.31,1.99,3.50,2,2.14,0.18,-0.30,-0.10,-1.60,-6.50,0.20,-0.10,0,0.20,2.60,-4.20,1,1.80,0.30,0.10,0.20,0.10,0.20,0.30,0.10,0.20,0.10,3.40,4,3.50,3.90,2.40,0.10,0.20,0.10,0.10,0,0.40,5.30,4.10,3.10,2.50,0.40,0.10,0,0.40,5.40,5.10,4.40,2.60,2.60,0,0.20,0.30,-0.30,5.60,3.20,2.80,1.80,2.50,3.20,2.60,0.50,-0.80
2008-12-19 15:10,0.40,0.44,-0.75,0.25,-1.80,-0.03,-0.01,0.40,-2.75,-0.02,-1.07,-0.67,-3.42,-0.89,-0.92,-1.41,-1.77,-5.18,-0.80,-2.28,-3.27,-3.56,-0.98,,0.61,0.42,0.54,-1.03,0.72,-0.60,0.07,0.71,-4.75,-0.30,-0.01,-0.02,0.66,0.30,-2.40,-0.07,-4.70,-5.09,-3.77,0.54,-1.40,0.03,0.10,0.20,0.20,0.12,0.05,0.32,0.18,0.38,-0.53,-0.08,0.19,0.30,0.19,0.49,,0.30,-0.73,-3.01,1.08,-1.12,3.57,2.13,1.30,-0.25,2.15,2,3.92,-0.32,0.70,4.53,2.50,1.91,0.90,0.87,0.38,-0.10,0.26,-0.50,0.44,0.04,0.35,0.30,0.78,0.03,-0.74,0.33,0.28,0.10,0.15,0.53,-0.21,0.26,-0.13,0.27,0.42,0.66,3.97,2.96,2.50,2.67,0.70,0.10,0.17,-0.01,0.42,-0.09,5.29,2.22,2.29,0.26,1.80,0.05,-0.26,0.04,-0.40,-0.08,-0.60,-0.37,2.37,1.97,3.50,1.88,2.08,0.22,-0.30,,-1.70,-6.70,0.20,-0.20,0,,,,,,,0.10,0.20,,0.20,0.30,0.10,0.15,,,,,,,,0.30,0.10,0.10,0,0.40,,,,,0.40,,0,0.40,5.40,5.10,,,,0,,,-0.30,,,2.80,1.80,2.60,3.20,2.50,0.50,
2008-12-19 15:20,0.40,0.47,-0.77,0.22,-1.90,-0.04,0,0.40,-2.70,-0.06,-1.08,-0.69,-3.51,-0.80,-0.91,-1.28,-1.80,-4.84,-0.80,-2.26,-3.18,-3.83,-1,,0.62,0.38,0.52,-0.99,0.70,-0.60,0.11,0.53,-4.76,-0.30,-0.09,-0.10,0.55,0.32,-2.47,-0.09,-4.70,-5.12,-3.78,0.48,-1.50,0.01,0.20,0.29,0.22,0.11,0.01,0.21,0.11,0.36,-0.49,-0.19,0.22,0.30,0.19,0.49,,0.30,-0.72,-3.06,1.04,-1.23,3.82,2.14,1.30,-0.21,2.13,2.13,3.81,-0.36,0.78,4.47,2.60,1.78,1,0.87,0.41,-0.10,0.19,-0.57,0.48,0.09,0.36,0.20,0.74,0.07,-0.79,0.34,0.29,0.10,0.06,0.44,-0.20,0.25,-0.20,0.38,0.38,0.72,4.03,3.03,2.53,2.57,0.81,0.10,0.13,-0.07,0.41,-0.09,5.45,2.29,2.39,0.29,1.70,0.19,-0.30,0.02,-0.40,-0.34,-0.60,-0.55,2.48,1.94,3.50,1.90,1.97,0.17,-0.30,,-1.70,-6.70,0.20,-0.20,0,,,,,,,0.10,0.20,,0.20,0.30,0.10,0.10,,,,,,,,0.20,0.10,0.10,0,0.50,,,,,0.40,,0,0.40,5.40,5.20,4.50,,,0,,,-0.30,,,2.80,1.90,2.60,3.30,2.50,0.50,
2008-12-19 15:30,0.40,0.49,-0.78,0.18,-1.90,-0.04,0.07,0.40,-2.62,-0.09,-1.10,-0.79,-3.42,-0.87,-1.05,-1.49,-1.78,-4.28,-0.90,-2.32,-3.16,-3.60,-1.04,,0.58,0.47,0.63,-1.03,0.69,-0.60,0.03,0.58,-4.78,-0.26,-0.12,-0.04,0.56,0.18,-2.43,-0.13,-4.80,-5.24,-3.79,0.36,-1.50,0.06,0.10,0.23,0.14,0.10,-0.02,0.21,0.18,0.38,-0.57,-0.24,0.21,0.30,0.21,0.43,,0.30,-0.59,-3.07,1.04,-1.25,4.02,2.25,1.30,-0.22,2.02,2.12,3.69,-0.26,0.75,4.45,2.60,1.75,1,0.85,0.38,-0.10,0.19,-0.51,0.45,-0.02,0.33,0.20,0.74,0.06,-0.81,0.36,0.28,0.10,0.05,0.50,-0.22,0.28,-0.18,0.34,0.30,0.58,4,2.89,2.51,2.62,0.80,0.10,0.12,0.01,0.30,-0.09,5.37,2.26,2.33,0.34,1.70,0.16,-0.31,0.16,-0.40,-0.30,-0.53,-0.41,2.49,1.90,3.50,1.91,1.93,0.32,-0.30,,-1.70,-6.80,0.20,-0.20,0,,,,,,,0.10,0.20,,0.20,0.30,0.10,0.13,,,,,,,,0.20,0.10,0.10,0,0.40,,,,,0.50,,0,0.50,5.30,5.30,4.60,,,0,,,-0.30,,,2.90,1.90,2.60,3.30,2.60,0.50,
2008-12-19 15:40,0.30,0.47,-0.80,0.22,-1.90,-0.13,0.04,0.50,-2.53,-0.03,-1.08,-0.74,-3.37,-0.87,-1.10,-1.37,-1.74,-4.26,-0.90,-2.11,-3.26,-3.28,-0.99,,0.51,0.37,0.73,-1,0.69,-0.60,0.12,0.57,-4.79,-0.19,-0.11,-0.03,0.56,0.14,-2.34,0.01,-5,-5.44,-3.99,0.33,-1.50,0.05,0.10,0.20,0.13,0.05,0.06,0.25,0.11,0.41,-0.49,-0.26,0.16,0.30,0.24,0.44,,0.30,-0.73,-3.17,1.03,-1.25,4.05,2.32,1.50,-0.15,2.05,2.15,3.60,-0.18,0.58,4.43,2.60,1.75,1,0.97,0.39,0,0.30,-0.66,0.45,0.03,0.26,0.30,0.74,0.08,-0.77,0.38,0.33,0.10,-0.01,0.58,-0.25,0.25,-0.16,0.38,0.25,0.45,4.01,2.92,2.52,2.81,0.75,0.10,0.27,0,0.22,-0.12,5.32,2.22,2.23,0.48,1.70,0.05,-0.22,-0.01,-0.40,-0.32,-0.51,-0.58,2.54,1.96,3.40,1.93,2.19,0.13,-0.30,,-1.70,-6.80,0.20,-0.10,0,,,,,,,0.10,0.20,,0.20,0.30,0.10,0.12,,,,,,,,0.30,0.10,0.10,-0.10,0.40,,,,,0.50,,0,0.50,5.20,5.40,4.60,,,0,,,-0.30,,,3,2,2.70,3.30,2.60,0.50,
2008-12-19 15:50,0.40,0.48,-0.75,0.13,-1.90,-0.24,0.04,0.40,-2.46,0.03,-1.12,-0.76,-3.42,-0.93,-1.16,-1.56,-1.70,-4.19,-0.90,-2.16,-3.27,-3.69,-1,,0.55,0.37,0.70,-1.03,0.64,-0.60,0.16,0.56,-4.86,-0.36,-0.02,-0.27,0.54,0.15,-2.37,-0.03,-5.10,-5.62,-4.06,0.23,-1.50,0.03,0.10,0.19,0.15,0.06,0.09,0.31,0.20,0.39,-0.48,-0.07,0.22,0.30,0.13,0.44,,0.30,-0.76,-3.19,0.99,-1.37,4.13,2.27,1.50,-0.12,2.04,2.15,3.53,-0.19,0.50,4.17,2.50,1.69,1,1.07,0.39,-0.10,0.29,-0.56,0.52,0.04,0.34,0.30,0.77,0.04,-0.75,0.40,0.35,0.10,0.25,0.54,-0.22,0.23,-0.12,0.33,0.24,0.29,4.09,3.04,2.45,2.81,0.84,0,0.06,-0.01,0.19,-0.17,5.28,2.12,2.14,0.47,1.70,0.07,-0.40,-0.14,-0.40,-0.28,-0.52,-0.32,2.61,1.94,3.40,1.88,2.21,0.14,-0.30,,-1.70,-6.90,0.30,-0.10,0,,,,,,,0.10,0.30,,0.20,0.30,0.10,0.09,,,,,,,,0.30,0.10,0.10,-0.10,0.40,,,,,0.60,,0,0.50,5.20,5.60,4.50,,,0,,,-0.30,,,3.10,2,2.70,3.30,2.70,0.50,
2008-12-19 16:00,0.40,0.46,-0.73,0.22,-1.90,-0.19,0.08,0.40,-2.48,-0.04,-1.14,-0.71,-3.40,-0.90,-1.09,-1.50,-1.82,-4.04,-0.90,-2.20,-3.26,-3.39,-0.93,,0.63,0.40,0.60,-0.99,0.65,-0.60,0.07,0.65,-4.72,-0.31,-0.07,-0.14,0.51,0.09,-2.33,0.03,-5.30,-5.70,-4.05,0.33,-1.50,0.11,0.10,0.15,0.28,0.04,0.02,0.33,0.32,0.39,-0.51,-0.20,0.19,0.30,0.20,0.46,-0.02,0.30,-0.69,-3.19,1,-1.36,4.23,2.28,1.50,-0.21,2.06,2.09,3.77,-0.19,0.41,4.21,2.50,1.63,1.10,0.85,0.39,0,0.25,-0.59,0.55,-0.01,0.31,0.30,0.78,0.11,-0.93,0.37,0.32,0.10,0.21,0.47,-0.13,0.26,-0.16,0.43,0.27,0.38,4.19,2.98,2.53,2.80,1.03,0.10,0.22,-0.03,0.10,-0.11,5.18,2.10,2.26,0.43,1.70,0.14,-0.35,0.04,-0.40,-0.25,-0.41,-0.41,2.52,1.90,3.40,1.83,2.25,0.13,-0.40,-0.10,-1.70,-7.10,0.30,-0.10,-0.10,0.20,3.20,-4.20,1.40,2.20,0.60,0.10,0.30,0.10,0.20,0.30,0.10,0.20,,3.50,4.30,3.60,3.90,2.30,0.30,0.30,0.10,0.10,-0.10,0.40,5.50,4.40,3.30,2.30,0.60,0,0,0.50,4.90,5.90,4.60,2.70,2.80,0,0.10,0.20,-0.30,5.60,5.50,3.10,2.10,2.70,3.30,2.70,0.50,-0.80
2008-12-19 16:10,0.40,0.45,-0.60,0.09,-1.90,-0.11,0.06,0.30,-2.56,-0.09,-1.03,-0.81,-3.37,-0.91,-1.11,-1.45,-1.87,-4.25,-0.90,-2.17,-3.23,-3.65,-0.97,,0.61,0.38,0.52,-1.01,0.70,-0.60,0.10,0.56,-4.75,-0.31,-0.05,-0.21,0.61,0.12,-2.35,0.06,-5.30,-5.70,-4.13,0.28,-1.50,0.19,0.10,0.21,0.40,0.10,-0.02,0.33,0.25,0.42,-0.51,-0.30,0.12,0.20,0.27,0.43,-0.03,0.50,-0.78,-3.31,0.99,-1.38,4.08,2.33,1.40,-0.23,2.22,2.18,3.79,-0.12,0.40,4.37,2.50,1.45,1.15,1.01,0.42,-0.10,0.35,-0.53,0.57,0.02,0.25,0.30,0.78,0.15,-0.85,0.41,0.35,0.10,0.08,0.54,-0.18,0.30,-0.14,0.51,0.26,0.43,4.23,2.91,2.37,2.74,1.19,0,0.13,-0.04,0.13,-0.09,5.14,2.17,2.24,0.58,1.70,0.16,-0.36,-0.13,-0.40,-0.26,-0.44,-0.19,2.56,1.91,3.30,1.82,2.06,0.11,-0.40,,-1.70,-7.30,0.30,-0.10,0,,,,,,,0.10,0.30,,0.20,,0.10,0.10,,,,,,,,0.30,0.10,0.10,-0.10,0.40,,,,,0.60,,-0.10,0.60,4.90,5.90,,,,0,,,-0.30,,,3.20,2.10,2.80,3.30,2.70,0.50,
2008-12-19 16:20,0.40,0.48,-0.56,0.18,-2,-0.22,0.06,0.30,-2.47,-0.04,-1.03,-0.82,-3.32,-0.88,-1.13,-1.58,-1.90,-4.12,-0.90,-2.12,-3.11,-3.68,-0.87,,0.61,0.37,0.54,-1.06,0.68,-0.60,0.13,0.63,-4.71,-0.27,-0.07,-0.24,0.53,0.05,-2.24,-0.11,-5.20,-5.68,-4.06,0.20,-1.40,0.17,0.10,0.25,0.29,0.11,-0.07,0.41,0.28,0.47,-0.49,-0.20,0.10,0.20,0.09,0.41,-0.09,0.50,-0.89,-3.21,0.98,-1.41,4.18,2.31,1.50,-0.22,2.13,2.19,3.91,-0.03,0.36,4.35,2.50,1.52,1.19,1.16,0.37,0.10,0.18,-0.54,0.54,0.04,0.27,0.30,0.75,0.16,-0.83,0.35,0.31,0.20,0.09,0.58,-0.13,0.36,-0.21,0.49,0.20,0.40,4.21,2.93,2.35,2.68,1.30,0.10,0.20,0.01,0.19,-0.13,5,2.08,2.24,0.63,1.70,0.16,-0.32,0.05,-0.40,-0.27,-0.42,-0.23,2.56,1.94,3.20,1.86,1.76,0.27,-0.40,,-1.60,-7.80,0.30,-0.10,0,,,,,,,0.10,0.20,,0.20,0.40,0.10,0.14,,,,,,,,0.40,0.10,0.10,-0.10,0.40,,,,,0.50,,-0.10,0.60,4.70,6,4.60,,,0,,,-0.20,,,3.30,2.10,2.80,3.20,2.70,0.50,
2008-12-19 16:30,0.40,0.52,-0.63,0.21,-1.90,-0.27,0.08,0.30,-2.50,-0.13,-1.05,-0.78,-3.33,-0.90,-1.15,-1.69,-1.80,-4.69,-0.90,-2.05,-3.04,-3.42,-0.87,,0.48,0.38,0.57,-1.03,0.70,-0.60,0.08,0.48,-4.69,-0.35,-0.16,-0.30,0.66,0.02,-2.20,-0.05,-5.20,-5.64,-3.99,0.34,-1.40,0.16,0.10,0.23,0.31,0.09,-0.22,0.31,0.30,0.56,-0.45,-0.12,0.09,0.20,0.22,0.39,-0.14,0.40,-0.87,-3.35,0.89,-1.47,4.26,2.29,1.50,-0.25,1.88,2.18,4.02,-0.07,0.27,4.31,2.60,1.53,1.30,1.06,0.43,0.10,0.05,-0.59,0.66,-0.01,0.28,0.30,0.66,0.19,-0.92,0.37,0.39,0.20,0.15,0.47,-0.19,0.28,-0.21,0.47,0.15,0.45,4.20,3.09,2.49,2.74,1.44,0.10,0.17,0,0.14,-0.17,4.89,2.03,2.27,0.64,1.60,0.15,-0.27,0,-0.40,-0.25,-0.41,-0.37,2.67,1.91,3.20,1.98,1.63,0.24,-0.40,,-1.60,-8,0.30,-0.10,0,,,,,,,0.10,0.20,,0.10,0.30,0.10,0.10,,,,,,,,0.30,0.10,0,-0.10,0.40,,,,,0.50,,-0.10,0.70,4.60,5.90,4.70,,,-0.10,,,-0.20,,,3.30,2.20,2.70,3.20,2.70,0.50,
2008-12-19 16:40,0.40,0.51,-0.62,0.22,-1.90,-0.20,0.08,0.20,-2.52,-0.08,-1.07,-0.71,-3.33,-0.89,-1.02,-1.69,-1.82,-4.05,-0.90,-1.93,-3.13,-3.57,-0.92,,0.54,0.47,0.54,-0.95,0.72,-0.60,0.01,0.51,-4.68,-0.45,-0.24,-0.25,0.38,0,-2.21,0,-5.30,-5.67,-4.01,0.41,-1.40,0.15,0.10,0.19,0.14,0.05,-0.09,0.37,0.26,0.46,-0.57,-0.12,0.07,0.20,0.06,0.35,-0.17,0.40,-0.98,-3.36,0.85,-1.41,4.22,2.31,1.50,-0.41,1.93,2.07,4.08,0.02,0.24,4.32,2.70,1.65,1.34,1.30,0.27,0,0.21,-0.56,0.62,-0.01,0.23,0.30,0.72,0.19,-0.92,0.47,0.44,0.20,0.19,0.48,-0.15,0.23,-0.21,0.47,0.24,0.32,4.22,3.20,2.65,2.84,1.55,0.10,0.05,-0.08,0.12,-0.16,4.90,1.99,2.27,0.61,1.60,0.22,-0.30,-0.11,-0.40,-0.24,-0.33,-0.50,2.75,1.89,3.10,2.10,1.87,0.18,-0.40,,-1.60,-8.10,0.40,-0.10,0.10,,,,,,,0.10,0.30,,0.20,0.30,0.10,0.07,,,,,,,,0.30,0.10,0.10,-0.10,0.40,,,,,0.60,,-0.10,0.70,4.50,5.90,4.80,,,-0.10,,,-0.20,,,3.40,2.20,2.70,3.20,2.70,0.50,
2008-12-19 16:50,0.40,0.51,-0.53,0.23,-1.90,-0.10,0.06,0.20,-2.40,-0.14,-1.12,-0.74,-3.29,-0.81,-1.03,-1.64,-1.83,-4.39,-0.90,-1.95,-3.17,-3.42,-0.90,,0.56,0.45,0.59,-0.92,0.74,-0.60,0.02,0.48,-4.76,-0.41,-0.25,-0.23,0.50,0.05,-2.21,0.04,-5.30,-5.64,-4.09,0.21,-1.30,0.12,0.10,0.24,0.21,0.07,-0.24,0.35,0.20,0.56,-0.46,-0.09,0.02,0.20,0.08,0.33,-0.16,0.40,-0.85,-3.47,0.86,-1.46,4.15,2.37,1.50,-0.38,1.92,2.03,4.10,0.08,0.30,4.46,2.80,1.83,1.59,1.39,0.39,0,0.32,-0.57,0.62,0,0.31,0.30,0.81,0.24,-0.88,0.39,0.46,0.20,0.21,0.57,-0.19,0.23,-0.20,0.44,0.23,0.31,4.28,3.20,2.73,2.78,1.57,0,0.13,-0.04,0.09,-0.12,5.05,2.05,2.30,0.62,1.50,0.34,-0.34,-0.09,-0.40,-0.22,-0.37,-0.50,2.79,1.95,3.10,2.04,1.97,0.23,-0.40,,-1.50,-8.20,0.40,-0.10,0,,,,,,,0.10,0.30,,0.20,0.40,0.10,0.08,,,,,,,,0.30,0.20,0.10,-0.10,0.40,,,,,0.70,,-0.10,0.70,4.50,5.80,5,,,-0.10,,,-0.20,,,3.50,2.30,2.70,3.20,2.70,0.50,
2008-12-19 17:00,0.40,0.42,-0.56,0.15,-1.80,0.06,0.13,0.20,-2.41,-0.16,-1.03,-0.76,-3.30,-0.80,-1.02,-1.61,-1.84,-4.05,-0.90,-1.97,-3.16,-3.41,-0.93,,0.54,0.56,0.58,-0.92,0.70,-0.60,0.08,0.51,-4.73,-0.45,-0.21,-0.35,0.45,0,-2.20,0.06,-5.20,-5.74,-4.17,0.11,-1.30,0.09,0.10,0.27,0.25,-0.02,-0.19,0.42,0.18,0.53,-0.47,-0.13,0.03,0.20,0.14,0.35,-0.16,0.40,-0.79,-3.51,0.80,-1.42,4.03,2.43,1.50,-0.36,1.97,2.10,4.15,0.15,0.30,4.55,2.80,1.99,1.64,1.60,0.32,0,0.33,-0.52,0.64,0.13,0.27,0.40,0.79,0.30,-0.78,0.40,0.47,0.20,0.15,0.59,-0.27,0.31,-0.18,0.40,0.11,0.32,4.38,3.21,2.69,2.83,1.51,0,0.31,-0.07,0.19,-0.12,5.08,2.09,2.44,0.63,1.50,0.40,-0.30,-0.05,-0.50,-0.23,-0.41,-0.38,2.74,1.98,3.20,2.02,1.87,0.24,-0.50,0.30,-1.60,-8.10,0.50,-0.10,0,,3.30,-4.40,1.80,3.10,0.80,0.10,0.30,0.20,0.20,0.40,0.10,0.20,0.20,4.10,4.50,3.90,4.10,2.10,0.70,0.30,0.20,0.10,-0.10,0.30,5,4.90,3.70,2.40,0.90,0.10,-0.10,0.70,4.40,5.60,5.10,3.30,3.40,-0.10,0,0.10,-0.20,6,5.60,3.50,2.30,2.70,3.10,2.70,0.40,-0.70
2008-12-19 17:10,0.40,0.47,-0.43,0.12,-1.83,-0.12,0.12,0.20,-2.36,-0.08,-1.05,-0.85,-3.20,-0.67,-1,-1.59,-1.83,-4.74,-0.90,-2,-3.13,-3.57,-0.95,,0.60,0.47,0.58,-0.91,0.68,-0.60,0.07,0.37,-4.75,-0.55,-0.26,-0.28,0.50,-0.02,-2.18,-0.01,-5.10,-5.80,-4.28,0.17,-1.30,0.10,0.20,0.24,0.19,0.01,-0.15,0.39,0.21,0.56,-0.55,0.04,0.02,0.20,0.05,0.33,-0.14,0.40,-0.85,-3.57,0.75,-1.38,4.07,2.39,1.40,-0.44,1.96,2.22,4.16,0.26,0.30,4.43,2.80,2,1.80,1.69,0.37,0.10,0.41,-0.58,0.70,0.09,0.35,0.40,0.81,0.25,-0.81,0.40,0.41,0.10,0.09,0.58,-0.31,0.29,-0.16,0.51,0.28,0.28,4.36,3.25,2.66,2.81,1.57,0.10,0.25,-0.03,0.08,-0.07,4.98,2.11,2.35,0.62,1.40,0.43,-0.29,0.05,-0.50,-0.23,-0.46,-0.44,2.80,1.98,3.10,2.05,1.86,0.30,-0.50,,-1.60,-8,0.40,-0.10,0.10,,,,,,,0.10,0.30,,0.20,0.40,0.10,0.14,,,,,,,,0.30,0.20,0.10,-0.10,0.30,,,,,0.90,,-0.10,0.80,4.40,5.60,5.10,,,-0.10,,,-0.20,,,3.60,2.40,2.70,3.20,2.70,0.40,
2008-12-19 17:20,0.40,0.51,-0.40,0.16,-1.82,-0.19,0.20,0.30,-2.29,-0.08,-1.08,-0.67,-3.25,-0.67,-0.97,-1.67,-1.80,-4.42,-0.90,-2.11,-3.14,-3.69,-0.96,,0.63,0.45,0.70,-0.83,0.68,-0.50,0.11,0.46,-4.75,-0.55,-0.31,-0.24,0.50,0.16,-2.17,-0.02,-5.10,-5.77,-4.30,0.19,-1.30,0.10,0.20,0.28,0.07,0.04,-0.17,0.40,0.31,0.63,-0.57,-0.03,0.06,0.20,-0.01,0.34,-0.13,0.30,-0.92,-3.63,0.69,-1.40,4.06,2.35,1.40,-0.47,1.94,2.11,4.13,0.26,0.26,4.60,2.80,1.98,2,1.72,0.48,0.10,0.33,-0.41,0.73,0.01,0.37,0.40,0.82,0.12,-0.87,0.45,0.40,0.20,0.19,0.51,-0.22,0.31,-0.24,0.60,0.19,0.33,4.44,3.30,2.79,2.86,1.58,0,0.19,-0.02,0.13,-0.10,4.88,2.09,2.35,0.60,1.40,0.49,-0.23,0.05,-0.50,-0.39,-0.47,-0.46,2.90,2.10,3.20,2.04,2.06,0.05,-0.50,,-1.50,-8,0.40,-0.10,0.10,,,,,,,0.10,0.30,,0.20,0.30,0.10,0.22,,,,,,,,0.40,0.20,0.10,-0.10,0.40,,,,,1.10,,-0.10,0.90,4.30,5.60,5.20,,,-0.10,,,-0.10,,,3.70,2.50,2.70,3.10,2.70,0.50,
2008-12-19 17:30,0.50,0.49,-0.36,0.18,-1.80,-0.07,0.25,0.30,-2.26,-0.08,-1.02,-0.83,-3.27,-0.57,-0.93,-1.57,-1.79,-4.14,-0.90,-2.09,-3.08,-3.66,-0.96,,0.64,0.49,0.79,-0.90,0.69,-0.50,0.08,0.67,-4.72,-0.44,-0.32,-0.41,0.49,0.07,-2.16,-0.17,-5,-5.65,-4.25,0.17,-1.20,0.20,0.20,0.26,0.05,0.11,-0.20,0.36,0.37,0.55,-0.52,-0.03,0.10,0.20,0.01,0.34,-0.21,0.30,-0.95,-3.60,0.64,-1.40,3.97,2.42,1.40,-0.50,1.93,2.23,4.21,0.27,0.33,4.57,2.80,2.03,2.20,1.59,0.53,0.10,0.26,-0.56,0.71,0.07,0.26,0.40,0.85,0.17,-0.83,0.42,0.43,0.20,0.40,0.55,-0.18,0.29,-0.18,0.54,0.17,0.35,4.47,3.43,2.90,3.02,1.74,0.10,0.06,-0.03,0.14,-0.12,4.79,2.12,2.40,0.57,1.40,0.55,-0.37,-0.14,-0.50,-0.35,-0.45,-0.22,3.18,2.03,3.30,1.98,2.38,0.09,-0.50,,-1.50,-8,0.40,-0.10,0.10,,,,,,,0.10,0.30,,0.20,0.40,0.10,0.24,,,,,,,,0.40,0.20,0.20,-0.10,0.40,,,,,1.60,,-0.10,1,4.20,5.70,5.20,,,-0.10,,,-0.10,,,3.80,2.50,2.70,3.10,2.60,0.40,
2008-12-19 17:40,0.60,0.45,-0.25,0.14,-1.80,0.06,0.23,0.20,-2.20,-0.15,-0.97,-0.64,-3.24,-0.53,-1.07,-1.75,-1.80,-4.54,-0.90,-2.23,-3.07,-3.54,-0.89,,0.67,0.54,0.70,-0.80,0.64,-0.50,0.18,0.60,-4.70,-0.46,-0.28,-0.43,0.54,0.13,-2.08,-0.13,-5,-5.64,-4.09,0.31,-1.30,0.06,0.20,0.25,0.15,-0.01,-0.22,0.33,0.35,0.63,-0.49,-0.01,0.14,0.20,0.06,0.27,-0.25,0.30,-0.96,-3.67,0.60,-1.53,3.98,2.36,1.40,-0.55,1.88,2.14,4.23,0.30,0.15,4.68,3,2.02,2.30,1.37,0.51,0,0.29,-0.50,0.71,0.08,0.24,0.40,0.81,0.39,-1,0.38,0.42,0.20,0.40,0.58,-0.10,0.27,-0.21,0.51,0.27,0.40,4.44,3.42,2.90,2.93,1.81,0,0.24,0,0.19,-0.02,4.57,2.14,2.28,0.51,1.40,0.48,-0.24,0.09,-0.50,-0.26,-0.47,-0.27,3.34,2.05,3.20,2.05,2.18,0.05,-0.50,,-1.50,-8,0.40,-0.10,0.10,,,,,,,0.10,0.30,,0.20,0.40,0.10,0.13,,,,,,,,0.40,0.30,0.20,-0.10,0.30,,,,,1.80,,-0.10,1,4.20,5.70,5.20,,,-0.10,,,-0.10,,,4.60,2.60,2.70,3.20,2.60,0.40,
2008-12-19 17:50,0.70,0.45,-0.24,0.21,-1.80,0.05,0.23,0.30,-2.08,-0.14,-1,-0.69,-3.22,-0.57,-1.03,-1.66,-1.77,-4.39,-0.90,-2.22,-3.02,-3.28,-0.86,,0.76,0.49,0.65,-0.75,0.65,-0.50,0.09,0.55,-4.69,-0.51,-0.33,-0.22,0.61,0.06,-2.18,-0.17,-5,-5.67,-4.01,0.04,-1.30,0.07,0.20,0.22,0.20,-0.02,-0.29,0.40,0.35,0.63,-0.51,0.02,0.22,0.50,0.18,0.29,-0.15,0.30,-1.02,-3.71,0.51,-1.67,3.85,2.38,1.40,-0.51,1.93,2.09,4.26,0.35,0.19,4.53,3.20,2.04,2.40,1.52,0.54,0.20,0.37,-0.52,0.71,0.08,0.28,0.50,0.83,0.32,-0.93,0.40,0.40,0.20,0.16,0.48,-0.24,0.28,-0.16,0.53,0.26,0.34,4.44,3.23,2.85,2.94,1.94,0.10,0.35,-0.01,0.14,-0.08,4.52,2.14,2.32,0.51,1.50,0.62,-0.14,-0.06,-0.60,-0.33,-0.39,-0.14,3.45,2.09,3.30,2.10,2.19,0.17,-0.50,,-1.50,-8,0.40,-0.10,0.10,,,,,,,0.10,0.30,,0.20,0.40,0.20,0.16,,,,,,,,0.50,0.30,0.20,-0.10,0.40,,,,,1.90,,-0.10,1,4.10,5.50,5.20,,,-0.10,,,-0.10,,,5.20,2.60,2.70,3.20,2.50,0.40,
2008-12-19 18:00,1,0.63,-0.28,0,-2,0.03,0.20,0.30,-2.14,0.03,-0.94,-0.72,-3.20,-1,-0.97,0,-2,-4.55,0,-2.06,-3.01,-3.51,-0.84,1,7,0,0.63,-0.78,1,0,0,0,-4.67,-1,-0.37,0,1,0,-2,0,-1,-6,-4,0,-1.30,0.05,0,0.21,0.16,0.05,0,1,0.34,0.61,-0.50,0,0,0,0,0.31,-0.19,1,-1.02,-3.71,0.42,-1.63,3.85,2.31,1.40,-0.48,2.03,2.13,4.29,0.40,0.27,4.64,3.40,2.08,2.50,1.58,0.57,0,0.39,-0.57,0.81,0.05,-1,0.60,0.82,0.32,-0.90,0.42,0,0.20,0.11,0.44,-0.13,0.36,-0.16,0.48,0.30,0.27,4.46,3.36,3.18,2.94,1.91,0.20,0.23,0.06,0.13,-0.12,4.49,2.13,2.25,0.57,1.40,0.58,-0.25,-0.17,-0.60,-0.35,-0.26,-0.35,3.47,2.40,3,2.12,3,0.05,-0.50,0,-2,-8,0.40,-0.10,0.10,0.30,2.50,-4.60,2.20,3.30,1.10,0.10,0.30,0.30,0.30,0.60,0.20,0.30,,4.20,4.80,4.10,4.20,2.10,0.80,0.50,0.30,0.20,-0.20,0.40,5.10,4.80,4.20,2.30,1.90,0.10,-0.10,1,4,5.50,5.10,4.30,4.20,-0.10,0,,-0.20,6,5.80,5.20,2.50,2.80,3.30,2.40,0.40,-0.60
2008-12-19 18:10,0.60,0.78,-0.21,0.19,-1.70,0.01,0.19,0.40,-2.15,-0.09,-1.01,-0.67,-3.18,-0.57,-0.98,-1.68,-1.78,-4.34,-0.90,-1.90,-3.07,-3.16,-0.80,,0.89,0.51,0.70,-0.80,0.76,-0.40,0.15,0.56,-4.57,-0.55,-0.42,-0.41,0.47,0.06,-2.21,-0.19,-4.90,-5.48,-4,-0.04,-1.30,0.08,0.20,0.20,-0.16,0.10,-0.22,0.39,0.29,0.64,-0.50,-0.11,0.27,0.30,0.21,0.23,-0.28,0.30,-0.96,-3.84,0.29,-1.59,3.75,2.22,1.40,-0.46,2.03,2.02,4.37,0.45,0.47,4.62,3.50,2.12,2.50,1.57,0.51,0,0.44,-0.51,0.74,0.01,0.29,0.60,0.92,0.34,-0.83,0.39,0.45,0.20,0.10,0.49,-0.14,0.29,-0.16,0.50,0.31,0.38,4.40,3.28,3.09,3,1.88,0.10,0.21,0.02,0.18,-0.06,4.51,2.05,2.26,0.60,1.40,0.67,-0.33,-0.14,-0.60,-0.30,-0.31,-0.49,3.66,2.19,3.30,2.20,2.32,0,-0.60,,-1.50,-8,0.40,-0.10,0.10,,,,,,,0.10,0.30,,0.30,0.50,0.20,0.23,,,,,,,,0.40,0.30,0.20,-0.20,0.40,,,,,1.90,,-0.10,0.90,4,5.40,5.10,,,-0.10,,,-0.10,,,5.30,2.60,2.80,3.30,2.30,0.40,
2008-12-19 18:20,0.60,0.91,-0.16,0.18,-1.70,0.05,0.14,0.50,-2.05,-0.06,-0.90,-0.64,-3.16,-0.57,-0.97,-1.57,-1.84,-3.92,-0.70,-1.70,-3.02,-3.34,-0.64,,0.72,0.52,0.74,-0.71,0.76,-0.50,0.17,0.50,-4.60,-0.46,-0.24,-0.45,0.62,0.05,-2.16,-0.13,-4.90,-5.67,-4.01,0.06,-1.30,0.07,0.20,0.22,-0.04,0.07,-0.25,0.39,0.30,0.62,-0.54,-0.12,0.36,0.30,0.15,0.27,-0.33,0.30,-1.07,-3.78,0.27,-1.62,3.75,2.23,1.40,-0.54,2.13,1.63,4.43,0.59,0.46,4.59,3.70,2.24,2.49,1.76,0.55,0.10,0.32,-0.38,0.74,0.12,0.33,0.70,0.86,0.35,-0.83,0.41,0.40,0.20,0.14,0.53,-0.23,0.26,-0.10,0.54,0.27,0.35,4.37,3.25,3.23,3.10,1.96,0.10,0.25,-0.07,0.13,-0.03,4.41,2.10,2.24,0.63,1.50,0.74,-0.34,-0.13,-0.60,-0.27,-0.47,-0.36,3.96,2.32,3.30,2.26,2.23,0.06,-0.60,,-1.50,-8,0.40,-0.10,0.10,,,,,,,0.10,0.30,,0.20,0.40,0.20,0.23,,,,,,,,0.40,0.30,0.20,-0.20,0.30,,,,,2,,-0.10,0.90,3.90,5.30,5,,,0,,,-0.10,,,5.40,2.60,2.90,3.40,2.30,0.40,
2008-12-19 18:30,0.60,0.84,-0.14,0.19,-1.70,0.06,0.32,0.60,-1.89,-0.09,-0.86,-0.60,-3.14,-0.61,-0.89,-1.54,-1.84,-4.40,-0.80,-1.66,-2.98,-3.18,-0.62,,0.72,0.50,0.93,-0.70,0.75,-0.40,0.19,0.51,-4.44,-0.45,-0.25,-0.45,0.70,-0.02,-2.10,-0.28,-5,-5.81,-4.01,0.02,-1.30,0.06,0.20,0.23,0.14,0.03,-0.29,0.45,0.42,0.61,-0.46,-0.11,0.27,0.30,0.05,0.24,-0.26,0.30,-1.07,-3.83,0.27,-1.62,3.86,2.21,1.40,-0.68,2.06,1.40,4.35,0.54,0.49,4.68,3.90,2.30,2.62,1.69,0.51,0,0.46,-0.52,0.86,0.08,0.36,0.70,0.89,0.29,-0.85,0.44,0.47,0.20,0.09,0.46,-0.20,0.25,-0.08,0.52,0.27,0.34,4.37,3.39,3.31,3.14,1.98,0.20,0.11,0.10,0.16,-0.02,4.30,2.08,2.25,0.58,1.50,0.78,-0.32,-0.08,-0.60,-0.28,-0.45,-0.13,4.26,2.42,3.30,2.30,2.33,0.13,-0.60,,-1.50,-8.10,0.40,-0.10,0.10,,,,,,,0.10,0.30,,0.30,,0.20,0.23,,,,,,,,0.50,0.30,0.20,-0.20,0.40,,,,,2.10,,-0.10,0.80,3.90,5.20,4.90,,,0,,,-0.10,,,5.50,2.60,2.90,3.40,2.20,0.40,
2008-12-19 18:40,0.60,0.71,-0.04,0.25,-1.60,-0.24,0.35,0.50,-2,-0.14,-0.80,-0.47,-3.05,-0.57,-0.79,-1.52,-1.82,-3.67,-0.80,-1.68,-2.88,-3.14,-0.68,,0.74,0.57,0.99,-0.70,0.77,-0.40,0.23,0.58,-4.48,-0.47,-0.34,-0.36,0.61,-0.07,-2.06,0.03,-5,-5.87,-4.05,0.16,-1.20,0.09,0.10,0.22,0.14,0.05,-0.29,0.45,0.34,0.65,-0.39,-0.17,0.16,0.30,0.12,0.29,-0.27,0.20,-1.20,-3.82,0.37,-1.60,3.94,2.06,1.40,-0.74,1.97,1.58,4.37,0.56,0.55,4.92,3.90,2.27,2.69,1.88,0.52,0.10,0.44,-0.49,0.87,0.10,0.29,0.70,0.92,0.21,-0.89,0.49,0.38,0.20,0.19,0.44,-0.24,0.31,-0.06,0.51,0.34,0.40,4.32,3.49,3.42,3.11,2.06,0.20,0.23,0.12,0.13,0.01,4.33,2.23,2.31,0.53,1.50,0.76,-0.29,-0.06,-0.70,-0.28,-0.48,-0.11,4.39,2.45,3.30,2.37,2.34,0.10,-0.70,,-1.50,-8.10,0.50,-0.10,0.20,,,,,,,0.10,0.30,,0.20,0.90,0.10,0.19,,,,,,,,0.50,0.30,0.20,-0.20,0.50,,,,,2.10,,-0.10,0.80,3.80,5.10,4.90,,,0,,,-0.10,,,5.50,2.60,2.90,3.50,2.10,0.30,
2008-12-19 18:50,0.50,0.71,0.01,0.23,-1.50,-0.24,0.46,0.50,-1.94,-0.08,-0.84,-0.48,-3.03,-0.64,-0.79,-1.41,-1.81,-4.47,-0.80,-1.68,-3,-3.22,-0.68,,0.86,0.59,0.89,-0.64,0.84,-0.40,0.20,0.48,-4.39,-0.50,-0.32,-0.32,0.55,-0.04,-2.02,-0.08,-5,-5.95,-4.09,0.10,-1.20,0.09,0,0.16,-0.03,0.03,-0.22,0.42,0.25,0.72,-0.51,-0.10,0.10,0.30,0.11,0.31,-0.32,0.20,-1.15,-3.81,0.41,-1.59,3.83,1.94,1.20,-0.80,1.87,1.83,4.57,0.65,0.49,4.97,4,2.30,2.85,1.91,0.55,0,0.51,-0.57,0.89,0.10,0.36,0.70,0.96,0.27,-0.98,0.54,0.35,0.20,0.37,0.59,-0.20,0.25,-0.10,0.51,0.27,0.39,4.32,3.65,3.45,3.13,2.04,0.30,0.19,0.04,0.13,0.01,4.28,2.18,2.33,0.66,1.50,0.82,-0.23,-0.14,-0.60,-0.51,-0.45,-0.30,4.41,2.39,3.40,2.35,2.23,0.03,-0.60,,-1.50,-8.10,0.50,-0.10,0.10,,,,,,,0.10,0.30,,0.20,0.50,0.10,0.14,,,,,,,,0.50,0.30,0.20,-0.20,0.50,,,,,2.10,,-0.10,0.80,3.70,5.10,4.80,,,0,,,-0.10,,,5.60,2.50,2.90,3.60,2.10,0.30,
2008-12-19 19:00,0.50,0.92,0.09,0.21,-1.40,-0.23,0.62,0.50,-1.95,-0.10,-0.89,-0.63,-3.05,-0.57,-0.63,-1.30,-1.77,-4.04,-0.80,-1.73,-2.98,-3.16,-0.56,,0.94,0.44,0.90,-0.60,0.80,-0.40,0.12,0.48,-4.38,-0.44,-0.36,-0.38,0.47,-0.03,-1.96,-0.36,-5,-5.92,-4,0.09,-1.20,0.12,0,0.13,0.01,-0.02,-0.15,0.38,0.26,0.70,-0.51,-0.14,0.02,0.30,0.06,0.31,-0.33,0.20,-1.12,-3.86,0.33,-1.71,3.92,1.92,1.10,-0.80,1.87,1.90,4.59,0.70,0.47,5,3.80,2.31,2.85,1.83,0.54,0.10,0.46,-0.53,0.90,0.09,0.47,0.70,1.07,0.35,-1.01,0.53,0.41,0.20,0.32,0.58,-0.30,0.26,-0.14,0.56,0.26,0.43,4.48,3.80,3.51,3.16,1.95,0.30,0.22,0.02,0.19,-0.01,4.27,2.17,2.46,0.72,1.50,0.83,-0.26,0,-0.60,-0.40,-0.38,-0.36,4.55,2.50,3.50,2.32,2.30,0.12,-0.60,0.20,-1.40,-8.10,0.50,-0.10,0.10,0.30,3.30,-5,3.10,3.40,1.60,0.10,0.30,0.30,0.20,0.50,0.10,0.30,0.20,4,4.80,4.40,4.30,2.40,0.90,0.50,0.20,0.20,-0.20,0.40,4.90,4.60,4.30,2.40,2.10,0.20,-0.10,0.80,3.70,5,4.70,4.40,4.30,0,0,0.10,-0.10,5.70,5.60,5.60,2.60,3,3.60,2.10,0.30,-0.70
2008-12-19 19:10,0.50,1.08,0.10,0.17,-1.34,-0.22,0.55,0.60,-1.92,-0.04,-0.77,-0.58,-3.02,-0.52,-0.67,-1.37,-1.70,-3.67,-0.80,-1.63,-2.87,-3.30,-0.50,,0.94,0.56,0.93,-0.61,0.80,-0.30,0.07,0.63,-4.42,-0.53,-0.34,-0.31,0.48,0.06,-1.98,-0.32,-5,-5.75,-3.95,0.07,-1.10,0.15,0,0.18,0.14,-0.01,-0.22,0.42,0.38,0.74,-0.48,-0.13,0.04,0.30,0,0.33,-0.39,0.20,-1.11,-3.90,0.31,-1.76,3.86,1.95,1.10,-0.91,1.82,1.86,4.56,0.83,0.75,4.80,3.60,2.27,2.96,1.89,0.49,0.20,0.52,-0.43,0.92,0.11,0.48,0.80,1.10,0.33,-1,0.50,0.38,0.20,0.23,0.63,-0.28,0.28,-0.15,0.54,0.31,0.46,4.42,3.85,3.53,2.99,2.02,0.40,0.32,0.09,0.17,-0.06,4.19,2.29,2.46,0.67,1.50,0.81,-0.32,0,-0.60,-0.39,-0.35,-0.12,4.58,2.51,3.50,2.25,2.45,0.33,-0.60,,-1.40,-8.10,0.50,0,0.10,,,,,,,0.10,0.30,,0.20,0.40,0.10,0.14,,,,,,,,0.50,0.30,0.20,-0.20,0.40,,,,,2.10,,-0.10,0.80,3.70,5,4.60,,,0,,,-0.10,,,5.60,2.50,3,3.70,2.10,0.30,
2008-12-19 19:20,0.50,1.12,0.06,0.22,-1.16,-0.25,0.49,0.60,-1.88,-0.11,-0.71,-0.70,-3,-0.42,-0.69,-1.29,-1.70,-3.33,-0.80,-1.66,-2.80,-3.32,-0.54,,0.91,0.54,0.93,-0.57,0.79,-0.30,0.27,0.63,-4.38,-0.44,-0.24,-0.41,0.59,-0.03,-2.01,-0.15,-5.10,-5.87,-3.97,-0.02,-1.20,0.17,0.10,0.18,0,0.03,-0.26,0.42,0.28,0.69,-0.46,-0.10,0.09,0.30,-0.04,0.26,-0.45,0.20,-1.09,-3.78,0.23,-1.72,3.70,1.93,1.10,-0.97,1.63,1.93,4.57,0.93,0.92,4.88,3.70,2.38,3.05,2.02,0.56,0.10,0.48,-0.38,0.85,0.02,0.49,0.90,1.03,0.36,-1.06,0.47,0.31,0.20,0.43,0.62,-0.29,0.31,-0.18,0.65,0.29,0.44,4.17,3.89,3.63,3.26,2.01,0.50,0.23,0.11,0.09,0,4.10,2.29,2.54,0.64,1.60,0.81,-0.23,-0.02,-0.60,-0.40,-0.35,-0.22,4.66,2.63,3.60,2.29,2.36,0.13,-0.60,,-1.40,-8.20,0.50,-0.10,0,,,,,,,0.10,0.30,,0.20,0.40,0.10,0.21,,,,,,,,0.50,0.30,0.20,-0.20,0.40,,,,,2.10,,-0.10,0.80,3.60,4.90,4.60,,,0,,,-0.10,,,5.60,2.40,3.10,3.70,2.20,0.30,
2008-12-19 19:30,0.50,1.18,0.14,0.24,-1.17,-0.17,0.45,0.70,-1.91,-0.19,-0.75,-0.52,-2.98,-0.42,-0.63,-1.31,-1.77,-3.73,-0.70,-1.43,-2.84,-3.04,-0.50,,0.90,0.64,0.96,-0.58,0.76,-0.30,0.13,0.64,-4.32,-0.36,-0.20,-0.48,0.63,0,-1.91,-0.22,-5.40,-5.90,-3.83,0.14,-1.10,0.06,0.10,0.21,-0.10,0.04,-0.27,0.41,0.30,0.72,-0.43,-0.09,0.12,0.30,-0.01,0.17,-0.43,0.20,-1.13,-3.80,0.23,-1.74,3.78,1.89,1.10,-0.94,1.54,2.06,4.52,1.01,0.84,4.96,3.90,2.33,3.05,1.99,0.54,0.30,0.42,-0.40,0.90,0.03,0.44,1,1,0.56,-1.02,0.51,0.41,0.20,0.10,0.56,-0.25,0.32,-0.19,0.62,0.23,0.42,4.22,3.99,3.71,3.36,2.14,0.60,0.33,0.12,0.18,-0.05,4.10,2.33,2.45,0.78,1.60,0.88,-0.23,-0.13,-0.70,-0.52,-0.35,-0.32,4.64,2.75,3.70,2.20,2.21,0.31,-0.60,,-1.40,-8.20,0.40,0,0,,,,,,,0.10,0.30,,0.20,0.40,0.10,0.19,,,,,,,,0.50,0.40,0.20,-0.20,0.30,,,,,2.10,,-0.20,0.80,3.70,4.80,4.60,,,0,,,0,,,5.60,2.50,3.20,3.80,2.20,0.30,
2008-12-19 19:40,0.50,1.27,0.12,0.31,-1.10,-0.03,0.42,0.90,-1.87,-0.23,-0.69,-0.58,-2.95,-0.42,-0.60,-1.38,-1.69,-3.83,-0.70,-1.41,-2.93,-2.98,-0.55,,0.89,0.61,1.11,-0.51,0.71,-0.30,0.23,0.82,-4.38,-0.40,-0.21,-0.29,0.59,-0.02,-1.96,-0.20,-5.40,-6.01,-3.97,0.12,-1.10,0.13,0.10,0.27,0.16,0.06,-0.29,0.39,0.22,0.74,-0.45,-0.05,0.13,0.30,-0.08,0.20,-0.38,0.20,-1.12,-3.90,0.24,-1.72,3.69,1.93,1.10,-1.01,1.68,1.75,4.52,1.07,0.74,4.91,4.10,2.59,3.14,2.12,0.51,0.20,0.45,-0.48,0.98,0.16,0.46,0.90,1.05,0.67,-0.97,0.49,0.40,0.30,0.48,0.58,-0.26,0.31,-0.16,0.66,0.14,0.43,4.21,4.08,3.67,3.45,2.17,0.80,0.29,0.16,0.12,0.04,4.04,2.38,2.43,0.74,1.60,0.75,-0.26,-0.06,-0.70,-0.58,-0.36,-0.11,4.78,2.75,3.60,2.09,2.50,0.12,-0.70,,-1.40,-8.30,0.40,-0.10,0,,,,,,,0.10,0.30,,0.20,0.40,0.10,0.17,,,,,,,,0.50,0.40,0.20,-0.20,0.30,,,,,2.10,,-0.20,0.80,3.60,4.60,4.60,,,0,,,-0.10,,,5.60,2.60,3.20,3.80,2.20,0.40,
2008-12-19 19:50,0.50,1.21,0.08,0.27,-1.05,-0.03,0.44,1,-1.86,-0.16,-0.55,-0.58,-2.92,-0.31,-0.55,-1.22,-1.77,-3.60,-0.80,-1.46,-2.91,-2.98,-0.52,,0.85,0.64,1.34,-0.49,0.88,-0.30,0.26,0.69,-4.30,-0.44,-0.32,-0.26,0.76,0.02,-1.88,-0.10,-5.40,-6.09,-3.99,-0.07,-1.10,0.12,0,0.19,-0.15,0.03,-0.30,0.37,0.14,0.74,-0.46,-0.10,0.09,0.30,0.01,0.20,-0.43,0.10,-1.13,-3.92,0.18,-1.71,3.62,1.95,1.10,-1.09,1.56,1.92,4.61,1.04,1.01,4.80,4.20,2.58,3.10,2.38,0.47,0.20,0.50,-0.54,0.92,0.16,0.46,0.90,1.03,0.64,-1.04,0.48,0.42,0.20,0.43,0.62,-0.22,0.24,-0.06,0.64,0.16,0.51,4.24,4.06,3.80,3.46,2.18,0.90,0.24,0.10,0.13,0.05,4.02,2.37,2.49,0.82,1.60,0.86,-0.29,-0.07,-0.70,-0.56,-0.31,0.04,4.79,2.84,3.60,2.12,2.57,0.18,-0.60,,-1.40,-8.30,0.40,0,0.10,,,,,,,0.10,0.30,,0.30,0.50,0.10,0.15,,,,,,,,0.40,0.40,0.20,-0.20,0.30,,,,,2.20,,-0.20,0.90,3.50,4.40,4.50,,,0,,,0,,,5.60,2.60,3.30,3.80,2.20,0.30,
2008-12-19 20:00,0.60,1.10,0.05,0.29,-1,-0.14,0.42,1.10,-1.87,-0.12,-0.51,-0.61,-2.95,-0.35,-0.52,-1.20,-1.66,-4.31,-0.70,-1.56,-2.94,-2.91,-0.48,,0.94,0.63,1.55,-0.44,0.93,-0.20,0.25,0.76,-4.35,-0.31,-0.24,-0.29,0.86,0.04,-1.84,-0.17,-5.30,-6.13,-4.07,-0.09,-1,0.16,0,0.26,0.13,0.04,-0.25,0.47,0.11,0.68,-0.36,-0.07,-0.03,0.30,0.07,0.18,-0.55,0.10,-1.12,-3.88,0.21,-1.67,3.81,1.95,1,-1.21,1.70,1.94,4.55,1.15,1.13,4.82,4.20,2.65,3.10,2.41,0.55,0.20,0.43,-0.47,0.94,0.11,0.43,1,0.97,0.72,-1.05,0.55,0.44,0.20,0.17,0.62,-0.22,0.34,-0.11,0.60,0.18,0.53,3.94,4.06,3.96,3.52,2.25,0.90,0.24,0.14,0.21,0.06,4.04,2.40,2.60,0.88,1.60,0.93,-0.38,-0.11,-0.70,-0.45,-0.24,-0.17,4.85,2.92,3.70,2.11,2.46,0.23,-0.70,0.50,-1.30,-8.30,0.40,0,0.10,,3,-5.30,3.40,3.50,2.60,0.20,0.30,0.40,0.30,0.60,0.10,0.30,,3.80,4.60,4.60,4.70,3.20,1,0.40,0.40,0.20,-0.20,0.20,4.70,4.40,4.70,2.30,2.20,0.20,-0.20,1,3.20,4.10,4.50,4.70,4.80,0,0,0.10,0,,5.20,5.60,2.90,3.40,3.80,2.20,0.30,-0.70
2008-12-19 20:10,0.50,0.99,-0.01,0.27,-1,0.01,0.46,1.20,-1.82,-0.01,-0.58,-0.60,-2.86,-0.37,-0.53,-1.17,-1.65,-4.01,-0.80,-1.52,-2.88,-3.02,-0.49,,0.89,0.64,1.44,-0.44,0.89,-0.20,0.21,0.65,-4.28,-0.28,-0.30,-0.23,0.69,0.08,-1.77,-0.15,-5.30,-6.12,-4.14,-0.04,-1,0.17,0,0.26,-0.11,0.01,-0.27,0.43,0.06,0.71,-0.37,-0.33,-0.06,0.30,0.05,0.23,,0.10,-1.16,-3.90,0.16,-1.68,3.65,1.85,1,-1.19,1.63,2.02,4.47,1.17,1.14,4.82,4.20,2.74,3.07,2.50,0.53,0.20,0.49,-0.32,0.88,0.18,0.52,0.90,0.93,0.75,-0.93,0.59,0.34,0.20,0.26,0.58,-0.21,0.34,-0.12,0.62,0.11,0.50,3.89,3.98,3.91,3.63,2.25,1,0.24,0.29,0.17,0.11,3.92,2.38,2.61,0.92,1.60,0.94,-0.41,-0.18,-0.70,-0.34,-0.20,-0.18,4.89,2.99,3.80,2.07,2.51,0.19,-0.70,,-1.30,-8.30,0.40,0,0,,,,,,,0.20,0.30,,0.30,0.50,0.10,0.13,,,,,,,,0.40,0.40,0.20,-0.20,0.30,,,,,2.20,,-0.20,1,3.20,4.10,,,,0,,,0,,,5.60,3.50,3.50,3.70,2.10,0.30,
2008-12-19 20:20,0.50,0.99,0.01,0.27,-1,-0.20,0.58,1.30,-1.87,-0.02,-0.45,-0.59,-2.80,-0.29,-0.42,-1.08,-1.69,-3.67,-0.80,-1.48,-2.95,-3.22,-0.43,,0.98,0.60,1.34,-0.41,0.94,-0.20,0.23,0.69,-4.28,-0.33,-0.15,-0.25,0.58,0.05,-1.74,-0.32,-5.30,-6.13,-4.31,-0.14,-1,0.20,0,0.29,0.14,0.01,-0.43,0.28,0.17,0.64,-0.41,-0.29,0.09,0.30,0.01,0.22,,0,-1.11,-3.90,0.19,-1.65,3.84,1.76,1,-1.20,1.58,2.03,4.44,1.09,1.20,4.78,4.20,2.82,3.17,2.56,0.48,0.30,0.49,-0.42,0.92,0.24,0.56,0.90,0.89,0.64,-0.94,0.51,0.40,0.20,0.17,0.73,-0.26,0.33,-0.16,0.59,0.14,0.57,3.81,3.98,3.87,3.57,2.32,1,0.24,0.17,0.11,0.08,3.81,2.42,2.59,0.95,1.70,1.02,-0.38,-0.24,-0.70,-0.44,-0.25,-0.06,4.79,3.05,3.70,2.09,2.34,0.14,-0.70,,-1.20,-8.40,0.40,0,0,,,,,,,0.20,0.30,,0.30,0.50,0.10,0.12,,,,,,,,0.50,0.40,0.20,-0.20,0.20,,,,,2.20,,-0.20,0.90,3.10,4,4.50,,,0,,,0,,,5.60,5,3.70,3.70,2.10,0.30,
2008-12-19 20:30,0.60,1.05,0.05,0.45,-1,0.02,0.55,1.20,-1.75,-0.16,-0.52,-0.48,-2.77,-0.24,-0.33,-0.96,-1.63,-3.95,-0.80,-1.44,-3.02,-3.19,-0.41,,0.92,0.59,1.07,-0.45,0.99,-0.20,0.28,0.65,-4.26,-0.35,-0.09,-0.19,0.57,0.04,-1.72,-0.18,-5.30,-6.04,-4.27,-0.18,-1,0.23,0,0.29,0.22,0.03,-0.45,0.37,0.21,0.65,-0.38,-0.22,-0.08,0.20,-0.08,0.17,,0.10,-1.15,-3.95,0.12,-1.65,3.90,1.70,1,-1.22,1.65,1.91,4.47,1.10,1.45,4.83,4.20,2.81,3.24,2.39,0.59,0.20,0.51,-0.35,0.90,0.26,0.48,0.80,0.96,0.55,-0.97,0.53,0.35,0.20,0.11,0.57,-0.32,0.27,-0.14,0.66,0.18,0.57,3.66,3.76,3.96,3.63,2.37,1.10,0.27,0.29,0.19,0.09,3.78,2.35,2.65,1.07,1.70,1.07,-0.35,-0.15,-0.70,-0.55,-0.17,-0.16,4.68,3.09,3.70,2,2.12,0.14,-0.70,,-1.20,-8.40,0.40,0,0,,,,,,,0.20,0.40,,0.30,0.60,0.10,0.16,,,,,,,,0.50,0.40,0.20,-0.20,0.20,,,,,2.30,,-0.20,0.90,2.90,3.80,4.40,,,0.10,,,0,,,5.50,5.30,3.80,3.70,2.10,0.20,
2008-12-19 20:40,0.60,1.23,0.05,0.53,-1,-0.18,0.56,1.20,-1.78,-0.07,-0.53,-0.56,-2.76,-0.28,-0.27,-0.91,-1.60,-3.53,-0.80,-1.32,-3,-3.12,-0.34,,0.89,0.58,1.02,-0.45,1,-0.10,0.31,0.70,-4.20,-0.24,-0.13,-0.10,0.47,0,-1.67,-0.18,-5.30,-6.01,-4.24,0.05,-1,0.17,0.10,0.26,0,0.02,-0.47,0.40,0.20,0.55,-0.37,-0.22,0.02,0.20,0.02,0.11,,0,-1.12,-4.01,0.16,-1.66,3.73,1.65,1,-1.25,1.69,1.79,4.37,1.03,1.74,4.79,4.30,2.90,3.34,2.49,0.62,0.40,0.32,-0.37,0.90,0.25,0.63,0.80,1.05,0.63,-0.91,0.58,0.35,0.20,0.19,0.64,-0.33,0.35,-0.16,0.69,0.21,0.59,3.86,3.66,4.06,3.74,2.39,1.20,0.28,0.26,0.17,0.13,3.63,2.39,2.68,1.11,1.70,1.08,-0.35,-0.09,-0.70,-0.32,-0.09,-0.34,4.68,3.20,3.80,1.95,2.27,0.11,-0.70,,-1.30,-8.30,0.60,0,0,,,,,,,0.20,0.40,,0.30,0.60,0.10,0.15,,,,,,,,0.60,0.30,0.20,-0.30,0.20,,,,,2.30,,-0.10,0.90,2.70,3.60,,,,0,,,0,,,5.50,5.40,4,3.70,2.10,0.30,
2008-12-19 20:50,0.70,1.17,0.02,0.59,-1,0.01,0.61,1.20,-1.77,-0.13,-0.54,-0.47,-2.76,-0.31,-0.21,-0.86,-1.64,-3.60,-0.80,-1.31,-2.94,-3.32,-0.29,,0.84,0.59,0.98,-0.51,0.97,-0.10,0.24,0.61,-4.20,-0.31,-0.19,-0.07,0.37,0.02,-1.72,-0.12,-5.20,-5.76,-4.30,0.03,-0.90,0.18,0.10,0.28,-0.04,0.04,-0.33,0.50,0.22,0.59,-0.35,-0.15,0.01,0.20,-0.03,0.12,,0,-1.10,-4.04,0.15,-1.69,3.38,1.70,1,-1.22,1.64,1.29,4.27,1.03,1.78,4.62,4.20,2.97,3.40,2.60,0.72,0.30,0.30,-0.42,0.94,0.21,0.59,0.80,1.01,0.39,-0.84,0.52,0.33,0.20,0.31,0.63,-0.33,0.37,-0.15,0.76,0.06,0.65,3.84,3.66,4.17,3.87,2.48,1.20,0.35,0.30,0.02,0.20,3.37,2.44,2.67,1.21,1.70,1.15,-0.36,-0.26,-0.70,-0.57,-0.10,-0.14,4.63,3.32,3.80,1.96,2.19,0.09,-0.70,,-1.30,-8.30,0.60,-0.10,0,,,,,,,0.20,0.40,,0.30,0.60,0.10,0.14,,,,,,,,0.60,0.30,0.20,-0.30,0.20,,,,,2.30,,-0.10,0.80,2.70,3.40,4.30,,,0.10,,,0,,,5.50,5.50,4.10,3.80,2.10,0.30,
2008-12-19 21:00,0.60,1.28,-0.02,0.69,-1,-0.03,0.57,1.30,-1.79,-0.17,-0.48,-0.48,-2.81,-0.27,-0.13,-0.76,-1.65,-3.67,-0.80,-1.43,-2.86,-3.12,-0.22,,0.81,0.51,0.85,-0.51,1.03,-0.10,0.28,0.67,-4.20,-0.40,-0.20,-0.11,0.30,0.16,-1.64,-0.23,-5.20,-5.71,-4.20,-0.14,-0.90,0.15,0.10,0.26,0.19,0.04,-0.28,0.44,0.22,0.63,-0.40,-0.25,-0.15,0.20,-0.06,0.12,-0.73,0,-1.06,-4.01,0.14,-1.71,3.01,1.73,1,-1.27,1.54,0.85,4.29,1.02,1.69,4.81,4.10,2.88,3.50,2.64,0.84,0.40,0.42,-0.49,0.92,0.27,0.41,0.80,0.98,0.34,-0.80,0.49,0.32,0.20,0.36,0.62,-0.40,0.33,-0.10,0.71,0.23,0.68,3.70,3.61,4.06,3.88,2.68,1.20,0.35,0.33,0.13,0.12,3.16,2.53,2.63,1.27,1.80,1.15,-0.29,-0.23,-0.70,-0.43,-0.07,-0.05,4.63,3.48,3.90,1.96,2.07,0.05,-0.70,0.50,-1.20,-8.30,0.70,-0.10,0,,2.50,-5.90,3,3.80,3,0.20,0.40,0.30,0.40,0.60,0.10,0.30,0.20,3.70,4.30,4.20,4.70,3.60,1.80,0.70,0.40,0.20,-0.30,0.30,4.80,4.50,4.70,2.40,2.40,0.40,-0.10,0.80,2.80,3,4.30,4.30,4.50,0.10,-0.10,0.10,0,5.30,5,5.40,5.50,4.30,3.80,2.10,0.30,-0.70
2008-12-19 21:10,0.70,1.15,0.03,0.61,-0.93,0.01,0.60,1.20,-1.74,-0.15,-0.47,-0.48,-2.75,-0.16,-0.14,-0.74,-1.59,-3.40,-0.80,-1.30,-2.77,-3.08,-0.21,,0.79,0.50,0.70,-0.52,1,-0.10,0.40,0.61,-4.13,-0.29,-0.16,-0.08,0.45,0.04,-1.66,-0.26,-5.10,-5.64,-4.19,-0.10,-0.90,0.13,0,0.24,0.09,-0.04,-0.28,0.46,0.24,0.66,-0.40,-0.13,-0.13,0.20,0.06,0.11,-0.76,0,-1.12,-3.98,0.11,-1.73,2.99,1.77,1,-1.33,,0.84,4.14,0.79,1.74,4.78,4.10,2.89,3.45,2.85,0.85,0.30,0.36,-0.52,0.96,0.24,0.46,0.80,1,0.44,-0.86,0.46,0.32,0.20,0.19,0.55,-0.35,0.37,-0.10,0.70,0.15,0.61,3.88,3.68,4.19,3.85,2.73,1.20,0.29,0.43,0.17,0.17,2.83,2.58,2.55,1.26,1.80,1.20,-0.37,-0.11,-0.80,-0.57,-0.23,-0.03,4.62,3.68,4,1.91,1.92,0.33,-0.70,,-1.20,-8.30,0.70,0,0,,,,,,,0.30,0.40,,0.40,0.60,0.10,0.21,,,,,,,,0.90,0.40,0.20,-0.30,0.30,,,,,2.40,,-0.10,0.70,2.80,3.10,,,,0.10,,,-0.10,,,5.40,5.50,4.50,3.90,2.10,0.30,
2008-12-19 21:20,0.60,1.14,0,0.59,-0.92,-0.02,0.59,1.10,-1.76,-0.13,-0.47,-0.45,-2.73,-0.09,-0.08,-0.86,-1.62,-3.55,-0.80,-1.35,-2.61,-2.74,-0.13,,0.74,0.49,0.70,-0.52,0.92,-0.10,0.33,0.46,-4,-0.23,-0.15,-0.03,0.50,0.20,-1.61,-0.24,-5.10,-5.86,-4.16,-0.05,-0.90,0.24,0,0.25,-0.04,-0.01,-0.27,0.46,0.30,0.63,-0.41,-0.08,-0.01,0.20,0,0.16,-0.63,0,-1.16,-4.01,0.09,-1.81,3.35,1.76,1,-1.30,,0.86,4.03,0.79,1.83,4.77,4,2.88,3.53,3.15,0.89,0.40,0.29,-0.43,1.05,0.19,0.48,0.70,1.02,0.43,-0.68,0.44,0.31,0.20,0.35,0.59,-0.34,0.38,-0.12,0.78,0.14,0.71,3.90,3.66,4.18,4.02,2.85,1.30,0.28,0.45,0.15,0.21,3.01,2.61,2.63,1.40,1.80,1.25,-0.27,-0.23,-0.70,-0.50,-0.21,-0.11,4.59,3.91,4.20,1.88,2.08,0.16,-0.80,,-1.10,-8.30,0.80,0,-0.10,,,,,,,0.30,0.40,,0.40,0.60,0.10,0.20,,,,,,,,0.90,0.40,0.20,-0.30,0.30,,,,,2.40,,-0.10,0.60,2.80,3.10,4.30,,,0.20,,,0,,,5.40,5.40,4.80,3.90,2.20,0.30,
2008-12-19 21:30,0.70,0.89,-0.04,0.64,-0.97,-0.18,0.53,1.30,-1.78,-0.14,-0.38,-0.42,-2.74,-0.10,-0.08,-0.71,-1.57,-3.60,-0.80,-1.18,-2.69,-2.89,-0.15,,0.70,0.56,0.85,-0.55,0.88,-0.10,0.26,0.57,-4.08,-0.23,-0.15,-0.12,0.50,0.27,-1.62,-0.23,-5.10,-5.73,-4.20,-0.12,-0.90,0.21,0.10,0.34,0.09,-0.08,-0.39,0.44,0.28,0.61,-0.46,-0.12,-0.06,0.10,-0.05,0.22,-0.53,0,-1.09,-4.02,0.11,-1.77,3.47,1.71,1,-1.25,,0.82,4.04,0.89,1.83,4.74,4,2.86,3.57,3.09,0.89,0.40,0.34,-0.43,0.99,0.16,0.40,0.70,1.07,0.40,-0.92,0.46,0.35,0.20,0.26,0.68,-0.35,0.32,-0.10,0.78,0.14,0.74,3.77,3.62,4.13,4.11,2.98,1.30,0.46,0.47,0.18,0.22,2.79,2.66,2.69,1.40,1.80,1.30,-0.23,-0.01,-0.80,-0.56,-0.17,-0.11,4.35,4.28,4.40,1.86,2.06,0.34,-0.80,,-1.10,-8.30,0.80,0,-0.10,,,,,,,0.30,0.40,,0.40,0.50,0.10,0.23,,,,,,,,1.20,0.40,0.20,-0.30,0.30,,,,,2.40,,-0.10,0.50,2.70,3.10,4.30,,,0.20,,,-0.10,,,5.40,5.40,5,4,2.20,0.30,
2008-12-19 21:40,0.70,1.01,-0.02,0.66,-0.81,-0.18,0.46,1.30,-1.72,-0.12,-0.34,-0.44,-2.72,-0.10,-0.07,-0.77,-1.50,-3.38,-0.70,-1.15,-2.61,-2.62,-0.31,,0.70,0.59,0.83,-0.51,0.92,-0.10,0.27,0.66,-4.04,-0.21,-0.09,-0.06,0.56,0.21,-1.55,-0.30,-5.20,-5.71,-4.13,0.13,-0.80,0.18,0.10,0.32,0.22,-0.06,-0.42,0.44,0.35,0.66,-0.46,-0.24,-0.10,0.10,-0.21,0.22,-0.44,0,-1.01,-4.01,0.10,-1.77,3.60,1.65,1,-1.34,,1.11,3.99,0.88,1.77,4.50,4,2.87,3.60,2.97,0.95,0.60,0.32,-0.42,0.98,0.22,0.46,0.70,1.09,0.37,-0.76,0.51,0.24,0.20,0.29,0.62,-0.31,0.38,-0.12,0.71,0.08,0.75,3.79,3.55,4.24,4.08,3.15,1.30,0.38,0.49,0.22,0.07,2.67,2.76,2.67,1.46,1.90,1.33,-0.16,0.02,-0.80,-0.58,-0.10,-0.29,4.44,4.44,4.60,1.90,2.13,0.40,-0.70,,-1.10,-8.30,0.80,0,-0.10,,,,,,,0.30,0.50,,0.40,0.50,0.10,0.25,,,,,,,,1.30,0.40,0.20,-0.30,0.30,,,,,2.40,,-0.10,0.40,2.60,3,4.20,,,0.30,,,-0.10,,,5.30,5.40,5.20,4.10,2.20,0.20,
2008-12-19 21:50,0.60,1.13,0.07,0.59,-0.86,-0.14,0.47,1.40,-1.67,-0.07,-0.47,-0.40,-2.69,-0.18,0.04,-0.72,-1.52,-3.43,-0.70,-1.15,-2.60,-2.80,-0.28,,0.72,0.57,0.97,-0.55,0.90,-0.20,0.29,0.51,-3.97,-0.28,-0.14,-0.04,0.58,0.16,-1.61,-0.27,-5.20,-5.71,-4.13,-0.11,-0.90,0.14,0.10,0.29,0.13,-0.05,-0.27,0.37,0.39,0.72,-0.57,-0.19,-0.10,0,-0.02,0.20,-0.49,0,-1.09,-4.04,0.11,-1.78,3.60,1.39,0.90,-1.41,,1.31,3.92,0.90,1.75,4.40,4,2.75,3.65,3.05,0.94,0.70,0.43,-0.42,0.92,0.22,0.51,0.70,1.06,0.33,-0.77,0.50,0.29,0.10,0.23,0.58,-0.28,0.41,-0.15,0.71,0.09,0.78,3.90,3.56,4.22,4.05,3.32,1.30,0.41,0.44,0.25,0.03,2.50,2.84,2.63,1.45,1.80,1.36,-0.17,-0.03,-0.90,-0.53,-0.06,-0.40,4.28,4.66,4.80,1.90,2.08,0.36,-0.80,,-1.10,-8.30,0.90,0,0,,,,,,,0.30,0.50,,0.40,0.50,0,0.20,,,,,,,,1.40,0.40,0.20,-0.30,0.30,,,,,2.40,,-0.10,0.40,2.60,2.70,,,,0.40,,,-0.10,,,5.30,5.40,5.20,4.10,2.30,0.20,
2008-12-19 22:00,0.50,0.98,0.10,0.60,-1.02,-0.17,0.54,1.30,-1.71,-0.15,-0.32,-0.34,-2.66,-0.22,0.05,-0.71,-1.47,-3.73,-0.70,-1.12,-2.64,-2.95,-0.21,,0.88,0.54,0.95,-0.55,0.89,-0.10,0.39,0.49,-4.06,-0.29,-0.22,-0.12,0.65,0.22,-1.55,-0.25,-5.20,-5.42,-4.13,-0.02,-0.80,0.17,0.10,0.35,0,-0.01,-0.35,0.40,0.29,0.75,-0.55,-0.10,-0.11,0,-0.09,0.19,-0.49,0,-1.11,-4,0.04,-1.77,3.63,1.05,0.80,-1.38,,1.26,3.74,1.02,1.91,4.40,3.80,2.63,3.55,3.03,1.01,0.80,0.55,-0.42,0.92,0.20,0.46,0.70,1.16,0.29,-0.79,0.46,0.29,0.20,0.12,0.60,-0.34,0.43,-0.06,0.68,0.14,0.76,3.89,3.36,4.24,4.06,3.50,1.30,0.38,0.37,0.20,-0.02,2.36,2.82,2.62,1.49,1.90,1.41,-0.19,-0.02,-0.90,-0.62,-0.20,-0.26,4.18,4.84,4.90,1.88,1.86,0.37,-0.80,0.50,-1.10,-8.30,0.80,0,-0.10,0.50,2.40,-6,2.70,4.20,3.60,0.30,0.50,0.30,0.40,0.50,0,0.30,0.20,3.60,4,3.60,4.20,4.20,2.50,1.40,0.40,0.30,-0.30,0.30,4.70,4.20,4.40,3,2.50,0.50,-0.10,0.40,2.40,2.50,4.30,3.80,3.40,0.50,-0.10,0,-0.10,5.20,4.90,5.20,5.40,5.20,4.20,2.30,0.30,-0.70
2008-12-19 22:10,0.60,0.99,-0.06,0.60,-0.90,-0.09,0.55,1.40,-1.80,-0.16,-0.32,-0.34,-2.70,-0.05,0.09,-0.69,-1.48,-3.52,-0.60,-1.16,-2.61,-2.84,-0.22,,0.84,0.52,0.90,-0.50,0.90,-0.10,0.36,0.45,-4.09,-0.26,-0.16,-0.11,0.71,0.22,-1.54,-0.14,-5.10,-5.21,-4.07,0.09,-0.80,0.19,0.30,0.37,0.26,0.05,-0.31,0.40,0.33,0.77,-0.59,-0.21,-0.21,0,-0.06,0.15,-0.48,0,-1.01,-3.96,0.03,-1.72,3.42,0.62,0.70,-1.51,,1.16,3.73,0.86,1.99,4.53,3.70,2.79,3.52,3.44,1.17,1.01,0.46,-0.39,0.92,0.31,0.43,0.70,1.19,0.36,-0.82,0.44,0.30,0.10,0.19,0.59,-0.26,0.39,-0.11,0.68,0.11,0.80,3.79,3.27,4.08,4.09,3.65,1.40,0.34,0.40,0.23,-0.01,2.28,2.92,2.70,1.55,1.90,1.35,-0.18,-0.12,-0.80,-0.67,-0.19,-0.22,4.22,5.06,5,1.89,1.90,0.39,-0.80,,-1,-8.30,0.80,0,-0.10,,,,,,,0.30,0.60,,0.40,0.50,0,0.20,,,,,,,,1.50,0.40,0.30,-0.20,0.30,,,,,2.50,,0,0.40,2.50,2.50,4.30,,,0.50,,,-0.10,,,5.20,5.30,5.20,4.30,2.30,0.30,
2008-12-19 22:20,0.60,0.78,0,0.60,-0.90,-0.29,0.47,1.40,-1.75,-0.12,-0.29,-0.38,-2.64,-0.07,0.03,-0.69,-1.50,-3.55,-0.60,-1.19,-2.62,-2.79,-0.20,,0.97,0.63,0.86,-0.48,0.88,-0.10,0.29,0.60,-4.01,-0.25,-0.17,-0.05,0.63,0.24,-1.48,-0.27,-5.10,-5.46,-4.09,-0.03,-0.80,0.20,0.30,0.33,0.09,0.02,-0.45,0.31,0.36,0.77,-0.54,-0.22,-0.29,-0.10,0.01,0.14,-0.62,0,-1.04,-3.96,-0.01,-1.75,3.46,0.63,0.70,-1.56,,1.19,3.70,0.79,1.97,4.51,3.70,2.67,3.46,3.38,1.39,1.16,0.42,-0.44,0.88,0.39,0.32,0.70,1.08,0.35,-0.84,0.53,0.29,0.10,0.19,0.57,-0.26,0.35,-0.15,0.55,0.10,0.83,3.78,3.23,4.05,3.97,3.77,1.40,0.30,0.33,0.21,0.01,2.14,3.20,2.81,1.52,2,1.36,-0.17,-0.09,-0.80,-0.66,-0.21,-0.26,4.22,5.18,5.10,1.88,1.95,0.48,-0.80,,-1,-8.30,0.80,0,-0.10,,,,,,,0.40,0.70,,0.30,0.50,0,0.23,,,,,,,,1.50,0.50,0.30,-0.20,0.30,,,,,2.50,,0,0.40,2.40,2.30,4.20,,,0.50,,,-0.10,,,5.10,5.20,5.10,4.50,2.30,0.30,
2008-12-19 22:30,0.60,0.67,-0.14,0.60,-0.90,-0.16,0.50,1.30,-1.73,-0.12,-0.31,-0.40,-2.63,-0.19,0.01,-0.63,-1.53,-3.27,-0.60,-1.12,-2.69,-2.95,-0.13,,0.91,0.55,0.86,-0.44,0.84,-0.10,0.37,0.45,-3.95,-0.19,-0.19,-0.04,0.51,0.10,-1.48,-0.36,-5.10,-5.57,-4.02,-0.13,-0.70,0.21,0.30,0.34,0.19,-0.04,-0.30,0.33,0.29,0.79,-0.61,-0.12,-0.16,-0.10,-0.08,0.11,-0.52,0,-1.04,-4,0.06,-1.84,3.49,0.78,0.70,-1.44,,1.09,3.55,0.71,1.77,4.50,3.70,2.67,3.51,3.48,1.45,1.13,0.45,-0.50,0.92,0.36,0.48,0.70,1.08,0.41,-0.80,0.50,0.25,0.20,0.08,0.68,-0.27,0.37,-0.13,0.60,0.13,0.89,3.81,3.19,4.08,4.07,3.82,1.30,0.35,0.35,0.14,0.06,2.04,3.37,2.78,1.50,2,1.45,-0.17,-0.07,-0.80,-0.43,-0.20,-0.22,4.16,5.21,5.20,1.98,2.05,0.49,-0.80,,-1,-8.30,0.70,0,0,,,,,,,0.40,0.70,,0.30,0.50,0,0.19,,,,,,,,1.60,0.40,0.40,-0.20,0.30,,,,,2.50,,0,0.40,2.30,2.40,,,,0.50,,,-0.10,,,5.10,5.10,5.10,4.60,2.30,0.30,
2008-12-19 22:40,0.80,0.73,-0.02,0.52,-0.90,0.01,0.50,1.40,-1.70,-0.06,-0.31,-0.31,-2.70,-0.18,0.12,-0.54,-1.45,-3.54,-0.60,-1.15,-2.68,-2.87,-0.13,,0.88,0.64,1.02,-0.49,0.87,-0.10,0.49,0.46,-3.95,-0.16,-0.18,-0.10,0.71,0.05,-1.50,-0.33,-5.10,-5.52,-4.04,0.01,-0.70,0.27,0.40,0.39,0.36,0,-0.45,0.44,0.35,0.81,-0.64,-0.12,-0.05,-0.10,-0.14,0.04,-0.60,0,-1.05,-4.09,0.06,-1.89,3.45,1.01,0.60,-1.33,,1.33,3.32,0.74,1.75,4.40,3.70,2.69,3.50,3.68,1.43,1.20,0.42,-0.47,0.92,0.30,0.40,0.70,1.01,0.39,-0.71,0.55,0.28,0.20,0.08,0.66,-0.26,0.46,-0.12,0.59,0.06,0.91,3.59,3.15,4.09,3.96,3.98,1.30,0.20,0.43,0.28,0.09,1.99,3.47,2.92,1.52,2.10,1.43,-0.24,-0.24,-0.90,-0.67,-0.22,-0.16,4,5.27,5.30,1.92,2.20,0.36,-0.80,,-1,-8.30,0.60,0,0,,,,,,,0.40,0.80,,0.30,0.50,0,0.12,,,,,,,,1.60,0.40,0.40,-0.20,0.30,,,,,2.50,,0.10,0.40,2.20,2.20,4.10,,,0.60,,,0,,,5,5,5,4.80,2.30,0.30,
2008-12-19 22:50,0.90,0.74,0.02,0.50,-0.90,0.11,0.58,1.30,-1.70,-0.06,-0.29,-0.32,-2.68,-0.23,0.16,-0.48,-1.36,-3.62,-0.60,-1.23,-2.67,-2.82,-0.17,,0.85,0.66,1.11,-0.51,0.78,-0.10,0.45,0.43,-3.92,-0.18,-0.16,-0.08,0.65,0.19,-1.40,-0.26,-5.10,-5.16,-4.03,0.08,-0.70,0.33,0.30,0.38,0.39,-0.07,-0.51,0.38,0.39,0.79,-0.64,-0.18,-0.02,-0.10,-0.12,0.05,-0.70,0,-1.08,-4.24,0.11,-1.93,3.44,1.16,0.60,-1.40,,1.34,3.18,0.69,1.80,4.25,3.70,2.62,3.47,3.80,1.47,1.20,0.45,-0.38,0.92,0.37,0.48,0.70,1.10,0.44,-0.75,0.57,0.26,0.20,0.21,0.64,-0.24,0.44,-0.15,0.65,0.11,0.92,3.41,3.16,4.10,4.08,4.14,1.30,0.23,0.52,0.26,0.14,1.94,3.47,3.06,1.59,2.10,1.42,-0.10,-0.19,-0.90,-0.53,-0.22,-0.12,3.88,5.29,5.50,1.97,2.52,0.41,-0.80,,-0.90,-8.30,0.60,0,0,,,,,,,0.40,0.80,,0.30,0.50,0.10,0.15,,,,,,,,1.60,0.40,0.40,-0.20,0.30,,,,,2.50,,0.10,0.40,2.10,2.10,4.10,,,0.60,,,0,,,5,4.90,5,4.80,2.30,0.30,
2008-12-19 23:00,1,0.75,-0.03,0.43,-0.90,-0.04,0.66,1.30,-1.67,-0.09,-0.27,-0.19,-2.63,-0.19,0.10,-0.63,-1.26,-3.24,-0.50,-1.15,-2.69,-2.78,-0.12,,0.88,0.65,1.13,-0.48,0.85,0,0.39,0.44,-3.91,-0.19,-0.15,-0.02,0.60,0.09,-1.39,-0.13,-5.10,-5.19,-4.09,-0.02,-0.70,0.26,0.30,0.27,0.31,-0.02,-0.49,0.45,0.35,0.85,-0.61,-0.20,-0.05,-0.10,-0.10,0.06,-0.73,0,-1.09,-4.23,0.11,-1.91,3.50,1.24,0.60,-1.47,0.94,1.19,3.10,0.59,1.69,4.36,3.60,2.71,3.43,3.99,1.54,1.18,0.62,-0.38,0.98,0.38,0.49,0.80,1.07,0.46,-0.70,0.47,0.35,0.20,0.33,0.72,-0.17,0.43,-0.12,0.71,0.19,0.96,3.51,3.21,4.07,4,4.12,1.30,0.22,0.71,0.25,0.02,1.95,3.52,2.89,1.62,2.10,1.42,-0.15,-0.06,-0.90,-0.64,-0.10,-0.25,3.81,5.32,5.60,2.02,2.51,0.58,-0.70,0.60,-0.80,-8.30,0.50,0,0.10,0.50,2.30,-5.90,2.10,4.10,4.10,0.40,0.90,0.20,0.30,0.50,0,0.30,,3.40,4.10,3.90,3.80,4.10,3.30,1.60,0.40,0.40,-0.20,0.30,4.40,4,3.90,4.10,2.50,0.90,0.10,0.40,2,2.20,3.90,3.70,3.90,0.50,0,0,0,4.70,4.50,5,4.80,4.90,4.90,2.40,0.40,-0.70
2008-12-19 23:10,1,1,0,0.46,-0.90,-0.09,0.73,1.20,-1.66,-0.11,-0.34,-0.32,-2.62,-0.14,0.11,-0.69,-1.25,-3.37,-0.50,-1.20,-2.72,-2.66,-0.07,,0.95,0.60,1.29,-0.51,0.85,-0.10,0.30,0.39,-3.92,-0.12,-0.04,-0.10,0.45,0.14,-1.45,-0.21,-5.20,-5.30,-4.02,0,-0.70,0.32,0.30,0.34,0.22,0,-0.40,0.52,0.23,0.83,-0.58,-0.13,-0.11,-0.10,-0.23,0.04,,0,-1.08,-4.26,0.01,-2.04,3.26,1.33,0.70,-1.44,0.74,1.17,2.91,0.71,1.71,4.16,3.60,2.68,3.40,4,1.60,1.40,0.73,-0.28,0.98,0.32,0.47,0.80,1.06,0.47,-0.92,0.46,0.44,0.20,0.17,0.72,-0.24,0.45,-0.14,0.71,0.15,0.92,3.57,3.20,4.05,3.83,4.12,1.30,0.30,0.82,0.26,-0.02,1.92,3.67,3.08,1.61,2.20,1.40,-0.15,-0.05,-0.90,-0.73,-0.20,0,3.87,5.31,5.60,1.98,2.39,0.62,-0.70,,-0.80,-8.30,0.50,0,0.10,,,,,,,0.50,0.80,,0.30,0.50,0,0.18,,,,,,,,1.70,0.50,0.40,-0.20,0.30,,,,,2.50,,0.10,0.40,2,2.30,3.80,,,0.50,,,0,,,4.90,4.80,4.90,4.90,2.40,0.40,
2008-12-19 23:20,1.10,1.13,-0.02,0.45,-0.90,-0.04,0.77,1.20,-1.64,-0.12,-0.37,-0.25,-2.63,-0.13,0.10,-0.63,-1.23,-3.39,-0.50,-1.14,-2.65,-2.89,-0.02,,0.92,0.68,1.37,-0.57,0.89,-0.10,0.42,0.42,-3.99,-0.17,-0.04,0.02,0.46,0.14,-1.44,-0.32,-5.20,-5.34,-4.01,0.06,-0.70,0.38,0.30,0.37,0.32,0.04,-0.43,0.55,0.34,0.83,-0.55,-0.11,-0.17,-0.10,-0.22,0,,0,-1.05,-4.24,-0.04,-2.11,3.31,1.34,0.60,-1.57,0.88,1.25,2.84,0.72,1.81,4.13,3.50,2.61,3.40,3.93,1.55,1.71,0.68,-0.37,0.96,0.24,0.51,0.80,1,0.42,-0.93,0.51,0.44,0.20,0.09,0.70,-0.22,0.45,-0.14,0.67,0.13,0.87,3.42,3.40,3.85,3.81,4.28,1.30,0.29,0.79,0.22,-0.02,2.08,3.90,3.04,1.61,2.20,1.65,-0.14,-0.07,-0.90,-0.64,-0.10,-0.24,3.71,5.27,5.70,2.05,2.33,0.65,-0.70,,-0.90,-8.30,0.40,0,0.20,,,,,,,0.60,0.80,,0.30,0.50,0.10,0.15,,,,,,,,1.80,0.50,0.40,-0.20,0.30,,,,,2.60,,0.10,0.40,2,2.50,3.80,,,0.50,,,0,,,5,4.50,4.80,5,2.50,0.40,
2008-12-19 23:30,1.20,1.33,-0.03,0.46,-0.90,-0.01,0.74,1.30,-1.65,-0.16,-0.23,-0.17,-2.58,-0.18,0.11,-0.64,-1.29,-3.34,-0.50,-1.10,-2.57,-2.84,-0.04,,0.92,0.74,1.38,-0.52,0.96,-0.10,0.43,0.42,-4.09,-0.17,-0.08,-0.05,0.67,0.14,-1.49,-0.32,-5.20,-5.35,-4.04,0.13,-0.70,0.33,0.30,0.29,0.11,-0.03,-0.45,0.67,0.28,0.79,-0.53,-0.08,-0.27,-0.10,-0.11,-0.03,,0,-1.12,-4.31,-0.02,-2.18,3.22,1.42,0.60,-1.55,1.05,1.34,2.99,0.58,1.76,4.26,3.70,2.61,3.40,3.66,1.60,1.80,0.68,-0.41,0.96,0.24,0.52,0.90,1.03,0.46,-1.06,0.53,0.41,0.20,0.39,0.68,-0.15,0.41,-0.08,0.68,0.13,0.84,3.48,3.24,3.83,3.82,4.28,1.40,0.31,0.72,0.27,0.01,1.96,4.11,3.15,1.69,2.30,1.61,-0.14,-0.01,-0.80,-0.55,-0.07,-0.30,3.77,5.27,5.80,2.07,2.42,0.62,-0.70,,-0.80,-8.30,0.40,0,0.20,,,,,,,0.60,0.80,,0.30,0.50,0,0.27,,,,,,,,1.90,0.50,0.50,-0.20,0.30,,,,,2.60,,0.10,0.40,2,2.70,3.70,,,0.40,,,0,,,4.80,4.70,4.70,5.10,2.50,0.40,
2008-12-19 23:40,1.50,1.47,0.02,0.48,-0.90,0.15,0.73,1.20,-1.69,-0.12,-0.18,-0.17,-2.58,-0.21,0.15,-0.69,-1.37,-3.18,-0.50,-1,-2.61,-2.60,-0.01,,0.94,0.77,1.37,-0.50,0.96,-0.10,0.44,0.46,-4.02,-0.17,0,0.02,0.43,0.18,-1.38,-0.20,-5.20,-5.47,-4.03,0.02,-0.70,0.33,0.30,0.28,0.24,-0.07,-0.34,0.72,0.17,0.87,-0.54,-0.01,-0.18,-0.10,-0.11,-0.03,,0,-1.15,-4.36,-0.07,-2.21,3.16,1.35,0.70,-1.61,1.14,1.17,3,0.56,1.62,4.34,3.60,2.58,3.30,3.72,1.68,1.96,0.73,-0.39,1.03,0.23,0.51,0.80,1,0.45,-1.01,0.61,0.43,0.30,0.38,0.72,-0.12,0.45,-0.18,0.67,0.11,0.89,3.37,3.28,3.89,3.83,4.25,1.40,0.37,0.67,0.26,-0.01,1.95,4.11,3.18,1.71,2.40,1.60,-0.08,-0.04,-0.80,-0.54,-0.06,-0.18,3.69,5.25,5.80,2.10,2.48,0.69,-0.70,,-0.80,-8.30,0.40,0,0.20,,,,,,,0.70,0.90,,0.30,0.50,0,0.29,,,,,,,,2,0.50,0.50,-0.10,0.30,,,,,2.60,,0.10,0.40,2.10,2.90,3.60,,,0.50,,,0,,,4.70,4.70,4.70,5.10,2.50,0.40,
2008-12-19 23:50,1.90,1.62,-0.01,0.38,-0.90,0.20,0.74,1.30,-1.58,-0.08,-0.19,-0.13,-2.55,-0.22,0.22,-0.70,-1.24,-3.11,-0.50,-0.98,-2.50,-2.87,0,,0.94,0.77,1.35,-0.53,0.91,0,0.47,0.44,-3.88,-0.09,-0.02,0.12,0.61,0.21,-1.37,-0.30,-5.10,-5.49,-4,-0.07,-0.60,0.32,0.30,0.28,0.20,0,-0.59,0.81,0.29,0.98,-0.51,-0.06,-0.17,-0.10,-0.09,0.01,,0,-1.21,-4.48,0.03,-2.16,3.28,1.36,0.60,-1.65,1.11,1.33,3.02,0.59,1.58,4.24,3.60,2.59,3.30,3.63,1.87,2.11,0.71,-0.36,1.04,0.31,0.56,0.90,1.05,0.43,-1.03,0.63,0.40,0.20,0.35,0.75,-0.21,0.40,-0.05,0.73,0.08,0.88,3.12,3.23,3.74,3.81,4.14,1.40,0.49,0.69,0.27,0.04,2.08,4.36,3.29,1.77,2.50,1.66,-0.08,-0.04,-0.90,-0.51,-0.05,-0.14,3.72,5.15,5.80,2.15,2.28,0.74,-0.70,,-0.80,-8.30,0.40,-0.10,0.20,,,,,,,0.80,1.10,,0.30,0.50,0,0.24,,,,,,,,2.20,0.60,0.50,-0.10,0.30,,,,,2.70,,0.10,0.40,2,3,3.50,,,0.50,,,-0.10,,,4.80,4.70,4.60,5.20,2.60,0.40,
2008-12-20 00:00,2,1.66,0.06,0.39,-0.80,0.02,0.82,1.30,-1.68,-0.07,-0.17,-0.10,-2.51,-0.19,0.19,-0.73,-1.16,-3.06,,-1,-2.45,-2.95,0.05,,1.09,0.75,1.39,-0.50,0.90,-0.10,0.43,0.40,-3.88,-0.12,0.06,0.04,0.92,0.27,-1.38,-0.41,-5.10,-5.46,-4,0.04,-0.60,0.26,0.30,0.30,0.01,-0.01,-0.48,0.73,0.30,0.92,-0.57,-0.03,-0.24,-0.10,-0.08,0.06,-0.74,0,-1.25,-4.58,0.03,-2.23,3.25,1.28,0.60,-1.60,1.08,1.24,2.94,0.48,1.63,4.24,3.40,2.58,3.20,3.73,1.96,2.10,0.74,-0.32,1.06,0.34,0.68,0.90,1.07,0.43,-1.01,0.65,0.40,0.30,0.35,0.80,-0.20,0.41,-0.14,0.72,0.04,0.88,3.28,3.20,3.75,3.74,4.07,1.40,0.50,0.58,0.39,0.01,2.23,4.56,3.49,1.82,2.60,1.75,-0.15,0.01,-0.80,-0.51,-0.16,-0.08,3.66,4.99,5.70,2.13,2.25,0.71,-0.70,1,-0.70,-8.30,0.40,0,0.20,0.50,2.10,-6.30,2.30,3.80,3.80,0.90,1.30,0.40,0.30,0.50,0,0.30,,3.20,3.90,4.10,3.70,4,3.40,2.40,0.60,0.50,-0.10,0.30,4,3.80,4.10,4.20,2.80,0.90,0.10,0.40,2,3.30,3.30,3.40,3.50,0.40,0.10,0.10,-0.10,4.30,4.30,4.90,4.80,4.60,5.40,2.60,0.50,-0.50
2008-12-20 00:10,2.10,1.76,0.07,0.56,-0.80,0.23,0.79,1.30,-1.60,-0.07,-0.19,-0.21,-2.48,-0.13,0.21,-0.64,-1.11,-3.19,-0.50,-1.06,-2.42,-2.88,0.05,,0.93,0.86,1.42,-0.48,0.94,0,0.43,0.50,-3.98,-0.12,0.04,0.03,1.10,0.31,-1.42,-0.50,-5.10,-5.42,-3.93,0.09,-0.60,0.24,0.30,0.34,0.13,-0.01,-0.32,0.74,0.31,0.94,-0.48,-0.01,-0.21,-0.20,-0.24,-0.01,-0.76,0,-1.26,-4.59,-0.02,-2.29,3.22,1.30,0.60,-1.69,1.12,1.41,3.05,0.43,1.63,4.28,3.60,2.63,3.23,3.62,2.03,2.12,0.89,-0.31,1.06,0.30,0.59,0.90,1.11,0.50,-0.96,0.56,0.42,0.30,0.33,0.70,-0.17,0.35,-0.17,0.78,0.07,0.93,3.39,3.32,3.67,3.71,4.13,1.50,0.50,0.68,0.36,0.01,2.25,4.41,3.80,1.90,2.80,1.82,-0.13,0.10,-0.90,-0.55,-0.11,0,3.62,4.97,5.60,2.18,2.51,0.62,-0.70,,-0.80,-8.30,0.40,0,0.20,,,,,,,1.20,1.30,,0.30,0.50,0,0.25,,,,,,,,2.70,0.60,0.50,-0.10,0.30,,,,,2.80,,0.10,0.40,2,3.30,,,,0.50,,,-0.10,,,5,4.80,4.50,5.40,2.70,0.50,
2008-12-20 00:20,2.10,1.72,0.13,0.84,-0.70,0.02,0.87,1.40,-1.55,-0.06,-0.15,-0.12,-2.44,-0.11,0.19,-0.48,-1.17,-2.91,-0.50,-1.12,-2.45,-2.88,0,,0.96,0.84,1.39,-0.44,0.96,0,0.41,0.42,-4,0,0.03,0.07,1.04,0.31,-1.39,-0.17,-5.10,-5.48,-3.89,0.09,-0.50,0.27,0.30,0.32,0.10,-0.06,-0.30,0.78,0.29,0.96,-0.42,0.02,-0.15,-0.10,-0.13,0.05,-0.79,-0.10,-1.17,-4.54,-0.02,-2.24,3.08,1.24,0.60,-1.64,1.09,1.33,3.08,0.45,1.44,4.22,3.60,2.57,3.26,3.45,2.17,2.15,1.02,-0.15,1.10,0.37,0.71,0.90,1.20,0.64,-1.07,0.62,0.43,0.30,0.32,0.74,-0.21,0.44,-0.18,0.72,0.08,0.93,3.29,3.34,3.52,3.64,4.12,1.60,0.50,0.62,0.39,-0.06,2.25,4.50,3.87,1.98,2.80,1.93,-0.15,0.15,-0.90,-0.76,-0.06,-0.08,3.52,4.93,5.60,2.23,2.77,0.70,-0.70,,-0.80,-8.30,0.50,0,0.20,,,,,,,1.70,1.60,,0.30,0.60,0,0.26,,,,,,,,2.90,0.70,0.50,0,0.30,,,,,2.80,,0.10,0.40,1.90,3.30,3.30,,,0.50,,,-0.10,,,5,4.90,4.40,5.50,2.80,0.50,
2008-12-20 00:30,2.30,1.58,0.03,1.09,-0.60,0.09,0.86,1.40,-1.55,-0.04,-0.14,-0.09,-2.40,-0.04,0.09,-0.50,-1.13,-3.10,-0.50,-1.09,-2.47,-2.63,0.08,,1.03,0.91,1.51,-0.46,1.07,0,0.38,0.53,-3.91,0.05,0.06,0.04,0.62,0.35,-1.38,-0.37,-5.10,-5.62,-3.75,0.08,-0.50,0.26,0.40,0.32,0.14,-0.17,-0.29,0.72,0.32,0.89,-0.42,0.09,-0.11,-0.10,-0.17,0.10,-0.78,-0.10,-1.29,-4.53,-0.04,-2.24,2.88,1.22,0.50,-1.70,1.11,1.26,3.07,0.43,1.11,4.05,3.40,2.55,3.35,3.36,2.27,2.19,0.96,-0.30,1.14,0.40,0.69,0.90,1.23,0.72,-1.03,0.60,0.45,0.30,0.32,0.74,-0.25,0.40,-0.18,0.77,0.14,0.90,3.40,3.28,3.47,3.63,4.10,1.60,0.54,0.59,0.40,-0.07,2.09,4.44,3.98,2.02,2.90,1.96,-0.08,0.05,-0.80,-0.59,-0.13,-0.11,3.43,4.95,5.50,2.27,2.90,0.72,-0.60,,-0.80,-8.20,0.50,0,0.20,,,,,,,1.80,2.30,,0.30,0.60,0.10,0.27,,,,,,,,3.30,0.70,0.50,0,0.20,,,,,2.90,,0.10,0.40,1.80,3.40,3.20,,,0.50,,,-0.20,,,5,4.80,4.40,5.40,2.90,0.50,
2008-12-20 00:40,2.30,1.53,0.05,1.40,-0.60,0.35,1.01,1.50,-1.48,-0.07,-0.11,-0.05,-2.38,-0.12,0.08,-0.46,-1.09,-2.98,-0.50,-1.04,-2.53,-2.60,0.08,,1.05,0.96,1.51,-0.35,1.12,0,0.41,0.69,-3.87,-0.04,0.06,0.21,0.62,0.39,-1.29,-0.22,-5.10,-5.65,-3.66,0.11,-0.50,0.27,0.40,0.36,0.17,-0.07,-0.30,0.81,0.32,0.87,-0.47,-0.07,-0.16,-0.10,-0.14,0.05,-0.74,-0.10,-1.36,-4.53,0.01,-2.33,2.81,1.23,0.50,-1.64,1.29,1.22,3.04,0.44,1.10,4.03,3,2.54,3.33,3.37,2.33,2.14,1.02,-0.20,1.20,0.40,0.70,0.90,1.16,0.58,-1.01,0.61,0.48,0.30,0.16,0.69,-0.12,0.42,-0.18,0.72,0.10,0.83,3.47,3.28,3.49,3.72,4.03,1.70,0.62,0.62,0.45,-0.04,2.01,4.45,4.30,2.03,3,2.04,-0.15,0.12,-0.80,-0.58,-0.03,-0.03,3.31,4.65,5.30,2.31,2.90,0.87,-0.70,,-0.80,-8.20,0.60,0,0.20,,,,,,,1.90,2.50,,0.30,0.60,0.10,0.34,,,,,,,,3.50,0.80,0.50,0,0.20,,,,,2.90,,0.10,0.40,1.80,3.30,3.10,,,0.60,,,-0.20,,,4.90,4.90,4.30,5.50,2.90,0.50,
2008-12-20 00:50,2.30,1.57,0.11,1.54,-0.60,0.36,1.21,1.40,-1.41,-0.10,-0.05,-0.12,-2.31,-0.12,0.08,-0.46,-1.06,-3.02,-0.40,-0.93,-2.56,-2.82,0.01,,1.10,0.93,1.53,-0.28,0.97,0,0.51,0.91,-3.91,0.13,0.14,0.11,0.81,0.50,-1.18,-0.14,-5,-5.70,-3.83,0.03,-0.50,0.31,0.40,0.34,0.15,-0.07,-0.26,0.80,0.33,0.79,-0.52,0.16,-0.18,-0.10,-0.07,0.04,-0.72,-0.10,-1.29,-4.49,-0.08,-2.36,2.72,1.22,0.50,-1.71,1.13,1.28,2.80,0.42,0.91,4.16,2.90,2.43,3.22,3.38,2.36,2.16,1.10,-0.15,1.30,0.41,0.79,0.90,1.22,0.65,-1.19,0.59,0.52,0.30,0.47,0.73,-0.14,0.45,-0.14,0.84,0.10,0.81,3.44,3.25,3.59,3.50,4.04,1.80,0.55,0.58,0.38,0.12,2.02,4.40,4.29,2.24,3.10,2.01,-0.07,-0.03,-0.80,-0.52,-0.07,0.02,3.37,4.46,5.30,2.23,2.58,0.89,-0.70,,-0.80,-8.20,0.60,0,0.20,,,,,,,2.10,2.60,,0.30,0.60,0.10,0.28,,,,,,,,3.70,0.90,0.50,0,0.30,,,,,3,,0.20,0.40,1.80,3.20,3.10,,,0.60,,,-0.30,,,4.90,4.90,4.20,5.30,3,0.60,
2008-12-20 01:00,2.30,1.86,0.12,1.57,-0.60,0.33,1.27,1.80,-1.34,-0.07,-0.11,-0.03,-2.28,0.15,0.15,-0.18,-0.97,-3.15,-0.40,-1.02,-2.54,-2.55,0.05,,1.17,0.91,1.69,-0.26,0.99,0,0.49,1.03,-3.85,0.12,0.14,0.24,1.11,0.59,-1.23,-0.25,-5,-5.52,-3.80,-0.02,-0.40,0.22,0.40,0.33,0.14,-0.01,-0.24,0.86,0.28,0.81,-0.56,0.10,-0.12,-0.10,-0.07,0.08,-0.72,-0.10,-1.25,-4.47,-0.15,-2.43,2.80,1.15,0.40,-1.78,1.01,1.28,2.68,0.40,1.05,4.04,2.80,2.35,3.22,3.31,2.42,2.13,1.14,-0.12,1.33,0.38,0.83,0.90,1.27,0.78,-1.20,0.63,0.46,0.30,0.29,0.73,-0.13,0.44,-0.17,0.86,0.12,0.84,3.44,3.24,3.71,3.54,4,1.90,0.44,0.47,0.41,0.04,2.18,4.28,4.62,2.26,3.20,2.08,0.02,0.04,-0.80,-0.52,-0.06,-0.07,3.29,4.48,5.20,2.23,2.93,0.90,-0.70,1.40,-0.80,-8.20,0.60,0,0.10,0.60,2.40,-6.50,1.70,3.70,3.60,2.10,2.60,0.40,0.40,0.60,0.10,0.40,0.40,2.90,3.70,3.90,3.80,3.60,3.20,3.70,1,0.50,0.10,0.20,3.70,3.40,4,3.90,3.10,1.40,0.20,0.40,1.90,3.40,3,3.40,2.90,0.70,0.20,,-0.30,,3.50,4.90,4.80,4.20,5.20,3.10,0.50,-0.70
2008-12-20 01:10,2.30,1.88,0.17,1.53,-0.60,0.50,1.40,2,-1.29,-0.03,-0.14,-0.05,,0.29,0.15,-0.18,-0.91,-3.09,-0.40,-0.85,-2.54,-2.72,0.09,,1.14,0.93,1.87,-0.11,0.98,0,0.45,1.07,-3.68,0.13,0.09,0.09,1.30,0.59,-1.25,-0.38,-5,-5.40,-3.94,0.11,-0.50,0.38,0.40,0.42,0.10,-0.02,-0.37,0.90,0.33,0.90,-0.55,0.11,-0.12,-0.10,-0.17,0.13,-0.67,-0.10,-1.17,-4.44,-0.16,-2.47,2.87,1.21,0.40,-1.78,1.02,1.21,2.70,0.36,1.07,3.89,2.90,2.33,3.16,3.31,2.34,1.90,1.21,-0.05,1.40,0.39,0.78,1,1.28,0.74,-1.17,0.69,0.39,0.30,0.20,0.70,-0.10,0.41,-0.18,0.78,0.16,0.84,3.41,3.17,3.80,3.31,4.08,2,0.48,0.46,0.45,0.05,2.38,4.19,4.57,2.34,3.20,2.16,-0.08,0.10,-0.70,-0.52,0.02,-0.28,3.40,4.54,5.10,2.16,2.90,0.95,-0.60,,-0.70,-8.10,0.60,0,0.10,,,,,,,2.10,2.60,,0.40,0.60,0.10,0.26,,,,,,,,3.70,1.20,0.60,0.10,0.20,,,,,3.20,,0.20,0.40,1.90,3.40,3,,,0.70,,,-0.30,,,5,4.60,4.10,5.20,3.10,0.50,
2008-12-20 01:20,2.20,1.81,0.20,1.44,-0.60,0.61,1.49,2.10,-1.28,-0.05,-0.22,-0.10,,0.36,0.15,-0.20,-0.91,-3.18,-0.40,-0.87,-2.52,-2.60,0.15,,1.19,0.94,1.82,-0.10,0.99,0,0.43,1.09,-3.78,0.10,0.13,0.04,1.44,0.62,-1.27,-0.29,-4.90,-5.30,-3.82,-0.09,-0.50,0.43,0.40,0.30,0.30,-0.01,-0.41,0.91,0.24,0.93,-0.58,-0.06,-0.10,-0.10,0.03,0.16,-0.68,-0.10,-1.12,-4.49,-0.29,-2.53,2.92,1.27,0.30,-1.83,0.92,1.22,2.88,0.35,1.09,3.93,2.80,2.25,3.16,3.57,2.32,1.90,1.30,-0.03,1.40,0.39,0.83,1.10,1.33,0.80,-1.17,0.64,0.32,0.20,0.40,0.75,-0.19,0.36,-0.14,0.82,0.19,0.80,3.37,3.13,3.85,3.21,3.96,2.10,0.54,0.43,0.49,-0.01,2.54,4.06,4.52,2.39,3.40,2.36,-0.08,0.11,-0.70,-0.51,0.02,-0.07,3.60,4.63,4.90,2.19,3.05,1.01,-0.70,,-0.80,-8.10,0.60,0,0.20,,,,,,,2.20,2.60,,0.30,0.60,0.10,0.26,,,,,,,,3.60,1.30,0.60,0.10,0.20,,,,,3.20,,0.20,0.40,2,3.50,,,,0.70,,,-0.30,,,5.10,4.30,4,5.20,3.30,0.50,
2008-12-20 01:30,2.20,1.89,0.15,1.45,-0.70,0.56,1.49,2.10,-1.28,-0.10,-0.12,-0.08,,0.47,0.19,-0.21,-1.06,-3.23,-0.40,-0.95,-2.55,-2.41,0.08,,1.18,0.93,1.84,-0.12,1.05,0.10,0.37,1.18,-3.71,0.05,0.22,0.12,1.40,0.58,-1.26,-0.08,-4.80,-5.22,-3.67,0.08,-0.50,0.44,0.40,0.31,0.19,-0.04,-0.22,1.02,0.25,0.98,-0.63,-0.04,-0.14,-0.10,-0.03,0.10,-0.65,-0.10,-1.13,-4.42,-0.20,-2.48,2.91,1.25,0.40,-1.84,0.69,1.22,2.94,0.41,0.96,3.94,2.40,2.16,3.10,3.55,2.32,1.90,1.47,-0.10,1.47,0.39,0.86,1,1.33,0.74,-1.12,0.63,0.49,0.30,0.43,0.71,-0.19,0.41,-0.13,0.81,0.22,0.79,3.35,3.14,3.77,3.16,3.97,2.20,0.46,0.44,0.50,0.01,2.64,3.93,4.52,2.56,3.50,2.38,-0.12,0.20,-0.70,-0.44,-0.05,-0.09,3.50,4.70,4.90,2.31,2.86,1.09,-0.60,,-0.80,-8.10,0.70,0,0.10,,,,,,,2.20,2.60,,0.30,0.60,0.10,0.22,,,,,,,,3.50,1.40,0.60,0.10,0.20,,,,,3.30,,0.20,0.40,2,3.40,2.90,,,0.60,,,-0.30,,,4.90,4.30,3.60,4.90,3.50,0.50,
2008-12-20 01:40,2.20,1.97,0.13,1.54,-0.80,0.54,1.43,2,-1.16,-0.14,-0.16,-0.10,,0.53,0.22,-0.38,-0.99,-3.16,-0.40,-0.96,-2.47,-2.34,0.35,,0.91,1,1.75,-0.09,1.05,0.10,0.42,1.24,-3.63,0.04,0.24,0.12,1.38,0.51,-1.25,-0.17,-4.70,-4.96,-3.50,0.14,-0.40,0.46,0.40,0.25,0.16,-0.06,-0.31,0.86,0.27,0.97,-0.58,-0.08,-0.06,-0.10,-0.19,0.08,-0.70,-0.10,-1.18,-4.44,-0.29,-2.46,2.71,1.26,0.30,-1.96,0.80,1.17,2.79,0.43,0.96,3.92,2.60,2.20,2.99,3.25,2.18,1.90,1.40,-0.12,1.47,0.42,0.84,1.10,1.31,0.72,-1.16,0.62,0.53,0.30,0.35,0.66,-0.10,0.41,-0.08,0.79,0.20,0.78,3.29,3.24,3.85,3.12,3.87,2.20,0.39,0.47,0.48,-0.07,2.69,3.88,4.36,2.80,3.60,2.47,-0.10,0.16,-0.60,-0.43,-0.17,-0.20,3.36,4.63,4.80,2.50,3.02,0.95,-0.60,,-0.80,-8,0.80,0,0.20,,,,,,,2.10,2.50,,0.30,0.70,0.10,0.26,,,,,,,,3.40,1.40,0.60,0.10,0.30,,,,,3.40,,0.30,0.40,2,3.40,2.80,,,0.60,,,-0.40,,,5.10,3.80,3.60,4.80,3.70,0.50,
2008-12-20 01:50,2.30,2.02,0.11,1.48,-0.80,0.56,1.43,2.10,-1.14,-0.15,-0.18,0.04,,0.50,0.19,-0.43,-1.01,-3.36,-0.30,-0.89,-2.46,-2.18,0.36,,1.06,1.02,1.74,-0.04,1.05,0.10,0.43,1.16,-3.55,0.14,0.25,0.06,1.30,0.61,-1.23,-0.30,-4.60,-4.96,-3.44,0.18,-0.50,0.36,0.40,0.28,0.19,-0.09,-0.35,0.89,0.33,0.89,-0.67,-0.04,-0.12,-0.10,-0.06,0.08,-0.60,-0.20,-1.25,-4.48,-0.31,-2.49,2.67,1.24,0.30,-2.01,1,1.30,2.85,0.37,0.88,3.83,2.60,2.15,2.93,3.28,2.14,1.90,1.74,-0.05,1.60,0.34,1.02,1.20,1.30,0.80,-1.06,0.62,0.46,0.30,0.32,0.64,-0.09,0.37,-0.12,0.78,0.12,0.69,3.29,3.03,3.81,3.16,3.72,2.30,0.44,0.43,0.43,-0.07,2.68,3.83,4.24,3.08,3.60,2.56,-0.10,0.20,-0.60,-0.45,-0.31,-0.28,3.19,4.55,4.80,2.47,3.12,0.87,-0.60,,-0.80,-7.90,0.80,0,0.20,,,,,,,2,2.40,,0.30,0.70,0.10,0.26,,,,,,,,3.20,1.60,0.60,0.10,0.30,,,,,3.50,,0.30,0.40,2.10,3.40,2.60,,,0.60,,,-0.40,,,4.90,4.10,3.50,4.80,3.90,0.50,
2008-12-20 02:00,2.30,2.08,0.14,1.34,-0.80,0.51,1.41,2,-0.95,-0.21,-0.21,0.04,-2.11,0.41,0.19,-0.47,-0.96,-3.39,-0.30,-0.87,-2.51,-2.40,0.36,,1.19,1.07,1.85,-0.06,1.09,0.10,0.47,1.16,-3.59,0.19,0.21,0.10,1.42,0.61,-1.20,-0.27,-4.50,-4.90,-3.43,0.06,-0.50,0.27,0.40,0.33,0.38,0.03,-0.28,0.86,0.39,0.91,-0.56,0,-0.10,-0.10,-0.05,0.10,-0.58,-0.20,-1.20,-4.49,-0.37,-2.53,2.55,1.22,0.30,-1.91,1.06,1.39,2.91,0.41,0.85,3.78,2.60,2.15,2.82,3.24,2.27,1.90,1.73,0.12,1.72,0.51,1.05,1.20,1.31,0.79,-1.04,0.65,0.43,0.30,0.32,0.79,-0.06,0.39,-0.13,0.74,0.11,0.73,3.20,2.98,3.78,3.13,3.74,2.40,0.48,0.44,0.53,-0.07,2.63,3.57,4.19,3.20,3.60,2.62,-0.08,0.19,-0.60,-0.58,-0.26,-0.31,3.10,4.57,4.70,2.96,3.05,0.88,-0.60,1.30,-0.80,-7.80,0.80,0,0.20,0.60,2.20,-6.70,1,3.40,3.40,2,2.30,0.70,0.30,0.80,0.10,0.40,0.40,2.80,3.90,3.70,3.60,3.50,3.10,3.20,1.70,0.60,0.10,0.30,2.90,3.10,3.90,3.60,3.80,1.20,0.30,0.40,2.20,3.30,2.60,3.10,2.40,0.60,0.30,0.40,-0.40,,3.60,4.70,3.90,3.50,4.60,4,0.60,-0.70
2008-12-20 02:10,2.20,1.93,0.15,1.31,-0.83,0.88,1.38,1.80,-0.83,-0.10,,-0.10,-2.08,0.46,0.20,-0.49,-0.91,-3.41,-0.40,-0.72,-2.32,-2.59,0.30,,1.15,1.14,1.99,-0.03,1.06,0.10,0.59,1.21,-3.60,0.02,0.22,0.12,1.41,0.59,-1.19,-0.11,-4.50,-4.74,-3.37,0.01,-0.40,0.32,0.40,0.33,0.31,0.02,-0.19,0.90,0.34,0.89,-0.63,-0.02,-0.04,-0.10,-0.07,0.08,-0.55,-0.10,-1.24,-4.48,-0.37,-2.53,2.47,1.12,0.20,-2.04,0.99,1.38,3.06,0.46,0.79,3.68,2.70,2,2.62,3.23,2.21,1.90,2.02,0.26,1.82,0.44,1.01,1.20,1.47,0.89,-1.10,0.58,0.49,0.30,0.34,0.79,-0.09,0.44,-0.17,0.75,0.12,0.74,3.16,3.01,3.79,3.34,3.70,2.50,0.41,0.52,0.45,-0.14,2.64,3.58,4.15,3.40,3.60,2.74,0,0.02,-0.60,-0.39,-0.28,-0.23,2.98,4.62,4.60,3.99,3.13,1,-0.50,,-0.70,-7.70,0.90,0,0.10,,,,,,,2,2.30,,0.30,0.80,0.10,0.27,,,,,,,,3.20,1.70,0.60,0.10,0.30,,,,,3.80,,0.30,0.40,2.20,3.30,2.60,,,0.60,,,-0.40,,,4.80,3.40,3.50,4.60,4.20,0.60,
2008-12-20 02:20,2.20,2.07,0.03,1.27,-0.84,1.09,1.39,1.60,-0.96,-0.09,,-0.08,-2.07,0.50,0.20,-0.35,-0.82,-3.51,-0.30,-0.74,-2.21,-2.35,0.27,,1.02,1.23,1.88,0.04,1.08,0.10,0.54,1.29,-3.54,0.11,0.26,0.13,1.17,0.61,-1.08,-0.17,-4.40,-4.99,-3.37,0.03,-0.40,0.32,0.40,0.31,0.35,0.04,-0.29,0.95,0.32,0.86,-0.64,0.05,-0.02,-0.10,-0.16,0.09,-0.57,-0.10,-1.17,-4.48,-0.43,-2.52,2.33,1.12,0.10,-2.03,1.03,1.32,3.11,0.39,0.75,3.80,2.50,1.92,2.37,3.32,2.11,2,2,0.30,1.81,0.41,1.11,1.10,1.49,1,-1.13,0.72,0.54,0.30,0.33,0.76,-0.08,0.40,-0.15,0.74,0.12,0.68,3.08,3.02,3.84,3.31,3.63,2.80,0.65,0.65,0.55,-0.18,2.61,3.40,3.99,3.63,3.50,2.95,0.01,0.05,-0.60,-0.56,-0.37,-0.20,3.02,4.57,4.60,4.11,3.20,1.14,-0.50,,-0.70,-7.70,1,0,0.10,,,,,,,1.90,2.30,,0.30,0.80,0,0.29,,,,,,,,3.20,1.90,0.60,0.10,0.20,,,,,3.90,,0.30,0.40,2.20,3.30,2.60,,,0.60,,,-0.40,,,5,3.70,3.70,4.60,4.30,0.60,
2008-12-20 02:30,2.20,2.15,0.06,1.39,-0.93,1.04,1.35,1.60,-1.08,-0.10,,0.09,-2.07,0.35,0.10,-0.60,-0.69,-3.66,-0.40,-0.76,-2.20,-2.27,0.30,,0.99,1.34,1.96,0.04,1.09,0.10,0.52,1.30,-3.42,0.16,0.27,0.11,1.21,0.60,-1.12,-0.25,-4.40,-4.96,-3.11,0.05,-0.30,0.35,0.40,0.32,0.37,0.21,-0.29,0.97,0.37,0.88,-0.55,0.08,0.01,-0.10,-0.12,0.09,-0.52,0,-1.09,-4.48,-0.47,-2.51,2.13,1.16,0,-2.19,0.99,1.35,3.03,0.40,0.73,3.86,2.40,1.90,2.33,3.30,2.10,2,2.15,0.38,1.85,0.47,1.21,1,1.46,1.05,-1.05,0.68,0.51,0.40,0.34,0.72,-0.09,0.44,-0.05,0.70,0.07,0.64,3.18,3.11,3.79,3.26,3.61,3,0.59,0.73,0.53,-0.17,2.54,3.51,4.04,3.70,3.40,3.05,0.06,0.21,-0.60,-0.51,-0.36,-0.39,3,4.57,4.50,4,3.29,1.10,-0.50,,-0.60,-7.70,1,0,0.10,,,,,,,1.90,2.30,,0.30,0.90,0.10,0.26,,,,,,,,3.10,2,0.60,0.10,0.30,,,,,3.90,,0.30,0.40,2.20,3.20,2.60,,,0.70,,,-0.50,,,4.90,3.10,3.40,4.60,4.30,0.60,
2008-12-20 02:40,2.20,1.97,0.12,1.26,-0.90,1.22,1.22,1.60,-1.28,-0.08,,0.01,-2.11,0.31,0.13,-0.66,-0.62,-3.57,-0.30,-0.65,-2.12,-2.41,0.33,,1.01,1.43,2.13,0.13,1.13,0.10,0.56,1.29,-3.43,-0.02,0.16,-0.06,1.31,0.59,-1.15,-0.28,-4.40,-4.75,-3.10,0.10,-0.30,0.34,0.40,0.31,0.35,0.21,-0.28,0.84,0.34,0.88,-0.58,0.03,0.05,0,-0.08,0.16,-0.46,0,-0.98,-4.49,-0.44,-2.56,2.10,1.07,0,-2.22,0.88,1.33,3.11,0.40,0.68,3.82,2.50,1.84,2.31,3.27,2.21,1.90,2.32,0.37,1.87,0.56,1.38,1.10,1.52,1.10,-0.64,0.72,0.50,0.40,0.23,0.80,-0.01,0.48,-0.04,0.66,0.09,0.64,3.19,3.02,3.78,3.07,3.61,3.20,0.65,0.76,0.59,-0.18,2.76,3.46,3.74,3.82,3.30,3.22,0.08,0.05,-0.60,-0.54,-0.42,-0.37,2.97,4.48,4.40,3.93,3.41,1.01,-0.40,,-0.50,-7.60,0.90,0,0.10,,,,,,,1.90,2.30,,0.30,0.80,0.10,0.35,,,,,,,,3.20,2.10,0.60,0.10,0.30,,,,,4,,0.30,0.40,2.20,3.20,2.70,,,0.70,,,-0.50,,,4.70,3.30,3.20,4.50,4.20,0.60,
2008-12-20 02:50,2.20,1.85,0.04,1.24,-0.90,1.28,1.19,1.70,-1.52,,,0.04,-2.13,0.26,0.06,-0.49,-0.67,-3.43,-0.30,-0.74,-2.15,-2.25,0.38,,1.05,1.63,2.18,0.10,1.13,0.20,0.49,1.24,-3.60,0.11,0.12,0.14,1.34,0.59,-1.06,-0.22,-4.50,-4.70,-2.96,0.03,-0.20,0.33,0.40,0.36,0.54,0.29,-0.23,0.96,0.36,0.84,-0.63,-0.07,0.06,0,-0.15,0.28,-0.54,0,-1.01,-4.55,-0.41,-2.47,2.12,0.96,-0.10,-2.27,0.62,1.28,3.18,0.35,0.95,3.77,2.30,1.94,2.35,3.38,2.22,1.90,2.41,0.34,2.09,0.61,1.57,1.20,1.39,1.16,-0.66,0.67,0.53,0.40,0.32,0.84,-0.04,0.48,-0.03,0.77,0.09,0.61,3.21,2.83,3.66,3.26,3.58,3.10,0.73,0.75,0.53,-0.19,2.77,3.28,3.67,3.74,3.10,3.25,0.08,0.09,-0.50,-0.36,-0.48,-0.64,2.90,4.24,4.30,3.77,3.15,1.15,-0.40,,-0.40,-7.70,0.90,0,0.10,,,,,,,1.90,2.30,,0.30,0.80,0.10,0.28,,,,,,,,3.10,2.10,0.60,0.10,0.30,,,,,4,,0.30,0.40,2.20,3.10,2.80,,,0.80,,,-0.50,,,4.70,3.80,2.80,4.40,4.20,0.70,
2008-12-20 03:00,2.20,1.91,0.02,1.22,-0.90,1.29,1.02,1.60,-1.55,0.29,-0.22,0.08,-2.20,0.16,0.06,-0.49,-0.80,-3.84,-0.30,-0.71,-2.15,-2.48,0.41,,1.24,1.78,2.08,0.07,1.06,0.20,0.58,1.24,-3.60,0.07,0.19,0.10,1.41,0.57,-1.04,-0.19,-4.60,-4.76,-3.05,0.01,-0.10,0.34,0.40,0.31,0.48,0.30,-0.20,1.04,0.36,0.85,-0.62,-0.15,0.08,0,-0.09,0.31,-0.52,0,-1.03,-4.64,-0.45,-2.44,1.92,0.90,-0.20,-2.31,0.46,1.30,3.08,0.34,0.88,3.75,2.20,1.93,2.31,3.40,2.14,2,2.43,0.41,2.27,0.60,1.60,1.40,1.35,1.24,-0.62,0.63,0.45,0.40,0.36,0.86,-0.03,0.52,0.01,0.76,0.11,0.57,3.21,2.81,3.61,3.29,3.54,3.10,0.75,0.82,0.57,-0.21,2.86,3.22,3.76,3.86,3,3.26,-0.03,0.06,-0.50,-0.35,-0.44,-0.49,2.94,3.94,4.10,3.90,3.52,1.33,-0.40,1.20,-0.40,-7.70,0.90,0,0.10,0.60,2.20,-7.40,1.50,3.40,3.20,1.90,2.30,1.70,0.30,0.90,0.20,0.40,0.40,2.70,3.70,3.50,3.60,3.30,3,3.10,2,0.60,0.10,0.30,2.60,3.20,3.60,3.40,3.90,1.40,0.30,0.40,2.30,3,2.90,2.80,3.30,0.90,0.40,,-0.50,2.90,3,4.50,2.90,2.60,4.20,4.10,0.70,-0.70
2008-12-20 03:10,2.10,1.91,0.03,1.67,-1,1.38,0.99,1.80,-1.58,0.31,-0.23,0.14,-2.30,0.18,0.03,-0.61,-0.85,-3.91,-0.30,-0.79,-2.15,-2.21,0.45,,1.34,1.72,1.95,0.21,1.08,0.10,0.68,1.36,-3.61,0.19,0.08,0.11,1.49,0.62,-1.06,-0.22,-4.60,-4.85,-3.11,0.17,-0.10,0.35,0.40,0.30,0.51,0.30,-0.28,0.91,0.29,0.77,-0.59,-0.27,0.08,0,0.04,0.22,-0.50,0,-0.98,-4.44,-0.53,-2.54,1.95,0.94,-0.20,-2.28,0.56,1.07,2.90,0.26,0.81,3.82,2.20,1.87,2.18,3.34,2.16,2,2.37,0.47,2.16,0.62,1.62,1.50,1.31,1.27,-0.47,0.63,0.39,0.40,0.42,0.83,0.05,0.46,-0.10,0.77,0.11,0.47,3.24,2.91,3.59,3.14,3.47,3,0.72,0.78,0.68,-0.18,2.85,3.14,3.58,3.84,2.80,3.05,-0.02,0.05,-0.50,-0.31,-0.56,-0.45,2.73,3.67,4.10,3.88,3,1.56,-0.40,,-0.40,-7.70,0.90,0,0.10,,,,,,,1.90,2.30,,0.30,0.80,0.20,0.25,,,,,,,,3,2,0.60,0.10,0.30,,,,,3.90,,0.30,0.40,2.30,3,,,,0.90,,,-0.50,,,4.20,2.60,2.60,4.20,4.10,0.70,
2008-12-20 03:20,2.10,2.02,0.01,1.66,-1.10,1.34,1.11,1.80,-1.66,0.28,-0.19,0.13,-2.33,0.27,-0.03,-0.65,-0.92,-3.86,-0.30,-0.83,-2.26,-2.35,0.37,,1.61,1.61,1.79,0.17,1.06,0.10,0.67,1.40,-3.51,0.22,0.19,0.19,1.41,0.56,-1.08,-0.23,-4.70,-4.99,-3.25,-0.07,-0.10,0.40,0.40,0.30,0.55,0.30,-0.12,0.94,0.33,0.82,-0.57,-0.22,0.03,0,-0.14,0.20,-0.43,-0.10,-0.96,-4.46,-0.55,-2.60,2,0.95,-0.20,-2.28,0.43,1.11,2.76,0.18,0.91,3.61,2.50,1.76,1.88,2.94,2.21,1.90,2.34,0.44,2.29,0.67,1.64,1.50,1.32,1.30,-0.20,0.68,0.40,0.40,0.28,0.84,0.04,0.43,-0.04,0.80,0.10,0.57,3.12,2.99,3.59,3.04,3.56,3,0.77,0.82,0.72,-0.20,2.81,2.98,3.39,3.81,2.70,2.94,0.06,0.09,-0.40,-0.30,-0.55,-0.68,2.68,3.52,4,3.96,2.89,1.52,-0.40,,-0.50,-7.70,1,0,0.10,,,,,,,1.90,2.30,,0.30,0.80,0.20,0.34,,,,,,,,2.90,2.10,0.60,0.10,0.30,,,,,3.80,,0.30,0.40,2.40,3,3,,,0.90,,,-0.50,,,4,2.60,2.40,4.10,4,0.70,
2008-12-20 03:30,2.10,1.95,0.02,1.61,-1.10,1.32,1.23,1.80,-1.62,0.22,-0.37,0.17,-2.35,0.25,-0.01,-0.62,-0.91,-3.98,-0.30,-0.87,-2.38,-2.58,0.36,,1.82,1.53,1.65,0.12,1.19,0.10,0.59,1.35,-3.67,0.22,0.14,0.21,1.38,0.71,-1.06,-0.21,-4.80,-5.02,-3.26,0.05,-0.10,0.40,0.50,0.29,0.63,0.31,-0.03,0.84,0.30,0.83,-0.67,-0.10,0.12,0,0.01,0.20,-0.47,-0.10,-0.92,-4.56,-0.62,-2.49,1.84,1.03,-0.20,-2.22,0.29,0.92,2.64,0.31,1.06,3.58,2.40,1.69,1.49,2.95,2.16,2.15,2.16,0.38,2.26,0.61,1.71,1.60,1.37,1.49,-0.28,0.70,0.43,0.40,0.53,0.85,0.02,0.48,-0.08,0.82,0.13,0.62,2.65,2.98,3.51,3.09,3.54,3,0.83,0.84,0.76,-0.23,2.74,2.69,3.34,3.74,2.60,2.87,0.13,0.08,-0.40,-0.36,-0.56,-0.71,2.68,3.43,4,3.90,3.09,1.65,-0.30,,-0.50,-7.80,1,0,0.10,,,,,,,1.90,2.40,,0.40,0.80,0.10,0.35,,,,,,,,2.90,2,0.60,0.10,0.30,,,,,3.80,,0.30,0.40,2.50,3,3,,,1.30,,,-0.50,,,4.10,2.40,2.70,4.10,3.90,0.70,
2008-12-20 03:40,2.20,1.78,0.02,1.70,-1.10,1.06,1.27,1.80,-1.63,0.30,-0.24,0.15,-2.50,0.12,-0.12,-0.70,-0.97,-4.31,-0.30,-1.02,-2.44,-2.27,0.28,,1.74,1.55,1.53,0.06,1.21,0.20,0.57,1.58,-3.69,0.23,0.21,0.14,1.68,0.95,-1.08,-0.10,-4.80,-4.99,-3.27,-0.09,-0.10,0.36,0.50,0.37,0.52,0.23,-0.08,0.89,0.31,0.78,-0.47,-0.07,0.03,0.10,0.04,0.25,-0.45,-0.10,-0.98,-4.56,-0.62,-2.42,1.91,1.03,-0.20,-2.28,0.05,0.61,2.47,0.09,1.10,3.54,2.40,1.56,1.41,2.77,2.18,2.15,2.29,0.43,2.25,0.51,1.70,1.80,1.42,1.52,-0.16,0.61,0.46,0.40,0.63,0.78,0,0.51,-0.08,0.82,0.07,0.61,2.67,2.86,3.49,3.11,3.51,3,1.01,1.02,0.87,-0.23,2.75,2.56,3.34,3.60,2.50,2.89,0.12,0.18,-0.40,-0.41,-0.56,-0.55,2.68,3.34,4,3.89,3.11,1.83,-0.30,,-0.60,-7.80,1,0,0.10,,,,,,,1.90,2.30,,0.50,0.80,0.10,0.39,,,,,,,,2.90,2.10,0.70,0.20,0.40,,,,,3.70,,0.30,0.40,2.50,3,2.90,,,1.40,,,-0.50,,,4.20,3.10,3.10,4.10,3.80,0.80,
2008-12-20 03:50,2.10,1.99,-0.07,1.70,-1.10,1.29,1.23,1.80,-1.61,0.43,-0.26,0.13,-2.46,0.08,-0.14,-0.81,-1.03,-3.82,-0.30,-1.01,-2.33,-2.29,0.26,,1.74,1.44,1.60,0.03,1.26,0.10,0.61,1.68,-3.77,0.24,0.33,0.11,1.39,0.99,-1.09,0.20,-4.90,-5.15,-3.32,0,-0.10,0.23,0.50,0.42,0.41,0.22,0.15,0.84,0.27,0.78,-0.53,-0.04,0.05,0.10,0.01,0.30,-0.32,-0.10,-0.90,-4.51,-0.54,-2.40,2.08,1.04,-0.20,-2.39,-0.27,0.47,2.34,0.03,0.99,3.30,2.60,1.59,1.60,2.74,2.27,2.28,2.34,0.24,2.25,0.53,1.63,1.80,1.49,1.49,-0.12,0.61,0.44,0.40,0.45,0.71,-0.06,0.49,-0.05,0.85,0.09,0.60,2.75,2.94,3.37,3.09,3.46,3,1.29,1.07,0.91,-0.22,2.74,2.65,3.20,3.51,2.40,2.91,0.09,0.26,-0.40,-0.45,-0.62,-0.47,2.68,3.44,4,3.76,3.06,1.88,-0.30,,-0.60,-7.80,1.10,0,0.10,,,,,,,1.90,2.40,,0.70,0.90,0.10,0.40,,,,,,,,2.90,2.10,0.70,0.20,0.40,,,,,3.70,,0.30,0.40,2.50,3.10,2.90,,,1.50,,,-0.50,,,4.10,3.20,3.30,4,3.80,0.80,
2008-12-20 04:00,2,2.11,-0.09,1.76,-1.20,1.16,1.30,1.90,-1.58,0.38,-0.28,0.06,-2.46,0.05,-0.19,-0.87,-1.09,-4.16,-0.30,-0.97,-2.38,-2.28,0.20,,1.86,1.52,1.50,-0.07,1.37,0.10,0.65,1.76,-3.78,0.31,0.36,0.17,1.36,1.07,-1.14,0.15,-4.90,-5.37,-3.45,0.06,-0.10,0.26,0.50,0.37,0.45,0.16,0.14,0.71,0.29,0.85,-0.50,0.04,0.01,0.10,0.03,0.26,-0.39,-0.10,-0.90,-4.40,-0.62,-2.42,2.28,1.07,-0.30,-2.32,-0.60,0.13,2.39,-0.01,0.97,3.18,2.60,1.77,1.40,2.61,2.16,2.19,2.18,0.05,2.28,0.63,1.65,1.90,1.64,1.60,0.12,0.65,0.41,0.40,0.31,0.69,-0.09,0.42,-0.03,0.85,0.11,0.55,2.66,2.82,3.40,3.13,3.27,3,1.34,1.39,0.86,-0.18,2.72,2.76,2.64,3.36,2.30,2.91,0.05,0.18,-0.30,-0.33,-0.59,-0.43,2.64,3.26,4,3.76,3.05,1.74,-0.30,1.10,-0.60,-7.90,1.20,0,0.10,0.60,1.80,-7.40,1.30,3.50,2.80,1.90,2.40,1.30,0.90,1,0.10,0.50,0.40,2,3.60,3.40,3.30,3.30,2.60,2.90,2.10,0.70,0.20,0.40,2.50,2.60,3.60,3.20,3.50,1.70,0.30,0.50,2.70,3.20,2.80,2.80,3.20,2,0.50,0.30,-0.50,3,2.90,4.10,3.10,3.30,3.90,3.70,0.80,-0.60
2008-12-20 04:10,2,2.12,-0.05,1.67,-1.35,1.22,1.40,1.80,-1.72,0.30,-0.36,0.20,-2.48,0,-0.32,-0.94,-1.12,-4.03,-0.20,-1.07,-2.50,-2.73,0.15,,1.86,1.57,1.55,-0.07,1.48,0.10,0.70,1.94,-3.83,0.28,0.44,0.25,1.35,1.03,-1.09,0.01,-4.90,-5.36,-3.57,-0.01,-0.10,0.25,0.50,0.35,0.51,0.05,0.11,0.74,0.35,0.79,-0.48,-0.07,0.06,0.10,0.11,0.27,-0.42,-0.10,-0.97,-4.34,-0.63,-2.45,2.35,0.98,-0.20,-2.34,-0.90,-0.27,2.51,-0.05,1.11,3.42,2.60,1.76,1.40,2.72,2.22,2,2.23,0.36,2.34,0.90,1.68,2,1.70,1.59,0.30,0.63,0.45,0.40,0.24,0.71,-0.02,0.51,-0.07,0.91,0.16,0.56,2.51,2.78,3.46,3.17,3.24,2.90,1.40,1.97,0.94,-0.23,2.68,2.73,2.32,3.41,2.30,2.93,0.10,0.22,-0.30,-0.33,-0.57,-0.40,2.64,3.13,4.10,3.79,3.11,1.93,-0.20,,-0.60,-7.90,1.70,0,0.10,,,,,,,1.90,2.30,,0.90,1,0.10,0.35,,,,,,,,2.80,2.10,0.70,0.20,0.40,,,,,3.50,,0.30,0.40,2.70,3.20,2.80,,,2,,,-0.50,,,3.90,3.10,3.30,3.90,3.50,0.80,
2008-12-20 04:20,2,2.14,-0.03,1.69,-1.32,1.14,1.45,1.90,-1.77,0.45,-0.35,0.10,-2.48,-0.05,-0.33,-0.83,-1.16,-4.30,-0.20,-1.30,-2.69,-2.89,0.16,,1.72,1.55,1.39,-0.07,1.49,0.10,0.69,2.01,-3.94,0.21,0.40,0.20,1.38,1.06,-1.16,-0.04,-5,-5.55,-3.74,-0.06,-0.10,0.26,0.50,0.39,0.43,0.11,0.11,0.77,0.32,0.73,-0.60,-0.19,0.06,0.10,0.09,0.27,-0.36,-0.10,-0.90,-4.29,-0.58,-2.42,2.16,1.08,-0.20,-2.35,-0.82,-0.49,2.51,0,0.96,3.18,2.40,1.83,1.40,2.89,2.14,2,2.15,0.36,2.26,1.05,1.61,2,1.69,1.75,0.24,0.67,0.53,0.50,0.19,0.64,-0.05,0.44,-0.08,0.83,0.11,0.58,2.33,2.79,3.38,3.08,3.23,2.90,1.52,2.13,0.92,-0.25,2.80,2.73,1.97,3.22,2.30,2.80,0.14,0.08,-0.30,-0.27,-0.65,-0.40,2.57,2.96,4,3.73,2.92,1.93,-0.20,,-0.70,-7.90,2.10,0,0.10,,,,,,,1.90,2.40,,1,1.20,0.10,0.37,,,,,,,,2.80,2,0.80,0.20,0.50,,,,,3.40,,0.30,0.50,2.70,3.20,2.70,,,2.10,,,-0.50,,,3.70,3.10,3.40,3.70,3.40,0.80,
2008-12-20 04:30,2,2.11,0.01,1.75,-1.30,1.16,1.35,1.80,-1.77,0.58,-0.35,0.02,-2.46,-0.17,-0.34,-0.93,-1.16,-4.46,-0.20,-1.32,-2.79,-3.11,0.13,,1.73,1.48,1.37,-0.16,1.54,0.10,0.67,1.95,-4.04,0.20,0.37,0.24,1.43,1.07,-1.23,0.22,-5,-5.65,-3.74,-0.01,-0.20,0.20,0.50,0.40,0.41,0.13,0.18,0.80,0.39,0.67,-0.52,-0.26,0.10,0.20,0.03,0.17,-0.31,-0.10,-0.94,-4.32,-0.65,-2.44,2.11,1.13,-0.20,-2.26,-0.70,-0.77,2.38,0,0.70,3.15,2.20,1.77,1.50,3.01,2.15,1.90,2.04,0.52,2.14,1.12,1.54,1.90,1.72,1.81,0.43,0.72,0.58,0.50,0.19,0.65,0.01,0.46,-0.04,0.78,0.13,0.59,2.21,2.73,3.17,2.96,3.36,2.90,1.66,2.18,0.98,-0.18,2.82,2.89,1.91,3.15,2.30,2.80,0.17,0.17,-0.30,-0.14,-0.72,-0.45,2.63,2.81,3.90,3.53,2.86,1.95,-0.10,,-0.70,-8,2.10,0,0.10,,,,,,,1.90,2.40,,1,1.30,0.20,0.31,,,,,,,,2.70,2,0.80,0.20,0.50,,,,,3.30,,0.30,0.50,2.80,3.20,2.80,,,2.10,,,-0.50,,,3.60,3.10,3.50,3.80,3.30,0.90,
2008-12-20 04:40,2.10,2.05,-0.01,1.73,-1.40,1.12,1.25,1.90,-1.78,0.55,-0.37,0.09,-2.51,-0.02,-0.30,-0.91,-1.17,-4.68,-0.30,-1.38,-2.85,-3.18,0.10,,1.78,1.36,1.37,-0.24,1.48,0.10,0.72,1.96,-3.95,0.31,0.40,0.33,1.44,1.09,-1.16,0.23,-5.10,-5.61,-3.80,0.27,-0.30,0.22,0.50,0.45,0.38,0.16,0.24,0.82,0.41,0.63,-0.54,-0.11,0.11,0.20,0.08,0.20,-0.30,-0.20,-0.98,-4.38,-0.66,-2.38,2.16,1.11,-0.20,-2.32,-0.56,-0.94,2.22,0.14,0.41,3.06,2.10,1.59,1.60,2.96,2.17,2,2.12,0.44,2.17,0.95,1.49,2,1.76,1.75,0.42,0.85,0.62,0.50,0.38,0.75,0.01,0.49,0,0.79,0.24,0.51,2.25,2.60,3.24,3.10,3.28,2.90,1.62,2.16,1,-0.24,2.76,3.04,1.85,2.93,2.30,2.85,0.29,0.04,-0.30,-0.14,-0.65,-0.63,2.66,2.85,3.90,3.53,2.63,2.14,0,,-0.80,-8,2.20,0,0.10,,,,,,,1.90,2.40,,1.10,1.30,0.20,0.41,,,,,,,,2.60,2,0.90,0.20,0.50,,,,,3.20,,0.30,0.50,2.90,3.20,,,,2.20,,,-0.50,,,3.60,3,3.40,3.70,3.30,0.90,
2008-12-20 04:50,2.10,2.03,-0.01,1.62,-1.30,1.16,1.16,1.80,-1.80,0.53,-0.34,0.12,-2.62,-0.06,-0.27,-1.02,-1.15,-4.23,-0.30,-1.27,-3.01,-3.11,0.14,,1.72,1.27,1.55,-0.21,1.47,0.10,0.66,1.91,-4.04,0.32,0.41,0.41,1.55,1.03,-1.27,0.27,-5.10,-5.83,-3.67,0.17,-0.30,0.28,0.40,0.42,0.68,0.11,0.47,0.71,0.36,0.55,-0.55,-0.09,0.10,0.10,0.04,0.22,-0.30,-0.10,-0.91,-4.26,-0.59,-2.37,2.23,1.14,-0.10,-2.39,0.63,-0.25,2.03,0.21,0.15,3.24,1.90,1.44,1.90,2.76,2.05,1.80,2.21,0.51,2.15,0.91,1.50,2.10,1.91,1.58,0.17,0.86,0.62,0.50,0.37,0.74,-0.07,0.47,0.02,0.78,0.23,0.60,2.23,2.63,3.26,2.88,3.13,2.80,1.81,2.10,0.98,-0.20,2.86,3.06,2,2.72,2.20,2.83,0.30,0.21,-0.30,-0.21,-0.66,-0.52,2.76,3.09,4,3.60,2.69,2.20,0,,-0.90,-8,2.20,-0.10,0.10,,,,,,,1.80,2.40,,1,1.30,0.20,0.37,,,,,,,,2.60,2,0.90,0.20,0.50,,,,,3.10,,0.30,0.60,2.90,3.30,2.70,,,2.20,,,-0.40,,,3.60,3.10,3.30,3.80,3.20,1,
2008-12-20 05:00,2,2.09,-0.05,1.65,-1.40,1.27,1.20,1.80,-1.83,0.58,-0.30,0.09,-2.67,-0.16,-0.30,-0.88,-1.23,-4.20,-0.30,-1.39,-3.09,-3.21,0.11,,1.68,1.39,1.61,-0.27,1.43,0,0.68,1.93,-4.06,0.26,0.43,0.44,1.55,0.90,-1.31,0.33,-5.30,-5.73,-3.89,0.36,-0.30,0.31,0.40,0.44,0.63,0.09,0.74,0.70,0.31,0.53,-0.53,0.02,0.07,0.20,-0.05,0.21,-0.32,-0.10,-0.95,-4.16,-0.54,-2.24,2.17,1.14,0,-2.34,0.44,0.50,1.67,0.17,0.05,3.16,1.80,1.35,1.97,2.87,1.97,1.70,2.26,0.62,2.23,0.84,1.45,2.10,2.02,1.73,0.33,0.86,0.72,0.50,0.34,0.78,-0.02,0.45,-0.07,0.80,0.19,0.63,2.23,2.49,3.43,2.97,2.98,2.70,1.84,2.14,0.95,-0.21,2.96,3.11,2.24,2.57,2.20,2.88,0.25,0.16,-0.20,-0.22,-0.68,-0.68,2.79,3.29,4,3.48,2.99,2.21,0,1.20,-0.90,-8.10,2.20,-0.10,0.10,0.70,1.40,-7.20,1.60,3.20,1.70,1.80,2.30,1.40,1.30,1.40,0.20,0.40,0.40,1.90,2.90,2.80,3.30,3,2.40,2.70,2,1,0.20,0.50,2.70,2.20,3.50,3,2.70,2.50,0.30,0.60,2.90,3.20,2.80,2.60,2.90,2.10,0.50,0.40,-0.40,3,3,3.60,3.30,3.30,3.90,3.30,1,-0.40
2008-12-20 05:10,1.90,2.15,-0.09,1.56,-1.40,1.17,1.25,1.90,-1.95,0.93,-0.25,0.11,-2.70,-0.20,-0.29,-0.94,-1.20,-4.35,-0.40,-1.43,-3.09,-3.03,-0.02,,1.74,1.53,1.69,-0.21,1.48,0,0.57,2.09,-4.15,0.18,0.41,0.42,1.54,0.97,-1.47,0.34,-5.40,-5.70,-3.98,0.77,-0.40,0.43,0.40,0.39,0.44,0.04,0.62,0.76,0.28,0.53,-0.55,0.07,0.06,0.20,0.13,0.27,-0.37,-0.10,-0.88,-4.17,-0.56,-2.26,2.19,1.26,-0.10,-2.26,0.67,0.80,1.62,0.26,0.03,2.94,1.50,1.29,1.67,3.05,1.98,1.60,2.35,0.56,2.22,0.89,1.48,2.10,1.97,1.73,0.26,0.89,0.72,0.50,0.43,0.74,0.01,0.52,-0.08,0.73,0.20,0.72,2.14,2.25,3.27,2.92,2.98,2.70,1.82,2.16,1.04,-0.23,3.03,3.23,2.45,2.42,2.30,2.85,0.29,0.29,-0.20,-0.08,-0.66,-0.48,2.76,3.46,4.10,3.44,3.03,2.21,0.10,,-1,-8.10,2.10,-0.10,0.10,,,,,,,1.60,2.30,,1.20,1.40,0.20,0.24,,,,,,,,2.50,1.90,1,0.20,0.50,,,,,2.70,,0.30,0.60,2.90,3.20,2.80,,,2,,,-0.40,,,3.60,3.30,3.30,3.80,3.20,1,
2008-12-20 05:20,1.80,2.16,-0.02,1.60,-1.40,1.06,1.37,1.80,-2,1.12,-0.35,0.20,-2.72,-0.15,-0.35,-1.01,-1.39,-4.68,-0.40,-1.42,-3.11,-3.14,0.01,,1.64,1.60,1.68,-0.17,1.48,0,0.61,2.08,-4.08,0.18,0.28,0.41,1.48,1,-1.38,0.36,-5.40,-5.77,-3.89,1.11,-0.40,0.52,0.50,0.39,0.66,0.10,0.82,0.71,0.38,0.53,-0.49,0.06,0.01,0.20,0.03,0.34,-0.40,-0.20,-0.82,-4.19,-0.58,-2.26,2.27,1.23,-0.10,-2.37,0.58,0.81,1.36,0.12,-0.13,2.51,1.10,1.15,1.61,2.80,1.93,1.60,2.20,0.64,2.23,0.88,1.62,2,2.01,1.75,0.18,0.90,0.73,0.50,0.50,0.70,-0.12,0.51,-0.11,0.68,0.23,0.65,2.23,2.31,3.14,2.90,2.80,2.70,1.86,2.10,1.30,-0.23,3.07,3.24,2.45,2.31,2.30,2.87,0.28,0.37,-0.10,0.15,-0.52,-0.49,2.69,3.46,4.10,2.92,2.91,2.15,0.20,,-1,-8.20,2,-0.10,0.10,,,,,,,1.60,2.30,,1.30,1.30,0.30,0.28,,,,,,,,2.50,1.90,1.10,0.20,0.60,,,,,2.80,,0.40,0.60,2.70,3.20,2.80,,,2.10,,,-0.40,,,3.50,3.20,3.40,4,3.10,1,
2008-12-20 05:30,1.70,2.24,-0.04,1.70,-1.40,1.09,1.42,1.80,-2.03,1.01,-0.39,0.19,-2.81,-0.18,-0.34,-1.01,-1.36,-4.72,-0.40,-1.49,-3.12,-3.25,-0.05,,1.67,1.64,1.62,-0.20,1.46,0,0.52,2.10,-4.17,0.19,0.36,0.39,1.45,0.97,-1.41,0.34,-5.50,-5.92,-4.12,1.21,-0.40,0.61,0.50,0.39,0.63,0.15,0.73,0.75,0.37,0.57,-0.54,0.04,0.03,0.20,0.09,0.39,-0.37,-0.20,-0.84,-4.15,-0.62,-2.23,2.29,1.20,-0.10,-2.38,0.78,1.02,1.12,0.20,-0.25,2.09,0.90,1.24,1.49,2.76,2.01,1.60,2.12,0.78,2.18,1.07,1.68,2,2.04,1.86,0.16,0.81,0.74,0.50,0.56,0.78,-0.10,0.51,-0.12,0.72,0.16,0.58,2.34,2.15,3.09,2.96,2.85,2.70,1.84,2.03,1.42,-0.23,3.03,3.17,2.63,2.17,2.30,2.71,0.16,0.44,-0.10,0.16,-0.49,-0.44,2.60,3.34,4.20,2.54,2.98,2.15,0.10,,-1.10,-8.30,2.10,-0.10,0,,,,,,,1.60,2.30,,1.40,1.30,0.20,0.27,,,,,,,,2.40,2,1.20,0.20,0.50,,,,,2.90,,0.40,0.70,2.60,3.30,,,,1.70,,,-0.40,,,3.50,3.30,3.50,4.10,3,1.10,
2008-12-20 05:40,1.70,2.14,-0.13,1.61,-1.40,1.09,1.46,1.80,-1.94,0.87,-0.41,0.05,-2.91,-0.34,-0.42,-0.99,-1.39,-4.72,-0.40,-1.57,-3.20,-3.27,-0.18,,1.70,1.64,1.54,-0.21,1.47,0,0.49,2.19,-4.28,0.21,0.35,0.42,1.52,0.96,-1.46,0.39,-5.50,-6.04,-4.33,1.29,-0.50,0.65,0.50,0.36,0.57,0.19,0.61,0.84,0.31,0.63,-0.60,0.06,0.02,0.20,0.12,0.36,-0.37,-0.10,-0.80,-4.20,-0.73,-2.29,2.21,1.30,-0.20,-2.45,0.59,0.97,1.30,0.04,-0.22,2.15,0.70,1.18,1.36,2.76,1.97,1.50,1.99,0.72,2.26,0.98,1.67,2.10,1.98,1.90,0.10,0.93,0.88,0.70,0.59,0.77,-0.03,0.55,-0.09,0.70,0.24,0.56,2.39,1.97,3.09,2.83,2.95,2.70,1.91,2.02,1.49,-0.23,3.06,3.06,2.67,2.17,2.30,2.63,0.17,0.48,-0.10,0.17,-0.50,-0.39,2.69,3.17,4.10,2.52,3.03,2.38,0.20,,-1.10,-8.30,2,-0.10,0,,,,,,,1.50,2.30,,1.30,1.40,0.20,0.24,,,,,,,,2.40,1.90,1.20,0.20,0.50,,,,,2.90,,0.40,0.70,2.50,3.40,2.90,,,1.70,,,-0.30,,,3.50,3.40,3.50,4.10,2.90,1.20,
2008-12-20 05:50,1.60,2.18,-0.16,1.66,-1.40,1.04,1.49,1.80,-1.96,0.65,-0.44,0.09,-2.86,-0.37,-0.41,-1.06,-1.47,-4.98,-0.50,-1.60,-3.15,-3.48,-0.27,,1.85,1.68,1.66,-0.19,1.50,0,0.53,2.24,-4.29,0.34,0.41,0.46,1.41,0.98,-1.46,0.23,-5.60,-6.23,-4.21,1.27,-0.60,0.70,0.50,0.37,0.53,0.13,0.64,0.89,0.34,0.65,-0.59,0.08,0.07,0.30,0.02,0.34,-0.34,-0.20,-0.79,-4.19,-0.66,-2.34,2.06,1.27,-0.20,-2.51,0.41,1.11,1.46,-0.02,0.15,1.99,0.60,0.92,0.90,2.86,1.90,1.50,1.83,0.62,2.32,0.99,1.63,2.10,1.88,1.86,0.01,0.95,0.99,0.80,0.45,0.73,-0.02,0.44,-0.07,0.83,0.12,0.54,2.51,1.90,2.98,2.66,2.98,2.60,1.96,1.99,1.45,-0.21,3.09,2.89,2.82,2.23,2.30,2.58,0.25,0.52,-0.10,0.24,-0.55,-0.47,2.74,3.12,4,2.44,3.01,2.44,0.20,,-1.20,-8.40,2,-0.10,0.10,,,,,,,1.50,2.20,,1.50,1.30,0.20,0.29,,,,,,,,2.40,1.80,1.30,0.20,0.60,,,,,2.80,,0.30,0.70,2.50,3.40,2.90,,,1.70,,,-0.30,,,3.40,3.40,3.50,4,2.90,1.10,
2008-12-20 06:00,2,2,-0.12,2,-2,0.96,1.54,1.80,-2.06,0.55,-0.48,0.09,-2.96,-1,-0.42,-1,-2,-4.87,0,-1.67,-3,-3.43,-0.28,2,2,2,1.79,-0.16,1,0,0,2,-4.28,0,0.50,0,2,1,-1,1,-6,-6,-5,1,-0.70,0.66,1,0.40,0,0.24,0,1,0.28,0.55,-0.56,0,0,0,0,0.38,-0.29,0,-0.78,-4.11,-0.66,-2.33,2,1.13,-0.30,-2.58,0.41,1.02,1.52,-0.05,0.44,1.67,1,0.75,2,2,1,2,1.90,1,2.37,0.98,-1,2.10,1.97,1.83,-0.01,1.08,1,0.80,1,0.91,-0.07,0.41,-0.04,0.70,0.20,0.57,2.58,1.79,3.04,2.72,2.98,2.60,2.02,2,1.50,-0.20,2.99,2.94,2.80,2.29,2.20,2.46,0.29,0.49,-0.10,0.13,-0.52,-0.35,2.70,3.30,4,2.50,3.20,2.49,0.20,1,-1,-8,2.10,-0.10,0.10,,2,-7,2,2,0.90,2,2,1.30,1.40,1.20,0.20,0.40,0.40,1.90,3,3,1.70,3,2.40,2.30,1.60,1.40,0.20,0.60,3,2.30,3.20,2.90,2.80,2.60,0.40,0.70,2.60,3.20,2.90,2.50,2.80,1.60,0.90,0.60,-0.30,3.20,3,3.40,3.30,3.50,3.90,2.70,1.20,-0.40
2008-12-20 06:10,1.60,1.98,-0.11,1.50,-1.40,1.09,1.52,1.80,-2.12,0.48,-0.57,0.16,-3.03,-0.30,-0.46,-0.95,-1.49,-4.91,-0.50,-1.67,-3.20,-3.49,-0.27,,1.89,1.75,1.79,-0.06,1.45,0,0.55,1.98,-4.39,0.31,0.56,0.40,1.31,0.99,-1.63,0.28,-5.60,-6.36,-4.38,1.44,-0.80,0.67,0.50,0.39,0.76,0.45,0.43,0.79,0.16,0.51,-0.51,0.05,0.13,0.20,-0.01,0.35,,-0.10,-0.74,-4.11,-0.60,-2.25,1.77,1.05,-0.30,-2.62,0.30,0.99,1.54,-0.07,0.52,1.69,1.60,0.59,1,2.69,1.75,1.74,1.74,0.65,2.31,1.08,1.73,2.10,2.01,1.77,0.02,1.06,1.11,1,0.39,1.03,0.05,0.51,-0.07,0.67,0.20,0.55,2.65,1.85,3.05,2.41,3.07,2.50,2.08,2,1.51,-0.19,2.93,2.81,2.75,2.38,2.20,2.41,0.24,0.66,-0.10,0.26,-0.46,-0.50,2.64,3.33,3.80,2.65,3.30,2.20,0.30,,-1.20,-8.40,2.10,-0.10,0,,,,,,,1.40,2.20,,1.40,1.20,0.30,0.27,,,,,,,,2.30,1.70,1.60,0.30,0.60,,,,,2.80,,0.40,0.70,2.60,3.20,2.90,,,1.60,,,-0.20,,,3.30,3.40,3.50,3.90,2.70,1.20,
2008-12-20 06:20,1.60,1.93,-0.05,1.43,-1.50,1.16,1.37,1.80,-2.12,0.47,-0.59,-0.02,-3.01,-0.24,-0.49,-1.04,-1.61,-5.09,-0.50,-1.67,-3.24,-3.65,-0.27,,1.94,1.66,1.89,-0.16,1.42,0,0.54,1.87,-4.53,0.18,0.62,0.45,1.33,0.85,-1.65,0.20,-5.70,-6.46,-4.47,1.41,-0.80,0.62,0.40,0.38,0.81,0.64,0.48,0.75,0.28,0.48,-0.47,0.19,0.09,0.20,0.04,0.34,,-0.10,-0.72,-4.13,-0.56,-2.22,1.82,0.99,-0.40,-2.70,0.02,0.83,1.35,-0.09,0.77,1.47,2,0.37,1.20,2.68,1.77,1.71,1.72,0.48,2.25,1.07,1.62,2.20,2.07,1.59,-0.08,1.09,1.08,1,0.44,1,0.01,0.49,-0.12,0.71,0.09,0.58,2.72,1.91,2.98,2.10,2.92,2.50,1.82,1.93,1.45,-0.17,2.96,2.71,2.82,2.38,2.10,2.36,0.27,0.48,-0.10,0.29,-0.43,-0.42,2.70,3.34,3.80,2.59,3.53,2.22,0.30,,-1.30,-8.50,2,-0.10,0,,,,,,,1.50,2.10,,1.40,1.10,0.30,0.26,,,,,,,,2.50,1.60,1.70,0.30,0.60,,,,,3,,0.50,0.70,2.60,3.10,2.90,,,1.80,,,-0.20,,,3.30,3.40,3.50,3.80,2.70,1.10,
2008-12-20 06:30,1.70,2.25,0,1.59,-1.50,1.11,1.43,1.80,-2.05,0.33,-0.58,0.02,-3.04,-0.25,-0.47,-0.99,-1.67,-4.68,-0.50,-1.80,-3.25,-3.34,-0.37,,1.94,1.67,1.83,-0.18,1.47,0,0.47,1.85,-4.55,0.19,0.51,0.52,1.20,0.78,-1.83,0.34,-5.80,-6.54,-4.71,1.23,-0.90,0.63,0.50,0.42,0.80,0.65,0.49,0.55,0.32,0.51,-0.48,0.13,0.08,0.30,-0.02,0.35,,0,-0.75,-4.11,-0.54,-2.28,1.89,0.93,-0.40,-2.79,0.26,0.81,1.25,-0.29,1.04,1.85,2.10,0.12,1.10,2.57,1.62,1.75,1.64,0.54,2.25,1.06,1.63,2.10,2.16,1.73,0.06,1.17,1.16,1,0.42,0.85,0.03,0.43,-0.11,0.70,0.16,0.58,2.78,1.75,2.91,1.80,2.89,2.50,1.81,1.83,1.63,-0.14,2.75,2.78,2.91,2.32,2,2.10,0.43,0.71,0,0.14,-0.48,-0.48,2.69,3.29,3.80,2.54,3.16,2.33,0.30,,-1.30,-8.50,1.90,-0.10,0,,,,,,,1.50,2,,1.30,1.10,0.30,0.36,,,,,,,,2.40,1.70,1.70,0.30,0.60,,,,,2.90,,0.50,0.70,2.60,2.90,2.90,,,1.90,,,-0.20,,,3.30,3.20,3.50,3.80,2.70,1.30,
2008-12-20 06:40,1.90,2.10,-0.03,1.56,-1.50,1.15,1.39,1.80,-2.06,0.24,-0.52,0.01,-3.01,-0.42,-0.48,-0.95,-1.62,-4.77,-0.60,-1.80,-3.42,-3.65,-0.46,,1.97,1.67,1.82,-0.21,1.55,0,0.56,2.03,-4.59,0.28,0.42,0.41,1.29,0.73,-1.96,0.47,-5.90,-6.61,-4.68,1.15,-0.90,0.60,0.50,0.32,0.77,0.64,0.53,0.46,0.24,0.57,-0.42,0.09,0.11,0.30,-0.06,0.36,,-0.10,-0.71,-4.09,-0.50,-2.23,2,0.92,-0.40,-2.87,0.49,0.58,1.34,-0.48,1.17,1.90,2.10,0.17,0.80,2.36,1.54,1.60,1.69,0.57,2.02,1.21,1.66,2.10,2.23,1.67,0.01,1.23,1.14,1,0.31,0.90,0.01,0.45,-0.03,0.66,0.23,0.56,2.92,1.81,2.80,1.46,2.84,2.60,1.90,1.85,1.65,-0.11,2.74,2.80,2.84,2.38,2,2.06,0.57,0.75,0,0.12,-0.37,-0.40,2.42,3.27,3.80,2.56,3.21,2.18,0.30,,-1.40,-8.60,2,-0.10,0,,,,,,,1.40,1.70,,1.30,1.20,0.40,0.32,,,,,,,,2.30,1.70,1.70,0.30,0.60,,,,,2.90,,0.50,0.80,2.60,2.70,2.80,,,1.90,,,-0.10,,,3.30,3.30,3.40,3.80,2.60,1.50,
2008-12-20 06:50,1.90,2.12,0,1.55,-1.50,1.19,1.34,1.80,-2.06,0.22,-0.52,0.07,-3.03,-0.31,-0.50,-1.03,-1.69,-5.02,-0.60,-1.83,-3.57,-3.39,-0.46,,2.02,1.65,1.87,-0.32,1.49,0,0.61,2.04,-4.46,0.21,0.42,0.31,1.34,0.64,-1.90,0.37,-5.90,-6.76,-4.58,1.12,-1,0.57,0.50,0.32,0.67,0.69,0.64,0.68,0.37,0.56,-0.39,0.09,0.11,0.30,0.01,0.35,,-0.10,-0.61,-4.09,-0.46,-2.15,1.92,0.90,-0.60,-2.95,0.24,0.56,1.54,-0.52,1.13,1.57,2.30,0.35,0.50,2.40,1.54,1.60,1.62,0.62,2.18,1.24,1.55,2.10,2.14,1.85,-0.11,1.28,1.10,1,0.51,0.88,0.01,0.44,-0.09,0.65,0.25,0.56,3.12,1.57,2.82,1.44,2.73,2.60,1.88,1.85,1.67,-0.12,2.69,2.73,2.92,2.29,2,1.96,0.58,0.80,0,0.14,-0.41,-0.31,2.54,3.21,3.80,2.60,3.25,2.22,0.40,,-1.40,-8.60,1.90,-0.10,0,,,,,,,1.40,1.70,,1.30,,0.40,0.34,,,,,,,,2.30,1.80,1.80,0.30,0.60,,,,,2.90,,0.60,0.80,2.60,2.60,2.70,,,1.80,,,-0.10,,,3.30,3.30,3.40,3.70,2.60,1.80,
2008-12-20 07:00,1.90,1.92,0.06,1.48,-1.50,1.07,1.38,1.80,-2.12,0.31,-0.53,0.13,-3.06,-0.34,-0.56,-1.13,-1.68,-4.78,-0.60,-1.99,-3.59,-3.90,-0.50,,2.07,1.54,1.78,-0.32,1.50,0,0.60,2.11,-4.47,0.23,0.53,0.34,1.34,0.72,-2.02,0.12,-6,-6.70,-4.57,1.09,-0.90,0.66,0.50,0.28,0.50,0.73,0.57,0.92,0.38,0.52,-0.44,0.02,0.12,0.40,0.01,0.36,,-0.10,-0.59,-4.05,-0.44,-2.16,1.94,0.88,-0.60,-2.97,0.83,0.72,1.77,-0.63,1.24,1.69,2.60,0.72,0.20,2.59,1.56,1.40,1.73,0.47,2.16,1.22,1.37,2.20,2.19,1.97,-0.12,1.30,1.30,1,0.47,0.94,-0.06,0.49,-0.02,0.62,0.26,0.64,3.15,1.87,2.69,1.33,2.83,2.60,1.93,1.87,1.72,-0.09,2.66,2.78,2.96,2.36,2,1.88,0.62,0.79,0,0.21,-0.36,-0.32,2.51,3.23,3.90,2.55,3.32,2.22,0.40,1.40,-1.50,-8.70,2.10,-0.10,0,,2.30,-7.50,1.50,1.70,0.80,1.40,1.50,1.30,1.20,1.50,0.40,0.40,0.30,2.20,3.50,2.90,1.90,3,2.20,2.30,1.70,1.80,0.30,0.60,2.90,2.30,3,2.90,3,2.70,0.60,0.80,2.60,2.60,2.40,2.50,2.70,1.60,1.10,1.10,0,3,2.80,3.40,3.30,3.40,3.80,2.60,2,-0.20
2008-12-20 07:10,2,1.65,0.01,1.41,-1.52,1.20,1.36,2,-2.15,0.31,-0.58,0.13,-3.11,-0.37,-0.56,-1.25,-1.78,-4.96,-0.70,-1.98,-3.67,-3.64,-0.49,,2.09,1.54,1.72,-0.33,1.44,0.10,0.54,2.20,-4.54,0.30,0.60,0.32,1.29,0.77,-2.05,0.39,-6,-6.79,-4.63,1.20,-1,0.77,0.50,0.29,0.42,0.76,0.52,1.01,0.36,0.57,-0.30,0.02,0.19,0.50,0.26,0.38,,-0.10,-0.56,-4.08,-0.32,-2.20,1.93,0.88,-0.60,-2.83,1.03,0.65,2.04,-0.63,1.21,1.94,2.70,0.78,0.20,2.23,1.55,1.46,1.66,0.45,2.15,1.35,1.37,2.30,2.26,2.10,-0.24,1.29,1.30,1,0.31,1.13,0.03,0.57,0.06,0.61,0.26,0.55,3.10,2,2.79,1.23,2.96,2.50,2,1.77,1.77,-0.12,2.57,2.84,2.94,2.28,1.90,1.94,0.69,1.01,0.10,0.25,-0.34,-0.32,2.57,3.32,3.90,2.54,3.15,2.05,0.40,,-1.50,-8.70,2.10,0,0,,,,,,,1.40,1.50,,1.20,1.50,0.40,0.50,,,,,,,,2.30,1.60,1.80,0.30,0.60,,,,,3,,0.80,0.80,2.60,2.60,2.40,,,1.70,,,0,,,3.50,3.30,3.40,3.90,2.60,2,
2008-12-20 07:20,2,2.03,0.08,1.34,-1.45,1.03,1.33,2.10,-2.11,0.36,-0.55,0.19,-3.14,-0.37,-0.55,-1.32,-1.70,-4.77,-0.60,-1.88,-3.52,-3.95,-0.54,,1.97,1.66,1.82,-0.27,1.39,0.10,0.52,2.12,-4.60,0.36,0.42,0.33,1.27,0.69,-2.05,0.56,-6.10,-6.71,-4.72,1.19,-1,0.88,0.40,0.27,0.57,0.76,0.53,1.14,0.37,0.60,-0.33,0.07,0.20,0.50,0.32,0.32,,-0.10,-0.53,-4.08,-0.27,-2.18,1.94,0.78,-0.50,-2.80,1.16,0.38,2.04,-0.57,1.21,2.40,2.90,0.94,0.69,2.44,1.54,1.38,1.59,0.32,2.16,1.31,1.40,2.30,2.24,1.93,-0.33,1.34,1.35,1.10,0.49,1.10,0.08,0.57,-0.04,0.65,0.23,0.44,3.10,2.01,2.81,1.27,3.10,2.50,1.94,1.69,1.83,-0.08,2.65,2.66,2.87,2.21,1.90,1.91,0.71,1.07,0.10,0.17,-0.28,-0.08,2.70,3.36,3.90,2.49,3.03,1.98,0.60,,-1.50,-8.70,2,0,0,,,,,,,1.40,1.40,,1.20,1.60,0.50,0.54,,,,,,,,2.50,1.70,1.90,0.30,0.60,,,,,3.10,,0.90,0.80,2.70,2.50,2.30,,,1.60,,,0.10,,,3.50,3.30,3.50,3.90,2.60,2.10,
2008-12-20 07:30,2.10,2.36,0.09,1.44,-1.53,1.04,1.42,2.10,-2.17,0.35,-0.65,0.23,-3.21,-0.31,-0.54,-1.23,-1.74,-5.05,-0.60,-1.86,-3.52,-3.65,-0.51,,1.87,1.77,2.11,-0.29,1.41,0,0.57,2.09,-4.63,0.39,0.49,0.36,1.31,0.67,-2.08,0.82,-6.20,-6.62,-4.73,1.10,-1.10,0.96,0.50,0.31,0.71,0.75,0.40,1.01,0.32,0.60,-0.26,0.13,0.32,0.60,0.23,0.44,,0,-0.54,-4.12,-0.41,-2.16,1.76,0.80,-0.60,-2.93,1.38,0.59,2.12,-0.71,1.07,2.65,3,1.23,0.90,2.34,1.52,1.57,1.54,0.43,2.18,1.27,1.30,2.20,2.17,1.85,-0.39,1.36,1.41,1.20,0.54,1.17,0.14,0.75,-0.05,0.63,0.34,0.35,3.15,1.89,2.71,1.34,3.28,2.60,1.88,1.59,1.86,-0.10,2.62,2.57,2.72,2.19,1.90,1.76,0.70,1.06,0.10,0.25,-0.30,0.10,2.60,3.32,3.90,2.32,2.98,2.11,0.60,,-1.60,-8.80,2.20,0,0,,,,,,,1.30,1.50,,1.30,1.70,0.80,0.48,,,,,,,,2.50,1.70,1.90,0.40,0.50,,,,,2.80,,0.90,0.90,2.70,2.60,2.20,,,1.40,,,0.10,,,3.50,3.30,3.50,3.90,2.60,2,
2008-12-20 07:40,2.20,2.43,0.18,1.50,-1.50,1.25,1.41,2.10,-2.11,0.39,-0.70,0.22,-3.14,-0.30,-0.56,-1.15,-1.79,-4.93,-0.60,-1.86,-3.55,-3.90,-0.38,,2.08,1.80,2.07,-0.29,1.46,0,0.59,2.05,-4.77,0.36,0.58,0.34,1.25,0.63,-2.13,0.75,-6.30,-6.77,-4.58,1.08,-1.10,0.98,0.60,0.37,0.57,0.65,0.46,1.10,0.29,0.62,-0.32,0.11,0.41,0.70,0.29,0.44,,0,-0.45,-4.04,-0.37,-2.16,1.53,0.70,-0.60,-2.84,1.47,0.73,2.43,-0.63,0.97,2.44,2.90,1.16,0.83,2.52,1.71,1.66,1.63,0.44,2.22,1.14,1.42,2.20,2.24,1.85,-0.47,1.35,1.43,1.30,0.62,1.16,0.11,0.74,-0.03,0.59,0.24,0.27,3.24,2.20,2.63,1.58,3.25,2.70,1.82,1.66,1.83,-0.12,2.66,2.76,2.62,2.17,1.90,1.68,0.73,1.06,0.10,0.42,-0.16,0.05,2.48,3.58,4,2.41,3.01,2.08,0.60,,-1.50,-8.80,2.30,0,0,,,,,,,1.40,1.60,,1.40,1.80,0.90,0.48,,,,,,,,2.50,1.70,1.80,0.40,0.50,,,,,2.90,,1,0.90,2.90,2.60,2.20,,,1.60,,,0.10,,,3.40,3.40,3.50,3.80,2.60,2.10,
2008-12-20 07:50,2.20,2.44,0.31,1.52,-1.52,1.08,1.51,2,-2.12,0.39,-0.62,0.24,-3.18,-0.31,-0.58,-1.13,-1.79,-5.06,-0.50,-1.67,-3.49,-3.95,-0.32,,1.96,1.79,2.09,-0.24,1.53,0,0.51,2.16,-4.72,0.15,0.59,0.42,1.28,0.65,-2.16,0.55,-6.30,-6.81,-4.57,1.02,-1.10,0.81,0.60,0.42,0.54,0.70,0.36,1.25,0.34,0.69,-0.35,0,0.44,0.70,0.32,0.56,,0.10,-0.38,-3.94,-0.40,-2.07,1.56,0.72,-0.70,-2.81,1.25,0.82,2.52,-0.65,0.89,2.87,3,1.31,0.73,2.38,1.69,1.72,1.61,0.31,2.30,1.13,1.42,2.10,2.28,1.77,-0.39,1.42,1.39,1.30,0.70,1.35,0.10,0.72,-0.01,0.66,0.34,0.37,3.18,2.30,2.58,1.61,3.26,2.80,1.81,1.83,1.83,0,2.87,2.64,2.66,2.10,2,1.71,0.80,1.01,0.20,0.48,-0.17,0.21,2.32,3.47,4,2.36,3.05,2.07,0.60,,-1.50,-8.80,2.30,0,0,,,,,,,1.60,1.60,,1.30,1.80,0.80,0.57,,,,,,,,2.50,1.90,1.90,0.50,0.40,,,,,2.80,,0.90,0.90,3,2.60,2.10,,,1.60,,,0.10,,,3.40,3.40,3.60,3.90,2.60,2.10,
2008-12-20 08:00,2.20,2.47,0.30,1.60,-1.39,1.06,1.52,1.90,-2.13,0.45,-0.60,0.07,-3.24,-0.37,-0.53,-1.09,-1.80,-4.76,-0.50,-1.76,-3.47,-3.72,-0.33,,1.98,1.83,2.07,-0.36,1.58,0.10,0.58,2.36,-4.67,0.11,0.58,0.53,1.44,0.80,-2.20,0.63,-6.30,-6.85,-4.60,1.05,-1.10,0.94,0.60,0.38,0.63,0.72,0.40,1.21,0.38,0.73,-0.25,0.06,0.56,0.80,0.27,0.71,0.16,0.10,-0.21,-3.97,-0.41,-2,1.69,0.55,-0.60,-2.83,1.27,0.74,2.53,-0.49,1.09,2.86,3.20,1.57,0.76,2.31,1.85,1.67,1.72,0.33,2.35,1.16,1.36,2.20,2.42,1.94,-0.28,1.42,1.34,1.40,0.62,1.46,0.24,0.71,0.03,0.71,0.30,0.55,3,2.28,2.65,1.51,3.18,2.80,1.95,1.92,1.77,0.04,2.99,2.69,2.66,2.14,2,1.83,0.88,0.96,0.20,0.48,-0.18,0.30,2.15,3.46,4,2.32,3.05,1.95,0.80,1.60,-1.40,-8.80,2.20,0,0,0.60,2.40,-7.10,1.60,2,1.60,1.70,1.90,1.30,1.30,1.80,0.90,0.60,0.60,1.40,4,3.10,2.50,2.70,2.20,2.40,1.90,1.90,0.50,0.50,2.90,2.10,2.80,2.90,2.80,2.60,1,1,3.10,2.80,1.90,2.10,2.50,1.30,1.50,1.30,0.10,3.40,2.60,3.30,3.40,3.60,4,2.60,2.20,-0.10
2008-12-20 08:10,2.20,2.50,0.30,1.61,-1.40,1.26,1.71,2.10,-2.24,0.55,-0.61,0.27,-3.31,-0.51,-0.58,-0.80,-1.82,-4.85,-0.50,-1.82,-3.34,-3.79,-0.31,,2.02,1.79,2.06,-0.46,1.69,0.10,0.63,2.44,-4.70,0.25,0.68,0.48,1.36,0.79,-2.26,0.83,-6.20,-6.83,-4.68,1.12,-1,0.99,0.60,0.52,0.69,0.75,0.53,1.25,0.47,0.67,-0.23,0.12,0.66,0.80,0.36,0.80,0.25,0.20,-0.13,-3.97,-0.34,-1.94,1.89,0.69,-0.50,-2.78,1.37,0.54,2.56,-0.41,1,3.03,3.20,1.60,0.90,2.40,1.79,1.30,1.75,0.43,2.25,1.16,1.40,2.30,2.48,2.01,-0.30,1.43,1.34,1.50,0.64,1.50,0.32,0.68,0.10,0.74,0.48,0.65,2.78,2.35,2.64,1.49,3.20,2.80,1.85,2.05,1.92,0.08,3.21,2.60,2.85,2.18,1.90,1.92,0.88,1.12,0.20,0.52,-0.04,0.22,2.12,3.36,4.20,2.32,3.10,1.99,0.80,,-1.50,-8.80,2.10,0,0,,,,,,,1.80,2,,1.30,1.80,1,0.55,,,,,,,,2.50,1.90,1.80,0.60,0.50,,,,,2.80,,1.10,1,3.10,2.80,1.80,,,1.30,,,0.20,,,3.10,3.40,3.40,4,2.60,2.10,
2008-12-20 08:20,2.20,2.51,0.20,1.44,-1.30,1.29,1.87,2.30,-2.23,0.57,-0.43,0.37,-3.39,-0.38,-0.51,-0.88,-1.79,-5.18,-0.40,-1.82,-3.38,-3.83,-0.29,,2.03,1.88,2.09,-0.50,1.73,0.20,0.54,2.49,-4.71,0.10,0.62,0.46,1.33,0.59,-2.19,0.69,-6.10,-6.64,-4.59,0.95,-1,0.99,0.70,0.47,0.91,0.82,0.48,1.21,0.63,0.64,-0.18,0.11,0.85,0.80,0.56,0.91,0.32,0.20,-0.11,-3.90,-0.15,-1.99,1.90,0.78,-0.50,-2.86,1.54,0.50,2.56,-0.49,0.98,3.13,3.20,1.63,1,2.37,1.70,1.30,1.74,0.53,2.30,1.24,1.55,2.40,2.75,1.96,-0.42,1.51,1.38,1.50,0.91,1.45,0.38,0.67,0.20,0.85,0.47,0.73,2.48,2.49,2.61,1.50,3.14,2.90,1.85,2.23,1.89,0.11,3.16,2.58,2.92,2.19,1.90,1.82,0.88,1.37,0.30,0.51,-0.16,0.10,2.06,3.38,4.20,2.47,2.91,1.97,0.90,,-1.40,-8.80,2.10,0.10,0,,,,,,,2,2,,1.40,2,1,0.44,,,,,,,,2.60,1.90,1.80,0.60,0.50,,,,,2.80,,1.10,1,3.20,2.90,1.80,,,1.30,,,0.20,,,3,3.40,3.40,4,2.60,2.20,
2008-12-20 08:30,2.20,2.58,0.17,1.46,-1.30,1.19,2.17,2.20,-2.23,0.70,-0.55,0.28,-3.41,-0.38,-0.38,-0.92,-1.70,-5.06,-0.30,-1.77,-3.43,-3.68,-0.32,,2.01,2,2.16,-0.41,1.72,0.20,0.66,2.51,-4.74,0.17,0.52,0.52,1.38,0.63,-2.14,0.56,-6.10,-6.51,-4.67,0.98,-1,1.12,0.70,0.57,0.84,0.74,0.42,1.08,0.72,0.69,-0.20,0.12,0.90,0.80,0.66,0.96,0.37,0.30,-0.05,-4.01,0.10,-1.93,1.75,0.98,-0.50,-2.83,1.63,0.71,2.68,-0.55,1.01,2.99,3.20,1.55,1,2.23,1.68,1.30,1.92,0.56,2.48,1.50,1.61,2.60,2.61,2.02,-0.51,1.64,1.40,1.40,0.90,1.47,0.33,0.77,0.17,0.85,0.51,0.77,2.33,2.74,2.67,1.59,3.13,3,1.89,2.27,1.92,0.01,3.29,2.82,2.97,2.15,1.90,1.92,0.84,1.38,0.40,0.53,-0.03,0,1.84,3.27,4.10,2.49,3.14,2.19,0.90,,-1.40,-8.70,2.10,0.10,0.10,,,,,,,1.80,2,,1.40,2,1.30,0.48,,,,,,,,2.70,2,1.80,0.60,0.60,,,,,2.80,,1.20,1,3.20,2.90,1.80,,,1.30,,,0.20,,,2.90,3.50,3.30,4,2.60,2.30,
2008-12-20 08:40,2.30,2.60,0.14,1.44,-1.30,1.28,2.27,2.20,-2.27,0.79,-0.43,0.21,-3.44,-0.28,-0.23,-1.02,-1.73,-5.42,-0.20,-1.81,-3.37,-3.69,-0.22,,1.98,2.04,2.19,-0.45,1.71,0.20,0.62,2.54,-4.70,0.18,0.42,0.34,1.47,0.58,-2.16,0.60,-6.10,-6.60,-4.57,1.07,-1,1.12,0.70,0.55,0.68,0.78,0.44,1.06,0.67,0.70,-0.24,0.05,0.82,0.80,0.74,1.04,0.45,0.30,-0.02,-3.88,0.29,-1.89,2.02,1.21,-0.50,-2.76,1.44,0.89,2.78,-0.46,1.12,3.06,3.10,1.44,1,2.45,1.69,1.30,2.02,0.53,2.56,1.60,1.77,2.50,2.72,1.98,-0.43,1.72,1.49,1.40,0.84,1.74,0.25,0.79,0.24,0.91,0.59,0.83,2.33,2.73,2.74,1.75,3.12,3,1.91,2.32,1.94,0.09,3.39,2.86,3.02,2.19,2,1.92,0.83,1.51,0.50,0.60,0.05,0.16,1.99,3.13,4.20,2.57,3.09,2.09,1.10,,-1.40,-8.70,2.20,0.10,0.10,,,,,,,1.90,1.90,,1.40,2,1.30,0.53,,,,,,,,2.70,2,1.90,0.70,0.70,,,,,2.80,,1.20,1.10,3.30,3,1.80,,,1.30,,,0.20,,,2.80,3.40,3.20,4,2.60,2.30,
2008-12-20 08:50,2.40,2.70,0.17,1.42,-1.30,1.48,2.21,2.30,-2.27,0.86,-0.41,0.14,-3.30,-0.27,-0.21,-0.93,-1.85,-5.23,-0.10,-1.77,-3.42,-3.73,-0.19,,2.09,2.09,2.17,-0.48,1.82,0.20,0.63,2.44,-4.61,0.18,0.40,0.28,1.49,0.60,-2.13,0.73,-6,-6.58,-4.41,1.16,-0.90,1.17,0.70,0.46,0.66,0.74,0.55,1.15,0.68,0.74,-0.29,0.12,0.92,0.90,0.78,1.10,0.35,0.40,-0.07,-3.81,0.33,-1.79,1.91,1.35,-0.50,-2.67,1.84,0.96,3,-0.34,1.19,3.24,3.10,1.64,1.10,2.25,1.75,1.30,2.13,0.53,2.58,1.53,1.87,2.40,2.78,2.16,-0.35,1.79,1.57,1.30,1.06,1.84,0.27,0.73,0.26,0.94,0.67,0.97,2.69,2.81,2.75,1.92,3.09,3,1.88,2.21,1.94,0.11,3.56,2.91,3.04,2.13,2,1.97,0.80,1.61,0.60,0.71,0.08,0.15,1.97,2.97,3.90,2.69,2.99,2.08,1.20,,-1.40,-8.70,2.20,0.10,0.10,,,,,,,1.90,1.90,,1.40,2.10,1.10,0.63,,,,,,,,2.90,2,2,0.70,0.80,,,,,2.80,,1.40,1.10,3.30,3.10,1.90,,,1.40,,,0.30,,,2.90,3.10,3,4.10,2.60,2.40,
2008-12-20 09:00,2.40,2.73,0.20,1.48,-1.20,1.65,2.20,2.30,-2.14,0.99,-0.26,0.13,-3.25,-0.18,-0.20,-0.77,-1.82,-5.20,0,-1.79,-3.44,-3.69,-0.29,,2.34,2.19,2.12,-0.62,1.73,0.20,0.64,2.52,-4.75,0.10,0.39,0.33,1.58,0.75,-2.11,0.66,-5.90,-6.42,-4.15,0.99,-0.90,1.15,0.70,0.50,0.46,0.74,0.32,1.18,0.67,0.73,-0.24,0.19,0.84,1,0.79,1.07,0.24,0.50,-0.13,-3.88,0.41,-1.78,1.94,1.34,-0.50,-2.63,1.95,0.70,3.02,-0.31,1.32,3.26,3.30,1.91,1.20,2.42,1.86,1.30,2.17,0.59,2.64,1.62,1.85,2.50,2.81,2.31,-0.29,1.80,1.59,1.30,0.94,1.77,0.43,0.71,0.27,0.89,0.71,0.90,2.88,2.39,2.89,2.01,3.07,3,1.94,2.22,2.04,0.17,3.73,2.97,3.01,2.14,2.10,2.04,0.69,1.62,0.70,0.81,0.12,0.10,1.87,3.06,3.90,2.72,2.83,2.22,1.30,1.60,-1.30,-8.60,2.30,0.10,0.10,0.80,2.20,-6.40,1.70,2.40,2.10,1.80,1.90,1.60,1.50,2.10,1.10,0.80,0.90,1.70,3,2.40,3.40,2.80,2.30,2.90,2.20,2,0.70,0.90,3.10,2.20,2.60,3,3,2.90,1.40,1.10,3.70,3.30,2.10,1.80,2,1.30,1.70,,0.30,2.40,2.20,2.90,2.80,2.80,4.10,2.60,2.10,0.20
2008-12-20 09:10,2.50,2.76,0.36,1.60,-1.20,1.60,2.30,2.30,-2.10,1.03,-0.30,0.12,-3.26,-0.05,-0.03,-0.69,-1.71,-5.20,0,-1.73,-3.25,-3.70,-0.21,,2.31,2.27,2.20,-0.64,1.72,0.20,0.66,2.44,-4.72,0.06,0.33,0.26,1.61,0.77,-2.07,0.61,-5.70,-6.21,-4.05,1.02,-0.90,1.20,0.70,0.57,0.48,0.77,0.36,1.18,0.70,0.73,-0.24,0.15,0.84,0.90,0.69,1.03,0.39,0.40,-0.22,-3.95,0.36,-1.81,2.04,1.40,-0.20,-2.64,2.17,0.67,2.94,-0.33,1.34,3.26,3.40,2.06,1.31,2.36,1.84,1.56,2.43,0.64,2.65,1.54,1.76,2.80,2.84,2.54,-0.49,1.70,1.70,1.30,0.95,1.92,0.34,0.71,0.21,0.95,0.70,0.85,3.02,2.24,2.78,2.09,3.09,3.10,1.99,2.23,2.15,0.15,3.87,2.74,2.92,2.21,2.20,2.06,0.76,1.55,0.80,0.62,0.14,0.19,1.81,3.13,3.70,2.77,2.70,2.21,1.30,,-1.30,-8.50,2.30,0.20,0.10,,,,,,,1.70,1.90,,1.60,2.20,1.20,0.79,,,,,,,,2.80,2.30,2.20,0.80,0.90,,,,,3,,1.40,1.10,3.70,3.40,2.20,,,1.30,,,0.30,,,2.90,2.60,2.60,4.10,2.60,2.20,
2008-12-20 09:20,2.40,2.77,0.40,1.65,-1.20,1.46,2.32,2.30,-2.07,1.18,-0.27,0.07,-3.23,-0.10,-0.01,-0.76,-1.65,-5.29,0,-1.53,-3.09,-3.56,-0.14,,2.27,2.31,2.24,-0.68,1.81,0.20,0.79,2.42,-4.77,0.01,0.25,0.19,1.52,0.75,-2.09,0.82,-5.50,-6.01,-3.96,1.15,-0.80,1.32,0.70,0.59,0.51,0.73,0.51,1.23,0.71,0.77,-0.21,0.08,0.93,1,0.72,1.03,0.34,0.50,-0.13,-3.98,0.35,-1.78,2.17,1.45,-0.10,-2.65,2.31,0.66,2.81,-0.27,1.32,3.27,3.50,2.22,1.46,2.59,1.84,1.65,2.38,0.68,2.86,1.31,1.77,2.70,3,2.69,-0.57,1.74,1.66,1.50,1,2.02,0.37,0.82,0.18,0.98,0.73,0.92,3.23,1.94,2.73,2.27,3.11,3.10,2.21,2.18,2.21,0.18,3.89,2.69,2.85,2.15,2.30,2.01,0.94,1.60,0.90,0.71,0.11,0.19,1.95,3.18,3.60,2.72,2.74,2.09,1.30,,-1.10,-8.40,2.40,0.20,0.10,,,,,,,1.60,1.80,,1.70,2.20,1.20,0.81,,,,,,,,2.90,2.30,2.30,0.80,1,,,,,3,,1.40,1.10,3.90,3.50,2.30,,,1.30,,,0.40,,,2.90,2.60,2.50,3.90,2.60,2.20,
2008-12-20 09:30,2.40,2.70,0.32,1.65,-1.20,1.80,2.24,2.40,-2.10,1.42,-0.33,0.12,-3.32,-0.07,0.08,-0.70,-1.64,-5.39,0,-1.58,-3.07,-3.40,-0.07,,2.25,2.32,2.17,-0.62,1.87,0.20,0.75,2.55,-4.79,0.05,0.34,0.24,1.31,0.79,-2.05,0.60,-5.50,-5.92,-3.74,1.27,-0.60,1.38,0.80,0.52,0.72,0.70,0.60,1.19,0.71,0.75,-0.18,0.04,0.82,1.10,0.88,1.05,0.27,0.40,-0.09,-4.02,0.36,-1.78,2.36,1.58,0,-2.49,2.31,0.34,2.73,-0.34,1.28,3.44,3.50,2.32,1.62,2.57,1.87,1.80,2.58,0.63,2.99,1.70,1.70,2.70,2.99,2.57,-0.48,1.77,1.74,1.70,1,2.04,0.36,0.87,0.25,0.99,0.61,0.90,3.33,1.61,2.64,2.50,3.14,3.20,2.53,2.19,2.18,0.20,4.04,2.39,2.88,2.14,2.40,2.03,1.03,1.68,0.90,0.79,0.21,0.15,1.92,3.15,3.50,2.78,2.86,2.22,1.30,,-1,-8.20,2.40,0.30,0.10,,,,,,,1.60,1.80,,1.70,2.30,1.30,0.77,,,,,,,,3,2.30,2.30,0.80,1,,,,,2.90,,1.40,1.10,4,3.60,2.40,,,1.20,,,0.40,,,3,2.60,2.60,3.90,2.70,2.30,
2008-12-20 09:40,2.40,2.64,0.18,1.81,-1.20,2.05,2.22,2.50,-2.10,1.49,-0.36,0.19,-3.37,-0.08,0.24,-0.59,-1.70,-5.01,0,-1.48,-3.27,-3.86,0.01,,2.17,2.51,2.11,-0.65,1.89,0.20,0.75,2.81,-4.74,0.08,0.41,0.36,1.52,0.79,-1.89,0.81,-5.40,-6.12,-3.68,1.30,-0.60,1.33,0.90,0.60,0.88,0.74,0.72,1.28,0.74,0.72,-0.13,0.10,0.86,1.10,0.98,0.98,0.27,0.50,-0.13,-3.98,0.36,-1.79,2.29,1.53,-0.10,-2.60,2.39,0.16,2.72,-0.24,1.19,3.59,3.60,2.40,1.74,2.60,2.01,1.85,2.57,0.82,3.13,1.66,1.73,2.70,2.93,2.46,-0.47,1.97,1.66,1.80,1.16,1.98,0.49,0.77,0.34,1,0.58,0.99,3.29,1.47,2.62,2.70,3.13,3.20,2.48,2.17,2.33,0.19,4.10,2.26,2.75,2.20,2.40,2.04,1.07,1.57,1,0.79,0.26,0.39,1.83,3.05,3.30,2.77,3.06,2.25,1.30,,-1.10,-8.10,2.50,0.40,0.10,,,,,,,1.60,1.80,,1.70,2.30,1.30,0.78,,,,,,,,2.90,2.50,2.20,0.80,1,,,,,2.90,,1.40,1.10,4.10,3.90,2.50,,,1.30,,,0.40,,,2.90,2.60,2.70,3.80,2.80,2.20,
2008-12-20 09:50,2.40,2.68,0.19,1.78,-1.20,2.10,2.32,2.40,-2.07,1.57,-0.45,0.31,-3.47,0.01,0.06,-0.61,-1.65,-4.84,0.10,-1.51,-3.27,-3.97,0.02,,2.18,2.63,2.09,-0.63,2,0.20,0.77,2.94,-4.74,0.04,0.42,0.33,1.39,0.73,-1.80,0.65,-5,-6.13,-3.80,1.42,-0.50,1.42,1,0.64,0.81,0.64,0.67,1.31,0.74,0.80,-0.10,0.15,0.88,0.90,1,1.01,0.30,0.40,-0.11,-3.94,0.26,-1.73,2.35,1.40,-0.20,-2.55,2.58,0.20,2.77,-0.25,1.22,3.74,3.50,2.48,1.81,2.66,2.01,1.50,2.62,0.74,3.13,1.55,1.77,2.80,2.94,2.68,-0.56,2.01,1.72,1.90,1.42,2.03,0.48,0.82,0.36,1.12,0.64,0.80,3.22,1.45,2.62,2.66,3.12,3.20,2.48,2.21,2.23,0.25,4.19,2.10,2.58,2.32,2.40,2.22,1.07,1.76,1,0.71,0.41,0.28,1.90,2.99,3.20,2.85,3.22,2,1.40,,-1.10,-8,2.60,0.50,0.10,,,,,,,1.80,1.80,,1.70,2.40,1.40,0.85,,,,,,,,2.90,2.50,2.60,0.80,1,,,,,3,,1.40,1.10,4.20,4,2.70,,,1.50,,,0.40,,,2.90,2.60,2.70,3.60,2.80,2.30,
2008-12-20 10:00,2.50,2.71,0.15,1.77,-1.10,2.14,2.31,2.50,-2.04,1.60,-0.49,0.36,-3.46,0.04,0.12,-0.79,-1.67,-5.20,0.20,-1.34,-3.02,-3.69,0.08,,2.22,2.73,2.11,-0.71,2.07,0.30,0.81,2.92,-4.75,0.22,0.46,0.22,1.35,0.75,-1.81,0.88,-4.80,-5.96,-3.68,1.46,-0.40,1.42,1,0.68,1.14,0.78,0.64,1.42,0.83,0.89,-0.12,0.21,0.78,1,1.04,1.04,0.28,0.50,-0.12,-4,0.10,-1.80,2.40,1.22,-0.20,-2.53,2.63,0.32,2.80,-0.17,1.18,3.42,3.40,2.76,2.03,2.84,2.04,1.40,2.54,0.71,3.13,1.46,1.92,2.80,3.02,2.80,-0.59,2.08,1.84,2,1.49,2.02,0.55,0.84,0.29,1.20,0.63,0.70,3.31,1.46,2.65,2.70,3.23,3.20,2.22,2.27,2.24,0.17,4.34,1.93,2.33,2.42,2.30,2.21,1.09,1.96,1,0.95,0.36,0.43,1.73,2.87,3.20,2.91,2.99,2.09,1.40,1.60,-1,-7.90,2.70,0.60,0.10,0.70,3.70,-5.90,1.70,2.50,2.80,1.80,1.90,2,1.60,2.40,1.40,1,0.90,1.80,2.80,2.50,2.90,2.90,2.50,2.90,2.60,2.60,0.80,1,4,2.70,2.20,3.10,3,3.20,1.50,1.20,4.30,4.10,3,1.20,1.90,1.50,1.80,,0.40,3.20,2.40,2.60,2.70,2.80,3.20,2.90,2.20,0.40
2008-12-20 10:10,2.50,2.73,0.30,1.85,-1.27,2.19,2.13,2.50,-1.96,1.50,-0.45,0.38,-3.44,0.15,0.15,-0.76,-1.63,-4.91,0.20,-1.38,-2.87,-3.90,0.08,,2.22,2.85,2.16,-0.77,2.14,0.30,0.91,2.92,-4.72,0.06,0.41,0.21,1.41,0.92,-1.66,1.05,-5,-6.36,-3.61,1.56,-0.30,1.56,1.10,0.68,1.18,0.81,0.60,,0.78,0.94,-0.12,0.15,0.78,1,0.94,1.02,0.31,0.40,-0.21,-4.17,0.04,-1.79,2.32,1.19,-0.30,-2.47,2.60,0.54,2.75,-0.09,1.20,3.27,3.50,2.80,2.20,2.85,2.13,1.40,2.52,0.75,3.24,1.40,1.78,2.80,3.07,2.87,-0.35,2.13,2.01,2.10,1.58,2.16,0.51,0.83,0.38,1.23,0.75,0.86,3.37,1.61,2.50,2.87,3.19,3.40,2.23,2.51,2.24,0.24,4.42,1.97,2.19,2.52,2.20,2.14,1.10,1.67,1,1,0.52,0.16,1.45,2.76,3.20,2.94,3.18,2.21,1.40,,-1,-7.80,2.60,0.80,0.20,,,,,,,1.90,1.90,,1.60,2.60,1.60,0.98,,,,,,,,2.90,2.50,2.40,0.90,1.10,,,,,3,,1.50,1.20,4.30,4.10,3,,,1.50,,,0.40,,,2.40,2.70,2.80,3.20,2.90,2.20,
2008-12-20 10:20,2.60,2.76,0.32,1.78,-1.28,2.16,2.07,2.50,-2.13,1.47,-0.43,0.37,-3.44,0.09,0.17,-0.89,-1.49,-5.05,0.20,-1.39,-2.82,-3.85,0.11,,2.23,2.74,2.22,-0.74,2.20,0.40,0.91,2.89,-4.61,0.08,0.39,0.39,1.59,1.09,-1.80,1.09,-4.80,-5.32,-3.55,1.62,-0.40,1.57,1.10,0.82,1.20,0.79,0.57,,0.81,0.87,-0.14,0.11,0.77,1,0.84,0.98,0.29,0.50,-0.20,-4.14,0.12,-1.88,2.29,1.33,-0.30,-2.42,3.10,0.40,2.75,-0.02,1.34,3.22,3.60,2.85,2.30,2.72,2.25,1.50,2.58,0.89,3.33,1.36,1.74,3,3.12,3.15,-0.57,2.14,2.33,2.10,1.51,2.26,0.60,0.89,0.34,1.23,0.65,0.76,3.33,1.65,2.30,2.81,3.28,3.50,2.46,2.55,2.24,0.28,4.67,2.10,1.98,2.49,2,2.30,1.15,1.73,1.10,1.09,0.54,0.51,1.35,2.64,3.10,3,3.18,2.22,1.50,,-0.90,-7.80,2.60,0.80,0.30,,,,,,,2,1.90,,1.60,2.60,1.60,1.13,,,,,,,,2.90,2.60,2.60,0.90,1.10,,,,,3.10,,1.60,1.30,4.50,4.10,3.20,,,1.60,,,0.50,,,2.20,2.70,2.90,3.10,2.70,2.20,
2008-12-20 10:30,2.70,2.77,0.32,1.92,-1.39,2.10,2.03,2.60,-2.17,1.73,-0.49,0.43,-3.29,0.09,0.14,-0.93,-1.52,-5.21,0.30,-1.31,-2.70,-3.52,-0.01,,2.39,2.80,2.24,-0.80,2.21,0.50,0.83,3,-4.57,0.10,0.43,0.44,1.69,1.28,-1.79,1.02,-4.60,-4.44,-3.48,1.70,-0.40,1.54,1.10,0.88,1.05,0.74,0.57,,0.74,0.98,-0.12,0.26,0.79,1,0.83,0.92,0.33,0.40,-0.19,-4.22,0.21,-1.95,2.38,1.29,-0.30,-2.38,3.27,0.52,2.97,0.03,1.20,3.10,3.50,2.96,2.40,2.74,2.24,1.50,2.60,0.95,3.29,1.33,1.73,3.20,3.09,3.15,-0.51,2.15,2.17,2.30,1.60,2.22,0.55,1.03,0.39,1.30,0.59,0.50,3.33,1.83,2.20,2.66,3.36,3.50,2.34,2.43,2.41,0.29,4.81,2.12,2.12,2.43,1.70,2.31,1.08,1.50,1.10,1.08,0.54,0.37,1.48,2.67,3.20,3.04,3.06,2.20,1.50,,-0.80,-7.70,2.80,0.90,0.20,,,,,,,1.90,1.90,,1.60,2.60,1.60,1.26,,,,,,,,2.90,2.70,2.60,1,1.10,,,,,3.10,,1.90,1.40,4.70,4.20,3.50,,,1.60,,,0.50,,,2.30,2.80,2.80,3.20,2.50,2.20,
2008-12-20 10:40,2.70,2.85,0.25,1.89,-1.41,2.13,2.03,2.60,-2.12,1.83,-0.46,0.33,-3.14,0.18,-0.05,-0.87,-1.64,-5.16,0.20,-1.28,-2.72,-3.58,-0.09,,2.52,2.95,2.33,-0.82,2.15,0.50,0.83,3.14,-4.71,0.21,0.51,0.46,1.64,1.33,-1.78,0.94,-5.30,-4.51,-3.69,1.72,-0.30,1.69,1.30,0.87,1.08,0.71,0.69,,0.77,1.04,-0.05,0.19,0.77,1,0.65,0.95,0.35,0.30,-0.14,-4.40,0.24,-2.14,2.33,1.57,-0.20,-2.30,3.40,0.61,3.16,0.04,0.99,3.16,3.40,2.64,2.40,2.96,2.18,1.60,2.67,0.87,3.31,1.35,1.77,2.90,3.08,3.16,-0.51,2.10,1.90,2.30,1.74,2.12,0.38,1.09,0.44,1.39,0.61,0.56,3.27,1.76,1.98,2.54,3.32,3.50,2.18,2.44,2.60,0.31,4.72,2.11,2.22,2.46,1.40,2.33,1.09,1.45,1.20,1.08,0.58,0.24,1.46,2.63,3.10,3.02,3.02,2.27,1.40,,-0.90,-7.70,2.80,0.90,0.20,,,,,,,1.80,2,,1.60,2.60,1.60,1.22,,,,,,,,2.90,2.70,2.50,0.90,1.30,,,,,3.10,,1.70,1.40,4.90,4.40,3.60,,,1.60,,,0.50,,,2.30,2.90,2.80,3.20,2.40,2.10,
2008-12-20 10:50,2.80,2.93,0.15,1.88,-1.38,2.01,2.07,2.60,-2.13,1.75,-0.48,0.23,-3.04,0.14,0.04,-0.83,-1.61,-5.25,0.20,-1.23,-2.76,-3.63,0,,2.74,3.05,2.40,-0.80,2.19,0.60,0.94,3.11,-4.77,0.22,0.50,0.55,1.76,1.37,-1.84,0.88,-5.40,-4.96,-3.73,1.55,-0.20,1.66,1.60,0.94,1.16,0.76,0.70,,0.73,1.02,-0.12,0.09,0.70,1.10,0.67,0.94,0.22,0.30,-0.20,-4.39,0.14,-2.26,2.62,1.94,0,-2.29,3.58,0.46,3.17,0.08,0.85,3.18,3.50,2.71,2.60,2.62,2.16,1.60,2.52,0.75,3.29,1.33,1.86,2.80,3.23,3.22,-0.46,2.08,2.31,2.40,1.94,1.95,0.38,1.15,0.50,1.35,0.57,0.67,3.27,1.85,2.01,2.25,3.23,3.50,2.26,2.57,2.62,0.35,4.84,2.12,2.22,2.42,1.30,2.32,1.15,1.57,1.20,1.22,0.62,0.38,1.60,2.57,3.10,2.79,2.70,2.22,1.40,,-0.80,-7.80,2.90,1,0.10,,,,,,,1.80,1.90,,1.70,2.60,1.70,1.18,,,,,,,,2.90,2.70,2.50,1,1.30,,,,,3.10,,1.60,1.50,4.90,4.40,3.80,,,1.60,,,0.50,,,2.50,,2.80,3.20,2.10,2,
2008-12-20 11:00,2.80,2.86,0.15,1.86,-1.34,2.25,2.24,2.60,-2.04,1.87,-0.43,0.31,-3.04,0.21,0.09,-0.93,-1.78,-5.15,0.20,-1.20,-2.78,-3.43,-0.05,,2.97,3.11,2.44,-0.74,2.33,0.70,0.97,3.08,-4.62,0.28,0.59,0.48,2.05,1.30,-1.83,0.79,-5.30,-5.45,-3.78,1.56,0,1.73,1.30,0.99,0.94,0.90,0.79,,0.68,1.05,-0.18,0.22,0.76,1,0.70,0.83,0.23,0.30,-0.23,-4.35,0.09,-2.26,2.61,2.40,0.10,-2.39,3.47,0.42,3.23,0.02,1.11,3.14,3.40,2.83,2.70,3.05,2.11,1.60,2.77,0.76,3.41,1.42,2.01,2.70,3.43,3.24,-0.36,2.18,1.73,2.40,2.05,2.35,0.40,1.09,0.50,1.34,0.64,0.88,3.24,1.81,2.11,2.01,3.06,3.50,2.36,2.77,2.66,0.40,4.96,1.96,2.19,2.33,1.10,2.30,1.16,1.62,1.20,1.35,0.60,0.55,1.77,2.49,3.10,2.64,2.32,2.25,1.40,1.80,-0.80,-8.10,2.90,1.10,0.20,0.90,3.10,-5.20,1.80,2.90,3.20,1.80,1.90,2.10,1.70,2.70,1.70,1.20,1.10,2.70,4.80,3,3.10,2.40,2.70,2.90,2.70,2.60,1,1.40,4.70,3.30,2.40,2.20,3.10,3.50,1.60,1.50,5.10,4.50,4,1.70,2,1.70,1.70,,0.50,4.20,3.20,2.70,2.70,3,3.20,1.80,2.10,0.70
2008-12-20 11:10,2.80,2.80,0.27,1.89,-1.40,2.33,2.25,2.60,-2.14,1.81,-0.55,0.26,-2.95,0.37,-0.03,-0.96,-1.79,-5.11,0.20,-1.23,-2.70,-3.34,0.01,,2.94,3.13,2.49,-0.76,2.40,0.70,0.94,3.09,-4.73,0.28,0.67,0.43,2.06,1.34,-1.84,0.69,-5.80,-5.65,-3.79,1.70,0,1.73,1.30,1.09,1.09,0.97,0.76,,0.80,1.15,-0.19,0.19,0.71,1,0.59,0.81,0.43,0.30,-0.20,-4.45,0.07,-2.26,2.80,2.61,0.20,-2.27,3.18,0.51,3.32,0.02,1.37,3.33,3.40,2.87,2.70,2.97,2.17,1.77,2.68,0.68,3.55,1.52,2.10,2.80,3.43,3.29,-0.35,2.11,2.01,2.30,2.20,2.51,0.37,1.16,0.50,1.35,0.64,1.02,3.16,1.72,2.03,1.95,2.84,3.60,2.32,2.66,2.66,0.37,5.07,2.11,2.25,2.17,1,2.25,1.22,1.48,1.20,1.33,0.55,0.65,1.87,2.47,3.20,2.54,2.19,2.22,1.30,,-0.80,-8,2.90,1.20,0.30,,,,,,,1.70,2,,1.80,2.70,1.70,1.25,,,,,,,,2.90,2.70,2.60,1.20,1.40,,,,,3.10,,1.70,1.60,5.10,4.50,4.10,,,1.70,,,0.50,,,3,2.60,3,3.20,1.50,2,
2008-12-20 11:20,2.90,2.84,0.19,2,-1.40,2.35,2.12,2.50,-2.14,1.94,-0.50,0.29,-3.08,0.34,0.08,-0.93,-1.79,-5.16,0.30,-1.26,-2.63,-3.40,0.10,,2.85,3.18,2.36,-0.85,2.48,0.70,0.93,3.36,-4.74,0.17,0.73,0.45,1.94,1.36,-1.78,0.78,-5.90,-5.27,-3.61,1.79,-0.10,1.75,1.50,1.18,1.07,0.86,0.61,,0.83,1.24,-0.27,0.14,0.80,1,0.69,0.80,0.31,0.30,-0.10,-4.52,0.03,-2.35,2.89,2.87,0.50,-2.17,3.85,0.61,3.43,0.02,1.60,3.58,3.40,2.82,2.70,3.05,2.20,1.88,2.67,0.80,3.58,1.55,2.16,2.90,3.46,3.29,-0.47,2,2.15,2.40,2.32,2.66,0.40,1.38,0.53,1.17,0.63,1.06,3.22,1.91,1.99,1.92,2.56,3.60,2.55,2.71,2.69,0.41,5.25,2.09,2.32,1.87,1,2.02,1.28,1.45,1.20,1.35,0.53,0.66,1.87,2.52,3.20,2.30,2.22,2.22,1.30,,-0.70,-8,3,1.30,0.30,,,,,,,1.80,2,,1.70,3,1.70,1.38,,,,,,,,2.90,2.70,2.70,1.30,1.50,,,,,3.10,,1.70,1.60,5.20,4.70,,,,1.60,,,0.60,,,3.30,2.50,2.90,3.20,1.50,2,
2008-12-20 11:30,2.80,2.78,0.08,1.94,-1.40,2.25,2.04,2.50,-2.09,1.91,-0.52,0.40,-3.12,0.38,0.15,-1.07,-1.82,-5.20,0.20,-1.25,-2.47,-3.19,0.13,,2.88,3.30,2.41,-0.92,2.59,0.80,0.99,3.42,-4.65,0.24,0.85,0.43,1.97,1.36,-1.70,0.82,-5.30,-4.78,-3.39,1.95,0.20,1.80,1.70,1.21,1.23,1.10,0.52,,0.74,1.35,-0.29,0.05,0.84,1.20,0.61,0.74,0.24,0.20,-0.26,-4.51,-0.09,-2.45,2.84,2.93,0.50,-2.16,4.80,0.73,3.73,0.03,1.79,3.59,3.50,2.98,2.90,3.02,2.24,1.85,2.55,0.67,3.56,1.42,2.13,2.90,3.50,3.60,-0.57,2.04,1.88,2.40,2.23,3,0.55,1.31,0.58,1.25,0.58,0.96,3.41,1.98,1.98,2.06,2.26,3.60,2.78,2.70,2.62,0.46,5.37,2.12,2.25,1.73,1.10,1.72,1.32,1.48,1.20,1.45,0.48,0.50,1.86,2.52,3.20,2.07,2.03,2.41,1.30,,-0.70,-8.10,3.20,1.30,0.30,,,,,,,1.90,2,,1.70,3,1.70,1.49,,,,,,,,2.80,2.70,2.70,1.20,1.50,,,,,3.10,,1.70,1.60,5.30,4.80,4.40,,,1.70,,,0.70,,,3.60,2.50,2.90,3.20,1.50,2.10,
2008-12-20 11:40,2.80,2.83,0.11,1.83,-1.50,2.20,1.97,2.50,-2.23,1.92,-0.64,0.35,-3.09,0.39,-0.10,-1.20,-1.78,-5.18,0.30,-1.06,-2.43,-2.92,0.17,,3.01,3.37,2.49,-0.81,2.71,0.90,0.99,3.41,-4.68,0.39,0.84,0.44,2.04,1.44,-1.72,0.95,-4.90,-4.82,-3.29,1.89,-0.10,1.81,1.50,1.21,1.31,1.24,0.55,,0.84,1.48,-0.20,0.12,0.82,1.30,0.56,0.74,0.24,0.20,-0.31,-4.58,-0.10,-2.48,2.99,2.98,0.50,-2.11,4.83,0.76,3.66,0.09,1.89,3.96,3.70,3.17,2.91,2.99,2.27,1.88,2.52,0.53,3.51,1.49,2.14,2.90,3.53,3.52,-0.51,2.15,1.89,2.40,2.10,2.92,0.68,1.49,0.64,1.37,0.63,0.80,3.48,2,2.06,2.05,2.05,3.60,2.89,2.67,2.69,0.56,5.34,2.06,2.37,1.29,1.10,1.34,1.31,1.50,1.10,1.27,0.69,0.86,2,2.54,3.10,2.03,1.65,2.53,1.30,,-0.70,-8.20,3.30,1.40,0.40,,,,,,,2,2,,1.80,3.20,1.70,1.49,,,,,,,,2.50,2.60,2.70,1.30,1.50,,,,,2.90,,1.70,1.70,5.50,5,4.50,,,1.80,,,0.80,,,3.70,2.60,2.80,3.20,1.60,2.20,
2008-12-20 11:50,2.90,2.88,-0.05,1.79,-1.50,2.12,2,2.60,-2.32,1.99,-0.72,0.24,-3.08,0.46,-0.03,-1.23,-1.73,-5.18,0.30,-1.38,-2.32,-2.97,0.09,,3.26,3.33,2.47,-0.78,2.81,1,1.10,3.67,-4.75,0.32,0.94,0.49,2.24,1.65,-1.50,1.01,-4.60,-4.92,-3.16,1.99,0.10,1.79,1.50,1.31,1.03,1.16,0.54,,0.95,1.57,-0.16,0.14,0.75,1.20,0.63,0.70,0.18,0.20,-0.28,-4.46,-0.14,-2.56,3.08,3.09,0.60,-2.02,4.56,0.92,3.53,0.06,1.71,3.93,4,3.32,3.03,2.83,2.30,1.89,2.52,0.60,3.50,1.53,2,2.90,3.67,3.47,-0.45,2.34,2.14,2.40,2.05,2.17,0.53,1.61,0.73,1.32,0.74,0.89,3.63,2.16,2.11,1.87,2.08,3.60,2.77,2.64,2.73,0.54,5.60,2.01,2.13,1.03,1.20,1.17,1.35,1.60,1.20,1.33,0.68,0.81,2.08,2.62,3,1.94,1.63,2.50,1.20,,-0.70,-8.30,3.30,1.30,0.40,,,,,,,1.90,2.10,,1.80,3.20,1.70,1.46,,,,,,,,2.10,2.60,2.80,1.30,1.50,,,,,2.50,,1.70,1.80,5.60,5.10,4.50,,,1.90,,,0.80,,,3.80,2.80,2.80,3.20,1.70,2.10,
2008-12-20 12:00,2.90,2.85,-0.09,1.74,-1.50,2.23,2.07,2.60,-2.45,1.94,-0.66,0.24,-3.07,0.46,-0.15,-1.19,-1.74,-5.24,0.30,-1.22,-2.23,-2.98,0.17,,3.19,3.28,2.46,-0.76,2.82,1.10,1.19,3.50,-4.74,0.42,0.90,0.41,2.38,1.66,-1.55,1.18,-4.50,-4.96,-3.19,2.52,0.20,1.79,1.40,1.32,1.04,1.24,0.45,1.89,0.87,1.62,-0.14,0.10,0.85,1.40,0.68,0.70,0.26,0.10,-0.32,-4.51,-0.23,-2.55,3.10,3.30,0.60,-1.99,4.59,0.66,3.47,0,1.72,4.11,4.10,3.23,3.08,2.73,2.23,1.91,2.49,0.67,3.55,1.53,2.02,3,3.92,3.56,-0.49,2.55,2.46,2.50,2.15,2.42,0.60,1.67,0.79,1.29,0.77,1.03,3.80,2.54,2.06,2.08,2.19,3.60,2.61,2.71,2.79,0.51,5.56,2.14,2.28,1.08,1.20,1.13,1.25,1.67,1.20,1.23,0.70,0.76,2.20,2.60,3,1.74,2.30,2.26,1.20,1.80,-0.70,-8.50,3.40,1.30,0.50,1,3.50,-3.10,2.40,3.10,3.30,1.80,2,2.50,1.70,3.30,1.80,1.60,,3.60,5.30,3.20,3.80,2,2,1.80,2.70,2.80,1.30,1.60,5.20,4,2.80,2,2,3.60,1.70,1.80,5.70,5.30,4.70,,2.60,1.70,1.70,1.80,0.90,5.60,4.20,3.90,3,2.90,3.30,1.70,2.20,0.90
2008-12-20 12:10,3,2.99,-0.08,1.85,-1.50,2.29,2.01,2.60,-2.46,1.85,-0.68,0.28,-3.13,0.37,-0.17,-1.19,-1.67,-5.37,0.20,-1.19,-2.26,-2.78,0.21,,3.13,3.24,2.40,-0.75,2.87,1.10,1.20,3.31,-4.80,0.39,0.78,0.42,2.10,1.56,-1.59,1.35,-4.30,-4.81,-2.93,2.51,0.20,1.98,1.50,1.19,1.02,1.35,0.52,1.89,0.90,1.61,-0.10,0.02,1.08,1.30,0.56,0.78,0.33,0,-0.41,-4.58,-0.25,-2.52,2.96,3.25,0.70,-2,4.58,0.60,3.43,0,1.79,4.15,4.10,3.23,3,2.64,2.24,1.70,2.50,0.59,3.50,1.41,1.95,2.90,3.73,3.43,-0.41,2.47,2.10,2.50,2.19,2.17,0.67,1.62,0.85,1.34,0.79,1.15,3.75,2.64,2.08,2.04,2.09,3.50,2.51,2.73,2.75,0.45,5.82,2.28,2.38,1.11,1.30,1.27,1.25,1.75,1.20,1.10,0.61,0.55,2.30,2.90,3,1.77,1.39,2.21,1.20,,-0.40,-8.60,3.50,1.40,0.60,,,,,,,1.70,2.10,,1.70,3.70,1.90,1.43,,,,,,,,1.50,2.60,2.80,1.20,1.60,,,,,2,,1.70,1.70,5.80,5.30,4.80,,,1.70,,,1,,,4.10,3.10,3,3.30,1.80,2.10,
2008-12-20 12:20,3.10,3.08,-0.02,1.72,-1.50,2.14,2,2.60,-2.48,1.80,-0.68,0.26,-3.20,0.30,-0.04,-1.17,-1.71,-5.18,0.20,-1.27,-2.18,-2.92,0.22,,3,3.19,2.41,-0.69,2.92,1,1.12,3.26,-4.91,0.32,0.74,0.55,1.96,1.36,-1.64,1.39,-4.20,-4.64,-2.95,2.24,0,2.19,1.60,1.24,1.22,1.24,0.58,1.83,0.87,1.62,-0.08,0.12,1.04,1.30,0.71,0.91,0.37,0.10,-0.49,-4.66,-0.27,-2.49,3.05,3.36,0.60,-2,4.56,0.66,3.77,0.18,1.89,4.18,4.10,3.34,3.10,2.49,2.32,1.60,2.33,0.56,3.45,1.40,1.82,2.90,3.68,3.25,-0.55,2.26,2.32,2.50,2.22,3.33,0.84,1.52,0.92,1.40,0.75,1.28,3.67,2.93,2.02,2.25,2.10,3.40,2.56,2.79,2.82,0.40,5.83,2.26,2.33,1.25,1.30,1.31,1.17,1.89,1.20,1.14,0.66,0.89,2.56,3.02,3.10,1.63,1.51,2.02,1.10,,-0.40,-8.70,3.40,1.40,0.60,,,,,,,1.70,2,,1.70,3.60,1.90,1.60,,,,,,,,1.50,2.60,2.90,1.20,1.60,,,,,1.90,,1.70,1.70,5.80,5.30,4.90,,,1.60,,,0.90,,,4.50,3.20,3.10,3.20,1.90,2.10,
2008-12-20 12:30,3.10,3.19,0.07,1.74,-1.50,2.09,1.93,2.60,-2.47,1.69,-0.57,0.24,-3.28,0.29,-0.08,-1.19,-1.63,-5.27,0.20,-1.26,-2.31,-2.51,0.09,,2.88,3.18,2.43,-0.54,2.90,1,1.07,3.29,-4.90,0.44,0.83,0.56,1.89,1.06,-1.70,1.47,-4.10,-4.58,-2.96,2.27,-0.10,2.14,1.50,1.18,1.22,1.23,0.39,1.74,0.87,1.67,-0.12,0.17,0.97,1.30,0.87,0.81,0.10,0.10,-0.45,-4.57,-0.32,-2.49,3.04,3.33,0.70,-2.02,4.56,0.75,3.75,0.31,1.92,4.12,4.20,3.48,3.20,2.33,2.28,1.60,2.42,0.46,3.39,1.45,1.83,3,3.64,3.25,-0.51,2.20,2.58,2.60,2.21,3.18,0.73,1.50,0.83,1.48,0.75,1.18,3.79,3.10,2.04,2.39,2.11,3.40,2.40,2.79,2.82,0.46,5.75,2.26,2.33,1.29,1.40,1.31,1.31,1.89,1.20,1.11,0.70,0.89,2.66,3.09,3.10,1.54,1.66,1.87,1.10,,-0.50,-8.70,3.40,1.40,0.60,,,,,,,1.60,2.10,,1.70,3.40,1.90,1.66,,,,,,,,1.50,2.60,2.80,1.20,1.60,,,,,1.90,,1.70,1.70,5.80,5.40,5.10,,,1.40,,,0.90,,,4.60,3.40,3.40,3.10,2.10,2,
2008-12-20 12:40,3.10,3.12,0.06,1.67,-1.50,2.24,1.92,2.60,-2.50,1.61,-0.67,0.19,-3.30,0.19,0.18,-1.24,-1.68,-5.16,0.10,-1.36,-2.22,-2.53,0.07,,2.91,3.08,2.35,-0.49,2.80,0.90,1.09,3.24,-4.79,0.43,0.85,0.50,1.88,0.99,-1.78,1.48,-3.90,-5,-3.04,2.15,-0.10,2.11,1.40,1.20,0.85,1.14,0.38,1.85,0.94,1.52,-0.14,0.16,0.79,1.20,0.90,0.78,-0.06,0.10,-0.48,-4.63,-0.33,-2.47,2.93,3.34,0.70,-2.02,4.47,0.55,3.60,0.21,1.85,4.05,4.30,3.61,3.20,2.20,2.22,1.60,2.48,0.47,3.36,1.45,1.83,3,3.48,3.21,-0.54,2.18,2.34,2.70,2.12,2.28,0.74,1.56,0.94,1.47,0.79,1.18,3.78,3.12,2.16,2.47,2.02,3,2.37,2.74,2.84,0.56,5.61,2.29,2.39,1.36,1.40,1.35,1.21,1.86,1.20,0.90,0.68,0.83,2.82,3.08,3.20,1.61,1.76,1.66,1.10,,-0.60,-8.80,3.30,1.50,0.60,,,,,,,1.50,2,,1.70,3.30,1.90,1.63,,,,,,,,1.50,2.50,2.80,1.10,1.60,,,,,1.90,,1.70,1.70,5.80,5.40,5.20,,,1.30,,,0.90,,,4.80,3.70,3.50,3.20,2.10,2,
2008-12-20 12:50,3.10,3.19,0.04,1.60,-1.50,2,1.86,2.40,-2.48,1.63,-0.80,0.12,-3.40,-0.13,0.38,-1.21,-1.72,-5.12,0.10,-1.44,-2.47,-2.76,-0.08,,2.86,3.01,2.29,-0.46,2.73,1,1.14,3.23,-4.81,0.40,0.81,0.49,1.76,0.98,-1.72,1,-4.10,-5.44,-3.08,2.08,-0.30,2.21,1.30,1.17,0.80,1.21,0.30,1.79,0.95,1.62,-0.14,0.13,0.72,1.10,0.93,0.81,-0.07,0.10,-0.61,-4.62,-0.42,-2.54,2.96,3.35,0.60,-1.89,4.46,0.59,3.51,0.22,1.97,4.03,4.30,3.67,3.20,2.17,2.21,1.60,2.36,0.54,3.29,1.40,1.77,3,3.48,3.12,-0.58,2.13,2.17,2.60,1.95,3.26,0.58,1.62,0.93,1.46,0.73,1.20,3.72,3.31,2.29,2.52,2,2.60,2.44,2.70,2.90,0.52,5.57,2.38,2.46,1.32,1.40,1.34,1.05,1.93,1.30,1.07,0.69,0.79,3.15,3.09,3.30,1.55,1.96,1.66,1.10,,-0.70,-8.80,3.20,1.60,0.60,,,,,,,1.40,2,,1.60,3.30,1.80,1.54,,,,,,,,1.50,2.20,2.80,1.10,1.60,,,,,2,,1.70,1.70,5.70,5.50,5.30,,,1.20,,,0.80,,,5.10,3.60,3.50,3.20,2.20,2.10,
2008-12-20 13:00,3.10,3.13,0,1.62,-1.50,2.09,1.84,2.40,-2.43,1.51,-0.66,0.11,-3.38,0.05,0.12,-1.26,-1.81,-5.13,0,-1.42,-2.67,-3.07,-0.14,,2.85,2.98,2.27,-0.38,2.59,0.90,1.21,3.23,-4.87,0.30,0.80,0.48,1.68,0.96,-1.72,0.94,-4.20,-4.45,-3.06,1.97,-0.60,2.16,1.30,1.09,0.72,1.22,0.23,1.83,0.89,1.75,-0.14,0.18,0.77,1,0.90,0.90,-0.11,0.10,-0.69,-4.51,-0.54,-2.53,2.95,3.36,0.60,-1.82,4.41,0.61,3.67,0.27,2.09,3.99,4.30,3.84,3,2.08,2.28,1.60,2.46,0.47,3.16,1.29,1.79,2.90,3.48,3.11,-0.58,2.04,2.17,2.60,1.92,3.10,0.57,1.60,0.98,1.51,0.76,1.31,3.92,3.26,2.43,2.54,2.02,2.20,2.44,2.60,2.95,0.53,5.56,2.48,2.47,1.36,1.40,1.35,0.93,1.91,1.20,1.16,0.64,0.80,3.27,3.19,3.50,1.68,2.14,1.78,1,2.20,-0.80,-8.90,3.30,1.60,0.50,1.10,3.90,-3.20,2.30,3.20,3.20,1.40,2,2,1.60,3.20,1.70,1.70,1.10,4.20,5.40,3.60,3.80,2.20,1.70,1.50,1.90,2.80,1,1.60,6,4.70,3.40,2,2.10,3.50,1.70,1.70,5.90,5.70,5.60,,3.20,0.90,1.70,,0.80,5.80,5.50,5.20,3.60,3.60,3.40,2.20,2,1
2008-12-20 13:10,3.20,2.88,-0.15,1.60,-1.50,1.78,1.82,2.30,-2.47,1.19,-0.63,0.11,-3.48,0.16,0.35,-1.23,-1.83,-5.14,-0.20,-1.51,-2.71,-2.98,-0.10,,2.75,2.86,2.32,-0.28,2.44,0.90,1.20,3.02,-4.99,0.24,0.71,0.52,1.65,0.81,-1.78,0.92,-4.30,-4.26,-3.10,1.85,-0.70,2.11,1.30,1.04,0.97,1.07,0.01,1.81,0.85,1.67,-0.20,0.11,0.71,0.90,0.90,0.86,-0.15,0,-0.75,-4.50,-0.62,-2.50,2.94,3.37,0.70,-1.76,4.11,0.65,3.87,0.28,2.18,4.06,4.10,3.83,2.94,1.97,2.27,1.60,2.47,0.56,3.14,1.20,1.73,2.90,3.53,3.12,-0.58,2.06,2.37,2.40,1.92,2.78,0.48,1.65,0.97,1.55,0.71,1.35,4,3.30,2.60,2.59,2.02,2,2.39,2.50,2.95,0.56,5.59,2.52,2.42,1.44,1.50,1.35,0.79,1.70,1.10,1.16,0.69,0.86,3.37,3.11,3.60,1.76,2.13,1.59,1,,-0.90,-8.90,3.20,1.50,0.60,,,,,,,1.40,2.10,,1.50,3.10,1.60,1.71,,,,,,,,1.50,1.70,2.70,1,1.60,,,,,2.10,,1.60,1.80,5.90,5.70,5.60,,,1,,,0.80,,,5.50,3.80,3.80,3.40,2.10,2,
2008-12-20 13:20,3.20,2.95,-0.19,1.49,-1.50,1.85,1.90,2.30,-2.47,1.08,-0.74,-0.05,-3.48,0.22,0.23,-1.17,-1.85,-5.03,-0.20,-1.31,-2.68,-2.95,-0.19,,2.73,2.74,2.21,-0.31,2.42,0.80,1.17,2.97,-5.05,0.16,0.61,0.51,1.60,0.71,-1.83,0.74,-4.40,-4.60,-3.12,1.66,-0.70,2.10,1.30,0.91,0.92,0.88,-0.12,1.68,0.93,1.68,-0.24,0.08,0.63,0.90,0.82,0.77,-0.19,0,-0.84,-4.58,-0.74,-2.58,3.01,3.34,0.70,-1.68,4.07,0.84,4.03,0.20,2.07,4.03,4,3.81,2.92,1.89,2.34,1.60,2.23,0.46,3.29,1.26,1.84,2.70,3.49,3.07,-0.66,1.95,1.82,2.30,1.86,2.69,0.56,1.56,0.90,1.47,0.79,1.39,3.90,3.34,2.66,2.71,2.08,2,2.60,2.59,2.92,0.63,5.69,2.54,2.43,1.44,1.50,1.41,0.70,1.54,1.20,0.98,0.79,0.78,3.58,3.26,3.70,1.86,1.98,1.41,1,,-0.90,-8.90,3.20,1.40,0.60,,,,,,,1.50,2.10,,1.50,3,1.50,1.51,,,,,,,,1.40,1.70,2.70,0.90,1.60,,,,,2.10,,1.70,1.80,6.10,5.70,,,,0.80,,,0.80,,,5.80,4.10,3.80,3.50,2.10,1.90,
2008-12-20 13:30,3.30,2.92,-0.04,1.31,-1.50,2.01,1.77,2.30,-2.49,1.06,-0.69,-0.12,-3.51,0.39,0.52,-1.36,-1.84,-5.01,-0.40,-1.20,-2.78,-2.58,-0.45,,2.84,2.69,2.33,-0.28,2.37,0.90,1.09,2.90,-5.07,0.22,0.52,0.29,1.72,0.57,-1.80,0.85,-4.70,-4.69,-3.27,1.68,-0.80,2.02,1.20,0.92,0.76,0.83,-0.16,1.51,0.92,1.67,-0.26,0.06,0.52,0.80,0.73,0.63,-0.32,-0.10,-0.92,-4.51,-0.74,-2.64,3.14,3.26,0.80,-1.49,3.97,0.73,4.13,0.26,2.09,4.03,4,3.80,2.95,2.01,2.37,1.60,1.84,0.69,3.36,1.34,1.75,2.70,3.54,3.05,-0.61,1.90,1.90,2.30,1.97,2.74,0.42,1.49,0.76,1.43,0.71,1.39,3.96,3.27,2.57,2.70,2.14,2,2.50,2.52,2.84,0.75,5.87,2.69,2.31,1.51,1.70,1.34,0.50,1.32,1.20,1.18,0.75,0.71,3.73,3.27,3.70,1.98,2.13,1.03,1.10,,-1,-9.10,3.20,1.30,0.60,,,,,,,1.60,2.10,,1.50,3,1.40,1.43,,,,,,,,1.30,1.60,2.60,0.90,1.50,,,,,2.10,,1.60,1.80,6.30,5.70,5.60,,,0.70,,,0.70,,,5.90,4.10,3.80,3.70,2.20,1.80,
2008-12-20 13:40,3.30,2.85,-0.06,1.13,-1.50,2.04,1.87,2.30,-2.48,1.04,-0.60,0.01,-3.60,0.35,0.48,-1.40,-1.83,-4.82,-0.40,-1.39,-2.96,-2.55,-0.56,,2.79,2.55,2.33,-0.25,2.36,0.90,1.17,2.81,-5.13,0.25,0.55,0.18,1.64,0.53,-1.70,0.76,-4.50,-4.70,-3.32,1.64,-1,1.96,1.20,0.83,0.95,0.89,-0.18,1.42,0.87,1.59,-0.30,0.06,0.42,0.80,0.66,0.62,-0.39,-0.10,-0.94,-4.62,-0.77,-2.67,3.33,3.33,1,-1.28,3.90,0.58,4.03,0.21,1.91,4.05,4.10,3.51,2.90,2.15,2.32,1.79,1.81,0.49,3.30,1.39,1.73,2.60,3.50,2.83,-0.71,1.83,2.03,2.10,1.82,3.37,0.52,1.36,0.68,1.34,0.72,1.34,4.08,3.39,2.72,2.50,2.19,2.10,2.44,2.30,2.69,0.62,5.98,2.70,2.56,1.40,1.80,1.17,0.30,1.26,1.20,1.21,0.74,0.85,3.99,3.31,3.70,2.03,2.33,0.96,1,,-1,-9.20,3.20,1.30,0.50,,,,,,,1.50,2.10,,1.50,2.90,1.40,1.36,,,,,,,,1.40,1.50,2.60,0.80,1.50,,,,,2.10,,1.60,1.80,6.20,5.90,5.60,,,0.80,,,0.70,,,5.90,4.30,4,3.70,2.30,1.70,
2008-12-20 13:50,3.30,2.99,-0.02,1.22,-1.60,1.88,1.95,2.30,-2.42,1.14,-0.58,-0.10,-3.58,0.37,0.40,-1.53,-1.80,-4.74,-0.40,-1.53,-2.99,-2.65,-0.48,,2.78,2.57,2.36,-0.26,2.18,0.80,1.08,2.74,-5.18,0.13,0.60,0.32,1.58,0.43,-1.73,0.72,-4.10,-4.33,-3.31,1.36,-1.20,1.82,0.90,0.81,0.90,0.72,-0.28,1.33,0.91,1.57,-0.27,0.16,0.42,0.70,0.57,0.64,-0.36,-0.20,-0.99,-4.74,-0.83,-2.66,3.42,3.35,1.30,-1.16,4.08,0.67,4.08,0.17,2,4.21,4.10,3.42,2.93,2.19,2.19,1.81,1.83,0.57,3.24,1.36,1.79,2.50,3.40,2.78,-0.71,1.81,2.14,2.10,1.63,2.42,0.40,1.29,0.70,1.28,0.77,1.30,4.41,3.55,2.90,2.56,2.21,2,2.32,2.04,2.49,0.67,6.13,2.76,2.41,1.62,1.80,1.12,0.33,1.26,1.20,1.06,0.68,0.79,4.21,3.40,3.80,1.96,2.10,1.09,1,,-1,-9.30,3.10,1.20,0.30,,,,,,,1.40,2.10,,1.40,2.80,1.40,1.27,,,,,,,,1.40,1.30,2.60,0.70,1.40,,,,,2.10,,1.60,1.70,6.30,6.10,5.60,,,0.80,,,0.70,,,6,4.60,4.20,3.60,2.30,1.60,
2008-12-20 14:00,3.30,3.04,0.01,1.26,-1.50,1.84,1.89,2.20,-2.44,1.25,-0.51,-0.03,-3.59,0.30,0.30,-1.45,-1.81,-4.71,-0.50,-1.26,-2.97,-2.50,-0.36,,2.85,2.66,2.34,-0.18,2.04,0.70,0.99,2.69,-5.14,0.01,0.48,0.14,1.54,0.36,-1.70,0.62,-4.20,-4.48,-3.41,1.29,-1.10,1.73,0.90,0.63,0.93,0.61,-0.13,1.28,0.85,1.43,-0.28,0.12,0.36,0.60,0.50,0.67,-0.40,-0.20,-1.08,-4.88,-0.90,-2.91,3.78,3.59,1.40,-1.01,4.34,0.78,4.12,0.20,1.99,4.35,4.10,3.50,3,2.16,2.19,1.80,1.86,0.52,3.26,1.28,1.83,2.50,3.30,2.79,-0.61,1.86,1.97,2.10,1.64,2.61,0.57,1.25,0.61,1.26,0.81,1.18,4.37,3.58,3.04,2.65,2.12,2,2.35,1.77,2.44,0.65,6.30,2.82,2.57,1.67,1.80,1.22,0.30,1,1.20,1.08,0.69,0.60,4.40,3.53,3.90,1.95,2.29,0.95,1,2.30,-1,-9.40,3.10,1.20,0.20,,5,-3.80,2.60,3,3.20,1.40,2,2.30,1.50,2.80,1.20,1.50,0.90,4.40,5.60,4.10,5.50,2.40,1.80,1.40,1.30,2.70,0.60,1.10,6,4.80,4.20,1.90,2.20,2.80,1.60,1.70,6.50,6.10,5.60,4.30,4.10,0.90,1.30,1.60,0.70,5.80,5.90,6.10,4.70,4.30,3.60,2.30,1.40,0.80
2008-12-20 14:10,3.30,3.52,-0.01,1.38,-1.54,1.77,1.90,2.20,-2.40,1.12,-0.55,-0.10,-3.64,0.13,0.22,-1.41,-2.03,-4.79,-0.50,-1.26,-3.09,-2.76,-0.18,,2.92,2.64,2.17,-0.16,1.80,0.70,0.92,2.72,-5.19,0.08,0.60,0.15,1.38,0.32,-1.53,0.42,-4.30,-4.56,-2.62,1.29,-1.10,1.62,0.80,0.59,0.99,0.53,-0.12,1.28,0.87,1.30,-0.30,0.04,0.40,0.60,0.42,0.55,-0.50,-0.30,-1.21,-4.90,-0.98,-2.85,3.86,3.72,1.50,-1.09,4.63,0.71,4.01,0.22,1.98,4.17,4.20,3.55,3,1.79,2.15,1.40,1.84,0.66,2.95,1.28,1.81,2.50,3.18,2.86,-0.62,1.93,2.09,1.90,1.46,2.86,0.43,1.16,0.47,1.26,0.70,1.15,4.58,3.62,3.15,2.80,2.30,1.90,2.22,1.65,2.33,0.68,6.41,2.90,2.61,1.81,1.90,1.26,0.30,0.69,1.10,1.15,0.66,0.61,4.52,3.73,3.90,2.07,2.24,0.98,1,,-1,-9.50,2.90,1.10,0.20,,,,,,,1.30,2,,1.50,2.80,1.10,1.19,,,,,,,,1.50,1.30,2.60,0.50,1.10,,,,,2.20,,1.50,1.60,6.50,6.10,5.60,,,0.90,,,0.70,,,6.10,4.70,4.70,3.60,2.40,1.40,
2008-12-20 14:20,3.20,3.32,0.07,1.44,-1.71,1.71,1.91,2,-2.32,0.94,-0.49,-0.08,-3.62,-0.04,0.19,-1.39,-1.97,-4.72,-0.60,-1.42,-3.17,-3.42,0.02,,2.82,2.58,2.11,-0.20,1.74,0.70,1.11,2.68,-5.27,0,0.48,0.19,1.28,0.37,-1.58,0.34,-4.60,-4.84,-2.43,0.97,-0.70,1.69,0.80,0.51,0.50,0.32,-0.17,1.15,0.80,1.28,-0.28,0.11,0.36,0.50,0.28,0.44,-0.56,-0.30,-1.20,-4.89,-1.05,-2.83,4.01,3.56,1.40,-0.97,4.57,0.79,4,0.26,2.02,4.20,4.30,3.68,2.80,1.80,2.07,1.30,1.97,0.69,2.84,1.18,1.79,2.50,3.32,2.83,-0.56,1.95,1.99,2,1.30,3.25,0.51,1.09,0.43,1.24,0.61,1.01,4.55,3.65,3.30,2.74,2.38,1.90,2.21,1.63,2.27,0.69,6.44,2.97,2.71,1.78,1.80,1.27,0.32,0.73,1.10,1.11,0.69,0.72,4.41,3.78,4.10,2.20,2.25,1.06,0.90,,-1.10,-9.30,2.90,1.10,0.20,,,,,,,1.20,1.80,,1.40,2.60,1,1.06,,,,,,,,1.50,1.30,2.60,0.50,1.10,,,,,2,,1.60,1.60,6.50,6,5.60,,,1,,,0.70,,,6.10,4.70,4.90,3.60,2.50,1.40,
2008-12-20 14:30,3,3.36,0.07,1.40,-1.54,1.93,1.94,2,-2.23,0.87,-0.53,-0.22,-3.49,-0.10,0.34,-1.45,-2.08,-4.71,-0.80,-1.55,-3.23,-3.55,-0.02,,2.70,2.45,2.13,-0.21,1.79,0.80,1.12,2.81,-5.17,-0.10,0.45,0.09,1.38,0.31,-1.46,0.39,-4.70,-5.45,-2.44,1.20,-0.70,1.58,0.70,0.40,0.45,0.16,-0.42,1.02,0.60,1.17,-0.36,-0.04,0.16,0.40,0.33,0.35,-0.72,-0.30,-1.20,-5.03,-1.10,-2.91,4.18,3.49,1.50,-0.94,4.55,0.87,3.91,0.31,2.06,4.12,4.30,3.84,2.80,2.01,1.95,1.20,1.76,0.68,2.91,1.31,1.76,2.60,3.35,2.84,-0.62,1.91,2.23,2,1.18,2.97,0.36,0.94,0.44,1.23,0.59,0.84,4.51,3.58,3.27,2.68,2.50,1.70,2.18,1.57,2.19,0.64,6.47,2.96,2.73,1.79,1.90,1.32,0.40,0.86,1.10,1.10,0.57,0.72,4.62,3.91,4.10,2.32,2.31,0.97,0.90,,-1.40,-9.10,3,1.20,0.20,,,,,,,1.10,1.80,,1.40,2.60,1,0.95,,,,,,,,1.60,1.40,2.60,0.50,1,,,,,2,,1.60,1.50,6.50,6.10,5.60,,,1,,,0.70,,,6.30,4.90,5.20,3.70,2.50,1.30,
2008-12-20 14:40,2.80,3.45,0.11,1.39,-1.62,1.74,2.06,1.90,-2.23,0.95,-0.45,-0.19,-3.47,0.01,0.46,-1.50,-2.17,-4.76,-0.90,-1.54,-2.94,-3.24,-0.33,,2.75,2.49,2.11,-0.17,1.85,0.80,1.09,2.83,-5.16,-0.15,0.33,0.13,1.29,0.27,-1.58,0.15,-4.80,-5.47,-3.38,0.95,-1,1.55,0.70,0.38,0.23,0.17,-0.39,1.10,0.56,1.09,-0.46,-0.07,0.18,0.40,0.22,0.28,-0.79,-0.40,-1.27,-5.13,-1.10,-2.92,4.29,3.47,1.40,-0.84,4.63,1.43,3.94,0.33,1.97,4.13,4.20,3.79,2.80,2.18,1.83,1.20,2,0.56,2.87,1.29,1.74,2.60,3.31,2.77,-0.66,1.89,2.17,1.90,1.10,2.62,0.29,0.93,0.45,1.11,0.65,0.54,4.62,3.73,3.39,2.79,2.52,1.60,2,1.25,2.01,0.60,6.49,3.03,2.85,1.88,1.80,1.35,0.50,0.88,1.10,1.06,0.62,0.71,4.87,4.05,4.20,2.37,2.37,1.04,0.80,,-1.50,-8.80,2.90,1.10,0,,,,,,,0.90,1.80,,1.40,2.60,1.10,0.94,,,,,,,,1.70,1.30,2.60,0.50,0.80,,,,,1.90,,1.60,1.50,6.50,6.20,5.60,,,0.90,,,0.80,,,6.30,5,5.30,3.70,2.50,1.20,
2008-12-20 14:50,2.80,3.18,0.04,1.17,-1.52,1.98,2.04,2,-2.30,0.82,-0.52,-0.23,-3.39,-0.03,0.25,-1.51,-2.20,-4.66,-0.90,-1.52,-2.82,-2.83,-0.34,,2.64,2.66,2.05,-0.06,1.78,0.80,1.13,2.85,-5.08,-0.38,0.20,0.03,1.32,0.22,-1.91,0.05,-4.90,-5.61,-4.07,0.82,-1.20,1.46,0.70,0.28,0.08,0.16,-0.37,0.90,0.55,0.98,-0.54,-0.05,0.02,0.40,0.15,0.19,-0.88,-0.40,-1.31,-5.11,-1.26,-2.96,4.47,3.52,1.30,-0.89,4.51,1.68,4.04,0.48,1.66,4.22,4.20,3.88,2.80,2.20,1.70,1,1.85,0.66,2.85,1.22,1.72,2.60,3.23,2.64,-0.70,1.93,2.23,1.80,1.14,2.82,0.15,0.73,0.33,1.20,0.60,0.63,4.72,3.91,3.47,2.80,2.69,1.60,1.95,0.99,1.81,0.51,6.52,3.09,3.06,1.93,1.90,1.31,0.55,0.94,1.10,1.02,0.62,0.64,4.92,4.20,4.20,2.40,2.62,1.22,0.70,,-1.60,-8.60,2.80,1,0,,,,,,,0.90,1.60,,1.30,2.50,1,0.98,,,,,,,,1.80,1.30,2.60,0.50,0.60,,,,,1.80,,1.60,1.40,6.60,6.30,,,,1,,,0.70,,,6.30,4.90,5.60,3.80,2.60,1.10,
2008-12-20 15:00,2.80,2.97,-0.01,1.11,-1.62,2.02,1.99,2,-2.21,0.72,-0.54,-0.34,-3.48,0.10,0.36,-1.54,-2.14,-4.69,-1,-1.39,-2.86,-2.92,-0.41,,2.68,2.69,1.99,-0.14,1.83,0.80,1.24,2.87,-5.09,-0.61,-0.02,-0.13,1.17,0.19,-2.07,-0.18,-4.60,-5.08,-4.10,0.62,-1.30,1.56,0.60,0.32,0.21,0.16,-0.43,0.71,0.56,0.92,-0.63,-0.20,0.05,0.30,0.18,0.15,-0.95,-0.50,-1.33,-5.03,-1.30,-2.98,4.56,3.61,1.50,-0.49,4.31,1.77,4.17,0.44,1.60,4.15,4.10,3.91,2.80,2.32,1.60,1,1.89,0.67,2.83,1.21,1.89,2.50,3.12,2.54,-0.73,1.90,2.11,1.70,1.21,2.16,0.05,0.77,0.26,1.25,0.77,0.74,4.69,3.95,3.62,2.66,2.81,1.60,1.90,0.78,1.71,0.51,6.55,3.07,3.02,1.99,1.90,1.37,0.53,0.97,1,0.93,0.67,0.53,4.90,4.54,4.30,2.43,2.88,1.12,0.80,2,-1.60,-8.40,3,1,-0.10,0.90,5.40,-3.80,2.50,3.50,3.10,0.90,1.40,2,1.10,2.50,1.20,1.30,,4.60,5.60,4.80,5.60,3.10,2.20,2,1.30,2.70,0.50,0.50,6.20,5,4.70,2.80,1.90,1.60,1.60,1.40,6.60,6.50,5.70,5.10,4.60,1,1,1.30,0.70,6.60,6,6.20,5,5.70,4,2.60,1.10,0.70
2008-12-20 15:10,2.80,2.90,-0.17,0.99,-1.60,2.10,1.92,2.10,-2.17,0.60,-0.51,-0.44,-3.47,0.38,0.25,-1.57,-2.22,-4.83,-0.90,-1.39,-2.86,-3.27,-0.30,,2.66,2.58,1.92,-0.25,1.89,1,1.10,2.74,-5.05,-0.65,-0.38,-0.36,1.07,0.08,-2.14,-0.14,-4.30,-4.76,-4.20,0.60,-1.30,1.58,0.50,0.43,0.22,0.16,-0.51,0.72,0.50,0.81,-0.87,-0.05,0.06,0.20,-0.05,-0.09,-1.24,-0.50,-1.27,-4.99,-1.25,-2.92,4.56,3.68,2.10,-0.37,4.12,1.67,4.58,0.48,1.62,4.21,4.10,3.94,2.81,2.43,1.59,0.90,1.91,0.76,2.94,1.15,2.05,2.30,3.07,2.38,-0.72,1.73,2.09,1.60,1.21,2.48,0.09,0.63,0.26,1.23,0.61,0.66,4.73,3.96,3.74,2.67,2.79,1.60,1.81,0.72,1.77,0.55,6.54,3.18,3.24,2.03,1.90,1.25,0.45,0.83,1,0.86,0.65,0.70,4.88,4.79,4.30,2.48,2.86,0.99,0.70,,-1.70,-8.10,2.90,0.60,-0.10,,,,,,,0.80,1.30,,1.10,2.50,1.30,1,,,,,,,,2,1.50,2.60,0.50,0.50,,,,,1.90,,1.60,1.40,6.70,6.60,5.70,,,1,,,0.70,,,6,5.10,5.90,4,2.70,1.10,
2008-12-20 15:20,2.90,2.83,-0.22,0.96,-1.59,2.05,1.93,1.90,-2.13,0.53,-0.46,-0.39,-3.42,0.31,0.37,-1.47,-2.24,-4.70,-1,-1.22,-2.94,-2.99,-0.23,,2.75,2.58,1.89,-0.22,1.78,0.90,0.97,2.38,-5.04,-0.76,-0.57,-0.62,0.72,-0.11,-2.07,-0.06,-3.50,-3.97,-4.32,0.54,-1.30,1.27,0.60,0.44,0.14,0.36,-0.72,0.80,0.24,0.74,-1.06,-0.19,-0.02,0.20,-0.10,-0.17,-1.35,-0.50,-1.20,-4.96,-1.23,-2.92,4.48,3.73,2.30,0.15,3.88,2.32,4.69,0.47,1.59,4.28,4,3.78,2.84,2.50,1.54,1,2,0.55,2.91,0.87,2.06,2.20,3.13,2.34,-0.80,1.73,1.99,1.60,1.25,2.72,0.09,0.76,0.24,1.11,0.67,0.56,4.86,3.96,3.87,2.75,2.95,1.60,1.70,0.74,1.65,0.63,6.74,3.36,3.34,1.96,2,1.30,0.50,0.82,0.90,0.88,0.60,0.45,4.89,4.92,4.70,2.36,2.89,0.76,0.70,,-1.70,-7.60,2.90,0.50,-0.10,,,,,,,1,1.30,,1,2.50,1.40,1.05,,,,,,,,2.30,1.60,2.30,0.50,0.50,,,,,2,,1.50,1.40,6.60,6.70,5.70,,,1,,,0.80,,,6,4.90,5.90,4.10,2.70,1.20,
2008-12-20 15:30,2.90,2.72,-0.17,0.92,-1.58,2.07,1.81,1.80,-2.18,0.49,-0.43,-0.34,-3.45,0.30,0.17,-1.51,-2.13,-4.65,-0.90,-1.11,-2.80,-2.80,-0.03,,2.66,2.66,1.87,-0.17,1.94,0.70,1.10,2.24,-5.05,-0.56,-0.56,-0.65,0.44,-0.18,-2.05,-0.20,-3,-3.66,-4.36,0.45,-1.40,1.37,0.70,0.29,0.11,0.33,-0.71,0.51,0.12,0.77,-1.22,-0.01,-0.09,0.20,-0.05,-0.15,-1.40,-0.50,-1.31,-4.99,-1.22,-2.95,4.42,3.86,2.40,0.33,3.99,3.56,4.71,0.47,1.79,4.34,4,3.70,2.78,2.65,1.53,1,2.03,0.37,2.86,0.88,2.06,2.10,3.09,2.54,-0.82,1.67,2.13,1.70,1.27,2.53,-0.04,0.74,0.27,1.12,0.68,0.40,5.07,4,3.88,2.80,3.04,1.60,1.36,0.84,1.65,0.66,6.77,3.55,3.51,2.06,2,1.29,0.44,0.73,0.90,0.93,0.71,0.74,4.88,5.25,4.90,2.49,2.79,0.66,0.70,,-1.60,-7.50,2.90,0.30,-0.10,,,,,,,1,1.40,,0.90,2.40,1.50,1.10,,,,,,,,2.30,1.70,2.10,0.50,0.60,,,,,2.10,,1.50,1.30,6.60,6.50,5.70,,,1,,,0.80,,,6,5,5.90,4.20,2.70,1.30,
2008-12-20 15:40,2.90,2.58,-0.11,0.93,-1.58,2.03,1.61,1.70,-2.18,0.54,-0.39,-0.34,-3.47,0.24,0.23,-1.54,-2.03,-4.61,-0.90,-0.85,-2.71,-2.25,-0.02,,2.43,2.53,1.85,-0.16,1.81,0.60,1.14,2.06,-5,-0.42,-0.43,-0.58,0.36,-0.27,-1.97,-0.20,-2.60,-3.24,-4.44,0.71,-1.30,1.27,0.80,0.35,0.15,0.41,-0.44,0.41,0.02,0.79,-1.24,-0.08,-0.39,0.20,-0.09,-0.25,-1.35,-0.60,-1.40,-4.89,-1.23,-2.87,4.50,3.99,2.50,0.46,3.98,3.80,4.61,0.62,1.92,4.21,4,3.68,2.76,2.60,1.50,1.10,2.08,0.41,2.86,0.91,1.99,2.10,2.94,2.57,-0.73,1.61,2.01,1.70,1.53,2.29,-0.11,0.75,0.24,1.04,0.67,0.33,5.31,3.96,4,2.83,3.15,1.50,1.52,0.94,1.56,0.60,6.70,3.82,3.47,2.14,2.10,1.43,0.42,0.46,0.80,0.98,0.73,0.69,4.94,5.64,5.20,2.51,3.27,0.71,0.60,,-1.60,-7.10,2.90,0.40,0,,,,,,,1,1.30,,0.90,2.40,1.60,1.02,,,,,,,,2.40,1.70,1.70,0.40,0.70,,,,,2.10,,1.40,1.30,6.70,6.40,,,,1,,,0.80,,,6.10,5,5.90,4.30,2.70,1.40,
2008-12-20 15:50,2.90,2.36,-0.09,0.76,-1.46,2.07,1.25,1.50,-2.11,0.60,-0.38,-0.29,-3.41,0.35,0.37,-1.51,-2.05,-4.50,-0.90,-0.90,-2.80,-2.56,-0.35,,2.32,2.41,1.89,-0.21,1.73,0.60,0.94,1.97,-4.90,-0.39,-0.38,-0.39,0.31,-0.26,-2.08,-0.25,-2.40,-2.93,-4.31,0.86,-1.30,1.15,0.80,0.38,0.26,0.42,-0.39,0.51,-0.08,0.76,-1.15,0.08,-0.37,0.10,-0.21,-0.28,-1.14,-0.60,-1.36,-4.79,-1.23,-2.57,4.40,4.05,2.80,0.46,4.24,3.81,4.57,0.65,2.02,4.35,4.10,3.88,2.67,2.56,1.39,1.20,2.10,0.35,2.88,0.78,1.80,2.20,2.91,2.67,-0.74,1.58,2.01,1.70,1.43,2.82,-0.05,0.93,0.04,1.04,0.56,0.31,5.24,4.14,4.14,2.90,3.35,1.50,1.47,0.95,1.51,0.68,6.66,4.13,3.68,2.19,2.20,1.52,0.35,0.57,0.70,0.89,0.67,0.51,5.05,5.89,5.50,2.45,3.54,0.83,0.50,,-1.40,-6.80,2.60,0.40,0,,,,,,,1.10,1.20,,1,2.40,2,1.02,,,,,,,,2.50,1.80,1.50,0.50,0.70,,,,,2.20,,1.40,1.30,6.60,6.40,5.60,,,1.10,,,0.80,,,6,4.70,5.90,4.30,2.90,1.40,
2008-12-20 16:00,2.60,2.26,-0.10,0.69,-1.52,2.09,1.05,1.20,-2.13,0.56,-0.49,-0.19,-3.35,0.28,0.22,-1.54,-2.02,-4.53,-0.80,-0.96,-2.54,-2.61,-0.30,,2.26,2.44,1.85,-0.18,1.57,0.70,0.89,2.14,-4.87,-0.25,-0.21,-0.36,0.40,-0.23,-2.11,-0.29,-3.30,-2.56,-4.08,0.95,-1.40,1.28,0.80,0.34,0.43,0.45,-0.37,0.53,0.06,0.74,-1.26,0,-0.14,0.10,-0.26,-0.24,-0.85,-0.60,-1.20,-4.83,-1.24,-2.47,4.38,4.09,3,0.35,4.20,3.94,4.33,0.67,2.26,4.36,4.30,3.87,2.59,2.78,1.36,1.20,2.04,0.24,2.42,0.65,1.66,2.20,2.78,2.72,-0.72,1.59,1.95,1.70,1.57,2.91,0.01,0.97,0.06,1.05,0.42,0.24,5.30,4.21,4.25,3.04,3.54,1.50,1.56,1.13,1.46,0.66,6.65,4.35,3.73,2.20,2.20,1.65,0.46,0.67,0.60,0.74,0.73,0.57,4.84,6.10,5.80,2.53,3.23,1.18,0.40,1.70,-1.30,-6.80,2.10,0.60,-0.10,,5.50,-3.70,3,4.10,3.30,1.20,1.30,1.50,1,2.60,2.30,1.10,0.40,4.80,5.10,4.90,5.20,3.80,2.60,2.50,1.90,1.50,0.60,0.50,6.20,5.20,4.60,3.50,2.20,1.60,1.40,1.20,6.60,6.30,5.60,,4.90,0.70,1,,0.80,6.40,6.20,6,4.90,5.80,4.40,2.90,1.30,0.40
2008-12-20 16:10,2.60,2.41,-0.10,0.58,-1.58,1.78,1.02,1,-2.13,0.41,-0.50,-0.21,-3.39,0.22,0.17,-1.42,-1.89,-4.48,-0.80,-0.90,-2.32,-2.50,-0.16,,2.32,2.42,1.92,-0.09,1.53,0.90,0.74,2.32,-4.89,-0.23,-0.11,-0.14,0.31,-0.27,-1.79,-0.31,-3.50,-3.60,-3.93,0.60,-1.30,1.35,0.90,0.55,0.12,0.43,-0.39,0.59,0.29,0.84,-1.33,-0.09,0,0.10,-0.30,-0.22,-0.73,-0.60,-1.17,-4.79,-1.23,-2.41,4.47,4.14,3.20,0.35,4.17,3.93,4.10,0.78,2.31,4.36,4.40,4.13,2.60,2.68,1.43,1.41,1.92,0.32,2.21,0.63,1.58,2.30,2.72,2.79,-0.75,1.50,1.81,1.70,1.61,2.37,0.08,0.94,0.07,1.01,0.45,0.27,5.30,4.46,4.23,3.04,3.59,1.60,1.58,1.22,1.47,0.60,6.68,4.38,3.72,2.31,2.20,1.75,0.57,0.63,0.50,0.66,0.73,0.71,4.95,6.07,6.20,2.61,3.08,1.28,0.50,,-1.30,-6.70,1.60,0.90,-0.10,,,,,,,1.20,1.40,,0.90,2.70,2.20,0.82,,,,,,,,2.50,1.90,1.50,0.70,0.50,,,,,2.20,,1.30,1.20,6.70,6.20,5.60,,,0.70,,,0.70,,,6.10,5,5.60,4.50,2.90,1.30,
2008-12-20 16:20,2.50,2.75,-0.09,0.58,-1.49,1.35,1.10,0.90,-2.16,0.47,-0.64,-0.14,-3.36,0.08,0.49,-1.45,-2.03,-4.67,-0.70,-0.80,-2.23,-2.26,-0.36,,2.37,2.49,1.90,0.07,1.59,0.80,0.59,2.42,-4.84,-0.25,0.06,-0.10,0.33,-0.21,-1.42,-0.36,-3.80,-3.61,-3.84,0.76,-1.30,1.77,0.90,0.77,0.32,0.47,-0.42,0.44,0.47,0.80,-1.38,0,0.08,0.10,-0.21,-0.22,-0.61,-0.70,-1.12,-4.78,-1.32,-2.31,4.51,4.02,3.10,0.32,4.15,3.94,4.01,0.88,2.38,4.30,4.30,4.31,2.70,2.89,1.54,1.61,2.01,0.39,2.13,0.55,1.50,2.30,2.68,2.82,-0.78,1.43,1.82,1.70,1.33,3.10,0.19,1.06,-0.06,1.03,0.53,0.29,5.34,4.38,4.41,3.22,3.73,1.70,1.57,1.22,1.44,0.63,6.68,4.50,3.78,2.34,2.30,1.77,0.62,0.58,0.40,0.69,0.67,0.84,4.90,5.86,6.30,2.59,3.25,1.43,0.50,,-1.30,-6.70,1.50,0.80,0,,,,,,,1.40,1.60,,0.90,2.60,2.10,0.84,,,,,,,,2.60,1.90,1.20,0.70,0.50,,,,,2.30,,1.30,1.20,6.70,6.40,5.60,,,0.80,,,0.60,,,6.30,4.90,5.70,4.70,2.90,1.30,
2008-12-20 16:30,2.50,2.75,-0.06,0.63,-1.54,1.19,1.18,0.70,-2.10,,-0.54,-0.17,-3.32,0.02,0.82,-1.53,-1.94,-4.46,-0.70,-0.75,-2.07,-2.16,-0.56,,2.37,2.49,1.79,0.02,1.68,0.80,0.46,2.48,-4.72,-0.18,0.07,-0.24,0.50,-0.06,-1.33,-0.32,-3.60,-3.03,-3.68,0.76,-1.30,1.86,1,0.87,0.26,0.46,-0.43,0.38,0.39,0.84,-1.51,0.16,0.52,0.20,-0.17,-0.27,-0.54,-0.70,-1.14,-4.73,-1.38,-2.31,4.35,3.93,3,0.37,4.25,3.89,3.87,0.86,2.48,4.26,4.10,4.33,2.70,3.02,1.47,1.55,2.23,0.30,2.14,0.57,1.58,2.40,2.70,2.93,-0.84,1.39,1.71,1.80,1.49,2.87,0.26,0.98,0.12,1.03,0.46,0.17,5.48,4.39,4.60,3.46,3.92,1.90,1.82,1.07,1.30,0.63,6.70,4.66,3.98,2.43,2.40,1.88,0.54,0.66,0.40,0.83,0.69,0.71,4.90,5.80,6.30,2.78,3.37,1.59,0.40,,-1.10,-6.60,1.60,0.90,0,,,,,,,1.40,1.60,,0.80,2.40,2.10,0.83,,,,,,,,2.70,2,1.10,0.70,0.50,,,,,2.30,,1.20,1.20,6.90,6.60,5.70,,,0.90,,,0.40,,,6.30,4.90,5.70,4.90,3.10,1.20,
2008-12-20 16:40,2.50,2.68,0.04,0.68,-1.45,1.05,1.33,0.70,-2.12,,-0.71,-0.24,-3.32,0.07,0.69,-1.48,-1.88,-4.61,-0.70,-0.66,-2.11,-2.57,-0.61,,2.55,2.47,1.76,0.11,1.69,1,0.55,2.52,-4.78,-0.18,0.05,-0.37,0.59,-0.04,-1.25,-0.26,-3.90,-2.69,-3.69,0.51,-1.30,1.88,1,0.81,0.38,0.55,-0.47,0.53,0.46,0.82,-1.56,0.35,0.68,0.20,-0.14,-0.21,-0.55,-0.70,-1.16,-4.66,-1.39,-2.27,4.47,3.82,3,0.50,4.38,4.12,3.96,0.84,2.38,4.17,4,4.42,2.80,3.27,1.54,1.59,2.39,0.26,1.97,0.63,1.65,2.50,2.64,2.78,-0.77,1.43,1.66,1.90,1.51,3.05,0.29,0.85,0.18,0.99,0.42,0.07,5.45,4.53,4.65,3.79,4.03,2,2,1.10,1.25,0.57,6.80,4.50,4.13,2.45,2.50,2.05,0.55,0.71,0.50,0.74,0.59,0.61,4.89,5.96,6.30,2.98,3.45,1.67,0.40,,-0.80,-6.60,1.70,0.90,-0.20,,,,,,,1.30,1.60,,0.90,2.30,1.90,0.91,,,,,,,,2.80,2,1.20,0.60,0.50,,,,,2.40,,1.20,1.20,6.80,6.50,5.70,,,1,,,0.30,,,6.40,5,5.70,5.10,3.20,1.10,
2008-12-20 16:50,2.50,2.86,0.05,0.71,-1.39,1.03,1.39,0.90,-2.12,,-0.70,-0.33,-3.27,0,0.62,-1.36,-1.93,-4.40,-0.70,-0.71,-2.20,-2.62,-0.40,,2.57,2.31,1.74,0,1.71,1.10,0.71,2.56,-4.73,-0.18,-0.02,-0.34,0.72,-0.05,-1.18,-0.29,-3.90,-3.08,-3.88,0.48,-1.10,1.82,1,0.83,0.39,0.58,-0.40,0.44,0.31,0.95,-1.62,0.46,0.99,0.20,0.07,-0.25,-0.45,-0.70,-1.17,-4.71,-1.47,-2.34,4.62,3.73,2.90,0.39,4.21,4.25,4.20,0.97,2.44,4.05,4,4.29,2.90,3.32,1.62,1.81,2.40,0.22,1.85,0.80,1.61,2.40,2.55,2.61,-0.71,1.26,1.67,1.90,1.48,2.58,0.37,0.86,0.19,1.08,0.20,0.03,5.33,4.59,4.72,3.80,4.22,2.10,1.95,0.86,1.19,0.59,6.85,4.47,4.12,2.49,2.60,2.11,0.60,0.69,0.60,0.77,0.62,0.47,4.91,5.89,6.10,3.11,3.58,1.79,0.40,,-0.70,-6.50,1.80,0.90,-0.20,,,,,,,1.40,1.70,,1,2.30,1.50,1.02,,,,,,,,2.80,2.10,1.20,0.60,0.40,,,,,2.50,,1.20,1.10,6.80,6.50,5.70,,,1,,,0.30,,,6.50,4.90,5.70,5.40,3.20,1,
2008-12-20 17:00,2.50,2.79,0.15,0.67,-1.27,0.88,1.50,1,-2.07,0.63,-0.66,-0.28,-3.31,0.09,0.39,-1.26,-1.88,-3.91,-0.70,-0.73,-2.12,-2.29,-0.23,,2.69,2.14,1.89,-0.07,1.73,1.20,0.89,2.53,-4.67,-0.16,-0.01,-0.28,0.67,-0.19,-1.04,-0.10,-4.10,-3.06,-3.92,0.63,-0.80,1.65,1.10,0.91,0.26,0.59,-0.42,0.15,0.33,0.93,-1.63,0.46,1.22,0.30,0.21,-0.28,-0.42,-0.80,-1.13,-4.73,-1.43,-2.48,4.83,3.66,2.90,0.40,4.22,4.09,4.92,1.02,2.59,4.01,4.10,4.15,2.90,3.49,1.75,1.77,2.24,0.38,1.99,0.83,1.64,2.30,2.39,2.46,-0.75,1.35,1.69,1.80,1.51,2.38,0.34,0.84,0.22,1.08,0.27,0.05,5.26,4.62,4.76,3.76,4.19,2.20,1.77,0.68,1.24,0.65,6.79,4.58,4.11,2.51,2.70,2.28,0.65,0.63,0.70,0.74,0.56,0.27,4.90,5.95,6,3.08,3.49,1.94,0.40,1.90,-0.70,-6.60,2,0.90,-0.10,0.40,5.30,-4,3.10,4.60,3.30,1.40,1.70,1.50,1,2.30,1.50,1.40,,4.90,5.70,4.90,5.40,4.60,3.10,2.90,2.20,1.20,0.60,0.40,6.30,5.20,5,4.40,2.80,1.40,1.20,1.20,6.90,6.60,5.60,5,5,1.10,0.80,,0.20,6.60,6,6.50,5.10,5.80,5.70,3.20,1.20,0.20
2008-12-20 17:10,2.50,2.78,0.22,0.62,-1.40,0.96,1.38,1.10,-1.96,0.69,-0.64,-0.19,-3.21,0.27,0.30,-1.31,-1.85,-4.31,-0.70,-0.55,-2.10,-2.08,-0.13,,2.77,2.24,1.81,0.10,1.75,1,1.18,2.64,-4.70,-0.03,-0.03,-0.20,0.82,-0.22,-1.06,-0.23,-3.70,-3.41,-3.93,0.83,-0.40,1.73,1.10,0.87,0.19,0.58,-0.41,0.07,0.29,0.93,-1.83,0.51,1.39,0.30,0.88,-0.13,-0.41,-0.80,-1.10,-4.58,-1.39,-2.47,4.78,3.65,2.90,0.39,4.11,4.15,5.48,0.97,2.49,4,4.20,4.24,2.90,3.62,1.88,1.89,2.26,0.35,2.18,0.83,1.59,2.40,2.47,2.41,-0.74,1.50,1.69,1.80,1.49,2.91,0.33,0.93,0.17,1.16,0.26,0.02,5.17,4.44,4.67,3.91,4.29,2.30,1.95,0.73,1.28,0.47,6.86,4.59,4.18,2.49,2.90,2.41,0.85,0.73,0.80,1.01,0.47,0.16,4.88,5.92,6,3.13,3.48,2.01,0.50,,-0.70,-6.60,2.10,1,-0.10,,,,,,,1.50,1.70,,1,2.40,1.30,1.14,,,,,,,,3,2.50,1.30,0.70,0.40,,,,,2.80,,1.20,1.30,6.90,6.60,5.60,,,1.20,,,0.20,,,6.50,5,5.70,5.70,3.20,1.20,
2008-12-20 17:20,2.70,2.78,0.15,0.62,-1.30,0.97,1.67,1.30,-1.83,0.74,-0.67,-0.23,-3.19,0.35,0.26,-1.33,-1.84,-4.39,-0.70,-0.78,-2.02,-2.23,-0.09,,2.82,2.34,2.02,0.10,1.80,1,1.22,2.78,-4.74,-0.15,0.21,-0.09,0.90,-0.27,-1.10,-0.23,-3.40,-3.29,-3.85,0.84,-0.20,1.75,1.10,0.83,0.18,0.63,-0.41,-0.01,0.14,0.97,-1.86,0.58,1.34,0.30,0.99,-0.05,-0.24,-0.70,-1.01,-4.49,-1.37,-2.21,4.61,3.64,3,0.32,4.18,4.09,5.52,1.04,2.68,4.05,4.30,4.32,4.09,3.55,1.97,2.10,2.29,0.44,2.34,0.87,1.69,2.40,2.62,2.33,-0.80,1.57,1.68,1.70,1.49,3,0.40,0.92,0.13,1.20,0.37,-0.13,5.26,4.51,4.45,4.07,4.39,2.40,1.90,0.92,1.44,0.47,6.96,4.58,4,2.52,3,2.45,0.79,0.86,0.90,0.98,0.44,0.50,4.91,5.86,6,3.06,3.37,2.10,0.40,,-0.60,-6.60,2.10,1.10,-0.10,,,,,,,1.70,1.90,,1,2.50,1.10,1.06,,,,,,,,3.10,2.60,1.50,0.70,0.50,,,,,2.90,,1.10,1.30,7,6.60,5.70,,,1.30,,,0.20,,,6.60,5,5.70,5.80,3.50,1.30,
2008-12-20 17:30,2.70,2.83,0.10,0.59,-1.40,1.13,2.27,1.50,-1.69,0.75,-0.64,-0.20,-3.19,0.55,0.34,-1.24,-1.76,-4.35,-0.70,-0.79,-2.01,-2.47,0.23,,2.76,2.42,2.06,0.21,1.74,1,1.25,2.72,-4.64,-0.06,0.31,-0.17,0.84,-0.20,-0.95,-0.23,-3.20,-3.31,-3.78,1.04,-0.10,1.75,1.10,0.98,0.28,0.68,-0.51,-0.06,0.32,0.89,-1.84,0.64,1.39,0.40,0.96,-0.07,-0.06,-0.60,-1.06,-4.51,-1.03,-2.29,4.41,3.56,3.10,0.36,4.10,4.01,5.65,1.08,2.57,4.02,4.60,4.33,4.81,3.50,2.03,2.15,2.38,0.37,2.48,0.78,1.71,2.40,2.81,2.47,-0.70,1.64,1.64,1.70,1.56,2.80,0.52,0.91,0.19,1.24,0.36,-0.19,5.12,4.43,4.33,4.15,4.53,2.50,1.96,1.16,1.60,0.44,6.84,4.56,3.96,2.59,3.10,2.62,0.93,1.04,1.10,0.86,0.37,0.48,4.80,5.90,6.10,3.17,3.60,2.17,0.50,,-0.70,-6.60,2.10,1.20,-0.10,,,,,,,1.90,1.90,,1,2.50,1.10,1.05,,,,,,,,3.20,2.60,1.50,0.60,0.50,,,,,3,,0.90,1.20,6.90,6.70,5.70,,,1.40,,,0.20,,,6.50,5,5.70,5.80,3.60,1.30,
2008-12-20 17:40,2.80,2.80,0.20,0.66,-1.30,1.25,2.70,1.50,-1.69,0.81,-0.43,0.02,-3.12,0.66,0.36,-1.36,-1.65,-4.05,-0.80,-0.71,-2.05,-2.52,0.47,,2.73,2.46,2.17,0.23,1.80,1,1.35,2.76,-4.56,-0.02,0.30,0.11,0.84,-0.08,-0.77,-0.28,-3.20,-3.30,-3.75,1.11,0.10,1.75,1.10,0.94,0.64,0.65,-0.53,0.27,0.50,0.87,-1.78,0.67,1.52,0.40,1.04,-0.02,-0.07,-0.60,-1.15,-4.63,-0.76,-2.37,4.54,3.12,2.80,0.33,4,3.55,5.69,1.05,2.65,4.12,4.60,4.46,4.79,3.51,2.10,2,2.30,0.41,2.55,0.74,1.70,2.30,3.08,2.49,-0.75,1.61,1.62,1.90,1.64,2.98,0.41,0.93,0.33,1.23,0.46,-0.19,5.11,4.28,4.27,4.23,4.69,2.60,2.01,1.27,1.81,0.39,6.85,4.63,4.02,2.55,3.30,2.49,1,0.87,1.10,0.83,0.33,0.55,4.71,5.77,6.10,3.27,3.68,2.31,0.50,,-0.70,-6.50,2.40,1.20,-0.30,,,,,,,1.90,2,,1,2.60,1.10,0.92,,,,,,,,3.30,2.60,1.50,0.50,0.40,,,,,3.10,,0.80,1,6.90,6.60,5.80,,,1.40,,,0.20,,,6.60,4.90,5.60,5.70,3.60,1.40,
2008-12-20 17:50,2.80,2.91,0.23,0.59,-1.30,1.20,2.71,1.50,-1.70,0.78,-0.37,0.07,-3.10,0.65,0.43,-1.40,-1.70,-3.20,-0.70,-0.58,-2.05,-2.23,0.66,,2.61,2.60,2.16,0.30,1.78,1.10,1.38,2.87,-4.60,-0.01,0.42,0.27,0.82,0.02,-0.76,-0.28,-3.10,-3.40,-3.60,1.36,0.10,1.71,1.10,0.97,0.58,0.59,-0.46,0.66,0.55,0.84,-1.76,0.83,1.41,0.50,1.03,0.08,-0.18,-0.40,-1.10,-4.51,-0.67,-2.51,4.81,2.85,2.30,0.34,4.04,3.11,5.77,1.04,2.74,4.08,4.70,4.59,4.83,3.55,2.23,2.20,2.27,0.43,2.64,0.69,1.61,2.40,3.11,2.28,-0.74,1.51,1.59,2.10,1.59,3.02,0.36,0.91,0.45,1.23,0.40,-0.16,5.11,4.36,4.29,4.23,4.76,2.80,1.80,1.33,1.87,0.39,7.02,4.66,4.19,2.61,3.40,2.68,0.99,1.07,1.10,0.79,0.18,0.42,4.87,5.62,6.10,3.20,3.89,2.36,0.50,,-0.80,-6.40,2.40,1.30,-0.30,,,,,,,2.10,1.90,,1,2.50,1.10,1.08,,,,,,,,3.40,2.60,1.60,0.50,0.40,,,,,3.20,,0.80,0.90,7.10,6.60,5.80,,,1.50,,,0.30,,,6.70,5.10,5.70,5.70,3.60,1.60,
2008-12-20 18:00,3,2.98,0.37,1,-1,1.21,2.16,1.50,-1.65,0.73,-0.39,0.19,-3.07,0,0.66,-1,-2,-3.74,0,-0.57,-2,-2.01,0.74,2,3,3,2.21,0.38,2,1,1,3,-4.61,0,0.39,0,1,0,-1,0,-3,-4,-3,1,0.10,1.83,1,0.98,0.49,0.55,0,1,0.51,1.03,-1.47,1,1,0,1,0.16,-0.18,0,-0.96,-4.56,-0.55,-2.44,4.49,2.74,2.10,0.35,3.90,3.04,5.78,1.07,2.81,4.13,4.70,4.71,4.98,3.75,2,2.30,2.39,0.50,2.64,0.65,2,2.40,3.07,2.31,-0.68,1.41,2,2,1.40,3.20,0.26,0.83,0.49,1.19,0.33,-0.15,5.15,4.37,4.43,4.38,4.82,3,1.67,1.52,1.91,0.45,7.03,4.60,4.45,2.62,3.30,2.70,1.03,1.11,1.10,0.76,0.20,0.25,4.76,5.60,5.80,3.30,4.30,2.32,0.50,2,-1,-6,2.50,1.30,-0.20,0.30,4.40,-3.60,3.10,4.10,3.60,2.20,2,1.60,1,2.50,1.10,1.40,0.40,4.80,6.10,4.50,5.30,4.60,3.50,3.50,2.60,1.70,0.40,0.50,6.40,5.60,5.30,4.80,3.20,2,0.80,0.80,6.90,6.60,5.90,5.20,5.30,1.60,1.10,0.90,0.30,6.60,6.10,6.60,5.10,5.60,5.70,3.50,1.60,0.20
2008-12-20 18:10,2.90,3,0.56,0.77,-1.30,1.39,2.33,1.60,-1.54,0.79,-0.45,0.18,-2.99,0.41,0.39,-1.32,-1.71,-3.70,-0.60,-0.54,-2.14,-2.18,0.76,,2.64,2.74,2.20,0.80,1.66,1,1.34,2.84,-4.47,0.17,0.41,0.43,1.20,0.11,-0.65,-0.36,-3.20,-3.38,-2.53,1.22,0.10,1.83,1.20,1.06,0.51,0.55,-0.43,0.90,0.55,1.23,-1.21,0.66,1.47,0.60,1.09,0.30,-0.12,0,-0.95,-4.54,-0.39,-2.51,4.81,2.44,1.90,0.26,3.64,3.21,5.62,1.11,2.86,4.16,4.80,4.77,4.92,3.58,2.34,2.65,2.51,0.67,2.83,0.72,1.59,2.40,3.02,2.32,-0.58,1.36,1.50,2.10,1.57,2.52,0.32,0.81,0.47,1.22,0.32,-0.12,5.23,4.40,4.59,4.61,4.78,3,1.81,1.63,1.99,0.39,7.05,4.67,4.55,2.67,3.50,2.76,1.13,1.04,1,0.67,0.26,0.23,4.80,5.64,6.10,3.44,4.02,2.36,0.50,,-0.60,-6.40,2.60,1.30,-0.20,,,,,,,2.40,2.10,,1,2.50,1.10,1.16,,,,,,,,3.70,2.60,1.70,0.40,0.50,,,,,3.30,,0.90,0.70,6.90,6.70,5.90,,,1.60,,,0.30,,,6.70,5.20,5.70,5.70,3.50,1.60,
2008-12-20 18:20,2.80,3.08,0.64,0.77,-1.20,1.54,2.46,1.60,-1.45,0.71,-0.42,0.10,-3.13,0.48,0.33,-1.31,-1.58,-2.98,-0.70,-0.48,-2.08,-2.37,0.84,,2.65,2.78,2.14,0.92,1.75,0.90,1.36,2.78,-4.51,0.31,0.53,0.58,1.30,0.27,-0.56,-0.27,-3.20,-3.45,-2.43,1.06,0.40,1.63,1.20,1.07,0.51,0.55,-0.33,1.05,0.84,1.17,-0.93,0.74,1.36,0.60,1.06,0.23,-0.07,0.20,-1.09,-4.49,-0.40,-2.55,5.29,2.27,1.90,0.37,3.23,3.56,5.76,1.12,2.77,4.48,4.70,4.82,4.91,3.70,2.33,2.71,2.62,0.66,2.86,0.81,1.52,2.40,3.08,2.41,-0.71,1.19,1.54,2.10,1.64,1.99,0.34,0.63,0.39,1.27,0.41,-0.08,5.28,4.31,4.55,4.68,4.83,3.10,1.91,1.86,2.13,0.34,7.05,4.73,4.52,2.67,3.50,2.84,1.15,1.13,0.90,0.67,0.31,0.43,4.91,5.71,6.10,3.50,4.02,2.44,0.40,,-0.40,-6.30,2.80,1.30,0.20,,,,,,,2.40,2.10,,1.10,2.60,1.20,1.25,,,,,,,,3.80,2.70,1.70,0.40,0.70,,,,,3.30,,0.90,0.80,6.90,6.70,6,,,1.70,,,0.40,,,6.70,5.20,5.70,5.80,3.60,1.60,
2008-12-20 18:30,2.80,2.98,0.55,0.78,-1.20,1.55,2.25,1.70,-1.53,0.84,-0.43,0.16,-3.01,0.90,0.64,-1.22,-1.65,-3.56,-0.70,-0.42,-2.02,-2.09,0.68,,2.58,2.86,2.12,1.03,1.84,0.90,1.42,2.93,-4.57,0.36,0.60,0.57,1.12,0.34,-0.53,-0.23,-3.30,-3.36,-2.37,0.98,0.40,1.69,1.20,1.06,0.70,0.55,-0.31,1.20,1.05,1.07,-0.54,0.63,1.54,0.70,1.24,0.17,-0.14,0.30,-1.02,-4.39,-0.32,-2.53,5.43,2.14,1.90,0.35,3.12,3.58,5.78,0.97,2.76,5.50,4.70,4.92,5.03,3.66,2.37,2.76,2.43,0.73,2.97,0.88,1.58,2.40,3.12,2.54,-0.64,1.14,1.45,2.10,1.61,2.88,0.41,0.63,0.34,1.42,0.42,-0.04,5.43,4.40,4.66,4.70,4.87,3.10,1.83,1.81,2.14,0.34,7.08,4.91,4.63,2.77,3.50,2.95,1.16,1.24,0.90,0.79,0.38,0.54,5.02,5.74,6,3.50,4.05,2.52,0.30,,-0.50,-6.20,3,1.30,0.30,,,,,,,2.40,2.10,,1.10,2.40,1.20,1.28,,,,,,,,3.90,2.80,1.80,0.40,0.60,,,,,3.40,,0.90,0.70,6.90,6.80,,,,1.80,,,0.50,,,5.90,5.20,5.60,5.70,3.70,1.70,
2008-12-20 18:40,2.70,3.01,0.51,0.81,-1.20,1.74,2.34,1.80,-1.55,0.74,-0.27,0.27,-2.99,0.95,0.78,-1.05,-1.64,-3.27,-0.60,-0.49,-2.02,-2.13,0.57,,2.54,3.01,2.05,1.02,1.86,0.90,1.44,2.80,-4.54,0.24,0.58,0.52,1.46,0.37,-0.45,-0.20,-3.30,-3.38,-2.21,0.81,0.50,1.48,1.20,0.99,0.64,0.69,-0.20,1.15,0.96,1.09,-0.44,0.68,1.47,0.70,1.24,0.25,-0.19,0.30,-1.03,-4.39,-0.30,-2.56,5.53,2.53,2.10,0.31,3.07,3.35,5.70,0.96,2.70,5.38,4.70,5,5.15,3.71,2.37,3.03,2.37,0.73,3,0.96,1.67,2.30,3.04,2.54,-0.50,1.22,1.40,2.10,1.69,2.51,0.39,0.71,0.32,1.45,0.45,-0.10,5.33,4.57,4.76,4.71,4.95,3.10,1.84,2.02,2.24,0.33,7,4.84,4.61,2.90,3.60,2.95,1.19,1.30,1,0.93,0.44,0.65,4.98,5.69,6,3.58,4.13,2.65,0.30,,-0.50,-6.20,3.10,1.40,0.30,,,,,,,2.60,2.10,,1.20,2.30,1.30,1.37,,,,,,,,4,2.90,1.90,0.30,0.50,,,,,3.40,,0.90,0.60,6.80,6.80,6.10,,,1.90,,,0.50,,,5.80,5.20,5.60,5.60,3.70,1.60,
2008-12-20 18:50,2.70,2.94,0.61,0.73,-1.20,1.65,2.87,1.90,-1.45,0.74,-0.26,0.41,-2.88,0.90,0.88,-1.03,-1.57,-3.49,-0.60,-0.55,-2.14,-2.05,0.62,,2.62,3.01,2.04,1.06,1.91,0.80,1.48,2.56,-4.38,0.18,0.49,0.35,1.50,0.39,-0.42,-0.18,-3.30,-3.27,-2.08,0.77,0.50,1.33,1.20,0.99,0.58,0.56,-0.19,1.04,0.91,1.20,-0.41,0.53,1.53,0.70,1.13,0.25,-0.13,0.30,-0.93,-4.45,-0.38,-2.57,5.49,2.97,2.10,0.39,3.02,3.38,5.57,0.93,2.67,5.38,4.80,4.93,5.18,3.90,2.42,3.05,2.46,0.88,3.17,0.96,1.71,2.40,2.98,2.54,-0.45,1.16,1.40,1.90,1.72,2.62,0.19,0.80,0.30,1.34,0.51,-0.13,5.29,4.58,4.69,4.69,5.01,3.10,1.89,2.05,2.35,0.28,6.84,4.94,4.66,3.07,3.60,2.94,1.16,1.50,1,0.90,0.59,0.62,4.88,5.77,6,3.62,4.18,2.64,0.30,,-0.60,-6.30,3.10,1.40,0.50,,,,,,,2.70,2.20,,1.20,2.30,1.30,1.39,,,,,,,,4.10,2.90,2.10,0.30,0.40,,,,,3.40,,0.90,0.50,7,6.80,6.10,,,1.90,,,0.60,,,5.70,5.40,5.70,5.60,3.80,1.60,
2008-12-20 19:00,2.70,2.90,0.65,0.72,-1.10,1.71,2.91,1.80,-1.35,0.83,-0.24,0.45,-2.78,1.08,1.14,-0.90,-1.54,-3.27,-0.70,-0.38,-2.08,-2.08,0.75,,2.87,3.10,2.18,1.18,2.02,0.90,1.53,2.42,-4.28,0.14,0.35,0.20,1.30,0.31,-0.44,-0.02,-3.50,-3.41,-2.17,1.23,0.50,1.51,1.20,1.05,0.63,0.68,-0.27,1.09,0.86,1.30,-0.32,0.73,1.47,0.80,1.14,0.29,-0.13,0.50,-0.89,-4.43,-0.35,-2.47,5.33,3.25,2.30,0.43,3.01,3.47,5.31,0.98,2.75,5.50,4.80,5,5.49,4.14,2.52,3.07,2.62,0.82,3.22,0.93,1.76,2.40,2.98,2.58,-0.36,1.28,1.44,1.80,1.61,2.59,0.09,0.90,0.23,1.34,0.51,-0.19,5.24,4.56,4.81,4.71,4.92,3.10,1.84,2.06,2.25,0.27,6.82,4.89,4.59,3.17,3.80,3.16,1.39,1.49,1,0.85,0.70,0.68,4.77,5.69,6,3.69,4.55,2.88,0.40,2.10,-0.60,-6.30,3,1.40,0.70,1,4.50,-4.30,3.10,4.50,3.60,2.80,2.10,2.30,1.30,2.30,1.30,1.60,0.90,5,5.80,5.40,4.90,4.20,3.80,4.10,3,2.30,0.30,0.50,6.20,5.30,5.30,5,3.80,3,0.90,0.40,6.90,6.80,6.20,5,5.30,2,1.50,,0.60,6.40,5.70,5.80,5,5.80,5.70,3.80,2.10,0.40
2008-12-20 19:10,2.80,2.79,0.65,0.71,-1.10,1.74,2.72,2,-1.23,0.76,-0.17,0.43,-2.69,1.15,1.11,-0.91,-1.42,-3.26,-0.70,-0.32,-2.07,-1.94,1,,3.01,3.08,2.06,1.28,2.10,1,1.17,2.64,-4.21,0.07,0.39,0.52,1.36,0.26,-0.40,-0.15,-3.70,-3.61,-2.08,1.72,0.60,1.34,1.20,1.06,0.75,0.70,-0.26,1.21,0.93,1.37,-0.25,0.77,1.38,0.80,1.19,0.34,-0.03,0.60,-0.84,-4.38,-0.30,-2.39,5.25,3.26,2.30,0.44,3.19,3.53,5.16,0.91,3,5.62,4.90,4.95,5.40,4.23,2.56,3.17,2.80,0.86,3.15,0.96,1.69,2.50,2.95,2.85,-0.39,1.53,1.50,1.80,1.36,1.98,0.18,0.80,0.28,1.26,0.61,-0.19,5.41,4.56,4.95,4.81,4.81,3.10,1.74,2.07,2.25,0.24,6.77,4.94,4.65,3.25,3.90,3.28,1.33,1.61,0.90,0.87,0.75,0.68,4.42,5.69,5.90,3.58,4.45,2.98,0.40,,-0.50,-6.40,3,1.40,0.90,,,,,,,2.90,2.20,,1.30,2.20,1.40,1.34,,,,,,,,4.10,3.10,2.40,0.30,0.50,,,,,3.80,,0.90,0.40,6.90,6.90,6.20,,,2,,,0.70,,,6,4.40,5.60,5.70,3.80,2.10,
2008-12-20 19:20,2.80,2.71,0.65,0.62,-1.10,1.85,2.69,2,-1.19,0.82,-0.10,0.53,-2.75,1.20,0.91,-0.94,-1.38,-3.35,-0.60,-0.09,-2.07,-2.22,0.95,,3.05,3.04,2.28,1.19,1.97,1,1.33,2.83,-4.10,-0.01,0.42,0.64,1.47,0.33,-0.39,-0.30,-3.90,-3.73,-1.79,1.83,0.60,1.29,1.20,1.13,0.89,0.65,-0.22,1.25,0.81,1.42,-0.31,0.90,1.44,0.80,1.36,0.74,0.07,0.40,-0.77,-4.30,-0.30,-2.28,5.20,3.25,2.30,0.34,3.02,3.39,5.28,0.80,2.90,5.52,4.80,4.90,5.30,4.21,2.60,3.23,2.90,0.79,3.13,0.90,1.68,2.60,2.89,2.85,-0.46,1.52,1.54,1.60,1.31,2.09,0.18,0.74,0.15,1.28,0.60,-0.10,5.45,4.73,5.03,4.57,4.69,3.20,1.81,2.12,2.36,0.33,6.78,4.98,4.71,3.39,4,3.30,1.39,1.48,1,0.84,0.69,0.40,4.33,5.82,5.90,3.69,4.41,2.92,0.40,,-0.40,-6.50,2.80,1.50,1,,,,,,,2.90,2.40,,1.30,2.20,1.30,1.22,,,,,,,,4.20,3.20,2.40,0.30,0.50,,,,,3.80,,0.90,0.40,6.80,6.90,,,,2.10,,,0.70,,,5.90,4.70,5.10,5.70,3.80,2,
2008-12-20 19:30,2.90,2.64,0.63,0.71,-1,2.01,2.65,1.90,-1.02,0.79,0.01,0.50,-2.83,1.24,0.83,-0.90,-1.31,-3.21,-0.60,-0.16,-2.12,-1.78,0.82,,3.09,3.03,2.41,1.23,2.03,0.90,1.18,2.95,-4.14,0.15,0.48,0.57,1.45,0.46,-0.29,-0.26,-3.80,-4.07,-1.94,1.90,0.80,1.24,1.20,1.06,0.93,0.74,-0.31,1.24,0.80,1.43,-0.34,0.75,1.41,0.80,1.18,1.19,0.07,0.40,-0.76,-4.26,-0.28,-2.19,5.33,3.20,2.20,0.23,3.13,3.53,5.17,0.75,2.80,5.36,4.70,4.96,5.30,4.31,2.73,3.33,2.99,0.81,3.12,0.81,1.81,2.60,2.87,2.98,-0.37,1.49,1.59,1.50,1.20,1.97,0.31,0.81,0.21,1.26,0.69,-0.08,5.39,4.86,5.14,4.69,4.80,3.30,1.72,2.13,2.62,0.32,6.71,4.90,5.03,3.60,3.90,3.48,1.45,1.74,0.90,0.62,0.70,0.59,4.28,5.92,6,3.75,4.43,2.96,0.50,,-0.40,-6.60,2.70,1.50,1,,,,,,,3,2.50,,1.20,2.20,1.30,1.13,,,,,,,,4.30,3.30,2.40,0.30,0.40,,,,,3.90,,1,0.50,6.90,7,6.30,,,2.10,,,0.70,,,5.80,4.70,4.70,5.70,4.10,2.20,
2008-12-20 19:40,2.90,2.72,0.68,0.70,-1,2.12,2.46,1.90,-0.95,0.79,0.05,0.38,-2.84,1.10,0.82,-0.95,-1.26,-3.11,-0.50,-0.32,-2.17,-2.26,0.81,,3.10,3.01,2.33,1.30,2.12,0.90,1.11,2.72,-4.11,0.33,0.56,0.64,1.45,0.51,-0.27,-0.04,-3.80,-4.21,-2.01,2.18,0.70,0.99,1.10,0.98,0.84,0.72,-0.39,1.23,0.92,1.44,-0.19,0.75,1.47,0.80,1.22,1.28,0.11,0.30,-0.70,-4.26,-0.33,-2.17,5.44,3.10,2.10,0.13,3.20,3.32,5.33,0.92,2.58,5.29,4.50,4.70,5.20,4.28,2.82,3.35,2.95,0.95,3.16,0.85,1.92,2.50,2.86,2.92,-0.34,1.53,1.63,1.50,1.44,2.45,0.19,0.99,0.30,1.16,0.61,0.07,5.36,4.76,5.03,4.61,4.65,3.30,1.76,2.08,2.78,0.36,6.73,4.95,5.16,3.75,4,3.50,1.48,1.72,0.90,0.48,0.67,0.63,4.03,5.90,6.10,3.78,4.35,2.90,0.50,,-0.40,-6.70,2.70,1.40,1,,,,,,,3,2.50,,1.30,2.20,1.30,1.13,,,,,,,,4.40,3.30,2.40,0.40,0.60,,,,,4.10,,1,0.50,6.80,6.80,6.40,,,2.20,,,0.70,,,5.80,4.80,4.70,5.70,4.10,2.20,
2008-12-20 19:50,2.90,2.79,0.80,0.75,-1,2.35,2.33,1.80,-0.93,0.71,-0.05,0.22,-2.82,1.03,0.89,-0.94,-1.29,-3.32,-0.50,-0.26,-2.17,-2.36,0.79,,3.01,2.89,2.26,1.20,1.99,1,1.13,2.93,-4.11,0.33,0.67,0.60,1.42,0.56,-0.15,-0.07,-3.90,-4.38,-2.15,2.11,0.70,0.94,1.10,0.98,0.76,0.64,-0.21,1.12,0.98,1.47,-0.17,0.79,1.53,0.80,1.47,1.22,0.22,0.10,-0.61,-4.20,-0.28,-2.10,5.43,2.89,2,0.09,3.25,3.21,5.28,1.07,2.43,5.30,4.40,4.60,5.20,4.31,2.94,3.34,3.08,0.95,3.16,0.79,1.84,2.60,3,2.94,-0.41,1.53,1.58,1.50,1.14,1.99,0.28,1.04,0.30,1.16,0.51,0.31,5.36,4.85,4.99,4.53,4.76,3.40,1.76,2.13,2.79,0.30,6.74,4.89,5.07,3.73,4,3.59,1.43,1.78,0.90,0.51,0.56,0.57,4.10,5.47,6.20,3.71,4.59,2.90,0.60,,-0.50,-6.70,2.50,1.10,0.80,,,,,,,3.10,2.50,,1.30,2.20,1.30,1.12,,,,,,,,4.50,3.40,2.40,0.50,0.60,,,,,4.60,,1,0.50,6.80,6.80,6.30,,,2.20,,,0.60,,,5.90,4.90,4.90,5.60,4.20,2.20,
2008-12-20 20:00,3,2.81,0.81,0.79,-0.90,2.57,2.23,1.70,-0.93,0.61,-0.04,0.19,-2.54,0.90,0.98,-0.85,-1.35,-3.03,-0.50,-0.14,-2.24,-1.97,0.76,,2.83,2.79,2.09,0.93,1.87,1.10,1.20,3.01,-4.16,0.33,0.61,0.68,1.69,0.54,-0.22,-0.24,-3.80,-4.44,-2.30,2.07,0.60,0.88,1.10,1.01,0.63,0.57,-0.24,1,0.92,1.57,-0.14,0.79,1.47,0.80,1.39,1.14,0.19,0.20,-0.58,-4.19,-0.15,-2.08,5.13,2.82,2,0.05,3.09,3.24,5.26,1.16,2.47,5.23,4.20,4.52,5.10,4.50,2.94,3.34,3.11,1.04,3.26,0.84,1.76,2.60,3.01,2.98,-0.36,1.53,1.56,1.50,1.33,1.89,0.24,1.17,0.23,1.21,0.53,0.33,5.29,4.90,4.88,4.46,4.80,3.50,1.77,2.18,2.87,0.35,6.81,4.84,4.85,3.74,4,3.60,1.54,1.86,0.90,0.69,0.51,0.60,3.98,4.91,6.10,3.78,4.67,2.91,0.60,1.90,-0.50,-6.70,2.40,1,0.70,1.30,4.20,-5,2.90,4.30,3.20,3.10,2.60,2.50,1.40,2.20,1.30,1.20,0.70,4.90,6.10,4.90,5.40,4.50,4.60,4.50,3.40,2.40,0.50,0.40,6.30,5.80,5.30,4.90,4.80,3.20,1,0.50,6.90,6.90,6.20,4.70,5.40,2.50,1.70,1.90,0.60,6,5.80,6,4.80,5.10,5.70,4.30,2,0.30
2008-12-20 20:10,2.90,2.90,0.91,0.88,-0.90,2.52,2.19,1.70,-0.97,0.77,-0.15,0.15,-2.50,0.81,1.03,-0.80,-1.40,-3.15,-0.50,-0.12,-2.09,-2.12,0.70,,2.92,2.84,2.01,0.87,1.87,0.90,1.24,3.09,-4.37,0.26,0.48,0.61,1.69,0.50,-0.35,-0.12,-3.70,-4.25,-2.07,1.86,0.60,0.86,1.10,0.95,0.71,0.63,-0.29,0.86,0.92,1.52,-0.07,0.69,1.45,0.80,1.40,1.11,0.09,0.20,-0.50,-4.18,-0.29,-2.08,5.14,2.79,1.90,-0.02,3.06,3.02,5.21,1.27,2.50,5.28,4.10,4.48,4.80,4.46,2.97,3.20,3.28,1.04,3.13,0.87,1.80,2.60,3.04,2.90,-0.37,1.44,1.53,1.50,1.28,1.76,0.26,1.14,0.19,1.12,0.48,0.36,5.36,4.89,4.91,4.39,4.71,3.50,1.84,2.14,2.98,0.41,6.97,4.93,4.74,3.73,4.10,3.63,1.59,1.79,0.90,0.72,0.42,0.53,3.93,4.61,5.80,3.77,4.75,3,0.70,,-0.50,-6.60,2.40,0.90,0.70,,,,,,,3.20,2.60,,1.40,2.20,1.20,1.05,,,,,,,,4.50,3.60,2.40,0.60,0.40,,,,,4.80,,1.20,0.60,6.90,6.90,6.20,,,2.50,,,0.60,,,6.30,4.80,5.20,5.70,4.30,2,
2008-12-20 20:20,2.90,2.95,0.78,1.22,-0.70,2.50,2.16,1.70,-0.89,0.90,-0.06,0.16,-2.37,0.82,0.88,-0.76,-1.36,-3.02,-0.40,-0.27,-2.05,-2.23,0.62,,2.92,2.89,2.34,0.84,1.75,0.90,1.35,3.14,-4.28,0.25,0.33,0.47,1.61,0.42,-0.36,-0.08,-3.70,-4.15,-2.03,1.62,0.50,0.84,1.30,0.97,0.63,0.64,-0.20,0.78,0.87,1.41,-0.01,0.62,1.38,0.80,1.30,1.36,0.17,0.20,-0.50,-4.12,-0.26,-1.91,5.09,2.71,1.80,-0.02,3.02,2.91,5.21,1.26,2.35,5.31,4.10,4.27,4.50,4.39,3.02,3.20,3.19,0.96,3.08,0.87,1.93,2.80,2.94,2.93,-0.41,1.31,1.49,1.50,1.25,1.69,0.30,1.15,0.19,1,0.37,0.26,5.44,4.90,5.04,4.33,4.52,3.60,1.81,2.18,3.05,0.44,7.08,4.81,4.66,3.83,4,3.63,1.58,1.82,0.80,0.39,0.42,0.44,4.19,4.45,5.20,3.69,4.60,3.10,0.80,,-0.50,-6.60,2.40,0.80,0.50,,,,,,,3.30,2.70,,1.40,2.40,1,1.01,,,,,,,,4.50,3.50,2.40,0.80,0.50,,,,,5,,1.30,0.60,7.10,7,6.20,,,2.50,,,0.60,,,6.50,4.70,5.10,5.70,4.40,2.10,
2008-12-20 20:30,3,2.84,0.85,1.85,-0.70,2.45,2.33,2.20,-0.84,1.18,-0.10,0.25,-2.30,0.90,1,-0.67,-1.35,-2.93,-0.40,-0.19,-2.05,-2.10,0.37,,2.94,2.91,2.33,0.81,1.65,0.90,1.46,2.99,-4.15,0.32,0.45,0.47,1.61,0.39,-0.34,-0.24,-3.70,-3.93,-2.33,1.54,0.60,0.67,1.10,1.02,0.59,0.52,-0.20,0.91,0.74,1.32,0.08,0.72,1.47,0.80,1,1.41,0.10,0.30,-0.57,-4.12,-0.23,-1.79,5.07,2.89,1.90,-0.06,2.98,2.94,5.29,1.39,2.31,5.51,4.10,4.31,4.30,4.57,3.10,3.30,3.37,1.06,3.08,0.77,1.96,2.80,2.87,3.02,-0.43,1.32,1.52,1.70,1.21,1.52,0.32,1.16,0.24,1.06,0.33,0.20,5.17,4.98,5.04,4.33,4.38,3.70,1.88,2.32,2.95,0.42,7.28,4.69,4.62,3.83,4,3.65,1.66,1.91,0.80,0.41,0.48,0.42,4.40,4.56,5,3.74,4.49,3.08,0.70,,-0.30,-6.60,2.30,0.70,0.50,,,,,,,3.50,2.70,,1.40,2.50,1.10,1.01,,,,,,,,4.50,3.60,2.50,1,0.40,,,,,5,,1.20,0.70,7,7,6.20,,,2.70,,,0.60,,,6.40,5.30,5.10,5.70,4.30,2.20,
2008-12-20 20:40,3.10,3.05,1.18,2.01,-0.60,2.45,2.50,2.50,-0.78,1.25,-0.01,0.16,-2.21,0.94,1.08,-0.49,-1.27,-2.92,-0.40,-0.31,-1.87,-2.14,0.17,,2.94,2.79,2.29,0.79,1.65,1.20,1.52,2.82,-4.08,0.36,0.57,0.52,1.34,0.39,-0.46,-0.20,-3.70,-3.83,-2.39,1.58,0.50,0.70,0.90,0.90,0.62,0.55,-0.15,1.01,0.76,1.17,0.06,0.68,1.54,0.80,0.98,1.21,0.18,0.30,-0.45,-4.06,-0.04,-1.74,5.04,2.81,1.90,0.01,2.90,3.02,5.38,1.53,2.48,5.45,4,4.22,4.30,4.65,3.21,3.40,3.42,0.91,3.13,0.97,1.95,2.80,3.02,3.02,-0.37,1.35,1.43,1.70,1.18,1.33,0.43,1.26,0.32,1,0.59,0.25,5.19,5.16,5.06,4.48,4.32,3.80,1.76,2.37,3.21,0.39,7.34,4.75,4.78,3.82,4.20,3.80,1.64,2.02,0.90,0.71,0.52,0.58,4.44,4.71,4.90,3.77,4.83,3.25,0.80,,-0.40,-6.60,2.30,0.50,0.40,,,,,,,3.50,2.80,,1.50,2.70,1.20,1.02,,,,,,,,4.50,3.60,2.40,1,0.40,,,,,5,,1.20,0.70,7.10,7.20,6.30,,,2.80,,,0.50,,,6.50,6.10,5.10,5.50,4.30,2.40,
2008-12-20 20:50,3.10,3.11,1.17,2.03,-0.70,2.43,2.48,2.60,-0.71,1.20,0.07,0.09,-2.25,0.86,1.04,-0.51,-1.21,-2.95,-0.40,-0.40,-1.80,-2.09,0.20,,2.86,2.74,2.23,0.83,1.57,1.30,1.28,2.70,-3.99,0.26,0.57,0.61,1.36,0.40,-0.52,-0.04,-3.60,-3.90,-2.52,1.41,0.40,0.71,0.90,0.93,0.64,0.54,-0.14,1,0.75,1.14,0.09,0.64,1.55,0.80,1.02,1.12,0.19,0.30,-0.50,-4,0.10,-1.73,5,2.74,1.90,-0.11,3.04,2.85,5.47,1.54,2.39,5.57,4,4.19,4.70,4.57,3.42,3.40,3.59,1,3.10,1.07,2.07,2.80,3.11,3.11,-0.32,1.42,1.31,1.70,1.09,1.23,0.53,1.22,0.44,1.11,0.55,0.31,5.10,5.15,5.15,4.59,4.33,3.90,2.11,2.37,3.11,0.36,7.30,4.65,4.79,3.86,4.10,3.78,1.63,2.12,0.80,0.54,0.60,0.43,4.54,5.20,4.80,3.71,4.94,3.25,0.80,,-0.40,-6.60,2.20,0.30,0.30,,,,,,,3.50,3,,1.50,2.70,1.30,1.16,,,,,,,,4.50,3.70,2.30,1,0.40,,,,,5,,1.30,0.70,7.10,7.30,6.30,,,2.80,,,0.60,,,6.40,6,5.20,5.20,4.30,2.40,
2008-12-20 21:00,3.10,3.14,1.17,2.23,-0.60,2.40,2.59,2.70,-0.66,1.17,0.09,0.12,-2.23,0.93,1.03,-0.59,-1.17,-3.02,-0.40,-0.22,-1.83,-2.11,0.34,,2.98,2.69,2.20,0.69,1.60,1,1.15,2.64,-4.01,0.17,0.60,0.54,1.39,0.44,-0.57,-0.18,-3.60,-3.77,-2.52,1.37,0.30,0.71,0.60,0.81,0.67,0.50,-0.17,0.96,0.77,1.05,0.10,0.66,1.61,0.80,1.01,0.92,0.13,0.20,-0.51,-4,0.15,-1.69,4.87,2.76,1.90,-0.17,2.88,2.87,5.49,1.52,2.49,5.78,4.20,4.32,4.60,4.50,3.79,3.40,3.62,0.91,3.10,1.15,2.17,2.90,3.09,3.02,-0.38,1.51,1.34,1.80,0.90,1.40,0.55,1.20,0.68,1.12,0.56,0.34,5.06,5.03,5.03,4.47,4.37,4.10,2.20,2.41,3.14,0.32,7.39,4.54,4.69,3.99,4.20,3.78,1.69,2.11,0.90,0.68,0.55,0.34,4.59,5.44,4.80,3.60,4.85,3.35,0.80,2.30,-0.40,-6.60,2.20,0.20,0.30,1.10,4.40,-5.30,2.90,3.70,3.30,3.60,3.10,2.70,1.60,2.70,1.40,1.30,0.50,4.80,6,5.50,5.90,4.70,3.50,4.50,3.90,2.30,1.10,0.40,6.40,5.90,5.30,4.90,4.40,3.40,1.40,0.70,7.10,7.20,6.10,4.80,5.50,2.80,2,2.20,0.70,5.60,5.50,6.60,6.10,5.30,4.90,4.40,2.50,0.40
2008-12-20 21:10,3.10,3.19,1.34,2.41,-0.50,2.18,2.71,2.70,-0.63,1.28,0.14,0.08,-2.22,0.96,1.10,-0.46,-1.15,-2.94,-0.30,-0.18,-1.82,-1.96,0.43,,3.03,2.73,2.27,0.72,1.80,0.80,0.96,2.61,-3.96,0.20,0.53,0.58,1.32,0.41,-0.54,-0.18,-3.70,-3.99,-2.64,1.38,0.40,0.70,0.60,0.86,0.74,0.44,-0.23,0.92,0.69,1.02,0.04,0.66,1.55,0.80,0.92,0.77,0.06,0.40,-0.54,-4.08,0.27,-1.69,4.81,2.78,1.90,-0.11,2.87,2.81,5.50,1.38,2.51,6.01,4.40,4.34,4.50,4.35,3.75,3.58,3.66,1.11,3.09,1.13,2.09,3,3.14,3,-0.25,1.49,1.39,1.70,1.10,1.65,0.54,1.20,0.67,1.16,0.51,0.27,5.22,5.04,5.05,4.79,4.36,4.20,2.36,2.48,3.24,0.31,7.43,4.46,4.69,3.94,4.10,3.74,1.81,2.41,0.90,0.76,0.74,0.35,4.65,5.63,4.80,3.44,4.59,3.44,0.90,,-0.30,-6.70,2.20,0.10,0.40,,,,,,,3.70,3.10,,1.60,2.80,1.40,1.08,,,,,,,,4.40,3.90,2.40,1.10,0.40,,,,,4.40,,1.50,0.50,7.10,7.30,6.10,,,2.80,,,0.60,,,6.60,6.10,5.50,4.80,4.30,2.40,
2008-12-20 21:20,3,3.14,1.28,2.50,-0.40,2.03,2.91,2.80,-0.61,1.30,0.20,0.03,-2.10,1.07,1.17,-0.56,-1.18,-2.93,-0.30,-0.29,-1.76,-1.67,0.56,,3.08,2.72,2.53,0.74,2,0.80,0.90,2.49,-3.86,0.19,0.55,0.39,1.30,0.47,-0.55,-0.23,-3.90,-4.13,-2.70,1.17,0.50,0.76,0.60,0.70,0.68,0.45,-0.26,0.88,0.64,0.89,0.09,0.71,1.54,0.80,1.01,0.68,0.08,0.30,-0.58,-4.05,0.19,-1.80,4.73,2.70,1.90,-0.14,2.98,3.01,5.48,1.37,2.39,5.84,4.50,4.31,4.48,4.34,3.88,3.64,3.84,1.16,2.99,1.11,2.14,3,3.22,2.97,-0.27,1.48,1.38,1.80,1.08,1.92,0.60,1.13,0.63,1.28,0.59,0.25,5.18,4.93,5.11,4.90,4.39,4.20,2.38,2.55,3.36,0.31,7.36,4.44,4.76,3.87,4,3.83,1.91,2.34,1.10,0.73,0.54,0.72,4.82,5.72,4.90,3.46,4.83,3.48,1,,-0.20,-6.70,2.20,0.10,0.50,,,,,,,3.80,3.20,,1.70,2.90,1.40,0.97,,,,,,,,4.50,3.90,2.50,1,0.40,,,,,4.40,,1.50,0.40,7,7.20,6.20,,,2.90,,,0.40,,,6.50,6.10,5.60,4.70,4.30,2.40,
2008-12-20 21:30,3.10,3.26,1.40,2.70,-0.40,2.10,3,3,-0.59,1.38,0.29,0.17,-1.94,1.04,1.25,-0.57,-1.17,-3.07,-0.30,-0.20,-1.88,-1.75,0.59,,3.01,2.67,2.63,0.79,2.18,0.90,1.03,2.41,-3.89,0.28,0.44,0.31,1.31,0.38,-0.49,-0.25,-4,-4.17,-2.59,1.03,0.60,1.04,0.80,0.74,0.38,0.46,-0.09,0.84,0.65,0.84,0.11,0.74,1.38,0.80,1.24,0.63,0.06,0.20,-0.57,-4.01,0.06,-1.70,4.99,2.73,1.90,-0.24,3.01,3.06,5.49,1.24,2.54,5.94,4.50,4.25,4.61,4.27,4.06,3.66,3.80,1.23,2.97,1.29,2.20,3,3.29,2.93,-0.23,1.50,1.55,1.80,1.05,1.95,0.69,0.95,0.54,1.28,0.61,0.27,5.15,4.82,5.15,4.87,4.50,4.30,2.53,2.63,3.35,0.31,7.36,4.42,4.72,3.98,3.90,3.86,1.96,2.46,1.10,0.73,0.57,0.61,4.87,5.85,4.90,3.45,4.79,3.71,1,,0.10,-6.80,2.10,0.10,0.40,,,,,,,3.80,3.30,,1.70,2.90,1.40,0.84,,,,,,,,4.30,3.80,2.30,1,0.40,,,,,4.40,,1.60,0.40,7.10,7.30,6.20,,,3,,,0.40,,,6.70,6.20,5.60,4.70,4.30,2.40,
2008-12-20 21:40,3.10,3.50,1.32,2.86,-0.30,2.02,3.04,3.30,-0.64,1.72,0.37,0.33,-1.76,1.13,1.24,-0.55,-1.12,-3.11,-0.30,-0.25,-1.96,-1.92,0.55,,2.99,2.69,2.48,0.72,2.38,1.10,0.97,2.26,-3.68,0.23,0.40,0.34,1.25,0.37,-0.53,-0.16,-4.10,-4.30,-2.50,0.99,0.60,1.18,1,0.81,0.53,0.52,-0.09,0.75,0.53,0.78,0.08,0.68,1.44,0.80,1.16,0.58,-0.01,0.10,-0.57,-4.01,0.04,-1.72,4.73,2.65,1.90,-0.25,2.81,2.83,5.31,1.11,2.44,6,4.50,4.15,4.67,3.95,3.93,3.66,3.94,1.34,2.98,1.39,2.19,3,3.31,2.87,-0.07,1.60,1.70,1.90,0.81,2.22,0.72,0.98,0.56,1.27,0.64,0.23,5.14,4.96,5.10,4.98,4.77,4.30,2.74,2.72,3.36,0.26,7.34,4.27,4.65,3.97,3.90,3.92,1.93,2.43,1.10,0.78,0.54,0.45,4.72,5.90,5,3.62,4.76,3.67,1,,0,-6.90,2.20,0.10,0.40,,,,,,,3.80,3.30,,1.80,2.90,1.40,0.73,,,,,,,,4.30,3.90,2.40,1.10,0.40,,,,,4.50,,1.60,0.40,7,7.20,6,,,3.10,,,0.40,,,6.70,6.20,5.70,4.70,4.40,2.40,
2008-12-20 21:50,3.20,3.53,1.42,2.92,-0.30,2.04,3.14,3.40,-0.58,1.86,0.36,0.31,-1.78,1.36,1.27,-0.51,-1.13,-2.86,-0.30,-0.30,-1.98,-1.96,0.57,,3.16,2.87,2.51,0.76,2.43,0.90,1.05,1.97,-3.54,0.19,0.34,0.23,1.29,0.37,-0.48,-0.22,-4.20,-4.42,-2.50,0.94,0.50,1.31,1.30,0.92,0.45,0.50,-0.20,0.79,0.56,0.69,0.12,0.76,1.42,0.80,1.01,0.50,0,0,-0.52,-4.06,0.05,-1.64,4.68,2.71,1.80,-0.25,2.74,3,5.24,1.07,2.34,5.80,4.50,4.30,4.64,3.80,4.04,3.67,3.80,1.32,3.04,1.34,2.22,3,3.32,2.88,-0.11,1.63,1.66,1.90,0.93,2.20,0.71,1.10,0.64,1.29,0.71,0.34,4.89,4.78,5.09,4.96,4.93,4.40,2.85,2.74,3.38,0.26,7.35,4.16,4.71,4.06,3.90,3.93,1.89,2.45,1.10,0.83,0.50,0.42,4.79,5.93,5,3.61,4.52,3.57,1.10,,-0.20,-6.90,2.10,0.10,0.40,,,,,,,3.70,3.20,,1.80,3,1.40,0.74,,,,,,,,4.40,4.10,2.50,1.10,0.30,,,,,4.40,,1.70,0.40,7.10,7.30,5.80,,,3.20,,,0.40,,,6.60,6.30,5.80,4.60,4.40,2.50,
2008-12-20 22:00,3.30,3.47,1.61,3.05,-0.20,2.17,3.17,3.50,-0.65,1.93,0.36,0.30,-1.67,1.46,1.23,-0.36,-1.10,-2.94,-0.30,-0.31,-2.08,-2.10,0.70,,3.10,2.92,2.81,0.62,2.57,0.80,1.13,1.81,-3.54,0.24,0.37,0.26,1.22,0.35,-0.57,-0.06,-4.30,-4.59,-2.65,1.03,0.40,1.36,1.50,0.97,0.34,0.55,-0.13,0.67,0.49,0.58,0.06,0.73,1.38,0.70,0.98,0.51,-0.03,0,-0.47,-4.06,-0.03,-1.68,4.80,2.67,1.90,-0.31,2.67,2.99,5.33,1.24,2.23,5.72,4.50,4.34,4.59,3.86,3.95,3.50,4.05,1.32,3.14,1.32,2.28,3,3.33,2.89,-0.08,1.80,1.79,2,0.91,2.17,0.70,1.22,0.62,1.26,0.62,0.43,5.03,4.87,4.93,4.98,4.88,4.60,2.76,2.82,3.49,0.20,7.25,3.98,4.72,4,3.90,3.96,1.93,2.61,1.10,0.83,0.40,0.54,4.75,6.02,5.10,3.46,4.37,3.60,1.10,2.90,-0.20,-7,2.10,0,0.40,0.90,4.20,-5.50,3,3.30,3.10,3.90,3.20,2.90,2.10,3,1.50,0.90,0.80,4.90,5.60,5.50,5.60,4.70,3.80,4.30,4.30,2.60,1,0.40,6.40,5.90,5.60,5.20,4.30,3.90,1.80,0.40,7,7.30,5.50,4.70,5.80,3.40,2.20,,0.50,5.90,5.90,6.60,6.30,5.70,4.50,4.40,2.60,0.60
2008-12-20 22:10,3.30,3.56,1.59,3,-0.20,2.21,3.26,3.50,-0.60,1.73,0.42,0.43,-1.64,1.36,1.17,-0.35,-0.70,-3.14,-0.30,-0.22,-1.97,-1.92,0.85,,3.20,3,2.91,0.46,2.64,0.70,1.07,1.76,-3.54,0.22,0.39,0.32,1.13,0.34,-0.65,-0.06,-4.30,-4.68,-2.70,0.82,0.30,1.37,1.50,1.06,0.45,0.60,-0.29,0.80,0.38,0.53,0.12,0.71,1.10,0.70,1.14,0.50,-0.08,0,-0.59,-4.24,0.17,-1.65,4.81,2.65,1.80,-0.31,2.78,2.72,5.25,1.21,2.19,5.71,4.50,4.39,4.76,3.98,3.97,3.50,3.95,1.27,3.25,1.41,2.35,3,3.36,2.91,0.10,1.91,1.80,2.10,0.92,2.20,0.69,1.30,0.60,1.38,0.62,0.59,5.03,4.87,4.99,5.09,4.92,4.60,2.90,2.92,3.49,0.21,7.18,3.92,4.70,3.93,3.90,3.86,1.97,2.76,1.10,0.96,0.42,0.56,4.83,6.03,5.20,3.45,4.37,3.69,1.10,,-0.10,-7.10,2.10,0.10,0.40,,,,,,,3.90,3.20,,2.10,3.10,1.50,0.80,,,,,,,,4.20,4.30,2.70,1.10,0.40,,,,,4.30,,1.90,0.40,7,7.30,,,,3.40,,,0.50,,,6.70,6.30,5.70,4.50,4.30,2.70,
2008-12-20 22:20,3.40,3.56,1.43,2.98,-0.10,2.22,3.18,3.60,-0.57,1.68,0.55,0.71,-1.62,1.07,1.10,-0.39,-0.42,-3.12,-0.30,-0.22,-1.96,-1.89,0.94,,2.91,3.02,2.88,0.56,2.63,1.20,0.86,1.44,-3.36,0.29,0.42,0.32,1,0.38,-0.65,-0.34,-4.50,-4.82,-2.97,0.67,0.40,1.37,1.50,1.15,0.36,0.52,-0.30,0.83,0.27,0.51,0.11,0.62,0.96,0.60,1.14,0.42,0,0,-0.66,-4.26,0.20,-1.66,4.78,2.56,1.80,-0.37,2.82,2.76,5.23,1.23,2.13,5.87,4.60,4.39,4.73,4.29,4.01,3.40,4.06,1.20,3.30,1.46,2.32,2.90,3.41,2.90,0.23,1.92,1.88,2.10,1.04,2.11,0.65,1.36,0.65,1.38,0.62,0.75,5.15,4.85,5.06,5.19,5,4.70,3.06,3.01,3.51,0.29,7.16,4.04,4.64,3.93,3.80,3.72,2.01,2.74,1.10,0.94,0.64,0.44,4.85,6.21,5.30,3.72,4.50,3.65,1.20,,0,-7.30,2.10,0.40,0.40,,,,,,,3.90,3.30,,2.10,3,1.50,0.92,,,,,,,,4.20,4.30,2.60,1.20,0.40,,,,,4.30,,2,0.50,7,7.20,5.40,,,3.40,,,0.60,,,6.70,6.30,5.70,4.50,4.30,2.80,
2008-12-20 22:30,3.40,3.44,1.49,2.93,-0.10,2.46,3.35,3.70,-0.57,1.86,0.63,0.87,-1.65,1.04,1.35,-0.29,-0.22,-3.17,-0.30,-0.14,-1.83,-1.91,0.98,,2.82,3.06,3.15,0.48,2.64,1.30,0.87,1.33,-3.27,0.47,0.49,0.38,0.90,0.39,-0.62,-0.34,-4.60,-5.24,-3.05,0.58,0.50,1.43,1.50,1.17,0.43,0.49,-0.19,0.78,0.18,0.54,0.04,0.44,0.90,0.60,1.02,0.40,-0.03,0,-0.66,-4.13,-0.01,-1.64,4.71,2.36,1.80,-0.48,2.76,2.94,5.18,1.19,2.07,5.72,4.60,4.32,4.80,4.28,3.94,3.20,4.05,1.37,3.35,1.63,2.50,2.90,3.52,3.04,0.19,2.12,1.96,2.20,1.14,2.56,0.67,1.41,0.63,1.47,0.51,0.75,5.11,4.87,5.06,5.10,5.06,4.70,3.17,3,3.60,0.29,7.17,4.05,4.80,3.84,3.80,3.71,2.13,2.77,1.20,0.97,0.56,0.41,4.82,6.13,5.60,3.80,4.50,3.83,1.20,,0.10,-7.40,2,0.30,0.30,,,,,,,3.80,3.30,,2.10,3,1.40,0.89,,,,,,,,4.20,4.30,2.70,1.10,0.50,,,,,4.30,,2,0.60,7,7.30,5.60,,,3.40,,,0.60,,,6.80,6.40,5.70,4.50,4.40,2.80,
2008-12-20 22:40,3.40,3.45,1.50,2.85,0,2.46,3.35,3.80,-0.54,2.19,0.70,1.06,-1.55,1.18,1.45,-0.27,-0.24,-3.15,-0.20,-0.15,-1.86,-1.73,1.08,,3,3.03,3.25,0.68,2.71,1.30,0.88,1.27,-3.22,0.57,0.57,0.40,0.67,0.43,-0.66,-0.29,-4.70,-5.51,-3.31,0.41,0.50,1.57,1.70,1.30,0.38,0.50,-0.15,1.05,0.21,0.56,0.01,0.42,0.88,0.70,0.74,0.39,-0.08,0.10,-0.64,-4.04,0.05,-1.62,4.62,2.42,1.80,-0.50,2.93,2.76,5.05,1.17,2.21,5.73,4.50,4.34,4.77,4.35,4.02,3.10,4.24,1.31,3.34,1.71,2.69,3,3.62,3.17,0.15,2.29,2.10,2.20,1.10,2.52,0.69,1.49,0.61,1.45,0.57,0.67,5.13,4.81,4.99,5,5.03,4.80,3.15,2.98,3.67,0.32,7.13,4.14,4.65,3.90,3.80,3.63,2.17,2.88,1.20,1,0.55,0.28,4.80,6.05,5.90,3.67,4.73,3.96,1.20,,0.20,-7.60,1.50,0.40,0.30,,,,,,,3.80,3.30,,2.20,3.10,1.40,1.08,,,,,,,,4.40,4.30,2.90,1.20,0.50,,,,,4.30,,2,0.70,7,7.40,5.90,,,3.30,,,0.60,,,6.80,6.30,5.70,4.50,4.40,2.60,
2008-12-20 22:50,3.40,3.51,1.44,2.74,-0.10,2.46,3.33,3.80,-0.51,2.32,0.77,1.22,-1.57,1.33,1.30,-0.20,-0.31,-2.94,-0.20,-0.31,-1.93,-1.78,0.99,,3.06,3.10,3.35,0.69,2.74,1.40,0.83,1.14,-3.15,0.46,0.63,0.67,0.71,0.64,-0.61,-0.27,-4.80,-5.44,-3.33,0.43,0.60,1.58,1.70,1.33,0.40,0.48,-0.06,1.14,0.33,0.52,0.01,0.18,0.93,0.70,0.63,0.38,-0.12,0,-0.67,-4.12,0.08,-1.79,4.65,2.47,1.80,-0.49,2.95,2.83,5.05,1.14,2.07,5.57,4.70,4.37,4.69,4.57,3.93,3.10,4.33,1.38,3.36,1.74,2.68,3.10,3.59,3.13,0.23,2.40,2.14,2.20,1.27,2.70,0.71,1.58,0.66,1.44,0.61,0.65,4.93,4.65,5.08,5.18,5.03,4.80,3.20,3.14,3.69,0.29,7.07,4.27,4.73,3.92,3.80,3.66,2.14,2.84,1.30,1.01,0.47,0.70,4.82,6.06,6.10,3.58,4.65,3.84,1.40,,0.10,-7.70,1.40,0.40,0.40,,,,,,,3.80,3.30,,2.20,3.10,1.50,1.23,,,,,,,,4.40,4.50,2.90,1.20,0.50,,,,,4.40,,2,0.70,7,7.20,,,,3.30,,,0.60,,,6.80,6.40,5.90,4.60,4.40,2.60,
2008-12-20 23:00,3.50,3.54,1.52,2.78,0,2.60,3.29,3.80,-0.55,2.49,0.85,1.27,-1.55,1.25,1.42,-0.29,-0.33,-2.96,0.20,-0.44,-1.94,-2.16,0.61,,3.10,3.13,3.35,0.71,2.69,1.20,0.66,1.09,-3.15,0.51,0.60,0.70,1.01,0.63,-0.56,-0.24,-4.80,-5.46,-3.35,0.25,0.60,1.52,1.80,1.39,0.41,0.49,-0.02,1.24,0.46,0.44,-0.02,0.20,1.21,0.60,0.69,0.38,-0.14,0,-0.62,-4.17,0.04,-1.81,4.81,2.51,1.80,-0.45,2.88,2.76,5.09,1.19,2.09,5.68,4.80,4.37,4.90,4.63,3.83,3,4.38,1.45,3.33,1.96,2.78,3.20,3.60,3.42,0.29,2.45,2.26,2.20,1.62,2.39,0.77,1.61,0.67,1.46,0.69,0.60,5.08,4.78,5.27,5.20,5.03,4.80,3.19,3.25,3.73,0.33,7.05,4.37,4.85,3.87,3.80,3.82,2.15,2.64,1.20,1.13,0.45,0.44,4.96,6.13,6.10,3.60,4.29,3.86,1.40,3,-0.20,-7.80,1.30,0.50,0.50,0.50,4,-5.50,3,4.80,3.90,3.60,3.30,2.90,2.30,3.10,1.60,1.40,,4.90,5.70,5.50,5.50,5,4.50,4.40,4.30,3,1.20,0.60,6.50,6.30,5.50,5.30,4.70,4.30,1.90,0.70,6.90,7.20,6.10,4.80,5.70,3.30,2.50,2.50,0.70,6,6.20,6.80,6.40,5.80,4.90,4.30,2.90,0.70
2008-12-20 23:10,3.50,3.43,1.50,2.73,-0.20,2.75,3.20,3.90,-0.59,2.72,1.01,1.17,-1.54,1.20,1.60,-0.13,-0.21,-2.97,0.40,-0.44,-2.01,-2.19,0.63,,3.17,3.15,3.12,0.76,2.71,1.40,0.58,1.23,-3.08,0.53,0.49,0.44,1.53,0.53,-0.51,-0.30,-4.80,-5.52,-3.53,0.37,0.30,1.78,1.80,1.46,0.39,0.51,-0.17,1.34,0.78,0.57,-0.06,0.28,1.32,0.60,0.66,0.40,-0.15,0,-0.65,-4.02,-0.11,-1.91,4.61,2.51,1.90,-0.50,2.76,2.83,5.21,1.14,2.08,5.38,5,4.23,4.79,4.70,3.63,2.90,4.44,1.54,3.41,2.12,2.83,3.20,3.49,3.23,0.23,2.45,2.38,2.20,1.54,2.41,0.81,1.64,0.62,1.39,0.68,0.66,5.09,4.77,5.44,5.10,5.07,4.90,3.36,3.33,3.83,0.39,7.01,4.47,4.79,3.83,3.80,3.80,2.28,2.72,1.10,0.96,0.55,0.35,5.19,6.21,6.10,3.60,4.43,3.92,1.40,,-0.20,-7.80,1.30,0.40,0.50,,,,,,,3.60,3.20,,2.30,3.10,1.70,1.38,,,,,,,,4.50,4.20,3.10,1.20,0.60,,,,,4.70,,2,0.70,6.90,7.20,6.10,,,3.30,,,0.70,,,6.80,6.60,6,4.90,4.20,3,
2008-12-20 23:20,3.50,3.35,1.54,2.86,-0.10,2.77,3.24,3.90,-0.58,2.80,1.06,1.44,-1.53,1.34,1.51,-0.19,-0.12,-3.12,0.60,-0.52,-1.91,-1.97,0.63,,3.27,3.14,2.99,0.80,2.77,1.30,0.60,1.38,-3.04,0.48,0.41,0.53,1.48,0.56,-0.64,-0.13,-4.90,-5.48,-3.56,0.14,0.10,1.78,1.90,1.40,0.46,0.49,-0.17,1.51,0.87,0.63,-0.06,0.45,1.21,0.50,0.57,0.38,-0.18,0,-0.70,-4.18,-0.15,-2.26,4.36,2.53,1.80,-0.60,2.77,3,5.08,1.07,2.36,5.51,4.90,4.28,4.61,4.56,3.63,2.80,4.49,1.57,3.41,2.19,2.84,3.30,3.61,3.28,0.25,2.40,2.38,2.30,1.72,2.59,0.75,1.67,0.72,1.38,0.72,0.77,5.16,4.75,5.41,5.07,5.11,4.80,3.43,3.41,3.83,0.47,6.78,4.60,4.77,3.85,3.80,3.90,2.25,2.84,1.10,0.90,0.54,0.59,5.15,6.21,6.10,3.47,4.30,3.69,1.50,,-0.10,-7.90,1.30,0.50,0.70,,,,,,,3.60,3.20,,2.30,3,1.70,1.37,,,,,,,,4.50,4,3.10,1.10,0.60,,,,,4.90,,2,0.80,6.80,7.30,6.30,,,3.20,,,0.70,,,6.80,6.60,6.20,5.40,4.20,3,
2008-12-20 23:30,3.40,3.21,1.62,3,-0.02,2.71,3.30,3.80,-0.64,2.96,1.14,1.33,-1.45,1.30,1.48,-0.10,-0.30,-3.16,0.70,-0.65,-2.05,-2.13,0.61,,3.29,3.14,3.09,0.67,2.71,1.30,0.66,1.48,-3.02,0.56,0.46,0.53,1.06,0.59,-0.77,0.04,-4.80,-5.59,-3.50,0.09,0,1.92,2,1.52,0.58,0.53,-0.11,1.63,1.01,0.72,0.01,0.57,1.11,0.60,0.65,0.29,-0.17,-0.10,-0.72,-4.01,-0.09,-2.19,4.50,2.47,1.80,-0.58,2.89,3.04,5.21,1.12,2.62,5.72,4.70,4.34,4.52,4.61,3.67,2.60,4.54,1.72,3.48,2.18,2.84,3.30,3.61,3.47,0.40,2.42,2.54,2.50,1.71,2.58,0.80,1.74,0.70,1.43,0.67,1.03,5.15,4.69,5.44,5.05,5.26,4.80,3.36,3.51,3.85,0.52,6.77,4.74,4.76,3.96,3.90,3.87,2.22,2.79,1.10,1.08,0.56,0.45,5.20,6.21,6.20,3.36,4.29,3.61,1.50,,-0.20,-7.90,1.50,0.50,0.60,,,,,,,3.40,3,,2.30,3,1.80,1.49,,,,,,,,4.40,3.90,3.20,1.20,0.80,,,,,5,,2,0.80,6.80,7.20,,,,3.20,,,0.70,,,6.80,6.70,6.30,5.50,4.20,2.90,
2008-12-20 23:40,3.40,3.30,1.57,3.07,-0.08,2.67,3.24,3.80,-0.64,3.32,1.46,1.40,-1.46,1.47,1.40,0.02,-0.16,-3.21,0.80,-0.62,-2,-2.16,0.59,,3.29,3.22,3.26,0.81,2.74,1.40,0.72,1.69,-3.05,0.67,0.50,0.51,0.90,0.55,-0.83,-0.09,-4.80,-5.58,-3.68,0.28,0,2,2.10,1.57,0.48,0.58,-0.08,1.62,1.02,0.72,0.04,0.53,1.30,0.50,0.68,0.31,-0.12,0,-0.77,-4.06,-0.12,-2.18,4.54,2.50,1.80,-0.57,2.86,3.09,5.16,1.18,2.60,5.67,4.80,4.24,4.56,4.65,3.55,2.60,4.55,2,3.48,2.16,2.85,3.30,3.66,3.42,0.37,2.52,2.50,2.50,1.77,3.14,0.86,1.63,0.83,1.51,0.71,1.04,5.22,4.76,5.27,4.98,5.28,4.70,3.43,3.63,3.85,0.50,6.81,4.69,4.77,3.96,3.90,3.91,2.29,2.80,1.10,1.16,0.52,0.59,5.33,6.20,6.30,3.26,4.13,3.64,1.50,,-0.40,-7.90,1.70,0.80,0.70,,,,,,,3.50,3,,2.30,3.10,1.80,1.54,,,,,,,,4.50,3.80,3.40,1.30,0.90,,,,,5.10,,2,0.90,6.80,7.20,6.30,,,3.10,,,0.70,,,6.70,6.80,6.30,5.60,4.10,3,
2008-12-20 23:50,3.30,3.45,1.51,3.08,-0.03,2.85,3.22,3.80,-0.72,3.48,1.52,1.65,-1.46,1.32,1.38,-0.02,-0.20,-3.11,0.80,-0.48,-2.06,-2.26,0.60,,3.33,3.26,3.37,0.84,2.73,1.30,0.68,1.57,-3.04,0.73,0.57,0.66,0.92,0.58,-0.88,-0.19,-4.70,-5.67,-3.76,0.26,0,1.94,2,1.55,0.51,0.51,0.06,1.62,1,0.76,-0.03,0.78,1.21,0.60,0.60,0.36,-0.15,0,-0.80,-4.02,-0.15,-2.14,4.37,2.47,1.70,-0.66,2.80,3.09,5.11,1.30,2.65,5.55,4.80,4.24,4.64,4.54,3.50,2.80,4.38,2.18,3.58,2.15,2.87,3.40,3.69,3.40,0.34,2.58,2.52,2.50,1.90,2.80,0.92,1.78,0.85,1.63,0.71,1.11,5.34,4.79,5.35,5.01,5.24,4.60,3.46,3.62,3.94,0.49,6.76,4.85,4.79,3.85,4,3.97,2.41,2.97,1.10,1.06,0.59,0.57,5.40,6.30,6.30,3.16,3.96,3.65,1.50,,-0.30,-7.90,1.70,0.80,0.60,,,,,,,3.50,3.10,,2.40,3.20,1.90,1.47,,,,,,,,4.60,4,3.30,1.30,1,,,,,5,,2,0.90,6.70,7.10,6.30,,,3.20,,,0.70,,,6.70,6.80,6.30,5.60,4.10,3.10,
2008-12-21 00:00,3.30,3.46,1.49,3.12,-0.10,2.87,3.16,3.80,-0.76,3.51,1.58,1.66,-1.54,1.39,1.38,-0.09,-0.13,-3.39,,-0.45,-2.01,-2.35,0.56,,3.34,3.33,3.44,0.86,2.73,1.40,0.81,1.63,-3.09,0.71,0.42,0.47,0.86,0.58,-0.88,-0.13,-4.80,-5.52,-3.64,0.21,0,1.99,1.90,1.52,0.67,0.41,0.01,1.73,1.04,0.88,0.11,0.79,1.35,0.60,0.64,0.33,-0.17,0,-0.79,-4,-0.15,-2.20,4.36,2.46,1.70,-0.59,2.83,3.11,5.05,1.35,2.70,5.63,4.80,4.18,4.66,4.64,3.45,3,4.17,2.30,3.57,2.11,3,3.50,3.72,3.41,0.36,2.58,2.55,2.50,1.96,3.02,0.93,1.87,0.94,1.56,0.68,1.13,5.23,4.72,5.41,5.02,5.16,4.60,3.29,3.63,4.03,0.56,6.79,4.76,4.77,3.93,4.10,3.94,2.46,3.08,1.10,1.09,0.57,0.43,5.39,6.21,6.40,3.11,4.13,3.68,1.60,2.80,-0.30,-7.90,1.80,0.80,0.70,0.80,4.10,-5.50,3,5.10,4.30,3.40,3.10,3.20,2.50,3.20,1.90,1.50,1.20,5,5.80,5.50,5.50,5.10,4.50,4.70,4,3.40,1.40,1.20,6.70,5.90,5.70,5.40,5,4.40,2,1,6.60,7.30,6.30,5.30,5,3.50,3,2.80,0.70,5.90,6.10,6.60,6.70,6.20,5.70,4.10,3.10,0.60
2008-12-21 00:10,3.30,3.41,1.50,3.10,0,2.94,3.24,3.70,-0.77,3.53,1.39,1.64,-1.61,1.46,1.33,-0.09,-0.20,-3.45,0.80,-0.35,-2.02,-2.15,0.64,,3.41,3.40,3.55,0.89,2.76,1.50,1.02,1.61,-3.10,0.67,0.52,0.42,1.16,0.61,-0.92,-0.21,-4.80,-5.58,-3.57,0.19,0,1.91,1.90,1.51,0.62,0.41,0,1.74,1.07,0.74,0.11,0.81,1.20,0.60,0.58,0.38,-0.17,0,-0.81,-4,-0.08,-2.20,4.28,2.11,1.60,-0.69,2.84,3.08,5.02,1.24,2.69,5.71,4.80,4.32,4.70,4.82,3.45,3.28,4.11,2.38,3.64,2.36,2.94,3.50,3.82,3.38,0.35,2.63,2.53,2.40,2,2.46,0.96,1.91,1.01,1.45,0.82,1.08,5.20,4.78,5.47,5.02,5.20,4.60,3.40,3.63,3.87,0.59,6.79,4.84,4.71,4,4.10,3.99,2.45,3.13,1.10,1.22,0.56,0.54,5.40,6.18,6.40,3.13,4.05,3.76,1.60,,-0.20,-7.90,1.70,0.90,0.70,,,,,,,3.50,3.20,,2.50,3.20,1.90,1.44,,,,,,,,4.70,4.10,3.50,1.50,1.20,,,,,5,,2.10,1,6.60,7.30,6.30,,,3.50,,,0.70,,,6.60,6.60,6.10,5.70,4.10,3.10,
2008-12-21 00:20,3.20,3.34,1.54,3.08,0,2.93,3.30,3.70,-0.76,3.45,1.52,1.55,-1.63,1.47,1.42,-0.01,-0.27,-3.23,0.80,-0.57,-2.11,-2.17,0.66,,3.49,3.48,3.54,0.96,2.77,1.60,1.18,1.57,-3.14,0.81,0.58,0.48,0.93,0.67,-0.85,0.03,-4.70,-5.45,-3.62,0.16,0.10,1.93,1.80,1.46,0.74,0.49,0.32,1.83,1.01,0.85,0.14,0.85,1.27,0.60,0.69,0.32,-0.14,0,-0.83,-4.01,0.04,-2.16,4.29,2.22,1.70,-0.70,2.94,2.96,5.21,1.32,2.68,5.68,4.80,4.24,4.70,4.89,3.47,3.43,4.04,2.33,3.76,2.45,2.97,3.50,3.79,3.32,0.39,2.56,2.51,2.60,2.08,3.10,0.97,1.91,1.02,1.57,0.78,1.13,5.29,4.94,5.49,5,5.14,4.60,3.31,3.72,3.68,0.64,6.69,5.01,4.63,4,4.10,3.99,2.38,3.14,1,0.92,0.59,0.34,5.50,6.16,6.30,3.16,4.03,3.79,1.70,,-0.30,-7.90,1.90,0.90,0.80,,,,,,,3.60,3.30,,2.50,3.20,1.90,1.41,,,,,,,,4.80,4,3.60,1.40,1.20,,,,,5.10,,2.20,1.10,6.30,7.30,6.20,,,3.80,,,0.80,,,6.50,6.60,6,5.80,4.10,3.10,
2008-12-21 00:30,3.30,3.26,1.44,3.10,0,3.15,3.15,3.70,-0.73,3.49,1.44,1.55,-1.60,1.38,1.50,0.04,-0.25,-3.36,0.80,-0.74,-2.13,-2.40,0.58,,3.67,3.44,3.58,1,2.80,1.70,1.38,1.57,-3.18,0.81,0.42,0.39,0.69,0.74,-0.82,0.13,-4.70,-5.63,-3.66,0.09,0,1.84,1.80,1.53,0.84,0.43,0.60,1.85,1.04,0.90,0.10,0.74,1.26,0.70,0.73,0.37,-0.12,0.10,-0.86,-3.88,0.10,-2.19,4.37,2.33,1.80,-0.67,2.96,2.88,5.30,1.27,2.60,5.74,4.70,4.26,4.70,4.76,3.60,3.52,3.96,2.26,3.75,2.43,2.89,3.50,3.75,3.35,0.51,2.64,2.52,2.70,2.24,2.83,0.98,1.85,1.12,1.52,0.83,1.19,5.32,5.01,5.40,4.96,5.12,4.60,3.41,3.77,3.71,0.69,6.62,5.08,4.69,4.04,4.10,3.94,2.35,3.18,1,1.12,0.48,0.40,5.55,6.01,6.20,3.22,4.26,3.65,1.80,,-0.20,-7.90,2,1,0.90,,,,,,,3.70,3.30,,2.50,3.20,1.80,1.60,,,,,,,,4.80,4.10,3.70,1.50,1.20,,,,,5.10,,2.20,1.20,6.30,7.40,6.20,,,3.90,,,1,,,6.60,6.50,6,5.70,4.10,3,
2008-12-21 00:40,3.30,3.34,1.48,3.16,-0.10,3.27,3.17,3.70,-0.76,3.45,1.35,1.72,-1.63,1.34,1.42,-0.06,-0.23,-3.30,0.80,-0.71,-2.09,-2.19,0.50,,3.65,3.43,3.21,0.98,2.90,1.70,1.22,1.75,-3.12,0.92,0.42,0.29,0.66,0.72,-0.82,0.05,-4.80,-5.67,-3.77,0.10,0.10,1.78,1.80,1.51,0.86,0.52,0.74,1.76,0.98,0.93,0.11,0.88,1.30,0.60,0.73,0.42,-0.17,0.10,-0.83,-3.80,0.09,-2.17,4.55,2.33,1.80,-0.70,2.95,2.99,5.25,1.21,2.58,5.65,4.50,4.23,4.70,4.57,3.70,3.62,3.90,2.21,3.76,2.50,2.97,3.50,3.74,3.41,0.48,2.67,2.62,2.60,2.22,2.48,1.03,1.75,1.16,1.67,0.76,1.20,5.28,4.96,5.30,5.02,5.17,4.60,3.45,3.72,3.73,0.64,6.51,5.15,4.77,4,4.10,3.82,2.42,3.03,1.10,1.22,0.67,0.48,5.45,5.81,6.20,3.17,3.93,3.69,1.80,,-0.30,-7.90,2.10,1.10,0.90,,,,,,,3.70,3.30,,2.60,3.30,1.80,1.51,,,,,,,,4.80,4.30,3.70,1.50,1.30,,,,,5.20,,2.20,1.30,6.20,7.40,6.20,,,3.90,,,1.30,,,6.80,6.60,5.80,5.80,4.20,3.30,
2008-12-21 00:50,3.40,3.44,1.32,3.15,-0.10,3.31,3.13,3.70,-0.81,3.40,1.36,1.70,-1.63,1.25,1.45,0.06,-0.27,-3.29,0.90,-0.76,-1.98,-2.33,0.55,,3.62,3.60,3.24,0.80,2.82,1.60,1.34,1.79,-3.08,1.08,0.39,0.28,0.63,0.86,-0.82,-0.05,-4.80,-5.63,-3.81,0.21,0.10,1.77,1.80,1.50,0.91,0.51,0.83,1.83,1,1.05,0.15,0.93,1.17,0.50,0.64,0.41,-0.20,0.10,-0.82,-3.82,0.01,-2.14,4.57,2.45,1.70,-0.65,2.93,3.02,5.17,1.20,2.68,5.80,4.50,4.23,4.70,4.61,3.75,3.67,3.88,2.19,3.90,2.52,3.07,3.50,3.80,3.51,0.66,2.72,2.57,2.60,2.19,2.51,0.95,1.73,1.19,1.67,0.83,1.18,5.29,4.94,5.41,5.02,5.18,4.60,3.69,3.66,3.70,0.65,6.52,5.30,4.75,4.01,4,3.90,2.27,3.17,1.10,1.19,0.74,0.44,5.36,5.78,6.10,3.24,4.19,3.72,1.70,,-0.30,-8,2.10,1.20,0.90,,,,,,,3.80,3.30,,2.60,3.30,1.70,1.52,,,,,,,,4.80,4.30,3.70,1.50,1.30,,,,,5.10,,2.20,1.40,6,7.20,,,,3.90,,,1.30,,,6.70,6.40,5.90,5.70,4.30,3.20,
2008-12-21 01:00,3.40,3.26,1.08,3.06,-0.10,3.32,3.18,3.70,-0.78,3.40,1.29,1.68,-1.58,1.21,1.38,0.13,-0.31,-3.31,0.90,-0.71,-2.13,-2.49,0.60,,3.77,3.74,3.26,0.67,2.90,1.10,1.36,1.82,-3.10,0.93,0.50,0.31,0.50,0.88,-0.84,-0.11,-4.80,-5.63,-3.88,0.01,0.10,1.65,1.70,1.56,0.97,0.51,0.94,1.95,0.97,1.06,0.06,0.91,1.03,0.50,0.48,0.38,-0.21,0.10,-0.83,-3.83,-0.06,-2.16,4.45,2.52,1.70,-0.67,2.82,3.11,5.26,1.14,2.68,5.68,4.60,4.17,4.50,4.70,3.83,3.60,3.98,2.21,4.06,2.58,3.10,3.50,3.85,3.64,0.71,2.76,2.75,2.60,2.19,2.86,0.90,1.71,1.24,1.75,0.78,1.21,5.40,4.99,5.54,5.07,5.21,4.60,3.78,3.67,3.84,0.65,6.49,5.42,4.89,3.94,4.10,3.86,2.25,3.12,1.10,1.05,0.73,0.48,5.43,5.91,6,3.20,4.38,3.59,1.80,2.60,-0.30,-8,2.10,1.30,1,1.10,4,-5.70,3.10,5.10,4.50,3.80,3.40,3.40,2.80,3.40,1.80,1.70,1.10,4.90,5.80,5.30,5.20,5.10,4.30,4.80,4.50,3.80,1.50,1.20,6.50,5.80,5.80,5.20,5.10,4.60,2.30,1.50,6,7.20,6.10,5.30,5.30,4,3,2.90,1.40,,6.10,6.60,6.30,6,5.50,4.40,3.10,0.50
2008-12-21 01:10,3.50,3.32,1,3.15,-0.10,3.27,3.14,3.60,-0.85,3.29,1.30,1.72,-1.62,1.20,1.38,0.26,-0.33,-3.39,1.10,-0.84,-2.16,-2.49,0.58,,3.84,3.76,3.41,0.61,2.91,1.10,1.42,2.06,-3.11,0.89,0.60,0.32,0.48,1.02,-0.81,-0.08,-4.90,-5.85,-4.08,0.08,0,1.64,1.80,1.55,1.10,0.56,1.08,1.94,1.01,0.98,0,0.93,0.92,0.40,0.56,0.42,-0.22,0.10,-0.78,-3.85,-0.02,-2.30,4.41,2.51,1.70,-0.75,2.83,2.89,5.33,1.07,2.47,5.78,4.60,4.06,4.60,4.92,3.95,3.50,4.09,2.20,4.04,2.63,3.15,3.50,3.86,3.47,0.55,2.76,2.42,2.60,2.17,3.12,0.82,1.78,1.26,1.80,0.84,1.25,5.50,4.94,5.34,5.02,5.19,4.70,3.76,3.56,3.90,0.64,6.51,5.45,4.93,3.98,4.10,3.91,2.29,2.96,1.20,1.19,0.72,0.70,5.53,5.94,5.90,3.24,4.42,3.61,1.90,,-0.30,-8,2.20,1.30,1,,,,,,,3.80,3.70,,2.80,3.30,1.80,1.66,,,,,,,,4.80,4.40,3.70,1.60,1.20,,,,,5.20,,2.20,1.60,6,7.10,6.10,,,4,,,1.40,,,6.40,6.10,6.10,5.50,4.30,3.10,
2008-12-21 01:20,3.60,3.37,1.03,3.03,-0.20,3.18,3.05,3.60,-0.93,3.45,1.22,1.63,-1.67,1.24,1.46,0.21,-0.26,-3.59,1.10,-0.80,-2.15,-2.42,0.56,,3.81,3.77,3.41,0.76,2.98,1.30,1.49,2.28,-3.18,0.89,0.60,0.52,0.58,0.95,-0.89,-0.08,-4.90,-5.73,-3.97,0.22,0,1.70,1.50,1.54,1.03,0.59,1.23,1.98,1.07,1.05,0.02,0.84,0.81,0.40,0.46,0.45,-0.24,0.10,-0.82,-3.68,-0.01,-2.20,4.56,2.54,1.70,-0.68,2.80,2.94,5.32,0.98,2.58,5.62,4.70,4.03,4.70,4.86,3.98,3.60,4.06,2.09,4.06,2.53,3.24,3.60,3.82,3.56,0.55,2.80,2.70,2.60,1.99,2.74,0.85,1.94,1.17,1.81,0.90,1.31,5.38,4.87,5.32,5.07,5.18,4.80,3.68,3.69,4.06,0.79,6.42,5.46,5.05,4.17,4.10,3.91,2.21,2.92,1.20,1.38,0.69,0.73,5.55,5.98,5.90,3.35,4.28,3.67,2.10,,-0.30,-8,2.30,1.20,1,,,,,,,3.90,4.10,,3,3.30,2,1.67,,,,,,,,4.80,4.40,3.70,1.60,1.10,,,,,5.10,,2.20,1.70,6,7.10,6,,,4,,,1.40,,,6.30,6.10,6,5.50,4.40,3,
2008-12-21 01:30,3.50,3.47,1.04,3.03,-0.20,3.05,3.11,3.50,-1.01,3.48,1.18,1.66,-1.71,1.26,1.47,0.24,-0.39,-3.49,1.10,-0.80,-2.27,-2.13,0.51,,3.90,3.73,3.37,0.77,3.06,1.60,1.23,2.30,-3.08,1.36,0.81,0.40,0.76,0.94,-0.85,0.10,-4.80,-5.80,-3.90,0.32,0,1.69,1.40,1.44,0.83,0.63,1.34,1.78,1.24,1.10,0.11,0.83,0.83,0.40,0.52,0.41,-0.25,0.10,-0.82,-3.72,-0.10,-2.28,4.57,2.48,1.70,-0.73,2.78,2.97,5.23,0.99,2.61,5.51,5,4.05,4.70,4.50,3.95,3.60,4.22,2,3.99,2.52,3.33,3.60,3.89,3.63,0.57,2.86,2.61,2.70,2.09,2.97,0.88,1.95,1.15,1.79,0.83,1.47,5.26,4.84,5.28,5.04,5.19,4.90,3.63,3.72,4.10,0.89,6.12,5.37,5.18,4.21,4.10,3.98,2.19,2.92,1.30,1.39,0.81,0.84,5.58,5.95,5.70,3.31,4.21,3.72,2.10,,-0.50,-8,2.70,0.80,1.10,,,,,,,3.80,4.30,,3,3.40,2.10,1.72,,,,,,,,4.80,4.50,3.90,1.70,1,,,,,5,,2.30,1.80,5.80,7.10,5.90,,,4,,,1.40,,,6.10,6,5.70,5.50,4.40,3.10,
2008-12-21 01:40,3.50,3.60,1.02,2.95,-0.20,3.28,3.23,3.60,-0.97,3.36,1.26,1.70,-1.71,1.24,1.53,0.18,-0.27,-3.45,1.10,-0.80,-2.23,-2.13,0.51,,4.05,3.80,3.46,0.79,3.13,1.80,1.31,2.51,-3.14,1.65,1.22,0.52,0.96,1.20,-0.88,-0.06,-4.90,-5.96,-3.90,0.34,0,1.56,1.40,1.15,0.72,0.53,1.18,1.74,1.40,1.26,0.11,0.92,0.69,0.50,0.55,0.38,-0.30,0.10,-0.81,-3.70,-0.15,-2.29,4.48,2.52,1.60,-0.75,2.78,2.73,5.16,1.07,2.55,5.53,4.90,4.04,4.70,4.65,3.99,3.60,4.44,2.09,4.04,2.68,3.41,3.70,3.82,3.57,0.55,3,2.54,2.60,2.17,3.36,0.94,1.98,1.18,1.83,0.88,1.66,5.23,4.76,5.34,4.98,5.08,4.80,3.49,3.72,4.16,1.02,5.99,5.30,5.22,4.26,4.20,3.93,2.26,2.86,1.40,1.27,0.82,0.95,5.56,5.97,5.50,3.30,4.16,3.70,2.10,,-0.40,-8,2.70,0.90,1,,,,,,,3.80,4.30,,3,3.30,2.10,1.62,,,,,,,,4.80,4.40,3.90,1.80,1.10,,,,,4.90,,2.50,1.80,5.80,7,5.80,,,4,,,1.40,,,6.20,6,5.70,5.50,4.50,3.20,
2008-12-21 01:50,3.50,3.62,1.13,2.87,-0.20,3.13,3.27,3.60,-0.92,3.32,1.20,1.67,-1.77,1.22,1.49,0.17,-0.28,-3.50,1.10,-0.77,-2.12,-2.21,0.62,,3.90,3.77,3.52,0.83,3.15,1.80,1.30,2.72,-3.11,1.72,1.62,0.57,0.81,1.29,-0.98,0.12,-4.90,-5.87,-3.85,0.20,0,1.73,1.60,0.95,0.80,0.48,1.28,2.01,1.30,1.46,0.25,1,0.70,0.50,0.71,0.40,-0.35,0.10,-0.91,-3.60,-0.17,-2.27,4.37,2.47,1.60,-0.71,2.85,2.77,5.23,1.01,2.51,5.68,5,3.97,4.80,4.78,3.95,3.60,4.34,2.14,4.03,2.43,3.28,3.70,3.83,3.57,0.52,3.06,2.60,2.70,2.09,2.81,1.03,1.93,1.22,1.84,0.86,1.68,5.19,4.78,5.33,4.88,4.99,4.70,3.51,3.80,4.21,1.04,6.05,5.14,5.25,4.18,4.30,3.97,2.32,2.75,1.50,1.28,0.84,1.09,5.53,5.93,5.40,3.42,4.20,3.68,2,,-0.40,-8,2.90,0.80,1.10,,,,,,,3.80,4.30,,2.90,3.30,2.20,1.54,,,,,,,,4.60,4.60,3.80,1.90,1.10,,,,,4.80,,2.50,1.80,5.70,7,5.80,,,3.90,,,1.30,,,6.20,5.90,5.40,5.50,4.80,3.20,
2008-12-21 02:00,3.60,3.60,1.29,2.92,-0.20,3.07,3.14,3.60,-0.98,3.33,1.21,1.67,-1.76,1.20,1.35,0.18,-0.37,-3.58,1,-0.79,-2.11,-2.22,0.72,,4.02,3.74,3.43,0.90,3.17,1.80,1.04,2.67,-3.25,1.90,1.92,0.79,0.58,1.31,-0.98,0.20,-4.90,-5.68,-3.92,0.67,0,1.67,1.60,1,0.87,0.52,1.10,1.67,1.23,1.50,0.28,1.05,0.82,0.50,0.72,0.40,-0.28,0.10,-0.89,-3.61,-0.11,-2.28,4.44,2.50,1.50,-0.77,2.77,2.79,5.17,1.03,2.46,5.58,5.10,3.99,4.80,4.83,3.99,3.60,4.45,2.34,4.08,2.50,3.28,3.90,4.09,3.69,0.53,3.09,2.66,2.70,2.16,3.75,1.05,2.06,1.21,1.82,0.96,1.69,5.02,4.90,5.39,4.93,5,4.60,3.58,3.77,4.24,1.06,5.88,5.19,5.33,4.15,4.40,4.01,2.34,2.81,1.50,1.43,0.94,1.37,5.53,5.94,5.30,3.44,3.98,3.76,2.10,2.70,-0.40,-8,2.90,0.80,1.20,1.30,4.10,-5.80,3.90,5.10,4.80,3.80,4.20,3.30,2.90,3.30,2.20,1.50,1.50,4.90,5.60,5.20,5.10,4.90,4.40,4.40,4.60,3.80,1.80,0.90,6.30,5.80,5.50,4.60,4.60,4.40,2.50,1.80,5.50,6.90,5.50,,5.10,3.80,2.80,,1.30,5.90,6.30,6,5.90,5.40,5.40,4.90,3.10,0.80
2008-12-21 02:10,3.60,3.50,1.28,2.98,-0.10,3.06,3.17,3.50,-0.98,3.37,1.20,1.73,-1.82,1.18,1.26,0.12,-0.43,-3.62,1,-0.80,-2.19,-2.28,0.75,,3.99,3.71,3.42,0.94,3.18,1.70,1.03,2.81,-3.28,1.66,2.06,1.17,0.52,1.37,-0.98,0.28,-4.90,-5.82,-3.85,1.21,0,1.52,1.40,1.25,1.02,0.48,0.80,1.36,1.30,1.29,0.15,0.93,0.87,0.60,0.66,0.41,-0.29,0.10,-0.89,-3.56,-0.07,-2.25,4.47,2.46,1.40,-0.66,2.68,2.70,5.06,1.11,2.48,5.42,5.10,4.08,4.74,4.73,3.97,3.50,4.41,2.41,4.17,2.41,3.26,4,4.11,3.77,0.46,3.04,2.84,2.60,2.24,2.79,1.03,2.30,1.29,1.80,1.07,1.77,5.09,4.85,5.36,4.98,4.90,4.40,3.70,3.82,4.07,1.20,5.69,5.23,5.35,4.23,4.40,3.98,2.36,2.92,1.60,1.76,0.82,1.37,5.58,5.79,5.30,3.81,3.79,3.73,2,,-0.30,-8.10,3.10,0.90,1.10,,,,,,,3.80,4.10,,2.90,3.30,2.20,1.46,,,,,,,,4.20,4.60,3.60,1.80,0.90,,,,,4.60,,2.40,1.80,5.50,6.80,5.50,,,3.80,,,1.20,,,6,5.80,5.40,5.40,5.10,3.10,
2008-12-21 02:20,3.70,3.45,1.30,2.92,-0.10,3.16,3.08,3.50,-0.95,3.32,1.17,1.65,-1.85,1.13,1.26,0.11,-0.41,-3.45,1.10,-0.88,-2.34,-2.18,0.73,,4.08,3.72,3.32,0.97,3.24,1.80,1.20,2.93,-3.24,1.69,1.96,1.22,0.83,1.37,-0.94,0.52,-5,-5.91,-3.85,1.13,0.10,1.64,1.50,1.42,1.33,0.42,0.71,1.34,1.26,1,0.27,1.10,1.02,0.50,0.67,0.38,-0.23,0.10,-0.84,-3.55,-0.21,-2.17,4.38,2.43,1.40,-0.94,2.49,2.59,4.95,1.14,2.44,5.51,5.10,4.17,4.67,4.58,3.95,3.60,4.42,2.49,4.18,2.42,3.31,4.10,4.25,3.78,0.44,3.02,3.07,2.40,2.19,3.33,1.10,2.21,1.35,1.78,1.10,1.92,5.02,4.92,5.31,4.95,4.94,4.30,3.69,3.84,4.21,1.20,5.56,5.37,5.25,4.26,4.40,3.99,2.34,2.96,1.60,1.73,0.92,1.16,5.66,5.68,5.40,4.37,3.43,3.90,2,,-0.30,-8.10,3.20,1,1.10,,,,,,,3.80,4.20,,2.90,3.40,2.20,1.52,,,,,,,,4.10,4.50,3.60,1.90,0.90,,,,,4.70,,2.30,1.80,5.50,6.80,5.40,,,3.70,,,1.20,,,6.10,5.80,5.30,5.50,5.10,3,
2008-12-21 02:30,3.70,3.40,1.30,3,-0.20,3.08,3.08,3.50,-0.97,3.29,1.05,1.70,-1.81,1.11,1.49,0.19,-0.38,-3.34,1.20,-0.78,-2.36,-2.39,0.75,,4.03,3.69,3.43,0.96,3.15,1.80,1.42,3.05,-3.25,1.61,1.63,1.32,1.35,1.21,-0.93,0.34,-5.10,-5.91,-3.96,1.08,0.10,1.79,1.60,1.42,1.52,0.32,1.11,1.30,1.01,1.06,0.25,1.02,1.14,0.40,0.73,0.31,-0.26,0.10,-0.94,-3.54,-0.23,-2.10,4.33,2.33,1.40,-0.93,2.50,2.58,5.03,1.16,2.53,5.42,5.20,4.18,4.78,4.54,3.99,3.50,4.34,2.50,4.12,2.46,3.25,4.10,4.27,3.78,0.50,3.01,3.11,2.50,2.32,3.16,1.19,2.14,1.42,1.88,1.14,1.95,4.97,4.84,5.25,4.94,4.79,4.20,3.83,3.78,4.19,1.18,5.51,5.25,5.13,4.38,4.40,4.17,2.45,3.10,1.60,1.82,0.93,1.34,5.56,5.72,5.40,4.53,3.53,3.73,1.90,,-0.20,-8.10,3.40,1.20,0.50,,,,,,,3.80,4.10,,2.80,3.40,2.20,1.66,,,,,,,,4,4.50,3.60,1.90,1,,,,,4.70,,2.30,1.80,5.50,6.70,5.30,,,3.70,,,1.30,,,6,5.80,5.30,5.60,5.10,3,
2008-12-21 02:40,3.80,3.28,1.35,3.02,-0.20,3.15,3,3.60,-1.03,3.27,1.21,1.71,-1.79,1.06,1.46,0.09,-0.43,-3.40,1.20,-0.68,-2.38,-2.71,0.76,,4.06,3.73,3.55,0.95,3.16,1.80,1.43,3.16,-3.30,1.61,1.52,1.24,1.28,1.40,-0.95,0.63,-5.20,-6,-4.05,1.15,0,1.93,1.50,1.49,1.58,0.35,1.15,1.25,0.79,1.12,0.18,0.90,0.98,0.40,0.81,0.36,-0.28,0.20,-0.97,-3.71,-0.19,-2.01,4.38,2.32,1.40,-1.03,2.45,2.53,4.89,1.06,2.45,5.35,5,4.20,4.75,4.64,3.99,3.60,4.34,2.47,4.12,2.73,3.30,4.10,4.24,3.73,0.65,3.05,3.18,2.50,2.34,3.24,1.17,2.19,1.33,1.99,1.08,1.86,4.80,4.53,5.42,4.92,4.76,4.20,3.78,3.76,4.28,1.13,5.30,5.01,5.04,4.37,4.40,4.02,2.48,3.10,1.60,1.49,0.91,1.19,5.68,5.67,5.40,4.70,3.70,3.75,1.90,,-0.20,-8.20,3.70,1.30,0.10,,,,,,,3.80,4.10,,2.80,3.40,2.20,1.55,,,,,,,,3.90,4.30,3.70,2,1,,,,,4.70,,2.20,1.90,5.50,6.60,5.10,,,3.70,,,1.30,,,5.90,5.80,5.30,5.60,5,3.10,
2008-12-21 02:50,3.70,3.24,1.28,3.04,-0.20,3.20,3.04,3.50,-1.13,3.31,1.24,1.73,-1.85,1.04,1.50,0.09,-0.44,-3.74,1.10,-0.66,-2.40,-2.76,0.68,,4,3.81,3.70,0.97,3.22,1.90,1.57,3.27,-3.33,1.66,1.38,1.19,1.21,1.61,-0.94,0.94,-5.20,-6.18,-3.85,1.02,0,1.98,1.50,1.54,1.46,0.87,1.19,1.22,0.96,1.20,0.11,0.36,0.74,0.40,0.79,0.38,-0.31,0.20,-0.90,-3.58,-0.14,-2.03,4.17,2.36,1.30,-0.97,2.43,2.45,4.72,0.96,2.56,5.01,5,4.18,4.65,4.86,4,3.60,4.40,2.41,4.13,2.78,3.35,4.10,4.36,3.80,0.62,3.06,3.31,2.60,2.37,2.94,1.11,2.16,1.30,2.01,0.99,1.82,4.87,4.30,5.36,4.93,4.89,4.10,3.79,3.68,4.35,1.12,5.35,4.75,5.17,4.38,4.40,4.06,2.40,3.22,1.60,1.29,0.97,1.47,5.56,5.63,5.40,4.72,3.98,3.94,1.90,,-0.20,-8.20,3.70,1.40,0.20,,,,,,,3.90,4.10,,2.90,3.50,2.50,1.77,,,,,,,,3.90,4.30,3.80,2,1,,,,,4.80,,2.30,1.90,5.50,6.50,5.10,,,3.70,,,1.40,,,5.90,5.80,5.20,5.70,5,3.10,
2008-12-21 03:00,3.80,3.23,1.26,3.02,-0.30,3.12,3,3.60,-1.07,3.36,1.27,1.79,-1.89,1.05,1.44,0.07,-0.42,-3.63,1.10,-0.70,-2.32,-2.43,0.68,,3.90,3.80,3.60,0.91,3.21,1.80,1.65,3.39,-3.31,1.63,1.49,1.22,1.39,1.63,-0.88,0.45,-5.30,-6.18,-4.03,0.93,-0.10,2,1.60,1.49,1.52,1.03,1.34,1.11,0.97,1.21,0.05,0.19,0.58,0.40,0.66,0.37,-0.31,0.10,-0.92,-3.80,-0.08,-2.11,4.46,2.27,1.30,-0.89,2.52,2.57,4.53,0.94,2.69,5.19,5.10,4.17,4.57,4.60,4,3.60,4.38,2.44,4.06,2.83,3.33,4.10,4.38,3.70,0.76,3.10,3.37,2.70,2.20,3.29,1.14,2.19,1.36,2.04,0.78,1.89,4.93,4.20,5.40,5.03,4.80,4.10,3.77,3.65,4.35,1.18,5.40,4.51,5.09,4.49,4.40,4.15,2.53,3.18,1.60,1.69,1.09,1.29,5.45,5.43,5.30,4.63,3.93,3.97,1.70,2.70,-0.30,-8.20,3.60,1.30,0.20,,3.70,-5.90,3.60,5.10,4.80,3.80,4,3.10,3,3.60,2.60,2,1.60,4.70,5.30,4.90,5.30,5,4.30,3.80,4.10,3.80,2.10,0.90,6.30,6,5.60,5,4.80,4.30,2.40,1.90,5.40,6.20,5,5.40,5.60,3.80,2.80,3.30,1.40,5.90,6.20,5.90,5.80,5.30,5.50,4.90,3.10,1
2008-12-21 03:10,3.80,3.22,1.26,2.97,-0.20,3.27,2.99,3.50,-1.08,3.37,1.27,1.80,-1.85,1.10,1.49,0.06,-0.48,-3.25,1.30,-0.79,-2.37,-2.55,0.72,,3.93,3.78,3.61,1,3.21,1.90,1.65,3.43,-3.34,1.57,1.31,1.39,1.15,1.51,-0.93,0.41,-5.30,-6.37,-4.09,0.70,0,2.13,1.80,1.48,1.41,1.14,1.45,1.47,0.86,1.10,-0.06,0.20,0.51,0.40,0.38,0.34,-0.30,0.10,-0.90,-3.94,-0.15,-2.12,4.17,2.24,1.30,-0.99,2.41,2.42,4.34,0.97,2.61,5.32,5.10,4.23,4.62,4.22,3.92,3.70,4.22,2.44,4.09,3.08,3.33,4.10,4.40,3.88,0.68,3.17,3.65,2.60,2.41,3.39,1.12,2.09,1.46,2.09,0.69,1.80,5.07,4.24,5.25,5.08,4.81,4.20,3.80,3.64,4.29,1.18,5.25,4.48,5.03,4.44,4.50,4.21,2.58,3.23,1.60,2.05,1.08,1.46,5.60,5.28,5.40,4.48,3.76,4.04,1.70,,-0.40,-8.20,3.50,1.40,0.20,,,,,,,3.70,4,,3,3.60,2.50,1.98,,,,,,,,3.70,3.80,3.80,2,1,,,,,4.80,,2.40,2,5.40,6.10,,,,3.80,,,1.40,,,5.90,5.70,5.30,5.50,4.90,3.10,
2008-12-21 03:20,3.90,3.34,1.19,2.95,-0.20,3.17,3.03,3.60,-1.16,3.36,1.31,1.67,-1.90,1.03,1.40,0.03,-0.41,-3.70,1.30,-0.81,-2.40,-2.71,0.62,,3.93,3.85,3.60,1,3.32,1.90,1.70,3.28,-3.27,1.45,1.26,1.33,1.12,1.48,-1,0.57,-5.30,-6.40,-4.15,0.82,0,2.21,1.90,1.52,1.28,1.33,1.43,2.02,1.04,1.14,0.03,0.31,0.58,0.40,0.34,0.27,-0.36,0.10,-0.91,-4.02,-0.16,-2.15,4.15,2.14,1.20,-1,2.18,2.06,4.06,1.05,2.63,5.01,4.70,4.13,4.56,4.14,3.95,3.50,4.26,2.35,4.05,3.08,3.35,4.10,4.55,3.87,0.81,3.21,3.39,2.80,2.45,3.48,1.14,2.31,1.45,2.16,0.70,1.82,4.78,4.32,5.29,5,4.80,4.20,3.85,3.44,4.20,1.18,5.18,4.45,4.97,4.38,4.50,4.18,2.52,3.16,1.70,2,1.08,1.64,5.52,5.13,5.40,4.50,3.63,4.12,1.70,,-0.50,-8.30,3.60,1.50,0.30,,,,,,,3.70,4.10,,3.10,3.70,2.50,1.95,,,,,,,,3.80,3.70,3.90,2,0.90,,,,,4.90,,2.50,2,5.40,6.10,5,,,4,,,1.40,,,5.90,5.70,5.10,5.50,4.90,3.10,
2008-12-21 03:30,3.80,3.29,1.28,2.99,-0.30,2.91,3.06,3.50,-1.09,3.37,1.27,1.61,-1.92,1.10,1.42,-0.01,-0.27,-3.57,1.20,-0.93,-2.44,-2.77,0.59,,4.08,3.81,3.60,0.99,3.34,1.90,1.79,3.46,-3.31,1.58,1.09,1.24,1.37,1.55,-1.06,0.57,-5.40,-6.22,-4.05,0.83,-0.10,2.36,2,1.66,1.49,1.48,1.48,2.23,1.06,1.18,0.12,0.26,0.58,0.40,0.35,0.33,-0.39,0,-0.82,-3.88,-0.15,-2.11,4.34,2.17,1.10,-1.04,2.15,2.09,3.92,1.07,2.69,4.82,4.50,3.96,4.59,4.06,3.91,3.40,4.12,2.38,3.94,3.09,3.31,4,4.55,3.82,0.83,3.24,3.38,2.90,2.35,3.52,1.27,2.24,1.41,2.27,0.83,1.92,4.77,4.47,5.14,5.13,4.79,4.30,3.82,3.58,4.11,1.24,5.19,4.52,5.06,4.30,4.40,4.06,2.50,3.28,1.70,1.93,1.13,1.69,5.43,5.24,5.30,4.57,3.71,4.06,1.70,,-0.50,-8.30,3.70,1.50,0.40,,,,,,,3.60,4.20,,3.10,3.80,2.40,1.97,,,,,,,,3.90,3.80,3.90,2,1,,,,,4.90,,2.50,2,5.40,6,5,,,4.10,,,1.40,,,5.80,5.60,5,5.60,4.80,3.10,
2008-12-21 03:40,3.80,3.29,1.31,3.04,-0.30,2.91,3.04,3.60,-1.18,3.32,1.17,1.75,-1.85,1.06,1.45,0.05,-0.45,-3.53,1.20,-0.93,-2.45,-2.53,0.69,,3.97,3.77,3.68,1.01,3.39,1.90,1.81,3.51,-3.38,1.52,1.22,1.10,1.19,1.52,-1.16,0.82,-5.10,-6.29,-4.25,0.78,-0.10,2.35,2.10,1.79,1.58,1.61,1.22,2.10,1.21,1.19,0.05,0.33,0.72,0.40,0.32,0.35,-0.38,0.10,-0.85,-3.69,-0.13,-2.09,4.16,2.19,1.10,-1.09,2.09,2.18,3.96,1.16,2.76,4.79,4.50,3.88,4.51,4.07,3.86,3.30,3.83,2.45,3.87,3.04,3.25,4,4.56,3.77,0.70,3.24,3.29,3,2.43,3.52,1.29,2.17,1.45,2.28,0.89,1.84,4.81,4.55,5.04,5.17,4.91,4.40,3.75,3.43,4.11,1.21,5.21,4.64,5.03,4.10,4.40,4.08,2.60,3.32,1.70,1.73,1.12,1.64,5.44,5.01,5.30,4.72,3.62,4.02,1.80,,-0.50,-8.30,3.70,1.60,0.50,,,,,,,3.50,4.20,,3.20,3.70,2.50,2.08,,,,,,,,4,3.70,3.80,1.90,1,,,,,5,,2.50,2.10,5.30,5.90,5.10,,,4.10,,,1.50,,,5.90,5.60,5,5.30,4.70,3.20,
2008-12-21 03:50,3.80,3.18,1.11,2.99,-0.30,3.19,3.17,3.50,-1.21,3.36,1.14,1.66,-1.92,1.08,1.40,0.08,-0.33,-3.82,1.20,-0.88,-2.54,-2.34,0.66,,4.01,3.72,3.68,1.06,3.45,1.90,1.87,3.45,-3.36,1.62,1.29,1.01,0.95,1.36,-1.15,0.58,-5.10,-6.35,-4.07,0.78,-0.10,2.46,2.20,1.86,1.56,1.75,1.34,2.18,1.29,1.19,0.04,0.39,1.19,0.40,0.38,0.34,-0.34,0.10,-0.89,-3.58,-0.11,-2.01,4,2.17,1.10,-1.09,2.02,1.88,4.03,1.47,2.86,4.90,4.50,3.80,4.47,4.23,3.81,3.10,3.75,2.36,3.95,3.09,3.10,4.10,4.58,3.78,0.71,3.30,3.49,3.10,2.45,3.01,1.26,2.23,1.42,2.25,0.91,1.79,4.88,4.55,5,5.06,4.90,4.40,3.52,3.42,4.12,1.30,5.22,4.56,4.86,4.06,4.30,4.19,2.56,3.18,1.70,1.82,1.13,1.61,5.57,5.05,5.30,4.86,3.65,4.10,1.70,,-0.50,-8.30,3.80,1.60,0.60,,,,,,,3.40,4.10,,3.20,3.80,2.50,2.11,,,,,,,,4.10,3.60,3.80,1.80,1.10,,,,,5.10,,2.60,2.10,5.30,5.90,5.10,,,4,,,1.50,,,5.80,5.50,5,4.90,4.80,3.20,
2008-12-21 04:00,3.70,3.28,1.07,2.97,-0.30,3.34,3.15,3.50,-1.15,3.39,1.09,1.64,-1.94,0.97,1.35,-0.02,-0.44,-4,1.30,-0.97,-2.39,-2.56,0.60,,4,3.63,3.68,1.08,3.50,1.90,1.97,3.73,-3.35,1.59,1.42,1,1.11,1.30,-1.17,0.44,-5.10,-6.01,-4.02,0.80,-0.10,2.51,2.10,1.88,1.81,1.75,1.20,2.52,1.37,1.45,0.10,0.46,1.46,0.40,0.25,0.27,-0.26,0,-0.86,-3.50,-0.15,-1.90,3.95,2.07,1,-1.16,2,1.98,4.16,1.42,2.92,5.05,4.30,3.78,4.39,4.19,3.80,2.90,3.82,2.30,3.90,2.82,3.03,3.90,4.60,3.86,0.78,3.20,3.56,3.10,2.44,3.22,1.30,2.20,1.42,2.37,1.15,1.82,4.88,4.51,5.02,5,4.88,4.50,3.36,3.43,4.15,1.35,5.20,4.62,4.94,4.04,4.20,4.12,2.61,3.30,1.70,1.79,1.18,1.61,5.57,4.90,5.20,4.70,4.07,4.07,1.80,2.90,-0.50,-8.30,3.90,1.60,0.80,1.40,3.20,-5.90,3.30,4.90,4.70,3.20,4,3.30,3.20,3.80,2.50,2.20,2,4.60,5.20,5.20,5.10,4.80,4.50,4.20,3.60,3.80,1.60,1.40,6.10,5.80,5.10,5,5.10,4.20,2.60,2.20,5.20,5.70,5.10,5.20,5.90,4.10,2.90,3.50,1.50,,6.10,5.70,5.50,5,4.90,4.80,3.30,1.20
2008-12-21 04:10,3.70,3.25,1,2.97,-0.30,3.28,3.13,3.60,-1.19,3.36,0.98,1.67,-1.97,0.97,1.31,0.03,-0.53,-3.79,1.20,-0.99,-2.37,-2.70,0.62,,4.12,3.75,3.64,1.10,3.56,1.90,1.91,3.81,-3.34,1.74,1.59,1.14,1.52,1.36,-1.13,0.24,-5.20,-6.31,-4,0.88,-0.20,2.49,2.20,1.83,1.81,1.81,1.42,2.46,1.39,1.61,0.18,0.57,1.44,0.40,0.23,0.26,-0.30,0,-0.79,-3.47,-0.14,-1.82,4.06,2.01,1,-1.09,1.91,2.04,4.17,1.50,2.87,4.80,4,3.88,4.40,4.22,3.75,2.90,3.74,2.39,3.95,2.76,3.15,3.80,4.56,3.86,0.68,3.29,3.68,3.20,2.46,3.63,1.29,2.27,1.49,2.49,1.28,1.90,4.80,4.54,5.14,5.04,5.05,4.40,3.39,3.50,4.13,1.31,5.10,4.44,4.94,3.99,4.20,4.10,2.73,3.28,1.60,1.76,1.22,1.64,5.62,4.75,5,4.80,4.33,4.19,1.80,,-0.60,-8.30,4,1.60,1,,,,,,,3.10,4,,3.20,3.80,2.50,2.10,,,,,,,,4.20,3.80,3.80,1.60,1.40,,,,,5.20,,2.70,2.20,5.10,5.70,5,,,4.10,,,1.50,,,5.70,5.50,4.90,4.90,4.70,3.30,
2008-12-21 04:20,3.60,3.31,1.04,2.84,-0.40,3.24,3.18,3.60,-1.23,3.28,0.99,1.60,-2.01,0.88,1.36,-0.08,-0.51,-3.59,1.10,-0.87,-2.41,-2.59,0.69,,4.10,3.79,3.67,1.11,3.52,1.90,2.05,3.82,-3.44,1.61,1.63,1.43,1.70,1.39,-1.08,0.38,-5.10,-6.29,-4.32,0.91,-0.30,2.59,2.30,1.99,1.75,1.82,1.40,2.52,1.40,1.62,0.26,0.55,1.48,0.50,0.32,0.29,-0.26,0,-0.85,-3.45,-0.19,-1.78,4.06,2.05,1,-1.13,1.84,1.79,4.13,1.55,2.73,5,4.30,3.82,4.40,4.30,3.66,2.70,3.68,2.48,3.87,2.60,3.02,3.80,4.54,3.78,0.62,3.24,3.07,3.20,2.52,2.89,1.11,2.41,1.64,2.41,1.36,2,4.94,4.49,5.09,4.96,5.05,4.40,3.47,3.60,4.17,1.42,5.07,4.33,4.85,4.01,4.10,4.27,2.80,3.24,1.60,1.74,1.25,1.52,5.60,4.89,5,4.72,4.05,4.20,1.80,,-0.50,-8.30,3.90,1.70,1.10,,,,,,,3,4.10,,3,3.90,2.50,2.21,,,,,,,,4.10,3.90,3.80,1.70,1.50,,,,,5.20,,2.70,2.20,5.10,5.60,5,,,4.10,,,1.40,,,5.80,5.50,4.90,4.90,4.70,3.40,
2008-12-21 04:30,3.60,3.32,0.97,2.83,-0.30,3.20,3.07,3.50,-1.17,3.18,0.93,1.54,-2.01,0.97,1.30,-0.20,-0.45,-3.82,0.90,-0.94,-2.50,-2.59,0.73,,4.15,3.73,3.63,1.12,3.49,2,2.02,3.83,-3.60,1.59,1.61,1.36,1.78,1.46,-1.06,0.39,-5.20,-5.98,-4.10,0.85,-0.20,2.60,2.40,2,2.08,1.87,1.54,2.58,1.44,1.68,0.23,0.63,1.62,0.60,0.36,0.30,-0.14,0,-0.78,-3.40,-0.16,-1.72,3.95,2.01,1,-1.15,1.98,1.79,4.11,1.45,2.62,5.16,4.50,3.78,4.50,4.50,3.43,2.80,3.75,2.44,3.89,2.51,3.13,3.90,4.48,3.72,0.55,3.31,3.03,3.20,2.73,3.89,0.99,2.32,1.74,2.41,1.38,2.08,4.84,4.43,5.03,4.99,4.98,4.30,3.58,3.83,4.24,1.39,5.03,4.18,4.80,3.91,4.10,4.12,2.84,3.21,1.60,1.68,1.29,1.48,5.47,5.07,4.90,4.54,3.95,4.40,1.70,,-0.40,-8.30,4,1.80,1.20,,,,,,,2.80,4.10,,3,4,2.60,2.14,,,,,,,,4,4,3.80,1.90,1.50,,,,,5.10,,2.70,2.30,5,5.50,4.90,,,4.10,,,1.50,,,5.70,5.40,4.80,4.90,4.70,3.60,
2008-12-21 04:40,3.60,3.33,0.96,2.78,-0.30,3.14,2.94,3.40,-1.20,3.17,0.93,1.56,-1.99,0.94,1.20,-0.15,-0.39,-3.52,0.80,-0.82,-2.50,-2.62,0.63,,4.05,3.65,3.60,1.07,3.60,2,1.92,3.76,-3.51,1.43,1.41,1.20,1.92,1.33,-1.01,0.44,-5.20,-6.01,-4.05,0.68,-0.10,2.65,2.30,1.97,1.94,1.96,1.48,2.56,1.56,1.82,0.20,0.68,1.58,0.60,0.68,0.30,-0.09,0,-0.67,-3.27,-0.18,-1.79,3.99,1.96,1,-1.13,2,1.92,4.15,1.53,2.50,5.12,4.50,3.89,4.50,4.57,3.20,2.80,3.87,2.38,3.88,2.47,3.14,3.90,4.46,3.76,0.45,3.32,3.42,3.30,2.78,3.53,1.15,2.35,1.84,2.36,1.48,2.03,4.78,4.46,4.89,4.98,5.03,4.40,3.51,4.02,4.19,1.53,4.95,4.04,4.67,3.98,4,4.09,2.93,3.52,1.60,1.47,1.25,1.73,5.36,5.19,4.90,4.63,3.78,4.42,1.70,,-0.50,-8.30,3.90,1.80,1.30,,,,,,,2.70,4.10,,3,4,2.60,2.11,,,,,,,,3.90,4,3.70,1.90,1.40,,,,,5.10,,2.90,2.30,4.90,5.30,4.90,,,4.10,,,1.50,,,5.80,5.40,4.90,4.90,4.60,3.80,
2008-12-21 04:50,3.50,3.24,1,2.70,-0.30,3.15,2.95,3.30,-1.32,3.06,0.76,1.49,-1.98,0.92,1.09,-0.22,-0.45,-3.55,1,-0.88,-2.43,-2.80,0.66,,3.99,3.50,3.50,1.08,3.61,2,1.94,3.76,-3.47,1.39,1.37,1.26,1.81,1.26,-0.95,0.56,-5.20,-6.23,-4.15,0.82,-0.10,2.72,2.40,2.02,2.10,1.91,1.12,2.59,1.52,1.82,0.24,0.75,1.62,0.60,0.71,0.32,-0.07,0.10,-0.64,-3.29,-0.05,-1.65,4.05,1.99,1,-1.22,2.02,1.78,4.28,1.73,2.35,4.86,4.60,3.92,4.50,4.44,3.18,2.70,3.84,2.40,3.90,2.63,3.07,3.90,4.48,3.80,0.44,3.25,3.26,3.30,2.77,3.40,1.31,2.56,1.76,2.35,1.65,2.10,4.77,4.31,4.94,4.85,4.95,4.50,3.46,4.01,4.22,1.47,5.01,3.89,4.63,3.88,4,4.14,2.88,3.58,1.60,1.46,1.16,1.64,5.34,5.23,4.80,4.62,3.81,4.35,1.70,,-0.70,-8.30,4,1.90,1.40,,,,,,,2.70,4,,2.90,4,2.70,2.25,,,,,,,,4,3.90,3.70,2,1.40,,,,,5,,2.90,2.20,4.80,5.30,4.70,,,4.10,,,1.50,,,5.80,5.30,4.90,4.80,4.50,3.80,
2008-12-21 05:00,3.50,3.27,1,2.66,-0.30,3.11,3,3.20,-1.29,2.92,0.61,1.15,-2.04,0.92,1.12,-0.13,-0.48,-3.28,1,-0.86,-2.55,-2.47,0.57,,4.15,3.32,3.24,1,3.62,2,2.04,3.78,-3.37,1.32,1.47,1.41,1.85,1.19,-0.91,0.36,-5.20,-6.32,-4.12,0.68,0,2.81,2.40,1.99,1.88,1.91,0.95,2.55,1.61,1.80,0.27,0.88,1.64,0.60,0.87,0.36,-0.06,0.20,-0.61,-3.34,0.06,-1.63,3.82,2.05,0.90,-1.18,2.05,1.74,4.20,1.53,2.38,4.78,4.50,3.90,4.50,4.53,3.08,2.80,3.85,2.23,4.01,2.72,3.05,3.80,4.40,3.80,0.53,3.22,3.70,3.30,2.80,3.61,1.38,2.40,1.70,2.44,1.69,2.17,4.74,4.11,4.89,4.83,5.04,4.40,3.47,4.05,4.30,1.57,5.11,3.79,4.63,3.78,3.90,4.27,2.87,3.52,1.60,1.55,1.21,1.63,5.31,5.12,4.80,4.56,4.01,4.26,1.70,2.80,-0.70,-8.30,3.90,1.90,1.40,1.60,3.20,-6,2.90,4.50,4.80,2.80,4,3.20,2.90,4,2.60,2.50,,4.50,5.30,4.40,5.10,4.60,4.70,4.10,3.90,3.70,2.10,1.70,5.80,5.60,5.20,5.10,5,4.50,3,2.20,4.70,5.20,4.40,5.20,5.60,4.20,3.20,3.70,1.50,5.90,5.80,5.70,5.30,4.80,4.70,4.40,3.90,1.40
2008-12-21 05:10,3.40,3.27,1.04,2.59,-0.40,2.89,2.98,3.10,-1.22,2.76,0.49,0.86,-2.04,0.77,1.04,-0.16,-0.60,-3.90,0.90,-0.85,-2.52,-2.47,0.65,,4.03,3.34,3.17,0.81,3.55,1.70,2.02,3.66,-3.51,1.25,1.29,1.38,2.05,1.37,-0.95,0.36,-5.30,-6.33,-3.92,0.85,0,2.89,2.40,1.96,1.75,1.85,0.92,2.45,1.58,1.85,0.25,0.93,1.67,0.60,0.90,0.38,-0.17,0.40,-0.57,-3.29,0.14,-1.57,4,1.94,0.90,-1.21,2.03,1.76,4.19,1.44,2.31,4.96,4.40,3.87,4.63,4.48,3.10,2.95,3.77,2.12,4.04,2.52,2.98,3.70,4.34,3.75,0.57,3.23,3.74,3.30,2.91,4.05,1.36,2.42,1.67,2.36,1.72,2.22,4.91,4.07,4.67,4.93,4.95,4.20,3.62,4.03,4.28,1.51,5.06,3.76,4.56,3.77,3.80,4.13,2.83,3.39,1.60,1.58,1.12,1.74,5.35,4.98,4.90,4.60,4.14,4.21,1.60,,-0.60,-8.30,4.10,2,1.50,,,,,,,2.90,3.90,,2.90,3.90,2.50,2.39,,,,,,,,4.20,3.90,3.60,2.10,1.70,,,,,4.90,,3,2.10,4.70,5.10,4.40,,,4.20,,,1.60,,,5.70,5.30,4.90,4.70,4.30,3.90,
2008-12-21 05:20,3.40,3.23,1.03,2.55,-0.30,3.03,2.94,3,-1.33,2.44,0.43,0.83,-2.02,0.60,1.06,-0.13,-0.69,-3.64,0.70,-0.70,-2.53,-2.49,0.74,,3.85,3.33,3.20,0.76,3.42,1.50,2,3.49,-3.54,0.99,1.19,1.28,2.12,1.47,-1.07,0.24,-5.20,-6.06,-3.84,1.16,0,2.90,2.30,2.01,1.80,1.89,0.59,2.55,1.59,1.87,0.25,1.05,1.68,0.60,0.98,0.39,0,0.50,-0.60,-3.24,0.23,-1.54,3.96,1.97,0.90,-1.33,2.08,1.76,4.19,1.56,2.37,5.11,4.40,3.85,4.57,4.77,3.14,3.13,3.80,2,4,2.58,2.93,3.70,4.26,3.74,0.61,3.11,3.17,3.40,2.88,3.88,1.38,2.32,1.84,2.25,1.64,2.16,4.68,4.05,4.91,5,4.84,4.10,3.75,4.04,4.32,1.49,4.98,3.92,4.45,3.69,3.80,4.03,2.94,3.46,1.60,1.56,1.02,1.76,5.34,5.08,5.10,4.65,4.17,4.30,1.60,,-0.50,-8.30,4,2.10,1.50,,,,,,,2.90,3.80,,2.90,3.90,2.60,2.38,,,,,,,,4.20,3.90,3.70,2.20,1.80,,,,,4.90,,3,2.10,4.70,5.20,4.40,,,4.20,,,1.60,,,5.70,5.30,4.80,4.90,4.30,3.90,
2008-12-21 05:30,3.40,3.20,0.86,2.66,-0.40,3.16,3.01,3,-1.21,2.27,0.41,0.94,-2.03,0.52,0.95,-0.17,-0.77,-3.32,0.50,-0.79,-2.67,-2.80,0.69,,3.84,3.23,3.32,0.80,3.37,1.50,2,3.39,-3.46,0.83,0.93,1.08,1.95,1.30,-1.13,0.21,-5.20,-6.04,-4.05,2.18,-0.10,2.82,2.40,2.05,1.91,1.98,1.27,2.46,1.59,1.82,0.31,1.21,1.77,0.50,1.31,0.40,-0.06,0.50,-0.61,-3.28,0.28,-1.48,3.96,1.91,0.90,-1.21,2.12,1.95,4.25,1.66,2.37,5.10,4.20,3.65,4.52,4.70,3.16,3.26,3.60,1.65,3.89,2.67,3.01,3.80,4.16,3.84,0.67,3.11,3.38,3.60,2.92,4.22,1.45,2.43,1.82,2.26,1.48,2.16,4.79,4.02,4.94,4.93,4.72,4,3.95,4.04,4.40,1.46,4.91,3.99,4.37,3.66,3.80,4.02,2.95,3.53,1.60,1.80,1.13,1.72,5.16,5.15,5.10,4.77,4.19,4.38,1.60,,-0.50,-8.30,3.80,2.20,1.60,,,,,,,3,3.70,,3.10,3.80,2.70,2.39,,,,,,,,4.30,3.90,3.70,2.10,1.80,,,,,4.80,,3,2.20,4.60,4.90,4.40,,,4.10,,,1.60,,,5.80,5.20,4.60,5,4.30,4,
2008-12-21 05:40,3.30,3.17,0.78,2.59,-0.40,3.04,2.97,2.90,-1.28,2.30,0.41,1.07,-2.07,0.42,0.77,-0.24,-0.87,-3.61,0.40,-0.95,-2.58,-2.83,0.54,,3.73,3.25,3.25,0.85,3.32,1.50,1.98,3.27,-3.49,0.59,0.77,0.75,1.83,1.08,-1.12,0.37,-5.10,-5.87,-3.95,2.69,-0.10,2.66,2.40,2.06,2.11,1.96,0.88,2.41,1.62,1.79,0.26,1.07,1.71,0.70,1.41,0.32,-0.02,0.50,-0.55,-3.32,0.31,-1.50,3.94,1.83,0.80,-1.30,1.98,1.92,4.34,1.55,2.39,5,4.20,3.64,4.38,4.65,3.18,3.32,3.64,1.81,3.74,2.80,3.03,3.80,4.22,3.87,0.72,3.06,3.27,3.50,2.95,3.46,1.46,2.57,1.89,2.38,1.31,2.14,4.65,3.96,5,4.80,4.78,4,4.03,3.98,4.43,1.48,4.73,3.96,4.37,3.60,3.70,3.92,2.86,3.52,1.50,2,1.18,1.71,4.89,5.15,5,4.85,4.10,4.22,1.60,,-0.50,-8.30,3.60,2.20,1.50,,,,,,,3.10,3.60,,3.20,3.70,2.70,2.34,,,,,,,,4.30,3.80,3.60,2.20,1.90,,,,,4.80,,3,2.20,4.70,4.90,,,,4.20,,,1.60,,,5.70,5.20,4.60,5,4.40,4,
2008-12-21 05:50,3.30,3.07,0.56,2.50,-0.40,3.12,2.84,2.70,-1.30,2.28,0.38,1.06,-2.10,0.43,0.86,-0.31,-0.83,-3.58,0.40,-0.91,-2.48,-2.52,0.45,,3.64,3.20,3.41,0.87,3.39,1.70,1.97,3.17,-3.61,0.69,0.69,0.67,1.51,0.94,-1.18,0.23,-5.10,-5.83,-4.02,2.63,-0.10,2.68,2.40,1.99,1.95,2.06,0.54,2.44,1.60,1.87,0.14,1.06,1.80,1.10,1.73,0.41,0.11,0.60,-0.52,-3.29,0.33,-1.52,3.87,1.80,0.80,-1.40,1.81,1.83,4.36,1.41,2.46,4.99,4.10,3.56,4.37,4.78,3.22,3.15,3.46,1.60,3.67,2.91,3.02,3.90,4.14,3.66,0.85,3.20,3.12,3.50,2.93,3.84,1.42,2.57,1.93,2.51,1.53,2.22,4.76,3.96,5.02,4.79,4.74,4,3.88,3.89,4.55,1.48,4.72,3.95,4.43,3.59,3.70,3.89,2.99,3.59,1.60,1.81,1.23,1.72,4.82,5.14,4.80,4.93,3.86,4.33,1.60,,-0.60,-8.30,3.70,2.30,1.40,,,,,,,3.10,3.70,,3.30,3.60,2.60,2.36,,,,,,,,4.40,4,3.70,2.20,1.90,,,,,4.70,,3.10,2.20,4.60,4.90,4.50,,,4,,,1.60,,,5.90,5.20,4.70,5,4.30,4,
2008-12-21 06:00,3,3,0.69,3,-1,3.11,2.79,2.80,-1.34,2.19,0.28,1.04,-2.08,0,0.91,0,-0.77,-3.58,1,-0.80,-2,-2.38,0.47,3,4,3,3.26,0.76,3.37,2,5,3,-3.67,-1,0.71,1,3,1,-1,1,-5,-6,-4,3,-0.20,2.65,2,2.13,0,1.96,1,3,1.62,1.96,0.18,1,2,1,2,0.35,0.13,1,-0.55,-3.25,0.43,-1.49,3.80,1.79,0.80,-1.36,1.96,1.71,4.16,1.42,2.50,4.90,4.20,3.57,4,4,3,3,3.48,2,3.66,3.10,2,4,4.12,3.62,0.86,3.17,3,3.50,3,3.69,1.37,2.51,1.96,2.58,1.66,2.26,4.67,3.80,4.88,4.59,4.65,3.90,3.91,3.80,4.49,1.51,4.68,3.82,4.11,3.62,3.60,3.95,2.99,3.60,1.60,1.85,1.19,1.92,4.79,5.30,4.70,4.81,4.20,4.18,1.60,3,-1,-8,3.70,2.30,1.50,1.80,3,-6,3,5,4.50,3,4,3.30,3.40,3.50,2.70,2.40,2.20,4.60,5,4,4.90,4.60,4.60,4.40,3.90,3.80,2.20,2.10,5.20,5.20,4.80,4.70,4.60,4.40,3.20,2.20,4.40,4.80,4.50,4.70,5.50,4,3.50,3.90,1.60,5.60,5.40,5.70,5.20,4.70,4.80,4.40,4.30,1.30
2008-12-21 06:10,3.40,3.17,0.66,2.74,-0.50,2.96,2.83,3,-1.32,2.05,0.24,0.94,-2.06,0.32,0.85,-0.33,-0.75,-3.77,0.50,-0.97,-2.42,-2.48,0.50,,3.81,2.99,3.01,0.71,3.19,1.60,1.98,3.24,-3.57,0.56,0.75,0.75,1.50,1.07,-1.17,0.11,-5.10,-5.68,-3.94,2.77,-0.30,2.69,2.20,2.03,1.46,1.83,1.01,2.71,1.63,1.88,0.24,1.03,2.02,1.30,1.80,0.33,0.12,0.70,-0.50,-3.18,0.43,-1.44,3.71,1.75,0.80,-1.36,1.71,1.68,4.15,1.50,2.57,4.87,4.10,3.71,4.11,4.76,3.09,3.10,3.57,1.52,3.74,3.03,2.98,3.90,4.20,3.67,1.04,3.29,3.34,3.40,2.71,3.29,1.33,2.50,2.03,2.65,1.53,2.33,4.66,3.68,4.90,4.59,4.59,4.10,4.09,3.67,4.63,1.54,4.65,3.66,4.12,3.63,3.60,3.90,2.97,3.73,1.70,1.73,1.17,1.68,4.60,5.27,4.60,4.99,4.20,4.34,1.60,,-0.50,-8.30,3.60,2.20,1.50,,,,,,,3.20,3.60,,3.40,3.40,2.70,2.37,,,,,,,,4.50,3.90,4,2.10,2.10,,,,,4.60,,3.40,2.20,4.50,4.80,4.50,,,4,,,1.60,,,5.70,5.10,4.70,4.80,4.50,4.30,
2008-12-21 06:20,3.60,3.13,0.51,2.58,-0.50,2.74,2.90,3,-1.27,1.95,0.23,0.82,-2.06,0.38,0.77,-0.23,-0.77,-3.86,0.40,-1.01,-2.40,-2.84,0.50,,3.70,2.89,2.89,0.65,3.02,1.40,1.81,3.10,-3.54,0.61,0.70,0.56,1.51,1,-1.19,0.07,-5.10,-5.64,-4.20,2.94,-0.30,2.56,2.20,1.97,1.70,1.70,0.78,2.69,1.59,1.93,0.27,0.99,2.12,1.30,1.91,0.32,0.22,0.50,-0.45,-3.19,0.44,-1.38,3.68,1.75,0.70,-1.40,1.87,1.72,4.13,1.55,2.41,4.78,3.90,3.75,4,4.67,3.10,3,3.53,1.47,3.83,2.88,2.92,4,4.39,3.64,0.92,3.34,3.19,3.30,2.69,3.44,1.22,2.65,2.12,2.67,1.57,2.34,4.67,3.69,4.94,4.71,4.59,4.20,3.99,3.53,4.53,1.47,4.69,3.64,4.07,3.62,3.60,3.81,2.99,3.63,1.70,1.76,1.32,1.85,4.31,5.18,4.50,4.97,4.35,4.51,1.60,,-0.50,-8.30,3.50,2.20,1.50,,,,,,,3.20,3.60,,3.30,3.30,2.60,2.32,,,,,,,,4.50,3.80,3.90,2.20,2.20,,,,,4.60,,3.40,2.30,4.60,4.70,4.40,,,3.90,,,1.60,,,5.70,5.10,4.60,4.80,4.50,4.40,
2008-12-21 06:30,3.80,3.21,0.55,2.40,-0.50,2.58,2.91,3.10,-1.25,1.94,0.20,0.95,-2.07,0.33,0.63,-0.20,-0.80,-3.53,0.30,-0.83,-2.42,-2.60,0.44,,3.66,2.77,2.73,0.64,2.98,1.20,1.54,3.01,-3.57,0.42,0.65,0.68,1.45,0.90,-1.21,0.07,-5.10,-5.77,-4.11,3.23,-0.20,2.44,2.20,2.01,1.73,1.78,0.74,2.79,1.70,2,0.22,1.01,2.16,1.30,2.06,0.36,0.33,0.50,-0.37,-3.28,0.45,-1.39,3.63,1.74,0.70,-1.44,1.79,1.68,4.04,1.53,2.57,4.84,3.80,3.74,4,4.76,3.15,3,3.63,1.49,3.87,2.84,2.98,3.90,4.43,3.69,0.89,3.41,3.04,3.40,2.92,3.49,1.34,2.64,2.03,2.63,1.54,2.41,4.60,3.65,4.87,4.78,4.64,4.30,3.83,3.47,4.52,1.46,4.65,3.67,4.14,3.66,3.50,3.78,3.02,3.73,1.70,1.74,1.29,1.86,4.31,5.13,4.70,4.94,4.36,4.66,1.60,,-0.60,-8.30,3.40,2.10,1.60,,,,,,,3,3.70,,3.30,3.40,2.60,2.42,,,,,,,,4.30,3.80,4.10,2.20,2.20,,,,,4.50,,3.40,2.30,4.50,4.80,4.30,,,3.80,,,1.70,,,5.80,5.10,4.60,4.70,4.40,4.50,
2008-12-21 06:40,3.90,3.23,0.50,2.27,-0.60,2.63,2.90,3.20,-1.29,2.15,0.30,0.88,-2.07,0.36,0.60,-0.08,-0.87,-3.86,0.30,-0.98,-2.44,-2.80,0.41,,3.73,2.69,2.44,0.56,2.91,1.20,1.51,2.91,-3.65,0.49,0.66,0.68,1.31,0.94,-1.24,0.09,-5.10,-5.83,-3.90,3.31,-0.30,2.21,2.10,1.94,1.79,1.82,0.53,2.75,1.67,2.13,0.24,1.19,2.10,1.40,2.05,0.48,0.44,0.70,-0.30,-3.34,0.37,-1.41,3.70,1.66,0.70,-1.49,1.79,1.69,4.02,1.46,2.67,4.73,3.70,3.72,3.90,4.67,3.16,3,3.46,1.51,3.88,2.84,2.97,3.70,4.36,3.74,0.90,3.51,3.43,3.40,2.74,3.42,1.34,2.64,1.97,2.57,1.72,2.46,4.44,3.69,4.84,4.72,4.57,4.30,3.73,3.46,4.54,1.48,4.59,3.54,4.23,3.67,3.50,3.66,3,3.90,1.70,1.80,1.27,1.58,4.29,5.14,4.70,4.92,4.61,4.70,1.70,,-0.70,-8.30,3.30,2,1.60,,,,,,,3,3.70,,3.30,3.50,2.60,2.32,,,,,,,,3.90,3.70,4.10,2.30,2.30,,,,,4.40,,3.50,2.40,4.40,4.70,4.20,,,3.90,,,1.70,,,5.60,5,4.50,4.80,4.30,4.50,
2008-12-21 06:50,3.60,3.12,0.46,2.03,-0.60,2.71,2.85,3.10,-1.23,2.31,0.35,0.81,-2.09,0.38,0.68,-0.30,-0.85,-3.48,0.30,-1,-2.35,-2.90,0.32,,3.71,2.75,2.54,0.49,2.93,0.90,1.64,2.98,-3.47,0.55,0.62,0.77,1.47,0.98,-1.28,0.18,-5.10,-5.60,-4,2.97,-0.30,2.07,1.90,1.93,1.62,1.79,0.58,2.65,1.73,2.08,0.26,1.24,2.23,1.60,2,0.62,0.40,0.90,-0.15,-3.22,0.40,-1.41,3.63,1.63,0.60,-1.57,1.69,1.62,4.05,1.48,2.70,4.59,3.50,3.70,4,4.79,3.26,2.90,3.43,1.50,3.87,2.80,2.83,3.60,4.36,3.74,0.90,3.48,3.60,3.40,2.83,3.61,1.22,2.67,1.88,2.53,1.89,2.65,4.41,3.61,4.81,4.69,4.76,4.30,3.66,3.48,4.56,1.44,4.51,3.67,4.23,3.57,3.50,3.50,2.91,3.92,1.70,1.77,1.26,1.70,4.24,4.90,4.60,4.77,4.30,4.55,1.70,,-0.70,-8.30,3.20,1.80,1.70,,,,,,,2.90,3.60,,3.30,3.50,2.60,2.30,,,,,,,,3.90,3.70,4.10,2.20,2.30,,,,,4.40,,3.60,2.40,4.30,4.60,4.30,,,3.80,,,1.70,,,5.60,5,4.70,4.70,4.40,4.60,
2008-12-21 07:00,3.40,3.13,0.35,1.95,-0.60,2.70,2.76,3.20,-1.20,2.30,0.42,0.83,-2.12,0.48,0.69,-0.35,-0.82,-3.29,0.30,-1.01,-2.48,-2.66,0.35,,3.77,2.86,2.58,0.49,3.03,0.80,1.72,2.95,-3.59,0.51,0.71,0.71,1.51,1.02,-1.26,0.41,-5.10,-5.72,-3.95,3,-0.30,1.99,1.70,1.74,1.41,1.75,0.56,2.48,1.81,2.16,0.29,1.26,2.17,1.60,2.30,0.81,0.57,1,-0.05,-3.16,0.44,-1.39,3.56,1.56,0.60,-1.58,1.61,1.68,4.06,1.40,2.66,4.54,3.60,3.62,3.90,4.57,3.35,3,3.42,1.50,3.85,2.74,2.71,3.70,4.44,3.59,0.86,3.42,3.50,3.40,2.81,3.50,1.17,2.73,1.79,2.47,1.97,2.80,4.46,3.67,4.83,4.70,4.75,4.30,3.67,3.48,4.56,1.50,4.43,3.57,4.28,3.58,3.50,3.51,2.93,3.79,1.70,1.74,1.19,1.87,4.01,4.71,4.50,4.54,4.09,4.51,1.60,2.40,-0.70,-8.30,3.30,1.60,1.60,2.10,3.10,-6.20,3.20,4.40,4,3,3.70,3.30,3.30,3.50,2.60,2.20,2.50,4,5,4.60,4.40,4.60,4.50,3.90,3.70,4,2.30,2.30,4.70,4.50,4.40,4.80,4.20,4.30,3.50,2.50,4.30,4.60,4.10,4.40,5,3.80,4,4.10,1.70,5.40,5.40,5.70,5,4.60,4.50,4.20,4.60,1.30
2008-12-21 07:10,3.60,3.25,0.33,2.06,-0.63,2.69,2.69,3.10,-1.20,2.42,0.48,0.97,-2.07,0.56,0.63,-0.29,-0.83,-4,0.40,-1,-2.41,-2.46,0.42,,3.60,2.95,2.70,0.46,3.07,0.90,1.59,2.90,-3.62,0.51,0.82,0.65,1.37,0.98,-1.25,0.30,-5.10,-5.71,-3.98,3.03,-0.30,2.15,1.60,1.50,1.10,1.60,0.45,2.29,1.84,2.07,0.34,1.30,2.33,1.60,2.26,0.85,0.58,1,0.02,-3.16,0.48,-1.42,3.63,1.52,0.50,-1.67,1.69,1.77,3.95,1.34,2.77,4.54,3.60,3.57,3.90,4.53,3.25,3,3.36,1.41,3.77,2.86,2.74,3.70,4.50,3.57,0.89,3.42,4.09,3.50,2.87,3.45,1.11,2.74,1.95,2.43,2,2.84,4.36,3.61,4.81,4.63,4.81,4.20,3.61,3.57,4.59,1.51,4.30,3.51,4.22,3.67,3.50,3.57,2.95,3.80,1.70,1.83,1.19,1.89,4.13,4.71,4.50,4.53,4.15,4.49,1.70,,-0.70,-8.30,3.10,1.60,1.70,,,,,,,2.80,3.70,,3.30,3.60,2.60,2.23,,,,,,,,4.20,3.70,4,2.30,2.30,,,,,4.30,,3.60,2.60,4.20,4.60,4.10,,,3.70,,,1.80,,,5.70,4.80,4.60,4.50,4.20,4.60,
2008-12-21 07:20,4,3.36,0.27,2.29,-0.62,2.58,2.64,3,-1.35,2.50,0.43,1.12,-2.08,0.52,0.60,-0.22,-0.81,-3.69,0.40,-1.02,-2.43,-2.46,0.35,,3.64,3,2.85,0.50,3.08,1.20,1.50,2.77,-3.49,0.55,0.69,0.58,1.72,1.05,-1.28,0.09,-5.10,-5.61,-3.98,3.18,-0.20,2.38,1.50,1.47,1.26,1.47,0.41,2.28,1.76,2.02,0.48,1.37,2.24,1.40,2.24,0.77,0.57,1,0.10,-3.21,0.52,-1.34,3.54,1.50,0.50,-1.62,1.74,1.73,3.84,1.25,2.75,4.44,3.80,3.58,4,4.67,3.33,3,3.56,1.14,3.68,2.76,2.90,3.70,4.54,3.55,0.88,3.44,3.84,3.50,2.93,3.64,1.03,2.71,1.95,2.39,2.05,2.83,4.33,3.72,4.73,4.62,4.83,4.20,3.55,3.74,4.50,1.48,4.33,3.49,4.10,3.54,3.60,3.55,2.95,3.87,1.60,1.81,1.20,1.78,4.23,4.79,4.50,4.50,4.17,4.44,1.70,,-0.70,-8.30,3.10,1.40,1.50,,,,,,,2.90,3.80,,3.20,3.70,2.60,2.21,,,,,,,,4,3.70,4,2.30,2.40,,,,,4.30,,3.60,2.70,4.20,4.60,4.10,,,3.70,,,1.90,,,5.70,4.70,4.50,4.40,4.10,4.70,
2008-12-21 07:30,4.20,3.35,0.27,2.44,-0.56,2.76,2.64,3.10,-1.31,2.30,0.47,1.08,-2.10,0.43,0.75,-0.20,-0.81,-3.73,0.50,-1,-2.37,-2.45,0.36,,3.59,2.97,2.77,0.53,3.09,1.30,1.48,2.81,-3.57,0.79,0.66,0.62,1.59,1.20,-1.32,0.04,-5.10,-5.71,-4,3.10,-0.20,2.44,1.40,1.43,1.24,1.49,0.81,2.19,1.54,1.97,0.42,1.42,2.06,1.20,2.34,0.73,0.57,1.10,0.11,-3.23,0.49,-1.32,3.42,1.53,0.50,-1.66,1.65,1.73,3.86,1.35,2.71,4.49,3.70,3.60,4,4.59,3.24,3.10,3.47,1.28,3.68,2.74,2.90,3.70,4.52,3.61,0.85,3.43,3.29,3.60,2.98,3.13,1.05,2.85,1.96,2.37,2.16,2.82,4.41,3.81,4.72,4.72,4.86,4.10,3.59,3.66,4.54,1.47,4.35,3.41,4.21,3.52,3.40,3.43,2.92,3.86,1.50,1.88,1.25,1.68,4.25,4.98,4.50,4.52,4.08,4.52,1.70,,-0.70,-8.30,2.90,1.30,1.20,,,,,,,3.10,3.80,,3.10,3.70,2.80,2.30,,,,,,,,3.70,3.70,4,2.40,2.50,,,,,4.30,,3.70,2.70,4.20,4.40,,,,3.60,,,1.80,,,5.60,4.70,4.50,4.40,4.10,4.90,
2008-12-21 07:40,4.20,3.29,0.39,2.56,-0.61,2.63,2.58,3.10,-1.25,2.09,0.49,0.93,-2.08,0.37,0.72,-0.26,-0.71,-3.86,0.50,-0.89,-2.50,-2.63,0.36,,3.67,2.94,2.67,0.56,3.17,1.50,1.58,2.82,-3.57,1,0.67,0.66,1.81,1.27,-1.26,0.19,-5.10,-5.69,-3.96,2.95,-0.20,2.56,1.50,1.30,1.52,1.37,1.26,2.03,1.34,1.89,0.28,1.30,1.78,1.10,2.12,0.61,0.57,1,0.17,-3.26,0.60,-1.34,3.36,1.55,0.50,-1.64,1.63,1.65,3.84,1.35,2.76,4.63,3.70,3.58,4,4.58,3.17,3.20,3.57,1.37,3.46,2.74,2.88,3.80,4.47,3.68,0.90,3.43,3.76,3.80,2.93,3.41,1.16,2.78,1.98,2.45,2.11,2.61,4.35,3.72,4.73,4.58,4.83,4.10,3.49,3.72,4.44,1.52,4.36,3.39,4.25,3.53,3.40,3.47,2.98,3.81,1.60,1.97,1.25,1.66,4.34,4.93,4.30,4.40,4.12,4.49,1.70,,-0.60,-8.30,3.10,1.20,1.20,,,,,,,3.20,3.80,,3.10,3.80,2.80,2.43,,,,,,,,3.80,3.70,4,2.40,2.40,,,,,4.30,,3.60,2.70,4.20,4.40,4,,,3.70,,,1.90,,,5.60,4.60,4.40,4.40,4.20,4.90,
2008-12-21 07:50,4.10,3.28,0.44,2.56,-0.55,2.49,2.74,3.10,-1.33,1.99,0.54,0.80,-2.10,0.44,0.83,-0.23,-0.79,-3.79,0.50,-0.94,-2.55,-2.86,0.38,,3.79,2.90,2.65,0.60,3.25,1.50,1.67,2.88,-3.55,1.01,0.63,0.72,1.88,1.34,-1.20,0.55,-5.10,-5.75,-3.84,2.78,-0.10,2.81,1.50,1.28,1.70,1.45,1.30,2.07,1.32,1.79,0.22,0.98,1.60,1.10,1.72,0.78,0.52,1.10,0.22,-3.23,0.63,-1.31,3.31,1.50,0.50,-1.66,1.56,1.62,3.95,1.39,2.71,4.60,3.80,3.57,4,4.41,3.23,3.30,3.51,1.27,3.32,2.77,2.91,3.90,4.49,3.61,0.91,3.43,3.48,3.90,2.93,3.43,1.30,2.78,2.02,2.44,2.31,2.59,4.26,3.63,4.69,4.52,4.80,4.10,3.61,3.77,4.53,1.50,4.40,3.66,4.22,3.53,3.50,3.51,2.95,3.71,1.70,2.10,1.25,1.78,4.44,4.83,4.30,4.37,3.81,4.49,1.80,,-0.60,-8.30,3.30,1.30,1.10,,,,,,,3.30,3.80,,3.20,3.80,2.90,2.60,,,,,,,,4.10,3.70,4,2.50,2.40,,,,,4.40,,3.70,2.80,4.20,4.30,4,,,3.60,,,1.90,,,5.50,4.60,4.40,4.30,4.20,4.90,
2008-12-21 08:00,4.10,3.29,0.51,2.68,-0.53,2.52,2.69,3,-1.34,1.99,0.53,0.78,-2.13,0.53,0.85,-0.27,-0.83,-3.72,0.40,-1.10,-2.48,-2.81,0.36,,3.84,2.99,2.62,0.53,3.16,1.30,1.53,2.98,-3.61,1.03,0.73,0.83,1.99,1.40,-1.23,0.88,-5.20,-5.93,-3.81,2.86,-0.10,2.78,1.60,1.32,1.59,1.43,1.31,2.22,1.29,1.61,0.26,0.79,1.51,1.10,1.46,0.98,0.47,1,0.17,-3.16,0.65,-1.28,3.38,1.47,0.40,-1.79,1.57,1.61,3.98,1.35,2.80,4.55,3.90,3.63,4,4.35,3.27,3.30,3.55,1.32,3.57,2.73,2.94,3.90,4.48,3.63,0.82,3.48,3.47,4,3.07,4.15,1.47,2.75,2.10,2.34,2.23,2.63,4.31,3.73,4.72,4.41,4.72,4,3.47,3.80,4.49,1.52,4.40,3.84,4.21,3.56,3.50,3.47,3,3.75,1.80,2.20,1.25,1.79,4.43,4.77,4.30,4.39,3.92,4.62,1.80,2.80,-0.60,-8.30,3.30,1.40,1.10,2.10,3,-6.40,3.40,4.50,4.20,3.30,3.80,3.30,3.20,3.90,2.80,2.60,,4.10,5,4.70,4.50,4.50,4.40,4.10,3.60,4,2.60,2.40,4.10,4.30,4.70,5.10,4.60,4.40,3.70,2.70,4.50,4.40,4,,5,3.60,4.30,4.10,2,5.20,5.40,5.50,4.70,4.40,4.60,4.30,4.90,1.40
2008-12-21 08:10,4.10,3.27,0.51,2.82,-0.60,2.70,2.80,3.20,-1.28,2.16,0.58,0.76,-2.15,0.56,0.88,-0.29,-0.81,-3.77,0.30,-0.93,-2.50,-2.70,0.39,,3.91,2.87,2.73,0.49,3.23,1.30,1.56,3.05,-3.61,1.01,0.86,0.82,2.04,1.51,-1.27,1.27,-5.20,-5.90,-3.80,2.88,-0.10,2.76,1.70,1.36,1.63,1.46,1.46,2.38,1.19,1.41,0.24,0.83,1.58,1.10,1.32,0.86,0.51,0.80,0.12,-3.13,0.58,-1.26,3.51,1.45,0.40,-1.86,1.56,1.58,4.06,1.38,2.79,4.59,3.90,3.66,4,4.28,3.26,3.57,3.65,1.46,3.62,2.90,2.93,3.90,4.37,3.61,1.03,3.41,3.57,4,3.07,3.21,1.49,2.78,2.16,2.30,2.20,2.60,4.27,3.96,4.68,4.51,4.65,4,3.45,3.67,4.33,1.60,4.47,3.93,4.37,3.55,3.50,3.36,3,4,1.90,2.54,1.40,1.65,4.50,4.72,4.30,4.45,3.94,4.48,1.80,,-0.50,-8.30,3.60,1.10,1,,,,,,,3.40,3.80,,3.10,3.90,2.70,2.67,,,,,,,,4.40,3.50,4.10,2.60,2.40,,,,,4.60,,3.80,2.80,4.50,4.40,3.90,,,3.60,,,2.10,,,5.50,4.70,4.40,4.60,4.30,4.90,
2008-12-21 08:20,4,3.19,0.52,2.86,-0.50,2.82,2.86,3.20,-1.25,2.30,0.46,0.80,-2.15,0.61,0.86,-0.29,-0.89,-3.76,0.50,-0.88,-2.54,-2.74,0.39,,3.87,2.84,2.87,0.51,3.33,1.40,1.55,3.07,-3.60,1.05,0.89,1.03,2.06,1.60,-1.20,1.52,-5.20,-5.80,-3.84,2.96,0,2.73,1.80,1.49,1.58,1.55,1.60,2.41,1.24,1.42,0.19,0.80,1.61,1,1.41,0.89,0.59,0.60,0.20,-3.13,0.64,-1.24,3.40,1.41,0.30,-1.86,1.52,1.51,4.18,1.47,2.88,4.54,3.90,3.72,3.93,4.34,3.22,3.49,3.60,1.53,3.48,2.94,3.11,3.90,4.40,3.51,0.92,3.32,3.71,4.10,3.33,3.91,1.56,2.80,2.20,2.42,2.30,2.52,4.19,4.06,4.81,4.38,4.68,4,3.37,3.65,4.23,1.70,4.57,3.98,4.39,3.63,3.60,3.42,3.14,3.76,1.90,2.74,1.40,1.74,4.41,4.74,4.50,4.23,4.17,4.58,1.90,,-0.50,-8.30,3.50,1.30,0.70,,,,,,,3.40,3.70,,3.10,3.90,2.80,2.52,,,,,,,,4.50,3.50,4.10,2.70,2.40,,,,,4.70,,3.80,2.80,4.50,4.40,4,,,3.60,,,2.20,,,5.60,4.90,4.40,4.70,4.30,4.90,
2008-12-21 08:30,4.10,3.19,0.52,2.77,-0.50,2.83,2.90,2.90,-1.32,2.39,0.33,0.89,-2.07,0.65,0.63,-0.17,-0.98,-4.13,0.50,-0.83,-2.51,-2.51,0.46,,3.77,2.90,2.96,0.54,3.31,1.50,1.69,3.04,-3.68,1.06,0.85,1.04,2.04,1.51,-1.20,1.43,-5.20,-5.88,-3.94,2.89,-0.10,2.73,1.90,1.52,1.83,1.72,1.45,2.44,1.20,1.46,0.12,0.81,1.57,1.20,1.63,0.94,0.49,0.70,0.24,-3.22,0.66,-1.26,3.59,1.42,0.30,-1.82,1.49,1.50,4.28,1.53,2.93,4.65,4.10,3.78,4,4.25,3.29,3.51,3.58,1.72,3.52,2.82,3.29,3.80,4.44,3.50,0.90,3.38,3.38,4,3.51,4.28,1.59,2.84,2.21,2.57,2.21,2.45,4.22,4.21,4.77,4.54,4.63,4,3.40,3.68,4.12,1.73,4.70,4.09,4.36,3.59,3.60,3.61,3.10,3.88,2,2.68,1.40,2.10,4.61,4.68,4.60,4.46,4.18,4.48,2,,-0.60,-8.30,3.60,1.60,0.70,,,,,,,3.50,3.60,,3.10,3.80,2.90,2.52,,,,,,,,4.60,3.60,4.20,2.60,2.50,,,,,4.70,,3.80,2.90,4.60,4.60,4,,,3.60,,,2.30,,,5.70,4.90,4.40,4.80,4.40,4.90,
2008-12-21 08:40,4,3.20,0.55,2.63,-0.60,2.92,2.90,2.80,-1.26,2.49,0.31,1,-2.19,0.61,0.51,-0.21,-0.97,-3.78,0.60,-0.88,-2.59,-2.47,0.49,,3.64,2.96,2.98,0.54,3.35,1.50,1.79,3.08,-3.56,1.12,0.89,0.98,2.04,1.51,-1.19,1.47,-5.20,-5.93,-3.99,3.02,-0.10,2.79,2,1.67,1.64,1.83,1.35,2.53,1.37,1.42,0.09,0.67,1.76,1.40,1.61,1.05,0.49,0.80,0.24,-3.22,0.67,-1.21,3.42,1.36,0.30,-1.85,1.56,1.51,4.31,1.47,2.91,4.81,4.30,3.77,4.19,4.64,3.28,3.42,3.56,1.78,3.68,2.78,3.19,4,4.57,3.45,0.99,3.46,3.29,3.90,3.31,3.84,1.50,2.94,2.35,2.62,2.14,2.47,4.16,4.27,4.63,4.60,4.58,3.90,3.51,3.65,4.18,1.83,4.78,4.11,4.38,3.65,3.60,3.57,3.15,4.03,2,2.66,1.56,2.15,4.50,4.65,4.80,4.39,4,4.53,2,,-0.70,-8.20,3.50,1.50,0.70,,,,,,,3.50,3.60,,3.10,3.80,3,2.54,,,,,,,,4.60,3.80,4.20,2.60,2.60,,,,,4.60,,3.80,2.90,4.50,4.60,,,,3.60,,,2.30,,,5.70,5.10,4.20,4.80,4.30,4.90,
2008-12-21 08:50,4.10,3.23,0.44,2.59,-0.60,2.97,2.80,2.70,-1.34,2.53,0.19,0.99,-2.24,0.64,0.63,-0.30,-0.93,-4.09,0.80,-0.92,-2.69,-2.49,0.45,,3.54,3.01,3,0.61,3.35,1.50,1.83,3.23,-3.71,1.26,0.79,0.95,2.08,1.50,-1.19,1.65,-5.20,-5.95,-4.06,3.03,-0.10,2.93,2,1.75,1.89,1.87,1.58,2.56,1.48,1.40,0.22,0.62,1.82,1.50,1.62,1.20,0.46,0.90,0.15,-3.24,0.75,-1.25,3.42,1.33,0.30,-1.87,1.52,1.37,4.40,1.37,2.91,4.86,4.40,3.80,4.17,4.57,3.31,3.35,3.93,1.74,3.83,2.80,3.03,4,4.50,3.50,0.95,3.46,3.42,3.90,3.24,3.77,1.49,3.01,2.38,2.69,2.16,2.52,3.97,4.25,4.62,4.55,4.59,3.80,3.51,3.49,4.23,1.89,4.78,4.01,4.37,3.70,3.50,3.58,3.31,4.06,2,2.82,1.61,1.99,4.73,4.72,4.70,4.41,4.10,4.49,2.10,,-0.60,-8.30,3.40,2.20,0.70,,,,,,,3.60,3.60,,3.10,3.80,3.10,2.54,,,,,,,,4.50,3.90,4.20,2.70,2.70,,,,,4.60,,3.80,3,4.50,4.70,4.10,,,3.60,,,2.40,,,5.80,5.30,4.20,4.80,4.30,4.90,
2008-12-21 09:00,4.10,3.07,0.36,2.55,-0.60,2.87,2.72,2.60,-1.32,2.50,0.10,1.03,-2.19,0.64,0.49,-0.27,-0.90,-3.97,0.90,-0.90,-2.69,-2.78,0.46,,3.86,3.09,3.13,0.58,3.29,1.60,1.73,3.27,-3.57,1.30,0.96,1.03,2.07,1.49,-1.17,1.84,-5.40,-5.88,-4.02,3.13,0,2.91,2,1.79,2.06,1.93,1.54,2.77,1.44,1.53,0.17,0.63,1.83,1.60,1.67,1.19,0.49,1,0.12,-3.15,0.74,-1.26,3.64,1.34,0.30,-1.86,1.45,1.45,4.46,1.24,2.88,4.88,4.50,3.82,4.26,4.45,3.29,3.20,4.10,1.62,3.98,2.74,2.94,4.10,4.41,3.43,0.85,3.39,3.63,3.80,3.29,3.68,1.58,3.11,2.62,2.74,2.14,2.60,3.93,4.45,4.70,4.45,4.65,3.80,3.56,3.46,4.29,1.90,4.90,4.11,4.35,3.71,3.50,3.60,3.35,4,2.20,2.86,1.61,1.90,4.92,4.65,4.80,4.44,3.93,4.47,2.20,2,-0.50,-8.30,3.10,2.30,0.70,1.70,2.90,-6.40,3.70,4.40,4.30,3.60,3.70,3.30,3.20,3.90,3.10,2.40,,4.10,5,5.20,4.90,4.60,4.40,4.40,4.10,4.30,2.70,3.10,4.70,4.50,4.90,4.90,4.50,4.50,3.80,3.10,4.60,4.90,4.20,4.60,5.20,3.70,4.40,4.20,2.50,5.60,5.70,5.90,5.40,4,4.80,4.30,4.90,1.40
2008-12-21 09:10,4.10,2.91,0.24,2.45,-0.56,3.01,2.47,2.50,-1.40,2.38,0.06,0.97,-2.30,0.63,0.39,-0.30,-0.87,-4.35,0.80,-0.87,-2.69,-2.59,0.50,,3.73,3.19,3.16,0.61,3.29,1.50,1.71,3.31,-3.61,1.18,0.99,1.13,2.09,1.62,-1.13,1.86,-5.40,-6.08,-3.97,3.07,0,2.89,2,1.83,1.81,2,1.57,2.97,1.43,1.71,0.18,0.51,1.93,1.60,1.75,1.16,0.54,0.90,0.23,-3.18,0.76,-1.31,3.56,1.38,0.30,-1.91,1.47,1.48,4.25,1.09,2.84,4.82,4.60,3.85,4.19,4.59,3.34,3.56,3.96,1.57,3.86,2.68,2.98,4.10,4.56,3.47,0.83,3.50,3.44,3.80,3.19,3.52,1.68,3.02,2.61,2.87,2.22,2.68,4.16,4.48,4.78,4.50,4.78,3.90,3.47,3.50,4.42,1.98,5.11,4.05,4.38,3.77,3.50,3.58,3.39,4.06,2.40,2.76,1.63,2.01,4.87,4.68,4.90,4.39,3.96,4.46,2.20,,-0.60,-8.30,3.30,2.20,0.70,,,,,,,3.60,3.70,,3.20,3.90,3.10,2.59,,,,,,,,4.20,4.30,4.40,2.80,3.10,,,,,4.50,,3.80,3.30,4.70,4.90,4.20,,,3.70,,,2.50,,,5.80,5.40,4.40,4.80,4.40,4.90,
2008-12-21 09:20,4.10,3.03,0.34,2.34,-0.60,2.66,2.28,2.40,-1.43,2.31,0.01,0.70,-2.27,0.52,0.38,-0.36,-0.91,-4.02,0.90,-0.82,-2.59,-2.44,0.62,,3.79,3.20,3.18,0.61,3.37,1.50,1.56,3.25,-3.71,1.12,0.89,1.17,1.97,1.75,-1.13,1.55,-5.40,-6.08,-4.02,3.04,0.10,2.86,2.10,1.87,1.80,2.05,1.54,3.17,1.61,1.81,0.22,0.55,1.97,1.60,1.75,1.11,0.52,0.80,0.21,-3.23,0.74,-1.28,3.59,1.40,0.30,-1.89,1.40,1.50,4.17,1.23,2.79,5,4.80,3.78,4.14,4.59,3.50,3.69,4.08,1.84,3.80,2.60,3.11,4.10,4.61,3.52,0.84,3.44,3.56,3.70,3.13,3.52,1.80,2.94,2.57,3.01,2.37,2.71,4.27,4.62,4.70,4.63,4.87,3.90,3.37,3.59,4.46,2.02,5.17,4,4.53,3.69,3.50,3.50,3.46,4.12,2.50,2.93,1.62,2.33,4.96,4.73,4.80,4.42,4.30,4.45,2.30,,-0.50,-8.30,3.60,2.30,0.80,,,,,,,3.60,3.70,,3.10,3.90,3.30,2.64,,,,,,,,4.30,4.40,4.40,2.80,3.30,,,,,4.50,,3.80,3.40,4.80,5.10,4.20,,,3.70,,,2.70,,,5.70,5.50,4.90,4.80,4.50,4.80,
2008-12-21 09:30,4.10,3.19,0.36,2.58,-0.59,2.81,2.29,2.40,-1.50,2.24,-0.01,0.66,-2.24,0.46,0.41,-0.43,-0.93,-4.22,0.90,-0.86,-2.62,-2.96,0.61,,3.67,3.17,3.12,0.63,3.28,1.80,1.53,3.22,-3.70,1.07,0.98,1.01,2.09,1.76,-1.12,1.77,-5.40,-6.24,-4.15,3.10,0.10,2.85,2.10,1.85,1.71,2,1.43,3.14,1.72,1.92,0.25,0.71,1.90,1.80,1.82,1.14,0.59,0.80,0.11,-3.22,0.71,-1.28,3.69,1.45,0.20,-1.87,1.41,1.39,4.22,1.44,2.75,4.99,5.10,3.82,4.12,4.38,3.72,3.93,4.13,1.79,3.86,2.51,3.14,3.90,4.72,3.70,0.86,3.43,3.65,3.70,3.15,3.53,1.72,3.05,2.70,2.94,2.49,2.84,4.11,4.90,4.76,4.62,5,3.90,3.42,3.68,4.37,2.08,5.31,4.09,4.63,3.64,3.50,3.51,3.47,4.07,2.50,2.66,1.68,2.29,5.10,4.68,4.80,4.49,4.22,4.43,2.30,,-0.50,-8.30,3.70,2.20,1,,,,,,,3.60,3.80,,3.10,3.80,3.40,2.77,,,,,,,,4.30,4.30,4.50,2.80,3.50,,,,,4.60,,3.80,3.40,5,5.10,4.30,,,3.80,,,2.70,,,5.80,5.60,5,4.80,4.50,4.90,
2008-12-21 09:40,4.10,3.15,0.25,2.66,-0.64,2.80,2.32,2.50,-1.49,2.23,-0.01,0.65,-2.24,0.32,0.49,-0.37,-0.97,-3.89,0.90,-0.96,-2.65,-2.68,0.58,,3.66,3.06,3.12,0.66,3.32,1.80,1.82,3.21,-3.69,1.13,1.07,1.02,2.13,1.73,-1.10,1.81,-5.50,-6.14,-4.29,3,0.10,2.90,2.20,1.81,1.60,1.91,1.44,3.12,1.93,2.06,0.26,0.73,2.04,1.70,1.81,1.30,0.56,0.90,0.26,-3.18,0.79,-1.36,3.73,1.46,0.20,-1.99,1.41,1.42,4.33,1.78,2.94,5.11,4.90,3.85,4.21,4.51,3.88,3.80,4.16,1.69,3.93,2.61,3.07,3.90,4.75,3.82,0.76,3.45,3.36,3.80,3.08,3.14,1.73,2.98,2.76,3.01,2.50,3.01,4.13,4.88,4.79,4.67,5.05,3.90,3.37,3.71,4.47,2.23,5.26,4.09,4.80,3.66,3.50,3.42,3.54,4.22,2.60,2.77,1.66,2.09,4.99,4.73,4.70,4.45,4.11,4.46,2.30,,-0.50,-8.40,3.80,2.10,1.10,,,,,,,3.70,3.80,,3.10,3.80,3.40,2.78,,,,,,,,4.30,4.10,4.60,2.90,3.50,,,,,4.70,,3.90,3.50,5.10,5.20,4.50,,,3.80,,,2.80,,,5.80,5.70,5.10,4.80,4.60,4.90,
2008-12-21 09:50,4.10,3.21,0.35,2.67,-0.60,2.87,2.13,2.50,-1.46,2.13,-0.03,0.54,-2.26,0.39,0.37,-0.35,-0.97,-4.49,0.60,-0.93,-2.61,-2.78,0.57,,3.62,3.08,3.12,0.63,3.31,1.80,1.88,3.15,-3.76,0.91,1.05,1.03,2.24,1.68,-1.20,1.76,-5.50,-6.23,-4.26,3.09,0.10,3.04,2.10,1.84,1.71,1.94,1.52,2.99,2.04,2.10,0.30,0.94,2.05,1.70,1.80,1.36,0.59,0.90,0.31,-3.20,0.82,-1.40,3.80,1.48,0.30,-1.96,1.31,1.34,4.46,2.03,2.92,5.18,5.20,3.88,4.20,4.60,3.96,3.80,4.16,1.62,4,2.64,3.22,3.80,4.82,3.87,0.91,3.44,3.60,3.80,3.08,3.95,1.76,3.04,2.78,2.94,2.72,3.19,4.07,4.69,4.76,4.85,5.12,3.80,3.54,3.69,4.44,2.39,5.37,4.23,4.68,3.65,3.70,3.45,3.56,4.39,2.60,2.75,1.76,2.14,5.18,4.68,4.80,4.59,4.34,4.59,2.30,,-0.60,-8.40,3.80,2,1.20,,,,,,,3.80,3.90,,3.20,3.80,3.40,2.90,,,,,,,,4.40,4,4.40,2.90,3.50,,,,,4.70,,3.90,3.60,5.20,5.30,4.60,,,3.90,,,2.90,,,5.80,5.80,5.20,4.70,4.70,4.90,
2008-12-21 10:00,4.10,3.21,0.49,2.62,-0.70,2.83,2.10,2.50,-1.45,1.96,-0.04,0.71,-2.32,0.38,0.33,-0.45,-1.01,-3.77,0.40,-0.99,-2.63,-3.01,0.53,,3.56,3.05,3.20,0.50,3.51,1.40,1.87,3.21,-3.67,0.98,0.88,0.80,2.24,1.82,-1.21,1.72,-5.60,-6.25,-4.30,3.19,0.10,2.92,2,1.95,1.70,1.82,1.47,2.77,2.01,2.24,0.35,0.96,2.07,1.70,1.85,1.40,0.63,0.90,0.32,-3.25,0.82,-1.37,3.86,1.51,0.30,-1.89,1.21,1.25,4.63,2.22,2.89,5.48,5.40,3.94,4.38,4.54,4.12,3.80,4.09,1.55,3.98,2.71,3.15,3.90,4.64,3.70,0.83,3.49,3.81,3.90,3.25,3.48,1.85,3.02,2.74,2.95,2.85,3.32,4.21,4.63,4.83,4.61,5.09,3.70,3.50,3.64,4.50,2.48,5.45,4.26,4.81,3.57,3.60,3.44,3.57,4.45,2.60,2.70,1.79,2.30,5.33,4.63,4.90,4.57,4.18,4.49,2.30,2.50,-0.60,-8.40,3.80,1.90,1.30,,2.90,-6.70,4.40,4.60,4.30,3.80,3.90,3.30,3.30,3.70,3.40,2.70,,4,4.90,5.20,5.40,4.60,4.50,4.50,3.90,4.40,3,3.60,5.80,4.80,5,5.20,4.70,4.30,3.90,3.70,5.40,5.40,4.80,4.90,5.20,3.70,4.60,4.50,2.90,5.80,5.80,5.80,5.80,5.30,4.80,4.60,4.90,1.60
2008-12-21 10:10,4,3.30,0.43,2.71,-0.60,2.66,2.15,2.60,-1.42,1.81,-0.03,0.72,-2.33,0.36,0.38,-0.30,-0.99,-4.31,0.50,-0.94,-2.72,-2.90,0.53,,3.56,2.98,3.16,0.49,3.58,1.30,1.83,3.34,-3.77,0.78,0.79,0.94,2.26,1.60,-1.15,1.55,-5.60,-6.17,-4.37,3.12,0.10,2.89,2,1.69,1.80,1.78,1.39,2.57,2.10,2.21,0.38,0.94,1.94,1.70,1.94,1.43,0.68,1,0.43,-3.31,0.85,-1.39,3.74,1.64,0.30,-1.88,1.32,1.35,4.63,2.29,3.02,5.58,5.40,4.04,4.40,4.52,4.17,3.95,4.02,1.55,3.98,2.87,3.10,4,4.56,3.64,0.89,3.50,3.29,4,3.01,3.67,1.76,3.06,2.59,2.97,2.76,3.38,4.30,4.53,5.03,4.58,5.12,3.80,3.61,3.53,4.53,2.45,5.46,4.23,4.65,3.67,3.70,3.58,3.69,4.50,2.70,2.76,1.77,2.62,5.29,4.73,4.90,4.42,4.25,4.33,2.40,,-0.60,-8.50,3.60,1.90,1.40,,,,,,,3.90,3.90,,3.30,,3.50,3.04,,,,,,,,4.60,4,4.30,3.20,3.60,,,,,4.70,,3.80,3.80,5.40,5.40,4.80,,,3.70,,,2.90,,,5.80,5.90,5.40,4.90,4.60,4.90,
2008-12-21 10:20,4.10,3.25,0.42,2.74,-0.60,2.67,2.22,2.70,-1.37,1.68,0.06,0.71,-2.27,0.39,0.35,-0.46,-0.99,-4.01,0.40,-1,-2.65,-2.76,0.41,,3.55,2.84,3.10,0.43,3.52,1.30,1.96,3.22,-3.87,0.78,0.77,0.90,2,1.66,-1.16,1.70,-5.60,-6.20,-4.40,3.23,0,2.97,2,1.85,1.66,1.66,1.54,2.64,2,2.27,0.38,1.13,1.88,1.80,1.86,1.48,0.76,1,0.43,-3.25,0.82,-1.39,3.90,1.60,0.40,-1.80,1.36,1.33,4.69,2.20,2.93,5.50,5.40,4.11,4.30,4.48,4.16,3.86,4.13,1.70,3.86,2.93,3.06,3.90,4.59,3.65,0.94,3.50,3.57,4,3.32,3.72,1.87,3.13,2.60,2.99,2.86,3.18,4.13,4.49,4.97,4.71,5.15,3.80,3.60,3.66,4.52,2.56,5.62,4.31,4.69,3.63,3.70,3.54,3.69,4.38,2.90,2.84,1.75,2.55,5.48,4.77,5,4.34,4.05,4.43,2.50,,-0.60,-8.50,3.60,1.80,1.50,,,,,,,3.90,3.80,,3.30,3.70,3.50,3,,,,,,,,4.60,4,4.30,3.20,3.60,,,,,4.70,,3.80,3.80,5.40,5.60,4.90,,,3.60,,,2.90,,,5.80,5.90,5.20,4.90,4.60,4.90,
2008-12-21 10:30,4,3.29,0.44,2.86,-0.60,2.84,2.36,2.70,-1.41,1.59,-0.02,0.64,-2.23,0.37,0.27,-0.51,-0.95,-3.70,0.30,-1.13,-2.57,-2.94,0.30,,3.49,2.76,2.97,0.42,3.49,1.30,1.91,2.96,-3.87,0.88,0.69,0.61,1.90,1.51,-1.25,1.62,-5.60,-6.27,-4.30,3.35,0,2.99,2,1.80,1.91,1.76,1.45,2.73,1.96,2.26,0.42,1.23,1.93,1.70,1.98,1.54,0.68,1.10,0.42,-3.31,0.86,-1.41,4.02,1.63,0.40,-1.74,1.36,1.31,4.59,2.36,3.06,5.44,5.50,3.93,4.30,4.48,4.06,3.84,4.15,1.79,3.75,2.99,2.96,3.80,4.60,3.58,0.99,3.54,3.19,4.10,3.42,3.52,1.90,3.13,2.67,2.98,2.84,3.27,4.21,4.51,5.06,4.72,5.08,3.80,3.60,3.80,4.49,2.58,5.70,4.46,4.79,3.60,3.70,3.37,3.79,4.31,3,3.05,1.91,2.73,5.56,4.74,5.10,4.41,4.30,4.53,2.70,,-0.80,-8.50,3.40,1.90,1.50,,,,,,,3.90,3.90,,3.40,3.70,3.50,3.01,,,,,,,,4.50,3.90,4.30,3.20,3.60,,,,,4.70,,3.60,3.90,5.50,5.70,4.90,,,3.70,,,3,,,5.80,6,5.20,4.90,4.70,5,
2008-12-21 10:40,4,3.23,0.49,2.74,-0.60,2.60,2.50,2.80,-1.35,1.48,0.05,0.73,-2.20,0.42,0.60,-0.42,-0.86,-3.88,0.20,-1.13,-2.67,-2.81,0.18,,3.32,2.68,2.89,0.45,3.39,1.30,1.73,2.96,-3.85,0.96,0.82,0.68,1.88,1.48,-1.30,1.80,-5.60,-6.22,-4.34,3.51,-0.20,2.98,1.90,1.74,1.63,1.77,1.51,2.72,1.74,2.14,0.45,1.16,2,1.70,1.94,1.55,0.69,1.10,0.45,-3.23,0.93,-1.35,4.24,1.81,0.50,-1.77,1.31,1.33,4.62,2.39,2.97,5.50,5.50,3.78,4.30,4.67,4.04,3.96,4.31,1.95,3.63,2.99,2.90,3.50,4.66,3.58,1.08,3.48,3.46,4.10,3.18,3.47,1.79,3.17,2.64,2.98,2.83,3.24,4.52,4.44,5.08,4.82,5.20,3.80,3.66,3.86,4.54,2.62,5.64,4.55,4.90,3.54,3.70,3.34,3.71,4.51,3.10,3.30,1.87,2.82,5.59,4.73,5.10,4.40,4.18,4.51,2.80,,-0.70,-8.50,3.30,1.80,1.50,,,,,,,3.90,3.90,,3.30,3.60,3.60,2.95,,,,,,,,4.50,4,4.20,3.30,3.60,,,,,4.60,,3.50,3.80,5.50,5.80,4.90,,,3.80,,,3.10,,,5.80,6,5.10,4.90,4.60,5,
2008-12-21 10:50,4,3.16,0.53,2.58,-0.70,2.48,2.71,2.90,-1.36,1.55,0.04,0.78,-2.31,0.43,0.57,-0.41,-0.84,-4.21,0.30,-1,-2.62,-2.71,0.25,,3.35,2.70,2.68,0.40,3.14,1.10,1.59,2.81,-3.69,0.93,0.88,0.82,1.72,1.45,-1.30,2.14,-5.50,-6.27,-4.37,3.44,-0.20,2.84,2,1.73,1.79,1.65,1.48,2.62,1.59,2.07,0.34,1.09,2.05,1.70,1.98,1.49,0.72,1,0.41,-3.25,0.92,-1.38,4.16,1.76,0.60,-1.62,1.35,1.32,4.66,2.77,3.08,5.75,5.40,3.96,4.50,4.74,4.03,4.04,4.43,2.07,3.75,3.01,2.84,3.60,4.54,3.59,1.07,3.49,3.64,4.20,3.21,3.77,1.77,3.20,2.67,3.04,2.92,3.13,4.40,4.37,4.95,4.94,5.30,3.80,3.54,3.96,4.54,2.69,5.77,4.53,4.96,3.51,3.70,3.29,3.63,4.61,3.10,3.34,1.84,2.70,5.44,4.86,5.10,4.32,4.03,4.47,3,,-0.80,-8.50,3.30,1.80,1.50,,,,,,,3.90,3.80,,3.40,3.60,3.70,2.88,,,,,,,,4.50,4.30,4.30,3.30,3.70,,,,,4.60,,3.50,3.80,5.70,5.80,4.90,,,3.80,,,3.20,,,5.80,6,5.20,4.90,4.60,5,
2008-12-21 11:00,4,3.22,0.44,2.62,-0.60,2.60,2.74,3,-1.42,1.58,0.07,0.80,-2.37,0.39,0.57,-0.45,-0.89,-4.05,0.30,-1.09,-2.76,-2.72,0.19,,3.39,2.63,2.69,0.38,2.95,1,1.48,2.79,-3.67,0.77,0.76,0.74,1.73,1.33,-1.28,1.86,-5.50,-6.26,-4.26,3.16,-0.30,2.73,1.80,1.73,1.92,1.72,1.28,2.68,1.72,2.11,0.30,1.08,1.94,1.70,2.08,1.50,0.64,1,0.33,-3.38,0.87,-1.38,4.30,1.91,0.70,-1.70,1.45,1.37,4.67,2.70,3.12,5.61,5.20,4.31,4.70,4.62,3.95,4.07,4.40,2.18,3.87,3.10,3.01,3.70,4.43,3.47,1.01,3.52,3.63,4.20,3.23,3.49,1.89,3.13,2.72,3.22,2.91,3.03,4.65,4.29,5.08,5.02,5.19,3.90,3.28,3.95,4.50,2.62,5.90,4.50,4.96,3.47,3.70,3.22,3.64,4.61,3.40,3.42,1.88,2.75,5.55,4.83,5.10,4.35,3.88,4.35,3,2.60,-0.80,-8.50,3.20,1.90,1.50,,3,-6.60,4.10,5.50,4.50,3.90,3.80,3.70,3.40,3.60,3.70,2.60,2.90,4.20,5,4.90,5.60,4.70,4.50,4.50,4.40,4.40,3.40,3.70,6.10,5.30,5,5.30,4.50,4.30,3.50,3.80,5.90,6,5.10,5.10,5.20,3.60,4.60,4.60,3.30,5.80,5.80,5.70,6.10,5.60,4.90,4.60,4.80,1.60
2008-12-21 11:10,4,3.15,0.44,2.60,-0.60,2.54,2.79,3,-1.50,1.55,0.19,0.80,-2.28,0.35,0.78,-0.41,-0.88,-4.15,0.30,-1.17,-2.77,-2.85,0.22,,3.22,2.49,2.60,0.33,2.89,1,1.40,2.78,-3.70,0.58,0.59,0.63,1.63,1.15,-1.33,2.15,-5.50,-6.17,-4.28,3.09,-0.30,2.58,1.70,1.71,1.83,1.75,1.33,2.57,1.82,2.11,0.25,1.13,1.98,1.70,1.94,1.54,0.68,1,0.41,-3.36,0.74,-1.43,4.32,1.96,0.70,-1.55,1.50,1.53,4.62,2.82,3.44,5.61,5.50,4.44,4.70,4.74,4.13,3.90,4.55,2.21,4.17,2.84,3.33,3.70,4.37,3.31,0.95,3.44,3.33,4,3.35,3.24,2,3.12,2.72,3.33,2.85,3.07,4.63,4.26,4.81,5.02,5.16,4.10,3.26,3.85,4.45,2.63,6.03,4.81,4.97,3.49,3.70,3.28,3.70,4.57,3.60,3.72,2.02,3.04,5.68,5.05,5.20,4.36,3.76,4.04,3.10,,-0.80,-8.50,3.10,1.80,1.40,,,,,,,3.90,3.80,,3.40,3.50,3.70,2.98,,,,,,,,4.60,4.40,4.40,3.30,3.70,,,,,4.50,,3.70,3.60,5.90,6.10,5.10,,,3.60,,,3.20,,,5.70,6.10,5.60,4.90,4.60,4.80,
2008-12-21 11:20,4,3.30,0.38,2.66,-0.60,2.65,2.83,3.10,-1.43,1.52,0.40,0.79,-2.28,0.47,0.71,-0.34,-0.89,-4.17,0.30,-1.16,-2.66,-3.09,0.26,,3.14,2.50,2.53,0.32,2.90,0.90,1.48,2.60,-3.74,0.36,0.58,0.60,1.69,1.15,-1.43,2.03,-5.50,-6.04,-4.27,2.93,-0.30,2.61,1.70,1.73,1.88,1.55,1.53,2.51,1.76,2.04,0.22,1.05,2.03,1.70,1.84,1.48,0.63,1,0.34,-3.35,0.78,-1.48,4.35,2.05,0.70,-1.51,1.65,1.59,4.59,2.58,3.48,5.68,5.40,4.32,4.54,4.80,4.22,3.90,4.48,2.28,4.46,2.85,3.49,3.60,4.29,3.35,0.89,3.43,3.77,3.90,3.50,2.86,1.96,3.20,2.72,3.33,2.81,3.05,4.42,4.17,4.59,4.99,5.18,4.20,3.37,3.96,4.40,2.66,6.07,4.86,5.06,3.49,3.80,3.23,3.59,4.59,3.70,3.61,2.10,3.05,5.60,5.07,5.20,4.33,4.01,4.04,3.20,,-0.80,-8.50,3.10,1.90,1.40,,,,,,,3.90,3.90,,3.30,3.40,3.80,3.03,,,,,,,,4.50,4.40,4.30,3.30,3.70,,,,,4.50,,3.70,3.60,5.90,6.10,5.10,,,3.60,,,3.30,,,5.70,6.10,5.40,4.90,4.60,4.70,
2008-12-21 11:30,4.10,3.32,0.36,2.66,-0.60,2.83,3.01,3.10,-1.45,1.64,0.40,0.72,-2.19,0.42,0.71,-0.33,-0.88,-4.18,0.30,-0.94,-2.59,-2.91,0.28,,3.11,2.56,2.50,0.33,2.86,0.80,1.34,2.76,-3.71,0.54,0.63,0.65,1.69,1.12,-1.34,2.05,-5.50,-6.16,-4.19,2.80,-0.20,2.50,1.70,1.67,1.93,1.54,1.44,2.64,1.66,2.01,0.25,1.02,2.05,1.60,1.98,1.47,0.65,0.90,0.33,-3.39,0.72,-1.51,4.48,2.11,0.80,-1.42,1.66,1.50,4.74,2.15,3.13,5.47,5.40,4.33,4.56,4.85,4.26,4,4.44,2.34,4.60,2.83,3.65,3.80,4.34,3.58,0.87,3.43,3.75,3.80,3.57,2.54,1.98,3.21,2.79,3.47,2.80,3.04,4.65,4.17,4.65,5.22,5.24,4.30,3.31,4.01,4.45,2.70,6.10,5,5.11,3.48,3.80,3.26,3.49,4.53,3.80,3.90,2.11,3.08,5.65,5.19,5.40,4.22,4,3.97,3.30,,-0.60,-8.50,2.90,2,1.40,,,,,,,4,3.90,,3.10,3.30,3.90,3.07,,,,,,,,4.70,4.30,4.20,3.30,3.60,,,,,4.50,,3.90,3.60,6,6.20,5.10,,,3.60,,,3.30,,,5.80,6.10,5.50,4.90,4.70,4.60,
2008-12-21 11:40,4.10,3.32,0.41,2.59,-0.60,2.91,2.95,3.10,-1.51,2.06,0.43,0.74,-2.28,0.41,0.55,-0.41,-0.86,-3.98,0.30,-0.88,-2.65,-2.86,0.30,,3.18,2.65,2.63,0.35,2.78,0.80,1.36,2.74,-3.72,0.69,0.60,0.62,1.75,1.39,-1.36,1.91,-5.50,-6.13,-4.34,2.83,-0.20,2.29,1.60,1.64,1.88,1.52,1.38,2.80,1.64,1.93,0.22,1.09,2.07,1.70,2.14,1.41,0.66,0.90,0.29,-3.36,0.67,-1.44,4.64,2.15,0.90,-1.35,1.72,1.64,4.78,1.90,3.09,5.46,5.90,4.35,4.62,5.07,4.24,4,4.52,2.47,4.67,2.82,3.70,4.20,4.36,3.79,0.94,3.51,3.15,3.80,3.37,2.98,2.14,3.28,2.81,3.55,2.84,3.05,4.57,4.16,4.79,5,5.33,4.40,3.36,4.10,4.52,2.77,6.17,5.12,5.26,3.42,4,3.36,3.49,4.53,3.90,3.85,2.10,3.14,5.62,5.13,5.40,4.21,3.78,4.02,3.40,,-0.60,-8.50,2.90,1.90,1.40,,,,,,,4,3.90,,3.10,3.20,3.80,3.07,,,,,,,,4.70,4.30,4.20,3.30,3.60,,,,,4.50,,3.90,3.60,6,6.10,5.10,,,3.50,,,3.30,,,5.80,6,5.80,4.90,4.60,4.60,
2008-12-21 11:50,4.10,3.36,0.43,2.68,-0.70,2.91,2.83,3,-1.51,2.34,0.27,0.84,-2.31,0.42,0.54,-0.27,-0.88,-4.69,0.50,-0.97,-2.65,-3.14,0.26,,3.26,2.85,2.63,0.31,2.68,0.80,1.19,2.62,-3.77,0.79,0.50,0.53,1.90,1.27,-1.32,1.70,-5.50,-6.08,-4.33,3.07,-0.20,2.31,1.60,1.61,1.82,1.50,1.37,2.82,1.56,1.93,0.24,1.16,1.94,1.60,2.16,1.47,0.64,0.80,0.22,-3.32,0.58,-1.40,4.82,2.21,0.90,-1.38,1.87,1.51,4.69,2.10,3.05,5.32,5.40,4.20,4.55,5.23,4.24,4,4.47,2.38,4.71,2.74,3.56,4.30,4.38,4.14,0.79,3.53,3.66,3.80,3.52,3.23,1.99,3.30,2.74,3.45,2.85,3.03,4.77,4.08,4.72,4.89,5.22,4.40,3.34,4.16,4.53,2.80,6.14,5.16,5.22,3.47,4.10,3.42,3.53,4.44,3.80,3.78,2.24,2.97,5.71,5.18,5.50,4.24,3.80,3.77,3.60,,-0.60,-8.50,2.80,1.80,1.20,,,,,,,4,3.90,,3.20,3.20,3.80,3.18,,,,,,,,4.70,4.20,4.10,3.30,3.60,,,,,4.60,,3.90,3.60,5.90,6.30,5.20,,,3.60,,,3.30,,,5.80,6,5.80,4.90,4.70,4.60,
2008-12-21 12:00,4.20,3.49,0.49,2.76,-0.60,2.95,2.78,2.90,-1.51,2.44,0.08,0.97,-2.27,0.46,0.58,-0.23,-0.93,-4.11,0.60,-1.12,-2.79,-2.99,0.21,,3.33,2.88,2.71,0.33,2.71,0.80,1.14,2.54,-3.90,0.57,0.58,0.63,1.98,1.23,-1.35,1.55,-5.50,-6.09,-4.36,2.80,-0.20,2.25,1.60,1.51,1.74,1.46,1.24,2.80,1.54,1.99,0.31,1.13,1.83,1.60,2.13,1.59,0.65,0.70,0.24,-3.35,0.61,-1.45,4.74,2.29,1,-1.35,1.81,1.59,4.58,2.12,3.31,5.48,5.30,4.20,4.55,5.17,4.24,4,4.38,2.38,4.76,2.80,3.48,4.50,4.44,4.28,0.96,3.50,3.87,3.60,3.43,2.70,2.07,3.40,2.76,3.53,2.86,2.98,4.84,4.26,4.69,4.75,5.12,4.40,3.29,4.10,4.45,2.85,6.35,5.24,5.51,3.47,4.60,3.31,3.45,4.25,3.80,3.82,2.18,3.12,5.74,5.20,5.20,4.22,4.30,3.72,3.80,2.70,-0.70,-8.50,2.80,1.80,1.10,2.30,3.30,-6.60,3.50,5.30,4.80,4,4,4,3.20,3.20,3.70,3.10,,4.70,5.10,4.90,5.30,4.70,4.60,4.70,4.20,4.10,3.20,3.70,6.50,5.90,5.10,5.40,4.70,4.40,3.80,3.60,5.80,6,5.30,5.20,5.20,3.60,4.20,4.70,3.40,5.80,5.70,5.80,6,5.80,5.20,4.70,4.50,1.90
2008-12-21 12:10,4.10,3.56,0.54,2.73,-0.61,3.12,2.76,2.90,-1.58,2.52,0.08,1.05,-2.22,0.42,0.37,-0.31,-0.96,-4.64,0.70,-1.24,-2.90,-2.84,0.20,,3.54,2.95,2.62,0.37,2.81,0.80,1,2.53,-3.69,0.56,0.58,0.45,2,1.20,-1.37,1.54,-5.60,-6.16,-4.23,2.51,-0.30,2.23,1.60,1.47,1.65,1.59,1.07,2.87,1.65,2.02,0.36,1.05,1.79,1.50,2.01,1.56,0.72,0.80,0.28,-3.37,0.58,-1.42,5.01,2.33,1,-1.33,1.97,1.77,4.74,1.99,2.97,5.37,5.30,4.20,4.40,5.22,4.25,4.25,4.36,2.34,4.71,2.84,3.43,4.50,4.55,4.15,0.91,3.47,3.77,3.50,3.42,3.28,2,3.43,2.86,3.58,2.94,2.98,4.82,4.25,4.85,4.71,5.09,4.40,3.26,4.02,4.35,2.87,6.34,5.42,5.56,3.47,4.40,3.36,3.31,4.40,3.80,3.90,2.05,3.03,5.58,5.24,5.80,4.27,4.06,3.74,3.80,,-0.90,-8.50,2.80,1.70,1.20,,,,,,,4,4.10,,3.20,3.20,3.40,3.21,,,,,,,,4.80,4.30,4,3.20,3.70,,,,,4.70,,3.80,3.70,5.90,5.90,5.30,,,3.60,,,3.50,,,5.80,6,5.80,5.20,4.70,4.50,
2008-12-21 12:20,4.20,3.54,0.57,2.79,-0.57,3.23,2.76,2.80,-1.63,2.58,0.15,1.04,-2.28,0.29,0.37,-0.22,-0.87,-3.96,0.80,-1.38,-2.91,-3.28,0.16,,3.51,3,2.59,0.30,2.84,1,1.04,2.46,-3.85,0.57,0.55,0.50,2.02,1.13,-1.39,1.54,-5.60,-6.10,-4.18,2.64,-0.40,2.11,1.60,1.44,1.50,1.61,1.10,2.80,1.69,2,0.37,0.97,1.81,1.60,1.85,1.54,0.59,0.80,0.24,-3.34,0.52,-1.48,4.85,2.36,1,-1.16,2.03,1.91,4.67,1.74,3.07,5.16,5.30,4.19,4.40,4.92,4.32,4.27,4.40,2.42,4.66,2.99,3.50,4.30,4.62,4.20,0.87,3.48,2.87,3.50,3.29,3.33,2.03,3.33,2.91,3.53,3.06,2.97,4.70,4.24,4.56,4.74,5.16,4.40,3.28,3.86,4.32,2.96,6.34,5.48,5.43,3.54,4.30,3.40,3.21,4.25,3.90,3.97,2.03,3.06,5.43,5.27,5.80,4.27,4.15,3.81,4.30,,-1,-8.50,2.70,1.60,1.30,,,,,,,3.90,4.20,,3.30,3.20,3.20,3.22,,,,,,,,4.70,4.30,4,3.20,3.80,,,,,4.70,,3.70,3.60,5.90,6.20,5.30,,,3.60,,,3.50,,,5.70,6,5.80,5.10,4.70,4.50,
2008-12-21 12:30,4.20,3.51,0.50,2.83,-0.59,3.04,2.83,2.90,-1.55,2.51,0.01,1.03,-2.49,0.24,0.25,-0.20,-0.96,-4.20,0.70,-1.38,-2.92,-2.84,0.09,,3.62,3.24,2.68,0.39,2.84,1,1.05,2.30,-3.64,0.77,0.61,0.59,2.01,1.12,-1.53,1.51,-5.60,-6.10,-4.16,2.43,-0.40,2.04,1.60,1.44,1.54,1.59,1.16,2.79,1.76,1.94,0.41,0.78,1.82,1.60,1.65,1.44,0.63,0.80,0.15,-3.34,0.53,-1.46,4.39,2.52,1.10,-1.02,2.09,1.83,4.48,1.65,3.04,5.14,5.10,4.13,4.20,4.76,4.36,4.20,4.47,2.54,4.77,3.07,3.64,4.10,4.91,4.26,0.87,3.45,3.35,3.50,3.23,3.39,2.03,3.31,2.84,3.40,3,3.03,4.78,4.33,4.80,4.76,5.14,4.50,3.39,3.71,4.33,2.92,6.33,5.44,5.49,3.57,4.20,3.44,3.27,4.16,3.90,4,2.09,3.08,5.50,5.28,5.80,4.40,4.09,3.76,4.30,,-1,-8.50,2.80,1.60,1.20,,,,,,,3.90,4.30,,3.20,3.20,3.10,3.12,,,,,,,,4.70,4.40,3.90,3.20,3.80,,,,,4.70,,3.70,3.60,5.90,6.30,5.30,,,3.40,,,3.60,,,5.70,6,5.70,5,4.70,4.50,
2008-12-21 12:40,4.20,3.49,0.55,2.87,-0.51,3.14,2.81,2.90,-1.53,2.51,0.08,1.08,-2.42,0.24,0.45,-0.33,-0.92,-4.41,0.70,-1.41,-3.01,-3.25,0.25,,3.75,3.35,2.68,0.36,2.88,0.90,1.22,2.35,-3.59,0.69,0.55,0.60,2.02,1.19,-1.57,1.43,-5.60,-6.25,-4.23,2.34,-0.40,2.09,1.50,1.44,1.38,1.53,1.16,2.72,1.76,1.93,0.44,0.88,1.85,1.60,1.71,1.28,0.62,0.70,0.26,-3.40,0.52,-1.43,4.42,2.46,1,-1,2.16,1.95,4.40,1.56,2.96,5.03,4.90,4.17,4,4.66,4.44,4,4.70,2.47,4.57,3.08,3.69,4.20,5.04,4.17,0.87,3.61,3.55,3.60,3.18,3.67,1.94,3.39,2.86,3.31,3.10,3.08,4.99,4.23,4.74,4.65,5.13,4.50,3.47,3.72,4.30,2.92,6.39,5.35,5.60,3.58,4.20,3.44,3.29,4.09,4,4.01,2.07,3.22,5.46,5.21,5.80,4.42,4.05,3.73,4.10,,-1,-8.60,2.80,1.50,1.20,,,,,,,3.90,4.30,,3.20,3.20,3,3.13,,,,,,,,4.70,4.50,4,3.20,3.80,,,,,4.80,,3.70,3.60,6,5.90,5.40,,,3.40,,,3.60,,,5.60,5.90,5.60,4.90,4.60,4.30,
2008-12-21 12:50,4.30,3.53,0.59,2.89,-0.69,3.20,2.94,3,-1.58,2.54,-0.02,1.11,-2.42,0.23,0.50,-0.28,-0.95,-4.52,0.70,-1.48,-3.04,-3.31,0.26,,3.71,3.32,2.68,0.39,2.86,0.90,1.21,2.43,-3.36,0.61,0.67,0.54,1.95,1.22,-1.48,1.57,-5.60,-6.32,-4.37,2.14,-0.40,2.18,1.40,1.42,1.40,1.57,0.99,2.55,1.68,1.91,0.24,0.89,1.92,1.60,1.99,1.28,0.74,0.70,0.23,-3.46,0.41,-1.44,4.48,2.51,1,-1.12,2.24,2.08,4.46,1.54,2.89,4.88,4.70,4.21,3.90,4.73,4.41,3.90,4.59,2.33,4.61,2.97,3.73,4.30,5.04,4.20,0.87,3.59,3.70,3.80,3.16,2.98,1.88,3.51,2.83,3.31,3.10,3.12,4.64,4.45,4.62,4.55,5.14,4.50,3.58,3.73,4.26,2.99,6.15,5.23,5.71,3.65,4.30,3.51,3.23,4.06,4,4.03,1.93,3.35,5.41,5.15,5.80,4.24,3.93,3.65,4.10,,-0.90,-8.60,2.90,1.50,1.20,,,,,,,4,4.40,,3.20,3.30,3,3.13,,,,,,,,4.60,4.50,4,3.10,3.80,,,,,4.80,,3.70,3.50,6.10,6,5.40,,,3.40,,,3.60,,,5.70,5.80,5.50,4.80,4.60,4.30,
2008-12-21 13:00,4.30,3.47,0.75,2.87,-0.68,3.16,2.88,3.10,-1.53,2.42,0.09,0.99,-2.53,0.25,0.58,-0.25,-0.92,-4.41,0.60,-1.33,-3.15,-3.08,0.19,,3.44,3.41,2.64,0.44,2.71,1,1.22,2.52,-3.50,0.76,0.65,0.54,1.80,1.21,-1.42,1.30,-5.60,-6.31,-4.36,2.02,-0.40,2.33,1.40,1.35,1.36,1.51,1.22,2.60,1.70,1.87,0.30,0.94,1.78,1.50,1.87,1.32,0.68,0.70,0.21,-3.42,0.53,-1.41,4.46,2.26,0.90,-1.32,2.07,2.09,4.40,1.54,2.72,4.78,4.50,4.17,3.80,4.53,4.40,3.90,4.59,2.45,4.75,2.78,3.59,4.30,4.82,4.25,0.90,3.66,3.78,3.90,3.27,3.44,1.86,3.54,2.88,3.37,3.05,3.15,4.74,4.32,4.57,4.57,5.03,4.50,3.69,3.85,4.21,3.02,5.87,5.15,5.97,3.62,4.20,3.61,3.12,4.04,4,4.01,1.98,3.15,5.33,5.15,5.80,4.23,3.92,3.50,4,2.90,-1,-8.50,2.90,1.50,1.10,2,3.50,-6.50,3,4.80,4.80,4,4.30,4.10,2.80,3.30,3.10,3,,4.70,5,5.20,5.40,4.70,4.30,4.70,4.40,4.10,3.10,3.50,6,6,5,5,4.90,4.20,3.70,3.50,6,6,5.50,4.80,5.10,3.40,3.80,4.60,3.60,5,5.40,5.70,5.80,5.20,4.70,4.70,4.20,1.80
2008-12-21 13:10,4.30,3.45,0.67,2.88,-0.60,3.36,2.93,3.20,-1.53,2.18,0.17,1.08,-2.52,0.25,0.77,-0.35,-0.95,-4.26,0.50,-1.30,-3.12,-3.06,0.19,,3.34,3.49,2.69,0.43,2.76,1,1.19,2.55,-3.66,0.75,0.78,0.55,1.75,1.27,-1.41,1.48,-5.60,-6.28,-4.33,1.82,-0.40,2.36,1.30,1.30,1.41,1.44,1.13,2.40,1.69,1.83,0.23,0.89,1.79,1.50,1.89,1.34,0.63,0.70,0.28,-3.43,0.43,-1.42,4.60,2.17,0.90,-1.26,2.01,2.18,4.38,1.46,2.56,4.64,4.70,3.89,4,4.65,4.32,4.10,4.59,2.48,4.74,2.59,3.63,4.40,4.57,4.22,0.78,3.63,3.70,3.90,3.37,3.20,1.89,3.46,2.90,3.30,2.93,3.12,4.92,4.25,4.42,4.52,4.85,4.40,3.41,3.84,4.13,2.99,6.13,5.20,5.98,3.55,4.10,3.64,3.08,4.09,4,4,2.06,3.06,5.28,5.16,5.70,4.28,3.78,3.48,4,,-0.90,-8.50,2.80,1.70,1.20,,,,,,,4.10,4.30,,2.80,3.30,3.10,2.99,,,,,,,,4.70,4.40,4.10,3.20,3.50,,,,,4.90,,3.70,3.50,6,6,5.50,,,3.30,,,3.60,,,5.60,5.70,5.20,4.70,4.70,4.20,
2008-12-21 13:20,4.30,3.44,0.74,2.85,-0.60,3.23,2.96,3.20,-1.53,2,0.26,1.09,-2.51,0.16,0.86,-0.35,-1,-4.23,0.50,-1.44,-3.13,-3.31,0.17,,3.34,3.52,2.61,0.38,2.77,1,1.08,2.57,-3.78,0.74,0.85,0.60,1.84,1.29,-1.35,1.43,-5.60,-6.42,-4.39,1.81,-0.50,2.28,1.30,1.19,1.44,1.30,1.02,2.36,1.68,1.70,0.14,0.88,1.77,1.40,1.85,1.35,0.65,0.70,0.29,-3.50,0.38,-1.49,4.95,2.16,0.90,-1.29,2.14,2.15,4.45,1.33,2.60,4.67,4.80,3.70,3.90,4.81,4.28,3.80,4.40,2.31,4.73,2.61,3.65,4.40,4.43,4.24,0.78,3.56,3.38,3.90,3.33,3.18,1.88,3.22,2.91,3.16,3.02,3.10,5.07,4.15,4.34,4.46,4.91,4.40,3.47,3.68,4.20,3.03,6.28,5.11,5.82,3.63,3.90,3.74,3.02,4.06,4,4.20,2.08,3.23,5.14,5.07,5.70,4.34,3.86,3.39,3.90,,-0.90,-8.50,2.90,1.70,1.10,,,,,,,4.10,4.30,,2.80,3.30,3.10,3.09,,,,,,,,4.60,4.40,4.10,3.10,3.30,,,,,4.80,,3.70,3.50,5.80,5.90,,,,3.30,,,3.70,,,5.70,5.60,5.20,4.70,4.70,4.10,
2008-12-21 13:30,4.40,3.44,0.83,2.86,-0.60,3.13,2.97,3.20,-1.56,2.05,0.26,0.99,-2.52,0.32,0.85,-0.30,-1,-4.99,0.40,-1.35,-2.98,-3.11,0.10,,3.34,3.58,2.66,0.34,2.74,1,1.08,2.54,-3.82,0.93,0.96,0.49,1.88,1.21,-1.34,1.01,-5.60,-6.32,-4.55,1.92,-0.50,2.36,1.30,1.21,1.27,1.31,1.12,2.35,1.61,1.61,0.21,0.78,1.72,1.40,1.74,1.27,0.66,0.70,0.22,-3.46,0.33,-1.52,4.89,2.24,0.90,-1.47,2.28,2.08,4.62,1.24,2.77,4.81,4.70,3.65,3.90,4.68,4.26,3.70,4.34,2.46,4.71,2.69,3.53,4.40,4.34,4.20,0.70,3.44,3.74,4,3.33,3.87,1.97,3.18,2.88,3.18,3.01,3.12,4.96,4.16,4.28,4.28,4.80,4.40,3.44,3.65,4.25,3.01,6.16,5.11,5.77,3.60,3.90,3.67,3.08,4.01,4.10,4.02,2.03,3.22,4.99,5.06,5.60,4.38,4.27,3.46,3.90,,-1,-8.50,2.90,1.60,1,,,,,,,4,4.30,,2.80,3.20,3,3.07,,,,,,,,4.60,4.40,4,3,3.20,,,,,4.80,,3.70,3.40,5.80,5.80,5.40,,,3.30,,,3.80,,,5.60,5.50,5.10,4.60,4.70,4,
2008-12-21 13:40,4.30,3.44,0.76,2.87,-0.60,3.11,3.06,3.10,-1.57,2.16,0.32,1.05,-2.55,0.29,0.83,-0.24,-1.08,-4.52,0.50,-1.30,-2.91,-2.97,0.11,,3.53,3.50,2.80,0.34,2.77,1,1.08,2.51,-3.77,0.90,0.87,0.55,1.83,1.20,-1.46,0.94,-5.70,-6.40,-4.56,1.97,-0.50,2.32,1.30,1.23,1.21,1.36,1.13,2.43,1.60,1.62,0.25,0.68,1.63,1.40,1.77,1.21,0.63,0.60,0.22,-3.52,0.36,-1.51,4.36,2.17,0.80,-1.58,2.10,2.07,4.71,1.35,3.12,4.67,4.60,3.66,3.90,4.46,4.24,3.70,4.31,2.43,4.66,2.68,3.47,4.30,4.45,4.19,0.67,3.32,3.26,4.10,3.38,3.53,2.14,3.15,2.81,3.12,2.90,3.13,5.10,4.21,4.25,4.49,4.61,4.40,3.39,3.72,4.04,2.96,5.95,5.06,5.67,3.58,3.70,3.65,2.99,4.02,4,4,2.01,3.07,4.96,4.95,5.50,4.36,4.05,3.39,3.80,,-1,-8.50,2.90,1.60,0.90,,,,,,,4,4.30,,2.70,3.10,3.10,2.98,,,,,,,,4.60,4.40,3.80,3,3.10,,,,,4.70,,3.70,3.40,5.60,5.70,5.30,,,3.20,,,3.90,,,5.60,5.50,5,4.50,4.70,4,
2008-12-21 13:50,4.30,3.41,0.72,2.80,-0.60,3.29,2.91,3.20,-1.57,2.22,0.37,0.87,-2.58,0.38,0.74,-0.37,-1.12,-4.62,0.50,-1.45,-2.94,-3.20,0.13,,3.81,3.50,2.85,0.29,2.71,0.90,1.10,2.47,-3.79,0.82,0.76,0.50,1.91,1.03,-1.56,0.93,-5.70,-6.48,-4.60,1.74,-0.50,2.17,1.30,1.13,1.25,1.37,0.96,2.49,1.47,1.73,0.18,0.82,1.60,1.30,1.74,1.22,0.63,0.60,0.22,-3.43,0.33,-1.58,4.19,2.28,0.70,-1.68,1.92,1.99,4.64,1.36,2.93,4.49,4.30,3.56,3.80,4.13,4.24,3.60,4.27,2.46,4.64,2.60,3.45,4.30,4.63,4.25,0.72,3.26,3.06,4,3.31,4.06,2.25,3.13,2.77,3.10,2.85,3.15,4.76,4.34,4.25,4.38,4.60,4.50,3.24,3.82,4.06,2.98,5.87,4.89,5.45,3.65,3.30,3.57,2.81,3.87,4.10,4.11,1.77,3.31,4.96,4.81,5.40,4.22,4.14,3.25,3.80,,-1,-8.50,2.80,1.70,0.90,,,,,,,3.90,4.20,,2.80,3,3.20,2.98,,,,,,,,4.50,4.30,3.80,3,3.10,,,,,4.80,,3.60,3.50,5.50,5.50,5.10,,,3.20,,,4.10,,,5.50,5.40,4.80,4.40,4.70,4,
2008-12-21 14:00,4.40,3.44,0.74,2.82,-0.60,3.40,2.90,3.20,-1.60,2.32,0.38,0.92,-2.57,0.45,0.78,-0.28,-1.05,-4.67,0.50,-1.48,-2.91,-3.20,0.14,,3.95,3.47,2.89,0.29,2.67,0.80,1.10,2.52,-3.94,0.78,0.49,0.33,1.83,0.97,-1.51,1.29,-5.70,-6.41,-4.51,2.08,-0.50,2.16,1.30,1.20,1.39,1.34,0.91,2.65,1.41,1.67,0.19,0.68,1.63,1.30,1.57,1.24,0.66,0.60,0.08,-3.62,0.31,-1.65,4.12,2.30,0.50,-1.63,1.73,1.77,4.62,1.33,2.70,4.63,4.30,3.53,3.70,4.04,4.10,3.50,4.28,2.43,4.63,2.46,3.47,4.30,4.62,4.15,0.66,3.24,3.55,4,3.17,3.64,2.07,3.07,2.73,3.07,2.79,3.11,4.42,4.33,4.41,4.22,4.54,4.50,3.13,3.86,4.02,2.98,5.79,4.63,5.39,3.59,3.10,3.61,2.69,3.86,4.10,4.14,1.47,3.30,4.78,4.69,5.20,4.16,3.93,3.40,3.70,2.90,-1,-8.50,2.80,1.70,0.90,2.10,3.20,-6.60,3,4.40,4.20,3.80,4.10,4,3,3,3.30,3.10,3,4.40,5.40,4.60,4.50,3.90,3.70,4.60,4.30,3.70,3,3.20,5.70,5.20,4.50,4.60,4.70,4,3.60,3.60,5.30,5.40,5,4.40,4.80,3.20,3.60,4.20,4.10,4.60,5.10,5.50,5.20,4.70,4.20,4.70,3.80,1.60
2008-12-21 14:10,4.30,3.50,0.80,2.82,-0.60,3.31,2.94,3.20,-1.57,2.42,0.50,1.02,-2.61,0.39,0.82,-0.28,-1.05,-4.30,0.60,-1.36,-3.04,-3.08,0.02,,4.09,3.53,2.97,0.35,2.72,0.80,1.13,2.41,-3.91,0.94,0.71,0.34,1.73,0.85,-1.64,1.40,-5.70,-6.46,-4.56,2.13,-0.60,2.16,1.30,1.17,1.27,1.25,0.90,2.82,1.45,1.74,0.27,0.76,1.65,1.30,1.65,1.19,0.67,0.60,0.12,-3.54,0.26,,4.17,2.30,0.40,-1.59,1.53,1.67,4.50,1.19,2.46,4.69,4.20,3.32,3.50,4.09,3.97,3.40,4.21,2.50,4.72,2.46,3.43,4.30,4.61,4.15,0.70,3.16,3.24,3.90,3.41,3.87,2.06,2.96,2.68,2.96,2.77,3.12,4.31,4.08,4.09,4.15,4.40,4.50,3.07,3.78,4,2.90,5.68,4.52,5.02,3.56,3,3.57,2.61,3.68,4,3.98,1.51,3.12,4.80,4.64,5.20,4.29,3.82,3.50,3.70,,-0.90,-8.50,2.70,1.70,0.80,,,,,,,3.60,4.10,,3,3,3.30,3.02,,,,,,,,4.50,4.20,3.70,3.10,3.20,,,,,4.60,,3.50,3.60,5.30,5.40,4.90,,,3.20,,,4.10,,,5.40,4.80,4.50,4.20,4.70,3.80,
2008-12-21 14:20,4.10,3.35,0.78,2.76,-0.60,3.17,2.92,3.20,-1.66,2.49,0.55,0.99,-2.63,0.47,0.74,-0.31,-1.04,-4.09,0.50,-1.34,-3.08,-3.18,0.02,,4.04,3.56,2.94,0.34,2.71,0.90,1.14,2.36,-4.10,1.01,0.72,0.41,1.72,0.94,-1.64,1.39,-5.70,-6.47,-4.48,2.28,-0.60,2.19,1.20,1.13,1.21,1.22,0.91,2.87,1.41,1.83,0.18,0.67,1.61,1.20,1.51,1.15,0.63,0.60,0.06,-3.62,0.24,,4.12,2.28,0.40,-1.54,1.55,1.71,4.28,1.01,2.28,4.65,4.10,2.99,3.30,4.08,3.87,3.62,4.23,2.58,4.70,2.55,3.39,4.20,4.80,4.12,0.71,3.02,3.23,3.90,3.22,3.06,2.05,2.95,2.68,2.95,2.81,3,4.26,3.96,4.32,3.89,4.46,4.60,3.11,3.74,3.97,2.81,5.55,4.49,4.63,3.50,2.80,3.36,2.64,3.65,3.90,3.81,1.66,3.23,4.81,4.62,5.10,4.29,3.96,3.45,3.70,,-1,-8.50,2.70,1.80,0.80,,,,,,,3.50,4,,3.10,3.10,3.40,2.93,,,,,,,,4.40,4.20,3.70,3,3.20,,,,,4.60,,3.40,3.60,5.30,5.40,4.80,,,3.20,,,4.10,,,5.50,4.80,4.40,4.10,4.70,3.80,
2008-12-21 14:30,4,3.46,0.71,2.81,-0.60,3.16,2.93,3.20,-1.67,2.54,0.50,1.12,-2.58,0.48,0.72,-0.33,-1.11,-4.29,0.60,-1.35,-2.98,-3.19,0.11,,4.10,3.46,3.01,0.35,2.71,1.10,1.26,2.18,-4.15,1.04,0.65,0.41,1.44,1.15,-1.61,1.28,-5.70,-6.47,-4.53,2.10,-0.60,2.21,1.30,1.08,1.30,1.19,0.97,2.76,1.46,1.84,0.21,0.54,1.58,1.20,1.49,1.12,0.63,0.50,0.08,-3.67,0.17,,4.07,2.11,0.50,-1.49,1.51,1.85,4.24,0.86,2.15,4.71,4,2.79,3.10,4.14,3.79,3.49,4.28,2.49,4.61,2.57,3.45,4.10,4.85,4.11,0.66,3.03,3.19,3.80,3.27,3.37,2.04,3.06,2.58,3.08,2.84,2.98,4.14,3.92,4.28,3.78,4.39,4.50,3.20,3.78,3.88,2.79,5.49,4.30,4.29,3.44,2.70,3.32,2.55,3.54,3.80,3.79,1.60,3.21,4.46,4.63,5.10,4.18,3.95,3.41,3.60,,-1,-8.60,2.60,1.80,0.90,,,,,,,3.50,4,,3.20,3.10,3.40,2.85,,,,,,,,4.30,4.10,3.70,3,3.20,,,,,4.70,,3.30,3.70,5.10,5.30,,,,3.40,,,4,,,5.40,4.60,4,4,4.70,3.80,
2008-12-21 14:40,3.80,3.37,0.63,2.82,-0.70,3.46,2.87,3.20,-1.74,2.53,0.35,1.17,-2.62,0.42,0.72,-0.42,-1.09,-4.37,0.60,-1.31,-3.14,-3.21,0.18,,4.10,3.40,3.04,0.32,2.78,1.20,1.21,2.31,-4.15,1.03,0.65,0.54,1.18,1.11,-1.62,1.14,-5.80,-6.43,-4.45,1.83,-0.60,2.24,1.30,1.08,1.50,1.30,0.97,2.67,1.52,1.86,0.25,0.48,1.55,1.20,1.50,1.08,0.51,0.50,0,-3.66,0.11,,4.18,2.16,0.50,-1.45,1.46,1.82,4.02,0.64,1.95,4.67,3.40,2.70,2.90,3.94,3.72,3.32,4.27,2.36,4.60,2.54,3.52,4.20,4.86,4.10,0.62,3.13,2.98,3.70,3.32,3.72,2.03,2.99,2.57,3.12,2.77,3.03,4.23,3.99,4.24,3.76,4.30,4.60,3.39,3.90,3.73,2.78,5.35,4.17,4.05,3.45,2.60,3.15,2.54,3.28,3.70,3.84,1.68,3.16,4.23,4.56,5.10,4.09,3.91,3.36,3.60,,-0.90,-8.60,2.70,1.70,0.90,,,,,,,3.40,3.90,,3.20,3.20,3.40,2.85,,,,,,,,4.30,4.10,3.60,3,3.20,,,,,4.60,,3.40,3.70,4.90,5.20,4.60,,,3.30,,,4,,,5.50,4.50,4.10,4,4.70,3.70,
2008-12-21 14:50,3.70,3.27,0.69,2.73,-0.80,3.23,2.85,3.10,-1.69,2.57,0.24,1.26,-2.66,0.48,0.56,-0.51,-1.11,-4.39,0.60,-1.27,-2.98,-3.25,0.15,,4.16,3.49,3.12,0.33,2.75,1.30,1.09,2.41,-4.13,1.15,0.72,0.62,1.12,1.08,-1.70,1.24,-5.80,-6.58,-4.46,1.90,-0.50,2.17,1.30,1.15,1.39,1.46,0.87,2.73,1.52,1.86,0.18,0.49,1.46,1.10,1.30,0.98,0.58,0.40,0.02,-3.73,0.09,,4.10,2.09,0.60,-1.43,1.18,1.69,3.83,0.55,1.75,4.47,3.30,2.51,2.60,3.76,3.70,3.37,4.06,2.41,4.63,2.57,3.42,4.10,4.89,4.07,0.70,3.14,3.04,3.60,3.26,3.13,2.07,3.04,2.50,3.10,2.71,2.87,4.26,4.04,4.22,3.71,4.25,4.50,3.54,3.87,3.63,2.78,5.14,3.97,4.03,3.46,2.60,2.98,2.54,3.26,3.70,3.82,1.67,3.20,4.18,4.31,5,3.93,3.73,3.29,3.60,,-0.90,-8.70,2.70,1.80,0.80,,,,,,,3.30,3.80,,3.30,3.20,3.30,2.86,,,,,,,,4.20,4,3.60,3.10,3.30,,,,,4.70,,3.40,3.70,4.80,5.10,4.50,,,3.40,,,4,,,5.50,4.50,4.20,3.90,4.60,3.70,
2008-12-21 15:00,3.70,3.29,0.69,2.68,-0.80,3.44,2.82,3.10,-1.69,2.60,0.31,1.16,-2.71,0.44,0.63,-0.57,-1.01,-4.87,0.60,-1.23,-3.01,-3.23,0.19,,4.01,3.48,3.17,0.37,2.68,1.30,0.97,2.55,-4.22,1.07,0.81,0.70,1.48,1.10,-1.71,1.31,-5.80,-6.69,-4.49,1.66,-0.60,2.11,1.30,1.21,1.29,1.33,0.85,2.69,1.49,1.85,0.26,0.52,1.45,1.10,1.30,0.92,0.60,0.40,0.05,-3.67,0.05,,4.03,2.01,0.60,-1.38,1.05,1.80,3.71,0.42,1.71,4.16,3.30,2.42,2.60,3.98,3.57,3.33,4.05,2.42,4.61,2.66,3.44,4.10,4.91,4.01,0.74,3.15,2.83,3.50,3.18,2.97,2.20,2.97,2.61,3.20,2.81,2.78,4.39,3.91,4.20,3.81,4.22,4.40,3.53,3.71,3.31,2.73,5.05,3.88,3.72,3.38,2.50,3.02,2.54,3.34,3.70,3.82,1.84,3.13,4.24,4.09,4.80,4.01,3.85,3.50,3.60,2.60,-0.90,-8.70,2.80,1.80,0.80,2.70,3.20,-6.50,1.80,4.10,3,3.20,3.70,3.80,3.30,3.20,3.10,2.90,,4.20,4.50,4.10,4.70,3,3.40,4.20,3.90,3.60,3,3.40,5.40,5.10,3,4.20,4.70,4,3.30,3.80,4.40,5.10,4.50,4.10,3.80,3.50,3.40,3.90,3.90,4.80,4.60,5.50,4.50,4.10,3.90,4.50,3.70,1.40
2008-12-21 15:10,3.70,3.28,0.70,2.59,-0.87,3.39,2.74,3,-1.77,2.58,0.36,1.07,-2.67,0.31,0.57,-0.61,-1.01,-4.80,0.70,-1.16,-3.10,-3.47,0.25,,4.08,3.58,3.12,0.41,2.60,1.30,1.04,2.77,-4.21,0.94,0.90,0.85,1.71,1.37,-1.65,0.97,-5.90,-6.58,-4.57,1.37,-0.50,2.11,1.30,1.25,1.35,1.39,0.85,2.59,1.49,1.83,0.29,0.45,1.45,1.10,1.38,0.86,0.51,0.40,-0.04,-3.61,0.04,,3.94,2.07,0.70,-1.39,1.28,1.74,3.58,0.38,1.67,4.27,3.10,2.29,2.60,4.05,3.45,3.30,3.88,2.36,4.65,2.63,3.37,4.10,4.91,4.08,0.62,3.17,2.97,3.60,3.12,3.19,2.17,2.89,2.57,3.10,2.67,2.81,4.21,3.82,4.20,3.76,4.13,4.40,3.43,3.57,3.04,2.72,4.88,3.72,3.47,3.21,2.40,3.17,2.52,3.39,3.60,3.68,1.90,3.27,4.29,3.81,4.70,3.80,3.61,3.46,3.60,,-0.90,-8.70,2.90,1.70,0.90,,,,,,,3.20,3.60,,3.30,3.20,3,2.90,,,,,,,,4,3.90,3.70,3,3.40,,,,,4.70,,3.30,3.80,4.40,5,4.50,,,3.60,,,3.80,,,5.50,3.80,4.30,3.90,4.40,3.70,
2008-12-21 15:20,3.60,3.26,0.70,2.50,-0.94,3.24,2.71,2.90,-1.80,2.55,0.37,1.06,-2.63,0.36,0.53,-0.74,-1.05,-4.47,0.70,-1.34,-3.16,-3.52,0.14,,4.05,3.52,3.19,0.37,2.61,1.40,1.05,2.68,-4.16,0.74,0.98,0.86,1.89,1.40,-1.64,1.04,-5.90,-6.62,-4.52,1.32,-0.50,2.01,1.40,1.20,1.23,1.47,0.67,2.32,1.56,1.91,0.28,0.40,1.55,1.10,1.36,0.91,0.54,0.30,-0.11,-3.69,0.03,,3.76,2.02,0.70,-1.38,1.23,1.68,3.52,0.42,1.28,4.32,2.80,2.13,2.50,3.96,3.24,3.20,3.88,2.17,4.63,2.65,3.44,4.20,4.84,3.98,0.71,3.10,3.01,3.60,3.18,3.67,2.22,3.01,2.52,3.15,2.68,2.88,4.06,3.83,4.20,3.68,4.01,4.40,3.37,3.56,2.95,2.75,4.44,3.52,3.40,3.08,2.30,3.22,2.49,3.40,3.50,3.57,1.94,3.06,4.24,3.05,4.70,3.78,3.44,3.46,3.60,,-0.90,-8.80,3,1.60,0.90,,,,,,,3.10,3.60,,3.30,3.30,3,2.84,,,,,,,,3.90,3.90,3.60,3,3.40,,,,,4.80,,3.40,3.80,4.40,5,,,,3.60,,,3.80,,,5.50,3.70,4,3.90,4.30,3.70,
2008-12-21 15:30,3.60,3.17,0.62,2.43,-0.91,3.26,2.73,2.90,-1.83,2.75,0.44,1.21,-2.62,0.37,0.50,-0.67,-1.02,-4.86,0.60,-1.31,-3.10,-3.46,0.09,,4.10,3.51,3.24,0.38,2.55,1.40,1.11,2.75,-4.23,0.83,1.04,0.75,2.13,1.52,-1.66,0.96,-5.90,-6.73,-4.56,1.53,-0.50,1.99,1.40,1.21,0.99,1.55,0.65,2.24,1.55,2.09,0.15,0.33,1.52,1.20,1.44,0.91,0.55,0.40,-0.08,-3.71,0.04,,3.57,2.16,0.70,-1.38,1.32,1.77,3.52,0.42,1.19,4.39,2.50,2.04,2.40,3.84,3.20,3.23,3.90,2.17,4.59,2.71,3.43,4.20,4.85,3.98,0.56,3.20,3.19,3.70,3.04,3.29,2.22,3.12,2.52,3.14,2.63,2.83,4.14,3.76,4.13,3.59,3.97,4.30,3.35,3.59,2.96,2.81,4.32,3.41,3,2.98,2.10,2.99,2.49,3.27,3.50,3.49,1.98,3.17,3.93,2.59,4.70,3.74,3.42,3.34,3.50,,-0.80,-8.80,3.10,1.70,0.90,,,,,,,3.10,3.50,,3.30,3.40,3.10,2.91,,,,,,,,3.80,3.90,3.60,3,3.40,,,,,4.90,,3.40,3.80,4.50,4.80,4.50,,,3.40,,,3.80,,,5.30,3.90,4.20,3.80,4.20,3.70,
2008-12-21 15:40,3.50,3.05,0.47,2.44,-0.97,3.33,2.64,2.90,-1.89,2.74,0.40,1.13,-2.60,0.31,0.50,-0.84,-1.02,-4.90,0.70,-1.25,-3.07,-3.57,0.17,,4.01,3.53,3.19,0.35,2.60,1.40,1.20,2.86,-4.21,0.86,0.95,0.98,2.20,1.46,-1.68,0.85,-5.90,-6.72,-4.75,1.70,-0.50,1.97,1.40,1.33,1.17,1.49,0.72,2.35,1.62,2.01,0.21,0.39,1.49,1.20,1.48,0.99,0.51,0.40,-0.04,-3.60,0.09,,3.59,2.30,0.80,-1.35,1.44,1.74,3.44,0.42,0.88,4.37,2.40,1.93,2.20,3.51,3.27,3.22,3.86,2.32,4.56,2.70,3.31,4.20,4.74,3.84,0.68,3.22,3.35,3.80,3.09,2.79,2.10,3.11,2.54,3.16,2.57,2.79,3.90,3.60,4.03,3.67,3.92,4.30,3.32,3.63,2.80,2.78,4.33,3.35,2.95,2.77,2,2.95,2.37,3.14,3.50,3.59,2.01,3.11,3.80,2.64,4.60,3.72,3.59,3.24,3.40,,-0.90,-8.80,3.30,1.60,1,,,,,,,3.10,3.50,,3.30,3.40,2.90,2.82,,,,,,,,3.80,3.80,3.60,2.90,3.40,,,,,4.80,,3.40,3.90,4.60,4.70,4.50,,,3.30,,,3.70,,,5.20,4,3.90,3.90,4.20,3.70,
2008-12-21 15:50,3.50,3.06,0.44,2.44,-1.02,3.27,2.59,2.80,-1.97,2.63,0.18,1.08,-2.64,0.33,0.43,-0.62,-1,-4.63,0.60,-1.19,-3.05,-3.53,0.17,,3.95,3.54,3.22,0.40,2.64,1.40,1.28,2.82,-4.12,0.81,1,0.84,2.21,1.55,-1.63,1.01,-6,-6.77,-4.61,1.87,-0.50,1.99,1.40,1.23,1.36,1.42,0.69,2.49,1.53,1.96,0.30,0.41,1.50,1.20,1.47,1.05,0.52,0.50,-0.02,-3.64,0.04,,3.71,2.20,0.80,-1.32,1.06,1.57,3.50,0.55,0.63,4.32,2.30,1.89,2,3.48,3.27,3.14,3.89,2.33,4.53,2.72,3.28,4.10,4.67,3.91,0.79,3.23,2.97,3.90,3.27,3.37,1.94,3.07,2.50,3.14,2.54,2.77,3.87,3.47,3.93,3.72,3.81,4.20,3.45,3.60,2.88,2.77,4.53,3.36,2.90,2.71,1.90,2.82,2.36,3.21,3.40,3.57,1.88,3.41,3.75,2.83,4.60,3.68,3.53,3.26,3.40,,-0.80,-8.80,3.40,1.70,1,,,,,,,3,3.50,,3.20,3.40,3,2.78,,,,,,,,3.70,3.90,3.70,2.90,3.30,,,,,4.70,,3.40,4,4.70,4.70,4.60,,,3.10,,,3.70,,,4.80,3.90,3.80,4,4.10,3.70,
2008-12-21 16:00,3.40,2.94,0.42,2.39,-1.07,3.10,2.49,2.90,-1.92,2.62,0.19,1.17,-2.54,0.17,0.33,-0.70,-0.93,-4.43,0.70,-1.29,-3.05,-3.58,0.21,,3.91,3.55,3.21,0.37,2.71,1.40,1.37,2.89,-4.17,0.87,0.97,0.82,2.38,1.58,-1.67,1.25,-5.90,-6.85,-4.56,1.99,-0.50,1.98,1.30,1.17,1.07,1.34,0.64,2.55,1.48,1.88,0.24,0.41,1.65,1.20,1.47,0.98,0.46,0.50,-0.07,-3.61,0.03,,3.59,2.19,0.80,-1.32,0.80,1.87,3.40,0.59,0.40,4.17,2.10,1.83,1.90,3.67,3.33,3.12,3.83,2.21,4.46,2.73,3.24,4.10,4.70,3.95,0.66,3.23,3.45,4,3.18,2.96,1.95,3.12,2.54,3.16,2.47,2.78,3.86,3.35,3.76,3.60,3.64,4.20,3.54,3.61,2.95,2.79,4.70,3.30,2.70,2.50,1.70,2.75,2.33,3.21,3.50,3.52,1.80,3.45,3.78,3.24,4.50,3.54,3.50,3.24,3.30,2.40,-0.80,-8.90,3.40,1.60,1.10,2.60,2.90,-6.70,1.80,3.60,2,3,3.40,3.60,3.20,3.40,3,2.90,2.70,4,4.40,2.10,3.60,2.60,3.10,3.70,3.80,3.70,2.90,3.40,5.40,4.80,3.30,3.10,4.20,4.20,3.40,4,4.80,4.90,4.50,3.90,3.20,2.80,3.20,3.60,3.70,5,4.10,4.80,4,3.50,4.20,4,3.60,2.50
2008-12-21 16:10,3.40,2.91,0.36,2.39,-1.10,3.14,2.49,2.90,-2.06,2.55,0.17,1.14,-2.64,0.11,0.28,-0.72,-1,-4.62,0.70,-1.33,-3.10,-3.41,0.23,,3.96,3.58,3.21,0.44,2.78,1.40,1.45,3.11,-4.23,0.82,1.08,0.83,2.09,1.57,-1.65,1.23,-6,-6.91,-4.57,2.01,-0.50,2.02,1.10,1.26,1.12,1.41,0.76,2.53,1.32,1.71,0.26,0.52,1.59,1.20,1.56,0.92,0.65,0.40,-0.14,-3.65,0.01,,3.62,2.28,0.80,-1.22,0.49,1.88,3.28,0.40,0.30,4.09,2,1.62,1.70,3.64,3.26,2.90,3.81,2.14,4.33,2.70,3.20,4,4.65,4,0.62,3.28,3.11,4,3.06,3.85,1.94,3.14,2.50,3.20,2.45,2.92,3.94,3.36,3.47,3.35,3.54,4.20,3.44,3.57,3.06,2.86,4.74,3.28,2.69,2.31,1.60,2.58,2.30,3.18,3.40,3.49,1.93,3.64,3.73,3.23,4.50,3.60,3.57,3.23,3.30,,-0.80,-8.90,3.40,1.40,1,,,,,,,2.90,3.40,,3.20,3.50,3.10,2.77,,,,,,,,3.60,3.70,3.70,2.80,3.40,,,,,4.20,,3.40,4,4.80,4.90,4.50,,,2.70,,,3.60,,,4.70,3.70,3.10,4.30,3.90,3.60,
2008-12-21 16:20,3.40,2.85,0.35,2.32,-1.10,3.03,2.50,2.80,-2.04,2.50,0.07,1.13,-2.71,0.11,0.18,-0.70,-1.06,-4.48,0.70,-1.26,-3.15,-3.13,0.26,,3.99,3.50,3.12,0.43,2.84,1.50,1.51,3.07,-4.10,0.92,1.10,0.75,2.23,1.59,-1.64,1.28,-6,-6.91,-4.68,2.23,-0.50,2.11,1.10,1.16,1.07,1.37,0.84,2.55,1.28,1.65,0.26,0.59,1.58,1.30,1.57,0.94,0.63,0.40,-0.07,-3.64,0,,3.64,2.52,0.80,-1.27,0.46,1.85,3.29,0.31,0.41,4.05,2,1.46,1.80,3.34,3.30,2.90,3.68,2.16,4.31,2.74,3.13,4,4.70,3.92,0.57,3.30,3.63,3.90,3.14,3.22,2,3.10,2.51,3.12,2.51,2.84,4.12,3.39,3.69,3.15,3.23,4,3.47,3.63,3.18,2.82,4.78,3.19,2.65,2.25,1.40,2.41,2.22,3.15,3.30,3.45,2.18,3.72,3.71,3.17,4.50,3.76,3.22,3.20,3.20,,-0.80,-8.90,3.30,1.40,0.90,,,,,,,2.90,3.40,,3.30,3.40,3.10,2.81,,,,,,,,3.60,3.50,3.70,2.80,3.40,,,,,3.90,,3.40,4,4.80,5,4.50,,,2.70,,,3.50,,,4.50,3.40,3.10,4.20,3.60,3.50,
2008-12-21 16:30,3.30,2.86,0.34,2.23,-1.20,2.88,2.51,2.80,-2.08,2.65,0.04,1.16,-2.81,0.06,0.11,-0.60,-1.10,-4.84,0.70,-1.31,-3.12,-3.45,0.18,,4.03,3.50,3.11,0.38,2.95,1.50,1.56,3.04,-4.20,0.79,1.01,0.78,2.42,1.58,-1.65,1.09,-6.10,-6.90,-4.82,2.30,-0.50,2.20,1,0.99,1.05,1.37,0.83,2.48,1.37,1.52,0.20,0.63,1.63,1.20,1.59,1.08,0.61,0.40,0.01,-3.64,-0.09,,3.75,2.62,0.90,-1.28,0.53,1.96,3.32,0.46,0.59,3.94,2,1.45,1.60,3.12,3.25,2.90,3.61,2.04,4.29,2.73,3.10,4,4.70,3.88,0.60,3.25,3.23,3.90,3.25,3.33,1.95,3.07,2.63,3.05,2.51,2.83,4.21,3.50,3.60,2.99,3.20,4,3.66,3.62,3.37,2.84,4.86,3.03,2.53,2.15,1.40,2.33,2.14,3.14,3.20,3.64,2.47,3.73,3.81,3.01,4.40,3.59,2.97,3.19,3.10,,-0.80,-8.90,3.40,1.30,0.80,,,,,,,2.80,3.40,,3.30,3.40,3.10,2.83,,,,,,,,3.50,3.50,3.90,2.70,3.40,,,,,3.80,,3.40,4,4.80,5.10,4.50,,,2.30,,,3.50,,,4.30,3.40,2.90,4.20,3.30,3.50,
2008-12-21 16:40,3.30,2.81,0.29,2.21,-1.20,2.99,2.42,2.80,-2.06,2.53,0.20,1.06,-2.85,0.02,0.17,-0.57,-1.12,-4.35,0.50,-1.18,-3.27,-3.20,0.18,,4.14,3.44,3.03,0.34,2.97,1.60,1.63,3.11,-4.27,0.91,1.09,0.95,2.38,1.59,-1.59,1.42,-6.10,-6.93,-4.73,2.40,-0.50,2.25,1,0.92,1.25,1.27,0.95,2.65,1.45,1.50,0.15,0.56,1.40,1.10,1.60,1.05,0.59,0.40,0.01,-3.68,-0.12,,3.81,2.73,0.90,-1.36,0.61,2.34,3.29,0.35,0.57,3.83,1.90,1.52,1.40,2.92,3.32,2.80,3.56,2.05,4.20,2.67,3.04,4,4.65,3.87,0.60,3.37,3.48,4,3.37,3.23,2.01,3.03,2.53,3.06,2.52,2.88,4.07,3.47,3.64,2.96,3.25,4,3.71,3.60,3.32,2.86,4.95,3,2.55,2.42,1.10,2.44,2.01,3.08,3.20,3.55,2.67,3.56,3.93,2.59,4.50,3.61,3.30,3.16,3,,-0.90,-9,3.60,1.20,0.70,,,,,,,2.80,3.30,,3.30,3.50,3,2.79,,,,,,,,3.50,3.40,3.90,2.70,3.30,,,,,3.90,,3.30,3.90,4.80,5.10,4.50,,,1.90,,,3.40,,,4.20,3.30,2.80,4.30,2.90,3.50,
2008-12-21 16:50,3.30,2.87,0.31,2.21,-1.20,2.96,2.40,2.80,-2.01,2.48,0.14,0.98,-2.89,0.08,0.16,-0.59,-1.20,-4.39,0.40,-1.28,-3.35,-3.63,0.18,,4,3.51,2.91,0.41,3.05,1.50,1.57,3.27,-4.20,1.17,1.11,1.21,2.56,1.63,-1.56,1.47,-6.20,-6.98,-4.93,2.40,-0.50,2.44,1.10,0.87,1.26,1.36,0.99,2.72,1.47,1.53,0.13,0.62,1.38,1,1.54,1.24,0.58,0.40,-0.01,-3.64,-0.10,,4,2.78,0.90,-1.21,0.92,2.43,3.29,0.31,0.66,3.73,1.80,1.47,1.30,2.75,3.13,2.80,3.42,1.85,4.17,2.79,3.07,4,4.64,3.92,0.56,3.37,3.75,4,3.49,3.73,1.97,3.01,2.51,3.01,2.51,2.89,4.15,3.39,3.76,3.01,3.26,3.90,3.69,3.68,3.25,2.86,5.04,3.09,2.51,2.40,1,2.66,1.92,3.12,3.20,3.43,2.77,3.38,3.90,2.67,4.50,3.63,3.21,3.06,2.90,,-1,-9,3.50,1.10,0.60,,,,,,,2.80,3.30,,3.20,3.50,3,2.76,,,,,,,,3.40,3.30,3.90,2.70,3.30,,,,,4.10,,3.30,3.90,4.80,5,,,,1.90,,,3.40,,,4.30,3.20,3,4.20,2.60,3.50,
2008-12-21 17:00,3.20,2.92,0.32,2.15,-1.30,2.77,2.40,2.80,-2.08,2.38,0.18,1.06,-2.94,0.03,0.24,-0.61,-1.17,-4.65,0.40,-1.37,-3.45,-3.52,0.15,,4.10,3.31,2.89,0.39,3.14,1.50,1.50,3.30,-4.26,0.94,1.11,1.18,2.43,1.58,-1.60,1.41,-6.10,-7.05,-4.81,2.55,-0.50,2.34,1.20,0.85,1.26,1.28,1.02,2.78,1.51,1.64,0.19,0.65,1.31,1,1.54,1.17,0.58,0.40,0.05,-3.69,-0.06,,4.02,2.86,0.90,-1.05,1.50,2.50,3.34,0.31,0.72,3.53,1.50,1.40,1.30,2.53,3.11,2.80,3.40,1.80,4.17,2.64,3,3.90,4.57,3.92,0.55,3.35,3.51,3.90,3.53,3.82,2.03,3.03,2.46,2.97,2.40,2.81,4.12,3.38,3.76,3.20,3.11,3.80,3.68,3.56,3.17,2.88,5.16,3,2.38,2.43,1,2.76,1.86,3.03,3.20,3.30,2.83,3.44,3.88,2.60,4.50,3.61,3.20,2.97,2.90,2.20,-1,-9,3.70,1.10,0.60,2.40,3.40,-7,1.60,3.40,1.30,2.80,3.30,3.50,3.20,3.60,2.90,2.90,2.60,3.90,4.60,3.80,3.40,2.30,1.80,3.40,3.30,4,2.60,3.20,5.50,4.40,3.90,2.30,4.20,3.80,3.20,3.90,4.90,5.10,4.40,3.30,3.60,1.80,3.10,,3.30,5,4.30,4.30,3.40,3.10,4.30,2.40,3.50,2.60
2008-12-21 17:10,3.20,2.86,0.21,2.13,-1.39,2.80,2.35,2.70,-2.16,2.41,0.27,0.89,-2.86,-0.04,0.14,-0.77,-1.18,-4.69,0.30,-1.39,-3.47,-3.76,0.14,,4.08,3.28,2.83,0.38,3.22,1.50,1.55,3.32,-4.44,0.89,1.05,1.14,2.57,1.57,-1.73,1.51,-6.20,-7.08,-4.99,2.74,-0.50,2.38,1.30,0.86,1.43,1.39,0.93,2.69,1.53,1.73,0.19,0.56,1.16,0.90,1.42,1.06,0.56,0.50,-0.02,-3.76,-0.04,,3.93,2.95,1,-1.15,2.07,2.41,3.48,0.42,0.60,3.67,1.30,1.50,1.40,2.22,3.12,2.93,3.40,1.83,4.08,2.61,2.95,3.90,4.49,3.84,0.70,3.34,3.46,3.90,3.52,3.88,2.09,2.97,2.49,2.87,2.42,2.73,4.23,3.51,3.43,3.27,2.79,3.80,3.55,3.55,3,2.81,5.14,3.05,2.20,2.44,1,2.81,1.75,2.81,3.10,3.35,2.72,3.33,3.81,2.52,4.40,3.64,2.87,2.82,2.90,,-1.10,-9,3.60,1.10,0.70,,,,,,,2.80,3.20,,3.10,3.70,2.90,2.83,,,,,,,,3.40,3.20,4,2.70,3.20,,,,,4.10,,3.20,3.80,4.90,5.10,4.40,,,1.80,,,3.20,,,4.60,3.50,3,4.20,2.20,3.50,
2008-12-21 17:20,3.10,2.96,0.17,2.09,-1.40,2.70,2.32,2.60,-2.20,2.38,0.20,0.84,-2.88,0.03,0.17,-0.84,-1.26,-4.84,0.20,-1.43,-3.52,-3.76,0.05,,4.12,3.27,2.82,0.36,3.20,1.40,1.67,3.33,-4.47,0.94,1.11,1.08,2.45,1.65,-1.54,1.49,-6.20,-7.05,-4.98,2.80,-0.50,2.30,1.30,0.93,1.57,1.44,0.91,2.70,1.46,1.74,0.21,0.54,1.07,1,1.34,1.06,0.48,0.40,-0.06,-3.73,-0.01,,4.09,3.01,1,-1.15,1.95,2.32,3.52,0.43,0.83,3.54,1.20,1.55,1.50,1.98,3.18,2.90,3.43,1.79,4.06,2.59,2.95,3.80,4.49,3.77,0.54,3.45,3.01,3.90,3.23,3.60,2.04,2.95,2.51,2.83,2.39,2.67,4.45,3.51,3.26,3.39,2.57,3.70,3.63,3.53,2.78,2.95,5.03,3.12,1.87,2.50,0.70,2.59,1.67,2.83,3.10,3.27,2.78,3.04,3.84,2.54,4.50,3.68,3.10,2.60,2.80,,-1.10,-9.10,3.60,1.10,0.70,,,,,,,2.70,3.20,,3.10,3.70,2.90,2.81,,,,,,,,3.40,3.10,3.90,2.70,3.20,,,,,4,,3.20,3.80,5.10,5.20,4.40,,,1.70,,,3.20,,,4.90,3.50,2.90,4.10,2,3.50,
2008-12-21 17:30,3.10,2.91,0.21,2.09,-1.41,2.68,2.24,2.60,-2.20,2.41,0.08,0.94,-3,0,0.12,-0.80,-1.30,-5.13,0.20,-1.44,-3.60,-3.63,-0.07,,4.06,3.18,2.80,0.35,3.16,1.40,1.76,3.31,-4.35,1,1.15,1.21,2.35,1.55,-1.67,1.65,-6.30,-7.22,-4.80,2.77,-0.60,2.35,1.40,1,1.27,1.38,0.90,2.66,1.64,1.67,0.23,0.52,1.23,1,1.26,1.03,0.43,0.40,-0.07,-3.73,-0.07,,4.12,3,1.10,-0.99,2.02,2.04,3.58,0.36,0.84,3.47,1.30,1.56,1.40,2,3.22,2.76,3.37,1.69,3.99,2.62,2.83,3.60,4.36,3.66,0.71,3.42,3.46,3.90,3.45,3.49,2,2.99,2.46,2.84,2.43,2.62,4.41,3.45,3.12,3.46,2.35,3.70,3.53,3.39,2.58,3.09,5.05,2.99,2.02,2.18,0.50,2.34,1.68,2.56,3,3.17,2.80,3.16,3.96,2.33,4.50,3.64,3.27,2.33,2.80,,-1.20,-9.10,3.60,1.10,0.70,,,,,,,2.70,3.20,,3.10,3.70,3,2.80,,,,,,,,3.30,3,3.80,2.60,3.20,,,,,3.90,,3.10,3.90,5,5.20,,,,1.80,,,3.10,,,5,3.50,2.90,4.20,1.90,3.50,
2008-12-21 17:40,3.20,2.82,0.21,2,-1.42,2.76,2.20,2.50,-2.24,2.42,0.14,0.77,-3.01,-0.09,0.06,-0.75,-1.33,-4.96,0.20,-1.42,-3.60,-3.82,-0.12,,3.89,3.10,2.73,0.29,3.15,1.30,1.80,3.22,-4.56,0.93,1.13,1.24,2.31,1.45,-1.69,1.66,-6.40,-7.28,-4.89,2.57,-0.50,2.30,1.50,1.10,1.40,1.41,0.84,2.51,1.66,1.68,0.18,0.55,1.24,1,1.26,1,0.37,0.40,-0.14,-3.82,-0.12,,3.98,2.99,1.10,-0.95,2.47,1.93,3.73,0.41,1.07,3.68,1.50,1.48,1.70,1.65,3.16,2.54,3.35,1.74,4,2.54,2.86,3.60,4.46,3.67,0.58,3.29,3.40,3.90,3.47,3.45,2,3.02,2.40,2.76,2.42,2.71,4.47,3.58,2.95,3.44,2.32,3.70,3.45,3.28,2.42,3.09,5.12,2.95,2.18,1.86,0.30,1.95,1.59,2.52,2.90,3.19,2.78,3.35,4.12,2.09,4.50,3.69,3.31,2.19,2.80,,-1.20,-9.10,3.50,1.40,0.70,,,,,,,2.60,3.20,,3,3.60,3,2.74,,,,,,,,3.20,3.10,3.80,2.10,3.20,,,,,3.50,,3.10,3.80,5,5.20,4.50,,,1.80,,,3.20,,,4.90,3.60,2.80,4.20,1.80,3.60,
2008-12-21 17:50,3.10,2.83,0.13,2.01,-1.50,2.57,2.26,2.50,-2.33,2.30,0.07,0.76,-3.11,-0.11,-0.05,-0.95,-1.34,-4.98,0.10,-1.60,-3.64,-3.84,-0.22,,3.79,3.02,2.66,0.24,3.14,1.30,1.79,3.08,-4.60,0.97,1.14,1.19,2.23,1.37,-1.72,1.72,-6.40,-7.22,-5.04,2.55,-0.60,2.37,1.40,1.16,1.43,1.39,0.95,2.48,1.68,1.60,0.17,0.53,1.09,1.10,1.01,0.97,0.31,0.40,-0.22,-3.89,-0.15,,4.18,3.22,1.20,-1.07,2.47,2.11,3.68,0.48,1.24,3.86,1.50,1.53,1.65,1.64,3.13,2.43,3.29,1.77,4,2.48,2.95,3.60,4.45,3.64,0.61,3.30,3.40,3.90,3.39,3.61,1.99,2.95,2.41,2.74,2.40,2.76,4.38,3.57,3.07,3.55,2.23,3.60,3.42,3.13,2.15,3.11,5.11,2.83,2.06,1.59,0.40,1.70,1.40,2.70,2.90,3.22,2.84,3.31,4.09,2.12,4.60,3.13,2.92,2.17,2.80,,-1.30,-9.20,3.50,1.50,0.70,,,,,,,2.60,3.20,,2.90,3.60,3,2.63,,,,,,,,3.10,3.10,3.70,2,3.30,,,,,3.20,,3,3.70,5,5.10,4.60,,,1.90,,,3.10,,,4.90,3.40,3,4.40,1.60,3.50,
2008-12-21 18:00,3,2.68,0.14,2,-1,2.52,2.26,2.50,-2.27,2.35,0.21,0.74,-3.10,0,-0.04,-1,-1,-5.14,1,-1.76,-4,-3.82,-0.21,2,4,3,2.69,0.29,3,2,1,3,-4.51,1,1.16,1,2,1,-2,1,-6,-7,-5,3,-0.60,2.46,2,1.20,1.55,1.32,0,3,1.76,1.55,0.06,1,1,1,1,0.90,0.47,1,-0.24,-3.88,-0.14,,4.18,3.19,1.20,-1.12,2.64,2.24,3.80,0.58,1.22,3.90,1.50,1.66,1.44,1.55,3,2.24,3.29,1.67,3.87,2.51,2,3.50,4.23,3.60,0.61,3.27,3,4.10,3.20,3.35,1.83,3.02,2.41,2.69,2.32,2.72,4.36,3.51,3.16,3.58,2.17,3.60,3.37,3.18,1.64,3.11,5.06,2.64,2,1.47,0.10,1.46,1.25,2.70,2.90,3.10,2.78,3.10,3.94,2.20,4.30,2.92,4,2.09,2.70,2,-1,-9,3.40,1.50,0.70,,3.60,-5.10,2.20,3.20,1,2.50,3,3.10,2.80,3.60,2.90,2.80,2.40,4,4.50,4.10,3.90,2.80,0.90,3,3.20,3.70,2.20,3.20,4.80,4.30,4.30,1.60,3,3.70,3,3.60,5.20,4.80,4.60,3.30,3.80,1.40,3.10,2.30,3.10,4.90,4.30,4.90,3.50,3.30,4.40,1.50,3.30,2.40
2008-12-21 18:10,3,2.61,0.21,1.87,-1.50,2.66,2.23,2.60,-2.34,2.30,0.05,0.68,-3.17,-0.17,-0.09,-0.89,-1.50,-5.11,0.10,-1.83,-3.69,-3.99,-0.13,,3.66,3.05,2.68,0.25,3.14,1.20,1.84,2.86,-4.71,0.97,1.13,0.88,2.16,1.37,-1.74,1.47,-6.50,-7.29,-5.23,2.55,-0.70,2.44,1.40,1.19,1.36,1.34,1.06,2.41,1.71,1.47,0.18,0.38,0.96,1.20,0.94,0.83,0.54,0.40,-0.29,-3.86,-0.19,,4.07,3.37,1.20,-1.06,2.92,2.16,3.65,0.53,1.12,3.98,2.10,2,1.60,1.59,2.85,2,3.15,1.55,3.81,2.35,2.78,3.60,4.15,3.58,0.55,3.19,2.92,3.90,3.20,3.68,1.79,2.95,2.43,2.70,2.31,2.74,4.48,3.60,3.10,3.51,2.13,3.60,3.35,3.23,1.48,3.09,5,2.50,1.77,1.40,0,1.39,1.23,2.54,2.90,3.19,2.68,3.05,3.89,2.61,4.40,2.78,2.93,2,2.70,,-1.40,-9.20,3.40,1.60,0.60,,,,,,,2.50,3.20,,2.80,3.60,2.90,2.58,,,,,,,,2.90,3.10,3.60,2.40,3.20,,,,,3,,2.80,3.50,5.20,4.80,,,,1.40,,,3.10,,,4.90,3.80,3.80,4.40,1.40,3.30,
2008-12-21 18:20,3,2.50,0.10,1.80,-1.40,2.77,2.16,2.60,-2.36,2.23,0.18,0.69,-3.20,-0.17,-0.07,-0.83,-1.49,-5.42,0,-1.81,-3.64,-3.61,-0.17,,3.51,2.95,2.67,0.22,3.11,1.20,1.77,2.84,-4.70,0.92,1.15,0.99,1.88,1.33,-1.72,1.22,-6.50,-7.13,-5.40,2.65,-0.70,2.43,1.40,1.19,1.54,1.26,0.90,2.47,1.74,1.44,0.22,0.46,1.04,1.20,0.98,0.92,0.38,0.40,-0.26,-3.85,-0.18,,4.21,3.44,1.20,-1.10,3.06,2.27,3.63,0.77,1.16,3.89,2.40,2.23,1.66,1.61,2.64,1.90,3.24,1.60,3.76,2.21,2.79,3.50,4.16,3.45,0.48,3.21,2.89,3.80,3.13,3.58,1.83,2.81,2.24,2.59,2.37,2.75,4.72,3.55,3.06,3.33,2.13,3.60,3.49,3.14,1.45,3.03,5.11,2.20,1.77,1.17,0.20,1.32,1.15,2.42,2.80,2.96,2.58,3.07,3.93,2.61,4.40,2.44,3.19,2.01,2.60,,-1.40,-9.30,3.30,1.50,0.60,,,,,,,2.40,3.20,,2.70,3.60,3.10,2.65,,,,,,,,2.70,3.10,3.50,2.50,3.20,,,,,2.90,,2.90,3.50,5.20,4.80,4.50,,,1.20,,,3.10,,,5,3.90,3.70,4.40,1.20,3.20,
2008-12-21 18:30,2.90,2.50,0.19,1.78,-1.50,2.66,2.14,2.60,-2.24,2.20,0.16,0.72,-3.16,-0.16,-0.04,-0.86,-1.46,-5.06,-0.10,-1.82,-3.72,-3.59,-0.20,,3.57,3,2.55,0.20,3.09,1.10,1.56,2.80,-4.71,0.95,1.17,1.04,1.81,1.33,-1.81,1.29,-6.50,-7.03,-5.46,2.71,-0.70,2.49,1.40,1.24,1.62,1.43,0.90,2.50,1.76,1.52,0.35,0.31,1.15,1.20,1.03,0.93,0.39,0.30,-0.28,-3.87,-0.18,,4.20,3.34,1.20,-1.35,3.01,2.51,3.72,0.73,1.18,3.81,2.30,2.26,1.70,1.54,2.54,1.90,3.15,1.76,3.68,2.15,2.76,3.50,4.13,3.35,0.42,3.27,3.14,3.80,3.15,3.39,1.78,2.67,2.35,2.65,2.23,2.63,4.64,3.53,3.10,3.13,2.24,3.50,3.16,3.14,1.48,2.98,5.19,2.03,1.88,1.07,0.40,1.19,0.99,2.05,2.80,2.97,2.60,3.02,3.75,2.67,4.40,2.39,3.05,1.71,2.50,,-1.40,-9.30,3.30,1.50,0.60,,,,,,,2.30,3.10,,2.70,3.60,3.10,2.75,,,,,,,,2.30,3.10,3.50,2.50,3.20,,,,,3,,2.80,3.50,5.40,4.80,,,,1.20,,,3,,,5,3.90,3.70,4.30,1,3.10,
2008-12-21 18:40,2.90,2.36,0.18,1.76,-1.40,2.77,2.18,2.60,-2.25,2.17,0.13,0.73,-3.24,-0.26,-0.05,-0.93,-1.47,-5.17,-0.10,-1.74,-3.80,-3.66,-0.17,,3.45,3.04,2.64,0.17,3.04,1.10,1.49,2.81,-4.70,0.79,1.05,0.97,1.89,1.02,-1.91,1.48,-6.50,-6.88,-5.54,2.56,-0.90,2.51,1.40,1.25,1.50,1.37,0.84,2.49,1.67,1.64,0.39,0.21,1.26,1.20,1.02,0.90,0.54,0.30,-0.34,-3.87,-0.22,,4.16,3.15,1.20,-1.34,3.24,2.35,3.92,0.70,1.13,3.74,2.20,2.37,1.73,1.64,2.49,1.80,3.20,1.81,3.70,2.06,2.87,3.50,4,3.37,0.40,3.12,3.37,3.70,3.17,3.77,1.60,2.65,2.31,2.62,2.17,2.58,4.60,3.53,3.11,2.91,2.11,3.40,3.31,3.05,1.53,3.02,5.27,2.07,2,0.98,0.70,0.83,0.78,1.61,2.80,2.93,2.46,2.93,3.66,2.71,4.50,2.16,2.94,1.64,2.40,,-1.40,-9.30,3.20,1.60,0.70,,,,,,,2.30,3.10,,2.70,3.60,3.10,2.61,,,,,,,,1.50,3.20,3.60,2.60,3.20,,,,,3,,2.80,3.50,5.40,4.90,4.50,,,1,,,3,,,4.90,3.80,3.80,4.20,1.20,3.10,
2008-12-21 18:50,2.90,2.38,0.15,1.67,-1.50,2.76,2.10,2.60,-2.34,2.21,0.08,0.68,-3.26,-0.23,-0.06,-0.90,-1.53,-5.11,-0.10,-1.88,-3.81,-4.13,-0.18,,3.33,2.94,2.56,0.20,3.02,1.20,1.42,2.69,-4.72,0.72,1.04,0.85,1.94,1.01,-1.87,1.52,-6.60,-7.11,-5.63,2.47,-1,2.47,1.30,1.21,1.46,1.43,0.76,2.47,1.64,1.70,0.27,0.23,1.36,1.20,0.96,0.85,0.54,0.30,-0.36,-3.87,-0.26,,4.23,3.27,1.30,-1.14,3.49,2.20,4.12,0.77,0.97,3.89,2.10,2.45,1.75,1.47,2.39,1.30,3.21,1.62,3.70,2.16,2.64,3.40,4,3.32,0.41,3.13,3.22,3.70,3.26,3.52,1.71,2.79,2.22,2.55,2.11,2.57,4.80,3.59,3.17,2.64,2.01,3.30,3.11,3,1.39,2.96,5.34,2.02,1.92,0.83,0.70,0.80,0.67,1.20,2.70,3.02,2.44,3.01,3.75,2.72,4.40,1.93,3.08,1.66,2.40,,-1.40,-9.40,3.30,1.60,0.70,,,,,,,2.20,3.10,,2.70,3.60,3.10,2.53,,,,,,,,1,3.10,3.70,2.60,3.10,,,,,3.20,,2.70,3.50,5.50,4.90,4.60,,,0.90,,,2.90,,,4.90,3.70,3.90,4.20,1.20,3.10,
2008-12-21 19:00,2.90,2.48,0.23,1.89,-1.40,2.72,2.08,2.50,-2.37,2.16,0.05,0.57,-3.19,-0.26,-0.02,-0.91,-1.57,-5.12,-0.10,-1.87,-3.82,-3.88,-0.17,,3.38,2.95,2.55,0.17,3,1.10,1.49,2.59,-4.78,0.79,0.94,0.75,1.78,1.11,-1.91,1.48,-6.60,-7.30,-5.71,2.57,-1,2.47,1.40,1.29,1.64,1.37,0.73,2.47,1.68,1.76,0.25,0.33,1.35,1.20,1.08,0.86,0.62,0.30,-0.35,-3.92,-0.27,,4.33,3.75,1.40,-1.24,3.25,1.79,4.33,0.90,0.85,3.88,1.90,2.41,2.03,1.38,2.32,1.34,3.10,1.77,3.67,2.21,2.62,3.40,3.90,3.34,0.37,3.06,2.94,3.60,3.24,3.43,1.67,2.83,2.20,2.49,1.96,2.50,4.83,3.71,3.29,2.46,1.87,3.30,3.23,2.96,1,2.93,5.29,1.95,1.49,0.77,0.80,0.69,0.62,1.07,2.70,3.08,2.37,2.79,3.66,2.79,4.40,1.76,2.82,1.75,2.30,1.90,-1.40,-9.40,3.20,1.60,0.70,2.40,4,-1.50,2.20,2.70,1.40,2.20,3.10,2.90,2.70,3.60,3.10,2.60,2.30,4.20,5.20,4.20,3.40,3,0.50,0.50,3,3.80,2.50,3.10,5.10,4.10,4.50,1.90,3,3.50,2.70,3.50,5.70,5.10,4.60,3.60,3.40,0.90,2.80,,2.90,5.20,4.50,4.90,3.70,3.90,4.40,1,3,2
2008-12-21 19:10,2.80,2.50,0.16,1.98,-1.50,2.67,2.07,2.50,-2.42,2.18,0.06,0.66,-3.17,-0.40,-0.12,-0.85,-1.64,-5.03,-0.10,-1.82,-3.77,-4.06,-0.14,,3.40,2.89,2.61,0.14,3.05,1.10,1.57,2.66,-4.86,0.84,0.90,0.75,1.80,1.15,-1.99,1.53,-6.60,-7.14,-5.68,2.50,-1,2.40,1.50,1.34,1.53,1.39,0.75,2.49,1.61,1.79,0.28,0.36,1.27,1.20,1.19,0.85,0.66,0.30,-0.24,-3.88,-0.29,,4.33,3.98,1.70,-1.17,3.16,1.61,4.43,0.87,0.82,3.81,2.10,2.40,2.40,1.35,2.26,1.40,3.01,1.72,3.67,2.10,2.49,3.40,3.92,3.23,0.38,3.08,2.98,3.60,3.09,3.34,1.70,2.81,2.18,2.50,2.11,2.53,4.76,3.70,3.34,1.95,1.73,3.30,3.16,2.92,0.83,2.87,5.41,1.90,1.62,0.65,1.10,0.75,0.67,0.53,2.60,3.03,2.37,2.66,3.74,2.99,4.50,1.85,3.23,1.88,2.20,,-1.40,-9.40,3.20,1.70,0.80,,,,,,,2.10,3.10,,2.70,3.50,3.10,2.67,,,,,,,,0.10,3,3.80,2.60,3.10,,,,,3,,2.70,3.40,5.70,5.10,4.60,,,0.90,,,2.80,,,4.80,4,4.10,4.40,1,3,
2008-12-21 19:20,2.80,2.57,0.18,1.99,-1.50,2.67,2.03,2.60,-2.40,2.10,0.11,0.59,-3.24,-0.42,-0.14,-0.80,-1.66,-5.17,-0.10,-1.93,-3.79,-3.87,-0.28,,3.43,2.84,2.62,0.14,2.99,1.10,1.61,2.80,-4.81,0.86,0.84,0.69,1.79,0.94,-2.08,1.40,-6.60,-7.23,-5.82,2.27,-1,2.44,1.50,1.25,1.38,1.41,0.81,2.42,1.50,1.73,0.35,0.31,1.33,1.20,1.14,1,0.65,0.30,-0.21,-3.95,-0.25,,4.38,4.08,1.90,-1.19,2.93,1.62,4.60,0.81,0.86,3.39,2.30,2.54,2.40,1.44,2,1.03,3.02,1.71,3.68,2.03,2.50,3.30,3.80,3.20,0.42,3.03,2.94,3.50,3.36,3.55,1.79,2.93,2.12,2.47,2.12,2.46,4.79,3.76,3.31,1.94,1.96,3.10,3.12,2.89,0.71,2.85,5.59,1.55,1.47,0.72,1,0.53,0.52,0.54,2.60,3.02,2.43,2.51,3.75,3.05,4.50,1.66,2.94,2.10,2.20,,-1.30,-9.40,3.20,1.80,0.80,,,,,,,2,3,,2.60,3.50,3.10,2.71,,,,,,,,0.40,2.90,3.80,2.50,3,,,,,2.90,,2.70,3.40,5.80,5.20,4.60,,,0.70,,,2.80,,,4.80,4.10,4.10,4.40,0.70,2.80,
2008-12-21 19:30,2.80,2.57,0.21,1.83,-1.60,2.68,2.05,2.50,-2.34,2.09,0.09,0.66,-3.26,-0.40,-0.08,-0.75,-1.56,-5.18,-0.20,-2.02,-3.86,-4.23,-0.38,,3.41,2.84,2.63,0.12,2.91,1,1.48,2.68,-4.86,0.75,0.93,0.60,1.71,0.91,-2.10,1.26,-6.60,-7.22,-6.13,2.44,-1,2.40,1.50,1.35,1.31,1.40,0.71,2.35,1.59,1.84,0.32,0.33,1.44,1.20,1.34,1.02,0.70,0.30,-0.32,-3.92,-0.25,,4.33,4.37,2,-1.09,2.92,1.29,4.71,0.78,0.64,3.45,2.50,2.63,2.40,1.43,1.85,0.71,3.24,1.63,3.69,2.08,2.46,3.20,3.79,3.15,0.42,2.95,3.04,3.50,3.34,3.40,1.81,2.94,2,2.39,2.05,2.48,4.89,3.90,3.39,1.92,1.90,2.80,3.05,2.82,0.71,2.80,5.69,1.50,1.44,0.74,1.10,0.39,0.53,0.43,2.50,2.82,2.54,2.77,3.75,3.14,4.50,1.65,3.04,2.20,2.10,,-1.40,-9.50,3.20,1.80,0.90,,,,,,,2,2.90,,2.60,3.40,3.10,2.73,,,,,,,,0,2.90,3.70,2.50,2.90,,,,,2.50,,2.60,3.30,6,5.30,4.50,,,0.60,,,2.80,,,4.80,4.30,4.10,4.30,0.60,2.80,
2008-12-21 19:40,2.80,2.56,0.12,2.12,-1.50,2.58,2.08,2.50,-2.35,2.06,0.05,0.61,-3.34,-0.50,-0.03,-0.93,-1.56,-5.29,-0.20,-1.92,-3.81,-4.02,-0.30,,3.43,2.79,2.65,0.05,2.90,1,1.39,2.59,-4.79,0.70,0.93,0.54,1.64,0.96,-2.10,1.26,-6.70,-7.07,-6.14,2.34,-1.10,2.42,1.50,1.29,1.47,1.41,0.57,2.40,1.61,1.91,0.26,0.41,1.47,1.10,1.39,1.08,0.66,0.30,-0.30,-3.93,-0.29,,4.36,4.90,1.70,-0.98,2.85,1.37,4.62,0.76,0.57,3.38,2.30,2.69,2.20,1.56,1.69,0.44,3.13,1.58,3.64,2.15,2.46,3.20,3.55,3.11,0.34,2.97,3.53,3.40,3.12,3.33,1.89,3,1.98,2.46,2.10,2.50,4.86,3.90,3.33,1.92,1.88,2.60,3.01,2.89,0.63,2.79,5.92,1.53,1.38,0.76,1,0.28,0.54,0.57,2.40,2.76,2.51,2.86,4.01,3.20,4.40,1.66,3.09,2.19,2.10,,-1.50,-9.50,3.10,1.80,0.90,,,,,,,2,2.80,,2.50,3.40,3,2.78,,,,,,,,-0.10,2.50,3.60,2.50,2.80,,,,,2.30,,2.60,3.30,6.20,5.50,4.60,,,0.30,,,2.70,,,4.70,4.40,4.10,4.30,0.50,2.60,
2008-12-21 19:50,2.80,2.51,0.09,2.08,-1.50,2.35,2.13,2.50,-2.41,2,-0.04,0.60,-3.29,-0.42,-0.08,-1.01,-1.62,-5.23,-0.30,-1.88,-3.84,-4.10,-0.48,,3.25,2.79,2.64,0.06,2.93,1,1.36,2.64,-4.87,0.66,0.89,0.55,1.49,0.92,-2.22,1.06,-6.80,-7.01,-6.06,2.25,-1.10,2.39,1.50,1.22,1.51,1.45,0.52,2.36,1.63,1.91,0.30,0.33,1.33,1.20,1.19,1.17,0.63,0.30,-0.21,-3.94,-0.27,,4.05,4.96,1.70,-0.95,2.85,1.28,4.81,0.89,0.52,3.35,2,2.63,1.80,1.24,1.72,0.44,2.91,1.51,3.65,2.12,2.48,3.20,3.55,3.16,0.34,2.92,3.29,3.40,3.18,3.27,1.82,3,2.03,2.60,2.16,2.31,4.80,4.09,3.54,2,1.87,2.50,2.95,2.98,0.59,2.78,6.12,1.44,1.25,0.71,1.30,0.31,0.52,0.59,2.40,2.81,2.44,2.62,3.87,3.22,4.40,1.60,3.13,2.06,2.10,,-1.60,-9.50,3.10,1.90,0.90,,,,,,,1.90,2.70,,2.60,3.30,3.10,2.78,,,,,,,,0.20,2.10,3.60,2.40,2.80,,,,,2.50,,2.70,3.20,6.30,5.60,4.60,,,0.20,,,2.70,,,4.90,4.50,4.20,4.40,0.40,2.40,
2008-12-21 20:00,2.80,2.52,0.06,2.01,-1.50,2.30,2.07,2.40,-2.36,1.98,-0.09,0.57,-3.35,-0.40,-0.09,-0.88,-1.59,-5.13,-0.40,-1.94,-3.81,-4.26,-0.47,,3.31,2.78,2.67,0.07,2.85,0.90,1.39,2.51,-4.92,0.73,0.88,0.48,1.62,0.91,-2.19,1.22,-6.80,-7.03,-6.48,2.29,-1.10,2.32,1.50,1.21,1.25,1.48,0.46,2.51,1.66,1.91,0.30,0.38,1.46,1.20,1.30,1.17,0.56,0.30,-0.24,-3.90,-0.29,,4.25,5.20,1.70,-0.85,2.97,1.22,5,0.99,0.33,3,2.50,2.77,1.60,1.27,1.53,0.41,2.90,1.56,3.70,2.19,2.45,3.10,3.52,3.06,0.45,2.80,2.92,3.30,2.96,3.29,1.76,3,2.04,2.66,2.02,2.39,4.72,4.08,3.47,2.05,2.20,2.40,2.97,3,0.58,2.72,6.31,1.69,1.09,0.82,1.30,0.23,0.51,0.32,2.40,2.67,2.39,2.57,3.92,3.29,4.40,1.54,3.09,1.76,2,1.80,-1.70,-9.50,3.10,2,0.90,2.20,3.70,-0.30,2.60,2.80,1.20,1.80,2.70,3,2.50,3.30,3.10,2.80,,4.40,5.50,4.50,3.40,3,0.60,0.50,2.10,3.50,2.50,2.80,6,4.40,4.60,2,1.60,3.50,2.70,3.10,6.50,5.90,4.90,3.90,4,0.20,1.80,-0.50,2.70,,4.50,4.90,4.60,4.20,4.20,0.30,2.50,
2008-12-21 20:10,2.80,2.54,0.05,1.90,-1.50,2.24,2.07,2.40,-2.41,1.93,-0.14,0.46,-3.38,-0.46,-0.23,-0.93,-1.73,-5.14,-0.50,-1.91,-3.86,-4.15,-0.56,,3.15,2.79,2.64,0.04,2.81,1,1.46,2.67,-4.87,0.67,0.82,0.51,1.54,0.90,-2.12,1.26,-6.80,-7.31,-7.12,2.27,-1.20,2.30,1.50,1.21,1.40,1.45,0.63,2.66,1.68,1.83,0.27,0.31,1.39,1.20,1.36,1.11,,0.40,-0.33,-3.91,-0.32,,4.48,5.15,1.70,-0.71,2.94,1.28,5.19,1.06,0.33,2.72,3,2.86,1.41,1.54,1.31,0.30,3.06,1.55,3.75,2.20,2.44,3.10,3.45,3.02,0.44,2.83,2.61,3.30,3.02,2.81,1.67,3.03,2.13,2.67,1.99,2.38,4.55,4.23,3.51,2.08,2.34,2.30,3.09,2.85,0.63,2.68,6.38,1.55,0.99,0.81,1.20,0.25,0.60,0.23,2.40,2.64,2.40,2.66,3.84,3.36,4.40,1.61,3.03,1.61,2,,-1.70,-9.60,3.10,1.80,0.90,,,,,,,1.60,2.60,,2.50,3.20,3,2.72,,,,,,,,0.90,1.70,3.50,2.50,2.80,,,,,1.50,,2.80,3.10,6.50,5.90,4.90,,,0.10,,,2.70,,,4.80,4.60,4.30,4.30,0.70,2.50,
2008-12-21 20:20,2.80,2.46,0.03,1.88,-1.60,2.47,2.11,2.40,-2.41,1.92,-0.26,0.48,-3.43,-0.42,-0.21,-1.08,-1.76,-5.22,-0.50,-1.95,-3.91,-4.01,-0.53,,3.14,2.77,2.54,-0.02,2.81,1,1.48,2.78,-4.81,0.52,0.75,0.49,1.62,0.95,-2.15,1.30,-6.90,-7.16,-7.20,2.20,-1.30,2.28,1.50,1.19,1.32,1.29,0.50,2.66,1.64,1.89,0.40,0.50,1.33,1.10,1.28,1.17,,0.40,-0.28,-4.03,-0.26,,4.42,4.88,2,-0.57,2.93,1.32,5.28,1.07,0.31,3.06,2.80,2.93,1.42,1.77,1.39,0.70,3,1.43,3.75,2.14,2.45,3.10,3.59,3.02,0.37,2.68,2.78,3.30,3.09,3.26,1.65,2.87,2.14,2.68,2.03,2.36,4.54,4.15,3.63,2.01,2.34,2.20,2.98,2.81,0.62,2.68,6.47,1.53,0.96,0.79,1.10,0.27,0.70,0.17,2.40,2.71,2.25,2.45,3.76,3.39,4.50,1.77,3.26,1.69,1.90,,-1.80,-9.60,3,1.80,0.90,,,,,,,1.50,2.50,,2.50,3.20,3,2.66,,,,,,,,0.80,1.60,3.50,2.40,2.80,,,,,1.60,,2.80,3.20,6.60,6.10,5.10,,,-0.10,,,2.60,,,4.60,4.60,4.40,4.30,0.60,2.60,
2008-12-21 20:30,2.80,2.55,0.03,1.86,-1.60,2.47,2.12,2.40,-2.37,1.80,-0.27,0.35,-3.46,-0.50,-0.19,-1.11,-1.75,-5.23,-0.50,-2.13,-3.89,-3.94,-0.53,,3.19,2.82,2.56,0.06,2.74,0.90,1.41,2.60,-4.90,0.53,0.63,0.48,1.57,1.07,-2.17,0.72,-6.90,-7.31,-7.69,2.23,-1.30,2.18,1.50,1.26,1.17,1.41,0.45,2.62,1.51,1.95,0.31,0.43,1.45,1.20,1.26,1.18,,0.40,-0.27,-4.02,-0.33,,4.51,4.92,1.80,-0.39,3.21,1.42,5.26,1.04,0.23,3.21,2.80,3.07,1.31,1.87,1.81,0.90,2.97,1.38,3.70,2.03,2.42,3.10,3.47,2.98,0.28,2.79,2.70,3.20,3.06,3.32,1.64,2.86,2.14,2.56,1.89,2.32,4.47,4.19,3.66,1.91,2.29,2,3.05,2.78,0.88,2.68,6.58,1.49,1.18,0.91,1,0.29,0.66,-0.08,2.40,2.64,2.22,2.28,3.76,3.59,4.50,1.63,3.27,1.44,1.80,,-1.70,-9.60,3,1.80,0.90,,,,,,,1.40,2.40,,2.40,3.20,3,2.69,,,,,,,,1.10,1,3.40,2.50,2.80,,,,,1.30,,2.70,3.10,6.70,6.20,5.30,,,-0.10,,,2.60,,,4.50,4.60,4.50,4.40,0.60,2.50,
2008-12-21 20:40,2.70,2.35,0.03,1.83,-1.60,2.55,2.15,2.40,-2.45,1.77,-0.21,0.36,-3.45,-0.53,-0.22,-1.11,-1.71,-5.29,-0.50,-2.18,-3.85,-3.84,-0.66,,3.16,2.80,2.65,0.04,2.67,0.90,1.30,2.58,-4.97,0.50,0.62,0.43,1.41,0.99,-2.20,1,-6.90,-7.74,-7.86,2.14,-1.30,2.24,1.50,1.27,1.17,1.48,0.34,2.62,1.37,1.90,0.38,0.50,1.43,1.10,1.23,1.10,,0.40,-0.32,-3.91,-0.29,,4.67,4.97,1.90,-0.40,4.23,1.51,5.11,1.16,0.21,3.16,2.70,3.34,1.26,1.81,2.13,1.20,2.78,1.36,3.63,2.13,2.39,3,3.54,3.03,0.13,2.76,2.66,3.20,3.02,3.10,1.59,2.90,2.12,2.63,1.89,2.22,4.43,4.13,3.68,1.92,2.15,1.90,3.09,2.77,1.34,2.56,6.66,1.67,1.72,0.96,1,0.46,0.59,-0.10,2.40,2.75,2.12,2.45,3.79,3.91,4.40,1.63,3.03,1.46,1.70,,-1.70,-9.60,3,1.80,0.90,,,,,,,1.40,2.50,,2.40,3.20,3,2.69,,,,,,,,1.20,1.40,3.30,2.30,2.70,,,,,1.30,,2.70,3.10,6.80,6.30,,,,-0.10,,,2.50,,,4.40,4.50,4.70,4.50,0.50,2.60,
2008-12-21 20:50,2.70,2.36,0,1.79,-1.70,2.34,2.20,2.30,-2.45,1.65,-0.28,0.48,-3.42,-0.52,-0.21,-1.18,-1.76,-5.17,-0.40,-2.08,-3.85,-3.76,-0.61,,3.16,2.69,2.61,0,2.63,0.90,1.23,2.62,-5.01,0.25,0.70,0.47,1.61,0.97,-2.15,0.97,-7,-7.58,-7.89,1.99,-1.40,2.14,1.50,1.24,1.25,1.33,0.31,2.53,1.42,1.87,0.31,0.42,1.39,1.10,1.24,1.27,,0.40,-0.39,-4.01,-0.33,,4.81,4.97,2,-0.48,5.39,1.40,4.99,1.33,0.37,3.35,2.50,3.48,1.19,1.71,2.17,1.30,2.73,1.34,3.50,1.93,2.55,2.90,3.54,2.99,0.23,2.66,2.83,3.10,3.05,2.71,1.67,3,2.19,2.56,1.75,2.22,4.51,4.16,3.78,1.94,2.26,1.80,2.86,2.70,1.59,2.49,6.77,1.79,2.27,0.80,1.20,0.42,0.54,0.15,2.30,2.79,2.07,2.15,3.77,4.06,4.30,1.68,3.43,1.39,1.70,,-1.90,-9.70,2.90,1.70,1,,,,,,,1.40,2.40,,2.20,3.20,3,2.64,,,,,,,,1.10,1.50,3.20,2.30,2.70,,,,,1,,2.70,3.10,6.80,6.40,5.70,,,-0.20,,,2.50,,,4.50,4.40,4.70,4.50,0.90,2.40,
2008-12-21 21:00,2.70,2.36,-0.07,1.88,-1.70,2.22,2.15,2.30,-2.50,1.66,-0.36,0.48,-3.47,-0.36,-0.26,-1.11,-1.78,-5.12,-0.40,-2.07,-3.92,-3.97,-0.55,,3.18,2.67,2.54,0.02,2.55,0.80,1.12,2.59,-5.11,0.43,0.66,0.54,1.56,1,-2.29,0.82,-7.40,-8.32,-8.14,1.97,-1.30,2.10,1.40,1.19,1.11,1.35,0.32,2.44,1.33,1.93,0.25,0.50,1.44,1,1.34,1.22,,0.30,-0.46,-3.94,-0.36,,4.92,4.85,2.10,-0.31,5.50,1.60,5.18,1.38,0.49,3.82,2.60,3.50,1.28,1.80,2.13,1.20,2.75,1.19,3.43,1.97,2.52,2.90,3.56,2.93,0.20,2.59,2.56,3.10,3.05,3.13,1.67,3,2.19,2.54,1.68,2.22,4.61,4.24,3.84,2.03,2.56,1.80,2.80,2.58,1.39,2.55,6.91,1.69,2.47,0.92,1.30,0.45,0.27,0.34,2.10,2.64,2.15,2.31,3.83,4.17,4.30,1.90,3.37,1.50,1.70,1.60,-1.90,-9.70,3,1.70,0.90,1.90,4.20,-0.40,2.80,2.90,1,1.30,2.40,2.70,2.20,3.20,2.90,2.70,2,5,5.80,4.70,4.10,3.40,1.30,1.30,1.60,3.10,2.20,2.60,6.60,5,4.60,2.50,1.30,3,2.70,3,7.10,6.60,6,,4.10,-0.40,1.50,0,2.60,,5,4.60,4.20,4.70,4.70,0.80,2.10,1.40
2008-12-21 21:10,2.70,2.40,-0.02,1.77,-1.64,2.29,2.12,2.30,-2.56,1.55,-0.30,0.32,-3.54,-0.54,-0.24,-1.28,-1.70,-5.09,-0.40,-2.22,-3.96,-4.22,-0.49,,3.15,2.65,2.47,0,2.64,0.90,1.22,2.64,-5.09,0.29,0.60,0.42,1.54,0.81,-2.30,0.82,-7.40,-8.49,-8.51,1.97,-1.40,2.09,1.40,1.32,1.18,1.31,0.33,2.55,1.41,2.07,0.23,0.53,1.38,1,1.36,1.21,,0.40,-0.40,-4.09,-0.36,,4.91,4.76,2.20,-0.13,5.27,1.58,5.29,1.42,0.48,3.75,2.70,3.71,1.20,1.83,2.06,1.26,2.68,1.13,3.39,1.90,2.36,3,3.49,2.85,0.02,2.50,2.32,3.10,2.84,3.48,1.66,2.96,2.16,2.51,1.67,2.31,4.80,4.27,3.83,1.97,2.77,1.70,2.80,2.50,1.30,2.44,7.09,1.70,2.56,1.05,1.20,0.36,0.27,0.22,2,2.51,2.14,2.27,3.81,4.33,4.40,2.25,3.25,1.45,1.50,,-2,-9.70,2.90,1.80,0.90,,,,,,,1.10,2.40,,2.20,3.10,2.80,2.72,,,,,,,,1.40,1.80,3.10,2.30,2.60,,,,,1.20,,2.60,2.90,7.10,6.60,6,,,-0.40,,,2.60,,,4.80,4.10,4.60,4.80,1,2.10,
2008-12-21 21:20,2.60,2.35,-0.02,1.82,-1.66,2.38,2.01,2.30,-2.56,1.44,-0.28,0.46,-3.54,-0.45,-0.27,-1.31,-1.68,-5.16,-0.40,-2.20,-3.94,-3.95,-0.48,,3.23,2.73,2.49,-0.04,2.71,0.80,1.24,2.68,-5.09,0.18,0.54,0.36,1.55,0.75,-2.36,0.70,-7.50,-8.46,-8.51,2.26,-1.40,2.12,1.40,1.21,1.13,1.28,0.45,2.50,1.48,2.04,0.30,0.53,1.32,1,1.21,1.20,,0.30,-0.41,-4.12,-0.36,,4.92,4.66,2.40,-0.02,5.45,1.73,5.45,1.46,0.56,3.81,2.80,3.64,1.20,1.82,2.11,1.09,2.57,1.17,3.36,1.96,2.30,2.90,3.45,2.88,0.14,2.36,2.29,3.10,2.92,2.87,1.67,2.95,2.13,2.47,1.66,2.31,4.84,4.24,3.94,2.18,2.85,1.80,2.76,2.37,1.09,2.41,7.03,1.87,2.62,1.11,1.10,0.40,0.18,0.26,2.10,2.60,1.99,2.09,4.06,4.45,4.50,2.37,3.19,1.47,1.50,,-2.10,-9.80,3,1.80,0.90,,,,,,,1.10,2.20,,2.20,3.10,2.70,2.73,,,,,,,,1.40,2,3.20,2.40,2.60,,,,,1.50,,2.60,2.90,7.30,6.70,6.10,,,-0.20,,,2.50,,,4.80,4.10,4.40,4.80,0.90,1.80,
2008-12-21 21:30,2.70,2.13,0.01,1.78,-1.75,2.23,2.04,2.30,-2.64,1.42,-0.47,0.35,-3.52,-0.38,-0.31,-1.32,-1.60,-5.25,-0.50,-2.23,-4.05,-4.01,-0.63,,3.27,2.72,2.36,0,2.65,0.80,1.27,2.62,-5.04,0.12,0.48,0.43,1.43,0.64,-2.39,0.57,-7.70,-8.07,-8.93,2.22,-1.30,2.15,1.40,1.22,0.85,1.24,0.39,2.41,1.52,2.08,0.35,0.47,1.39,1,1.15,1.15,,0.30,-0.55,-4.15,-0.40,,5.16,4.63,2.60,0.10,5.57,2.07,5.61,1.42,0.63,3.74,2.90,3.71,1.40,1.77,2.11,1.13,2.57,1.21,3.33,1.94,2.29,2.90,3.62,3.07,0.11,2.32,2.50,3,2.97,2.76,1.67,2.80,2.09,2.36,1.64,2.30,4.93,4.34,3.98,2.25,3.10,1.80,2.71,2.27,1.01,2.36,7.05,1.92,2.67,1.27,1.20,0.50,0.08,0.26,2.20,2.53,1.98,2.20,3.99,4.51,4.60,2.35,3.03,1.44,1.40,,-2.20,-9.80,2.90,1.70,0.90,,,,,,,1.10,2.20,,2.10,3.10,2.50,2.59,,,,,,,,1.20,2.10,3.20,2.50,2.60,,,,,1.40,,2.60,2.90,7.30,6.80,6.20,,,-0.10,,,2.50,,,4.90,4.30,4.40,4.80,1.20,1.80,
2008-12-21 21:40,2.60,2.07,0,1.73,-1.78,2.34,2.06,2.20,-2.67,1.31,-0.41,0.28,-3.56,-0.40,-0.40,-1.34,-1.79,-5.21,-0.40,-2.33,-3.97,-4.14,-0.71,,3.31,2.72,2.22,0.01,2.55,0.80,1.25,2.63,-5.05,0.21,0.26,0.38,1.39,0.52,-2.41,0.58,-7.90,-6.48,-8.80,2.19,-1.40,2.11,1.30,1.20,0.88,1.31,0.40,2.42,1.36,2.08,0.31,0.37,1.30,1,1.25,1.07,,0.30,-0.46,-4.06,-0.45,,5.41,4.62,2.80,0.37,5.65,2.55,5.92,1.57,0.72,3.67,3,3.79,1.60,2.04,1.97,1.07,2.59,1.23,3.36,1.90,2.24,2.90,3.59,3.20,-0.04,2.33,2.55,2.90,2.90,3.23,1.72,2.79,2.09,2.20,1.69,2.34,5.12,4.60,4.03,2.47,3.17,1.90,2.73,2.30,0.95,2.32,7.19,2.08,2.81,1.39,1.70,0.66,0.07,0.01,2.10,2.41,1.91,2.05,4.28,4.52,4.70,2.43,3.28,1.43,1.20,,-2.30,-9.80,2.90,1.80,1,,,,,,,1,2.10,,2.10,3,2.50,2.50,,,,,,,,1.20,2,3.20,2.50,2.50,,,,,1.20,,2.70,2.80,7.40,7,6.30,,,-0.10,,,2.50,,,5.10,4.40,4.50,4.70,1.40,1.80,
2008-12-21 21:50,2.60,2.01,-0.06,1.67,-1.77,2.42,1.99,2.20,-2.78,1.16,-0.46,0.23,-3.51,-0.47,-0.47,-1.35,-1.82,-5.37,-0.50,-2.44,-4.07,-4.55,-0.76,,3.19,2.72,2.28,-0.03,2.55,0.80,1.20,2.52,-5.09,0.08,0.14,0.38,1.34,0.51,-2.46,0.82,-8.50,-6.56,-9.01,2.36,-1.50,2.05,1.40,1.11,0.88,1.26,0.29,2.43,1.37,2.11,0.17,0.44,1.40,1.10,1.07,1.08,,0.30,-0.54,-4.03,-0.50,,5.55,4.81,2.80,0.48,5.46,4.21,6.11,1.57,0.77,3.60,2.90,3.89,1.70,1.97,2.03,1.01,2.54,1.16,3.38,1.95,2.26,2.90,3.32,3.17,-0.13,2.41,2.52,2.90,2.78,2.82,1.84,2.73,2.04,2.18,1.64,2.36,5.12,4.62,3.95,2.62,3.09,1.80,2.68,1.91,1.02,2.23,7.44,2.06,2.90,1.30,1.70,0.85,0.05,-0.20,2.10,2.38,1.82,2.02,4.28,4.53,4.80,2.48,3.51,1.43,1.10,,-2.50,-9.90,2.90,1.80,0.90,,,,,,,1.10,1.60,,2.20,3,2.60,2.52,,,,,,,,0.70,2.10,3.30,2.50,2.50,,,,,1.10,,2.70,2.80,7.30,7.20,6.40,,,-0.20,,,2.30,,,5.50,4.60,4.60,4.70,1.70,1.70,
2008-12-21 22:00,2.60,1.97,-0.05,1.49,-1.75,2.24,1.93,2.20,-2.69,1.10,-0.55,0.24,-3.54,-0.54,-0.53,-1.35,-1.78,-5.60,-0.50,-2.46,-4.20,-4.49,-0.86,,3.11,2.73,2.26,-0.11,2.61,0.80,1.25,2.36,-5.09,-0.07,0.20,0.18,1.46,0.53,-2.52,0.78,-7.80,-6.73,-9.16,2.34,-1.70,2.09,1.30,1.08,1.02,1.26,0.15,2.49,1.32,2,0.21,0.50,1.39,1,1.06,0.94,0.14,0.30,-0.57,-4.20,-0.47,,5.83,5.11,2.80,0.90,5.37,5.01,6.39,1.78,0.77,3.84,2.70,3.75,1.70,1.90,1.99,1.15,2.76,1.15,3.33,1.85,2.28,2.90,3.26,3.04,-0.14,2.52,2.49,3,2.73,3.03,1.94,2.75,2.09,2.11,1.58,2.23,5.21,4.59,4.05,2.67,3.06,1.80,2.77,1.48,0.90,2.15,7.67,2.33,2.88,1.31,1.80,0.98,0.07,-0.10,2,2.33,1.82,1.99,4.36,4.40,5,2.67,3.45,1.46,1.10,1.90,-2.70,-9.90,2.90,1.80,1,2.20,6,-0.70,3.10,3.10,1.30,1.10,1.10,2.60,2.20,3,2.50,2.60,2,5.80,6.40,5.30,4.50,3.60,2,0.60,2.20,3.20,2.50,2.50,7.60,5.60,4.80,3.10,1.10,1.90,2.70,2.80,7.60,7.60,6.70,4.70,4.60,-0.30,0.90,-0.30,2.30,,5.90,5.70,4.60,4.80,4.50,1.90,1.70,1.30
2008-12-21 22:10,2.60,1.92,-0.03,1.45,-1.70,2.25,2.09,2.10,-2.65,1.21,-0.49,0.25,-3.50,-0.71,-0.52,-1.34,-1.86,-5.64,-0.50,-2.48,-4.26,-4.64,-0.74,,2.99,2.83,2.23,-0.08,2.65,0.80,1.24,2.38,-5.09,-0.16,0.26,0.01,1.32,0.47,-2.70,0.70,-7.40,-6.72,-9.58,2.20,-2,2.08,1.30,1.07,0.95,1.17,0.07,2.45,1.33,2.01,0.19,0.46,1.40,0.90,1.10,0.86,0.07,0.20,-0.55,-4.23,-0.50,,5.79,5.15,3,0.75,5.51,5.39,6.59,1.83,0.75,3.98,2.60,3.44,1.73,2.04,2,1,2.74,1.06,3.27,1.86,2.20,2.90,3.29,2.96,-0.17,2.57,2.63,2.90,2.69,2.90,1.93,2.71,2.05,2.15,1.48,2.16,5.48,4.69,4.05,2.78,3.16,1.90,2.79,1.22,0.70,2.09,7.82,2.37,2.98,1.32,1.80,1.05,0.01,0.11,1.90,2.39,1.84,1.90,4.58,4.44,5,2.75,3.46,1.57,1.20,,-2.70,-9.90,2.90,1.90,0.90,,,,,,,1.30,0.90,,2.20,3.10,2.50,2.38,,,,,,,,0.70,2.20,3.20,2.40,2.50,,,,,1.10,,2.60,2.80,7.60,7.60,6.70,,,-0.40,,,2.30,,,5.80,4.80,5,4.60,2.10,1.70,
2008-12-21 22:20,2.70,2.02,0.02,1.35,-1.70,2.30,2.14,2.10,-2.72,1.25,-0.40,0.22,-3.52,-0.69,-0.72,-1.40,-1.97,-5.57,-0.60,-2.42,-4.36,-4.68,-0.71,,2.91,2.72,2.19,-0.08,2.62,0.80,1.20,2.43,-5.08,-0.14,0.25,0.02,1.24,0.40,-2.86,0.57,-8.10,-5.36,-9.35,1.94,-2.10,2,1.30,1.04,0.81,1.19,-0.22,2.46,1.38,2.12,0.26,0.42,1.30,0.90,1.19,1.01,0.08,0.20,-0.60,-4.17,-0.54,,5.96,5.17,3.20,0.92,5.53,5.65,6.71,1.74,0.77,4.02,2.50,3.28,1.71,1.98,1.99,1.10,2.56,1.15,3.27,1.89,2.21,2.90,3.25,2.97,-0.24,2.49,2.52,2.90,2.70,2.81,1.87,2.71,1.99,2.14,1.34,2.19,5.78,4.84,4.03,2.74,3.10,2.10,2.54,0.96,0.60,2.06,7.93,2.32,2.92,1.21,1.70,1.18,0.01,0.34,1.90,2.06,1.79,2.09,4.76,4.59,5,2.94,3.66,1.75,1.40,,-2.50,-9.90,2.80,1.80,0.90,,,,,,,1.30,1.40,,2.20,3.10,2.50,2.38,,,,,,,,0.60,2.30,3.20,2.40,2.40,,,,,1.20,,2.70,2.70,7.80,7.70,6.80,,,-0.40,,,2.20,,,6,4.80,5,4.60,2,1.60,
2008-12-21 22:30,2.70,1.98,0.09,1.25,-1.70,2.17,2.12,2.10,-2.79,1.27,-0.42,0.14,-3.58,-0.71,-0.90,-1.48,-1.96,-5.51,-0.80,-2.43,-4.45,-4.14,-0.70,,2.98,2.68,2.20,-0.15,2.57,0.80,1.16,2.54,-5.10,-0.03,0.20,-0.02,1.24,0.61,-2.84,0.92,-8.50,-4.39,-9.96,1.83,-2.10,1.97,1.30,1.09,0.79,1.17,-0.15,2.30,1.24,2.07,0.31,0.49,1.28,0.90,1.25,0.86,0.02,0.20,-0.60,-4.21,-0.57,,6.15,5.17,3.30,1.19,5.63,5.73,6.69,1.73,0.91,4.01,2.60,3.28,1.85,1.85,2.08,1.20,2.49,1.21,3.32,1.99,2.12,2.90,3.21,3.06,-0.25,2.59,2.53,2.90,2.64,2.81,1.89,2.53,2.01,2.15,1.47,2.23,5.89,4.92,3.99,2.63,2.99,2.20,2.67,0.88,0.54,2.08,8.15,2.59,3.04,1.37,1.80,1.24,0.09,0.28,2,2.19,1.74,1.97,4.84,4.77,5,3.05,3.21,1.72,1.40,,-2.60,-9.90,2.80,1.80,0.90,,,,,,,1.10,1.80,,2.20,3,2.60,2.41,,,,,,,,0.80,2.30,3.20,2.30,2.40,,,,,1.30,,2.70,2.60,8,7.90,6.80,,,-0.40,,,2.20,,,6.40,4.90,5.20,4.60,2,1.60,
2008-12-21 22:40,2.70,1.83,0.04,1.21,-1.80,2.18,2.22,2.20,-2.72,1.22,-0.49,0.20,-3.63,-0.69,-0.75,-1.46,-1.99,-5.65,-1,-2.39,-4.66,-4.37,-0.72,,2.92,2.71,2.30,-0.07,2.54,0.80,1.07,2.39,-5.24,-0.26,0.17,-0.04,1.15,0.61,-2.78,0.76,-7.80,-4.21,-10.13,1.88,-2,1.84,1.30,1.15,0.88,1.02,-0.13,2.36,1.28,2.01,0.24,0.45,1.31,0.90,1.26,0.93,-0.03,0.20,-0.63,-4.35,-0.49,,6.33,5.24,3.50,1.30,5.69,5.93,6.71,1.74,0.88,4.23,2.60,3.28,1.96,2.03,2.17,1.30,2.44,1.22,3.32,1.99,2.01,3,3.08,3.12,-0.24,2.56,2.44,2.90,2.65,3.05,1.83,2.57,1.98,2.22,1.46,2.18,5.99,5.10,3.90,2.69,2.94,2.10,2.66,1.05,0.66,2.06,8.32,2.82,2.90,1.60,1.80,1.39,0.09,-0.17,1.90,2.07,1.62,2,4.97,4.93,5.20,3.07,2.79,1.54,1.40,,-2.50,-9.90,2.80,1.70,0.90,,,,,,,0.90,1.90,,2.20,3,2.50,2.43,,,,,,,,1.10,2.20,3.10,2.30,2.40,,,,,1.40,,2.70,2.60,8.10,8,6.90,,,-0.10,,,2.10,,,6.50,4.90,5.30,4.80,2,1.50,
2008-12-21 22:50,2.70,1.85,0.04,1.18,-1.80,2.39,2.17,2.20,-2.65,1.33,-0.56,0.31,-3.63,-0.75,-0.62,-1.55,-1.98,-5.55,-1.20,-2.32,-5.03,-4.63,-0.85,,2.94,2.70,2.22,-0.15,2.50,0.80,1.22,2.23,-5.33,-0.14,0.19,-0.03,0.84,0.35,-2.74,0.52,-8.10,-4.53,-9.84,1.70,-1.80,1.90,1.30,1.10,1.01,1,-0.19,2.36,1.25,2,0.24,0.46,1.25,0.80,1.23,0.90,-0.02,0.20,-0.70,-4.30,-0.47,,6.48,5.34,3.60,1.32,5.83,4.21,6.77,1.85,0.78,4.42,2.60,3.43,1.96,2.38,2.14,1.40,2.39,1.12,3.22,2.02,1.99,2.90,3.07,3.04,-0.20,2.60,2.55,2.90,2.64,2.94,1.69,2.45,1.91,2.24,1.50,2.18,6.24,5.28,3.91,2.63,2.87,1.90,2.59,1.18,0.67,1.99,8.34,2.98,3.10,1.57,1.70,1.49,0.17,-0.01,2,1.82,1.61,1.92,5.22,4.97,5.40,2.93,2.83,1.55,1.20,,-2.10,-10,2.60,1.60,0.80,,,,,,,1,2,,2.10,3,2.40,2.44,,,,,,,,1.10,2.10,3.10,2.30,2.30,,,,,1.40,,2.60,2.50,8.40,8.20,7.10,,,0.10,,,2.10,,,6.60,5.10,5.40,5,2,1.40,
2008-12-21 23:00,2.80,1.92,0.11,1.16,-1.90,2.46,2.15,2.10,-2.64,1.30,-0.63,0.21,-3.61,-0.95,-0.61,-1.40,-2,-5.64,-1.40,-2.14,-5.27,-4.80,-1.64,,3.06,2.78,2.17,-0.14,2.49,0.80,1.20,2.17,-5.29,-0.29,0.20,0.07,0.60,0.24,-2.73,0.35,-8,-4.49,-10.59,1.40,-1.70,1.95,1.30,1.12,1.10,0.95,-0.10,2.34,1.25,1.85,0.20,0.52,1.20,0.80,1.19,0.98,-0.07,0.10,-0.71,-4.35,-0.57,,6.35,5.35,3.60,1.41,5.93,2.38,6.90,1.92,0.95,4.51,2.70,3.50,1.69,2.73,2.11,1.40,2.24,1.03,3.14,1.96,1.82,3,3.08,3.25,0.02,2.60,2.61,2.90,2.49,2.77,1.66,2.45,1.85,2.28,1.62,2.09,6.27,5.41,4.04,2.62,2.83,1.80,2.55,1.26,0.53,2.02,8.51,3.08,3,1.47,1.70,1.49,0.18,-0.28,1.90,1.72,1.44,1.63,5.45,5.09,5.50,2.82,2.57,1.61,1,1.80,-2.40,-10,2.60,1.60,0.90,2,6.70,-0.90,2.90,3.10,1.70,1.20,1.90,2.40,2.20,3,2.50,2.50,,6.60,7,5.90,6.40,3.10,2.60,1.10,1.90,3.10,2.20,2.30,8,6.30,5.50,3.30,1.50,1.50,2.60,2.50,8.20,8.30,7.20,,5.40,0.30,0.80,-0.10,2,,6.80,6.70,5.20,5.40,5.30,2.10,1.60,1.40
2008-12-21 23:10,2.80,1.90,0.19,1.06,-1.90,2.31,2.21,2.10,-2.65,1.29,-0.65,0.15,-3.77,-0.93,-0.65,-1.54,-1.98,-5.62,-1.50,-2.40,-5.50,-5.15,-1.96,,3.09,2.68,2.10,-0.15,2.50,0.80,1.19,2.13,-5.35,-0.53,0.10,0.02,0.72,0.22,-2.64,0.54,-7.90,-4.09,-10.40,1.42,-1.60,1.96,1.30,1.06,1.08,1.04,-0.06,2.26,1.16,1.88,0.10,0.54,1.23,0.80,1.25,0.95,-0.13,0.10,-0.70,-4.47,-0.63,,6.49,5.42,3.70,1.47,5.84,1.80,7,2.04,0.95,4.82,2.80,3.61,1.61,2.59,2.10,1.72,1.95,1.07,3.10,1.90,1.71,2.90,3.28,3.18,-0.19,2.53,2.48,2.90,2.68,3.12,1.65,2.47,1.89,2.35,1.69,2.01,6.55,5.43,4.16,2.62,2.71,1.70,2.52,1.36,0.58,1.98,8.71,3.32,2.93,1.45,1.70,1.60,0.25,-0.20,1.80,1.75,1.37,1.62,5.51,5.28,5.50,2.76,2.72,1.65,1,,-2.80,-10.10,2.60,1.50,0.80,,,,,,,1.40,2,,2.20,3,2.50,2.32,,,,,,,,1.20,1.90,3,2.20,2.30,,,,,1.50,,2.60,2.50,8.20,8.30,7.30,,,0.30,,,2,,,6.90,5.30,5.50,5.30,2.30,1.60,
2008-12-21 23:20,2.80,2.04,0.21,1.04,-1.80,2.22,2.07,2.10,-2.67,1.28,-0.67,0.11,-3.78,-0.91,-0.80,-1.56,-2.12,-5.54,-1.90,-2.62,-5.81,-4.94,-2.08,,3.09,2.60,2.15,-0.19,2.58,0.70,1.13,2.07,-5.35,-0.71,-0.01,-0.21,0.64,0.39,-2.64,0.36,-7.70,-4.37,-10.14,1.28,-1.80,1.95,1.30,1.02,0.84,0.89,-0.08,2.19,1.07,1.88,0.05,0.40,1.25,0.80,1.27,0.98,-0.15,0.10,-0.79,-4.49,-0.63,,6.24,5.48,3.60,1.48,5.79,1.91,7.04,1.97,1.12,5.63,3.20,3.80,1.53,2.43,2.09,1.88,1.73,1.07,2.97,1.92,1.66,2.90,3.35,3.14,-0.25,2.45,2.70,2.90,2.72,2.65,1.69,2.41,1.89,2.45,1.76,1.98,6.65,5.84,4.28,2.56,2.81,1.60,2.43,1.41,0.66,1.94,8.65,3.59,3.02,1.60,1.80,1.52,0.37,0.05,1.80,1.78,1.28,1.76,5.74,5.29,5.70,2.76,3.19,1.79,1.10,,-3.20,-10.10,2.60,1.60,0.80,,,,,,,1.40,2,,2.20,3,2.50,2.29,,,,,,,,1.20,1.90,2.80,2.10,2.30,,,,,1.60,,2.60,2.40,8.10,8.30,7.30,,,0.40,,,1.90,,,7,5.40,5.60,5.20,2.30,1.60,
2008-12-21 23:30,2.80,2.07,0.19,1,-1.80,2.30,2,2,-2.58,1.11,-0.81,0.07,-3.75,-0.81,-1.16,-1.58,-2.09,-5.55,-2.10,-2.85,-6.09,-5.11,-2.49,,3.02,2.66,2.13,-0.22,2.60,0.70,1.09,2.01,-5.44,-0.85,-0.43,-0.25,0.54,0.49,-2.62,0.28,-8,-4.56,-10.33,0.88,-2.20,1.96,1.20,1.03,0.96,0.86,-0.17,2.19,1.11,1.73,0.02,0.40,1.10,0.80,1.09,1,-0.29,0.10,-0.87,-4.56,-0.67,,6.26,5.53,3.60,1.36,5.74,2.10,7.18,1.91,1.17,5.70,3.70,4.01,1.54,2.37,2.16,1.93,1.54,0.96,2.94,1.98,1.62,2.80,3.43,3.10,-0.27,2.42,2.60,2.90,2.70,3.43,1.68,2.38,1.83,2.44,1.73,2,6.96,5.91,4.24,2.58,2.86,1.50,2.56,1.45,0.68,1.90,8.56,3.58,3.24,1.87,1.90,1.56,0.43,0.10,1.70,1.76,1.30,1.63,5.97,5.43,5.90,2.89,3.26,1.85,1.20,,-3.50,-10.10,2.60,1.70,0.70,,,,,,,1.50,2,,2.20,3,2.40,2.31,,,,,,,,1.20,1.80,2.70,2.10,2.40,,,,,1.70,,2.60,2.40,8.10,8.30,7.30,,,0.40,,,1.80,,,7.10,5.70,5.70,5.40,2.70,1.60,
2008-12-21 23:40,2.70,2.20,0.22,0.95,-1.70,2.21,1.92,2,-2.62,0.90,-0.78,0.12,-3.83,-0.83,-1.40,-1.59,-2.11,-5.47,-2.10,-3.07,-6.37,-5.33,-2.21,,3.02,2.63,2.10,-0.19,2.61,0.70,1.11,1.98,-5.41,-0.85,-0.32,-0.27,0.36,0.38,-2.81,0.50,-8.20,-4.09,-9.88,0.99,-2.80,1.91,1.20,1.04,0.72,0.83,-0.12,2.28,1.25,1.67,0.09,0.34,1.27,0.80,1.19,0.95,-0.28,0.10,-0.88,-4.58,-0.75,,6.44,5.61,3.70,1.28,5.69,2.42,7.31,1.94,1.24,6.01,4.20,4.26,1.57,2.27,2.17,1.94,1.60,0.90,2.98,1.95,1.49,2.60,3.35,3.01,-0.24,2.66,2.73,2.90,2.62,2.80,1.57,2.38,1.84,2.42,1.82,2.10,7.08,5.99,4.28,2.66,2.83,1.40,2.63,1.52,0.67,1.83,8.46,3.94,3.52,1.85,1.90,1.75,0.46,0.25,1.60,1.69,1.40,1.49,6.10,5.53,6.20,3.07,3.58,1.86,1.20,,-3.70,-10.20,2.70,1.60,0.80,,,,,,,1.60,2,,2.30,3,2.40,2.32,,,,,,,,1.30,1.70,2.30,2.10,2.30,,,,,1.90,,2.50,2.30,8.10,8.20,7.40,,,0.60,,,1.80,,,7.10,5.70,6,5.50,2.70,1.50,
2008-12-21 23:50,2.80,2.17,0.19,1.02,-1.70,2,1.96,2,-2.60,0.83,-0.74,0.08,-3.94,-0.84,-1.48,-1.58,-2.29,-5.37,-2.20,-3.12,-6.47,-5.60,-2.51,,3.01,2.47,1.91,-0.25,2.58,0.70,1.13,1.76,-5.43,-0.74,-0.39,-0.24,0.13,0.32,-3.06,0.39,-8.10,-4.44,-9.72,0.85,-4.60,1.81,1.20,1.01,0.72,0.84,-0.10,2.34,1.18,1.67,0.05,0.38,1.15,0.70,1.11,0.91,-0.35,0.10,-1,-4.67,-0.71,,6.38,5.64,3.80,1.57,5.56,2.48,7.40,1.68,1.32,6.44,4.80,4.49,1.70,2.32,2.22,1.73,1.60,0.76,2.97,2,1.46,2.50,3.30,2.96,-0.25,2.57,2.76,2.90,2.61,2.86,1.55,2.43,1.76,2.47,1.76,2.05,7.32,6.03,4.43,2.64,2.84,1.60,2.41,1.55,0.71,1.74,8.45,3.92,3.88,2.09,2.20,1.81,0.48,0.41,1.70,1.49,1.20,1.57,6.17,5.67,6.40,3.31,3.98,2.07,1.20,,-4,-10.30,2.80,1.50,0.80,,,,,,,1.60,2.20,,2.20,3,2.30,2.23,,,,,,,,1.40,1.70,2,2,2.30,,,,,1.90,,2.30,2.30,8,8.30,7.40,,,0.60,,,1.70,,,7.20,5.80,6,5.60,3,1.60,
2008-12-22 00:00,2.90,2.29,0.19,1.03,-1.80,1.99,2.10,2,-2.52,0.52,-0.70,-0.06,-4.01,-0.82,-1.42,-1.65,-2.41,-5.17,,-3.24,-6.58,-5.14,-2.54,,3.10,2.38,1.83,-0.30,2.57,0.60,1.16,1.67,-5.47,-0.71,-0.44,-0.37,0,0.19,-3.23,0.51,-8.10,-4.66,-10.55,0.84,-5.20,1.82,1.30,1.03,0.97,0.87,-0.01,2.22,1.11,1.62,-0.04,0.33,1.19,0.70,1.09,0.86,-0.37,0.10,-0.88,-4.80,-0.76,,6.49,5.61,3.80,1.45,5.65,2.73,7.43,1.70,1.36,6.50,4.90,4.62,1.90,2.10,2.20,1.56,1.68,0.73,2.93,1.94,1.38,2.50,3.28,3,-0.28,2.52,2.63,3,2.60,2.77,1.50,2.49,1.76,2.48,1.74,2.04,7.36,6.05,4.50,2.65,2.96,1.70,2.36,1.60,0.71,1.74,8.43,4.18,4.07,2.36,2.50,1.88,0.46,0.44,1.70,1.40,1.19,1.40,6.27,5.70,6.50,3.38,4.22,2.03,1.10,2.50,-4.30,-10.30,2.70,1.50,0.80,1.70,6.90,-1.20,3.20,2.20,1.90,1.60,2.30,2,2.20,3,2.20,2.40,2.20,6.50,7.60,6.50,6.90,3.60,2.30,1.40,1.70,2,2,2.30,7.90,7.20,6.30,3.70,2.10,1.90,2,2.40,8,8.30,7.50,6.40,5.90,0.90,0.60,0.40,1.60,7.90,7.60,7.40,6.20,6.20,5.80,2.90,1.90,1
2008-12-22 00:10,2.90,2.32,0.34,0.99,-1.80,1.91,2.18,2,-2.46,0.37,-0.65,-0.31,-4.04,-0.79,-1.25,-1.63,-2.54,-5,-2.70,-3.29,-6.79,-5.20,-2.61,,2.90,2.45,1.54,-0.29,2.57,0.60,1.10,1.56,-5.55,-0.73,-0.41,-0.76,0.29,0.17,-3.33,0.59,-8.20,-4.73,-9.95,0.81,-5.70,1.84,1.30,1.04,0.96,1.03,-0.05,2.24,1.21,1.61,-0.04,0.34,1.15,0.70,1.01,0.75,-0.42,0.10,-0.95,-4.88,-0.82,,6.60,5.54,3.90,1.55,5.71,2.68,7.46,1.81,1.63,6.31,5,4.86,2,2.11,2.21,1.53,1.79,0.86,3.05,1.81,1.32,2.40,3.26,2.89,-0.19,2.62,2.71,2.90,2.67,2.96,1.49,2.49,1.73,2.51,1.79,2.01,7.48,6.01,4.73,2.76,3.07,1.90,2.09,1.77,0.69,1.59,8.53,4.38,4.13,2.47,2.60,2.03,0.38,0.42,1.50,1.32,1.12,1.25,6.38,5.86,6.50,3.46,4.24,1.88,1.10,,-4.40,-10.40,2.70,1.60,0.80,,,,,,,1.50,2.40,,2.20,3,2.20,2.21,,,,,,,,1.60,1.90,2.30,2,2.30,,,,,2.10,,1.70,2.40,8,8.30,7.50,,,0.90,,,1.50,,,7.40,6.30,6.20,5.90,2.90,1.90,
2008-12-22 00:20,3,2.49,0.38,1.01,-1.90,1.89,2.16,2,-2.44,0.34,-0.55,-0.36,-4.14,-0.69,-1.14,-1.52,-2.79,-4.85,-2.90,-3.52,-7.04,-4.80,-2.42,,2.76,2.55,1.45,-0.27,2.61,0.50,1.11,1.37,-5.61,-0.67,-0.46,-0.85,-0.12,0.28,-3.44,0.67,-7.90,-4.60,-9.69,0.77,-6.30,1.77,1.20,1.09,0.93,1.01,-0.25,2.26,1.20,1.56,0,0.41,1.09,0.60,0.96,0.79,-0.48,0.10,-1,-4.92,-0.84,,6.47,5.60,4.10,1.79,5.62,2.72,7.49,1.92,1.62,6.61,5.10,5.16,1.90,2.33,2.18,1.44,1.77,0.97,3.08,1.49,1.33,2.30,3.31,2.74,-0.21,2.63,2.78,2.80,2.58,2.94,1.57,2.48,1.67,2.37,1.86,2.01,7.40,6.22,5.03,2.98,3.25,2.10,1.60,1.83,0.98,1.52,8.55,4.48,4.22,2.51,2.60,2.26,0.51,0.40,1.30,1.45,1.17,1.45,6.49,5.96,6.50,3.52,3.93,2.17,1,,-4.40,-10.40,2.60,1.50,0.80,,,,,,,1.40,2.50,,2.10,2.90,2.20,2.14,,,,,,,,1.70,2,2.60,2,2.30,,,,,2.20,,1.40,2.40,8.10,8.30,7.50,,,0.90,,,1.50,,,7.40,6.20,6.40,6.10,2.90,2,
2008-12-22 00:30,3,2.38,0.49,1.03,-1.90,2.10,2.25,2.10,-2.45,0.44,-0.53,-0.52,-4.20,-0.45,-1.03,-1.51,-2.91,-4.74,-3.20,-3.90,-7.10,-4.62,-2.75,,2.77,2.63,1.64,-0.34,2.64,0.30,1.10,1.18,-5.66,-0.91,-0.58,-0.88,-0.50,0.31,-3.59,0.37,-7.50,-5.06,-9.71,0.63,-6.40,1.92,1.30,1.08,0.97,1.08,-0.44,2.14,1.18,1.53,0.02,0.36,1.07,0.60,1.01,0.83,-0.51,0.10,-1.06,-4.95,-0.87,,6.47,5.67,4.10,1.64,5.60,2.72,7.46,1.88,2.02,6.67,5.10,5.39,1.90,2.50,1.98,1.35,1.87,0.97,3.14,1.16,1.64,2,3.18,2.82,-0.24,2.52,2.45,2.70,2.62,3.01,1.61,2.50,1.66,2.35,1.74,1.94,7.33,6.30,5.16,3.09,3.47,2.20,1.49,1.71,0.99,1.42,8.63,4.61,4.48,2.50,2.70,2.27,0.65,0.74,1.30,1.47,1.04,1.25,6.53,6.09,6.60,3.59,4.06,2.08,1,,-4.40,-10.50,2.50,1.50,0.80,,,,,,,1.40,2.50,,2,2.90,2.40,2.14,,,,,,,,1.70,2.10,2.70,2.10,2.30,,,,,2.30,,1.30,2.40,8.10,8.30,7.60,,,0.90,,,1.30,,,7.40,6.20,6.60,6.20,3.10,2.20,
2008-12-22 00:40,3,2.39,0.67,1.14,-1.90,2.09,2.32,2.10,-2.34,0.57,-0.40,-0.51,-4.24,-0.43,-0.90,-1.39,-3.13,-4.77,-3.40,-4.17,-7.04,-4.09,-3,,2.78,2.72,1.66,-0.38,2.56,0.10,0.94,0.78,-5.75,-1.31,-0.61,-0.70,-0.01,0.46,-3.61,-0.14,-7.50,-4.21,-9.87,0.35,-6.10,2.01,1.30,1.03,0.82,1.02,-0.48,2.07,1.19,1.47,-0.01,0.41,1.11,0.60,1.08,0.84,-0.51,0,-1.12,-5.05,-0.89,,6.70,5.71,4.10,1.68,5.66,2.78,7.60,2.05,2.31,6.43,5,5.63,2,2.63,1.68,1.40,2.03,1.14,3.23,1.10,1.77,1.90,3.16,2.79,-0.25,2.24,2.57,2.70,2.64,3.10,1.51,2.42,1.67,2.27,1.69,1.90,7.37,6.30,5.39,2.92,3.61,2.10,1.51,1.75,0.99,1.38,8.67,4.74,4.54,2.56,2.90,2.41,0.82,0.58,1.20,1.33,1.04,1.14,6.76,6.23,6.70,3.59,4.19,2.24,1,,-4.20,-10.50,2.50,1.50,0.80,,,,,,,1.40,2.60,,1.90,2.90,2.40,2.14,,,,,,,,1.90,2,2.70,2,2.30,,,,,2.50,,1.20,2.30,8.20,8.50,7.60,,,0.90,,,1.20,,,7.40,6.10,6.80,6.20,3.20,2.20,
2008-12-22 00:50,3.10,2.47,0.73,1.25,-1.90,2.06,2.34,2.10,-2.29,0.70,-0.31,-0.61,-4.28,-0.41,-0.96,-1.50,-3.09,-4.83,-3.50,-4.12,-6.86,-3.54,-2.73,,2.77,2.62,1.64,-0.37,2.53,0.10,0.81,0.53,-5.84,-1.43,-0.71,-0.74,0.39,0.28,-3.48,-0.48,-7,-3.96,-9.29,0.60,-6.80,1.98,1.20,0.95,0.83,0.96,-0.74,2.13,1.09,1.51,-0.07,0.45,1.11,0.50,1.08,0.80,-0.61,0,-1.15,-5.26,-0.90,,6.82,5.81,4.40,1.78,5.72,3.47,7.67,2.12,2.85,6.59,5,5.76,2.10,2.68,1.57,1.30,2.22,1.04,3.13,1.20,1.80,1.80,3.14,2.64,-0.36,1.92,2.59,2.60,2.31,3.16,1.48,2.25,1.67,2.36,1.74,1.87,7.42,6.43,5.76,3.22,3.76,2,1.89,1.85,1.08,1.30,8.78,4.92,4.49,2.64,3,2.67,0.84,0.61,1.10,1.20,0.86,1.30,6.73,6.41,6.90,3.69,4.42,2.44,0.90,,-3.90,-10.50,2.20,1.60,0.70,,,,,,,1.40,2.40,,1.90,2.90,2.30,2.17,,,,,,,,2,2,2.60,2,2.30,,,,,2.60,,1.40,2.30,8.20,8.40,,,,0.90,,,1.10,,,7.50,6.20,6.90,6.30,3.20,2.10,
2008-12-22 01:00,3.10,2.53,0.71,1.17,-1.90,1.93,2.40,2.20,-2.37,0.82,-0.42,-0.65,-4.26,-0.13,-0.87,-1.69,-3.09,-4.90,-3.30,-3.90,-6.63,-3.17,-1.92,,2.77,2.63,1.62,-0.31,2.46,0,0.94,0.60,-5.91,-1.52,-0.86,-0.90,0.05,0.28,-3.59,-0.81,-6.50,-3.65,-9.51,0.16,-6.30,1.99,1.40,1.08,0.36,1,-1.03,2.16,1.12,1.60,-0.03,0.38,1.09,0.50,0.74,0.77,-0.75,0,-1.17,-5.29,-0.94,,6.69,5.79,4.20,1.75,5.71,3.77,7.63,2.26,3.66,6.26,5,5.80,2.10,2.71,1.45,1.29,2.20,0.98,3.13,1.14,1.85,1.80,3.26,2.51,-0.39,1.66,2.16,2.60,2.50,2.19,1.37,2.16,1.68,2.36,1.75,1.81,7.49,6.59,5.95,3.19,3.86,1.90,2.05,1.83,1.08,1.40,8.82,5.11,4.57,2.90,3.30,2.66,1.01,0.70,1,1.20,0.88,1.20,6.78,6.67,6.90,3.71,4.16,2.47,1,3,-3.50,-10.50,1.90,1.60,0.80,1.60,7.10,-1.30,3.90,2.40,2.20,1.40,2.30,1.70,1.80,2.90,2.30,1.90,2,6.90,7.80,7.20,7.80,4.40,2.70,2.10,2,2.40,2,2.30,8.30,7.30,6.80,4.50,2.90,2.50,1.60,2.30,8.30,8.40,8,7.30,6.90,1.10,1,0.90,1,,7.70,7.60,6.30,7.40,6.40,3.40,2,1
2008-12-22 01:10,2.90,2.66,0.72,1.24,-1.88,1.94,2.37,2.20,-2.34,0.89,-0.38,-0.54,-4.26,0.05,-0.82,-1.56,-2.90,-4.75,-2.70,-4.24,-6.47,-3.09,-1.50,,2.87,2.61,1.83,-0.16,2.42,0,0.73,0.60,-5.92,-1.53,-1.06,-0.89,-0.08,0.18,-3.51,-1.18,-6.10,-3.40,-8.18,-0.01,-5.80,2.06,1.40,1.08,-0.35,0.91,-1.26,2.10,1.09,1.58,-0.02,0.33,1.08,0.40,0.76,0.74,-0.77,0,-1.29,-5.42,-1,,6.78,5.66,4.30,1.65,5.69,3.48,7.65,2.45,4.16,6.05,4.90,5.76,2.10,2.69,1.27,1.27,1.94,1.09,3.05,1.31,1.87,1.80,3.16,2.38,-0.44,1.65,1.69,2.60,2.37,2.60,1.36,2.19,1.64,2.31,1.73,1.77,7.71,6.77,6.08,3.34,3.92,1.90,2.22,1.80,1.16,1.31,8.93,5.34,4.64,2.96,3.50,2.68,0.98,0.95,0.90,1.24,0.87,1.07,6.95,7.08,7,3.71,4.39,2.52,1,,-3.40,-10.50,1.60,1.60,0.80,,,,,,,1.30,2.10,,1.80,2.90,2.30,1.87,,,,,,,,2.30,2,2.40,2,2.30,,,,,2.90,,1.60,2.30,8.30,8.40,8,,,1.10,,,0.80,,,7.60,6.30,7.70,6.40,3.40,2.10,
2008-12-22 01:20,2.80,2.60,0.75,1.33,-1.85,1.83,2.44,2.20,-2.32,0.87,-0.44,-0.60,-4.28,0.04,-0.76,-1.40,-2.96,-4.27,-2.30,-4.33,-6.33,-3.19,-0.83,,2.98,2.68,1.79,-0.04,2.38,-0.10,0.58,1.09,-5.87,-1.47,-1.08,-0.89,-0.12,0.11,-3.53,-1.28,-5.90,-2.95,-6.63,-0.41,-5.40,2,1.40,1.03,-0.73,1,-1.50,1.95,1.10,1.54,-0.05,0.31,1,0.30,0.78,0.68,-0.75,-0.10,-1.40,-5.43,-1.06,,6.68,5.66,4.20,1.61,5.38,3.19,7.52,2.62,4.13,5.72,5,5.70,2,2.85,1.27,1.27,1.98,1.05,3.02,1.59,1.80,1.90,3.12,2.36,-0.33,1.64,1.73,2.40,2.45,2.87,1.35,2.13,1.58,2.29,1.68,1.74,7.66,6.91,6.07,3.54,4.08,2,2.10,1.84,1.26,1.23,8.96,5.46,4.76,3.20,3.60,2.77,0.98,1.05,0.90,1.19,0.92,0.91,6.99,7.34,7.20,3.72,4.47,2.66,1,,-3.30,-10.50,1.30,1.50,0.80,,,,,,,1.30,1.80,,1.70,2.70,2.30,1.86,,,,,,,,2.50,2,2.40,2,2.30,,,,,3,,1.60,2.40,8.30,8.50,7.90,,,1.30,,,0.80,,,7.60,6.40,7.80,6.40,3.40,2.10,
2008-12-22 01:30,2.80,2.54,0.76,1.27,-1.90,1.87,2.49,2.20,-2.26,0.84,-0.34,-0.63,-4.30,0.35,-0.80,-1.41,-2.86,-4.11,-2.10,-3.91,-6.16,-3.24,-0.50,,3.01,2.80,1.78,-0.19,2.21,-0.10,0.44,1.50,-5.86,-1.56,-1.23,-1.06,-0.29,-0.11,-3.49,-1.35,-5.80,-2.43,-5.45,-0.65,-4.90,1.79,1.40,1.06,-1.03,0.97,-1.62,1.80,0.99,1.67,-0.10,0.37,0.96,0.30,0.84,0.59,-0.63,-0.10,-1.28,-5.46,-1.18,,6.76,5.76,4.10,1.49,5.31,3.16,7.55,2.78,4.29,5.40,5.10,5.55,1.90,3.02,1.31,1.33,2.08,1.06,2.94,1.66,1.90,2.20,3.13,2.24,-0.37,1.63,1.67,2.30,2.35,2.90,1.36,2.15,1.57,2.25,1.61,1.75,7.75,6.85,6.16,3.84,4.21,2.10,2.10,1.74,1.26,1.03,8.80,5.52,4.87,3.26,3.60,2.96,1.03,1.01,0.90,1.07,0.85,0.78,6.96,7.49,7.20,3.78,4.60,2.72,1,,-3.10,-10.50,1,1.50,0.90,,,,,,,1.40,1.70,,1.80,2.70,2.20,1.79,,,,,,,,2.80,2.10,2.60,2,2.30,,,,,3.20,,1.70,2.30,8.30,8.40,8,,,1.50,,,0.90,,,7.60,6.30,7.80,6.40,3.40,2.10,
2008-12-22 01:40,2.70,2.37,0.72,1.13,-1.90,1.95,2.58,2.20,-2.29,0.77,-0.19,-0.61,-4.17,0.19,-0.74,-1.44,-2.81,-3.79,-1.90,-2.91,-5.94,-3.15,-0.25,,3.01,2.90,1.75,-0.27,2.20,0,0.36,1.68,-5.83,-1.35,-1.15,-0.98,0.07,-0.28,-3.28,-1.62,-5.60,-2.39,-5.42,0.29,-4.50,1.71,1.40,1.16,-1.12,0.81,-1.79,1.76,0.94,1.70,-0.13,0.41,0.95,0.30,0.76,0.54,-0.66,-0.10,-1.33,-5.45,-1.25,,6.74,5.68,4.30,1.54,5.03,3.10,7.63,2.98,4.63,5.28,5.20,5.41,1.85,2.98,1.29,1.41,1.94,1.02,2.95,1.61,2.03,2.30,3.15,2.17,-0.36,1.62,1.59,2.20,2.30,3,1.38,2.12,1.48,2.16,1.64,1.66,7.80,6.96,6.27,4.01,4.24,2.30,2.47,1.83,1.25,0.83,8.71,5.68,4.95,3.31,3.70,3.15,1.12,0.94,0.90,1.06,0.86,0.73,6.96,7.55,7.40,3.91,4.78,2.85,1,,-3,-10.50,0.90,1.60,0.90,,,,,,,1.40,1.60,,1.70,2.80,2.20,1.81,,,,,,,,3,2.30,2.60,1.90,2.30,,,,,3.30,,1.80,2.40,8.40,8.60,8,,,1.60,,,0.90,,,7.50,6.40,7.80,6.50,3.60,2.10,
2008-12-22 01:50,2.70,2.09,0.46,0.92,-1.80,2.17,2.82,2.30,-2.19,0.74,0.05,-0.49,-4.22,0.37,-0.68,-1.46,-2.75,-3.35,-1.80,-2.26,-5.66,-3.16,-0.06,,2.85,2.90,1.84,-0.28,2.35,0,0.36,1.73,-5.73,-1.06,-0.99,-0.84,0.10,-0.42,-3.14,-1.81,-5.50,-2.33,-2.88,-0.08,-4.30,1.70,1.20,1.20,-1.23,0.45,-1.66,1.69,0.96,1.79,-0.18,0.39,0.98,0.20,0.68,0.58,-0.73,-0.10,-1.35,-5.46,-1.22,,6.69,5.67,4.20,1.45,4.80,2.80,7.85,3.20,4.90,5.09,5.40,5.56,1.90,3.11,1.42,1.48,1.94,1.04,2.96,1.56,2.17,2.40,3.17,2.18,-0.31,1.80,1.66,2.10,2.17,3.19,1.34,2.04,1.47,2.22,1.46,1.59,7.84,7,6.30,4.11,4.33,2.40,2.53,1.74,1.36,0.67,8.70,5.74,5.06,3.53,3.90,3.25,1.09,0.97,1,1.05,1.03,0.84,7.11,7.61,7.50,3.96,5,2.89,1,,-2.90,-10.50,0.70,1.60,0.90,,,,,,,1.50,1.50,,1.70,2.80,2,1.87,,,,,,,,3,2.40,2.60,1.80,2.20,,,,,3.40,,1.80,2.30,8.40,8.70,,,,1.80,,,1,,,7.60,6.30,7.80,6.50,3.80,2.20,
2008-12-22 02:00,2.50,2.09,0.32,0.80,-1.80,2.16,2.98,2.20,-2.01,0.80,0.14,-0.30,-4.17,0.19,-0.62,-1.58,-2.56,-2.98,-1.50,-2.37,-5.53,-2.52,-0.15,,2.83,2.90,1.79,-0.36,2.42,0.20,0.38,1.87,-5.67,-0.71,-0.86,-0.73,-0.11,-0.50,-2.72,-1.98,-4.50,-2.43,-2.09,-0.55,-4,1.59,1.10,1.16,-1.41,0.09,-1.59,1.60,1.04,1.74,-0.04,0.42,1.03,0.20,0.44,0.59,-0.82,-0.20,-1.47,-5.55,-1.26,,6.76,5.77,4.10,1.45,4.55,2.46,7.88,3.61,5.01,5.04,5.50,5.63,1.93,3.14,1.53,1.48,1.91,0.92,3.11,1.62,2.14,2.40,3.13,2.22,-0.35,1.98,1.85,2.20,2.02,3.30,1.31,2.05,1.42,2.37,1.48,1.55,7.82,6.94,6.29,4.09,4.40,2.60,2.55,1.78,1.44,0.46,8.72,5.76,5.11,3.69,3.90,3.37,1.03,0.92,1,0.90,0.83,0.86,7.21,7.84,7.50,3.98,5.08,3.10,0.90,2.20,-2.80,-10.40,0.70,1.70,0.90,1.40,7.40,-0.70,5.20,2.80,2.10,1.60,1.50,2.10,1.80,2.90,1.70,2,1.70,7.10,8,7.70,7.70,5.20,3.50,3,2.50,2.60,1.80,2.20,8.20,7.20,7.30,5.40,3.70,2.50,1.80,2.10,8.30,8.70,8,,7.20,1.90,1.30,1.10,1.10,8.30,8,7.60,6.40,7.80,6.70,3.90,2.40,0.80
2008-12-22 02:10,2.40,2.07,0.24,0.82,-1.80,2.35,2.76,2.20,-1.81,0.72,0.04,-0.33,-4.03,0.37,-0.65,-1.67,-2.45,-2.46,-1.20,-2.17,-5.46,-2.09,-0.16,,2.86,2.90,1.86,-0.28,2.39,0.40,0.33,1.95,-5.70,-0.31,-0.80,-0.64,-0.02,-0.52,-2.54,-2.15,-4.40,-2.57,-1.72,-0.79,-3.90,1.41,0.90,1.03,-1.73,-0.43,-1.49,1.54,0.97,1.84,-0.06,0.48,0.98,0.20,0.41,0.62,-0.86,-0.30,-1.50,-5.58,-1.31,,6.73,5.71,4.10,1.57,4.58,2,7.66,3.38,5.13,4.93,5.90,5.69,2,3.24,1.58,1.47,1.90,0.63,3.23,1.56,2.12,2.50,3.16,2.20,-0.33,2.10,1.90,2.30,1.99,3.21,1.31,1.96,1.34,2.28,1.33,1.58,7.73,7.08,6.40,3.94,4.54,2.70,2.62,1.83,1.55,0.49,8.78,5.72,5.26,3.88,4.10,3.44,1.17,1.13,0.90,0.86,0.85,0.97,7.18,7.77,7.50,4.05,5.40,2.95,1,,-2.50,-10.20,0.90,1.70,0.90,,,,,,,1.70,1.40,,1.80,2.90,1.70,1.88,,,,,,,,3.10,2.60,2.70,1.70,2.20,,,,,3.70,,1.80,2.10,8.30,8.70,8,,,1.90,,,1.10,,,7.70,6.20,7.90,6.70,4,2.40,
2008-12-22 02:20,2.30,2.04,0.11,0.86,-1.81,2.36,2.71,2.20,-1.69,0.63,-0.19,-0.28,-3.96,0.54,-0.77,-1.72,-2.26,-2.28,-1.10,-1.53,-5.19,-1.90,0.04,,2.88,2.97,1.80,-0.27,2.39,0.50,0.50,2.08,-5.67,-0.01,-0.84,-0.49,0.08,-0.54,-2.70,-2.04,-4.40,-2.69,-1.34,-0.84,-3.60,1.37,0.70,0.91,-1.97,-0.92,-1.45,1.63,0.95,1.93,-0.07,0.46,0.87,0.10,0.46,0.56,-0.87,-0.30,-1.63,-5.47,-1.39,,6.62,5.65,4.10,1.69,4.32,1.76,6.87,3.06,5.18,5.03,5.90,5.59,2,3.29,1.61,1.59,1.99,0.60,3.22,1.54,2.07,2.50,3.02,2.33,-0.40,2.07,1.95,2.30,1.86,2.83,1.29,1.99,1.44,2.26,1.31,1.61,7.55,7.10,6.50,3.90,4.69,3,2.73,1.88,1.70,0.54,8.69,5.76,5.45,4.15,4.30,3.82,1.40,1.26,0.90,0.98,0.83,0.90,7.27,7.60,7.50,4.21,5.31,3.10,1.10,,-2.40,-10,1,1.60,0.90,,,,,,,1.80,1.40,,1.90,2.90,1.70,1.78,,,,,,,,3.30,2.70,2.60,1.70,2.10,,,,,3.80,,1.90,2.10,8.40,8.50,8.10,,,2,,,1.10,,,7.60,6.20,7.90,6.70,4,2.60,
2008-12-22 02:30,2.30,2.12,0.04,0.87,-1.68,2.50,2.80,2.20,-1.63,0.67,-0.34,-0.32,-3.88,0.67,-0.75,-1.63,-2.15,-2.08,-1,-1.68,-5.06,-2.25,0.05,,2.93,3.04,1.83,-0.16,2.48,0.60,0.61,2.24,-5.54,-0.06,-0.82,-0.25,0.09,-0.53,-2.55,-1.89,-4.10,-2.63,-0.49,-0.81,-3.50,1.46,0.40,0.77,-1.96,-1.38,-1.36,1.57,1.08,1.92,-0.18,0.42,0.93,0.20,0.42,0.51,-0.89,-0.40,-1.66,-5.58,-1.46,,6.50,5.63,4.10,1.66,3.87,1.19,6.39,3.07,5.14,4.98,5.90,5.49,2.20,3.26,1.67,1.66,2.14,0.53,3.27,1.49,2.16,2.60,2.86,2.38,-0.31,2.03,2.04,2.30,1.90,3.48,1.30,1.87,1.40,2.25,1.21,1.53,7.54,7.09,6.60,3.86,4.86,3.20,2.44,1.87,1.85,0.76,8.69,5.86,5.78,4.23,4.40,3.84,1.43,1.35,0.90,0.98,0.86,1.02,7.28,7.60,7.50,4.36,5.67,3.22,1.30,,-2.10,-9.60,1.10,1.50,0.90,,,,,,,1.80,1.50,,1.80,2.90,1.70,1.60,,,,,,,,3.50,2.80,2.60,1.70,2,,,,,3.90,,2,1.90,8.40,8.50,8.20,,,2.20,,,1,,,7.70,6.30,7.90,6.60,4.10,2.60,
2008-12-22 02:40,2.40,2.14,0.17,0.79,-1.63,2.74,2.90,2.10,-1.59,0.76,-0.41,-0.34,-3.80,0.96,-0.73,-1.55,-2.29,-2.24,-0.90,-2.05,-5.01,-2.09,0.04,,2.93,3.14,2.06,-0.15,2.43,0.70,0.60,2.39,-5.46,0.17,-0.82,-0.27,0.44,-0.47,-2.67,-1.50,-3.60,-2.50,-0.25,-0.84,-3.20,1.49,0.30,0.47,-1.90,-1.55,-1.27,1.42,1.10,1.84,-0.11,0.58,1.01,0.30,0.59,0.43,-0.97,-0.40,-1.71,-5.54,-1.50,,6.34,5.48,4,1.58,3.97,1.14,6.23,3.25,5.43,4.73,6.10,5.69,2.40,3.35,1.72,1.69,2.20,0.40,3.28,1.43,2.13,2.50,2.87,2.56,-0.36,2.02,2.09,2.30,1.93,2.65,1.21,1.76,1.31,2.20,1.22,1.54,7.65,7.11,6.66,4.01,4.85,3.20,2.31,1.99,1.87,0.93,8.72,5.93,6.04,4.36,4.50,4.01,1.50,1.35,1,0.91,0.82,1.11,7.42,7.65,7.70,4.48,6.03,3.31,1.30,,-1.90,-9.30,1.30,1.40,0.80,,,,,,,1.80,1.60,,1.70,,1.70,1.43,,,,,,,,3.60,2.80,2.60,1.50,1.80,,,,,3.90,,2,1.90,8.50,8.60,,,,2.30,,,1,,,7.70,6.20,8,6.60,4.10,2.70,
2008-12-22 02:50,2.40,2.30,0.13,0.81,-1.69,2.71,3.06,2,-1.24,0.74,-0.42,-0.40,-3.68,1.23,-0.66,-1.64,-2.32,-1.76,-0.90,-1.77,-4.86,-2.05,0.25,,2.93,3.18,2.01,-0.11,2.44,0.80,0.69,2.49,-5.21,-0.10,-0.91,-0.76,0.69,-0.37,-2.14,-1.28,-3.50,-2.42,-0.34,-0.57,-3,1.36,0.10,0.33,-1.92,-1.56,-1.14,1.29,1.07,1.80,-0.16,0.40,0.99,0.20,0.57,0.49,-1.07,-0.40,-1.65,-5.55,-1.48,,6.40,5.44,4,1.59,3.51,1,6.15,3.27,5.36,4.65,6.10,5.86,2.50,3.28,1.78,1.71,2.31,0.45,3.25,1.38,2.10,2.50,3.03,2.69,-0.38,2.01,2.20,2.30,1.69,3.28,1.21,1.40,1.26,2.18,1.22,1.42,7.60,7.18,6.61,4.18,5.02,3.30,2.32,2.14,1.97,1.05,8.89,5.99,6.21,4.43,4.60,4.14,1.60,1.35,0.90,0.94,0.79,0.91,7.38,7.72,8,4.70,6.12,3.56,1.40,,-1.70,-8.70,1.50,1.30,0.80,,,,,,,1.80,1.70,,1.60,3,1.70,1.45,,,,,,,,3.60,2.90,2.50,1.30,1.50,,,,,4,,2,1.90,8.60,8.70,8.20,,,2.40,,,1,,,7.90,6.40,7.90,6.60,4.40,3.10,
2008-12-22 03:00,2.40,2.36,0.04,0.96,-1.66,2.61,3.18,2,-1.11,0.61,-0.23,-0.39,-3.55,1.31,-0.62,-1.54,-2.27,-1.45,-0.90,-1.58,-4.71,-1.81,0.16,,3.08,3.15,2.06,0.28,2.50,1,0.80,2.61,-4.90,-0.33,-0.73,-0.94,0.81,-0.29,-1.80,-1.21,-3.30,-2.16,-0.61,-0.40,-2.80,1.42,0.10,0.17,-1.15,-1.70,-0.98,1.19,1.06,1.71,-0.10,0.54,0.95,0,0.51,0.53,-0.99,-0.50,-1.59,-5.49,-1.46,,6.54,5.59,3.90,1.50,3.69,1.03,6.16,3.25,5.25,4.66,6.10,6.07,2.52,3.48,1.85,1.84,2.25,0.54,3.26,1.35,2.05,2.50,3.13,2.88,-0.30,2.04,2.27,2.40,1.82,3.13,1.08,1.46,1.32,2.12,1.11,1.49,7.56,7.20,6.68,4.38,5.18,3.40,2.52,2.14,2.11,1.06,8.89,6.09,6.28,4.47,4.80,4.28,1.60,1.47,0.90,1.01,0.80,1.11,7.57,7.71,8.30,5.07,6.12,3.74,1.30,4.40,-1.70,-8.40,1.70,1.20,0.80,1.30,7,-0.40,5.50,3.60,2.20,1.80,1.80,2.40,1.50,3,1.70,1.50,,6.60,8.30,7.40,8,6.40,4.30,3.80,2.90,2.40,1.20,1.50,7.70,7,7.50,6.10,4.30,3,2.10,1.90,8.60,8.50,8.10,7.50,7.50,2.80,1.70,,1,8.80,8.60,7.80,6.30,8.10,6.60,5,3.40,0.50
2008-12-22 03:10,2.60,2.53,0.37,1.09,-1.60,2.55,3.27,2,-1.02,0.64,-0.08,-0.31,-3.50,1.45,-0.62,-1.49,-2.21,-1.39,-0.90,-1.23,-4.70,-1.86,0.09,,3.18,3.20,2.01,0.52,2.58,1.10,0.82,2.65,-4.78,-0.33,-0.21,-0.76,0.98,-0.19,-1.57,-1.08,-2.50,-2.05,-0.53,-0.41,-2.70,1.48,0.30,0.14,-0.83,-1.65,-0.87,1.03,0.94,1.57,-0.07,0.48,0.90,-0.30,0.56,0.68,-1.17,-0.40,-1.63,-5.69,-1.47,,6.34,5.65,3.90,1.53,3.76,1.87,6.39,3.12,5.22,5.17,6.20,6.20,2.60,3.28,1.85,1.70,2.43,0.51,3.25,1.25,1.89,2.50,3.12,2.95,-0.32,1.93,2.15,2.40,2.15,3.61,0.92,1.39,1.43,2.04,0.88,1.48,7.64,7.06,6.57,4.28,5.39,3.50,2.64,2.31,2.22,1.23,8.93,6.22,6.36,4.61,5,4.39,1.74,1.56,1.10,1.08,0.84,1.03,7.70,7.66,8.40,5.13,6.32,3.98,1.30,,-1.50,-8,1.80,1.10,0.70,,,,,,,1.90,1.80,,1.40,3,1.60,1.27,,,,,,,,3.90,3,2.30,1.20,1.50,,,,,4.30,,2.10,2.10,8.60,8.50,8.10,,,2.80,,,0.90,,,7.80,6.60,8,6.60,5,3.40,
2008-12-22 03:20,2.70,2.62,0.55,1.13,-1.60,2.27,3.58,2.10,-1,0.52,-0.39,-0.24,-3.33,1.47,-0.54,-1.54,-2.28,-1.83,-0.90,-0.96,-4.64,-1.80,0.08,,3.14,3.26,1.93,0.64,2.58,1.10,1.01,2.75,-4.43,-0.46,-0.08,-0.37,0.97,-0.04,-1.49,-1,-2.20,-2.22,-0.94,0.29,-2.60,1.48,0.30,0.21,-0.46,-1.72,-0.79,0.78,0.90,1.40,-0.13,0.56,0.70,-0.70,0.50,0.73,-1.43,-0.30,-1.68,-5.70,-1.74,,6.31,5.74,3.90,1.60,3.72,1.90,7.33,2.92,5.29,5.29,6.30,6.27,2.60,3.54,1.91,1.90,2.34,0.46,3.33,1.27,1.76,2.40,3.07,3.01,-0.33,1.65,2.21,2.50,2.04,3.29,0.94,1.35,1.35,2.02,0.73,1.36,7.58,7.26,6.74,4.25,5.42,3.60,2.75,2.43,2.44,1.21,8.90,6.33,6.48,4.66,5.30,4.51,1.88,1.68,1.20,1.16,0.89,0.80,7.76,7.64,8.60,5.08,6.38,4.19,1.30,,-1.50,-7.70,1.80,1.10,0.70,,,,,,,2,2,,1.40,3.10,1.60,1.34,,,,,,,,4.10,3.10,2.30,1.30,1.60,,,,,4.70,,1.90,2.10,8.60,8.50,8.20,,,3,,,0.80,,,7.70,7,8.10,6.80,5.30,3.50,
2008-12-22 03:30,2.90,2.65,0.52,1.17,-1.60,2.41,3.83,2.10,-0.93,0.60,-0.36,-0.14,-3.33,1.49,-0.52,-1.49,-2.22,-2.41,-0.90,-0.70,-4.49,-1.40,0.09,,3.26,3.37,1.88,1.14,2.62,1.20,1.22,2.57,-4.55,-0.48,-0.17,-0.14,0.90,-0.18,-1.34,-0.86,-2,-2.19,-1.17,0.74,-2.50,1.46,0.40,0.37,-0.12,-1.28,-0.96,0.83,0.81,1.36,-0.28,0.47,0.24,-0.80,0.22,0.89,-2.13,-0.40,-2.13,-5.69,-1.91,,6.66,5.82,3.90,1.50,5.12,1.62,7.43,3.03,5.29,5.58,6.40,6.19,2.70,3.76,1.93,2,2.62,0.66,3.29,1.30,1.77,2.40,3.25,3.05,-0.39,1.55,2.12,2.60,2.19,3.01,0.81,1.42,1.14,1.91,0.82,1.25,7.49,7.09,6.73,4.30,5.45,3.90,2.89,2.56,2.63,1.26,8.90,6.29,6.48,4.80,5.50,4.63,2.08,1.88,1.20,1.18,0.86,0.81,7.81,7.66,8.60,4.97,6.29,4.32,1.30,,-1.40,-7.50,1.80,1.10,0.50,,,,,,,2.20,2.10,,1.40,3.20,1.60,1.38,,,,,,,,4.50,3.30,2.30,1.40,1.70,,,,,4.90,,1.90,2.10,8.50,8.50,8.20,,,3.20,,,0.80,,,7.50,7.10,8.10,7,5.40,3.60,
2008-12-22 03:40,2.90,2.73,0.67,1.33,-1.50,2.58,3.79,2.20,-0.68,0.59,-0.09,-0.06,-3.23,1.60,-0.36,-1.42,-2.12,-2.49,-0.90,-0.47,-4.43,-0.85,0.04,,3.21,3.52,2.03,1.42,2.67,1.20,1.37,2.73,-4.59,-0.49,-0.16,-0.17,0.78,-0.32,-1.28,-0.88,-2,-2.18,-1.57,1.01,-2.40,1.53,0.70,0.51,0.39,-0.80,-0.78,0.63,0.79,1.32,-0.26,0.42,0.01,-0.90,-0.08,0.61,-2.67,-0.70,-2.67,-5.68,-2.01,,6.62,5.80,3.80,1.60,6.53,1.95,7.37,2.99,5.27,5.71,6.70,6.04,2.80,3.94,1.98,2.20,2.65,0.67,3.30,1.47,1.80,2.30,3.21,3.09,-0.35,1.58,1.86,2.60,2.36,3.35,0.83,1.59,1.02,1.80,0.81,1.22,7.35,6.90,6.90,4.35,5.62,4.20,2.96,2.83,2.75,1.27,8.93,6.48,6.54,5.05,5.60,4.77,2.36,2.03,1.30,1.31,0.92,0.84,7.84,7.76,8.70,4.89,6.42,4.56,1.30,,-1.30,-7.30,1.60,1.10,0,,,,,,,2.30,2.30,,1.50,3.20,1.50,1.37,,,,,,,,4.90,3.50,2.30,1.40,1.80,,,,,5.20,,1.90,2.10,8.40,8.60,8.30,,,3.40,,,0.80,,,7.30,7.30,8,7.30,5.50,3.70,
2008-12-22 03:50,3,2.87,0.88,1.37,-1.50,2.42,3.88,2.10,-0.62,0.61,-0.28,0.01,-3.19,1.88,-0.34,-1.37,-2.02,-2.04,-0.80,-0.20,-4.06,-0.40,0.11,,3.38,3.63,1.97,1.83,2.71,1.20,1.48,2.77,-4.20,-0.31,-0.02,-0.12,0.80,-0.31,-1.13,-0.52,-1.90,-1.94,-1.52,1.44,-2.30,1.62,0.80,0.60,0.60,-0.10,-0.86,0.81,0.65,1.39,-0.38,0.32,-0.33,-0.60,-0.54,0.38,-2.81,-1,-3.44,-5.73,-2.36,,6.53,5.67,3.90,1.70,6.73,2.71,7.31,2.94,5.36,5.96,6.90,5.98,2.70,4.17,2.15,2.20,2.85,0.88,3.31,1.46,1.90,2.30,3.02,3.17,-0.23,1.59,1.77,2.60,2.36,3.61,0.81,1.72,0.94,1.71,0.90,1.23,7.34,6.80,6.93,4.50,5.72,4.70,2.86,2.91,3,1.19,8.87,6.75,6.65,5.33,5.70,4.92,2.45,2.14,1.30,1.15,0.80,0.69,7.77,7.51,8.60,5.14,6.63,4.77,1.40,,-1,-7.10,1.60,1.40,-0.10,,,,,,,2.60,2.30,,1.60,3.20,1.60,1.45,,,,,,,,4.90,3.60,2.30,1.40,1.80,,,,,5.40,,1.80,2.10,8.40,8.60,,,,3.60,,,0.90,,,7.20,6.80,7.90,7.30,5.60,4,
2008-12-22 04:00,3.10,3.16,1.01,1.40,-1.50,2.61,3.77,2.20,-0.59,0.73,-0.11,-0.01,-3.07,2.02,-0.20,-1.37,-1.97,-1.54,-0.80,0.68,-3.75,-0.14,-0.13,,3.36,3.78,2.14,2.11,2.83,1.30,1.58,2.95,-4.28,-0.18,0.24,-0.05,0.68,-0.37,-0.73,-0.45,-1.90,-1.84,-1.57,1.22,-2.20,1.64,0.70,0.74,0.71,0.05,-0.96,1.08,0.61,1.31,-0.40,0.30,-0.61,-0.20,-1.05,0.10,-3.04,-1.30,-3.84,-5.83,-2.70,,6.58,5.63,3.90,1.70,6.55,2.64,7.39,3.13,5.34,6.13,7.20,5.80,2.70,4.27,2.20,2.30,2.96,0.98,3.36,1.56,2.02,2.40,2.96,3.19,-0.18,1.62,1.64,2.50,2.43,3.36,0.84,1.66,0.92,1.49,0.96,1.28,7.35,6.74,6.92,4.90,5.81,4.80,2.98,2.99,3.16,1.16,8.91,6.91,6.69,5.51,5.80,5.07,2.60,2.46,1.50,1.40,0.83,0.72,7.74,6.91,8.60,5.01,6.79,4.98,1.40,4.90,-0.70,-6.90,1.80,1.40,0,1,7.40,0.60,5.50,4.10,3.20,2.80,2.40,2.50,1.70,3,1.60,1.80,,6.70,8.10,7.50,8.20,6.80,4.60,5,3.70,2.40,1.50,1.80,8,7.10,7.60,6.40,5.80,3.50,1.90,2.10,8.30,8.60,8.30,,7.50,3.90,2.40,,1,8.30,8.60,6.90,6.80,7.90,7.50,5.80,4.50,0.70
2008-12-22 04:10,3.30,3.08,1.05,1.45,-1.50,2.86,3.88,2.20,-0.49,0.71,-0.06,-0.07,-3.01,2.19,-0.18,-1.44,-1.71,-1.23,-0.80,1.12,-3.23,-0.15,-0.20,,3.23,3.88,2.24,2.19,2.92,1.30,1.66,2.96,-4.49,-0.17,0.42,0.18,0.75,-0.34,-0.45,-0.23,-1.80,-1.79,-1.54,1.21,-2.10,1.71,0.90,0.90,0.50,0.04,-1.01,1.20,0.69,1.28,-0.30,0.12,-0.57,-0.10,-1.04,-0.14,-3.01,-1.60,-3.97,-5.82,-3.04,,6.53,5.59,3.90,1.63,6.60,2.57,7.37,3.22,5.34,6.06,7.10,5.76,2.70,4.34,2.27,2.59,3.07,0.96,3.33,1.52,1.88,2.50,2.98,3.08,-0.30,1.65,1.58,2.20,2.51,3.69,0.98,1.74,1.04,1.57,0.82,1.21,7.17,6.71,7.08,5.32,5.78,5.20,3.01,3.11,3.35,1.10,8.74,7.06,6.87,5.76,6,5.23,2.80,2.58,1.60,1.42,0.74,0.85,7.83,6.80,8.50,5.06,6.72,5.12,1.60,,-0.40,-6.60,2.10,1.40,0.20,,,,,,,3,2.50,,1.70,3.10,1.60,1.55,,,,,,,,5.10,3.80,2.50,1.20,1.70,,,,,5.80,,1.90,2.20,8.30,8.60,8.30,,,3.90,,,1,,,6.80,6,7.80,7.50,5.80,4.50,
2008-12-22 04:20,3.40,3.02,1.06,1.53,-1.40,2.89,3.93,2.30,-0.37,0.75,0.25,0.02,-2.98,2.25,-0.19,-1.44,-1.53,-1.03,-0.70,1.39,-2.33,-0.35,-0.36,,3.25,4.03,2.27,2.26,2.87,1.40,1.69,2.96,-4.50,-0.02,0.52,0.19,0.74,-0.21,-0.29,-0.32,-1.80,-1.62,-1.37,1.35,-2,1.78,1,0.90,0.39,0.02,-1,1.38,0.77,1.16,-0.27,0.13,-0.67,0.10,-1.10,-0.40,-2.89,-1.80,-3.66,-5.88,-3.29,,6.50,5.57,3.80,1.59,6.66,2.89,7.31,3.20,5.42,6.05,7.20,5.74,2.70,4.42,2.35,2.72,3.35,1.09,3.39,1.61,1.95,2.50,3.05,3.08,-0.11,1.61,1.64,2.10,2.40,2.94,1.10,1.75,1.04,1.57,0.75,1.18,7,6.75,7.16,5.54,5.70,5.20,3.15,3.22,3.44,1.08,8.80,7.16,6.86,6,6,5.23,3.01,2.84,1.70,1.57,0.80,0.69,7.89,6.75,8.50,4.45,6.91,5.38,1.70,,-0.10,-6.50,2.40,1.40,0.30,,,,,,,3.10,2.60,,1.80,3,1.60,1.59,,,,,,,,5.20,4,2.60,1,1.80,,,,,6.10,,2,2.20,8.30,8.60,8.30,,,4.10,,,1,,,6.90,5.70,7.40,7.50,5.90,4.70,
2008-12-22 04:30,3.70,3.15,1.20,1.58,-1.40,3,4.20,2.30,-0.41,0.78,0.33,0.05,-2.91,2.17,-0.10,-1.25,-1.52,-0.96,-0.70,1.29,-2.04,-0.51,-0.25,,3.48,4.13,2.20,2.36,2.88,1.30,1.75,3.09,-4.32,0.08,0.51,-0.17,0.90,0.01,-0.13,-0.26,-1.80,-1.72,-1.39,1.24,-1.90,1.76,0.90,0.84,0.35,0.15,-1.02,1.59,0.73,1.21,-0.26,0.29,-0.57,0.20,-1.45,-0.58,-2.88,-1.90,-3.54,-5.70,-3.49,,6.39,5.72,3.90,1.59,7.09,3.60,7.36,3.24,5.34,6.37,7.10,5.72,2.90,4.46,2.47,2.91,3.58,1.15,3.19,1.62,1.94,2.40,3.06,3.10,0.01,1.58,1.67,2,1.82,2.44,1.03,1.73,1.07,1.65,0.72,1.01,6.95,6.68,6.97,5.58,5.77,5.30,3.23,3.40,3.58,1.15,8.74,7.36,7,6.05,6.10,5.37,3.20,2.82,1.70,1.57,0.86,1.09,7.78,6.65,8.40,4.86,7.27,5.61,1.80,,-0.10,-6.20,2.50,1.30,0.30,,,,,,,3.20,,,1.90,2.80,1.50,1.69,,,,,,,,5.30,4.10,2.60,0.80,1.80,,,,,6.20,,2.10,2.20,8.20,8.60,8.30,,,4.30,,,1.10,,,7.10,5.70,7.10,7.50,6,4.70,
2008-12-22 04:40,3.90,3.36,1.39,1.64,-1.40,3.15,4.08,2.40,-0.39,0.65,0.11,0.16,-2.71,2.40,0.09,-1.33,-1.55,-1.60,-0.60,1.26,-1.73,-0.20,-0.13,,3.77,4.18,2.25,2.50,2.86,1.30,1.86,3.03,-4,0.20,0.53,-0.10,1.10,0.06,0.14,-0.18,-1.70,-1.81,-1.44,1.27,-1.80,1.79,1,0.92,0.33,0.16,-1.02,1.68,0.87,1.30,-0.20,0.24,-0.28,0.20,-1.36,-0.63,-2.51,-1.90,-3.55,-5.76,-3.59,,6.29,5.76,3.80,1.46,7.24,3.67,7.56,3.24,5.43,6.61,7.10,5.89,2.90,4.65,2.60,3.07,3.79,1.30,2.80,1.76,1.94,2.40,2.97,2.79,0.13,1.61,1.66,2,1.63,1.89,1.02,1.72,1.12,1.71,0.75,0.69,6.93,6.66,7,5.52,5.86,5.40,3.32,3.55,3.76,1.18,8.73,7.51,6.93,6.20,6.30,5.46,3.27,3.08,1.80,1.61,0.90,1.02,7.63,6.65,8.40,5.01,7.09,5.83,1.90,,-0.10,-6,2.60,1.40,0.20,,,,,,,3.20,2.80,,1.90,2.70,1.40,1.91,,,,,,,,5.30,4.20,2.70,0.80,1.80,,,,,6.40,,2.20,2.10,8.20,8.50,8.30,,,4.60,,,1.10,,,7.20,5.90,7.10,7.40,6.20,4.80,
2008-12-22 04:50,4.30,3.75,1.58,1.71,-1.30,3.57,3.83,2.40,-0.26,0.69,0.31,0.18,-2.74,2.33,0.14,-1.20,-1.45,-1.74,-0.60,1.29,-1.29,-0.55,0.04,,3.87,4.22,2.38,2.50,2.76,1.30,1.78,3.01,-3.88,0.23,0.70,-0.12,1.20,0.12,0.28,-0.29,-1.50,-1.74,-1.34,1.61,-1.50,1.64,0.90,0.97,0.18,0.04,-0.89,1.71,0.88,1.20,-0.18,0.19,0.15,0.30,-1.21,-0.66,-1.98,-1.90,-2.94,-5.79,-3.72,,6.45,5.68,3.90,1.46,7.84,3.74,7.59,3.19,5.47,6.54,7.20,6.06,2.90,4.97,2.67,3.19,3.85,1.40,2.70,1.87,2.04,2.70,2.94,2.59,0.06,1.71,1.62,2,1.41,2.03,0.90,1.61,1.17,1.80,0.73,0.89,7,6.48,6.89,5.23,6.27,5.40,3.59,3.67,3.94,1.24,8.62,7.65,6.96,6.32,6.30,5.49,3.45,3.24,1.80,1.78,0.95,0.96,7.56,6.65,8.20,5.16,6.80,5.89,2.20,,0,-5.70,2.50,1.40,0.10,,,,,,,3.20,3,,2,2.60,1.40,2.04,,,,,,,,5.40,4.30,2.80,0.80,1.70,,,,,6.50,,2.30,1.80,8.10,8.40,8.30,,,4.80,,,1.30,,,7.20,5.90,7.20,7.30,6.20,4.90,
2008-12-22 05:00,4.60,3.79,1.74,1.77,-1.30,3.68,3.55,2.50,-0.16,0.74,0.35,0.14,-2.60,1.82,0.40,-0.96,-1.45,-1.35,-0.50,1.33,-1.10,-0.04,-0.20,,3.95,4.24,2.29,2.46,2.73,1.40,1.67,3.27,-3.98,0.29,0.75,-0.11,1.15,0.11,0.37,-0.42,-1.50,-1.17,-1.17,1.18,-1.30,1.44,0.70,0.76,0.24,-0.19,-0.86,1.63,0.91,1.09,-0.21,0.36,0.49,0.40,-0.78,-0.62,-1.65,-1.80,-2.29,-5.71,-3.94,,6.48,5.70,4,1.48,7.94,3.91,7.28,3.40,5.49,6.56,7.20,6.10,2.70,4.83,2.76,3.22,3.83,1.56,2.65,1.95,2.36,2.90,2.91,2.54,0.16,1.82,1.65,1.90,1.44,2.58,0.78,1.36,1.27,1.93,0.83,1.05,7.01,6.61,6.82,5.04,6.71,5.50,3.91,3.74,4.12,1.29,8.52,7.62,7.07,6.31,6.40,5.60,3.54,3.26,1.90,1.88,1.02,1.14,7.76,6.72,8,4.96,6.08,5.84,2.30,4.50,0.10,-5.60,2.40,1.40,0.10,1.40,7.60,0.30,5.40,6.50,3.10,3.30,3.30,2.40,2.10,2.60,1.40,2.20,1.20,7.20,7.40,7.40,8.20,6.80,4.70,5.50,4.40,2.90,0.80,1.50,8.20,7.30,7.50,6.90,6.70,4.40,2.40,1.60,7.90,8.40,8.30,8,7.80,5.20,3,3.80,1.30,7.80,8,7.20,6.80,7.10,6.90,6.30,5,1
2008-12-22 05:10,4.80,3.64,1.98,1.79,-1.20,3.73,3.20,2.50,-0.18,0.69,0.70,0.13,-2.49,2.06,0.65,-0.87,-1.36,-1.17,-0.50,1.48,-0.86,-0.31,-0.36,,3.80,4.33,2.38,2.54,2.67,1.40,1.71,3.38,-3.87,0.26,0.64,-0.06,1.17,0.09,0.51,-0.45,-1.20,-0.89,-1.13,1.05,-1,1.24,0.50,0.48,0.25,-0.40,-1.17,1.52,0.95,1.14,-0.12,0.40,0.61,0.40,-0.54,-0.56,-1.34,-1.70,-2.03,-5.79,-3.92,,6.28,5.69,4,1.54,7.83,3.43,7.35,3.47,5.44,6.64,7.10,6.28,2.41,4.88,2.85,3.32,3.93,1.72,2.81,2,2.59,3,3,2.58,0.16,1.87,1.67,1.90,1.25,2.64,0.55,1.21,1.33,1.95,0.84,1.22,6.97,6.59,6.79,5.07,6.87,5.70,4.01,3.93,4.27,1.24,8.42,7.47,7.27,6.39,6.40,5.79,3.66,3.46,2,1.86,1.19,1.12,7.54,6.77,7.90,5.08,5.10,5.94,2.40,,0.30,-5.50,2.50,1.40,0.10,,,,,,,3.40,3.40,,2.10,2.40,1.40,1.77,,,,,,,,5.60,4.60,3,0.90,1.50,,,,,6.70,,2.50,1.60,7.90,8.40,8.30,,,5.20,,,1.30,,,7.10,6.80,7.10,6.90,6.30,5.10,
2008-12-22 05:20,4.90,4.03,2.11,1.87,-1.12,3.61,3.28,2.60,-0.12,0.71,0.79,0.12,-2.28,2.37,0.85,-0.83,-1.30,-1.20,-0.40,1.57,-1.03,0.04,0.05,,3.31,4.50,2.39,2.58,2.58,1.40,1.78,3.47,-3.78,0.27,0.52,-0.08,0.97,0.15,0.64,-0.37,-1.10,-0.84,-1.05,0.93,-0.70,1.12,0.60,0.30,0.37,-0.50,-1.09,1.72,0.89,1.14,-0.13,0.34,0.73,0.20,0.26,-0.49,-1.12,-1.60,-1.88,-5.75,-3.82,,6.54,5.77,3.90,1.52,8.32,3.50,7.24,3.39,5.44,6.95,7.20,6.36,2.36,4.92,2.94,3.50,4,1.82,2.95,2.14,2.66,3.10,3.03,2.77,0.24,1.98,1.83,1.90,1.21,1.78,0.46,1.07,1.30,1.83,0.85,1.42,6.99,6.39,6.71,5.02,6.97,5.80,4.03,3.99,4.33,1.27,8.34,7.52,7.41,6.46,6.40,5.91,4,3.70,2.10,1.87,1.24,1.22,7.32,6.87,8,4.94,5.11,6.19,2.50,,0.50,-5.30,2.50,1,0.40,,,,,,,3.50,3.40,,2.30,2.30,1.40,1.60,,,,,,,,5.70,4.60,3.20,1,0.90,,,,,6.70,,2.60,1.50,7.80,8.40,8.20,,,5.40,,,1.40,,,7,6.90,7.10,6.90,6.30,5.30,
2008-12-22 05:30,4.90,4.21,2.24,1.91,-1.06,3.52,3.25,2.70,-0.05,0.60,0.91,0.20,-2.23,2.57,0.66,-0.84,-1.28,-1.25,-0.40,1.65,-0.92,-0.15,0.35,,3.15,4.54,2.49,2.73,2.58,1.50,1.88,3.41,-3.74,0.33,0.55,-0.03,1.02,0.24,0.70,-0.46,-1,-0.76,-0.94,0.82,-0.40,1.11,0.70,0.19,0.35,-0.56,-0.93,1.67,0.84,1.20,-0.23,0.33,0.87,0.10,0.62,-0.49,-1.01,-1.50,-1.82,-5.71,-3.61,,6.61,5.68,4,1.44,8.81,3.85,7.23,3.34,5.45,6.94,7.20,6.55,2.45,5.19,3.09,3.58,4.05,1.91,3.22,2.28,2.85,3.10,2.95,2.82,0.41,2.23,1.95,1.90,1.23,2.90,0.44,1.08,1.18,1.54,0.86,1.36,7,6.64,6.80,5.01,6.99,6,4,4,4.45,1.28,8.43,7.59,7.43,6.56,6.60,6.05,4.25,3.83,2.20,1.98,1.38,1.52,7.17,6.82,7.90,4.96,6.17,6.32,2.60,,0.60,-5.10,2.40,0.70,0.30,,,,,,,3.70,3.40,,2.40,2.30,1.40,1.44,,,,,,,,5.70,4.80,3.40,1,0.80,,,,,6.70,,2.80,1.30,7.90,8.40,8.10,,,5.50,,,1.50,,,7.20,6.80,7,6.90,6.30,5.60,
2008-12-22 05:40,5.20,4.70,2.27,1.90,-0.94,3.30,3.36,2.60,-0.12,0.72,1.18,0.32,-2.18,2.66,0.57,-0.81,-1.16,-1.50,-0.30,1.78,-0.72,0.27,0.58,,3.04,4.64,2.66,2.91,2.55,1.50,2,3.56,-3.66,0.32,0.56,0.08,1.11,0.26,0.92,-0.57,-0.70,-0.66,-0.93,0.76,-0.30,1.32,0.70,0.06,0.13,-0.59,-1.10,1.71,0.76,1.38,-0.19,0.48,0.83,0,0.59,-0.38,-0.97,-1.40,-1.84,-5.64,-3.48,,6.52,5.73,3.80,1.32,8.72,4.16,7.48,3.46,5.45,6.93,7.30,6.62,2.71,5.44,3.29,3.65,3.96,1.96,3.76,2.21,3.15,3.20,3.05,2.74,0.43,2.38,2.07,2,1.35,2.72,0.47,1.29,1.16,1.34,0.86,1.41,7.02,6.69,6.94,5.07,6.95,6.10,4.26,4.18,4.59,1.34,8.46,7.46,7.39,6.54,6.60,6.21,4.61,3.98,2.40,2.06,1.47,1.39,6.98,6.79,7.90,4.93,6.04,6.54,2.70,,0.70,-5,2.30,0.40,0.10,,,,,,,3.90,3.40,,2.50,2.40,1.50,1.44,,,,,,,,5.70,4.70,3.50,1.10,0.60,,,,,6.80,,2.90,1.20,7.90,8.60,8.10,,,5.70,,,1.60,,,7.30,6.80,7,7,6.40,5.60,
2008-12-22 05:50,5.30,5.24,2.37,1.92,-0.81,2.99,3.42,2.50,-0.12,0.72,1.30,0.47,-2.14,2.65,0.72,-0.87,-0.98,-1.61,-0.30,1.75,-0.66,0.31,0.74,,3.08,4.75,2.74,2.86,2.62,1.60,2.14,3.56,-3.58,0.49,0.64,0.08,1,0.18,1.13,-0.70,-0.80,-0.45,-0.91,0.81,-0.20,1.22,0.40,0,0.02,-0.75,-1.24,1.50,0.77,1.56,-0.15,0.37,0.56,-0.10,0.55,-0.37,-0.97,-1.20,-1.75,-5.64,-3.44,,6.37,5.77,3.80,1.43,8.86,4.81,7.73,3.58,5.49,6.91,7.30,6.80,2.96,5.56,3.25,3.66,4.06,2.13,4.26,2.31,3.30,3.30,3.15,2.75,0.44,2.64,2.21,2,1.53,2.76,0.57,1.40,1.05,1.21,0.73,1.31,6.98,6.73,7.01,5.15,6.99,6.20,4.46,4.38,4.55,1.41,8.44,7.36,7.52,6.63,6.60,6.22,4.93,4.10,2.50,2.28,1.66,1.26,6.93,6.88,7.80,4.71,5.92,6.61,2.90,,0.80,-4.90,2.10,0.20,0,,,,,,,3.90,3.40,,2.60,2.50,1.60,1.31,,,,,,,,5.80,4.70,3.90,1.10,0.60,,,,,6.80,,3,1.30,7.90,8.60,8,,,5.80,,,1.60,,,7.30,6.70,6.90,7,6.50,6.20,
2008-12-22 06:00,5,5,2.14,2,-1,2.95,3.45,2.70,-0.16,0.81,1.34,0.48,-2.18,3,0.95,0,-1,-1.67,0,1.75,-1,0.26,1.13,2,3,4,2.61,2.74,3,2,1,3,-3.54,1,0.68,0,1,0,0,0,-1,-1,-1,1,0.30,1.31,1,0.03,0,-0.68,-1,2,0.71,1.27,-0.45,0,0,0,0,-0.23,-1.10,-1,-1.77,-5.58,-3.29,,6.28,5.64,3.80,1.43,8.65,5.17,7.84,3.66,5.46,6.71,7.30,6.89,3,5,2,3,4.27,2,4.29,2.48,2,3.40,3.25,2.81,0.47,2.73,3,2.10,2,3.22,0.53,1.59,0.81,1.24,0.79,1.22,6.94,6.76,7.07,5.21,7.02,6.40,4.60,4.48,4.82,1.40,8.41,7.39,7.51,6.62,6.60,6.33,5.30,4.42,2.70,2.16,1.54,1.51,7.19,6.80,7.80,4.60,5.30,6.70,3.10,5,1,-5,2,0.20,-0.10,1.20,8,-1,6,7,3.80,4,3,3.40,2.90,2.70,1.70,1.40,0.60,7,8,8,8.20,6.80,4.60,5.90,4.70,4,1.20,0.60,8,8,7.50,7.30,6.80,5.70,3.10,1.30,7.80,8.40,7.60,7.60,7.80,6.10,3.90,4.50,1.70,7.20,7.70,7.40,6.40,7,6.80,6.90,6.70,1.50
2008-12-22 06:10,5.30,5.23,2.04,1.76,-0.67,3.19,3.56,2.70,-0.20,0.89,1.21,0.39,-2.20,2.59,1.01,-0.86,-0.69,-1.74,-0.20,1.79,0.05,0.43,2.07,,3.31,4.38,2.80,2.40,2.85,1.60,1.70,3.53,-3.38,0.75,0.64,0.06,1.19,-0.06,1.29,-0.81,-0.60,-0.28,-0.93,0.78,0.30,1.52,0.40,0.16,0.37,-0.72,-1.11,1.12,0.54,1.04,-0.63,-0.11,0.46,-0.10,0.34,-0.16,-1.16,-0.60,-1.86,-5.55,-2.97,,6.34,5.72,3.90,1.51,8.57,5.27,7.88,3.63,5.50,6.91,7.30,7.01,3.20,5.49,3.39,3.40,4.30,2.17,4.37,2.70,3.62,3.50,3.33,2.94,0.37,2.85,2.43,2.30,1.72,3.81,0.61,1.64,0.73,1.23,0.80,1.11,7.05,6.84,7.18,5.30,6.93,6.50,4.74,4.60,4.89,1.43,8.24,7.35,7.40,6.72,6.60,6.50,5.45,4.56,2.90,2.42,1.83,1.52,7.29,6.95,7.60,4.40,6.24,6.64,3.40,,0.70,-4.80,2.10,0.10,-0.20,,,,,,,3.90,3.40,,2.90,3,1.80,1.26,,,,,,,,6,4.70,4.30,1.40,0.60,,,,,6.80,,3.30,1.30,7.80,8.30,7.60,,,6.10,,,1.90,,,7.20,6.30,7.20,6.90,6.90,6.70,
2008-12-22 06:20,5.30,5.25,1.99,1.72,-0.89,3.37,3.72,2.80,-0.09,0.79,1.31,0.38,-2.14,2.59,1.10,-0.84,-0.60,-1.73,-0.10,1.66,0.16,0.31,2.47,,3.51,4.47,2.91,2.44,2.96,1.60,1.57,3.48,-3.09,0.94,0.60,0.08,1.10,-0.33,1.45,-0.89,-0.40,-0.11,-0.83,0.69,0.40,1.79,0.40,0.07,0.42,-0.74,-1.13,0.96,0.41,0.85,-0.66,-0.07,0.38,-0.30,0.29,-0.04,-1.15,-0.70,-1.87,-5.54,-2.51,,6.39,5.68,3.90,1.53,8.25,5.25,7.89,3.61,5.53,6.94,7.30,7.01,3.30,5.40,3.44,3.50,4.31,2.32,4.38,3.01,3.77,3.80,3.46,3.03,0.70,3.03,2.70,2.60,1.84,5.10,0.60,1.70,0.67,1.30,0.62,0.86,6.95,6.92,7.13,5.17,6.98,6.50,4.72,4.77,5.23,1.48,8.17,7.26,7.55,6.69,6.60,6.63,5.64,4.88,3,2.48,1.81,1.63,7.25,6.80,7.70,4.31,5.86,6.65,3.60,,0.70,-4.60,2.20,0.20,-0.20,,,,,,,3.90,3.50,,3,3.30,1.80,1.35,,,,,,,,6,4.70,4.40,1.40,0.70,,,,,7,,3.40,1.40,7.70,8.20,7.60,,,6.30,,,1.90,,,6.90,7,7.30,6.70,6.90,6.80,
2008-12-22 06:30,5.40,4.82,2,1.64,-1.01,3.43,3.79,2.90,0.01,0.74,1.48,0.37,-2.10,2.69,1.76,-0.84,-0.49,-1.72,0.10,1.72,0.31,0.09,2.58,,3.65,4.50,2.83,2.20,2.92,1.80,1.85,3.54,-3.05,1.15,0.63,0.08,1.16,-0.31,1.45,-0.92,-0.30,-0.06,-0.87,0.52,0.70,1.99,0.30,0.06,0.32,-0.68,-1.03,0.83,0.36,0.75,-0.69,-0.12,0.41,-0.30,0.22,0.05,-1.17,-0.80,-1.87,-5.52,-2.05,,6.26,5.62,3.90,1.30,8.02,5.17,7.96,3.60,5.50,6.90,7.40,7.14,3.40,5.48,3.47,3.50,4.42,2.46,4.46,3.18,3.80,4.10,3.51,3.20,0.69,3.13,2.69,2.80,2.06,4.80,0.59,1.83,0.74,1.37,0.50,0.57,7.11,6.90,7.05,5.38,6.90,6.60,4.78,4.99,5.58,1.47,7.84,7.24,7.54,6.67,6.50,6.56,5.82,5.07,3.10,2.67,1.89,1.65,7.09,6.79,7.70,4.10,6.14,6.68,3.70,,1,-4.60,2.20,0.40,-0.20,,,,,,,4,3.60,,3.20,3.70,1.90,1.47,,,,,,,,6.10,4.80,4.60,1.60,0.80,,,,,7,,3.40,1.40,7.70,8.10,7.50,,,6.50,,,2,,,6.90,7.20,7.40,6.70,6.80,7,
2008-12-22 06:40,5.50,4.14,2.07,1.78,-0.92,3.55,3.82,2.90,-0.02,0.80,1.50,0.43,-1.98,2.82,2.31,-0.96,-0.38,-1.81,0.20,1.75,0.40,0.43,2.39,,3.86,4.48,2.83,2.56,2.95,1.90,2.43,3.55,-2.75,1.11,0.67,0.15,0.89,-0.44,1.45,-0.83,-0.20,0.01,-0.51,0.78,1,2.17,0.30,0.04,0.30,-0.66,-1.06,0.75,0.40,0.65,-0.63,-0.18,0.39,-0.40,0.14,-0.01,-1.12,-0.60,-1.83,-5.48,-1.81,,6.15,5.60,3.90,1.45,7.91,5.12,7.88,3.64,5.39,6.70,7.30,7.12,3.40,5.70,3.54,3.50,4.38,2.46,4.62,3.28,3.77,4.20,3.59,3.41,0.91,3.26,2.83,3.10,2.29,4.33,0.64,1.92,0.82,1.43,0.49,0.39,7.15,6.77,7.02,5.46,6.99,6.60,4.85,4.99,5.91,1.64,7.52,7.03,7.50,6.68,6.40,6.61,6,5.20,3.20,2.90,2.09,1.79,7.05,7.01,7.80,4.15,6,6.74,3.90,,1,-4.40,2.30,0.40,-0.30,,,,,,,4.10,3.70,,3.40,4,1.90,1.50,,,,,,,,6.20,4.90,4.70,1.60,0.80,,,,,7.10,,3.50,1.40,7.60,8.20,7.40,,,6.50,,,2.10,,,6.80,7.10,7.40,6.60,6.80,7.10,
2008-12-22 06:50,5.60,4.07,1.86,1.75,-0.79,3.91,3.87,2.90,0.06,,1.47,0.59,-1.74,2.96,2.09,-0.87,-0.27,-2,0.30,1.70,0.47,0.45,2.19,,4.10,4.62,2.90,2.90,2.97,2.20,2.83,3.88,-2.85,1.27,1.32,0.16,0.84,-0.43,1.56,-0.83,-0.10,0.09,-0.28,0.71,1.60,2.37,0.30,0.05,0.42,-0.65,-1.17,0.66,0.41,0.67,-0.53,-0.29,0.16,-0.30,0.07,-0.02,-1.26,-0.60,-1.91,-5.55,-1.51,,6.63,5.72,4,1.53,7.76,5.08,7.62,3.72,5.38,6.63,7.20,7.11,3.60,5.51,3.60,3.50,4.45,2.48,4.81,3.55,3.69,4.30,3.71,3.58,1.10,3.40,2.94,3.10,2.36,4.99,0.63,2.08,1.02,1.42,0.43,0.37,7,6.68,6.94,5.41,7.08,6.60,4.82,5.10,6.21,1.70,7.47,7.10,7.41,6.64,6.40,6.61,6.03,5.42,3.40,2.88,2.14,1.89,7.13,7.14,7.70,4.51,5.66,6.75,4,,1.10,-4.30,2.30,0.50,-0.30,,,,,,,4,3.70,,3.60,4.10,2,1.67,,,,,,,,6.30,5,4.90,1.70,1,,,,,7.20,,3.60,1.50,7.70,8.20,7.60,,,6.50,,,2.20,,,6.90,7,7.70,6.70,7,7,
2008-12-22 07:00,5.50,4.12,1.70,1.69,-0.80,3.79,3.98,2.80,-0.03,0.78,1.37,0.73,-1.62,3.17,2.72,-0.85,-0.27,-2.03,0.60,1.52,0.43,0.06,2.28,,4.03,4.67,3.23,3.10,3.01,2.50,3.03,3.99,-2.78,1.33,1.59,0.19,0.87,-0.39,1.66,-0.96,-0.10,0.40,-0.20,0.74,1.90,2.41,0.30,-0.01,0.41,-0.67,-1.11,0.58,0.41,0.64,-0.52,-0.26,0.23,-0.40,0.12,0.04,-1.23,-0.60,-1.94,-5.48,-1.35,,6.82,5.86,4.10,1.50,7.93,5.02,7.53,3.76,5.21,6.63,7.20,7.22,3.70,5.53,3.63,3.60,4.55,2.55,4.90,3.72,3.82,4.40,3.94,3.84,1.18,3.41,2.98,3.30,2.53,5.30,0.76,2.22,1.07,1.42,0.43,0.29,6.98,6.54,7.08,5.37,7.09,6.70,4.80,5.12,6.42,1.67,7.54,7.03,7.44,6.62,6.40,6.68,5.99,5.60,3.60,3.02,2.17,2.21,7.12,6.94,7.90,5.72,5.16,6.71,4.10,5,1.10,-4.30,2.40,0.50,-0.30,0.50,6.20,-1.10,5.70,6.70,4.80,4,3.80,4.10,3.80,4.20,2.10,2.10,,7.20,7.40,7.40,7.70,7,5,6.40,5,4.90,1.80,0.80,8.40,8.20,7.70,7.50,7.30,6.50,3.80,1.50,7.50,8.40,7.50,7.50,7.50,6.60,5,5.50,2.40,6.50,7,6.90,6.90,7.60,6.60,7.10,7,2.10
2008-12-22 07:10,5.20,4.06,1.52,1.73,-0.57,3.94,4.10,2.90,0.05,0.80,1.52,0.96,-1.71,3.23,2.44,-0.80,-0.15,-2.16,0.70,1.53,0.51,-0.11,2.68,,4.07,4.70,3.41,3.13,2.98,2.80,3.25,4.40,-2.65,1.28,1.70,0.22,0.97,-0.39,1.63,-0.85,-0.10,0.42,-0.21,0.93,2.20,2.53,0.10,0,0.48,-0.63,-1.14,0.59,0.50,0.51,-0.47,-0.20,0.25,-0.40,-0.02,-0.03,-1.17,-0.60,-1.74,-5.46,-1.20,,6.97,5.99,4.10,1.57,7.97,4.89,7.33,3.76,5.07,6.65,7.10,7.11,3.90,5.68,3.65,3.87,4.51,2.65,4.87,3.72,3.86,4.60,4.26,4.20,1.39,3.53,3.01,3.50,2.76,5.12,0.88,2.27,0.98,1.38,0.48,0.29,7.09,6.59,7.06,5.48,7.19,6.70,4.71,5.27,6.57,1.76,7.43,6.87,7.39,6.57,6.30,6.76,6.12,5.84,3.80,3.17,2.25,2.41,7.01,6.98,7.80,5.64,4.91,6.63,4.60,,1.20,-4.20,2.50,0.50,-0.30,,,,,,,4,3.90,,3.80,4.30,2.30,1.85,,,,,,,,6.50,5.10,5.10,1.80,1.10,,,,,7.30,,4,1.60,7.50,8.40,7.50,,,6.60,,,2.70,,,6.90,7.10,7.60,6.70,7.10,7,
2008-12-22 07:20,5,4.15,1.42,1.75,-0.64,4.04,4.16,2.90,0.12,0.88,1.66,1.19,-1.57,3.52,1.98,-0.70,-0.15,-2.16,0.70,1.81,0.59,-0.13,2.82,,4.21,4.59,3.40,3.41,3,3,3.39,4.39,-2.54,1.42,1.80,0.42,0.99,-0.35,1.67,-0.84,-0.10,0.34,-0.11,1.17,2.30,2.77,0.10,0.06,0.68,-0.58,-1.16,0.80,0.46,0.53,-0.47,-0.17,0.36,-0.40,-0.05,0,-1.13,-0.70,-1.67,-5.44,-1.08,,7.03,5.95,4.10,1.66,7.89,4.87,7.18,3.89,5.20,6.83,7.10,7.10,4.10,5.76,3.65,3.93,4.62,2.73,4.99,3.88,3.97,4.70,4.56,4.41,1.64,3.72,3.05,3.60,3.05,5.36,0.99,2.33,1.14,1.49,0.55,0.25,7.34,6.60,7.03,5.60,7.34,6.80,4.95,5.29,6.59,1.83,7.42,6.95,7.39,6.51,6.20,6.77,6.21,5.95,4,3.75,2.30,2.40,6.95,7.23,7.80,5.69,4.86,6.54,4.90,,1.40,-4.10,2.70,0.60,-0.30,,,,,,,4.10,4,,3.80,4.40,2.60,1.92,,,,,,,,6.60,5.20,5.20,1.90,1.20,,,,,7.40,,4.10,1.70,7.10,8,7.40,,,6.70,,,2.90,,,6.50,6.90,7.50,6.60,6.90,6.90,
2008-12-22 07:30,5,4.08,1.40,1.96,-0.57,4.30,3.92,3,0.14,1.05,1.60,1.37,-1.46,3.54,2.34,-0.70,0.04,-2.09,0.60,1.90,0.71,0.19,2.86,,4.55,4.58,3.38,3.46,3.23,3.10,3.13,4.82,-2.43,1.73,1.97,0.76,1.44,-0.32,1.76,-0.92,0.30,0.28,0.05,1.15,2.20,2.90,0.10,0.08,0.36,-0.58,-1.09,0.98,0.41,0.54,-0.40,-0.21,0.33,-0.40,0.07,0.16,-1.07,-0.60,-1.68,-5.41,-0.95,,7.12,5.86,4.10,1.67,7.60,4.94,7.17,3.90,5.27,6.95,6.90,7.10,4.30,5.89,3.65,3.93,4.80,2.69,5.09,3.90,3.96,4.80,4.69,4.77,1.87,3.93,3.26,3.80,3.21,5.48,1.17,2.43,1.20,1.59,0.60,0.26,7.27,6.50,7.19,5.59,7.45,6.90,5.08,5.35,6.82,1.90,7.40,6.83,7.25,6.41,6.10,6.70,6.19,6.24,4.30,3.99,2.39,2.53,6.95,7.18,7.70,5.75,5.03,6.58,5.20,,1.40,-4,2.70,0.70,-0.30,,,,,,,4.10,4,,3.90,4.40,2.80,1.99,,,,,,,,6.70,5.20,5.40,1.90,1.30,,,,,7.50,,4.30,1.80,7,7.50,7.30,,,6.80,,,3.10,,,6.70,6.30,7.50,6.60,6.90,6.90,
2008-12-22 07:40,5.60,3.91,1.53,2.12,-0.57,4.32,4.09,3.10,0.15,1.30,1.49,1.46,-1.36,3.64,3.46,-0.58,0.10,-2.05,0.70,2.14,0.73,0.70,2.86,,4.78,4.77,3.50,3.64,3.42,3.30,3,4.91,-2.31,1.93,2.25,0.87,1.97,-0.35,1.75,-0.76,0.40,0.30,0.15,1.08,1.80,3.04,0.20,0.10,0.48,-0.53,-1.01,1.11,0.44,0.60,-0.42,-0.14,0.35,-0.40,0.16,0.19,-1.13,-0.50,-1.73,-5.42,-0.75,,7.29,5.88,4.10,1.81,7.38,5.10,7.18,3.87,5.24,6.97,6.90,7.06,4.50,6.09,3.72,3.80,4.83,2.76,5.46,3.98,3.97,5,4.92,4.91,1.95,4.05,3.15,3.90,3.22,5.52,1.33,2.61,1.39,1.67,0.56,0.20,7.27,6.50,7.29,5.58,7.49,7,5.04,5.47,6.96,2.08,7.02,6.71,7.53,6.38,6.20,6.83,6.24,6.50,4.50,4.15,2.56,2.72,6.73,7.16,7.80,5.64,5.07,6.51,5.30,,1.70,-3.70,2.80,0.70,-0.30,,,,,,,4.20,4.10,,4,4.50,2.80,2.18,,,,,,,,6.70,5.40,5.30,2.10,1.40,,,,,7.50,,4.30,1.90,6.90,7.40,7.10,,,6.80,,,3.20,,,6.80,6.40,6.80,6.60,6.80,6.80,
2008-12-22 07:50,5.90,4.01,1.54,2.05,-0.51,4.28,3.96,3.20,0.05,1.46,1.45,1.42,-1.34,3.36,3.57,-0.47,0.22,-2.09,0.80,2.66,0.82,1.05,2.90,,4.89,5.20,3.82,3.66,3.54,3.30,3.15,5.14,-2.36,2.13,2.47,0.84,1.78,-0.26,1.90,-0.79,1,1.04,0.47,1.15,1.60,3.05,0.30,0.22,0.33,-0.47,-0.95,1.26,0.63,0.59,-0.34,-0.20,0.40,-0.30,0.15,0.28,-1.01,-0.50,-1.68,-5.27,-0.59,,7.51,5.99,4.20,2.29,7.23,4.94,7.28,3.90,5.13,7.01,7.10,7.01,4.70,6.17,3.76,3.90,4.85,2.88,5.55,4.19,4.04,5,5.07,4.99,1.95,4.04,3.42,4,3.36,5.49,1.49,2.84,1.50,1.78,0.54,0.31,7.36,6.55,7.34,5.81,7.47,7,5.27,5.55,7.04,2.07,6.61,6.65,7.26,6.33,6.20,6.91,6.20,6.54,4.60,4.47,2.88,3.10,6.65,7.02,7.70,5.30,5.31,6.36,5.40,,2.20,-3.50,2.90,0.70,-0.30,,,,,,,4.20,4.20,,4.10,4.60,2.90,2.26,,,,,,,,6.70,5.70,5.40,2.10,1.50,,,,,7.50,,4.50,2,6.80,7.30,7,,,6.90,,,3.30,,,7,6.30,6.50,6.60,6.70,6.90,
2008-12-22 08:00,6.10,4.05,1.62,1.97,-0.33,4.21,3.86,3.30,0.17,1.59,1.46,1.53,-1.32,3.22,3.59,-0.25,0.22,-2.12,0.90,3.06,0.88,1.13,3.12,,4.87,5.38,3.96,3.69,3.66,3.50,3.20,5.23,-2.36,2.20,2.66,2.02,2.41,-0.20,2.24,-0.55,1.10,1.25,0.81,1.15,1.50,3.19,0.40,0.26,0.24,-0.45,-0.94,1.16,0.66,0.67,-0.32,-0.12,0.45,-0.30,0.12,0.34,-1.04,-0.40,-1.67,-5.24,-0.43,,7.66,6.05,4.50,2.45,6.99,5,7.42,3.88,5.37,7.06,7.20,7.08,4.80,6.21,3.88,4.10,4.96,2.91,5.37,4.32,4.06,5,5.27,4.96,2.15,4.18,3.21,4.10,3.56,5.32,1.49,3.01,1.53,1.83,0.57,0.43,7.37,6.67,7.16,5.80,7.67,7.10,5.45,5.60,7.13,2.17,6.54,6.52,7.36,6.34,6.30,6.88,6.14,6.65,4.80,4.56,2.82,3.05,6.69,6.82,7.80,5.47,5.28,6.33,5.60,4.80,2.30,-3.40,3.20,0.70,-0.30,1.10,7.60,-0.80,5.90,7.20,6,4.20,4.10,4.90,4.30,4.60,3,2.90,1.30,7.40,7.90,7.50,7.70,7.40,5.60,6.80,5.70,5.50,2.20,1.90,8.80,8.40,8,7.30,7.30,7.20,4.50,2.10,7.10,7.80,6.70,6.60,7.20,7,6.20,6.60,3.40,6.60,7.10,6.90,6.40,6.60,6.90,6.70,6.90,3.30
2008-12-22 08:10,6.20,4.56,1.67,1.93,-0.49,4.16,3.98,3.30,0.21,1.67,1.51,1.57,-1.25,3.14,3.74,-0.10,0.15,-1.98,1,3.20,0.80,1.78,3.01,,4.72,5.48,4.01,3.67,3.77,3.50,3.09,5.32,-2.26,2.46,2.71,2.50,2.38,-0.26,2.31,-0.27,1.30,1.28,1.77,1.02,1.40,3.03,0.40,0.38,0.36,-0.43,-0.90,1.22,0.69,0.79,-0.27,-0.01,0.47,-0.30,0.15,0.41,-1.06,-0.40,-1.69,-5.36,-0.30,,7.66,6.16,4.70,2.54,7.11,4.93,7.53,3.89,5.42,7.27,7.20,7.21,5.30,6.22,3.97,4.20,5.14,3.05,5.39,4.37,4.13,5,5.43,5.10,2.22,4.25,3.36,4.30,3.81,5.26,1.79,3.09,1.64,1.92,0.67,0.48,7.49,6.84,7.16,6.06,7.70,7.10,5.63,5.70,7.37,2.43,6.71,6.59,7.28,6.27,6.30,6.82,6.13,6.40,5,4.62,2.80,3.22,6.82,6.68,7.50,5.19,5.36,6.32,5.60,,2.30,-3.20,3.70,0.70,-0.30,,,,,,,4.30,4.20,,4.30,4.70,3.10,2.72,,,,,,,,6.90,5.70,5.60,2.40,1.90,,,,,7.30,,4.60,2.30,7.10,7.70,6.70,,,7,,,3.40,,,6.90,6.30,6.40,6.90,6.70,6.90,
2008-12-22 08:20,6.10,4.85,1.66,1.98,-0.42,4.21,3.97,3.30,0.17,1.72,1.48,1.78,-1.24,3.09,3.84,-0.19,0.21,-1.99,1.10,2.65,0.74,1.58,2.74,,4.97,5.36,4.11,3.92,3.93,3.30,3.31,5.46,-2.16,2.33,2.74,2.66,1.87,-0.18,2.44,-0.21,1.40,1.45,1.12,1.06,1.40,3.06,0.40,0.41,0.40,-0.27,-0.78,1.38,0.82,0.99,-0.28,0.04,0.59,-0.20,0.20,0.48,-1.02,-0.30,-1.67,-5.39,-0.33,,7.56,6.16,4.80,2.86,7.36,5.13,7.47,3.89,5.61,7.28,7.40,7.35,5.90,6.37,3.92,4.30,5.39,2.97,5.49,4.42,4.16,5.10,5.54,4.99,2.39,4.31,3.40,4.40,4.13,5.19,1.80,3.20,1.80,2.04,0.72,0.52,7.71,6.93,7.11,6.14,7.78,7.20,5.85,5.69,7.38,2.61,6.92,6.68,7.17,6.30,6.20,6.80,6.17,6.25,5.20,4.76,2.97,3.28,6.71,6.63,7.20,5.58,4.92,6.31,5.60,,2.20,-3,3.90,0.80,-0.20,,,,,,,4.30,4.30,,4.30,4.60,3.10,2.77,,,,,,,,7,5.90,5.60,2.50,2.20,,,,,7.20,,4.80,2.50,7.20,7.60,6.80,,,7.20,,,3.50,,,6.90,6.10,6.30,7,6.70,6.80,
2008-12-22 08:30,5.90,5.03,1.68,2.03,-0.43,4.10,3.90,3.30,0.22,1.74,1.53,1.65,-1.37,3.19,3.81,-0.10,0.31,-1.97,1.10,2.38,0.94,1.38,2.55,,5.46,5.34,4.37,3.88,3.94,3.20,3.21,5.65,-2.12,2.25,2.84,2.76,2.02,0,2.83,-0.24,1.30,1.62,1.02,1.32,1.30,3.05,0.50,0.51,0.25,-0.11,-0.58,1.40,0.83,1.14,-0.13,0.08,0.74,-0.10,0.26,0.58,-0.80,-0.20,-1.57,-5.41,-0.35,,7.67,6.22,4.90,3.06,7.28,4.96,7.69,3.81,5.72,7.46,7.40,7.43,6.60,6.09,4.08,4.40,5.47,3.15,5.34,4.55,4.29,5,5.47,4.95,2.29,4.44,3.49,4.40,4.10,5.16,1.99,3.38,2,2.06,0.78,0.66,7.58,6.92,7.18,6.11,7.82,7.30,5.86,5.71,7.30,2.83,7.09,6.70,7.28,6.24,6.20,6.51,6.01,6.33,5.50,5.01,3.17,3.47,6.72,6.67,7.10,5.53,4.51,6.38,5.50,,2.30,-2.90,4.10,0.80,-0.20,,,,,,,4.40,4.40,,4.50,4.70,3.20,2.85,,,,,,,,7,6,5.70,2.60,2.40,,,,,7.20,,4.90,2.70,7.40,7.70,6.90,,,7,,,3.70,,,6.90,6.50,6.30,7.10,6.50,6.80,
2008-12-22 08:40,5.80,5.50,1.76,2.11,-0.50,4.19,3.95,3.20,0.15,1.70,1.51,1.73,-1.32,3.15,3.77,-0.09,0.39,-1.87,1,2.32,1.04,0.99,2.29,,5.59,5.56,4.45,3.70,3.91,3.10,3.32,5.58,-2.18,2.11,2.75,2.71,2.51,0.10,2.77,-0.19,1.10,1.36,1.06,1.53,2.60,3.10,0.50,0.49,0.47,-0.14,-0.54,1.52,0.87,1.23,-0.07,0.12,0.90,0,0.49,0.62,-0.74,-0.10,-1.57,-5.39,-0.27,,7.38,6.23,5.10,3.39,7.05,4.84,7.91,3.80,5.91,7.56,7.80,7.48,6.80,6.29,4.18,4.60,5.33,3.23,5.34,4.50,4.38,5.20,5.47,4.92,2.39,4.51,4.07,4.50,4.14,5.47,2.16,3.60,2.19,2.17,0.85,0.72,7.50,7.11,7.17,6.02,7.80,7.30,5.83,5.66,7.42,3,7.27,6.80,7.28,6.23,6.10,6.45,6.03,6.46,5.60,5.20,3.25,3.63,6.63,6.71,7.10,4.88,4.35,6.49,5.50,,2.20,-2.80,4.20,0.80,0,,,,,,,4.60,4.40,,4.50,4.80,3.30,2.81,,,,,,,,7.10,6.10,5.80,2.70,2.30,,,,,7.20,,5.10,2.80,7.40,7.70,7.10,,,7,,,3.90,,,7,6.80,6.70,6.80,6.60,6.80,
2008-12-22 08:50,5.90,5.41,1.93,2.06,-0.40,4.41,4.31,3.30,0.29,1.80,1.61,1.76,-1.29,2.94,3.39,-0.01,0.32,-1.72,1.10,2.25,0.86,0.67,2.63,,5.88,5.72,4.45,3.71,4.06,3.20,3.44,5.48,-2.26,2.11,2.61,2.60,2.62,0.19,2.56,-0.16,0.80,1.05,1.43,1.54,3.10,3.30,0.60,0.59,0.06,-0.23,-0.46,1.52,0.98,1.54,-0.07,0.13,0.99,0.10,0.56,0.93,-0.67,-0.10,-1.64,-5.38,-0.23,,7.45,6.31,5.20,3.33,6.97,4.59,8.22,3.89,5.92,7.78,7.70,7.60,6.70,6.40,4.44,4.80,5.65,3.37,5.38,4.72,4.55,5.20,5.39,4.99,2.40,4.54,4.03,4.50,4.21,5.41,2.38,3.85,2.43,2.30,0.90,0.94,7.89,7.27,7.33,5.83,7.84,7.30,5.74,5.92,7.56,3.10,7.42,5.48,7.32,6.35,5.90,6.51,6.04,6.50,5.70,5.37,3.30,3.62,6.61,6.77,7,4.62,4.41,6.37,5.40,,2.10,-2.70,4.30,0.90,0.20,,,,,,,4.80,4.60,,4.50,4.90,3.50,2.76,,,,,,,,7.10,6.20,5.90,2.90,2.50,,,,,7.20,,5.20,3,7.30,7.90,7.20,,,7,,,4.20,,,7.10,7,6.90,6.60,6.50,6.70,
2008-12-22 09:00,6.10,5.47,2.17,2,-0.40,4.51,5.20,3.50,0.21,1.78,1.70,1.87,-1.19,2.90,3.23,0.13,0.32,-1.41,1.10,2.06,0.72,0.97,2.68,,6.05,5.81,4.32,3.59,4.23,3.10,3.54,5.51,-2.16,2.16,2.48,2.52,2.95,0.51,2.49,-0.21,0.60,0.93,1.03,1.55,3.20,3.43,0.60,0.66,-0.23,-0.16,-0.32,1.48,1.14,1.72,-0.03,0.40,0.90,0.20,0.49,0.96,-0.56,0,-1.67,-5.38,-0.16,,7.58,6.40,5.20,3.37,7.01,5.08,8.40,3.94,6.04,7.96,7.80,7.78,6.90,6.31,4.59,4.80,5.66,3.41,5.53,4.87,4.55,5.40,5.51,5.10,2.54,4.61,4.60,4.60,4.10,5.28,2.45,4.11,2.63,2.43,1.01,1.19,8,7.07,7.34,5.88,7.73,7.20,5.87,5.87,7.51,3.22,7.48,5.45,7.28,6.35,5.90,6.47,6.02,6.50,5.90,5.54,3.55,3.80,6.79,6.81,7.10,4.65,4.66,6.05,5.40,4.80,2,-2.60,4.40,0.80,0.30,,7.90,-0.40,5.90,7.30,6.50,4.90,4.70,5.20,4.70,4.80,3.60,2.90,2.10,7.50,8.40,8,8.40,7.50,6,7,6.20,6,3.20,2.70,8.20,7.90,8.40,7.40,7.40,7.60,5.30,3.20,7.40,8,7.20,7,7.20,6.50,6.30,,4.60,6.40,7,7.10,7,7.10,6.50,6.60,6.50,4.50
2008-12-22 09:10,6.20,5.53,2.34,2.05,-0.37,4.61,5.50,3.70,0.19,2.12,1.66,2.06,-1.19,3.10,3.56,0.19,0.37,-0.87,1.20,2.01,0.75,0.48,2.82,,6.27,5.97,4.38,3.54,4.55,3.20,3.59,5.45,-2.11,2.14,2.43,2.37,2.96,0.48,2.50,-0.08,0.70,0.87,1.11,1.34,3.20,3.37,0.60,0.70,-0.01,-0.22,-0.35,1.61,1.20,1.95,-0.01,0.47,0.99,0.20,0.61,0.96,,0.10,-1.62,-5.34,-0.16,,7.71,6.38,5.20,3.37,6.80,5.59,8.44,4.06,6.14,8.02,7.80,7.85,6.87,6.30,4.66,5,5.77,3.44,5.61,4.81,4.49,5.60,5.58,5.08,2.73,4.66,4.75,4.70,4.10,5.15,2.51,4.31,2.69,2.62,0.96,1.50,8.07,7.16,7.46,6.01,7.87,7.30,5.97,5.97,7.46,3.27,7.44,5.46,7.37,6.38,6.30,6.37,5.97,6.45,5.80,5.84,3.81,4.21,6.80,6.92,7.30,5,4.66,5.48,5.40,,2,-2.60,4.50,0.90,0.50,,,,,,,5,4.90,,4.70,4.90,3.70,2.85,,,,,,,,7.10,6.30,6.10,3.40,2.70,,,,,7.50,,5.40,3.50,7.40,7.90,7.20,,,6.40,,,4.90,,,7.10,6.90,7.10,6.50,6.60,6.60,
2008-12-22 09:20,6.40,5.87,2.34,2.11,-0.42,4.89,5.52,3.90,0.25,2.37,1.83,2.16,-1.06,3.06,3.69,0.23,0.37,-0.77,1.40,1.94,0.88,0.57,2.74,,6.22,6.16,4.53,3.59,4.87,3.30,3.80,5.24,-2.03,2.24,2.32,2.26,3.17,0.32,2.48,-0.19,0.60,0.82,1,1.11,3.20,3.35,0.60,0.69,-0.06,-0.16,-0.26,1.50,1.26,2,0.09,0.65,1.10,0.10,0.76,1.06,,0.30,-1.56,-5.32,-0.11,,7.61,6.37,5.30,3.29,6.98,6.60,8.46,4.08,6.08,8.06,7.90,7.87,7.22,6.40,4.68,5.20,5.78,3.62,5.93,5.02,4.68,5.70,5.81,5.07,2.78,4.71,4.55,4.70,4.17,5.06,2.59,4.36,2.84,2.75,1.09,1.72,8.07,7.18,7.51,6.05,7.98,7.20,5.81,6.01,7.52,3.36,7.45,5.54,7.39,6.37,5.80,6.37,6,6.37,5.80,6.04,4.33,4.22,6.86,6.79,7.50,5.58,4.67,5.36,5.40,,2.10,-2.50,4.70,1,0.70,,,,,,,5.10,4.90,,4.80,5.10,3.80,2.73,,,,,,,,7.10,6.40,6.10,3.60,2.80,,,,,7.40,,5.60,3.70,7.60,8,7.20,,,6.10,,,5.10,,,7,7,7.20,6.70,6.60,6.80,
2008-12-22 09:30,6.50,6.09,2.37,2.18,-0.41,5.08,5,3.90,0.31,2.69,1.92,2.16,-1.01,3.11,4.15,0.16,0.39,-0.75,1.40,2.08,1.02,0.61,2.65,,6.24,6.39,4.67,3.96,5.06,3.50,3.83,5.27,-2.05,2.13,2.44,2.36,2.91,0.44,2.36,-0.15,0.60,0.49,1.01,1.13,3,3.34,0.60,0.71,-0.01,-0.18,-0.16,1.50,1.42,1.96,0.19,0.75,0.98,0.20,0.78,1.13,,0.50,-1.45,-5.34,0.05,,7.56,6.39,5.30,3.33,7.35,5.92,8.45,3.99,6.08,8.03,7.90,8.07,7,6.52,4.66,5.30,5.77,3.70,6.18,5,4.77,5.70,5.87,5.08,2.74,4.81,5.12,4.70,4.09,5.06,2.73,4.40,2.82,2.95,1.36,1.81,8,7.23,7.49,6.12,7.94,7.20,5.86,6.07,7.53,3.47,7.39,5.61,7.30,6.30,5.20,6.42,6.49,6.48,5.80,6.09,4.64,4.54,6.81,6.85,7.70,5.68,4.69,5.57,5.20,,2,-2.50,4.90,0.90,0.80,,,,,,,5.10,5,,4.80,5.20,4,2.70,,,,,,,,7.10,6.50,6.20,3.80,2.90,,,,,5.60,,5.80,3.70,7.60,8,7.20,,,6.40,,,5.30,,,6.90,6.90,7.10,6.80,6.50,6.50,
2008-12-22 09:40,6.60,6.22,2.47,2.22,-0.17,5.29,5,3.60,0.42,3.05,2.05,2.35,-0.93,3.17,4.52,0.21,0.49,-0.76,1.50,1.86,0.93,0.38,2.46,,6.35,6.35,4.91,4.24,5.18,3.70,3.85,5.40,-2.16,2.06,2.52,2.53,3.02,0.38,2.27,0,0.50,0.34,1.02,1.20,2.90,3.33,0.70,0.74,0.16,-0.21,-0.04,1.70,1.44,2.02,0.30,0.75,1.04,0.20,0.59,1.32,,0.50,-1.41,-5.29,0.16,,7.72,6.31,5.30,3.41,7.07,5.14,8.59,4.06,6.05,8.15,8,8.33,6.97,6.68,4.67,5.30,5.69,3.90,6.37,4.96,5.01,5.90,6,5.36,2.88,4.90,5.31,4.80,4.22,5.13,2.77,4.61,2.86,3.16,1.43,1.91,7.93,7.25,7.66,6.22,7.96,7.30,6,6.19,7.50,3.66,7.40,5.77,7.61,5.72,5.10,6.44,6.40,6.22,6,6.17,4.91,5.28,6.76,6.97,7.70,5.69,4.89,5.53,5.20,,2,-2.40,4.70,1,0.60,,,,,,,5.30,5.10,,4.90,5.40,4.10,2.69,,,,,,,,7.30,6.60,6.40,4,3,,,,,5.90,,6,3.90,7.70,7.90,7.20,,,6.50,,,5.40,,,7,6.90,7.20,6.90,6.20,5.90,
2008-12-22 09:50,6.60,6.34,2.41,2.19,-0.13,5.47,5.09,3.60,0.47,3.90,2.17,2.52,-0.78,3.40,5.07,0.33,0.56,-1,1.60,1.74,0.82,0.34,2.28,,6.34,6.44,5.28,4.47,5.35,3.80,3.92,5.54,-2.05,2.04,2.50,2.58,3.02,0.50,2.08,-0.06,0.30,0.12,0.96,1.23,2.80,3.52,0.80,0.63,0.23,-0.13,-0.01,1.82,1.55,2.08,0.31,0.65,0.98,0.20,0.72,1.48,,0.50,-1.41,-5.24,0.15,,7.82,6.08,5.30,3.15,6.84,5.33,8.81,4.08,6.25,7.78,7.90,8.36,7.22,6.76,4.76,5.40,5.59,3.88,6.55,5.08,5.02,6,6.13,5.45,3.01,4.96,4.70,4.90,4.38,5.10,2.87,4.55,2.89,3.51,1.77,2.04,8.03,6.83,7.83,6.39,7.98,7.30,5.88,6.29,7.42,3.82,7.56,6.13,7.45,5.50,5.20,6.45,6.28,6.17,5.90,6.27,4.93,5.40,6.77,6.92,7.70,5.67,4.50,5.44,5.20,,1.90,-2.40,4.70,1,0.60,,,,,,,5.30,5.20,,5,5.70,4.30,2.81,,,,,,,,7.30,6.60,6.50,4.10,3.10,,,,,6.30,,6.20,4.10,7.70,7.90,7.20,,,6.40,,,5.50,,,6.90,6.80,7.10,6.90,6.10,5.70,
2008-12-22 10:00,6.50,6.49,2.33,2.30,-0.07,5.63,5.19,3.60,0.45,4.42,2.14,3.02,-0.78,3.47,5.28,0.26,0.61,-1.01,1.80,1.66,0.88,0.46,2.38,,6.46,6.31,5.44,4.43,5.42,3.80,3.96,5.56,-1.94,2.04,2.59,2.64,3.18,0.66,2.09,-0.06,0.30,-0.06,1.06,1.17,2.70,3.59,0.70,0.69,0.34,0,-0.04,1.84,1.44,1.98,0.32,0.54,0.97,0.20,0.88,1.65,-0.40,0.30,-1.47,-5.28,-0.04,,7.93,5.91,4.70,2.57,6.52,7.11,8.96,4.13,6.34,7.69,8.10,8.40,7.28,6.65,4.85,5.50,5.63,3.88,6.69,5.21,5.26,6.20,6.34,5.60,2.97,5.03,5.55,4.90,4.46,5.01,3.03,4.68,2.92,3.74,1.98,2.13,8.10,6.71,8.07,6.70,8.07,7.40,6.09,6.44,7.27,4.01,7.63,6.53,7.47,5.41,5.40,6.33,6.42,6.53,6,6.32,5.01,5.52,6.66,6.90,7.60,5.84,4.88,5.47,5.10,5.60,1.90,-2.30,5.20,1.10,0.60,2.60,7.30,-0.50,6.20,8,7.40,5.30,5.30,6.10,5.20,5.90,4.50,2.80,2.80,6.90,8.70,8.50,8.60,7.80,6.20,7.40,6.60,6.50,4.20,3.70,8.80,8,6.50,7.70,6.30,7.70,6.30,4.20,8,8,7.30,7,7,6.50,5.20,5.40,5.70,6.40,7,6.80,6.90,7,7,6.30,5.60,4.30
2008-12-22 10:10,6.50,6.51,2.41,2.28,-0.13,5.89,5.21,3.70,0.37,4.73,2.22,3.15,-0.69,3.47,5.34,0.53,0.62,-0.65,1.80,2.01,0.73,0.46,2.67,,6.66,6.42,5.35,4.29,5.58,3.90,4.07,5.53,-2.11,2.21,2.57,2.48,3.35,1.79,2,-0.14,0.10,-0.17,0.87,1.21,2.70,3.71,0.70,0.73,0.49,-0.03,-0.02,1.85,1.51,2.08,0.47,0.67,1.05,0.20,0.79,1.69,-0.30,0.30,-1.50,-5.17,-0.06,,7.72,5.83,4.70,2.49,6.15,6.94,8.75,4.29,6.53,7.78,8.30,8.44,7.20,6.79,4.94,5.70,5.69,3.96,6.94,5.37,5.46,6.50,6.52,5.85,3.08,5.15,4.77,4.90,4.51,4.81,3.08,4.87,2.96,3.95,2.23,2.30,7.92,7,8.14,6.99,8.20,7.60,6.19,6.36,7.07,4.21,7.56,6.67,7.47,5.40,5.50,6.76,6.31,6.31,6,6.33,5.01,5.73,6.69,6.95,7.70,5.72,5.01,5.60,4.70,,2.10,-2.30,5.40,1.30,0.60,,,,,,,5.40,5.40,,5.20,6,4.70,2.77,,,,,,,,7.40,6.60,6.50,4.40,3.70,,,,,6.30,,6.50,4.50,8,8.10,7.30,,,6.50,,,5.80,,,6.90,7,7.10,7,6.30,5.50,
2008-12-22 10:20,6.50,6.47,2.49,2.26,-0.11,5.86,5.47,3.80,0.42,5.04,2.35,3.48,-0.66,3.58,5.16,0.42,0.57,-0.63,1.90,2.19,0.69,0.17,2.80,,6.85,6.52,5.59,4.38,5.71,3.70,4.09,5.45,-2.09,2.15,2.52,2.55,3.51,2.15,2,-0.10,-0.10,-0.27,0.86,1.55,2.90,3.92,0.70,0.73,0.34,-0.10,0.02,1.91,1.62,2.09,0.36,0.84,1.07,0.20,0.82,1.65,-0.36,0.40,-1.48,-5.26,-0.01,,8.05,5.90,4.80,2.43,5.85,6.46,8.36,4.26,6.55,8.04,8.30,8.67,7.20,6.81,5.07,5.79,5.70,4.02,6.92,5.37,5.49,6.60,6.62,6.12,2.99,5.25,5.84,5,4.48,4.97,3.20,4.99,2.97,4.12,2.27,2.43,7.97,7.19,7.91,7.32,8.20,7.50,6.21,6.21,6.87,4.46,7.69,6.71,7.50,5.82,5.50,6.59,6.65,6.19,6,6.49,5.05,5.59,6.61,7.06,7.60,5.68,4.90,5.80,4.40,,2.30,-2.30,5.40,1.30,0.80,,,,,,,5.50,5.50,,5.30,6.40,4.90,2.92,,,,,,,,7.40,6.70,6.60,4.60,3.90,,,,,6.50,,6.60,4.60,7.90,8.10,7.10,,,6.40,,,5.80,,,6.90,6.80,7.20,7,6.30,5.60,
2008-12-22 10:30,6.70,6.55,2.55,2.36,0.05,5.53,5.51,4,0.52,5.17,2.39,3.63,-0.65,3.65,5.07,0.33,0.63,-0.63,2.10,2.20,0.54,0.33,2.98,,6.95,6.57,6.12,4.59,5.73,3.70,4.13,5.37,-2.04,2.26,2.57,2.62,3.65,2.36,2.31,0.01,-0.10,-0.41,0.79,1.55,3.20,3.97,0.70,0.71,0.34,-0.15,0.07,1.72,1.57,2.06,0.45,0.99,1.06,0.20,0.82,1.70,-0.48,0.60,-1.48,-5.35,-0.07,-2.75,8.05,5.96,4.80,2.48,5.95,6.26,8.29,4.43,6.61,8.22,8.20,8.75,7.05,6.88,5.30,5.80,5.91,4.06,6.74,5.44,5.49,7,6.74,6.33,3.18,5.42,5.46,5.20,4.33,5.17,3.37,4.96,2.85,4.28,2.29,2.53,8.06,7.12,7.66,7.51,8.18,7.60,6.24,6.28,6.67,4.82,7.89,6.90,7.82,6.01,5.80,6.59,6.71,6.19,6,6.43,4.97,5.66,6.69,7.05,7.70,5.67,4.46,5.92,4,,2.50,-2.40,5.50,1.10,0.70,,,,,,,5.70,5.60,,5.30,6.60,5,3.02,,,,,,,,7.40,6.80,6.50,4.70,4.10,,,,,6.80,,6.60,4.70,7.90,8.20,7.10,,,6.80,,,5.80,,,7,6.80,7,6.80,6.40,5.90,
2008-12-22 10:40,6.70,6.51,2.72,2.52,0.03,5.31,6.04,4,0.46,5.25,2.37,3.34,-0.55,3.71,5.20,0.25,0.86,-0.60,2.10,2.34,0.69,0.28,3.06,,7.07,6.53,6.32,4.74,5.80,3.80,4.18,5.35,-1.99,2.35,2.45,2.55,3.84,2.51,2.48,0.09,-0.10,-0.40,0.94,1.84,3.40,3.98,0.60,0.71,0.49,-0.18,0.10,1.76,1.56,2.02,0.51,0.81,1.03,0.20,0.98,1.76,-0.35,0.80,-1.45,-5.41,-0.27,-2.71,8.03,6.07,4.90,2.53,6.12,6.32,8.35,4.47,6.61,8.10,8.30,8.68,6.99,7.19,5.46,5.87,5.77,4.13,6.63,5.50,5.47,6.80,6.80,6.53,3.15,5.48,5.54,5.40,4.35,5.49,3.47,4.97,2.82,4.40,2.43,2.63,8.05,7.07,7.43,7.66,8.25,7.60,6.31,6.37,6.70,4.73,8.04,6.50,7.99,5.92,6.10,6.54,6.73,6.55,6.10,6.40,4.81,5.56,6.62,7.02,7.80,5.69,4.84,5.85,3.60,,2.40,-2.40,5.70,1,0.90,,,,,,,5.80,5.70,,5.30,6.80,5.10,2.90,,,,,,,,7.50,6.80,6.50,4.80,4.30,,,,,7,,6.50,4.90,7.90,8.20,7.10,,,6.80,,,5.80,,,6.90,6.90,6.60,7,6.50,5.70,
2008-12-22 10:50,6.90,6.58,2.71,2.62,0.10,5,6.21,4.20,0.46,5.35,2.41,3.19,-0.58,3.69,5.11,0.28,0.83,-0.54,2.20,2.62,0.86,0.19,3.20,,7.04,6.55,5.92,4.70,6,4.10,4.21,5.43,-1.91,2.39,2.63,2.63,3.88,2.89,2.51,0.18,-0.20,-0.43,0.94,2.08,3.40,4.05,0.60,0.57,0.12,-0.16,0.25,1.97,1.56,2.10,0.53,1.12,0.99,0.20,0.98,1.77,-0.33,0.70,-1.47,-5.42,-0.31,-2.72,7.95,5.98,5,2.59,6.35,6.45,8.21,4.57,6.59,8.47,8.40,8.57,7.34,7.15,5.64,5.98,6.03,4.28,6.63,5.52,5.52,6.90,6.89,6.67,3.15,5.37,5.71,5.60,4.47,5.52,3.70,4.93,2.83,4.45,2.50,2.74,8.27,7.16,6.71,7.69,8.17,4.80,6.42,6.36,6.64,4.59,8.17,6.07,7.81,5.80,6.10,6.53,5.87,6.90,6.10,6.44,4.84,5.34,6.63,7,7.20,5.70,4.36,6,3.80,,2.40,-2.50,6.20,1,0.80,,,,,,,5.90,5.70,,5.40,6.90,5.20,2.92,,,,,,,,7.60,7,6.60,4.90,4.40,,,,,7.10,,6.40,5,8.20,8.20,7.20,,,6.60,,,5.80,,,6.90,6.90,7,7.20,6.40,5.80,
2008-12-22 11:00,6.90,6.63,2.84,2.76,0.04,4.72,6.28,4.50,0.38,5.38,2.41,3.16,-0.50,3.77,5.14,0.37,0.76,-0.61,2.20,2.67,1.09,0.28,3.32,,7.12,6.31,5.33,4.71,6.31,4.10,4.24,5.36,-1.94,2.45,2.84,2.76,4.08,3.24,2.59,0.13,-0.10,-0.46,0.92,2.25,3.60,4.13,0.50,0.56,0.26,-0.15,0.31,1.94,1.49,1.90,0.37,1.20,0.98,0.20,0.97,1.97,-0.49,0.80,-1.54,-5.36,-0.30,-2.46,7.91,5.87,4.90,2.61,6.46,6.69,8.08,4.59,6.62,8.96,8.50,8.61,8.50,7.04,5.85,6.17,6.10,4.28,6.68,5.50,5.55,6.80,6.89,6.71,3.25,5.48,5.82,5.80,4.56,5.65,3.79,4.96,2.76,4.58,2.46,2.68,8.54,7.10,5.61,7.28,8.26,4.50,6.58,6.49,6.62,4.58,8.11,5.89,7.80,5.78,6.20,6.62,5.45,6.80,5.40,6.12,4.84,5.31,6.52,7.04,7.20,5.55,3.83,6.15,4.30,5.80,2.50,-2.50,6.30,1,0.80,,7.30,-1.80,6.60,7.70,8,5.90,5.80,5.80,5.30,7.10,5.30,3,,7.30,8,8.50,8.10,6.80,6.90,7.50,7,6.60,5,4.70,9.40,8.10,7.50,6.10,7.10,5.80,6.30,5.10,8.20,8.40,7.30,,7.10,4.70,5,5.90,5.70,6.40,6.80,6.90,6.90,6.90,7.10,6.40,6.30,3.30
2008-12-22 11:10,7.10,6.67,3.07,2.88,0.10,4.72,6.40,4.40,0.34,5.16,2.44,2.92,-0.46,3.72,4.73,0.44,0.92,-0.64,2.10,2.79,1.10,0.49,3.43,,7.11,6.18,5.30,4.22,6.60,4.20,4.36,5.40,-1.86,2.52,2.82,2.93,4.09,3.32,2.74,0.41,0,-0.31,1.10,2.33,3.60,4.21,0.50,0.57,0.36,-0.21,0.50,2.01,1.38,1.97,0.34,1.08,0.87,0.10,0.91,1.93,-0.46,0.80,-1.49,-5.26,-0.38,-2.50,7.68,5.72,4.70,2.43,6.25,6.64,8.15,4.69,6.50,8.99,8.30,8.81,8.75,7.13,6.10,6,6.24,4.29,6.72,5.41,5.61,6.60,6.95,6.74,3.40,5.53,5.54,5.90,4.58,5.90,3.90,5.01,2.83,4.62,2.62,2.64,8.27,7.04,5.37,6.80,8.39,4.60,6.80,6.57,6.89,4.76,8.27,5.96,7.76,5.80,6.20,6.67,5.35,6.50,5,6.13,5.15,5.51,6.33,7.20,7,5.61,4.14,6.08,4.50,,2.40,-2.50,6.40,1,0.80,,,,,,,5.90,6,,5.30,7.20,5.40,2.99,,,,,,,,7.30,7,6.60,5.20,4.70,,,,,7.20,,6.30,5.20,8.10,8.40,7.20,,,4.70,,,5.60,,,6.90,7,6.90,7.10,6.40,6.40,
2008-12-22 11:20,7.30,6.84,3.34,2.96,0.10,4.66,6.58,4.40,0.50,4.98,2.53,2.79,-0.39,3.67,4.53,0.59,0.97,-0.59,2.20,2.81,1.09,0.51,3.51,,7.09,6.09,5.42,3.80,6.74,4.30,4.44,5.68,-1.82,2.64,2.83,3.05,4.58,3.24,2.82,0.51,0.20,-0.12,1.29,2.47,3.60,4.35,0.50,0.58,0.29,-0.21,0.59,1.95,1.32,2.04,0.32,0.84,0.88,0,0.87,2.07,-0.43,0.80,-1.46,-5.20,-0.26,-2.70,6.51,5.45,4.50,2.25,6.11,6.52,8.11,4.82,6.33,8.72,7.60,8.75,8.87,7.14,6.20,6,6.44,4.42,6.72,5.32,5.63,6.50,7.10,6.45,3.41,5.67,5.51,6.10,4.69,6,4.03,5.15,2.90,4.59,2.73,2.64,8.42,6.89,5.89,7.19,8,4.90,6.94,5.27,6.85,4.95,8.33,5.98,7.56,5.68,6.20,6.58,5.18,5.61,4.50,6.12,5.15,5.30,6.36,7.04,7.10,5.58,4.33,6.07,4.60,,2.50,-2.50,6.30,1.10,0.80,,,,,,,5.90,5.90,,5.30,7.10,5.50,3.07,,,,,,,,6.10,7,6.70,5.30,4.80,,,,,7.20,,6.40,5.40,8.10,8.40,7.30,,,4.90,,,5.50,,,6.90,6.90,6.80,7,6.50,6.40,
2008-12-22 11:30,7.30,6.97,3.44,3.13,0.20,4.72,6.87,4.40,0.67,4.88,2.49,2.66,-0.38,3.62,4.48,0.73,0.92,-0.57,2.20,2.92,0.99,0.71,3.27,,7.06,6.11,5.25,3.55,6.86,4.20,4.50,5.78,-1.82,2.64,2.98,3.07,4.60,3.13,2.88,0.63,0.10,-0.24,1.12,2.70,3.60,4.38,0.60,0.56,0.40,-0.19,0.83,1.97,1.26,2.11,0.32,0.89,0.90,0.10,0.82,2.05,-0.39,0.70,-1.47,-5.28,-0.22,-2.82,6.17,5.31,4.40,1.99,6.15,6.69,8.18,4.96,6.16,8.88,7.50,8.51,8.92,7.21,6.26,6.20,6.54,4.50,6.71,5.28,5.60,6.50,7.11,6.32,3.48,5.76,5.68,6.20,4.91,6.15,4.01,5.25,2.89,4.73,2.83,2.66,8.24,6.82,5.99,7.32,7.35,5,6.92,4.15,6.74,4.80,8.15,6.01,7.53,5.57,6,6.54,5.46,5.57,4.60,6.13,5.07,5.14,6.31,6.98,7.10,5.70,4.43,6.08,4.70,,2.80,-2.50,6.20,1,0.80,,,,,,,5.80,5.90,,5.40,7.20,5.70,3.11,,,,,,,,4.90,7.10,6.80,5.30,5,,,,,7,,5.20,5.60,8.10,8.50,7.30,,,5.50,,,5.50,,,6.90,7,6.80,7.20,6.70,6.40,
2008-12-22 11:40,7.80,7.14,3.49,3.12,0.29,4.66,6.95,4.70,0.80,4.99,2.41,2.54,-0.45,3.55,4.59,0.83,0.84,-0.51,2.30,2.72,0.84,0.72,3.31,,6.93,6.06,5.13,3.56,7.01,4.20,4.49,5.79,-1.69,2.70,3.09,3.01,4.63,3.20,2.81,0.69,0,-0.24,1.23,2.78,3.70,4.58,0.60,0.58,0.40,-0.18,1.08,1.93,1.31,2.07,0.38,0.90,1.05,0.20,0.68,2.06,-0.42,0.50,-1.56,-5.31,-0.11,-2.80,6.17,5,4.20,1.79,5.94,6.68,8.21,5.05,6.26,8.95,7.60,7.90,9.11,7.03,6.36,6.30,6.66,4.49,6.87,5.28,5.73,6.50,7.11,6.17,3.35,5.77,5.77,6.20,4.67,6.26,4.15,5.35,2.96,4.73,2.88,2.57,8.18,6.90,6.16,7.35,6.63,5.30,6.89,4.03,6.71,4.85,8.24,6.02,7.14,5.48,5.90,6.56,5.80,5.61,4.90,5.91,4.39,5.35,6.37,6.87,7.20,6,4.35,5.91,4.70,,2.90,-2.90,6.10,1.10,0.90,,,,,,,6,5.90,,5.50,7,5.80,3.33,,,,,,,,4.20,7.10,6.80,5.30,5.10,,,,,7,,5.50,5.60,8.20,8.50,,,,6.80,,,5.50,,,7,6.90,6.90,7.20,6.50,6.40,
2008-12-22 11:50,7.80,7.24,3.60,3.25,0.22,4.76,7.33,4.70,0.81,5.24,2.53,2.51,-0.50,3.58,4.87,0.91,0.90,-0.23,2.20,2.82,0.83,0.56,3.33,,6.85,6.01,5.04,3.71,7.05,4.20,4.36,6.03,-1.55,2.79,3.12,3.04,4.83,3.23,2.83,0.62,-0.20,-0.33,1.17,2.91,3.70,4.53,0.70,0.65,0.17,-0.22,1.08,1.89,1.40,2.06,0.31,0.91,1.13,0.20,0.67,2.02,-0.42,0.70,-1.65,-5.27,-0.13,-2.64,6.34,4.75,4,1.70,5.82,6.24,8.04,5.03,6.41,8.89,8,7.56,9.30,6.89,6.61,6.40,6.85,4.70,7.14,5.35,5.94,6.60,7.11,6,3.46,5.95,5.77,6.20,4.97,6.45,4.17,5.42,2.98,4.78,2.94,2.54,8.27,7.11,6.32,6.88,6.35,5.70,6.96,4.20,6.54,5.02,8.26,5.95,6.92,5.53,5.90,6.66,5.68,5.49,4.90,5.66,4.15,5.28,6.26,6.75,7.20,6.08,4.16,5.73,4.70,,3,-3.10,6.10,1.10,0.90,,,,,,,6.10,5.80,,5.50,7,5.80,3.41,,,,,,,,4.30,7.30,6.90,5.30,5.20,,,,,7.10,,5.40,5.70,8.20,8.50,7.50,,,6.60,,,5.40,,,7,6.60,6.90,7.30,6.50,6.30,
2008-12-22 12:00,7.60,7.40,3.80,3.42,0.49,5.04,7.43,4.50,0.84,5.57,2.56,2.71,-0.49,3.78,4.89,0.92,0.93,-0.35,2,2.76,0.92,0.58,3.34,,6.99,6.07,4.90,4.05,7,4.40,4.17,6.30,-1.61,2.74,3.05,2.94,4.75,3.21,2.71,0.53,-0.10,-0.66,1.21,2.85,3.70,4.58,0.60,0.66,0.03,-0.21,1.08,2.03,1.33,2.11,0.35,1.03,1.07,0.50,0.80,2.14,-0.41,0.60,-1.65,-5.23,-0.37,-2.69,6.46,4.64,3.80,1.64,5.71,5.86,7.92,5.13,6.65,8.41,8.40,7.54,8.78,6.85,7.06,5.80,6.84,4.69,7.19,5.62,6.11,6.60,7.07,6.04,3.43,5.97,5.71,6.20,4.93,6.45,4.21,5.52,2.99,4.83,2.95,2.53,8.27,7.44,6.65,6.54,6.28,5.70,7.17,4.24,6.31,4.99,8.24,5.77,6.85,5.65,6,6.80,5.58,5.45,4.70,5.64,4.32,5.22,6.38,6.70,7,6.02,5.50,5.43,4.70,6.50,3,-3.20,6.20,1.20,0.90,2.50,6.50,-1.80,8.20,7.50,8,6.40,5.80,6.60,5.70,7.10,5.80,3.60,4.50,7.90,8.10,9,8.50,6.70,7.40,4.50,7.40,6.90,5.50,5.50,9.30,8.20,7.80,6.80,7.50,6.10,5.50,5.90,8.20,8.30,7.40,6.90,6.40,6.30,5.60,,5.50,6.60,6.80,7.10,6.70,7.10,7.20,6.40,6.30,2.90
2008-12-22 12:10,7.50,7.46,3.89,3.53,0.34,5.10,7.46,4.50,1.07,5.66,2.57,2.80,-0.49,3.86,5.03,0.88,0.91,-0.25,2,2.63,1.03,0.94,3.45,,7.17,6.23,4.95,4.15,6.97,4.20,4.21,6.34,-1.76,2.67,2.99,2.83,4.72,3.29,2.70,0.40,-0.20,-0.60,0.93,2.70,3.60,4.56,0.50,0.61,-0.14,-0.18,0.96,2.11,1.29,2.19,0.38,1.18,1.13,0.40,0.83,2.27,,0.30,-1.67,-5.19,-0.38,-2.68,6.24,4.31,3.50,1.43,5.55,5.85,7.86,5.38,6.52,7.55,8.30,7.68,8.25,7.04,7.13,6,6.81,4.82,7.37,5.73,6.03,6.70,7.23,6.14,3.57,5.98,6.16,6.20,5.20,6.54,4.26,5.59,3.09,4.83,2.96,2.68,8.13,7.37,6.96,6.67,5.95,5.70,7.26,4.32,6.29,5.01,8.28,5.73,6.81,5.68,6,6.78,5.36,5.37,4.50,5.61,4.45,5.16,6.39,6.71,7,5.75,4.32,5.01,4.80,,3.10,-3.20,6.20,1,1.10,,,,,,,6.40,6.10,,5.70,7,5.80,3.41,,,,,,,,4.60,5.70,5.90,5.70,5.50,,,,,7.50,,5.60,6,8.20,8.30,7.40,,,6.30,,,5.60,,,7,6.90,7.10,7.10,6.40,6.30,
2008-12-22 12:20,7.50,7.40,4.04,3.40,0.31,5.31,7.55,4.70,1.29,5.54,2.63,2.66,-0.52,3.98,5.10,0.88,0.89,-0.28,1.90,2.71,0.89,0.97,3.56,,7.52,6.39,5.05,4.45,6.89,4,4.28,6.09,-1.71,2.67,2.97,2.92,4.75,3.30,2.66,0.38,0,-0.61,0.77,2.85,3.80,4.53,0.50,0.49,-0.18,-0.22,1.01,2.20,1.43,2.18,0.40,1.25,1.28,0.30,0.72,2.38,,0.20,-1.75,-5.18,-0.24,-2.39,6.08,4.21,3.20,1.27,5.28,5.85,7.87,5.32,6.62,8.14,8.20,7.87,8.45,7.10,7.03,6.10,6.34,4.84,7.18,5.74,6,6.70,7.27,6.15,3.76,6.06,6.59,6.10,5.53,6.35,4.36,5.63,3.18,4.79,3.07,2.51,8.12,7.40,7.44,6.78,5.87,5.60,6.01,4.42,6.45,4.95,8.33,5.84,6.27,5.69,5.90,6.71,5.31,5.60,4.30,5.32,4.36,4.97,6.30,6.84,7,5.38,4.59,4.96,5,,3.30,-3.30,6.30,1,1.20,,,,,,,6.30,6.30,,5.70,7.10,5.80,3.44,,,,,,,,4.70,4.70,5.60,5.80,5.60,,,,,7.50,,5.40,6.10,8.30,8.40,7.50,,,6.30,,,5.50,,,7,7,7.10,7,6.40,6.20,
2008-12-22 12:30,7.50,7.52,4.20,3.97,0.43,5.25,7.63,5,1.25,5.51,2.86,2.63,-0.44,4.17,5.19,0.94,0.90,-0.21,1.80,2.80,0.81,0.91,3.66,,7.63,6.43,5.21,4.48,6.72,4,4.21,5.82,-1.57,2.74,3.15,2.93,4.72,3.34,2.72,0.40,0,-0.61,0.68,3.31,3.80,4.32,0.60,0.52,-0.30,-0.24,0.98,2.09,1.39,2.42,0.42,1.28,1.41,0.30,0.95,2.33,,0.40,-1.68,-5.19,-0.16,-2.46,5.98,4.22,3.30,1.26,4.82,5.50,7.85,5.26,6.74,8.03,8.30,7.84,8.42,6.92,6.64,6.20,6.69,5.01,7.15,5.99,6.19,6.70,7.34,6.22,3.71,6.17,6.14,6.20,5.88,6.25,4.37,5.71,3.23,4.72,3.18,2.50,7.73,7.53,7.49,7.04,6.06,5.60,3.65,4.60,6.53,4.90,8.39,5.99,5.89,5.56,5.70,6.62,5.25,5.69,4.60,5.28,4.25,4.62,6.15,6.93,7,5.30,4.61,5.13,5,,3.20,-3.40,6.10,1,1.30,,,,,,,6.40,6.40,,5.70,7.20,6,3.40,,,,,,,,4.70,4.50,5.50,5.70,5.70,,,,,7.50,,5.40,6,8.30,8.40,7.40,,,6.50,,,5.60,,,7.10,6.90,7.10,6.90,6.30,6.10,
2008-12-22 12:40,7.40,7.31,4.28,5.84,0.50,5.57,7.53,5.20,1.38,5.45,2.89,2.58,-0.55,4.27,5.13,0.96,1.02,-0.24,1.70,2.79,0.81,0.60,3.52,,7.49,6.31,5.19,4.57,6.75,4,4.49,5.75,-1.48,2.68,3.15,3.06,4.70,3.30,2.68,0.23,0,-0.73,1.12,3.30,3.80,4.06,0.50,0.57,0,-0.20,0.99,1.90,1.36,2.47,0.52,1.36,1.53,0.30,1.05,2.39,,0.50,-1.83,-5.20,-0.12,-2.47,6.06,4.19,3.40,1.42,4.64,5.18,7.60,5.28,6.65,8.09,8.50,7.42,8.30,6.82,6.09,6.20,6.71,5.38,7.05,6.22,6.17,6.90,7.29,6.27,3.85,6.16,6.14,6.30,5.83,6.15,4.50,5.74,3.31,4.85,3.23,2.63,7.55,7.65,7.59,7.13,6.44,5.70,3.40,4.75,6.63,4.96,8.41,5.85,6.02,5.49,5.50,6.34,5.04,5.59,4.80,5.44,4.16,4.35,6.12,7.03,7.20,5.37,4.95,5.20,4.90,,3.20,-3.50,6.10,1.40,1.30,,,,,,,6.50,6.40,,5.70,7.40,6.10,3.39,,,,,,,,5,4.50,5.40,5.80,5.70,,,,,7.40,,5.60,6,8.30,8.40,7.50,,,6.50,,,5.40,,,7,6.80,7.10,7,6.30,5.80,
2008-12-22 12:50,7.50,7.25,4.34,6.27,1.01,6.27,7.31,5.50,1.51,5.42,2.92,2.54,-0.44,4.21,5.18,0.89,1.11,-0.24,1.70,2.73,0.68,0.69,3.36,,7.25,6.39,5.08,4.43,6.81,3.80,4.63,5.74,-1.38,2.48,3.11,3.07,5.02,3.16,2.66,0.44,-0.30,-0.86,0.89,3.26,3.70,3.86,0.50,0.53,0.27,-0.30,0.92,1.81,1.41,2.53,0.74,1.41,1.57,0.20,1.11,2.47,,0.50,-1.74,-5.15,-0.24,-2.46,5.90,4.20,3.40,1.46,4.63,5.03,7.54,5.15,6.63,8.28,8.40,7.22,8.28,6.96,5.77,6,6.59,5.29,7.21,6.31,6.18,6.90,7.20,6.40,3.87,6.18,6.34,6.40,5.76,6.30,4.72,5.74,3.37,4.87,3.31,2.62,7.48,7.57,7.60,7.28,6.91,5.90,3.68,4.92,6.68,5.04,8.42,5.71,6.04,5.63,5.60,6.14,4.87,5.60,4.90,5.62,3.83,3.81,6.03,7.15,7.20,5.34,5.03,5.29,4.80,,3,-3.60,6.10,1.30,1.30,,,,,,,6,6.80,,5.70,7.30,6.20,3.34,,,,,,,,5.20,4.30,5.30,5.80,5.70,,,,,7.40,,5.60,4.60,8.30,8.40,7.50,,,6.40,,,4.40,,,7,7,7.20,6.90,6.20,5.50,
2008-12-22 13:00,7.30,7.08,4.41,6.42,1.79,6.61,6.87,6.30,1.49,5.39,2.96,2.76,-0.43,4.04,5.27,1,1.14,-0.18,1.70,2.72,0.56,0.73,3.47,,7.06,6.61,5.21,4.38,6.88,3.80,4.73,5.80,-1.39,2.35,2.90,3.01,5.16,3.23,2.59,0.28,-0.30,-0.93,1.04,3.25,3.60,3.79,0.50,0.48,0.01,-0.38,0.79,1.82,1.37,2.42,0.83,1.23,1.67,0.20,1.12,2.30,,0.40,-1.83,-5.16,-0.21,-2.54,5.87,4.23,3.30,1.38,4.61,5.02,7.61,5.14,6.19,8.28,8,7.42,8.26,6.96,5.63,6,5.99,4.77,7.30,6.13,6.37,6.90,7.17,6.61,3.82,6.16,6.24,6.40,5.91,6.43,4.86,5.79,3.42,4.86,3.30,2.54,7.48,7.46,7.60,7.34,7.11,6,3.77,5,6.59,5.05,8.38,5.80,6.15,5.71,5.70,5.93,4.73,5.72,5.10,5.75,3.80,3.89,6.01,7.10,7.30,5.04,4.97,5.46,4.70,6.20,2.90,-3.60,6.10,1.20,1.30,2.40,6.20,-2.20,7.40,7.50,8.40,5.60,6.70,6.60,5.80,7.20,6.30,3.40,,7.70,8.50,9.10,8.50,7.20,6.10,5.30,4.50,5.20,5.80,5.90,9.10,8,7.30,7.10,7.20,6.30,5.50,4.20,8.30,8.60,7.30,6.10,7,6.40,5.40,,3.90,6.40,6.80,7,7,7.10,7,6.30,5.40,4
2008-12-22 13:10,7.10,7.01,4.48,6.18,1.80,6.35,6.55,6.60,1.54,5.39,2.78,2.71,-0.38,4.02,5.20,1.05,1.23,-0.19,1.70,2.76,0.75,0.79,3.67,,7.07,6.71,5.55,4.55,6.75,3.90,4.84,5.49,-1.46,2.45,2.88,2.96,4.80,3.23,2.46,0.48,-0.30,-0.97,0.64,3.51,3.40,3.88,0.60,0.37,-0.22,-0.47,0.79,1.96,1.25,2.36,0.74,1.21,1.51,0.10,1.16,2.16,,0.50,-1.81,-5.02,-0.27,-2.65,5.97,4.28,3.50,1.30,4.68,5.08,7.62,5.02,5.83,8.23,7.80,7.30,7.10,6.86,5.12,5.90,5.78,4.52,7.13,6.25,6.32,7,7.13,6.95,3.90,6.18,6.15,6.30,6,6.56,4.87,5.95,3.28,5.09,3.25,2.59,7.52,7.59,7.64,7.24,6.98,6,3.97,4.84,6.55,5.01,8.40,5.81,5.96,5.58,5.60,6.01,4.66,5.72,5.10,5.83,4.02,3.97,6.01,7.12,7.40,5.11,4.68,5.54,4.60,,2.80,-3.60,5.90,1.20,1.30,,,,,,,5.90,6.80,,5.80,7.20,6.40,3.32,,,,,,,,5.50,4.80,5.20,5.80,5.80,,,,,7.20,,5.20,4,8.30,8.60,7.30,,,6.40,,,3.70,,,6.90,6.90,7.10,7.10,6.30,5.40,
2008-12-22 13:20,7.10,7.20,4.50,6.03,2.20,6.32,6.33,6.60,1.53,5.16,3,2.68,-0.30,4.15,4.96,0.90,1.13,-0.26,1.70,2.69,0.66,1.01,3.53,,7.18,6.53,5.50,4.74,6.64,4,4.66,5.40,-1.48,2.61,2.97,2.88,4.78,3.14,2.52,0.47,-0.30,-0.99,0.86,3.52,3.50,3.98,0.70,0.26,-0.13,-0.53,0.72,1.82,1.25,2.25,0.70,1.40,1.41,0,1.17,2.18,,0.40,-1.79,-4.90,-0.39,-2.54,6.35,4.38,3.50,1.20,4.66,4.78,7.50,5.07,5.67,8.23,7.20,7.16,6.30,6.75,5.14,5.90,5.61,4.35,6.98,6,6.20,7.20,7.10,7,3.88,6.26,6.14,6.30,5.95,6.57,5.05,6.10,3.20,5.21,3.28,2.54,7.63,7.47,7.37,7.30,6.90,6.10,4.24,4.82,6.55,4.15,8.31,5.86,5.94,5.53,5.60,5.73,4.69,5.46,5,5.74,3.95,3.81,5.93,7.17,7.30,4.93,5.09,5.49,4.60,,2.80,-3.70,5.90,1.70,1.30,,,,,,,6.10,6.50,,6.10,7.20,6.40,3.26,,,,,,,,5.70,5,5.20,5.40,6,,,,,7.10,,5.20,4,8.20,8.60,6.90,,,6.30,,,3.60,,,6.90,6.90,7.10,7.10,6.20,5.40,
2008-12-22 13:30,7.20,7.22,4.48,5.93,2.20,6.17,6.47,6.60,1.71,4.78,3.25,2.76,-0.24,3.96,4.30,0.89,1.15,-0.46,1.80,2.82,0.83,1.13,3.59,,7.26,6.28,5.21,4.65,6.48,4,4.62,5.47,-1.49,2.60,3.04,2.88,4.62,3,2.56,0.47,-0.30,-1.02,0.73,3.58,3.30,3.88,0.70,0.41,-0.19,-0.63,0.57,1.74,1.09,2.17,0.59,1.25,1.34,0,1.14,2.10,,0.30,-1.83,-5.04,-0.39,-2.77,6.65,4.34,3.50,1.21,4.56,5.02,7.37,5.10,5.66,8.22,7.20,6.54,6.80,6.89,5.16,5.60,5.60,4.22,7.02,5.08,6.30,7.10,7.29,6.87,3.51,6.24,6.44,6.40,6.15,6.34,5.07,6.22,3.02,5.25,3.26,2.44,7.66,7.29,6.79,7.27,6.72,6.10,4.30,4.89,6.68,3.09,8.35,5.84,6.03,5.57,5.60,5.79,4.75,5.30,4.90,5.70,3.93,4.01,5.85,7.13,7.40,4.81,5.09,5.47,4.60,,2.70,-3.70,5.80,2,1.10,,,,,,,6.10,6,,6.20,7.20,6.20,3.28,,,,,,,,5.70,5.10,5,5.10,6,,,,,6.90,,5.20,4.10,8.20,8.70,6.90,,,6,,,3.60,,,6.80,6.80,7.10,7.10,6.20,5.40,
2008-12-22 13:40,7.30,7.21,4.53,6.12,2.40,6.09,6.34,6.50,1.78,4.61,3.25,2.60,-0.25,3.67,4.29,1.53,1.15,-0.45,1.80,2.81,0.83,1.01,3.56,,7.09,6.08,5.16,4.52,6.59,3.90,4.60,5.47,-1.41,2.61,3.01,2.95,4.08,2.79,2.54,0.35,-0.20,-1.06,0.54,3.31,3.40,3.88,0.60,0.51,-0.30,-0.59,0.22,1.78,1.14,2.03,0.42,1.06,1.29,-0.10,1.21,2.04,,0.20,-1.81,-5.13,-0.47,-2.84,6.70,4.27,3.50,1.16,4.65,5.08,7.37,5.01,5.59,7.96,7.40,6.44,6.90,6.73,5.28,5.50,5.47,4.67,6.89,4.73,6.16,7,7.34,6.63,2.88,6.16,6.40,6.40,6.04,6.35,5.13,6.22,3.05,5.33,3.23,2.44,7.72,7.33,6.82,7.36,6.72,6.20,4.43,4.95,6.60,3.10,8.38,5.94,6.14,5.54,5.60,5.80,4.84,5.26,4.90,5.57,3.77,4.32,5.78,7.13,7.40,4.70,5.01,5.29,4.60,,2.70,-3.70,5.80,1.90,1,,,,,,,6,6.20,,5,7.20,6.20,3.16,,,,,,,,5.80,5.30,4.90,4.80,5.30,,,,,6.70,,5.20,4.10,8.20,8.70,6.70,,,5.90,,,3.60,,,6.90,6.80,7.10,7,6.10,5.50,
2008-12-22 13:50,7.10,6.95,4.62,6.04,2.10,6.18,5.90,6.50,1.71,4.69,3.45,2.53,-0.22,3.47,4.30,1.97,1.03,-0.55,1.80,2.61,1.03,0.91,3.41,,6.60,6.10,5.39,4.28,6.61,3.70,4.70,5.24,-1.44,2.58,2.90,3.01,3.82,2.61,2.47,0.32,-0.30,-0.98,0.49,3.55,3.50,3.96,0.60,0.50,-0.22,-0.52,0.11,1.81,0.99,1.94,0.36,1.19,1.39,-0.10,1.16,2.04,,0.30,-1.81,-5.25,-0.62,-2.73,6.56,4.30,3.40,1.10,4.63,4.99,7.49,4.79,5.68,7.70,7.50,6.41,7.30,6.68,5.25,5.30,5.54,4.39,6.44,4.65,6.15,6.90,7.38,6.56,2.37,6,6.32,6.40,6.28,6.56,4.91,6.33,3.09,5.52,3.17,2.50,7.56,7.21,7.17,7.25,6.72,6.20,4.42,5.13,6.48,3.01,8.25,5.93,6.10,5.34,5.50,5.69,4.76,5.23,4.90,5.44,3.57,4.24,5.87,7.14,7.50,4.65,5.28,5.26,4.50,,2.70,-3.80,5.60,1.80,1,,,,,,,6.10,6.10,,5,7.20,6.20,3.22,,,,,,,,6,5.30,5,4.60,4.90,,,,,6.50,,5.30,4.10,8.10,8.70,6.70,,,5.90,,,3.70,,,6.80,7.10,7.10,7.10,5.90,5.50,
2008-12-22 14:00,6.80,6.45,4.35,6.15,2.30,6.16,5.79,6.10,1.46,4.65,3.40,2.51,-0.27,3.52,4.39,2.03,1.02,-0.59,1.80,2.45,1.07,0.64,3.23,,6.45,6.52,5.97,4.05,6.75,3.70,4.61,5.12,-1.37,2.33,2.97,2.76,3.75,2.57,2.50,0.36,-0.40,-1.17,0.75,3.25,3.30,4.10,0.60,0.49,-0.35,-0.52,0.17,1.74,1.03,1.90,0.33,1.32,1.49,-0.10,0.90,1.98,,0.10,-1.76,-5.34,-0.66,-2.68,6.87,4.32,3.40,1.16,4.63,4.86,7.31,4.60,5.75,7.58,7.10,6.16,7.12,6.41,5.44,5.30,5.41,4.40,5.75,4.52,6.09,7,7.54,6.42,2.33,5.48,5.83,6.20,6.19,6.62,4.22,6.22,3.19,5.67,3.11,2.55,7.59,6.98,7.33,7.09,6.70,6.20,4.56,5.25,6.46,2.88,8.06,5.87,5.96,5.38,5.40,5.70,4.75,5.11,4.80,5.25,3.42,4.11,5.52,7.09,7.60,4.46,5.32,5.23,4.40,5.70,2.70,-3.90,5.60,1.80,1.10,2.20,5.90,-3.10,7,7.30,6.60,5.90,6.30,6,4.60,7.20,1.90,3.50,,7.40,7.90,8.10,7.90,6.20,6.60,6,5.30,5,4.50,4.60,8.60,7.90,7,6.70,6.30,6.20,5.30,4.20,8,8.80,7.10,5.90,6.40,5.70,5,6,4.10,6.60,6.40,6.80,7.10,7.10,7.10,5.70,5.60,3.60
2008-12-22 14:10,6.40,5.98,3.85,5.57,2.20,5.85,5.60,6.10,1.17,4.62,3.47,2.78,-0.16,3.66,4.37,1.99,1.10,-0.60,1.80,2.13,0.89,0.65,3.14,,6.32,6.71,6.34,3.82,6.78,3.60,4.61,5.07,-1.30,2.26,2.83,2.65,3.58,2.56,2.35,0.30,-0.70,-1.23,0.68,2.86,3.10,4.17,0.80,0.48,-0.12,-0.54,0.11,1.79,1.03,2.10,0.34,1.28,1.44,-0.10,0.85,1.77,,0.10,-1.73,-5.21,-0.64,-2.47,6.65,4.31,3.40,1.21,4.57,4.92,7.21,4.44,5.87,7.42,7,6.01,7,6.36,5.34,5.49,5.38,4.12,5.85,4.42,6.06,6.90,7.34,6.02,2.19,5.31,5.79,6,6.19,6.82,4.02,6.24,3.23,5.68,3.17,2.54,7.65,7.08,7.23,6.97,6.38,6.10,4.64,5.43,6.50,2.77,8.12,5.77,6.01,5.31,5.40,5.67,4.75,5.10,4.70,5.24,3.66,3.98,5.44,6.99,7.60,4.10,5.20,5.24,4.40,,2.70,-4,5.50,1.80,1.20,,,,,,,5.80,6.50,,4.60,7,1.60,3.35,,,,,,,,6.10,5.20,5,4.40,4.60,,,,,6.20,,5.40,4.30,8,8.80,7.10,,,5.70,,,4.20,,,6.80,7.10,7.20,7.10,5.70,5.60,
2008-12-22 14:20,6,5.82,3.49,5.09,2.10,5.94,5.50,5.90,0.91,4.85,3.54,3.13,-0.05,3.55,3.55,2.08,1.16,-0.60,1.80,2.09,0.66,0.67,3.03,,5.75,6.42,6.47,3.86,6.62,3.60,4.43,4.95,-1.38,2.33,2.93,2.73,3.52,2.55,2.18,0.31,-1,-1.53,0.43,2.75,3.10,4.27,1.40,0.54,-0.16,-0.46,0.16,1.82,0.83,1.99,0.27,1.38,1.45,-0.10,0.86,1.62,,0,-1.63,-5.06,-0.51,-2.10,6.71,4.45,3.50,1.18,4.43,4.81,7.25,4.44,5.87,7.49,6.80,5.95,6.60,6.52,5.21,5.25,5.38,3.89,6.23,4.29,6,5.70,7.08,5.99,2.11,5.16,5.32,6.30,6.17,6.96,3.80,5.81,3.36,5.74,3.18,2.59,7.48,7.19,6.56,6.84,5.91,6.10,4.63,5.50,6.38,2.81,8.18,5.79,5.86,5.24,5.30,5.63,4.69,5.23,4.60,5.32,3.78,3.76,5.58,6.78,7.60,4.03,5.03,5.29,4.50,,2.60,-4.20,5.40,1.80,1.20,,,,,,,5.60,6.20,,4.60,6.90,1.80,3.98,,,,,,,,6,5.60,5,4.40,4.50,,,,,6.10,,5.50,4.30,7.90,8.70,,,,5.60,,,4.60,,,6.90,7,7.10,7,5.70,5.60,
2008-12-22 14:30,5.70,5.58,3.22,4.91,2.10,5.72,5.43,5.80,1.18,5.02,3.51,3.49,-0.21,3.61,3.50,2.11,1.53,-0.78,1.60,2.11,0.51,0.37,2.89,,5.73,6.36,6.39,3.74,6.29,4.10,4.38,4.82,-1.24,2.27,2.56,2.62,3.66,2.60,2.13,0.35,-1.30,-1.98,-0.04,2.89,3,4.75,1.50,0.63,-0.40,-0.46,0.20,1.53,0.91,1.94,0.27,1.54,1.61,-0.10,0.89,1.71,,-0.10,-1.74,-5,-0.52,-2.46,6.70,4.47,3.40,1.33,4.46,4.89,7.08,4.27,5.88,7.56,6.90,6.07,6.50,6.42,5.03,5.12,4.99,3.79,6.20,4.11,5.82,5.40,6.81,6.03,2.04,4.96,5.24,6.20,6.04,7.12,3.74,4.08,3.57,5.44,3.29,2.58,7.33,7.05,6.70,6.78,5.88,6.20,4.88,5.52,6.31,2.97,8.16,5.76,5.69,5.15,5.30,5.64,4.63,5.32,4.70,5.40,3.87,3.76,5.55,6.69,7.50,3.99,5.24,5.34,4.50,,2.60,-4.50,5.30,1.70,1.30,,,,,,,5.30,6,,4.60,6.80,1.90,4.31,,,,,,,,6.10,5.60,4.90,4.30,4.70,,,,,6.10,,5.50,4.30,7.90,8.80,7.30,,,5.60,,,4.50,,,6.80,7,7.10,6.90,5.70,5.70,
2008-12-22 14:40,5.50,5.81,3.10,4.78,1.90,5.73,5.59,5.60,1.12,5.31,3.63,3.50,-0.09,3.63,3.41,2.26,1.63,-0.86,1.70,2.12,0.47,0.54,2.89,,5.77,6.33,6.40,3.56,5.79,4.30,4.22,4.63,-1.21,2.17,2.55,2.62,3.46,2.80,2.13,0.23,-1.50,-1.97,-0.06,3.06,3,4.80,1.20,0.85,-0.49,-0.38,0.07,1.72,0.99,1.96,0.35,1.40,1.55,-0.20,0.92,1.44,,-0.20,-1.76,-4.98,-0.49,-2.34,6.53,4.50,3.50,1.21,4.58,4.52,7.10,4.02,5.87,7.66,6.90,6.21,6.30,6.50,4.99,5.23,5.20,3.71,6.01,3.96,5.74,5.40,6.60,6.09,1.95,5.01,4.71,6,5.97,6.68,3.37,3.41,3.54,4.96,3.29,2.71,7.26,6.97,6.75,6.82,5.62,6.20,4.74,5.63,6.48,3.04,8.04,5.83,5.55,5.21,5.30,5.74,4.59,5.23,4.60,5.41,4.04,3.87,5.66,6.78,7.50,3.88,5.19,5.27,4.50,,2.50,-4.60,5.20,1.60,1.30,,,,,,,5.30,5.80,,4.40,6.80,1.90,4.46,,,,,,,,6,5.60,4.90,4.20,4.70,,,,,6.10,,5.60,4.20,7.90,8.80,7.30,,,5.70,,,4.50,,,6.80,6.80,7.30,6.90,5.70,5.20,
2008-12-22 14:50,5.40,5.64,2.98,4.92,1.60,5.52,5.46,5.30,0.90,5.25,3.41,3.54,-0.07,3.67,3.54,2.31,2.13,-1.29,2.40,2,0.57,0.36,2.95,,5.89,6.25,6.21,3.41,5.43,4.40,4.02,4.73,-1.25,2.11,2.50,2.51,3.90,2.86,2.03,0.21,-1.70,-2.03,-0.04,3.60,2.90,4.83,1.30,0.81,-0.32,-0.38,0.15,2.05,1.09,2.07,0.35,1.50,1.59,-0.10,0.85,1.46,,-0.20,-1.74,-4.89,-0.58,-2.04,6.64,4.49,3.50,1.29,4.45,4.57,6.95,4.01,5.82,7.76,7.20,6.46,6.20,6.47,4.80,5.32,5.12,3.52,5.92,3.98,5.74,5.10,6.55,5.91,1.99,4.71,4.66,5.90,5.81,6.65,3.21,3.23,3.56,4.75,3.29,2.58,7.18,7.10,6.81,6.99,5.34,6,4.88,5.46,6.05,2.76,8.03,5.86,5.61,5.10,5.30,5.66,4.59,5.22,4.70,5.27,3.99,3.76,5.78,6.71,7.50,3.77,5.16,5.30,4.40,,2.30,-4.70,5.30,2.20,1.30,,,,,,,5.10,5.80,,4.40,6.10,2.10,5.15,,,,,,,,5.70,5.50,4.90,4.10,4.50,,,,,6.10,,5.70,4.30,7.70,8.70,7.30,,,5.60,,,4.40,,,6.80,6.70,7.20,6.70,5.60,5.40,
2008-12-22 15:00,5.30,5.45,2.71,5.11,1.50,5.34,5.40,5.30,0.79,5.23,3.23,3.56,-0.15,3.40,3.80,2.45,1.90,-1.69,3.20,1.92,0.35,0.27,2.94,,5.96,6.10,6.03,3.37,5.19,4.50,3.74,4.69,-1.36,2.13,2.53,2.40,4.16,3.19,1.27,0.13,-2.10,-2.42,-0.11,4.28,2.60,5.16,1,0.62,-0.19,-0.36,0.29,2.16,1.17,2.27,0.41,1.67,2.01,-0.10,1.05,1.64,-0.84,-0.10,-1.72,-4.87,-0.60,-2.24,6.64,4.59,3.50,1.31,4.44,4.63,6.84,3.91,5.64,7.57,7.40,6.75,6.10,6.58,5.03,5.28,5.02,3.36,5.61,4.10,5.60,5,6.53,5.71,2.05,4.55,4.92,5.80,5.54,6.44,3.21,3.23,2.84,4.41,3.21,2.57,7.19,7.12,6.85,7,5.48,5.70,4.99,5.40,6.10,2.80,8.05,5.90,5.56,5.07,5.30,5.52,4.51,5.50,4.80,5.27,3.90,4.16,5.86,6.61,7.60,3.82,5.45,5.24,4.40,4.80,2.30,-5,5.90,2.70,1.70,2.10,6.10,-3.60,6.10,6.90,6.30,4.90,5.60,5.10,4.50,5.70,2.70,5.90,4.20,7.20,7.80,7.10,7.40,6.40,6.40,5.70,5.60,5.10,4,4.40,8.50,7.70,6.80,6.40,6.20,6.20,5.70,4.40,7.50,8.60,7.20,5.60,6.40,5.50,5.20,5.90,4.40,6.80,6.70,6.70,6.60,7.20,6.80,5.80,5.40,3.30
2008-12-22 15:10,5.50,5.29,2.74,5.02,1.40,5.31,5.26,5.10,0.65,5.10,3.22,3.43,-0.15,3.20,3.80,2.58,1.82,-1.80,3.20,1.87,0.24,-0.03,2.87,,5.79,5.93,5.81,3.33,5.41,4.50,3.59,4.79,-1.40,2.08,2.65,2.53,4.12,3.11,1.22,0.23,-2.50,-3.05,-0.52,4.53,2.60,5.26,0.80,0.53,-0.14,-0.35,0.52,2.24,1.67,2.48,0.55,2.05,2.40,-0.10,1.16,2,-0.80,0,-1.60,-4.94,-0.45,-2.05,6.42,4.54,3.50,1.28,4.47,4.61,6.81,3.72,5.56,7.24,7.30,6.66,6.40,6.52,4.84,5.25,4.90,3.44,5.55,3.99,5.34,4.70,6.27,5.53,2.13,4.50,4.24,5.70,5.24,6.39,3.13,3.52,2.03,4.14,3.36,2.82,7.47,6.92,6.49,7.10,5.81,5.40,5.08,5.37,6.01,2.97,7.96,5.79,5.65,5.13,5.30,5.27,4.50,5.50,4.70,5.33,3.89,4.14,5.95,6.37,7.70,3.71,5.12,5.26,4.30,,2.40,-5.10,6.30,2.90,2.20,,,,,,,4.80,5.60,,4.50,5.60,4.20,5.42,,,,,,,,5.50,5.60,5.20,4,4.50,,,,,6.30,,5.80,4.40,7.40,8.60,7.20,,,5.40,,,4.60,,,6.60,6.50,7,6.80,5.80,5.40,
2008-12-22 15:20,5.50,4.91,2.83,5.07,1.50,5.17,4.93,5,0.55,4.99,3.14,3.40,-0.09,3,3.61,2.52,1.68,-1.79,2.90,1.76,0.39,-0.28,2.67,,5.69,5.75,5.59,3.16,5.53,4.20,3.78,5.44,-1.52,2.20,2.84,2.84,4.23,3.24,1.43,0.28,-2.70,-3.31,-0.89,4.51,2.60,5.06,0.60,0.55,0.09,-0.44,0.79,2.26,1.98,2.92,0.70,2.35,1.95,-0.10,1.17,2.11,-0.79,0.10,-1.63,-4.90,-0.29,-1.69,6.39,4.53,3.50,1.28,4.50,4.85,6.85,3.40,5.41,6.98,7.20,6.53,6.80,6.30,4.85,5.14,4.72,3.58,5.52,4.08,5.05,5.10,6.12,5.47,2.29,4.36,3.94,5.40,5.41,6.05,3.15,3.41,2.43,3.93,3.33,2.66,7.57,6.71,6.45,7.03,5.77,5.20,5.06,5.37,6.04,3.18,7.82,5.69,5.88,5.08,5.30,5.19,4.52,5.39,4.70,5.38,3.92,4.30,6.13,6.20,7.80,3.77,5.19,5.24,4.40,,2.30,-5.40,6.50,2.40,2.40,,,,,,,4.60,5.50,,4.70,5.30,4.30,5.29,,,,,,,,5.60,5.10,5.20,4,4.20,,,,,6.30,,5.80,4.60,7.20,8.60,7.20,,,5.20,,,4.70,,,6.60,6.50,6.90,6.90,5.80,5.40,
2008-12-22 15:30,5.50,4.29,2.88,4.94,1.50,4.98,4.77,4.90,0.47,5.08,3.12,3.36,-0.12,2.89,3.42,2.51,1.47,-1.87,3,1.62,0.31,-0.40,2.54,,5.58,5.60,5.53,3.18,5.35,4.10,3.86,5.50,-1.58,2.89,2.78,2.67,4.91,3.71,1.31,0.39,-2.90,-3.45,-1.23,5.03,2.50,4.86,0.90,0.61,0.71,-0.54,2.40,2.66,2.16,3.16,0.88,2.25,1.74,-0.10,0.99,2.12,-0.80,0.30,-1.53,-4.71,-0.04,-1.87,6.33,4.59,3.50,1.27,4.58,4.72,6.88,3.16,5.38,7.16,7.10,6.51,7,6.34,4.92,5.18,4.68,3.48,5.68,4.30,4.82,5.50,5.80,5.31,2.25,4.34,4.59,5.20,5.27,5.72,2.99,3.34,2.65,3.79,3.27,2.66,7.50,5.78,6.55,7,5.96,5,4.78,5.52,6.02,3.40,7.83,5.69,5.93,5.07,5.40,5.16,4.49,5.31,4.60,5.35,4.07,4.24,6.23,6.27,7.70,3.87,5.19,5.29,4.30,,2.20,-5.60,6.30,1.80,2.10,,,,,,,4.60,5.50,,4.60,5,4.70,5.05,,,,,,,,5.50,4.90,5.30,4,4.40,,,,,6.20,,5.90,4.80,7.10,8.50,7.20,,,5.20,,,4.70,,,6.70,6.50,6.80,6.80,5.80,5.40,
2008-12-22 15:40,5.60,3.91,2.72,4.86,1.50,4.84,4.67,5,0.37,4.97,2.98,3.36,-0.34,2.68,3.29,2.63,1.52,-2.01,2.80,1.59,0.19,-0.48,2.31,,5.42,5.52,5.76,3.04,5.44,4,3.96,5.44,-1.57,2.71,2.91,2.59,5.15,3.64,1.30,0.31,-3.20,-3.77,-1.35,5.08,2.40,4.69,1.40,0.68,0.77,-0.54,2.68,3.16,2.34,3.03,0.87,1.98,1.56,-0.10,0.87,2.02,-0.74,0.30,-1.67,-4.80,0.41,-1.82,6.21,4.61,3.50,1.23,4.63,4.71,6.98,3.03,5.19,7.12,7,6.38,6.90,6.27,4.91,4.99,4.75,3.45,5.69,4.38,4.75,5.60,5.35,5.10,2.19,4.72,4.06,5.20,5.19,5.49,3.09,3.30,2.77,3.75,3.06,2.83,7.57,5.41,6.48,6.99,6.12,5.20,4.97,5.33,5.94,3.56,7.69,5.78,5.94,5.03,5.40,5.04,4.57,5.23,4.60,5.24,4.10,4.23,6.12,6.23,7.70,4.19,5.03,5.13,4.40,,2.10,-6.10,6.20,2.50,1.60,,,,,,,4.60,5.60,,4.60,4.90,4.80,4.95,,,,,,,,5.50,5.10,5.40,3.90,4.30,,,,,6.30,,5.90,4.90,7,8.50,7.20,,,5.20,,,4.70,,,6.80,6.60,6.60,6.80,5.80,5.40,
2008-12-22 15:50,5.50,3.70,2.63,4.94,1.50,4.76,4.48,4.90,0.31,4.85,2.79,3.38,-0.44,2.73,3.17,2.50,1.58,-1.92,2.40,1.47,-0.07,-0.37,2.10,,5.38,5.31,5.71,3.12,5.32,4,3.90,5.24,-1.68,2.44,2.91,2.77,4.77,3.54,1.18,0.54,-3.40,-4.30,-1.65,5.23,2.20,4.77,1.50,0.95,0.85,-0.38,2.84,3.40,1.69,2.62,0.68,1.84,1.44,-0.10,0.83,1.91,-0.77,0.20,-1.71,-4.76,0.61,-1.35,6.34,4.56,3.70,1.20,4.68,4.76,7.05,3.07,5.29,7.14,7,6.35,6.60,6.49,5.01,4.84,4.68,3.30,5.50,4.27,4.61,5.50,5,4.91,2.32,4.78,4.42,5.20,5.07,5.59,3.21,3.05,2.83,3.71,2.90,2.83,7.59,5.30,6.39,7.08,6.12,5.50,5.13,5.12,5.97,3.88,7.65,5.88,6.07,5.04,5.40,4.94,4.39,5.27,4.50,5.11,4.05,4.33,6.18,6.07,7.70,5.84,4.29,5.15,4.30,,2,-6.30,6,2.60,1.60,,,,,,,4.70,5.50,,4.60,5.30,4.80,4.94,,,,,,,,5.60,5.40,5.50,3.90,4.40,,,,,6.30,,5.90,4.90,7,8.40,7.10,,,5.10,,,4.70,,,6.80,6.60,6.70,6.70,5.90,5.40,
2008-12-22 16:00,5.50,3.76,2.57,4.88,1.50,4.57,4.48,5,0.42,4.80,2.94,3.33,-0.56,2.81,3.20,2.51,1.54,-1.84,2.10,1.30,-0.41,-0.47,2.11,,5.49,5.24,5.65,3.22,5.20,3.90,4.16,5.27,-1.85,2.83,2.93,3.01,4.57,3.57,1.06,0.48,-3.60,-4.45,-1.94,5.23,2.10,4.79,1.70,1.05,0.79,-0.31,3,3.32,1.58,1.94,0.56,1.69,1.53,0,0.82,1.89,-0.78,-0.10,-1.66,-4.54,0.53,-2.21,6.53,4.42,3.60,1.17,4.76,4.76,7.16,3.23,5.23,7.19,7,6.29,6.50,6.29,4.97,4.66,4.69,3.09,5.32,4.33,4.48,5.50,4.80,4.73,2.32,4.67,4.60,5.10,5.01,5.51,3.29,2.98,2.80,3.62,2.83,2.57,7.50,5.47,6.31,7.14,5.94,5.60,5.12,4.86,5.88,4.02,7.49,5.95,6.08,5.03,5.20,4.85,4.63,5.27,4.50,5.01,3.95,4.37,6.26,6.05,7.70,6.07,4.11,5.16,4.10,4.50,1.80,-6.40,6,3,1.20,2.20,6.20,-3.60,5.30,6.80,5.40,4.60,5.50,3.90,4.20,5.50,4.80,5.30,3.30,7.10,7.80,7.20,7.20,6,6.10,5.50,5.60,5.40,3.90,3.90,8.50,7.90,6.30,6.40,6.50,5.70,5.70,4.90,6.90,8.30,6.90,6.20,6,5.10,5.20,5.70,4.60,6.60,6.40,6.90,6.70,6.60,6.60,5.90,5.50,3.70
2008-12-22 16:10,5.50,3.79,2.61,4.80,1.50,4.67,4.38,5,0.46,4.70,2.93,3.13,-0.63,2.89,3.28,2.45,1.36,-1.78,1.90,1.15,-0.53,-0.72,1.94,,5.51,5.18,5.57,3.10,5.18,3.90,3.99,5.36,-1.84,2.77,2.96,3,4.33,3.55,1.06,0.50,-3.70,-4.59,-1.94,5.10,2.10,4.74,1.80,1.05,1.08,-0.40,3.02,3.28,1.85,2,0.44,1.50,1.73,0.10,0.80,1.91,-0.81,-0.20,-1.64,-4.46,0.31,,6.55,4.38,3.50,1.15,4.79,4.86,7.13,3.34,5.21,6.94,7,6.16,6.47,6.54,4.97,4.70,4.78,3.02,5.27,4.19,4.46,5.50,5.11,4.86,2.39,4.66,4.74,5.10,4.95,5.45,3.35,2.91,2.81,3.54,2.83,2.64,7.56,5.71,6.35,7.22,5.67,5.90,5,4.60,5.90,3.95,7.36,5.99,6.11,5.06,5.10,4.75,4.66,5.29,4.50,4.81,3.93,4.28,6.24,6.08,7.60,5.97,4.55,5.09,4.10,,1.70,-6.60,5.90,3.40,0.80,,,,,,,4.70,5.40,,4.20,,4.70,4.80,,,,,,,,5.30,5.20,5.70,4.10,3.90,,,,,6.60,,5.50,4.60,6.90,8.30,6.90,,,5.10,,,4.40,,,6.90,6.60,6.50,6.60,5.90,5.50,
2008-12-22 16:20,5.40,4.13,2.73,5.09,1.60,4.46,4.21,5,0.51,4.58,2.84,3.12,-0.69,2.81,3.33,2.56,1.44,-1.78,2.20,1.04,-0.55,-0.73,2.02,,5.44,5.18,5.60,3.13,5.06,3.90,3.94,5.29,-1.90,2.76,2.84,2.81,4.31,3.43,1.06,0.78,-3.80,-4.64,-2.24,5.06,2,4.71,1.70,1.11,2.35,-0.59,3.02,3.78,1.97,1.97,0.33,1.15,1.36,0.10,0.93,1.65,-0.96,-0.20,-1.46,-4.46,0.30,,6.41,4.43,3.50,1.21,4.80,4.74,7.21,3.34,5.19,6.75,6.90,6.05,6.36,6.46,4.95,4.70,4.79,3.04,5.25,4.13,4.47,5.50,5.54,5.06,2.38,4.72,4.10,5,4.87,5.46,3.34,3.06,2.79,3.62,2.68,2.78,7.51,5.97,6.42,7.19,5.79,5.90,4.81,4.44,6.03,4,7.28,6.04,6.16,5.06,5.10,4.73,4.66,5.24,4.60,4.72,3.98,4.25,6.23,6.28,7.60,6.11,5.66,5.07,4.20,,1.60,-6.60,5.60,3.20,0.70,,,,,,,4.70,5.30,,4.30,5.20,4.60,4.72,,,,,,,,5.20,5,5.60,4,3.50,,,,,6.50,,5.60,4.50,6.80,8.20,6.80,,,5,,,4.40,,,7,6.70,6.50,6.60,6,5.60,
2008-12-22 16:30,5.40,4.58,2.65,4.83,1.50,4.58,4.30,5.10,0.64,4.71,2.78,3.16,-0.67,2.88,3.51,2.61,1.38,-1.97,2.50,1,-0.69,-0.76,2.02,,5.58,5.28,5.52,3.07,4.96,3.80,3.90,5.18,-1.99,2.90,2.83,2.71,4.03,3.37,0.98,0.63,-3.80,-4.76,-2.36,4.96,2,4.65,2.40,1.19,2.66,-0.59,3.05,4.34,1.96,1.94,0.27,1,1.12,0,1.35,1.35,-0.86,0,-1.46,-4.25,0.40,,6.46,4.36,3.50,1.20,4.82,4.76,7.22,3.30,5.09,7.13,6.90,6,6.43,6.51,5.23,4.90,4.90,3.21,5.19,4.17,4.24,5.40,5.69,5.14,2.36,4.58,4.40,5.10,4.93,5.23,3.33,3.39,2.75,3.81,2.71,2.74,7.40,6.04,6.53,6.92,6.03,5.90,4.89,4.72,5.84,4.05,7.10,6.27,6.10,5.15,5,4.67,4.69,5.29,4.60,4.66,3.99,4.22,6.32,6.53,7.50,6.20,5.85,5.15,4.20,,1.60,-6.70,5.40,3.20,0.80,,,,,,,4.80,5.50,,4.30,5.10,4.70,4.74,,,,,,,,5.30,4.80,5.80,4.10,3.40,,,,,6.60,,5.60,4.40,6.80,8.10,6.70,,,4.90,,,4.50,,,7,6.70,6.60,6.50,5.90,5.70,
2008-12-22 16:40,5.70,4.17,2.69,4.57,1.60,4.47,4.45,5.20,0.69,4.66,2.74,3.30,-0.66,3.03,3.38,2.54,1.43,-2.11,2.70,1,-0.66,-1.20,1.93,,5.50,5.26,5.54,2.96,4.89,3.90,3.96,5.32,-2.11,2.84,2.93,2.80,4.26,3.41,0.98,0.76,-3.90,-4.79,-2.29,5.02,1.80,4.50,2.80,1.26,2.72,-0.43,2.94,4.60,2.03,1.96,0.27,1.09,1.08,0.10,1.45,1.23,-0.75,0.20,-1.45,-3.92,0.48,,6.46,4.44,3.50,1.15,4.69,4.60,7.20,3.26,5,7.49,6.90,5.98,6.53,6.46,5.26,4.80,5.07,3.20,5.36,4.24,4.24,5.50,5.77,5.18,2.37,4.43,4.73,4.90,4.80,5.27,3.51,3.63,2.76,3.83,2.83,2.61,7.46,6.23,6.42,6.70,6.04,5.90,4.76,4.92,5.95,4.05,6.84,6.37,6.29,5.18,5,4.62,4.69,5.25,4.60,4.60,4.02,4.30,6.29,6.52,7.40,6.19,5.82,5.05,4.30,,1.50,-6.80,5.40,3,1,,,,,,,4.90,5.40,,4.20,5,4.80,4.62,,,,,,,,5.60,5,5.80,4.20,3.30,,,,,6.30,,5.30,4.40,6.70,8,6.50,,,4.80,,,4.30,,,7,6.90,6.70,6.50,6,5.60,
2008-12-22 16:50,6,4.34,2.78,4.44,1.70,4.64,4.46,5.50,0.61,4.75,2.80,3.35,-0.65,2.96,3.21,2.52,1.51,-2.19,2.40,1.17,-0.77,-1.10,2,,5.33,5.17,5.67,3.06,4.91,3.80,4.02,5.38,-2.14,2.56,2.94,2.77,4.29,3.55,0.85,0.96,-3.90,-4.81,-2.29,5.06,1.90,4.37,2.80,1.17,3.04,-0.23,2.90,4.86,1.79,2.05,0.23,1.06,1.22,0.10,1.50,1.25,-0.69,0.40,-1.46,-3.72,0.23,,6.50,4.40,3.50,1.21,4.60,4.51,7.02,3.36,5.02,7.57,6.90,6.12,6.48,6.42,5.35,4.80,5.29,3.33,5.40,4.07,4.15,5.30,5.76,5.21,2.33,4.35,3.94,4.70,4.73,5.27,3.56,3.87,2.91,4,2.97,2.60,7.33,6.37,6.29,6.37,5.86,5.90,4.97,5.07,5.83,4,6.70,6.38,6.48,5.08,4.90,4.64,4.65,5.12,4.70,4.78,4,4.17,6.16,6.69,7.40,6.10,5.49,4.85,4.30,,1.50,-6.80,5.40,3,1.20,,,,,,,4.80,5.50,,4.40,5.10,4.70,4.54,,,,,,,,5.70,5,5.80,4.20,3.40,,,,,6.10,,5.20,4.50,6.60,7.90,6.40,,,4.90,,,4.20,,,7,6.90,6.90,6.50,6.20,5.50,
2008-12-22 17:00,6.20,4.82,2.79,4.75,1.60,4.54,4.49,5.60,0.57,4.75,2.92,3.33,-0.71,3.09,3.35,2.55,1.49,-2.24,2.30,1.29,-0.80,-0.58,2,,5.51,5.21,5.59,3.06,4.94,3.80,3.90,5.30,-2.12,2.70,2.88,2.76,4.27,3.66,0.88,0.91,-3.90,-4.86,-2.39,5.04,1.90,4.42,3.30,1.20,2.95,-0.14,2.50,4.87,1.88,2.01,0.31,1.29,1.69,0.20,1.39,1.20,-0.64,0.50,-1.49,-3.57,0.08,,6.71,4.36,3.40,1.20,4.73,4.41,6.90,3.43,4.90,7.19,6.90,6.26,6.39,6.47,5.37,5.10,5.22,3.31,5.34,4.18,4.14,5.30,5.86,5.27,2.38,4.28,4.17,4.60,4.76,5.23,3.57,3.98,3.02,4.06,3.02,2.54,7.24,6.51,6.43,6.20,5.76,5.90,5.05,5.22,5.65,4,6.65,6.42,6.38,5.19,4.90,4.76,4.75,5.23,4.70,4.85,3.95,3.98,6.26,6.61,7.50,6.06,5.50,5.01,4.40,4.90,1.60,-6.90,5.70,3.50,1.30,,6,-3.70,6.40,6.50,6.40,4.80,5.60,4.60,4.40,5.20,4.30,4.70,3.70,7.10,7.80,6.50,6.80,5.90,5.10,5.70,5.10,5.80,4.40,4,8.40,7.80,6.20,6.50,5.70,5.70,5.40,4.60,6.60,7.70,6.30,6.30,6.70,4.80,5,,4.20,6.60,6.20,7.10,7,7,6.80,6.50,5.30,3.50
2008-12-22 17:10,6.20,5.45,2.79,5.31,1.70,4.65,4.77,5.60,0.65,4.82,3.14,3.39,-0.72,3.06,3.38,2.65,1.53,-2.14,2.20,1.14,-0.74,-0.72,2.08,,5.67,5.14,5.50,3,4.95,3.70,3.95,5.30,-2.22,2.49,2.76,2.91,4.26,3.69,0.95,0.94,-3.80,-4.91,-2.33,4.99,1.90,4.27,3.50,1.49,3.23,-0.20,1.81,4.86,1.83,1.89,0.35,1.57,1.57,0.20,1.31,1.10,-0.65,0.60,-1.52,-3.43,0,,6.69,4.40,3.40,1.20,4.70,4.59,6.93,3.45,4.90,7.10,6.70,6.21,6.28,6.32,5.14,5.24,5.01,3.57,5.38,4.29,4.23,5.30,5.90,5.24,2.38,4.18,3.96,4.50,4.49,5.19,3.75,3.92,2.95,4.11,2.95,2.52,7.33,6.40,6.40,6.20,5.88,5.90,5.05,5.28,5.74,3.88,6.51,6.43,6.41,5.19,4.90,4.78,4.61,5.16,4.70,4.97,3.97,3.66,6.27,6.72,7.50,6.07,5.37,4.99,4.30,,1.50,-6.90,5.50,3.90,1.20,,,,,,,4.80,5.60,,4.40,5.40,4.40,4.44,,,,,,,,5.50,5.10,5.60,4.30,4.10,,,,,5.70,,5.40,4.80,6.60,7.70,6.30,,,4.80,,,4.20,,,7,7,7,6.80,6.50,5.30,
2008-12-22 17:20,6.20,5.64,2.72,5.36,1.70,4.83,4.98,5.60,0.67,4.90,3.48,3.33,-0.66,3.19,3.25,2.62,1.51,-2.15,2.50,1.20,-0.81,-0.61,2.11,,5.81,5.17,5.51,3.03,4.99,3.90,3.88,5.30,-2.21,2.48,2.63,2.93,4.23,3.60,0.92,0.74,-3.80,-4.73,-2.50,5.10,1.90,4.34,3.60,1.84,3.11,-0.19,1.88,4.89,1.80,1.81,0.46,1.55,1.94,0.30,1.16,1.01,-0.52,0.50,-1.59,-3.30,-0.03,,6.66,4.42,3.40,1.25,4.53,4.62,6.82,3.51,4.86,7.29,6.90,6.01,6.34,6.07,5.31,5.17,4.79,3.54,5.37,4.37,4.26,5.30,5.91,5.15,2.60,4.37,4.35,4.40,4.19,5,3.78,4.10,3.11,4.20,3.03,2.60,7.20,6.30,6.44,6.08,6.05,5.70,5.26,5.35,5.72,3.86,6.48,6.36,6.55,5.23,5,4.86,4.48,5.02,4.70,5.05,3.76,3.64,6.02,6.71,7.60,6.08,5.60,5.06,4.40,,1.50,-6.90,5.50,4.10,1.10,,,,,,,4.90,5.40,,4.30,5.50,4.50,4.59,,,,,,,,5.50,5.20,5.40,4.40,4.20,,,,,5.70,,5.40,4.70,6.50,7.50,6.10,,,5,,,4.30,,,7,7.10,7.20,6.80,6.40,5.30,
2008-12-22 17:30,6.20,5.69,2.99,5.39,1.70,4.93,5.06,5.60,0.72,5.12,3.31,3.46,-0.60,3.22,3.17,2.69,1.62,-2.12,2.40,1.35,-0.88,-0.95,2.29,,5.84,5.08,5.66,3.07,5.18,3.90,3.94,5.50,-2.18,2.50,2.71,2.76,4.37,3.70,0.90,0.80,-3.80,-4.50,-2.37,5.11,1.90,4.45,3.70,2.14,3.44,-0.04,1.37,4.90,2.28,1.81,0.44,1.44,1.98,0.40,1.23,0.91,-0.46,0.50,-1.58,-3.31,0.24,,6.59,4.41,3.40,1.16,4.60,4.63,6.73,3.56,4.94,7.27,7,5.67,6.33,5.82,5.51,4.89,4.65,3.61,5.52,4.31,4.37,5.30,5.91,5.18,2.49,4.60,4.60,4.60,4.19,4.93,3.89,4.27,3.18,4.25,3.02,2.55,7.23,6.21,6.47,6.37,6.08,5.70,5.30,5.45,5.62,3.95,6.36,6.36,6.62,5.22,5.20,4.71,4.54,5.18,4.70,4.98,3.88,4,6.05,6.75,7.60,6.23,5.82,5.19,4.40,,1.50,-7,5.80,4.10,1.10,,,,,,,5.20,5.50,,4.40,5.50,4.20,4.56,,,,,,,,5.50,5.20,5.30,4.30,4.30,,,,,5.50,,5.30,4.90,6.60,7.40,,,,4.90,,,4.50,,,7.10,7.10,6.90,7,6.40,5.20,
2008-12-22 17:40,6.30,5.77,3.03,5.45,1.70,5.05,5.14,5.50,0.76,5.12,3.16,3.47,-0.66,3.20,3.13,2.49,1.70,-2.21,2.20,1.47,-0.91,-0.42,2.67,,5.73,5.20,5.90,3.07,5.34,3.80,3.85,5.48,-2.06,2.25,2.65,2.73,4.32,3.73,0.96,0.67,-3.90,-4.61,-2.40,5.13,2,4.62,3.70,2.44,3.12,0.01,1.10,4.73,2.44,1.82,0.48,1.40,1.77,0.40,1.06,0.88,-0.46,0.50,-1.58,-3.26,0.38,,6.46,4.41,3.30,1.23,4.67,4.46,6.59,3.62,5.01,7.36,6.90,5.79,6.43,5.79,5.42,4.83,4.52,3.73,5.63,4.29,4.37,5.30,6.02,5.30,2.35,4.39,4.38,4.70,4.32,4.91,3.93,4.42,3.18,4.36,2.94,2.45,7.22,6.13,6.26,6.48,6.03,5.70,5.27,5.37,5.59,4.06,6.35,6.42,6.60,5.36,5.10,4.64,4.51,5.11,4.60,4.85,3.88,3.77,6.05,6.83,7.70,6.15,6.03,5.37,4.40,,1.70,-7.10,5.70,4,1.10,,,,,,,5.30,5.40,,4.30,5.60,4.10,4.49,,,,,,,,5.50,5.20,5.20,4.30,4.30,,,,,5.40,,5.50,4.80,6.50,7.20,6,,,4.90,,,4.50,,,7.10,7,7,6.90,6.40,5.10,
2008-12-22 17:50,6.20,5.66,3.05,5.25,1.60,5.27,5.19,5.50,0.71,5.28,2.90,3.57,-0.72,3.09,3.10,2.39,1.76,-2.23,2.60,1.41,-0.89,-0.71,2.72,,5.87,5.38,5.90,3.20,5.46,4,3.84,5.40,-2.07,2.24,2.51,2.74,4.31,3.67,0.97,0.71,-4,-4.68,-2.51,5.47,2.20,4.65,3.80,2.66,3.27,-0.01,1.30,4.64,2.44,1.85,0.46,1.52,1.60,0.40,0.90,0.84,-0.50,0.50,-1.67,-3.24,0.49,,6.54,4.37,3.40,1.23,4.61,4.39,6.58,3.94,4.90,7.25,6.70,5.91,6.05,5.81,5.41,4.93,4.83,3.84,5.75,4.26,4.48,5.30,6.01,5.31,2.45,4.45,4.44,4.60,4.47,4.75,3.96,4.55,3.27,4.38,2.99,2.43,7.24,6.24,6.40,6.35,6.24,5.40,5.38,5.33,5.52,4.07,6.23,6.39,6.64,5.46,5.10,4.66,4.51,5.16,4.60,4.94,3.99,3.85,5.92,7.07,7.80,6.01,5.82,5.56,4.40,,1.80,-7.20,5.90,4.20,1.20,,,,,,,5.30,5.60,,4.30,5.80,4.30,4.44,,,,,,,,5.40,5.20,5.20,4.40,4.30,,,,,5.50,,5.50,4.70,6.50,7.10,6,,,4.80,,,4.60,,,7.10,7.10,7.10,6.90,6.40,5.20,
2008-12-22 18:00,6,5.68,3.19,5,1,5.18,5.26,5.50,0.78,5.32,2.87,3.58,-0.69,2,3.36,2,2,-2.34,3,1.31,-1,-0.86,3.14,6,6,6,5.82,3.30,5,4,4,5,-2.19,3,2.63,2,5,3,1,1,-4,-5,-2,5,2.40,4.76,4,2.67,3.26,-0.13,2,5,2.47,1.77,0.54,2,2,0,1,0.79,-0.43,1,-1.51,-3.15,0.55,,6.59,4.38,3.30,1.28,4.60,4.33,6.45,3.85,4.83,7.09,6.30,5.64,6.03,5.90,5.46,5.04,4.80,3.81,5.69,4.40,4,5.40,5.91,5.38,2.41,4.64,5,4.60,4.56,4.95,4.01,4.24,3.52,4.36,3.08,2.74,7.09,6.31,6.14,6.36,6.20,5.30,5.46,5.40,5.56,4.10,6.15,6.36,6.62,5.53,5.10,4.66,4.45,5.13,4.70,5.16,4.20,3.93,5.94,6.90,7.40,6.16,6.20,5.57,4.50,5,2,-7,5.90,4,1.30,3.50,5.80,-3.90,6.10,5.90,6.20,5.20,5.70,4.60,4.20,6,4.40,4.50,3.60,7,7.60,6.70,6.60,6,5.50,5.40,5.10,5.10,4.40,4.30,8,7.30,6.90,6.20,5.50,5.70,5.30,4.70,6.30,6.90,5.90,5.80,6.80,4.90,4.80,5.40,4.70,6.50,6,7.10,7,7,6.90,6.50,5.20,3.80
2008-12-22 18:10,6.20,5.66,3.18,5.33,1.40,5.39,5.20,5.40,0.70,5.34,2.97,3.64,-0.69,2.97,3.55,2.24,1.72,-2.59,2.90,1.32,-1.05,-1.03,2.95,,6.07,5.66,5.77,3.37,5.52,4,3.88,5.37,-2.18,2.53,2.65,2.94,4.24,3.55,1.23,0.61,-4,-4.82,-2.63,5.51,2.60,4.96,4,2.78,3.51,-0.10,2.02,4.36,2.61,1.83,0.41,1.53,2.13,0.60,0.61,0.85,,0.50,-1.44,-3.01,0.48,,6.53,4.36,3.30,1.24,4.71,4.38,6.18,3.72,4.84,6.98,6.70,5.29,6,6.17,5.32,4.80,5.16,3.97,5.75,4.51,4.59,5.40,5.98,5.58,2.30,4.72,5.37,4.50,4.53,5.06,3.97,4.11,3.73,4.43,3.18,3.01,7.09,6.37,6.21,6.50,6.19,5.30,5.39,5.36,5.35,4.12,6.17,6.20,6.54,5.56,5.10,4.74,4.40,5.19,4.70,5.06,4.25,4.12,6.02,7.07,7.80,6.20,5.78,5.63,4.40,,1.60,-7.10,5.90,3.90,1.20,,,,,,,5.20,5.50,,4.30,6,4.50,4.40,,,,,,,,5.50,5.20,5.10,4.40,4.30,,,,,5.50,,5.30,4.80,6.30,6.90,5.90,,,4.90,,,4.70,,,7.10,6.90,7,6.90,6.50,5.20,
2008-12-22 18:20,6.30,5.74,3.08,5.22,1.50,5.29,5.28,5.60,0.71,5.29,3.07,3.74,-0.70,2.99,3.38,2.26,1.79,-2.61,2.90,1.40,-1.12,-0.99,2.80,,6.03,5.68,5.83,3.33,5.56,4.10,3.91,5.51,-2.23,2.99,2.64,3.10,4.28,3.66,1.36,0.96,-4,-4.88,-2.54,5.43,2.40,5.01,4,2.92,3.53,-0.22,2.30,4.51,2.76,1.88,0.42,1.56,2.08,0.60,0.59,0.72,,0.50,-1.48,-2.91,0.44,,6.42,4.32,3.30,1.19,4.64,4.44,6.24,3.78,4.81,6.99,6.50,5.15,6,6.10,5.16,4.80,5.10,4.22,5.90,4.48,4.75,5.50,5.91,5.62,2.47,4.76,4.91,4.70,4.44,5.19,3.91,4.07,3.77,4.52,3.21,3.56,7.13,6.26,6.25,6.50,6.19,5.30,5.42,5.35,5.30,4.08,6.11,6.23,6.57,5.53,5.20,4.87,4.39,5.13,4.60,5.13,4.10,4.49,5.95,7.09,7.70,6.03,5.85,5.68,4.50,,1.50,-7.20,6,3.80,1.20,,,,,,,5.10,5.30,,4.50,6,4.50,4.41,,,,,,,,5.40,5.10,5.20,4.30,4.30,,,,,5.50,,5.30,4.90,6.30,6.60,5.80,,,4.90,,,4.50,,,7.20,7,7.10,6.70,6.40,5.30,
2008-12-22 18:30,6.40,5.86,3.33,5.29,1.60,5.28,5.36,5.50,0.75,5.24,3.07,3.73,-0.69,3.07,3.31,2.31,1.86,-2.47,2.80,1.45,-1.07,-0.81,2.95,,6.23,5.78,5.88,3.35,5.63,4,3.91,5.54,-2.22,3.09,2.71,3.29,4.35,3.79,1.30,1.33,-3.90,-4.72,-2.53,5.43,2.20,5.04,3.90,3.16,3.48,-0.26,2.60,4.40,2.87,1.99,0.45,1.62,2.05,0.60,0.49,0.66,,0.50,-1.38,-2.87,0.41,,6.39,4.37,3.20,1.14,4.57,4.52,6.46,3.67,4.83,6.87,6.60,5.28,6,6.06,5.06,4.90,5.14,4.16,5.95,4.54,4.77,5.60,5.82,5.60,2.52,4.85,5.15,4.80,4.37,5.22,3.95,4,3.82,4.59,3.31,3.80,7.11,6.31,6.24,6.50,6.25,5.30,5.35,5.19,5.48,4.06,5.97,6.33,6.70,5.56,5.30,4.98,4.36,4.98,4.60,4.74,4.12,4.57,5.80,7.05,7.40,5.98,5.70,5.64,4.60,,1.60,-7.20,6.10,3.70,1.40,,,,,,,5.20,5.30,,4.70,6,4.60,4.37,,,,,,,,5.30,5,5.30,4.30,4.30,,,,,5.40,,5.40,5,6.30,6.60,5.70,,,5,,,4.60,,,7.10,7,7,6.60,6.50,5.30,
2008-12-22 18:40,6.50,5.98,3.18,5.45,1.50,5.45,5.21,5.60,0.67,5.26,3,3.82,-0.67,3.03,3.37,2.25,2.01,-2.25,2.90,1.45,-1.13,-0.78,2.80,,6.24,5.84,6.01,3.28,5.80,4.20,4.05,5.60,-2.28,2.65,2.70,3.43,4.43,3.88,1.24,1.38,-4,-4.81,-2.61,5.59,2.20,5.01,4.10,3.36,3.37,-0.30,2.72,4.41,2.90,2.47,0.50,1.58,1.98,0.50,0.53,0.77,,0.40,-1.25,-2.85,0.51,,6.29,4.24,3.30,1.01,4.63,4.43,6.60,3.53,4.76,6.76,6.50,5.40,5.80,6.14,4.97,4.90,5.14,4,6,4.64,4.97,5.50,5.76,5.67,2.40,4.95,4.83,4.80,4.45,5.27,3.85,3.99,3.88,4.58,3.28,3.85,7.18,6.28,6.31,6.59,6.24,5.30,5.43,4.98,5.27,4.11,5.92,6.29,6.74,5.45,5.40,5.02,4.41,5.02,4.50,4.57,4.14,4.20,5.69,6.83,7.40,6.20,5.61,5.77,4.70,,1.50,-7.30,6.10,3.80,1.50,,,,,,,5.20,5.40,,4.60,6,4.80,4.28,,,,,,,,5.40,5,5.40,4.30,4.40,,,,,5.50,,5.40,5,6.20,6.40,5.70,,,5.10,,,4.40,,,7,7.20,7,6.40,6.50,5.30,
2008-12-22 18:50,6.50,5.93,3.23,5.55,1.70,5.51,5.11,5.40,0.69,5.42,3.02,3.76,-0.66,3.08,3.39,2.42,2,-2.20,2.90,1.29,-1.12,-0.80,2.52,,6.18,5.90,5.83,3.42,5.71,4.20,3.97,5.69,-2.30,2.41,2.68,3.46,4.50,3.74,1.15,1.11,-4,-4.89,-2.66,5.66,2.20,4.74,4,3.47,3.21,-0.33,2.13,4.30,2.99,2.99,0.44,1.66,1.89,0.60,0.71,0.91,,0.30,-1.15,-2.78,0.55,,6.27,4.15,3.20,0.97,4.50,4.31,6.61,3.56,4.89,6.81,6.40,5.46,5.80,6.29,5.01,4.90,5.29,4.05,6.07,4.57,5.01,5.60,5.82,5.66,2.47,5.04,5.06,4.90,4.53,5.49,3.80,3.97,3.77,4.57,3.24,3.88,7.10,6.26,6.43,6.54,6.24,5.30,5.49,4.82,5.39,4.04,5.85,6.14,6.70,5.51,5.50,5.07,4.40,5.08,4.50,4.60,3.99,4.38,5.74,6.75,7.40,6.31,5.83,5.64,4.80,,1.50,-7.30,6.20,4.20,1.80,,,,,,,5.20,5.40,,4.50,6,4.60,4.18,,,,,,,,5.50,4.90,5.40,4.30,4.40,,,,,5.60,,5.40,4.90,6.10,6.50,5.80,,,5.10,,,4.30,,,6.90,7.20,6.90,6.50,6.50,5.40,
2008-12-22 19:00,6.50,5.74,3.07,5.55,1.50,5.32,5.14,5.30,0.62,5.47,3.11,3.84,-0.65,2.94,3.54,2.45,1.93,-2.20,2.90,1.16,-1.15,-0.79,2.55,,6.33,6,5.88,3.39,5.80,4.10,3.97,5.73,-2.20,2.55,2.68,3.40,4.46,3.73,1.09,1.19,-4,-4.98,-2.79,5.43,2,4.90,4.20,3.59,3.40,-0.06,1.62,4.28,2.93,3.10,0.35,1.60,1.96,0.60,1.43,0.87,,0.30,-1.09,-2.72,0.65,,6.34,4.12,3.20,1.01,4.42,4.35,6.57,3.58,4.97,6.78,6.40,5.47,5.80,6.19,5.09,4.70,5.39,3.92,6.17,4.58,5.04,5.60,6,5.68,2.50,5.02,5.14,5,4.71,5.44,3.87,4.12,3.66,4.42,3.26,3.91,7.01,6.26,6.36,6.44,6.22,5.30,5.52,4.79,5.23,4.09,5.95,6.05,6.85,5.40,5.40,5.10,4.53,5.19,4.50,4.59,4.06,4.33,5.66,6.61,7.50,5.55,5.69,5.72,4.70,5.10,1.50,-7.30,6.20,4,1.40,3.40,5.70,-3.90,5.50,6.20,6.20,5.10,5.50,5.10,4.70,6.10,4.50,4.40,3.80,6.80,7.40,7.20,7,5.80,5.70,5.40,4.90,5.50,4.40,4.40,7.80,6.90,7,6.30,5.90,5.40,5.20,4.90,5.90,6.20,5.60,,6.60,5.10,4.90,,4.30,,5.80,7,7.10,7,6.30,6,5.70,3.70
2008-12-22 19:10,6.40,5.55,2.89,5.29,1.32,5.24,4.99,5.30,0.46,5.35,2.81,3.73,-0.68,2.54,3.59,2.48,1.93,-2.23,3,1.17,-1.28,-0.97,2.69,,6.35,5.94,5.93,3.50,5.83,4,4.08,5.63,-2.26,2.70,2.85,3.28,4.36,3.92,0.90,1.17,-3.90,-4.81,-2.85,5.48,2,4.89,4,3.53,3.19,0.08,1.79,4.27,3.08,3.09,0.38,1.46,2.17,0.50,1.47,0.83,,0.30,-1.07,-2.68,0.77,,6.29,4.17,3.10,0.97,4.46,4.41,6.51,3.53,5.10,6.97,6.70,5.52,5.60,6.21,5.12,4.60,5.40,4.13,6.17,4.51,4.96,5.60,5.99,5.65,2.65,4.94,4.96,5,4.94,5.14,3.75,4.15,3.69,4.38,3.27,4.14,6.98,6.33,6.46,6.52,6.29,5.30,5.40,4.82,5.17,4.11,5.94,6.10,6.64,5.52,5.40,5.26,4.51,5,4.60,4.60,3.92,4.02,5.67,6.36,7.30,5.10,5.38,5.13,4.70,,1.80,-7.30,6.10,4.10,1.40,,,,,,,5.10,5.50,,4.70,5.70,4.60,4.33,,,,,,,,5.30,5.10,5.70,4.40,4.40,,,,,5.90,,5.10,4.80,5.90,6.20,5.60,,,5.10,,,4.40,,,6.90,7.10,6.90,6.40,5.90,5.70,
2008-12-22 19:20,6.40,5.46,2.77,5.30,1.27,5.19,4.97,5.40,0.49,5.35,2.77,3.66,-0.71,2.07,3.63,2.41,1.86,-2.40,2.90,1.17,-1.30,-1.11,2.89,,6.33,5.97,5.86,3.41,5.83,4,4.03,5.38,-2.26,2.85,2.71,3.17,4.19,3.69,0.91,1.03,-3.80,-4.73,-2.92,5.32,1.90,5.15,3.90,3.45,3.05,0.21,2.48,4.09,3.09,3.17,0.60,1.32,2.22,0.40,1.29,0.97,,0.30,-0.84,-2.66,0.82,,6.45,4.18,3.10,0.99,4.41,4.31,6.51,3.52,4.94,6.80,6.60,5.51,5.60,6.13,5.21,4.60,5.40,4.17,6.11,4.60,5.06,5.70,6.08,5.79,2.64,4.87,5.09,4.90,5.07,5.25,3.89,4.28,3.68,4.37,3.31,4.28,6.97,6.38,6.57,6.44,6.24,5.20,5.33,4.75,5.43,4.04,5.87,6.04,6.60,5.18,5.20,5.30,4.57,5.02,4.70,4.58,3.88,4.11,5.70,6.16,6.80,4.84,4.96,4.60,4.70,,1.60,-7.30,6.10,4.10,1.40,,,,,,,5,5.50,,4.70,5.60,4.60,4.50,,,,,,,,5.50,5,5.70,4.40,4.40,,,,,5.90,,5.10,4.80,5.90,6,5.60,,,5.10,,,4.30,,,6.80,7.10,6.80,6.40,5.70,5.80,
2008-12-22 19:30,6.20,5.53,2.78,5.15,1.35,5.19,4.87,5.30,0.54,5.27,2.90,3.57,-0.75,2.34,3.54,2.14,1.74,-2.42,2.70,1.29,-1.28,-1.10,2.74,,6.26,5.90,5.83,3.38,5.91,4.10,4.01,5.21,-2.29,3.06,2.68,3,4.01,3.54,0.87,0.96,-3.80,-4.55,-2.82,5.06,1.90,5.09,4,3.34,3.25,0.25,2.61,4.10,3.06,3.27,0.63,1.16,2.06,0.50,1.15,0.95,,0.40,-0.55,-2.54,0.77,,6.08,4.08,3,1.03,4.42,4.27,6.59,3.46,4.84,6.81,6.50,5.67,5.70,6.09,5.21,4.50,5.28,4.06,6.14,4.61,5.11,5.80,6.15,5.83,2.79,4.90,4.82,5.10,5.01,5.32,3.85,4.46,3.77,4.37,3.46,4.18,6.83,6.19,6.52,6.16,6.10,5.30,5.25,4.69,5.53,4.08,5.94,5.93,6.50,4.71,5.20,5.23,4.52,5.01,4.70,4.56,3.86,4.13,5.60,6.18,6.50,5.23,5.17,4.42,4.80,,1.30,-7.20,6.10,4.10,1.60,,,,,,,4.90,5.50,,4.70,5.80,4.70,4.63,,,,,,,,5.60,4.90,5.70,4.40,4.40,,,,,5.90,,5,4.80,5.90,6,5.60,,,5.10,,,4.30,,,6.80,7.10,6.70,6.20,5.80,5.80,
2008-12-22 19:40,6.30,5.46,2.78,5.21,1.57,5.15,4.91,5.30,0.54,5.17,2.84,3.58,-0.83,2.61,3.32,2.11,1.61,-2.31,2.70,1.17,-1.27,-0.71,2.56,,6.26,5.87,5.69,3.39,5.92,4.20,4.14,5.21,-2.20,2.99,2.86,3.11,4.05,3.27,0.77,1.08,-3.80,-4.39,-2.94,4.33,1.90,4.85,4.10,3.22,3.21,0.18,2.52,4.44,3.09,3.68,0.58,1.17,2.08,0.40,0.91,1.09,,0.50,-0.37,-2.61,0.70,,6.25,4.11,3,1,4.34,4.19,6.57,3.42,4.90,6.97,6.50,5.61,5.50,5.95,5.22,4.60,5.22,4.04,5.99,4.48,5.03,5.80,6.17,5.70,2.72,4.99,4.33,5.10,4.70,5.50,3.82,4.60,3.82,4.37,3.52,3.96,6.86,6.15,6.50,5.98,6.10,5.30,5.22,4.77,5.54,4.12,6.04,5.84,6.35,4.62,5,5.29,4.46,5.18,4.70,4.70,3.80,4.06,5.63,6.16,6.50,5.54,5.37,4.56,4.80,,1.20,-7.20,5.90,4.10,2.20,,,,,,,4.90,5.50,,4.70,5.90,4.80,4.80,,,,,,,,5.80,4.80,5.60,4.40,4.40,,,,,5.80,,4.80,4.80,5.80,5.80,,,,5.20,,,4.20,,,6.70,6.90,6.70,6,6.30,5.80,
2008-12-22 19:50,6.40,5.41,2.75,5.25,1.69,5.08,4.97,5.30,0.51,5.09,2.86,3.56,-0.84,2.74,3.31,2.07,1.70,-2.34,2.90,0.97,-1.28,-0.81,1.88,,6.28,5.77,5.68,3.33,5.93,4.20,4.14,5.58,-2.17,3.11,2.75,3.11,3.87,3.07,0.57,1.04,-3.70,-4.42,-3.10,4.03,1.50,4.76,4.20,3.28,3.22,0.23,2.55,4.58,3.15,3.98,0.71,1.11,2.15,0.40,1.01,1.07,,0.50,-0.15,-2.60,0.64,,6.11,4.08,3,0.96,4.30,4.25,6.54,3.38,4.76,6.88,6.50,5.72,5.60,6.23,5.19,4.60,4.99,3.94,5.87,4.50,4.99,5.90,6.18,5.73,2.65,5.11,4.93,5.20,4.78,5.61,3.92,4.73,3.81,4.42,3.66,3.95,6.85,6.06,6.60,5.87,6.11,5.40,5.27,4.79,5.62,4.15,5.94,5.90,6.33,4.67,5.10,5.21,4.44,5.29,4.80,4.76,3.81,4.05,5.74,6.05,6.50,5.42,5.19,4.44,4.70,,1.20,-7.10,5.70,4,2.40,,,,,,,5,5.50,,4.70,6,5,4.76,,,,,,,,5.90,4.80,5.40,4.40,4.30,,,,,5.80,,4.80,4.90,5.80,5.90,5.50,,,5.30,,,4.20,,,6.80,6.90,6.60,6,6.30,5.60,
2008-12-22 20:00,6.40,5.59,2.70,5.32,1.50,5.20,5.02,5.40,0.43,5.23,2.81,3.58,-0.76,2.73,3.35,2.11,1.69,-2.32,2.90,0.80,-0.93,-1.12,1.37,,6.09,5.68,5.61,3.31,5.94,4.20,3.94,5.59,-2.12,3.16,2.84,3.15,3.77,3.10,0.10,1.07,-3.60,-4.15,-3.13,3.94,0.80,4.50,4,3.43,3.21,0.31,2.10,4.47,3.13,3.93,0.80,1.44,2.04,0.40,1.09,1,0.15,0.70,-0.02,-2.59,0.54,,6.01,4,3,0.84,4.35,4.28,6.56,3.38,4.70,6.97,6.40,5.56,5.70,6.26,5.15,4.90,5.06,3.90,5.89,4.57,4.75,5.70,6.17,5.63,2.65,5.12,5.32,5.40,4.92,5.52,3.74,4.76,3.83,4.41,3.57,4.07,6.80,5.49,6.62,5.97,6.18,5.40,5.16,4.84,5.75,4.18,5.72,6.02,6.21,4.59,5,4.98,4.47,5.19,4.80,4.74,3.84,4.08,5.85,5.91,6.70,4.98,4.90,4.50,4.70,4.90,0.90,-7.10,5.90,3.90,2.50,3.60,5.50,-4.10,5.40,6.10,5.60,5.20,5.50,5.10,4.50,5.90,5,4.90,3.90,6.40,7.20,7,6.90,6,5.80,5.80,4.90,5.30,4.50,4.30,7.30,6.30,6.60,6.50,5.80,5.40,4.80,4.90,5.70,5.80,5.40,4.70,5.90,5.20,5.20,5.60,4.30,5.60,6.10,6.70,6.90,6.70,5.60,6,5.50,4.30
2008-12-22 20:10,6.40,5.80,2.80,5.36,1.75,5.05,5.02,5.40,0.52,5.12,2.89,3.40,-0.80,2.75,3.21,2.23,1.58,-2.35,3,0.47,-0.97,-1.08,1.74,,6.16,5.55,5.52,3.31,5.96,4,3.90,5.69,-2.23,3.33,2.66,3.15,4.02,3.19,0.13,1.09,-3.80,-4.33,-2.91,4.43,0.70,4.63,3.70,3.29,3.37,0.47,1.67,4.20,3.20,3.94,0.86,1.53,1.86,0.40,1.69,0.96,0.13,0.80,0.03,-2.57,0.60,,5.96,4.02,2.90,0.85,4.25,4.09,6.45,3.41,4.79,6.94,6.50,5.58,5.70,5.98,4.95,5.14,5.16,3.80,6.02,4.41,4.70,5.30,6.37,5.42,2.63,5.19,4.99,5.50,5.05,5.64,3.84,4.88,3.85,4.37,3.77,4.03,6.61,5.18,6.66,5.98,6.18,5.40,5.02,4.83,5.69,4.11,5.79,5.88,6.24,4.76,4.80,5.01,4.52,5.06,4.80,4.95,3.89,4.07,5.85,6.01,6.80,4.98,4.94,4.68,4.60,,1.10,-7.10,6.10,3.80,2.70,,,,,,,5.20,5.50,,4.50,6,4.90,4.58,,,,,,,,5.80,4.90,5.30,4.50,4.40,,,,,5.80,,4.90,4.70,5.70,5.80,5.40,,,5.20,,,4.30,,,6.70,6.80,6.60,5.60,6,5.50,
2008-12-22 20:20,6.40,5.84,2.81,5.40,1.42,5.17,5.01,5.50,0.58,5.30,2.97,3.35,-0.76,2.80,3.33,2.32,1.64,-2.38,3,0.61,-1.09,-1.09,2.34,,5.93,5.53,5.30,3.17,5.89,4,3.96,5.71,-2.28,3.30,2.45,3.11,4.18,3.32,0.13,1.08,-3.80,-4.48,-2.88,5,0.90,4.92,3.40,3.24,3.25,0.62,2.06,4.37,3.21,3.92,0.88,1.67,1.91,0.30,1.93,0.98,0.14,0.80,0.06,-2.57,0.89,,5.82,3.96,2.90,0.81,4.21,4.02,6.44,3.40,4.90,6.84,6.50,5.61,5.70,5.74,5.15,5.08,5.18,3.87,5.99,4.23,4.40,5.20,6.23,5.35,2.60,4.99,5.50,5.60,4.96,5.54,3.91,4.94,3.97,4.44,3.75,4.08,6.63,4.91,6.55,5.90,6.17,5.50,5.16,4.78,5.71,4.12,5.69,5.95,6.19,4.68,4.70,4.95,4.48,5.07,4.80,4.66,4,4.06,5.86,5.86,6.60,5.18,4.77,4.43,4.50,,1.30,-7.10,6.20,3.80,2.60,,,,,,,5.20,5.50,,4.50,5.90,4.90,4.63,,,,,,,,5.70,5.10,5.20,4.50,4.40,,,,,5.90,,4.80,4.70,5.60,5.70,5.40,,,5.20,,,4.30,,,6.60,6.80,6.40,5.60,6,5.40,
2008-12-22 20:30,6.40,5.77,2.92,5.37,1.63,4.92,4.93,5.50,0.64,5.21,2.90,3.35,-0.71,2.76,3.23,2.36,1.68,-2.31,2.80,1.03,-0.99,-0.93,2.74,,5.69,5.57,5.26,3.08,5.92,3.90,4.02,5.68,-2.21,3.21,2.41,3.23,4.15,3.30,0.29,1.23,-3.90,-4.60,-2.92,5.40,1.30,4.98,3.30,3.18,3.12,0.77,2.27,4.39,3.10,3.97,1.26,1.78,2.04,0.40,2.08,0.85,0.16,0.80,0.16,-2.62,1.01,,5.83,3.87,2.80,0.78,4.10,4.08,6.36,3.46,4.99,6.88,6.50,5.72,5.60,5.57,5.11,5.20,5.11,3.89,5.85,4.24,4.43,5.20,6.03,5.36,2.44,4.90,4.71,5.60,4.85,5.70,3.99,4.91,3.97,4.37,3.79,4.04,6.57,5.07,6.47,5.96,6.24,5.60,5.19,4.88,5.88,4.18,5.57,5.91,6.14,4.60,4.70,5.18,4.30,5.05,4.80,4.72,4,4.22,5.85,5.79,6.50,5.21,5.07,4.23,4.40,,1.40,-7.10,6,3.80,2.70,,,,,,,5.20,5.50,,4.50,,5,4.78,,,,,,,,5.70,5,5.10,4.50,4.40,,,,,5.70,,4.80,4.60,5.50,5.60,5.30,,,5.20,,,4.30,,,6.80,6.80,6.40,5.80,5.70,5.40,
2008-12-22 20:40,6.30,5.76,2.99,5.37,1.80,4.70,5,5.50,0.58,5.23,2.89,3.34,-0.73,2.79,3.31,2.38,1.64,-2.35,2.90,1.06,-1.15,-0.87,2.73,,5.49,5.53,5.38,3.06,5.80,3.90,3.86,5.85,-2.18,3.21,2.63,3.08,4.15,3.38,0.51,1.32,-3.90,-4.69,-2.92,5.21,1.60,5.06,3.40,3.15,3.29,0.47,2.34,4.53,3,4.02,1.25,1.66,2.02,0.40,2.46,0.90,0.24,1,0.11,-2.47,1.05,,5.89,3.86,2.80,0.74,4.15,3.96,6.16,3.52,5.07,6.86,6.60,5.72,5.60,5.36,5.07,5.28,4.99,3.82,5.73,4.08,4.33,5.10,5.92,5.13,2.58,4.88,5.03,5.60,4.80,5.69,3.87,4.81,3.85,4.41,3.81,4.09,6.45,5.02,6.55,5.89,6.18,5.60,5.20,4.87,5.80,4.14,5.45,5.75,6.21,4.53,4.80,5.19,3.98,4.80,4.70,4.92,3.97,4.08,5.80,5.68,6.30,4.83,5.09,4.47,4.30,,1.50,-7.10,6.10,3.80,2.70,,,,,,,5.20,5.40,,4.40,5.60,5.10,4.76,,,,,,,,5.60,5,5.10,4.40,4.40,,,,,5.60,,4.70,4.70,5.50,5.40,,,,5.20,,,4.40,,,6.80,6.70,6.40,5.80,5.80,5.30,
2008-12-22 20:50,6.30,5.73,2.87,5.41,1.50,4.46,4.94,5.40,0.52,5.25,2.87,3.51,-0.76,2.67,3.25,2.41,1.61,-2.34,2.90,0.91,-1.25,-1.16,2.80,,5.45,5.43,5.44,3.04,5.67,3.80,3.99,5.68,-2.23,3.24,2.92,3.21,4.20,3.34,0.53,1.29,-3.90,-4.55,-2.81,4.90,1.60,5,3.60,3.03,3.32,0.49,2.45,4.61,3.11,3.98,1.24,1.75,1.89,0.40,2.45,0.94,0.16,1.10,0.06,-2.49,1.08,,5.72,3.82,2.70,0.69,4.14,3.94,6,3.64,4.95,7.09,6.70,5.85,5.60,5.39,5.12,5,4.96,3.82,5.66,4.19,4.29,5.20,5.87,5.16,2.53,5.02,5.15,5.40,5.07,5.66,3.72,4.76,3.94,4.41,3.64,4.10,6.41,4.75,6.43,5.67,6.21,5.60,5.11,4.83,5.97,4.21,5.39,5.60,6.12,4.49,4.90,5.24,3.70,4.88,4.80,4.93,4.04,3.90,5.71,5.68,6.30,4.70,4.64,4.49,4.10,,1.50,-7.10,6.10,4.10,2.70,,,,,,,5.30,5.50,,4.30,5.50,5.20,4.77,,,,,,,,5.60,5.10,5.20,4.20,4.40,,,,,5.80,,4.70,4.70,5.40,5.60,5.20,,,5.20,,,4.50,,,6.80,6.70,6.40,5.80,5.70,5.20,
2008-12-22 21:00,6.20,5.70,2.87,5.35,1.60,4.31,4.96,5.50,0.53,5.33,2.91,3.41,-0.81,2.69,3.13,2.29,1.57,-2.37,2.80,0.98,-1.06,-1,2.72,,5.19,5.14,5.45,2.90,5.43,3.90,4,5.61,-2.27,2.92,3.05,3.08,4.06,3.56,0.62,1.46,-3.90,-4.63,-2.96,4.77,1.60,4.97,3.60,3.25,3.19,0.47,2.70,4.64,3.22,3.94,1.44,1.67,1.74,0.40,2.37,1.22,0.21,1.20,-0.05,-2.41,1.15,,5.92,3.72,2.70,0.62,4.02,3.95,5.93,3.68,5.07,6.95,6.60,5.86,5.72,5.37,5.19,4.90,4.92,3.81,5.74,4.08,4.39,5.20,5.75,5.02,2.43,5.03,4.69,5.40,5.02,5.73,3.88,4.67,4.01,4.27,3.69,4.09,6.41,4.76,6.27,5.63,6.08,5.60,5.16,4.92,5.88,4.11,5.41,5.57,6.25,4.44,4.80,5.12,3.58,4.83,4.90,4.82,4.01,3.91,5.77,5.69,6.20,4.89,5.06,4.25,4,4.90,1.40,-7.10,6.20,4.10,2.80,,5.20,-4.10,5.60,5.70,5.60,5.20,5.60,4.90,4.30,5.20,5.10,4.90,3.80,6.10,6.80,6.60,6.80,6.10,5.70,5.60,5.10,5.30,4.20,4.50,6.90,5.70,6.20,6.30,5.80,5.50,4.70,4.70,5.30,5.50,5,4.50,5.70,5.20,4.90,,4.50,6.10,6.40,6.70,6.60,6.40,5.80,5,5.20,4.30
2008-12-22 21:10,6,5.72,2.89,5.32,1.50,4.33,4.97,5.50,0.52,5.27,2.96,3.30,-0.81,2.73,3.08,2.23,1.52,-2.51,2.80,0.98,-1.20,-0.78,2.79,,5,4.86,4.95,2.84,5.02,3.80,4.10,5.71,-2.23,2.72,2.85,2.92,4,3.32,0.66,1.99,-3.90,-4.59,-3.06,4.34,1.50,4.97,3.50,3.12,3.11,0.87,2.81,4.60,3.25,3.75,1.46,1.92,1.65,0.40,2.09,1.47,0.14,1.40,-0.15,-2.51,1.23,,5.68,3.71,2.60,0.60,3.94,3.93,5.76,3.67,5.06,6.82,6.50,5.81,5.83,5.14,5.07,4.90,4.81,3.82,5.82,3.98,4.47,5,5.89,4.79,2.45,5.09,5.59,5.50,4.67,5.61,3.75,4.63,4,4.19,3.72,4.19,6.24,4.81,6.33,5.57,6.04,5.60,5.09,5,5.76,4.09,5.44,5.36,6.27,4.27,4.70,4.78,3.48,4.85,4.90,4.78,4.06,4.26,5.79,5.49,6.10,4.83,4.64,4.29,3.90,,1.50,-7.10,6,4.20,2.70,,,,,,,5.10,5.60,,4.30,5.30,5.10,4.56,,,,,,,,5.70,5.30,5.40,4.10,4.50,,,,,5.80,,4.70,4.70,5.40,5.40,5,,,5.20,,,4.50,,,6.50,6.50,6.30,5.70,4.90,5.20,
2008-12-22 21:20,6,5.60,2.95,5.25,1.50,4.40,4.93,5.40,0.51,5.10,2.79,3.06,-0.87,2.72,3.10,2.18,1.53,-2.59,2.90,1.13,-1.20,-0.79,2.75,,4.89,4.83,4.65,2.68,4.87,3.70,4.01,5.55,-2.29,2.80,2.57,2.63,3.87,3.10,0.53,2.54,-3.90,-4.58,-3.06,4.60,1.60,4.83,3.70,3.17,3.17,1.66,2.85,4.40,3.21,3.76,1.40,1.92,1.59,0.50,2.23,1.82,0.09,1.40,-0.16,-2.45,1.31,,5.82,3.66,2.60,0.46,3.83,3.92,5.63,3.62,4.88,6.58,6.30,5.75,5.83,5.38,4.80,4.70,4.96,3.86,5.70,3.98,4.60,5.10,5.73,4.68,2.32,5.02,5.13,5.40,4.87,5.56,3.69,4.53,3.97,4.10,3.63,4.18,6.14,4.84,6.26,5.48,6.13,5.60,5.04,4.94,5.83,4.11,5.27,5.36,6.16,4.03,4.90,4.33,3.36,4.50,4.80,4.64,4.01,4.07,5.58,3.89,6.10,4.47,4.58,4.12,3.90,,1.50,-7.20,5.90,4.30,2.80,,,,,,,5.10,5.60,,4.20,5.20,5.20,4.64,,,,,,,,5.60,5.30,5.30,4.10,4.50,,,,,5.80,,4.80,4.80,5.30,5.30,5,,,5.10,,,4.50,,,6.40,6.50,6.40,5.80,4.80,5,
2008-12-22 21:30,5.90,5.63,2.71,5.23,1.50,4.10,4.81,5.30,0.48,4.93,2.70,2.77,-0.89,2.62,3.09,2.18,1.47,-2.52,2.80,1.14,-1.12,-1.10,2.48,,4.69,4.79,4.55,2.64,4.71,3.30,4.06,5.29,-2.20,2.55,2.51,2.84,3.95,2.77,0.56,2.69,-4,-4.69,-3,4.79,1.80,4.48,3.80,3.20,3.38,1.08,2.87,4.48,3.36,3.76,1.51,2.09,1.86,0.50,2.21,1.92,0.08,1.40,0.02,-2.37,1.26,,5.67,3.51,2.50,0.50,3.72,3.72,5.59,3.61,4.96,6.29,6.40,5.80,5.81,5.26,4.73,4.50,4.86,3.96,5.56,4.19,4.72,5.20,5.74,4.73,2.20,4.94,4.89,5.30,4.78,5.24,3.74,4.55,3.80,4.01,3.74,4.22,6.19,4.78,6.02,5.54,6.23,5.60,5.13,5.02,5.80,3.98,5.19,5.38,6.03,4.25,4.90,4.27,3.29,4.45,4.70,4.79,3.99,4.14,5.66,5.05,6,4.23,4.73,4.06,3.80,,1.50,-7.20,5.90,4.40,2.80,,,,,,,5,5.50,,4.30,5,5.20,4.51,,,,,,,,5.60,5.10,5.30,4.20,4.50,,,,,6,,4.90,4.80,5.20,5.30,5.20,,,5,,,4.40,,,6.30,6.60,6,5.70,4.90,4.90,
2008-12-22 21:40,5.90,5.66,2.70,5.12,1.60,4.01,4.83,5.30,0.31,4.72,2.80,2.60,-0.86,2.40,3.04,2.14,1.40,-2.69,2.70,0.97,-1.17,-1.32,2.49,,4.66,4.64,4.60,2.54,4.43,3.10,4.10,4.81,-2.38,2.21,2.56,2.71,3.80,2.85,0.70,2.88,-4,-4.57,-3.02,5.09,1.50,4.47,3.70,3.27,3.39,1.23,3.03,4.58,3.36,3.84,1.69,2.22,2.18,0.60,2.32,2.07,0.17,1.50,0.10,-2.45,1.26,,5.70,3.42,2.40,0.41,3.59,3.40,5.56,3.41,4.78,6.15,6.40,5.66,5.75,5.33,4.49,4.40,4.79,3.99,5.49,4.31,4.67,5,5.69,4.89,2.38,4.84,5.41,5.20,4.83,4.95,3.68,4.64,3.78,4,3.80,4.19,5.95,4.74,6.05,5.52,6.19,5.60,5.08,5.03,5.76,4.02,5.09,5.23,6.07,4.15,4.80,4.31,3.37,4.34,4.60,4.90,4.03,4.31,5.61,5.36,6.30,4.47,3.75,3.96,3.70,,1.20,-7.20,5.80,4.30,3,,,,,,,4.90,5.40,,4.10,5,5.20,4.44,,,,,,,,5.40,4.90,5.10,4.20,4.50,,,,,6,,5,4.90,5.10,5.30,5.20,,,4.90,,,4.40,,,6.10,6.30,6,5.50,4.20,4.80,
2008-12-22 21:50,5.90,5.51,2.75,5.12,1.60,4.13,4.66,5.40,0.33,4.45,2.68,2.33,-0.88,2.34,3.05,2.01,1.38,-2.74,2.50,0.89,-1.13,-1.17,2.49,,4.75,4.55,4.64,2.39,4.29,3,4.01,4.61,-2.27,2.24,2.44,2.62,3.51,2.85,0.70,2.84,-4,-4.77,-3.04,5.12,1.20,4.18,3.60,3.32,3.20,1.66,2.95,4.28,3.31,3.93,1.83,2.32,2.46,0.60,2.31,2.18,0.13,1.40,0.13,-2.43,1.39,,5.81,3.35,2.40,0.21,3.47,3.52,5.26,3.38,4.50,6.05,6.30,5.70,5.68,5.23,4.36,4.40,4.95,4.03,5.45,4.40,4.70,5.10,5.55,5.04,2.40,4.76,5.29,5.30,4.81,4.97,3.73,4.65,3.79,4.02,3.75,4.18,6.06,4.74,6.08,5.44,6.11,5.70,5.15,5.11,5.80,4.08,4.92,4.96,5.96,4.05,4.80,4.36,3.46,4.21,4.60,4.74,3.90,4.22,5.58,5.36,4.50,4.48,4.24,3.94,3.70,,1.10,-7.20,5.70,4,2.90,,,,,,,4.90,5.40,,4.10,4.90,5,4.44,,,,,,,,5.50,4.90,5,4.20,4.60,,,,,6,,5.10,4.90,5,5.30,5.20,,,4.60,,,4.30,,,6,6.10,5.90,4.70,4.30,4.70,
2008-12-22 22:00,5.90,5.46,2.80,5.07,1.60,4.32,4.76,5.40,0.30,4.21,2.51,2.38,-1.02,2.36,3.09,2.03,1.10,-2.64,2.30,0.90,-1.27,-1.35,2.34,,4.87,4.37,4.58,2.28,4.36,3.10,3.96,4.56,-2.28,2.17,2.44,2.39,3.60,2.90,0.41,2.80,-4,-4.75,-3.07,4.53,1.40,4.18,3.50,3.30,3.46,2.43,2.85,4.40,3.35,4.03,1.78,2.47,2.47,0.80,2.51,2.20,0.17,1.50,0.17,-2.42,1.25,,5.78,3.30,2.40,0.30,3.59,3.28,5.15,3.35,4.66,6,6.10,5.70,5.70,5.17,4.45,4.40,5.12,4.03,5.38,4.44,4.75,5.10,5.26,5.12,2.38,4.63,4.74,5.40,4.83,5.02,3.70,4.72,3.89,4.09,3.60,4.06,6.04,4.96,5.95,5.44,6.10,5.80,5.28,5.14,5.92,4.02,4.77,4.89,5.97,3.99,4.40,4.25,3.47,4.17,4.50,4.80,3.78,4.17,5.52,5.25,4.80,4.23,4.10,3.82,3.60,4.90,1.20,-7.20,5.50,4,2.90,4.10,4.90,-4.40,5.30,5.50,5.80,4.90,5.40,4.90,4.20,4.80,5,4.70,3.90,5.90,6.30,6.40,5.50,5.80,5.50,5.40,5,5,4.20,4.70,6,5.30,5.90,6,5.80,5.90,5.10,4.90,5.30,5.20,5,4.60,5.40,4.50,4.30,5.40,4.30,5.80,5.40,5.90,5.80,5.90,5.20,4.40,4.40,3.90
2008-12-22 22:10,5.80,5.37,2.85,4.98,1.50,4.24,4.72,5.50,0.27,4.04,2.30,2.46,-1.02,1.96,3.09,1.95,1,-2.69,2.20,0.64,-1.27,-1.52,1.99,,4.91,4.39,4.18,2.22,4.29,3.20,3.79,4.27,-2.31,2.15,2.40,2.45,2.95,2.87,0.45,2.94,-4.10,-4.83,-3.08,4.35,1.50,4.14,3.40,3.18,3.33,2.72,2.94,4.64,3.40,4.03,1.75,2.47,2.60,0.90,2.67,2.25,,1.60,0.23,-2.46,1.31,,5.71,3.44,2.40,0.33,3.72,3.47,4.96,3.31,4.67,5.93,6,5.62,5.78,5.38,4.71,4.50,5.22,4.01,5.37,4.22,4.64,5.10,5.15,5.28,2.28,4.53,4.51,5.20,4.87,5.02,3.77,4.77,3.89,3.96,3.65,3.97,5.93,5.05,5.86,5.50,6.11,5.70,5.30,5.15,5.74,4.08,4.75,4.99,5.97,3.60,4.20,4.11,3.31,4.22,4.40,4.32,3.71,4.26,5.34,5.34,5.10,4.31,4.31,3.67,3.60,,0.80,-7.20,5.40,3.90,3.10,,,,,,,4.80,5.30,,4.20,4.90,5.10,4.41,,,,,,,,5.40,5.10,5.30,4.30,4.60,,,,,5.80,,5.10,5,5.30,5.20,5,,,4.50,,,4.10,,,5.80,5.50,5.60,5.20,4.40,4.40,
2008-12-22 22:20,5.80,5.35,2.79,4.93,1.40,4.26,4.82,5.10,0.25,4.12,2.26,2.38,-0.97,1.72,3.20,1.90,0.51,-2.69,2.20,0.15,-1.22,-1.53,1.62,,4.98,4.37,4.34,2.20,4.28,2.80,3.49,4.02,-2.40,2.47,2.33,2.45,2.78,2.80,0.49,2.53,-4,-4.84,-3,4.26,1.40,4.05,3.20,3.04,3.20,2.77,2.85,4.53,3.39,4.18,1.72,2.44,2.70,0.80,2.85,2.34,,1.70,0.17,-2.44,1.32,,5.67,3.42,2.30,0.29,3.58,3.55,4.81,3.35,4.53,5.96,5.80,5.59,5.76,5.33,4.76,4.60,5.22,3.80,5.48,4.28,4.73,5.10,5.22,5.31,2.31,4.60,5.12,5.10,4.72,5.12,3.85,4.83,4,4.08,3.66,4,5.81,5.13,5.77,5.48,6.11,5.70,5.48,5.17,5.57,4.07,4.65,4.97,5.64,3.41,4.10,4.09,3.14,4.23,4.30,4.34,3.73,4.29,5.19,4.88,5.50,4.31,4.18,3.65,3.50,,0.70,-7.30,5.40,3.80,3.10,,,,,,,4.70,5.20,,4.30,4.80,4.90,4.48,,,,,,,,5.50,5.10,5.30,4.30,4.70,,,,,5.60,,5.20,5,5.20,4.90,4.90,,,4.60,,,3.70,,,5.70,5.50,5.30,5.40,4,4.20,
2008-12-22 22:30,5.80,5.35,2.71,4.88,1.40,4.25,4.72,4.70,0.33,4.07,2.49,2.31,-1.07,1.90,3.13,1.89,0.39,-2.67,2.10,0.40,-1.27,-1.58,1.76,,4.93,4.40,4.49,2.11,4.23,2.50,3.40,4.17,-2.51,2.35,2.34,2.05,2.55,2.71,0.41,2.74,-4.10,-4.75,-3.03,4.56,1.10,3.92,3.20,2.92,2.81,2.84,2.87,4.37,3.27,4.21,1.69,2.59,2.84,0.80,2.77,2.41,,1.80,0.07,-2.45,1.37,,5.67,3.38,2.20,0.19,3.52,3.37,4.75,3.46,4.62,5.94,5.80,5.60,5.69,5.41,4.67,4.40,5.20,3.75,5.61,4.36,4.83,5,5.17,5.36,2.32,4.69,5.22,5.10,4.60,5.10,3.93,4.94,4.01,4.14,3.65,4.15,5.61,5.27,5.75,5.43,5.98,5.80,5.36,5.14,5.29,4.04,4.59,4.12,5.22,3.57,4.10,4.15,3.24,4.23,4.20,4.61,3.77,4.18,5.09,4.64,5.70,4.31,4.28,3.60,3.40,,0.40,-7.30,5.20,3.90,3.20,,,,,,,4.70,5.10,,4.40,4.90,4.80,4.43,,,,,,,,5.40,5.10,5.40,4.40,4.70,,,,,5.60,,5.30,5,5,4.90,4.70,,,4.60,,,3.80,,,5.70,5.40,5,5.50,4,4.10,
2008-12-22 22:40,5.70,5.34,2.53,4.91,1.50,4.21,4.51,4.70,0.30,4.04,2.48,2.11,-1.11,2.19,2.90,1.77,0.45,-2.80,1.80,0.41,-1.47,-1.46,1.85,,5.05,4.47,4.54,2.04,4.35,2.50,3.52,4.12,-2.55,2.17,2.34,2.20,2.60,2.77,0.16,2.39,-4.10,-4.64,-3.08,5.01,1.10,4.01,3.20,2.94,2.45,2.92,2.96,4.41,3.40,3.97,1.73,2.68,2.78,0.70,2.73,2.42,,1.90,0.01,-2.45,1.36,,5.61,3.34,2.20,0.17,3.52,3.33,4.80,3.45,4.47,5.69,5.70,5.52,5.60,5.46,4.60,4.40,5.26,3.45,5.70,4.38,4.94,5.20,5.15,5.16,2.32,4.74,4.42,5.10,4.69,5.12,4.12,4.95,4.07,4.30,3.67,4.08,5.43,5.32,5.70,5.37,5.85,5.70,5.41,4.96,5.23,4.18,4.54,3.97,5.24,3.36,4.10,4.07,3.17,4.26,4.20,4.59,3.73,3.80,4.85,4.93,5.70,3.87,3.61,3.47,3.40,,0.40,-7.30,5.20,3.80,3.10,,,,,,,4.80,5.10,,4.40,4.70,4.80,4.47,,,,,,,,5.40,5.10,5.40,4.40,4.70,,,,,5.60,,5.20,4.90,4.90,4.90,4.70,,,4.40,,,4.10,,,5.70,5.30,4.70,5.50,4.10,4.20,
2008-12-22 22:50,5.70,5.31,2.61,4.79,1.40,4.07,3.93,4.80,0.06,4.23,2.03,2.18,-1.10,2.04,2.60,1.80,0.53,-2.76,2,0.32,-1.56,-1.45,1.64,,5.14,4.44,4.43,2.11,4.41,2.60,3.36,4.06,-2.52,1.79,2.17,2.17,2.45,2.60,0.09,2.67,-4.10,-4.82,-3.17,4.90,1,4,3.10,2.86,2.42,2.82,2.81,4.51,3.29,3.82,1.90,2.65,2.70,0.70,2.73,2.70,,1.90,-0.02,-2.52,1.43,,5.53,3.29,2.20,0.26,3.43,3.34,4.94,3.33,4.38,5.53,5.70,5.52,5.60,5.49,4.67,4.30,5.29,3.34,5.73,4.44,4.89,5.40,5.47,5.25,2.53,4.90,4.57,5.10,4.61,4.94,4,4.95,4.02,4.36,3.71,4.06,5.62,5.40,5.64,5.48,5.79,5.70,5.28,4.98,5.12,4.11,4.41,4.14,5.08,3.59,3.80,4.30,3,4.07,4.10,4.64,3.87,3.67,4.61,4.88,5.50,4.28,3.46,3.36,3.20,,0.60,-7.30,5.10,3.80,2.90,,,,,,,4.70,5,,4.50,4.80,4.90,4.38,,,,,,,,5.40,5.10,5.50,4.30,4.60,,,,,5.40,,5.10,5,4.90,4.90,4.50,,,4.30,,,4.30,,,5.70,5.20,4.50,5.40,4.30,4.20,
2008-12-22 23:00,5.60,5.34,2.66,4.85,1.50,3.97,3.91,5,-0.11,4.42,1.84,2.21,-1.10,1.71,2.79,1.73,0.72,-2.75,2,0.01,-1.64,-1.82,1.54,,5.24,4.24,4.18,2.20,4.46,2.60,3.07,3.82,-2.49,1.64,1.95,2.12,2.73,2.55,0.10,2.93,-4.10,-4.71,-3.16,4.89,0.90,4.04,3.30,2.81,2.79,2.73,2.67,4.55,3.27,3.92,1.81,2.54,2.76,1,2.62,2.81,,2,-0.09,-2.39,1.45,,5.60,3.29,2.30,0.19,3.31,3.29,4.84,3.24,4.33,5.53,5.40,5.42,5.50,5.51,4.68,4.30,5.10,3.29,5.45,4.38,4.79,5.40,5.40,5.20,2.48,4.99,5.20,5.20,4.77,4.80,4.16,4.96,4.06,4.48,3.73,4.07,5.48,5.50,5.78,5.50,5.81,5.70,5.26,4.99,4.94,3.87,4.33,4.30,4.82,3.56,3.50,3.92,2.80,4.15,4,4.52,3.87,3.74,4.36,4.88,5.30,4.47,4.35,3.52,3.10,4.50,0.50,-7.30,4.80,3.60,2.90,4.30,4.30,-4.70,5,5.40,5.80,4.80,5.10,4.20,4.50,4.70,5,4.70,4,5.50,6.10,6.30,5.80,5.50,5.50,5.40,5,5.50,4.20,4.70,5.90,4.90,5.60,5.60,5.40,5.70,4.90,5,4.70,4.70,4.20,4.10,4.80,4.50,3.60,,4.30,5.60,5,5.70,5.20,4.40,5.10,4.30,4.20,3.40
2008-12-22 23:10,5.60,5.34,2.54,4.80,1.50,3.76,4.17,4.60,-0.12,4.13,1.79,2.37,-1.07,1.62,2.78,1.81,0.87,-2.68,1.90,0.04,-1.73,-1.76,1.52,,5.30,4.15,3.64,2.12,4.52,2.70,3.17,3.79,-2.50,1.43,1.84,1.83,2.94,2.51,0,3.17,-4.10,-4.67,-3.25,4.87,0.80,4.13,3.30,2.78,2.85,2.86,2.75,4.65,3.29,4,1.88,2.39,2.85,1.30,2.69,2.80,,2,-0.15,-2.53,1.46,,5.47,3.17,2.20,0.21,3.32,3.29,4.69,3.12,4.39,5.51,5.50,5.37,5.28,5.35,4.55,4.20,5.28,3.42,5.22,4.37,4.80,5.30,5.27,5.28,2.56,4.99,4.70,5.20,4.54,4.78,3.98,4.99,4.08,4.61,3.73,4.12,5.40,5.40,5.63,5.49,5.73,5.60,5.18,5.03,4.88,3.80,4.31,4.43,4.81,3.51,2.80,3.59,2.93,3.91,3.90,4.48,3.80,4.02,3.88,4.72,5.30,3.61,3.62,3.38,2.90,,0.50,-7.30,4.50,3.50,3,,,,,,,4.80,5,,4.50,4.40,5.10,4.44,,,,,,,,5.30,5,5.50,4.10,4.70,,,,,5.40,,4.80,4.90,4.70,4.70,4.20,,,4.50,,,4.20,,,5.60,5.20,4.30,5.10,4.30,4.10,
2008-12-22 23:20,5.60,5.31,2.50,4.70,1.60,3.59,4.10,4.30,-0.11,3.69,1.88,2.50,-1.11,1.65,2.86,1.82,0.94,-2.76,1.50,0.22,-1.56,-1.72,1.64,,5.26,4.04,3.49,2.03,4.50,2.40,3.21,3.72,-2.66,1.27,1.83,1.67,2.92,2.36,-0.11,3.15,-4.10,-4.66,-3.30,4.29,0.70,4.30,3.40,2.81,3.16,2.82,2.73,4.61,3.29,4.01,1.72,2.49,2.94,1.60,2.86,2.69,,2,-0.19,-2.53,1.44,,5.41,3.15,2.20,0.15,3.36,3.13,4.60,3.09,4.28,5.49,5.70,5.34,5.20,5.26,4.60,4.30,5.13,3.51,5.14,4.49,4.73,5.40,5.33,5.41,2.59,5.03,4.61,5.20,4.68,4.89,3.97,4.98,4.04,4.57,3.69,4.28,5.62,5.34,5.54,5.56,5.74,5.50,4.95,5,4.96,3.68,4.28,4.60,4.65,3.23,2.70,3.55,2.85,3.88,3.90,4.51,3.74,4.04,3.73,4.62,5.20,3.50,3.29,3.35,2.70,,0.40,-7.30,4.60,3.40,3,,,,,,,4.80,4.80,,4.60,4.40,4.90,4.48,,,,,,,,4.90,4.90,5.40,4.20,4.60,,,,,5.10,,2.40,4.90,4.50,4.50,,,,4.40,,,4.30,,,5.60,5.30,4.40,5.10,4.20,4.10,
2008-12-22 23:30,5.50,5.29,2.51,4.71,1.50,3.36,3.55,4.20,-0.23,3.37,1.93,2.06,-1.15,1.80,2.56,1.85,0.85,-2.84,1.40,0.23,-1.54,-1.28,1.71,,5.18,3.86,3.53,1.92,4.60,1.90,3.10,3.51,-2.51,1.31,1.51,1.53,2.64,2.42,-0.14,3.11,-4.20,-4.80,-3.24,4.25,0.80,4.25,3.40,2.79,2.91,2.79,2.56,4.57,3.45,4.06,1.79,2.62,3.02,1.70,2.97,2.63,,1.90,-0.14,-2.52,1.40,,5.41,3.05,2.10,0.13,3.40,3.09,4.72,3.11,4.22,5.38,5.70,5.30,5.11,5.39,4.54,4.40,5.26,3.48,5.09,4.40,4.68,5.30,5.62,5.33,2.53,5.08,4.57,5.20,4.64,4.69,3.77,4.95,4.05,4.63,3.69,4.37,5.75,5.23,5.45,5.55,5.71,5.50,5.03,5.09,4.94,3.62,4.34,4.77,4.47,3.13,3.10,3.62,2.96,3.82,3.70,4.28,3.61,3.91,3.66,4.71,5.20,4.03,4.22,3.28,2.70,,0.50,-7.30,4.80,3.40,3.10,,,,,,,4.70,4.80,,4.60,4.60,4.90,4.53,,,,,,,,4.90,4.80,4.90,4.20,4.40,,,,,5.10,,2.50,4.90,4.70,4.40,4,,,4.30,,,4.20,,,5.50,5.20,4.10,5,4.50,3.80,
2008-12-22 23:40,5.50,5.41,2.45,4.67,1.30,3.40,3.44,4.20,-0.43,3.48,1.53,1.40,-1.23,1.66,2.38,1.75,0.38,-2.82,1.50,0.13,-1.66,-1.85,1.50,,5.21,3.77,3.32,1.76,4.60,2,3.21,3.49,-2.68,1.42,1.46,1.47,2.47,2.40,-0.11,3.09,-4.20,-4.74,-3.24,4.12,0.80,4.32,3.50,2.83,3.05,2.95,2.51,4.80,3.45,3.97,1.80,2.55,3.02,1.70,2.99,2.85,,2,-0.17,-2.50,1.38,,5.44,3.09,2.10,0.09,3.24,3.13,4.86,3.03,4.34,5.28,5.80,5.32,5.20,5.59,4.51,4.40,5.13,3.39,5.23,4.36,4.54,5.30,5.66,5.25,2.42,5.14,4.81,5.20,4.82,4.63,3.70,4.86,4.01,4.68,3.73,4.37,5.60,5.27,5.38,5.53,5.72,5.40,5.06,5.08,4.86,3.59,4.46,4.59,4.49,3.12,3.20,3.68,2.95,3.94,3.70,4.05,3.52,3.78,3.42,4.85,5.10,4.22,4.16,3.24,2.60,,0.40,-7.30,4.80,3.30,3,,,,,,,4.70,4.80,,4.50,4.60,4.90,4.47,,,,,,,,5,4.90,4.80,4.20,4.50,,,,,5,,2.90,5,4.60,4.30,4,,,4.20,,,4.10,,,5.40,5.10,4.10,4.80,4.70,3.40,
2008-12-22 23:50,5.40,5.31,2.49,4.67,1.30,3.40,3.13,4.10,-0.45,3.41,1.40,1.86,-1.36,1.56,2.46,1.73,0.27,-2.90,1.70,0.08,-1.57,-1.43,1.46,,4.88,3.65,3.27,1.57,4.48,1.70,3.33,3.34,-2.57,1.52,1.66,1.53,2.52,2.47,-0.20,2.94,-4.20,-4.74,-3.33,3.89,0.80,4.31,3.50,2.96,3.08,2.92,2.41,4.59,3.45,3.95,1.90,2.70,3.07,1.70,3.07,2.91,,2,-0.02,-2.49,1.33,,5.40,2.98,2,0.05,3.16,2.79,4.87,2.99,4.31,5.25,5.60,5.34,5.10,5.36,4.53,4.40,5.08,3.55,5.30,4.34,4.50,5.30,5.74,5.05,2.38,5.11,4.75,5.10,4.78,4.74,3.69,4.57,3.98,4.63,3.71,4.42,5.68,5.17,5.42,5.46,5.68,5.30,5,5.10,4.76,3.65,4.35,4.31,4.26,3.13,3.30,3.48,2.79,3.95,3.80,3.96,3.54,3.76,3.40,4.65,5.10,4.19,4.07,3.30,2.60,,0.20,-7.30,4.70,3.10,2.90,,,,,,,4.60,4.70,,4.60,4.70,5,4.37,,,,,,,,5.10,4.30,4.80,4.30,4.50,,,,,4.90,,3.30,5.10,4.40,4.30,3.90,,,4,,,4.10,,,5.50,5.10,4,4.70,4.50,3.50,
2008-12-23 00:00,5.40,5.33,2.54,4.74,1.40,3.47,3.32,4.10,-0.50,3.07,1.48,2.21,-1.38,1.55,2.25,1.65,0.55,-2.81,,0.21,-1.58,-1.77,1.53,,4.92,3.51,3.26,1.39,4.42,1.40,3.30,3.50,-2.60,1.40,1.69,1.49,2.78,2.62,-0.24,3.05,-4.20,-4.66,-3.25,3.64,0.90,4.41,3.60,2.99,3.13,3.02,2.44,4.63,3.50,3.96,2.05,2.62,3.16,1.40,3.13,3,0.31,2,0.12,-2.59,1.32,,5.29,2.83,1.90,0.06,2.99,2.84,4.78,2.93,4.22,5.20,5.50,5.18,5.10,5.39,4.55,4.40,5.17,3.66,5.35,4.22,4.39,5.30,5.73,4.99,2.47,5.12,5.80,5.20,4.74,4.74,3.59,4.53,4.11,4.51,3.76,4.25,5.65,5.08,5.38,5.37,5.63,5.30,4.95,5,4.64,3.70,4.30,4.41,4.06,3.11,3.60,2.75,2.67,3.88,3.60,3.83,3.38,3.92,3.48,4.57,5,4.15,4.09,3.24,2.50,4.60,0.20,-7.30,4.50,2.90,2.90,4.50,3.90,-4.80,4.20,5.60,5.40,4.50,4.70,4.40,4.50,4.90,5,4.70,4.30,5.20,6,6.30,5.50,5.30,5.30,5.10,4,4.80,4.40,4.70,5.50,4.40,5.20,5,4.60,5.60,3.50,5.10,4.60,4,3.90,3.40,3.80,4,3.30,4.40,4,,4.90,5.50,5.10,4,4.90,4.40,3.40,2.90
2008-12-23 00:10,5.30,5.40,2.39,4.65,1.20,3.88,3.34,4.20,-0.53,2.76,1.47,1.93,-1.31,1.66,2.04,1.65,0.50,-2.85,1.50,0.12,-1.53,-1.43,1.64,,4.85,3.50,3.56,1.35,4.54,1.30,3.26,3.93,-2.72,1.26,1.55,1.33,2.98,2.38,-0.16,2.72,-4.10,-4.64,-3.24,3.21,1.10,4.44,3.50,2.99,2.85,3.06,2.42,4.63,3.40,3.96,1.94,2.52,3.02,1.50,3.10,2.96,0.34,2,0.09,-2.67,1.30,,5.30,2.80,1.90,-0.17,2.98,2.87,4.66,3.12,4.19,5.26,5.20,5.14,5.10,5.53,4.61,4.40,5.18,3.65,5.31,4.26,4.36,5.20,5.72,5,2.38,5.14,5.24,5.30,4.78,4.82,3.61,4.53,4.03,4.41,3.72,4.04,5.69,5.23,5.35,5.48,5.54,5.30,4.92,4.98,4.67,3.79,4.21,4.24,4.18,3.32,3.50,2.38,2.53,3.76,3.40,3.81,3.44,3.82,3.30,4.54,4.90,4.23,4.16,3,2.40,,0.30,-7.30,4.20,3,2.80,,,,,,,4.50,4.60,,4.50,5,5.10,4.39,,,,,,,,5.10,4,4.90,4.40,4.60,,,,,4.60,,4,5,4.60,4,3.80,,,4,,,4,,,5.40,5.10,3.80,4.90,4.40,3.40,
2008-12-23 00:20,5.30,5.40,2.53,4.30,1,3.89,3.27,4.30,-0.44,2.57,1.39,1.87,-1.30,1.68,1.86,1.74,-0.01,-2.83,1.50,0.04,-1.40,-1.62,1.62,,4.81,3.78,3.56,1.36,4.51,1.10,3.16,4.14,-2.77,1.41,1.56,1.30,2.54,2.18,0.08,2.42,-4.30,-4.75,-3.27,3.02,1.10,4.46,3.60,2.97,2.75,3.07,2.45,4.63,3.50,3.85,1.92,2.65,2.86,1.70,3.07,3.05,0.31,2,0.10,-2.59,1.29,,5.25,2.83,1.80,-0.15,3.15,2.96,4.75,3.09,4.07,5.17,5,5,4.90,5.48,4.51,4.30,5.01,3.64,5.45,4.25,4.20,5.10,5.75,5.12,2.39,5.18,5.24,5.20,5.01,4.79,3.79,4.49,4.01,4.41,3.74,4.02,5.61,5.17,5.26,5.24,5.48,5.20,4.94,4.95,4.48,3.74,3.96,4,3.86,3.20,3.50,2.50,2.48,3.55,3.30,3.35,3.44,3.66,3.15,4.51,4.90,4.36,4.19,2.97,2.20,,0.40,-7.40,4,3.20,2.80,,,,,,,4.50,4.80,,4.50,5,5.10,4.47,,,,,,,,5.10,4,4.90,4.50,4.60,,,,,4.60,,4.30,4.40,4.10,3.90,,,,3.90,,,3.90,,,5.40,5,3.80,4.70,4.40,3.20,
2008-12-23 00:30,5.20,5.32,2.54,4.25,1,3.92,3.37,4.10,-0.40,2.54,1.39,1.84,-1.24,1.44,2.16,1.49,-0.31,-2.87,1.60,0.25,-1.47,-1.52,1.36,,4.71,4.07,4.02,1.40,4.55,1.10,2.83,4.17,-2.74,1.21,1.57,1.59,2.33,2.30,-0.04,2.24,-4.30,-4.81,-3.16,2.99,0.90,4.40,3,2.61,2.86,3.01,2.33,4.66,3.47,3.70,1.98,2.60,2.51,2.20,2.95,3.10,0.40,2,0.15,-2.56,1.27,,5.26,2.84,1.80,-0.11,3.11,2.92,4.89,3.13,3.73,5.13,5.10,4.92,4.90,5.38,4.47,4.40,5.03,3.52,5.54,4.30,4.11,5,5.79,5.18,2.44,5.14,4.98,5.20,4.93,4.74,3.75,4.53,3.80,4.41,3.71,3.91,5.65,5.16,5.12,5.38,5.43,5.20,4.80,4.79,4.33,3.69,3.94,3.93,4.07,3.10,3.40,2.51,2.49,3.56,3.30,3.39,3.43,3.59,3.11,4.54,4.80,4.36,4.05,3.01,2,,0.30,-7.40,3.50,3.20,2.80,,,,,,,4.50,4.90,,4.40,4.90,5.30,4.49,,,,,,,,5,4.50,4.90,4.50,4.60,,,,,4.70,,4.30,4.10,4,3.90,3.70,,,3,,,3.70,,,5.50,5.10,3.80,4.70,4.60,3.30,
2008-12-23 00:40,5.10,5.33,2.32,4.19,0.90,3.91,3.43,4.20,-0.40,2.45,1.30,1.69,-1.34,1.52,2.51,1.43,-0.26,-2.97,1.50,0.29,-1.51,-1.40,1.46,,4.59,4.01,4.27,1.64,4.55,1.90,2.58,4.22,-2.85,0.89,1.36,1.70,2.56,2.41,-0.09,1.83,-4.20,-4.72,-3.11,3.28,1,4.46,2.90,2.34,2.93,3.02,1.96,4.66,3.40,3.71,1.97,2.40,2.13,2.40,2.77,2.94,0.44,2,0.23,-2.57,1.22,,5.27,2.93,1.70,-0.18,2.97,2.92,5,3.15,3.78,5.08,5.30,4.96,5.10,5.28,4.39,4.50,5.14,3.38,5.64,4.15,3.87,5,5.80,5.11,2.45,5.02,4.98,5.10,4.78,4.57,3.90,4.46,3.80,4.42,3.64,3.95,5.51,5.18,5.11,5.30,5.35,5.10,4.94,4.77,4.31,3.76,3.74,3.88,4.14,2.97,3.30,2.49,2.44,3.51,3.40,3.71,3.31,3.61,3.11,4.37,4.70,4.38,4.33,2.95,1.90,,0.30,-7.40,3.30,3.20,2.50,,,,,,,4.40,4.90,,4.30,4.80,5.20,4.54,,,,,,,,4.90,4.60,4.90,4.30,4.60,,,,,4.30,,4.40,4,4,3.80,3.60,,,2.80,,,3.70,,,5.60,5.10,3.90,4.70,4.40,3.30,
2008-12-23 00:50,5.10,5.18,2.28,4.28,0.80,3.92,3.45,4.30,-0.43,2.40,1.02,1.55,-1.45,1.40,2.63,1.18,-0.24,-3.11,1.50,0.31,-1.59,-1.69,1.55,,4.68,4.18,4.28,1.76,4.52,2.30,2.47,4.03,-2.83,0.92,1.13,1.31,2.63,1.90,-0.08,1.60,-4.30,-4.77,-3.28,3.54,1.10,4.41,3,2.53,3.01,3.02,1.34,4.65,3.49,3.48,1.98,2.36,1.89,2.20,2.27,2.95,0.46,2.10,0.36,-2.58,1.22,,4.94,2.75,1.80,-0.22,2.94,2.80,4.79,2.99,3.67,5.19,5,5.09,5,5.05,4.08,4.60,5.17,3.31,5.54,4.06,3.97,5.10,5.78,5.16,2.21,4.98,5.04,5.10,4.99,4.63,4.09,4.49,3.69,4.46,3.61,3.97,5.56,5.21,5.02,5.34,5.32,5.20,4.90,4.79,4.31,3.65,3.71,3.84,4.11,2.72,3.20,2.62,2.36,3.33,3.30,3.76,3.09,3.55,3.06,4.50,4.70,4.43,4.47,2.77,1.80,,0.40,-7.40,3.30,3.40,2.50,,,,,,,4.40,4.70,,4.30,4.80,5.30,4.48,,,,,,,,4.90,4.60,5,4.20,4.50,,,,,4.40,,4.30,3.90,4,3.60,3.70,,,2.90,,,3.50,,,5.60,5,3.80,4.70,4.30,2.90,
2008-12-23 01:00,5,5.08,2.34,4.31,0.90,3.93,3.45,4.20,-0.49,2.56,1.32,1.61,-1.46,0.97,2.40,1.26,-0.33,-2.90,1.40,0.28,-1.59,-1.90,1.48,,4.81,4.27,4.29,1.92,4.50,2.50,2.22,3.90,-2.94,0.96,1.15,1.09,2.57,1.74,0.11,1.28,-4.30,-4.84,-3.30,3.68,1.20,4.21,3.20,2.65,2.73,3.05,1.23,4.67,3.47,3.45,1.93,2.51,2.09,2,2.36,2.98,0.49,2,0.30,-2.65,1.27,,4.98,2.71,1.70,-0.24,2.82,2.66,4.73,2.72,3.47,5.29,5.10,5.03,5.10,5.21,4.01,4.60,5.19,3.38,5.39,3.99,4,4.90,5.62,5.14,2.25,4.94,5.41,5.10,4.78,4.80,4.03,4.63,3.80,4.53,3.64,4.16,5.54,5.08,4.96,5.43,5.22,5.10,4.92,4.71,4.38,3.62,3.64,3.75,3.93,2.78,3.20,2.53,2.34,3.25,3.20,3.77,3.06,3.45,2.92,4.48,4.50,4.44,4.44,2.45,1.80,4.20,0.40,-7.40,3.40,3.50,2.40,,3.40,-4.90,3.50,5.40,5.20,4.30,4.50,4.70,3.80,4.70,5.20,4.80,,4.90,6,5.70,5.90,5,5.10,4.90,4.60,5,4.10,4.30,4.90,3.90,3.80,5.10,4.20,4.40,4.30,4.40,3.90,3.40,3.60,,3.30,2.90,2.90,3.90,3.50,5.50,4.60,5.60,4.90,3.50,4.50,4.50,3.20,2.30
2008-12-23 01:10,5.10,5.08,2.25,4.31,1,4.01,3.59,4.20,-0.40,3.05,1.62,1.72,-1.46,1.14,2.36,1.18,-0.54,-3.04,1.50,0.16,-1.70,-1.89,1.33,,4.87,4.24,4,1.91,4.38,2.60,2.30,3.86,-2.92,0.65,1,1.21,2.54,1.83,0.10,1.44,-4.40,-4.83,-3.28,3.80,1,4.01,3.30,2.85,2.82,3.12,1.25,4.51,3.33,3.56,1.84,2.41,2.33,2.10,2.42,2.96,0.51,1.90,0.36,-2.66,1.26,,5.15,2.54,1.70,-0.23,2.52,2.48,4.90,2.56,3.40,5.25,5.10,4.87,5.10,5.04,3.91,4.83,4.74,3.27,5.13,3.75,4.06,4.90,5.70,4.98,2.18,4.76,4.84,5.10,4.62,4.51,3.78,4.75,3.75,4.51,3.72,4.04,5.50,5.09,5.08,5.49,5.16,5,4.93,4.66,4.36,3.61,3.62,3.67,3.74,2.96,3.10,2.71,2.30,3.17,3.10,3.80,2.89,3.29,2.78,4.41,4.50,4.37,4.42,2.54,1.60,,0.30,-7.40,3.80,3.70,2.40,,,,,,,4.10,4.30,,3.60,4.40,5.20,4.50,,,,,,,,4.80,4.70,5.10,4.10,4.30,,,,,4.20,,4.30,4.50,3.80,3.50,3.60,,,2.80,,,3.30,,,5.70,4.90,3.60,4.50,4.50,3.20,
2008-12-23 01:20,5.10,5.04,2.22,4.22,0.90,3.90,3.69,4,-0.45,3.40,1.73,1.82,-1.45,1.34,2.28,1.13,-0.43,-3.11,1.10,0.01,-1.64,-1.82,1.17,,4.91,4.19,4.03,1.89,4.31,2.50,2.28,4.05,-2.91,0.46,0.79,1.15,2.52,2.03,-0.07,1.76,-4.40,-4.85,-3.29,3.96,1,3.98,3.40,2.98,2.65,3.17,1.59,4.47,3.25,3.58,1.95,2.28,2.47,2,2.50,2.84,0.46,1.80,0.32,-2.74,1.13,,4.97,2.58,1.60,-0.27,2.45,2.44,5.08,2.64,3.33,5.30,4.80,4.77,5.10,4.81,3.93,4.74,4.45,3.11,5.15,3.42,4.05,4.90,5.64,4.93,1.91,4.67,5.14,5,4.56,4.39,3.68,4.70,3.69,4.57,3.79,3.98,5.54,5.13,4.90,5.48,5.13,5,5.03,4.63,4.28,3.56,3.74,3.53,3.56,3.01,3,2.83,2.07,3.27,2.90,3.71,2.73,3.17,2.57,4.37,4.50,4.33,4.25,2.36,1.50,,0.20,-7.50,4.30,3.70,2.40,,,,,,,3.70,4.10,,3.10,4.30,5.10,4.47,,,,,,,,4.70,4.60,4.80,4,4.40,,,,,4.10,,4.20,4.50,3.90,3.60,3.50,,,2.60,,,3.20,,,5.70,4.90,3.70,4.40,4.40,3,
2008-12-23 01:30,5.10,4.96,2.21,4.26,0.80,3.88,3.74,4,-0.44,3.48,1.68,1.85,-1.47,1.36,2.17,1.19,-0.55,-3.17,0.90,-0.15,-1.63,-1.85,0.96,,4.92,4.14,4.01,1.88,4.15,2.40,2.34,4.17,-3.08,0.76,0.69,0.89,2.79,1.79,-0.28,2.32,-4.40,-4.81,-3.29,4.12,0.90,3.61,3.40,3.06,2.65,3.11,1.45,4.59,3.35,3.56,1.95,2.22,2.74,2.10,2.51,2.71,0.57,1.80,0.42,-2.76,1.08,,4.95,2.59,1.60,-0.17,2.42,2.44,5.10,2.49,3.42,5.34,4.70,4.66,5.10,4.60,3.96,4.67,4.39,2.89,5.09,3.57,4.07,4.90,5.61,4.85,1.54,4.69,4.28,4.80,4.59,4.63,3.51,4.71,3.73,4.61,3.67,4.15,5.47,5.05,4.65,5.45,5.13,3.10,5.01,4.56,4.03,3.52,3.72,3.30,3.43,3.14,2.80,2.81,1.42,3.21,2.70,3.29,2.72,2.87,2.56,4.32,4.50,4.21,4.30,2.49,1.30,,0.20,-7.50,4.60,3.70,2.40,,,,,,,3.90,3.90,,3.10,4.30,5.20,4.37,,,,,,,,4.70,4.70,4.40,4.10,4.30,,,,,4,,4,4.40,3.80,3.50,3.40,,,2.70,,,3.20,,,5.60,5,3.50,4.30,4.40,2.80,
2008-12-23 01:40,5.10,4.96,2.21,4.37,0.80,3.47,3.66,4,-0.52,3.60,1.28,1.96,-1.49,1.34,1.93,1.36,-0.49,-3.06,0.90,-0.36,-1.71,-1.87,0.60,,4.92,4.18,4,1.62,3.97,2.50,2.53,4.18,-3.05,1.45,0.77,1.11,2.75,1.74,-0.52,2.50,-4.40,-4.96,-3.37,4.17,0.40,3.54,3.30,3.01,2.67,2.94,1.59,4.36,3.48,3.50,1.83,2.20,2.70,2.10,2.61,2.72,0.79,1.80,0.49,-2.84,1.16,,5,2.61,1.60,-0.14,2.57,2.21,5.06,2.45,3.48,5.44,4.50,4.73,5,4.78,3.76,4.64,4.53,2.71,4.83,3.55,3.91,5,5.55,4.61,1.70,4.58,4.50,4.50,4.63,4.87,3.45,4.83,3.77,4.48,3.66,4.15,5.26,4.98,4.50,5.12,5.15,2.40,5.06,4.40,4.02,3.41,3.58,3.04,3.34,3.13,2.90,2.59,1.24,3.12,2.40,2.71,2.63,2.69,2.39,4.53,4.40,4.16,4.27,2.76,1,,0.10,-7.50,4.70,3.50,2.50,,,,,,,3.90,3.80,,3.10,4.40,5.10,4.32,,,,,,,,4.50,4.60,4.20,3.90,4.30,,,,,3.90,,3.90,4.40,3.90,3.30,3.20,,,2.60,,,3.10,,,5.70,5,3.50,4.30,4.30,2.90,
2008-12-23 01:50,5,4.87,2.19,4.24,0.80,3.31,3.64,4,-0.52,3.58,1.14,1.90,-1.48,1.06,1.79,1.45,-0.34,-3.07,1.10,-0.59,-1.94,-1.80,0.63,,4.85,3.92,3.93,1.39,3.87,2.30,2.65,4.03,-3.04,1.73,0.88,1.48,2.56,1.89,-0.68,2.18,-4.40,-5.05,-3.42,4.16,0.30,3.45,3.20,3,2.74,2.95,1.91,4.23,3.36,3.65,1.81,2.20,2.71,2.20,2.64,2.50,0.84,1.80,0.62,-2.92,1.16,,5.06,2.67,1.60,-0.31,2.54,2.17,5.03,2.43,3.42,5.36,4.60,4.62,5.10,4.82,3.42,4.55,4.54,2.60,4.46,3.50,3.92,4.90,5.35,4.48,1.81,4.17,4.63,4.70,4.59,4.83,3.55,4.82,3.86,4.34,3.80,4.04,5.14,4.75,4.27,4.75,5.06,3.10,5,4.38,3.83,3.26,3.27,2.78,3.09,2.89,3,2.63,1.45,2.97,2.50,2.41,2.65,2.75,2.21,4.62,4.40,4.11,4.15,2.63,0.80,,-0.10,-7.50,4.80,3.50,2.50,,,,,,,3.90,3.60,,3,4.40,5,4.25,,,,,,,,4.20,4.50,3.70,3.40,4.20,,,,,3.90,,3.80,4.40,3.80,3.10,3.10,,,2.40,,,3,,,5.60,4.90,3.60,4.20,4.30,2.90,
2008-12-23 02:00,5.10,4.78,2.04,4.12,0.80,3.19,3.67,4.10,-0.51,3.44,1.26,1.86,-1.54,0.96,1.64,1.30,-0.31,-3.22,1.20,-0.61,-1.85,-1.91,0.66,,4.52,3.51,3.74,1.34,3.47,2.30,2.88,4.04,-3.08,1.59,1.01,1.69,2.62,1.98,-0.73,2.69,-4.40,-5.10,-3.49,3.97,0.40,3.55,2.90,3.02,2.86,2.87,2.18,4.26,3.33,3.64,1.78,2.23,2.72,2.40,2.69,2.47,0.79,1.50,0.63,-3.05,1.04,,4.98,2.67,1.60,-0.25,2.59,2.29,5.05,2.46,3.37,5.49,4.70,4.63,5,4.64,3.23,4.33,4.55,2.37,4.24,3.26,3.90,4.70,5.31,4.38,1.62,3.97,4.09,4.40,4.41,4.80,3.65,4.74,3.90,4.13,3.70,3.96,5.07,4.73,4.12,4.70,4.95,3.20,4.94,3.47,3.58,3.22,3.31,2.69,3.06,3.08,2.90,2.61,1.29,2.55,2.30,2.62,2.48,2.75,2.13,4.48,4.20,4.05,4.31,2.51,0.80,3.90,-0.10,-7.60,4.50,3.50,2.60,,3.90,-5,3.90,4.90,5.40,3.70,3.50,3.90,3.40,4.40,5,4.50,,4.60,5.80,4.80,6,4,4.60,4.20,4.60,3.50,2.80,4.10,4.60,3.50,3.10,4.40,3.80,4,3.80,4.30,3.80,3.10,2.80,2.50,2.20,2.30,2,3.40,2.90,5.70,5.10,5.60,4.80,3.40,4.20,4.20,2.70,1.20
2008-12-23 02:10,5.10,4.74,1.85,4.06,0.76,3.20,3.69,4,-0.55,3.38,1.21,1.75,-1.58,1.23,1.83,1.25,-0.28,-3.22,1,-0.77,-1.98,-2.02,0.77,,4.30,3.27,3.17,1.46,2.90,2.20,2.88,4,-3.07,1.55,1.05,1.52,2.52,1.92,-0.65,2.61,-4.70,-5.32,-3.53,3.98,0.30,3.56,2.60,2.85,2.83,2.71,2.04,4.19,3.30,3.30,1.63,2.23,2.91,2.40,2.81,2.60,0.79,1.60,0.58,-2.96,0.96,,4.91,2.66,1.60,-0.39,2.61,2.33,5.06,2.40,3.43,5.57,4.60,4.63,4.87,4.58,3,4,4.62,2.20,4.49,2.69,3.83,4.70,5.38,4.34,1.45,4.01,4.27,3.70,4.22,4.63,3.61,4.65,4.04,4.07,3.61,3.89,5.15,4.56,3.86,4.76,4.84,3.20,4.80,2.58,3.27,3.13,3.41,2.66,3.12,2.94,2.90,2.58,0.87,2.55,2.20,2.88,2.53,2.81,2.28,4.29,4.20,4.09,4,2.56,0.70,,0.10,-7.60,4.10,3.30,2.70,,,,,,,3.30,3.30,,3.40,4.40,4.80,4.22,,,,,,,,4.40,4.40,3.50,2.60,4,,,,,3.80,,3.90,4.10,3.70,3.10,2.80,,,2.40,,,2.80,,,5.50,4.70,3.60,4.30,4.20,2.70,
2008-12-23 02:20,5.20,4.78,1.76,4.12,0.75,3.04,3.53,4,-0.63,3.36,1.25,1.50,-1.60,1.25,1.72,1.22,-0.32,-2.97,1.10,-0.73,-2.07,-2.38,0.95,,4.14,3.40,2.71,1.34,3.14,2,2.86,3.63,-3.04,1.40,1.21,1.68,2.49,1.87,-0.77,2.64,-4.70,-5.55,-3.61,4.10,0.30,3.50,2.40,2.66,2.70,2.69,1.99,4.05,3.25,3.52,1.52,2.27,3.02,2.40,2.91,2.72,0.82,1.80,0.55,-2.89,0.83,,4.79,2.62,1.60,-0.35,2.68,2.34,5.04,2.35,3.45,5.39,4.90,4.51,4.87,4.69,3,3.80,4.64,2.57,4.65,2.44,3.73,4.10,5.42,4.40,1.09,3.98,3.54,3.60,4.22,4.75,3.53,4.66,3.76,4.15,3.55,3.75,5.15,4.58,3.67,4.86,4.59,3.20,4.86,2.68,2.79,2.90,3.51,2.56,2.61,2.85,2.90,2.39,0.69,2.16,1.90,2.87,2.24,2.60,2.59,4.37,4.40,4.31,4.33,2.45,0.70,,-0.20,-7.70,3.70,3.10,2.60,,,,,,,3.60,3,,3.40,4.40,4.60,4.23,,,,,,,,4.50,4.20,3.40,2.50,3.90,,,,,3.40,,3.70,4,3.60,3.10,2.70,,,2.40,,,2.70,,,5.40,4.80,3.50,4.20,4.10,2.60,
2008-12-23 02:30,5.30,4.78,1.83,4.22,0.68,2.74,3.40,4.10,-0.65,3.21,1.22,1.54,-1.64,1.11,1.78,1.20,-0.38,-3.25,1.20,-0.73,-1.97,-2.26,0.70,,4.05,3.54,2.96,1.09,3.44,1,2.10,2.93,-3.17,1.47,1.34,1.93,2.47,1.95,-0.67,2.81,-4.70,-5.61,-3.77,4.05,0.30,3.56,2.40,2.55,2.70,2.70,2.07,4.09,3.24,3.58,1.52,2.07,2.99,2.40,3,2.72,0.89,1.80,0.57,-3.04,0.90,,4.80,2.55,1.60,-0.38,2.65,2.45,5.03,2.27,3.53,5.42,4.80,4.43,4.92,4.73,3.08,3.20,4.66,2.26,4.39,2.88,3.40,4.10,5.38,4.17,0.76,3.95,3.81,3.40,4.17,4.75,3.24,4.44,3.56,4.15,3.40,3.63,5.12,4.52,3.60,4.89,4.36,3.30,4.62,3.38,3.05,2.66,3.47,2.44,2.56,2.86,2.80,2.47,0.60,1.98,1.90,2.33,2.14,2.42,2.52,4.27,4.40,4.15,4.07,2.24,0.40,,-0.30,-7.70,3.80,3.10,2.60,,,,,,,3.10,2.70,,3.50,4.50,4.40,3.94,,,,,,,,4.50,3.80,3.40,2.50,4,,,,,3.60,,3.40,4,3.60,2.80,2.70,,,2.30,,,2.30,,,5.40,4.70,3.50,4.10,4,2.20,
2008-12-23 02:40,5.20,4.68,1.98,4.17,0.72,2.68,3.51,4,-0.71,2.98,1.11,1.62,-1.64,1.13,1.83,1.31,-0.44,-3.21,1.20,-0.69,-2.04,-2.32,0.79,,4.10,3.35,3.06,0.85,3.46,1,2.01,2.69,-3.10,1.46,1.24,1.95,2.26,1.99,-0.65,2.67,-4.70,-5.44,-3.79,3.81,0.20,3.44,2.50,2.33,2.93,2.78,2.11,4.02,3.13,3.64,1.63,2.08,3.06,2.30,2.93,2.48,0.94,2,0.57,-3,0.99,,4.66,2.56,1.50,-0.50,2.47,2.46,4.99,2.15,3.40,5.35,4.60,4.29,4.70,5.02,3.16,3.10,4.69,2.11,4.35,3.08,2.81,4.30,5.29,3.96,0.95,3.98,3.85,3.30,3.87,4.83,2.41,4.37,3.54,4.26,3.44,3.81,4.88,4.24,3.33,4.78,4.15,3.30,4.30,3.67,3.14,2.60,3.36,2.34,2.45,2.75,2.60,2.56,0.49,1.78,1.50,1.35,2.06,2.22,2.88,4.25,4.30,4.19,4.38,2.08,0.30,,-0.10,-7.70,4.10,3.20,2.60,,,,,,,3.50,2,,3.50,4.50,4.40,4.04,,,,,,,,4.40,3.40,3.40,2.70,4,,,,,3.60,,3.30,4,3.60,3,,,,2.50,,,2,,,5.40,4.80,3.40,4.20,4,2,
2008-12-23 02:50,5.20,4.53,1.95,4.10,0.74,2.88,3.60,4.20,-0.79,2.85,1.23,1.50,-1.61,1.05,1.85,1.24,-0.42,-3.35,1.10,-0.55,-2.02,-2.08,1.01,,3.86,3.17,3.08,0.91,3.42,1.30,2.20,2.62,-3.23,1.24,1.32,1.73,2.27,2.05,-0.66,2.62,-4.80,-5.50,-3.87,3.88,0.10,3.34,2.50,2.40,2.69,2.76,1.85,4.09,3.05,3.63,1.66,2.16,2.98,2.30,2.80,2.50,1.17,1.90,0.53,-3.04,1.04,,4.51,2.53,1.50,-0.55,2.49,2.40,4.95,2.13,3.20,5.14,4.70,4.24,4.60,5.17,3,3.20,4.44,2.23,3.95,3.18,2.69,4.20,4.95,3.85,1.22,4.06,4.05,3.30,3.38,4.54,2.02,4.42,3.54,3.92,3.49,3.98,4.65,4.11,3.14,4.74,4.01,3.10,3.79,2.44,3.03,2.53,3.39,2.28,2.43,2.73,2.40,2.46,0.45,1.61,1.40,1.28,1.74,2.06,3.11,4.24,4.30,4.09,4.10,2.19,0.30,,0,-7.80,4.10,3.20,2.60,,,,,,,3.60,2.10,,3.40,4.50,4.30,3.94,,,,,,,,4.30,3.60,3.50,2.80,4.10,,,,,3.40,,3.10,3.90,3.50,3.10,2.90,,,2.40,,,2,,,5.40,4.70,3.30,4,3.90,2.10,
2008-12-23 03:00,5.10,4.36,1.81,4.07,0.60,3.15,3.61,4.10,-0.72,2.77,1.27,1.06,-1.68,1.04,2.03,1.11,-0.44,-3.42,1,-0.48,-2.01,-2.41,1.01,,3.75,3.22,3.19,0.98,3.38,1.50,2.36,2.73,-3.25,1.10,1.17,1.43,2.21,1.87,-0.76,2.71,-4.90,-5.66,-3.88,2.92,0.20,3.38,2.50,2.45,2.45,2.75,1.73,4.05,3.08,3.69,1.64,2.12,2.83,2.30,3,2.57,1.17,1.70,0.66,-2.98,1.02,,4.70,2.51,1.50,-0.60,2.46,2.46,4.86,2.01,3.09,4.99,4.90,3.86,4.40,4.94,2.87,3.40,4.24,1.83,3.63,3.15,3.30,4.10,5.14,3.88,1.27,3.99,3.99,3.30,3.44,4.25,1.89,4.55,3.53,3.70,3.29,3.84,4.64,4.12,3.11,4.44,3.87,3.10,3.37,2.69,2.87,2.29,3.39,2.36,2.50,2.57,2.40,2.44,0.51,1.55,1.40,1.61,1.59,2.15,3.19,4.12,4.20,4.07,4.01,2.37,0.20,3.40,0,-7.90,3.40,3.30,2.50,4.30,3.70,-5.20,3.80,4.70,4.40,3.60,2.20,3.80,3.30,4.50,4.20,3.70,3.60,4.20,5.20,3.90,5.50,3.30,3.80,4.20,3.80,3.40,3,3.80,4,2.90,2.80,3.20,3.10,3.80,3.10,3.80,3.50,3.50,3.10,2.10,1.60,2.30,1.90,2.30,2.20,,5.40,5.40,4.70,3.20,4.30,4.10,1.60,1
2008-12-23 03:10,5.10,4.40,1.50,3.88,0.50,3.05,3.56,4,-0.83,2.79,1.27,0.46,-1.86,0.95,2.05,1.14,-0.60,-3.39,0.80,-0.52,-1.91,-2.17,0.90,,3.74,3.49,3.47,0.92,3.46,1.70,2.34,2.80,-3.23,0.95,1.21,1.46,1.95,1.79,-0.78,2.22,-4.90,-5.75,-3.60,2.74,0.30,3.43,2.60,2.53,2.17,2.71,1.83,3.63,2.94,3.71,1.61,2.23,2.78,2.30,2.98,2.58,1.29,1.60,0.69,-3.06,0.98,,4.60,2.46,1.50,-0.54,2.30,2.30,4.65,2.11,3.14,4.69,4.80,3.87,4.30,4.76,3.06,3.73,4.54,2.05,3.82,3.12,3.53,4.40,5.18,3.97,1.20,3.74,3.46,3.50,3.49,3.71,2.20,4.55,3.44,3.62,3.26,3.87,4.59,3.84,2.97,4.20,3.74,3,2.96,2.94,2.73,1.91,3.53,2.19,2.17,2.56,2.20,2.25,0.30,1.31,1.30,1.87,1.39,2.08,3.28,4,4.20,4.07,3.99,1.99,0.10,,0,-7.90,3.40,3.40,2.40,,,,,,,3.70,2.20,,3.30,4.10,4.30,3.49,,,,,,,,4,4,3.40,2.90,3.80,,,,,3.10,,3,3.70,3.50,3.60,3.10,,,2.30,,,2,,,5.40,4.70,3.30,4.20,4.10,1.60,
2008-12-23 03:20,4.90,4.42,0.97,3.97,0.50,2.85,3.52,4,-0.82,3.06,1.25,0.30,-2.01,0.90,2.03,0.97,-0.61,-3.59,0.80,-0.54,-2.06,-2.13,0.99,,3.72,3.55,3.52,0.83,3.48,1.70,2.36,2.82,-3.41,0.71,1.02,1.25,2.09,1.80,-0.75,1.75,-4.90,-5.64,-3.67,2.43,0.30,3.50,2.60,2.55,2.18,2.61,1.74,2.89,3.01,3.61,1.69,2.29,2.76,2.30,2.80,2.68,1.15,1.70,0.68,-3.12,0.85,,4.65,2.43,1.40,-0.53,2.15,2.28,4.42,2.07,3.09,4.66,4.60,4.05,4.40,4.65,3.15,3.77,4.45,2,3.81,3.01,3.46,4.40,5.28,4.04,1.16,3.53,3.77,3.80,3.37,3.58,2.40,4.53,3.37,3.52,3.16,3.70,4.58,3.71,2.81,4.17,3.59,2.70,2.74,3.06,2.80,1.98,3.58,2.28,1.78,2.69,2,2.16,0.42,1.22,1.10,1.84,1.24,1.46,3.46,3.99,4.30,3.94,4.03,2.03,-0.10,,-0.10,-8,3.60,3.40,2.40,,,,,,,3.70,2.30,,3,4,4.20,3.39,,,,,,,,3.90,4,3.40,3,3.80,,,,,2.90,,2.90,3.70,3.40,3.80,3.40,,,2.20,,,1.90,,,5.40,4.60,3.40,4.10,4.10,1.50,
2008-12-23 03:30,4.70,4.31,0.85,3.93,0.60,2.93,3.45,3.90,-1,3.30,1.30,0.28,-2.05,0.91,1.83,0.97,-0.66,-3.67,0.80,-0.49,-1.99,-2.44,0.98,,3.52,3.45,3.43,0.78,3.35,1.80,2.18,3.15,-3.40,0.78,0.86,0.85,2.06,1.67,-0.83,1.71,-4.90,-5.62,-3.91,2.52,0.20,3.26,2.50,2.50,2.07,2.65,1.60,2.05,2.96,3.73,1.65,2.24,2.71,2.30,2.89,2.67,1.11,1.60,0.71,-3.15,0.85,,4.63,2.34,1.40,-0.61,2.18,2.19,4.31,2.31,3.12,4.79,4.60,4.01,4.25,4.39,3.47,3.71,4.36,1.83,3.88,3.10,3.58,4.40,5.04,4.04,1.17,3.52,3.78,3.90,3.18,3.89,2.31,4.42,3.36,3.24,3.27,3.49,4.62,3.54,2.70,4.09,3.41,2.50,2.46,3.11,2.74,2.27,3.56,2.48,1.81,2.71,1.80,2,0.29,1.19,1,1.61,1.11,1.29,3.60,4.01,4.20,3.94,4.01,1.64,-0.10,,0,-8,3.70,3.40,2.40,,,,,,,3.50,2.80,,3,4,4,3.39,,,,,,,,3.70,4,3.20,2.90,3.80,,,,,2.70,,2.70,3.70,3.30,4,3.60,,,1.90,,,1.70,,,5.40,4.60,3.40,4.30,4,1.40,
2008-12-23 03:40,4.50,4.19,0.87,3.81,0.50,2.72,3.29,3.70,-1.04,3.26,1.27,0.24,-2.15,0.85,1.53,0.97,-0.77,-3.48,0.80,-0.41,-2.06,-2.35,0.94,,3.31,3.31,3.18,0.68,2.90,1.40,2.06,3.47,-3.37,0.75,0.82,0.48,2.29,1.36,-0.86,1.74,-5,-5.56,-3.96,2.84,0.30,3.18,2.60,2.49,2.03,2.61,1.67,2.17,2.70,3.72,1.62,2.08,2.65,2.30,2.80,2.63,1.06,1.80,0.66,-3.13,0.72,,4.66,2.37,1.30,-0.60,2.03,2.18,4.25,2.39,3.16,4.61,4.60,4.03,4.23,4.21,3.46,3.55,4.27,1.99,4.01,3.22,3.48,4.40,5,4.01,1.14,3.48,3.55,3.90,3.24,4.06,2.18,4.44,3.50,3.24,3.07,3.48,4.46,3.38,2.48,3.78,3.27,2.30,2.60,3.06,2.50,2.28,3.55,2.41,1.71,2.66,1.70,1.88,0.37,1.10,1.10,1.30,1.03,1.18,3.65,3.90,4.20,4.06,3.99,1.80,-0.10,,0.10,-8,3.70,3.40,2.50,,,,,,,3.40,3.20,,2.90,3.90,4,3.30,,,,,,,,3.40,3.90,3.10,2.80,3.90,,,,,2.40,,2.60,3.70,3.30,4.10,3.80,,,1.50,,,1.40,,,5.40,4.50,3.20,4,3.80,1.20,
2008-12-23 03:50,4.40,4.05,0.93,3.65,0.40,2.66,2.65,3.70,-1.01,2.67,1.40,0.29,-2.10,0.91,1.21,0.84,-0.62,-3.66,0.80,-0.40,-2.12,-2.27,0.90,,3.52,3.17,2.91,0.74,2.65,1.50,1.98,3.52,-3.48,0.72,0.72,0.39,2.05,1.08,-0.89,2.03,-5,-5.67,-4.01,3.10,0.20,3.19,2.70,2.58,2.14,2.69,1.69,2.24,1.93,3.80,1.71,2.15,2.76,2.20,2.71,2.59,1.11,1.70,0.63,-3.16,0.80,,4.62,2.37,1.20,-0.74,2.18,2.06,4.17,2.41,2.92,4.41,4.50,3.96,4.12,4.02,3.37,3.46,4.28,1.69,3.96,3.13,3.05,4.40,4.98,3.83,1.09,3.52,2.99,3.80,3.45,3.54,2.42,4.45,3.62,3.26,2.88,3.45,4.37,3.22,2.53,3.52,3.10,2.20,2.59,2.80,2.39,2.13,3.36,2.23,1.45,2.60,1.50,1.93,0.50,0.72,1.10,1.44,0.92,1.27,3.63,3.75,4.20,3.98,4.19,1.98,-0.10,,0,-8,3.60,3.50,2.50,,,,,,,3.20,3.20,,3.10,3.80,4.10,3.20,,,,,,,,3,3.80,3.10,2.90,3.80,,,,,2.30,,2.40,3.50,3.30,4.10,3.80,,,1.50,,,1.30,,,5.30,4.50,3.40,3.80,3.80,1.30,
2008-12-23 04:00,4.40,3.78,1.12,3.47,0.30,2.64,2.41,3.80,-1.02,1.27,1.24,-0.01,-2.21,0.92,0.96,0.80,-0.76,-3.51,0.80,-0.28,-2.22,-2.26,0.84,,3.49,3.05,3.02,0.82,2.57,1.50,2.09,3.29,-3.54,0.60,0.75,0.34,1.59,1.16,-0.94,2.16,-5.10,-5.66,-4.02,3.35,0.30,3.02,2.60,2.59,2.07,2.56,1.63,2.43,1.82,3.56,1.70,2.26,2.74,2.30,2.82,2.72,1.08,1.70,0.65,-3.22,0.81,,4.45,2.36,1.20,-0.80,1.99,2.10,4.01,2.40,2.90,4.12,4.20,3.84,3.94,4.03,3.35,3.27,4.33,1.57,3.90,3.13,2.54,4.40,4.65,3.27,1.06,3.52,3.64,3.90,3.49,3.38,2.56,4.40,3.72,3.29,2.59,3.31,4.42,2.96,2.60,3.46,2.88,2.20,2.42,2.19,2.26,1.20,3.52,2.26,1.56,2.57,1.60,1.79,0.64,0.62,0.60,1.42,0.82,1.08,3.50,3.81,4.20,3.95,3.91,1.92,-0.20,3.30,0,-8.10,3,3.40,2.60,3.80,3.50,-5.50,3.90,4.50,4.40,3.10,3.10,3.30,3,3.80,4,3.20,2.90,3.40,4.60,3.10,4.60,2.50,3.20,2.80,3.80,3.10,2.90,3.40,4,2.90,2.40,2.50,2.30,3.20,2.50,3.50,3.30,4.20,4,2.60,1.90,1.60,1,1.50,1.20,5.60,5,5.30,4.50,3.30,3.90,3.80,1.30,0.30
2008-12-23 04:10,4.40,2.98,1.16,3.33,0.10,2.56,2.08,3.80,-1.23,1.01,0.93,0.23,-2.39,0.78,1.26,0.65,-0.82,-3.67,0.70,-0.54,-2.35,-2.39,0.83,,3.28,3.11,2.98,0.76,2.39,1.50,2.10,2.64,-3.48,0.89,0.73,0.40,1.24,1.25,-0.89,1.99,-5.10,-5.66,-3.98,3.14,0.30,2.52,2.50,2.57,1.77,2.49,1.51,2.56,1.62,2.93,1.27,2.15,2.69,2.30,2.93,2.71,1.06,1.70,0.57,-3.25,0.75,,4.41,2.34,1.30,-0.79,1.94,2.12,3.93,2.29,2.73,4.20,4.10,3.79,3.80,4.02,3.24,3,4.17,1.57,3.69,1.98,2.53,4.40,4.15,3.26,0.97,3.52,3.32,3.90,3.52,3.71,2.60,2.54,3.70,3.34,2.47,3.39,4.40,2.85,2.57,3.26,2.76,2.20,2.34,2.04,2.15,0.86,3.54,2.27,1.44,2.48,1.50,1.63,0.32,0.61,0.40,1.31,0.73,0.82,3.51,3.73,4,3.61,4.07,1.82,-0.40,,0,-8.10,3.50,3.20,2.30,,,,,,,2.90,3.20,,3,3.70,3.50,2.98,,,,,,,,2.70,3.50,3,2.80,3.40,,,,,2.20,,2.40,3.40,3.30,4.20,4,,,1.70,,,1,,,5.10,4.40,3.30,3.90,3.80,1.20,
2008-12-23 04:20,4.40,2.49,0.99,3.33,0.10,2.54,1.79,3.80,-1.45,1.35,1.12,0.31,-2.50,0.70,1.19,0.39,-0.96,-3.85,0.60,-0.65,-2.44,-2.62,0.80,,3.07,3.02,2.88,0.66,2.50,1.70,2.05,2.91,-3.54,0.82,0.76,0.39,0.96,1.14,-0.90,1.98,-5.10,-5.85,-4,2.94,0.30,2.60,2.60,2.49,1.66,2.54,1.56,2.66,1.75,2.63,0.78,2.19,2.64,2.40,2.80,2.63,1.13,1.80,0.54,-3.39,0.71,,4.24,2.29,1.20,-0.80,1.90,2.05,3.83,2.27,2.88,4.01,4,3.66,3.70,3.91,3.20,2.90,3.89,1.46,3.35,1.62,2.36,4.30,3.66,3.24,0.45,3.53,3.38,3.90,3.54,3.75,2.62,2.34,3.12,3.33,2.49,3.50,4.17,2.81,2.48,3.21,2.65,2,2.17,2.13,2.04,0.97,3.54,2.34,1.31,2.58,1.40,1.55,0.09,0.87,0.50,1.18,0.74,0.89,3.49,3.70,4,3.84,3.94,1.93,-0.40,,-0.20,-8.20,3.60,3.10,1.60,,,,,,,2.80,3.30,,3,3.60,3.10,3.01,,,,,,,,2.50,3.30,2.90,2.60,3.40,,,,,2.30,,2.20,3.30,3.20,4.20,,,,1.80,,,0.80,,,5,4.20,3.20,3.90,3.70,1.10,
2008-12-23 04:30,4.30,2.78,0.67,3.05,-0.10,2.44,1.84,3.60,-1.47,1.74,1.11,0.56,-2.46,0.74,1.17,0.32,-1.09,-3.80,0.60,-0.77,-2.37,-2.80,0.78,,2.86,3.07,2.82,0.49,2.54,1.50,1.86,3.04,-3.68,0.26,0.56,0.26,1.45,1.05,-0.98,1.94,-5.20,-5.91,-4.09,2.87,0.20,2.71,2.40,2.41,2.01,2.46,1.56,2.90,1.92,2.61,0.60,1.94,2.60,2.30,2.75,2.67,1.17,1.60,0.52,-3.41,0.76,,4.45,2.26,1.10,-0.81,1.93,2.02,3.83,2.22,2.86,4.08,3.80,3.38,3.60,3.71,3.08,2.60,3.77,1.54,3.16,1.59,2.39,4.20,3.65,2.87,-0.07,3.61,3.33,3.80,3.71,3.97,2.49,2.29,2.05,3.33,2.51,3.49,4.09,2.66,2.37,2.92,2.52,1.80,2.23,2.12,1.74,0.89,3.60,2.27,1.21,2.50,1.40,1.51,-0.10,0.76,0.50,1.07,0.70,1.03,3.47,3.82,3.90,3.80,3.73,1.81,-0.40,,-0.20,-8.20,3.60,3,1.20,,,,,,,2.70,3.30,,3.20,3.50,1.30,3.16,,,,,,,,2.50,3.10,2.80,2.40,3.40,,,,,2.20,,2,2.40,3.30,4.30,4.20,,,1.70,,,0.80,,,5,4.30,3.10,3.80,3.80,1,
2008-12-23 04:40,3.80,3,0.64,2.42,-0.40,2.10,1.88,3.50,-1.44,1.88,0.92,0.76,-2.34,0.73,1.38,0.30,-1.07,-3.82,0.50,-0.90,-2.47,-2.53,0.59,,2.84,2.96,2.72,0.39,2.69,1.40,1.19,3,-3.86,0.22,0.45,0.30,1.68,0.81,-1.08,1.89,-5.30,-5.99,-4.19,2.81,0.10,2.96,2.20,2.38,1.90,2.06,1.57,3.07,1.89,2.80,0.58,1.45,2.60,2.20,2.62,2.01,1.06,1.70,0.51,-3.52,0.78,,4.35,2.18,1.10,-0.87,2.04,1.97,3.72,2.12,2.79,4.04,3.80,3.27,3.50,3.91,2.91,2.60,3.55,1.81,2.94,1.56,2.57,4,3.90,1.53,-0.13,3.32,2.96,3.90,3.50,3.02,2.40,2,1.13,3.34,2.63,3.54,3.98,2.71,2.28,2.90,2.38,1.70,1.74,1.97,1.73,0.78,3.64,2.33,1.18,2.38,1.40,1.33,-0.15,0.64,0.30,0.89,0.57,0.63,3.50,3.83,3.90,3.85,3.85,1.47,-0.40,,-0.30,-8.30,3.20,3,1.20,,,,,,,2.60,3.30,,3.20,3.50,0.80,3.28,,,,,,,,2.40,2.80,2.90,2.20,3.40,,,,,2,,1.80,2,3.40,4.30,4.20,,,1.70,,,0.70,,,5,4.30,3.20,3.70,3.80,1.20,
2008-12-23 04:50,3.10,2.66,0.74,1.65,-0.60,1.72,2.25,3.40,-1.39,1.93,1,0.90,-2.46,0.54,1.33,0.03,-1.18,-3.99,0.60,-0.92,-2.42,-2.55,0.49,,2.59,2.71,2.62,0.28,2.76,1.20,0.83,2.65,-3.86,0.79,1.38,0.84,2.27,0.55,-1.11,2.06,-5.40,-6.14,-4.28,3.09,0,2.91,2.20,2.29,2.04,2.09,1.45,3.17,1.91,2.77,0.51,1.31,2.57,2.10,2.47,1.68,1.09,1.30,0.52,-3.56,0.80,,4.31,2.04,1,-0.89,1.98,1.98,3.55,2.15,2.71,3.93,3.60,3.14,3.50,3.69,2.87,2.60,3.43,1.66,2.83,1.40,3.01,4,4.31,2.20,-0.06,2.46,3.15,3.90,3.46,3.14,2.21,2,0.66,3.24,2.67,3.66,3.84,2.77,2.14,2.85,2.25,1.60,1.07,1.80,1.72,0.74,3.59,2.32,1.03,2.34,1.40,1.27,-0.26,0.72,0.30,0.57,0.45,0.61,3.60,3.71,3.80,3.73,3.88,1.16,-0.30,,-0.40,-8.30,3.20,2.80,1.40,,,,,,,2.50,3.30,,3.20,,1.10,3.32,,,,,,,,2.40,2.50,2.80,2.20,3.30,,,,,1.90,,1.80,1.90,3.40,4.30,4.20,,,1.60,,,0.70,,,4.80,4.20,3,3.90,3.70,1,
2008-12-23 05:00,3,2.37,0.71,1.90,-0.80,1.54,2.46,3.30,-1.41,2.17,1.24,0.89,-2.54,0.50,1.17,-0.08,-1.20,-4.99,0.80,-1.04,-2.34,-2.93,0.28,,2.03,1.96,2.32,0.28,2.84,1,0.67,2.68,-3.84,0.82,1.63,1.22,2.50,0.74,-1.21,2.13,-5.50,-6.08,-4.27,2.89,-0.30,2.78,2.10,2.15,1.62,2.11,1.32,3.35,1.88,2.92,0.62,1.22,2.55,2.10,2.19,1.61,1.03,0.60,0.43,-3.55,0.63,,4.33,2.04,1,-1.04,1.97,1.93,3.50,2.04,2.51,4.02,3.70,3.02,3.40,3.46,2.84,2.60,3.07,1.46,3.21,1,3.21,3.90,4.72,2.93,-0.16,1.75,3.20,3.90,3.54,3.76,1.94,1.93,0.76,3.15,2.58,3.63,3.68,2.93,2.28,2.62,2.13,1.70,0.91,1.83,1.71,0.61,3.53,2.15,0.81,2.30,1.40,1.30,-0.15,0.60,0.30,0.70,0.39,0.53,3.56,3.69,3.80,3.39,3.72,0.84,-0.30,2.30,-0.50,-8.40,2.50,2.80,1.50,3.40,3.30,-5.70,3.10,4,4,2.50,3.30,3,3.20,3.40,1.30,3.60,2.70,3.10,4.10,2.60,3.90,1.90,2.10,2.20,2.40,2.60,1.80,3.10,3.70,3.50,2.60,2.50,1.70,1.60,1.50,2.10,3.70,4.30,4.30,3.50,2.70,1.40,1.30,1.10,0.50,5.30,4.90,4.80,4.20,2.80,3.80,3.70,1.10,0.20
2008-12-23 05:10,3.30,2.35,0.57,2.07,-0.70,2.13,2.49,3.20,-1.55,2.35,1.11,0.67,-2.49,0.62,1.01,-0.07,-1.28,-5.18,0.40,-0.96,-2.50,-2.68,0.34,,1.96,2.09,1.95,0.25,2.86,0.80,0.72,2.82,-3.96,0.85,1.43,1.21,2.40,1.10,-1.23,2.05,-5.40,-5.96,-4.18,2.81,-0.60,2.74,2.10,2.06,1.12,2.20,1.23,3.17,1.94,3.14,0.83,1.17,2.39,2.10,2.37,1.44,1.07,0.60,0.42,-3.58,0.25,,4.39,1.86,1,-1.06,1.93,1.84,3.34,2.12,2.29,4.05,3.50,2.94,3.30,3.29,2.85,2.60,3,1.35,3.59,0.78,2.99,3.90,4.83,3.41,-0.44,1.85,2.20,4,3.57,3.36,1.99,1.90,1.04,3.04,2.61,3.12,3.78,2.99,2.34,2.58,2.25,1.80,1.02,1.76,1.78,0.50,3.50,2.27,0.62,2.33,1.40,1.31,0.15,0.67,0.40,0.83,0.15,0.45,3.59,3.52,3.80,3.72,3.76,1.03,-0.30,,-0.50,-8.40,3,2.90,1.50,,,,,,,2.40,3.20,,3.20,3.50,1.60,3.39,,,,,,,,2.10,2.20,2.50,1.80,3,,,,,1.70,,1.30,1.90,3.70,4.20,4.30,,,1.40,,,0.30,,,4.70,4.20,2.90,3.80,3.60,1.20,
2008-12-23 05:20,3.60,2.62,0.46,2.15,-0.60,2.32,2.50,3.20,-1.53,2.44,1.04,0.47,-2.51,0.52,1.06,-0.10,-1.29,-3.99,0.20,-1.10,-2.55,-3.06,0.11,,2.30,2.28,1.85,0.21,2.59,0.40,1.09,2.66,-4.02,0.82,1.53,1.20,2.19,1.16,-1.33,1.88,-5.40,-6.08,-4.37,2.73,-0.60,2.82,2,2.02,0.62,2.16,0.84,3.41,2.13,3.18,0.74,1.25,2.39,2,2.43,1.50,0.98,0.70,0.36,-3.64,0.18,,4.30,1.68,0.90,-0.99,1.86,1.83,3.30,1.90,2.04,3.91,3.40,2.92,3.20,3.20,2.69,2.60,3.07,1.31,3.81,0.73,2.75,4,4.66,3.71,-0.81,1.97,1.98,3.60,3.12,3.54,1.83,1.87,1.10,3.07,2.69,2.46,3.72,2.91,2.50,2.63,2.32,1.70,1.39,1.71,1.80,0.53,3.49,2.14,0.67,2.26,1.40,1.05,0.30,0.70,0.30,0.88,0.25,0.53,3.56,3.50,3.70,3.81,3.71,1.05,-0.20,,-0.60,-8.50,3,2.70,1.80,,,,,,,2.30,3,,3.20,3.60,1.80,3.36,,,,,,,,2.10,2.10,2.50,1.80,2.90,,,,,1.70,,1.20,1.80,3.80,4.30,4.30,,,1.30,,,0.30,,,4.70,4.10,3.10,3.60,3.70,1.10,
2008-12-23 05:30,3.60,2.76,0.42,2.36,-0.60,2.42,2.50,3.10,-1.53,2.49,0.94,0.49,-2.67,0.45,0.95,-0.05,-1.32,-4.84,0.30,-1.50,-2.67,-2.99,-0.07,,2.49,2.58,2.47,0.14,2.36,0.40,1.20,2.48,-4.12,0.68,1.47,1.17,2.18,1.28,-1.50,1.74,-5.60,-6.22,-4.42,2.01,-0.70,2.78,2,2.05,0.73,2.12,0.89,3.37,2.23,3.22,0.75,1.30,2.38,1.90,2.41,1.63,0.93,0.90,0.29,-3.67,0.19,,4.17,1.72,1,-1.05,1.77,1.80,3.23,1.75,1.82,4.03,3.40,2.73,3.10,3.16,2.55,2.60,2.94,1.32,3.81,0.93,2.49,4,4.57,3.83,-0.99,1.57,2.02,2.40,0.85,3.55,1.71,1.78,1.22,2.85,2.59,1.94,3.48,2.84,2.66,2.54,2.40,1.70,1.46,1.59,1.22,0.42,3.57,2.23,0.55,2.28,1.30,0.82,0.35,0.47,0.50,0.74,0.24,0.34,3.44,3.59,3.60,2.65,3.75,1.41,-0.10,,-0.90,-8.50,3.10,2.60,1.80,,,,,,,2.20,2.80,,1.80,3.80,2,3.18,,,,,,,,2.10,1.80,2.30,1.60,0.30,,,,,1.40,,1.20,1.60,3.80,4.20,4.40,,,1.40,,,0.40,,,4.60,4.10,3,3.90,3.70,0.90,
2008-12-23 05:40,3.60,2.99,0.38,2.45,-0.60,2.43,2.36,3,-1.66,2.53,0.94,0.76,-2.67,0.38,0.89,0.01,-1.27,-4.72,1.10,-1.53,-2.98,-3.07,-0.16,,2.86,2.75,2.65,0.09,2.27,0.60,1.04,2.03,-4.31,0.66,1.06,0.97,2.20,1.14,-1.57,1.47,-5.60,-6.30,-4.38,1.76,-0.80,2.71,1.80,2.04,1.08,2.02,0.99,3.22,2.24,3.22,0.90,1.29,2.36,1.80,2.31,1.71,1.01,0.90,0.23,-3.70,0.21,,4.12,1.67,1,-1.03,1.82,1.77,3.09,1.62,1.77,4.04,3.30,2.67,3.10,2.87,2.39,2.40,2.76,1.20,3.73,0.97,2.46,3.80,4.54,3.65,-1.06,0.96,1.82,1.90,0.68,2.88,1.56,1.73,1.28,2.34,2.60,1.66,3.44,2.71,2.68,2.51,2.44,1.60,1.25,1.40,1.53,0.31,3.60,2.10,0.54,2.32,1.40,0.81,0.39,0.36,0.30,0.22,0.24,0.23,3.39,3.58,3.60,2.99,3.57,1.33,-0.10,,-1.20,-8.60,3,2.50,1.80,,,,,,,1.90,2.80,,1.50,3.70,1.60,2.73,,,,,,,,2,1.80,2.30,1.30,0.70,,,,,1.40,,1.20,1.80,3.80,4.20,,,,1.30,,,0.20,,,4.60,4,2.80,3.70,3.80,0.70,
2008-12-23 05:50,3.60,2.98,0.43,2.48,-0.60,2.42,2.38,3,-1.75,2.58,0.81,0.85,-2.77,0.32,0.86,0.03,-1.46,-5.17,1.10,-1.70,-3.15,-3.45,-0.07,,2.99,2.94,2.71,0.14,2.06,0.80,1.02,2.27,-4.31,0.84,0.44,0.83,2.34,0.90,-1.59,1.09,-5.90,-6.59,-4.48,1.80,-0.80,2.67,1.80,1.97,0.76,1.90,0.99,3.21,2.32,3.27,1.01,1.47,2.30,1.90,2.27,1.83,0.98,0.90,0.16,-3.77,0.26,,4.04,1.54,0.90,-1.06,1.63,1.76,3.07,1.36,1.70,3.75,3.20,2.67,2.90,2.76,2.44,2.10,2.63,1.01,3.57,0.81,2.33,3.60,4.31,3.45,-1.29,1.01,1.30,1.70,1.04,2.63,1.34,1.77,1.28,1.98,2.49,1.54,3.31,2.46,2.63,2.63,2.54,1.40,1.21,1.35,1.44,0.22,3.62,2.06,0.53,2.14,1.30,0.70,0.27,0.58,0.10,0.16,0.23,0.06,3.14,3.65,3.60,2.97,3.66,1.77,-0.20,,-0.90,-8.70,3.10,2.30,1.80,,,,,,,1.70,2.60,,1.90,3.90,1.20,1.64,,,,,,,,2,1.70,2.40,0.80,1,,,,,1.30,,1.10,1.70,3.70,4.30,3.80,,,1.20,,,0.20,,,4.60,4,2.90,3.80,3.60,0.90,
2008-12-23 06:00,4,3,0.48,2,-1,2.35,2.34,2.90,-1.75,2.55,0.67,0.90,-2.95,0,0.82,1,-2,-4.85,1,-1.53,-3,-3.51,0.04,3,3,3,2.67,0.20,2,1,1,2,-4.34,1,0.96,1,3,1,-5,2,-6,-6,-5,2,-0.80,2.86,2,1.88,0,1.79,1,3,2.17,3.18,0.96,2,2,2,2,1.81,0.83,1,0.09,-3.97,0.25,,3.95,1.56,0.90,-1.15,1.77,1.68,2.95,1.13,1.81,3.92,3.10,2.61,3,2,2,2,2.55,1,3.38,0.63,2,3.40,4.19,3.41,-1.27,1.22,1,1.90,1,2.84,1.32,1.90,1.22,2,2.32,1.49,3.19,2.41,2.58,2.46,2.50,1.40,1.11,1.18,1.36,0.18,3.57,2.08,0.32,2.13,1.30,0.64,0.09,0.47,0.20,-0.13,0.26,0.11,2.94,3.80,3.50,2.37,3.70,1.55,-0.40,2,-1,-9,3.20,2.20,1.80,3.10,3,-6,2,3,3.40,2,3,3,2.10,3.70,1.20,0.50,1.50,2.60,4,3,3.30,2.20,2,2,1.80,0.30,0.70,1,3.50,4.10,2.70,2.40,1.20,1.50,1.20,1.50,3.40,4.40,3.70,,3.10,1.10,1.10,0.60,0.30,5.20,4.60,4.60,4,3,3.70,3.50,1.50,0.40
2008-12-23 06:10,3.50,2.93,0.42,2.45,-0.70,2.37,2.29,2.90,-1.79,2.44,0.59,0.92,-3.08,0.15,0.73,-0.04,-1.37,-4.87,0.90,-1.46,-3.39,-3.67,0.12,,3.27,2.87,2.67,0.08,2.33,1.10,1.22,2.50,-4.51,0.83,0.95,0.53,2.02,0.66,-1.75,1.51,-6.20,-6.98,-4.77,2.20,-0.80,2.76,1.60,1.66,0.58,1.92,0.86,3.04,2.14,3.04,0.98,1.45,1.98,1.60,2.29,1.94,0.73,1,0.02,-3.82,0.18,,3.86,1.44,0.80,-1.15,1.61,1.68,2.91,1.10,1.85,3.87,3.10,2.54,2.90,2.52,2.33,2,2.56,0.93,3.22,0.63,2.23,3.30,3.80,3.26,-1.45,1.43,1.52,2.10,1.44,3.29,1.24,1.86,1.12,2.10,2.24,1.38,3.16,2.28,2.75,2.37,2.50,1.40,1.07,1.20,1.56,0.09,3.38,1.91,0.37,2.08,1.40,0.64,-0.09,0.64,0.30,-0.06,0.20,0.31,2.72,3.51,3.60,2.51,1.72,0.03,-0.40,,-1.10,-8.90,3,2,1.80,,,,,,,1.80,2.70,,2,3.70,1.20,0.53,,,,,,,,2,1.90,0.50,0.80,1,,,,,1.10,,1.10,1.50,3.40,4.40,3.70,,,1.10,,,0.30,,,4.50,3.90,2.90,3.70,3.50,1.50,
2008-12-23 06:20,3.40,2.90,0.36,2.31,-0.80,2.40,2.26,2.90,-1.98,2.36,0.55,0.69,-3.10,0.04,0.80,-0.07,-1.36,-5.01,0.60,-1.63,-3.42,-3.86,0.03,,3.10,2.93,2.58,0.25,2.56,1,1.28,2.45,-4.59,0.81,1.09,0.98,2.08,0.73,-1.68,1.61,-6.30,-7.17,-4.93,2.18,-0.90,2.46,1.60,1.44,0.71,1.89,0.82,1.85,1.99,2.87,0.96,1.57,1.95,1.60,2.09,1.92,0.77,0.90,-0.01,-3.88,0.12,,3.97,1.43,0.80,-1.22,1.69,1.89,2.79,1.19,1.93,3.69,2.90,2.42,2.80,2.60,2.37,2.10,2.46,0.91,3.26,0.65,2.15,2.90,3.73,3.22,-1.53,1.34,1.42,1.50,0.39,2.64,0.94,1.94,1.15,2.12,1.86,1.25,3,2.23,2.73,2.51,2.54,1.40,0.97,1.12,1.30,0,3.45,1.96,0.39,2.13,1.50,0.65,-0.16,0.40,0.10,0.07,0.10,0.31,2.66,3.48,3.60,2.63,1.60,-0.17,-0.30,,-1.10,-9,2.70,1.20,1.60,,,,,,,1.80,2.60,,1.90,3.70,1,0.80,,,,,,,,1.90,2,1,0.90,1,,,,,1.10,,1,1.40,3.30,4.50,3.60,,,1,,,0.40,,,4.50,3.80,2.80,3.50,3.60,1,
2008-12-23 06:30,3.40,2.92,0.38,2.30,-0.80,2.37,2.23,2.80,-2,2.28,0.54,0.58,-3.19,0.06,0.63,-0.14,-1.44,-5.11,0.60,-1.69,-3.56,-3.95,-0.18,,2.96,2.94,2.54,0.26,2.69,1,1.22,2.33,-4.57,0.85,1.21,1.04,2.08,0.78,-1.75,1.37,-6.50,-7.36,-5.07,2.20,-0.90,2.13,1.60,1.29,0.53,1.73,0.69,0.32,1.86,2.71,0.84,1.48,1.82,1.40,2.07,1.93,0.69,1,-0.04,-3.86,0.06,,4.17,1.41,0.60,-1.25,1.57,1.89,2.80,1.18,1.75,3.58,3,2.28,2.60,2.37,2.31,2,2.27,0.96,3.26,0.66,1.95,2.70,3.57,3.07,-1.36,1.30,1.43,1.60,0.34,1.08,0.96,1.94,1.10,2.20,1.63,1.26,2.87,2.22,2.73,2.53,2.62,1.40,0.87,0.99,0.91,0.07,3.33,2.04,0.32,2.23,1.50,0.64,-0.14,0.17,0.20,0.20,0.02,0,2.45,3.39,3.60,2.77,2.28,-0.11,-0.10,,-1.10,-9.10,3.10,1.50,1.50,,,,,,,1.70,2.50,,1.60,3.70,0.90,0.74,,,,,,,,1.90,1.90,1.40,0.80,1.20,,,,,1,,0.70,1.20,3.10,4.50,3.60,,,0.80,,,0.20,,,4.50,3.70,3,3.50,3.60,0.60,
2008-12-23 06:40,3.30,2.81,0.32,2.30,-0.80,2.27,2.25,2.80,-2.05,2.33,0.53,0.41,-3.38,0.03,0.54,-0.18,-1.52,-5.36,0.60,-1.65,-3.69,-3.94,-0.17,,2.71,2.87,2.39,0.11,2.69,1,1.04,2.49,-4.74,0.78,1.01,0.83,2.18,0.79,-1.78,1.06,-6.50,-7.53,-5.32,1.74,-0.80,2.02,1.60,1.27,0.42,1.75,0.64,0.27,0.79,2.44,0.61,1.29,1.68,1.40,2.09,1.87,0.70,0.90,-0.04,-3.91,0.07,,4.19,1.43,0.60,-1.16,1.50,1.61,2.80,1.06,1.73,3.37,2.90,2.12,2.60,2.66,2.30,2,2.43,0.85,3.21,0.49,1.93,2.60,3.44,2.91,-1.44,1.18,1.32,1.40,0.59,0.08,0.85,1.92,1.04,2.11,1.47,1.19,2.92,2.32,2.62,2.54,2.43,1.30,0.81,0.91,1.07,0.15,3.26,1.85,0.57,2.29,1.50,0.78,-0.04,0.41,0.30,0.47,0.03,-0.24,2.43,3.24,3.50,2.99,2.35,-0.12,-0.20,,-1.10,-9.20,3.10,1.60,1.20,,,,,,,1.70,2.50,,1.50,3.60,0.90,0.51,,,,,,,,2,1.80,1.40,0.70,1.20,,,,,1.10,,0.80,1.20,3,4.50,,,,0.80,,,0,,,4.40,3.70,2.80,3.60,3.60,0.50,
2008-12-23 06:50,3.30,2.74,0.27,2.30,-0.90,2.34,2.14,2.70,-2.21,2.16,0.50,0.45,-3.44,-0.09,0.54,-0.31,-1.58,-5.39,0.70,-1.73,-3.70,-3.83,-0.11,,2.78,2.77,2.40,0.06,2.69,0.90,1.08,2.67,-4.96,0.69,1.09,0.70,2.10,0.72,-1.90,0.99,-6.60,-7.68,-5.46,1.44,-0.80,2.22,1.60,1.42,0.68,1.85,0.38,0.42,-0.27,2.23,0.49,1.08,1.74,1.30,1.36,1.73,0.58,0.90,0.03,-4.03,0.03,,4.06,1.66,0.70,-1.17,1.46,1.62,2.76,1.08,1.72,3.43,3,2.16,2.60,2.69,2.28,2,2.32,0.79,3.25,0.34,1.97,2.50,3.14,2.76,-1.56,1.08,1.27,1.20,0.60,0.29,0.69,1.92,1.08,2.03,1.43,1.16,2.98,2.58,2.71,2.70,2.59,1.30,0.69,0.88,1.28,0.24,3.24,1.95,0.68,2.28,1.60,0.85,0.01,0.52,0.10,0.53,0.05,-0.19,2.34,3.12,3.50,3.32,2.72,0.09,-0.20,,-1.20,-9.30,3.20,0.40,1,,,,,,,1.70,2.60,,1.30,3.20,1,0.52,,,,,,,,2,1.90,1.40,0.50,1.20,,,,,1.10,,0.50,1.20,3,4.50,3.50,,,0.90,,,-0.10,,,4.40,3.50,2.70,3.40,3.60,0.20,
2008-12-23 07:00,3.20,2.84,0.30,2.17,-0.90,2.10,2.12,2.70,-2.31,2.11,0.34,0.46,-3.60,-0.16,0.52,-0.37,-1.58,-5.31,0.70,-1.85,-3.86,-3.86,0.06,,2.74,2.73,2.38,-0.03,2.69,0.90,1.12,2.80,-5.12,0.69,1.06,0.64,2.09,0.85,-2,0.42,-6.70,-7.79,-5.59,1.26,-0.70,2.63,1.50,1.43,0.46,1.78,0.47,0.43,-0.24,2.30,0.43,0.85,1.31,1.10,1.28,1.56,0.50,0.80,-0.20,-4.01,0.04,,3.92,1.57,0.80,-1.07,1.26,1.46,2.67,0.95,1.59,3.32,2.80,2.20,2.60,2.40,2.34,2,2.35,0.79,3.17,0.29,1.77,2.50,2.97,2.81,-1.66,1.14,1.11,1.20,0.54,0.82,0.72,1.87,1.15,1.88,1.35,1.19,3.14,2.82,2.56,2.83,2.70,1.20,0.56,0.78,1.34,0.31,3.26,2,0.78,0.95,1.70,0.82,0,0.75,-0.20,0.38,0.15,-0.05,2.06,3.01,3.50,3.30,2.93,0.57,-0.20,2,-1.30,-9.30,3.10,0.50,1,0.60,3,-5.80,1.80,2.70,2.60,1.70,2.70,2.60,1.30,3.10,1,0.90,1.50,2.30,3,3.40,3.10,2.60,2.20,1.90,1.80,1.50,0.50,1.10,3.80,4.20,2.80,2.80,1.10,1.20,0.40,1.10,2.90,4.50,3.30,,3.40,0.30,0.20,0.80,0,4.60,3.80,4.30,3.50,2.40,3.40,3.40,0,-0.10
2008-12-23 07:10,3.20,2.78,0.22,2.23,-0.82,2.14,2.09,2.60,-2.25,2.12,0.31,0.33,-3.75,-0.18,0.45,-0.37,-1.68,-5.40,0.80,-1.78,-3.98,-3.96,0.09,,2.78,2.63,2.33,-0.05,2.61,0.80,1.17,2.73,-5.20,0.67,0.98,0.59,2.09,0.91,-2.04,0.56,-6.90,-7.96,-5.53,1.46,-0.90,2.64,1.50,1.42,0.49,1.66,0.44,0.45,-0.16,2.11,0.09,0.68,1.10,1.10,1.40,1.35,0.43,0.60,-0.22,-3.99,0.02,,3.66,1.61,0.80,-1.07,1.27,1.54,2.73,0.87,1.44,3.34,2.90,1.92,2.60,2.59,2.32,2,2.16,0.80,3.09,0.37,1.77,2.70,2.80,2.80,-1.63,1.03,1.03,1.30,0.41,0.46,0.70,1.87,1.13,1.71,1.33,1.15,3.35,2.86,2.62,2.83,2.70,1.30,0.58,0.76,1.41,0.27,3.29,1.73,0.89,0.54,1.60,0.62,0.11,0.73,-0.10,0.48,0.14,0.01,1.99,2.93,3.50,3.35,3.25,0.78,0.10,,-1.30,-9.40,2.90,-0.40,1.10,,,,,,,1.70,2.60,,1.30,2.90,1.10,0.70,,,,,,,,2,1.90,1.40,0.80,1.10,,,,,1.10,,0.40,1.10,2.90,4.50,3.30,,,0.30,,,0,,,4.20,3.50,2.40,3.40,3.40,0,
2008-12-23 07:20,3.10,2.75,0.22,2.16,-0.82,1.94,1.98,2.60,-2.32,2.10,0.37,0.18,-3.84,-0.18,0.21,-0.37,-1.73,-5.43,0.60,-1.71,-3.89,-4.03,0.15,,2.68,2.66,2.21,-0.07,2.44,0.70,1.14,2.51,-5.33,0.48,0.97,0.56,2.04,0.77,-2.07,1.20,-6.90,-7.85,-5.65,1.67,-0.80,2.59,1.40,1.44,0.64,1.61,0.57,0.49,-0.30,1.11,-0.48,0.46,0.52,1.20,1.19,1.18,0.21,0.40,-0.37,-4.14,-0.07,,3.63,1.69,0.80,-1.02,1.27,1.48,2.87,0.66,1.52,3.52,2.90,1.76,2.50,2.62,2.34,1.90,2.19,0.73,3.06,0.47,1.79,2.70,2.94,2.74,-1.48,1.13,1.18,1.50,0.57,0.85,0.68,1.74,1.15,1.56,1.32,1.30,3.56,2.76,2.62,2.81,2.71,1.40,0.87,0.84,1.32,0.18,3.19,1.84,1.09,0.56,1.50,0.62,0.13,0.52,-0.20,0.55,0.10,-0.14,1.88,2.98,3.60,3.38,3.32,0.66,0.20,,-1.40,-9.40,2.80,-0.40,-0.40,,,,,,,1.70,2.60,,1.40,2.70,1.30,0.80,,,,,,,,2.10,1.90,1.40,0.60,0.90,,,,,1.10,,0.60,1,2.90,4.20,3.20,,,0.50,,,0.10,,,4.30,3.50,2.30,3.50,3.60,0.20,
2008-12-23 07:30,3.10,2.74,0.19,2.10,-0.87,1.83,2.02,2.60,-2.33,1.97,0.36,0.14,-3.84,-0.25,0.16,-0.42,-1.71,-5.52,0.60,-1.90,-4.02,-4.09,0.09,,2.69,2.55,2.12,-0.11,2.33,0.70,1.13,2.47,-5.39,0.41,0.87,0.46,1.56,0.70,-2.08,1.08,-7.10,-7.88,-5.74,1.84,-0.80,2.41,1.40,1.27,0.56,1.67,0.37,0.50,-0.26,0.69,-0.82,-0.07,0.35,1.10,1.09,1,0.08,0.30,-0.64,-4.29,-0.27,,3.76,1.72,0.80,-0.93,0.89,1.44,2.94,0.39,1.49,3.44,3,1.82,2.50,2.53,2.30,2,2.11,0.80,3.02,0.56,1.79,2.70,3.04,2.62,-1.33,1.14,1.23,1.50,0.69,0.94,0.72,1.64,1.18,1.50,1.28,1.28,3.54,2.66,2.57,2.87,2.80,1.40,1,0.83,1.47,-0.01,3.22,1.84,1.07,0.62,1.50,0.91,0.02,0.49,-0.10,0.36,0.13,-0.25,1.68,2.99,3.50,3.27,3.41,0.66,0.20,,-1.40,-9.60,2.90,-0.30,-0.60,,,,,,,1.80,2.70,,1.40,2.60,1.30,0.85,,,,,,,,2.10,2,1.50,0.40,1,,,,,1.20,,0.90,0.70,2.80,4.10,3,,,0.60,,,0.20,,,4.20,3.50,2.30,3.60,3.60,0.30,
2008-12-23 07:40,3.10,2.67,0.21,2.10,-0.91,1.95,1.97,2.50,-2.33,1.90,0.25,0.15,-3.87,-0.26,0.17,-0.48,-1.88,-5.52,0.50,-1.73,-4.01,-4.25,0.05,,2.67,2.50,2.05,-0.13,2.50,0.70,1.04,2.47,-5.35,0.41,0.89,0.35,1.54,0.65,-2.15,1.14,-7.10,-8.04,-5.83,2.01,-0.90,2.28,1.60,0.53,0.39,1.68,0.23,0.50,-0.14,0.48,-0.90,-0.54,0.05,0.60,0.44,0.50,0.06,0.10,-0.68,-4.34,-0.40,,3.88,1.60,0.80,-1,0.72,1.35,3.02,0.30,1.43,3.51,3,1.87,2.50,2.56,2.31,2,2.02,0.77,3.07,0.63,1.80,2.60,3.08,2.78,-1.32,1.22,1.27,1.60,0.83,1.19,0.82,1.43,1.11,1.58,1.23,1.23,3.55,2.65,2.58,2.84,2.82,1.40,1.03,0.92,1.21,-0.04,3.05,1.88,1.27,0.62,1.60,1.08,0.04,0.44,0.10,0.46,-0.11,-0.09,1.64,2.89,3.50,3.32,2.98,1.31,0.20,,-1.40,-9.70,2.90,-0.30,-1.10,,,,,,,1.80,2.70,,1.50,2.70,1.30,0.78,,,,,,,,2.20,2,1.50,0.40,1,,,,,1.40,,0.90,0.80,2.80,4.10,2.80,,,0.50,,,0.10,,,4.20,3.50,2.30,3.40,3.50,0.50,
2008-12-23 07:50,3,2.67,0.08,2.06,-0.90,1.90,1.89,2.50,-2.32,1.89,0.20,0.02,-3.92,-0.39,0.07,-0.44,-1.97,-5.64,0.50,-1.93,-4.09,-4.06,-0.01,,2.67,2.46,1.95,-0.08,2.49,0.60,1.07,2.38,-5.41,0.48,0.79,0.29,1.66,0.67,-2.22,1.08,-7.20,-8.10,-5.91,2.07,-1,2.14,1.60,0.24,0.35,1.56,0.32,0.40,-0.21,0.37,-1.10,-1.07,-0.24,-0.20,-0.30,-0.21,-0.20,-0.30,-0.68,-4.44,-0.52,,3.94,1.10,0.70,-1.08,0.83,1.41,3.11,0.66,1.31,3.63,3,1.97,2.50,2.69,2.37,2,1.98,0.81,3.06,0.70,1.83,2.60,3.18,2.64,-1.43,1.41,1.34,1.80,0.94,1.41,0.74,0.68,0.87,1.60,1.20,1.30,3.47,2.64,2.67,2.90,2.91,1.60,1.05,1.06,0.28,0.15,3.10,1.94,1.35,0.52,1.70,1.26,0.13,0.48,0.20,0.34,-0.14,0.25,1.47,3.02,3.50,3.33,3.45,1.67,0.20,,-1.50,-9.70,2.90,-0.20,-0.80,,,,,,,1.80,2.60,,1.50,2.70,1.40,0.77,,,,,,,,2.30,2,1.60,0.50,1.10,,,,,1.50,,0.90,1,3.10,4.10,2.80,,,0.60,,,0.10,,,4.30,3.60,2.40,3.60,3.60,0.50,
2008-12-23 08:00,3,2.67,0.16,2.03,-0.89,1.83,1.87,2.50,-2.27,1.89,0.11,-0.04,-3.95,-0.35,0.13,-0.51,-1.91,-5.69,0.40,-1.99,-4.19,-4.21,-0.14,,2.62,2.31,1.91,-0.23,2.44,0.50,0.94,2.41,-5.50,0.20,0.60,0.11,1.59,0.50,-2.28,1.36,-7.20,-7.99,-5.97,2.02,-1.10,2.16,1.50,0.49,0.45,1.43,0.37,0.41,-0.19,0.41,-1.30,-1.13,-0.62,-0.30,-0.52,-0.43,-0.71,-0.90,-1.05,-4.51,-0.83,,4.12,1.07,0.70,-1.35,1,1.25,3.21,0.99,1.43,3.73,3,2.21,2.50,2.78,2.40,2,2.01,0.84,3.14,0.74,1.93,2.60,3.22,2.72,-1.48,1.46,1.47,2,1.08,1.62,0.58,0.33,0.78,1.59,1.15,1.22,3.58,2.67,2.72,3.02,2.94,1.70,1.28,1.28,0.52,0.12,2.90,2.11,1.43,0.91,1.70,1.24,0.19,0.79,0.20,0.07,-0.16,0.06,1.54,2.92,3.50,3.38,3.34,1.74,0.20,1.90,-1.50,-9.80,2.90,0,-0.90,0.80,2.90,-5.90,2.20,2.90,2.90,1.80,2.70,2.60,1.40,2.70,1.50,0.90,1.20,2.30,3.60,3.40,3.80,2.80,2.50,2.10,1.90,1.70,0.60,1.30,4.70,4,3.20,2.80,1.70,1.40,1.10,1.20,3.30,4,2.50,2.20,3.20,1,0.70,,0.10,4.40,3.70,4.20,3.60,2.40,3.50,3.40,0.40,0.40
2008-12-23 08:10,3,2.59,0.16,2,-1.01,1.72,1.88,2.50,-2.34,1.85,0.15,0.18,-4.03,-0.38,0.08,-0.52,-1.90,-5.73,0.40,-2.02,-4.23,-4.17,-0.14,,2.60,2.34,1.91,-0.18,2.32,0.50,1,2.32,-5.51,0.09,0.65,0.28,1.56,0.44,-2.26,1.54,-7.20,-8.13,-5.98,1.90,-1,2.26,1.40,0.86,0.33,1.30,0.52,0.66,-0.21,0.42,-1.25,-1.13,-0.98,-0.30,-0.65,-0.50,-1.03,-1.50,-1.46,-4.78,-1.59,,4.10,1.25,0.80,-1.26,1.12,1.07,3.39,0.95,1.34,3.79,2.90,2.38,2.52,2.77,2.36,2,2.12,0.73,3.18,0.80,1.90,2.60,3.26,2.78,-1.35,1.48,1.57,2.20,1.09,1.88,0.59,0.43,0.71,1.60,1.23,1.32,3.63,2.74,2.70,3.02,2.90,1.90,1.35,1.36,0.85,0.15,3.01,2.14,1.54,1.16,1.60,1.40,0.35,0.83,0.20,-0.20,-0.21,-0.09,1.75,2.95,3.50,3.37,3.37,1.75,0.20,,-1.60,-9.90,2.80,0.70,-0.90,,,,,,,1.80,2.60,,1.40,2.70,1.50,0.91,,,,,,,,2.10,1.90,1.70,0.70,1.30,,,,,1.70,,1.10,1.20,3.30,4,2.50,,,1,,,-0.10,,,4.20,3.70,2.40,3.50,3.40,0.40,
2008-12-23 08:20,3,2.61,0.10,1.97,-1.02,1.68,1.86,2.40,-2.35,1.78,0.15,0.03,-4.02,-0.55,0.10,-0.36,-1.96,-5.72,0.40,-2.08,-4.22,-4.03,-0.06,,2.58,2.38,1.96,-0.20,2.30,0.50,0.83,2.33,-5.55,0.01,0.51,0.22,1.53,0.44,-2.27,1.36,-7.10,-8.26,-5.98,1.91,-1.10,2.06,1.40,1.02,0.35,1.27,0.15,0.94,-0.12,0.53,-1.13,-1.03,-0.95,-0.10,-0.79,-0.58,-1.35,-1.60,-1.91,-4.97,-1.99,,4.32,1.27,0.60,-1.16,1.27,1.04,3.48,0.97,1.47,3.98,3.40,2.43,2.58,2.56,2.36,2,2.18,0.73,3.11,0.78,1.81,2.60,3.29,2.71,-1.33,1.59,1.91,2.30,1.36,1.76,0.51,0.86,0.08,1.56,1.19,1.30,3.71,2.73,2.86,3.07,2.93,2.10,1.50,1.39,0.66,0.25,3.01,2.12,1.65,1.40,1.70,1.41,0.55,0.92,0.20,-0.16,-0.09,-0.22,1.71,3.06,3.50,3.44,3.34,1.82,0.20,,-1.80,-9.90,2.70,0.90,-1,,,,,,,1.80,2.60,,1.60,2.80,1.60,1.12,,,,,,,,2.30,2.20,1.90,-0.30,1.30,,,,,1.70,,1.10,1.30,3.30,3.90,2.60,,,-0.10,,,-0.10,,,4.20,3.70,2.50,3.50,3.60,0.60,
2008-12-23 08:30,3,2.63,0.08,1.94,-1.02,1.71,1.79,2.40,-2.43,1.77,0.13,0.02,-4.13,-0.58,0.07,-0.57,-2.07,-5.62,0.30,-2.17,-4.25,-4.20,-0.24,,2.58,2.40,1.92,-0.23,2.35,0.50,0.86,2.28,-5.69,0.03,0.39,0.14,1.46,0.46,-2.28,1.06,-7.20,-8.26,-5.87,1.68,-1.10,2.04,1.30,1.08,0.24,1.19,0.06,0.95,0.04,0.63,-0.98,-1.02,-0.77,0.10,-0.72,-0.59,-1.55,-1.60,-2.13,-5.07,-2.11,,4.11,1.21,0.60,-1.16,1.09,0.92,3.63,0.93,1.66,3.99,3.30,2.61,2.78,2.93,2.41,2,2.39,0.68,3.22,0.73,1.83,2.60,3.36,2.76,-1.21,1.71,1.92,2.50,1.43,2.09,0.50,1.11,0.15,1.49,1.36,1.53,3.74,2.68,2.86,2.95,2.88,2.20,1.54,1.53,0.63,0.15,3.08,1.96,1.57,1.35,1.70,1.27,0.78,0.98,0.20,0.24,-0.01,-0.19,1.94,3,3.50,3.41,3.27,1.76,0.20,,-1.80,-10,2.80,0.90,-0.90,,,,,,,1.90,2.60,,1.80,2.80,1.70,1.07,,,,,,,,2.40,2.20,2,-0.40,1.40,,,,,1.80,,1.10,1.30,3.40,4,2.80,,,-0.20,,,0,,,4.20,3.80,2.70,3.60,3.50,0.90,
2008-12-23 08:40,3,2.59,0.02,1.91,-1.04,1.79,1.78,2.40,-2.42,1.71,0.01,0.12,-3.98,-0.58,-0.07,-0.52,-2.17,-5.61,-0.10,-2.20,-4.26,-4.04,-0.39,,2.77,2.46,1.95,-0.22,2.43,0.40,0.74,2.19,-5.70,0.03,0.34,0.05,1.33,0.41,-2.37,0.72,-7.30,-8.29,-6.20,1.75,-1.20,2.03,1.40,1.05,0.18,1.06,0.04,1.10,0.04,0.63,-0.88,-0.99,-0.66,0.30,-0.75,-0.42,-1.24,-1.60,-2.16,-5.31,-2.29,,4.23,1.28,0.60,-1.22,0.96,0.96,3.69,1.06,1.69,3.96,3.30,2.94,2.91,2.74,2.42,1.90,2.56,0.79,3.18,0.84,1.98,2.60,3.41,2.74,-1.24,1.74,2.10,2.70,1.53,2.07,-0.34,1.32,0.26,1.35,1.27,1.59,3.78,2.82,2.82,2.88,3.01,2.30,1.67,1.79,0.69,-0.07,3.25,2.22,1.66,1.41,1.80,1.52,0.99,1.17,0.30,0.51,-0.03,-0.02,1.93,3.16,3.50,3.42,3.46,1.70,0.20,,-1.80,-10.10,2.70,1.10,-0.70,,,,,,,1.90,2.60,,1.70,2.80,1.80,1.11,,,,,,,,2.60,2.10,2,0.60,1.30,,,,,1.90,,1.10,1.30,3.40,4.10,3.10,,,-0.20,,,0,,,4.20,3.70,2.80,3.60,3.60,0.90,
2008-12-23 08:50,3,2.54,0.03,1.83,-1.13,2.11,1.93,2.40,-2.42,1.65,-0.02,0.17,-3.99,-0.68,-0.24,-0.63,-2.12,-5.61,-0.20,-2.39,-4.39,-4.07,-0.73,,2.67,2.42,1.92,-0.19,2.42,0.40,0.72,2.26,-5.72,-0.10,0.51,0.03,1.14,0.34,-2.56,0.78,-7.60,-8.40,-6.46,1.88,-1.30,1.96,1.50,1.04,0.49,1.03,0.07,1.17,0.06,0.74,-0.96,-0.83,-0.47,0.70,-0.60,-0.30,-0.98,-1.50,-2.19,-5.47,-2.34,,4.26,1.33,0.60,-1.43,1.10,0.91,3.75,0.96,1.75,3.91,3.50,3.14,3,2.78,2.37,2,2.54,0.91,2.98,1.06,2.05,2.70,3.63,2.73,-1.13,1.70,2.26,2.80,1.65,2.05,-1.40,1.36,0.32,0.82,1.19,1.45,3.98,2.78,3,3,3.01,2.40,1.93,1.83,0.75,-0.08,3.33,2.36,1.81,1.71,1.90,1.81,0.72,1.29,0.40,0.60,-0.03,0.08,2,3.37,3.40,3.46,3.44,1.20,0.20,,-1.80,-10.10,2.70,1.10,-0.70,,,,,,,1.90,2.60,,1.80,2.70,1.90,1.18,,,,,,,,2.70,2.40,1.90,0.90,1.30,,,,,1.90,,1.20,1.30,3.60,4.20,3.20,,,0,,,0,,,4.20,3.80,2.90,3.60,3.70,1.10,
2008-12-23 09:00,3,2.55,0.09,1.79,-1.20,1.75,1.82,2.40,-2.47,1.43,-0.05,0,-4.01,-0.87,-0.34,-0.74,-2.18,-5.64,-0.20,-2.72,-4.50,-4.16,-0.94,,2.67,2.50,1.90,-0.26,2.33,0.40,0.77,2.19,-5.66,-0.04,0.51,0.09,1.16,0.29,-2.72,0.65,-7.50,-8.59,-6.52,1.87,-1.70,2,1.70,1.11,0.19,1.15,-0.25,1.28,0.24,0.84,-0.93,-0.68,-0.35,0.80,-0.36,-0.10,-0.97,-1.40,-1.94,-5.63,-2.30,,4.18,1.06,0.60,-1.33,1.08,1.02,3.86,0.86,1.90,3.83,3.80,3.12,3.08,2.93,2.29,2,2.73,1.02,2.74,1.09,2.01,2.80,3.67,2.77,-1.10,1.80,2.13,2.90,1.88,2.53,-1.28,1.43,0.22,-0.30,1.12,0.12,4.23,2.98,3.06,3.10,2.96,2.50,2.08,1.88,0.81,-0.03,3.42,2.33,1.80,1.40,2,1.80,0.98,1.39,0.40,0.64,0.01,0.08,2.19,3.18,3.50,3.32,3.22,0.43,0.20,1.80,-2,-10.10,2.70,1,-0.60,1.10,2,-5.70,3.90,3.20,3.20,2,2.60,2.30,2,2.80,2,1.20,0.80,3,4.20,3.80,4,3,2.60,2.70,2.50,2.10,1.10,1.20,4.90,4.10,3.70,3.40,2.20,2,1.10,1.30,4.20,4.30,3.80,,3.80,0.30,1.10,,0.20,4.40,3.90,4.20,3.80,3,3.70,3.60,1.40,0.20
2008-12-23 09:10,2.90,2.48,0.04,1.81,-1.22,1.67,1.80,2.40,-2.44,1.28,-0.18,-0.02,-4.04,-0.96,-0.22,-0.72,-2.14,-5.61,-0.50,-2.87,-4.62,-4.44,-1.22,,2.86,2.46,1.94,-0.29,2.35,0.40,0.76,2.33,-5.76,0.01,0.41,0.10,1.18,0.31,-2.86,0.89,-7.50,-8.56,-6.74,1.89,-2.10,2.05,1.60,1.21,0.43,1.06,-0.11,1.15,0.32,1.02,-0.84,-0.76,-0.39,0.60,-0.20,-0.10,-1,-1.30,-2,-5.77,-2.11,,4.20,0.82,0.50,-1.24,1.23,1,3.87,0.59,2.06,3.93,3.90,3.05,3.10,2.87,2.34,2.23,2.87,1.20,2.89,1.16,2.08,2.90,3.53,2.78,-1.01,2.05,2.13,3,2.03,,-1,1.55,0.48,-0.19,1.06,0.20,4.32,2.82,3.23,3.10,2.98,2.40,2.05,1.95,1.15,-0.08,3.72,2.33,1.89,1.34,2,1.70,1.20,1.55,0.30,0.54,0.07,0.20,2.36,3.21,3.50,3.46,3.17,0.01,0.20,,-2.30,-10.20,2.70,1.10,-0.60,,,,,,,2,2.50,,2,2.80,2,1.29,,,,,,,,2.80,2.70,2.20,1.10,1.20,,,,,2.20,,1.20,1.40,4.20,4.30,3.90,,,0.30,,,0.20,,,4.20,3.90,3.10,3.70,3.60,1.40,
2008-12-23 09:20,2.90,2.50,-0.02,1.81,-0.99,1.86,1.84,2.40,-2.42,1.38,-0.14,-0.06,-4.06,-1.12,-0.29,-0.70,-2.20,-5.50,-0.80,-3.24,-4.59,-4.52,-1.56,,2.80,2.24,1.91,-0.34,2.47,0.50,0.67,2.41,-5.86,-0.01,0.32,0.04,1.41,0.26,-3.16,0.99,-7.50,-8.64,-6.65,1.84,-2.10,2.12,1.40,1.26,0.39,1.11,0,1.23,0.36,1.04,-0.82,-0.84,-0.41,0.40,0,-0.10,-1.02,-1.30,-2.09,-5.88,-2.03,,4.18,0.97,0.20,-1.31,1.40,1.16,3.87,0.56,2.35,3.93,4,3.02,3.08,2.98,2.47,2.33,2.98,1.15,3.17,1.35,2.19,3,3.05,2.74,-0.99,2.08,2.48,2.90,2.07,,-0.47,1.90,0.58,-0.05,1.02,0.46,4.36,2.98,3.35,3.21,3.11,2.60,2.23,2.07,1.30,-0.07,3.77,2.49,1.99,1.67,2,1.67,1.10,1.72,0.40,0.65,0.10,0.12,2.47,3.20,3.50,3.56,3.44,0.65,0.20,,-2.70,-10.20,2.70,1.20,-0.40,,,,,,,2.10,2.40,,2,2.70,2.10,1.50,,,,,,,,2.70,2.60,2.30,0.90,1.30,,,,,2.30,,1.20,1.50,4.40,4.40,,,,0.40,,,0.10,,,4.20,3.80,3.20,3.70,3.60,1.40,
2008-12-23 09:30,2.90,2.53,-0.05,1.89,-1.01,1.93,1.76,2.40,-2.47,1.49,-0.16,-0.37,-4.05,-1.21,-0.30,-0.70,-2.39,-5.46,-1.20,-3.45,-4.68,-4.70,-1.66,,2.70,2.26,1.81,-0.35,2.43,0.50,0.75,2.44,-5.93,0.01,0.35,0.16,1.42,0.41,-3.21,0.91,-7.80,-8.63,-6.82,1.81,-2.10,2.13,1.30,1.19,,1.05,-0.04,1.13,0.40,1.02,-0.90,-0.61,-0.40,0.70,0.29,-0.12,-0.93,-1.40,-2.05,-5.93,-2.05,,4.22,1.10,0.40,-1.57,1.30,1.23,4,0.65,2.56,4.04,4.10,2.98,3.16,3.21,2.42,2.35,3.05,1.24,3.33,1.30,2.25,3.10,2.56,2.80,-1.08,2.25,2.47,3,2.24,,0.23,1.93,0.81,0.03,0.98,0.54,4.47,3.02,3.53,3.38,3.39,2.80,2.27,2.15,1.53,0.07,3.77,2.42,2.04,1.60,2.10,1.71,0.93,1.76,0.50,0.62,0.15,0.01,2.49,3.24,3.50,3.56,3.25,0.77,0.30,,-2.90,-10.30,2.70,1.20,-0.30,,,,,,,2.20,2.40,,2.10,2.70,2.30,1.73,,,,,,,,2.70,2.70,2.40,1.20,1.40,,,,,2.30,,1.20,1.30,4.40,4.60,4.10,,,0.50,,,0.10,,,4.20,3.80,3.30,3.50,2.90,1.30,
2008-12-23 09:40,3,2.49,0.02,1.86,-1.13,1.96,1.51,2.30,-2.50,1.27,-0.40,-0.56,-4.14,-1.24,-0.28,-0.80,-2.58,-5.56,-1.40,-3.34,-4.85,-4.91,-1.66,,2.78,2.45,1.79,-0.25,2.44,0.50,0.73,2.44,-5.91,-0.17,0.16,-0.15,1.38,0.45,-3.30,0.93,-7.70,-8.69,-6.86,1.90,-2.40,1.95,1.10,1.30,0.52,0.96,-0.24,1.22,0.44,1.06,-0.93,-0.50,-0.27,0.80,0.15,-0.02,-0.69,-1.30,-1.90,-6.11,-2.18,,4.42,1.24,0.60,-1.48,1.29,1.08,4.05,0.69,2.56,4.09,4.10,2.92,3.30,3.33,2.43,2.30,3.06,1.29,3.35,1.29,2.22,3.10,2.55,2.88,-0.97,2.28,2.86,3.10,2.33,,0.43,1.96,0.88,0.39,0.20,0.65,4.57,3.03,3.77,3.31,3.59,2.60,2.34,2.02,1.65,0.23,3.67,2.42,2.06,1.75,2.20,1.90,0.96,1.68,0.60,0.64,0.22,0.41,2.61,3.32,3.60,3.43,3.44,0.90,0.30,,-2.90,-10.40,2.70,1.20,-0.20,,,,,,,2.30,2.40,,2.10,2.10,2.50,1.65,,,,,,,,2.70,2.70,2.20,1,1.40,,,,,2.50,,1.20,1.20,4.50,4.60,4.20,,,0.60,,,0.10,,,4.20,3.90,3.30,3.60,3.40,0.50,
2008-12-23 09:50,3,2.51,-0.01,1.82,-1.13,2,1.50,2.20,-2.72,,-0.65,-0.46,-4.20,-1.40,-0.43,-0.80,-2.62,-5.67,-1.40,-3.43,-4.98,-4.92,-1.74,,2.85,2.55,1.90,-0.25,2.76,0.40,0.83,2.49,-5.95,-0.48,-0.26,-0.44,1.25,0.08,-3.42,0.92,-7.70,-8.77,-7.08,1.84,-2.60,1.90,1.60,1.29,0.28,0.86,-0.48,1.28,0.67,1.04,-0.94,-0.43,-0.03,1.10,0.21,0.12,-0.68,-1.10,-1.76,-6.13,-2.14,-3.90,4.59,1.39,0.70,-1.50,1.30,0.93,3.91,0.59,2.68,4.14,4.10,3,3.30,3.44,2.56,2.37,3.30,1.33,3.56,1.29,2.11,3.20,3.08,2.90,-1.05,2.40,2.76,3.10,2.53,,0.57,1.95,1.01,1.02,0.22,0.66,4.53,3.03,3.87,3.52,3.83,2.80,2.50,2.27,1.65,0.35,3.83,2.66,2.18,2.18,2.20,1.93,1.11,1.80,0.60,0.67,0.25,0.36,2.78,3.38,3.70,3.56,3.27,0.67,0.30,,-2.90,-10.40,2.50,1.10,-0.30,,,,,,,2.40,2.60,,2,1.40,2.40,1.76,,,,,,,,2.80,2.80,2.50,1,1.40,,,,,2.50,,1.10,0.80,4.40,4.40,4.20,,,0.80,,,0.20,,,4.20,3.80,3.10,3.60,3.60,0.50,
2008-12-23 10:00,3,2.51,0,1.90,-1.16,2.07,1.62,2,-2.84,0.88,-0.97,-0.33,-4.29,-1.52,-0.45,-0.78,-2.56,-5.64,-1.50,-3.40,-4.89,-4.85,-1.88,,2.86,2.64,2.05,-0.33,2.89,0.30,0.56,2.56,-5.95,-0.73,-0.07,-0.71,1.16,-0.24,-3.68,0.65,-7.90,-8.78,-6.91,1.91,-2.70,1.78,1.40,1.31,0.11,0.82,-0.32,1.44,0.45,1.10,-1.11,-0.47,0.11,1,0.43,0.19,-0.77,-1,-1.60,-6.04,-2.01,-4.05,4.66,1.53,0.70,-1.35,1.42,1.18,3.78,0.44,2.86,4.05,4,2.90,3.30,3.41,2.57,2.10,3.31,1.39,3.72,1.33,2.19,3.20,3.50,2.88,-1.04,2.42,2.38,3.20,2.04,2.41,0.70,1.95,1.03,1.43,0.08,0.68,4.58,3.12,3.76,3.66,3.93,2.80,2.60,2.48,1.60,0.34,3.89,2.83,2.36,2.28,2.10,2.08,1.54,1.98,0.70,0.63,0.30,0.38,3.02,3.35,3.70,3.51,3.37,0.72,0.30,1.80,-2.80,-10.50,2.60,1.30,-0.40,1.40,3.10,-5.70,3.40,3.50,3.60,2.40,2.60,3.10,2.30,1.60,2.30,2.20,0.90,4,4.70,4.40,4.40,3.60,3.30,2.80,2.70,2.30,1.30,1.30,5.20,4.60,4.40,3.70,2.60,2.20,1.20,0.60,4.50,4.70,4.20,3.10,4,1.10,0,2.30,0.30,4.20,4.20,4.30,3.90,3.30,3.50,3.80,0.60,0.50
2008-12-23 10:10,3,2.50,-0.09,1.96,-1,2.13,1.61,1.90,-2.96,0.75,-1.31,-0.22,-4.38,-1.68,-0.67,-0.71,-2.61,-5.53,-1.40,-3.26,-4.73,-4.80,-1.70,,2.87,2.73,2.10,-0.22,2.70,0.40,0.33,2.55,-5.88,-0.78,0.27,0.06,1.32,-0.25,-3.60,0.61,-7.80,-8.73,-6.79,2.07,-2.50,1.48,1.20,1.33,0.26,0.78,-0.12,1.47,0.39,1.07,-1.04,-0.61,0.06,0.70,0.82,0.22,-1.13,-1,-1.96,-6.13,-2.11,-4.09,4.41,1.64,0.70,-1.28,1.22,1.38,3.77,0.35,2.85,4.09,4,2.87,3.40,3.39,2.63,2.20,3.64,1.44,3.83,1.32,2.44,3.10,3.63,3.06,-0.98,2.51,3.06,3.20,2.50,2.39,0.62,1.89,1.09,1.47,0.16,0.94,4.62,3.26,3.92,3.73,3.95,2.70,2.39,2.23,1.84,0.38,3.90,2.88,2.71,2.01,2.30,2.11,1.77,1.98,0.50,0.64,0.43,0.31,3.15,3.35,3.60,3.67,3.24,0.91,0.40,,-2.90,-10.50,2.90,1.30,-0.50,,,,,,,2.50,2.70,,2.30,1.80,2.30,2.20,,,,,,,,2.80,2.70,2.20,1.30,1.30,,,,,2.60,,1.30,0.60,4.50,4.70,4.20,,,1.20,,,0.40,,,4.20,3.80,3.40,3.50,3.80,0.60,
2008-12-23 10:20,3,2.52,-0.15,1.93,-1,2.14,1.76,1.70,-3.08,0.98,-1.42,-0.20,-4.48,-1.75,-1.08,-0.87,-2.75,-5.64,-1.50,-3.21,-4.82,-4.81,-1.70,,2.86,2.78,2.13,-0.16,2.66,0.50,0.76,2.53,-5.91,-0.74,0.40,0.20,1.38,0.07,-3.61,0.50,-7.80,-8.69,-6.70,1.93,-2.40,-0.18,0.10,1.21,0.58,0.16,-0.43,1.68,0.36,1.04,-0.80,-0.64,-0.02,0.80,0.39,0.15,-1.05,-1,-2.22,-6.20,-1.97,-3.98,4.34,1.64,0.60,-1.30,0.96,1.34,3.92,0.53,2.74,4.13,4,2.86,3.40,3.47,2.60,2.20,3.60,1.53,3.71,1.30,2.43,3.30,3.91,3.08,-0.96,2.52,2.90,3.30,2.58,2.77,1,1.97,1.14,1.31,0.60,1.15,4.69,3.35,3.99,3.94,3.78,2.60,2.22,2.02,2.04,0.26,3.94,2.71,2.83,2.04,2.30,2.16,1.67,2.02,0.50,0.71,0.57,0.53,3.20,3.31,3.70,3.69,3.09,0.90,0.40,,-2.90,-10.50,2.90,1.10,-0.50,,,,,,,2.60,2.70,,2.10,2.50,2.40,2.25,,,,,,,,2.80,2.70,2.30,1.30,1,,,,,2.70,,1.30,0.40,4.40,4.90,4.10,,,1.30,,,0.30,,,4.20,3.80,3.40,3.60,3.50,0.20,
2008-12-23 10:30,3.10,2.52,-0.11,1.87,-1,2.40,1.80,1.70,-2.97,1.34,-0.91,-0.18,-4.45,-1.57,-1.36,-0.88,-2.83,-5.77,-1.50,-3.26,-4.90,-4.99,-1.74,,2.79,2.79,2.12,-0.22,2.67,0.50,0.67,2.49,-5.93,-0.35,0.30,0.15,1.49,0.07,-3.54,0.72,-7.80,-8.70,-6.81,2.01,-2.60,-0.62,-0.40,1.13,0.22,-1.50,-0.29,1.62,0.50,1.29,-0.57,-0.83,-0.37,1.10,0.02,0.23,-0.99,-1.10,-2.11,-6.24,-1.90,-4.07,4.31,1.70,0.70,-1.19,0.91,1.28,4.07,0.34,2.62,4.15,3.90,2.94,3.50,3.53,2.66,2.20,3.61,1.63,3.59,1.38,2.74,3.20,3.83,3.10,-0.73,2.54,2.95,3.30,2.76,2.48,0.85,2.42,1.30,1.21,0.97,1.50,4.65,3.61,3.89,4.27,3.94,2.60,2.13,1.89,2.28,0.13,3.87,2.65,2.97,1.24,2.70,2.25,1.89,1.87,0.50,0.92,0.65,0.55,3.07,3.32,3.70,3.95,3.21,1.11,0.50,,-2.90,-10.60,2.90,1.20,-0.70,,,,,,,2.60,2.80,,2.30,2.80,2.30,2.17,,,,,,,,2.70,2.80,2.30,1.30,0.20,,,,,2.70,,1.40,0.40,4.40,5.10,4,,,1.40,,,0.30,,,4.30,3.90,3.40,3.70,3.50,0.10,
2008-12-23 10:40,3.10,2.60,-0.13,2,-1,2.27,1.80,1.80,-3.01,1.40,-0.70,-0.16,-4.33,-1.40,-1.84,-0.95,-2.67,-5.79,-1.30,-3.35,-4.76,-4.69,-1.76,,3.08,2.79,2.12,-0.16,2.87,0.50,0.60,2.49,-6.06,-0.25,0.31,0.02,1.47,0.13,-3.54,0.78,-7.70,-8.73,-7,1.98,-2.50,-0.07,0.20,0.87,0.24,-1.70,-0.14,1.76,0.79,1.50,-0.75,-0.54,-0.65,1.20,-0.16,0.18,-1.20,-1.20,-2.25,-6.20,-1.99,-4.53,4.23,1.73,0.80,-1.43,1.04,1.44,4.12,0.31,2.51,4.34,3.90,2.82,3.60,3.97,2.62,2.60,3.26,1.51,3.64,1.41,2.70,3.20,3.94,3.11,-0.86,2.61,3.37,3.50,2.61,2.24,0.86,2.23,1.44,1.68,1.06,1.58,4.68,3.54,4.12,4.27,4.07,2.60,2.15,1.90,2.44,0.39,3.95,2.77,3.02,0.87,2.60,2.29,1.91,1.89,0.60,0.84,0.81,0.34,3.05,3.25,3.70,3.82,3.16,1,0.50,,-3.10,-10.60,2.70,1.20,-0.20,,,,,,,2.70,2.80,,2.30,2.80,2.30,2.23,,,,,,,,2.70,2.60,2.30,1.30,-0.10,,,,,2.70,,1.40,0.60,4.30,5.10,4,,,1.50,,,0.40,,,4.30,4,3.40,3.70,3.60,0.10,
2008-12-23 10:50,3.10,2.62,-0.17,2,-0.90,2.31,1.81,1.70,-3.11,1.52,-0.92,-0.26,-4.40,-1.43,-1.71,-0.95,-2.45,-5.81,-1.20,-3.37,-4.85,-4.71,-1.69,,3.25,2.74,2.14,-0.14,2.93,0.50,0.67,2.68,-6.09,-0.23,0.27,0.09,1.33,0.31,-3.58,0.83,-7.70,-8.89,-7,1.99,-2.30,0.63,-0.30,0.66,0.07,-1.08,-0.46,1.97,0.88,1.56,-0.75,-0.06,-0.63,0.70,-0.16,0.48,-1.41,-1.10,-2.57,-6.23,-2.21,-4.52,4.28,1.73,0.80,-1.38,1.23,1.32,4.15,0.41,2.50,4.41,4,2.78,3.60,4.16,2.52,2.70,3.45,1.38,3.67,1.60,2.50,3.10,3.86,3.19,-0.90,2.39,3.21,3.50,2.42,2.44,0.98,2.45,1.64,1.77,1.11,1.76,4.64,3.63,3.97,4.19,3.97,2.70,2.26,1.90,2.57,0.49,3.95,2.87,2.90,0.89,2.60,1.64,1.96,2.13,0.50,0.85,0.96,0.40,3.10,3.30,3.70,3.70,3.43,1.13,0.60,,-3,-10.60,2.80,1.40,0.10,,,,,,,2.60,2.80,,2.40,3,2.30,2.34,,,,,,,,2.70,2.50,2.30,1.30,-0.10,,,,,2.70,,1.50,0.90,4.40,5.40,4,,,1.60,,,0.60,,,4.20,3.90,3.40,3.60,3.50,0.10,
2008-12-23 11:00,3.20,2.64,-0.14,2.06,-0.90,2.25,1.80,1.50,-3.08,1.40,-1.33,-0.21,-4.34,-1.61,-1.57,-1,-2.40,-5.98,-1.10,-3.26,-4.80,-5.11,-1.62,,3.16,2.76,2.12,-0.11,2.80,0.50,0.49,2.65,-6.09,-0.26,0.36,0.10,1.50,0.31,-3.62,0.87,-7.80,-8.63,-6.94,2.27,-2.20,0.95,-1.30,0.26,-0.06,-1.25,-0.15,1.98,0.80,1.40,-0.63,-0.05,-0.40,0.30,-0.09,0.35,-1.08,-1.10,-2.72,-6.37,-2.27,-4.45,4.34,1.76,0.80,-1.25,1.29,1.47,4.06,0.88,2.51,4.32,3.90,2.79,3.60,4.06,2.56,2.80,3.39,1.44,3.56,1.39,2.32,3,4.04,3.21,-0.78,2.32,2.84,3.50,2.37,3.12,0.93,2.43,1.57,1.74,0.94,1.74,4.64,3.76,4.01,4.14,4.02,2.70,2.32,1.82,2.76,0.35,3.87,3.06,2.94,0.37,2.60,0.49,2.08,2.18,0.60,0.90,0.92,0.56,3.28,3.27,3.60,3.71,3.16,1.36,0.60,1.70,-2.90,-10.60,2.80,1.20,0.10,,3.30,-5.70,2.20,3.80,3.70,2.50,2.90,3.30,2.50,3.40,2.20,2.50,,4.30,5.40,4.90,4.70,4,3.40,2.70,2.70,2.20,1.40,0.10,5.70,4.90,4.60,3.90,2.80,2.20,1.50,1,4.20,5.80,3.90,3.50,4,1.70,-0.10,2.70,0.60,4.20,4.10,4.20,4,3.40,3.40,3.70,0.30,0.60
2008-12-23 11:10,3.20,2.70,-0.21,2.07,-0.79,2.18,1.80,1.50,-2.99,1.29,-1.39,-0.12,-4.41,-1.78,-1.56,-1.09,-2.42,-6.08,-1.10,-3.39,-5.14,-5.24,-1.79,,2.96,2.72,2.10,-0.08,3.06,0.60,0.56,2.63,-6.10,-0.20,0.42,0.15,1.46,0.37,-3.60,0.93,-8.10,-8.90,-6.90,2.44,-2.20,1.34,-1.60,-0.22,0.01,-1.33,-0.31,1.91,1.02,1.41,-0.60,-0.04,-0.24,0.50,0.33,0.45,-0.74,-1.10,-2.30,-6.50,-2.16,-4.34,4.41,1.74,0.70,-1.26,1.26,1.60,4.07,1.14,2.18,4.47,4,2.87,3.90,3.99,2.74,2.80,3.35,1.49,3.70,1.47,2.10,3,4.19,3.18,-0.74,2.45,3.04,3.70,2.35,3.25,0.94,2.40,1.51,1.85,1.35,2.03,4.86,3.77,4.02,4.11,4.14,2.90,2.40,1.80,2.84,0.46,3.94,3.09,3.13,0.37,2.70,0.52,1.90,2.16,0.80,0.93,1.03,0.75,3.36,3.25,3.70,3.86,3.23,1.72,0.50,,-2.80,-10.70,2.90,1.20,0.20,,,,,,,2.90,2.90,,2.50,3.40,2.50,2.47,,,,,,,,3,2.70,2.20,1.30,0.10,,,,,2.80,,1.60,1.10,4.10,5.80,3.90,,,1.70,,,0.40,,,4.20,4,3.40,3.50,3.70,0.30,
2008-12-23 11:20,3.20,2.76,-0.18,2.11,-0.82,2.23,1.77,1.80,-2.89,1.22,-0.98,-0.09,-4.44,-1.74,-1.03,-1.05,-2.42,-6.16,-1,-3.49,-5.40,-5.27,-1.76,,3.08,2.66,2.17,-0.04,3.12,0.60,0.85,2.45,-6.23,-0.17,0.42,0.04,1.35,0.29,-3.56,0.97,-8.30,-9.04,-7.09,2.03,-2.30,1.42,-1.70,-0.67,0.17,-1.37,-0.39,2,0.97,1.53,-0.38,-0.18,-0.27,0.30,0.57,0.46,-0.76,-1,-2.18,-6.50,-2.10,-4.24,4.43,1.78,0.70,-1.29,1.35,1.69,4.07,1.23,2.03,4.53,4,2.83,4,4.02,3.05,2.80,3.31,1.47,3.96,1.45,2.05,3,3.96,3.09,-0.70,2.62,2.89,3.90,2.81,3.13,0.89,2.27,1.60,1.83,1.24,1.74,5.16,4.09,4.06,4.23,4.28,3,2.30,1.87,2.49,0.56,4.01,3.09,3.21,0.29,2.80,0.75,1.64,2.41,0.90,1.08,0.99,1.19,3.40,3.24,3.80,3.95,3.16,1.89,0.50,,-2.90,-10.80,2.80,0.80,0.30,,,,,,,2.90,2.80,,2.60,3.70,2.50,2.41,,,,,,,,2.80,2.50,2.20,1.30,0.20,,,,,2.80,,1.60,1.20,4.30,5.70,4.10,,,1.80,,,0.20,,,4.20,4,3.40,3.50,3.70,0.50,
2008-12-23 11:30,3.30,2.83,-0.07,2.04,-1.08,2.41,1.80,1.90,-2.87,1.35,-0.73,-0.25,-4.42,-1.51,-1.17,-1.03,-2.38,-6.18,-0.90,-3.38,-5.52,-5.20,-1.77,,3.34,2.63,2.02,0.14,2.94,0.70,0.92,2.37,-6.23,-0.12,0.10,-0.11,0.98,0.36,-3.54,0.97,-8.40,-9.25,-7.15,1.48,-2.30,1.76,-1.40,-0.57,0.31,-1.60,-0.13,1.86,0.85,1.82,-0.39,-0.23,-0.23,0.30,0.49,0.37,-0.65,-0.90,-2.23,-6.46,-2.12,-4.27,4.47,1.80,0.60,-1.35,1.38,1.60,4.19,1.26,1.98,4.52,4.10,2.66,4.10,4.21,3.08,2.80,3.54,1.55,3.87,1.32,2.20,1.50,3.98,2.96,-0.84,2.64,3.11,3.50,2.53,2.89,0.84,2.27,1.61,1.82,1.17,1.72,5.13,4.05,3.88,4.04,4.44,2.80,2.01,1.79,2.52,0.77,3.99,3.11,3.15,0.42,2.50,1.38,1.59,2.11,0.90,1.01,0.86,1.14,3.28,3.12,3.70,3.62,3.10,0.98,0.50,,-2.90,-10.90,2.30,1.20,0.10,,,,,,,2.70,2.90,,2.50,3.60,2.40,2.27,,,,,,,,2.60,2.40,2.40,1.40,0.20,,,,,2.80,,1.70,1.30,4.40,5.70,4.40,,,1.90,,,0.40,,,4.20,4,3.40,3.50,4,0.80,
2008-12-23 11:40,3.30,2.84,0.03,2.10,-0.89,2.53,1.80,1.90,-2.82,1.54,-0.56,-0.06,-4.39,-1.29,-1.37,-0.82,-2.39,-6.11,-0.80,-3.52,-5.57,-5.45,-1.90,,3.29,2.67,1.93,-0.07,2.66,0.70,0.76,2.40,-6.22,-0.15,0.09,-0.38,0.84,0.02,-3.71,0.92,-8.50,-9.42,-7.25,1.86,-2.20,1.80,-0.60,-0.22,0.63,-1.26,-0.13,1.94,1.12,1.95,-0.34,-0.19,-0.26,0.40,0.23,0.22,-0.72,-0.90,-2.12,-6.54,-2.23,-4.17,4.13,1.73,0.60,-1.37,1.34,1.77,4.37,1.12,1.87,4.47,4.10,2.71,3.90,4.10,3.05,2.80,3.90,1.43,3.72,1.24,2.61,1.70,4.01,3.20,-0.99,2.79,3.28,3.50,2.36,2.80,0.82,2.29,1.49,1.69,1.05,1.76,5.16,3.99,4.03,4.25,3.94,2.90,1.99,1.80,2.53,0.69,4.05,3.06,3.13,0.80,2.50,1.83,1.56,1.99,0.90,1.08,0.84,1.04,3.33,3.17,3.70,3.48,2.84,1.20,0.60,,-3,-10.90,2.80,1.50,0.20,,,,,,,2.80,3.30,,2.50,3.30,2.70,2.36,,,,,,,,2.70,2.60,2.20,1.40,0.30,,,,,2.80,,1.80,1.30,4.40,5.80,4.20,,,1.80,,,0.60,,,4.20,3.90,3.40,3.50,4.10,1.40,
2008-12-23 11:50,3.30,2.84,-0.01,2.11,-0.80,2.57,1.80,2.10,-2.80,1.59,-0.42,-0.03,-4.39,-1.12,-1.40,-0.62,-2.38,-5.92,-0.80,-3.63,-5.51,-5.64,-1.83,,3.23,2.87,1.55,-0.22,2.47,0.70,0.68,2.30,-6.22,-0.22,0.12,-0.23,0.62,0.01,-3.53,0.46,-8.40,-9.38,-7.33,2.11,-2.30,2.27,-0.20,0.26,0.39,-0.99,-0.33,2.02,0.79,2.08,-0.36,-0.30,-0.45,0.10,0.17,0.12,-0.76,-1,-2.05,-6.54,-2.25,-4.18,4.16,1.64,0.50,-1.49,1.42,1.43,4.50,0.85,1.70,4.58,4.10,2.82,3.60,3.85,3.23,2.90,3.87,1.23,3.65,1.14,2.75,2.20,4.11,3.15,-1.02,2.76,3.56,3.40,2.57,2.78,0.91,2.38,1.46,1.37,0.61,1.64,5.18,4.11,3.88,4.12,3.56,2.80,2.06,1.96,2.84,0.62,3.98,3.07,3.09,0.69,2.30,2.06,1.71,2.01,0.90,0.93,0.90,0.84,3.14,3.20,3.70,3.21,3.20,1.86,0.70,,-3.10,-11,2.80,1.70,-0.10,,,,,,,2.90,3.20,,2.40,3,2.40,2.63,,,,,,,,2.60,2.10,2.20,1.40,0.50,,,,,2.80,,2,1.40,4.50,6,,,,1.80,,,0.30,,,4.30,3.80,3.40,3.50,3.90,1,
2008-12-23 12:00,3.30,2.89,0.03,2.13,-0.90,2.63,1.57,2.20,-2.86,1.64,-0.44,0.05,-4.32,-1.14,-1.28,-0.70,-2.40,-5.77,-0.80,-3.51,-5.48,-5.59,-1.57,,3.07,2.80,1.68,-0.03,2.04,0.30,0.55,1.99,-6.09,-0.04,0.18,-0.22,-0.31,0.19,-3.44,0.62,-8.30,-9.43,-7.47,2.50,-2.50,2.32,0.20,0.64,0.77,-0.71,-0.42,1.77,1.06,1.93,-0.48,-0.30,-0.48,0.10,0.18,0.12,-1.22,-1.10,-2.09,-6.58,-2.21,-4.25,4.17,1.67,0.60,-1.53,1.51,1.21,4.52,0.82,1.65,4.51,4.10,2.76,3.30,4.13,3.15,3,3.73,1.18,4.02,0.99,2.56,2.90,4.14,2.49,-1.16,2.74,3.78,2.90,2.25,2.32,0.92,2.30,1.37,1.17,0.28,1.56,5.16,4.12,3.59,4.40,3.53,2.70,2.03,2.03,2.97,0.69,4.05,3.09,3.29,0.55,2.30,2.21,1.84,1.79,0.70,0.91,0.94,1.01,3.37,3.30,3.50,3.51,3.60,1.75,0.80,2,-3.20,-11,2.60,2,-0.30,1.40,3.20,-5.70,2.80,4.20,3.60,2.80,3.20,3.20,2.30,3,2.20,2.50,0.80,4.50,5.50,4.30,5.20,3.80,3.90,2.50,2.40,2.20,1.40,0.70,6.30,5.20,4.30,3.20,2.80,2.70,1.90,1.40,4.40,6,3.80,,4.40,1.80,0.30,2.50,0.40,4.40,3.70,4.30,3.80,3.40,3.50,3.70,0.80,0.80
2008-12-23 12:10,3.30,2.87,0.05,2.14,-0.80,2.62,1.75,2.30,-3.05,1.57,-0.43,0.05,-4.28,-1.04,-1.21,-0.80,-2.25,-5.79,-0.70,-3.37,-5.44,-5.57,-1.50,,2.97,2.86,1.65,-0.18,1.80,0.20,0.08,1.50,-6.15,0.06,0.40,0.09,-0.07,0.33,-3.58,0.66,-8.30,-9.32,-7.18,2.17,-2.50,2.55,0.20,0.84,0.78,-0.72,-1.06,1.76,1.01,1.56,-0.63,-0.51,-0.24,-0.30,-0.01,0.07,-1.48,-1.20,-2.40,-6.56,-2.20,-4.33,3.97,1.76,0.50,-1.55,1.56,1.08,4.58,0.86,1.56,4.45,4.10,2.81,3.40,4.35,3.23,3.10,3.25,1.14,3.99,0.98,2.53,2.50,3.40,3.16,-1.26,2.62,2.97,2.90,2.39,2.21,0.86,2.20,1.37,1.30,0.09,1.49,5.20,4.36,3.82,4.42,3.91,2.70,2.08,2.18,2.94,0.77,4.19,3.05,3.39,0.74,2.30,2.19,1.60,1.63,0.80,1.02,0.89,0.89,3.30,3.10,3.50,3.55,3.20,-0.11,0.60,,-3.10,-11.10,2.50,2.10,-0.50,,,,,,,2.80,3.20,,2.20,3.20,1.70,2.71,,,,,,,,2.70,2.20,2.20,1.40,0.70,,,,,2.80,,1.80,1.40,4.40,6,3.80,,,1.70,,,0.60,,,4.30,3.70,3.40,3.50,3.70,0.90,
2008-12-23 12:20,3.30,2.84,-0.01,2.02,-0.90,2.48,1.88,2.40,-2.97,1.74,-0.37,-0.07,-4.30,-1.11,-1.27,-0.77,-2.29,-5.77,-0.80,-3.48,-5.36,-5.44,-1.74,,1.37,2.96,1.96,-0.17,1.88,0.20,-1.48,1.20,-6.22,0.07,0.64,0.17,0.20,0.42,-3.67,0.57,-8.40,-9.17,-7.22,1.09,-2.30,2.38,0.20,0.80,0.30,-0.54,-1.23,1.62,0.97,1.79,-0.56,-0.83,-0.17,-0.10,-0.42,0.09,-1.64,-1.20,-2.47,-6.58,-2.18,-4.39,3.79,1.96,0.60,-1.47,1.60,1.09,4.81,1.08,1.73,4.95,4.10,2.90,3.47,4.24,3.09,3.40,3.06,1.23,3.83,0.99,2.44,2,2.89,3.46,-1.26,2.45,3.01,2.80,2.28,2.81,0.84,2.02,1.34,1.48,-0.09,1.48,5.09,4.59,3.85,4.39,3.98,2.70,2.12,2.04,2.96,0.86,4.23,2.90,3.39,0.61,2.20,2.34,1.51,1.75,0.80,1.06,0.93,0.82,3.33,3.08,3.50,3.05,3.20,-0.28,0.60,,-3.10,-11.20,1.80,1.50,-0.40,,,,,,,2.80,3.20,,2.20,3.40,1.70,2.84,,,,,,,,2.50,2.30,2.10,1.60,0.80,,,,,2.90,,1.80,1.50,4.40,5.90,3.70,,,0.60,,,0.70,,,4.30,3.60,3.30,3.50,3.40,1,
2008-12-23 12:30,3.30,2.85,-0.01,2.07,-1,2.17,1.99,2.40,-2.97,1.56,-0.25,0.02,-4.36,-1.05,-0.78,-0.55,-2.36,-5.81,-1,-3.53,-5.37,-5.19,-1.98,,0.36,3.01,1.88,-0.06,1.78,0.10,-0.77,1.25,-6.17,0.21,0.55,0.17,0.65,0.62,-3.47,-0.72,-8.40,-9.44,-7.27,1.11,-2.20,2.29,0.10,0.80,-0.01,-0.53,-1.08,1.78,0.92,2.01,-0.55,-0.85,-0.07,-0.60,-0.74,-0.18,-1.35,-1.30,-2.11,-6.73,-2.31,-4.30,3.82,1.91,0.50,-1.44,1.64,1.31,4.88,1.12,1.94,5.05,4.10,2.94,3.55,4.69,3.08,3.40,2.52,1.27,3.61,0.97,2.57,2,3.07,3.51,-1.25,2.38,2.32,2.80,2.33,3.17,0.84,2.01,1.39,1.60,0.09,1.52,5.10,4.28,3.58,4.39,3.70,2.70,2.01,2.07,2.86,0.85,4.18,2.84,3.34,0.84,2.20,2.46,1.04,1.77,0.90,1.17,0.76,0.91,3.36,3.02,3.60,2.69,3.20,-0.28,0.60,,-3.10,-11.20,1.80,0.90,-0.30,,,,,,,3.10,3.40,,2.10,3.10,1.70,2.65,,,,,,,,2.20,2.20,2.10,1.50,1,,,,,2.70,,1.90,1.60,4.40,5.80,4.10,,,0.60,,,0.70,,,4.40,3.60,3.20,3.50,3.20,1.20,
2008-12-23 12:40,3.30,2.85,-0.10,2.01,-1.10,2.33,1.96,2.40,-2.85,1.73,-0.13,0.10,-4.20,-0.89,-0.51,-0.61,-2.23,-5.72,-0.70,-3.62,-5.35,-5.33,-1.98,,1.02,2.92,1.85,-0.12,1.49,0.10,-1.25,1.22,-6.16,0.07,0.50,0.24,0.91,0.70,-3.40,-1.04,-8.30,-9.47,-7.09,0.93,-2.30,2.36,0.60,0.55,-0.21,-0.41,-1.19,2.03,0.86,2.05,-0.69,-0.86,-0.10,-0.50,-0.55,-0.30,-1.40,-1.30,-1.89,-6.81,-2.39,-4.31,3.85,1.92,0.50,-1.45,1.63,1.25,4.69,1.26,2.10,5.09,4.10,2.94,3.54,4.39,3.21,3.20,2.58,1.24,3.44,0.99,2.61,1.90,3.22,3.40,-1.34,2.24,1.87,2.70,2.34,3.24,0.82,2.08,1.36,1.66,0.23,1.30,5.07,4.17,3.55,4.31,3.77,2.70,1.99,1.99,2.77,0.75,3.99,2.62,3.34,1.04,2.30,2.48,0.10,1.79,1,0.96,0.75,0.87,3.31,2.96,3.60,3.10,3.35,-0.26,0.60,,-3.10,-11.20,2,0.20,0.10,,,,,,,2.70,3.40,,2.20,2.70,1.70,2.71,,,,,,,,2.60,2.20,2.20,1.30,1.20,,,,,2.70,,1.90,1.60,4.50,5.70,4.30,,,0.20,,,0.70,,,4.40,3.60,3.20,3.50,3.20,1.30,
2008-12-23 12:50,3.30,2.79,-0.05,2.04,-1.10,2.45,2.05,2.40,-2.74,1.85,-0.02,0.02,-4.31,-0.80,-0.39,-0.59,-2.32,-5.73,-0.30,-3.64,-5.40,-5.30,-2.06,,1.37,2.93,1.81,-0.32,1.53,0.20,-0.74,1.70,-6.18,-0.02,0.35,0.34,0.83,0.76,-3.39,-1.47,-8.20,-9.30,-7.22,0.96,-2.20,2.22,0.70,0.71,-0.21,-0.53,-1.32,1.96,0.91,2,-0.65,-0.79,0.08,-0.80,-0.21,-0.20,-1.40,-1.30,-1.99,-6.75,-2.48,-4.38,3.86,1.81,0.50,-1.50,1.64,1.35,4.60,1.27,2.28,5.10,4,2.89,3.28,3.89,3.21,3.10,2.29,1.18,3.55,0.98,2.53,1.90,3.12,3.40,-1.37,2.17,1.63,2.70,2.24,3.02,0.80,2.13,1.35,1.64,-0.04,1.16,4.89,4.25,3.46,4.17,3.71,2.70,2.06,1.80,3,0.68,3.75,2.51,3.29,1.26,2.30,2.45,-0.11,1.79,1,0.99,0.80,0.87,3.31,2.98,3.50,3.14,2.96,-0.22,0.50,,-3,-11.20,-0.40,0.60,0,,,,,,,2.40,3.30,,2.30,2.70,1.50,2.90,,,,,,,,2.40,2.30,2.20,1.20,1.20,,,,,2.50,,2,1.40,4.40,5.50,4.20,,,0.10,,,0.70,,,4.40,3.40,3,3.40,3.30,1.30,
2008-12-23 13:00,3.30,2.73,0.02,1.98,-1.10,2.42,2.07,2.30,-2.64,1.87,-0.07,0.18,-4.41,-0.80,-0.46,-0.64,-2.27,-5.73,0,-3.61,-5.34,-5.09,-1.91,,1.86,2.83,2.02,-0.49,1.42,0.30,-0.44,1.76,-6.21,0.09,0.19,0.06,0.38,0.72,-3.19,-1.28,-8.10,-9.29,-7.23,0.77,-2.20,2.01,0.40,0.37,-0.22,-0.52,-1.39,1.87,0.85,1.69,-0.85,-0.82,0.12,-0.70,0.03,-0.09,-1.43,-1.30,-1.99,-6.72,-2.46,-4.73,3.74,1.74,0.50,-1.59,1.70,1.33,4.63,1.33,2.41,5.05,4.20,2.76,3,3.68,3.08,3,2.15,1.38,3.67,0.99,2.39,2,3.04,3.17,-1.28,2.27,1.90,2.60,2.10,2.95,0.76,2.18,1.34,1.65,0.19,1.20,4.76,4.13,3.59,4.05,3.72,2.60,2.30,1.67,3.41,0.74,3.74,2.50,3.25,1.20,2.20,2.32,0.27,1.70,1.10,1.10,0.84,0.91,3.21,2.98,3.50,2.91,2.89,-0.24,0.50,2.10,-2.90,-11.30,0.30,1,-0.10,1.30,3.60,-5.70,3.20,5,3.60,2.30,3.30,2.90,2.10,2.40,1.40,2.20,1.10,4.80,5.40,4.70,5.20,3.40,3.30,2.30,2.40,2.10,1.20,1.10,5.70,5.10,4.30,3.20,2.50,2.40,1.80,1.50,4,5.30,4.10,3.30,3.30,0.50,0.20,2.10,0.50,4.20,3.30,4.40,3.40,3,3.30,3.30,1.40,0.60
2008-12-23 13:10,3.30,2.66,0.09,1.56,-1.40,2.28,2.18,2.50,-2.67,1.97,-0.07,0.29,-4.33,-0.74,-0.42,-0.78,-2.16,-5.80,-0.10,-3.44,-5.22,-5.06,-1.38,,2.48,2.65,2.02,-0.46,1.61,0.40,-0.79,2.08,-6.23,0.01,-0.13,-0.65,0.14,0.15,-3.04,-0.49,-8.20,-9.16,-7.16,0.26,-2.20,1.99,0.50,0.30,-0.28,-0.49,-1.47,1.85,0.68,1.69,-0.89,-0.81,0.10,-0.50,-0.10,-0.11,-1.57,-1.20,-2.24,-6.82,-2.47,-4.88,3.74,1.73,0.50,-1.48,1.85,1.36,4.61,1.48,2.50,5.12,4.60,2.80,2.90,3.55,2.96,2.90,2.30,1.72,4.10,1.01,2.20,2.10,3.02,3.07,-1.36,2.30,2.04,2.50,1.96,2.74,0.73,2.14,1.27,1.60,0.32,1.30,4.66,4.23,3.60,3.92,3.65,2.40,2.26,1.72,3.12,0.75,3.78,2.58,3.08,0.90,2.10,2.22,0.42,1.39,1.10,1.06,0.85,0.92,3.01,3.05,3.30,2.94,3.04,-0.02,0.40,,-2.80,-11.30,1,1.50,-0.40,,,,,,,2.30,3.20,,2.10,2.40,1.50,1.74,,,,,,,,2.30,2.30,2.20,1.10,1.10,,,,,2.50,,1.80,1.50,4,5.30,4.20,,,0.50,,,0.60,,,4.40,3.40,2.90,3.30,3.30,1.40,
2008-12-23 13:20,3.20,2.73,-0.08,1.52,-1.50,2.29,2.16,2.60,-2.65,2,-0.05,0.03,-4.33,-0.76,-0.33,-0.79,-2.13,-5.70,-0.30,-3.14,-5.15,-5.46,-1.10,,3,2.68,1.82,-0.40,1.59,0.40,-0.43,2.08,-6.31,0.03,-0.47,-1.50,0.72,-1.08,-3.09,-0.62,-8.10,-9.11,-7,0.50,-2.30,1.75,0.50,0.44,-0.14,-0.31,-1.68,1.76,0.65,1.76,-0.94,-0.91,0.02,-0.50,-0.15,-0.04,-1.76,-1.30,-2.47,-6.81,-2.58,-4.67,3.95,1.75,0.50,-1.53,1.80,1.39,4.59,1.54,2.37,5.22,4.50,2.75,3,3.53,2.94,2.80,2.32,1.78,4.05,1.04,1.91,2.10,3.19,3.04,-1.13,2.25,2.23,2.30,2.02,2.65,0.50,2.13,1.22,1.50,0.37,1.33,4.59,4.12,3.42,3.87,3.37,2.40,2.06,1.25,2.48,0.62,3.96,2.69,2.98,0.50,2.20,2.35,0.34,1.13,1,0.91,0.83,0.81,2.87,3,3.30,2.98,3.28,-0.05,0.40,,-2.80,-11.30,1.10,1.50,-0.40,,,,,,,2.30,3.30,,2,2.30,1.60,1.44,,,,,,,,2.20,2.10,2.30,1.10,1.10,,,,,2.40,,1.70,1.40,3.80,5.30,4,,,0.50,,,0.60,,,4.20,3.30,2.80,3.20,3.10,1.40,
2008-12-23 13:30,3.20,2.80,0,1.83,-1.40,2.25,2.06,2.60,-2.73,2.02,0.05,-0.02,-4.37,-0.79,-0.32,-0.70,-2.07,-5.84,-0.40,-3.16,-5.15,-5.32,-1.14,,3.04,2.62,1.79,-0.40,1.46,0.40,-0.64,1.99,-6.30,0.14,-0.60,-1.03,0.79,-1.15,-3.04,-0.89,-8.10,-9.08,-6.97,0.59,-2,1.56,0.20,0.55,-0.28,-0.22,-1.83,1.65,0.33,1.73,-0.88,-0.85,-0.03,-0.30,-0.71,-0.22,-1.83,-1.40,-2.52,-6.79,-2.63,-4.57,4.07,1.76,0.50,-1.60,1.74,1.44,4.55,1.58,2,4.97,4.40,2.77,3,3.69,2.91,2.80,2.19,1.56,3.94,1.05,1.74,2.30,3.06,2.96,-1.25,2.24,2.04,2.30,1.87,2.60,0.56,2.03,1.19,1.37,0.54,1.32,4.58,3.96,3.10,3.90,3.26,2.40,1.80,-0.14,2.18,0.55,3.82,2.60,3.01,0.86,2.20,2.26,0.22,1.05,0.90,0.84,0.82,0.77,2.94,2.85,3.20,3.09,3.24,0.06,0.40,,-2.70,-11.30,1.90,1.40,-0.40,,,,,,,2.30,3.20,,1.90,2.10,1.50,1.42,,,,,,,,2.10,2.10,2.30,1.10,1,,,,,2.30,,0.80,1.50,3.80,5.20,3.80,,,0.50,,,0.40,,,4.10,3.30,2.60,3.10,3.10,1.40,
2008-12-23 13:40,3.20,2.92,0.14,1.86,-1.30,2.12,2.07,2.50,-2.65,1.99,0.15,-0.08,-4.53,-0.77,-0.36,-0.59,-2.13,-5.76,-0.40,-3.28,-5.17,-5.45,-1.30,,2.94,2.51,1.83,-0.40,1.17,0.30,-0.42,2.02,-6.14,0.19,-0.10,-0.41,0.86,-0.95,-3.03,-0.66,-8,-9.15,-7.01,0.76,-1.90,1.47,0.10,0.38,-0.48,-0.23,-1.43,0.69,0.50,1.69,-0.93,-0.89,-0.08,-0.20,-0.56,-0.26,-1.75,-1.40,-2.60,-6.81,-2.67,-4.68,4.01,1.66,0.50,-1.57,1.63,1.61,4.49,1.46,2.25,4.71,4.30,2.32,2.90,3.27,2.65,2.80,2.17,1.51,3.90,1.04,1.68,2.20,3.16,2.90,-1.31,2.13,1.95,2.20,1.84,2.59,0.63,1.92,1.19,1.34,0.63,1.38,4.42,3.91,2.98,3.71,3.05,2.30,1.34,-0.14,2.14,0.48,3.82,2.44,2.96,0.81,2.10,2.22,0.30,0.95,0.80,0.79,0.72,0.39,2.64,2.75,3.10,3.24,3.21,0.05,0.40,,-2.80,-11.30,2.60,1.10,-0.30,,,,,,,2.30,3.10,,1.80,2.40,1.50,1.54,,,,,,,,2.10,1.80,2.20,1.10,1.10,,,,,2.10,,0.10,1.50,3.60,5.10,3.60,,,0.60,,,0.20,,,4,3.30,2.40,3,2.70,1.20,
2008-12-23 13:50,3.20,3.07,0.14,2.01,-1.20,2,2.13,2.50,-2.71,1.88,-0.14,-0.03,-4.66,-0.75,-0.26,-0.71,-2.16,-5.69,-0.50,-3.65,-5.17,-5.81,-1.21,,2.98,2.47,1.74,-0.35,1.04,0.40,-0.41,2.02,-6.13,0.13,0.04,-0.13,1.03,-0.43,-3.05,-0.50,-8.10,-9.22,-6.99,1.06,-1.90,1.34,0.40,0.30,-0.35,-0.25,-1.43,0.53,0.66,1.60,-1.08,-0.84,-0.14,-0.10,-0.49,-0.27,-1.68,-1.40,-2.53,-6.82,-2.67,-4.68,3.89,1.56,0.40,-1.64,1.50,1.55,4.36,1.18,2.24,4.68,4.30,1.04,2.80,3.32,2.48,2.70,2.19,1.32,3.93,1.01,1.60,2,3.06,2.69,-1.26,1.98,2.25,2.30,1.75,2.47,0.59,1.79,1.17,1.41,0.49,1.36,4.53,3.90,2.86,3.35,2.94,2.30,0.89,0,2.19,0.47,3.83,2.25,2.72,0.62,2,2.02,0.11,0.76,0.80,0.78,0.56,0.49,2.62,2.64,3.10,3.21,3.21,-0.09,0.30,,-2.90,-11.30,2.60,1.10,-0.30,,,,,,,2.20,3.10,,1.70,2.30,1.50,1.52,,,,,,,,2.30,1.80,2,1,1.10,,,,,1.90,,0.10,1.40,3.50,4.90,,,,0.50,,,0.30,,,3.90,3.20,2.30,3,3,0.90,
2008-12-23 14:00,3.20,2.95,0.11,1.93,-1.20,2.16,1.94,2.40,-2.74,1.92,-0.08,-0.01,-4.88,-0.62,-0.30,-0.68,-2.39,-5.61,-0.40,-3.52,-5.09,-5.98,-1.07,,2.87,2.45,1.74,-0.23,0.90,0.50,-0.48,1.99,-6.19,-0.18,0.17,-0.01,1.12,-0.01,-3.05,-0.33,-8.20,-9.27,-7.09,1.62,-1.90,1.28,0.50,0.35,-0.33,-0.32,-1.49,0.78,0.52,1.44,-1.12,-0.92,-0.29,-0.10,-0.33,-0.22,-1.67,-1.30,-2.50,-6.92,-2.72,-4.62,3.62,1.54,0.30,-1.63,1.40,1.55,4.31,1.25,2.44,4.71,4.10,0.85,2.80,3.22,2.39,2.50,2.09,1.16,3.67,1.04,1.63,1.80,2.83,2.63,-1.23,1.79,1.97,2.20,1.62,2.34,0.64,1.81,1.15,1.51,0.34,1.30,4.45,3.87,2.55,3.06,2.92,2.20,0.89,0.11,2.10,0.39,3.83,2.15,2.50,0.51,1.80,1.93,-0.10,0.83,0.60,0.63,0.53,0.36,2.57,2.56,3.10,3.22,3.35,0.01,0.20,2,-3.10,-11.30,2.50,1,-0.20,1,3.30,-5.90,3.40,4,3,2.20,3.20,2.70,1.30,2.30,1.50,1.80,0.90,4.50,5.10,4.30,4.90,2.50,2.60,2.10,1.60,1.90,1,1,5.10,4.50,3.50,2.60,1.80,1.10,0.10,1.30,3.40,4.70,3.30,2.20,2.90,0.60,0.20,1.60,0.40,3.80,3.40,3.90,3.20,2.10,2.90,3.20,0.40,0.40
2008-12-23 14:10,3.10,2.85,0.15,1.80,-1.36,2.17,1.78,2.50,-2.89,1.89,-0.06,-0.02,-5.27,-0.65,-0.35,-0.62,-2.45,-5.89,-0.70,-3.43,-5.22,-5.92,-0.99,,2.90,2.46,1.61,-0.26,0.94,0.40,-0.31,2.10,-6.40,-0.23,0.26,0.07,1.16,0.20,-3.13,-0.09,-8.20,-9.20,-7.13,1.46,-1.90,1.24,0.60,0.44,-0.67,-0.27,-1.49,1.18,-0.04,1.12,-1.10,-0.91,-0.23,-0.10,-0.27,-0.25,-1.63,-1.40,-2.52,-6.88,-2.67,-4.60,3.57,1.53,0.30,-1.67,1.40,1.59,4.23,1.48,2.40,4.53,4,0.93,2.69,3.23,2.21,2.40,2.04,0.93,3.65,0.92,1.59,1.80,2.64,2.39,-1.42,1.71,1.71,2.10,1.49,2.26,0.68,1.77,1.15,1.47,0.50,1.28,4.32,3.86,2.46,2.78,2.76,2.20,0.29,0.20,1.94,0.35,3.82,2.13,2.39,0.59,1.60,1.82,-0.42,0.60,0.60,0.64,0.54,0.38,2.25,2.67,2.90,3.34,3.27,-0.09,0.20,,-2.80,-11.30,2.30,0.90,-0.30,,,,,,,2.10,3.20,,1.30,2.30,1.60,1.39,,,,,,,,2.10,1.50,1.60,1,1,,,,,1.80,,0.10,1.30,3.40,4.70,3.30,,,0.60,,,0.50,,,3.90,3.10,1.90,2.90,3.20,0.40,
2008-12-23 14:20,3.10,2.64,0.15,1.84,-1.35,1.93,1.53,2.40,-3.02,1.99,-0.08,-0.06,-5.27,-0.77,-0.30,-0.78,-2.44,-6.01,-0.50,-3.35,-5.29,-5.48,-1.18,,2.81,2.40,1.55,-0.54,1.07,0.20,-0.29,1.92,-6.66,-0.36,0.06,-0.16,1.05,0.19,-3.18,-0.22,-8.30,-9.23,-7.20,1.50,-2.40,1.22,0.60,0.37,-0.77,-0.12,-1.56,1.11,-0.06,1.01,-1.52,-0.80,-0.29,-0.20,-0.35,-0.15,-1.60,-1.40,-2.69,-6.88,-2.67,-4.54,3.54,1.60,0.30,-1.67,1.35,1.45,4.18,1.37,2.42,4.42,3.80,1.36,2.70,3.05,1.98,2.20,1.85,0.81,3.47,0.79,1.67,1.60,2.48,2.28,-1.57,1.59,1.61,2,1.54,2.30,0.46,1.79,1.07,1.47,0.46,1.24,4.20,3.90,2.18,2.76,2.58,2,-0.46,0.46,1.84,0.34,3.60,2.06,2.28,0.75,1.40,1.73,-0.51,0.48,0.60,0.20,0.51,0.54,2.08,2.74,2.80,3.32,2.96,-0.22,0.10,,-2.70,-11.40,2.20,0.80,-0.40,,,,,,,1.90,3,,1.30,2.20,1.60,1.40,,,,,,,,2.10,1.70,1.70,1,1,,,,,1.60,,0.20,1.30,3.30,4.50,3.10,,,0.40,,,0.50,,,3.90,3.20,1.70,2.90,3.10,0.30,
2008-12-23 14:30,3.10,2.53,0.18,1.80,-1.30,1.65,1.43,2.20,-3.30,1.67,-0.26,-0.24,-5.30,-0.77,-0.48,-0.76,-2.46,-6.02,-0.40,-3.32,-5.27,-5.43,-1.16,,2.77,2.26,1.41,-0.74,1.07,0.10,-0.01,1.70,-6.80,-0.46,-0.08,-0.35,1,0.12,-3.32,0.04,-8.30,-9.38,-7.65,1.42,-2.50,1.11,0.40,0.42,-0.66,-0.01,-1.62,1.20,-0.01,0.98,-1.74,-0.96,-0.56,-0.30,-0.35,-0.33,-1.76,-1.40,-2.74,-6.87,-2.73,-4.41,3.53,1.56,0.30,-1.67,1.24,1.34,4.18,1.44,2.54,4.38,3.70,1.81,2.70,2.92,1.91,2,1.74,0.70,3.03,0.69,1.77,1.80,2.38,2.06,-1.60,1.55,1.50,1.90,1.58,2.17,0.48,1.77,0.98,1.39,0.33,1.15,4.33,3.84,2.14,2.58,2.15,1.90,-0.51,0.62,1.61,0.33,3.38,1.72,1.86,0.84,1.20,1.65,-0.41,0.40,0.60,0.19,0.60,0.55,2.01,2.64,2.80,3.32,3.11,-0.14,0.20,,-2.70,-11.40,2.30,0,-0.50,,,,,,,1.70,2.60,,1.10,2,1.40,1.43,,,,,,,,2,1.60,1.80,1,1,,,,,1.60,,0.40,1.30,3.20,4.20,2.80,,,0.50,,,0.50,,,3.80,3.10,1.50,2.90,3,0.30,
2008-12-23 14:40,3,2.39,0.18,1.74,-1.40,1.44,1.35,2,-3.46,1.50,-0.46,-0.22,-5.22,-0.87,-0.50,-0.82,-2.48,-5.93,-0.50,-3.33,-5.40,-5.90,-1.17,,2.46,2.09,1.42,-0.84,1.10,0,0.19,1.66,-6.84,-0.51,-0.25,-0.25,0.87,0,-3.35,0.03,-8.20,-9.57,-7.63,1.23,-2.30,1.24,0.20,0.37,-0.48,0.01,-1.46,1.07,-0.06,0.92,-1.66,-1.02,-0.70,-0.50,-0.32,-0.82,-1.89,-1.50,-2.83,-6.91,-2.63,-4.64,3.37,1.50,0.30,-1.69,1.22,1.36,4.08,1.33,2.37,4.27,3.70,2.13,2.70,2.87,1.71,1.90,1.52,0.48,2.78,0.61,1.67,1.80,2.20,1.82,-1.56,1.62,1.46,1.60,1.62,2.26,0.43,1.79,0.94,1.32,0.41,1.15,4.09,3.67,1.96,2.25,2.04,1.70,-0.39,0.82,1.39,0.29,3.38,1.72,1.82,0.80,1.10,0.99,-0.50,0.23,0.60,0.33,0.51,0.50,1.83,2.45,2.70,3.27,3.44,0.02,0.20,,-3.10,-11.40,2.40,0.40,-0.70,,,,,,,1.50,2.40,,1,2,1.30,1.36,,,,,,,,1.90,1.60,1.60,0.90,1.10,,,,,1.60,,0.60,1.30,3.10,4.10,2.60,,,0.20,,,0.20,,,3.70,3.10,1.40,2.80,3,0.30,
2008-12-23 14:50,2.80,2.28,0.06,1.70,-1.40,1.14,1.17,2,-3.57,1.45,-0.51,-0.30,-5.27,-0.99,-0.57,-0.86,-2.45,-5.87,-0.50,-3.43,-5.48,-5.79,-1.15,,2.37,1.94,1.49,-0.93,1.11,0,0.20,1.49,-6.87,-0.62,-0.22,-0.27,0.66,-0.03,-3.30,0.06,-8.30,-9.47,-7.28,1.25,-2,1.14,0,0.24,-0.63,-0.17,-1.33,1.27,0,0.90,-1.72,-1.18,-0.75,-0.70,-0.47,-1.11,-2.13,-2,-3.06,-7.01,-2.65,-4.76,3.27,1.38,0.30,-1.68,1.20,1.31,3.96,1.28,2.38,4.16,3.80,2.23,2.60,2.65,1.51,1.60,1.31,0.30,2.61,-0.33,1.51,1.70,2.06,1.80,-1.55,1.50,1.53,1.60,1.65,2.13,0.34,1.65,0.86,1.37,0.53,1.15,4.12,3.45,1.75,2.03,1.79,1.70,-0.64,0.78,0.93,0.31,3.29,1.68,1.87,0.80,1,0.19,-0.50,0.40,0.60,0.31,0.57,0.38,1.52,2.43,2.70,3.21,3.33,-0.19,0.20,,-2.90,-11.40,2.20,0.40,-0.80,,,,,,,1.40,2.20,,1,1.80,0.70,1.32,,,,,,,,1.70,1.50,1.60,0.80,1.10,,,,,1.70,,0.90,1.30,3.10,4.10,2.50,,,0.20,,,0.20,,,3.70,3.20,1.20,2.80,3,0.30,
2008-12-23 15:00,2.60,2.26,0.08,1.55,-1.50,1.04,1.19,1.90,-3.63,1.35,-0.58,-0.40,-5.38,-1.16,-0.58,-0.88,-2.55,-5.84,-0.60,-3.44,-5.41,-5.52,-1.13,,2.21,1.73,1.38,-0.98,1,0,0.13,1.37,-6.91,-0.66,-0.17,-0.50,0.70,-0.16,-3.23,-0.08,-8.30,-9.49,-7.38,1.34,-2.20,1.14,0,0.13,-0.29,-0.37,-1.10,1.20,0.04,0.94,-1.63,-1.23,-0.95,-0.90,-0.62,-1.12,-2.13,-2.20,-3.12,-7,-2.87,-4.81,3.25,1.41,0.30,-1.77,1.05,1.29,3.88,1.31,2.28,4.19,3.60,2.19,2.50,2.53,1.16,1.60,1.29,0.41,2.55,-0.83,1.48,1.60,1.88,1.94,-2.09,1.37,1.57,1.40,1.65,2.09,0.31,1.78,0.84,1.33,0.47,0.98,3.97,3.12,1.74,1.88,1.72,1.50,-0.30,0.65,0.84,0.29,3.35,1.60,1.60,0.68,0.90,-0.04,-0.54,0.36,0.50,0.12,0.49,0.50,1.50,2.47,2.70,3.23,3.05,-0.18,0.20,1.60,-2.90,-11.50,2.30,0.40,-0.60,0.80,2.80,-6.20,3.30,3.10,2.50,1.30,2.20,2.10,0.90,1.60,0.70,1.60,,3.60,4.50,3.10,4.50,1.40,1.60,1.60,1.60,1.50,0.80,0.90,3.90,3.20,2.10,1.70,1.70,0.90,1.10,1.30,3,3.70,2.20,1.10,2,0.30,0.10,0.80,0.20,3.60,3,3.60,3,1.10,2.90,3,0.40,0.30
2008-12-23 15:10,2.40,2.23,-0.08,1.55,-1.60,1.03,1.20,2,-3.60,1.21,-0.64,-0.52,-5.42,-1.26,-0.70,-0.88,-2.63,-6.01,-0.70,-3.45,-5.33,-5.58,-1.40,,2.04,1.56,1.39,-1.13,1.01,0,-0.10,1.30,-6.97,-0.73,-0.38,-0.56,0.74,-0.19,-3.51,0.14,-8.30,-9.41,-7.54,1.35,-2.60,1.12,0.10,0.03,-0.72,-0.32,-1.06,1.18,0.09,0.87,-1.59,-1.30,-1.06,-1.30,-0.76,-0.95,-2.14,-2.10,-3.09,-6.96,-3.03,-4.76,3.15,1.35,0.30,-1.81,1.14,1.28,3.83,1.34,2.30,3.83,3.50,2.23,2.38,2.45,1.08,1.50,1.15,0.14,2.49,-1.05,1.38,1.60,1.82,1.95,-2.50,1.41,1.53,1.50,1.60,2.18,0.37,1.83,0.90,1.30,0.42,0.91,3.96,2.95,1.65,1.89,1.69,1.60,-0.08,0.26,0.76,0.25,3.22,1.45,1.38,0.69,0.90,0.08,-0.67,0.24,0.40,0.22,0.58,0.67,1.42,2.44,2.70,3.26,3.12,-0.01,0.20,,-3,-11.50,2.10,0.50,-0.80,,,,,,,1,2.10,,0.80,1.40,0.90,1.26,,,,,,,,1.50,1.40,1.30,0.80,0.90,,,,,1.70,,1,1.20,3.10,3.70,2.20,,,0.30,,,0.20,,,3.70,3,1,2.90,3,0.40,
2008-12-23 15:20,2.20,2.22,-0.09,1.57,-1.60,1.20,1.06,2,-3.56,1.04,-0.58,-0.70,-5.35,-1.28,-0.52,-1.05,-2.74,-5.99,-0.80,-3.68,-5.35,-5.81,-1.43,,1.78,1.63,1.28,-1.07,0.94,-0.20,-0.23,1.51,-6.95,-0.76,-0.30,-0.52,0.48,-0.25,-3.83,-0.07,-8.30,-9.35,-7.39,1.28,-2.80,1.14,-0.40,-0.16,-0.57,-0.31,-1.23,1.22,0.17,0.76,-1.58,-1.27,-0.89,-1.20,-0.84,-0.88,-2.10,-2.10,-3.11,-7.10,-3.04,-4.67,3.18,1.27,0.20,-1.80,1.03,1.26,3.66,1.34,2.28,3.69,3.50,2.26,2.23,2.27,1.13,1.40,1.22,-0.08,2.33,-1.01,1.28,1.50,1.74,1.95,-2.52,1.23,1.37,1.40,1.64,2.06,0.34,1.74,0.79,1.07,0.43,0.89,3.71,2.86,1.70,1.55,1.43,1.50,0.11,-0.08,0.54,0.16,3.11,1.35,1.07,0.84,1,-0.02,-0.70,0.46,0.30,0.27,0.45,0.64,1.34,2.30,2.70,3.13,3.06,-0.06,0.20,,-3.10,-11.50,2.10,0.60,-0.80,,,,,,,0.90,2,,0.80,1.30,0.70,1.23,,,,,,,,1.40,1.30,1.10,0.80,0.80,,,,,1.70,,0.90,1.10,3.10,3.60,2.10,,,0.20,,,0.30,,,3.60,2.90,0.90,2.90,2.90,0.30,
2008-12-23 15:30,2,2.22,-0.18,1.57,-1.50,1.21,0.92,2,-3.66,1.04,-0.64,-0.57,-5.25,-1.32,-0.57,-0.80,-2.70,-6.10,-1,-3.68,-5.48,-5.64,-1.46,,1.74,1.78,1.18,-1.13,0.83,-0.20,-0.27,1.61,-6.85,-0.56,-0.31,-0.60,0.67,-0.32,-3.63,0.08,-8.30,-9.27,-7.22,1.18,-2.50,1.15,-2,-0.22,-0.63,-0.73,-1.61,1.17,0.13,0.73,-1.56,-1.17,-0.75,-1.10,-0.87,-0.87,-2.07,-1.90,-3.08,-7.11,-3.01,-4.71,3.33,1.29,0.20,-1.91,1.04,1.05,3.61,1.33,2.24,3.49,3.40,2.25,2.25,2.01,1.12,1.30,0.98,-0.15,2.20,-0.83,1.14,1.40,1.43,1.79,-2.57,1.06,0.14,1.30,1.54,1.44,0.42,1.68,0.79,0.72,0.47,0.71,3.59,2.69,1.69,1.69,1.32,1.50,0.35,-0.28,0.46,0.13,3.06,1.22,0.99,0.94,1.10,0.05,-0.54,0.53,0.20,0.28,0.47,0.39,1.28,2.41,2.70,3.16,3.07,-0.04,0.10,,-3.10,-11.50,2,0.40,-0.70,,,,,,,0.90,1.90,,0.80,1.30,0.50,1.36,,,,,,,,1.30,1.20,0.90,0.80,0.70,,,,,1.70,,0.90,1.10,3,3.50,2,,,0.10,,,0.30,,,3.70,2.90,1.20,2.90,2.80,0.30,
2008-12-23 15:40,2,2.05,-0.13,1.42,-1.60,0.94,0.75,1.90,-3.92,1.09,-0.77,-0.72,-5.33,-1.44,-0.57,-1.08,-2.70,-6.24,-1,-3.73,-5.50,-5.64,-1.38,,1.67,1.71,1.09,-1.16,0.81,-0.10,-0.24,1.76,-6.86,-0.72,-0.36,-0.44,0.78,-0.10,-3.61,-0.04,-8.40,-9.44,-7.36,1.10,-2.40,1.05,-1.80,-0.49,-0.73,-1.07,-1.55,1.08,0.15,0.75,-1.52,-1.15,-0.84,-1.10,-0.74,-0.79,-2.10,-1.80,-3,-7.06,-2.95,-4.84,3.19,1.22,0.10,-1.93,0.92,0.98,3.51,1.26,2.18,3.41,3.20,2.21,2.17,2.09,1.08,1.20,1.04,-0.09,2.18,-0.26,1.11,1.40,1.37,1.84,-2.78,0.46,0.03,1.30,1.39,2.07,0.43,1.68,0.72,0.57,0.41,0.69,3.54,2.44,1.69,1.65,1.17,1.50,0.43,-0.39,0.52,0.28,2.92,1.16,0.87,1.09,1.20,-0.02,-0.52,0.50,0.20,0.33,0.49,0.55,1.14,2.42,2.70,3.19,3.06,-0.03,0.10,,-3.20,-11.50,1.80,0.10,-0.70,,,,,,,0.70,1.90,,0.70,1.30,0.20,1.46,,,,,,,,1.30,1.20,0.80,0.90,0.70,,,,,1.70,,0.80,1.10,3,3.40,1.90,,,-0.10,,,0.30,,,3.80,2.80,1,2.90,2.80,0.30,
2008-12-23 15:50,2,1.81,-0.11,1.20,-1.80,0.80,0.70,1.80,-3.86,1.11,-0.77,-0.76,-5.42,-1.56,-0.66,-1.04,-2.90,-6.31,-0.90,-3.65,-5.58,-5.98,-1.45,,1.59,1.53,0.96,-1.09,0.68,-0.10,-0.22,1.77,-6.93,-0.63,-0.27,-0.44,0.79,0.03,-3.70,-0.29,-8.30,-9.42,-7.50,1.19,-2.50,1,-1.50,-0.72,-0.67,-2.11,-1.47,1.04,0.16,0.82,-1.51,-1.20,-0.82,-1.20,-0.68,-0.72,-2.04,-1.80,-2.96,-7.08,-2.90,-4.84,2.96,1.13,0.10,-2.12,0.88,0.85,3.41,1.03,2.23,3.29,3.30,2.12,1.98,2.03,1.13,1.20,0.88,-0.22,2.04,0,1,1.40,1.48,1.72,-2.83,0.80,-0.52,0.50,1.29,1.66,0.32,1.75,0.63,0.56,0.41,0.75,3.12,2.35,1.72,1.80,1.32,1.60,0.04,-0.57,0.65,0.38,2.71,1.20,0.83,1.27,1.10,0.03,-0.50,0.47,0.30,0.46,0.49,0.52,0.82,2.47,2.70,3.22,3.19,0.08,0.10,,-3.30,-11.60,1.60,0.20,-0.60,,,,,,,0.60,1.80,,0.60,1.20,-0.10,1.36,,,,,,,,1.30,1.30,0.70,0.80,0.70,,,,,1.70,,0.80,1.10,2.80,3.20,1.70,,,-0.20,,,0.20,,,3.80,2.80,0.90,2.90,2.80,0.20,
2008-12-23 16:00,1.80,1.63,-0.16,1.09,-2,0.64,0.68,1.70,-3.84,1.23,-0.83,-0.67,-5.42,-1.46,-0.77,-1.26,-2.99,-6.39,-0.90,-3.48,-5.52,-5.77,-1.66,,1.65,1.44,1.09,-1.06,0.60,-0.20,-0.16,1.57,-6.98,-0.65,-0.24,-0.52,0.71,0,-3.62,-0.20,-8.40,-9.52,-7.50,1.21,-2.40,0.94,-1,-0.73,-0.77,-1.58,-1.52,1.05,0.16,0.80,-1.57,-1.16,-0.74,-1,-0.77,-0.58,-2.16,-1.80,-3,-7.07,-2.86,-4.79,2.96,1.05,0,-2.11,0.89,0.90,3.32,1,2.20,3.33,3.30,2.06,2.01,1.95,1.06,0.90,0.75,-0.27,1.85,-0.05,0.89,1.30,1.46,1.72,-2.61,0.89,-0.60,-0.30,1.13,1.89,0.43,1.65,0.62,-0.01,0.35,0.69,2.80,2.12,1.69,1.97,1.23,1.60,-0.19,-0.80,0.70,0.43,2.64,1.20,0.70,1.28,1.10,0.16,-0.49,0.43,0.20,0.53,0.40,0.34,0.51,2.50,2.70,3.26,3.18,-0.04,0.10,0.70,-3,-11.60,1.60,0.30,-0.60,0.70,2.40,-6.90,2.50,2.10,1.80,0.60,1.80,1.30,0.60,1.20,-0.10,1.40,0,2.70,3.70,2.20,3.50,1.20,0.80,1.20,1.40,0.50,0.70,0.70,3.30,2.10,1.10,1.30,1.80,0.50,0.70,1,2.80,2.80,1.50,0.20,0.70,-0.30,0,0.90,0.20,3.80,3.10,3.80,2.90,0.80,3,2.70,0.30,0.30
2008-12-23 16:10,1.60,1.47,-0.25,1.08,-1.90,0.66,0.63,1.70,-3.79,1.08,-0.77,-0.74,-5.50,-1.47,-0.79,-1.32,-3.03,-6.52,-0.90,-3.66,-5.76,-5.88,-1.60,,1.35,1.40,1.02,-1.18,0.62,-0.30,-0.06,1.59,-7,-0.71,-0.17,-0.67,0.43,-0.17,-3.55,-0.66,-8.50,-9.50,-7.53,1.06,-2.30,1,-0.60,-0.66,-0.77,-0.95,-1.37,1.10,0.06,0.91,-1.55,-1.12,-0.74,-1,-0.81,-0.52,-2.18,-1.70,-3.12,-7.12,-2.97,,2.79,1,-0.10,-2.17,0.83,0.94,3.25,1.03,2.13,3.23,3.10,2.06,2,1.69,0.87,0.98,0.77,-0.34,1.73,0,0.87,1.40,1.55,1.71,-2.50,0.97,-0.56,-0.80,0.39,1.28,0.39,1.56,0.69,-0.01,-0.07,0.69,2.63,1.95,1.44,1.86,1.34,1.60,-0.47,-0.78,0.62,0.41,2.74,1.07,0.60,1.38,1,0.14,-0.67,0.60,0.20,0.60,0.42,0.24,0.32,2.50,2.60,3.30,3.18,-0.03,0.10,,-3,-11.60,1.80,0.30,-0.80,,,,,,,0.50,1.70,,0.60,1.10,0,1.39,,,,,,,,1.20,1.40,0.50,0.70,0.80,,,,,1.80,,0.70,0.80,2.70,2.80,1.50,,,-0.30,,,0.10,,,3.90,2.90,0.90,3,2.80,0.30,
2008-12-23 16:20,1.50,1.20,-0.41,0.95,-2,0.62,0.61,1.60,-3.70,0.97,-0.63,-0.86,-5.54,-1.42,-0.74,-1.39,-3.10,-6.46,-1,-3.65,-5.82,-6.07,-1.39,,1.42,1.50,1.11,-1.15,0.76,-0.30,-0.12,1.50,-7.02,-0.79,-0.24,-0.78,0.31,-0.26,-3.59,-0.94,-8.60,-9.70,-7.61,1.08,-2.30,0.94,-0.40,-0.57,-0.78,-0.76,-1.39,0.96,0.05,0.93,-1.56,-1.15,-0.64,-1.10,-0.93,-0.65,-2.29,-1.80,-3.09,-7.14,-2.86,,2.64,1,-0.10,-2.35,0.75,0.82,3.06,0.87,2.11,3.04,3,1.97,1.90,1.66,0.72,0.84,0.70,-0.51,1.79,0.02,0.74,1.40,1.69,1.79,-2.53,1.02,-0.15,-0.80,-0.18,1.05,0.35,1.39,0.66,0.19,-0.69,0.74,2.58,1.84,1.42,1.70,1.35,1.70,-0.59,-0.77,0.42,0.40,2.76,1,0.52,1.38,0.90,0.05,-0.53,0.60,0.20,0.44,0.10,0.17,0.18,2.64,2.70,3.29,3.37,0.12,0.10,,-3,-11.70,1.70,0.30,-0.80,,,,,,,0.50,1.50,,0.70,1.20,-0.20,1.37,,,,,,,,1.20,1.30,0.30,0.70,0.80,,,,,1.80,,0.60,0.90,2.60,2.50,1.30,,,-0.30,,,0.20,,,3.80,2.90,0.90,3,2.80,0.30,
2008-12-23 16:30,1.40,1.01,-0.53,0.82,-2.10,0.81,0.59,1.60,-3.73,0.91,-0.71,-0.81,-5.47,-1.54,-0.91,-1.45,-3.02,-6.42,-1.10,-3.57,-5.76,-5.77,-1.43,,1.26,1.31,1.09,-1.28,0.80,-0.30,-0.22,1.54,-7,-0.75,-0.26,-0.61,0.19,-0.25,-3.55,-0.47,-8.70,-9.70,-7.62,0.90,-2.40,0.82,-0.20,-0.41,-0.81,-0.63,-1.44,0.96,0.15,0.95,-1.66,-1.25,-0.58,-1,-0.94,-0.64,-2.32,-1.90,-3.16,-7.16,-3,,2.52,0.93,-0.10,-2.19,0.63,0.78,3.01,0.75,2.12,2.95,3,1.78,1.90,1.51,0.58,0.67,0.82,-0.70,1.77,0.14,0.65,1.40,1.49,1.69,-2.51,1.08,0.13,-0.70,-0.35,1.16,0.24,1.26,0.59,0.43,-0.18,0.70,2.42,1.81,1.50,1.60,1.22,1.70,-0.46,-0.53,0.45,0.39,2.75,0.83,0.49,1.40,0.90,0.03,-0.44,0.55,0.30,0.56,0.02,0.04,-0.14,2.60,2.70,3.21,3.30,0.03,0.10,,-3.10,-11.70,1.60,0.30,-0.80,,,,,,,0.30,1.40,,0.50,1.40,-0.30,1.25,,,,,,,,1.20,1.20,0.30,0.50,0.60,,,,,1.70,,0.60,0.90,2.70,2.20,,,,-0.20,,,0.30,,,3.80,3,0.90,3,2.90,0.30,
2008-12-23 16:40,1.40,0.75,-0.65,0.60,-2.20,0.88,0.61,1.30,-3.91,0.73,-0.88,-0.81,-5.39,-1.50,-0.94,-1.50,-2.91,-6.40,-1.20,-3.58,-5.75,-5.71,-1.53,,1.52,1.21,0.96,-1.23,0.79,-0.40,-0.32,1.49,-7.01,-0.81,-0.35,-0.59,0.21,-0.15,-3.58,-0.10,-8.60,-9.92,-7.65,0.92,-2.40,0.86,-0.10,-0.31,-0.56,-0.68,-1.43,0.97,0.05,0.86,-1.69,-1.45,-0.61,-1.20,-1,-0.64,-2.35,-2,-3.22,-7.15,-3.02,,2.39,0.90,-0.20,-2.27,0.66,0.79,2.90,0.71,2.12,2.97,2.90,1.72,1.90,1.52,0.50,0.77,0.96,-0.88,1.55,0.09,0.70,1.30,1.48,1.51,-2.36,1.08,0.44,-0.70,-0.44,1.10,0.13,1.09,0.69,0.67,-0.24,0.63,2.24,1.60,1.40,1.61,1.27,1.70,-0.69,-0.31,0.38,0.40,2.29,0.65,0.40,1.40,0.80,0.08,-0.35,0.42,0.20,0.46,0.01,0.06,-0.43,2.59,2.70,3.19,3.24,0.02,0.10,,-3.20,-11.70,1.60,0.30,-0.60,,,,,,,0.20,1.30,,0.50,1.30,-0.40,1.04,,,,,,,,1.20,1.20,0.10,0.30,0.60,,,,,1.70,,0.60,0.90,2.50,2.20,1.10,,,0,,,0.30,,,3.80,2.90,0.80,2.80,2.90,0.30,
2008-12-23 16:50,1.30,0.76,-0.70,0.49,-2.30,0.82,0.47,1.20,-4.12,0.71,-0.94,-0.80,-5.31,-1.49,-1.06,-1.54,-2.96,-6.50,-1.30,-3.68,-5.80,-6.13,-1.54,,1.63,1.19,0.92,-1.33,0.78,-0.50,-0.37,1.50,-7.01,-0.82,-0.50,-0.54,0.27,-0.18,-3.61,-0.07,-8.80,-9.91,-7.72,0.94,-2.40,0.77,-0.10,-0.27,-0.54,-0.64,-1.47,0.88,-0.07,0.86,-1.62,-1.26,-0.57,-1.20,-0.98,-0.74,-2.32,-2,-3.36,-7.25,-2.98,,2.21,0.86,-0.20,-2.33,0.71,0.64,2.90,0.61,2.01,2.80,2.70,1.76,1.80,1.48,0.38,0.70,0.77,-0.82,1.49,-0.05,0.52,1.30,1.48,1.51,-2.70,1.04,0.37,-0.60,-0.55,1.10,0.06,0.89,0.71,0.68,-0.34,0.58,2.10,1.78,1.35,1.39,1.34,1.60,-0.73,-0.25,0.49,0.38,2.16,0.64,0.27,1.28,0.70,0.09,-0.26,0.41,0.30,0.43,0.06,-0.13,-0.48,2.45,2.80,3.28,2.97,0.11,0.20,,-3.20,-11.80,1.50,-0.80,-0.60,,,,,,,0.20,1.20,,0.50,1.30,-0.40,0.56,,,,,,,,1.10,1.10,0.10,0.20,0.60,,,,,1.50,,0.60,1,2.40,1.80,1.10,,,-0.10,,,0.30,,,3.80,2.90,0.60,2.90,2.90,0.30,
2008-12-23 17:00,1.30,0.79,-0.73,0.49,-2.40,0.79,0.42,1,-4.09,0.66,-1.05,-0.91,-5.34,-1.54,-1.05,-1.62,-3.07,-6.63,-1.20,-3.57,-5.83,-6.29,-1.59,,1.54,1.02,0.75,-1.40,0.60,-0.60,-0.34,1.41,-7,-0.76,-0.45,-0.66,0.29,-0.18,-3.69,-0.14,-8.80,-9.86,-7.63,0.80,-2.40,0.73,-0.20,-0.33,-0.81,-0.60,-1.49,0.75,0.01,0.81,-1.69,-1.33,-0.70,-1.10,-0.82,-0.69,-2.35,-2,-3.41,-7.30,-3.04,,2.15,0.80,-0.20,-2.31,0.66,0.81,2.78,0.59,1.96,2.83,2.40,1.76,1.80,1.31,0.28,0.70,0.80,-0.67,1.46,-0.02,0.42,1.20,1.24,1.38,-2.82,1.04,0.35,-0.60,-0.48,0.57,-0.08,0.79,0.74,0.81,-0.26,0.56,2.09,1.83,1.30,1.08,1.30,1.60,-0.60,-0.11,0.51,0.28,2.12,0.75,0.09,1.31,0.70,0.07,-0.26,0.42,0.60,0.39,0.17,0.06,-0.54,2.53,2.80,3.16,2.93,0.36,0.20,0,-3.20,-11.80,1.50,-0.90,-0.80,,2,-7.20,2.30,1.90,1.50,0.30,1.20,1.10,0.70,1.20,-0.50,0.30,0.20,1.80,3.10,1.90,3,0.90,0.50,1.20,1.20,0.10,0,0.60,2.90,1.40,0.40,0.70,1.10,0.60,0.60,1,2.50,1.60,0.80,-0.60,1.20,-0.20,0,0.80,0.30,3.70,2.90,3.80,3,0.50,2.90,2.90,0.30,0.20
2008-12-23 17:10,1.10,0.93,-0.74,0.52,-2.50,0.68,0.32,0.90,-4.03,0.60,-1.15,-0.93,-5.35,-1.65,-1.18,-1.64,-3.08,-6.82,-1.20,-3.72,-5.90,-5.81,-1.73,,1.36,0.89,0.66,-1.53,0.53,-0.60,-0.51,1.37,-7.08,-0.91,-0.39,-0.78,0.21,-0.25,-3.55,-0.10,-8.90,-9.94,-7.73,0.72,-2.50,0.65,-0.60,-0.44,-0.85,-0.90,-1.54,0.63,0.03,0.68,-1.68,-1.24,-0.76,-1.10,-0.79,-0.65,-2.43,-2,-3.37,-7.22,-3.03,,1.99,0.72,-0.20,-2.26,0.60,0.68,2.69,0.64,1.98,2.66,2.40,1.48,1.70,1.40,0.31,0.73,0.92,-0.80,1.52,-0.11,0.44,1.10,1.24,1.50,-2.67,1.03,0.36,0,-0.67,0.50,-0.22,0.65,0.66,0.84,-0.16,0.58,1.83,1.83,1.15,1.04,1.35,1.70,-0.31,0.11,0.24,0.37,2.12,0.76,-0.10,1.27,0.70,-0.05,-0.28,0.38,0.60,0.46,0.27,0.29,-0.77,2.50,2.80,3.24,3.17,0.35,0.20,,-3.20,-11.90,1.50,-0.90,-0.70,,,,,,,0.40,1.10,,0.60,1.20,-0.50,0.10,,,,,,,,1.20,1.20,0.10,0.10,0.60,,,,,1.10,,0.70,1,2.50,1.60,0.70,,,-0.20,,,0.40,,,3.80,3,0.30,2.90,3,0.30,
2008-12-23 17:20,1,1.08,-0.92,0.49,-2.50,0.53,0.17,0.90,-3.99,0.60,-1.16,-1.08,-5.35,-1.70,-1.19,-1.61,-3.05,-6.94,-1.40,-3.77,-5.97,-5.95,-1.96,,1.26,0.86,0.68,-1.43,0.66,-0.70,-0.51,1.39,-7.18,-0.92,-0.41,-0.79,0.32,-0.30,-3.75,-0.07,-8.90,-10.09,-7.78,0.83,-2.50,0.67,-0.50,-0.94,-0.50,-1.13,-1.57,0.45,0.02,0.44,-1.67,-1.33,-0.63,-1.70,-0.78,-0.68,-2.54,-2,-3.37,-7.32,-3.02,,1.96,0.71,-0.20,-2.27,0.67,0.70,2.66,0.59,1.67,2.73,2.30,1.36,1.61,1.32,0.30,0.73,0.87,-0.87,1.56,-0.15,0.35,1,1.26,1.37,-2.74,0.96,0.43,-0.10,-0.21,0.60,-0.24,0.44,0.50,0.88,-0.09,0.66,1.63,1.65,0.92,0.96,1.11,1.50,0.02,0.18,0.10,0.23,2.01,0.77,-0.07,1.24,0.60,-0.17,-0.25,0.22,0.40,0.49,0.25,0.35,-0.85,2.56,2.80,3.21,3.02,0.30,0.10,,-3.20,-11.90,1.50,-0.70,-0.60,,,,,,,0.30,0.90,,0.70,0.80,-0.50,0.03,,,,,,,,1.20,1.10,0,0,0.60,,,,,0.90,,0.60,0.90,2.50,1.70,0.60,,,-0.20,,,0.40,,,3.90,2.90,0.10,3,3,0.30,
2008-12-23 17:30,0.80,1.13,-1.14,0.44,-2.50,0.55,0.17,0.90,-3.94,0.53,-1.24,-1.02,-5.42,-1.91,-1.37,-1.95,-3.06,-6.84,-1.50,-3.98,-6.06,-6.02,-1.94,,1.26,0.99,0.56,-1.63,0.69,-0.70,-0.51,1.30,-7.28,-0.82,-0.50,-0.79,0.30,-0.32,-3.81,-0.21,-9,-10.10,-7.98,0.80,-2.50,0.63,-0.40,-1.03,-0.56,-1.18,-1.62,0.32,-0.13,-0.01,-1.74,-1.14,-0.59,-2,-0.85,-0.71,-2.47,-2.10,-3.49,-7.35,-3.05,,2.08,0.67,-0.20,-2.27,0.60,0.58,2.63,0.51,1.70,2.88,2.30,1.25,1.47,1.27,0.31,0.62,0.63,-0.95,1.54,0,0.35,1,1.30,1.38,-2.60,1,0.27,-0.10,-0.29,0.68,-0.27,0.38,0.45,0.97,0,0.78,1.76,1.49,0.84,0.89,0.98,1.40,-0.02,0.23,0.01,0.07,2.03,0.76,0.01,1.23,0.60,0.09,-0.25,0.40,0.20,0.46,0.31,0.33,-0.93,2.56,2.80,3.16,3.12,0.54,0,,-3.30,-12,1.40,-0.20,-0.60,,,,,,,0.20,0.90,,0.60,0.80,-0.50,-0.04,,,,,,,,1.10,1.20,0.10,0,0.60,,,,,0.80,,0.50,0.80,2.60,1.70,0.50,,,-0.30,,,0.40,,,3.80,3,-0.30,3,3,0.30,
2008-12-23 17:40,0.70,0.98,-1.24,0.43,-2.60,0.48,0.13,0.80,-3.99,0.60,-1.41,-1.07,-5.50,-1.89,-1.43,-2.13,-3.12,-6.96,-1.50,-4.01,-6.19,-6.22,-1.89,,1.14,0.99,0.45,-1.70,0.76,-0.90,-0.63,1.08,-7.22,-0.84,-0.62,-0.71,0.23,-0.31,-3.84,-0.43,-9.10,-10.21,-8,0.83,-2.50,0.62,-0.30,-0.87,-0.67,-0.83,-1.69,0.28,-0.45,-0.23,-1.79,-1.22,-0.75,-2.30,-0.75,-0.73,-2.44,-2,-3.44,-7.44,-3.11,,1.80,0.68,-0.20,-2.22,0.53,0.57,2.57,0.54,1.60,2.77,2.30,1.18,1.43,1.26,0.28,0.59,0.80,-1.32,1.32,0.12,0.25,0.90,1.28,1.31,-2.61,1.01,0.08,0,-0.13,0.88,-0.18,0.36,0.34,0.94,0.16,0.64,1.54,1.21,0.90,0.70,0.94,1.40,0.24,0.31,0.04,0,2.06,0.84,0.11,1.30,0.60,0.12,-0.18,0.39,0.30,0.44,0.23,0.18,-1.10,2.53,2.80,3.13,3.27,0.89,0,,-3.40,-12.10,1.30,-0.20,-0.90,,,,,,,0.20,0.80,,0.60,0.80,-0.50,0.01,,,,,,,,1,1.20,0,-0.30,0.60,,,,,0.70,,0.40,0.80,2.40,1.60,0.50,,,-0.20,,,0.30,,,3.80,3,-0.50,3,3,0.30,
2008-12-23 17:50,0.60,0.96,-1.23,0.36,-2.60,0.40,0.08,0.70,-3.98,0.58,-1.49,-1.16,-5.50,-1.90,-1.52,-2.07,-3.27,-6.90,-1.50,-3.97,-6.18,-6.33,-1.87,,1.11,0.87,0.36,-1.76,0.74,-1,-0.72,1.08,-7.33,-0.96,-0.59,-0.84,0.12,-0.36,-3.85,-0.87,-9.10,-10.29,-8.02,0.66,-2.60,0.53,-0.30,-0.73,-0.80,-0.78,-1.74,0.15,-0.81,-0.25,-1.90,-1.18,-0.97,-2.20,-0.64,-0.73,-2.51,-2,-3.42,-7.47,-3.13,,1.79,0.56,-0.30,-2.32,0.47,0.67,2.52,0.46,1.44,2.49,2.20,1.17,1.34,1.31,0.21,0.61,0.58,-1.54,1.23,0.20,0.13,1,1.30,1.25,-2.41,1.09,0.18,0.20,-0.38,0.92,-0.28,0.34,0.19,0.86,0.21,0.77,1.49,1.20,0.80,0.71,0.82,1.50,0.21,0.34,0.07,-0.14,1.98,0.84,0.21,1.19,0.70,0.07,-0.45,0.48,0.40,0.43,0.18,0.21,-1.15,2.61,2.80,3.14,3.17,0.99,0,,-3.40,-12.10,1.10,-0.30,-1.20,,,,,,,0.20,0.70,,0.60,0.90,-0.50,0.05,,,,,,,,0.70,1.10,0.10,-0.10,0.80,,,,,0.60,,0.30,0.60,2.20,1.40,0.40,,,-0.10,,,0.30,,,3.80,2.90,-0.60,2.90,3,0.30,
2008-12-23 18:00,1,0.92,-1.25,0,-3,0.41,0.13,0.60,-4.13,0.65,-1.51,-1.25,-5.55,-2,-1.55,-2,-4,-6.93,-1,-3.92,-6,-6.20,-1.80,1,1,0,0.32,-1.88,1,-1,-1,1,-7.42,-1,-0.87,-1,1,-1,-4,-1,-9,-10.33,-8,0,-2.70,0.38,0,-0.70,-0.76,-0.80,-2,0,-0.79,-0.31,-2.08,-1,0,-2,-1,-0.76,-2.59,-2,-3.39,-7.56,-3.17,,1.80,0.48,-0.30,-2.39,0.43,0.68,2.61,0.40,1.35,2.28,2.40,1.15,1.25,1.39,1,0.49,0.54,-1.63,1.12,0.06,1,1,1.41,1.24,-2.26,1.13,0,0.30,-0.50,0.81,-0.23,0.33,-0.01,0.75,0.22,0.77,1.34,1.27,0.55,0.72,0.94,1.50,0.33,0.39,0,-0.10,1.87,0.54,0.14,1.28,0.70,-0.07,-0.44,0.54,0.40,0.34,0.36,0.20,-1.20,2.80,2.60,2.96,3.60,1.14,0,0,-4,-12,1.20,-0.10,-1.30,,1.60,-7.40,2,1.80,1.30,0.10,1,0.70,0.60,0.90,-0.50,0.10,0.50,1.50,2.40,1.50,2.30,0.70,0.30,0.50,1.20,0.20,-0.30,0.70,2.10,1.10,1,0.10,0.50,0.40,0.30,0.60,2,1.50,0,-1.50,0.70,0.10,0.10,,0.20,3.40,2.50,3.70,3,-0.60,3,3,0.30,0.20
2008-12-23 18:10,0.50,0.71,-1.37,0.25,-2.70,0.10,0.21,0.60,-4.06,0.63,-1.67,-1.25,-5.79,-2.10,-1.68,-2.11,-3.36,-6.97,-1.60,-3.80,-6.31,-6.33,-1.89,,1.13,0.40,0.20,-1.93,0.85,-1.20,-0.65,0.82,-7.38,-1.18,-0.95,-1.75,-0.25,-1.05,-4.08,-1.12,-9.30,-10.46,-8.22,0.51,-2.70,0.43,-0.50,-0.66,-0.69,-0.77,-1.73,0.17,-0.67,-0.24,-2.45,-1.58,-1.23,-2.10,-1.18,-1.05,-2.61,-2.20,-3.40,-7.58,-3.30,,1.62,0.45,-0.30,-2.42,0.43,0.79,2.48,0.36,1.44,2.26,2.40,1.13,1.25,1.13,0.01,0.20,0.67,-1.71,1.09,0.08,-0.13,0.80,1.41,1.18,-2.18,1.16,0.62,0.20,-0.43,0.76,-0.19,0.26,-0.13,0.64,0.23,0.76,1.21,1.26,0.47,0.73,0.83,1.40,0.50,0.28,0.06,-0.05,1.81,0.52,-0.03,1.32,0.70,-0.16,-0.30,0.49,0.30,0.51,0.45,-0.01,-1.34,2.60,2.70,2.93,3.20,1.22,-0.10,,-3.50,-12.20,1.20,-0.20,-1.50,,,,,,,0,0.50,,0.60,,-0.50,-0.22,,,,,,,,0.40,1.20,0.30,-0.40,0.70,,,,,0.50,,0.10,0.70,2,1.60,,,,0.10,,,0.30,,,3.80,3,-0.80,3,3,0.30,
2008-12-23 18:20,0.50,0.84,-1.28,0.21,-2.70,-0.12,0.13,0.60,-4.08,0.51,-1.73,-1.34,-5.81,-2.08,-1.65,-2.22,-3.45,-7.05,-1.50,-4.15,-6.29,-6.25,-2.06,,1.02,0.41,0.08,-1.94,0.84,-1.30,-0.71,0.59,-7.51,-1.27,-0.90,-2.49,-0.20,-1.81,-4.15,-0.96,-9.40,-10.46,-8.23,0.48,-2.70,0.38,-0.50,-0.63,-0.73,-0.82,-1.76,0.15,-0.54,-0.26,-2.57,-1.85,-1.40,-2.10,-1.37,-1.34,-2.69,-2.50,-3.48,-7.58,-3.48,,1.64,0.46,-0.40,-2.46,0.37,0.79,2.41,0.32,1.34,2.05,2,1.11,1.20,1.04,-0.10,0.20,0.72,-1.58,1.05,0.06,-0.01,0.80,1.35,1.05,-2.24,1.22,0.67,-0.10,-0.39,0.82,-0.22,0.22,-0.18,0.62,0.14,0.69,1.12,1.12,0.56,0.73,0.86,1.30,0.53,0.29,-0.04,-0.08,1.85,0.35,-0.12,1.28,0.90,-0.05,-0.42,0.34,0.40,0.46,0.40,0.04,-1.45,2.57,2.60,2.97,3.20,1.34,-0.10,,-3.60,-12.30,1.20,-0.30,-1.60,,,,,,,-0.20,0.50,,0.50,0.80,-0.60,-0.24,,,,,,,,0.20,1.10,0.30,-0.30,0.70,,,,,0.50,,0.20,0.80,2,1.60,0,,,0,,,0.30,,,3.70,3.10,-1.10,3,2.90,0.30,
2008-12-23 18:30,0.70,0.79,-1.34,0.24,-2.80,-0.13,-0.01,0.70,-4.14,0.37,-1.68,-1.47,-5.71,-2.15,-1.81,-2.23,-3.51,-7.21,-1.70,-4.18,-6.42,-6.29,-2.12,,0.92,0.47,0.11,-1.90,0.71,-1.20,-0.71,0.55,-7.54,-1.25,-0.94,-2.48,-0.25,-2.34,-4.25,-0.63,-9.50,-10.35,-8.28,0.41,-2.90,0.33,-0.60,-0.73,-0.82,-0.82,-1.83,0.11,-0.57,-0.21,-2.45,-1.99,-1.35,-2,-1.42,-1.64,-2.74,-2.70,-3.52,-7.64,-3.57,,1.66,0.39,-0.50,-2.45,0.28,0.48,2.31,0.36,1.37,2.03,1.80,1.02,1.20,1.03,-0.11,0.10,0.70,-1.61,0.90,-0.16,-0.09,0.70,1.27,1.04,-2.38,1.14,0.84,-0.20,-0.33,0.83,-0.27,0.34,-0.24,0.63,0.15,0.67,1.20,1.25,0.48,0.71,0.80,1.10,0.63,0.38,-0.05,-0.05,1.79,0.37,-0.20,1.34,0.80,0.25,-0.16,0.43,0.40,0.49,0.48,0.34,-1.49,2.70,2.60,3,3.27,1.13,-0.20,,-3.70,-12.40,1.10,-0.40,-1.50,,,,,,,-0.20,0.40,,0.50,0.90,-0.60,-0.24,,,,,,,,0.10,1,0.40,-0.30,0.60,,,,,0.40,,0.10,0.80,2,1.60,0,,,-0.10,,,0.30,,,3.80,3.10,-1.80,2.90,2.90,0.40,
2008-12-23 18:40,0.90,0.72,-1.38,0.22,-2.80,-0.20,-0.17,0.70,-4.22,0.31,-1.75,-1.52,-5.73,-2.24,-1.79,-2.18,-3.65,-7.30,-1.70,-4.14,-6.51,-6.34,-2.13,,0.97,0.40,0.07,-1.92,0.70,-1.20,-0.76,0.67,-7.58,-1.38,-1.07,-2.06,-0.39,-2.45,-4.39,-0.70,-9.50,-10.52,-8.38,0.43,-3,0.31,-0.60,-0.78,-0.67,-1.03,-1.92,0.08,-0.65,-0.06,-2.38,-2.06,-1.36,-1.80,-1.49,-1.75,-2.76,-2.80,-3.53,-7.69,-3.59,,1.46,0.42,-0.50,-2.52,0.27,0.49,2.22,0.30,1.30,1.88,1.80,0.90,1.20,0.90,-0.13,0,0.75,-1.56,0.66,-0.12,-0.11,0.70,1.25,1.04,-2.25,1.12,0.83,-0.30,-0.36,0.90,-0.31,0.48,-0.21,0.59,0.10,0.60,1.11,1.13,0.43,0.75,0.60,0.80,0.58,0.43,0.18,0.06,1.58,0.42,-0.25,1.29,0.80,0.02,-0.10,0.52,0.40,0.22,0.33,0.26,-1.40,2.69,2.50,2.90,3.05,1.28,-0.20,,-3.60,-12.40,1.10,-0.50,-1.40,,,,,,,-0.30,0.40,,0.40,0.90,-0.50,-0.23,,,,,,,,-0.10,1,0.50,-0.30,0.50,,,,,0.30,,-0.30,0.70,2,1.40,-0.10,,,0,,,0.40,,,3.80,3.10,-1.70,2.80,2.80,0.30,
2008-12-23 18:50,1,0.53,-1.41,0.18,-2.90,-0.24,-0.34,0.70,-4.27,0.20,-1.85,-1.45,-5.79,-2.25,-1.81,-2.33,-3.58,-7.31,-1.70,-4.32,-6.48,-6.34,-2.26,,0.98,0.39,0,-1.96,0.72,-1.20,-0.68,0.59,-7.58,-1.51,-1.10,-1.69,-0.43,-1.96,-4.32,-0.58,-9.50,-10.75,-8.43,0.48,-3.20,0.23,-0.60,-0.86,-1.02,-1.16,-1.88,0.07,-0.64,0.08,-2.33,-2,-1.30,-1.70,-1.44,-1.82,-2.74,-2.90,-3.56,-7.61,-3.64,,1.31,0.40,-0.60,-2.51,0.15,0.56,2.04,0.20,1.16,1.96,1.80,0.83,1.10,0.73,-0.17,-0.10,0.81,-1.60,0.65,-0.13,-0.11,0.70,1.07,1.10,-2.54,1.02,0.89,-0.30,-0.36,0.74,-0.42,0.57,-0.25,0.62,0.07,0.47,0.93,0.82,0.33,0.80,0.55,0.50,0.56,0.53,0.11,0.12,1.56,0.42,-0.31,1.36,0.80,0.05,-0.06,0.15,0.40,0.33,0.29,0.13,-1.40,2.82,2.40,2.95,3.24,1.23,-0.30,,-3.70,-12.50,1.10,-0.40,-1.40,,,,,,,-0.30,0.30,,0.40,0.80,-0.40,-0.20,,,,,,,,-0.20,1,0.50,-0.20,0.20,,,,,0,,-0.40,0.70,2.10,1.40,-0.40,,,0.10,,,0.40,,,3.70,3.10,-0.70,2.60,2.80,0.20,
2008-12-23 19:00,0.80,0.46,-1.44,0.18,-2.90,-0.33,-0.37,0.70,-4.34,0.13,-1.86,-1.38,-5.79,-2.25,-1.89,-2.35,-3.58,-7.46,-1.80,-4.29,-6.54,-6.34,-2.28,,0.84,0.31,-0.01,-1.92,0.66,-1.20,-0.77,0.65,-7.57,-1.44,-1.11,-1.62,-0.39,-1.56,-4.39,-0.51,-9.50,-10.71,-8.61,0.43,-3.30,0.41,-0.60,-0.90,-0.86,-1.12,-1.88,0.07,-0.61,0.16,-2.29,-1.87,-1.25,-1.70,-1.41,-1.81,-2.83,-3,-3.57,-7.72,-3.70,,1.39,0.35,-0.60,-2.57,0.22,0.46,1.88,0.18,1.10,1.83,1.80,0.81,1.10,0.57,-0.19,-0.10,0.80,-1.65,0.71,-0.14,-0.16,0.60,1,0.99,-2.38,1.01,0.91,0.10,-0.58,0.76,-0.44,0.51,-0.20,0.64,-0.01,0.32,0.98,0.67,0.23,0.67,0.55,0.30,0.51,0.37,0.08,0.23,1.50,0.34,-0.28,1.26,0.70,0.26,0.12,-0.24,0.40,0.44,0.35,0.16,-1.47,2.77,2.20,3.03,3.18,1.28,-0.40,-0.10,-3.80,-12.50,1.10,-0.40,-1.40,-0.20,1.20,-7.60,1.30,1.30,1.40,-0.40,0.20,0.20,0.30,0.80,-0.50,0.10,,0.60,1.30,0.60,1.60,0.40,-0.20,-0.30,0.90,0.60,-0.20,0.40,1.80,1,0,-0.20,0,0.10,-0.40,0.60,2,1.10,-1,-1.80,-0.20,0.20,0.10,0.80,0.30,3.90,2.70,3.70,3.10,-0.20,2.60,2.90,0.20,-0.10
2008-12-23 19:10,0.60,0.33,-1.54,0.18,-2.90,-0.44,-0.48,0.60,-4.35,0.11,-1.96,-1.53,-5.82,-2.37,-1.90,-2.38,-3.71,-7.65,-1.90,-4.26,-6.58,-6.49,-2.38,,0.71,0.24,-0.09,-2.10,0.68,-1.20,-0.68,0.59,-7.59,-1.46,-1.10,-1.35,-0.35,-1.27,-4.50,-0.71,-9.60,-10.75,-8.74,0.26,-3.30,0.35,-0.70,-0.89,-0.93,-0.99,-1.95,-0.05,-0.61,0.15,-2.31,-1.87,-1.24,-1.70,-1.43,-1.67,-2.67,-3,-3.62,-7.55,-3.68,,1.55,0.36,-0.60,-2.69,0,0.37,1.77,0.10,0.91,1.63,1.70,0.69,1.11,0.50,-0.34,-0.10,0.84,-1.45,0.87,-0.20,-0.14,0.70,1.04,0.95,-2.37,0.86,0.91,0.40,-0.75,0.90,-0.31,0.47,-0.23,0.55,-0.04,0.27,1.01,0.60,0.21,0.52,0.32,0.10,0.56,0.14,0.10,0.23,1.28,0.12,-0.45,1.27,0.60,0.27,0.04,-0.33,0.40,0.39,0.39,0.46,-1.29,2.87,2.30,3.13,3.02,1.14,-0.30,,-3.90,-12.60,0.90,-0.30,-1.30,,,,,,,-0.40,0,,0.30,0.80,-0.50,-0.10,,,,,,,,-0.30,0.80,0.50,-0.10,0.40,,,,,0,,-0.50,0.70,2,1.10,-1.10,,,0.20,,,0.30,,,3.70,3.10,0,2.60,2.90,0.20,
2008-12-23 19:20,0.30,0.15,-1.57,0.14,-2.90,-0.33,-0.59,0.50,-4.29,-0.01,-2.03,-1.59,-5.90,-2.46,-1.91,-2.32,-3.71,-7.55,-2,-4.34,-6.47,-6.76,-2.50,,0.79,0.12,-0.24,-2.06,0.65,-1.30,-0.74,0.59,-7.70,-1.46,-1.23,-1.57,-0.28,-1.10,-4.53,-0.75,-9.60,-10.74,-8.76,0.06,-3.40,0.24,-0.80,-0.89,-1.01,-1.29,-1.83,-0.01,-0.77,0.19,-2.32,-1.93,-1.13,-1.60,-1.39,-1.62,-2.71,-2.90,-3.59,-7.81,-3.68,,1.62,0.26,-0.70,-2.78,-0.02,0.27,1.70,0.04,0.89,1.57,1.50,0.56,1.10,0.49,-0.55,-0.20,0.52,-1.47,0.90,-0.26,-0.18,0.60,0.97,0.94,-2.27,0.77,0.76,0.50,-0.42,0.69,-0.33,0.44,-0.21,0.47,-0.04,0.18,0.88,0.48,0.14,0.55,0.22,-0.10,0.54,0.02,0.12,0.18,1.06,0.05,-0.73,1.20,0.50,0.28,-0.22,-0.34,0.20,0.24,0.34,0.27,-1.26,2.83,2.30,3.03,2.89,1.07,-0.40,,-3.90,-12.60,0.90,-0.40,-1.30,,,,,,,-0.50,0,,0.30,0.70,-0.40,-0.13,,,,,,,,-0.40,0.70,0.50,-0.10,0.50,,,,,-0.10,,-0.50,0.80,2.10,1.10,-1.40,,,0,,,0.30,,,3.80,3.20,0,2.50,2.80,0.20,
2008-12-23 19:30,0.30,0.05,-1.62,0.06,-3,-0.42,-0.64,0.50,-4.38,-0.19,-1.93,-1.69,-6.08,-2.54,-2,-2.49,-3.83,-7.62,-2.10,-4.34,-6.58,-6.50,-2.40,,0.73,0.05,-0.16,-2.17,0.62,-1.40,-0.78,0.66,-7.67,-1.61,-1.17,-1.69,-0.25,-1.17,-4.56,-0.79,-9.60,-10.70,-8.83,0.09,-3.40,0.23,-0.80,-0.94,-1,-1.49,-1.97,-0.05,-0.73,0.10,-2.31,-1.84,-1.11,-1.50,-1.34,-1.60,-2.79,-2.90,-3.58,-7.74,-3.73,,1.43,0.26,-0.70,-2.82,0.02,0.15,1.73,-0.19,0.77,1.32,1.30,0.49,1,0.17,-0.54,-0.20,0.54,-1.47,0.74,-0.23,-0.15,0.60,0.86,0.90,-2.33,0.79,0.85,0.60,-0.57,0.92,-0.31,0.48,-0.16,0.46,-0.03,0,0.62,0.50,0.08,0.31,0.18,-0.20,0.60,-0.06,0.04,0.22,1.03,0,-0.69,1.23,0.30,0.24,-0.31,-0.36,0.20,0.33,0.39,0.10,-1.31,2.88,2.30,2.95,3.06,1.20,-0.30,,-4,-12.70,1,-0.40,-1.30,,,,,,,-0.60,0,,0.30,0.40,-0.40,-0.12,,,,,,,,-0.50,0.40,0.50,-0.10,0.50,,,,,-0.10,,-0.50,0.80,2,1.10,-1.50,,,0.10,,,0.20,,,3.80,3.30,0,2.50,2.80,0.20,
2008-12-23 19:40,0.30,0.27,-1.69,-0.08,-3,-0.18,-0.55,0.50,-4.31,-0.27,-2.05,-1.85,-6.05,-2.51,-1.99,-2.42,-3.84,-7.71,-2.20,-4.38,-6.66,-6.50,-2.47,,0.70,0.05,-0.30,-2.27,0.51,-1.50,-0.86,0.47,-7.64,-1.59,-1.24,-1.44,-0.33,-1.18,-4.61,-0.80,-9.70,-10.85,-8.78,0.24,-3.30,0.19,-0.80,-0.97,-0.98,-1.48,-1.85,-0.09,-0.70,0.09,-2.28,-1.79,-1.14,-1.50,-1.44,-1.44,-2.83,-2.70,-3.66,-7.74,-3.73,,1.23,0.29,-0.80,-3.09,-0.04,0.10,1.61,-0.12,0.68,1.30,1.20,0.44,0.80,-0.02,-0.62,-0.30,0.38,-1.59,0.58,-0.33,-0.29,0.60,0.79,0.85,-2.50,0.69,0.75,0.50,-0.41,0.95,-0.37,0.48,-0.14,0.40,-0.04,0,0.68,0.45,-0.01,0.32,0.08,-0.20,0.63,-0.19,0.19,0.21,0.92,-0.02,-0.58,1.18,0.30,0.14,-0.57,-0.34,0.20,0.37,0.35,0.33,-1.32,2.93,2.30,2.87,3.06,1.03,-0.30,,-3.90,-12.70,0.90,-0.40,-1.20,,,,,,,-0.60,0,,0,0.30,-0.20,-0.08,,,,,,,,-0.60,0.10,0.70,-0.10,0.50,,,,,-0.10,,-0.60,0.80,1.80,0.90,,,,0.20,,,0.30,,,3.70,3.10,0,2.60,2.80,0.20,
2008-12-23 19:50,0.30,0.35,-1.77,-0.11,-3,-0.49,-0.52,0.30,-4.36,-0.25,-1.98,-1.96,-6.13,-2.46,-1.97,-2.52,-3.97,-7.74,-2.20,-4.42,-6.71,-6.56,-2.48,,0.76,-0.04,-0.40,-2.30,0.44,-1.50,-0.92,0.58,-7.80,-1.63,-1.31,-1.58,-0.27,-1.08,-4.58,-0.65,-9.80,-10.92,-8.64,0.17,-3.30,0.15,-0.70,-0.96,-1.11,-1.30,-1.98,-0.01,-0.68,0.11,-2.27,-1.80,-1.16,-1.50,-1.35,-1.50,-2.73,-2.70,-3.70,-7.73,-3.74,,1.41,0.12,-0.90,-3.04,-0.13,0.09,1.64,-0.19,0.56,1.20,1.10,0.18,0.80,0.12,-0.82,-0.30,0.14,-1.75,0.43,-0.16,-0.36,0.60,0.63,0.80,-2.60,0.61,0.55,0.50,-0.21,1.04,-0.31,0.41,-0.12,0.41,0,-0.01,0.67,0.19,-0.10,0.07,-0.16,-0.30,0.57,-0.46,0.25,0.26,0.81,0.02,-0.57,1.07,0.20,0.09,-0.64,-0.20,0.20,0.38,0.21,0.44,-1.37,2.98,2.20,2.85,2.93,0.75,-0.30,,-4,-12.80,0.80,-0.50,-1.30,,,,,,,-0.70,-0.10,,0.10,0.40,-0.30,-0.06,,,,,,,,-0.70,-0.10,0.90,-0.10,0.40,,,,,-0.10,,-0.40,0.80,1.70,0.80,-1.80,,,0,,,0.30,,,3.70,3.10,0.10,2.40,2.90,0.20,
2008-12-23 20:00,0.10,0.32,-1.83,-0.14,-3,-0.56,-0.65,0.30,-4.36,-0.25,-2.04,-1.97,-6.08,-2.51,-2.08,-2.53,-4.13,-7.73,-2.10,-4.42,-6.73,-6.87,-2.54,,0.82,-0.10,-0.40,-2.32,0.37,-1.60,-0.97,0.46,-7.83,-1.70,-1.34,-1.68,-0.43,-1.12,-4.56,-0.67,-9.70,-11.06,-8.78,0.04,-3.40,0.10,-0.60,-0.96,-1.09,-1.08,-1.97,0.04,-0.71,0.11,-2.32,-1.79,-1.21,-1.60,-1.34,-1.39,-2.74,-2.70,-3.67,-7.78,-3.80,,1.38,0.10,-1,-3.02,-0.16,0.03,1.38,-0.17,0.27,1.17,1,0.08,0.70,0.06,-0.68,-0.40,0.02,-1.89,0.30,-0.17,-0.24,0.70,0.86,0.84,-2.57,0.54,0.40,0.60,-0.03,0.87,-0.38,0.33,-0.15,0.40,-0.07,0.03,0.61,0.07,-0.08,-0.12,-0.03,-0.40,0.52,-0.47,0.27,0.20,0.94,-0.08,-0.50,1.07,0.20,0.05,-0.56,0.08,0.20,0.20,0.14,0.36,-1.44,2.92,2.10,2.89,2.88,0.66,-0.40,-0.70,-4.10,-12.90,0.90,-0.40,-1.30,-0.40,1,-7.90,1.10,0.60,1,-0.80,-0.10,-0.80,0.40,0.30,-0.30,0.30,0,0.40,0.80,0,0.80,0,-0.60,-0.80,-0.10,0.80,-0.10,0.40,1.40,0.70,-0.90,-0.50,-0.10,-0.10,-0.50,0.80,1.70,0.50,-2.10,-2,-1.40,0.20,-0.20,-0.20,0.30,3.90,2.80,3.70,3.10,0.20,2.50,2.80,0.10,0.20
2008-12-23 20:10,-0.10,0.13,-1.89,-0.14,-3.10,-0.74,-0.73,0.10,-4.44,-0.37,-2.07,-1.97,-6.10,-2.57,-2.05,-2.54,-4.09,-7.64,-2.10,-4.49,-6.80,-6.56,-2.64,,0.80,-0.18,-0.30,-2.36,0.33,-1.60,-1.03,0.45,-7.79,-1.65,-1.27,-1.53,-0.44,-1.18,-4.66,-0.97,-9.80,-11.15,-8.83,0.01,-3.40,0.08,-0.50,-0.90,-0.98,-1.08,-1.90,0.01,-0.73,0.16,-2.25,-1.84,-1.25,-1.60,-1.49,-1.36,-2.73,-2.60,-3.61,-7.73,-3.90,,1.27,-0.03,-1,-3.21,-0.26,-0.10,1.33,-0.35,0.16,1.13,1.10,0.10,0.63,-0.15,-0.70,-0.29,-0.25,-1.94,0.41,-0.16,-0.40,0.60,0.92,0.73,-2.51,0.35,0.32,0.70,0.08,0.67,-0.39,0.34,-0.13,0.45,-0.34,-0.03,0.45,0.07,-0.08,-0.29,-0.11,-0.40,0.58,-0.62,0.32,0.21,-0.01,-0.15,-0.52,0.86,0.20,-0.15,-0.57,0.12,0.30,0.25,0.16,0.41,-1.39,2.96,2.10,2.82,2.91,0.51,-0.40,,-4.10,-12.90,0.80,-0.50,-1.30,,,,,,,-0.90,-0.20,,0.40,0.30,-0.20,0.03,,,,,,,,-0.80,-0.30,0.80,-0.10,0.30,,,,,-0.10,,-0.50,0.90,1.70,0.50,-2.10,,,0.20,,,0.30,,,3.70,3.10,-0.30,2.50,2.80,0.10,
2008-12-23 20:20,-0.20,0.19,-1.93,-0.14,-3.20,-0.92,-0.77,0.10,-4.43,-0.34,-2.07,-2.04,-6.15,-2.56,-2.08,-2.64,-4.11,-7.62,-2.10,-4.61,-6.89,-6.64,-2.79,,0.79,-0.21,-0.26,-2.38,0.32,-1.60,-1.09,0.40,-7.86,-1.78,-1.27,-1.50,-0.56,-1.21,-4.76,-0.83,-9.90,-11.20,-8.84,0.14,-3.50,0.01,-0.50,-0.84,-1.04,-1.06,-1.93,0.15,-0.77,0.18,-2.35,-1.80,-1.22,-1.60,-1.49,-1.36,-2.81,-2.60,-3.68,-7.70,-3.85,,1.16,-0.05,-1,-3.28,-0.21,-0.09,1.22,-0.44,0.25,1.26,0.90,0.12,0.67,-0.35,-0.73,-0.44,-0.34,-2.02,0.21,-0.08,-0.52,0.50,0.92,0.72,-2.58,0.19,0.09,0.60,0.25,0.86,-0.40,0.29,-0.09,0.40,-0.38,-0.03,0.41,-0.06,-0.27,-0.49,-0.28,-0.40,0.37,-0.73,0.45,0.35,-0.49,-0.09,-0.46,0.81,0.20,-0.10,-0.56,0.17,0.40,0.45,0.23,0.22,-1.16,2.88,1.90,3.01,2.83,0.71,-0.40,,-4.20,-13,0.80,-0.40,-1.40,,,,,,,-0.90,-0.20,,0.40,0.30,0,0.07,,,,,,,,-0.80,-0.30,0.90,-0.20,0.20,,,,,-0.10,,-0.80,0.80,1.60,0.10,-2.20,,,0.20,,,0.30,,,3.70,3.10,-0.60,2.70,2.90,0.20,
2008-12-23 20:30,-0.40,0.25,-1.90,-0.18,-3.20,-0.96,-0.67,0,-4.46,-0.42,-2.12,-2.11,-6.15,-2.61,-2.10,-2.79,-4.16,-7.72,-2.10,-4.60,-6.91,-6.88,-2.80,,0.66,-0.37,-0.31,-2.39,0.35,-1.60,-1.09,0.36,-7.87,-1.86,-1.33,-1.52,-0.40,-1.27,-4.75,-0.67,-10,-11.13,-8.96,0.03,-3.50,-0.09,-0.60,-0.89,-0.91,-1.06,-1.90,0.15,-0.77,0.06,-2.27,-1.73,-1.23,-1.70,-1.43,-1.32,-2.80,-2.60,-3.70,-7.81,-3.87,,1.15,-0.05,-1.10,-3.27,-0.32,-0.05,1.19,-0.46,0.11,0.95,0.70,-0.05,0.64,-0.36,-0.84,-0.36,-0.47,-2.03,0.16,-0.12,-0.49,0.30,0.73,0.56,-2.42,0.35,0,0.50,0.25,0.91,-0.38,0.30,-0.16,0.32,-0.46,0.01,0.28,-0.26,-0.49,-0.53,-0.39,-0.40,0.25,-0.83,0.41,0.27,-0.94,-0.15,-0.47,0.86,0.10,-0.24,-0.56,0.08,0.40,0.38,0.02,0.17,-1.08,2.87,1.80,3.01,3.09,0.85,-0.40,,-4.20,-13,0.70,-0.40,-1.30,,,,,,,-1,-0.30,,0.40,0.30,0,0.12,,,,,,,,-0.90,-0.40,0.70,-0.20,0.20,,,,,-0.30,,-0.80,0.90,1.50,0,-2.30,,,0.20,,,0.20,,,3.70,3,-0.90,2.70,2.80,0.20,
2008-12-23 20:40,-0.50,0.23,-1.97,-0.24,-3.30,-1.03,-0.86,0,-4.53,-0.40,-2.19,-2.13,-6.10,-2.65,-2.22,-2.74,-4.07,-7.73,-2.10,-4.71,-6.95,-6.82,-2.76,,0.61,-0.43,-0.39,-2.40,0.44,-1.60,-0.98,0.30,-7.91,-1.93,-1.43,-1.75,-0.59,-1.24,-4.88,-0.84,-10.10,-11.20,-8.91,-0.10,-3.60,-0.08,-0.60,-0.79,-1.06,-0.99,-1.91,0.14,-0.68,-0.02,-2.38,-1.89,-1.23,-1.60,-1.36,-1.28,-2.86,-2.60,-3.74,-7.87,-3.77,,1.27,-0.11,-1.20,-3.30,-0.40,-0.32,1.18,-0.55,-0.09,0.93,0.70,-0.06,0.57,-0.43,-0.88,-0.44,-0.65,-2.06,0.16,-0.16,-0.74,0.20,0.76,0.62,-2.43,0.54,0.26,0.50,0.11,0.61,-0.38,0.34,-0.14,0.37,-0.37,-0.05,0.44,-0.30,-0.71,-0.71,-0.41,-0.30,0.12,-1.05,0.62,0.22,-0.90,-0.41,-0.62,1.01,0,-0.39,-0.72,0.12,0.50,0.30,0.03,0.09,-1,2.78,1.70,2.80,3.25,0.55,-0.50,,-4.20,-13.10,0.70,-0.50,-1.40,,,,,,,-1,-0.40,,0.40,0.20,0,0.16,,,,,,,,-0.90,-0.50,0.70,-0.10,0.30,,,,,-0.30,,-0.60,0.80,1.50,-0.20,-2.40,,,0.20,,,0.20,,,3.60,3.10,-1.20,2.70,2.90,0.20,
2008-12-23 20:50,-0.70,0.08,-2.07,-0.28,-3.30,-1.09,-0.98,-0.10,-4.56,-0.42,-2.32,-2.10,-6.08,-2.73,-2.40,-2.68,-4.11,-7.74,-2.20,-4.72,-6.89,-6.76,-2.89,,0.60,-0.61,-0.48,-2.50,0.33,-1.60,-1.08,0.33,-8,-1.92,-1.46,-1.59,-0.62,-1.21,-4.78,-0.98,-10.10,-11.23,-8.98,-0.19,-3.60,-0.23,-0.70,-0.77,-1.23,-1.08,-1.99,0.19,-0.61,-0.04,-2.32,-1.86,-1.29,-1.60,-1.36,-1.32,-2.85,-2.60,-3.79,-7.83,-3.76,,1.17,-0.19,-1.30,-3.43,-0.46,-0.42,1.20,-0.61,-0.20,1.01,0.60,-0.20,0.60,-0.40,-0.84,-0.57,-0.73,-2.33,0.15,-0.23,-0.78,0.10,0.75,0.44,-2.54,0.70,0.31,0.40,0.20,0.69,-0.32,0.37,-0.18,0.36,-0.34,-0.13,0.39,-0.20,-0.76,-0.81,-0.42,-0.20,0.01,-1.04,0.54,0.30,-1.06,-0.75,-0.64,1.02,-0.10,-0.45,-1.02,-0.11,0.50,0.35,0,0.30,-1.07,2.83,1.70,2.85,3.11,0.40,-0.60,,-4.30,-13.10,0.70,-0.40,-1.40,,,,,,,-1.20,-0.50,,0.40,0.30,0,0.34,,,,,,,,-0.90,-0.60,0.40,-0.10,0.30,,,,,-0.40,,-0.60,0.80,1.40,-0.20,-2.60,,,0.10,,,0.20,,,3.60,3.10,-1.20,2.70,2.80,0.20,
2008-12-23 21:00,-0.90,-0.02,-2.11,-0.32,-3.40,-1.08,-1.01,-0.20,-4.63,-0.40,-2.45,-2.16,-6.12,-2.78,-2.38,-2.82,-4.06,-7.94,-2.40,-4.64,-6.90,-6.80,-2.98,,0.43,-0.69,-0.47,-2.51,0.31,-1.70,-1.14,0.33,-7.94,-1.83,-1.49,-1.60,-0.50,-1.14,-4.83,-0.83,-10,-11.23,-8.98,-0.24,-3.60,-0.23,-0.80,-0.90,-1.37,-1.14,-2.05,0.20,-0.61,0.03,-2.28,-1.89,-1.33,-1.60,-1.61,-1.53,-2.85,-2.60,-3.81,-7.85,-3.80,,1.43,-0.19,-1.30,-3.45,-0.45,-0.35,1.16,-0.77,-0.39,0.86,0.70,-0.40,0.45,-0.48,-0.95,-0.62,-0.76,-2.33,0.01,-0.28,-0.82,-0.10,0.65,0.33,-2.54,0.69,0.56,0.30,0.32,0.48,-0.31,0.62,-0.19,0.42,-0.46,-0.38,0.41,-0.22,-0.86,-0.88,-0.48,-0.20,-0.16,-0.99,0.57,0.18,-1.12,-0.95,-0.63,1.17,-0.10,-0.45,-1.32,-0.13,0.40,0.41,0.06,0.10,-1.21,2.83,1.60,3.08,3.18,0.23,-0.60,-1.10,-4.30,-13.20,0.60,-0.50,-1.50,-0.50,0.80,-8.10,0.80,0,0.30,-1.20,-0.50,-0.60,0.30,0.30,0,0.60,,0,0.90,-0.40,0.10,-0.50,-0.90,-0.90,-0.60,0.40,-0.10,0.30,0.90,0.20,-0.80,-0.90,-0.70,-0.30,-0.40,0.90,1.80,0,-2.60,-1.90,-1.60,0,0,0,0.20,,2.20,3.60,3.10,-1.10,2.60,2.70,0.20,0.30
2008-12-23 21:10,-1,-0.08,-2.11,-0.39,-3.27,-1.07,-1.04,-0.20,-4.65,-0.37,-2.53,-2.21,-6.20,-2.80,-2.38,-2.87,-4.12,-7.89,-2.40,-4.66,-6.98,-7.06,-3.07,,0.34,-0.73,-0.58,-2.56,0.31,-1.70,-1.25,0.37,-7.87,-1.79,-1.49,-1.65,-0.45,-1.29,-4.83,-0.72,-10,-11.24,-8.91,-0.08,-3.60,-0.30,-0.80,-0.90,-1.41,-1.15,-2.09,0.28,-0.67,0.07,-2.24,-1.95,-1.41,-1.50,-1.84,-1.60,-2.88,-2.70,-3.86,-7.85,-3.77,,1.36,-0.17,-1.40,-3.58,-0.59,-0.39,1.07,-0.65,-0.54,0.73,0.60,-0.39,0.40,-0.45,-0.96,-0.82,-0.84,-2.51,-0.09,-0.32,-0.94,-0.10,0.59,0.31,-2.49,0.71,0.60,0.30,0.23,0.47,-0.38,0.60,-0.17,0.45,-0.39,-0.60,0.33,-0.28,-0.87,-0.92,-0.48,-0.10,-0.17,-0.97,0.61,0.15,-1.14,-1.13,-0.89,1.02,-0.20,-0.53,-1.37,0.07,0.40,0.35,0.21,0.29,-1.37,2.74,1.60,3.23,3.11,0.09,-0.50,,-4.40,-13.20,0.70,-0.50,-1.40,,,,,,,-1.30,-0.50,,0.30,0.20,0,0.38,,,,,,,,-0.90,-0.60,0.40,0,0.30,,,,,-0.70,,-0.20,0.80,1.80,-0.10,-2.60,,,0,,,0.20,,,3.60,3.10,-1.10,2.60,2.80,0.10,
2008-12-23 21:20,-1.20,-0.27,-2.15,-0.53,-3.40,-1.18,-1.07,-0.20,-4.72,-0.40,-2.47,-2.16,-6.12,-2.94,-2.45,-3.04,-4.21,-7.97,-2.40,-4.67,-6.85,-7.19,-3.01,,0.24,-0.82,-0.83,-2.64,0.33,-1.90,-1.23,0.26,-7.93,-1.88,-1.51,-1.69,-0.49,-1.26,-4.88,-0.91,-10,-11.25,-8.94,-0.29,-3.70,-0.16,-0.80,-0.96,-1.32,-1.18,-2.26,0.30,-0.71,0.07,-2.27,-2.18,-1.41,-1.60,-1.70,-1.59,-2.85,-2.80,-3.71,-7.77,-3.80,,1.26,-0.34,-1.50,-3.68,-0.66,-0.30,1,-0.58,-0.47,0.74,0.50,-0.51,0.30,-0.78,-1.03,-0.86,-1.01,-2.53,-0.23,-0.36,-1.02,-0.10,0.50,0.26,-2.49,0.69,0.61,0.30,0.27,0.41,-0.37,0.58,-0.19,0.51,-0.50,-0.72,0.29,-0.18,-0.86,-1.13,-0.55,-0.20,-0.20,-0.94,0.70,0.17,-1.20,-1.39,-1.17,1.06,-0.30,-0.62,-1.07,-0.05,0.30,0.34,0.22,0.40,-1.51,2.77,1.60,3.14,3.18,0.20,-0.50,,-4.20,-13.30,0.60,-0.50,-1.40,,,,,,,-1.40,-0.50,,0.10,0,0,0.30,,,,,,,,-0.90,-0.70,0.30,0,0.30,,,,,-0.70,,-0.20,0.80,1.90,-0.20,-2.50,,,-0.20,,,0.20,,,3.70,3,-0.70,2.60,2.80,0,
2008-12-23 21:30,-1.30,-0.29,-2.21,-0.51,-3.50,-1.42,-1.06,-0.20,-4.77,-0.47,-2.50,-2.20,-6.22,-3,-2.46,-3.11,-4.18,-7.92,-2.50,-4.64,-6.95,-7.23,-2.96,,0.28,-0.87,-0.91,-2.64,0.34,-1.90,-1.27,0.13,-7.84,-1.94,-1.43,-1.63,-0.52,-1.28,-4.88,-1.32,-10,-11.26,-8.89,-0.19,-3.70,-0.21,-0.90,-0.96,-1.28,-1.15,-2.39,0.22,-0.55,0.01,-2.40,-2.27,-1.27,-1.60,-1.84,-1.74,-2.75,-2.80,-3.73,-7.83,-3.95,,1.21,-0.37,-1.60,-3.76,-0.65,-0.49,0.89,-0.48,-0.51,0.73,0.30,-0.51,0.20,-0.81,-1.26,-0.90,-1.03,-2.53,-0.33,-0.44,-1.09,-0.30,0.35,0.15,-2.60,0.59,0.59,0.30,0.44,0.31,-0.42,0.68,-0.25,0.59,-0.65,-0.63,0.41,-0.38,-0.95,-1.24,-0.66,-0.20,-0.25,-0.94,0.76,0.15,-1.24,-1.39,-1.28,1.13,-0.30,-0.62,-0.93,-0.04,0.20,0.33,0.21,0.36,-1.55,2.74,1.60,3,3.16,0.41,-0.50,,-4.30,-13.30,0.60,-0.60,-1.30,,,,,,,-1.50,-0.70,,-0.10,-0.10,0.10,0.36,,,,,,,,-0.90,-0.80,0.30,0,0.10,,,,,-0.80,,-0.20,0.70,1.50,-0.40,-2.50,,,-0.30,,,0.20,,,3.70,3,-0.90,2.50,2.80,-0.10,
2008-12-23 21:40,-1.40,-0.36,-2.35,-0.61,-3.60,-1.20,-1.02,-0.20,-4.77,-0.57,-2.44,-2.29,-6.29,-3,-2.52,-3.12,-4.29,-7.95,-2.60,-4.70,-7.01,-6.93,-2.92,,0.05,-0.84,-1,-2.76,0.27,-1.90,-1.24,0.02,-7.92,-1.96,-1.60,-1.65,-0.51,-1.29,-4.86,-1.26,-10.10,-11.28,-8.85,-0.32,-3.70,-0.23,-0.90,-1.04,-1.20,-1.24,-2.38,0.31,-0.52,0,-2.41,-2.15,-1.42,-1.60,-1.83,-1.85,-2.86,-2.80,-3.83,-7.84,-3.99,,1.12,-0.37,-1.60,-3.88,-0.73,-0.43,0.75,-0.58,-0.43,0.79,0.20,-0.74,0.20,-0.73,-1.28,-1.01,-1.04,-2.53,-0.42,-0.57,-1.14,-0.30,0.29,0.09,-2.64,0.44,0.53,0.30,0.36,0.30,-0.39,0.67,-0.28,0.55,-0.54,-0.60,0.19,-0.37,-1.02,-1.15,-0.64,-0.20,-0.36,-0.77,0.89,0.18,-1.14,-1.69,-1.41,1.16,-0.30,-0.62,-0.93,0.01,-0.20,0.29,0.19,0.19,-1.61,2.83,1.60,2.92,3.16,0.65,-0.50,,-4.30,-13.30,0.50,-0.60,-1.40,,,,,,,-1.40,-0.70,,-0.30,-0.10,0.10,0.45,,,,,,,,-0.90,-0.90,0.30,0,0.10,,,,,-0.80,,-0.10,0.70,1.30,-0.40,-2.30,,,-0.20,,,0.20,,,3.70,2.90,-0.40,2.40,2.80,-0.20,
2008-12-23 21:50,-1.40,-0.31,-2.46,-0.65,-3.60,-1.28,-1.01,-0.20,-4.90,,-2.46,-2.40,-6.36,-3.05,-2.66,-3.16,-4.29,-7.92,-2.60,-4.89,-7.06,-6.99,-2.88,,-0.03,-0.93,-1.15,-2.96,0.23,-2.10,-1.21,-0.05,-7.93,-2.03,-1.57,-1.58,-0.66,-1.31,-4.92,-0.98,-10.10,-11.30,-9.02,-0.23,-3.70,-0.25,-1,-1.11,-1.28,-1.33,-2.36,0.34,-0.59,0.03,-2.28,-2.12,-1.35,-1.50,-1.75,-1.88,-2.81,-2.90,-3.87,-7.83,-3.89,,1,-0.51,-1.70,-3.82,-0.82,-0.45,0.70,-0.69,-0.61,0.74,0.10,-0.62,0.20,-0.64,-1.38,-1.05,-1,-2.55,-0.52,-0.65,-1.15,-0.30,0.29,0.06,-2.59,0.38,0.37,0.30,0.34,0.22,-0.30,0.72,-0.18,0.54,-0.50,-0.45,0.04,-0.65,-0.99,-1.15,-0.56,-0.20,-0.28,-0.58,0.87,0.15,-0.90,-1.79,-1.55,1.04,-0.50,-0.57,-0.88,-0.17,-0.10,0.36,0.16,0.03,-1.74,2.77,1.60,3.10,3,0.63,-0.50,,-4.40,-13.30,0.40,-0.70,-1.40,,,,,,,-1.40,-0.80,,-0.40,-0.20,0.10,0.49,,,,,,,,-0.90,-1,0.30,0,0.10,,,,,-0.90,,-0.10,0.70,1.10,-0.30,-2.20,,,-0.10,,,0.20,,,3.70,3,-0.70,2.30,2.70,-0.40,
2008-12-23 22:00,-1.50,-0.36,-2.50,-0.67,-3.70,-1.12,-1.09,-0.30,-4.99,-0.58,-2.58,-2.39,-6.36,-3.11,-2.66,-3.28,-4.42,-7.97,-2.70,-4.86,-7.02,-7.24,-2.86,,-0.06,-1.04,-1.27,-3.10,0.17,-2.30,-1.27,-0.09,-8.01,-2,-1.50,-1.65,-0.70,-1.38,-4.94,-1.10,-10.20,-11.33,-9.05,-0.14,-3.70,-0.26,-1,-1.12,-1.30,-1.38,-2.36,0.32,-0.56,-0.03,-2.28,-2.13,-1.49,-1.50,-1.69,-1.93,-2.82,-2.90,-3.88,-7.81,-3.95,,0.88,-0.52,-1.70,-3.94,-0.85,-0.48,0.64,-0.81,-0.65,0.72,0.20,-0.72,0,-0.79,-1.54,-1.09,-0.93,-2.62,-0.37,-0.77,-1.31,-0.40,0.21,-0.06,-2.66,0.25,0.27,0.40,0.31,0.25,-0.35,0.67,-0.03,0.48,-0.39,-0.37,0.01,-0.79,-1.02,-1.13,-0.71,-0.10,-0.40,-0.54,0.91,0.14,-0.66,-1.68,-1.75,1.06,-0.70,-0.53,-0.99,-0.50,-0.20,0.38,0.04,0.11,-1.77,2.74,1.50,2.99,2.95,0.57,-0.40,-1.50,-4.40,-13.40,0.30,-0.70,-1.40,-0.40,0.50,-8.50,0,-1.10,0.10,-1.50,-0.90,-0.30,-0.80,-0.10,0,0.60,0.10,-0.10,0.50,-1.90,-0.70,-0.70,-1.40,-1.10,-1,0.10,0,0.30,0.70,0.10,-1.10,-1.30,-0.70,0.40,-0.10,0.80,1.20,-0.30,-2,-2.20,-1.40,0,-0.30,-0.10,0.20,,0.90,3.60,2.90,-1.10,2.20,2.50,-0.90,0.10
2008-12-23 22:10,-1.50,-0.40,-2.58,-0.75,-3.66,-1.27,-1.30,-0.30,-4.99,-0.63,-2.64,-2.53,-6.37,-3.15,-2.74,-3.45,-4.48,-8.02,-2.70,-4.73,-7.01,-7.31,-2.93,,-0.22,-1.02,-1.25,-3.26,0.08,-2.40,-1.37,-0.22,-8.03,-2.16,-1.71,-1.79,-0.85,-1.44,-5.01,-1.13,-10.20,-11.30,-8.91,-0.24,-3.70,-0.24,-1,-1.17,-1.46,-1.29,-2.46,0.21,-0.53,0.03,-2.23,-2.12,-1.47,-1.60,-1.54,-1.79,-2.71,-2.90,-3.79,-7.74,-3.99,,0.73,-0.65,-1.80,-3.99,-0.72,-0.54,0.55,-0.99,-1.02,0.52,0.10,-0.73,-0.08,-0.85,-1.63,-1.40,-0.96,-2.77,-0.26,-0.77,-1.35,-0.50,0.17,-0.04,-2.77,0.18,0.15,0.50,0.22,0.37,-0.31,0.71,-0.02,0.49,-0.30,-0.34,0.06,-0.67,-1.21,-1.19,-0.83,-0.10,-0.51,-0.54,0.94,0.25,-0.67,-1.59,-1.81,0.93,-1,-0.45,-1.02,-0.52,-0.20,0.57,0.06,0.44,-1.75,2.71,1.60,2.97,3.09,0.61,-0.40,,-4.40,-13.40,0.20,-0.70,-1.40,,,,,,,-1.50,-0.90,,-0.80,-0.10,-0.20,0.50,,,,,,,,-1.20,-1.10,0.20,0,0.20,,,,,-0.70,,-0.10,0.80,1.20,-0.20,-2,,,0,,,0.20,,,3.70,2.90,-1.60,2.20,2.50,-1,
2008-12-23 22:20,-1.60,-0.50,-2.68,-0.81,-3.80,-1.17,-1.43,-0.50,-5.01,-0.70,-2.77,-2.37,-6.43,-3.19,-2.77,-3.53,-4.46,-8.01,-2.70,-4.74,-7.07,-7.25,-2.91,,-0.28,-1.02,-1.27,-3.43,0.03,-2.50,-1.37,-0.42,-7.98,-2.16,-1.86,-1.98,-0.82,-1.43,-5.02,-1.26,-10.20,-11.30,-9.02,-0.29,-3.80,-0.25,-1,-1.12,-1.19,-1.30,-2.43,0.11,-0.53,-0.01,-2.32,-2.01,-1.47,-1.60,-1.47,-1.72,-2.68,-2.90,-3.79,-7.75,-3.87,,0.67,-0.74,-1.80,-4.17,-0.77,-0.63,0.54,-1.05,-0.98,0.64,-0.10,-0.65,-0.02,-0.80,-1.56,-1.50,-0.87,-2.85,-0.28,-1.09,-1.39,-0.60,0.15,0,-2.87,0.02,0.14,0.50,0.14,0.46,-0.25,0.74,-0.05,0.48,-0.34,-0.32,0.12,-0.81,-1.34,-1.43,-0.77,-0.10,-0.44,-0.57,0.86,0.28,-0.85,-1.45,-1.66,0.80,-1.30,-0.59,-0.90,-0.81,0,0.55,-0.17,0.37,-1.65,2.59,1.50,2.95,2.83,0.84,-0.30,,-4.40,-13.40,0.10,-0.80,-1.50,,,,,,,-1.60,-0.90,,-0.90,0,-0.20,0.39,,,,,,,,-1.20,-1.20,0.20,-0.10,0.30,,,,,-0.70,,0,0.70,1,-0.10,-2,,,-0.10,,,0.30,,,3.70,2.90,-2,2.10,2.50,-1.10,
2008-12-23 22:30,-1.60,-0.55,-2.65,-0.86,-3.90,-1.15,-1.57,-0.50,-5.07,-0.86,-2.85,-2.49,-6.48,-3.28,-2.82,-3.60,-4.51,-8.14,-2.90,-4.95,-7.16,-7.31,-2.98,,-0.38,-1.13,-1.38,-3.36,-0.12,-2.60,-1.46,-0.53,-8.03,-2.33,-1.90,-2.11,-0.95,-1.43,-5.09,-1.23,-10.20,-11.35,-9.06,-0.33,-3.80,-0.25,-1,-1.18,-1.56,-1.35,-2.36,-0.04,-0.56,-0.09,-2.46,-2.01,-1.43,-1.60,-1.53,-1.71,-2.79,-2.80,-3.72,-7.74,-3.84,,0.63,-0.73,-1.70,-4.22,-0.96,-0.65,0.44,-1.17,-1.23,0.49,-0.20,-0.74,-0.05,-1.05,-1.64,-1.80,-0.89,-2.82,-0.25,-1.27,-1.49,-0.70,0.04,-0.13,-3.09,-0.06,0.11,0.30,0.25,0.38,-0.31,0.71,-0.12,0.49,-0.34,-0.32,0.03,-0.82,-1.40,-1.70,-0.83,-0.20,-0.37,-0.62,0.83,0.07,-0.74,-1.44,-1.64,0.47,-1.40,-0.61,-0.65,-0.94,0.10,0.48,-0.12,0.35,-1.76,2.68,1.30,2.80,2.80,0.56,-0.30,,-4.50,-13.50,0,-0.90,-1.50,,,,,,,-1.70,-1.10,,-1,-0.30,-0.20,0.43,,,,,,,,-1.20,-1.20,0.10,-0.20,0.30,,,,,-0.80,,0.10,0.80,0.90,-0.30,-2.10,,,-0.30,,,0.30,,,3.70,2.90,-2,2.20,2.60,-1.20,
2008-12-23 22:40,-1.70,-0.59,-2.60,-0.92,-3.83,-1.30,-1.64,-0.70,-5.08,-0.84,-2.86,-2.54,-6.45,-3.37,-2.87,-3.53,-4.61,-8.27,-2.90,-4.97,-7.21,-6.95,-3.07,,-0.46,-1.09,-1.38,-3.37,-0.20,-2.50,-1.55,-0.48,-8.13,-2.37,-1.93,-2.28,-1.16,-1.73,-5.14,-1.30,-10.30,-11.36,-9.03,-0.54,-3.90,-0.40,-1,-1.15,-1.26,-1.32,-2.43,-0.07,-0.69,-0.12,-2.50,-2.09,-1.44,-1.70,-1.72,-1.71,-2.84,-2.80,-3.67,-7.78,-3.82,,0.61,-0.70,-1.90,-4.36,-1.10,-0.74,0.39,-1.17,-1.55,0.50,-0.30,-0.73,-0.06,-1.07,-1.66,-1.80,-0.91,-2.87,-0.32,-1.36,-1.45,-0.80,-0.03,-0.12,-3.16,-0.14,-0.01,0.30,0.42,0.92,-0.35,0.72,-0.11,0.55,-0.38,-0.30,-0.07,-0.79,-1.50,-1.76,-0.94,-0.20,-0.29,-0.57,0.55,0.03,-1.01,-1.52,-1.44,0.24,-1.40,-0.67,-0.62,-1.20,0.20,0.52,-0.17,0.33,-1.73,2.66,1.30,2.91,2.82,0.45,-0.30,,-4.50,-13.50,-0.10,-0.80,-1.50,,,,,,,-1.80,-1.20,,-1.10,-0.50,-0.30,0.40,,,,,,,,-1.20,-1,0.10,-0.30,0.30,,,,,-0.80,,-0.10,0.80,0.70,-0.40,-2.20,,,-0.60,,,0.30,,,3.70,2.90,-2.10,2.10,2.50,-1.40,
2008-12-23 22:50,-1.70,-0.73,-2.75,-0.92,-3.90,-1.23,-1.66,-0.60,-5.08,-0.84,-2.94,-2.66,-6.51,-3.45,-2.97,-3.62,-4.70,-8.31,-2.90,-4.97,-7.12,-7.07,-3.11,,-0.48,-1.09,-1.41,-3.35,-0.21,-2.50,-1.53,-0.53,-8.22,-2.46,-1.94,-2.29,-1.13,-1.82,-5.10,-1.32,-10.30,-11.41,-9.12,-0.69,-3.90,-0.51,-1,-1.27,-1.31,-1.38,-2.47,-0.04,-0.64,-0.17,-2.38,-2.08,-1.38,-1.70,-1.75,-1.72,-2.84,-2.80,-3.69,-7.80,-3.79,,0.76,-0.68,-1.90,-4.40,-1.13,-0.99,0.44,-1.22,-1.58,0.54,-0.50,-0.69,-0.10,-1.09,-1.61,-1.90,-1.15,-2.78,-0.38,-1.45,-1.47,-0.90,0.01,-0.20,-3.42,-0.32,-0.12,0.20,0.18,0.51,-0.45,0.63,-0.07,0.58,-0.33,-0.27,-0.04,-0.83,-1.53,-1.77,-1.08,-0.30,-0.30,-0.48,0.41,0.12,-1.15,-1.64,-1.58,0.05,-1.60,-0.68,-0.67,-1.43,0.10,0.39,-0.20,0.08,-1.51,2.63,1.30,2.82,2.80,0.30,-0.30,,-4.60,-13.50,-0.10,-0.90,-1.50,,,,,,,-1.90,-1.30,,-1.10,-0.60,-0.40,0.34,,,,,,,,-1.30,-1.20,0,-0.30,0.30,,,,,-0.80,,-0.20,0.80,0.60,-0.10,-2.20,,,-0.60,,,0.20,,,3.70,3.10,-2.10,2,2.50,-1.30,
2008-12-23 23:00,-1.70,-0.85,-2.84,-0.97,-3.95,-1.08,-1.59,-0.60,-5.04,-0.91,-2.98,-2.77,-6.56,-3.51,-2.95,-3.66,-4.78,-8.31,-3.10,-5.13,-7.13,-7.35,-3.13,,-0.52,-0.90,-1.48,-3.28,-0.25,-2.50,-1.73,-0.72,-8.35,-2.52,-1.98,-2.39,-1.17,-1.98,-5.25,-1.24,-10.30,-11.39,-9.27,-0.79,-3.90,-0.47,-1.10,-1.27,-1.39,-1.47,-2.52,0.01,-0.69,-0.12,-2.37,-2.15,-1.38,-1.70,-1.63,-1.73,-2.98,-2.90,-3.71,-7.72,-3.79,,0.89,-0.76,-1.90,-4.46,-1.26,-1.06,0.44,-1.51,-1.50,0.55,-0.60,-0.62,-0.03,-1.09,-1.62,-1.85,-1.20,-2.84,-0.65,-1.46,-1.46,-1,-0.09,-0.36,-3.38,-0.48,-0.35,0,0.17,0.20,-0.37,0.67,-0.09,0.57,-0.31,-0.26,-0.16,-0.89,-1.52,-1.92,-1.13,-0.30,-0.18,-0.63,0.42,-0.04,-1.12,-1.84,-1.69,-0.15,-1.60,-0.81,-0.43,-1.25,0.20,0.23,-0.37,-0.13,-1.60,2.54,1.40,2.64,2.92,-0.07,-0.30,-1.50,-4.70,-13.50,-0.20,-0.90,-1.50,-0.10,0.10,-9.10,-1.20,-1.50,-0.10,-2,-1.40,-1.20,-1.10,-0.70,-0.40,0.60,0,-0.50,0.40,-2.40,-1.10,-0.90,-1.80,-1.40,-1.10,0,-0.40,0.30,-0.50,-0.10,-1.40,-1.70,-1,-0.10,-0.30,0.70,0.90,0,-1.90,-3.10,-1.50,-0.50,-1,0.40,0.20,4.10,0.20,3.70,3.10,-2.10,1.90,2.30,-0.90,0
2008-12-23 23:10,-1.60,-0.99,-2.83,-1.05,-4.10,-1.07,-1.54,-0.70,-5.02,-0.93,-3.01,-2.76,-6.65,-3.50,-3,-3.73,-4.81,-8.30,-3.20,-5.23,-7.27,-7.42,-3.28,,-0.55,-0.78,-1.51,-3.33,-0.38,-2.50,-1.87,-0.77,-8.36,-2.72,-2.21,-2.37,-1.18,-2.10,-5.29,-1.25,-10.40,-11.37,-9.20,-0.80,-4,-0.55,-1.10,-1.28,-1.59,-1.55,-2.50,-0.01,-0.75,-0.15,-2.33,-2.20,-1.40,-1.70,-1.75,-1.69,-2.95,-2.90,-3.77,-7.81,-3.76,,0.81,-0.79,-1.90,-4.56,-1.34,-0.93,0.39,-1.86,-1.45,0.39,-0.50,-0.51,-0.10,-1.50,-1.69,-2.04,-1.38,-2.86,-0.66,-1.35,-1.55,-1.10,-0.19,-0.49,-3.40,-0.64,-0.43,-0.10,0.17,0.10,-0.42,0.65,-0.09,0.60,-0.25,-0.33,-0.17,-0.86,-1.63,-1.96,-1.22,-0.30,-0.16,-0.79,0.45,-0.08,-0.76,-1.95,-1.84,-0.13,-1.70,-0.92,-0.38,-1.29,0.10,0.23,-0.31,-0.19,-1.38,2.53,1.30,2.52,2.92,-0.31,-0.30,,-4.80,-13.60,-0.40,-0.90,-1.50,,,,,,,-2,-1.40,,-1.10,-0.70,-0.50,0.29,,,,,,,,-1.40,-1.20,-0.10,-0.50,0.30,,,,,-1.10,,-0.30,0.60,0.90,0,-1.90,,,-0.50,,,0.10,,,3.80,3.10,-2.20,1.90,2.30,-0.90,
2008-12-23 23:20,-1.50,-1.05,-2.87,-1.11,-4.17,-1.11,-1.55,-0.70,-5.21,-0.91,-3.11,-2.83,-6.62,-3.49,-3.05,-3.80,-4.87,-8.37,-3.20,-5.11,-7.36,-7.53,-3.17,,-0.66,-0.70,-1.34,-3.42,-0.47,-2.60,-1.96,-0.79,-8.47,-2.72,-2.36,-2.41,-1.19,-2.09,-5.35,-1.52,-10.40,-11.50,-9.09,-0.87,-4.10,-0.58,-1.20,-1.32,-1.66,-1.58,-2.66,-0.06,-0.93,-0.18,-2.34,-2.18,-1.44,-1.80,-1.65,-1.73,-2.86,-2.90,-3.85,-7.72,-3.77,,0.48,-0.88,-1.90,-4.41,-1.46,-1.22,0.33,-2.15,-1.51,0.30,-0.50,-0.45,0,-1.36,-1.72,-2.10,-1.58,-2.95,-0.65,-1.24,-1.61,-1.10,-0.30,-0.50,-3.33,-0.65,-0.53,-0.30,0.02,-0.05,-0.51,0.61,-0.06,0.57,-0.25,-0.30,-0.33,-0.93,-1.68,-1.98,-1.07,-0.30,-0.15,-0.79,0.46,-0.13,-0.20,-1.80,-2.06,-0.18,-1.80,-0.95,-0.28,-1.15,0.20,0.21,-0.31,-0.17,-1.29,2.50,1.30,2.51,2.68,-0.23,-0.30,,-4.80,-13.60,-0.40,-0.90,-1.50,,,,,,,-2.10,-1.40,,-1.10,,-0.40,0.31,,,,,,,,-1.50,-1.20,-0.10,-0.60,0.20,,,,,-1.10,,-0.30,0.60,1.10,-0.20,-2,,,-0.60,,,0.10,,,3.60,3.10,-2.10,1.70,2.20,-0.70,
2008-12-23 23:30,-1.40,-1.14,-2.87,-1.19,-4.23,-1.37,-1.41,-0.70,-5.30,-1.01,-3.07,-2.78,-6.66,-3.63,-3.05,-3.87,-4.91,-8.43,-3.20,-5.13,-7.31,-7.75,-3.19,,-0.82,-0.70,-1.22,-3.49,-0.59,-2.60,-2.01,-0.82,-8.44,-2.71,-2.21,-2.47,-1.32,-2.08,-5.33,-1.61,-10.40,-11.57,-9.16,-0.83,-4.20,-0.60,-1.20,-1.28,-1.75,-1.63,-2.77,0.01,-0.89,-0.16,-2.33,-2.07,-1.44,-1.70,-1.60,-1.75,-2.96,-2.90,-3.79,-7.72,-3.78,,0.51,-1.01,-1.80,-4.39,-1.57,-1.13,0.23,-2.76,-1.46,0.33,-0.50,-0.58,0,-1.61,-1.84,-2.10,-1.57,-3.02,-0.58,-1.16,-1.83,-1.20,-0.33,-0.50,-3.27,-0.75,-0.68,-0.20,0.05,-0.02,-0.52,0.51,-0.05,0.58,-0.56,-0.27,-0.26,-0.88,-1.67,-2.15,-1.19,-0.40,-0.15,-1.03,0.41,-0.22,0.01,-1.58,-2.11,-0.31,-1.90,-1.06,-0.30,-0.72,0.20,0.15,-0.31,-0.22,-1.35,2.45,1.20,2.56,2.63,-0.49,-0.20,,-4.90,-13.60,-0.60,-0.90,-1.50,,,,,,,-2.10,-1.40,,-1.10,-0.90,-0.30,0.33,,,,,,,,-1.60,-1.20,0,-0.60,0,,,,,-1.10,,-0.40,0.70,1.10,-0.20,-2,,,-0.60,,,-0.10,,,3.60,3.20,-1.50,1.70,2.20,-0.80,
2008-12-23 23:40,-1.30,-1.34,-2.93,-1.09,-4.18,-1.35,-1.48,-0.80,-5.21,-1.01,-3.02,-2.77,-6.76,-3.66,-3.14,-3.86,-4.82,-8.47,-3.20,-5.15,-7.43,-7.59,-3.24,,-0.84,-0.71,-1.31,-3.52,-0.70,-2.60,-2.05,-0.84,-8.42,-2.75,-2.35,-2.46,-1.43,-2.14,-5.40,-1.74,-10.40,-11.52,-9.28,-0.98,-4.30,-0.71,-1.30,-1.34,-1.82,-1.71,-2.81,-0.06,-0.82,-0.15,-2.42,-2.23,-1.41,-1.80,-1.65,-1.79,-2.94,-2.90,-3.81,-7.69,-3.77,,0.53,-1.09,-2,-4.39,-1.83,-1.35,0.05,-3.13,-1.37,0.29,-0.20,-0.63,0,-1.59,-1.95,-2.30,-1.75,-3.10,-0.49,-1.18,-1.92,-1.20,-0.23,-0.50,-3.24,-0.78,-0.85,-0.40,-0.03,-0.11,-0.52,0.50,-0.11,0.50,-0.64,-0.35,-0.32,-0.99,-1.76,-2.34,-1.06,-0.70,-0.21,-1.14,0.37,-0.24,0.01,-1.59,-1.95,-0.33,-1.90,-1.18,-0.31,-0.44,0.20,0.11,-0.35,-0.43,-1.46,2.61,1,2.65,2.86,-0.84,-0.20,,-4.90,-13.60,-0.60,-0.90,-1.50,,,,,,,-2.20,-1.30,,-1.10,-1,-0.30,0.34,,,,,,,,-1.70,-1.40,0,-0.60,-0.10,,,,,-1.10,,-0.50,0.80,1,-0.10,-2.20,,,-0.70,,,-0.10,,,3.60,3.20,-1.10,1.70,2.20,-0.90,
2008-12-23 23:50,-1.30,-1.48,-3.01,-1.13,-4.24,-1.65,-1.62,-0.80,-5.21,-1.07,-3.07,-2.81,-6.83,-3.58,-3.26,-3.88,-5,-8.57,-3.20,-5.15,-7.47,-7.61,-3.27,,-0.99,-0.69,-1.51,-3.45,-0.91,-2.60,-2.12,-0.80,-8.54,-2.92,-2.50,-2.51,-1.43,-2.27,-5.52,-1.48,-10.50,-11.58,-9.33,-0.98,-4.20,-0.84,-1.30,-1.40,-1.76,-1.72,-2.83,0.05,-0.87,-0.15,-2.40,-2.14,-1.59,-1.70,-1.67,-1.73,-2.96,-2.90,-3.83,-7.74,-3.76,,0.49,-1.15,-2,-4.52,-2.12,-1.30,0.02,-3.46,-1.34,0.35,-0.30,-0.58,-0.10,-1.76,-2.03,-2.40,-1.80,-3.11,-0.56,-1.17,-1.92,-1.40,-0.38,-0.53,-3.26,-0.73,-0.85,-0.60,-0.07,-0.24,-0.75,0.39,-0.16,0.50,-0.75,-0.42,-0.43,-0.96,-1.63,-2.32,-1.01,-0.90,-0.18,-1.21,0.28,-0.20,0.07,-1.40,-1.86,-0.46,-2,-1.13,-0.44,-0.47,0.30,0.09,-0.38,-0.55,-1.49,2.62,0.80,2.63,2.77,-0.65,-0.20,,-4.90,-13.70,-0.80,-1,-1.50,,,,,,,-2.30,-1.50,,-1.20,-1.10,-0.40,0.27,,,,,,,,-1.70,-1.50,-0.10,-0.60,-0.10,,,,,-1.10,,-0.60,0.80,0.90,0.10,-2.20,,,-0.70,,,-0.10,,,3.60,3.10,-0.60,1.70,2.20,-1,
2008-12-24 00:00,-1.20,-1.78,-3,-1.15,-4.26,-1.87,-1.61,-0.80,-5.30,-1.09,-3.07,-2.82,-6.77,-3.59,-3.38,-3.98,-4.93,-8.52,,-5.21,-7.50,-7.34,-3.31,,-0.90,-0.72,-1.42,-3.47,-1,-2.70,-2.22,-0.79,-8.66,-2.83,-2.39,-2.54,-1.50,-2.39,-5.66,-1.72,-10.50,-11.63,-9.26,-1.05,-4.20,-1.01,-1.40,-1.40,-1.79,-1.69,-2.97,0,-0.80,-0.18,-2.45,-2.27,-1.54,-1.70,-1.73,-1.76,-2.93,-2.90,-3.83,-7.81,-3.76,,0.51,-1.34,-2.10,-4.52,-2.11,-1.34,-0.10,-3.70,-1.42,0.14,-0.20,-0.61,-0.10,-1.88,-2.16,-2.27,-1.89,-3.02,-0.70,-1.13,-2.04,-1.50,-0.38,-0.61,-3.12,-0.72,-0.74,-0.50,-0.08,-0.37,-0.83,0.41,-0.28,0.30,-0.69,-0.45,-0.27,-1.08,-1.59,-2.44,-1.16,-1.10,-0.15,-1.25,-0.01,-0.20,0.04,-1.49,-2.07,-0.45,-2.10,-1.10,-0.42,-0.22,0.30,0.08,-0.34,-0.54,-1.44,2.67,0.70,2.58,2.53,-0.83,-0.20,-2.40,-4.80,-13.70,-1,-1,-1.50,-0.10,-0.20,-9.50,-1.50,-1.90,0,-2.20,-1.60,-1.70,-1.10,-1.10,-0.50,0.40,0,-1,0,-2.70,-1.30,-1.30,-2.30,-1.80,-1.60,-0.30,-0.60,-0.10,-1.80,-0.50,-2,-2.10,-1.40,-0.30,-0.40,0.80,0.80,0.30,-1.90,-2.60,-1.70,-1.10,-0.80,0.10,-0.10,1,0.10,3.50,3,-0.70,1.60,2.10,-1,0
2008-12-24 00:10,-1.10,-1.91,-2.99,-1.21,-4.31,-2.06,-1.72,-0.90,-5.32,-1.12,-3.16,-2.84,-6.79,-3.63,-3.39,-4.05,-4.98,-8.52,-3.40,-5.22,-7.61,-7.40,-3.37,,-0.92,-0.95,-1.43,-3.49,-1.19,-2.70,-2.23,-0.85,-8.69,-2.89,-2.38,-2.55,-1.69,-2.35,-5.66,-2.01,-10.50,-11.61,-9.29,-1.21,-4.20,-1.09,-1.50,-1.38,-1.88,-1.68,-3.13,-0.02,-0.79,-0.23,-2.36,-2.32,-1.57,-1.80,-1.87,-1.72,-2.96,-2.80,-3.89,-7.80,-3.78,,0.51,-1.33,-2.10,-4.69,-2.21,-1.48,-0.10,-3.75,-1.59,0.13,-0.20,-0.70,-0.10,-1.98,-2.29,-2.35,-1.83,-2.94,-0.92,-1.11,-1.93,-1.50,-0.32,-0.60,-3.18,-0.66,-0.57,-0.50,-0.07,-0.46,-0.80,0.45,-0.23,0.32,-0.63,-0.52,-0.18,-1.29,-1.59,-2.50,-1.19,-1.20,-0.29,-1.23,0,-0.10,-0.06,-1.51,-2.23,-0.62,-2.20,-1.29,-0.50,-0.14,0.30,0.17,-0.31,-0.58,-1.45,2.68,0.80,2.38,2.86,-0.89,-0.10,,-4.90,-13.70,-0.90,-1.10,-1.50,,,,,,,-2.30,-1.70,,-1.10,-1.10,-0.40,0.22,,,,,,,,-1.90,-1.80,-0.40,-0.60,-0.10,,,,,-1.40,,-0.40,0.80,0.80,0.30,-1.90,,,-1.10,,,-0.10,,,3.50,2.90,-1.10,1.60,2.10,-1,
2008-12-24 00:20,-1,-1.89,-3.08,-1.21,-4.27,-2.13,-1.78,-0.90,-5.35,-1.16,-3.20,-2.98,-6.88,-3.74,-3.40,-3.96,-4.91,-8.55,-3.40,-5.24,-7.70,-7.37,-3.41,,-1.06,-1.13,-1.45,-3.46,-1.31,-2.70,-2.39,-0.96,-8.69,-2.90,-2.40,-2.56,-1.70,-2.31,-5.62,-2.10,-10.50,-11.69,-9.27,-1.23,-4.20,-1.12,-1.50,-1.51,-1.89,-1.78,-3.27,-0.12,-0.80,-0.18,-2.34,-2.03,-1.55,-1.90,-1.97,-1.77,-3,-2.70,-3.95,-7.76,-3.78,,0.35,-1.23,-1.90,-5.07,-2.11,-1.46,-0.29,-3.38,-1.62,0.15,-0.10,-0.66,-0.10,-2.31,-2.37,-2.39,-1.91,-3.12,-0.99,-1.12,-1.97,-1.40,-0.27,-0.62,-3.16,-0.55,-0.47,-0.50,-0.35,-0.51,-0.82,0.41,-0.18,0.27,-0.58,-0.51,-0.16,-1.18,-1.55,-2.45,-1.26,-1.30,-0.39,-0.89,-0.14,-0.18,0.08,-1.43,-2.03,-0.66,-2.20,-1.36,-0.85,-0.07,0.30,0.17,-0.29,-0.37,-1.50,2.79,1,2.44,2.73,-0.85,-0.20,,-4.90,-13.70,-1,-1.20,-1.60,,,,,,,-2.40,-1.70,,-1,-1.20,-0.30,0.16,,,,,,,,-2,-1.90,-0.50,-0.60,0,,,,,-1.40,,-0.30,0.80,0.80,0.30,-1.80,,,-1.40,,,-0.20,,,3.50,2.80,-1.10,1.60,1.90,-1,
2008-12-24 00:30,-0.90,-1.73,-3.21,-1.20,-4.30,-2.11,-1.72,-1,-5.36,-1.16,-3.20,-3.08,-6.99,-3.63,-3.37,-4.05,-5.01,-8.68,-3.40,-5.32,-7.68,-7.54,-3.41,,-1.21,-1.23,-1.52,-3.46,-1.38,-2.70,-2.44,-0.93,-8.68,-2.95,-2.46,-2.57,-1.75,-2.41,-5.66,-2.04,-10.50,-11.70,-9.29,-1.22,-4.30,-1.23,-1.60,-1.42,-2.17,-1.88,-3.41,-0.12,-0.82,-0.27,-2.36,-1.97,-1.58,-1.90,-1.87,-1.72,-2.96,-2.90,-3.88,-7.70,-3.76,,0.55,-1.31,-1.70,-5.54,-2.02,-1.41,-0.47,-3.39,-1.93,0.24,-0.10,-0.92,-0.20,-2.39,-2.42,-2.44,-1.93,-3.04,-1.04,-1.07,-2.02,-1.50,-0.31,-0.74,-3.28,-0.49,-0.40,-0.50,-0.48,-0.55,-0.83,0.35,-0.30,0.26,-0.58,-0.42,-0.41,-1.45,-1.63,-2.25,-1.32,-1.50,-0.62,-0.85,-0.17,-0.19,-0.10,-1.34,-2.12,-0.71,-2.20,-1.49,-1.13,0.09,0.20,0.19,-0.24,-0.46,-1.66,2.96,1,2.52,2.64,-1.01,-0.30,,-4.90,-13.80,-1,-1.30,-1.60,,,,,,,-2.40,-1.70,,-1,-1.20,-0.30,0.11,,,,,,,,-2.20,-2,-0.60,-0.70,0,,,,,-1.50,,-0.10,0.80,0.80,0.30,,,,-1.30,,,-0.30,,,3.50,2.80,-1,1.60,0.40,-0.80,
2008-12-24 00:40,-0.80,-1.60,-3.27,-1.22,-4.40,-2.25,-1.78,-1,-5.41,-1.12,-3.31,-2.98,-7.02,-3.63,-3.38,-4.07,-4.98,-8.68,-3.20,-5.41,-7.61,-7.71,-3.53,,-1.25,-1.35,-1.52,-3.44,-1.40,-2.70,-2.45,-0.94,-8.64,-2.84,-2.46,-2.55,-1.90,-2.36,-5.55,-1.96,-10.50,-11.76,-9.26,-1.07,-4.30,-1.22,-1.60,-1.57,-2.34,-1.90,-3.44,-0.12,-0.77,-0.26,-2.32,-2.05,-1.56,-1.90,-1.86,-1.69,-2.93,-2.90,-3.87,-7.82,-3.75,,0.55,-1.66,-1.60,-5.85,-2.29,-1.41,-0.63,-3.60,-2.10,0.09,0,-0.91,-0.40,-2.35,-2.44,-2.36,-2,-2.98,-1.22,-1.17,-2.07,-1.50,-0.27,-0.76,-3.08,-0.37,-0.30,-0.50,-0.28,-0.48,-0.75,0.27,-0.27,0.19,-0.54,-0.49,-0.40,-1.54,-1.59,-2.36,-1.49,-1.60,-0.68,-0.95,-0.15,-0.23,-0.04,-1.29,-2.36,-0.75,-2.40,-1.61,-1.40,0.01,0.20,0.23,-0.30,-0.22,-1.50,2.88,1.10,2.55,2.56,-0.94,-0.40,,-4.90,-13.80,-1,-1.40,-1.50,,,,,,,-2.40,-1.70,,-0.90,-1.20,-0.30,-0.04,,,,,,,,-2.50,-2,-0.70,-0.80,0.10,,,,,-1.50,,-0.10,0.60,0.60,0.20,-1.40,,,-1.50,,,-0.30,,,3.50,2.90,-1.30,1.50,0.20,-0.80,
2008-12-24 00:50,-0.80,-1.54,-3.28,-1.22,-4.37,-2.42,-1.83,-1.10,-5.53,-1.18,-3.29,-3.02,-7,-3.70,-3.35,-3.91,-4.99,-8.68,-3.20,-5.45,-7.57,-7.78,-3.54,,-1.26,-1.41,-1.50,-3.50,-1.25,-2.70,-2.44,-0.95,-8.66,-2.95,-2.52,-2.60,-1.99,-2.38,-5.63,-2,-10.60,-11.73,-9.32,-1.24,-4.30,-1.16,-1.70,-1.65,-2.40,-1.92,-3.46,-0.25,-0.94,-0.35,-2.34,-2.03,-1.58,-1.90,-1.86,-1.64,-2.96,-2.80,-3.85,-7.87,-3.81,,0.69,-1.92,-1.20,-6.02,-2.26,-1.29,-0.76,-3.34,-2.29,0.12,0.20,-0.99,-0.50,-2.25,-2.51,-2.43,-2.19,-2.99,-1.39,-1.36,-2.19,-1.40,-0.23,-0.86,-3.11,-0.34,-0.16,-0.60,-0.39,-0.59,-0.76,0.20,-0.25,0.20,-0.61,-0.39,-0.41,-1.45,-1.64,-2.29,-1.54,-1.70,-0.70,-1.01,-0.31,-0.32,-0.04,-1.26,-2.49,-1.10,-2.50,-1.63,-1.52,-0.06,0.10,0.13,-0.36,-0.36,-1.64,2.86,1,2.47,2.56,-1.07,-0.60,,-5,-13.80,-1,-1.40,-1.60,,,,,,,-2.50,-1.80,,-0.90,-1.10,-0.30,-0.14,,,,,,,,-2.60,-2,-0.90,-0.90,0.10,,,,,-1.70,,0.10,0.40,0.50,0.20,-1.20,,,-1.70,,,-0.20,,,3.50,3,-1.30,1.50,0.10,-0.80,
2008-12-24 01:00,-0.80,-1.52,-3.29,-1.28,-4.37,-2.28,-1.78,-1.10,-5.57,-1.27,-3.33,-3.02,-7.14,-3.85,-3.38,-3.91,-5.06,-8.80,-3.20,-5.51,-7.61,-7.77,-3.53,,-1.16,-1.53,-1.61,-3.48,-1.28,-2.80,-2.41,-1.01,-8.83,-3.07,-2.56,-2.67,-1.91,-2.37,-5.76,-2.24,-10.60,-11.80,-9.35,-1.28,-4.40,-1.14,-1.70,-1.74,-2.44,-2.06,-3.52,-0.41,-0.89,-0.39,-2.34,-2.01,-1.58,-1.90,-1.90,-1.63,-2.93,-2.80,-3.81,-7.76,-3.92,,0.86,-2.01,-1.20,-6.61,-2.13,-1.30,-0.76,-2.96,-2.48,0.18,0,-1.15,-0.60,-2.52,-2.52,-2.70,-2.42,-3.07,-1.22,-1.57,-2.15,-1.40,-0.19,-0.82,-3.26,-0.31,-0.20,-0.60,-0.53,-0.66,-0.78,0.19,-0.34,0.14,-0.65,-0.35,-0.58,-1.45,-1.67,-2.26,-1.70,-1.70,-0.80,-1.22,-0.41,-0.36,-0.08,-1.34,-2.43,-1.41,-2.60,-1.79,-1.57,-0.16,0,0.14,-0.31,-0.47,-1.88,2.96,1.20,2.58,2.73,-1.06,-0.50,-2.20,-5.10,-13.80,-1,-1.50,-1.60,-0.20,-0.40,-9.90,-1.90,-2.70,-0.30,-2.60,-1.90,-1.80,-1.20,-1,-0.30,-0.10,-0.20,-1,0.40,-2.60,-1.40,-1.70,-2.60,-2.80,-2,-1,-0.90,0.10,0.20,0.30,-2.20,-2.50,-1.70,-0.80,0,0.40,0.70,0.10,-1,-3.40,-1.90,-1.60,-0.70,,-0.10,1,-0.40,3.50,3,-1.80,1.90,-0.20,-1.10,-0.20
2008-12-24 01:10,-0.70,-1.53,-3.33,-1.33,-4.32,-2.30,-1.86,-1.10,-5.64,-1.25,-3.34,-3.05,-7.13,-3.93,-3.44,-3.89,-5.12,-8.66,-3.30,-5.52,-7.60,-7.63,-3.57,,-1.15,-1.58,-1.67,-3.51,-1.29,-2.90,-2.44,-0.98,-8.72,-2.99,-2.54,-2.84,-1.90,-2.57,-5.75,-2.33,-10.60,-11.88,-9.42,-1.29,-4.50,-1.13,-1.80,-1.81,-2.46,-2.10,-3.48,-0.38,-1.02,-0.50,-2.44,-2.05,-1.59,-2,-1.74,-1.66,-2.96,-2.80,-3.80,-7.78,-3.96,,0.74,-2.17,-1.10,-6.92,-2.38,-1.44,-0.73,-2.89,-2.57,0.12,-0.20,-1.08,-0.76,-2.53,-2.47,-2.80,-2.50,-3.17,-1.18,-1.67,-2.20,-1.50,-0.11,-0.66,-3.31,-0.33,-0.15,-0.70,-0.62,-0.57,-0.89,0.19,-0.45,0.16,-0.59,-0.36,-0.72,-1.51,-1.73,-2.39,-1.62,-1.60,-0.83,-1.35,-0.48,-0.37,0.06,-1.24,-2.26,-1.33,-2.60,-1.82,-1.50,-0.37,0,0.18,-0.34,-0.43,-1.95,2.93,1.40,2.63,2.73,-1.27,-0.50,,-5.10,-13.80,-1,-1.50,-1.60,,,,,,,-2.80,-2,,-1.20,-1,-0.30,-0.31,,,,,,,,-2.70,-2.10,-1,-0.90,0.10,,,,,-1.80,,-0.10,0.40,0.70,0,-0.90,,,-1.60,,,-0.10,,,3.50,2.80,-2.20,1.90,-0.20,-1.10,
2008-12-24 01:20,-0.70,-1.49,-3.30,-1.41,-4.30,-2.31,-2.02,-1.30,-5.65,-1.29,-3.35,-3.13,-7.04,-4.06,-3.54,-3.93,-5.09,-8.63,-3.50,-5.56,-7.71,-7.74,-3.55,,-1.20,-1.69,-1.76,-3.58,-1.23,-3,-2.47,-1.12,-8.68,-2.97,-2.71,-2.78,-2.08,-2.66,-5.68,-2.26,-10.70,-11.98,-9.58,-1.14,-4.60,-1.15,-1.90,-1.83,-2.66,-2.09,-3.36,-0.49,-1.07,-0.60,-2.48,-2.16,-1.73,-2,-1.66,-1.75,-3.08,-2.90,-3.87,-7.79,-3.92,,0.88,-2.35,-1.20,-7.29,-2.70,-1.45,-0.69,-3.05,-2.68,0.08,-0.30,-1.02,-0.90,-2.56,-2.41,-3,-2.59,-3.34,-1.15,-1.85,-2.28,-1.40,-0.17,-0.66,-3.45,-0.48,-0.27,-0.60,-0.64,-0.63,-0.90,0.03,-0.48,0.15,-0.68,-0.35,-0.80,-1.53,-1.63,-2.38,-1.69,-1.60,-0.91,-1.58,-0.54,-0.40,0.07,-1.16,-1.99,-1.32,-2.60,-1.93,-1.62,-0.65,0,-0.03,-0.23,-0.39,-1.97,2.88,1.40,2.58,2.70,-1.39,-0.50,,-5.20,-13.90,-0.90,-1.50,-1.70,,,,,,,-2.90,-2,,-1.30,-1,-0.30,-0.34,,,,,,,,-2.70,-2.20,-1,-1.10,0.10,,,,,-1.80,,-0.10,0.30,0.80,0,-0.90,,,-1.50,,,-0.10,,,3.50,2.70,-2.20,2,-0.30,-1.20,
2008-12-24 01:30,-0.80,-1.41,-3.34,-1.53,-4.45,-2.44,-2.04,-1.30,-5.71,-1.30,-3.41,-3.16,-7.26,-4.07,-3.59,-3.96,-5.15,-8.62,-3.60,-5.60,-7.75,-7.84,-3.62,,-1.17,-1.78,-1.81,-3.69,-1.18,-3,-2.51,-1.27,-8.83,-3.04,-2.83,-2.62,-2.14,-2.56,-5.79,-2.20,-10.70,-11.84,-9.64,-1.05,-4.60,-1.14,-1.90,-1.86,-2.74,-2.18,-3.37,-0.53,-1.13,-0.62,-2.51,-2.34,-1.74,-2.10,-1.72,-1.78,-3.05,-2.80,-3.93,-7.75,-3.92,,1.06,-2.43,-1.10,-7.48,-2.86,-1.27,-0.59,-3.08,-2.75,-0.02,-0.60,-1.24,-0.80,-2.49,-2.30,-2.90,-2.68,-3.31,-1.26,-1.92,-2.21,-1.40,-0.29,-0.74,-3.57,-0.70,-0.40,-0.60,-0.68,-0.73,-1,-0.13,-0.43,0.05,-0.65,-0.33,-0.80,-1.52,-1.62,-2.44,-1.72,-1.80,-1.03,-1.76,-0.63,-0.40,0.09,-1.25,-1.70,-1.31,-2.40,-2.16,-1.53,-0.69,0.10,-0.11,-0.18,-0.34,-1.89,2.73,1.30,2.56,2.78,-1.56,-0.60,,-5.20,-13.90,-0.80,-1.60,-1.80,,,,,,,-2.90,-2.20,,-1.50,-1,-0.30,-0.41,,,,,,,,-2.70,-2.30,-1.10,-1.10,0.10,,,,,-1.80,,-0.10,0.30,0.80,0,-0.70,,,-1.50,,,-0.10,,,3.60,2.60,-2.30,2,-0.40,-1.10,
2008-12-24 01:40,-0.80,-1.31,-3.41,-1.55,-4.48,-2.43,-2.08,-1.30,-5.69,-1.34,-3.47,-3.28,-7.22,-4.06,-3.69,-4.07,-5.11,-8.75,-3.70,-5.66,-7.84,-7.93,-3.75,,-1.26,-1.79,-1.92,-3.79,-1.12,-3.10,-2.53,-1.28,-8.82,-3.10,-2.82,-2.79,-1.95,-2.56,-5.89,-2.08,-10.70,-11.91,-9.72,-1.19,-4.70,-1.10,-1.90,-1.92,-2.74,-2.15,-3.40,-0.79,-1.21,-0.77,-2.50,-2.27,-1.74,-2.10,-1.86,-1.86,-3.14,-2.80,-3.92,-7.83,-3.90,,1.05,-2.32,-1.10,-7.67,-2.96,-1.44,-0.33,-2.89,-2.67,-0.04,-0.80,-1.26,-0.70,-2.73,-2.33,-2.70,-2.75,-3.36,-1.35,-1.93,-2.16,-1.40,-0.40,-0.94,-3.62,-0.83,-0.51,-0.50,-0.80,-0.77,-1.06,-0.27,-0.47,-0.31,-0.54,-0.23,-0.77,-1.62,-1.65,-2.55,-1.83,-1.80,-0.96,-1.91,-0.76,-0.37,0.06,-1.29,-1.74,-1.41,-2.40,-2.22,-1.43,-1.06,0,0.10,-0.20,-0.34,-1.82,2.65,1.30,2.41,2.75,-1.77,-0.60,,-5.20,-13.90,-0.90,-1.60,-1.90,,,,,,,-3.10,-2.30,,-1.60,-0.90,-0.30,-0.60,,,,,,,,-2.90,-2.30,-1.10,-1.20,0,,,,,-1.90,,-0.10,0.10,0.90,0,-0.70,,,-1.80,,,-0.10,,,3.60,2.60,-2.40,1.90,-0.40,-1.10,
2008-12-24 01:50,-0.90,-1.36,-3.41,-1.65,-4.66,-2.47,-2.19,-1.30,-5.66,-1.43,-3.55,-3.40,-7.34,-4.14,-3.81,-4.22,-5.26,-8.92,-3.80,-5.92,-7.89,-7.96,-3.81,,-1.32,-1.92,-2.01,-3.83,-1.03,-3.10,-2.53,-1.53,-8.93,-3.14,-2.80,-2.92,-2.35,-2.66,-5.94,-2.28,-10.90,-11.88,-9.71,-1.28,-4.70,-1.06,-1.90,-1.89,-2.70,-2.27,-3.58,-0.81,-1.28,-0.68,-2.58,-2.25,-1.85,-2.20,-2.02,-1.85,-3.20,-2.90,-4.01,-7.95,-4.02,,1.16,-2.33,-1.50,-7.39,-2.97,-1.41,-0.21,-2.47,-2.97,-0.05,-1.10,-1.35,-0.50,-2.86,-2.29,-2.60,-2.75,-3.37,-1.26,-1.80,-1.98,-1.60,-0.49,-1.19,-3.69,-1,-0.72,-0.60,-0.79,-0.52,-1.07,-0.22,-0.51,-0.70,-0.74,-0.28,-0.64,-1.40,-1.67,-2.74,-1.92,-1.80,-1.11,-1.96,-0.84,-0.38,0.04,-1.33,-1.86,-1.59,-2.30,-2.21,-1.51,-1.51,0,-0.15,-0.22,-0.22,-1.96,2.57,1.30,2.36,2.65,-1.88,-0.60,,-5.30,-14,-1,-1.50,-2,,,,,,,-3.20,-2.30,,-1.70,-0.90,-0.30,-0.80,,,,,,,,-3,-2.40,-1.20,-1.20,0.10,,,,,-1.80,,-0.10,0.10,0.90,0.10,-0.60,,,-2,,,-0.10,,,3.60,2.70,-2.50,1.80,-0.50,-1.10,
2008-12-24 02:00,-0.90,-1.35,-3.51,-1.71,-4.59,-2.46,-2.34,-1.30,-5.68,-1.58,-3.59,-3.57,-7.50,-4.23,-3.81,-4.41,-5.50,-9.08,-3.80,-5.92,-7.84,-8.13,-3.85,,-1.39,-1.94,-1.90,-3.81,-1.03,-3.20,-2.57,-1.54,-9.06,-3.27,-2.96,-3.12,-2.46,-2.80,-6.11,-2.18,-10.90,-11.94,-9.75,-1.25,-4.80,-1.09,-1.90,-1.89,-2.56,-2.30,-3.66,-0.80,-1.33,-0.80,-2.70,-2.25,-1.90,-2.30,-2.19,-1.81,-3.20,-3,-4.12,-7.99,-4.04,,1.28,-2.22,-1.50,-7.40,-2.69,-1.45,-0.20,-2.25,-3.34,-0.18,-1.30,-1.45,-0.40,-2.95,-2.29,-2.60,-2.95,-3.33,-1.32,-1.92,-2.02,-1.70,-0.61,-1.19,-3.77,-1.25,-0.95,-0.60,-0.66,-0.65,-1.06,-0.10,-0.54,-0.65,-0.71,-0.38,-0.56,-1.35,-1.69,-2.90,-1.89,-1.80,-1.08,-2.15,-0.86,-0.34,0.07,-1.40,-1.78,-1.71,-2.20,-2.23,-1.45,-1.56,0,-0.04,-0.23,0.12,-1.94,2.51,1.50,2.39,2.67,-1.69,-0.60,-2.30,-5.30,-14,-0.90,-1.60,-2.10,-0.50,-1,-9.70,-2.30,-2.90,-0.50,-3.30,-2.20,-1.60,-2,-0.90,-0.30,-1,-0.50,-0.30,0.40,-0.80,-0.60,-1.60,-2.70,-3,-2.50,-1.30,-1.30,0.10,0.70,-0.80,-0.90,-2.40,-2,-1.60,-0.20,0.10,1.20,0.20,-0.50,-3.10,-1.70,-2.20,-1,,0,1,0.10,3.60,2.60,-2.50,1.90,-0.50,-1.10,-0.10
2008-12-24 02:10,-1,-1.37,-3.65,-1.69,-4.70,-2.53,-2.54,-1.40,-5.69,-1.66,-3.64,-3.67,-7.62,-4.35,-3.83,-4.47,-5.75,-9.06,-4.10,-5.92,-7.90,-8.31,-3.91,,-1.45,-1.81,-1.92,-3.77,-1.03,-3.20,-2.43,-1.48,-9.05,-3.52,-3.16,-3.12,-2.54,-2.93,-6.08,-2.24,-10.90,-12.04,-9.80,-1.27,-4.80,-1.19,-1.90,-1.94,-2.61,-2.34,-3.50,-0.83,-1.49,-0.78,-2.74,-2.42,-2.02,-2.30,-2.21,-1.76,-3.26,-3,-4.21,-7.93,-3.97,,1.11,-2.01,-1.80,-7.37,-2,-1.37,-0.11,-2.34,-3.23,-0.05,-1.30,-1.45,-0.40,-3.13,-2.27,-2.38,-3.04,-3.33,-1.22,-2.01,-2.04,-1.70,-0.75,-1.22,-3.87,-1.43,-1.30,-0.60,-0.74,-0.66,-1.11,-0.03,-0.63,-0.54,-0.67,-0.36,-0.32,-1.38,-1.54,-3.45,-1.84,-1.90,-1.17,-2.35,-0.91,-0.32,0.11,-1.46,-1.86,-1.88,-2.10,-2.41,-1.50,-1.35,0,0.08,-0.17,-0.07,-2.03,2.48,1.50,2.57,2.72,-1.59,-0.50,,-5.30,-14,-0.90,-1.60,-2.10,,,,,,,-3.40,-2.20,,-2,-0.90,-0.30,-1.15,,,,,,,,-3.10,-2.50,-1.10,-1.20,0.10,,,,,-2,,-0.20,0.10,1.20,0.20,-0.50,,,-2.20,,,0,,,3.50,2.50,-2.30,1.90,-0.50,-1.10,
2008-12-24 02:20,-1,-1.39,-3.60,-1.72,-4.80,-2.63,-2.64,-1.50,-5.72,-1.74,-3.65,-3.77,-7.66,-4.56,-3.81,-4.44,-5.90,-9.20,-4.20,-6.06,-7.97,-8.09,-3.92,,-1.55,-1.85,-1.98,-3.76,-0.97,-3.20,-2.49,-1.58,-8.98,-3.55,-3.25,-3.28,-2.67,-2.98,-6.10,-2.15,-11,-12.20,-9.76,-1.49,-5,-1.19,-1.90,-1.98,-2.47,-2.36,-3.41,-1.07,-1.55,-0.82,-2.82,-2.48,-2.06,-2.40,-2.17,-1.81,-3.35,-3,-4.16,-7.93,-3.94,,1.17,-1.91,-1.90,-7.22,-1.47,-1.30,-0.05,-2.31,-3.35,0,-1.10,-1.50,-0.40,-3.31,-2.30,-2.36,-2.93,-3.37,-1.24,-2.03,-2.15,-1.80,-0.84,-1.37,-3.84,-1.52,-1.68,-0.60,-0.93,-0.68,-1.26,0.02,-0.71,-0.35,-0.70,-0.36,-0.26,-1.41,-1.36,-3.74,-1.78,-2,-1.43,-2.53,-0.88,-0.32,0.23,-1.35,-2.06,-1.89,-2,-2.44,-1.71,-1.08,0,-0.08,-0.11,0.10,-2.06,2.52,1.40,2.67,2.64,-1.63,-0.60,,-5.30,-14.10,-1,-1.70,-2.10,,,,,,,-3.60,-2.10,,-2.20,-0.80,-0.40,-1.14,,,,,,,,-3.20,-2.50,-1.10,-1.10,0,,,,,-2,,-0.20,0.10,1.40,0.30,-0.50,,,-2.40,,,0,,,3.70,2.40,-2.30,1.90,-0.40,-1,
2008-12-24 02:30,-1.10,-1.41,-3.59,-1.68,-4.80,-2.75,-2.70,-1.60,-5.76,-1.82,-3.69,-3.79,-7.69,-4.63,-3.89,-4.57,-6.02,-9.08,-4.50,-6.11,-8.04,-8.06,-4.21,,-1.52,-1.88,-1.91,-3.96,-0.95,-3.20,-2.54,-1.70,-9.13,-3.67,-3.13,-3.24,-2.58,-2.82,-6.10,-2.34,-11,-12.26,-9.92,-1.57,-5.20,-1.31,-1.90,-2.01,-2.37,-2.33,-3.42,-1.35,-1.65,-0.79,-2.89,-2.56,-2.03,-2.40,-2.18,-1.86,-3.36,-3,-4.22,-8.01,-3.99,,1.22,-1.73,-1.90,-6.57,-0.96,-1.06,-0.07,-2.20,-3.24,0.04,-0.90,-1.47,-0.50,-3.05,-2.43,-2.40,-3.08,-3.33,-1.26,-2.14,-2.26,-1.80,-0.89,-1.36,-3.95,-1.67,-1.78,-0.60,-1.09,-0.71,-1.40,-0.05,-0.90,-0.25,-0.70,-0.40,0.08,-1.32,-1.26,-3.95,-1.86,-2,-1.54,-2.44,-0.96,-0.31,0.25,-1.33,-2.21,-1.62,-2.10,-2.43,-1.79,-1.19,-0.10,-0.19,-0.27,0.11,-2.01,2.45,1.30,2.46,2.64,-1.69,-0.70,,-5.30,-14.10,-1,-1.70,-2.20,,,,,,,-3.70,-2.20,,-2.20,-0.80,-0.40,-1,,,,,,,,-3.30,-2.50,-1.20,-1.20,0,,,,,-2.10,,-0.20,0.10,1.40,0.40,-0.40,,,-2.50,,,-0.10,,,3.70,2.50,-2.50,1.90,-0.40,-1,
2008-12-24 02:40,-1.20,-1.40,-3.65,-1.71,-4.80,-2.76,-2.73,-1.60,-5.72,-1.89,-3.74,-3.81,-7.62,-4.55,-4.09,-4.63,-6.05,-9.19,-4.70,-6.28,-8.11,-8.02,-4.68,,-1.55,-1.98,-1.99,-3.97,-0.99,-3.30,-2.49,-1.81,-9.06,-3.73,-3.13,-3.11,-2.48,-3,-6.23,-2.44,-11,-12.29,-10.14,-1.58,-5.30,-1.39,-1.90,-2.12,-2.51,-2.38,-3.47,-1.31,-1.60,-0.87,-2.90,-2.40,-2.09,-2.40,-2.18,-1.99,-3.48,-3,-4.37,-7.98,-4.05,,1.14,-1.59,-2,-6.15,-0.56,-0.99,-0.13,-2.17,-3.15,0.04,-0.70,-1.44,-0.50,-2.87,-2.45,-2.41,-2.98,-3.32,-1.30,-2.25,-2.27,-1.90,-0.81,-1.37,-4.06,-1.75,-1.94,-0.80,-1.21,-0.67,-1.39,-0.13,-0.90,-0.20,-0.80,-0.48,0.06,-1.32,-1.26,-4.14,-1.81,-2.20,-1.69,-2.39,-1.10,-0.36,0.26,-1.42,-2.25,-1.37,-2.10,-2.50,-1.68,-1.57,-0.10,-0.26,-0.26,-0.06,-2.04,2.30,1.20,2.40,2.59,-1.81,-0.80,,-5.40,-14.10,-1,-1.70,-2.20,,,,,,,-3.80,-2.20,,-2.40,-0.90,-0.50,-1.04,,,,,,,,-3.30,-2.50,-1.20,-1.30,0,,,,,-2.20,,-0.40,0.20,1.60,0.40,-0.40,,,-2.50,,,-0.10,,,3.80,2.60,-2.50,1.80,-0.50,-0.90,
2008-12-24 02:50,-1.20,-1.42,-3.74,-1.78,-4.80,-2.66,-2.64,-1.60,-5.90,-1.84,-3.80,-3.70,-7.68,-4.75,-4.15,-4.63,-6.05,-9.29,-5,-6.45,-8.19,-8.16,-5.31,,-1.64,-2,-2.01,-3.99,-1,-3.40,-2.54,-1.88,-9.05,-3.74,-3.08,-3.12,-2.38,-3.08,-6.32,-2.38,-11.20,-12.32,-10.22,-1.59,-5.50,-1.39,-2,-2.08,-2.40,-2.42,-3.53,-1.49,-1.71,-1.07,-2.97,-2.62,-2.23,-2.40,-2.36,-2.01,-3.39,-3.10,-4.39,-8.03,-4.12,,1.17,-1.51,-2,-5.74,-0.37,-1.07,-0.07,-2.20,-3.13,0.11,-0.60,-1.37,-0.70,-2.66,-2.52,-2.49,-3.19,-3.26,-1.36,-2.25,-2.16,-1.80,-1.02,-1.44,-4.20,-1.77,-2.28,-0.90,-0.95,-0.73,-1.48,-0.25,-0.77,-0.18,-0.83,-0.68,0.16,-1.27,-1.30,-3.64,-1.86,-2.30,-1.84,-2.65,-1.20,-0.32,0.34,-1.51,-2.30,-1.34,-2.10,-2.49,-1.66,-1.64,-0.30,-0.29,-0.25,-0.17,-2.07,2.36,1.10,2.52,2.76,-1.92,-0.90,,-5.50,-14.20,-1,-1.70,-2.20,,,,,,,-3.90,-2.20,,-2.40,-0.90,-0.70,-0.97,,,,,,,,-3.30,-2.50,-1.30,-1.20,0.10,,,,,-2.20,,-0.70,0.20,1.60,0.40,,,,-2.50,,,-0.10,,,3.80,2.60,-2.40,1.70,-0.50,-0.90,
2008-12-24 03:00,-1.20,-1.45,-3.72,-1.89,-4.90,-2.58,-2.57,-1.70,-5.83,-1.83,-3.91,-3.74,-7.55,-4.61,-4.18,-4.67,-6.06,-9.40,-5.30,-6.47,-8.13,-8.20,-6.06,,-1.74,-2,-2.08,-4.05,-1.03,-3.40,-2.60,-1.73,-9.09,-3.57,-3.13,-3.19,-2.52,-3.08,-6.29,-2.36,-11.30,-12.51,-10.13,-1.46,-5.60,-1.39,-2,-2.09,-2.41,-2.38,-3.49,-1.41,-1.85,-1.20,-2.96,-2.65,-2.17,-2.40,-2.37,-2.14,-3.39,-3.20,-4.42,-8.01,-4.13,,1.40,-1.42,-1.80,-5.42,-0.34,-0.89,-0.02,-2.04,-2.93,0.23,-0.60,-1.28,-0.80,-2.62,-2.57,-2.70,-3.05,-3.17,-1.63,-2.31,-2.16,-1.80,-1.09,-1.45,-4.26,-1.75,-2.28,-0.90,-1.07,-0.71,-1.29,-0.45,-0.70,-0.26,-0.80,-0.89,0.25,-1.31,-1.37,-3.14,-1.90,-2.30,-1.92,-2.88,-1.35,-0.31,0.32,-1.60,-2.33,-1.36,-2,-2.43,-1.76,-1.59,-0.30,-0.14,-0.16,-0.09,-1.94,2.32,1.10,2.45,2.76,-2.01,-0.80,-2.40,-5.60,-14.20,-1.20,-1.70,-2.30,-0.70,-1.20,-9.40,-1.70,-2.60,-0.40,-3.90,-2.10,-1.70,-2.50,-1,-0.80,-0.60,-0.50,-0.80,0.40,-0.90,-0.10,-1.80,-2.80,-3.30,-2.50,-1.20,-1.30,0,0.70,-0.90,-0.80,-2.60,-2.30,-2.30,-0.90,0.20,1.80,0.50,-0.20,-2,-1.70,-2.60,-1.20,-1,-0.10,1.40,0.60,3.80,2.70,-2.20,2,-0.40,-1,-0.20
2008-12-24 03:10,-1.30,-1.45,-3.77,-1.95,-5.04,-2.49,-2.56,-1.80,-6.01,-1.89,-3.92,-3.80,-7.56,-4.80,-4.23,-4.75,-6.09,-9.37,-5.60,-6.59,-8.22,-8.19,-6.42,,-1.78,-1.98,-2.13,-4,-1.13,-3.40,-2.67,-1.75,-9.23,-3.57,-3.04,-3.18,-2.49,-3.10,-6.35,-2.33,-11.40,-12.40,-10.28,-1.52,-5.30,-1.36,-2,-2.06,-2.40,-2.44,-3.37,-1.39,-1.92,-1.15,-2.92,-2.88,-2.25,-2.50,-2.58,-2.25,-3.55,-3.20,-4.39,-7.99,-4.19,,1.41,-1.38,-1.80,-5.06,-0.24,-0.63,0.07,-1.97,-2.86,0.26,-0.80,-1.25,-0.90,-2.66,-2.45,-2.60,-2.74,-3.19,-1.69,-2.55,-2.09,-1.80,-1.21,-1.57,-4.35,-1.85,-2.22,-1.20,-1.21,-0.61,-1.20,-0.65,-0.79,-0.43,-0.88,-0.96,0.27,-1.32,-1.30,-2.83,-1.94,-2.50,-2,-2.87,-1.45,-0.36,0.47,-1.73,-2.31,-1.46,-2.10,-2.24,-1.60,-1.34,-0.50,0.07,-0.27,0.09,-1.83,2.30,1,2.34,2.75,-2,-0.70,,-5.50,-14.20,-1.20,-1.80,-2.50,,,,,,,-4,-2.20,,-2.50,-1.10,-1,-0.85,,,,,,,,-3.30,-2.50,-1.30,-1.30,0,,,,,-2.30,,-1.10,0.40,1.80,0.50,-0.20,,,-2.60,,,-0.20,,,3.90,2.70,-2.40,2,-0.40,-1,
2008-12-24 03:20,-1.30,-1.42,-3.83,-1.98,-5,-2.65,-2.64,-1.80,-6.02,-1.79,-3.97,-3.78,-7.52,-5.04,-4.30,-4.74,-6,-9.38,-5.50,-6.75,-8.34,-8.31,-6.64,,-1.67,-1.93,-2.15,-4.07,-1.19,-3.40,-2.71,-1.60,-9.19,-3.67,-3.24,-3.31,-2.45,-3.11,-6.34,-2.35,-11.50,-12.33,-10.45,-1.55,-5.40,-1.38,-2,-2.12,-2.34,-2.47,-3.54,-1.08,-1.95,-1.20,-2.89,-2.81,-2.39,-2.50,-2.53,-2.24,-3.50,-3.20,-4.44,-8.02,-4.18,,1.45,-1.25,-1.70,-4.81,-0.16,-0.68,0.08,-1.96,-2.70,0.24,-1,-1.26,-0.90,-2.79,-2.36,-2.60,-2.64,-3.23,-1.74,-2.60,-2.24,-1.90,-1.23,-1.71,-4.41,-1.98,-2.37,-1.50,-1.10,-0.71,-1.19,-0.74,-0.85,-0.48,-0.88,-0.89,0.42,-1.32,-1.27,-2.61,-2.01,-2.70,-2.15,-2.90,-1.47,-0.34,0.58,-1.83,-2.29,-1.76,-2.20,-2.29,-1.43,-1.40,-0.40,-0.14,-0.26,0.13,-1.69,2.34,0.90,2.37,2.84,-2.05,-0.80,,-5.60,-14.30,-1.10,-1.80,-2.50,,,,,,,-4,-2.20,,-2.60,-1.40,-1.20,-0.75,,,,,,,,-3.30,-2.60,-1.40,-1.50,0,,,,,-2.30,,-1.40,0.30,1.80,0.60,-0.20,,,-2.70,,,-0.20,,,3.90,2.80,-2.40,1.90,-0.40,-1,
2008-12-24 03:30,-1.40,-1.41,-3.91,-1.92,-4.99,-2.48,-2.67,-1.80,-6.02,-1.79,-4.02,-3.83,-7.56,-4.83,-4.25,-4.68,-5.91,-9.52,-5.30,-7.14,-8.38,-8.45,-7.25,,-1.60,-2.05,-2.17,-4.12,-1.24,-3.40,-2.61,-1.60,-9.15,-3.70,-3.24,-3.31,-2.27,-2.99,-6.45,-2.47,-11.50,-12.22,-10.63,-1.66,-5.60,-1.42,-2.10,-2.24,-2.33,-2.46,-3.51,-1.01,-1.94,-1.13,-2.92,-2.82,-2.37,-2.50,-2.49,-2.15,-3.47,-3.30,-4.39,-8.02,-4.15,,1.48,-1.21,-1.70,-4.51,-0.07,-0.81,0.20,-1.91,-2.60,0.35,-0.80,-1.05,-0.90,-2.90,-2.35,-2.70,-2.55,-3.26,-1.77,-2.81,-2.56,-1.90,-1.26,-1.69,-4.38,-2,-2.43,-1.60,-0.99,-0.80,-1.21,-0.83,-0.86,-0.56,-0.88,-0.92,0.44,-1.36,-1.29,-2.44,-2.03,-2.60,-2.11,-2.95,-1.40,-0.25,0.75,-1.82,-2.28,-1.84,-2.40,-2.29,-1.64,-1.74,-0.40,-0.22,-0.39,0.07,-1.55,2.48,0.80,2.29,2.71,-2.15,-0.70,,-5.80,-14.30,-1.20,-1.80,-2.50,,,,,,,-4,-2.20,,-2.60,-1.60,-1.40,-0.77,,,,,,,,-3.30,-2.70,-1.50,-1.60,0,,,,,-2.20,,-1.30,0.30,1.90,0.70,-0.10,,,-2.90,,,-0.20,,,4,2.90,-2.10,1.80,-0.50,-1.10,
2008-12-24 03:40,-1.50,-1.41,-3.93,-1.88,-5.04,-2.52,-2.73,-1.90,-6.05,-1.86,-4.02,-3.75,-7.54,-4.92,-4.40,-4.70,-5.94,-9.58,-5.50,-7.42,-8.39,-8.58,-7.84,,-1.66,-2.13,-2.11,-4.19,-1.35,-3.40,-2.68,-1.53,-9.23,-3.72,-3.29,-3.30,-2.24,-3.08,-6.47,-2.46,-11.60,-12.07,-11.21,-1.62,-5.70,-1.37,-2.20,-2.23,-2.59,-2.53,-3.42,-0.93,-1.92,-1.01,-3.02,-3.02,-2.34,-2.50,-2.50,-2.22,-3.46,-3.20,-4.38,-8.04,-4.24,,1.57,-1.20,-1.60,-4.29,-0.17,-0.86,0.40,-1.96,-2.59,0.56,-0.80,-0.84,-0.90,-2.88,-2.31,-2.70,-2.64,-3.34,-1.81,-2.85,-2.63,-1.90,-1.26,-1.76,-4.54,-2.13,-2.35,-1.70,-1.12,-0.82,-1.19,-1.06,-0.86,-0.49,-0.77,-0.78,0.45,-1.38,-1.30,-2.15,-2.04,-2.60,-2.24,-3.05,-1.46,-0.24,0.76,-1.90,-2.27,-1.88,-2.50,-2.34,-1.91,-1.95,-0.40,-0.44,-0.33,0.11,-1.51,2.44,0.70,2.19,2.27,-2.26,-0.90,,-5.80,-14.40,-1.30,-1.90,-2.50,,,,,,,-4.10,-2.20,,-2.60,-1.70,-1.50,-0.87,,,,,,,,-3.30,-2.70,-1.60,-1.70,0,,,,,-2.20,,-1.50,0.30,1.90,0.70,,,,-2.90,,,-0.20,,,4,2.90,-1.80,1.80,-0.50,-1,
2008-12-24 03:50,-1.60,-1.46,-3.95,-1.82,-5.03,-2.43,-2.86,-2,-6.13,-1.97,-4.04,-3.83,-7.56,-5.03,-4.41,-4.78,-5.92,-9.55,-5.80,-7.55,-8.51,-8.53,-8.23,,-1.72,-2.22,-2.18,-4.25,-1.48,-3.40,-2.76,-1.53,-9.29,-3.76,-3.33,-3.33,-2.34,-3.10,-6.46,-2.52,-11.60,-12.04,-11.32,-1.57,-5.90,-1.43,-2.20,-2.34,-2.48,-2.55,-3.51,-0.96,-1.78,-1.02,-3.06,-3.04,-2.48,-2.60,-2.47,-2.27,-3.46,-3.20,-4.38,-8.08,-4.23,,1.59,-1.15,-1.40,-4.06,-0.12,-0.90,0.49,-2.10,-2.51,0.47,-0.80,-0.81,-0.90,-2.68,-2.36,-2.80,-2.62,-3.39,-1.89,-2.84,-2.65,-2,-1.43,-1.68,-4.52,-2.24,-2.49,-1.80,-1.31,-0.90,-1.25,-1.17,-0.93,-0.46,-0.83,-0.63,0.70,-1.33,-1.24,-1.90,-2.06,-2.60,-2.37,-3.20,-1.42,-0.22,0.98,-1.93,-2.17,-1.91,-2.60,-2.61,-2.15,-1.97,-0.50,-0.35,-0.37,-0.19,-1.49,2.58,0.80,2.36,2.33,-2.17,-0.90,,-6,-14.40,-1.30,-2,-2.60,,,,,,,-4,-2,,-2.80,-1.90,-1.60,-0.99,,,,,,,,-3.30,-2.60,-1.50,-1.80,0.10,,,,,-2.20,,-1.50,0.30,2,0.90,-0.10,,,-3,,,-0.20,,,4,3,-1.70,1.90,-0.60,-1,
2008-12-24 04:00,-1.70,-1.54,-3.91,-1.78,-5,-2.31,-2.85,-2,-6.21,-1.96,-4.07,-3.81,-7.51,-5.18,-4.45,-4.96,-5.89,-9.65,-6.10,-7.34,-8.57,-8.44,-7.73,,-1.82,-2.23,-2.33,-4.19,-1.40,-3.50,-2.86,-1.49,-9.34,-3.63,-3.33,-3.42,-2.23,-3.05,-6.72,-2.58,-11.70,-12.11,-11.37,-1.54,-6,-1.49,-2.20,-2.34,-2.75,-2.56,-3.55,-0.99,-1.82,-1.08,-3.03,-2.94,-2.42,-2.60,-2.41,-2.41,-3.52,-3.20,-4.36,-8.13,-4.29,,1.75,-1.04,-1.30,-3.97,-0.08,-0.87,0.62,-1.99,-2.30,0.38,-0.80,-0.74,-0.90,-2.57,-2.31,-2.90,-2.51,-3.56,-1.85,-2.87,-2.78,-2.10,-1.44,-1.87,-4.41,-2.31,-2.58,-1.90,-1.64,-0.98,-1.38,-1.16,-0.97,-0.34,-0.84,-0.57,0.78,-1.28,-1.25,-1.91,-2.10,-2.70,-2.46,-3.22,-1.48,-0.23,0.96,-1.97,-2.27,-1.92,-2.80,-2.67,-2.32,-2.32,-0.40,-0.58,-0.35,-0.02,-1.60,2.51,0.80,2.35,2.36,-2.33,-0.80,-2.40,-6.10,-14.40,-1.30,-2,-2.40,-1,-0.90,-8,-1.70,-2.10,-0.40,-3.90,-2,-1.90,-2.90,-1.90,-1.60,-0.90,,-0.30,0.90,-0.90,0,-1.80,-3.10,-3.60,-2.70,-1.50,-1.80,0.10,1.30,-0.20,-0.40,-2.80,-2.40,-2.60,-1.60,0.30,2.10,1.20,0,,-1.40,-2.90,-1.40,,1,1.40,0.60,4.10,3,-1.40,1.90,-0.60,-1,-0.30
2008-12-24 04:10,-1.90,-1.63,-3.88,-1.81,-5.03,-2.35,-2.73,-2,-6.21,-1.97,-4.20,-3.87,-7.51,-5.47,-4.44,-4.79,-5.88,-9.70,-6.80,-7.08,-8.55,-8.53,-7.54,,-1.97,-2.34,-2.37,-4.26,-1.49,-3.50,-2.91,-1.39,-9.31,-3.77,-3.37,-3.34,-2.37,-3.26,-6.75,-2.52,-11.70,-11.97,-11.77,-1.50,-6,-1.50,-2.30,-2.37,-2.61,-2.58,-3.54,-1.11,-1.74,-1.14,-2.97,-2.96,-2.45,-2.60,-2.38,-2.36,-3.57,-3.20,-4.40,-8.07,-4.27,,1.87,-0.88,-1.20,-3.88,0.15,-0.82,0.72,-2,-2.29,0.28,-0.70,-0.63,-0.80,-2.38,-2.36,-3,-2.40,-3.43,-1.70,-2.98,-2.84,-2.10,-1.44,-1.87,-4.44,-2.36,-2.72,-2,-1.90,-1.10,-1.57,-1.34,-1.15,-0.29,-0.85,-0.60,0.87,-1.17,-1.35,-1.63,-2.09,-2.70,-2.49,-3.35,-1.49,-0.17,0.93,-1.99,-2.39,-1.92,-2.90,-2.83,-2.33,-2.50,-0.30,-0.63,-0.39,-0.15,-1.40,2.45,0.80,2.41,2.79,-2.16,-0.80,,-6,-14.50,-1.30,-2,-2.40,,,,,,,-3.90,-2.10,,-3,-2,-1.80,-1.20,,,,,,,,-3.80,-2.70,-1.70,-1.70,0.10,,,,,-2.40,,-1.70,0.30,2.10,1.20,0,,,-2.90,,,-0.20,,,4.10,3,-1.30,1.80,-0.60,-1,
2008-12-24 04:20,-2,-1.58,-3.94,-1.96,-5,-2.46,-2.62,-2,-6.21,-2.02,-4.24,-3.89,-7.53,-5.27,-4.43,-5.01,-5.83,-9.76,-7.30,-6.86,-8.55,-8.39,-7.94,,-2.09,-2.32,-2.38,-4.34,-1.52,-3.50,-2.89,-1.36,-9.36,-3.70,-3.39,-3.42,-2.15,-3.35,-6.69,-2.53,-11.80,-12.22,-11.84,-1.54,-6.10,-1.53,-2.30,-2.43,-2.65,-2.65,-3.59,-1.19,-1.70,-1.22,-3,-3.01,-2.48,-2.70,-2.51,-2.29,-3.59,-3.20,-4.41,-8.10,-4.26,,2.14,-0.82,-0.90,-3.70,0.35,-0.82,0.78,-2.06,-2.23,0.15,-0.60,-0.55,-0.70,-2.39,-2.38,-3.10,-2.44,-3.53,-1.59,-3.12,-2.86,-2.10,-1.45,-2.16,-4.56,-2.43,-2.85,-2,-1.95,-1.38,-1.65,-1.23,-1.22,-0.32,-0.85,-0.69,0.98,-1.01,-1.29,-1.56,-2.18,-2.70,-2.43,-3.37,-1.50,-0.19,1.11,-1.90,-2.37,-1.86,-2.90,-2.77,-2.33,-2.58,-0.40,-0.44,-0.36,-0.04,-1.12,2.47,0.60,2.34,2.71,-2,-0.80,,-6,-14.50,-1.30,-2,-2.40,,,,,,,-3.90,-2.10,,-3,-2.10,-1.90,-1.30,,,,,,,,-3.90,-2.70,-1.70,-1.60,0.10,,,,,-2.40,,-1.80,0.40,2.20,1.40,0,,,-3,,,-0.30,,,4.10,3,-1.20,1.80,-0.80,-0.80,
2008-12-24 04:30,-2,-1.57,-3.93,-2.03,-5.10,-2.65,-2.58,-2,-6.30,-2.17,-4.33,-4,-7.60,-5.07,-4.53,-4.91,-5.86,-9.84,-7.70,-6.79,-8.56,-8.57,-8.16,,-2.05,-2.38,-2.42,-4.37,-1.58,-3.50,-2.93,-1.42,-9.29,-3.70,-3.44,-3.50,-2.09,-3.30,-6.61,-2.57,-11.80,-12.02,-11.99,-1.59,-6.20,-1.58,-2.40,-2.42,-2.50,-2.69,-3.61,-1.23,-1.65,-1.31,-3.09,-3.01,-2.50,-2.70,-2.45,-2.27,-3.67,-3.20,-4.49,-8.16,-4.36,,2.03,-0.78,-0.80,-3.49,0.58,-0.81,0.92,-2.07,-2.21,0.21,-0.60,-0.47,-0.80,-2.44,-2.53,-3.20,-2.40,-3.55,-1.66,-3.23,-2.83,-2.10,-1.50,-2.14,-4.57,-2.54,-2.97,-2,-2.13,-1.33,-1.77,-1.40,-1.25,-0.45,-0.86,-0.79,1.04,-0.95,-1.43,-1.54,-2.14,-2.70,-2.55,-3.37,-1.58,-0.09,1.19,-1.95,-2.37,-1.83,-2.90,-2.82,-2.53,-2.64,-0.40,-0.36,-0.34,-0.14,-0.74,2.38,0.50,2.43,2.47,-2.16,-0.80,,-6,-14.60,-1.30,-2.10,-2.30,,,,,,,-4,-2.10,,-3,-2.20,-1.90,-1.44,,,,,,,,-4.30,-2.60,-1.70,-1.70,0.10,,,,,-2.40,,-1.80,0.30,2.30,1.60,0,,,-3,,,-0.30,,,4,2.90,-1.20,1.60,-0.90,-0.80,
2008-12-24 04:40,-1.90,-1.62,-3.95,-2.08,-5.10,-2.73,-2.60,-2,-6.27,-2.18,-4.43,-4,-7.64,-4.84,-4.56,-5.11,-5.93,-9.90,-8,-6.93,-8.60,-8.82,-7.92,,-2.08,-2.38,-2.50,-4.42,-1.51,-3.60,-2.95,-1.44,-9.24,-3.79,-3.47,-3.41,-2.27,-3.36,-6.73,-2.52,-11.80,-11.89,-12.24,-1.58,-6.30,-1.60,-2.30,-2.37,-2.74,-2.69,-3.70,-1.39,-1.72,-1.31,-3.02,-2.98,-2.52,-2.70,-2.56,-2.26,-3.69,-3.20,-4.46,-8.11,-4.37,,2.18,-0.77,-0.70,-3.31,0.66,-0.76,0.91,-1.89,-2.15,0.62,-0.60,-0.44,-0.90,-2.02,-2.54,-3.20,-2.66,-3.56,-1.46,-3.21,-2.83,-2.40,-1.63,-2.10,-4.61,-2.57,-2.92,-2.10,-2.41,-1.51,-1.80,-1.45,-1.36,-0.50,-0.84,-0.82,1.19,-1,-1.36,-1.53,-2.14,-2.80,-2.68,-3.50,-1.71,-0.23,1.19,-1.77,-2.47,-1.79,-2.80,-2.77,-2.64,-2.67,-0.50,-0.40,-0.48,-0.03,-0.69,2.41,0.60,2.43,2.57,-2.29,-0.80,,-6.10,-14.60,-1.30,-2.10,-2.30,,,,,,,-4.10,-2.20,,-3.10,-2.30,-2,-1.51,,,,,,,,-4.30,-2.60,-1.90,-1.70,0.10,,,,,-2.40,,-1.80,0.20,2.30,1.80,0.10,,,-3.10,,,-0.40,,,1.20,2.90,-1.20,1.60,-0.90,-0.70,
2008-12-24 04:50,-1.70,-1.64,-3.97,-2.07,-5.20,-2.69,-2.57,-2,-6.30,-2.06,-4.37,-4.03,-7.77,-4.75,-4.61,-5.12,-6.01,-9.88,-8.20,-6.85,-8.63,-8.75,-8.03,,-2.11,-2.46,-2.41,-4.51,-1.60,-3.60,-3.03,-1.43,-9.39,-3.81,-3.50,-3.37,-2.37,-3.50,-6.86,-2.35,-11.80,-11.85,-12.61,-1.75,-6.40,-1.68,-2.40,-2.43,-2.78,-2.62,-3.55,-1.45,-1.86,-1.32,-3.03,-2.97,-2.46,-2.70,-2.56,-2.35,-3.66,-3.20,-4.35,-8.15,-4.34,,2.22,-0.70,-0.60,-3.26,0.89,-0.44,1.05,-1.73,-2.12,0.60,-0.70,-0.41,-1,-2.24,-2.45,-3.10,-2.63,-3.52,-1.34,-3.23,-2.89,-2.20,-1.69,-2.07,-4.49,-2.62,-2.90,-2.10,-2.45,-1.42,-1.81,-1.53,-1.42,-0.55,-0.75,-0.84,1.42,-1.03,-1.16,-1.38,-2.23,-2.80,-2.73,-3.51,-1.85,-0.19,1.27,-1.78,-2.43,-1.81,-2.80,-2.77,-2.76,-2.54,-0.60,-0.51,-0.64,-0.10,-0.88,2.34,0.50,2.48,2.60,-2.29,-0.80,,-6.20,-14.60,-1.50,-2.20,-2.40,,,,,,,-4.10,-2.20,,-3.20,-2.40,-2.10,-1.58,,,,,,,,-4.10,-2.60,-2.10,-1.80,0.10,,,,,-2.30,,-1.90,0.20,2.30,1.80,,,,-3.20,,,-0.40,,,1,2.90,-1.10,1.60,-0.70,-0.80,
2008-12-24 05:00,-1.60,-1.63,-3.95,-2.08,-5.30,-2.88,-2.56,-2.10,-6.23,-2.18,-4.51,-4.17,-7.78,-4.86,-4.73,-5.14,-5.94,-9.83,-8.50,-6.78,-8.66,-8.53,-8.33,,-2.05,-2.38,-2.55,-4.63,-1.78,-3.70,-3.15,-1.49,-9.44,-3.80,-3.44,-3.49,-2.51,-3.62,-6.88,-2.38,-11.90,-11.77,-12.03,-1.56,-6.10,-1.67,-2.40,-2.44,-2.80,-2.73,-3.56,-1.57,-1.87,-1.47,-2.94,-2.98,-2.36,-2.70,-2.50,-2.42,-3.59,-3.40,-4.51,-8.16,-4.34,,2.13,-0.51,-0.30,-3.28,0.95,-0.13,1.12,-1.72,-2.28,0.40,-0.60,-0.25,-1,-2.21,-2.52,-3.10,-2.62,-3.49,-1.39,-3.26,-2.92,-2.40,-1.77,-2.07,-4.33,-2.69,-2.88,-2.20,-2.65,-1.57,-1.88,-1.64,-1.40,-0.56,-0.86,-0.79,1.52,-1.04,-1.07,-1.25,-2.29,-2.80,-2.68,-3.49,-1.85,-0.17,1.28,-1.71,-2.38,-1.71,-2.60,-2.87,-2.76,-2.68,-0.60,-0.63,-0.54,-0.16,-0.78,2.34,0.50,2.57,2.45,-2.27,-0.90,-2.60,-6.30,-14.70,-1.60,-2.20,-2.40,-1,-0.70,-8,-1.70,-1.10,-0.80,-4,-2.20,-2.40,-3.20,-2.50,-2.20,-1.50,-0.60,1.10,1.30,-0.70,0.10,-1.80,-3.20,-3.90,-2.50,-2.20,-2,0,1.80,0,-0.10,-2.90,-2.10,-2.80,-2,0.20,2.40,1.80,0.10,,-1.10,-3.30,-1.20,-1.60,-0.50,1.10,0.60,1.20,2.90,-1,1.30,-0.60,-0.50,-0.80
2008-12-24 05:10,-1.50,-1.72,-3.91,-2.21,-5.30,-2.88,-2.56,-2.10,-6.27,-2.31,-4.51,-4.03,-7.84,-4.93,-4.78,-5.25,-6.02,-9.85,-8.90,-6.72,-8.71,-8.99,-8.11,,-2.08,-2.36,-2.55,-4.75,-1.85,-3.80,-3.25,-1.58,-9.40,-3.85,-3.58,-3.58,-2.61,-3.65,-7,-2.59,-12,-11.55,-12.40,-1.54,-6,-1.77,-2.40,-2.39,-2.84,-2.76,-3.64,-1.69,-1.81,-1.53,-2.91,-2.94,-2.36,-2.70,-2.49,-2.36,-3.57,-3.40,-4.52,-8.17,-4.29,,2.06,-0.34,-0.40,-3.27,0.99,0.18,1.16,-1.77,-2.32,0.37,-0.60,-0.21,-1.10,-2.10,-2.62,-2.89,-2.66,-3.58,-1.42,-3.24,-2.87,-2.50,-1.76,-2.14,-4.35,-2.70,-2.83,-2.30,-2.68,-1.61,-1.95,-1.68,-1.36,-0.72,-0.87,-0.77,1.55,-0.81,-1.12,-1.18,-2.18,-2.80,-2.75,-3.41,-1.96,-0.27,1.27,-1.79,-2.40,-1.59,-2.60,-2.85,-2.93,-2.82,-0.60,-0.65,-0.65,-0.16,-0.90,2.39,0.50,2.47,2.52,-2.33,-0.90,,-6.70,-14.70,-1.70,-2.20,-2.50,,,,,,,-3.80,-2.30,,-3.20,-2.50,-2.30,-1.84,,,,,,,,-4.10,-2.50,-2.20,-2.20,0,,,,,-2.10,,-2.10,0.20,2.40,1.80,0.10,,,-3.40,,,-0.70,,,1.30,2.90,-1,1.40,-0.60,-0.60,
2008-12-24 05:20,-1.50,-1.69,-3.89,-2.18,-5.30,-2.87,-2.56,-2.20,-6.27,-2.29,-4.48,-4.10,-7.83,-5.10,-4.68,-5.29,-6.06,-10.03,-9.40,-6.57,-8.70,-9,-8.28,,-2.20,-2.41,-2.50,-4.79,-1.92,-3.90,-3.34,-1.45,-9.38,-3.82,-3.52,-3.59,-2.58,-3.81,-6.99,-2.60,-12.10,-11.47,-12.71,-1.61,-6.10,-1.91,-2.40,-2.46,-2.77,-2.66,-3.59,-1.73,-1.86,-1.56,-2.95,-2.90,-2.45,-2.70,-2.44,-2.37,-3.65,-3.40,-4.53,-8.17,-4.34,,1.95,0.53,-0.40,-3.28,0.95,0.04,1.43,-1.76,-2.29,0.14,-0.80,-0.14,-1.20,-2.18,-2.59,-2.88,-2.65,-3.76,-1.58,-3.27,-2.92,-2.70,-1.77,-2.12,-4.38,-2.56,-2.89,-2.40,-2.76,-1.70,-2.08,-1.71,-1.44,-0.79,-0.98,-0.84,1.69,-0.79,-1.10,-1.19,-2.22,-2.80,-2.67,-3.51,-1.86,-0.36,1.35,-1.96,-2.22,-1.46,-2.50,-2.86,-2.99,-2.85,-0.60,-0.59,-0.59,-0.35,-0.86,2.42,0.60,2.44,2.53,-2.46,-0.80,,-7,-14.80,-1.80,-2.30,-2.50,,,,,,,-3.70,,,-3.20,-2.60,-2.40,-1.94,,,,,,,,-3.90,-2.50,-2.30,-2.30,0,,,,,-2.10,,-2.10,0.20,2.40,1.70,0.10,,,-3.40,,,-0.70,,,1.30,2.90,-0.90,1.40,-0.50,-0.80,
2008-12-24 05:30,-1.60,-1.66,-3.94,-2.20,-5.30,-2.81,-2.63,-2.20,-6.21,-2.26,-4.59,-4.14,-7.84,-5.04,-4.71,-5.29,-6.09,-10.09,-9.80,-6.87,-8.80,-8.91,-8.20,,-2.26,-2.36,-2.61,-4.72,-1.95,-3.80,-3.40,-1.48,-9.39,-3.86,-3.59,-3.59,-2.77,-3.76,-6.96,-2.67,-12.50,-11.21,-12.76,-1.64,-6.20,-2.01,-2.40,-2.51,-2.96,-2.76,-3.57,-1.78,-1.95,-1.63,-3.07,-2.92,-2.52,-2.70,-2.47,-2.32,-3.71,-3.40,-4.54,-8.21,-4.29,,1.84,0.83,-0.40,-3.11,0.99,0.52,1.50,-1.79,-2.32,-0.08,-1,0.06,-1.50,-1.99,-2.70,-2.78,-2.80,-3.68,-1.64,-3.28,-2.97,-2.80,-1.78,-2.18,-4.28,-2.52,-2.99,-2.40,-2.78,-1.77,-2.06,-1.76,-1.48,-0.95,-0.97,-0.85,1.81,-0.72,-1.07,-1.16,-2.09,-2.80,-2.73,-3.66,-1.89,-0.38,1.44,-1.96,-2.04,-1.39,-2.50,-2.96,-2.92,-2.82,-0.60,-0.75,-0.49,-0.53,-0.59,2.57,0.70,2.40,2.80,-2.38,-0.70,,-7.30,-14.80,-1.80,-2.30,-2.60,,,,,,,-3.70,-2.30,,-3.20,-2.70,-2.40,-2.02,,,,,,,,-3.50,-2.50,-2.40,-2.30,0,,,,,-2,,-2.10,0.20,2.50,1.70,0.10,,,-3.20,,,-0.70,,,1.50,1.60,-0.90,1.50,-0.40,-0.70,
2008-12-24 05:40,-1.70,-1.65,-3.85,-2.07,-5.30,-2.89,-2.63,-2.20,-6.19,-2.19,-4.59,-4.31,-7.91,-5.03,-4.66,-5.26,-6.17,-10.05,-10.10,-7.30,-8.91,-9,-8.54,,-2.20,-2.35,-2.68,-4.72,-1.94,-3.90,-3.49,-1.70,-9.45,-3.97,-3.70,-3.71,-2.78,-3.92,-7.03,-2.67,-12.70,-11.39,-13.02,-1.60,-6.30,-2,-2.50,-2.51,-2.75,-2.75,-3.73,-1.74,-2.05,-1.50,-3.03,-2.94,-2.52,-2.70,-2.56,-2.29,-3.69,-3.30,-4.56,-8.24,-4.36,,1.90,1.12,-0.30,-2.97,0.39,0.74,1.56,-1.70,-2.40,0.11,-0.80,0.20,-1.60,-1.78,-2.75,-2.80,-2.79,-3.65,-1.63,-3.37,-3.08,-2.90,-1.78,-2.15,-4.42,-2.42,-2.90,-2.40,-2.76,-1.85,-2.18,-1.88,-1.49,-0.99,-0.95,-0.91,1.72,-0.68,-0.94,-1.10,-2,-2.70,-2.76,-3.71,-2.03,-0.23,1.49,-2.06,-2.28,-1.51,-2.50,-3.05,-2.87,-2.75,-0.70,-0.61,-0.59,-0.90,-0.59,2.60,0.80,2.30,2.42,-2.43,-0.70,,-7.50,-14.90,-1.90,-2.30,-2.60,,,,,,,-3.60,-2.40,,-3.20,-2.70,-2.50,-2.17,,,,,,,,-3,-2.50,-2.30,-2.30,0,,,,,-1.90,,-2.10,0.30,2.70,1.80,0.10,,,-3.10,,,-0.60,,,1.50,1.10,-0.90,1.60,-0.40,-0.70,
2008-12-24 05:50,-1.60,-1.73,-3.92,-2.06,-5.30,-2.89,-2.74,-2.10,-6.21,-2.20,-4.51,-4.21,-7.91,-4.90,-4.62,-5.28,-6.20,-10.03,-10.50,-7.83,-9.12,-9.24,-8.39,,-2.30,-2.43,-2.80,-4.75,-1.92,-3.80,-3.52,-1.98,-9.50,-3.95,-3.75,-3.90,-2.92,-3.91,-7.06,-2.51,-12.70,-11.69,-13.29,-1.58,-6.60,-1.98,-2.50,-2.48,-2.86,-2.77,-3.85,-1.88,-2.10,-1.51,-3,-2.89,-2.51,-2.60,-2.62,-2.27,-3.66,-3.30,-4.62,-8.29,-4.37,,2.06,1.34,-0.10,-2.55,0.09,0.51,1.63,-1.61,-2.14,-0.07,-0.70,0.27,-1.80,-1.76,-2.73,-2.80,-2.73,-3.58,-1.62,-3.30,-3.06,-3.50,-1.84,-2.31,-4.73,-2.49,-2.93,-2.40,-3.01,-1.94,-2.23,-2.05,-1.67,-1.09,-1.09,-0.96,1.80,-0.69,-0.87,-1.13,-1.94,-2.70,-2.75,-3.71,-1.85,-0.16,1.70,-2.11,-2.27,-1.48,-2.40,-2.94,-2.72,-2.80,-0.90,-0.67,-0.56,-0.90,-0.30,2.52,0.80,2.13,2.32,-2.43,-0.70,,-7.90,-15,-2,-2.30,-2.30,,,,,,,-3.60,-2.50,,-3.10,-2.70,-2.50,-2.21,,,,,,,,-2.70,-2.50,-2.40,-2.40,-0.10,,,,,-1.90,,-2.20,0.30,2.80,1.90,0.10,,,-3.20,,,-0.70,,,1.50,0.90,-0.80,1.60,-0.60,-0.50,
2008-12-24 06:00,-1,-2,-4,-2,-3,-2.84,-2.68,-2.10,-6.26,-2.19,-4.64,-4.15,-7.85,-5,-4.66,-4,-6,-10.09,-11,-8.50,-9,-9.28,-8.55,1,-2,-3,-2.96,-4.82,-2,-3,-4,-2,-9.61,-3.94,-3.92,-4,-2,-4,-7,-2,-13,-11.37,-13,-2,-7.20,-2.17,-2,-2.65,-3,-2.86,-4,-2,-2.03,-1.60,-3.09,-3,-2,-3,-3,-2.21,-3.72,-3,-4.64,-8.29,-4.37,,2.08,1.57,0.10,-2.20,0.01,0.13,1.57,-1.60,-2.12,0.06,-0.70,0.29,-2,-3,-3,-3,-2.79,-3,-1.67,-3.33,-4,-3.90,-1.98,-2.14,-4.76,-2.54,-3,-2.60,-3,-1.96,-2.34,-2.08,-1.63,-1.11,-1.10,-0.97,1.70,-0.58,-0.89,-1.07,-1.83,-2.50,-2.85,-3.78,-1.77,-0.27,1.79,-2.03,-2.42,-1.70,-2.40,-3.06,-2.57,-3.12,-0.90,-0.62,-0.51,-1.04,-0.20,2.80,0.60,2.22,2.40,-2.63,-0.70,-3,-8,-15,-2,-2.30,-2.60,-1.40,-1,-5,-1,-1,-1.30,-4,-3,-2.60,-2.80,-2.80,-2.50,-2.10,-1.10,0.80,2,0,0.50,-1.40,-2.30,-2.50,-2.50,-2.40,-2.40,-0.20,2.30,0.30,0.10,-2.50,-1.80,-3.10,-2.10,0.20,3,1.90,0.20,-0.80,-1,-3.20,-0.70,,-0.70,1.20,0.80,1.10,0.90,-0.80,1.60,-0.90,-0.60,-1.80
2008-12-24 06:10,-1.50,-1.77,-4.02,-2.11,-5.19,-2.85,-2.69,-2,-6.25,-2.25,-4.77,-4.22,-7.90,-4.80,-4.59,-5.19,-6.18,-10.07,-10.90,-9.03,-9.64,-9.58,-8.91,,-2.25,-2.33,-3.02,-4.86,-1.77,-3.90,-3.38,-2.44,-9.60,-3.89,-4,-4.08,-3.20,-4.28,-7.48,-2.50,-13.10,-11.57,-12.90,-1.69,-7.70,-2.13,-2.60,-2.57,-2.92,-2.91,-3.75,-2.04,-2.17,-1.64,-3.20,-2.98,-2.53,-2.70,-2.51,-2.29,-3.75,-3.30,-4.63,-8.32,-4.40,,2.18,1.74,0.20,-2.33,0.12,-0.02,1.63,-1.62,-1.75,-0.01,-0.50,0.44,-1.80,-1.66,-2.80,-2.90,-2.82,-3.68,-1.48,-3.34,-3.06,-3.50,-2.04,-2.14,-4.78,-2.59,-3.09,-2.70,-2.91,-1.99,-2.48,-2.12,-1.70,-1.14,-1.10,-1.01,1.80,-0.49,-0.78,-1.09,-1.78,-2.50,-2.81,-3.76,-1.74,-0.29,1.87,-1.97,-2.48,-1.68,-2.30,-3.05,-2.54,-3.05,-1,-0.65,-0.66,-0.74,-0.28,2.63,0.90,2.09,2.37,-2.68,-0.70,,-8.40,-15.10,-2.10,-2.30,-2.70,,,,,,,-3.50,-2.70,,-2.80,-2.80,-2.50,-2.39,,,,,,,,-2.30,-2.60,-2.40,-2.50,-0.30,,,,,-1.80,,-2.10,0.30,3,1.90,0.20,,,-3.20,,,-0.70,,,0.80,0.90,-0.80,1.60,-0.90,-0.60,
2008-12-24 06:20,-1.40,-1.87,-3.98,-2.09,-5.35,-2.80,-2.69,-1.90,-6.29,-2.15,-4.77,-4.21,-7.91,-4.91,-4.62,-5.09,-6.13,-10.05,-11.20,-9.14,-10.04,-9.34,-9.10,,-2.39,-2.38,-3.07,-4.89,-1.86,-4,-3.37,-2.59,-9.69,-4.06,-4.10,-4.40,-3.30,-4.32,-7.60,-2.56,-13,-11.60,-13.30,-1.67,-7.80,-2.28,-2.60,-2.63,-3.13,-2.85,-3.73,-2.17,-2.11,-1.70,-3.18,-2.84,-2.56,-2.70,-2.64,-2.34,-3.75,-3.30,-4.66,-8.38,-4.44,,2.37,1.89,0.40,-2.33,-0.02,-0.18,1.60,-1.67,-1.77,0.20,0,0.52,-1.80,-1.66,-2.68,-2.90,-2.84,-3.65,-1.52,-3.26,-3.10,-3.40,-2.04,-2.26,-4.86,-2.59,-3.18,-2.70,-2.88,-2.07,-2.57,-2.32,-1.87,-1.20,-1.19,-1.13,1.91,-0.48,-0.88,-0.92,-1.82,-2.50,-2.98,-3.69,-1.78,-0.27,2.09,-1.92,-2.42,-1.77,-2.30,-3.06,-2.61,-3.13,-0.90,-0.77,-0.96,-0.63,-0.16,2.59,0.90,2.09,2.20,-2.58,-0.70,,-8.40,-15.10,-2.10,-2.40,-2.70,,,,,,,-3.50,-2.70,,-2.80,-2.90,-2.50,-2.41,,,,,,,,-2.30,-2.60,-2.40,-2.50,-0.40,,,,,-1.80,,-2.30,0.30,3.10,1.90,0.30,,,-3.10,,,-0.80,,,0.60,0.80,-0.70,1.60,-0.90,-0.50,
2008-12-24 06:30,-1.40,-1.75,-4.03,-2.07,-5.29,-2.71,-2.60,-1.90,-6.23,-2.07,-4.79,-4.28,-7.93,-4.92,-4.64,-5.22,-6.28,-10.10,-11.10,-9.18,-10.37,-9.46,-9.04,,-2.49,-2.25,-3.07,-4.84,-1.97,-4.20,-3.57,-2.70,-9.70,-4.30,-4.08,-4.43,-3.42,-4.56,-7.78,-2.66,-13,-11.76,-13.34,-1.78,-8.40,-2.34,-2.60,-2.68,-3,-2.90,-3.85,-2.03,-2.23,-1.77,-3.26,-2.95,-2.75,-2.70,-2.51,-2.30,-3.81,-3.40,-4.62,-8.29,-4.44,,2.56,2.04,0.50,-2,-0.01,0.03,1.64,-1.67,-1.81,0.36,0.20,0.61,-1.80,-1.58,-2.48,-2.80,-2.82,-3.62,-1.59,-3.14,-3.15,-3.30,-1.89,-2.39,-4.83,-2.57,-3.09,-2.80,-3.06,-2.03,-2.66,-2.35,-1.98,-1.24,-1.23,-1.04,1.74,-0.39,-0.67,-1.01,-1.60,-2.30,-3.01,-3.65,-1.89,-0.38,2.25,-1.69,-2.31,-1.80,-2.40,-3.14,-2.70,-3.01,-0.80,-0.69,-1.01,-0.76,-0.36,2.65,1,2.28,2.18,-2.46,-0.70,,-8.50,-15.20,-2.30,-2.50,-2.70,,,,,,,-3.40,-2.60,,-2.70,-3,-2.40,-2.48,,,,,,,,-2.20,-2.60,-2.50,-2.60,-0.50,,,,,-1.90,,-2.40,0.20,3.10,2.10,0.30,,,-3.10,,,-1.20,,,0.80,0.20,-0.70,1.70,-0.90,-0.60,
2008-12-24 06:40,-1.40,-1.66,-3.98,-2.10,-5.12,-2.60,-2.57,-1.90,-6.23,-2.12,-4.87,-4.33,-7.93,-4.86,-4.73,-5.07,-6.26,-10.25,-11.30,-9.27,-10.59,-9.41,-9.07,,-2.48,-2.16,-2.98,-4.81,-2.07,-4.20,-3.66,-2.59,-9.71,-4.41,-4.09,-4.36,-3.51,-4.65,-7.84,-2.66,-13.20,-11.88,-13.01,-1.86,-8.80,-2.36,-2.60,-2.70,-3.01,-2.97,-3.96,-2.08,-2.33,-1.78,-3.26,-3.06,-2.83,-2.80,-2.67,-2.29,-3.88,-3.40,-4.73,-8.31,-4.47,,2.51,2.08,0.60,-1.78,0.14,0.25,1.69,-1.59,-1.80,0.29,0.20,0.68,-1.70,-1.29,-2.64,-2.70,-2.88,-3.72,-1.59,-3.09,-3.06,-3.20,-1.79,-2.41,-4.97,-2.53,-3.09,-2.80,-2.98,-2.25,-2.72,-2.34,-2.09,-1.34,-1.27,-1.10,1.87,-0.28,-0.61,-1.12,-1.47,-2.10,-2.96,-3.63,-1.91,-0.40,2.50,-1.73,-2.13,-1.80,-2.40,-3.29,-3.03,-2.92,-0.90,-0.56,-1.05,-0.78,-0.35,2.67,1,2.25,2.32,-2.28,-0.80,,-8.60,-15.20,-2.30,-2.50,-2.80,,,,,,,-3.30,-2.60,,-2.70,-2.90,-2.40,-2.62,,,,,,,,-2.20,-2.50,-2.70,-2.60,-0.60,,,,,-2,,-2.30,0.20,3.10,2.10,0.40,,,-3,,,-1.30,,,0.70,0,-0.70,1.70,-0.90,-0.60,
2008-12-24 06:50,-1.40,-1.64,-4,-2.04,-4.99,-2.55,-2.60,-1.90,-6.34,-2.02,-4.98,-4.15,-7.80,-4.77,-4.73,-5.06,-6.33,-10.28,-11.50,-9.24,-10.93,-9.49,-8.86,,-2.39,-2.15,-2.93,-4.84,-2.13,-4.30,-3.69,-2.67,-9.57,-4.38,-4.22,-4.45,-3.64,-4.70,-8,-2.65,-13.30,-11.44,-12.85,-1.97,-9.70,-2.32,-2.70,-2.76,-3.14,-2.96,-3.99,-2.14,-2.34,-1.69,-3.23,-3,-2.64,-2.80,-2.68,-2.35,-3.86,-3.40,-4.63,-8.42,-4.49,,2.51,2.26,0.60,-1.72,0.28,0.13,1.78,-1.57,-1.82,0.51,0.20,0.77,-1.60,-1.27,-2.58,-2.70,-2.66,-3.69,-1.58,-3,-3.03,-3.20,-1.68,-2.37,-5.21,-2.47,-2.91,-2.90,-3,-2.10,-2.80,-2.37,-2.31,-1.33,-1.35,-1.18,1.92,-0.38,-0.56,-1.13,-1.35,-2,-3.04,-3.76,-1.84,-0.40,2.73,-1.57,-2.11,-1.88,-2.60,-3.40,-3.20,-3.17,-1,-0.56,-1.04,-0.85,-0.21,2.57,1,2.33,2.37,-2.28,-0.80,,-8.60,-15.30,-2.30,-2.50,-2.80,,,,,,,-3.30,-2.60,,-2.70,-2.90,-2.40,-2.59,,,,,,,,-2.20,-2.40,-2.70,-2.70,-0.70,,,,,-2.10,,-2.20,0.10,3.40,2.20,0.40,,,-2.90,,,-1.30,,,0.80,-0.10,-0.70,1.80,-0.90,-0.60,
2008-12-24 07:00,-1.40,-1.58,-3.91,-2.01,-4.92,-2.55,-2.61,-1.80,-6.30,-2.01,-4.91,-4.09,-7.79,-4.81,-4.65,-5.10,-6.37,-10.28,-11.60,-8.76,-11.10,-9.54,-8.49,,-2.33,-2.09,-2.95,-4.81,-2.18,-4.30,-3.64,-2.71,-9.65,-4.52,-4.27,-4.53,-3.59,-4.81,-8.07,-2.53,-13.10,-11.63,-13.15,-1.89,-9.90,-2.28,-2.70,-2.84,-3.20,-3.03,-4.08,-2.01,-2.42,-1.58,-3.30,-2.97,-2.69,-2.80,-2.72,-2.35,-3.90,-3.50,-4.64,-8.41,-4.49,,2.57,2.33,0.70,-1.66,0.44,0.05,1.91,-1.59,-1.78,0.65,0.30,0.83,-1.60,-1.35,-2.42,-2.60,-2.69,-3.63,-1.57,-2.80,-3.01,-3.20,-1.72,-2.40,-5.28,-2.38,-2.82,-2.90,-3.03,-2.14,-2.84,-2.36,-2.40,-1.34,-1.32,-1.23,2.02,-0.27,-0.69,-1.15,-1.31,-1.90,-3.18,-3.74,-1.90,-0.44,2.89,-1.16,-2.22,-2.09,-2.60,-3.40,-3.15,-3.36,-1.20,-0.56,-1.17,-0.83,-0.04,1.67,1,2.28,2.30,-2.16,-0.80,-2.50,-8.60,-15.40,-2.30,-2.50,-2.80,-2,-0.40,-3.80,-1,-0.90,-0.90,-3.20,-2.60,-2.30,-2.70,-2.80,-2.40,-2.40,,1.10,2.20,0,0.50,-1.10,-1.70,-2.20,-2.40,-2.70,-2.70,-0.80,3.90,0.60,-0.10,-1.70,-2.10,-3.10,-2.10,0,4.70,2.40,0.50,,-1,-2.70,-0.80,-1.90,-1.40,1.10,0.40,0.80,-0.30,-0.80,1.60,-1.60,-0.50,-1.90
2008-12-24 07:10,-1.30,-1.59,-3.86,-1.90,-5,-2.71,-2.54,-1.80,-6.27,-2.04,-4.83,-3.92,-7.72,-4.85,-4.60,-4.97,-6.34,-10.40,-11.60,-8.61,-11.21,-9.26,-8.54,,-2.29,-1.99,-2.92,-4.75,-2.12,-4.30,-3.63,-2.82,-9.63,-4.74,-4.28,-4.64,-3.51,-4.86,-8.08,-2.58,-13,-11.22,-12.91,-2.05,-10,-2.19,-2.80,-2.80,-3.13,-3.01,-4.06,-2.02,-2.48,-1.57,-3.31,-2.95,-2.61,-2.80,-2.72,-2.38,-3.89,-3.40,-4.69,-8.40,-4.56,,2.60,2.49,0.80,-1.65,0.52,-0.50,2.08,-1.72,-1.80,0.91,0.30,0.86,-1.60,-1.32,-2.30,-2.50,-2.73,-3.70,-1.59,-2.82,-2.96,-3.60,-1.78,-2.29,-5.10,-2.26,-2.69,-2.80,-2.98,-2.04,-2.80,-2.38,-2.43,-1.29,-1.34,-1.33,2.12,-0.08,-0.62,-1.20,-1.17,-1.80,-3.04,-3.61,-1.80,-0.52,2.95,-1.20,-1.98,-2.29,-2.60,-3.45,-3.06,-3.40,-1.20,-0.68,-1.21,-0.68,0.02,0.76,1,2.20,2.34,-1.89,-0.80,,-8.40,-15.40,-2.30,-2.50,-2.80,,,,,,,-3.10,-2.50,,-2.70,-2.80,-2.40,-2.48,,,,,,,,-2.10,-2.30,-2.60,-2.60,-0.80,,,,,-2.10,,-1.90,-0.20,4.70,2.40,0.50,,,-2.80,,,-1.30,,,0.80,-0.40,-0.80,1.60,-1.60,-0.50,
2008-12-24 07:20,-1.20,-1.51,-3.71,-1.88,-4.90,-2.77,-2.52,-1.90,-6.21,-1.96,-4.58,-3.74,-7.66,-4.76,-4.52,-4.83,-6.35,-10.39,-11.30,-8.09,-11.14,-9.25,-8.19,,-2.20,-2.01,-2.58,-4.64,-2.19,-4.30,-3.61,-2.54,-9.58,-4.73,-4.52,-4.58,-3.62,-4.59,-8.19,-2.78,-13,-11.27,-13.09,-2.30,-9.90,-2.14,-2.80,-2.76,-3.21,-3.09,-3.96,-2.01,-2.48,-1.57,-3.27,-3.05,-2.65,-2.80,-2.73,-2.41,-3.93,-3.40,-4.67,-8.43,-4.53,,2.67,2.48,0.90,-1.54,0.82,-0.83,1.95,-1.73,-1.80,1.11,0.30,0.90,-1.40,-1.34,-2.23,-2.50,-2.53,-3.58,-1.46,-2.64,-2.90,-3.50,-1.84,-2.24,-4.76,-2.19,-2.63,-2.70,-2.87,-1.92,-2.73,-2.38,-2.45,-1.40,-1.43,-1.41,2.08,0.09,-0.55,-1.13,-1.05,-1.80,-2.95,-3.45,-1.70,-0.55,3.01,-1.41,-1.92,-2.38,-2.60,-3.42,-2.90,-3.42,-1.20,-0.57,-1.10,-0.85,0,0.35,1,2.11,2.31,-1.84,-0.80,,-8.30,-15.50,-2.30,-2.50,-2.70,,,,,,,-3,-2.50,,-2.80,-2.60,-2.40,-2.46,,,,,,,,-2.10,-2.20,-2.60,-2.50,-0.80,,,,,-2.10,,-1.90,-0.30,4.90,2.50,,,,-2.70,,,-1.20,,,0.80,-0.50,-0.90,1.60,-1.80,-0.60,
2008-12-24 07:30,-1.10,-1.32,-3.63,-1.74,-4.80,-2.64,-2.52,-1.80,-6.16,-1.96,-4.46,-3.75,-7.59,-4.67,-4.33,-4.77,-6.34,-10.31,-10.90,-7.77,-11.28,-9.09,-7.93,,-2.05,-2.06,-2.43,-4.60,-2.13,-4.20,-3.52,-2.18,-9.56,-4.95,-4.56,-4.71,-3.32,-4.17,-8.36,-2.90,-13,-11.35,-12.81,-2.46,-9.40,-2.10,-2.80,-2.78,-3.25,-3.09,-3.87,-2.03,-2.54,-1.55,-3.26,-3.07,-2.59,-2.80,-2.67,-2.32,-3.95,-3.40,-4.69,-8.44,-4.53,,2.83,2.56,1.10,-1.15,1.08,-1.03,1.70,-1.78,-1.78,1.33,0.20,1.02,-1.30,-1.26,-2.15,-2.40,-2.46,-3.68,-1.37,-2.65,-2.75,-3.10,-1.92,-2.16,-4.67,-2.06,-2.58,-2.50,-2.95,-1.93,-2.60,-2.22,-2.22,-1.42,-1.45,-1.44,2.29,0.18,-0.56,-1.13,-0.97,-1.70,-2.65,-3.05,-1.76,-0.57,3.07,-1.34,-1.82,-2.36,-2.60,-3.42,-2.69,-3.19,-1.30,-0.62,-1.08,-0.80,0.12,0.21,1,2.09,2.13,-1.75,-0.80,,-8.30,-15.50,-2.30,-2.50,-2.70,,,,,,,-2.90,-2.50,,-2.80,-2.40,-2.40,-2.42,,,,,,,,-2,-2.20,-2.60,-2.30,-0.90,,,,,-2.10,,-1.80,-0.40,4.90,2.60,0.60,,,-2.60,,,-1.20,,,0.80,-0.50,-1,1.50,-2,-0.20,
2008-12-24 07:40,-1,-1.22,-3.58,-1.64,-4.70,-2.55,-2.30,-1.70,-6.12,-2.06,-4.33,-3.60,-7.48,-4.58,-4.39,-4.65,-6.29,-10.13,-10.70,-7.95,-11.20,-8.62,-7.43,,-1.88,-2.11,-2.31,-4.51,-1.95,-3.90,-3.59,-1.97,-9.52,-5,-4.40,-4.83,-3.18,-3.65,-8.42,-2.85,-13,-11.36,-13.20,-2.55,-8.70,-2.09,-2.80,-2.83,-3.06,-3.07,-3.80,-1.97,-2.61,-1.45,-3.29,-2.97,-2.60,-2.80,-2.65,-2.30,-3.94,-3.40,-4.75,-8.47,-4.55,,2.98,2.62,1.20,-1.04,1.37,-1.10,1.57,-1.67,-1.69,1.38,0.30,1.05,-1.20,-1.19,-2.12,-2.30,-2.54,-3.56,-1.40,-2.66,-2.36,-2.70,-1.81,-2.09,-4.43,-2.04,-2.25,-2.40,-2.99,-1.93,-2.57,-2.21,-2.02,-1.48,-1.43,-1.40,2.41,0.19,-0.61,-1.08,-0.84,-1.70,-2.73,-2.65,-1.69,-0.46,3.30,-1,-1.68,-2.51,-2.50,-3.40,-2.34,-3.04,-1.30,-0.73,-1.01,-0.95,0.26,0.21,1.10,2.14,2.04,-1.83,-0.80,,-8.20,-15.50,-2.10,-2.50,-2.70,,,,,,,-2.90,-2.40,,-2.70,-2.30,-2.30,-2.26,,,,,,,,-2,-2.20,-2.50,-2.40,-0.90,,,,,-2,,-1.80,-0.40,4.90,3,0.60,,,-2.60,,,-1.10,,,0.90,-0.50,-0.90,1.60,-2,-0.60,
2008-12-24 07:50,-1,-1.16,-3.46,-1.58,-4.70,-2.47,-1.91,-1.50,-5.94,-2.02,-4.20,-3.54,-7.40,-4.49,-4.39,-4.69,-6.25,-10.01,-10.50,-7.75,-11.27,-8.48,-7.60,,-1.80,-1.88,-2.20,-4.49,-1.91,-3.70,-3.64,-1.79,-9.48,-4.92,-4.49,-4.79,-3.15,-3.26,-8.14,-3.09,-12.90,-11.07,-12.95,-2.37,-8.10,-2.11,-2.80,-2.68,-3.34,-3.11,-3.72,-1.91,-2.42,-1.44,-3.30,-2.96,-2.56,-2.80,-2.69,-2.32,-3.90,-3.30,-4.74,-8.42,-4.47,,2.86,2.75,1.20,-0.95,1.98,-1.02,1.55,-1.43,-1.61,1.52,0.40,1.23,-1.10,-1.27,-2.06,-2.30,-2.46,-3.63,-1.31,-2.61,-2.22,-2.30,-1.68,-1.88,-4.29,-2.02,-2.13,-2.20,-2.73,-1.92,-2.55,-2.03,-2.05,-1.41,-1.49,-1.55,2.51,0.31,-0.62,-1.03,-0.74,-1.60,-2.65,-2.32,-1.62,-0.38,3.64,-0.86,-1.61,-2.49,-2.50,-3.24,-2.04,-2.98,-1.30,-0.58,-0.91,-0.88,0.32,0.32,1.40,2.30,1.99,-1.74,-0.80,,-8,-15.50,-2,-2.50,-2.70,,,,,,,-2.80,-2.20,,-2.60,-2.30,-2.20,-2.18,,,,,,,,-1.90,-2.10,-2.40,-2.40,-0.90,,,,,-1.80,,-1.90,-0.40,5,3.10,0.70,,,-2.50,,,-0.90,,,0.80,-0.50,-0.90,1.60,-1.30,-0.60,
2008-12-24 08:00,-0.90,-1,-3.41,-1.49,-4.60,-2.53,-1.85,-1.30,-5.82,-1.98,-4.12,-3.44,-7.33,-4.47,-4.23,-4.50,-6.07,-9.76,-10.30,-6.90,-11.42,-8.11,-6.92,,-1.69,-1.71,-2.16,-4.45,-1.81,-3.50,-3.61,-1.49,-9.41,-4.71,-4.48,-4.74,-3.20,-3.07,-7.81,-3.39,-12.90,-11.10,-12.65,-1.99,-7,-2.16,-2.80,-2.76,-3.15,-3.10,-3.79,-1.82,-2.53,-1.45,-3.30,-3.04,-2.55,-2.80,-2.64,-2.36,-3.83,-3.30,-4.66,-8.45,-4.40,,2.92,2.78,1.30,-0.66,2.52,-1.03,1.45,-1.18,-1.54,1.47,0.90,1.38,-1,-1.14,-1.99,-2.20,-2.29,-3.61,-1.42,-2.53,-2.26,-1.90,-1.55,-1.57,-4.23,-1.87,-2.10,-2.10,-2.89,-1.88,-2.36,-1.83,-2.22,-1.34,-1.63,-1.56,2.61,0.44,-0.56,-0.75,-0.72,-1.60,-2.16,-2.19,-1.52,-0.48,4.11,-0.75,-1.45,-2.66,-2.30,-3.11,-1.91,-2.78,-1.30,-0.63,-0.82,-0.84,0.39,0.34,1.40,2.34,2.23,-1.61,-0.90,-1.80,-7.30,-15.40,-1.90,-2.50,-2.70,-1.70,-0.10,-3.20,-0.60,-0.80,-0.50,-2.70,-2.10,-2.60,-2.50,-2.20,-2.10,-2.10,,2.80,2,0.30,0.80,-0.80,-1.30,-1.90,-2.10,-2.20,-2.20,-0.80,4.70,0.80,0.10,-1.20,-1.20,-2,-2,-0.40,5,3.40,0.80,-0.20,-0.90,-2.30,-1,-1.20,-0.80,1.20,0.50,0.90,-0.40,-0.80,1.80,-1,-0.60,-2.40
2008-12-24 08:10,-0.80,-0.93,-3.35,-1.41,-4.36,-2.58,-1.81,-1.20,-5.78,-1.99,-3.99,-3.52,-7.34,-4.43,-4.01,-4.37,-6.11,-9.71,-10.20,-6.70,-11.41,-7.98,-6.38,,-1.70,-1.50,-1.78,-4.33,-1.76,-3.40,-3.70,-1.24,-9.34,-4.69,-4.42,-4.51,-3.17,-2.85,-7.40,-3.46,-12.50,-11.13,-12.61,-2.15,-6.30,-2.14,-2.80,-2.74,-3.21,-3.09,-4,-1.86,-2.42,-1.53,-3.20,-2.99,-2.55,-2.90,-2.76,-2.31,-3.84,-3.30,-4.62,-8.47,-4.40,,2.97,2.94,1.20,-0.50,2.62,-0.97,1.42,-1.02,-1.39,1.61,1.40,1.57,-0.77,-1.19,-1.86,-2.20,-2.28,-3.62,-1.52,-2.29,-2.44,-1.60,-1.41,-1.25,-4.33,-1.75,-1.85,-1.90,-2.85,-1.88,-2.33,-1.59,-2.04,-1.35,-1.76,-1.46,2.83,0.46,-0.46,-0.80,-0.68,-1.60,-1.95,-2.15,-1.29,-0.42,4.02,-0.72,-1.32,-2.74,-2.20,-2.94,-1.82,-2.15,-1,-0.63,-0.77,-0.66,0.42,0.37,1.40,2.33,2.05,-1.58,-0.90,,-6.50,-15.40,-1.80,-2.60,-2.70,,,,,,,-2.60,-2,,-2.50,-2.30,-1.90,-2.17,,,,,,,,-1.80,-2,-1.90,-2,-0.80,,,,,-1.20,,-2,-0.40,5,3.40,0.80,,,-2.30,,,-0.80,,,1,-0.40,-0.90,1.80,-1,-0.60,
2008-12-24 08:20,-0.70,-0.89,-3.22,-1.28,-4.19,-2.43,-1.69,-1.10,-5.68,-1.84,-3.93,-3.68,-7.36,-4.09,-3.87,-4.31,-6.26,-9.62,-9.70,-6.79,-11.60,-8.06,-6.15,,-1.51,-1.43,-1.34,-4.22,-1.64,-3.30,-3.54,-0.98,-9.14,-4.60,-4.15,-4.55,-3.18,-2.63,-6.95,-3.43,-12.30,-11.19,-12.12,-1.96,-5.40,-2.11,-2.70,-2.73,-3.40,-3.07,-4.12,-1.67,-2.24,-1.50,-3.23,-2.90,-2.54,-2.90,-2.62,-2.31,-3.93,-3.30,-4.75,-8.50,-4.42,,3.07,2.86,1.30,-0.45,2.86,-0.95,1.32,-1.01,-1.34,2.07,1.60,1.65,-0.65,-0.74,-1.77,-2,-1.99,-3.44,-1.64,-2.10,-2.52,-1.40,-1.11,-1.21,-4.13,-1.73,-1.84,-1.70,-2.58,-1.92,-2.17,-1.38,-1.96,-1.32,-1.77,-1.33,2.97,0.49,-0.28,-0.70,-0.53,-1.30,-1.85,-2.06,-1.08,-0.42,4.21,-0.78,-1.27,-2.70,-1.90,-2.78,-1.76,-2.09,-0.80,-0.51,-0.81,-0.63,0.22,0.51,1.40,2.24,1.51,-1.68,-0.90,,-5.70,-15.30,-1.80,-2.60,-2.70,,,,,,,-2.50,-1.90,,-2.30,-2.20,-1.80,-2,,,,,,,,-1.80,-1.90,-1.70,-1.90,-0.60,,,,,-1.20,,-2,-0.40,5.10,3.50,0.80,,,-2.30,,,-0.90,,,1.10,-0.40,-0.80,2,-1.20,-0.50,
2008-12-24 08:30,-0.60,-0.78,-3.13,-1.30,-4.09,-2.40,-1.56,-1.10,-5.57,-1.64,-3.72,-3.70,-7.52,-4.04,-3.75,-4.11,-6.66,-9.52,-8.90,-6.93,-11.65,-8.45,-6.16,,-1.21,-1.61,-1.11,-4.20,-1.44,-3,-3.57,-0.62,-9.09,-4.70,-4.02,-4.44,-3.14,-2.15,-6.55,-3.47,-12.10,-11.04,-11.65,-1.68,-5.40,-2.06,-2.70,-2.64,-3.46,-3.04,-4,-1.61,-2.22,-1.57,-3.24,-2.99,-2.58,-2.90,-2.60,-2.31,-3.84,-3.40,-4.75,-8.43,-4.40,,3.17,2.84,1.60,-0.40,3.06,-0.70,1.26,-0.80,-1.23,2.11,1.70,1.71,-0.58,-0.85,-1.60,-1.90,-2.04,-3.18,-1.64,-2.11,-2.46,-1.20,-0.87,-1.23,-3.88,-1.56,-1.64,-1.60,-2.28,-1.75,-2.21,-1.26,-1.98,-1.21,-1.69,-1.46,3.13,0.49,-0.25,-0.49,-0.50,-1.20,-1.73,-2.08,-1.18,-0.36,4.37,-0.71,-1.24,-2.71,-1.70,-2.59,-1.78,-1.78,-0.60,-0.38,-0.84,-0.58,0.25,0.54,1.50,2.35,1.39,-1.71,-1,,-6.50,-15.20,-1.70,-2.60,-2.70,,,,,,,-2.20,-1.90,,-2.10,-2.10,-1.60,-2.01,,,,,,,,-1.70,-1.80,-1.70,-1.80,-0.40,,,,,-1.30,,-2.10,-0.30,5,3.60,0.90,,,-2.10,,,-0.90,,,1.20,-0.20,-0.80,1.90,-1.30,-0.60,
2008-12-24 08:40,-0.40,-0.64,-3.10,-1.12,-4.06,-2.19,-1.47,-0.90,-5.40,-1.48,-3.75,-3.66,-7.55,-3.86,-3.55,-4.08,-7.38,-9.42,-8.80,-6.89,-11.57,-8,-6.13,,-1.09,-1.57,-1.24,-4,-1.29,-2.70,-3.54,-0.06,-9.19,-4.79,-3.92,-3.93,-2.93,-1.85,-6.61,-2.90,-11.80,-11.09,-11.40,-1.21,-5.50,-2.02,-2.60,-2.69,-3.29,-2.97,-4.06,-1.68,-2.21,-1.57,-3.22,-2.95,-2.57,-2.80,-2.82,-2.32,-3.90,-3.40,-4.67,-8.47,-4.44,,3.32,2.88,2,-0.12,2.81,-0.74,1.42,-0.64,-1.11,1.59,1.70,1.84,-0.30,-0.53,-1.45,-1.80,-1.89,-3.12,-1.60,-2.06,-2.34,-1.10,-0.54,-1.27,-3.85,-1.43,-1.38,-1.40,-2.22,-1.73,-2.16,-1.15,-1.93,-1.16,-1.53,-1.42,3.31,0.54,-0.31,-0.47,-0.25,-1.10,-1.45,-1.92,-1.11,-0.36,4.22,-0.55,-1.19,-2.53,-1.60,-2.37,-1.70,-1.61,-0.50,-0.32,-0.84,-0.54,0.40,0.55,1.60,2.31,1.50,-1.61,-1,,-6.20,-15.10,-1.50,-2.60,-2.70,,,,,,,-2.20,-1.70,,-2,-2,-1.30,-1.99,,,,,,,,-1.60,-1.80,-1.70,-1.70,-0.40,,,,,-1.30,,-2,-0.30,5,3.70,0.90,,,-2.10,,,-0.50,,,1.20,0.10,-0.60,2,-1.20,-0.70,
2008-12-24 08:50,-0.30,-0.58,-3.13,-1.02,-3.90,-2.35,-1.46,-0.80,-5.39,-1.58,-3.75,-3.54,-7.58,-3.46,-3.54,-3.99,-7.24,-9.30,-8.20,-6.59,-11.73,-7.65,-5.88,,-1.06,-1.35,-1.29,-3.98,-1.13,-2.60,-3.43,0.15,-9.24,-4.84,-4.06,-3.88,-2.78,-1.77,-6.75,-3.10,-11.20,-10.95,-11.07,-1.39,-5.60,-1.83,-2.60,-2.73,-3.27,-3.03,-3.75,-1.63,-2.11,-1.55,-3.37,-3.07,-2.61,-2.80,-2.85,-2.44,-3.84,-3.30,-4.71,-8.45,-4.41,,3.40,2.87,2.20,-0.01,2.66,-0.62,1.24,-0.27,-1,1.36,1.70,1.99,-0.19,-0.38,-1.44,-1.70,-1.80,-3.18,-1.66,-2.06,-2.15,-1.10,-0.30,-1.21,-3.76,-1.38,-1.14,-1.30,-2.01,-1.69,-2.07,-1.08,-1.92,-1.07,-1.29,-1.33,3.49,0.51,-0.14,-0.44,-0.21,-0.80,-1.27,-1.91,-1.10,-0.34,4.14,-0.57,-0.98,-2.17,-1.40,-2.26,-1.63,-1.47,-0.30,-0.27,-0.88,-0.70,0.43,0.63,1.60,2.36,1.70,-1.37,-1.10,,-5,-15,-1.40,-2.60,-2.80,,,,,,,-2,-1.60,,-1.90,-1.90,-1.10,-1.81,,,,,,,,-1.50,-1.70,-1.50,-1.70,-0.50,,,,,-1.30,,-1.80,-0.30,5,3.80,,,,-1.90,,,-0.50,,,1.30,0.30,-0.50,2,-1,-0.80,
2008-12-24 09:00,-0.20,-0.50,-3.04,-0.90,-3.60,-2.10,-1.43,-0.80,-5.29,-1.57,-3.61,-3.15,-7.57,-3.33,-3.38,-3.86,-6.65,-9.33,-7,-6.13,-11.58,-7.25,-5.16,,-1.10,-1.16,-0.78,-3.89,-0.90,-2.70,-3.28,-0.09,-9.28,-4.52,-4.05,-4.10,-2.34,-2.11,-6.67,-2.90,-10.70,-10.94,-10.92,-1.34,-5.20,-1.70,-2.60,-2.61,-3.33,-2.94,-3.45,-1.74,-2.12,-1.53,-3.29,-2.83,-2.60,-2.80,-2.95,-2.46,-3.80,-3.30,-4.68,-8.43,-4.40,,3.48,2.84,2.20,-0.03,2.61,-0.45,1.32,-0.15,-0.89,1.40,1.90,2.03,0,-0.33,-1.39,-1.60,-1.60,-3.06,-1.53,-2.06,-2.12,-1,-0.44,-1.19,-3.86,-1.32,-1.13,-1.20,-1.87,-1.56,-1.96,-0.92,-1.77,-0.98,-1.18,-1.31,3.68,0.11,0.04,-0.32,-0.06,-0.60,-1.30,-1.72,-0.91,-0.35,4.12,-0.33,-0.85,-1.89,-1.30,-2.04,-1.56,-1.32,-0.30,-0.40,-0.96,-0.80,0.55,0.70,1.70,2.40,1.38,-0.94,-1,-1.10,-4.80,-14.90,-1.20,-2.60,-2.80,-1.20,0.20,-3,-0.60,-0.30,-0.20,-1.80,-1.40,-1.60,-1.80,-1.60,-1,-1.80,,3.20,3.30,1,1.10,-0.50,-0.70,-1.40,-1.60,-1.40,-1.70,-0.60,5.60,1.20,0.40,-0.60,-1,-1.40,-1.60,-0.20,5,4,1,0.10,-0.60,-1.60,-0.70,-0.70,-0.40,1.40,1,1.30,0.40,-0.40,2.30,-0.80,-0.80,-0.70
2008-12-24 09:10,-0.20,-0.37,-2.75,-0.86,-3.48,-2.06,-1.24,-0.60,-5.30,-1.29,-3.47,-2.97,-7.49,-3.24,-3.51,-3.62,-6.58,-9.39,-6.70,-5.77,-11.47,-6.91,-4.77,,-1.10,-0.87,-0.62,-3.73,-0.66,-2.50,-3.05,-0.44,-9.25,-4.37,-3.78,-3.93,-2.63,-2.13,-6.40,-2.85,-10.20,-10.92,-11.03,-1.08,-5.20,-1.63,-2.60,-2.62,-3.14,-2.94,-3.43,-1.65,-2.08,-1.50,-3.21,-2.96,-2.58,-2.80,-2.89,-2.43,-3.86,-3.40,-4.68,-8.47,-4.40,,3.58,2.94,2.20,0.06,2.69,-0.18,1.36,-0.08,-0.82,1.33,1.50,2.03,0.30,-0.25,-1.19,-1.28,-1.40,-2.91,-1.27,-1.83,-1.70,-1,-0.46,-1.14,-3.86,-1.34,-1.20,-1.20,-1.72,-1.51,-1.85,-0.76,-1.57,-0.97,-1.22,-1.09,3.79,0.18,0.27,-0.22,-0.04,-0.80,-1.31,-1.59,-0.96,-0.32,4.29,-0.21,-0.81,-1.72,-1.20,-1.72,-1.36,-1.13,-0.30,-0.36,-0.83,-0.62,0.73,0.80,1.80,2.54,1.29,-0.77,-1,,-4.40,-14.80,-0.50,-2.70,-2.90,,,,,,,-1.80,-1.30,,-1.80,-1.60,-0.70,-1.42,,,,,,,,-1.30,-1.50,-1.10,-1.60,-0.60,,,,,-1,,-1.50,-0.30,5,4,1,,,-1.60,,,-0.30,,,1.40,0.50,-0.30,2.30,-0.80,-0.80,
2008-12-24 09:20,-0.10,-0.26,-2.65,-0.75,-3.35,-1.88,-1,-0.50,-5.22,-0.96,-3.32,-2.60,-7.49,-3.39,-3.03,-3.35,-6.40,-9.36,-6.70,-5.18,-11.41,-6.64,-4.66,,-1.10,-0.56,-0.44,-3.65,-0.53,-2.40,-2.61,-0.07,-9.32,-4.16,-3.91,-3.81,-2.51,-2.06,-5.95,-2.73,-10.40,-10.67,-11.19,-0.79,-4.40,-1.54,-2.50,-2.55,-3.05,-2.87,-3.21,-1.59,-1.97,-1.54,-3.24,-3,-2.66,-2.90,-2.85,-2.39,-3.84,-3.40,-4.64,-8.52,-4.41,,3.82,2.95,2.30,0.12,2.84,0.01,1.31,-0.13,-0.68,1.46,1.30,2.08,0.40,-0.23,-1.02,-1.32,-1.29,-2.93,-1.03,-1.88,-1.38,-1.20,-0.36,-1.41,-3.71,-1.37,-1.20,-1,-1.37,-1.50,-1.62,-0.93,-1.48,-0.94,-1.05,-1.02,3.93,0.24,0.37,-0.15,-0.05,-0.90,-1.23,-1.43,-0.75,-0.24,4.35,-0.12,-0.59,-1.62,-1.10,-1.54,-1.13,-1.15,-0.20,-0.29,-0.79,-0.41,0.78,0.87,1.90,2.69,1.06,-1.03,-1,,-4.20,-14.60,-0.40,-2.70,-2.90,,,,,,,-1.60,-1.10,,-1.70,-1.30,-0.50,-1.28,,,,,,,,-1.20,-1.30,-0.90,-1.40,-0.50,,,,,-0.80,,-1.10,-0.30,5,4.10,1.10,,,-1.60,,,-0.10,,,1.50,0.50,0,2.30,-0.70,-0.90,
2008-12-24 09:30,0,-0.14,-2.48,-0.61,-3.29,-1.67,-0.82,-0.30,-5.08,,-2.91,-2.34,-7.49,-3.55,-2.36,-3.23,-6.26,-9.01,-5.40,-4.90,-11.13,-6.37,-4.42,,-1.07,-0.52,-0.25,-3.53,-0.41,-2.50,-2.54,-0.14,-9.28,-4.21,-3.99,-3.93,-2.33,-2.29,-5.73,-2.62,-10.40,-10.89,-11.42,-0.29,-4.10,-1.39,-2.50,-2.61,-2.94,-2.84,-2.82,-1.57,-1.83,-1.44,-3.28,-2.91,-2.75,-2.80,-2.90,-2.33,-3.84,-3.40,-4.64,-8.53,-4.41,,4.02,2.95,2.40,0.20,2.76,-0.12,1.46,-0.04,-0.60,1.42,1.40,1.87,0.50,-0.14,-0.94,-1.40,-1.19,-2.92,-0.77,-1.83,-1.21,-0.80,-0.31,-1.04,-3.80,-1.39,-1.25,-1,-1.06,-1.44,-1.58,-0.89,-1.40,-0.86,-0.93,-0.89,4.05,0.30,0.39,-0.09,-0.01,-1,-1.13,-1.16,-0.47,-0.31,4.86,-0.04,-0.41,-1.45,-1,-1.46,-1.09,-1.11,0.10,-0.23,-0.85,-0.38,0.80,1,2.10,2.52,1.12,-1.12,-0.80,,-4.10,-14.50,-0.30,-2.70,-2.90,,,,,,,-1.50,-0.90,,-1.60,-1.10,-0.30,-1.47,,,,,,,,-1.10,-1.30,-0.80,-1.40,-0.30,,,,,-0.70,,-1.10,-0.30,5,4.20,1.10,,,-1.50,,,-0.30,,,1.50,0.60,0.20,2.50,-0.60,-0.80,
2008-12-24 09:40,0.20,0,-2.28,-0.56,-2.99,-1.51,-0.80,-0.30,-4.84,,-2.61,-2.30,-7.45,-3.24,-2.17,-3.08,-6.28,-8.74,-3.60,-4.40,-10.90,-6.23,-4.03,,-1.12,-0.69,-0.20,-3.47,-0.55,-2.70,-2.39,-0.24,-9.33,-4.12,-3.98,-3.91,-2.39,-2.24,-5.40,-2.16,-10.60,-10.79,-11.38,-0.57,-3.80,-1.36,-2.40,-2.73,-2.95,-2.80,-2.71,-1.51,-1.63,-1.48,-3.29,-2.89,-2.81,-2.60,-2.78,-2.38,-3.85,-3.40,-4.64,-8.56,-4.36,,4.09,3.01,2.30,0.27,2.70,-0.13,1.62,-0.02,-0.44,1.54,1.40,1.54,0.70,-0.02,-0.86,-1.30,-1.06,-2.71,-0.48,-1.61,-1.29,-0.50,-0.22,-0.76,-3.70,-1.32,-1.24,-1,-1.07,-1.39,-1.47,-0.77,-1.16,-0.83,-0.89,-0.95,4.13,0.33,0.42,-0.11,0.03,-0.80,-1.04,-1.18,-0.33,-0.16,5.06,-0.07,-0.39,-1.40,-0.90,-1.23,-0.96,-1.14,0.20,-0.28,-0.65,-0.49,0.57,0.99,2.30,2.73,0.91,-0.89,-0.70,,-4,-14.40,-0.20,-2.60,-3,,,,,,,-1.40,-0.70,,-1.60,-0.90,-0.30,-1.42,,,,,,,,-1,-1.20,-0.70,-1.40,-0.50,,,,,-0.60,,-1,-0.30,5,4.40,1.20,,,-1.50,,,-0.20,,,1.50,0.70,0.30,2.60,-0.50,-0.80,
2008-12-24 09:50,0.40,0.20,-2.09,-0.54,-2.93,-1.15,-0.62,-0.40,-4.58,,-2.38,-2.22,-7.40,-2.96,-2.04,-2.91,-6.12,-8.70,-3,-4.12,-10.73,-6.43,-3.93,,-1.03,-0.64,-0.01,-3.28,-0.55,-2.80,-2.13,-0.08,-9.34,-3.79,-3.58,-3.85,-2.59,-1.84,-5.18,-2.01,-10.50,-10.49,-11.33,-0.87,-3.30,-1.28,-2.30,-2.68,-2.69,-2.79,-2.66,-1.55,-1.78,-1.64,-3.13,-2.94,-2.93,-2.70,-2.74,-2.41,-3.77,-3.30,-4.63,-8.40,-4.32,-6.75,4.38,3.10,2.30,0.18,2.84,0.08,2.06,0.09,-0.43,1.55,1.50,1.34,0.90,0.24,-0.78,-1.30,-1.17,-2.62,-0.49,-1.61,-1.12,-0.20,0.08,-0.79,-3.91,-1.16,-1.22,-1,-1.18,-1.29,-1.61,-0.45,-1.19,-0.86,-0.91,-0.85,4.28,0.37,0.32,0.14,0.05,-0.40,-0.91,-1.05,-0.28,-0.14,5.06,0.01,-0.29,-1.29,-0.80,-1.11,-0.87,-0.87,0,-0.05,-0.40,-0.13,0.90,1.06,2.40,2.65,0.94,-0.83,-0.60,,-3.70,-14.30,-0.20,-2.50,-3,,,,,,,-1.30,-0.60,,-1.50,-0.80,-0.10,-1.14,,,,,,,,-1,-1.20,-0.60,-1.10,-0.50,,,,,-0.50,,-1,0,5,4.90,1.30,,,-1.40,,,-0.10,,,1.50,0.80,0.40,2.70,-0.50,-0.70,
2008-12-24 10:00,0.60,0.34,-2,-0.44,-2.76,-0.79,-0.56,-0.40,-4.39,-0.39,-2.38,-2,-7.25,-2.87,-1.63,-2.98,-5.78,-8.51,-2.80,-4.01,-8.97,-6.20,-3.77,,-0.89,-0.55,0.19,-3.02,-0.40,-2.40,-2.07,0.13,-8.91,-3.71,-3.42,-3.58,-2.56,-1.74,-4.86,-2.08,-10.30,-10.42,-11.47,-0.84,-3.20,-1.19,-2.20,-2.60,-2.54,-2.70,-2.62,-1.42,-1.78,-1.60,-2.83,-2.84,-3.06,-2.80,-2.71,-2.38,-3.47,-3.30,-4.53,-8.48,-4.19,-6.56,4.40,3.11,2.20,0.22,2.84,0.15,2.43,0.08,-0.38,1.72,1.50,0.87,1.10,0.39,-0.63,-1.20,-1.10,-2.57,0,-1.55,-1.09,0.10,0.36,-1.02,-3.82,-1.11,-1.12,-0.90,-0.76,-1.16,-1.63,-0.33,-1.14,-0.83,-0.89,-0.75,4.35,0.39,0.44,0.02,0.08,-0.20,-0.91,-1.02,-0.26,-0.05,5.02,0.16,-0.25,-1.21,-0.70,-1.04,-0.88,-0.80,-0.20,0.07,-0.25,-0.15,0.77,1.18,2.50,2.08,0.89,-0.61,-0.50,-0.50,-3.90,-14.20,-0.30,-2.40,-3,-0.90,1.40,-3,-0.10,0.20,0.20,-1.10,-0.50,-0.90,-1.40,-0.60,0,-1.30,,3.90,4.50,1.50,1.40,0,-0.30,-0.90,-1.10,-0.60,-1.30,-0.50,5.80,2.20,0.60,-0.30,-0.30,-1.20,-0.80,0.40,4.90,5.20,1.40,0.30,-0.20,-1.30,-0.70,-0.50,-0.10,2,1.20,1.60,0.90,0.40,2.80,-0.20,-0.90,-0.30
2008-12-24 10:10,0.70,0.44,-1.94,-0.39,-2.49,-0.74,-0.45,-0.30,-4.37,-0.21,-2.48,-1.61,-7.10,-2.78,-1.80,-2.78,-5.52,-8.54,-2.10,-3.70,-8.02,-6.07,-3.73,,-0.75,-0.27,-0.08,-3.04,-0.11,-2,-2.01,0.16,-8.58,-3.55,-3.03,-3.45,-2.41,-1.68,-4.53,-2.16,-10.10,-10.33,-11.15,-0.93,-3.20,-1.19,-2,-2.56,-2.42,-2.57,-2.40,-1.37,-1.91,-1.59,-3.02,-2.84,-2.92,-2.80,-2.74,-2.41,-3.34,-3.30,-4.43,-8.41,-4.29,-6.48,4.33,3.08,2.20,0.26,2.94,0.18,2.72,0.17,-0.23,1.39,1.50,0.77,1.30,0.57,-0.56,-1.10,-0.95,-2.42,0.07,-1.49,-1.03,0.20,0.42,-0.98,-3.61,-0.99,-1.28,-1,-0.77,-1.17,-1.72,-0.19,-0.79,-0.73,-0.83,-0.76,4.56,0.64,0.37,-0.05,0.10,0,-0.69,-1,-0.12,0,5.19,0.21,-0.18,-1.19,-0.60,-0.98,-0.75,-0.65,0,0.13,-0.16,-0.18,0.91,1.21,2.60,2.02,1.04,-0.50,-0.50,,-3.30,-14.10,0,-2.40,-3,,,,,,,-1.10,-0.40,,-1.40,-0.60,-0.30,-0.94,,,,,,,,-0.80,-1,-0.70,-1.20,-0.40,,,,,-0.30,,-0.70,0.50,4.90,5.10,1.40,,,-1.30,,,0,,,1.70,0.80,0.40,2.80,-0.20,-0.90,
2008-12-24 10:20,0.80,0.36,-1.74,-0.33,-2.57,-0.64,-0.43,-0.20,-4.55,0.01,-2.38,-1.51,-6.56,-2.20,-2,-2.69,-5.44,-8.34,-1.90,-3.56,-7.77,-6,-3.69,,-0.69,-0.13,0.14,-2.96,0.13,-1.80,-1.62,0.37,-8.74,-3.48,-3.03,-3.28,-2.27,-1.65,-4.44,-2.29,-10.30,-10.21,-11.05,-0.37,-3.30,-1.13,-1.90,-2.49,-2.31,-2.51,-2.62,-1.25,-2.07,-1.72,-3.17,-2.84,-2.79,-2.80,-2.68,-2.44,-3.15,-3.30,-4.40,-8.35,-4.31,-6.52,4.19,3.01,2.10,0.33,2.97,0.12,2.73,0.38,-0.07,1.29,1.50,0.75,1.40,0.73,-0.36,-1,-0.88,-2.31,-0.03,-1.48,-0.72,0,0.32,-0.77,-3.62,-0.91,-1,-1,-0.92,-1.40,-1.51,-0.35,-0.93,-0.70,-0.84,-0.59,4.77,1.01,0.49,-0.09,0.04,0.20,-0.60,-0.82,-0.06,-0.05,5.24,0.29,-0.15,-1.16,-0.50,-0.84,-0.51,-0.72,0.20,0.25,-0.34,0.03,0.95,1.21,2.60,1.97,1.22,-0.53,-0.50,,-3.40,-14,0,-2.30,-3,,,,,,,-1,-0.30,,-1.40,-0.60,-0.40,-0.86,,,,,,,,-0.70,-1.10,-0.70,-0.90,-0.20,,,,,-0.30,,-0.40,0.60,4.90,5.20,1.50,,,-1.30,,,-0.10,,,1.80,0.90,0.40,2.80,-0.20,-0.80,
2008-12-24 10:30,0.90,0.40,-1.73,-0.27,-2.54,-0.38,-0.37,-0.10,-4.61,0.11,-2.42,-1.28,-6.31,-1.58,-2.11,-2.62,-5.06,-8.42,-2.40,-3.47,-7.13,-5.74,-3.42,,-0.65,0.19,0.17,-2.84,0.36,-1.40,-1.83,0.46,-8.88,-3.34,-2.90,-3.05,-2.18,-1.66,-4.09,-2.37,-10,-10.14,-11.06,-0.10,-3.10,-1.02,-1.90,-2.43,-2.25,-2.43,-2.47,-1.35,-1.94,-1.68,-3.21,-2.86,-2.64,-2.80,-2.64,-2.49,-3.32,-3.30,-4.31,-8.45,-4.28,-6.49,4.22,3.12,2.20,0.25,3.01,0.10,3.07,0.39,-0.03,1.29,1.50,0.81,1.30,0.49,-0.37,-0.90,-0.76,-2.18,-0.29,-1.37,-0.60,0.10,0.34,-0.76,-3.50,-0.69,-0.96,-0.90,-0.79,-1.17,-1.49,-0.57,-0.97,-0.67,-1.01,-0.80,4.78,1.28,0.46,-0.13,0.20,0.20,-0.60,-0.78,-0.08,0,5.18,0.59,-0.09,-1.06,-0.50,-0.72,-0.51,-0.56,0.30,0.18,-0.31,0.02,0.90,1.27,2.60,1.90,1.35,-0.53,-0.50,,-3.30,-13.90,0,-2.20,-3.10,,,,,,,-1,-0.20,,-1.40,-0.50,-0.40,-0.88,,,,,,,,-0.80,-1,-0.70,-1.10,-0.30,,,,,-0.30,,-0.40,0.70,4.90,5.30,1.60,,,-1.30,,,-0.10,,,1.80,1,0.50,2.80,0,-0.80,
2008-12-24 10:40,1,0.47,-1.90,-0.22,-2.37,-0.78,-0.23,0,-4.64,0.11,-2.29,-1.27,-6.04,-1.36,-1.96,-2.68,-4.86,-8.47,-2.60,-3.52,-7.82,-5.71,-3.17,,-0.45,0.35,0.43,-2.76,0.39,-1.20,-1.88,0.49,-8.89,-3.33,-2.69,-2.98,-1.91,-1.16,-4.01,-2.10,-9.90,-10.11,-10.95,-0.16,-3,-0.66,-1.90,-2.36,-1.91,-2.36,-2.01,-1.36,-1.78,-1.65,-3.45,-2.81,-2.78,-2.70,-2.81,-2.54,-3.36,-3.30,-4.25,-8.39,-4.35,-6.40,4.36,3.15,2.20,0.29,2.94,-0.02,3.43,0.41,-0.03,1.07,1.50,0.75,1.10,0.62,-0.29,-0.70,-0.74,-2.12,0.12,-1.27,-0.46,0.40,0.48,-0.60,-3.30,-0.62,-0.89,-0.90,-0.84,-0.99,-1.47,-0.51,-0.86,-0.64,-0.71,-0.78,4.85,1.19,0.50,-0.12,0.22,0.30,-0.72,-0.74,-0.09,0.17,5.04,0.54,-0.09,-0.82,-0.40,-0.65,-0.39,-0.36,0.20,0.12,-0.13,0.03,0.76,1.42,2.70,1.90,1.51,-0.53,-0.50,,-2.80,-13.80,0.10,-2.20,-3,,,,,,,-0.90,-0.10,,-1.50,-0.30,-0.20,-0.86,,,,,,,,-0.70,-0.90,-0.30,-1,-0.20,,,,,-0.20,,-0.30,0.70,4.90,5.60,1.70,,,-1.20,,,0.30,,,1.90,1.20,0.60,2.80,0.20,-0.90,
2008-12-24 10:50,1.10,0.55,-1.84,-0.16,-2.40,-0.58,-0.26,0,-4.68,0.18,-2.32,-1.24,-5.80,-1.33,-1.94,-2.73,-4.89,-8.47,-2.70,-3.66,-6.78,-5.73,-3.33,,-0.37,0.56,0.41,-2.76,0.19,-1.30,-1.85,0.86,-8.77,-3.10,-2.43,-2.89,-1.52,-1.18,-3.87,-2.28,-9.50,-10.09,-10.85,-0.01,-2.60,-0.41,-1.80,-2.27,-1.89,-2.30,-1.52,-1.39,-1.82,-1.53,-3.29,-2.93,-2.77,-2.60,-2.81,-2.53,-3.49,-3.30,-4.13,-8.30,-4.28,-6.45,4.33,3.14,2.20,0.25,2.98,0.12,3.46,0.49,0.08,1.01,1.40,0.75,1.10,0.63,-0.38,-0.60,-0.68,-2.18,-0.04,-1.37,-0.55,0.60,0.53,-0.46,-3.30,-0.62,-0.90,-0.80,-0.84,-0.85,-1.52,-0.21,-0.98,-0.55,-0.53,-0.76,4.90,1.47,0.63,-0.14,0.29,0.50,-0.69,-0.73,0.14,0.14,5.07,0.72,-0.15,-0.56,-0.40,-0.67,-0.25,-0.29,-0.10,-0.03,-0.07,-0.06,0.64,1.48,2.70,1.89,1.55,-0.56,-0.50,,-2.50,-13.80,0.20,-2.10,-3,,,,,,,-0.80,0.10,,-1.50,-0.20,-0.10,-0.86,,,,,,,,-0.60,-0.80,-0.30,-0.90,-0.20,,,,,-0.20,,-0.30,0.70,5,5.50,2,,,-1.10,,,0.50,,,2,1.20,0.70,2.80,0.20,-0.90,
2008-12-24 11:00,1.20,0.78,-1.64,-0.01,-2.51,-0.60,-0.04,0.10,-4.73,0.18,-2.19,-1.03,-5.63,-1.45,-1.86,-2.69,-4.40,-8.54,-2.70,-3.64,-6.18,-5.76,-3.24,,-0.39,0.85,0.34,-2.78,0.19,-1.10,-1.81,0.54,-8.84,-2.84,-2.38,-2.71,-1.46,-1.20,-3.73,-2.20,-9.80,-10.09,-10.36,0.14,-2.50,-0.56,-1.70,-2.24,-1.78,-2.17,-1.59,-1.47,-1.90,-1.51,-3.29,-2.87,-2.62,-2.40,-2.85,-2.58,-3.60,-3.40,-3.86,-8.32,-4.24,-6.42,4.32,3.17,2.30,0.21,2.96,0.56,3.56,0.30,0.12,1.19,1.40,0.79,0.90,0.75,-0.25,-0.50,-0.55,-2.05,-0.07,-1.25,-0.56,0.70,0.70,-0.34,-3.23,-0.70,-0.74,-0.70,-0.75,-0.66,-1.47,0.19,-1.02,-0.44,-0.41,-0.70,5.07,1.60,0.68,-0.09,0.46,0.60,-0.78,-0.65,0.42,0.14,5.06,0.80,-0.07,-0.28,-0.30,-0.63,0.05,-0.33,-0.10,-0.05,-0.05,-0.22,0.65,1.62,2.70,1.94,1.38,-0.40,-0.50,0.10,-2.90,-13.70,0.60,-2,-3,-0.70,4,-3.20,0.50,0.50,1,-0.80,0.10,-0.50,-1.30,-0.30,-0.20,-0.90,-0.60,4.50,5.10,2.10,1.90,0.30,0.20,-0.50,-0.80,-0.10,-0.80,-0.30,5.50,3.80,1,0.30,0,-0.70,-0.20,0.70,4.90,5.50,2.40,,0.80,-1,-0.50,0.10,0.50,3.70,1.20,2,1.30,0.80,2.90,0.10,-0.50,0
2008-12-24 11:10,1.30,0.94,-1.49,0.10,-2.30,-0.67,0.05,0.30,-4.73,0.16,-2.08,-0.91,-5.81,-1.76,-1.58,-2.57,-4.20,-8.67,-2.70,-3.32,-6.03,-5.78,-2.92,,-0.34,0.93,0.53,-2.52,0.28,-1,-1.72,0.72,-8.77,-2.91,-2.18,-2.53,-1.35,-1.09,-3.61,-2.03,-10.10,-9.86,-10.68,0.34,-2.50,-0.69,-1.70,-2.10,-1.48,-2.09,-2.07,-1.29,-1.89,-1.52,-3.34,-2.89,-2.59,-2.20,-2.81,-2.56,-3.65,-3.40,-3.69,-8.37,-4.33,-6.40,4.50,3.18,2.30,0.21,2.94,0.97,3.86,0.28,0.01,1.23,1.30,0.72,0.80,0.87,-0.10,-0.30,-0.51,-1.97,-0.12,-1.22,-0.51,0.60,0.89,-0.29,-3.17,-0.71,-0.56,-0.70,-0.67,-0.54,-1.58,0.05,-1.04,-0.35,-0.39,-0.74,5.21,1.62,0.64,0,0.57,0.40,-0.34,-0.68,0.63,0.02,5.04,0.77,-0.15,0.07,-0.20,-0.58,0.52,-0.24,-0.20,0,-0.17,-0.34,0.75,1.80,2.70,1.96,1.69,-0.13,-0.40,,-2.80,-13.50,0.50,-1.90,-2.90,,,,,,,-0.70,0.40,,-1.30,-0.30,-0.40,-0.85,,,,,,,,-0.50,-0.80,0.10,-0.90,-0.20,,,,,0,,-0.30,0.70,4.90,5.50,2.40,,,-1,,,0.80,,,2,1.50,0.80,2.90,0.10,-0.50,
2008-12-24 11:20,1.40,1.07,-1.43,0.22,-2.30,-0.80,0.25,0.50,-4.65,0.18,-1.90,-1.18,-5.99,-1.81,-1.53,-2.36,-4.23,-8.55,-2.50,-3.55,-6.56,-5.76,-2.76,,-0.13,0.79,0.60,-2.20,0.35,-0.90,-1.60,1.03,-8.40,-2.67,-1.99,-2.52,-1.27,-0.86,-3.52,-1.67,-9.70,-9.93,-10.36,0.38,-2.50,-0.52,-1.70,-2.06,-1.71,-1.99,-2.22,-1.23,-1.89,-1.51,-3.38,-2.98,-2.64,-2.10,-2.55,-2.51,-3.80,-3.40,-3.67,-8.38,-4.31,-6.50,4.46,3.22,2.20,0.12,2.80,1.49,3.83,0.28,0.11,1.24,1.30,0.64,0.70,0.86,0.07,-0.30,-0.47,-2.02,-0.08,-1,-0.44,0.50,1.22,-0.17,-3.14,-0.56,-0.55,-0.60,-0.74,-0.35,-1.66,-0.03,-1.22,-0.40,-0.40,-0.79,5.06,1.77,0.58,0,0.71,0.30,-0.33,-0.65,0.85,-0.05,5.14,0.81,-0.10,0.23,-0.20,-0.55,0.98,0,-0.30,-0.12,-0.29,-0.24,0.53,1.84,2.70,2.02,1.91,0.02,-0.50,,-2.80,-13.40,0.60,-1.80,-2.80,,,,,,,-0.60,0.60,,-1.20,-0.20,-0.20,-0.87,,,,,,,,-0.50,-0.70,-0.50,-0.80,-0.20,,,,,0,,-0.30,0.70,4.80,5.40,2.60,,,-0.90,,,0.50,,,2.10,1.50,0.90,2.90,0,-0.50,
2008-12-24 11:30,1.40,1.26,-1.16,0.40,-2.20,-0.81,0.38,0.50,-4.54,0.19,-1.85,-1.34,-6.11,-1.81,-1.32,-2.46,-4.35,-8.24,-2.30,-3.94,-6.20,-5.77,-2.80,,0.02,0.52,0.91,-1.91,0.57,-0.90,-1.50,1.15,-8.15,-2.79,-1.94,-2.53,-1.15,-0.96,-3.60,-1.54,-10.30,-9.58,-9.83,0.66,-2.40,-0.61,-1.60,-1.97,-1.48,-1.91,-2.25,-1.13,-1.99,-1.35,-3.42,-3.14,-2.63,-2.20,-2.34,-2.53,-3.80,-3.50,-3.98,-8.26,-4.27,-6.60,4.42,3.22,2.30,0.19,2.81,1.58,3.90,0.34,-0.09,1.42,1.30,0.56,0.70,0.87,0.04,-0.20,-0.44,-1.73,-0.02,-0.96,-0.43,0.20,1.34,-0.11,-3.19,-0.44,-0.58,-0.40,-0.68,-0.21,-1.62,0.21,-1.01,-0.39,-0.33,-0.92,5.13,2.01,0.54,-0.14,0.75,0.40,-0.54,-0.69,0.83,-0.04,5.11,0.80,0.02,0.30,-0.20,-0.44,1,-0.04,-0.30,-0.16,-0.23,-0.20,0.64,1.90,2.80,2.17,1.99,0.09,-0.50,,-3.20,-13.40,0.70,-1.70,-2.80,,,,,,,-0.50,0.60,,-1.20,0,-0.20,-0.83,,,,,,,,-0.40,-0.60,-0.50,-0.80,-0.10,,,,,0,,0,0.70,4.90,5.30,2.70,,,-0.80,,,0.50,,,2.20,1.60,1,2.90,0.70,-0.40,
2008-12-24 11:40,1.50,1.31,-1.20,0.54,-2,-0.70,0.66,0.70,-4.56,0.24,-1.68,-1.36,-6.19,-1.84,-1.21,-2.43,-4.39,-7.99,-2.20,-4.07,-5.93,-5.86,-2.67,,0.15,0.37,0.55,-1.98,0.46,-0.80,-1.20,0.90,-8.13,-2.91,-2.11,-2.31,-1,-0.74,-3.79,-1.31,-10.40,-9.06,-9.18,0.43,-2.40,-0.51,-1.30,-1.95,-1.29,-1.71,-2.40,-1.13,-1.97,-1.21,-3.40,-3.03,-2.60,-2.20,-2.44,-2.61,-3.86,-3.60,-4.21,-8.28,-4.31,-6.60,4.57,3.26,2.30,0.30,2.79,2.14,3.91,0.43,-0.09,1.48,1.30,0.52,0.70,0.83,0.13,-0.10,-0.39,-1.74,0.03,-0.99,-0.48,0.20,1.36,-0.06,-3.17,-0.42,-0.54,-0.30,-0.71,-0.19,-1.51,0.03,-0.96,-0.33,-0.35,-0.90,4.92,2.20,0.45,0.05,0.84,0.40,-0.59,-0.77,0.56,0.02,5.19,0.81,0.08,0.41,-0.20,-0.44,0.74,0.16,-0.10,-0.25,-0.23,-0.20,0.49,2.04,3,2.20,2.05,0.21,-0.60,,-3.40,-13.30,0.70,-1.50,-2.70,,,,,,,-0.40,0.50,,-1.20,0.10,0,-0.84,,,,,,,,-0.40,-0.60,-0.40,-0.80,-0.20,,,,,0.10,,-0.10,0.80,5,5.20,,,,-0.70,,,0.40,,,2.30,1.70,1.10,2.90,0.60,-0.30,
2008-12-24 11:50,1.50,1.29,-1.25,0.53,-2,-0.52,0.75,0.70,-4.61,0.29,-1.45,-1.42,-6.21,-1.83,-1.03,-2.72,-4.49,-7.76,-2.10,-3.88,-5.88,-6.02,-2.49,,0.48,0.34,0.19,-1.96,0.36,-0.90,-0.92,0.76,-8.02,-2.77,-2.35,-2.62,-0.86,-1.01,-3.77,-1.16,-10.20,-8.95,-8.62,0.56,-2.40,-0.46,-1.20,-1.86,-1.32,-1.62,-2.34,-1.02,-1.98,-1.17,-3.49,-3.16,-2.60,-1.80,-2.35,-2.64,-3.83,-3.50,-4.22,-8.25,-4.32,-6.59,4.54,3.18,2.20,0.27,2.67,2.14,4.08,0.36,-0.09,1.50,1.40,0.47,0.60,0.60,0.23,-0.10,-0.25,-1.45,0.19,-0.92,-0.49,0.30,1.12,-0.06,-3.23,-0.43,-0.57,-0.20,-0.57,-0.14,-1.42,0.09,-0.99,-0.28,-0.46,-0.89,5.01,2.35,0.38,-0.01,0.91,0.40,-0.60,-0.81,0.55,0.01,5.22,0.86,0.03,0.46,-0.10,-0.38,0.69,0.26,0,-0.22,-0.18,-0.27,0.53,2.24,3,2.10,2.02,0.32,-0.60,,-3.60,-13.20,0.70,-1.40,-2.60,,,,,,,-0.30,0.60,,-1.20,0.20,-0.20,-0.77,,,,,,,,-0.50,-0.60,-0.60,-0.80,-0.20,,,,,0,,-0.10,0.70,5,5.20,3,,,-0.70,,,0.30,,,2.30,1.80,1.10,2.90,0.60,-0.30,
2008-12-24 12:00,1.50,1.28,-1.30,0.54,-2.20,-0.55,0.62,0.60,-4.55,0.45,-1.58,-1.40,-6.34,-1.78,-0.99,-2.77,-4.51,-7.61,-2,-3.88,-5.70,-6.26,-2.32,,0.35,0.25,0.09,-1.90,0.78,-1,-0.85,0.83,-8.23,-2.74,-2.14,-2.65,-0.98,-1.54,-3.71,-0.93,-10.30,-8.99,-8.26,0.81,-2.40,-0.43,-1.20,-1.76,-1.08,-1.58,-2.11,-1.12,-1.91,-1.18,-3.53,-2.99,-2.55,-2.10,-2.47,-2.57,-3.80,-3.50,-4.32,-8.41,-4.40,-6.69,4.65,3.07,2.10,0.32,2.69,2.26,4.24,0.26,-0.09,1.68,1.40,0.49,0.50,0.69,0.26,-0.20,-0.17,-1.46,0.23,-0.85,-0.52,0.40,0.82,-0.02,-3.27,-0.40,-0.46,-0.30,-0.49,-0.07,-1.15,0.10,-0.96,-0.25,-0.36,-0.96,5.24,2.50,0.39,-0.01,0.97,0.30,-0.69,-0.81,0.89,-0.01,5.16,0.93,0.12,0.38,-0.10,-0.32,0.64,0.28,0.10,-0.09,0.04,-0.17,0.49,2.40,2.60,2.02,1.80,0.45,-0.40,0.40,-3.50,-13.20,0.90,-1.30,-2.60,-1.30,4.20,-3.70,-0.20,0,1,-0.20,0.60,0.10,-1.10,0.20,-0.30,-0.80,-0.70,4.30,5.30,2.30,2.10,0.50,0.40,-0.40,-0.60,-0.60,-0.80,-0.10,5.80,4.60,1.40,0.70,0.20,-0.20,-0.10,0.60,5.20,5.20,3.20,0.10,0.80,-0.70,-0.30,0.70,0.30,3.80,1.40,2.30,1.90,1.10,2.90,0.70,-0.40,0
2008-12-24 12:10,1.50,1.27,-1.23,0.49,-2.44,-0.33,0.61,0.60,-4.64,0.46,-1.57,-1.35,-6.31,-1.73,-0.99,-2.59,-4.40,-7.64,-1.70,-3.87,-5.51,-6.48,-2.31,,0.28,0.29,0.08,-1.78,0.97,-0.80,-0.81,0.87,-8.23,-2.68,-2.14,-2.37,-1.08,-1.69,-3.76,-0.75,-10.20,-9.02,-7.73,0.76,-2.60,-0.50,-1.20,-1.76,-1.05,-1.62,-1.95,-0.91,-1.83,-1.18,-3.53,-2.99,-2.53,-1.90,-2.58,-2.52,-3.64,-3.60,-4.31,-8.34,-4.55,-6.80,4.48,3.08,2.10,0.35,2.56,2.16,4.41,0.26,0.12,1.76,1.40,0.59,0.40,0.45,0.22,-0.10,0.02,-1.29,0.33,-0.88,-0.54,0.30,0.76,-0.05,-3.19,-0.47,-0.34,-0.20,-0.47,-0.10,-1.18,0.15,-0.93,-0.26,-0.37,-0.93,5.28,2.53,0.34,-0.10,0.86,0.30,-0.75,-0.73,0.80,0.09,5.01,1.08,0.24,-0.02,0,-0.19,0.68,0.38,0,-0.17,-0.01,-0.19,0.46,2.36,3,1.86,1.72,0.43,-0.40,,-3.30,-13.10,1.10,-1.20,-2.70,,,,,,,-0.20,0.70,,-1.10,0.60,-0.30,-0.61,,,,,,,,-0.40,-0.50,-0.50,-1,-0.20,,,,,0.20,,-0.20,0.60,5.20,5.20,3.20,,,-0.70,,,0.30,,,2.30,2,1.10,2.90,0.70,-0.40,
2008-12-24 12:20,1.50,1.30,-1.22,0.45,-2.66,-0.35,0.63,0.70,-4.70,0.54,-1.46,-1.31,-6.41,-1.54,-0.92,-2.38,-4.31,-7.68,-1.60,-3.76,-5.49,-6.27,-2.25,,0.15,0.35,0.05,-1.82,1.01,-0.90,-0.88,0.92,-8.44,-2.59,-2.08,-2.43,-1.26,-1.57,-3.79,-0.85,-10.30,-8.89,-7.50,0.59,-2.50,-0.54,-1.20,-1.71,-1.22,-1.51,-2.01,-1.01,-1.83,-1.18,-3.50,-2.84,-2.48,-1.90,-2.45,-2.40,-3.60,-3.60,-4.38,-8.39,-4.54,-6.84,4.50,2.93,2.10,0.39,2.51,2.34,4.53,0.16,0.03,1.97,1.50,0.59,0.30,0.38,0.36,-0.10,-0.18,-1.19,0.37,-0.82,-0.53,0.40,0.75,-0.06,-3.07,-0.55,-0.40,-0.10,-0.56,0.05,-1.05,0.22,-0.93,-0.27,-0.44,-0.76,5.27,2.78,0.39,-0.04,0.98,0.30,-0.63,-0.67,0.80,0.15,4.86,1.05,0.23,-0.16,0,-0.03,0.56,0.44,-0.30,-0.20,-0.11,-0.15,0.41,2.46,3,1.86,1.90,0.24,-0.40,,-3,-13,1.30,-1.10,-2.60,,,,,,,-0.10,0.70,,-1.10,0.90,-0.30,-0.44,,,,,,,,-0.30,-0.50,-0.40,-1,-0.20,,,,,0.30,,-0.20,0.50,5.20,5.20,,,,-0.60,,,0.10,,,2.30,2.10,1,2.80,0.80,-0.30,
2008-12-24 12:30,1.50,1.33,-1.18,0.41,-2.64,-0.35,0.62,0.60,-4.64,0.59,-1.45,-1.50,-6.44,-1.53,-0.86,-2.42,-4.23,-7.66,-1.50,-3.68,-5.30,-5.84,-2.20,,0.21,0.29,-0.02,-1.79,0.94,-1,-1.06,0.88,-8.42,-2.58,-2.07,-2.35,-1.21,-1.49,-3.73,-0.83,-10.30,-9.04,-7.43,0.44,-2.50,-0.40,-1,-1.56,-1.21,-1.56,-1.86,-0.96,-1.89,-1.15,-3.37,-2.78,-2.48,-1.90,-2.41,-2.45,-3.53,-3.70,-4.43,-8.50,-4.54,-6.79,4.59,3.02,2,0.38,2.60,2.08,4.64,0.10,-0.14,2.76,1.50,0.63,0.20,0.38,0.41,-0.20,-0.04,-1.13,0.50,-0.97,-0.41,0.40,0.73,-0.16,-2.98,-0.38,-0.36,-0.10,-0.80,0.04,-1.07,0.27,-0.80,-0.36,-0.63,-0.73,5.03,2.88,0.37,-0.07,0.97,0.30,-0.70,-0.76,0.78,0.14,4.69,0.90,0.25,-0.11,0.10,-0.15,0.39,0.49,-0.40,-0.12,-0.14,0.20,0.38,2.54,3.10,1.80,1.87,0.15,-0.50,,-2.90,-13,1.20,-1,-2.60,,,,,,,0,,,-1.20,0.90,-0.20,-0.38,,,,,,,,-0.30,-0.40,-0.40,-0.70,-0.20,,,,,0.20,,-0.20,0.40,5.10,5.20,3.40,,,-0.40,,,0,,,2.10,2.10,1.30,2.70,0.80,-0.50,
2008-12-24 12:40,1.50,1.30,-1.31,0.46,-2.64,-0.42,0.55,0.70,-4.57,0.63,-1.43,-1.67,-6.44,-1.53,-0.88,-2.59,-3.96,-7.58,-1.60,-3.70,-5.33,-5.90,-2.10,,-0.01,0.28,-0.04,-1.73,1,-1.10,-1.14,0.73,-8.49,-2.56,-1.96,-2.26,-1.10,-1.52,-3.72,-0.57,-10.10,-9.08,-7.40,0.65,-2.40,-0.39,-1,-1.57,-1.06,-1.57,-1.92,-0.88,-1.92,-1.04,-3.38,-2.95,-2.35,-1.70,-2.46,-2.42,-3.62,-3.70,-4.42,-8.53,-4.63,-6.70,4.65,2.97,2,0.19,2.62,1.69,4.57,0.12,-0.19,2.76,1.40,0.72,0.20,0.30,0.37,-0.10,0.03,-1.08,0.56,-0.94,-0.28,0.30,0.76,-0.17,-2.90,-0.59,-0.45,-0.10,-0.69,0.06,-1.05,0.21,-0.67,-0.40,-0.79,-0.76,5.15,2.89,0.42,-0.16,0.94,0.30,-0.60,-0.78,0.52,0.08,4.58,0.98,0.33,-0.21,0.10,-0.06,0.25,0.46,-0.40,-0.20,-0.13,0.17,0.36,2.60,3,1.77,1.70,0.16,-0.50,,-2.90,-12.90,1.10,-1,-2.60,,,,,,,0,0.60,,-1.10,0.70,-0.20,-0.48,,,,,,,,-0.20,-0.40,-0.40,-0.60,-0.20,,,,,0.20,,-0.30,0.40,5.10,5.20,3.50,,,-0.30,,,-0.10,,,1.90,2.10,1.30,2.70,0.80,-0.60,
2008-12-24 12:50,1.60,1.25,-1.43,0.46,-2.74,-0.28,0.68,0.80,-4.47,0.67,-1.47,-1.70,-6.49,-1.48,-1.01,-2.84,-3.99,-7.57,-1.70,-3.65,-5.39,-5.74,-2.01,,-0.04,0.33,0.03,-1.79,0.84,-1.20,-1.27,0.65,-8.50,-2.40,-1.96,-2.27,-0.97,-1.55,-3.75,-0.71,-10.10,-9.11,-7.34,0.51,-2.40,-0.34,-1.10,-1.49,-1.33,-1.55,-2.10,-0.96,-1.93,-1.09,-3.48,-2.97,-2.39,-1.90,-2.44,-2.40,-3.57,-3.60,-4.45,-8.54,-4.69,-6.59,4.63,2.99,1.90,0.24,2.43,1.35,4.53,0.03,-0.12,3.03,1.50,0.84,0.10,0.12,0.31,0,-0.05,-1.08,0.67,-0.89,-0.29,0.30,0.77,-0.13,-2.87,-0.40,-0.58,-0.20,-0.52,0.04,-0.98,-0.03,-0.57,-0.42,-0.72,-0.78,4.89,3.22,0.41,-0.11,1.02,0.30,-0.69,-0.78,0.65,0.05,4.38,0.95,0.43,-0.17,0.10,0.06,0.11,0.28,-0.50,-0.26,-0.15,0.20,0.36,2.67,3.10,1.82,1.78,0.04,-0.60,,-2.80,-12.90,0.90,-0.90,-2.50,,,,,,,0,0.60,,-1.10,0.50,-0.30,-0.56,,,,,,,,-0.30,-0.30,-0.40,-0.80,-0.20,,,,,0.20,,-0.30,0.40,5.10,5.30,3.60,,,0,,,-0.20,,,1.90,2.10,1.40,2.70,0.90,-0.60,
2008-12-24 13:00,1.50,1.15,-1.43,0.43,-2.73,-0.06,0.69,0.80,-4.41,0.65,-1.38,-1.63,-6.52,-1.48,-1.08,-3.01,-3.90,-7.62,-1.80,-3.50,-5.49,-6,-2.12,,0.07,0.36,0.08,-1.89,0.78,-1.30,-1.35,0.71,-8.55,-2.40,-1.97,-2.16,-1.09,-1.71,-3.73,-0.81,-10.10,-9.02,-7.28,0.22,-2.30,-0.32,-0.90,-1.37,-1.51,-1.39,-2.23,-0.94,-1.96,-1.13,-3.58,-3.03,-2.25,-2.10,-2.38,-2.47,-3.66,-3.40,-4.44,-8.62,-4.72,-6.74,4.51,2.99,1.90,0.27,2.40,1.15,4.57,0.18,-0.07,3.02,1.60,0.94,0.20,0.29,0.23,0,-0.12,-1.07,0.66,-0.86,-0.24,0.30,0.70,-0.02,-3.10,-0.32,-0.64,-0.10,-0.55,0.06,-0.92,-0.12,-0.33,-0.55,-0.71,-0.81,4.85,3.27,0.37,-0.20,0.98,0.30,-0.71,-0.64,0.66,-0.08,4.63,0.92,0.56,-0.14,0.10,0.13,0.02,0.14,-0.50,-0.11,-0.07,0.23,0.42,2.57,3.10,1.74,1.56,-0.27,-0.80,0.40,-2.80,-12.90,0.90,-0.80,-2.50,-1.10,3.80,-3.50,0.30,0,0.30,0,0.60,0.30,-1,0.50,-0.30,-0.60,-0.80,3.90,5.50,2.90,2.10,0.60,0.30,-0.30,-0.30,-0.30,-1,-0.10,5.70,4.60,1.70,0.90,0.10,-0.60,-0.30,0.40,5,5.40,3.80,0.10,0.50,-0.10,-0.90,0.60,-0.30,5.10,1.60,1.80,2.10,1.40,2.70,0.70,-0.50,-1.30
2008-12-24 13:10,1.40,0.80,-1.56,0.21,-2.90,-0.09,0.75,0.90,-4.35,0.67,-1.48,-1.61,-6.54,-1.54,-1.15,-2.97,-3.80,-7.39,-1.80,-3.49,-5.42,-6.04,-2.14,,0.07,0.36,0.11,-2,0.59,-1.30,-1.28,0.65,-8.49,-2.37,-1.85,-2.16,-1.05,-1.64,-3.75,-1.08,-10,-8.85,-7.34,0.08,-2.40,-0.38,-1,-1.30,-1.81,-1.49,-1.93,-0.95,-1.83,-1.13,-3.52,-3.03,-2.21,-2.20,-2.38,-2.67,-3.70,-3.40,-4.42,-8.63,-4.70,-6.84,4.39,3.01,2,0.29,2.31,1.51,4.51,0.31,0.06,3.19,1.90,1.13,0.20,0.26,0.19,0.11,0.07,-0.93,0.64,-1.08,-0.40,0.20,0.67,-0.01,-3.16,-0.40,-0.69,-0.10,-0.42,0.11,-1.02,-0.17,-0.62,-0.48,-0.83,-0.78,4.81,3.31,0.39,-0.04,1.03,0.30,-0.64,,0.50,-0.15,4.62,0.90,0.52,-0.17,0.10,-0.16,-0.09,0.02,-0.60,-0.21,0.05,0.17,0.35,2.62,3.10,1.68,1.74,-0.24,-0.90,,-2.80,-12.90,0.90,-0.70,-2.50,,,,,,,-0.10,0.50,,-1,0.50,-0.30,-0.67,,,,,,,,-0.30,-0.30,-0.30,-1.10,0,,,,,0.10,,-0.30,0.40,5,5.40,,,,-0.10,,,-0.40,,,1.90,2.10,1.40,2.70,0.70,-0.50,
2008-12-24 13:20,1.20,0.36,-1.90,-0.26,-3.10,-0.18,0.73,0.90,-4.30,0.68,-1.62,-1.62,-6.53,-1.54,-1.28,-2.96,-3.72,-7.37,-1.80,-3.59,-5.51,-5.83,-2.10,,0,0.43,0.15,-2.05,0.55,-1.40,-1.16,0.64,-8.54,-2.28,-1.76,-2.01,-1.10,-1.76,-3.72,-1.28,-10,-8.70,-7.49,0.27,-2.40,-0.45,-1,-1.29,-1.43,-1.55,-2.12,-0.94,-1.82,-1.11,-3.45,-3.03,-2.21,-2.30,-2.22,-2.74,-3.63,-3.50,-4.29,-8.65,-4.64,-6.87,4.53,2.96,2.10,0.30,2.22,1.77,4.45,0.34,0.09,3.20,2,1.38,0.10,0.08,0.08,-0.05,0.15,-0.92,0.70,-1.09,-0.36,0.20,0.63,-0.01,-3.25,-0.45,-0.71,-0.30,-0.32,0.06,-1.05,-0.18,-0.70,-0.47,-0.90,-0.84,4.90,3.39,0.53,-0.07,1,0.20,-0.56,-0.56,0.32,-0.22,4.64,0.78,0.58,-0.09,0,-0.36,-0.20,-0.14,-0.70,-0.26,-0.08,0.11,0.43,2.60,3,1.61,1.60,-0.23,-1,,-2.80,-12.90,0.90,-0.80,-2.40,,,,,,,0,0.10,,-1,0.50,-0.30,-0.68,,,,,,,,-0.20,-0.20,-0.20,-1.20,-0.10,,,,,0,,-0.30,0.30,4.90,5.40,3.80,,,-0.30,,,-0.50,,,2,2,1.40,2.70,0.70,-0.40,
2008-12-24 13:30,0.90,0.14,-2.22,-0.44,-3.30,-0.16,0.76,0.80,-4.35,0.62,-1.56,-1.64,-6.54,-1.60,-1.15,-3.13,-3.58,-7.29,-1.70,-3.44,-5.74,-5.81,-2.07,,0.04,0.44,0.16,-1.98,0.57,-1.30,-1.25,0.58,-8.54,-2.27,-1.75,-2.02,-1.08,-1.63,-3.68,-1.12,-10,-8.83,-7.53,0.25,-2.30,-0.33,-1.10,-1.15,-1.71,-1.71,-2.33,-0.87,-1.75,-1.05,-3.44,-2.90,-2.24,-2.50,-2.25,-2.70,-3.67,-3.50,-4.32,-8.60,-4.57,-6.94,4.39,2.94,2.10,0.32,2.22,1.13,4.48,0.35,0.14,3.32,2,1.68,0.10,0.12,-0.11,-0.12,0.13,-1.01,0.62,-1.12,-0.28,0.20,0.59,0.15,-3.43,-0.50,-0.68,-0.30,-0.22,0.29,-1.08,-0.05,-0.73,-0.46,-0.82,-0.88,4.85,3.44,0.45,-0.22,0.84,0.20,-0.62,-0.54,0.13,-0.32,4.65,0.78,0.44,-0.31,-0.10,-0.44,-0.35,-0.25,-0.80,-0.39,-0.34,-0.11,0.50,2.58,3,1.47,1.63,-0.35,-1.10,,-2.80,-12.90,0.80,-0.80,-2.40,,,,,,,0,0.10,,-0.90,0.20,-0.30,-0.63,,,,,,,,-0.20,-0.20,-0.30,-1.20,-0.20,,,,,0,,-0.40,0.30,4.90,5.40,3.90,,,-0.40,,,-0.60,,,2.10,1.90,1.30,2.60,0.60,-0.70,
2008-12-24 13:40,0.70,-0.14,-2.24,-0.55,-3.60,-0.25,0.74,0.80,-4.31,0.66,-1.50,-1.74,-6.55,-1.67,-1.22,-3.28,-3.61,-7.35,-1.80,-3.53,-5.88,-5.59,-2.09,,0.14,0.49,0.17,-1.99,0.44,-1.40,-1.16,0.50,-8.44,-2.13,-1.72,-1.86,-1.03,-1.74,-3.61,-1.17,-10,-8.74,-7.43,0.14,-2.30,-0.31,-1.30,-1.20,-1.94,-2.02,-2.41,-0.87,-1.82,-0.97,-3.48,-2.79,-2.29,-2.40,-2.24,-2.65,-3.78,-3.60,-4.42,-8.63,-4.60,-6.77,4.45,2.94,2,0.34,2.31,0.55,4.52,0.41,0.41,3.42,2.20,2,0.10,0.16,-0.12,-0.30,0.23,-0.81,0.69,-1.15,-0.22,0.20,0.70,0.20,-3.49,-0.52,-0.73,-0.40,-0.44,-0.32,-1.16,-0.21,-0.82,-0.41,-0.78,-0.95,4.98,3.34,0.47,-0.08,0.72,0.20,-0.57,-0.63,0,-0.32,4.66,0.83,0.29,-0.40,-0.20,-0.42,-0.40,-0.24,-0.80,-0.45,-0.68,-0.03,0.27,2.55,2.90,1.48,1.39,-0.40,-1.20,,-3.10,-12.90,0.80,-0.80,-2.30,,,,,,,-0.10,0,,-0.90,0.20,-0.30,-0.70,,,,,,,,-0.20,-0.20,-0.30,-1.20,-0.20,,,,,0,,-0.50,0.30,4.80,5.40,3.90,,,-0.40,,,-0.60,,,2.20,1.90,1.10,2.50,0.50,-0.70,
2008-12-24 13:50,0.60,-0.49,-2.44,-0.79,-3.70,-0.15,0.61,0.70,-4.23,0.64,-1.50,-1.67,-6.56,-1.85,-1.30,-3.32,-3.71,-7.39,-1.70,-3.56,-5.92,-5.69,-1.99,,0.12,0.49,0.18,-2.11,0.29,-1.30,-1.13,0.52,-8.40,-2.05,-1.72,-1.80,-1,-1.65,-3.55,-1.16,-10,-8.99,-7.57,0.14,-2.30,-0.38,-1.30,-1.33,-1.98,-2.04,-2.53,-0.74,-1.83,-0.96,-3.40,-2.77,-2.37,-2.50,-2.23,-2.61,-3.98,-3.70,-4.49,-8.66,-4.71,-6.79,4.27,2.91,2,0.40,2.85,0.52,4.53,0.50,0.52,3.58,2.20,2.24,0.10,0.39,-0.22,-0.40,0.08,-0.87,0.75,-1.14,-0.15,0.10,0.67,0.21,-3.35,-0.52,-0.76,-0.50,-0.45,-0.04,-1.24,-0.26,-0.97,-0.43,-0.84,-1.02,4.99,3.33,0.42,-0.01,0.67,0.10,-0.60,-0.58,-0.08,-0.43,4.54,0.87,0.36,-0.39,-0.20,-0.42,-0.66,-0.35,-0.70,-0.41,-0.84,-0.27,0.29,2.44,2.90,1.38,1.51,-0.51,-1.40,,-3,-12.90,0.80,-0.80,-2.30,,,,,,,-0.10,-0.10,,-0.90,0.10,-0.30,-0.76,,,,,,,,-0.10,-0.20,-0.30,-1.20,-0.20,,,,,0,,-0.60,0.20,4.80,5.40,4,,,-0.50,,,-0.70,,,2,1.80,1,2.40,0.50,-0.40,
2008-12-24 14:00,0.60,-0.59,-2.64,-1.05,-3.90,-0.04,0.41,0.60,-4.29,0.55,-1.62,-1.68,-6.62,-1.91,-1.41,-3.52,-3.75,-7.40,-1.80,-3.55,-5.94,-5.82,-1.92,,0.19,0.51,0.17,-2.07,0.22,-1.40,-1.17,0.44,-8.44,-1.97,-1.65,-1.75,-1,-1.63,-3.52,-1.09,-9.80,-9.35,-7.64,-0.11,-2.50,-0.48,-1.40,-1.35,-2.37,-2.37,-2.64,-0.85,-1.91,-0.95,-3.38,-2.85,-2.40,-3.50,-2.23,-2.76,-4.20,-3.70,-4.65,-8.71,-4.83,-6.83,4.19,2.81,2,0.30,2.85,0.48,4.52,0.50,0.52,3.60,2.40,2.37,0.10,0.13,-0.26,-0.50,0.12,-0.80,0.73,-1.23,-0.10,0.10,0.65,0.19,-3.33,-0.60,-0.75,-0.60,-0.45,-0.02,-1.35,-0.26,-1.15,-0.53,-0.82,-1.05,4.71,3.49,0.24,0,0.70,0.10,-0.65,-0.60,-0.24,-0.46,4.45,0.80,0.45,-0.49,-0.30,-0.54,-0.93,-0.41,-0.60,-0.54,-0.99,-0.49,0.44,2.29,2.90,1.31,1.64,-0.60,-1.50,-1.20,-3,-12.90,0.70,-0.90,-2.30,-1.30,3.90,-3.50,0,0.10,-0.20,-0.10,-0.10,0.30,-0.90,0.10,-0.40,-0.60,,3.80,5.40,3.20,1.80,0.50,-0.20,-0.10,-0.20,-0.30,-1.30,-0.30,5.50,4.50,1.80,0.70,-0.10,-0.60,-0.60,0.20,4.60,5.40,4,0,0.50,-0.70,-1,,-0.80,3.40,1.50,1.90,1.80,0.90,2.20,0.20,-0.30,-2.70
2008-12-24 14:10,0.50,-0.54,-2.57,-1.09,-3.83,-0.11,0.24,0.50,-4.36,0.59,-1.63,-1.69,-6.60,-1.98,-1.52,-3.55,-3.71,-7.41,-1.80,-3.46,-6.04,-5.75,-1.90,,0.21,0.51,0.15,-1.97,0.06,-1.40,-1.04,0.55,-8.38,-1.96,-1.65,-1.67,-0.97,-1.64,-3.54,-1.26,-9.80,-9.70,-7.60,-0.10,-2.50,-0.63,-1.50,-1.45,-2.49,-2.31,-2.64,-0.93,-2.03,-1.01,-3.44,-2.90,-2.42,-4,-2.55,-2.70,-4.55,-3.80,-4.74,-8.66,-4.88,-6.79,4.18,2.83,1.90,0.16,2.80,0.46,4.57,0.61,0.44,3.70,2.40,2.48,0.10,0.06,-0.26,-0.60,0.15,-0.80,0.83,-1.23,-0.14,0.10,0.61,0.22,-3.40,-0.59,-0.78,-0.70,-0.65,-0.02,-1.37,-0.35,-1.21,-0.53,-0.88,-0.98,4.72,3.48,0.22,0,0.76,0.10,-0.71,-0.71,-0.39,-0.46,4.50,0.68,0.37,-0.68,-0.40,-0.65,-1.06,-0.54,-0.60,-0.67,-1.17,-0.52,0.40,2.22,2.80,1.28,1.59,-0.73,-1.60,,-3.10,-12.90,0.70,-1,-2.40,,,,,,,-0.10,-0.20,,-0.90,0.10,-0.40,-0.84,,,,,,,,-0.10,-0.20,-0.30,-1.50,-0.30,,,,,-0.10,,-0.70,0.20,4.60,5.40,4,,,-0.70,,,-1.10,,,1.90,1.60,1,2.20,0.20,-0.30,
2008-12-24 14:20,0.30,-0.40,-2.47,-1.09,-3.98,-0.10,-0.02,0.40,-4.38,0.57,-1.71,-1.66,-6.63,-2.02,-1.62,-3.77,-3.75,-7.47,-1.90,-3.45,-6.20,-5.62,-2.01,,0.14,0.45,0.25,-1.94,-0.05,-1.40,-1.10,0.39,-8.38,-1.97,-1.66,-1.78,-0.92,-1.63,-3.70,-1.19,-9.80,-10.23,-7.64,-0.25,-2.60,-0.74,-1.60,-1.58,-2.36,-2.41,-2.61,-0.87,-2.15,-1.10,-3.49,-3.07,-2.47,-4.20,-2.88,-2.76,-4.95,-3.90,-5.01,-8.71,-4.99,-6.79,4.10,2.75,2.10,0.05,2.88,0.48,4.53,0.53,0.36,3.73,2.40,2.57,0.07,0.16,-0.47,-0.60,0.12,-0.83,0.87,-1.28,-0.15,0,0.60,0.26,-3.48,-0.62,-0.89,-0.70,-0.76,-0.13,-1.44,-0.39,-1.23,-0.55,-0.95,-1.01,4.71,3.47,0.30,0.03,0.62,0,-0.74,-0.84,-0.38,-0.48,4.50,0.67,0.34,-0.82,-0.40,-0.68,-1.29,-0.61,-0.80,-0.73,-1.48,-0.57,0.32,2.29,2.80,1.19,1.49,-0.88,-1.70,,-3,-12.90,0.70,-1.10,-2.50,,,,,,,-0.20,-0.30,,-0.90,0,-0.50,-0.92,,,,,,,,-0.20,-0.20,-0.40,-1.50,-0.30,,,,,-0.10,,-0.70,0.10,4.60,5.40,4.10,,,-0.70,,,-1.20,,,1.90,1.50,1,2,0.10,-0.40,
2008-12-24 14:30,0,-0.39,-2.44,-0.92,-4.04,-0.11,-0.18,0.30,-4.44,0.51,-1.83,-1.64,-6.59,-2.08,-1.72,-3.83,-3.84,-7.54,-1.90,-3.46,-6.20,-5.52,-1.89,,0.20,0.42,0.11,-1.99,0,-1.40,-1.17,0.38,-8.49,-2.01,-1.66,-1.74,-0.93,-1.71,-3.78,-1.07,-9.70,-10.32,-7.75,-0.32,-2.70,-0.80,-1.70,-1.66,-2.62,-2.24,-2.71,-0.88,-2.17,-1.12,-3.50,-3.35,-2.48,-4.10,-3.23,-3.03,-5.29,-4,-5.31,-8.79,-5,-6.87,4.06,2.67,1.90,0.04,2.85,0.56,4.56,0.49,0.29,3.73,2.50,2.75,0.06,0.16,-0.52,-0.70,0.08,-0.85,0.85,-1.40,-0.16,0,0.56,0.24,-3.43,-0.75,-0.92,-0.80,-0.90,-0.14,-1.57,-0.43,-1.33,-0.56,-1.05,-0.98,4.61,3.46,0.36,0,0.59,-0.10,-0.94,-0.95,-0.52,-0.55,4.49,0.61,0.24,-0.84,-0.50,-0.74,-1.52,-0.69,-1.10,-0.89,-1.65,-0.77,0.35,2.28,2.70,1.09,1.18,-1.01,-1.80,,-3.20,-12.90,0.60,-1.20,-2.60,,,,,,,-0.30,-0.30,,-0.90,-0.10,-0.60,-0.83,,,,,,,,-0.20,-0.30,-0.60,-1.60,-0.50,,,,,-0.20,,-0.80,0,4.60,5.40,4.10,,,-0.80,,,-1.40,,,1.80,1.20,0.80,1.80,-0.10,-0.50,
2008-12-24 14:40,-0.20,-0.52,-2.58,-1.05,-4.01,0.04,-0.52,0.20,-4.55,0.45,-2.17,-1.65,-6.60,-2.11,-1.91,-3.85,-4.08,-7.46,-1.90,-3.64,-6.27,-5.71,-1.86,,0.21,0.49,0.17,-2.04,-0.07,-1.40,-1.14,0.44,-8.51,-1.98,-1.62,-1.61,-1.18,-1.68,-3.81,-1.20,-9.70,-10.28,-7.94,-0.52,-2.70,-0.85,-1.80,-1.81,-3.08,-2.46,-2.75,-0.97,-2.12,-1.06,-3.60,-3.27,-2.61,-4.10,-3.73,-3.43,-5.66,-4.10,-5.72,-8.76,-5.24,-6.95,3.95,2.48,1.70,-0.12,2.67,0.69,4.52,0.53,0.27,3.62,2.50,2.85,0.05,0.07,-0.53,-0.80,-0.01,-0.93,0.75,-1.44,-0.15,-0.10,0.49,0.30,-3.50,-0.80,-1.03,-0.90,-1,-0.15,-1.75,-0.55,-1.47,-0.68,-0.98,-0.96,4.38,3.41,0.45,-0.01,0.51,-0.10,-1.02,-1.02,-0.64,-0.60,4.28,0.45,0.02,-0.98,-0.60,-0.86,-1.66,-0.79,-1.20,-0.98,-1.50,-1.33,0.33,2.27,2.60,0.97,1.14,-1.13,-1.90,,-3.30,-12.90,0.50,-1.30,-2.70,,,,,,,-0.40,-0.50,,-0.90,-0.20,-0.60,-0.88,,,,,,,,-0.30,-0.30,-0.60,-1.60,-0.50,,,,,-0.20,,-0.90,0,4.60,5.40,4.20,,,-1,,,-1.40,,,1.60,1,0.70,1.60,-0.30,-0.60,
2008-12-24 14:50,-0.40,-0.49,-2.49,-1.22,-3.90,-0.02,-0.64,0.10,-4.58,0.44,-2.52,-1.63,-6.56,-2.21,-2.04,-3.77,-3.90,-7.16,-2,-3.76,-6.27,-5.75,-2.13,,0.24,0.46,0.22,-2.04,-0.11,-1.50,-1.32,0.42,-8.46,-1.93,-1.63,-1.67,-1.02,-1.72,-3.68,-1.10,-9.50,-10.24,-8.05,-0.61,-2.80,-0.86,-1.80,-2.01,-3.76,-2.55,-3.23,-1.05,-2.16,-1.18,-3.78,-3.38,-2.67,-4.20,-4.18,-3.83,-5.91,-4.50,-6.24,-8.82,-5.41,-6.97,3.95,2.38,1.50,-0.19,2.23,0.93,4.45,0.58,0.28,3.59,2.60,2.87,0.12,0.04,-0.61,-0.80,-0.08,-0.98,0.76,-1.40,-0.14,-0.20,0.43,0.23,-3.65,-1.01,-1.14,-0.90,-1.05,-0.27,-1.90,-0.67,-1.54,-0.67,-1.10,-1.09,4.15,3.30,0.48,0.01,0.42,-0.20,-1,-1.16,-0.63,-0.59,4.16,0.31,-0.04,-1.15,-0.70,-0.86,-1.75,-0.88,-1.20,-1,-1.63,-1.32,0.18,2.17,2.50,0.91,1.10,-1.05,-2,,-3.40,-12.90,0.50,-1.30,-2.70,,,,,,,-0.60,-0.60,,-0.90,-0.20,-0.70,-0.94,,,,,,,,-0.30,-0.40,-0.60,-1.70,-0.60,,,,,-0.20,,-1,-0.10,4.50,5.40,4.20,,,-1.10,,,-1.40,,,1.40,0.80,0.60,1.40,-0.40,-0.60,
2008-12-24 15:00,-0.40,-0.52,-2.67,-1.30,-3.96,-0.07,-0.70,-0.10,-4.57,0.36,-2.62,-1.78,-6.51,-2.53,-2.01,-3.77,-3.88,-6.87,-2.10,-3.99,-6.34,-5.66,-2.27,,0.32,0.36,0.18,-2.01,-0.23,-1.50,-1.49,0.40,-8.45,-1.90,-1.63,-1.68,-0.96,-1.76,-3.79,-1.13,-9.20,-10.26,-8.10,-0.61,-2.90,-0.91,-2,-1.99,-3.56,-2.65,-3.66,-1.05,-2.15,-1.20,-4.17,-3.49,-2.62,-4.40,-4.14,-4.14,-6.34,-4.90,-6.84,-8.82,-5.68,-6.86,4.02,2.27,1.50,-0.27,2.20,1.55,4.36,0.61,0.36,3.19,2.70,2.91,0.08,0.04,-0.72,-0.80,0.05,-1.01,0.83,-1.47,-0.24,-0.20,0.34,0.26,-3.53,-1.17,-1.23,-1,-1.17,-0.33,-2.07,-0.78,-1.61,-0.67,-1,-1.22,4.20,3.32,0.40,-0.08,0.41,-0.30,-1.10,-1.31,-0.77,-0.65,4.29,0.21,0.05,-1.15,-0.90,-0.87,-1.88,-0.94,-1.20,-1.09,-1.53,-1.73,0.14,2.13,2.50,0.84,0.84,-1.16,-2.10,-1.30,-3.40,-12.80,0.40,-1.50,-2.80,-1.60,3.50,-3.90,0.30,0.20,-0.20,-0.80,-0.70,0.10,-0.90,-0.30,-0.70,-0.80,,3.90,4.90,3.50,2.20,0.20,-0.50,-0.30,-0.40,-0.70,-1.80,-0.70,5.40,4.30,1.80,0.20,-0.30,-0.80,-0.90,-0.10,4.50,5.40,4.30,-0.10,0.20,-1.20,-1.30,,-1.50,2.60,1.40,1.30,0.60,0.60,1.10,-0.70,-0.60,-3.20
2008-12-24 15:10,-0.40,-0.44,-2.81,-1.33,-4.10,0.03,-0.73,-0.40,-4.65,0.29,-2.71,-1.64,-6.49,-2.70,-2.14,-3.81,-3.91,-6.62,-2.20,-3.96,-6.37,-5.95,-2.22,,0.24,0.40,0.08,-2.05,-0.26,-1.50,-1.53,0.32,-8.47,-1.94,-1.57,-1.70,-0.67,-1.84,-3.71,-1.34,-9.10,-10.16,-8.11,-0.69,-2.90,-0.96,-2.20,-2.08,-4.01,-2.98,-3.84,-0.97,-2.28,-1.21,-4.52,-3.55,-2.72,-4.90,-3.72,-4.29,-6.91,-5.30,-7.26,-8.81,-6.09,-6.89,3.94,2.11,1.40,-0.36,1.93,1.39,4.29,0.64,0.34,3.02,2.60,2.94,0.01,0.04,-0.73,-0.90,0.02,-1.16,0.77,-1.58,-0.26,-0.30,0.27,0.26,-3.80,-1.26,-1.39,-1.10,-1.08,-0.40,-2.07,-1.05,-1.61,-0.72,-1.10,-1.28,4.23,3.42,0.32,-0.07,0.43,-0.30,-1.23,-1.42,-0.81,-0.59,4.03,0.18,0.06,-1.23,-1,-0.99,-2.02,-1.01,-1.20,-1.14,-1.50,-1.84,0.23,2,2.50,0.67,1,-1.16,-2.10,,-3.50,-12.80,0.50,-1.60,-3,,,,,,,-0.80,-0.80,,-0.90,-0.30,-0.70,-1.06,,,,,,,,-0.40,-0.40,-0.70,-1.70,-0.70,,,,,-0.30,,-0.90,-0.20,4.50,5.40,4.40,,,-1.20,,,-1.70,,,1.30,0.60,0.20,1.10,-0.70,-0.70,
2008-12-24 15:20,-0.40,-0.41,-2.87,-1.33,-4.12,0.07,-0.77,-0.50,-4.71,0.18,-2.76,-1.52,-6.51,-2.78,-2.11,-3.90,-3.93,-6.47,-2.30,-4.10,-6.45,-6.02,-2.49,,0.16,0.49,0.16,-2.21,-0.38,-1.60,-1.76,0.31,-8.47,-2.01,-1.51,-1.62,-0.75,-1.71,-3.79,-1.49,-9.10,-10.09,-8.33,-0.73,-2.90,-1.01,-2.40,-2.10,-3.97,-3,-4.05,-0.97,-2.10,-1.22,-4.66,-3.74,-3.02,-5.10,-3.61,-4.46,-7.10,-5.70,-7.52,-8.70,-6.40,-7.01,3.85,2.07,1.30,-0.34,1.93,1.80,4.40,0.59,0.43,3.33,2.60,3.02,-0.02,-0.04,-0.86,-0.90,-0.22,-1.18,0.73,-1.64,-0.22,-0.40,0.21,0.26,-3.57,-1.41,-1.44,-1.20,-1.47,-0.44,-1.98,-0.98,-1.55,-0.77,-1.24,-1.38,4.21,3.36,0.31,0.09,0.41,-0.40,-1.17,-1.58,-1.02,-0.55,4.04,0.11,-0.09,-1.26,-1.10,-1.27,-2.16,-1.21,-1.10,-1.15,-1.40,-1.61,0.24,2.14,2.50,0.52,0.85,-1.32,-2.30,,-3.60,-12.80,0.40,-1.70,-2.90,,,,,,,-0.80,-0.90,,-1,-0.40,-0.70,-1.13,,,,,,,,-0.40,-0.50,-0.70,-1.70,-0.60,,,,,-0.20,,-1,-0.20,4.40,5.30,4.50,,,-1.30,,,-1.80,,,1.30,0.50,0,0.90,-0.80,-0.70,
2008-12-24 15:30,-0.40,-0.35,-2.90,-1.27,-4.19,0.08,-0.90,-0.50,-4.58,0.18,-2.67,-1.66,-6.49,-2.77,-2.06,-4,-3.95,-6.14,-2.50,-4.18,-6.51,-6.13,-2.61,,0.35,0.50,0.17,-2.19,-0.46,-1.50,-1.75,0.32,-8.36,-1.93,-1.50,-1.65,-0.79,-1.76,-3.92,-1.50,-8.90,-10.15,-8.47,-0.71,-3,-1.13,-2.50,-2.19,-4.19,-3.26,-4.19,-1.04,-2.12,-1.20,-4.86,-3.71,-3.34,-5,-3.62,-4.63,-7.81,-6.10,-7.53,-8.86,-6.65,-7.09,3.85,2.03,1.30,-0.39,1.98,1.81,4.47,0.52,0.35,3.62,2.60,3.12,0.03,0.16,-0.91,-0.90,-0.40,-1.15,0.81,-1.66,-0.20,-0.40,0.31,0.31,-3.51,-1.48,-1.47,-1.30,-1.31,-0.51,-1.83,-0.88,-1.43,-0.74,-1.35,-1.47,4.27,3.24,0.19,0.04,0.35,-0.40,-1.30,-1.63,-1.04,-0.64,4.04,-0.05,-0.19,-1.47,-1.20,-1.39,-2.20,-1.15,-1,-1.14,-1.47,-1.61,-0.01,2.22,2.50,0.41,0.60,-1.08,-2.50,,-3.70,-12.70,0.30,-1.80,-3,,,,,,,-0.80,-1.10,,-1,-0.40,-0.70,-1.16,,,,,,,,-0.50,-0.40,-0.70,-1.70,-0.70,,,,,-0.20,,-1.10,-0.20,4.50,5.40,4.50,,,-1.40,,,-2.20,,,1.30,0.50,-0.10,0.80,-0.90,-0.60,
2008-12-24 15:40,-0.30,-0.29,-2.85,-1.25,-4.11,-0.23,-0.81,-0.50,-4.53,0.20,-2.65,-1.73,-6.43,-2.87,-2.02,-3.99,-4.08,-6.22,-2.60,-4.10,-6.48,-5.99,-2.52,,0.32,0.33,0.12,-2,-0.55,-1.50,-2.09,0.30,-8.41,-1.80,-1.53,-1.81,-0.78,-1.77,-4.01,-1.45,-8.80,-10.12,-8.29,-0.68,-3.10,-1.16,-2.50,-2.21,-4.27,-3.56,-4.38,-1.10,-2.32,-1.22,-5.13,-3.66,-3.34,-5,-3.52,-4.67,-7.85,-6.30,-7.76,-8.86,-6.81,-6.97,3.61,1.91,1.20,-0.40,1.95,1.70,4.43,0.45,0.34,3.69,2.70,3.09,0.04,0.32,-0.91,-0.90,-0.31,-1.30,0.72,-1.63,-0.25,-0.40,0.24,0.29,-3.54,-1.49,-1.59,-1.30,-1.46,-0.62,-1.71,-0.90,-1.46,-0.72,-1.39,-1.47,4.14,3.18,0.17,0.17,0.24,-0.40,-1.29,-1.74,-1.17,-0.70,4.05,-0.18,-0.19,-1.60,-1.30,-1.51,-2.36,-0.99,-1.10,-1.11,-1.45,-1.93,-0.04,2.16,2.50,0.26,0.24,-1.06,-2.60,,-3.80,-12.60,0.10,-1.80,-3,,,,,,,-0.80,-1.10,,-1.10,-0.40,-0.80,-1.20,,,,,,,,-0.50,-0.50,-0.80,-1.70,-0.70,,,,,-0.30,,-1.20,-0.20,4.40,5.40,4.40,,,-1.40,,,-2.80,,,1.30,0.30,-0.10,0.70,-1,-0.50,
2008-12-24 15:50,-0.30,-0.31,-2.85,-1.16,-4.05,-0.30,-0.69,-0.60,-4.55,0.03,-2.69,-1.71,-6.48,-2.85,-2.10,-3.87,-4.14,-6.12,-2.70,-4.12,-6.63,-5.89,-2.44,,0.31,0.31,0.14,-1.96,-0.60,-1.50,-2.01,0.29,-8.26,-1.89,-1.67,-1.71,-0.84,-1.71,-4.06,-1.51,-8.80,-10.36,-7.90,-0.86,-3.30,-1.20,-2.50,-2.24,-4.37,-3.68,-4.46,-1.18,-2.50,-1.27,-5.42,-3.62,-3.36,-5.10,-3.58,-5.26,-8.03,-6.90,-7.74,-8.90,-6.80,-6.93,3.48,1.87,1.30,-0.33,1.74,1.72,4.34,0.46,0.37,3.76,2.40,3,0.06,0.01,-0.86,-0.90,-0.25,-1.47,0.71,-1.57,-0.26,-0.40,0.09,0.26,-3.59,-1.52,-1.61,-1.20,-1.58,-0.82,-1.83,-1.20,-1.54,-0.81,-1.42,-1.52,4.06,3.28,0.18,0.21,0.23,-0.40,-1.21,-1.73,-1.37,-0.70,3.98,-0.45,-0.27,-1.68,-1.40,-1.59,-2.22,-1.07,-1.50,-1.16,-1.32,-2.10,-0.15,2.12,2.40,0.14,0.11,-1.10,-2.70,,-3.80,-12.60,0.30,-1.80,-2.90,,,,,,,-0.80,-1.20,,-1.20,-0.50,-0.80,-1.19,,,,,,,,-0.60,-0.50,-0.80,-1.70,-0.70,,,,,-0.40,,-1.20,-0.20,4.40,5.40,4.40,,,-1.50,,,-3.10,,,1.30,0.40,-0.20,0.70,-1.20,-0.60,
2008-12-24 16:00,-0.20,-0.31,-2.92,-1.36,-4.15,-0.09,-0.72,-0.80,-4.53,-0.10,-2.78,-1.73,-6.43,-2.82,-2.17,-3.89,-4.12,-5.92,-2.80,-4.21,-6.58,-6.02,-2.43,,0.33,0.27,0.04,-1.87,-0.60,-1.50,-1.93,0.23,-8.21,-2,-1.71,-1.71,-0.88,-1.68,-4.10,-1.67,-8.60,-10.22,-7.37,-0.84,-3.30,-1.14,-2.50,-2.32,-4.46,-3.84,-4.67,-1.40,-2.45,-1.29,-5.62,-3.66,-3.35,-5.20,-3.55,-5.69,-8.06,-7.10,-7.80,-8.97,-6.86,-6.94,3.45,1.88,1.30,-0.54,1.61,1.69,4.23,0.59,0.39,3.49,2.30,3,0.02,0.25,-0.81,-0.90,-0.53,-1.49,0.75,-1.62,-0.25,-0.40,0.02,0.18,-3.60,-1.59,-1.64,-1.40,-1.63,-0.96,-1.90,-1.29,-1.62,-0.95,-1.40,-1.68,4.07,3.24,0.23,0.15,0.07,-0.40,-1.28,-1.84,-1.47,-0.71,4.06,-0.51,-0.54,-2,-1.50,-1.70,-2.19,-1.15,-1.80,-1.32,-1.25,-2.15,-0.24,2.13,2.40,0.15,-0.07,-1.15,-2.80,-1.30,-3.90,-12.40,0.30,-1.70,-3,-1.80,2.90,-4.40,0.70,0.30,0,-0.80,-1.20,0.10,-1.30,-0.50,-0.90,-1.10,-1.20,3.90,4,3.80,3.80,-0.50,-0.80,-0.50,-0.60,-0.90,-1.70,-0.70,,4.20,1,0.10,-0.40,-1,-1.30,-0.20,4.40,5.30,3.30,-0.90,0.20,-1.70,-1.60,-0.60,-3.10,1.90,1.30,1.40,0.40,-0.30,0.80,-1.50,-1,-2.60
2008-12-24 16:10,-0.20,-0.30,-2.96,-1.45,-4.02,-0.35,-0.69,-0.80,-4.52,-0.25,-2.81,-1.86,-6.37,-2.84,-2.37,-4.08,-4.20,-5.83,-2.90,-4.26,-6.54,-6.11,-2.47,,0,0.18,-0.04,-1.85,-0.65,-1.50,-2,0.18,-8.19,-2.08,-1.65,-1.74,-1.14,-1.71,-4.16,-2.01,-8.30,-10.12,-7.64,-0.89,-3.30,-1.16,-2.50,-2.40,-4.09,-3.70,-4.68,-1.42,-2.56,-1.41,-5.74,-3.90,-3.57,-5.20,-3.75,-5.81,-7.94,-7,-7.90,-8.99,-6.75,,3.45,1.89,1.30,-0.53,1.64,1.77,4.01,0.64,0.32,3.22,2.20,3.07,0.10,0.25,-0.92,-0.76,-0.36,-1.63,0.75,-1.71,-0.22,-0.40,-0.08,0.13,-3.68,-1.60,-1.68,-1.50,-1.82,-0.96,-1.94,-1.38,-1.72,-0.98,-1.52,-1.70,4.03,3.24,0.06,0.08,-0.01,-0.40,-1.84,-1.85,-1.69,-0.71,4,-0.69,-0.61,-2.39,-1.60,-1.88,-2.08,-1.07,-2.20,-1.23,-1.22,-2.01,-0.31,2.12,2.30,0.08,-0.05,-1.26,-3,,-3.90,-12.40,0.40,-1.70,-3.10,,,,,,,-0.80,-1.20,,-1.30,-0.50,-1,-1.17,,,,,,,,-0.50,-0.60,-1.10,-1.80,-0.70,,,,,-0.40,,-1.40,-0.20,4.40,5.30,3.20,,,-1.70,,,-3,,,1.40,0.10,-0.40,0.90,-1.50,-1,
2008-12-24 16:20,-0.20,-0.50,-2.85,-1.56,-4.01,-0.48,-0.61,-0.90,-4.58,-0.27,-2.90,-1.93,-6.36,-2.94,-2.57,-3.96,-4.19,-5.80,-2.90,-4.29,-6.56,-5.96,-2.50,,-0.01,0.16,0.03,-1.91,-0.69,-1.60,-2.14,0.23,-8.10,-2.11,-1.91,-1.84,-1.23,-1.73,-4.17,-2.24,-7.70,-9.65,-8.02,-1.10,-3.40,-1.37,-2.50,-2.44,-3.95,-4.01,-4.79,-1.56,-2.55,-1.56,-5.85,-4.07,-3.84,-5.20,-3.77,-5.77,-7.81,-7,-7.82,-8.95,-6.85,,3.49,1.82,1.20,-0.51,1.38,1.59,3.44,0.43,0.32,2.85,2.20,2.90,0.10,0.06,-0.94,-0.86,-0.36,-1.66,0.69,-1.64,-0.19,-0.40,-0.03,0.32,-3.67,-1.81,-1.80,-1.50,-1.96,-0.87,-1.89,-1.45,-1.81,-1.05,-1.43,-1.83,4.09,3.03,0.04,0.09,-0.02,-0.50,-2.34,-1.99,-1.65,-0.63,4.12,-0.62,-0.80,-2.64,-1.70,-2.02,-2.09,-1.12,-2.30,-1.39,-1.27,-1.95,-0.47,2.10,2.30,-0.85,0.05,-1.56,-3.10,,-3.90,-12.40,0.40,-1.80,-3.10,,,,,,,-0.90,-1.10,,-1.30,-0.50,-1.10,-1.28,,,,,,,,-0.50,-0.60,-1.20,-1.80,-0.80,,,,,-0.60,,-1.50,-0.20,4.50,5.40,2.90,,,-1.90,,,-2.80,,,1.50,-0.10,-0.60,1,-1.60,-1.40,
2008-12-24 16:30,-0.20,-0.54,-2.99,-1.47,-4.01,-0.38,-0.82,-0.90,-4.49,-0.35,-2.94,-1.90,-6.35,-2.94,-2.60,-4,-4.26,-5.77,-2.90,-4.25,-6.59,-5.45,-2.68,,-0.10,0.23,0.05,-1.92,-0.72,-1.50,-2.30,0.10,-8.14,-2.18,-2.03,-1.97,-1.14,-1.68,-4.21,-2.44,-8,-9.50,-8,-1.19,-3.40,-1.44,-2.50,-2.51,-3.97,-4.61,-4.78,-1.71,-2.53,-1.71,-5.92,-3.93,-4.12,-5.30,-4,-5.80,-7.97,-7,-7.82,-8.93,-6.78,,3.62,1.83,1.20,-0.47,1.20,1.42,3.23,0.52,0.25,3.28,2.30,2.67,0.10,-0.04,-0.95,-0.82,-0.28,-1.76,0.52,-1.60,-0.37,-0.50,-0.14,0.40,-3.59,-1.93,-1.94,-1.60,-2.08,-1.26,-1.92,-1.53,-1.90,-0.93,-1.45,-1.85,4.18,3.16,0.02,0.07,-0.10,-0.50,-2.20,-2.14,-1.67,-0.67,4.01,-0.66,-0.87,-2.63,-1.80,-2.19,-2.08,-1.15,-2.20,-1.45,-1.22,-1.81,-0.60,2.17,2.20,-1.06,-0.28,-1.86,-3.20,,-3.90,-12.30,0.20,-1.70,-3.20,,,,,,,-0.90,-1.10,,-1.40,-0.50,-1.10,-1.41,,,,,,,,-0.70,-0.50,-1.40,-1.90,-0.80,,,,,-0.70,,-1.60,-0.20,4.50,5.30,2.60,,,-1.90,,,-2.60,,,1.50,-0.30,-0.60,1.20,-1.60,-1.70,
2008-12-24 16:40,-0.20,-0.57,-3.01,-1.44,-4.09,-0.44,-0.99,-0.90,-4.47,-0.51,-3.03,-1.89,-6.28,-3,-2.70,-4.03,-4.22,-5.80,-3,-4.42,-6.65,-5.62,-2.92,,-0.11,0.33,0.04,-1.94,-0.87,-1.60,-2.29,0.02,-8.18,-2.07,-1.97,-1.97,-1.03,-1.65,-4.31,-2.41,-8.10,-9.53,-8,-1.21,-3.50,-1.42,-2.40,-2.58,-4.11,-4.65,-4.88,-1.68,-2.54,-1.85,-5.98,-3.88,-4.30,-5.20,-4.28,-5.66,-8.35,-6.80,-7.85,-8.91,-6.80,,3.70,1.75,1.20,-0.47,1.05,1.43,3.20,0.51,0.37,3.49,2.40,2.53,0.10,-0.01,-1.01,-0.80,-0.23,-1.78,0.42,-1.69,-0.25,-0.40,-0.06,0.40,-3.58,-1.99,-2.04,-1.60,-2.24,-1.22,-1.86,-1.41,-1.94,-0.95,-1.50,-1.90,4.20,3.16,0.05,-0.07,-0.14,-0.50,-2.08,-2.26,-1.65,-0.73,3.98,-0.76,-1.03,-2.70,-2,-2.19,-2.01,-0.93,-2.50,-1.72,-1.19,-1.97,-0.58,2,2.20,-0.97,-0.22,-1.80,-3.10,,-3.90,-12.20,0.10,-1.80,-3.40,,,,,,,-1,-1.20,,-1.50,-0.50,-1.20,-1.59,,,,,,,,-0.70,-0.50,-1.50,-1.80,-0.90,,,,,-0.80,,-1.80,-0.30,4.50,5.30,,,,-2,,,-2.50,,,1.60,-0.40,-0.70,1.30,-1.70,-2,
2008-12-24 16:50,-0.20,-0.55,-3.02,-1.48,-4.06,-0.59,-1.03,-1,-4.57,-0.66,-3.09,-2.07,-6.19,-3.02,-2.95,-4.06,-4.27,-5.79,-3,-4.47,-6.61,-5.69,-2.98,,-0.12,0.29,-0.06,-1.96,-0.81,-1.60,-2.41,-0.09,-8.13,-2.09,-1.90,-1.95,-1.11,-1.68,-4.40,-2.34,-8.20,-9.34,-7.93,-1.14,-3.70,-1.23,-2.40,-2.54,-4.50,-4.76,-4.75,-1.85,-2.61,-1.96,-5.98,-4.12,-4.43,-5.40,-4.35,-5.44,-8.52,-6.60,-8.05,-8.96,-6.76,,3.62,1.74,0.90,-0.49,1.12,1.34,3.24,0.49,0.30,3.86,2.50,2.40,0.20,0.08,-1.08,-0.83,-0.29,-1.94,0.34,-1.78,-0.23,-0.30,-0.04,0.15,-3.52,-2.05,-2.10,-1.60,-2.29,-1.21,-1.87,-1.42,-2.12,-0.95,-1.56,-2.02,3.99,3.13,0.02,-0.04,-0.19,-0.60,-2.09,-2.39,-1.59,-0.94,4.10,-0.88,-1.02,-3.02,-2.10,-2.22,-2,-0.98,-2.70,-1.82,-1.19,-1.91,-0.40,2.06,2.20,-0.88,-0.70,-1.83,-3.10,,-4,-12.10,-0.10,-1.80,-3.60,,,,,,,-1,-1.20,,-1.60,-0.50,-1.40,-1.77,,,,,,,,-0.70,-0.50,-1.60,-1.80,-0.90,,,,,-1,,-2,-0.30,4.50,5.30,2.30,,,-2.10,,,-2.30,,,1.70,-0.60,-0.80,1.40,-1.80,-2.30,
2008-12-24 17:00,-0.20,-0.50,-2.99,-1.52,-4.03,-0.68,-1.08,-1.10,-4.58,-0.65,-3.11,-2.14,-6.13,-3.06,-2.99,-4.03,-4.34,-5.70,-3,-4.50,-6.55,-5.41,-3.18,,-0.19,0.15,-0.19,-1.99,-0.96,-1.60,-2.35,-0.12,-8.09,-2.11,-1.91,-1.87,-1.03,-1.81,-4.37,-2.56,-7.70,-9.13,-7.99,-1.30,-3.80,-1.29,-2.70,-2.56,-4.32,-4.86,-4.72,-1.93,-2.38,-2.04,-5.84,-4.17,-4.54,-5.80,-5,-5.28,-8.27,-6.40,-8.25,-9.01,-6.70,,3.49,1.75,0.90,-0.59,1.16,1.41,3.36,0.46,0.23,3.72,2.50,2.36,0.20,0.17,-1.07,-0.84,-0.27,-1.90,0.37,-1.75,-0.34,-0.40,-0.08,0.13,-3.52,-2.15,-2.20,-1.70,-2.36,-1.17,-1.81,-1.61,-2.15,-0.95,-1.65,-2.07,3.99,3.05,-0.01,-0.03,-0.28,-0.60,-1.96,-2.50,-1.58,-1.04,4.10,-0.98,-1.19,-3.13,-2.10,-2.34,-1.94,-0.87,-2.80,-1.84,-1.24,-1.91,-0.40,2.04,2.30,-1.01,-0.82,-1.39,-3.10,-1.60,-4,-12,0,-1.80,-3.70,-2.20,2.80,-4.50,0.60,0.10,0.10,-1,-1.20,-0.30,-1.90,-0.60,-1.50,-1.40,,3.70,4.10,3.60,3.60,-0.50,-0.80,-0.60,-0.40,-1.80,-1.70,-1,5.10,4.10,0.80,-0.10,-1.50,-1.70,-2.10,-0.40,4,5.20,1.90,,0.20,-2.20,-2.80,,-2.10,1.60,0.90,1.80,-0.70,-0.80,2,-1.90,-2.80,-1.60
2008-12-24 17:10,-0.20,-0.55,-3,-1.52,-4.09,-0.70,-1.06,-1.10,-4.62,-0.70,-3.09,-2.20,-6.15,-3.03,-2.95,-3.89,-4.37,-5.62,-3.10,-4.48,-6.62,-5.28,-3.20,,-0.23,0.11,-0.26,-2.10,-0.87,-1.70,-2.38,-0.32,-8.16,-2.24,-1.92,-1.90,-1.03,-1.75,-4.43,-2.59,-7.20,-9.16,-7.91,-1.33,-3.60,-1.43,-2.80,-2.59,-4.29,-4.91,-4.83,-2.01,-2.66,-2.03,-5.79,-4.02,-4.87,-5.90,-4.90,-5.35,-8.38,-6.30,-8.28,-8.96,-6.63,,3.51,1.84,1,-0.55,1.08,1.39,3.42,0.45,0.34,3.45,2.40,2.33,0.20,0.10,-1.05,-1.10,-0.25,-2.02,0.30,-1.69,-0.43,-0.40,-0.12,0.19,-3.49,-2.17,-2.13,-1.80,-2.44,-1.10,-1.79,-2.11,-2.22,-0.93,-1.53,-2.12,4.20,2.97,0.08,-0.04,-0.34,-0.70,-2.17,-2.72,-1.34,-1.05,4.12,-1.02,-1.40,-3.30,-2.30,-2.55,-1.82,-0.77,-2.70,-1.85,-1.13,-1.77,-0.28,2.16,2.40,-1.02,-0.77,-1.15,-3,,-4,-11.80,0.20,-2,-3.70,,,,,,,-1,-1.20,,-1.90,-0.60,-1.60,-1.90,,,,,,,,-0.50,-0.40,-2,-1.70,-1,,,,,-1.50,,-2.20,-0.40,3.90,5.20,1.90,,,-2.10,,,-2.20,,,1.80,-0.70,-0.90,2,-1.90,-2.80,
2008-12-24 17:20,-0.20,-0.62,-2.96,-1.59,-4.14,-0.85,-1.13,-1,-4.69,-0.77,-3.23,-2.21,-6.14,-3.04,-2.89,-4.04,-4.35,-5.63,-3.10,-4.70,-6.68,-5.38,-3.14,,-0.18,0.08,-0.22,-2.26,-0.97,-1.70,-2.11,-0.34,-8,-2.31,-1.94,-1.96,-0.96,-1.78,-4.39,-2.59,-7.20,-9.19,-7.73,-1.43,-3.60,-1.56,-2.80,-2.62,-4.49,-5,-5.12,-2.15,-2.63,-2.24,-5.78,-3.98,-5.19,-5.90,-5.19,-5.44,-8.45,-6.30,-8.37,-9.11,-6.54,,3.63,1.79,1,-0.62,1.15,1.22,3.37,0.52,0.40,3.37,2.40,2.21,0.30,0.12,-1.11,-1.10,-0.45,-2.03,0.27,-1.69,-0.47,-0.40,-0.30,0.19,-3.65,-2.18,-2.13,-1.80,-2.72,-1.16,-1.86,-2.35,-2.21,-0.93,-1.49,-2.10,3.97,2.96,0.05,0.09,-0.45,-0.80,-2.40,-2.93,-1.35,-1.09,4.14,-0.94,-1.42,-3.51,-2.30,-2.75,-1.72,-0.68,-2.40,-1.99,-1.12,-1.60,-0.27,2.36,3.50,-0.97,-0.92,-1.14,-2.90,,-4,-11.70,-0.10,-2,-3.80,,,,,,,-1,-1.20,,-1.90,-0.80,-1.70,-1.99,,,,,,,,-0.40,-0.40,-2.10,-1.70,-1,,,,,-1.50,,-2.20,-0.60,3.80,5.20,1.80,,,-2,,,-2.20,,,1.80,-0.70,-1,2.10,-2,-2.90,
2008-12-24 17:30,-0.20,-0.65,-2.92,-1.57,-4.20,-0.79,-1.25,-1.10,-4.61,-0.76,-3.25,-2.23,-6.10,-3.24,-2.82,-3.98,-4.40,-5.65,-3.20,-4.75,-6.61,-5.88,-3.20,,-0.22,0.07,-0.20,-2.40,-0.97,-1.70,-2.16,-0.35,-8.11,-2.29,-1.94,-1.88,-0.98,-1.79,-4.40,-2.79,-7.30,-9.18,-7.60,-1.46,-3.60,-1.75,-2.90,-2.64,-4.46,-5.14,-5.05,-2.28,-2.80,-2.25,-5.74,-4.03,-5.21,-5.90,-5.49,-5.40,-8.58,-6.30,-8.63,-9,-6.94,,3.31,1.65,1.10,-0.52,1.21,1.54,3.35,0.61,0.47,3.29,2.50,2.26,0.30,0.09,-1.03,-1.10,-0.44,-2.03,0.17,-1.79,-0.45,-0.40,-0.37,0.11,-3.54,-2.29,-2.09,-1.90,-2.75,-1.11,-1.88,-2.44,-2.26,-0.92,-1.56,-2.23,3.74,2.93,0.14,0.04,-0.32,-1,-2.30,-2.98,-1.38,-1.09,4.10,-0.98,-1.73,-3.53,-2.30,-2.89,-1.47,-0.50,-2.40,-2.04,-1.15,-1.67,-0.32,2.40,4,-1,-0.91,-1,-2.90,,-3.90,-11.60,0,-2.10,-3.50,,,,,,,-1,-1.20,,-1.90,-0.90,-1.80,-2.13,,,,,,,,-0.40,-0.40,-2,-1.70,-1,,,,,-1.50,,-2.30,-0.60,3.70,5.20,1.70,,,-2.20,,,-2.10,,,1.80,-0.50,-1,2,-2.20,-2.90,
2008-12-24 17:40,-0.30,-0.64,-2.90,-1.62,-4.22,-0.79,-1.29,-1.10,-4.59,-0.89,-3.24,-2.36,-6.13,-3.32,-2.86,-4.04,-4.40,-5.77,-3.20,-4.77,-6.69,-6.29,-3.27,,-0.10,-0.04,-0.19,-2.48,-1.07,-1.70,-2.35,-0.48,-8.06,-2.24,-2.04,-1.87,-1.06,-1.78,-4.32,-2.91,-7.40,-9.23,-7.70,-1.37,-3.70,-1.82,-2.90,-2.61,-4.51,-5.14,-5.02,-2.32,-2.96,-2.24,-5.61,-4.28,-5.30,-5.90,-5.59,-5.52,-8.53,-6.30,-8.91,-9.09,-7.15,,3.24,1.62,1.20,-0.57,1.16,1.56,3.35,0.67,0.45,3.27,2.60,2.28,0.30,0.24,-0.96,-1.10,-0.63,-2.05,0.27,-1.87,-0.47,-0.40,-0.60,0.19,-3.44,-2.38,-2.18,-2,-3.01,-1.27,-1.90,-2.44,-2.35,-0.97,-1.56,-2.28,3.72,2.81,-0.02,-0.10,-0.23,-1.10,-2.32,-3.18,-1.22,-1.06,4.01,-1.07,-1.90,-3.92,-2.10,-3.11,-1.44,-0.72,-2.20,-1.94,-1.18,-1.70,-0.43,2.35,4,-0.97,-0.60,-1.34,-2.90,,-4,-11.50,-0.10,-2.20,-3.70,,,,,,,-1.10,-1.20,,-1.90,-1.10,-1.80,-2.32,,,,,,,,-0.40,-0.40,-2.10,-1.70,-1,,,,,-1.90,,-2.30,-0.70,3.60,5.20,1.60,,,-2.30,,,-2.10,,,1.70,-0.60,-1,1.80,-2.20,-2.70,
2008-12-24 17:50,-0.30,-0.78,-2.97,-1.63,-4.22,-0.81,-1.29,-1.10,-4.74,-1.05,-3.29,-2.45,-6.12,-3.39,-2.91,-4,-4.49,-5.81,-3.30,-4.75,-6.57,-6.30,-3.35,,-0.04,-0.05,-0.16,-2.59,-1.10,-1.70,-2.10,-0.41,-7.97,-2.25,-2.19,-1.95,-1.23,-1.78,-4.37,-2.90,-7.40,-9.23,-7.65,-1.29,-3.80,-1.80,-2.80,-2.67,-4.75,-4.87,-5.14,-2.48,-3.10,-2.41,-5.16,-4.30,-5.34,-5.90,-6.29,-5.53,-8.42,-6.50,-8.77,-9.11,-7.29,,3.43,1.53,1.10,-0.63,1.14,1.47,3.35,0.77,0.44,3.22,2.60,2.34,0.30,0.13,-0.98,-1.10,-0.63,-2.02,0.17,-1.85,-0.51,-0.40,-0.64,0.20,-3.39,-2.32,-2.14,-2.20,-3.08,-1.33,-1.94,-2.56,-2.38,-1.04,-1.51,-2.35,3.62,2.96,-0.01,0,-0.21,-1.20,-2.34,-3.47,-1.14,-1.03,3.94,-1.18,-1.82,-4.04,-2.40,-3.20,-1.40,-1.18,-2,-1.93,-1.24,-1.61,-0.39,2.41,4,-0.85,-0.57,-1.77,-2.70,,-4.10,-11.40,-0.10,-2.30,-3.80,,,,,,,-1,-1.10,,-1.90,-1.20,-1.80,-2.40,,,,,,,,-0.70,-0.40,-2.10,-1.70,-1,,,,,-2.10,,-2.50,-0.70,3.50,5.10,1.40,,,-2.50,,,-1.90,,,1.40,-0.50,-1,1.90,-2.50,-2.70,
2008-12-24 18:00,0,-0.73,-2.99,-2,-4,-1.08,-1.25,-1.10,-4.71,-1.08,-3.30,-2.50,-6.13,-4,-2.91,-4,-4,-5.83,-2,-4.78,-7,-6.33,-3.48,-1,0,-1,-0.15,-2.68,-1,-2,-3,-1,-7.92,-2,-2.12,-2,-1,-2,-5,-4,-8,-9.03,-7.71,-1,-3.80,-1.91,-3,-2.76,-4.82,-4.78,-5,-3,-3.09,-2.52,-5.06,-4,-5,-6,-7,-5.82,-8.46,-6,-8.84,-9.07,-7.30,,3.41,1.29,1.10,-0.68,1.14,1.34,3.36,0.79,0.43,3.18,2.60,2.42,0.30,-0.03,-1,-1.10,-0.53,-2.11,-0.03,-1.94,-1,-0.50,-0.62,0.07,-3.44,-2.35,-2,-2.20,-3.29,-1.26,-1.98,-2.66,-2.46,-1.03,-1.58,-2.28,3.56,3.13,0.01,-0.01,-0.12,-1.40,-2.47,-3.79,-1.18,-0.99,3.93,-1.06,-1.93,-3.85,-2.60,-3.44,-1.65,-1.91,-1.80,-1.91,-1.18,-1.60,-0.27,2.50,2.10,-0.86,1,-1.90,-2.60,-2,-4,-11,-0.20,-2.20,-3.70,-2.60,2.80,-4.50,0.80,0.10,0.10,-1,-1,-0.90,-2,-1.10,-1.80,-1.80,-1.20,3.50,4,3.50,3.60,-0.40,-0.80,-0.70,-0.40,-2.10,-1.60,-1,4.90,4.10,0.90,-0.30,-2.30,-1.90,-2.60,-0.70,3.40,5.10,1.20,,0.20,-2.60,-4.50,,-1.80,1.50,0.80,1.30,-0.70,-1,2.20,-2.80,-3.40,-1.50
2008-12-24 18:10,-0.30,-0.68,-3.08,-1.67,-4.10,-1.10,-1.30,-1.10,-4.75,-1.12,-3.37,-2.56,-6.07,-3.39,-2.81,-3.94,-4.35,-5.61,-3.30,-4.88,-6.56,-6.57,-3.62,,-0.20,-0.15,-0.25,-2.76,-0.85,-1.70,-1.88,-0.54,-8.06,-2.37,-2.16,-2.16,-1.38,-1.95,-4.49,-2.89,-7.60,-8.95,-7.61,-0.85,-3.80,-1.84,-2.80,-2.88,-5.31,-4.79,-5.20,-2.63,-3.20,-2.46,-4.97,-4.85,-5.61,-6.50,-7.67,-6.09,-8.60,-6.30,-9.01,-9.06,-7.20,,3.41,1.02,1,-0.73,1.21,1.46,3.40,0.63,0.45,3.21,2.60,2.42,0.30,-0.04,-0.95,-1.10,-0.53,-2.11,-0.24,-2.15,-0.54,-0.50,-0.65,0.10,-3.65,-2.48,-2.16,-2.40,-3.27,-1.21,-1.94,-2.65,-2.44,-1.06,-1.50,-2.23,3.48,3.21,0.11,-0.07,0.04,-1.50,-2.74,-4,-1.20,-1.03,3.75,-0.97,-2.11,-3.65,-2.80,-3.55,-1.84,-2.18,-1.60,-1.96,-1.19,-1.57,-0.28,2.28,4,-0.87,-0.88,-1.52,-2.30,,-4.20,-11.30,-0.20,-2.20,-3.80,,,,,,,-1,-1.10,,-2,-1.10,-2,-2.56,,,,,,,,-0.80,-0.40,-2,-1.60,-1,,,,,-2.30,,-2.70,-0.70,3.40,5.10,1.20,,,-2.60,,,-1.70,,,1.30,-1,-1.20,2.10,-2.90,-3.40,
2008-12-24 18:20,-0.30,-0.62,-3.08,-1.69,-4.10,-1.18,-1.37,-1.10,-4.71,-1.17,-3.33,-2.70,-6,-3.46,-2.94,-4,-4.58,-5.50,-3.30,-4.93,-6.57,-6.51,-3.67,,-0.14,-0.28,-0.35,-2.80,-0.85,-1.70,-1.94,-0.61,-8.07,-2.41,-2.24,-2.25,-1.31,-1.93,-4.64,-2.89,-7.30,-8.48,-7.36,-0.95,-3.90,-1.94,-2.90,-2.99,-5.38,-4.87,-5.14,-2.85,-3.33,-2.41,-5.04,-4.76,-5.45,-6.70,-7.31,-6.43,-8.93,-6.40,-9.10,-9.10,-7.02,,3.52,0.87,0.70,-0.70,1.22,1.36,3.34,0.55,0.46,3.20,2.60,2.45,0.30,0.09,-0.97,-1.10,-0.65,-2.03,-0.32,-2.23,-0.62,-0.60,-0.71,0.05,-3.74,-2.53,-2.14,-2.30,-3.19,-1.14,-1.93,-2.59,-2.29,-1.07,-1.54,-2.23,3.48,3.07,0.07,-0.12,-0.10,-1.70,-2.97,-4.21,-1.17,-1.06,3.69,-1.23,-2,-3.52,-3,-3.57,-2.05,-2.15,-1.60,-2.05,-1.18,-1.67,-0.35,2.05,4.10,-0.67,-0.92,-1.65,-2.20,,-4.30,-11.20,-0.30,-2.20,-4,,,,,,,-1,-1.10,,-2.10,-1.20,-2.20,-2.68,,,,,,,,-1.10,-0.50,-2,-1.60,-1,,,,,-2.20,,-2.70,-0.70,3.20,5.10,1.20,,,-2.60,,,-1.60,,,1.10,-1,-1.40,2,-2.60,-3.60,
2008-12-24 18:30,-0.30,-0.61,-3.03,-1.61,-4.10,-1.15,-1.39,-1.10,-4.67,-1.15,-3.41,-2.70,-5.98,-3.39,-2.74,-3.97,-4.63,-5.43,-3.40,-4.89,-6.53,-6.36,-3.72,,-0.17,-0.33,-0.44,-2.80,-0.90,-1.80,-2.03,-0.42,-8.02,-2.50,-2.27,-2.38,-1.30,-1.96,-4.74,-3.12,-6.80,-7.62,-7.38,-1.26,-3.90,-1.91,-3,-3.06,-5.05,-4.74,-5.38,-2.87,-3.46,-2.44,-5.13,-4.85,-5.27,-6.70,-6.62,-6.70,-8.96,-6.90,-9.12,-9.17,-7.32,,3.59,0.78,0.80,-0.80,0.87,1.25,3.35,0.60,0.47,3.24,2.50,2.40,0.40,0.02,-0.98,-1.10,-0.77,-2.09,-0.40,-2.73,-0.64,-0.60,-0.65,0.08,-3.79,-2.72,-2.30,-2.50,-3.31,-1.12,-1.95,-2.64,-2.13,-1.11,-1.54,-2.32,3.58,3.01,-0.06,-0.18,-0.16,-1.70,-2.85,-4.33,-1.19,-1.10,3.77,-1.32,-2,-3.56,-3.20,-3.70,-2.16,-2.16,-1.50,-2.27,-1.25,-1.51,-0.45,2.05,3.90,-0.60,-0.62,-1.63,-2.10,,-4.40,-11.20,-0.40,-2.20,-3.80,,,,,,,-0.90,-1.10,,-2.20,-1.20,-2.40,-2.66,,,,,,,,-1.10,-0.50,-2.10,-1.60,-1,,,,,-2.50,,-2.70,-0.70,3.20,5,1.10,,,-2.50,,,-1.70,,,1,-1.10,-1.50,1.80,-2.40,-3.80,
2008-12-24 18:40,-0.20,-0.59,-3.18,-1.53,-4.10,-1.22,-1.43,-1,-4.55,-1.17,-3.47,-2.72,-6.07,-3.39,-2.90,-3.90,-4.43,-5.33,-3.40,-5.14,-6.45,-6.38,-3.71,,-0.22,-0.39,-0.48,-2.80,-1,-1.90,-2.02,-0.59,-8.01,-2.62,-2.26,-2.33,-1.15,-1.97,-4.67,-3.31,-6.80,-7.86,-7.41,-1.33,-3.90,-1.94,-3.10,-3.05,-5.14,-4.77,-5.35,-2.49,-3.52,-2.55,-5.25,-4.82,-5.28,-6.70,-6.18,-6.79,-9.10,-7,-8.93,-9.17,-7.84,,3.63,0.68,0.80,-0.77,0.83,1.22,3.36,0.60,0.43,3.38,2.50,2.11,0.40,-0.12,-1.01,-1.10,-0.65,-2.05,-0.47,-2.83,-0.69,-0.60,-0.65,-0.20,-3.77,-2.87,-2.60,-2.60,-3.64,-1.24,-1.86,-2.52,-2.11,-1.08,-1.56,-2.28,3.65,3.04,-0.12,-0.17,-0.14,-1.60,-2.74,-4.56,-1.27,-1.07,3.82,-1.41,-2.02,-3.35,-3.10,-3.79,-2.36,-1.93,-1.40,-2.28,-1.31,-1.46,-0.35,2.09,4,-0.59,-0.58,-1.88,-2.10,,-4.40,-11.10,-0.50,-2.20,-3.90,,,,,,,-1,-1,,-2.20,-1.20,-2.50,-2.68,,,,,,,,-0.80,-0.50,-2.10,-1.60,-1,,,,,-2.50,,-2.50,-0.70,3,5,1.10,,,-2.30,,,-1.70,,,0.80,-1.20,-1.60,1.50,-2,-3.90,
2008-12-24 18:50,-0.30,-0.48,-3.18,-1.50,-4.10,-1.21,-1.42,-0.90,-4.45,-1.27,-3.52,-2.60,-6.11,-3.54,-2.83,-3.96,-4.31,-5.39,-3.50,-5,-6.42,-6.46,-3.67,,-0.27,-0.34,-0.57,-2.83,-0.96,-1.90,-2.13,-0.51,-7.98,-2.47,-2.29,-2.35,-1.17,-1.91,-4.72,-3.43,-6.80,-7.87,-7.36,-1.29,-4,-1.85,-3.10,-2.93,-5.33,-4.82,-5.45,-2.60,-3.60,-2.58,-5.79,-4.85,-5.34,-6.80,-6.11,-6.75,-9.33,-7.10,-8.70,-9.25,-8.08,,3.68,0.51,0.90,-0.69,0.79,1.25,3.44,0.59,0.29,3.38,2.50,1.86,0.50,0.07,-0.99,-1,-0.58,-1.98,-0.53,-2.89,-0.73,-0.60,-0.72,-0.17,-3.93,-2.96,-2.82,-2.70,-3.80,-1.33,-2.20,-2.48,-2.02,-1.10,-1.57,-2.15,3.56,2.96,-0.19,-0.16,-0.14,-1.40,-2.99,-4.80,-1.22,-1.09,3.81,-1.39,-2.02,-3.25,-3,-3.87,-2.71,-2.20,-1.40,-2.08,-1.27,-1.36,-0.49,1.92,3.90,-0.76,-0.46,-2.07,-2,,-4.40,-11,-0.60,-2.30,-4,,,,,,,-1,-1,,-2.20,-1.10,-2.50,-2.85,,,,,,,,-0.50,-0.50,-2.30,-1.70,-0.90,,,,,-2.90,,-2.40,-0.70,3,5,1.10,,,-2.10,,,-1.70,,,0.70,-1.10,-1.30,1.30,-1.80,-4.10,
2008-12-24 19:00,-0.30,-0.39,-3.17,-1.46,-4.10,-1.18,-1.51,-0.90,-4.41,-1.31,-3.45,-2.58,-6.10,-3.48,-2.94,-4.02,-4.43,-5.40,-3.50,-5.04,-6.45,-6.17,-3.74,,-0.22,-0.46,-0.58,-2.88,-1.02,-2,-2.25,-0.57,-8.07,-2.54,-2.34,-2.34,-1.23,-1.98,-4.81,-3.40,-6.70,-7.74,-7.35,-1.29,-4.10,-1.80,-3.20,-2.90,-5.27,-5.10,-5.57,-2.72,-3.57,-2.57,-6.39,-4.94,-5.41,-6.60,-5.88,-6.68,-9.60,-7.20,-8.68,-9.20,-8.15,,3.72,0.41,1,-0.73,0.74,1.20,3.51,0.55,0.43,3.46,2.50,1.66,0.50,0.07,-0.99,-1.10,-0.75,-2.03,-0.55,-2.87,-0.86,-0.60,-0.74,-0.18,-3.78,-3.14,-2.96,-2.90,-3.92,-1.45,-2.21,-2.33,-2.04,-1.08,-1.60,-2.06,3.41,2.96,-0.24,-0.09,-0.10,-1.50,-3.11,-5.02,-1.14,-1.08,3.74,-1.42,-2.24,-2.91,-3.20,-3.66,-2.86,-2.20,-1.40,-1.93,-1.23,-1.37,-0.65,1.87,3.90,-0.85,-0.36,-2.08,-2,-1.60,-4.30,-11,-0.70,-2.40,-3.90,-2.30,2.30,-4.60,0.50,0,0.10,-1,-1,-0.80,-2.30,-1.10,-2.50,-2.60,-1.40,3.30,3.90,2.70,3.60,-0.60,-0.90,-0.40,-0.50,-2.50,-1.60,-1.10,4.50,4,0.70,-0.60,-2.30,-1.60,-2.40,-0.90,2.70,4.70,0.90,,-0.20,-1.70,-5.30,-1.50,-1.60,,0.30,0.60,-1.20,-1.50,1.80,-1.70,-4.40,-1.30
2008-12-24 19:10,-0.30,-0.30,-3.15,-1.45,-4.10,-1.24,-1.61,-1,-4.46,-1.23,-3.41,-2.61,-6.02,-3.56,-2.88,-4.03,-4.36,-5.33,-3.60,-5.01,-6.54,-5.87,-3.71,,-0.37,-0.41,-0.68,-2.94,-0.98,-2.10,-2.21,-0.60,-8.17,-2.58,-2.42,-2.52,-1.32,-1.95,-4.82,-3.32,-6.60,-6.78,-7.19,-1.44,-4,-1.77,-3.20,-2.95,-5.08,-5.06,-5.26,-2.84,-3.61,-2.61,-6.81,-5.14,-5.41,-6.60,-5.75,-6.64,-9.81,-7.50,-8.69,-9.28,-8.03,,3.66,0.41,1,-0.78,0.47,1.03,3.47,0.58,0.35,3.42,2.50,1.67,0.44,0.21,-1.09,-1.10,-0.83,-1.97,-0.66,-2.96,-0.89,-0.70,-0.74,-0.32,-3.76,-3.21,-3.15,-2.90,-3.94,-1.43,-2.19,-2.58,-1.93,-1.06,-1.61,-2.02,3.33,2.98,-0.12,-0.10,-0.09,-1.70,-3.23,-5.22,-1.05,-1.15,3.60,-1.37,-2.40,-2.73,-3.50,-3.68,-3,-2.44,-1.40,-1.96,-1.30,-1.45,-0.56,2.04,3.90,-1.02,-0.38,-2.04,-2,,-4.30,-10.90,-0.70,-2.40,-3.90,,,,,,,-1,-1,,-2.40,-1.10,-2.60,-3.08,,,,,,,,-0.40,-0.60,-2.60,-1.60,-1.10,,,,,-2.30,,-2.40,-0.90,2.70,4.70,0.90,,,-1.60,,,-1.60,,,0.40,-1.40,-2,1.80,-1.70,-4.40,
2008-12-24 19:20,-0.30,-0.35,-3.20,-1.47,-4.10,-1.06,-1.60,-1,-4.43,-1.29,-3.46,-2.65,-6.01,-3.62,-2.96,-3.91,-4.41,-5.18,-3.60,-5.02,-6.44,-5.82,-3.69,,-0.41,-0.42,-0.77,-3.05,-1.06,-2.10,-2.25,-0.72,-8.23,-2.64,-2.35,-2.50,-1.36,-2.03,-4.84,-3.54,-6.60,-7.70,-7.41,-1.64,-4,-1.65,-3.20,-3.03,-4.99,-5,-5.41,-2.92,-3.94,-2.62,-7.31,-5.12,-5.32,-6.40,-5.63,-6.70,-9.82,-7.50,-8.81,-9.20,-7.76,,3.77,0.42,1.20,-0.75,0.34,1.04,3.43,0.68,0.32,3.40,2.60,1.71,1.10,0.12,-1.09,-1.20,-0.83,-2.03,-0.57,-3.05,-0.90,-0.70,-0.70,-0.45,-3.86,-3.29,-3.03,-2.90,-4.33,-1.76,-2.13,-2.70,-1.91,-1.08,-1.60,-1.93,3.32,2.81,-0.05,-0.04,-0.11,-1.80,-3.06,-5.52,-0.98,-1.24,3.39,-1.65,-2.71,-2.27,-3.70,-3.66,-3.14,-2.80,-1.40,-1.94,-1.33,-1.48,-0.45,1.89,4,-1.26,-0.56,-2,-2,,-4.40,-10.80,-0.80,-2.30,-4.10,,,,,,,-0.90,-1,,-2.40,-1,-2.70,-3.15,,,,,,,,-0.50,-0.70,-2.60,-1.60,-1,,,,,-2.30,,-2.40,-0.90,2.70,4.40,0.80,,,-1.30,,,-1.60,,,0.30,-1.40,-1.90,1.50,-1.60,-4.40,
2008-12-24 19:30,-0.30,-0.38,-3.28,-1.48,-4,-1.33,-1.61,-1,-4.37,-1.24,-3.54,-2.63,-6.04,-3.62,-2.97,-3.96,-4.36,-5.23,-3.70,-5.01,-6.37,-6.01,-3.73,,-0.34,-0.49,-0.81,-3.14,-1.15,-2.20,-2.36,-0.89,-8.15,-2.76,-2.43,-2.48,-1.39,-2.12,-5.04,-3.66,-6.50,-7.91,-7.37,-1.91,-3.90,-1.63,-3.20,-3.10,-4.91,-4.94,-5.32,-3.15,-3.97,-2.73,-7.67,-5.09,-5.33,-6.40,-5.69,-7.07,-9.68,-7.30,-8.87,-9.28,-7.37,,3.80,0.41,1.20,-0.68,0.32,1.15,3.48,0.54,0.29,3.39,2.50,1.59,1.20,-0.04,-1.06,-1.20,-0.94,-2.08,-0.55,-3.25,-0.92,-0.70,-0.74,-0.54,-3.85,-3.40,-3.12,-3.10,-4.77,-1.89,-2.02,-2.65,-1.91,-1.06,-1.65,-1.80,3.33,2.85,-0.02,0.04,-0.09,-2.10,-2.94,-5.76,-0.91,-1.19,3.31,-1.63,-2.96,-2.23,-3.80,-3.51,-3.26,-2.83,-1.40,-1.84,-1.32,-1.54,-0.49,1.99,4.10,-1.22,-0.70,-2.08,-2.10,,-4.40,-10.70,-0.90,-2.40,-4.10,,,,,,,-0.90,-1,,-2.40,-1,-2.80,-3.28,,,,,,,,-0.60,-0.60,-2.50,-1.70,-1,,,,,-2.10,,-2.30,-0.90,2.60,3.90,0.70,,,-1,,,-1.60,,,0.20,-1.40,-2,1.50,-1.50,-4.60,
2008-12-24 19:40,-0.30,-0.30,-3.28,-1.51,-4,-1.17,-1.69,-1,-4.40,-1.34,-3.49,-2.61,-5.95,-3.57,-2.91,-3.72,-4.45,-5.63,-3.70,-5.05,-6.19,-6.07,-3.76,,-0.24,-0.49,-0.84,-3.27,-1.12,-2.30,-2.38,-0.83,-8.25,-2.82,-2.54,-2.38,-1.41,-2.05,-5.16,-3.65,-6.50,-7.93,-7.28,-1.99,-3.90,-1.77,-3,-3.10,-4.97,-5.09,-5.27,-3.19,-3.83,-2.76,-7.85,-4.98,-5.22,-6.30,-5.71,-7.34,-9.66,-7.10,-8.94,-9.29,-7.41,,3.95,0.50,1.10,-0.62,0.30,0.93,3.51,0.58,0.26,3.34,2.50,1.51,1.10,0.05,-1.07,-1.20,-0.82,-2.16,-0.66,-3.36,-0.97,-0.80,-0.80,-0.53,-3.92,-3.46,-3.43,-3.20,-5.15,-1.98,-2.02,-2.51,-1.88,-1.02,-1.64,-1.86,3.42,2.75,-0.31,-0.04,-0.06,-2.20,-2.91,-5.56,-0.97,-1.15,3.26,-1.94,-3.04,-2.01,-3.70,-3.33,-3.48,-2.96,-1.40,-1.74,-1.32,-1.59,-0.61,2.10,3.40,-1.23,-0.65,-2.28,-2,,-4.40,-10.70,-0.90,-2.60,-4,,,,,,,-0.80,-1.10,,-2.50,-1,-2.90,-3.38,,,,,,,,-0.60,-0.60,-2.60,-1.70,-1.10,,,,,-2.10,,-2.30,-0.90,2.50,3.20,0.70,,,-0.80,,,-1.60,,,0.10,-1.40,-2,1.60,-1.60,-4.70,
2008-12-24 19:50,-0.40,-0.29,-3.22,-1.48,-4,-1.07,-1.60,-0.90,-4.39,-1.16,-3.50,-2.67,-6.05,-3.56,-2.96,-3.79,-4.45,-5.74,-3.70,-5.18,-6.34,-5.86,-3.76,,-0.31,-0.62,-0.91,-3.22,-1.17,-2.40,-2.35,-1.01,-8.25,-2.81,-2.59,-2.43,-1.52,-1.99,-5.23,-3.66,-6.80,-8.02,-7.15,-2.07,-3.90,-1.75,-3,-3.10,-5,-4.98,-5.37,-3.08,-3.96,-2.90,-7.71,-5.03,-5.27,-6.30,-5.63,-7.50,-9.60,-7,-8.88,-9.27,-7.79,,3.83,0.52,1,-0.67,0.35,0.93,3.47,0.57,0.29,3.45,2.50,1.55,1.10,-0.10,-0.98,-1.10,-0.82,-2.05,-0.58,-3.30,-1.01,-0.90,-0.82,-0.48,-3.99,-3.69,-3.68,-3.50,-5.14,-2.29,-1.99,-2.57,-1.87,-1.08,-1.63,-1.94,3.42,2.69,-0.26,-0.14,-0.12,-2.30,-2.76,-5.36,-1.02,-1.13,3.18,-1.95,-3.23,-1.75,-3.90,-3.37,-3.68,-3.05,-1.40,-1.73,-1.32,-1.51,-0.77,1.99,3.10,-1.36,-0.44,-2.26,-2,,-4.40,-10.70,-0.90,-2.60,-4.10,,,,,,,-0.80,-1,,-2.60,-1.10,-3,-3.37,,,,,,,,-0.80,-0.70,-2.70,-1.80,-1,,,,,-2.20,,-2.30,-0.90,2.50,2.70,0.70,,,-0.80,,,-1.50,,,-0.10,-1.40,-2.20,1.40,-1.50,-4.80,
2008-12-24 20:00,-0.40,-0.36,-3.18,-1.44,-4,-1.29,-1.64,-0.90,-4.46,-1.28,-3.43,-2.67,-6.07,-3.60,-2.92,-3.86,-4.44,-5.42,-3.80,-5.24,-6.38,-6.04,-3.81,,-0.38,-0.65,-0.96,-3.07,-1.25,-2.40,-2.23,-1.05,-8.22,-2.91,-2.66,-2.54,-1.64,-2.07,-5.25,-3.56,-6.90,-7.83,-7.10,-2.22,-3.90,-1.70,-3.10,-3.12,-4.92,-4.77,-5.64,-3.22,-3.85,-3.01,-7.50,-5.24,-5.21,-6.20,-5.36,-7.36,-9.43,-7,-8.90,-9.23,-7.93,,3.80,0.48,0.80,-0.49,0.31,0.92,3.40,0.60,0.30,3.37,2.40,1.35,1,0.07,-0.99,-1.10,-0.93,-2,-0.58,-3.62,-1.10,-0.80,-0.89,-0.54,-3.77,-3.89,-3.95,-3.80,-5.30,-2.53,-1.98,-2.73,-1.88,-1.13,-1.69,-1.97,3.39,2.42,-0.19,-0.15,-0.16,-2.40,-2.64,-4.79,-1.17,-1.13,2.96,-2.02,-3.58,-1.68,-4.10,-3.20,-3.76,-3.20,-1.30,-1.51,-1.25,-1.38,-0.83,2,3,-1.56,-0.48,-2.31,-2.10,-1.60,-4.40,-10.70,-1,-2.60,-4.20,,2.20,-4.50,0.60,-0.10,0,-0.80,-1,-0.90,-2.70,-1.20,-3,-3.50,-1.40,3.10,3.90,1.10,1.90,-0.50,-0.80,-1.10,-0.70,-2.60,-1.80,-1,4.70,1.40,0.70,-1.80,-2.20,-1.20,-2.30,-0.80,2.30,2.30,0.40,,-0.20,-0.80,-5,-2.20,-1.50,1.20,-0.10,0,-1.40,-2.40,1.20,0.30,-5,-1.40
2008-12-24 20:10,-0.40,-0.42,-3.24,-1.45,-3.91,-1.18,-1.69,-0.80,-4.41,-1.32,-3.36,-2.73,-6.04,-3.60,-2.81,-3.89,-4.47,-5.80,-3.80,-5.19,-6.39,-6.18,-3.85,,-0.52,-0.72,-0.97,-3,-1.29,-2.40,-2.26,-1.01,-8.24,-2.93,-2.65,-2.59,-1.72,-2.09,-5.35,-3.90,-6.70,-8.06,-6.98,-2.34,-3.90,-1.65,-3.10,-3.18,-5.01,-4.80,-5.57,-3.46,-4.05,-3.20,-7.67,-5.11,-5.14,-6.30,-5.34,-7.32,-9.22,-7.30,-8.91,-9.27,-8.03,,3.88,0.43,0.80,-0.42,0.41,0.99,3.36,0.55,0.21,3.34,2.50,1.46,0.90,0.02,-1.02,-1.10,-1.10,-2.04,-0.57,-3.68,-1.19,-0.80,-0.92,-0.56,-3.71,-4.26,-4.22,-4,-5.68,-2.80,-1.91,-3,-1.95,-1.14,-1.51,-1.89,3.28,1.87,-0.27,-0.06,-0.25,-2.50,-2.63,-4.32,-1.27,-1.11,2.82,-2.16,-3.57,-1.77,-3.90,-3.02,-3.80,-3.02,-1.30,-1.38,-1.25,-1.58,-0.86,2.19,2.80,-1.73,-0.79,-2.39,-2.10,,-4.50,-10.60,-1.10,-2.80,-3.80,,,,,,,-0.90,-1,,-2.70,-1.20,-2.70,-3.83,,,,,,,,-1.20,-0.70,-2.70,-1.80,-1,,,,,-2.20,,-2.40,-0.90,2.30,2.30,,,,-0.80,,,-1.50,,,0,-1.50,-2.40,1.20,0.40,-5,
2008-12-24 20:20,-0.30,-0.40,-3.26,-1.44,-3.95,-1.29,-1.72,-0.90,-4.38,-1.33,-3.37,-2.52,-6.06,-3.58,-2.86,-3.92,-4.56,-5.86,-3.90,-5.34,-6.52,-6.26,-3.87,,-0.67,-0.78,-1.01,-3.07,-1.26,-2.50,-2.21,-0.87,-8.15,-2.84,-2.65,-2.66,-1.70,-2.18,-5.48,-4.04,-6.50,-7.99,-7.01,-2.52,-4,-1.58,-3.20,-3.25,-5.33,-4.72,-5.57,-3.75,-4.27,-3.31,-7.82,-5.21,-5.09,-6.20,-5.35,-7.04,-9.09,-7.60,-8.86,-9.29,-8.15,,3.83,0.51,1,-0.46,0.33,1.07,3.17,0.59,0.28,3.51,2.50,1.39,0.70,-0.17,-1.03,-1.20,-1.09,-2.07,-0.34,-3.21,-1.19,-0.80,-1.01,-0.65,-3.80,-4.47,-4.46,-4.10,-5.94,-3.05,-1.92,-3.28,-1.88,-1.07,-1.63,-1.98,3.32,1.65,-0.23,-0.05,-0.24,-2.60,-2.65,-4.09,-1.43,-1.05,2.56,-2.50,-4.08,-1.94,-4,-3.08,-3.86,-2.78,-1.30,-1.42,-1.32,-1.52,-0.99,2.21,2.30,-1.90,-0.86,-2.32,-2.10,,-4.50,-10.60,-1.20,-2.80,-3.90,,,,,,,-0.80,-1,,-2.80,-1.20,-2.50,-3.95,,,,,,,,-1.50,-0.80,-2.40,-1.80,-1.10,,,,,-2,,-2.60,-0.90,2.20,2.20,0.20,,,-0.90,,,-1.50,,,0.50,-2,-2.50,0.90,0.50,-5,
2008-12-24 20:30,-0.40,-0.38,-3.25,-1.39,-3.90,-1.24,-1.73,-0.90,-4.37,-1.29,-3.37,-2.73,-6.11,-3.60,-2.86,-3.93,-4.57,-5.83,-3.90,-5.44,-6.46,-6.34,-3.93,,-0.80,-0.79,-1.01,-3.12,-1.25,-2.60,-2.26,-0.92,-8.06,-2.93,-2.61,-2.69,-1.72,-2.32,-5.45,-3.94,-6.40,-7.83,-7.07,-2.63,-4,-1.66,-3.30,-3.34,-5.41,-4.82,-5.46,-3.92,-4.32,-3.39,-8.09,-5.43,-5.14,-6.20,-5.28,-6.91,-8.87,-7.90,-8.82,-9.23,-8.22,,3.68,0.55,0.90,-0.33,0.43,0.98,3.21,0.56,0.31,2.97,2.50,1.47,0.40,-0.24,-1.01,-1.20,-1.12,-2.20,-0.30,-3.06,-1.19,-0.70,-1.07,-0.49,-3.62,-4.69,-4.67,-4.30,-6.06,-3.33,-1.78,-3.43,-1.89,-1.10,-1.63,-2.19,3.33,1.56,-0.35,-0.07,-0.31,-2.70,-2.46,-3.93,-1.51,-1.04,2.40,-2.56,-4.15,-1.99,-3.90,-2.86,-3.86,-2.85,-1.20,-1.51,-1.18,-1.71,-1.30,2.30,2.20,-2.01,-0.85,-2.43,-1.90,,-4.40,-10.50,-1.20,-2.80,-4.20,,,,,,,-0.80,-1,,-3,-1.30,-2.20,-3.91,,,,,,,,-1.60,-0.90,-2.20,-1.70,-1.10,,,,,-2.10,,-2.90,-0.80,2.10,2.20,0,,,-0.90,,,-1.40,,,0.70,-2,-2.60,0.90,0.60,-5,
2008-12-24 20:40,-0.40,-0.36,-3.26,-1.38,-3.90,-1.17,-1.81,-0.90,-4.46,-1.31,-3.38,-2.78,-6.05,-3.62,-2.89,-3.85,-4.50,-5.72,-3.90,-5.32,-6.46,-6.31,-4.03,,-0.69,-0.78,-1.01,-3.13,-1.22,-2.60,-2.25,-1.05,-8.08,-2.91,-2.62,-2.77,-1.76,-2.35,-5.39,-4.12,-6.50,-7.74,-7.14,-2.58,-4.10,-1.78,-3.20,-3.40,-5.06,-4.91,-5.59,-4.15,-4.34,-3.52,-8.33,-5.13,-5.18,-6.20,-5.38,-6.78,-8.63,-8.10,-8.66,-9.32,-8.31,,3.76,0.58,0.80,-0.28,0.47,1.02,3.25,0.44,0.44,2.61,2.50,1.53,0.40,-0.23,-1,-1.20,-1.17,-2.12,-0.39,-3.05,-1.15,-0.70,-1.10,-0.61,-3.75,-4.94,-4.95,-4.60,-6.20,-3.55,-1.85,-3.47,-1.97,-1.05,-1.58,-2.33,3.37,1.47,-0.55,-0.10,-0.54,-2.30,-2.35,-3.66,-1.71,-1.04,2.25,-2.60,-4.48,-2.16,-3.80,-2.93,-3.86,-3.01,-1.20,-1.41,-1.26,-1.61,-1.66,2.17,2.40,-2.14,-1.13,-2.23,-1.90,,-4.50,-10.50,-1.20,-3.10,-4.70,,,,,,,-0.90,-1,,-3.30,-1.40,-1.90,-3.93,,,,,,,,-1.70,-0.90,-2.10,-1.70,-1,,,,,-2,,-3,-0.80,2.10,2.20,-0.10,,,-0.90,,,-1.40,,,0.40,-2.10,-2.70,0.80,0.60,-5,
2008-12-24 20:50,-0.40,-0.44,-3.16,-1.41,-3.90,-1.16,-1.82,-0.90,-4.54,-1.25,-3.44,-2.77,-6.09,-3.61,-2.86,-3.78,-4.57,-5.57,-4,-5.31,-6.47,-6.27,-4.04,,-0.67,-0.82,-1.07,-3.13,-1.27,-2.60,-2.44,-1.23,-8.07,-2.92,-2.68,-2.73,-1.91,-2.27,-5.34,-4.12,-6.40,-7.85,-7.24,-2.48,-4.10,-1.79,-3.20,-3.37,-5.19,-4.86,-5.90,-4.27,-4.95,-3.63,-8.26,-5.14,-5.15,-6.30,-5.49,-6.74,-8.52,-8.30,-8.49,-9.16,-8.25,,3.62,0.61,0.60,-0.31,0.33,1,3.19,0.49,0.29,2.36,2.50,1.57,0.30,-0.12,-1.06,-1.30,-1.24,-2.16,-0.33,-3.05,-1.01,-0.60,-1.14,-0.63,-3.68,-5.17,-5.14,-4.70,-6.06,-3.78,-1.91,-3.57,-2,-0.98,-1.65,-2.35,3.32,1.33,-0.58,-0.24,-0.75,-2.20,-2.18,-3.55,-1.72,-1.09,2.09,-2.77,-4.46,-2.26,-3.40,-2.83,-3.88,-2.75,-1.10,-1.23,-1.25,-1.37,-1.74,2.12,2.70,-2.26,-1.53,-2.23,-1.80,,-4.50,-10.40,-1.20,-3.30,-4.70,,,,,,,-0.90,-1,,-3.30,-1.70,-1.80,-3.92,,,,,,,,-1.70,-1,-2.10,-1.80,-1.10,,,,,-1.90,,-3.10,-0.90,1.90,2.10,-0.30,,,-1.20,,,-1.50,,,-0.20,-2.40,-2.80,0.80,0.70,-5.10,
2008-12-24 21:00,-0.40,-0.58,-3.14,-1.45,-3.90,-1.11,-1.81,-0.90,-4.60,-1.32,-3.50,-2.75,-6.20,-3.56,-2.75,-3.77,-4.52,-5.56,-4.10,-5.36,-6.38,-6.20,-4.17,,-0.70,-0.84,-1.12,-3.22,-1.13,-2.60,-2.36,-1.22,-8.04,-3.05,-2.74,-2.85,-1.85,-2.32,-5.27,-3.99,-6.60,-7.81,-7.28,-2.62,-4.10,-1.79,-3.30,-3.55,-5.14,-4.94,-5.76,-4.19,-4.80,-3.77,-7.93,-4.91,-5.23,-6.70,-5.52,-6.61,-8.41,-8.40,-8.40,-9.24,-8.07,,3.72,0.82,0.40,-0.29,0.44,0.97,3.16,0.47,0.43,2.39,2.60,1.68,0.20,0.08,-1.17,-1.30,-1.32,-2.25,-0.28,-3.10,-0.99,-0.60,-1.26,-0.54,-3.75,-5.32,-5.13,-4.60,-6.22,-4.06,-1.84,-3.64,-2.10,-0.98,-1.61,-2.31,3.40,1.14,-0.56,-0.24,-0.89,-2.20,-2.21,-3.40,-1.76,-1.08,1.93,-2.84,-4.56,-2.57,-2.80,-2.69,-3.76,-2.63,-1.10,-1.14,-1.23,-1.35,-1.99,2.06,2.70,-2.27,-1.61,-2.34,-1.80,-1.60,-4.60,-10.40,-1.20,-3.20,-4.60,-2,2.10,-4.60,0.90,-0.10,0,-0.90,-1,-1,-3.40,-1.90,-2,-3.30,-1.40,2.50,3.80,1,1.20,-0.60,-1,-1.70,-1,-2.10,-1.90,-1,4.70,1,0.30,-2,-1.40,-2.10,-3,-0.80,1.40,2,-0.50,-3.80,-0.60,-1.60,-3.60,-2.60,-1.50,1.20,-0.70,-0.30,-2.70,-2.80,0.90,0.60,-5.10,-1.40
2008-12-24 21:10,-0.30,-0.65,-3.19,-1.37,-3.80,-1.17,-1.79,-0.90,-4.56,-1.29,-3.54,-2.84,-6.10,-3.55,-2.77,-3.85,-4.55,-5.53,-4.20,-5.42,-6.30,-6.06,-4.01,,-0.74,-0.84,-1.13,-3.22,-1.12,-2.60,-2.28,-1.20,-8.07,-3.09,-2.69,-2.77,-1.71,-2.37,-5.29,-3.90,-6.80,-7.92,-7.24,-2.57,-4.20,-1.90,-3.40,-3.85,-5.18,-5.13,-5.70,-4,-4.91,-3.94,-7.52,-4.83,-5.23,-6.90,-5.22,-6.48,-8.33,-8.40,-8.15,-9.34,-8.02,,3.83,1.53,0.30,-0.24,0.43,0.91,3.20,0.36,0.36,2.36,2.60,1.74,0.20,0.05,-1.10,-1.30,-1.36,-2.14,-0.39,-3.09,-1,-0.70,-1.44,-0.54,-3.62,-5.55,-5.28,-4.80,-6.24,-4.25,-1.83,-3.49,-2.08,-0.98,-1.57,-2.59,3.37,0.95,-0.35,-0.16,-1.04,-2.20,-2.23,-3.19,-1.83,-0.99,1.82,-2.95,-4.88,-2.61,-2.50,-2.50,-3.80,-2.36,-1.10,-1.07,-1.33,-1.43,-2.08,2.07,3,-2.41,-1.64,-2.49,-1.80,,-4.70,-10.40,-1.30,-3.30,-4.60,,,,,,,-0.90,-1.10,,-3.40,-1.90,-2.10,-3.83,,,,,,,,-1.70,-1.10,-2.10,-2.10,-1,,,,,-1.40,,-3.30,-0.80,1.40,1.90,-0.60,,,-1.60,,,-1.50,,,-0.20,-2.60,-3.30,0.90,0.60,-5.10,
2008-12-24 21:20,-0.30,-0.70,-3.21,-1.44,-3.80,-1.15,-1.76,-1,-4.56,-1.35,-3.46,-2.77,-6.22,-3.57,-2.87,-3.68,-4.65,-5.76,-4.20,-5.48,-6.30,-6.09,-4,,-0.78,-0.86,-1.21,-3.22,-1.09,-2.70,-2.35,-1.19,-8.09,-3.06,-2.79,-2.78,-1.74,-2.44,-5.40,-3.76,-6.90,-7.98,-7.18,-2.47,-4.20,-2,-3.40,-3.90,-5.13,-5.16,-5.65,-4.02,-4.86,-4.06,-7.19,-5.24,-5.13,-7,-5.26,-6.47,-8.38,-8.30,-8.15,-9.23,-8,,3.64,1.52,0.20,-0.47,0.45,0.89,3.26,0.40,0.35,2.26,2.60,1.73,0.10,0.05,-1.15,-1.30,-1.53,-2.09,-0.29,-2.70,-1.11,-0.80,-1.79,-0.63,-3.55,-5.87,-5.29,-4.90,-5.93,-4.29,-1.74,-3.52,-2.08,-1,-1.68,-2.64,3.44,0.76,-0.69,-0.12,-1.26,-2.30,-1.99,-3.04,-1.89,-1,1.76,-3.14,-4.87,-2.53,-2.50,-2.33,-3.67,-2.33,-1,-1.12,-1.27,-1.40,-2.11,2.14,2.70,-2.46,-1.93,-2.70,-1.80,,-4.70,-10.30,-1.20,-3.10,-4.60,,,,,,,-0.90,-1,,-3.80,-2.20,-2.20,-3.70,,,,,,,,-1.80,-1.10,-2.10,-2.30,-1,,,,,-1.30,,-3.60,-0.80,1.20,1.80,-0.60,,,-1.60,,,-1.50,,,-0.20,-2.60,-3.40,1,0.60,-5,
2008-12-24 21:30,-0.30,-0.70,-3.19,-1.38,-3.80,-1.21,-1.77,-1,-4.74,-1.38,-3.51,-2.93,-6.12,-3.59,-2.93,-3.60,-4.72,-5.79,-4.10,-5.43,-6.46,-6.25,-3.91,,-0.83,-0.84,-1.21,-3.28,-1.04,-2.70,-2.39,-1.07,-8.12,-3,-2.95,-2.87,-1.80,-2.43,-5.39,-3.80,-7.10,-8.28,-7.08,-2.46,-4.20,-2.16,-3.50,-3.96,-5.10,-5.59,-5.78,-3.87,-4.94,-4.11,-7.04,-5.52,-5.21,-7,-5.23,-6.25,-8.64,-8.30,-8.08,-9.24,-7.93,,3.52,1.36,0.20,-0.52,0.54,0.93,3.29,0.40,0.39,1.92,2.70,1.77,0,-0.17,-1.06,-1.30,-1.49,-2.19,-0.31,-2.45,-1.14,-1.10,-1.93,-0.61,-3.70,-6.19,-5.24,-4.70,-5.91,-4.58,-1.71,-3.53,-2.03,-0.96,-1.70,-2.58,3.50,0.61,-0.55,-0.24,-1.49,-2.20,-1.91,-2.72,-2.02,-1.01,1.70,-3.04,-4.80,-2.44,-2.50,-2.44,-3.64,-2.27,-1,-1.24,-1.23,-1.34,-2.32,1.80,2.40,-2.57,-2.19,-2.60,-1.80,,-4.70,-10.30,-1.20,-3.50,-4.70,,,,,,,-1,-1.10,,-3.80,-2.60,-2.30,-3.54,,,,,,,,-1.60,-1.20,-2.20,-2.20,-1,,,,,-1.30,,-3.30,-0.80,1.10,1.60,-0.70,,,-1.90,,,-1.40,,,-0.10,-2.80,-3.30,1,0.40,-4.90,
2008-12-24 21:40,-0.30,-0.55,-3.17,-1.44,-3.80,-1.42,-1.80,-1,-4.74,-1.33,-3.61,-2.97,-6.18,-3.58,-2.97,-3.66,-4.76,-5.89,-4.20,-5.43,-6.54,-6.33,-3.95,,-1,-0.85,-1.27,-3.24,-1,-2.70,-2.46,-1.11,-8.10,-3.03,-2.85,-2.88,-1.95,-2.41,-5.40,-3.49,-7.60,-8.30,-7.17,-2.43,-4.30,-2.30,-3.50,-4.06,-5.13,-5.69,-5.74,-3.92,-4.85,-4.18,-6.74,-5.46,-5,-7,-5,-6.08,-8.78,-8,-7.82,-9.20,-7.82,,3.33,1.22,0.10,-0.59,0.52,0.72,3.12,0.40,0.34,1.37,2.70,1.83,0,-0.27,-1.08,-1.30,-1.91,-2.17,-0.29,-2.61,-1.04,-1.30,-2.14,-0.56,-3.84,-6.35,-4.66,-4.60,-5.63,-4.54,-1.76,-3.62,-1.91,-0.95,-1.66,-2.65,3.25,0.46,-0.48,-0.26,-1.32,-2.20,-1.80,-2.51,-2.29,-1.06,1.52,-3.15,-4.99,-2.58,-2.50,-2.74,-3.56,-2.14,-1.10,-1.18,-1.21,-1.36,-2.50,1.57,2.30,-2.67,-2.24,-2.60,-1.70,,-4.80,-10.30,-1.30,-3.60,-4.70,,,,,,,-0.90,-1,,-3.90,-2.80,-2.60,-3.39,,,,,,,,-1.70,-1.20,-2.10,-2.20,-1,,,,,-1.30,,-3.30,-0.80,1,1.40,-0.70,,,-2,,,-1.40,,,0.50,-3,-3.10,1.10,0.30,-4.80,
2008-12-24 21:50,-0.40,-0.63,-3.23,-1.46,-3.80,-1.38,-1.86,-1.10,-4.81,-1.42,-3.50,-2.92,-6.19,-3.59,-2.94,-3.82,-4.73,-6.03,-4.20,-5.47,-6.36,-6.43,-4.03,,-0.87,-0.90,-1.26,-3.19,-1,-2.60,-2.46,-1.18,-8.10,-3.04,-2.84,-2.80,-1.74,-2.49,-5.41,-3.56,-7.80,-8.59,-7.38,-2.40,-4.30,-2.43,-3.60,-4.12,-5.06,-5.81,-5.81,-3.82,-4.89,-4.38,-6.64,-5.26,-4.96,-7.10,-4.96,-6.02,-8.73,-8.20,-7.58,-9.26,-8.15,,3.28,1.23,0.10,-0.65,0.44,0.79,2.86,0.40,0.37,1.13,2.60,1.81,-0.20,-0.30,-1.20,-1.30,-2.06,-2.09,-0.27,-2.45,-1.09,-1.70,-2.18,-0.66,-3.89,-6.31,-4.03,-4.40,-5.23,-4.44,-1.73,-3.82,-1.87,-1,-1.60,-2.56,3.34,0.44,-0.49,-0.15,-1.01,-2.10,-1.69,-2.37,-2.39,-1.05,1.40,-3.05,-5.05,-2.57,-2.50,-2.63,-3.41,-2.11,-1,-1.24,-1.34,-1.50,-2.40,1.51,2.30,-2.73,-2.46,-2.71,-1.80,,-4.90,-10.30,-1.30,-3.70,-4.60,,,,,,,-1,-1,,-3.80,-3.10,-2.80,-3.28,,,,,,,,-1.80,-1.20,-2.10,-2.10,-1,,,,,-1.20,,-3.20,-0.80,0.90,1.20,-0.80,,,-2.10,,,-1.30,,,2.20,-3.10,-2.90,1.20,0.10,-4.80,
2008-12-24 22:00,-0.40,-0.60,-3.21,-1.40,-3.70,-1.23,-1.74,-1,-4.97,-1.33,-3.48,-2.92,-6.16,-3.63,-3.07,-3.81,-4.64,-5.78,-4.20,-5.49,-6.24,-6.86,-4.04,,-1.03,-0.89,-1.32,-3.07,-1.07,-2.60,-2.42,-1.20,-8.16,-3.11,-2.87,-2.82,-1.87,-2.60,-5.37,-3.49,-8,-9.17,-7.50,-2.48,-4.20,-2.63,-3.70,-4.15,-4.87,-5.77,-5.69,-3.76,-4.83,-4.60,-6.47,-5.40,-4.86,-7.10,-4.95,-5.98,-8.57,-8.10,-7.67,-9.30,-8.31,,3.32,1.13,0.10,-0.78,0.56,0.95,2.88,0.58,0.45,0.88,2.60,1.77,-0.30,-0.35,-1.28,-1.20,-2.24,-2.06,-0.23,-2.35,-1.15,-2,-2.39,-0.61,-3.85,-6.09,-3.60,-4.10,-5.13,-4.55,-1.68,-4.11,-1.93,-0.96,-1.67,-2.41,3.51,0.47,-0.50,-0.14,-0.93,-2,-1.70,-2.34,-2.67,-1.04,1.36,-2.94,-5.17,-2.71,-2.30,-2.56,-3.31,-2.22,-1,-1.14,-1.25,-1.22,-2.54,1.66,2.20,-2.89,-2.80,-2.67,-1.90,-1.50,-4.90,-10.20,-1.30,-3.60,-4.60,-2.30,2.10,-4.60,1.10,-0.10,0,-1,-1,-0.90,-3.50,-3.40,-2.80,-2.40,-1.30,1,3,0.70,1,-2.20,-1.10,-1.80,-1.20,-2.20,-2.20,-1,4,1,-0.90,-2.60,-1.30,-1.20,-2.70,-0.90,1.40,1,-1,-4.90,-1.40,-2.20,-2.90,-2.10,-1.40,1.40,-1.50,2.50,-3.20,-2.80,1.50,-0.20,-4.60,-1.40
2008-12-24 22:10,-0.40,-0.43,-3.21,-1.39,-3.70,-1.19,-1.71,-1,-5.07,-1.29,-3.43,-3.02,-6.19,-3.59,-3.09,-3.87,-4.63,-5.87,-4.20,-5.48,-6.21,-6.65,-4.04,,-1.05,-0.87,-1.37,-3.06,-1.25,-2.60,-2.41,-1.27,-8.18,-3.08,-2.86,-3,-1.94,-2.66,-5.42,-3.44,-8.10,-9.42,-7.60,-2.54,-4.20,-2.82,-3.80,-4.10,-4.90,-5.50,-5.59,-3.80,-4.73,-4.77,-6.26,-5.19,-4.88,-6.90,-4.85,-6.09,-8.43,-8,-7.55,-9.23,-8.20,,3.36,1.14,0.10,-0.71,0.63,0.84,2.54,0.63,0.42,0.92,2.10,1.57,-0.33,-0.42,-1.24,-1.20,-2.37,-1.97,-0.22,-2.34,-1.25,-2.10,-2.47,-0.53,-3.98,-5.80,-3.15,-4,-5.12,-4.33,-1.79,-4.05,-1.97,-0.97,-1.78,-2.29,3.37,0.41,-0.69,-0.31,-1.02,-2,-1.57,-2.41,-2.70,-1.05,1.27,-2.60,-5.06,-2.78,-2.20,-2.49,-3.29,-2.22,-1,-1.19,-1.29,-1.21,-2.66,1.69,2.20,-3.07,-2.87,-2.88,-1.80,,-5,-10.20,-1.10,-3.60,-4.60,,,,,,,-0.90,-0.80,,-3.50,-3.40,-3.10,-3.06,,,,,,,,-1.90,-1.30,-2.40,-2.10,-1,,,,,-1.40,,-2.50,-0.90,1.40,1,-1,,,-2.20,,,-1.30,,,2.30,-3.10,-2.70,1.50,-0.30,-4.60,
2008-12-24 22:20,-0.40,-0.28,-3.13,-1.39,-3.70,-1.28,-1.70,-1.10,-5.04,-1.25,-3.46,-3.09,-6.30,-3.54,-3.14,-3.91,-4.60,-6.09,-4.20,-5.53,-6.32,-6.97,-3.98,,-1.15,-0.99,-1.39,-3.11,-1.50,-2.50,-2.38,-1.23,-8.13,-3.18,-2.81,-3.11,-1.96,-2.65,-5.39,-3.61,-8.20,-9.62,-7.68,-2.51,-4.20,-3.02,-4,-4.10,-4.63,-6.01,-5.57,-3.88,-4.68,-4.86,-6.11,-5.33,-4.83,-6.80,-4.76,-6.10,-8.33,-7.80,-7.45,-9.27,-8.11,,3.33,1.12,0.10,-0.73,0.50,0.99,2.15,0.69,0.40,0.68,1.60,0.47,-0.29,-0.51,-1.25,-1.20,-2.64,-1.94,-0.22,-2.35,-1.22,-2.40,-2.66,-0.57,-3.94,-5.49,-2.78,-4.10,-5.18,-3.95,-1.79,-3.77,-1.95,-0.98,-1.83,-2.19,3.23,0.31,-0.94,-0.31,-1.11,-2,-1.58,-2.57,-2.85,-1.08,1.20,-2.33,-5.12,-2.70,-2.20,-2.55,-3.26,-2.19,-0.90,-1.18,-1.24,-1.24,-2.74,1.44,2.20,-3.35,-2.86,-3.02,-1.90,,-5,-10.20,-1.10,-3.50,-4.50,,,,,,,-0.90,-0.80,,-3.90,-3.50,-3.10,-2.98,,,,,,,,-2.10,-1.40,-2.60,-2.10,-1,,,,,-1.40,,-2.30,-0.90,1.60,0.70,-1,,,-2.30,,,-1.30,,,2.20,-2.90,-2.70,1.70,-0.30,-4.50,
2008-12-24 22:30,-0.30,-0.30,-3.14,-1.34,-3.70,-1.39,-1.77,-1,-4.99,-1.18,-3.49,-3.01,-6.33,-3.60,-3.12,-3.95,-4.62,-6.33,-4.10,-5.55,-6.38,-7.12,-4.02,,-1.40,-1.01,-1.38,-3.07,-1.69,-2.50,-2.37,-1.20,-8.15,-3.16,-2.88,-3.07,-1.96,-2.69,-5.46,-3.66,-8.40,-9.88,-7.68,-2.18,-4.30,-3.21,-4,-4.02,-4.38,-5.93,-5.55,-3.81,-4.73,-4.95,-5.96,-5.08,-4.83,-6.70,-4.75,-5.93,-8.23,-7.60,-7.39,-9.31,-8.12,,3.17,1.14,0.10,-0.80,0.59,1.05,1.76,0.69,0.33,0.70,1.30,0.01,-0.39,-0.61,-1.27,-1.20,-2.93,-1.94,-0.19,-2.42,-1.44,-2.60,-2.82,-0.66,-3.82,-5.32,-2.81,-4.40,-4.93,-3.68,-1.75,-3.54,-1.99,-0.97,-1.75,-2.13,3.27,0.21,-1.12,-0.33,-1.13,-2.10,-1.62,-2.77,-2.77,-1.08,1.11,-2.23,-4.68,-2.69,-2.30,-2.69,-3.17,-2.14,-0.90,-1.10,-1.39,-1.33,-2.92,1.35,2.20,-3.49,-3.02,-2.99,-2,,-5.10,-10.20,-1.10,-3.50,-4.70,,,,,,,-0.90,-0.80,,-3.90,-3.20,-2.70,-2.84,,,,,,,,-2.20,-1.50,-2.60,-2,-1,,,,,-1.40,,-2.20,-0.80,1.70,0.60,-1.10,,,-2.30,,,-1.30,,,2.10,-2.80,-3,1.90,-0.60,-4.40,
2008-12-24 22:40,-0.40,-0.36,-3.15,-1.37,-3.70,-1.46,-1.79,-1,-5.04,-1.25,-3.45,-3.20,-6.38,-3.69,-3.17,-3.94,-4.62,-6.30,-4.10,-5.31,-6.44,-7.07,-4,,-1.60,-1.03,-1.35,-3.07,-1.97,-2.50,-2.38,-1.25,-8.18,-3.14,-2.86,-3.07,-2.06,-2.62,-5.36,-3.74,-8.50,-9.90,-7.85,-2.16,-4.30,-3.19,-4.10,-3.96,-4.28,-5.67,-5.59,-3.58,-4.65,-5,-5.76,-5.02,-4.96,-6.50,-4.91,-5.72,-8.04,-7.60,-7.41,-9.25,-8.24,,3.32,1.24,0.20,-0.77,0.74,1.06,1.32,0.68,0.44,0.69,1.10,-0.15,-0.31,-0.36,-1.27,-1.20,-3.08,-1.88,-0.13,-2.32,-1.65,-2.60,-2.85,-0.77,-3.68,-5.16,-2.73,-4.50,-4.85,-3.39,-1.84,-3.58,-1.96,-0.97,-1.78,-2.05,3.10,0.15,-1.22,-0.37,-1.18,-2.20,-1.60,-2.81,-2.64,-1.04,0.99,-2.14,-4.49,-2.71,-2.10,-2.73,-3.12,-2.17,-0.90,-1.04,-1.28,-1.39,-2.85,1.27,3.10,-3.42,-3.40,-3.40,-2.10,,-5.10,-10.20,-1,-3.30,-4.70,,,,,,,-0.90,-0.80,,-3.50,-3,-2.60,-2.83,,,,,,,,-2.20,-1.70,-2.40,-2,-1,,,,,-1.50,,-2.20,-0.70,1.70,0.60,-1.10,,,-2.30,,,-1.40,,,1.50,-2.60,-3,1.90,-0.80,-4.30,
2008-12-24 22:50,-0.40,-0.46,-3.14,-1.36,-3.70,-1.24,-1.77,-0.90,-4.97,,-3.39,-3.16,-6.37,-3.66,-3.04,-3.78,-4.68,-6.62,-4.10,-5.43,-6.40,-6.74,-4.05,,-1.65,-0.98,-1.37,-3.23,-1.97,-2.60,-2.39,-1.29,-8.23,-3.19,-2.90,-2.83,-2.07,-2.73,-5.46,-3.76,-8.50,-9.92,-7.96,-2.24,-4.40,-3.20,-4.40,-3.95,-4.25,-5.83,-5.47,-3.52,-4.63,-4.94,-5.74,-4.93,-5.03,-6.40,-4.67,-5.67,-7.96,-7.50,-7.39,-9.23,-8.33,,3.11,1.15,0.30,-0.76,0.79,0.99,1.05,0.67,0.41,0.70,1,-0.28,-0.42,-0.38,-1.25,-1.10,-3.06,-1.94,-0.27,-2.30,-1.94,-2.90,-2.90,-0.95,-3.78,-4.98,-2.52,-4.50,-4.64,-3.57,-1.69,-3.48,-1.97,-0.94,-1.76,-2.08,3.15,0.04,-1.22,-0.45,-1.36,-2.40,-1.62,-2.57,-2.49,-1.04,0.87,-2.04,-4.24,-2.77,-2.10,-2.83,-3.03,-2.02,-0.90,-1.09,-1.31,-1.55,-2.92,1.22,3.40,-3.47,-3.49,-3.56,-2.30,,-5.10,-10.30,-1,-3.20,-4.60,,,,,,,-0.90,-0.90,,-3.20,-2.90,-2.80,-2.72,,,,,,,,-2.20,-1.80,-2.20,-2,-1,,,,,-1.60,,-2.10,-0.70,1.90,0.60,-1,,,-2.30,,,-1.40,,,1.50,-2,-3.20,1.90,-0.90,-3.90,
2008-12-24 23:00,-0.50,-0.44,-3.13,-1.31,-3.70,-1.39,-1.76,-0.90,-5.08,-1.28,-3.34,-3.16,-6.29,-3.75,-3.12,-3.87,-4.75,-7.13,-4.10,-5.40,-6.52,-6.82,-3.98,,-1.95,-0.98,-1.36,-3.20,-1.97,-2.60,-2.52,-1.27,-8.38,-3.20,-2.96,-2.98,-2.02,-2.74,-5.53,-3.66,-8.60,-9.93,-8.05,-2.23,-4.40,-3.13,-4.60,-3.93,-4.03,-5.91,-5.37,-3.42,-4.48,-4.92,-5.77,-4.88,-4.88,-6.40,-4.70,-5.59,-7.80,-7.50,-7.42,-9.22,-8.33,,3.20,1.28,0.30,-0.70,0.69,0.80,0.94,0.67,0.39,0.63,0.80,-0.17,-0.52,-0.61,-1.30,-1.20,-3.10,-1.96,-0.32,-2.42,-2.02,-3.20,-2.82,-1.07,-3.77,-4.75,-2.38,-4.40,-4.56,-3.97,-1.81,-3.16,-2.03,-0.91,-1.70,-1.92,3.08,-0.11,-1.19,-0.41,-1.38,-2.60,-1.57,-2.44,-2.39,-1.11,0.83,-1.87,-4,-2.91,-2.10,-2.97,-2.88,-1.91,-0.90,-1.10,-1.29,-1.47,-2.94,1.15,3.40,-3.48,-3.61,-3.61,-2.30,-1.70,-5.10,-10.30,-1,-3.20,-4.50,-2.60,2.40,-4.70,1.10,-0.20,0,-0.90,-1,-1.20,-3.20,-3,-2.70,-2.50,-1.30,0.50,2.20,-0.30,0.90,-1.50,-1.20,-2.10,-2,-2.10,-2,-1,2.30,0.40,-0.50,-2.50,-1.80,-1.20,-2,-0.70,1.40,0.40,-1.20,,-1.90,-2.10,-2.60,-1.80,-1.40,1.70,-2.30,0.10,-1.40,-2.90,2,-1.30,-4,-1.50
2008-12-24 23:10,-0.50,-0.35,-3.12,-1.29,-3.53,-1.15,-1.78,-0.80,-5.03,-1.24,-3.38,-3.19,-6.36,-3.75,-3.18,-4,-4.73,-7.13,-4.10,-5.35,-6.57,-6.91,-3.99,,-2.15,-0.98,-1.43,-3.22,-1.90,-2.60,-2.52,-1.25,-8.35,-3.21,-2.99,-3.01,-2.04,-2.75,-5.54,-3.58,-8.80,-9.86,-8,-2.23,-4.40,-3.08,-4.60,-3.86,-3.91,-5.73,-5.15,-3.35,-4.38,-4.98,-5.65,-4.89,-4.77,-6.30,-4.74,-5.55,-7.74,-7.40,-7.47,-9.22,-8.11,,3.22,1.15,0.30,-0.75,0.66,1.03,0.85,0.68,0.35,0.64,0.60,-0.27,-0.50,-0.62,-1.16,-0.98,-3.36,-1.93,-0.29,-2.30,-1.96,-3.60,-2.83,-1.20,-3.65,-4.38,-2.34,-4.30,-4.50,-4.06,-1.78,-2.90,-2.02,-0.96,-1.61,-2,2.91,-0.30,-1.39,-0.38,-1.57,-2.70,-1.68,-2.25,-2.12,-1.12,0.77,-1.40,-3.95,-3.12,-2.10,-3.09,-2.87,-1.90,-0.90,-1.11,-1.28,-1.48,-2.80,1.10,3.30,-3.67,-3.72,-3.54,-2.30,,-5,-10.30,-1,-3.50,-4.40,,,,,,,-1,-0.70,,-3.10,-2.90,-2.60,-2.82,,,,,,,,-2.20,-2.10,-2.10,-2.10,-1,,,,,-1.90,,-1.90,-0.80,1.40,0.50,-1.20,,,-2.10,,,-1.40,,,0.20,-0.70,-2.60,2.10,-1.30,-3.80,
2008-12-24 23:20,-0.60,-0.34,-3.14,-1.29,-3.54,-1.40,-1.73,-0.80,-5.17,-1.36,-3.43,-3.16,-6.36,-3.74,-3.20,-3.83,-4.81,-7.23,-4.10,-5.29,-6.54,-6.92,-4.06,,-2.30,-0.94,-1.34,-3.37,-1.88,-2.50,-2.59,-1.21,-8.27,-3.27,-3.01,-3.10,-2.06,-2.82,-5.50,-3.53,-9.10,-10.06,-8.16,-2,-4.40,-3.22,-4.50,-3.76,-3.95,-5.66,-5.22,-3.15,-4.36,-4.94,-5.54,-4.79,-4.60,-6.20,-4.77,-5.52,-7.46,-7.30,-7.30,-9.33,-7.94,,3.17,1.18,0.30,-0.77,0.56,0.99,0.80,0.76,0.32,0.66,0.50,-0.40,-0.60,-0.58,-1.16,-1.05,-3.53,-2.05,-0.17,-2.32,-1.87,-3.50,-2.83,-1.35,-3.64,-4.20,-2.40,-4.30,-4.43,-4.22,-1.74,-2.80,-2,-0.97,-1.59,-1.89,2.54,-0.32,-1.35,-0.49,-1.67,-2.70,-1.76,-2.26,-2.07,-1.10,0.74,-1.10,-3.76,-3.22,-2.10,-3.18,-2.83,-2,-0.90,-1.30,-1.28,-1.60,-2.78,1.09,3.30,-3.93,-3.62,-3.46,-2.20,,-5,-10.30,-0.90,-3.70,-4.30,,,,,,,-1.20,-0.70,,-3.10,-3.30,-2.60,-2.63,,,,,,,,-2.20,-2.20,-2.20,-2.10,-1,,,,,-2,,-1.90,-0.80,1.10,0.40,-1.30,,,-2,,,-1.40,,,0,2.30,-2.70,2.10,-1.40,-3.50,
2008-12-24 23:30,-0.70,-0.36,-3.05,-1.35,-3.70,-1.40,-1.83,-0.90,-5.06,-1.29,-3.51,-3.20,-6.35,-3.75,-3.25,-3.79,-4.87,-7.23,-4.10,-5.22,-6.66,-6.76,-4.06,,-2.20,-0.94,-1.36,-3.46,-2.02,-2.50,-2.82,-1.34,-8.25,-3.35,-3.10,-3.11,-2.03,-2.87,-5.46,-3.44,-9,-10.24,-8.25,-1.67,-4.40,-3.36,-4.50,-3.75,-3.82,-5.43,-5.12,-3.04,-4.33,-4.85,-5.50,-4.71,-4.54,-6.20,-4.78,-5.45,-7.38,-7.20,-7.45,-9.41,-7.76,,3.14,1.15,0.30,-0.83,0.55,1.09,0.55,0.87,0.31,0.50,0.50,-0.44,-0.60,-0.42,-1.28,-1.09,-3.79,-2.18,-0.21,-2.41,-1.79,-3.20,-2.79,-1.59,-3.69,-3.83,-2.34,-4.30,-4.19,-4.29,-1.70,-2.62,-2.12,-0.91,-1.67,-1.84,2.23,-0.24,-1.48,-0.58,-1.95,-2.70,-1.69,-2.16,-2.08,-1.08,0.61,-1.07,-3.69,-3.19,-2.20,-3.32,-2.73,-1.88,-0.90,-1.39,-1.29,-1.62,-2.86,1.60,3.40,-4.07,-3.52,-3.48,-2.20,,-5.10,-10.50,-0.90,-3.50,-4.40,,,,,,,-1.50,-0.70,,-2.80,-3.40,-2.50,-2.54,,,,,,,,-2.10,-2.30,-2.20,-2.10,-1,,,,,-2.10,,-1.80,-0.80,1,0.40,-1.50,,,-2.10,,,-1.40,,,-0.50,2.50,-2.70,2.10,-1.50,-3.30,
2008-12-24 23:40,-0.70,-0.36,-3.06,-1.25,-3.80,-1.43,-1.76,-0.90,-4.99,-1.37,-3.44,-3.23,-6.33,-3.75,-3.19,-3.75,-4.87,-7.24,-4.10,-5.25,-6.65,-6.70,-4.04,,-2.20,-1.04,-1.37,-3.51,-2.19,-2.60,-2.95,-1.30,-8.34,-3.34,-3.17,-3.11,-1.95,-2.81,-5.52,-3.55,-9.10,-10.22,-8.25,-1.58,-4.40,-3.15,-4.30,-3.79,-3.98,-5.38,-4.82,-2.86,-4.35,-4.66,-5.30,-4.57,-4.63,-6.10,-4.85,-5.48,-7.35,-7.10,-7.34,-9.38,-7.41,,3.08,1.25,0.30,-0.77,0.62,1.13,0.47,0.73,0.28,0.59,0.30,-0.52,-0.70,-0.53,-1.26,-1.29,-3.99,-2.15,-0.22,-2.51,-1.85,-3.20,-2.84,-1.83,-3.80,-3.54,-2.56,-4.10,-3.90,-4.38,-1.70,-2.50,-2.09,-0.99,-1.64,-1.82,2.17,-0.43,-1.71,-0.63,-2.24,-2.70,-1.74,-2.14,-2,-1.06,0.56,-1.09,-3.82,-3.36,-2.40,-3.39,-2.83,-1.71,-0.90,-1.39,-1.31,-1.70,-3,1.61,3.30,-4.09,-3.53,-3.39,-2.20,,-5.10,-10.50,-0.80,-3.20,-4.40,,,,,,,-1.50,-0.70,,-2.40,-3.50,-2.50,-2.59,,,,,,,,-2.10,-2.20,-2.20,-2.10,-1,,,,,-2.20,,-1.80,-0.80,0.90,0.20,-1.70,,,-2.20,,,-1.40,,,-0.40,2.40,-2.80,1.90,-1.70,-3.30,
2008-12-24 23:50,-0.80,-0.44,-3.01,-1.25,-3.90,-1.42,-1.77,-0.90,-5.07,-1.34,-3.44,-3.12,-6.31,-3.75,-3.16,-3.89,-4.84,-7.20,-4.10,-5.31,-6.44,-6.94,-4.08,,-2.24,-1.12,-1.48,-3.67,-2.38,-2.70,-3,-1.28,-8.40,-3.25,-3.11,-3.17,-2.22,-2.79,-5.53,-3.61,-9.10,-10.25,-8.22,-1.54,-4.40,-2.90,-4.40,-3.68,-3.69,-5.21,-4.70,-2.80,-4.53,-4.42,-4.81,-4.50,-4.67,-6.10,-4.82,-5.46,-7.30,-6.90,-7.23,-9.36,-7.16,,3.04,1.23,0.30,-0.86,0.63,1.05,0.37,0.72,0.37,0.58,0.30,-0.72,-0.70,-0.75,-1.22,-1.60,-3.83,-2.23,-0.25,-2.42,-1.99,-3.40,-2.82,-1.76,-3.74,-2.44,-2.64,-4,-3.69,-4.28,-1.78,-2.46,-2.05,-1.02,-1.58,-1.86,1.98,-0.51,-1.82,-0.68,-2.13,-2.60,-1.81,-2.08,-1.98,-1.05,0.36,-0.98,-3.81,-3.55,-2.60,-3.60,-2.80,-1.65,-0.90,-1.58,-1.33,-1.29,-3.03,1.60,3.30,-4.09,-3.75,-3.54,-2.20,,-5.10,-10.60,-0.90,-3.30,-4.30,,,,,,,-1.60,-0.80,,-2.30,-3.60,-2.40,-2.61,,,,,,,,-2.10,-2.20,-2.30,-2.10,-1,,,,,-2.20,,-1.70,-0.90,0.70,0.20,-1.70,,,-2.20,,,-1.30,,,-0.70,1.70,-2.70,1.60,-1.80,-3.20,
2008-12-25 00:00,-0.80,-0.44,-2.97,-1.28,-3.90,-1.38,-1.77,-0.90,-5.12,-1.36,-3.48,-3.04,-6.23,-3.75,-3.23,-3.95,-5.02,-7.26,,-5.29,-6.43,-7.15,-4.13,,-2.15,-1.17,-1.53,-3.82,-2.51,-2.90,-3.06,-1.28,-8.39,-3.31,-3.06,-3.02,-2.29,-2.87,-5.61,-3.68,-9,-10.22,-8.22,-1.57,-4.40,-2.87,-4.50,-3.66,-3.12,-5.04,-4.33,-2.88,-4.54,-4.38,-4.55,-4.59,-4.63,-6,-4.80,-5.42,-7.15,-6.90,-7.02,-9.32,-7.33,,3.02,1.23,0.20,-0.92,0.55,1.03,0.30,0.64,0.26,0.54,0.30,-0.77,-0.70,-0.78,-1.22,-1.90,-3.49,-2.35,-0.43,-2.34,-2.04,-3.40,-2.74,-1.49,-3.77,-2,-2.45,-3.70,-3.44,-4.06,-1.83,-2.35,-1.99,-1.09,-1.65,-1.86,1.74,-0.63,-1.93,-0.79,-1.99,-2.50,-1.91,-2.03,-1.98,-0.98,0.30,-1,-3.70,-3.91,-2.70,-3.71,-2.71,-1.64,-0.90,-1.38,-1.30,-1.21,-3.01,1.47,3.20,-3.94,-3.74,-3.66,-2.20,-1.60,-5,-10.60,-1,-3.40,-4.10,,2.30,-4.80,0.70,-0.20,-0.10,-1.70,-0.70,-0.90,-2.60,-3.70,-2.40,-2.30,-1.30,0,1.40,-0.40,0.60,-1.90,-2,-2.10,-2.20,-2.20,-2.10,-1,1.90,-0.10,-1.20,-2.70,-2.30,-1.40,-1.70,-0.90,0.10,0,-1.90,-4.90,-2.30,-1.90,-2.40,-1.60,-1.30,1.30,-2.60,-0.80,1.50,-2.60,1.20,-2.50,-3.10,-1.60
2008-12-25 00:10,-0.80,-0.47,-2.83,-1.32,-3.93,-1.54,-1.73,-0.90,-5.06,-1.43,-3.51,-3.11,-6.16,-3.76,-3.14,-4.09,-5.01,-7.21,-4.10,-5.21,-6.44,-7.19,-4.17,,-2.23,-1.23,-1.59,-3.96,-2.47,-2.90,-3.07,-1.33,-8.29,-3.41,-3.12,-3.02,-2.20,-2.85,-5.66,-3.59,-9.20,-10.30,-8.31,-1.61,-4.40,-2.99,-4.40,-3.54,-2.98,-4.76,-3.92,-2.86,-4.58,-4.24,-4.50,-4.56,-4.61,-5.80,-4.87,-5.47,-6.96,-6.80,-6.62,-9.34,-7.38,,2.96,1.21,0.20,-0.94,0.74,0.81,0.27,0.66,-0.01,0.58,0.30,-0.85,-0.70,-0.93,-1.45,-1.79,-3.06,-2.47,-0.50,-2.47,-2.01,-3.40,-2.69,-1.38,-3.97,-2.13,-2.53,-3.50,-3.03,-3.97,-1.75,-2.33,-2.09,-1.10,-1.64,-1.89,1.60,-0.71,-1.90,-0.82,-1.99,-2.30,-1.94,-1.94,-1.84,-1.06,0.11,-0.84,-3.60,-4.08,-3,-3.68,-2.77,-1.77,-0.90,-1.30,-1.26,-1.59,-3.21,1.35,2.90,-4.03,-3.98,-3.47,-2.20,,-5.10,-10.70,-1,-3.20,-4.10,,,,,,,-2.10,-0.80,,-2.60,-3.10,-2.30,-2.70,,,,,,,,-2,-2.10,-2.10,-2.10,-1,,,,,-2.30,,-1.70,-0.90,0.10,0,-1.90,,,-1.90,,,-1.30,,,-0.90,1.40,-2.60,1.20,-2.60,-3.10,
2008-12-25 00:20,-0.80,-0.57,-2.85,-1.28,-3.92,-1.67,-1.73,-0.90,-5.01,-1.46,-3.51,-3,-6.14,-3.78,-3.12,-4.06,-5.10,-7.18,-4.10,-5.30,-6.53,-7.21,-4.13,,-2.30,-1.35,-1.65,-4.07,-2.32,-2.90,-3.13,-1.37,-8.25,-3.70,-3.19,-2.75,-2.12,-2.89,-5.60,-3.45,-9.40,-10.40,-8.36,-1.57,-4.50,-3.09,-4.20,-3.63,-3.10,-4.30,-3.69,-2.99,-4.72,-4.23,-4.48,-4.66,-4.61,-5.70,-4.93,-5.50,-6.92,-6.90,-6.45,-9.35,-7.19,,2.91,1.25,0.30,-1.03,0.72,0.59,0.24,0.67,-0.40,0.63,0.20,-0.94,-0.70,-1.02,-1.84,-1.67,-2.86,-2.52,-0.54,-2.57,-2.12,-3.60,-2.53,-1.42,-3.89,-2.29,-2.56,-3.20,-2.93,-3.77,-1.90,-2.23,-2.11,-1.16,-1.66,-1.83,1.48,-0.89,-2.02,-0.94,-1.97,-2.10,-2.02,-1.95,-1.71,-1.16,-0.18,-0.86,-3.46,-4.35,-3.10,-3.69,-2.75,-1.61,-0.90,-1.14,-1.31,-1.47,-3.28,1.31,2.80,-4.04,-4.06,-3.64,-2.20,,-5.10,-10.80,-1.10,-3.20,-4.10,,,,,,,-2.20,-1,,-2.50,-2.70,-2.30,-2.62,,,,,,,,-1.80,-2.10,-2.10,-2.10,-1,,,,,-2.40,,-1.70,-0.90,-0.20,-0.10,-1.90,,,-1.80,,,-1.30,,,-1,1.50,-2.50,1.20,-2.90,-3.10,
2008-12-25 00:30,-0.70,-0.53,-2.97,-1.21,-3.92,-1.62,-1.65,-1,-5.04,-1.43,-3.47,-3.02,-6.28,-3.81,-3.19,-4.03,-5.03,-7.31,-4,-5.26,-6.54,-7.18,-4.12,,-2.39,-1.42,-1.66,-4.23,-2.32,-3.10,-3.15,-1.28,-8.31,-3.89,-3.27,-2.65,-2.14,-2.84,-5.71,-3.32,-9.50,-10.46,-8.58,-1.47,-4.50,-3.19,-4,-3.50,-2.98,-4.30,-3.55,-2.98,-4.55,-4.30,-4.49,-4.83,-4.71,-5.60,-4.82,-5.50,-6.94,-7,-6.47,-9.33,-7.07,,2.91,1.31,0.30,-0.96,0.75,0.38,0.28,0.62,-0.37,0.61,0.10,-0.94,-0.70,-1.05,-2.15,-1.56,-2.68,-2.55,-0.49,-2.37,-2.40,-3.70,-2.45,-1.58,-4,-2.35,-2.55,-3,-2.87,-3.53,-1.77,-2.20,-1.97,-1.14,-1.62,-1.82,1.49,-1.07,-2.14,-0.72,-1.96,-2,-2.13,-1.92,-1.70,-1.06,-0.63,-0.97,-3.46,-5.09,-3.20,-3.86,-2.75,-1.68,-0.90,-1.19,-1.26,-1.39,-3.37,1.29,2.80,-4.10,-3.62,-3.62,-2.20,,-5.10,-10.90,-1.40,-3.50,-4.20,,,,,,,-2.30,-1.40,,-2.30,-2.70,-2.20,-2.62,,,,,,,,-1.70,-2,-2.10,-2.10,-1,,,,,-2.60,,-1.60,-0.90,-0.50,-0.30,-2,,,-1.70,,,-1.30,,,-0.80,1.40,-2.50,1.40,-3.20,-3,
2008-12-25 00:40,-0.80,-0.59,-3.04,-1.24,-3.98,-1.56,-1.71,-1,-5,-1.27,-3.53,-2.91,-6.43,-3.82,-3.11,-4.07,-4.95,-7.28,-4.10,-5.19,-6.58,-7.28,-4,,-2.52,-1.47,-1.78,-4.11,-2.30,-3.20,-3.23,-1.14,-8.26,-3.95,-3.31,-2.80,-1.90,-2.96,-5.80,-3.13,-9.50,-10.63,-8.66,-1.50,-4.60,-3.24,-3.80,-3.46,-3.02,-4.39,-3.72,-2.98,-4.43,-4.28,-4.55,-4.83,-4.68,-5.50,-5.17,-5.47,-6.87,-6.90,-6.46,-9.32,-7.15,,2.94,1.35,0.30,-0.86,0.52,0.14,0.24,0.51,-0.48,0.60,0.10,-1.01,-0.70,-1.20,-2.36,-1.64,-2.67,-2.69,-0.49,-2.31,-2.37,-3.60,-2.34,-1.81,-3.87,-2.41,-2.74,-3,-3.02,-3.55,-1.98,-2.17,-2,-1.18,-1.63,-1.75,1.38,-1.16,-2.12,-0.81,-2,-2,-2.29,-1.85,-1.69,-1.07,-0.69,-0.99,-3.41,-5.55,-3.30,-3.84,-2.80,-1.61,-0.90,-1.23,-1.31,-1.33,-3.44,1.36,2.70,-4.10,-3.67,-3.62,-2.10,,-5.10,-11,-1.40,-3.80,-4.20,,,,,,,-2.20,-1.50,,-2.60,-2.60,-2.10,-2.59,,,,,,,,-1.80,-2,-2.20,-2.20,-1.10,,,,,-2.60,,-1.60,-0.80,-0.80,-0.70,-2.10,,,-1.60,,,-1.30,,,-0.60,1.40,-2.50,1.50,-3.50,-2.90,
2008-12-25 00:50,-0.80,-0.54,-3.05,-1.28,-4.08,-1.78,-1.74,-1,-5,-1.21,-3.49,-3.13,-6.38,-3.90,-3.11,-4.11,-5,-7.37,-4.20,-5.37,-6.65,-7.48,-4.12,,-2.44,-1.60,-1.87,-4.21,-2.31,-3.30,-3.33,-1.18,-8.29,-3.85,-3.16,-2.79,-1.80,-2.90,-5.96,-3,-9.50,-10.63,-8.60,-1.26,-4.90,-3.12,-3.80,-3.47,-3.11,-4.32,-3.72,-2.87,-4.51,-4.22,-4.66,-4.80,-4.61,-5.50,-5.08,-5.48,-6.91,-7,-6.41,-9.45,-7.28,,2.83,1.33,0.20,-0.85,0.26,-0.21,0.19,0.19,-0.61,0.62,0.10,-1.01,-0.80,-1.59,-2.45,-1.65,-2.64,-2.81,-0.67,-2.26,-2.34,-3.50,-2.18,-2.06,-3.81,-2.41,-2.96,-3.40,-2.57,-3.40,-1.85,-2.11,-1.96,-1.23,-1.65,-1.79,1.14,-1.18,-2.01,-0.67,-2,-1.80,-2.34,-1.82,-1.65,-1.15,-0.67,-0.91,-3.42,-5.85,-3.40,-3.87,-2.78,-1.52,-1,-1.15,-1.31,-1.17,-3.46,1.48,2.70,-4.05,-3.77,-3.39,-2.20,,-5.20,-11,-1.40,-3.90,-4.20,,,,,,,-2.50,-1.70,,-2.60,-2.40,-2.10,-2.57,,,,,,,,-1.80,-1.90,-2.20,-2.20,-1.10,,,,,-2.60,,-1.70,-0.80,-1,-1.20,-2.30,,,-1.60,,,-1.30,,,1.50,1.40,-2.50,1.60,-3.80,-2.70,
2008-12-25 01:00,-0.80,-0.62,-3.09,-1.33,-4.12,-1.56,-1.71,-1,-5.14,-1.27,-3.49,-3.10,-6.38,-3.94,-3.25,-4.16,-4.99,-7.47,-4.50,-5.65,-6.61,-7.32,-4.46,,-2.41,-1.62,-2.13,-4.24,-2.36,-3.70,-3.43,-1.18,-8.35,-3.73,-3.17,-2.54,-1.85,-2.62,-6.09,-2.71,-9.70,-10.80,-8.61,-1.56,-6.20,-3.11,-3.70,-3.52,-3.30,-4.10,-3.99,-2.66,-4.53,-4.24,-4.82,-4.63,-4.51,-5.50,-5.27,-5.58,-7.03,-6.90,-6.51,-9.47,-6.91,,2.74,1.27,0,-0.88,0.06,-0.44,0.14,-0.23,-0.79,0.62,0.10,-0.96,-0.80,-1.75,-2.60,-1.66,-2.48,-2.80,-0.67,-2.17,-2.42,-3.20,-2.11,-2.22,-3.78,-2.30,-3.04,-3.70,-2.64,-3.24,-1.78,-2.05,-1.88,-1.24,-1.65,-1.77,0.95,-1.10,-2.03,-0.70,-1.91,-1.80,-2.29,-1.93,-1.60,-1.07,-0.92,-0.99,-3.49,-5.99,-3.50,-3.96,-2.86,-1.57,-1,-1.14,-1.32,-1.02,-3.80,1.70,2.80,-3.81,-3.70,-3.22,-2.20,-1.80,-5.40,-11.10,-1.40,-3.80,-4.20,-2.30,0.60,-5.20,-0.80,-1.50,-0.30,-2.50,-2,-1.20,-2.80,-2.40,-2.30,-2.10,-1.50,-0.60,1,-0.40,0,-2.40,-2.70,-1.80,-1.80,-2.30,-2.20,-1.10,1,-0.20,-1.90,-2.70,-2.80,-1.30,-1.80,-0.90,-1,-1.10,-2.60,,-2.90,-1.60,-2.70,,-1.30,1.30,-2.40,1.70,1.20,-2.40,1.80,-4.40,-2.70,-1.60
2008-12-25 01:10,-0.80,-0.66,-3.15,-1.19,-4.22,-2.02,-1.80,-1,-5.24,-1.31,-3.49,-3.14,-6.43,-3.91,-3.28,-4.25,-4.98,-7.55,-4.60,-6.18,-6.76,-7.69,-4.99,,-2.46,-1.75,-2.43,-4.27,-2.29,-3.90,-3.55,-1.35,-8.34,-3.59,-3.11,-2.45,-1.91,-2.49,-6.12,-2.74,-9.80,-10.86,-8.81,-1.65,-6.30,-3.26,-3.60,-3.50,-3.25,-3.72,-4.01,-2.64,-4.46,-4.23,-4.93,-4.59,-4.53,-5.50,-5.22,-5.63,-7.18,-7,-6.51,-9.45,-6.50,,2.67,1.15,-0.10,-0.94,-0.03,-0.56,0.05,-0.40,-0.88,0.67,0.10,-0.99,-0.78,-1.66,-2.32,-2.10,-2.34,-2.71,-0.70,-2.26,-2.56,-2.90,-2.06,-2.27,-3.78,-2.25,-2.79,-3.80,-2.62,-3.04,-1.88,-1.91,-1.91,-1.20,-1.56,-1.77,0.84,-0.99,-2.20,-0.91,-1.98,-1.80,-2.07,-2.03,-1.60,-1.09,-1.05,-1.14,-3.39,-6.07,-3.60,-4.04,-2.85,-1.57,-1,-1.22,-1.21,-1.12,-4.09,1.98,2.90,-3.75,-3.36,-3.15,-2.20,,-5.60,-11.20,-1.60,-3.70,-4.30,,,,,,,-2.40,-2.20,,-2.80,-2.40,-2.40,-2.39,,,,,,,,-1.70,-1.80,-2.30,-2.20,-1.10,,,,,-2.70,,-1.90,-0.80,-1,-1,,,,-1.60,,,-1.30,,,1.80,1.10,-2.40,1.80,-4.40,-2.70,
2008-12-25 01:20,-0.90,-0.72,-3.34,-1.24,-4.23,-1.98,-1.80,-1.10,-5.32,-1.36,-3.50,-3.26,-6.62,-3.88,-3.15,-4.17,-5.11,-7.61,-4.60,-6.59,-6.80,-7.51,-5.73,,-2.37,-1.85,-2.53,-4.38,-2.19,-3.90,-3.63,-1.72,-8.51,-3.60,-3.05,-2.72,-2.07,-2.55,-6.19,-2.89,-10,-11.05,-9,-1.83,-6.20,-3.31,-3.60,-3.45,-3.29,-3.63,-4,-2.46,-4.34,-4.15,-4.78,-4.55,-4.42,-5.50,-5.15,-5.64,-7.23,-7,-6.58,-9.41,-6.22,,2.82,0.94,-0.30,-1.01,-0.20,-0.87,-0.02,-0.71,-0.93,0.57,0.10,-1.06,-0.81,-1.54,-2.10,-2.20,-2.33,-2.72,-0.98,-2.15,-2.60,-2.80,-2.12,-2.13,-3.73,-2.26,-2.77,-3.70,-2.60,-2.98,-1.94,-1.82,-1.94,-1.17,-1.53,-1.74,0.89,-1.25,-2.31,-1.17,-1.92,-1.80,-2.10,-1.93,-1.64,-1.13,-0.30,-1.24,-3.42,-6.12,-3.70,-4.17,-2.82,-1.46,-0.90,-1.17,-1.19,-1.30,-4.27,2.09,2.90,-3.53,-3.06,-3.16,-2.20,,-5.70,-11.30,-1.70,-3.70,-4.40,,,,,,,-2.50,-2.40,,-2.60,-2.50,-2.40,-2.35,,,,,,,,-1.60,-1.70,-2.20,-2.20,-1,,,,,-2.60,,-2,-0.80,-1,-1.40,-2.50,,,-1.60,,,-1.20,,,1.70,0.70,-2.40,1.80,-4.70,-2.60,
2008-12-25 01:30,-0.90,-0.70,-3.31,-1.33,-4.11,-2.08,-1.87,-1,-5.36,-1.54,-3.55,-3.27,-6.71,-3.95,-3.11,-4.17,-5.28,-7.79,-4.20,-6.77,-7.09,-7.77,-6.27,,-2.54,-1.96,-2.51,-4.43,-2.09,-3.90,-3.66,-1.81,-8.72,-3.62,-3.10,-2.74,-2.25,-2.65,-6.14,-3.26,-10.10,-11.07,-9.12,-2.06,-6.10,-3.33,-3.60,-3.49,-3.53,-3.77,-4.20,-2.44,-4.33,-4.15,-4.66,-4.66,-4.33,-5.50,-5.07,-5.54,-7.29,-7,-6.67,-9.42,-5.91,,2.88,0.70,-0.50,-1.39,-0.37,-0.88,-0.04,-1.19,-0.95,0.41,0,-1.07,-0.82,-1.46,-2.08,-2.30,-2.26,-2.73,-1.24,-2.38,-2.62,-2.60,-2.22,-2.06,-3.68,-2.05,-2.63,-3.50,-2.63,-2.94,-1.92,-1.81,-1.87,-1.16,-1.64,-1.70,0.74,-1.20,-2.38,-1.31,-1.95,-1.90,-2.28,-1.99,-1.54,-1.12,0.40,-1.22,-3.45,-6.41,-3.80,-4.33,-2.83,-1.31,-0.90,-1.03,-1.26,-1.29,-4.36,1.96,2.80,-3.35,-2.90,-3.08,-2.20,,-5.70,-11.30,-1.70,-3.50,-4.50,,,,,,,-2.60,-2.60,,-2.20,-2.60,-2.30,-2.29,,,,,,,,-1.60,-1.70,-2.10,-2.20,-1,,,,,-2.50,,-2.10,-0.80,-1,-1.40,-2.40,,,-1.60,,,-1.20,,,1.40,0.50,-2.50,1.80,-4.20,-2.60,
2008-12-25 01:40,-1,-0.79,-3.34,-1.34,-4.03,-2.23,-1.92,-1.10,-5.46,-1.61,-3.62,-3.40,-6.84,-3.95,-3.31,-4.22,-5.24,-8,-4,-6.66,-7.19,-7.57,-6.73,,-2.56,-2.06,-2.58,-4.46,-2.02,-3.90,-3.66,-2.11,-8.68,-3.61,-3.15,-2.69,-2.54,-2.66,-6.11,-3.22,-10.20,-11.29,-9.25,-2.22,-6.10,-3.25,-3.60,-3.49,-3.62,-3.75,-4.33,-2.28,-4.21,-4.17,-4.51,-4.94,-4.50,-5.50,-4.99,-5.62,-7.20,-6.90,-6.81,-9.45,-5.79,,2.78,0.50,-0.70,-1.55,-0.40,-0.96,-0.08,-1.41,-0.93,0.31,0,-1.08,-0.83,-1.55,-2.12,-2.30,-2.27,-2.77,-1.26,-2.52,-2.58,-2.60,-2.39,-1.87,-3.67,-2.25,-2.73,-3.50,-2.70,-2.86,-1.96,-1.76,-1.85,-1.23,-1.70,-1.72,0.76,-1.21,-2.33,-1.47,-1.76,-2,-2.66,-2.02,-1.59,-1.11,0.52,-1.36,-3.33,-6.42,-3.90,-4.19,-2.91,-1.37,-1,-1.27,-1.16,-1.13,-4.37,2.11,2.70,-3.22,-2.77,-2.89,-2.20,,-5.40,-11.40,-1.70,-3.50,-4.50,,,,,,,-2.70,-2.70,,-2.30,-2.80,-2.30,-2.32,,,,,,,,-1.60,-1.60,-2,-2.10,-1,,,,,-2.30,,-2.20,-0.80,-1,-1.60,-2.50,,,-1.60,,,-1.10,,,1.20,0.40,-2.50,1.80,-3.20,-2.60,
2008-12-25 01:50,-1,-0.80,-3.38,-1.35,-4.12,-2.33,-1.90,-1.10,-5.58,-1.65,-3.71,-3.66,-6.93,-3.90,-3.39,-4.21,-5.17,-8,-3.60,-6.81,-7.28,-7.12,-6.62,,-2.47,-2.02,-2.58,-4.47,-2.13,-3.90,-3.56,-2.12,-8.62,-3.52,-2.97,-2.84,-2.73,-2.82,-5.97,-3.32,-10.40,-11.32,-9.21,-2.30,-6,-3.23,-3.50,-3.44,-3.59,-3.69,-4.32,-2.38,-3.92,-3.99,-4.41,-4.92,-4.48,-5.40,-4.95,-5.67,-7.03,-6.70,-6.70,-9.42,-5.73,,2.57,0.31,-0.90,-1.69,-0.51,-1.07,-0.10,-1.36,-1.05,-0.01,0,-1.14,-0.72,-1.60,-2.11,-2.40,-2.22,-2.83,-1.21,-2.71,-2.57,-2.50,-2.40,-1.74,-3.79,-2.29,-2.97,-3.30,-2.79,-2.87,-1.97,-1.71,-1.95,-1.27,-1.53,-1.72,0.51,-1.24,-2.32,-1.72,-1.64,-2.10,-2.66,-2.14,-1.56,-1.05,0.61,-1.50,-3.37,-6.11,-3.80,-4.37,-2.91,-1.53,-1,-1.12,-1.27,-1.16,-4.14,1.98,2.60,-3.13,-3,-2.79,-2.20,,-5.40,-11.60,-1.70,-3.60,-4.50,,,,,,,-2.80,-2.70,,-2.20,-3,-2.30,-2.33,,,,,,,,-1.60,-1.50,-1.90,-2.10,-1,,,,,-2.10,,-2,-0.80,-1,-1.60,-2.40,,,-1.70,,,-1.10,,,1.10,0.20,-2.40,1.70,-3,-2.50,
2008-12-25 02:00,-1,-0.95,-3.27,-1.34,-4.22,-2.26,-2.05,-1.20,-5.63,-1.73,-3.82,-3.76,-7.01,-3.93,-3.57,-4.20,-5.37,-8.22,-3.80,-6.82,-7.34,-7.14,-6.49,,-2.42,-1.92,-2.43,-4.47,-2.12,-3.70,-3.64,-2.36,-8.72,-3.63,-2.82,-3.13,-2.88,-3,-6.01,-3.50,-10.40,-11.42,-9.32,-2.34,-6.10,-3.17,-3.60,-3.52,-3.69,-3.66,-4.34,-2.25,-3.89,-3.82,-4.28,-4.96,-4.48,-5.40,-4.93,-5.78,-6.87,-6.70,-6.58,-9.37,-5.70,,2.28,0.13,-1.10,-1.97,-0.61,-1.06,-0.24,-1.48,-1.17,0.12,-0.10,-1.11,-0.80,-1.56,-2.12,-2.40,-2.18,-2.94,-1.24,-2.66,-2.64,-2.40,-2.58,-1.76,-3.87,-2.06,-3,-3,-2.83,-2.82,-2,-1.68,-1.81,-1.28,-1.52,-1.70,0.45,-1.34,-2.47,-1.82,-1.66,-2.20,-2.85,-2.20,-1.65,-1.03,0.70,-1.55,-3.65,-5.75,-4.10,-4.10,-2.88,-1.42,-1,-1.11,-1.19,-1.15,-3.93,1.99,2.60,-3.04,-2.84,-2.71,-2.30,-2,-5.60,-11.60,-1.70,-3.60,-4.50,,0,-6,-0.60,-2.80,-0.60,-2.90,-2.50,-1.90,-2.10,-3.10,-2.20,-2.10,-1.50,-1.30,0.20,-1,-0.40,-2.60,-2.80,-1.60,-1.40,-1.80,-2,-1,0.20,-0.50,-3.80,-2.50,-1.70,-1.40,-2,-0.90,-0.60,-1.60,-2.40,-5,-3,-1.90,-2.80,-1.10,-1.10,,-2.90,1,0,-2.40,1.40,-3.10,-2.60,-1.80
2008-12-25 02:10,-1.10,-1.02,-3.33,-1.26,-4.20,-2.16,-2.22,-1.20,-5.71,-1.84,-3.94,-4.17,-7.19,-4.05,-3.54,-4.28,-5.76,-8.24,-3.90,-6.33,-7.32,-7.50,-6.16,,-2.47,-2.03,-2.36,-4.55,-2.19,-3.70,-3.55,-2.44,-8.93,-3.74,-2.96,-3.33,-3,-3.23,-5.82,-3.35,-10.40,-11.49,-9.39,-2.36,-5.90,-3.08,-3.60,-3.62,-3.78,-3.60,-4.45,-2.35,-3.81,-3.68,-4.27,-4.88,-4.24,-5.10,-4.93,-5.72,-6.70,-6.80,-6.37,-9.39,-5.59,,1.77,-0.01,-1.40,-2.21,-0.93,-1.14,-0.42,-1.70,-1.23,-0.09,-0.10,-1.15,-0.84,-1.59,-2.15,-2.50,-2.20,-2.99,-1.36,-2.64,-2.64,-2.60,-2.72,-1.60,-3.95,-2.12,-3.07,-2.90,-2.74,-2.75,-1.97,-1.76,-1.68,-1.27,-1.53,-1.72,0.26,-1.45,-2.62,-1.81,-1.86,-2.20,-3.06,-2.21,-1.52,-0.96,1.01,-1.41,-3.69,-5.55,-3.80,-4.17,-2.89,-1.41,-1,-1.07,-1.23,-1.25,-3.72,1.86,2.60,-2.89,-2.53,-2.66,-2.30,,-5.60,-11.70,-1.80,-3.50,-4.40,,,,,,,-2.80,-2.10,,-2.10,-3.10,-2.20,-2.27,,,,,,,,-1.60,-1.30,-1.80,-2,-1,,,,,-1.70,,-2,-0.90,-0.60,-1.60,-2.50,,,-1.90,,,-1,,,0.90,0.10,-2.30,1.40,-3,-2.60,
2008-12-25 02:20,-1.20,-1.16,-3.42,-1.24,-4.20,-2.21,-2.39,-1.30,-5.84,-2.07,-4.07,-4.64,-7.43,-4.23,-3.51,-4.25,-6,-8.29,-3.90,-6.28,-7.36,-7.36,-5.97,,-2.42,-1.95,-2.36,-4.38,-2.13,-3.80,-3.61,-2.46,-9.13,-3.75,-3.11,-3.45,-3.14,-3.47,-5.81,-3.51,-10.60,-11.64,-9.50,-2.37,-5.60,-3.07,-3.60,-3.62,-3.64,-3.50,-4.60,-2.23,-3.77,-3.58,-4.26,-4.97,-4.03,-4.20,-4.82,-5.67,-6.16,-6.80,-6.26,-9.45,-5.60,,1.59,-0.06,-1.50,-2.32,-1.10,-1.46,-0.40,-1.82,-1.26,-0.03,-0.20,-1.30,-1.10,-1.80,-2.10,-2.50,-2.16,-2.93,-1.38,-2.51,-2.64,-2.60,-2.83,-1.70,-3.88,-2.38,-3.03,-2.90,-2.68,-2.76,-1.90,-1.64,-1.74,-1.29,-1.52,-1.71,0.18,-1.54,-2.48,-1.97,-2.06,-2.30,-2.98,-2.20,-1.54,-1.01,1.09,-1.37,-3.75,-5.52,-3.70,-3.94,-2.82,-1.45,-1,-1.09,-1.31,-1.22,-3.85,1.99,2.60,-2.79,-2.30,-2.51,-2.30,,-5.60,-11.80,-1.80,-3.50,-4.30,,,,,,,-2.80,-2.10,,-2.20,-3,-2.20,-2.32,,,,,,,,-1.60,-1.30,-1.70,-2,-1,,,,,-1.70,,-2,-1,-0.50,-1.60,-2.80,,,-1.90,,,-1,,,1,-0.10,-2.30,1.40,-3.10,-2.50,
2008-12-25 02:30,-1.20,-1.23,-3.44,-1.43,-4.20,-2.41,-2.78,-1.40,-5.90,-2.37,-4.15,-4.70,-7.58,-4.35,-3.58,-4.28,-6.04,-8.38,-3.80,-5.97,-7.48,-7.12,-5.91,,-2.37,-2.08,-2.34,-4.43,-2.15,-3.90,-3.64,-2.49,-9.28,-3.66,-3.36,-3.68,-3.10,-3.82,-5.93,-3.48,-10.60,-11.98,-9.54,-2.38,-5.40,-3.01,-3.70,-3.67,-3.41,-3.46,-4.61,-2.31,-3.82,-3.45,-4.17,-4.89,-3.86,-4.20,-4.76,-5.65,-6.10,-6.70,-6.24,-9.48,-5.59,,1.12,-0.26,-1.60,-2.43,-1.11,-1.66,-0.44,-1.89,-1.27,-0.09,-0.30,-1.29,-1.10,-1.73,-2.05,-2.50,-1.90,-3,-1.42,-2.51,-2.62,-2.50,-2.87,-1.75,-3.93,-2.12,-3.09,-3,-2.70,-2.77,-1.88,-1.60,-1.81,-1.27,-1.55,-1.72,-0.08,-1.65,-2.42,-1.90,-2.05,-2.30,-2.94,-2.23,-1.55,-1.04,1.22,-1.42,-3.72,-5.40,-3.50,-3.66,-2.77,-1.66,-1.10,-1.20,-1.30,-1.22,-3.73,2.12,2.60,-2.72,-2.33,-2.46,-2.30,,-5.60,-11.90,-1.80,-3.40,-4.30,,,,,,,-2.70,-1.70,,-2.10,-2.90,-2.30,-2.28,,,,,,,,-1.70,-1.30,-1.60,-2,-1.10,,,,,-1.70,,-1.90,-1.10,-0.40,-1.60,,,,-1.90,,,-1,,,1.70,-0.10,-2.20,1.30,-3.20,-2.40,
2008-12-25 02:40,-1.30,-1.31,-3.43,-1.57,-4.30,-2.47,-3.03,-1.50,-5.96,-2.56,-4.21,-4.55,-7.65,-4.47,-3.71,-4.29,-6.31,-8.27,-3.80,-5.70,-7.44,-7.39,-5.99,,-2.42,-2.11,-2.30,-4.37,-2.08,-4,-3.56,-2.35,-9.66,-3.88,-3.38,-4.19,-3.20,-4.03,-5.95,-3.60,-10.60,-11.88,-9.57,-2.33,-5.30,-2.97,-3.70,-3.66,-3.46,-3.53,-4.60,-2.32,-3.74,-3.30,-4.19,-4.82,-3.76,-4,-4.35,-5.64,-6.08,-6.70,-6.16,-9.42,-5.54,,0.93,-0.48,-1.70,-2.66,-1.22,-1.69,-0.50,-1.88,-1.38,-0.19,-0.30,-1.54,-1.30,-1.85,-2.09,-2.50,-2.06,-3.04,-1.44,-2.69,-2.75,-2.50,-2.90,-1.80,-4.10,-2.15,-3.04,-3,-2.50,-2.77,-1.86,-1.50,-1.74,-1.27,-1.56,-1.76,-0.24,-1.79,-2.40,-2.11,-1.92,-2.30,-2.86,-2.19,-1.47,-1.01,1.38,-1.33,-4.02,-5.34,-3.40,-3.50,-2.88,-1.63,-1.10,-1.24,-1.37,-1.10,-3.58,2.15,2.70,-2.83,-2.21,-2.56,-2.30,,-5.60,-12,-1.80,-3.40,-4.30,,,,,,,-2.60,-1.70,,-2.20,-2.90,-2.20,-2.29,,,,,,,,-1.60,-1.40,-1.60,-2,-1.10,,,,,-1.60,,-1.90,-1,-0.30,-2.30,-3,,,-1.90,,,-1,,,2.10,-0.40,-2.10,1.30,-3,-2.40,
2008-12-25 02:50,-1.30,-1.26,-3.46,-1.62,-4.30,-2.34,-2.91,-1.70,-6.10,-2.50,-4.44,-4.41,-7.61,-4.64,-3.83,-4.28,-6.26,-8.25,-3.90,-5.63,-7.44,-7.54,-5.97,,-2.36,-2.13,-2.32,-4.38,-2.10,-3.90,-3.58,-2.20,-9.65,-4.27,-3.57,-4.19,-3.17,-4.25,-6,-3.72,-10.60,-11.75,-9.69,-2.48,-5.20,-2.98,-3.70,-3.68,-3.55,-3.55,-4.27,-2.19,-3.69,-3.24,-4.18,-4.74,-3.77,-3.90,-4.05,-5.65,-5.90,-6.60,-5.97,-9.45,-5.57,,0.92,-0.67,-1.80,-3,-1.51,-1.88,-0.57,-1.82,-1.42,-0.29,-0.50,-1.46,-1.40,-1.88,-2.10,-2.60,-1.94,-3.21,-1.38,-2.83,-2.71,-2.40,-3.03,-1.83,-4.15,-2.40,-3.08,-3,-2.77,-2.63,-1.81,-1.43,-1.67,-1.31,-1.55,-1.75,-0.33,-1.89,-2.32,-2.05,-1.80,-2.30,-2.86,-2.32,-1.41,-1.02,1.52,-1.33,-4.47,-5.32,-3.30,-3.24,-2.80,-1.79,-1.10,-1.14,-1.31,-0.98,-3.46,2.08,2.70,-2.98,-2.09,-2.50,-2.20,,-5.60,-12.10,-1.90,-3.30,-4.20,,,,,,,-2.50,-1.60,,-2,-2.90,-2.20,-2.24,,,,,,,,-1.70,-1.40,-1.70,-2,-1.10,,,,,-1.50,,-1.80,-0.90,-0.20,-2,-2.90,,,-1.90,,,-1,,,2.20,-0.50,-2,1.40,-3.10,-2.40,
2008-12-25 03:00,-1.30,-1.30,-3.64,-1.74,-4.40,-2.68,-2.82,-1.90,-6.21,-2.46,-4.56,-4.41,-7.85,-4.83,-3.88,-4.65,-6.26,-8.53,-4.20,-5.63,-7.49,-7.46,-5.82,,-2.51,-2.11,-2.36,-4.23,-2.12,-3.90,-3.59,-2.16,-9.64,-4.64,-3.82,-4.22,-3.04,-4.38,-6.17,-3.76,-10.70,-11.91,-9.69,-2.50,-5,-2.99,-3.70,-3.74,-3.58,-3.52,-4.18,-2.16,-3.63,-3.13,-4.04,-4.66,-3.73,-3.80,-4.02,-5.57,-5.66,-6.30,-5.92,-9.43,-5.55,,0.88,-0.75,-2.10,-3.09,-1.63,-2.07,-0.59,-1.84,-1.50,-0.38,-0.60,-1.58,-1.40,-1.97,-2.15,-2.60,-2.05,-3.37,-1.38,-3.12,-2.79,-2.40,-3.15,-1.89,-4.21,-2.49,-3.09,-2.90,-2.55,-2.58,-1.90,-1.39,-1.72,-1.32,-1.57,-1.63,-0.52,-1.92,-2.44,-2.09,-1.79,-2.30,-2.77,-2.35,-1.36,-1.02,1.60,-1.36,-4.25,-5.22,-3.30,-3.07,-2.90,-1.81,-1.20,-0.99,-1.35,-0.91,-3.26,2.16,3.10,-2.87,-2.25,-2.36,-2.20,-2.70,-5.70,-12.20,-1.90,-3.20,-4.20,,-0.40,-7.30,-0.90,-3,-1,-2.60,-1.60,-1.80,-2.30,-2.90,-2.20,-1.90,-1.50,-1,-0.60,-1.40,-0.90,-2.40,-2.70,-1.70,-1.30,-1.70,-2,-1.30,0.20,-1.40,-2.60,-3.20,-1.30,-1.40,-1.80,-0.90,1.70,-1.80,-3.10,,-3,-1.80,-2.70,-1.10,-1,2.70,-3.10,2.10,-0.40,-2,2,-3.50,-2.30,-2
2008-12-25 03:10,-1.30,-1.55,-3.76,-1.72,-4.70,-2.53,-2.85,-2,-6.13,-2.58,-4.59,-4.54,-7.76,-4.94,-4.08,-4.81,-6.33,-8.90,-4.70,-5.69,-7.56,-7.57,-5.98,,-2.35,-2.18,-2.46,-4.35,-2.11,-4,-3.59,-2.14,-9.63,-4.97,-3.95,-4.42,-3.18,-4.54,-6.36,-3.76,-10.80,-12.08,-9.85,-2.50,-5.10,-2.95,-3.70,-3.77,-3.63,-3.55,-4.27,-2.12,-3.61,-2.99,-4.03,-4.59,-3.70,-3.90,-3.94,-5.45,-5.59,-6.20,-5.79,-9.39,-5.56,,0.74,-0.76,-2.20,-3.11,-1.72,-2.12,-0.61,-2.12,-1.59,-0.40,-0.70,-1.74,-1.50,-2.15,-2.10,-2.53,-1.81,-3.46,-1.37,-3.31,-2.86,-2.40,-2.91,-1.90,-4.32,-2.41,-2.69,-3,-2.40,-2.45,-1.90,-1.37,-1.76,-1.30,-1.56,-1.63,-0.60,-2.08,-2.33,-2.24,-1.59,-2.20,-2.63,-2.31,-1.32,-0.96,1.58,-1.50,-4.41,-4.95,-3.20,-3.07,-2.90,-1.85,-1.20,-1.09,-1.39,-0.90,-3.15,2.15,3.10,-2.60,-2.31,-2.30,-2.20,,-5.70,-12.30,-1.90,-3.30,-4.20,,,,,,,-2.50,-1.80,,-2.30,-2.90,-2.10,-2.14,,,,,,,,-1.80,-1.40,-1.70,-2,-1.30,,,,,-1.30,,-1.70,-1,1.80,-2,-3.20,,,-1.80,,,-1,,,2,-0.50,-2.20,2,-3.50,-2.30,
2008-12-25 03:20,-1.40,-1.67,-3.90,-1.73,-4.90,-2.68,-2.93,-2,-6.20,-2.57,-4.60,-4.54,-7.68,-4.95,-4.27,-5.11,-6.51,-9.08,-5,-5.73,-7.65,-7.73,-5.79,,-2.48,-2.23,-2.44,-4.31,-2.17,-3.90,-3.57,-2.16,-9.62,-5.13,-4.11,-4.60,-3.10,-4.44,-6.55,-3.56,-10.90,-12.11,-9.78,-2.53,-5.40,-2.89,-3.70,-3.77,-3.73,-3.65,-4.20,-2.07,-3.43,-2.91,-4.03,-4.60,-3.72,-3.80,-3.84,-5.30,-5.40,-6.20,-5.72,-9.42,-5.55,,0.68,-0.86,-2.20,-3.27,-1.76,-2.21,-0.80,-2.24,-1.71,-0.42,-0.70,-1.76,-1.60,-2.32,-2.22,-2.50,-1.87,-3.54,-1.43,-3.38,-2.77,-2.40,-2.76,-1.80,-4.50,-2.33,-2.42,-2.80,-2.36,-2.43,-1.82,-1.38,-1.69,-1.26,-1.59,-1.61,-0.62,-2.28,-2.22,-2.27,-1.68,-2.20,-2.39,-2.23,-1.39,-0.94,1.58,-1.87,-4.29,-4.78,-3.10,-3.16,-2.85,-1.98,-1.20,-1.01,-1.33,-0.84,-3.04,2.17,3.10,-2.39,-2.65,-2.30,-2.20,,-5.70,-12.50,-1.80,-3.30,-4.10,,,,,,,-2.70,-2,,-2.20,-2.80,-2.10,-2.12,,,,,,,,-1.80,-1.50,-1.60,-2,-1.30,,,,,-1.30,,-1.70,-1,2.60,-2.60,,,,-1.80,,,-0.90,,,1.20,-0.80,-2.20,2.20,-3.20,-2.30,
2008-12-25 03:30,-1.50,-1.82,-3.93,-1.71,-5.20,-2.48,-2.82,-2.10,-6.23,-2.55,-4.68,-4.40,-7.67,-5.06,-4.37,-5.55,-6.63,-9.08,-5.20,-5.94,-7.67,-8.03,-5.57,,-2.46,-2.24,-2.48,-4.28,-2.18,-3.80,-3.65,-2.22,-9.59,-5.36,-4.08,-4.52,-2.96,-4.43,-6.71,-3.85,-10.90,-12.05,-9.79,-2.65,-5.70,-2.87,-3.70,-3.73,-3.66,-3.70,-4.30,-2.13,-3.33,-2.94,-3.94,-4.55,-3.66,-3.70,-3.68,-5.39,-5.02,-6.10,-5.67,-9.44,-5.47,,0.64,-0.80,-2.40,-3.42,-1.74,-2.04,-0.79,-2.25,-1.74,-0.56,-0.80,-1.82,-1.80,-2.39,-2.33,-2.55,-1.82,-3.65,-1.49,-3.31,-2.71,-2.40,-2.69,-1.75,-4.62,-2.07,-2.39,-2.90,-2.24,-2.47,-1.87,-1.33,-1.74,-1.33,-1.90,-1.52,-0.62,-2.06,-2.27,-2.34,-1.69,-2.20,-2.40,-2.26,-1.33,-0.91,1.58,-2.21,-3.64,-4.58,-3.10,-3,-2.93,-2,-1.10,-1.02,-1.38,-1.06,-2.98,2.11,3.20,-2.21,-2.37,-2.35,-2.20,,-5.80,-12.60,-2,-3.30,-4,,,,,,,-2.80,-2,,-2.30,-2.90,-2.10,-2.16,,,,,,,,-1.70,-1.50,-1.70,-2,-1.30,,,,,-1.30,,-1.70,-1.30,2.80,-2.70,-3.40,,,-1.80,,,-0.90,,,0.70,-0.30,-2.10,2.30,-3,-2.20,
2008-12-25 03:40,-1.70,-1.96,-4.02,-1.81,-5.30,-2.45,-2.94,-2.20,-6.37,-2.54,-4.68,-4.40,-7.63,-5.10,-4.55,-5.70,-6.57,-9.30,-5.40,-6.31,-7.69,-8.31,-5.53,,-2.42,-2.18,-2.49,-4.26,-2.19,-3.80,-3.61,-2.23,-9.61,-5.47,-4.29,-4.69,-3.05,-4.35,-6.89,-3.77,-11.20,-12.32,-10.05,-2.68,-6,-2.82,-3.70,-3.66,-3.66,-3.78,-4.38,-2.14,-3.33,-2.97,-3.96,-4.44,-3.66,-3.70,-3.60,-5.31,-4.84,-6,-5.67,-9.40,-5.56,,0.57,-0.76,-2.50,-3.61,-1.75,-2.02,-0.80,-2.25,-1.83,-0.39,-0.90,-1.95,-1.80,-2.45,-2.40,-2.48,-1.83,-3.76,-1.51,-3.24,-2.74,-2.40,-2.71,-1.87,-4.57,-2.12,-2.32,-2.70,-2.17,-2.52,-1.85,-1.20,-1.62,-1.38,-1.98,-1.48,-0.64,-2.31,-2.36,-2.42,-1.83,-2.20,-2.29,-2.20,-1.31,-0.84,1.52,-2.36,-2.99,-4.55,-3.20,-2.95,-2.94,-1.94,-1.10,-1.02,-1.36,-1.02,-2.84,1.96,3.20,-2.05,-2.49,-2.31,-2.20,,-5.90,-12.70,-2.10,-3.30,-4,,,,,,,-2.80,-2,,-2.40,-2.90,-2,-2.22,,,,,,,,-1.70,-1.50,-1.70,-1.90,-1.30,,,,,-1.40,,-1.70,-1.50,2.90,-2.40,-3.50,,,-1.80,,,-1,,,0.70,-0.20,-2.10,2.50,-2.70,-2.20,
2008-12-25 03:50,-2,-2.03,-4.21,-1.90,-5.50,-2.54,-2.98,-2.30,-6.49,-2.66,-4.75,-4.42,-7.59,-5.16,-4.32,-5.67,-6.61,-9.46,-5.50,-6.67,-7.72,-8.66,-5.63,,-2.48,-2.31,-2.69,-4.17,-2.31,-3.80,-3.66,-2.14,-9.70,-5.72,-4.51,-4.77,-3.01,-4.38,-6.90,-4.09,-11.30,-12.60,-10.13,-2.82,-6.10,-2.80,-3.70,-3.70,-3.66,-3.81,-4.43,-2.08,-3.21,-2.98,-3.93,-4.43,-3.63,-3.80,-3.60,-5.31,-4.74,-5.80,-5.71,-9.49,-5.54,,0.55,-0.77,-2.70,-3.75,-1.83,-2.34,-0.89,-2.37,-1.91,-0.49,-0.90,-2.07,-1.80,-2.35,-2.50,-2.52,-1.76,-3.91,-1.65,-3.37,-2.65,-2.40,-2.73,-1.92,-4.59,-2.20,-2.33,-2.70,-2.17,-2.49,-1.86,-1.25,-1.70,-1.35,-2.19,-1.53,-0.58,-2.29,-2.41,-2.34,-1.84,-2.10,-2.07,-2.12,-1.39,-0.90,1.64,-2.41,-2.83,-4.20,-3.10,-2.97,-2.78,-1.96,-1.20,-0.92,-1.44,-1.05,-2.77,1.94,3.40,-2.12,-2.49,-2.09,-2.20,,-6.30,-12.80,-2.20,-3.30,-3.90,,,,,,,-2.80,-2,,-2.60,-2.90,-2,-2.17,,,,,,,,-1.70,-1.60,-1.70,-1.90,-1.30,,,,,-1.50,,-1.70,-1.50,2.90,-2.40,-3.70,,,-1.80,,,-0.90,,,0.70,0,-2.10,2.40,-2,-2.20,
2008-12-25 04:00,-2.30,-2.06,-4.18,-1.95,-5.70,-2.68,-3.09,-2.30,-6.52,-2.72,-4.80,-4.40,-7.67,-5.26,-4.33,-5.53,-6.60,-9.44,-5.50,-6.70,-7.91,-8.65,-5.75,,-2.56,-2.30,-2.81,-4.12,-2.37,-4,-3.72,-2.25,-9.73,-5.74,-4.60,-4.71,-3.10,-4.35,-7.05,-3.99,-11.50,-12.54,-10.38,-2.99,-6,-2.72,-3.70,-3.78,-3.74,-3.74,-4.55,-2.02,-3.16,-2.93,-3.96,-4.37,-3.65,-3.70,-3.49,-5.19,-4.65,-5.30,-5.71,-9.43,-5.57,,0.65,-0.78,-2.70,-4.13,-2.02,-2.41,-1.12,-2.42,-2.05,-0.52,-1,-2.22,-1.80,-2.17,-2.62,-2.46,-1.76,-3.96,-1.65,-3.28,-2.54,-2.40,-2.74,-2.01,-4.50,-2.33,-2.23,-2.50,-2.36,-2.41,-1.84,-1.24,-1.74,-1.34,-2.36,-1.55,-0.65,-2.21,-2.36,-2.45,-1.81,-2.10,-2,-2.11,-1.47,-1.02,1.62,-2.30,-2.81,-3.75,-3.10,-2.99,-2.76,-2.13,-1.20,-0.97,-1.43,-1.14,-3.04,1.94,3.40,-2.15,-2.03,-2.23,-2.20,-3.30,-6.40,-12.90,-2.20,-3.30,-3.90,-2.20,-0.70,-8.50,-1.50,-2.60,-2,-2.80,-2.10,-2,-2.50,-2.90,-2,-1.90,-1.80,-1.50,-0.90,-1.90,-1.70,-2.90,-2.40,-1.70,-1.60,-1.70,-1.90,-1.40,-0.20,-1.70,-2.90,-3.70,-1.70,-1.40,-1.60,-1.90,2.20,-2.30,-3.80,-4.10,-2.70,-1.90,-2.40,-1.30,-0.90,3,-1.50,0.80,0.10,-2.10,2.40,-1.50,-2.20,-2.40
2008-12-25 04:10,-2.50,-2.05,-4.19,-2.03,-5.41,-2.81,-2.98,-2.40,-6.46,-2.79,-4.84,-4.60,-7.60,-5.28,-4.62,-5.52,-6.61,-9.55,-5.50,-6.66,-8.11,-8.40,-5.78,,-2.56,-2.39,-2.87,-4.23,-2.32,-4,-3.63,-2.46,-9.68,-5.97,-4.62,-4.59,-3.20,-4.20,-7.15,-4.07,-11.60,-12.59,-10.51,-2.84,-6,-2.68,-3.60,-3.71,-3.65,-3.67,-4.49,-1.91,-3.11,-2.91,-3.98,-4.26,-3.67,-3.70,-3.52,-5.07,-4.64,-5.10,-5.68,-9.48,-5.53,,0.64,-0.80,-2.70,-4.33,-1.93,-2.51,-1.22,-2.56,-2.17,-0.55,-1,-2.40,-1.80,-2.10,-2.69,-2.46,-1.85,-3.81,-1.58,-3.12,-2.59,-2.30,-2.66,-2.06,-4.46,-2.32,-2.12,-2.30,-2.13,-2.39,-1.77,-1.24,-1.74,-1.36,-2.26,-1.53,-1.02,-2.17,-2.43,-2.43,-1.94,-2,-1.98,-2.09,-1.49,-0.98,1.49,-2.18,-2.89,-3.23,-3.10,-2.99,-2.75,-1.89,-1.20,-1,-1.43,-0.95,-3.12,1.99,3.30,-2.08,-2.21,-2.18,-2.20,,-6.30,-13,-2.30,-3.20,-3.80,,,,,,,-2.80,-2.20,,-2.50,-3,-2,-2.02,,,,,,,,-1.70,-1.60,-1.70,-1.90,-1.40,,,,,-1.70,,-1.60,-1.90,2.20,-2.40,-3.80,,,-1.80,,,-0.90,,,1,0.10,-2.10,2.40,-1.50,-2.20,
2008-12-25 04:20,-2.60,-2.19,-4.35,-2.06,-5.29,-2.84,-2.81,-2.40,-6.50,-2.78,-4.89,-4.62,-7.52,-5.30,-4.80,-5.50,-6.58,-9.61,-5.50,-6.72,-8.24,-8.49,-5.66,,-2.49,-2.44,-2.89,-4.25,-2.36,-4,-3.62,-2.51,-9.62,-5.91,-4.57,-4.44,-3.21,-4.24,-7.11,-4.11,-11.70,-12.74,-10.50,-2.86,-6,-2.63,-3.60,-3.64,-3.51,-3.58,-4.62,-1.91,-3.06,-2.85,-3.92,-4.23,-3.65,-3.70,-3.63,-5.02,-4.66,-4.90,-5.58,-9.38,-5.51,,0.46,-0.83,-2.80,-4.29,-2.06,-2.66,-1.27,-2.61,-2.31,-0.70,-1.20,-2.35,-1.90,-2.03,-2.67,-2.48,-1.63,-3.83,-1.66,-3.04,-2.57,-2.20,-2.58,-2.02,-4.39,-2.20,-2.17,-2.20,-2.08,-2.42,-1.85,-1.19,-1.85,-1.33,-2.15,-1.52,-0.91,-2.21,-2.32,-2.54,-2.12,-2,-2,-2.02,-1.45,-0.94,0.91,-2.18,-2.91,-2.85,-2.90,-2.89,-2.66,-2.13,-1.30,-1,-1.52,-1.16,-3.21,1.89,3.40,-2.08,-2.22,-2.12,-2.20,,-6.20,-13.10,-2.30,-3.20,-3.80,,,,,,,-2.70,-2.30,,-2.70,-2.90,-1.90,-2.04,,,,,,,,-1.70,-1.60,-1.70,-1.80,-1.50,,,,,-1.80,,-1.50,-2,2.10,-2.20,-3.90,,,-1.90,,,-0.90,,,0.90,0,-2.10,2.40,-1.30,-2.20,
2008-12-25 04:30,-2.90,-2.44,-4.49,-2.20,-5.40,-2.73,-2.80,-2.30,-6.47,-2.76,-4.88,-4.56,-7.59,-5.37,-5.03,-5.43,-6.56,-9.69,-5.70,-6.67,-8.26,-8.46,-5.67,,-2.46,-2.48,-2.88,-4.29,-2.46,-4,-3.68,-2.55,-9.58,-6.07,-4.69,-4.49,-3.28,-4.27,-7.22,-4.09,-11.80,-12.75,-10.50,-2.96,-6,-2.72,-3.60,-3.63,-3.57,-3.63,-4.42,-2.02,-3.08,-2.80,-3.88,-4.20,-3.68,-3.70,-3.47,-4.91,-4.71,-4.80,-5.53,-9.46,-5.44,,0.33,-0.92,-3,-4.37,-2.07,-2.44,-1.26,-2.75,-2.41,-0.82,-1.30,-2.37,-1.90,-2.18,-2.64,-2.53,-1.64,-3.86,-1.61,-2.93,-2.59,-2.20,-2.44,-1.92,-4.39,-2.14,-2.23,-2.20,-2.08,-2.34,-1.83,-1.29,-1.88,-1.25,-2.09,-1.54,-1.22,-2.34,-2.47,-2.41,-2.24,-1.90,-1.93,-1.98,-1.45,-0.97,0.23,-2.13,-2.86,-2.55,-2.80,-2.85,-2.55,-2.11,-1.30,-0.98,-1.51,-1.17,-3.21,1.84,3.30,-1.90,-2.13,-2.14,-2.20,,-6.20,-13.20,-2.20,-3.10,-3.80,,,,,,,-2.60,-2.60,,-2.70,-2.80,-1.80,-1.98,,,,,,,,-1.70,-1.70,-1.60,-1.80,-1.60,,,,,-1.80,,-1.50,-1.90,1.80,-2.20,-4,,,-2.20,,,-0.90,,,0.80,-0.10,-2.10,2.30,-1.30,-2.20,
2008-12-25 04:40,-3.10,-2.42,-4.51,-2.38,-5.50,-2.99,-2.81,-2.30,-6.53,-2.73,-4.94,-4.46,-7.52,-5.53,-5.03,-5.51,-6.54,-9.76,-6,-6.69,-8.32,-8.69,-5.70,,-2.49,-2.59,-2.90,-4.46,-2.48,-4,-3.69,-2.66,-9.52,-6.13,-4.77,-4.53,-3.38,-4.24,-7.32,-4.12,-11.90,-12.85,-10.53,-2.84,-6.30,-2.79,-3.60,-3.65,-3.48,-3.64,-4.28,-1.84,-3.12,-2.75,-3.86,-4.22,-3.71,-3.70,-3.54,-4.71,-4.63,-4.70,-5.49,-9.36,-5.37,,0.31,-0.91,-3,-4.44,-2.22,-2.41,-1.39,-2.84,-2.48,-0.83,-1.30,-2.42,-2,-2.16,-2.53,-2.43,-1.59,-3.75,-1.64,-2.78,-2.53,-2.30,-2.31,-1.90,-4.33,-2.10,-2.06,-2.10,-2.27,-2.37,-1.74,-1.23,-1.78,-1.18,-2,-1.43,-1.21,-2.40,-2.55,-2.44,-2.49,-1.90,-1.87,-2.10,-1.36,-0.97,0.03,-2.16,-2.84,-2.37,-2.70,-2.79,-2.53,-2.15,-1.30,-1,-1.42,-0.98,-3.17,1.78,3.40,-1.84,-2,-2.12,-2.30,,-6.20,-13.40,-2.20,-3.10,-3.70,,,,,,,-2.60,-2.60,,-2.80,-2.80,-1.80,-1.93,,,,,,,,-1.70,-1.70,-1.60,-1.80,-1.40,,,,,-1.80,,-1.50,-1.70,1.50,-2,-4,,,-2.30,,,-0.90,,,0.80,-0.10,-2.20,2.30,-1.20,-2.20,
2008-12-25 04:50,-3.10,-2.24,-4.51,-2.46,-5.50,-2.97,-2.90,-2.30,-6.45,-2.61,-4.87,-4.41,-7.55,-5.61,-4.97,-5.57,-6.38,-9.87,-6.30,-6.93,-8.37,-8.43,-5.88,,-2.46,-2.68,-3.05,-4.53,-2.44,-4.10,-3.58,-2.72,-9.56,-6.07,-4.79,-4.57,-3.41,-4.29,-7.39,-4.03,-11.80,-12.95,-10.66,-2.77,-6.90,-2.82,-3.50,-3.59,-3.34,-3.51,-4.40,-1.84,-3.14,-2.61,-3.76,-4.18,-3.61,-3.70,-3.44,-4.55,-4.64,-4.60,-5.59,-9.33,-5.36,,0.22,-1.05,-3.10,-4.58,-2.34,-2.56,-1.40,-2.85,-2.50,-0.87,-1.40,-2.41,-2.10,-1.90,-2.53,-2.35,-1.51,-3.82,-1.64,-2.74,-2.46,-2.50,-2.27,-1.90,-4.31,-2.12,-2.02,-2.10,-2.20,-2.32,-1.79,-1.17,-1.84,-1.20,-2.04,-1.42,-1.32,-2.23,-2.96,-2.41,-2.50,-1.90,-2.04,-2.12,-1.38,-0.95,-0.06,-2.15,-2.96,-2.19,-2.60,-2.82,-2.46,-2.09,-1.30,-1.09,-1.52,-1.09,-3.40,1.67,3.30,-1.67,-2.01,-2.05,-2.30,,-6.30,-13.50,-2.10,-3.10,-3.70,,,,,,,-2.60,-2.70,,-2.80,,-1.80,-1.90,,,,,,,,-1.80,-1.70,-1.50,-1.80,-1.40,,,,,-1.80,,-1.50,-1.60,1.50,-2.10,-4,,,-2.40,,,-0.90,,,0.80,-0.20,-2.30,2.20,-1.30,-2.10,
2008-12-25 05:00,-3.10,-2.47,-4.61,-2.52,-5.60,-3.04,-2.88,-2.40,-6.56,-2.76,-4.98,-4.37,-7.49,-5.56,-5.05,-5.54,-6.39,-9.92,-6.20,-7.32,-8.53,-8.68,-6.22,,-2.54,-2.78,-3.01,-4.60,-2.41,-4.10,-3.58,-2.75,-9.55,-5.96,-4.79,-4.30,-3.27,-4.35,-7.49,-3.92,-11.80,-12.90,-10.78,-2.76,-7,-2.80,-3.50,-3.57,-3.43,-3.51,-4.45,-1.87,-3.02,-2.62,-3.92,-4.11,-3.49,-3.70,-3.55,-4.47,-4.58,-4.60,-5.45,-9.31,-5.35,,0.07,-1.27,-3.20,-4.66,-2.37,-2.74,-1.53,-3,-2.53,-0.84,-1.40,-2.48,-2.20,-2.07,-2.53,-2.32,-1.54,-3.81,-1.68,-2.73,-2.46,-2.60,-2.18,-2.02,-4.33,-2.07,-1.94,-2.10,-2.18,-2.35,-1.80,-1.08,-1.94,-1.26,-2.07,-1.42,-1.29,-2.21,-2.90,-2.28,-2.46,-1.80,-1.99,-2.33,-1.41,-0.96,-0.40,-1.87,-3.09,-2.15,-2.60,-2.81,-2.46,-2.13,-1.30,-1.03,-1.57,-1.27,-3.71,1.71,3.30,-1.55,-1.92,-1.98,-2.30,-3.30,-6.30,-13.50,-2.10,-3,-3.70,-2,-1.30,-9.30,-2,-2,-2.10,-2.60,-2.70,-2.10,-2.70,-2.70,-1.80,-1.70,-1.40,-1.80,-1,-1.60,-1.80,-3.90,-2.10,-1.70,-1.70,-1.50,-1.80,-1.30,-1.60,-2.20,-3.10,-3.10,-1.50,-1.40,-1.50,-1.50,1.30,-2.10,-3.90,-3.50,-2.60,-2.10,-2.20,-1.30,-0.90,,-1,0.80,-0.30,-2.50,2.10,-1.60,-2,-2.50
2008-12-25 05:10,-3,-2.52,-4.45,-2.77,-5.71,-3.02,-2.87,-2.40,-6.40,-2.82,-4.96,-4.38,-7.46,-5.49,-5.03,-5.66,-6.39,-9.83,-6.20,-7.38,-8.59,-8.82,-6.43,,-2.35,-2.73,-3.14,-4.82,-2.46,-4.20,-3.65,-2.67,-9.52,-5.98,-4.96,-4.12,-3.25,-4.47,-7.67,-3.84,-11.80,-12.95,-10.81,-2.88,-6.60,-2.81,-3.50,-3.53,-3.58,-3.44,-4.49,-1.86,-2.94,-2.57,-3.89,-4.07,-3.46,-3.60,-3.52,-4.20,-4.55,-4.40,-5.51,-9.30,-5.26,,-0.02,-1.47,-3.30,-4.76,-2.39,-2.83,-1.60,-3.14,-2.61,-0.85,-1.40,-2.51,-2.26,-2.15,-2.52,-2.42,-1.51,-3.77,-1.76,-2.61,-2.37,-2.60,-2.10,-2.24,-4.27,-1.95,-1.86,-1.90,-2.14,-2.28,-1.75,-1.03,-1.86,-1.11,-1.99,-1.45,-1.35,-2.16,-2.92,-2.20,-2.32,-1.70,-2.06,-2.54,-1.40,-0.95,-0.69,-1.59,-3.09,-2.11,-2.60,-2.73,-2.29,-2.10,-1.30,-0.84,-1.43,-1.08,-3.75,1.70,3.10,-1.42,-1.55,-1.81,-2.30,,-6.20,-13.60,-2.20,-2.90,-3.70,,,,,,,-2.50,-2.70,,-2.70,-2.60,-1.70,-1.83,,,,,,,,-1.70,-1.70,-1.40,-1.70,-1.30,,,,,-1.50,,-1.40,-1.40,1.30,-2.10,-3.90,,,-2.20,,,-1,,,0.80,-0.30,-2.40,2.10,-1.60,-2,
2008-12-25 05:20,-2.90,-2.51,-4.67,-2.85,-5.72,-2.98,-2.92,-2.50,-6.36,-2.92,-4.93,-4.39,-7.48,-5.46,-5.06,-5.58,-6.30,-9.79,-6.20,-7.37,-8.48,-8.84,-6.54,,-2.38,-2.74,-3.43,-4.73,-2.48,-4.30,-3.76,-2.73,-9.42,-5.80,-4.96,-3.95,-3.04,-4.52,-7.52,-3.51,-11.80,-12.98,-10.79,-2.92,-6.50,-2.84,-3.40,-3.50,-3.60,-3.47,-4.41,-1.88,-2.92,-2.42,-3.79,-4.08,-3.55,-3.60,-3.53,-4.26,-4.59,-4.30,-5.44,-9.33,-5.28,,-0.17,-1.62,-3.40,-4.91,-2.59,-3.21,-1.62,-3.32,-2.69,-0.86,-1.40,-2.38,-2.39,-2.14,-2.54,-2.47,-1.55,-3.70,-1.76,-2.61,-2.35,-2.50,-2.02,-2.18,-4.27,-1.94,-1.80,-1.80,-2,-2.22,-1.76,-1.05,-1.81,-1.16,-1.96,-1.41,-1.43,-2.41,-2.84,-2.22,-2.15,-1.70,-1.94,-2.69,-1.39,-0.92,-0.98,-1.49,-2.99,-1.99,-2.70,-2.67,-2.37,-1.92,-1.40,-1.02,-1.59,-1.05,-3.74,1.82,3.10,-1.29,-1.40,-1.77,-2.30,,-6.30,-13.70,-1.90,-2.90,-3.60,,,,,,,-2.50,-2.70,,-2.60,-2.60,-1.70,-1.79,,,,,,,,-1.70,-1.70,-1.40,-1.70,-1.30,,,,,-1.40,,-1.40,-1.40,1.30,-2,-3.50,,,-2.10,,,-1,,,0.80,-0.10,-2.60,2.20,-1.80,-2,
2008-12-25 05:30,-3,-2.61,-4.67,-2.79,-5.73,-3,-2.99,-2.40,-6.42,-2.87,-4.92,-4.43,-7.51,-5.45,-5.12,-5.80,-6.20,-9.75,-6.30,-7.29,-8.64,-8.79,-6.57,,-2.42,-2.79,-3.50,-4.67,-2.35,-4.40,-3.73,-2.70,-9.38,-5.59,-4.92,-3.91,-3.19,-4.44,-7.40,-3.38,-11.70,-12.95,-10.75,-2.79,-6.50,-2.76,-3.40,-3.47,-3.53,-3.51,-4.22,-1.91,-2.82,-2.35,-3.81,-4.09,-3.51,-3.60,-3.56,-4.08,-4.67,-4.40,-5.38,-9.35,-5.17,,-0.35,-1.86,-3.50,-4.93,-2.56,-3.19,-1.63,-3.47,-2.71,-0.88,-1.50,-2.49,-2.52,-2.11,-2.48,-2.42,-1.55,-3.70,-1.73,-2.60,-2.42,-2.40,-1.89,-2.16,-4.11,-1.90,-1.74,-1.60,-1.89,-2.23,-1.79,-1.06,-1.82,-1.27,-2.05,-1.48,-1.44,-2.39,-2.82,-2.31,-2.21,-1.70,-1.93,-2.53,-1.38,-0.99,-0.89,-1.64,-2.94,-2.09,-2.70,-2.37,-2.36,-2.02,-1.40,-0.92,-1.60,-1.11,-3.82,2,3.20,-1.17,-1.53,-1.91,-2.40,,-6.40,-13.90,-2.20,-2.90,-3.70,,,,,,,-2.60,-2.60,,-2.50,-2.60,-1.70,-1.81,,,,,,,,-1.70,-1.70,-1.40,-1.70,-1.30,,,,,-1.50,,-1.30,-1.30,1.20,-2.10,-3.50,,,-2,,,-1,,,0.80,0.20,-2.60,2.10,-1.80,-1.90,
2008-12-25 05:40,-3.10,-2.69,-4.70,-2.79,-5.72,-2.95,-3.02,-2.40,-6.38,-2.81,-4.87,-4.40,-7.55,-5.45,-5.10,-5.99,-6.09,-9.71,-6.40,-7.35,-8.69,-8.50,-6.56,,-2.44,-2.72,-3.55,-4.60,-2.46,-4.40,-3.79,-2.63,-9.47,-5.63,-4.95,-4.01,-3.21,-4.27,-7.43,-3.32,-11.80,-12.87,-10.79,-2.68,-6.50,-2.81,-3.30,-3.52,-3.67,-3.51,-4.30,-1.93,-2.79,-2.35,-3.73,-3.98,-3.49,-3.50,-3.47,-3.90,-4.65,-4.30,-5.35,-9.24,-5.21,,-0.41,-1.93,-3.60,-5.13,-2.83,-3.24,-1.58,-3.69,-2.80,-0.97,-1.60,-2.62,-2.57,-2.10,-2.46,-2.42,-1.56,-3.70,-1.73,-2.58,-2.57,-2.30,-1.80,-2.22,-4.11,-1.82,-1.73,-1.70,-1.86,-2.23,-1.91,-1.17,-1.79,-1.27,-2.09,-1.48,-1.47,-2.41,-2.97,-2.30,-1.98,-1.60,-2.11,-2.41,-1.35,-1.03,-1.34,-1.63,-2.97,-2.01,-2.60,-2.42,-2.39,-1.97,-1.40,-0.95,-1.61,-1.03,-4.02,2.09,3.20,-1.14,-1.38,-1.85,-2.50,,-6.50,-14.20,-2.20,-3,-3.70,,,,,,,-2.50,-2.60,,-2.40,-2.50,-1.70,-1.83,,,,,,,,-1.70,-1.70,-1.40,-1.70,-1.30,,,,,-1.30,,-1.30,-1.20,2.70,-2.10,-3.20,,,-2,,,-1,,,0.80,0.30,-2.50,2.20,-2,-1.90,
2008-12-25 05:50,-3.10,-2.74,-4.81,-2.92,-5.66,-2.93,-3.03,-2.40,-6.38,-2.83,-4.90,-4.79,-7.62,-5.35,-4.97,-5.99,-6.10,-9.74,-6.40,-7.22,-8.59,-8.52,-6.55,,-2.34,-2.70,-3.51,-4.70,-2.39,-4.30,-3.82,-2.60,-9.57,-5.59,-4.89,-4.18,-3.22,-4.21,-7.31,-3.27,-11.70,-12.80,-10.88,-2.81,-6.50,-2.79,-3.30,-3.45,-3.67,-3.56,-4.35,-1.91,-2.69,-2.24,-3.68,-4.01,-3.44,-3.40,-3.32,-3.70,-4.60,-4.40,-5.34,-9.35,-5.19,,-0.39,-2.02,-3.70,-5.34,-2.97,-3.36,-1.49,-3.73,-2.75,-1.13,-1.60,-2.66,-2.60,-2,-2.41,-2.48,-1.64,-3.83,-1.70,-2.54,-2.56,-2.20,-1.88,-2.20,-4.17,-1.74,-1.75,-1.60,-1.93,-2.16,-1.79,-1.17,-1.79,-1.29,-1.92,-1.57,-1.50,-2.35,-3.10,-2.33,-2.07,-1.60,-2.11,-2.29,-1.30,-1.08,-1.62,-1.66,-2.98,-1.80,-2.60,-2.34,-2.38,-2.11,-1.50,-1.03,-1.75,-1.33,-4.01,2.06,3.10,-1.19,-1.24,-1.76,-2.50,,-6.40,-14.20,-2.30,-3,-3.60,,,,,,,-2.50,-2.50,,-2.20,-2.40,-1.60,-1.75,,,,,,,,-1.70,-1.60,-1.30,-1.60,-1.30,,,,,-1.40,,-1.30,-1.20,3.10,-2.30,,,,-2,,,-1,,,0.70,0.30,-2.30,2.20,-1.80,-2,
2008-12-25 06:00,-3,-3,-4.75,-3,-6,-3.01,-3.07,-2.50,-6.43,-2.76,-4.82,-4.64,-7.72,-6,-5.03,-5,-6,-9.64,-6,-7.23,-9,-8.66,-6.53,-2,-2,-3,-3.48,-4.65,-3,-4,-4,-3,-9.52,-5,-4.83,-4,-3,-4,-7,-2,-12,-13,-11,-3,-6.40,-2.79,-3,-3.41,-4,-3.58,-2,-2,-2.66,-2.18,-3.74,-4,-3,-4,-3,-3.61,-4.61,-4,-5.34,-9.32,-5.14,,-0.67,-2.16,-4,-5.60,-3.05,-3,-1.47,-3.80,-2.82,-1.22,-1.60,-2.75,-2,-3,-3,-2,-1.73,-3,-1.84,-2.52,-4,-2.20,-1.85,-2.14,-4.06,-1.70,-2,-1.60,-1,-2.06,-1.93,-1.04,-1.81,-1.26,-1.84,-1.54,-1.49,-2.37,-3.37,-2.32,-2.08,-1.50,-2.11,-2.19,-1.28,-1.03,-1.55,-1.75,-2.99,-1.78,-2.50,-2.33,-2.35,-2.13,-1.50,-0.97,-1.65,-1.34,-4.21,2.30,3.10,-1.14,-1,-1.72,-2.60,-3,-7,-14,-2.20,-3,-3.60,-1.90,-2,-10,-2,-2,-1.90,-2,-3,-2.10,-2.20,-2.30,-1.60,-1.50,-1.50,-1.80,-1,-1,-1.50,-3.70,-2.40,-1.70,-1.60,-1.30,-1.60,-1.40,-2.50,-2.30,-3.40,-2.60,-1.70,-1.30,-1.30,-1.20,3.20,-2.40,-2.70,-5.60,-3.70,-2,-2.50,-1.40,-1,2.20,-0.40,0.70,0.30,-2.30,2.20,-1.30,-2.10,-2.50
2008-12-25 06:10,-2.80,-2.65,-4.65,-2.91,-6,-3.04,-3.15,-2.40,-6.51,-2.75,-4.85,-4.74,-7.73,-5.23,-4.99,-5.73,-6.39,-9.53,-6.40,-6.90,-8.53,-8.53,-6.39,,-2.47,-2.69,-3.48,-4.65,-2.39,-4.30,-3.70,-2.63,-9.64,-5.37,-4.71,-4.09,-3.17,-3.84,-7.29,-3.06,-11.80,-12.86,-10.66,-2.93,-6.30,-2.76,-3.30,-3.44,-3.82,-3.52,-4.28,-1.65,-2.54,-2.10,-3.73,-4.10,-3.39,-3.50,-3.15,-3.59,-4.63,-3.90,-5.33,-9.22,-5.10,,-0.77,-2.46,-4.10,-5.79,-3.12,-3.22,-1.50,-3.84,-2.94,-1.16,-1.60,-2.81,-2.50,-1.85,-2.48,-2.60,-1.65,-3.68,-1.86,-2.52,-2.59,-2.10,-1.66,-2.12,-4.12,-1.67,-1.54,-1.50,-1.70,-2.04,-2.14,-1.03,-1.81,-1.28,-1.79,-1.65,-1.43,-2.32,-3.61,-2.31,-2.04,-1.40,-2.09,-2.13,-1.27,-1.02,-1.66,-1.78,-2.93,-1.73,-2.50,-2.24,-2.38,-2.18,-1.60,-0.98,-1.58,-1.39,-4.36,2.16,3.20,-1.13,-1.21,-1.82,-2.60,,-6.50,-14.40,-2.20,-3,-3.60,,,,,,,-2.40,-2.50,,-2.20,-2.30,-1.60,-1.65,,,,,,,,-1.70,-1.60,-1.30,-1.60,-1.40,,,,,-1.70,,-1.20,-1.20,3.20,-2.40,-2.60,,,-2,,,-1,,,0.70,0.30,-2.30,2.20,-1.20,-2.10,
2008-12-25 06:20,-2.80,-2.71,-4.60,-2.94,-5.90,-3.16,-3.28,-2.60,-6.54,-2.76,-5.02,-4.73,-7.89,-5.16,-4.86,-5.64,-6.43,-9.42,-6.30,-6.91,-8.55,-8.28,-6.28,,-2.26,-2.68,-3.46,-4.53,-2.44,-4.20,-3.66,-2.60,-9.58,-5.37,-4.62,-4.04,-3.22,-3.87,-7.33,-3.20,-11.80,-12.80,-10.69,-3.01,-6.30,-2.74,-3.40,-3.43,-3.77,-3.47,-4.28,-1.54,-2.52,-2.01,-3.62,-3.89,-3.41,-3.50,-3.27,-3.45,-4.56,-4,-5.31,-9.25,-5.07,,-1.15,-2.81,-4.20,-5.82,-3.19,-3.28,-1.55,-3.87,-2.92,-1.28,-1.70,-2.90,-2.50,-2,-2.42,-2.50,-1.86,-3.59,-1.95,-2.54,-2.59,-2,-1.57,-2.06,-3.99,-1.64,-1.65,-1.50,-1.61,-2,-2.06,-0.94,-1.72,-1.28,-1.77,-1.67,-1.41,-2.24,-3.62,-2.31,-2.04,-1.50,-2.02,-2.13,-1.32,-1.03,-1.78,-1.87,-3.02,-1.76,-2.50,-2.18,-2.41,-2.01,-1.60,-1.05,-1.59,-1.24,-4.62,2.08,3.20,-1.02,-1.35,-1.77,-2.70,,-6.50,-14.50,-2.20,-2.90,-3.50,,,,,,,-2.40,-2.40,,-2.20,-2.20,-1.60,-1.67,,,,,,,,-1.70,-1.60,-1.30,-1.60,-1.40,,,,,-1.80,,-1.20,-1.20,3.10,-2.50,-2.50,,,-1.90,,,-1,,,0.70,0.40,-2.20,2.20,-0.80,-2.10,
2008-12-25 06:30,-2.70,-2.67,-4.58,-3.10,-5.90,-2.93,-3.33,-2.60,-6.49,-2.82,-5.01,-4.82,-7.88,-5.18,-4.88,-5.63,-6.49,-9.31,-6.10,-6.91,-8.54,-8.51,-6.31,,-2.32,-2.61,-3.41,-4.46,-2.42,-4.20,-3.68,-2.63,-9.48,-5.30,-4.41,-4.07,-3.34,-3.91,-7.27,-3.16,-11.70,-12.80,-10.70,-2.96,-6.20,-2.81,-3.30,-3.43,-3.74,-3.52,-4.24,-1.52,-2.47,-2.13,-3.57,-3.87,-3.32,-3.40,-3.37,-3.34,-4.32,-4.10,-5.21,-9.22,-5.03,,-1.49,-3,-4.20,-5.90,-3.32,-3.37,-1.66,-3.84,-3.03,-1.36,-1.70,-3.07,-2.50,-1.72,-2.47,-2.50,-1.72,-3.60,-1.95,-2.46,-2.53,-1.90,-1.52,-1.91,-4.02,-1.47,-1.56,-1.50,-1.56,-1.91,-2.02,-0.81,-1.71,-1.27,-1.80,-1.77,-1.56,-2.33,-3.66,-2.29,-2.04,-1.50,-2.01,-2.11,-1.35,-1.06,-1.91,-2.01,-3.16,-1.68,-2.40,-2.17,-2.38,-1.98,-1.70,-0.98,-1.59,-1.12,-4.77,2.05,3.30,-0.92,-1.46,-1.88,-2.70,,-6.60,-14.50,-2.10,-2.90,-3.50,,,,,,,-2.30,-2.40,,-2.10,-2.20,-1.50,-1.65,,,,,,,,-1.60,-1.60,-1.30,-1.60,-1.40,,,,,-1.80,,-1.20,-1.10,2.80,-2.50,-2.40,,,-1.90,,,-1.10,,,0.70,0.40,-2.10,2.20,-0.70,-2.10,
2008-12-25 06:40,-2.70,-2.70,-4.67,-3.24,-5.80,-3.25,-3.37,-2.70,-6.50,-2.86,-4.91,-4.79,-7.90,-5.11,-4.89,-5.61,-6.54,-9.34,-5.90,-6.88,-8.46,-8.68,-6.30,,-2.20,-2.60,-3.25,-4.45,-2.37,-4.20,-3.66,-2.69,-9.70,-5.26,-4.18,-4.01,-3.36,-3.81,-7.20,-3.15,-11.70,-12.80,-10.71,-2.95,-6.20,-2.76,-3.30,-3.39,-3.64,-3.62,-4.20,-1.49,-2.48,-2.09,-3.61,-3.91,-3.22,-3.50,-3.29,-3.27,-4.37,-4,-5.19,-9.14,-5,,-1.72,-2.98,-4.30,-5.97,-3.36,-3.43,-1.81,-3.70,-3.14,-1.36,-1.80,-3.20,-2.40,-1.90,-2.47,-2.40,-1.71,-3.45,-1.87,-2.36,-2.47,-1.90,-1.53,-1.83,-4,-1.44,-1.52,-1.40,-1.44,-1.85,-2.03,-0.78,-1.59,-1.29,-1.84,-1.71,-1.44,-2.24,-3.61,-2.40,-2.04,-1.40,-1.98,-2.04,-1.40,-1.07,-2.16,-1.88,-3.27,-1.68,-2.30,-2.18,-2.48,-1.97,-1.80,-0.98,-1.64,-1.13,-4.82,2.07,3.20,-0.83,-1.53,-1.86,-2.60,,-6.60,-14.70,-2.10,-2.90,-3.40,,,,,,,-2.30,-2.30,,-2.10,-2.10,-1.50,-1.70,,,,,,,,-1.60,-1.70,-1.30,-1.90,-1.40,,,,,-1.80,,-1.20,-1.10,2.60,-2.70,,,,-1.90,,,-1.10,,,0.70,0.50,-2.10,2.20,-0.80,-2,
2008-12-25 06:50,-2.60,-2.69,-4.75,-3.22,-5.80,-3.07,-3.39,-2.70,-6.58,-2.90,-4.88,-4.65,-7.84,-5.14,-4.86,-5.57,-6.55,-9.43,-5.80,-6.98,-8.47,-8.33,-6.30,,-2.14,-2.54,-3.19,-4.42,-2.32,-4.20,-3.67,-2.59,-9.71,-5.21,-4.38,-3.92,-3.31,-3.68,-7.09,-3.04,-11.60,-12.76,-10.65,-2.84,-6,-2.60,-3.30,-3.42,-3.58,-3.66,-4.31,-1.50,-2.45,-2,-3.51,-3.85,-3.28,-3.50,-3.24,-3.18,-4.32,-4,-5.15,-9.17,-4.94,,-1.73,-3.01,-4.30,-6.07,-3.27,-3.52,-1.97,-3.77,-3.05,-1.38,-1.90,-3.28,-2.40,-1.66,-2.40,-2.23,-1.60,-3.39,-1.86,-2.38,-2.35,-1.90,-1.45,-1.76,-3.94,-1.46,-1.52,-1.40,-1.67,-1.71,-2.07,-0.78,-1.55,-1.24,-1.85,-1.73,-1.44,-2.22,-3.46,-2.60,-2.03,-1.40,-2.13,-1.98,-1.44,-1.05,-2.10,-1.79,-3.20,-1.61,-2.10,-2.18,-2.42,-2.08,-1.70,-1.03,-1.62,-1.31,-5.03,2.07,3,-0.88,-1.67,-1.78,-2.80,,-6.50,-14.80,-2.10,-2.80,-3.40,,,,,,,-2.30,-2.20,,-2.10,-2.10,-1.40,-1.76,,,,,,,,-1.50,-1.70,-1.30,-1.90,-1.30,,,,,-1.80,,-1.20,-1.10,2.70,-3.10,-2.30,,,-1.90,,,-1.10,,,0.70,0.30,-2.10,2.20,-0.70,-2,
2008-12-25 07:00,-2.60,-2.76,-4.68,-3.23,-5.63,-3.02,-3.37,-2.80,-6.52,-2.96,-4.98,-4.62,-7.81,-5.20,-4.88,-5.56,-6.45,-9.50,-5.70,-7,-8.51,-8.41,-6.33,,-2.05,-2.55,-3.02,-4.45,-2.28,-4.20,-3.58,-2.46,-9.72,-5.03,-4.58,-3.93,-3.24,-3.71,-7.12,-3.24,-11.60,-12.68,-10.63,-2.81,-5.90,-2.58,-3.30,-3.43,-3.67,-3.65,-4.45,-1.53,-2.36,-1.90,-3.40,-3.80,-3.26,-3.50,-3.17,-3.09,-4.40,-4,-5.13,-9.15,-4.94,,-1.88,-2.88,-4.40,-6.01,-3.34,-3.52,-2.07,-3.88,-3.07,-1.21,-1.80,-3.13,-2.40,-1.73,-2.35,-2.50,-1.58,-3.46,-1.88,-2.40,-2.36,-1.80,-1.39,-1.70,-3.84,-1.39,-1.46,-1.40,-1.62,-1.68,-1.99,-0.81,-1.60,-1.21,-1.79,-1.77,-1.47,-2.29,-3.29,-2.74,-2.04,-1.40,-2.01,-1.98,-1.38,-1.09,-2.19,-1.84,-2.96,-1.65,-2,-2.11,-2.49,-2.12,-1.70,-1.11,-1.60,-1.32,-5,2.24,2.80,-0.96,-1.60,-1.79,-2.80,-3.60,-6.50,-14.90,-2.10,-2.80,-3.30,-2,-2.40,-10.70,-2.30,-2.10,-1.80,-2.30,-2.20,-2.10,-2,-2.10,-1.40,-1.40,-1.60,-2,-1.30,-1.80,-1.40,-3.10,-2.50,-1.50,-1.70,-1.20,-1.80,-1.30,-1.50,-2,-4.80,-2,-1.80,-1.30,-1.10,-1.10,3,-2.90,-2.10,-6.60,-3.80,-1.80,-3,-1.50,-1.10,2.20,-0.90,0.80,0.30,-2.20,2.20,-0.70,-2.30,-2.40
2008-12-25 07:10,-2.60,-2.73,-4.72,-3.19,-5.59,-3,-3.35,-2.80,-6.50,-2.97,-5,-4.50,-7.79,-5.28,-4.84,-5.56,-6.47,-9.57,-5.70,-7.02,-8.56,-8.52,-6.30,,-2,-2.44,-2.97,-4.50,-2.25,-4.20,-3.55,-2.47,-9.65,-4.94,-4.41,-3.93,-3.36,-3.67,-7.10,-3.22,-11.60,-12.64,-10.60,-2.94,-5.80,-2.59,-3.30,-3.37,-3.65,-3.71,-4.36,-1.40,-2.27,-1.75,-3.35,-3.80,-3.12,-3.40,-3.23,-3.10,-4.38,-3.90,-5.11,-9.05,-4.84,,-1.79,-2.82,-4.50,-5.99,-3.44,-3.43,-2.01,-3.74,-3.19,-1.29,-1.90,-3.15,-2.40,-1.78,-2.30,-2.40,-1.66,-3.54,-1.86,-2.35,-2.36,-1.80,-1.37,-1.66,-3.90,-1.41,-1.41,-1.40,-1.49,-1.65,-1.92,-0.77,-1.60,-1.28,-1.81,-1.79,-1.34,-2.27,-3.17,-2.78,-1.96,-1.30,-2.08,-1.98,-1.40,-1.14,-1.93,-1.79,-2.87,-1.65,-2,-2.17,-2.49,-2.06,-1.60,-1.02,-1.58,-1.30,-5.12,2.08,2.80,-0.95,-1.60,-1.80,-2.90,,-6.50,-15,-2,-2.70,-3.20,,,,,,,-2.30,-2.20,,-2,-2.10,-1.40,-1.67,,,,,,,,-1.50,-1.80,-1.30,-1.80,-1.30,,,,,-1.80,,-1.10,-1.10,2.90,-2.80,-2.10,,,-1.80,,,-1.20,,,0.70,0.40,-2.30,2.20,-0.80,-2.20,
2008-12-25 07:20,-2.60,-2.73,-4.63,-3.20,-5.63,-2.99,-3.41,-2.70,-6.42,-2.83,-4.95,-4.50,-7.77,-5.29,-4.86,-5.55,-6.36,-9.57,-5.70,-7.04,-8.49,-8.64,-6.25,,-2.03,-2.40,-2.97,-4.45,-2.26,-4.20,-3.73,-2.18,-9.69,-4.78,-4.24,-3.84,-3.39,-3.67,-7.03,-3,-11.50,-12.68,-10.49,-2.92,-5.70,-2.52,-3.20,-3.31,-3.52,-3.66,-4.32,-1.41,-2.21,-1.67,-3.25,-3.66,-3.10,-3.30,-3.20,-3.07,-4.25,-3.80,-5.03,-9.04,-4.69,,-1.72,-2.85,-4.50,-6.09,-3.46,-3.39,-2.07,-3.74,-3.28,-1.16,-1.90,-3.38,-2.40,-1.78,-2.26,-2.50,-1.66,-3.54,-1.83,-2.36,-2.34,-1.70,-1.37,-1.65,-3.77,-1.36,-1.33,-1.40,-1.42,-1.39,-1.87,-0.82,-1.59,-1.30,-1.81,-1.78,-1.53,-2.28,-3.10,-2.70,-1.97,-1.30,-2.06,-1.91,-1.40,-1.02,-1.71,-1.65,-2.79,-1.67,-2,-2.09,-2.51,-2.04,-1.60,-0.95,-1.53,-1.47,-5.01,2.12,3.10,-0.81,-1.37,-1.83,-2.90,,-6.50,-14.90,-2.10,-2.60,-3.20,,,,,,,-2.30,-2.20,,-2,-2.10,-1.40,-1.53,,,,,,,,-1.50,-1.80,-1.20,-1.90,-1.30,,,,,-1.80,,-1.10,-1.10,2.90,-2.50,,,,-1.90,,,-1.20,,,0.80,0.90,-2.40,2.10,-0.70,-2.40,
2008-12-25 07:30,-2.60,-2.77,-4.66,-3.24,-5.63,-2.98,-3.41,-2.70,-6.48,-2.76,-4.94,-4.39,-7.76,-5.24,-4.90,-5.63,-6.40,-9.48,-5.50,-6.98,-8.54,-8.33,-6.13,,-2.03,-2.42,-2.92,-4.48,-2.26,-4.20,-3.58,-2.17,-9.76,-4.24,-3.91,-3.84,-3.46,-3.76,-7.01,-3.35,-11.40,-12.69,-10.39,-2.94,-5.70,-2.60,-3.20,-3.30,-3.44,-3.64,-4.30,-1.46,-2.30,-1.68,-3.22,-3.61,-3.02,-3.20,-2.97,-2.85,-4.09,-3.70,-5.02,-9.10,-4.67,,-1.84,-2.87,-4.40,-6.10,-3.51,-3.36,-2.03,-3.74,-3.38,-1.25,-1.90,-3.44,-2.40,-1.90,-2.26,-2.40,-1.62,-3.37,-1.73,-2.43,-2.27,-1.70,-1.29,-1.70,-3.82,-1.31,-1.28,-1.30,-1.43,-1.53,-1.85,-0.76,-1.58,-1.33,-1.85,-1.75,-1.43,-2.24,-3.01,-2.69,-1.88,-1.30,-2.06,-1.84,-1.30,-1.08,-1.14,-1.53,-2.65,-1.62,-1.80,-1.94,-2.42,-2.09,-1.60,-0.98,-1.54,-1.18,-5.01,2.06,3.10,-0.87,-1.39,-1.78,-3,,-6.40,-14.90,-2.10,-2.50,-3.10,,,,,,,-2.30,-2.10,,-2,-1.90,-1.30,-1.45,,,,,,,,-1.50,-1.90,-1.20,-1.80,-1.30,,,,,-1.80,,-1.10,-1.10,3,-2.20,-2.10,,,-1.90,,,-1.20,,,0.70,0.70,-2.50,2.20,-0.70,-2.50,
2008-12-25 07:40,-2.60,-2.78,-4.71,-3.23,-5.52,-2.90,-3.42,-2.70,-6.54,-2.81,-5.02,-4.35,-7.75,-5.21,-4.84,-5.73,-6.43,-9.38,-5.20,-6.88,-8.44,-8.28,-5.76,,-1.95,-2.32,-2.88,-4.58,-2.27,-4.20,-3.70,-2.14,-9.67,-3.94,-3.70,-3.91,-3.38,-3.53,-6.80,-3.37,-11.40,-12.63,-10.48,-3.05,-5.80,-2.55,-3.10,-3.12,-3.69,-3.59,-4.30,-1.38,-2.24,-1.61,-3.22,-3.54,-3.03,-3.20,-2.93,-2.72,-4.12,-3.60,-4.88,-8.97,-4.58,,-1.77,-2.89,-4.40,-6.16,-3.50,-3.51,-1.98,-3.71,-3.33,-1.24,-1.80,-3.42,-2.50,-2.02,-2.24,-2.40,-1.77,-3.32,-1.64,-2.32,-2.30,-1.60,-1.22,-1.60,-3.85,-1.17,-1.24,-1.20,-1.27,-1.33,-1.81,-0.72,-1.62,-1.22,-1.81,-1.69,-1.35,-2.34,-2.94,-2.75,-1.83,-1.30,-2.08,-1.78,-1.25,-1.07,-0.97,-1.42,-2.32,-1.73,-1.90,-1.93,-2.49,-1.88,-1.60,-1.02,-1.57,-1.39,-4.72,2.12,3.10,-0.89,-1.18,-1.87,-2.90,,-6.30,-14.90,-2.20,-2.30,-2.90,,,,,,,-2.30,-2.10,,-2,-1.80,-1.40,-1.25,,,,,,,,-1.50,-1.90,-1.10,-1.70,-1.20,,,,,-1.80,,-1,-1.10,3.10,-1.90,-2,,,-1.80,,,-1.20,,,0.80,0.40,-2.50,2.20,-0.60,-2.70,
2008-12-25 07:50,-2.50,-2.74,-4.72,-3.21,-5.62,-2.84,-3.40,-2.70,-6.50,-2.87,-4.98,-4.28,-7.70,-5.23,-4.87,-5.68,-6.36,-9.31,-5,-6.88,-8.39,-8.54,-5.51,,-2,-2.37,-2.86,-4.52,-2.29,-4.20,-3.58,-2.14,-9.58,-3.93,-3.65,-4.03,-3.40,-3.60,-6.83,-3.43,-11.40,-12.56,-10.43,-3.06,-5.80,-2.53,-3,-3.15,-3.64,-3.53,-4.29,-1.34,-2.33,-1.48,-3.24,-3.50,-2.97,-3.10,-3.05,-2.57,-4.01,-3.40,-4.72,-8.94,-4.51,,-1.85,-2.96,-4.50,-6.13,-3.46,-3.46,-1.93,-3.69,-3.47,-1.16,-1.80,-3.39,-2.50,-2.02,-2.19,-2.40,-1.75,-3.19,-1.61,-2.23,-2.22,-1.60,-1.22,-1.75,-3.85,-1.13,-1.08,-1.20,-1.18,-1.33,-2,-0.75,-1.68,-1.20,-1.81,-1.73,-1.39,-2.37,-2.88,-2.69,-1.84,-1.30,-2.03,-1.66,-1.21,-0.94,-0.75,-1.27,-2.06,-1.72,-1.90,-1.98,-2.56,-2.11,-1.60,-0.96,-1.47,-1.76,-4.68,1.97,3,-0.90,-0.99,-1.92,-2.90,,-6.30,-14.90,-2.20,-2.10,-2.80,,,,,,,-2.30,-2,,-2,-1.70,-1.40,-1.17,,,,,,,,-1.50,-1.90,-1.10,-1.70,-1.20,,,,,-1.80,,-0.90,-1.10,3.20,-1.60,-1.90,,,-1.70,,,-1.20,,,1,0.30,-2.20,2.10,-0.60,-2.90,
2008-12-25 08:00,-2.50,-2.76,-4.72,-3.26,-5.42,-2.92,-3.42,-2.60,-6.45,-2.82,-4.95,-4.27,-7.62,-5.18,-4.70,-5.54,-6.34,-9.40,-5,-6.88,-8.39,-8.22,-5.29,,-2.07,-2.34,-2.86,-4.50,-2.27,-4.20,-3.63,-2.19,-9.54,-3.96,-3.71,-4,-3.53,-3.54,-6.96,-3.54,-11.40,-12.50,-10.41,-3.07,-5.80,-2.49,-3,-2.99,-3.58,-3.45,-4.09,-1.44,-2.30,-1.44,-3.30,-3.21,-2.91,-2.90,-2.85,-2.48,-4,-3.40,-4.59,-8.75,-4.42,,-1.57,-2.94,-4.50,-6.08,-3.48,-3.38,-1.85,-3.66,-3.64,-0.98,-1.80,-3.27,-2.60,-1.96,-2.12,-2.40,-1.58,-3.19,-1.45,-2.12,-2.28,-1.50,-1,-1.65,-3.80,-1.12,-1.06,-1.20,-1.17,-1.48,-1.95,-0.89,-1.63,-1.17,-1.74,-1.67,-1.44,-2.29,-2.71,-2.61,-1.74,-1.30,-2.08,-1.67,-1.16,-1.03,-0.36,-1.10,-1.83,-1.64,-1.90,-1.85,-2.64,-1.96,-1.60,-0.98,-1.46,-1.69,-4.63,1.93,3,-0.92,-0.96,-1.73,-2.90,-3.50,-6.40,-14.90,-2.20,-2.10,-2.70,-1.80,-2.20,-10.70,-2.90,-1.90,-2.10,-2.30,-2,-1.80,-2,-1.60,-1.30,-1,-1.30,-2,-1.20,-1.90,-1.60,-2.70,-2.40,-1.50,-1.80,-1,-1.70,-1.10,-1.10,-1.80,-3.70,-1.90,-1.70,-0.90,-0.80,-1,3.30,-1.50,-1.80,,-3.50,-1.60,-3.10,-1.40,-1.30,1.40,-0.80,1.10,0.30,-2.40,1.90,-0.60,-3.40,-2.20
2008-12-25 08:10,-2.40,-2.73,-4.69,-3.31,-5.40,-2.81,-3.35,-2.70,-6.36,-2.78,-4.99,-4.21,-7.48,-5.15,-4.77,-5.47,-6.24,-9.40,-4.90,-6.82,-8.46,-8.26,-5.22,,-1.89,-2.36,-2.95,-4.53,-2.31,-4.20,-3.55,-2.25,-9.42,-4.01,-3.69,-4.02,-3.51,-3.59,-6.87,-3.59,-11.30,-12.52,-10.38,-2.87,-5.80,-2.43,-2.80,-2.87,-3.60,-3.34,-4.12,-1.33,-2.33,-1.42,-3.35,-3.07,-2.81,-2.90,-2.66,-2.35,-3.85,-3.40,-4.49,-8.79,-4.41,,-1.61,-2.83,-4.40,-6.14,-3.46,-3.52,-1.84,-3.66,-3.72,-0.89,-1.70,-3.28,-2.58,-2.04,-2.24,-2.40,-1.56,-3.06,-1.22,-2.03,-2.16,-1.50,-0.97,-1.69,-3.70,-1.03,-1.05,-1.10,-1.29,-1.38,-1.99,-0.86,-1.55,-1.10,-1.72,-1.62,-1.48,-2.28,-2.47,-2.43,-1.61,-1.30,-2.16,-1.68,-1.05,-1,0.38,-0.99,-1.71,-1.55,-1.80,-1.79,-2.78,-1.99,-1.40,-0.99,-1.28,-1.34,-4.41,1.91,3,-0.94,-1.13,-1.80,-2.90,,-6.40,-14.80,-2.20,-1.90,-2.60,,,,,,,-2.20,-1.90,,-1.90,-1.60,-1.30,-1.10,,,,,,,,-1.50,-1.80,-0.90,-1.60,-1.10,,,,,-1.70,,-0.80,-0.90,3.30,-1.50,-1.80,,,-1.60,,,-1.30,,,1,0.80,-2.40,1.90,-0.60,-3.40,
2008-12-25 08:20,-2.30,-2.77,-4.62,-3.17,-5.40,-2.85,-3.29,-2.60,-6.41,-2.77,-4.96,-4.18,-7.61,-5.16,-4.74,-5.40,-6.19,-9.59,-4.80,-6.89,-8.51,-8.48,-5.12,,-1.95,-2.34,-2.87,-4.61,-2.25,-4.20,-3.60,-2.24,-9.46,-4.06,-3.65,-4.08,-3.41,-3.65,-6.76,-3.52,-11.30,-12.54,-10.30,-3,-5.70,-2.31,-2.70,-2.82,-3.68,-3.15,-4.22,-1.36,-2.34,-1.35,-3.33,-3.03,-2.72,-2.80,-2.57,-2.30,-3.71,-3.40,-4.45,-8.65,-4.41,,-1.54,-2.80,-4.50,-6.15,-3.49,-3.63,-1.80,-3.69,-3.68,-0.93,-1.60,-3.26,-2.51,-1.91,-2.09,-2.40,-1.63,-3.09,-1.35,-2.01,-2.03,-1.50,-0.84,-1.61,-3.77,-1.02,-1.01,-1,-1.13,-1.27,-2.09,-0.89,-1.53,-1.09,-1.74,-1.62,-1.45,-2.21,-2.45,-2.41,-1.64,-1.30,-2.07,-1.55,-0.97,-0.99,0.89,-0.89,-1.64,-1.54,-1.70,-1.78,-2.67,-1.83,-1.40,-0.90,-1.19,-1.12,-4.26,1.88,3,-1,-1.30,-1.72,-2.90,,-6.40,-14.80,-2.30,-1.70,-2.60,,,,,,,-2.20,-1.80,,-1.90,-1.40,-1.20,-1.06,,,,,,,,-1.50,-1.70,-0.90,-1.50,-1.10,,,,,-1.60,,-0.70,-0.90,3.30,-1.40,-1.80,,,-1.60,,,-1.20,,,1,0.70,-2.30,1.80,-0.50,-3.50,
2008-12-25 08:30,-2.30,-2.79,-4.67,-3.08,-5.50,-2.59,-3.32,-2.60,-6.36,-2.82,-4.89,-4.17,-7.58,-5.15,-4.69,-5.47,-6.27,-9.61,-4.70,-6.86,-8.44,-8.52,-5.07,,-1.93,-2.27,-2.94,-4.54,-2.19,-4.30,-3.67,-2.15,-9.38,-4.11,-4.05,-4.09,-3.37,-3.82,-6.64,-3.61,-11.30,-12.58,-10.27,-3.12,-5.60,-2.18,-2.70,-2.81,-3.71,-3.07,-4.06,-1.28,-2.35,-1.36,-3.27,-3.03,-2.57,-2.70,-2.45,-2.33,-3.56,-3.40,-4.30,-8.79,-4.39,,-1.54,-2.91,-4.50,-6.05,-3.54,-3.69,-1.76,-3.80,-3.54,-1.01,-1.60,-3.06,-2.55,-2.12,-2.03,-2.40,-1.70,-2.97,-1.23,-2.04,-2.04,-1.40,-0.93,-1.52,-3.76,-1.02,-1.03,-1,-1.09,-1.09,-1.98,-0.90,-1.53,-1.07,-1.73,-1.53,-1.54,-2,-2.48,-2.34,-1.53,-1.30,-1.97,-1.65,-0.89,-0.96,0.93,-0.89,-1.53,-1.55,-1.50,-1.78,-2.53,-1.83,-1.40,-0.92,-1.25,-1.14,-3.75,1.97,2.90,-1.03,-1.33,-1.60,-3,,-6.30,-14.80,-2.20,-1.70,-2.70,,,,,,,-2.10,-1.80,,-1.80,-1.30,-1.10,-1.13,,,,,,,,-1.50,-1.70,-0.80,-1.50,-1,,,,,-1.60,,-0.60,-0.80,3.30,-1.40,-1.60,,,-1.60,,,-1.20,,,1,0.60,-2.10,1.70,-0.50,-3.40,
2008-12-25 08:40,-2.20,-2.76,-4.71,-3.03,-5.50,-2.66,-3.29,-2.60,-6.29,-2.74,-4.86,-4.28,-7.54,-5.16,-4.67,-5.47,-6.27,-9.66,-4.60,-6.68,-8.52,-8.42,-4.92,,-1.70,-2.29,-3,-4.45,-2.16,-4.20,-3.65,-2.17,-9.39,-4.27,-4.16,-4.13,-3.41,-3.87,-6.56,-3.64,-11.30,-12.54,-10.22,-2.93,-5.40,-2.12,-2.60,-2.76,-3.70,-3.01,-4.03,-1.38,-2.30,-1.35,-3.22,-3.04,-2.52,-2.50,-2.45,-2.40,-3.49,-3.30,-4.41,-8.76,-4.45,-6.28,-1.58,-2.88,-4.40,-6.07,-3.50,-3.71,-1.73,-3.96,-3.40,-1.05,-1.60,-3.08,-2.64,-2.23,-1.93,-2.40,-1.62,-2.91,-1.17,-2.01,-2.10,-1.30,-0.88,-1.49,-3.66,-1.05,-0.86,-0.90,-1.06,-0.98,-1.96,-0.88,-1.47,-0.94,-1.66,-1.52,-1.60,-2.15,-2.50,-2.16,-1.36,-1.30,-1.86,-1.67,-0.92,-0.87,1.29,-0.76,-1.38,-1.54,-1.50,-1.79,-2.54,-1.85,-1.30,-0.84,-1.28,-1.13,-3.71,1.91,2.40,-0.89,-1.16,-1.54,-3,,-6.20,-14.80,-2.20,-1.70,-2.80,,,,,,,-2.10,-1.70,,-1.80,-1.20,-0.90,-1.21,,,,,,,,-1.40,-1.70,-0.80,-1.50,-0.90,,,,,-1.50,,-0.60,-0.70,3.50,-1.20,-1.50,,,-1.60,,,-1.10,,,1,0.80,-1.80,1.70,-0.40,-3.30,
2008-12-25 08:50,-2.20,-2.83,-4.68,-3.07,-5.40,-2.82,-3.16,-2.50,-6.27,-2.71,-4.80,-4.38,-7.54,-5.16,-4.64,-5.47,-6.14,-9.68,-4.50,-6.67,-8.55,-8.17,-4.82,,-1.78,-2.29,-2.95,-4.51,-2.07,-4.10,-3.57,-2.16,-9.32,-4.31,-4.18,-4.23,-3.43,-3.79,-6.66,-3.38,-11.30,-12.50,-10.20,-2.88,-5.40,-1.96,-2.40,-2.63,-3.54,-3,-4.14,-1.38,-2.27,-1.24,-3.12,-3.09,-2.59,-2.50,-2.50,-2.43,-3.48,-3.40,-4.32,-8.67,-4.47,-6.37,-1.47,-2.90,-4.40,-6.04,-3.47,-3.65,-1.58,-3.90,-3.35,-0.96,-1.70,-3,-2.58,-2.11,-1.82,-2.40,-1.65,-2.91,-1.22,-1.86,-2.01,-1.30,-0.87,-1.47,-3.51,-1.03,-0.77,-0.80,-1.14,-0.97,-1.95,-0.85,-1.41,-0.73,-1.67,-1.56,-1.48,-1.89,-2.32,-2.09,-1.42,-1.20,-1.74,-1.64,-0.82,-0.91,1.56,-0.62,-1.25,-1.49,-1.40,-1.61,-2.67,-1.78,-1.30,-0.85,-1.30,-1.02,-3.48,1.86,1.60,-0.72,-1.02,-1.56,-3,,-6.10,-14.80,-2.30,-1.70,-2.70,,,,,,,-2,-1.70,,-1.70,-1.10,-0.80,-1.21,,,,,,,,-1.30,-1.80,-0.70,-1.40,-0.90,,,,,-1.40,,-0.60,-0.70,3.30,-0.90,-1.40,,,-1.50,,,-1.10,,,1.10,1.20,-1.90,1.60,-0.40,-3.30,
2008-12-25 09:00,-2.20,-2.75,-4.67,-3.09,-5.32,-2.62,-3.15,-2.40,-6.33,-2.73,-4.72,-4.31,-7.48,-5.11,-4.60,-5.58,-6.22,-9.66,-4.40,-6.57,-8.46,-8.32,-4.72,,-1.68,-2.25,-2.85,-4.47,-1.91,-4.10,-3.51,-2.08,-9.35,-4.20,-4.24,-4.32,-3.20,-3.69,-6.78,-3.41,-11.20,-12.40,-10.15,-2.88,-5.50,-1.79,-2.40,-2.44,-3.41,-2.97,-4.02,-1.22,-2.26,-1.23,-3.19,-3.17,-2.60,-2.40,-2.64,-2.30,-3.49,-3.50,-4.24,-8.68,-4.40,-6.34,-1.39,-2.87,-4.40,-6.01,-3.55,-3.69,-1.63,-4.05,-3.37,-1.05,-1.60,-3.03,-2.60,-1.97,-1.87,-2.30,-1.72,-2.85,-1.13,-1.96,-1.99,-1.30,-0.89,-1.38,-3.45,-0.92,-0.75,-0.70,-0.93,-0.87,-1.96,-0.87,-1.45,-0.82,-1.59,-1.52,-1.42,-1.92,-2.20,-1.92,-1.40,-1.20,-1.70,-1.57,-0.85,-1.03,1.61,-0.47,-1.27,-1.47,-1.40,-1.64,-2.56,-1.78,-1.30,-0.77,-1.27,-1.21,-3.14,2,1.80,-0.55,-1.03,-1.50,-3.10,-3.10,-6.10,-14.80,-2.20,-1.70,-2.70,-1.60,-2.20,-10.70,-2.50,-1.80,-2.10,-2,-1.60,-1.40,-1.60,-1,-0.80,-1.10,-1.30,-1.70,-1,-1.50,-1.50,-2.40,-2,-1.30,-1.90,-0.70,-1.50,-0.80,-0.70,-0.90,-2.10,-1.70,-1.30,-0.60,-0.50,-0.60,2.80,-0.50,-1.30,,-2.80,-1.40,-2.50,-1.20,-1,0.80,-0.10,1.30,1.20,-1.90,1.40,-0.50,-3.50,-2.10
2008-12-25 09:10,-2.20,-2.69,-4.46,-3.21,-5.30,-2.56,-3.06,-2.30,-6.39,-2.76,-4.62,-4.18,-7.43,-5.07,-4.58,-5.48,-6.19,-9.65,-4.30,-6.42,-8.19,-8.46,-4.58,,-1.54,-2.20,-2.88,-4.42,-1.70,-4,-3.48,-1.92,-9.30,-4,-4.18,-4.25,-3.36,-3.69,-6.77,-3.39,-11.10,-12.40,-10.03,-2.91,-5.40,-1.70,-2.30,-2.29,-3.45,-2.82,-3.97,-1.26,-2.16,-1.31,-3.15,-3.18,-2.63,-2.50,-2.72,-2.34,-3.53,-3.60,-4.24,-8.67,-4.38,,-1.53,-2.89,-4.40,-5.94,-3.69,-3.65,-1.59,-4.09,-3.29,-0.92,-1.60,-3.05,-2.59,-2.02,-1.90,-2.20,-1.58,-2.77,-0.96,-1.97,-2.01,-1.40,-0.73,-1.37,-3.44,-0.85,-0.74,-0.70,-0.86,-0.81,-1.92,-0.83,-1.46,-0.67,-1.59,-1.44,-1.42,-2.04,-2.18,-1.82,-1.34,-1.10,-1.46,-1.44,-0.65,-1.03,1.72,-0.52,-1.09,-1.38,-1.30,-1.71,-2.49,-1.72,-1.20,-0.91,-1.28,-1,-2.22,2.11,2.10,-0.41,-0.62,-1.49,-3.20,,-6.20,-14.70,-2.10,-1.70,-2.70,,,,,,,-1.90,-1.60,,-1.60,-0.90,-0.70,-1.34,,,,,,,,-1.30,-1.80,-0.60,-1.30,-0.80,,,,,-1.30,,-0.20,-0.60,2.80,-0.50,-1.20,,,-1.40,,,-1,,,1.40,1,-1.90,1.40,-0.50,-3.50,
2008-12-25 09:20,-2.20,-2.62,-4.42,-3.20,-5.30,-2.52,-3.11,-2.20,-6.37,-2.79,-4.72,-4.33,-7.41,-5.04,-4.62,-5.28,-6.20,-9.57,-4.30,-6.46,-8.41,-8.46,-4.58,,-1.49,-2.04,-2.93,-4.34,-1.55,-4,-3.49,-2.08,-9.15,-3.95,-4.18,-4.21,-3.22,-3.68,-6.68,-3.41,-11.10,-12.32,-10.10,-3.01,-5.40,-1.67,-2.20,-2.30,-3.15,-2.77,-3.90,-1.20,-2.13,-1.32,-3.10,-3.14,-2.68,-2.40,-2.74,-2.28,-3.54,-3.50,-4.30,-8.54,-4.39,,-1.58,-2.80,-4.50,-6.02,-3.65,-3.79,-1.64,-4,-3.36,-0.88,-1.60,-2.96,-2.60,-2.02,-1.93,-1.90,-1.43,-2.88,-0.97,-1.86,-2.01,-1.40,-0.67,-1.32,-3.49,-0.78,-0.62,-0.60,-0.99,-0.89,-1.79,-0.83,-1.37,-0.60,-1.43,-1.43,-1.32,-2.12,-2.10,-1.87,-1.30,-1.10,-1.46,-1.34,-0.66,-0.98,1.73,-0.48,-1.07,-1.35,-1.30,-1.52,-2.40,-1.82,-1.10,-0.72,-1.27,-1.19,-2.37,2.12,2.10,-0.41,-0.76,-1.44,-3.30,,-6.10,-14.70,-2.10,-1.70,-2.70,,,,,,,-1.90,-1.50,,-1.50,-0.80,-0.80,-1.41,,,,,,,,-1.30,-1.80,-0.50,-1.20,-0.80,,,,,-1.20,,-0.10,-0.50,2.80,-0.50,-1.20,,,-1.30,,,-1,,,1.60,1.30,-2,1.30,-0.50,-3.50,
2008-12-25 09:30,-2,-2.53,-4.39,-3.09,-5.20,-2.50,-3.06,-2.10,-6.40,-2.75,-4.79,-4.28,-7.38,-5.08,-4.67,-5.13,-6.12,-9.59,-4.30,-6.52,-8.50,-8.37,-4.63,,-1.46,-2.07,-2.92,-4.31,-1.36,-4,-3.44,-2.08,-9.07,-3.94,-4.09,-4.21,-3.26,-3.73,-6.51,-3.21,-11,-12.15,-10.02,-2.96,-5.40,-1.51,-2.20,-2.28,-2.95,-2.68,-3.96,-1.27,-2.21,-1.36,-3.09,-2.99,-2.66,-2.40,-2.64,-2.17,-3.53,-3.40,-4.36,-8.51,-4.39,,-1.38,-2.77,-4.40,-6.03,-3.56,-3.88,-1.67,-4.07,-3.30,-1.19,-1.60,-2.97,-2.60,-1.95,-1.84,-2.10,-1.41,-2.79,-0.95,-1.83,-1.83,-1.20,-0.60,-1.10,-3.51,-0.80,-0.48,-0.70,-0.93,-0.87,-1.70,-0.77,-1.35,-0.70,-1.51,-1.36,-1.30,-2.16,-1.95,-1.89,-1.20,-1,-1.44,-1.27,-0.47,-1.05,1.66,-0.42,-0.92,-1.33,-1.20,-1.51,-2.38,-1.58,-1.10,-0.63,-1.28,-1.02,-2.37,2.08,2.10,-0.35,-0.54,-1.53,-3.30,,-6.10,-14.60,-1.90,-1.70,-2.70,,,,,,,-2,-1.60,,-1.40,-0.70,-0.80,-1.34,,,,,,,,-1.30,-1.90,-0.40,-1.20,-0.90,,,,,-1.20,,0.10,-0.40,2.60,-0.50,-1,,,-1.30,,,-0.90,,,1.80,1.50,-1.70,1.40,-0.40,-3.30,
2008-12-25 09:40,-1.70,-2.48,-4.40,-2.97,-4.70,-2.46,-3.03,-2.10,-6.40,-2.72,-4.80,-4.23,-7.35,-5,-4.70,-5.13,-6.02,-9.49,-4.40,-6.41,-8.42,-8.21,-4.59,,-1.31,-1.99,-2.83,-4.21,-1.27,-4,-3.33,-1.95,-9.11,-3.99,-4.10,-4.21,-3.25,-3.62,-6.54,-3,-11,-12.09,-9.96,-2.90,-5.30,-1.51,-2.20,-2.32,-2.98,-2.69,-3.92,-1.28,-2.04,-1.30,-3.07,-2.97,-2.62,-2.50,-2.59,-2.09,-3.46,-3.30,-4.37,-8.41,-4.35,-6.32,-1.42,-2.79,-4.50,-6.02,-3.64,-3.93,-1.64,-4.22,-3.53,-1.09,-1.60,-3.03,-2.60,-1.88,-1.80,-2.10,-1.27,-2.92,-0.86,-1.83,-1.89,-1.10,-0.40,-1.03,-3.41,-0.69,-0.50,-0.70,-0.86,-0.82,-1.69,-0.79,-1.29,-0.77,-1.51,-1.31,-1.15,-2.14,-1.94,-1.78,-0.97,-1,-1.41,-1.18,-0.36,-1.01,1.71,-0.30,-0.67,-1.28,-1.10,-1.51,-2.35,-1.50,-1.20,-0.62,-1.18,-1.10,-1.68,2.09,1.90,-0.20,-0.62,-1.44,-3.30,,-6.10,-14.50,-1.70,-1.70,-2.60,,,,,,,-2,-1.50,,-1.30,-0.60,-0.80,-1.29,,,,,,,,-1.30,-1.90,-0.30,-1.20,-0.90,,,,,-1.10,,0.20,-0.40,2.30,-0.40,,,,-1.20,,,-0.90,,,1.90,1.70,-1.40,1.50,-0.40,-3,
2008-12-25 09:50,-1.60,-2.47,-4.32,-2.95,-4.40,-2.23,-3.04,-2.20,-6.36,-2.65,-4.76,-4.16,-7.40,-5.04,-4.72,-5.13,-5.92,-9.50,-4.40,-6.34,-8.34,-8.30,-4.65,,-1.17,-1.87,-2.73,-4.21,-1.08,-3.90,-3.40,-1.85,-8.97,-3.81,-4.10,-4.12,-3.24,-3.62,-6.57,-2.99,-10.90,-12.11,-10.03,-2.65,-5.40,-1.45,-2.20,-2.18,-2.90,-2.70,-3.71,-1.22,-1.96,-1.33,-3.03,-2.99,-2.54,-2.40,-2.52,-2.05,-3.52,-3.20,-4.39,-8.32,-4.28,-6.13,-1.51,-2.87,-4.40,-6.08,-3.60,-4.02,-1.57,-4.28,-3.64,-1.05,-1.60,-2.95,-2.60,-1.46,-1.76,-2.10,-1.15,-2.96,-0.68,-1.87,-1.85,-1.10,-0.29,-1.06,-3.49,-0.61,-0.41,-0.70,-1.13,-0.91,-1.64,-0.75,-1.30,-0.70,-1.44,-1.28,-1.15,-2.06,-1.87,-1.56,-0.64,-0.90,-1.39,-1.09,-0.27,-1.07,1.62,-0.23,-0.62,-1.24,-1.10,-1.54,-2.21,-1.40,-1.20,-0.62,-1.31,-0.98,-1.64,2.17,1.80,-0.24,-0.60,-1.54,-3.20,,-6,-14.40,-1.40,-1.70,-2.60,,,,,,,-2,-1.50,,-1.20,-0.50,-0.70,-1.18,,,,,,,,-1.10,-1.70,0,-1.30,-0.80,,,,,-1,,0,-0.40,2.30,-0.30,-0.70,,,-1.20,,,-0.90,,,1.80,1.20,-1.50,1.50,-0.30,-2.90,
2008-12-25 10:00,-1.60,-2.48,-4.32,-2.80,-5.04,-2.14,-3.03,-2.20,-6.34,-2.59,-4.76,-4.19,-7.40,-5.05,-4.73,-5.03,-5.96,-9.45,-4.40,-6.48,-8.29,-8.28,-4.68,,-1.08,-1.74,-2.64,-4.13,-1.06,-3.60,-3.26,-1.88,-9,-3.63,-4.02,-4.20,-3.17,-3.65,-6.55,-2.98,-11,-12.01,-9.87,-2.85,-5.50,-1.41,-2.10,-2.16,-2.90,-2.68,-3.64,-1.25,-1.97,-1.24,-2.96,-2.96,-2.48,-2.40,-2.66,-2.09,-3.44,-3.10,-4.28,-8.31,-4.22,-6.08,-1.35,-2.83,-4.40,-6.08,-3.65,-4.06,-1.65,-4.23,-3.53,-0.97,-1.60,-2.93,-2.40,-1.22,-1.77,-2.10,-1.27,-2.91,-0.60,-1.83,-1.86,-1,-0.15,-1.18,-3.53,-0.60,-0.38,-0.70,-0.91,-0.91,-1.56,-0.66,-1.22,-0.58,-1.39,-1.26,-1.05,-1.84,-1.79,-1.54,-0.75,-0.90,-1.30,-1.04,-0.25,-1.05,1.47,-0.26,-0.59,-1.17,-1.10,-1.39,-2.06,-1.61,-1.20,-0.69,-1.26,-1.04,-1.62,2.15,1.80,-0.16,-0.53,-1.57,-3.10,-2.70,-6.10,-14.40,-1.30,-1.70,-2.60,-1.60,-2.20,-11.10,-2.70,-1.90,-2,-1.90,-1.40,-1.10,-1.30,-0.50,-0.70,-1.10,-0.80,-1.40,-1,-0.90,-1.10,-1.80,-1.60,-1.10,-1.60,0.30,-1.30,-0.60,-0.20,0,-1.10,-1.20,-0.90,-0.30,-0.10,-0.30,2.50,-0.20,-0.40,-1.20,-1.60,-1.10,-2.20,-0.90,-0.90,1,0.70,1.90,1,-1.20,1.60,-0.20,-3.60,-1.80
2008-12-25 10:10,-1.50,-2.40,-4.31,-2.59,-4.87,-2.06,-2.95,-2.30,-6.43,-2.60,-4.78,-4.19,-7.22,-4.99,-4.80,-5.08,-5.92,-9.36,-4.40,-6.37,-8.26,-8.09,-4.64,,-1.12,-1.69,-2.55,-4.06,-1.05,-3.60,-3.24,-1.77,-8.93,-3.60,-4.08,-4.16,-3.01,-3.57,-6.58,-2.93,-10.90,-11.94,-9.83,-2.77,-5.40,-1.44,-2.10,-2.26,-2.75,-2.73,-3.61,-1.32,-2.03,-1.23,-2.94,-2.91,-2.50,-2.30,-2.63,-2.02,-3.49,-3.10,-4.26,-8.21,-4.21,-6.10,-1.39,-2.84,-4.50,-5.96,-3.89,-4.23,-1.72,-4.28,-3.62,-0.95,-1.50,-3.01,-2.39,-1.09,-1.93,-2.10,-1.05,-2.84,-0.56,-1.71,-1.74,-0.80,0.01,-1.08,-3.43,-0.54,-0.49,-0.60,-0.97,-0.89,-1.47,-0.58,-1.25,-0.56,-1.38,-1.26,-0.93,-2,-1.64,-1.70,-0.62,-0.90,-1.24,-0.99,-0.22,-0.93,1.39,-0.19,-0.43,-1.11,-1.10,-1.34,-1.78,-1.56,-1.20,-0.70,-1.22,-1.21,-1.06,1.87,1.90,-0.14,-0.50,-1.55,-3,,-6.10,-14.30,-1.10,-1.80,-2.60,,,,,,,-1.90,-1.40,,-1.30,-0.50,-0.70,-1.22,,,,,,,,-1,-1.40,0.40,-1.30,-0.60,,,,,-0.90,,-0.20,-0.30,2.50,-0.20,-0.40,,,-1.10,,,-0.90,,,2.20,1.10,-0.20,1.60,-0.20,-3.60,
2008-12-25 10:20,-1.40,-2.34,-4.39,-2.59,-4.76,-1.86,-2.86,-2.30,-6.44,-2.71,-4.70,-4.24,-7.15,-4.98,-4.78,-5.11,-5.84,-9.20,-4.40,-6.38,-8.37,-7.89,-4.55,,-1.07,-1.62,-2.48,-3.93,-1.07,-3.50,-3.18,-1.59,-8.87,-3.59,-3.99,-4.08,-2.94,-3.55,-6.59,-2.80,-10.80,-11.89,-9.83,-2.60,-5.50,-1.48,-2.20,-2.28,-2.78,-2.77,-3.44,-1.23,-2.02,-1.19,-3.01,-2.88,-2.49,-2.30,-2.43,-2.08,-3.39,-3.20,-4.11,-8.12,-4.22,-6.15,-1.33,-2.85,-4.70,-6.05,-4.01,-4.24,-1.70,-4.40,-3.67,-0.99,-1.50,-3.02,-2.27,-1.11,-1.92,-2,-1.12,-2.94,-0.59,-1.72,-1.76,-0.70,0.08,-1.06,-3.35,-0.29,-0.45,-0.60,-0.99,-0.93,-1.44,-0.45,-1.26,-0.50,-1.34,-1.16,-0.98,-1.77,-1.65,-1.70,-0.55,-0.80,-1.18,-1.01,-0.20,-0.78,1.50,-0.13,-0.34,-1.17,-1.10,-1.40,-1.84,-1.37,-1.10,-0.58,-1.25,-1.15,-0.50,1.60,1.90,-0.07,-0.44,-1.43,-2.90,,-6.10,-14.30,-1.10,-1.80,-2.60,,,,,,,-1.90,-1.40,,-1.30,-0.50,-0.70,-1.19,,,,,,,,-1,-1.30,0.60,-1.30,-0.60,,,,,-0.80,,-0.30,-0.20,2.60,-0.10,-0.10,,,-1.10,,,-0.90,,,2.40,1.60,0.20,1.60,-0.20,-4.60,
2008-12-25 10:30,-1.30,-2.22,-4.37,-2.59,-5.04,-1.79,-2.85,-2.30,-6.32,-2.59,-4.77,-4.23,-7.16,-5,-4.69,-5.34,-5.83,-9.23,-4.40,-6.43,-8.43,-7.99,-4.56,,-1.01,-1.51,-2.42,-3.87,-1.02,-3.40,-2.97,-1.46,-8.85,-3.50,-3.92,-3.89,-2.91,-3.51,-6.48,-2.50,-10.90,-11.81,-9.81,-2.45,-5.50,-1.56,-2.20,-2.26,-2.85,-2.80,-3.50,-1.18,-1.91,-1.24,-2.98,-2.86,-2.47,-2.20,-2.32,-2.09,-3.34,-3.20,-4.16,-8.04,-4.22,-6.06,-1.28,-2.87,-4.70,-6.39,-4.04,-4.15,-1.65,-4.38,-3.52,-0.86,-1.40,-2.95,-2.22,-1.08,-1.99,-2,-1.08,-2.87,-0.65,-1.70,-1.78,-0.60,0.15,-0.97,-3.38,-0.36,-0.45,-0.50,-0.93,-0.75,-1.35,-0.46,-1.20,-0.50,-1.16,-1.17,-0.90,-1.69,-1.58,-1.78,-0.49,-0.80,-1.18,-0.86,-0.31,-0.72,1.32,0.10,-0.32,-1.05,-1.10,-1.36,-1.60,-1.27,-1.10,-0.68,-1.16,-0.82,-0.16,1.60,1.90,0.05,-0.37,-1.33,-2.80,,-6.10,-14.30,-1.10,-1.80,-2.60,,,,,,,-1.70,-1.70,,-1.20,-0.40,-0.80,-1.11,,,,,,,,-1.10,-1.20,0.60,-1.20,-0.50,,,,,-0.70,,-0.30,-0.30,2.70,0,0.10,,,-1.10,,,-1,,,2.50,2.20,0.80,1.60,-0.20,-5.10,
2008-12-25 10:40,-1.30,-2.25,-4.27,-2.57,-5.03,-1.60,-2.80,-2.30,-6.31,-2.57,-4.80,-4.12,-7.09,-5.04,-4.73,-5.23,-5.71,-9.25,-4.30,-6.46,-8.36,-8.17,-4.56,,-0.93,-1.44,-2.32,-3.89,-0.98,-3.40,-2.91,-1.33,-8.69,-3.42,-3.77,-3.85,-2.65,-3.43,-6.47,-2.37,-10.80,-11.80,-9.78,-2.24,-5.40,-1.62,-2.20,-2.24,-2.72,-2.75,-3.51,-1.19,-1.93,-1.14,-2.95,-2.86,-2.47,-2.20,-2.37,-2.13,-3.34,-3.10,-4.09,-8.03,-4.19,-6,-1.15,-2.96,-4.90,-6.38,-4.10,-4.29,-1.55,-4.48,-3.45,-0.71,-1.40,-2.94,-2.31,-1.11,-1.94,-2,-1.12,-2.75,-0.63,-1.60,-1.73,-0.70,0.23,-0.82,-3.31,-0.42,-0.54,-0.60,-0.98,-0.77,-1.33,-0.45,-1.22,-0.41,-1.07,-1.11,-0.79,-1.64,-1.49,-1.77,-0.47,-0.80,-1.08,-0.79,-0.46,-0.71,1.35,0.13,-0.35,-1.24,-1.10,-1.23,-1.58,-1.23,-1.10,-0.61,-1.17,-0.75,0.02,1.45,2,0.17,-0.42,-1.35,-2.80,,-6.10,-14.20,-1.10,-1.80,-2.60,,,,,,,-1.70,-1.70,,-1.30,-0.50,-0.80,-1.05,,,,,,,,-1.10,-1.20,0.40,-1.20,-0.40,,,,,-0.70,,-0.30,-0.40,2.90,0,0.20,,,-1.10,,,-1,,,2.40,2.50,1,1.50,-0.20,-4.90,
2008-12-25 10:50,-1.30,-2.25,-4.32,-2.74,-5.21,-1.73,-2.76,-2.30,-6.30,,-4.77,-3.98,-7.06,-5.06,-4.76,-5.20,-5.78,-9.22,-4.40,-6.46,-8.39,-8.08,-4.49,,-0.87,-1.47,-2.32,-3.86,-0.93,-3.40,-2.83,-1.26,-8.52,-3.32,-3.45,-3.71,-2.59,-3.37,-6.44,-2.10,-10.80,-11.75,-9.76,-2.11,-5.40,-1.56,-2.30,-2.29,-2.67,-2.77,-3.64,-1.27,-1.96,-1.14,-2.94,-2.86,-2.49,-2.20,-2.41,-2.05,-3.33,-3.10,-4.14,-7.99,-4.14,-5.96,-1.13,-3.10,-5.10,-6.55,-3.89,-4.14,-1.51,-4.51,-3.42,-0.77,-1.40,-2.94,-2.36,-0.90,-1.83,-2,-1.13,-2.79,-0.56,-1.49,-1.73,-0.60,0.21,-0.75,-3.35,-0.34,-0.47,-0.60,-0.88,-0.72,-1.23,-0.36,-1.20,-0.37,-1.07,-1.08,-0.76,-1.64,-1.29,-1.69,-0.50,-0.70,-0.95,-0.79,-0.38,-0.74,1.27,-0.16,-0.38,-1.26,-1.10,-1.19,-1.40,-1.08,-1.10,-0.75,-1.20,-0.84,0.13,1.50,1.80,0.66,-0.28,-1.45,-2.80,,-6,-14.20,-1.10,-1.70,-2.50,,,,,,,-1.60,-1.60,,-1.30,-0.60,-0.80,-0.98,,,,,,,,-1,-1.10,0.30,-1.10,-0.30,,,,,-0.60,,-0.20,-0.40,2.90,-0.10,0.30,,,-1.10,,,-0.90,,,2.50,2.50,1,1.50,-0.20,-4.40,
2008-12-25 11:00,-1.40,-2.25,-4.27,-2.88,-5.42,-1.63,-2.59,-2.30,-6.28,-2.53,-4.75,-3.86,-7.17,-5.09,-4.75,-5.21,-5.72,-9.23,-4.40,-6.44,-8.26,-8.03,-4.50,,-0.80,-1.48,-2.35,-3.91,-0.96,-3.40,-2.85,-1.09,-8.48,-3.20,-3.22,-3.61,-2.72,-3.29,-6.35,-2.42,-10.80,-11.77,-9.82,-2.15,-5.30,-1.55,-2.30,-2.41,-2.64,-2.66,-3.51,-1.21,-1.97,-1.17,-2.99,-2.78,-2.40,-2.30,-2.34,-2.06,-3.33,-3.10,-4.17,-7.95,-4.11,-5.91,-1.17,-3.24,-5.10,-6.65,-4.06,-4.22,-1.55,-4.58,-3.46,-0.89,-1.50,-2.90,-2.33,-0.81,-1.71,-2,-1.03,-2.77,-0.40,-1.50,-1.63,-0.50,0.25,-0.71,-3.46,-0.35,-0.40,-0.60,-0.90,-0.71,-1.25,-0.33,-1.07,-0.39,-1.13,-1.05,-0.75,-1.52,-1.29,-1.45,-0.46,-0.60,-0.76,-0.77,-0.24,-0.77,1.31,-0.18,-0.19,-1.27,-1,-1.38,-1.65,-1.28,-1.10,-0.65,-1.05,-0.70,0.19,1.61,1.90,0.99,0.24,-1.47,-2.90,-2.90,-6.10,-14.10,-1,-1.60,-2.50,,-2.40,-11.70,-2.60,-1.80,-1.60,-1.60,-1.50,-1,-1.20,-0.60,-0.70,-0.80,,-1.10,-0.60,-0.40,-1,-1.50,-1.30,-1,-1.10,0.30,-1,-0.40,0.70,1,-0.80,-0.90,-0.50,-0.10,-0.30,-0.40,3.10,0,0.40,,-1,-1.10,-2.10,,-0.80,2.10,1.30,2.60,2.30,1.20,1.60,0.40,-3.80,-1.60
2008-12-25 11:10,-1.40,-2.23,-4.29,-2.83,-5.53,-1.44,-2.54,-2.20,-6.21,-2.50,-4.76,-3.92,-7.26,-5.04,-4.69,-5.31,-5.60,-9.24,-4.40,-6.33,-8.31,-8.11,-4.41,,-0.86,-1.31,-2.31,-3.85,-1,-3.30,-2.90,-1.11,-8.64,-3.19,-3.13,-3.48,-2.45,-3.23,-6.29,-2.24,-10.80,-11.74,-9.74,-2.21,-5.40,-1.54,-2.40,-2.36,-2.82,-2.59,-3.42,-1.17,-1.91,-1.13,-2.91,-2.86,-2.36,-2.40,-2.22,-2.01,-3.35,-3.10,-4.08,-7.96,-4.11,-5.88,-1.07,-3.35,-5.10,-6.73,-4.13,-4.21,-1.54,-4.50,-3.48,-0.82,-1.50,-2.91,-2.30,-0.85,-1.79,-1.67,-1,-2.63,-0.31,-1.48,-1.62,-0.50,0.37,-0.83,-3.50,-0.35,-0.43,-0.60,-0.92,-0.68,-1.22,-0.23,-1,-0.38,-1.03,-0.97,-0.70,-1.56,-1.29,-1.34,-0.42,-0.60,-1.01,-0.70,-0.23,-0.80,1.28,-0.10,-0.21,-1.15,-0.90,-1.25,-1.64,-1.48,-1.10,-0.75,-1.05,-0.61,0.39,1.84,1.90,1.25,-0.10,-1.62,-2.80,,-6,-14,-1.10,-1.60,-2.50,,,,,,,-1.50,-1.50,,-1.20,-0.60,-0.90,-0.91,,,,,,,,-1,-1.20,0.20,-0.90,-0.40,,,,,-0.50,,-0.10,-0.40,3.10,0,0.40,,,-1.10,,,-0.80,,,2.50,2.50,1.10,1.70,0.40,-3.80,
2008-12-25 11:20,-1.50,-2.20,-4.34,-2.83,-5.45,-1.37,-2.42,-2.20,-6.12,-2.41,-4.75,-3.77,-7.25,-4.98,-4.66,-5.32,-5.62,-8.98,-4.40,-6.14,-8.27,-8.18,-4.28,,-0.92,-1.17,-2.22,-3.76,-1.09,-3.30,-2.83,-1.16,-8.67,-3.19,-3.02,-3.34,-2.49,-3.04,-6.32,-2.20,-10.80,-11.75,-9.67,-2.22,-5.40,-1.47,-2.40,-2.44,-2.88,-2.65,-3.34,-1.21,-1.81,-1.14,-2.87,-2.93,-2.32,-2.40,-2.21,-1.95,-3.25,-3.10,-4.10,-7.90,-4.07,-5.92,-1.05,-3.40,-5.20,-6.95,-4.14,-4.29,-1.52,-4.32,-3.35,-0.62,-1.50,-2.95,-2.20,-0.77,-1.77,-1.90,-0.92,-2.59,-0.21,-1.48,-1.46,-0.50,0.49,-0.70,-3.52,-0.34,-0.43,-0.50,-0.86,-0.72,-1.23,-0.20,-0.93,-0.36,-0.97,-0.93,-0.72,-1.60,-1.27,-1.20,-0.35,-0.50,-0.89,-0.60,-0.27,-0.80,1.44,-0.15,-0.22,-0.86,-1,-1.14,-1.50,-1.49,-1,-0.66,-0.95,-0.98,0.43,2.03,1.90,1.30,0.20,-1.58,-2.90,,-6,-14,-1.20,-1.70,-2.50,,,,,,,-1.50,-1.50,,-1.10,-0.60,-0.70,-0.90,,,,,,,,-0.90,-1.20,0.50,-0.90,-0.40,,,,,-0.50,,-0.10,-0.40,3.20,0,0.50,,,-1.10,,,-0.80,,,2.40,2.10,1,1.70,0.40,-3.50,
2008-12-25 11:30,-1.50,-2.20,-4.38,-2.83,-5.50,-1.42,-2.27,-2.20,-6.10,-2.23,-4.79,-3.88,-7.12,-5.02,-4.61,-5.29,-5.66,-9.01,-4.30,-6,-8.34,-7.86,-4.04,,-0.86,-1.18,-2.19,-3.73,-1.05,-3.40,-2.85,-1.14,-8.63,-3.09,-2.83,-3.22,-2.58,-3.04,-6.17,-2.36,-10.80,-11.81,-9.73,-2.30,-5.20,-1.48,-2.30,-2.44,-2.84,-2.79,-3.36,-1.07,-1.81,-1.13,-2.88,-2.92,-2.25,-2.30,-2.20,-1.96,-3.18,-3.10,-4.15,-7.95,-4.08,-5.91,-1.21,-3.36,-5.20,-6.94,-4.11,-4.39,-1.52,-4.39,-3.22,-0.59,-1.60,-3.01,-2.20,-0.68,-1.80,-1.90,-0.79,-2.36,-0.13,-1.44,-1.52,-0.40,0.49,-0.57,-3.35,-0.37,-0.36,-0.50,-0.77,-0.76,-1.30,-0.24,-0.85,-0.40,-1.03,-0.95,-0.63,-1.63,-1.16,-0.97,-0.32,-0.50,-0.82,-0.64,-0.26,-0.80,1.52,-0.34,-0.13,-0.56,-0.90,-1.12,-1.39,-1.45,-1,-0.61,-1.02,-1.05,0.67,2.05,1.90,1.77,0.38,-1.41,-2.80,,-6,-14,-1.40,-1.70,-2.50,,,,,,,-1.50,-1.50,,-1,-0.60,-0.70,-0.82,,,,,,,,-1,-1.10,0.30,-1,-0.40,,,,,-0.40,,-0.30,-0.50,3.10,0.10,0.50,,,-1,,,-0.70,,,2.50,2.30,0.90,1.80,0.30,-3,
2008-12-25 11:40,-1.60,-2.23,-4.24,-2.81,-5.50,-1.48,-2.24,-2.10,-6.10,-2.29,-4.68,-3.79,-7.10,-4.95,-4.63,-5.25,-5.70,-9.05,-4.20,-5.82,-8.21,-7.63,-4.12,,-0.93,-1.27,-2.18,-3.70,-1.06,-3.40,-2.96,-1.13,-8.68,-2.94,-2.79,-3.20,-2.56,-2.93,-6.20,-2.20,-10.80,-11.83,-9.79,-2.14,-5.10,-1.43,-2.30,-2.39,-3.05,-2.84,-3.42,-1.22,-1.86,-1.15,-2.84,-2.87,-2.23,-2.20,-2.35,-1.94,-3.22,-3.10,-4.03,-7.94,-4.14,-5.86,-1.25,-3.40,-5.20,-6.98,-4.21,-4.37,-1.50,-4.35,-3.27,-0.61,-1.70,-3,-2.30,-0.68,-1.74,-1.80,-0.89,-2.51,-0.23,-1.37,-1.39,-0.40,0.47,-0.57,-3.43,-0.42,-0.35,-0.50,-0.73,-0.73,-1.23,-0.21,-0.86,-0.32,-1.01,-0.90,-0.58,-1.59,-1.19,-0.97,-0.31,-0.40,-0.74,-0.52,-0.29,-0.80,1.39,-0.18,-0.12,-0.54,-0.80,-1.07,-1.37,-1.53,-1,-0.57,-1.11,-0.97,0.66,1.90,1.90,1.78,0.37,-1.49,-2.70,,-6,-13.90,-1.40,-1.90,-2.50,,,,,,,-1.50,-1.50,,-1,-0.60,-0.80,-0.86,,,,,,,,-1,-1,0.10,-0.90,-0.40,,,,,-0.40,,-0.40,-0.50,3,0.20,0.50,,,-1.10,,,-0.70,,,2.50,2,0.80,1.90,0.40,-2.50,
2008-12-25 11:50,-1.60,-2.22,-4.17,-2.72,-5.40,-1.35,-2.19,-2,-6.09,-2.22,-4.55,-3.48,-7.05,-4.91,-4.58,-5.28,-5.74,-8.95,-4.20,-6.04,-8.21,-7.69,-4.27,,-1.10,-1.35,-2.17,-3.65,-1.05,-3.40,-2.95,-1.15,-8.60,-2.99,-2.87,-3.40,-2.63,-2.90,-6.21,-2.13,-10.80,-11.90,-9.79,-2.19,-5.10,-1.47,-2.30,-2.41,-2.99,-2.77,-3.26,-1.16,-1.82,-1.20,-2.87,-2.82,-2.25,-2.20,-2.24,-1.94,-3.13,-3.10,-3.89,-7.94,-4.19,-5.88,-1.45,-3.40,-5.20,-7.21,-4.37,-4.34,-1.46,-4.22,-3.25,-0.54,-1.70,-3.10,-2.30,-0.71,-1.64,-1.80,-0.86,-2.45,-0.39,-1.31,-1.41,-0.40,0.35,-0.57,-3.42,-0.38,-0.45,-0.60,-0.61,-0.65,-1.28,-0.19,-0.85,-0.30,-0.97,-0.86,-0.71,-1.64,-1.29,-0.83,-0.36,-0.40,-0.77,-0.28,-0.15,-0.93,1.30,-0.10,-0.18,-0.53,-1,-1.13,-1.43,-1.54,-0.90,-0.57,-1.09,-0.84,0.82,1.62,2.20,1.65,0.36,-1.50,-2.60,,-5.70,-13.90,-1.40,-1.70,-2.50,,,,,,,-1.40,-1.60,,-1,-0.50,-0.80,-0.87,,,,,,,,-1,-1,0.20,-0.90,-0.40,,,,,-0.40,,-0.40,-0.50,2.90,0.30,,,,-1.20,,,-0.70,,,2.60,1.60,0.70,2,0.40,-2.40,
2008-12-25 12:00,-1.60,-2.03,-4.18,-2.80,-5.30,-1.43,-2.11,-2,-5.99,-2.12,-4.52,-3.37,-7.03,-4.88,-4.51,-5.19,-5.71,-8.92,-4.20,-6.06,-8.18,-7.70,-4.24,,-1.14,-1.37,-2.02,-3.71,-1.03,-3.40,-2.91,-1.22,-8.65,-3.04,-2.96,-3.34,-2.64,-2.91,-6.18,-2.17,-10.80,-11.86,-9.79,-2.40,-5,-1.45,-2.30,-2.45,-3.07,-2.68,-3.20,-1.08,-1.84,-1.09,-2.81,-2.83,-2.25,-2.30,-2.23,-2.01,-3.14,-3.10,-3.80,-7.89,-4.16,-5.78,-1.47,-3.30,-5.20,-7.13,-4.34,-4.36,-1.43,-4.23,-3.34,-0.54,-1.80,-3.03,-2.25,-0.81,-1.69,-1.80,-0.77,-2.45,-0.39,-1.16,-1.41,-0.30,0.31,-0.52,-3.44,-0.32,-0.48,-0.70,-0.73,-0.79,-1.19,-0.19,-0.83,-0.31,-1.04,-0.81,-0.73,-1.62,-1.23,-0.92,-0.34,-0.40,-0.74,-0.55,-0.30,-1,1.32,-0.20,-0.22,-0.82,-1,-1.21,-1.52,-1.51,-0.90,-0.67,-1.07,-0.77,0.87,1.70,1.50,1.37,0.60,-1.49,-2.50,-2.50,-5.80,-14,-1.40,-1.70,-2.50,-1.40,-2.40,-12.20,-2.60,-1.40,-1.20,-1.50,-1.50,-0.70,-0.90,-0.50,-0.80,-0.70,-0.60,-0.70,-0.50,-0.10,-0.60,-1.30,-1.10,-0.90,-1,0.30,-0.90,-0.60,1.70,0.90,-0.40,-0.70,-0.40,0.30,-0.40,-0.40,2.70,0.50,0.90,-0.40,-0.50,-1,-2.30,,-0.70,2.60,2,2.70,1.40,0.60,1.70,0.40,-2.20,-1.90
2008-12-25 12:10,-1.70,-2.04,-4.18,-2.75,-5.37,-1.46,-2,-2,-6.03,-2.17,-4.48,-3.30,-6.91,-4.78,-4.42,-5.13,-5.65,-8.94,-4.10,-5.98,-8.06,-7.63,-4.17,,-1.09,-1.27,-2.03,-3.64,-1.07,-3.40,-2.97,-1.27,-8.67,-3.01,-3.06,-3.20,-2.70,-2.96,-6.14,-2.07,-10.90,-11.82,-9.79,-2.28,-4.90,-1.46,-2.30,-2.42,-2.98,-2.70,-3.37,-1.02,-1.94,-1.09,-2.92,-2.73,-2.30,-2,-2.35,-1.98,-3.20,-3.10,-3.92,-8.02,-4.15,-5.75,-1.03,-3.43,-5.30,-7.14,-4.35,-4.31,-1.48,-4.21,-3.30,-0.57,-1.80,-3.08,-2.27,-0.89,-1.57,-1.55,-0.79,-2.47,-0.31,-1.24,-1.38,-0.20,0.24,-0.50,-3.53,-0.33,-0.49,-0.70,-0.62,-0.43,-1.19,-0.29,-0.82,-0.33,-1.07,-0.78,-0.64,-1.40,-1.19,-1.01,-0.43,-0.40,-0.63,-0.53,-0.32,-0.94,1.20,-0.30,-0.27,-1.19,-1,-1.38,-1.52,-1.55,-0.90,-0.54,-0.99,-0.81,1.11,1.58,2.40,1.38,0.19,-1.35,-2.40,,-5.80,-14,-1.40,-1.60,-2.40,,,,,,,-1.50,-1.40,,-0.90,-0.50,-0.80,-0.87,,,,,,,,-0.90,-0.80,0.50,-1,-0.60,,,,,-0.40,,-0.40,-0.40,2.70,0.50,0.90,,,-1,,,-0.70,,,2.70,1.20,0.60,1.60,0.40,-2.20,
2008-12-25 12:20,-1.60,-2.03,-4.08,-2.64,-5.26,-1.58,-1.93,-1.90,-5.92,-2.04,-4.34,-3.46,-6.93,-4.68,-4.36,-5.31,-5.64,-9.04,-4,-6,-7.97,-7.69,-4.12,,-1,-1.30,-2.06,-3.65,-1.14,-3.40,-2.88,-1.39,-8.66,-3.02,-3.29,-3.26,-2.79,-2.93,-6.09,-2,-10.80,-11.93,-9.75,-2.35,-4.80,-1.41,-2.30,-2.36,-2.80,-2.64,-3.26,-0.99,-1.90,-1.10,-2.91,-2.71,-2.39,-2.10,-2.19,-1.91,-3.26,-3.10,-3.91,-7.93,-4.10,-5.73,-1.03,-3.36,-5.30,-7.22,-4.46,-4.36,-1.52,-4.18,-3.32,-0.59,-1.80,-3.05,-2.33,-0.66,-1.58,-1.57,-0.77,-2.57,-0.35,-1.28,-1.33,-0.20,0.20,-0.47,-3.43,-0.26,-0.50,-0.70,-0.60,-0.68,-1.19,-0.29,-0.79,-0.48,-1.11,-0.81,-0.63,-1.49,-1.29,-0.98,-0.37,-0.40,-0.64,-0.64,-0.29,-0.88,1.34,-0.23,-0.20,-1.37,-1,-1.46,-1.53,-1.75,-0.90,-0.65,-0.98,-0.89,1.09,1.66,2.30,1.09,0.31,-1.32,-2.30,,-5.80,-13.90,-1.50,-1.60,-2.50,,,,,,,-1.50,-1.40,,-0.90,-0.60,-0.80,-0.77,,,,,,,,-0.90,-0.80,0.40,-0.90,-0.70,,,,,-0.40,,-0.40,-0.40,2.90,0.50,1.10,,,-0.90,,,-0.70,,,2.60,1.30,0.60,1.50,0.30,-2.30,
2008-12-25 12:30,-1.60,-2,-4.11,-2.49,-5.30,-1.46,-1.85,-1.90,-5.88,-2.01,-4.35,-3.43,-6.84,-4.74,-4.35,-5.11,-5.60,-9.07,-4,-5.94,-7.97,-7.95,-4.11,,-0.81,-1.39,-2.12,-3.70,-1.09,-3.30,-2.89,-1.40,-8.70,-3.05,-3.22,-3.37,-2.64,-2.98,-6.03,-2.14,-10.80,-11.93,-9.75,-2.41,-4.90,-1.33,-2.30,-2.31,-2.87,-2.60,-3.29,-1.06,-1.89,-1.16,-2.92,-2.55,-2.32,-2.20,-2.27,-1.88,-3.18,-3,-4,-7.95,-4.08,-5.75,-1.34,-3.51,-5.30,-7.37,-4.46,-4.39,-1.53,-4.10,-3.44,-0.64,-1.70,-3.10,-2.41,-0.75,-1.51,-1.53,-0.66,-2.57,-0.36,-1.18,-1.34,-0.30,0.14,-0.39,-3.33,-0.31,-0.42,-0.80,-0.67,-0.66,-1.21,-0.25,-0.74,-0.42,-1.08,-0.72,-0.58,-1.26,-1.40,-1.01,-0.45,-0.40,-0.83,-0.69,-0.21,-0.92,1.48,-0.34,-0.28,-1.50,-1,-1.44,-1.72,-1.74,-0.90,-0.69,-1.04,-0.86,0.93,1.64,1.90,0.78,0.22,-1.40,-2.30,,-5.70,-13.90,-1.40,-1.60,-2.60,,,,,,,-1.50,-1.20,,-0.90,-0.60,-0.90,-0.72,,,,,,,,-0.80,-0.70,0.30,-0.90,-0.70,,,,,-0.50,,-0.40,-0.50,3,0.50,1.20,,,-0.90,,,-0.70,,,2.70,1.40,0.60,1.50,0.30,-2.30,
2008-12-25 12:40,-1.60,-1.91,-4.10,-2.36,-5.10,-1.55,-1.94,-1.90,-5.85,-1.98,-4.26,-3.39,-6.83,-4.74,-4.38,-5.04,-5.47,-9,-4,-5.89,-7.92,-7.80,-4.14,,-0.84,-1.43,-2.21,-3.75,-1.12,-3.30,-2.89,-1.39,-8.64,-3.28,-3.36,-3.45,-2.80,-3.02,-6.18,-1.96,-10.90,-12.11,-9.86,-2.32,-4.80,-1.31,-2.20,-2.32,-2.94,-2.57,-3.39,-0.84,-1.81,-1.17,-3,-2.73,-2.33,-2.30,-2.24,-1.95,-3.18,-3,-4.01,-8,-4.16,-5.77,-1.35,-3.58,-5.30,-7.22,-4.44,-4.26,-1.45,-4.11,-3.56,-0.63,-1.70,-3.12,-2.45,-0.95,-1.41,-1.50,-0.60,-2.56,-0.31,-1.23,-1.19,-0.30,0.06,-0.44,-3.47,-0.34,-0.45,-0.70,-0.73,-0.67,-1.18,-0.22,-0.87,-0.48,-1.18,-0.72,-0.61,-1.30,-1.33,-1.15,-0.35,-0.40,-0.64,-0.77,-0.29,-0.95,1.86,-0.34,-0.33,-1.53,-1,-1.34,-2.24,-1.61,-0.90,-0.74,-1.14,-1.02,0.97,1.59,1.90,0.56,0.26,-1.29,-2.30,,-5.60,-14,-1.40,-1.60,-2.50,,,,,,,-1.60,-1.20,,-0.80,-0.60,-0.90,-0.70,,,,,,,,-0.70,-0.70,0.40,-0.80,-0.70,,,,,-0.50,,-0.40,-0.50,2.90,0.60,1.40,,,-1,,,-0.80,,,2.60,1.40,0.60,1.50,0.40,-2.30,
2008-12-25 12:50,-1.50,-1.87,-4.02,-2.33,-5.10,-1.66,-1.92,-1.80,-5.78,-1.98,-4.13,-3.61,-6.83,-4.66,-4.30,-5.19,-5.58,-9.05,-4,-5.95,-7.88,-7.86,-4.19,,-0.81,-1.35,-2.18,-3.72,-1.05,-3.20,-2.88,-1.40,-8.61,-3.56,-3.41,-3.44,-2.77,-3.04,-6.23,-2.06,-10.90,-12.06,-9.88,-2.26,-4.90,-1.38,-2.30,-2.33,-2.72,-2.52,-3.32,-0.86,-1.69,-1.14,-2.98,-2.73,-2.31,-2.30,-2.10,-1.97,-3.25,-3,-4,-7.96,-4.11,-5.75,-1.50,-3.65,-5.30,-7.30,-4.38,-4.19,-1.57,-4.19,-3.66,-0.57,-1.60,-3.09,-2.41,-1.05,-1.32,-1.52,-0.63,-2.62,-0.24,-1.22,-1.33,-0.30,0.02,-0.41,-3.57,-0.41,-0.49,-0.70,-0.63,-0.63,-1.13,-0.24,-0.80,-0.43,-1.10,-0.76,-0.80,-1.44,-1.20,-1.36,-0.26,-0.40,-0.45,-0.75,-0.30,-0.91,1.91,-0.38,-0.30,-1.43,-1.10,-1.27,-2.52,-1.55,-0.80,-0.56,-1.12,-0.66,0.90,1.60,1.90,0.25,0.23,-1.32,-2.40,,-5.60,-14,-1.40,-1.60,-2.40,,,,,,,-1.50,-1.20,,-0.80,-0.60,-0.90,-0.69,,,,,,,,-0.80,-0.70,0.50,-0.80,-0.80,,,,,-0.50,,-0.40,-0.50,2.70,0.70,1.50,,,-1.10,,,-0.80,,,2.60,1.40,0.60,1.50,0.40,-2.40,
2008-12-25 13:00,-1.50,-1.87,-4.15,-2.21,-5,-1.70,-2,-1.70,-5.78,-2,-4.09,-3.66,-6.85,-4.64,-4.27,-5.03,-5.45,-9.14,-4,-6,-8.02,-7.63,-4.25,,-0.87,-1.32,-2.20,-3.68,-1.07,-3.20,-2.96,-1.57,-8.62,-3.66,-3.47,-3.45,-2.78,-3.10,-6.09,-2.37,-10.80,-11.97,-9.96,-2.28,-5,-1.38,-2.20,-2.36,-3.05,-2.56,-3.32,-0.86,-1.64,-1.11,-2.92,-2.61,-2.34,-2.40,-2.12,-2.01,-3.31,-3,-4.04,-7.92,-4.07,-5.66,-1.33,-3.68,-5.30,-7.25,-4.31,-3.97,-1.51,-4.18,-3.68,-0.42,-1.50,-3.02,-2.45,-1.12,-1.25,-1.47,-0.61,-2.55,-0.30,-1.08,-1.17,-0.40,-0.04,-0.54,-3.42,-0.38,-0.56,-0.80,-0.50,-0.63,-1.11,-0.27,-0.75,-0.38,-1,-0.75,-0.70,-1.48,-1.24,-1.36,-0.34,-0.50,-0.42,-0.70,-0.33,-0.81,1.91,-0.36,-0.21,-1.27,-1.10,-1.40,-2.56,-1.63,-0.90,-0.49,-1.02,-0.72,0.58,1.77,2,0,0.01,-1.19,-2.40,-2.40,-5.60,-14,-1.30,-1.70,-2.40,-1.10,-2.40,-12.30,-2.50,-1.30,-1.30,-1.50,-1.10,-0.70,-0.80,-0.60,-0.90,-0.50,,-0.80,-0.50,-0.30,-0.60,-1.20,-1,-0.70,-0.70,0.30,-0.80,-0.80,1.40,0.90,-0.20,-0.50,-0.40,-0.10,-0.50,-0.50,2.30,0.70,1.50,,-0.50,-1.10,-2.40,-0.80,-0.80,2.80,2.20,2.50,1.30,0.60,1.50,0.30,-2.40,-1.80
2008-12-25 13:10,-1.50,-1.90,-3.96,-2.15,-4.80,-1.59,-2.10,-1.60,-5.83,-1.94,-4.06,-3.62,-6.93,-4.64,-4.26,-5.01,-5.42,-9,-4,-6.10,-8.09,-7.93,-4.25,,-1.08,-1.26,-2.20,-3.66,-1.04,-3.20,-2.95,-1.40,-8.65,-3.67,-3.55,-3.14,-2.64,-3.02,-6.16,-2.44,-10.80,-11.96,-9.94,-2.15,-5,-1.33,-2.20,-2.39,-2.67,-2.57,-3.42,-0.84,-1.75,-1.10,-2.97,-2.65,-2.36,-2.40,-2.16,-2.10,-3.30,-3,-4.03,-7.95,-4.06,,-1.38,-3.64,-5.40,-7.25,-4.42,-4.05,-1.50,-4.21,-3.72,-0.45,-1.40,-2.98,-2.40,-1.09,-1.27,-1.49,-0.60,-2.51,-0.25,-1.15,-1.31,-0.40,0.05,-0.64,-3.43,-0.39,-0.58,-0.70,-0.61,-0.82,-1.12,-0.15,-0.82,-0.31,-1.09,-0.74,-0.77,-1.51,-1.30,-1.31,-0.39,-0.50,-0.29,-0.64,-0.37,-0.72,1.87,-0.30,-0.14,-1.14,-1.10,-1.31,-2.62,-1.52,-0.90,-0.71,-0.92,-0.91,0.31,1.89,2.10,-0.02,-0.06,-1.14,-2.40,,-5.60,-14,-1.30,-1.60,-2.40,,,,,,,-1.40,-1.20,,-0.80,-0.60,-0.90,-0.63,,,,,,,,-0.70,-0.80,0.20,-0.80,-0.80,,,,,-0.40,,-0.50,-0.50,2.30,0.70,1.50,,,-1.10,,,-0.70,,,2.50,1.30,0.60,1.50,0.30,-2.40,
2008-12-25 13:20,-1.40,-1.91,-3.89,-2.21,-4.90,-1.43,-2.15,-1.60,-5.81,-1.96,-4.17,-3.75,-6.92,-4.63,-4.13,-5.04,-5.39,-9,-4,-6.06,-7.98,-7.92,-4.32,,-1.21,-1.35,-2.23,-3.67,-1.05,-3.20,-2.84,-1.32,-8.59,-3.75,-3.53,-3.18,-2.52,-3.11,-6.27,-2.30,-10.80,-11.75,-9.81,-2.23,-4.90,-1.47,-2.30,-2.33,-2.86,-2.53,-3.44,-0.75,-1.59,-1.07,-3,-2.66,-2.29,-2.50,-2.25,-2.06,-3.24,-3.10,-4.04,-7.96,-4.04,,-1.24,-3.68,-5.30,-7.15,-4.32,-4.17,-1.54,-4.17,-3.63,-0.57,-1.30,-2.96,-2.40,-0.92,-1.34,-1.52,-0.61,-2.53,-0.26,-1.23,-1.30,-0.50,0.10,-0.68,-3.51,-0.42,-0.54,-0.70,-0.89,-0.72,-1.21,-0.25,-0.85,-0.38,-1.02,-0.80,-0.79,-1.51,-1.27,-1.37,-0.39,-0.50,-0.21,-0.63,-0.35,-0.70,1.94,-0.27,-0.25,-1.19,-1.20,-1.38,-2.57,-1.71,-0.90,-0.68,-1.02,-0.57,0.24,1.90,2.10,-0.16,-0.20,-1.43,-2.40,,-5.70,-14,-1.20,-1.60,-2.40,,,,,,,-1.40,-1.20,,-0.80,-0.70,-0.80,-0.62,,,,,,,,-0.70,-0.70,0.10,-0.80,-0.80,,,,,-0.50,,-0.60,-0.50,2.20,0.60,1.50,,,-1.10,,,-0.70,,,2.50,1.30,0.60,1.50,0.20,-2.30,
2008-12-25 13:30,-1.40,-1.86,-3.83,-2.21,-5,-1.47,-2.13,-1.70,-5.72,-2.09,-4.18,-3.70,-6.87,-4.57,-4.13,-5.04,-5.41,-8.84,-4.10,-5.98,-7.88,-7.91,-4.34,,-1.16,-1.40,-2.18,-3.71,-1.01,-3.20,-2.89,-1.30,-8.55,-3.72,-3.58,-3.30,-2.52,-2.95,-6.11,-2.31,-10.70,-11.66,-9.89,-1.99,-5,-1.34,-2.20,-2.28,-2.66,-2.60,-3.51,-0.74,-1.67,-1.05,-2.96,-2.72,-2.30,-2.50,-2.33,-2.13,-3.32,-3.10,-4.05,-7.83,-4.10,,-1.30,-3.71,-5.30,-7.05,-4.39,-4.16,-1.56,-4.15,-3.67,-0.45,-1.30,-2.91,-2.30,-1.11,-1.34,-1.52,-0.89,-2.59,-0.16,-1.16,-1.23,-0.50,0.10,-0.73,-3.59,-0.42,-0.69,-0.80,-0.65,-0.73,-1.23,-0.24,-0.84,-0.43,-1.03,-0.79,-0.92,-1.46,-1.27,-1.16,-0.41,-0.50,-0.32,-0.64,-0.42,-0.64,1.91,-0.38,-0.28,-1.23,-1.30,-1.48,-2.69,-1.75,-1,-0.74,-1.12,-0.78,-0.04,1.78,2.20,-0.36,-0.25,-1.41,-2.40,,-5.70,-14,-1.20,-1.60,-2.40,,,,,,,-1.40,-1.10,,-0.80,-0.80,-0.80,-0.74,,,,,,,,-0.70,-0.70,0.10,-0.90,-0.80,,,,,-0.60,,-0.60,-0.50,2.10,0.80,1.50,,,-1,,,-0.70,,,2.30,1.10,0.50,1.50,0,-2.30,
2008-12-25 13:40,-1.50,-1.80,-3.88,-2.23,-5,-1.70,-2.20,-1.80,-5.75,-2.12,-4.28,-3.59,-6.85,-4.52,-4.16,-5.02,-5.43,-8.91,-4,-5.93,-7.91,-8.08,-4.34,,-1.26,-1.47,-2.16,-3.65,-1.02,-3.20,-2.89,-1.33,-8.46,-3.71,-3.67,-3.41,-2.49,-2.83,-6.09,-2.37,-10.70,-11.61,-9.87,-2.03,-5,-1.30,-2.20,-2.37,-2.71,-2.58,-3.38,-0.67,-1.59,-1.07,-2.94,-2.60,-2.28,-2.50,-2.17,-2.15,-3.38,-3.10,-4.08,-7.82,-4.15,,-1.32,-3.77,-5.30,-7.17,-4.35,-4.21,-1.57,-4.12,-3.61,-0.53,-1.40,-2.93,-2.30,-1.15,-1.33,-1.54,-1.10,-2.55,-0.17,-1.12,-1.30,-0.40,0.11,-0.69,-3.51,-0.40,-0.88,-0.90,-0.88,-0.74,-1.20,-0.26,-0.87,-0.47,-1.08,-0.71,-0.96,-1.44,-1.39,-1.32,-0.35,-0.50,-0.25,-0.69,-0.53,-0.74,1.73,-0.48,-0.38,-1.35,-1.40,-1.61,-2.90,-1.69,-1,-0.71,-1.02,-0.75,0.02,1.77,2.20,-0.60,-0.36,-1.63,-2.40,,-5.80,-14,-1.20,-1.50,-2.30,,,,,,,-1.40,-1.20,,-0.80,-0.80,-0.90,-0.72,,,,,,,,-0.80,-0.70,0,-0.90,-0.80,,,,,-0.50,,-0.60,-0.50,1.90,0.90,1.40,,,-0.90,,,-0.70,,,2.30,1.10,0.50,1.50,-0.10,-2.20,
2008-12-25 13:50,-1.50,-1.78,-3.95,-2.23,-5.10,-1.77,-2.28,-1.80,-5.82,-2.17,-4.20,-3.62,-6.76,-4.51,-4.12,-4.94,-5.39,-8.88,-4,-6.09,-7.84,-8.10,-4.29,,-1.27,-1.54,-2.09,-3.61,-1.02,-3.20,-2.88,-1.45,-8.51,-3.71,-3.60,-3.17,-2.42,-2.77,-6.18,-2.41,-10.60,-11.54,-9.89,-1.94,-5,-1.31,-2.20,-2.25,-2.67,-2.63,-3.35,-0.56,-1.64,-1.02,-2.84,-2.70,-2.28,-2.50,-2.20,-2.17,-3.33,-3.10,-4.12,-7.91,-4.18,,-1.79,-3.71,-5.30,-7.25,-4.38,-4.33,-1.58,-4.12,-3.56,-0.54,-1.40,-3.08,-2.30,-0.81,-1.33,-1.50,-1.14,-2.47,-0.17,-1.13,-1.49,-0.40,0.17,-0.81,-3.62,-0.51,-0.88,-0.90,-0.87,-0.67,-1.23,-0.27,-0.84,-0.52,-1.15,-0.71,-0.94,-1.60,-1.43,-1.44,-0.35,-0.50,-0.29,-0.71,-0.60,-0.88,1.48,-0.55,-0.48,-1.52,-1.50,-1.69,-2.93,-1.68,-1,-0.57,-1,-0.64,-0.13,1.76,2.10,-0.78,-0.58,-1.79,-2.40,,-5.80,-13.90,-1.20,-1.50,-2.30,,,,,,,-1.40,-1.20,,-0.80,-0.70,-0.80,-0.81,,,,,,,,-0.80,-0.60,0,-0.90,-0.80,,,,,-0.50,,-0.60,-0.50,1.70,0.90,1.20,,,-0.90,,,-0.70,,,2,1,0.40,1.50,-0.20,-2.20,
2008-12-25 14:00,-1.70,-1.73,-4.04,-2.28,-5,-1.59,-2.27,-1.80,-5.76,-2.09,-4.24,-3.67,-6.79,-4.52,-4.19,-5.01,-5.34,-8.81,-4,-6.10,-7.77,-7.83,-4.31,,-1.20,-1.51,-2.10,-3.59,-0.96,-3.20,-2.88,-1.39,-8.45,-3.80,-3.35,-2.93,-2.42,-2.70,-6.28,-2.44,-10.60,-11.49,-9.77,-1.90,-5,-1.33,-2.10,-2.22,-2.67,-2.51,-3.39,-0.69,-1.69,-0.92,-2.93,-2.68,-2.33,-2.50,-2.19,-2.18,-3.36,-3.10,-4.16,-7.89,-4.14,,-1.82,-3.67,-5.30,-7.33,-4.41,-4.35,-1.57,-4.25,-3.51,-0.56,-1.40,-2.99,-2.30,-1.13,-1.39,-1.54,-1.23,-2.45,-0.27,-1.25,-1.61,-0.40,0.17,-0.80,-3.69,-0.63,-0.80,-1,-0.63,-0.62,-1.27,-0.24,-0.90,-0.54,-1.13,-0.78,-0.93,-1.49,-1.40,-1.32,-0.41,-0.50,-0.40,-0.75,-0.63,-0.96,1.38,-0.58,-0.63,-1.69,-1.70,-1.83,-2.82,-1.63,-1,-0.53,-1,-0.80,-0.13,1.70,2.20,-0.85,-0.69,-1.95,-2.30,-2.50,-5.80,-13.90,-1.20,-1.50,-2.30,,-2.60,-12.30,-2.60,-1.30,-1.40,-1.40,-1.20,-0.70,-0.90,-0.70,-0.80,-0.60,-0.80,-1.20,-0.60,-0.60,-0.90,-1.20,-1.20,-0.70,-0.70,0,-1,-0.80,0.90,0.60,-0.40,-0.70,-0.60,-0.20,-0.60,-0.40,1.40,0.70,0.90,,-0.60,-1,-2.40,-1,-0.70,2.40,1.60,1.90,1,0.40,1.60,-0.50,-2.10,-1.70
2008-12-25 14:10,-1.80,-1.75,-4.05,-2.28,-5.05,-1.87,-2.27,-1.80,-5.76,-2.06,-4.22,-3.60,-6.81,-4.57,-4.23,-4.89,-5.32,-8.82,-4,-6,-7.80,-7.98,-4.31,,-1.33,-1.49,-2.13,-3.64,-0.97,-3.20,-2.89,-1.39,-8.45,-3.85,-3.17,-2.93,-2.48,-2.70,-6.25,-2.26,-10.60,-11.49,-9.69,-2.05,-5,-1.35,-2.10,-2.23,-2.80,-2.47,-3.47,-0.77,-1.75,-0.88,-2.87,-2.67,-2.33,-2.50,-2.27,-2.15,-3.42,-3.20,-4.13,-7.88,-4.19,,-1.84,-3.77,-5.30,-7.30,-4.46,-4.34,-1.64,-4.33,-3.48,-0.69,-1.40,-3,-2.40,-1,-1.39,-1.70,-1.06,-2.47,-0.27,-1.19,-1.51,-0.40,0.08,-0.77,-3.58,-0.64,-0.84,-0.90,-0.89,-0.68,-1.31,-0.18,-0.96,-0.55,-1.17,-0.75,-0.95,-1.66,-1.36,-1.46,-0.47,-0.60,-0.51,-0.81,-0.69,-0.88,1.45,-0.80,-0.97,-2.03,-1.70,-1.98,-2.90,-1.68,-1,-0.60,-0.98,-0.90,-0.26,1.64,2.20,-0.97,-0.81,-2.01,-2.30,,-5.80,-13.90,-1.20,-1.50,-2.20,,,,,,,-1.50,-1.10,,-0.90,-0.70,-0.90,-0.78,,,,,,,,-0.80,-0.70,0,-1.10,-0.80,,,,,-0.60,,-0.60,-0.40,1.30,0.70,0.90,,,-1,,,-0.60,,,2,0.90,0.30,1.60,-0.50,-2.10,
2008-12-25 14:20,-1.90,-1.81,-4.04,-2.27,-5.11,-1.65,-2.34,-1.80,-5.81,-2.05,-4.13,-3.61,-6.77,-4.58,-4.29,-4.98,-5.27,-8.86,-4,-5.99,-7.90,-7.96,-4.30,,-1.43,-1.52,-2.17,-3.69,-0.94,-3.10,-2.88,-1.39,-8.44,-3.61,-3.20,-2.98,-2.44,-2.77,-6.27,-2.23,-10.50,-11.51,-9.67,-2.13,-5.10,-1.32,-2.10,-2.18,-2.73,-2.50,-3.50,-0.64,-1.64,-0.88,-2.98,-2.63,-2.20,-2.50,-2.26,-2.09,-3.42,-3.10,-4.15,-7.81,-4.18,,-1.90,-3.78,-5.30,-7.34,-4.46,-4.40,-1.72,-4.35,-3.47,-0.65,-1.40,-3.01,-2.40,-1.07,-1.38,-1.70,-1.14,-2.42,-0.39,-1.26,-1.46,-0.30,0.05,-0.72,-3.56,-0.55,-0.77,-0.90,-0.90,-0.70,-1.35,-0.16,-0.89,-0.59,-1.23,-0.76,-1.07,-1.53,-1.39,-1.37,-0.53,-0.60,-0.48,-0.89,-0.79,-0.78,1.51,-1.01,-1.13,-2.36,-1.80,-2.04,-2.82,-1.81,-1,-0.44,-1.01,-0.76,-0.48,1.67,2.20,-1.14,-1.16,-1.96,-2.30,,-5.80,-13.90,-1.20,-1.50,-2.30,,,,,,,-1.50,-1.10,,-0.90,-0.80,-1,-0.83,,,,,,,,-0.90,-0.60,0,-1.10,-0.80,,,,,-0.70,,-0.60,-0.40,1.10,0.50,0.70,,,-1.10,,,-0.70,,,1.90,0.90,0.20,1.50,-0.60,-2.10,
2008-12-25 14:30,-1.80,-1.82,-4.03,-2.30,-5.20,-1.66,-2.32,-1.90,-5.87,-1.99,-4.19,-3.66,-6.78,-4.50,-4.20,-4.89,-5.19,-8.77,-4,-6.03,-7.88,-7.85,-4.29,,-1.39,-1.54,-2.22,-3.65,-0.93,-3.20,-2.90,-1.25,-8.51,-3.36,-3.11,-3.01,-2.53,-2.76,-6.24,-2.38,-10.50,-11.41,-9.63,-2.10,-5.10,-1.30,-2,-2.16,-2.62,-2.45,-3.48,-0.74,-1.46,-0.86,-2.86,-2.63,-2.25,-2.50,-2.21,-2.14,-3.40,-3.10,-4.11,-7.82,-4.14,,-1.92,-3.68,-5.30,-7.30,-4.39,-4.46,-1.78,-4.43,-3.53,-0.68,-1.50,-2.83,-2.40,-1.14,-1.46,-1.80,-1.22,-2.65,-0.42,-1.33,-1.52,-0.40,0.04,-0.80,-3.82,-0.47,-0.72,-0.90,-0.84,-0.68,-1.40,-0.18,-0.90,-0.67,-1.20,-0.72,-1.09,-1.55,-1.47,-1.30,-0.58,-0.60,-0.48,-0.83,-0.85,-0.76,1.52,-1.21,-1.21,-2.43,-1.90,-2.10,-2.85,-1.80,-1,-0.51,-0.98,-0.82,-0.54,1.51,2.40,-1.29,-1.11,-2.01,-2.30,,-5.80,-13.90,-1.20,-1.40,-2.20,,,,,,,-1.50,-1.20,,-0.90,-0.80,-1,-0.80,,,,,,,,-1,-0.70,-0.10,-1.10,-0.80,,,,,-0.70,,-0.60,-0.40,0.90,0.30,,,,-1.10,,,-0.70,,,1.80,0.80,0.20,1.60,-0.80,-2.10,
2008-12-25 14:40,-1.70,-1.85,-4.03,-2.22,-5.10,-1.70,-2.32,-1.90,-5.88,-1.95,-4.25,-3.71,-6.76,-4.47,-4.17,-5.04,-5.25,-8.72,-3.90,-5.91,-7.86,-7.52,-4.27,,-1.36,-1.49,-2.26,-3.62,-1,-3.20,-2.88,-1.25,-8.47,-3.18,-2.95,-3.07,-2.39,-2.79,-6.20,-2.44,-10.40,-11.38,-9.56,-2.09,-5.10,-1.36,-2,-2.21,-2.84,-2.44,-3.49,-0.83,-1.46,-0.82,-2.86,-2.54,-2.13,-2.40,-2.27,-2.08,-3.38,-3.10,-4.07,-7.83,-4.15,,-1.93,-3.77,-5.30,-7.24,-4.33,-4.48,-1.92,-4.40,-3.53,-0.59,-1.40,-2.97,-2.40,-1.19,-1.56,-1.80,-1.43,-2.91,-0.48,-1.41,-1.52,-0.60,-0.01,-0.80,-3.90,-0.53,-0.77,-0.90,-0.91,-0.71,-1.43,-0.27,-0.87,-0.66,-1.22,-0.71,-1.22,-1.66,-1.53,-1.36,-0.56,-0.70,-0.68,-0.89,-0.90,-0.66,1.71,-1.42,-1.22,-2.50,-2,-2.40,-2.92,-1.74,-1,-0.65,-1,-0.68,-0.55,1.53,2.20,-1.37,-1.24,-2,-2.20,,-5.80,-13.90,-1.20,-1.40,-2.20,,,,,,,-1.50,-1.20,,-0.90,-0.90,-1,-0.72,,,,,,,,-0.90,-0.70,-0.10,-1.10,-0.80,,,,,-0.70,,-0.60,-0.40,0.60,0.20,0.40,,,-1.20,,,-0.70,,,1.70,0.70,0.10,1.50,-0.90,-2.10,
2008-12-25 14:50,-1.70,-1.88,-4.04,-2.17,-5.10,-1.79,-2.33,-1.90,-5.87,-1.98,-4.22,-3.69,-6.73,-4.54,-4.05,-4.98,-5.29,-8.76,-4,-5.95,-7.83,-7.48,-4.22,,-1.38,-1.54,-2.21,-3.66,-1.03,-3.20,-2.80,-1.35,-8.40,-3.14,-2.87,-2.99,-2.52,-2.82,-6.03,-2.32,-10.40,-11.35,-9.51,-2.11,-5.20,-1.37,-2,-2.15,-2.61,-2.48,-3.43,-0.69,-1.52,-0.79,-2.82,-2.50,-2.09,-2.40,-2.29,-2.02,-3.38,-3,-4.13,-7.89,-4.14,,-1.87,-3.82,-5.30,-7.29,-4.56,-4.56,-1.94,-4.41,-3.45,-0.64,-1.40,-2.91,-2.40,-1.29,-1.59,-1.70,-1.73,-2.98,-0.47,-1.48,-1.51,-0.60,-0.12,-0.99,-3.85,-0.57,-0.80,-0.80,-0.94,-0.69,-1.44,-0.22,-0.87,-0.77,-1.26,-0.73,-1.21,-1.88,-1.57,-1.38,-0.63,-0.70,-0.71,-0.98,-0.84,-0.70,1.85,-1.57,-1.27,-2.19,-2.20,-2.51,-2.94,-1.65,-1,-0.47,-1.07,-0.97,-0.63,1.57,2.20,-1.39,-1.47,-1.95,-2.20,,-5.80,-13.90,-1.10,-1.40,-2.20,,,,,,,-1.50,-1.20,,-0.90,-0.90,-1,-0.71,,,,,,,,-0.90,-0.80,-0.10,-1.20,-0.80,,,,,-0.70,,-0.70,-0.30,0.20,0,0.10,,,-1.30,,,-0.70,,,1.50,0.70,0.10,1.50,-1,-2,
2008-12-25 15:00,-1.60,-1.87,-3.93,-2.08,-5.10,-1.83,-2.33,-2,-5.89,-2.04,-4.25,-3.66,-6.69,-4.54,-4.07,-4.89,-5.28,-8.79,-4,-5.82,-7.78,-7.37,-4.16,,-1.39,-1.52,-2.19,-3.68,-0.98,-3.20,-2.77,-1.38,-8.43,-3.15,-2.91,-2.84,-2.50,-2.92,-6.02,-2.53,-10.40,-11.39,-9.51,-2.11,-5.20,-1.42,-1.90,-2.08,-2.59,-2.43,-3.39,-0.82,-1.48,-0.80,-2.79,-2.47,-2.09,-2.40,-2.25,-2.15,-3.31,-3.10,-4.16,-7.97,-4.18,,-2.02,-3.79,-5.30,-7.26,-4.50,-4.55,-1.95,-4.42,-3.52,-0.67,-1.50,-2.80,-2.40,-1.37,-1.66,-1.80,-1.99,-2.91,-0.47,-1.40,-1.59,-0.60,-0.25,-1.01,-3.69,-0.54,-0.77,-0.70,-0.80,-0.72,-1.50,-0.36,-0.96,-0.71,-1.28,-0.84,-1.23,-2.07,-1.61,-1.42,-0.62,-0.70,-0.68,-0.93,-0.96,-0.68,1.84,-1.73,-1.58,-1.77,-2.30,-2.35,-2.94,-1.66,-1.10,-0.61,-1.04,-0.97,-0.75,1.65,2.20,-1.61,-1.64,-2.18,-2.20,-2.70,-5.80,-13.90,-1.20,-1.40,-2.20,,-2.90,-12.40,-2.80,-1.60,-1.40,-1.60,-1.30,-1,-1,-0.90,-1,-0.60,-1,-1.60,-0.90,-1.10,-1.60,-1.40,-1.20,-1,-0.70,-0.10,-1.20,-0.80,-0.10,0.10,-0.90,-1.90,-0.70,-0.30,-0.70,-0.20,-0.40,-0.20,-0.20,-1.40,-0.80,-1.50,-2.30,-1,-0.70,1.60,0.30,1.30,0.90,0.10,1.50,-1.10,-1.90,-1.70
2008-12-25 15:10,-1.70,-1.89,-4.04,-2.06,-5.10,-1.81,-2.26,-2,-5.96,-2.09,-4.30,-3.60,-6.69,-4.53,-4.06,-4.96,-5.29,-8.61,-4,-5.76,-7.62,-7.40,-4.15,,-1.32,-1.61,-2.18,-3.67,-1.05,-3.20,-2.77,-1.34,-8.42,-3.04,-2.89,-2.85,-2.35,-2.87,-6.08,-2.36,-10.40,-11.40,-9.49,-2.08,-5.20,-1.30,-1.90,-2.15,-2.83,-2.35,-3.36,-0.84,-1.45,-0.77,-2.80,-2.46,-2.07,-2.40,-2.25,-2.15,-3.30,-3.10,-4.13,-7.97,-4.17,,-1.95,-3.76,-5.40,-7.24,-4.57,-4.56,-1.91,-4.55,-3.64,-0.62,-1.50,-2.84,-2.43,-1.45,-1.85,-1.80,-2.12,-2.83,-0.56,-1.41,-1.64,-0.70,-0.40,-1.18,-3.77,-0.57,-0.70,-0.70,-0.73,-0.69,-1.55,-0.37,-0.90,-0.75,-1.32,-0.86,-1.36,-2.20,-1.56,-1.47,-0.64,-0.80,-0.90,-0.98,-0.90,-0.66,1.84,-1.86,-1.84,-1.49,-2.30,-2.32,-2.95,-1.64,-1.10,-0.57,-0.99,-0.82,-0.60,1.67,2.20,-1.58,-2.01,-2.29,-2.30,,-5.70,-13.90,-1.20,-1.40,-2.20,,,,,,,-1.60,-1.30,,-0.90,-0.90,-1.10,-0.67,,,,,,,,-1,-0.70,-0.20,-1.30,-0.80,,,,,-0.70,,-0.70,-0.20,-0.40,-0.20,-0.20,,,-1.50,,,-0.70,,,1.20,0.90,0.20,1.50,-1.10,-1.90,
2008-12-25 15:20,-1.70,-1.89,-4.08,-2.08,-5.10,-1.78,-2.27,-2,-5.97,-2.15,-4.27,-3.60,-6.77,-4.55,-4.08,-5.02,-5.20,-8.70,-4,-5.85,-7.48,-7.57,-4.07,,-1.38,-1.57,-2.13,-3.70,-1.10,-3.20,-2.69,-1.35,-8.43,-2.99,-2.84,-2.96,-2.37,-2.85,-6.10,-2.28,-10.30,-11.37,-9.45,-2.09,-5.20,-1.30,-1.90,-2.01,-2.87,-2.27,-3.33,-0.68,-1.52,-0.73,-2.86,-2.56,-2.11,-2.40,-2.12,-2.10,-3.36,-3.10,-4.09,-7.98,-4.19,,-2.05,-3.71,-5.40,-7.25,-4.61,-4.51,-1.92,-4.53,-3.63,-0.75,-1.50,-2.84,-2.38,-1.36,-2.01,-1.80,-2.19,-2.86,-0.79,-1.48,-1.68,-0.70,-0.45,-1.35,-3.85,-0.73,-0.60,-0.70,-0.87,-0.71,-1.54,-0.28,-0.93,-0.81,-1.32,-0.78,-1.48,-2.16,-1.64,-1.53,-0.69,-0.80,-1,-1.08,-0.93,-0.69,1.81,-1.91,-2.02,-1.52,-2.40,-2.28,-2.94,-1.76,-1.10,-0.54,-0.99,-0.89,-0.69,1.61,2.30,-1.63,-2.01,-2.63,-2.30,,-5.70,-13.90,-1.20,-1.40,-2.10,,,,,,,-1.60,-1.40,,-1,-0.90,-1.10,-0.68,,,,,,,,-1,-0.80,-0.20,-1.40,-0.60,,,,,-0.70,,-0.70,-0.20,-0.60,-0.10,-0.40,,,-1.60,,,-0.70,,,1.20,1,0.20,1.60,-1.30,-1.90,
2008-12-25 15:30,-1.70,-1.86,-4.10,-1.99,-5.10,-2.05,-2.28,-2,-5.98,-2.17,-4.27,-3.69,-6.78,-4.62,-4.06,-4.94,-5.22,-8.66,-4,-5.63,-7.52,-7.56,-4.07,,-1.39,-1.61,-2.15,-3.70,-1.07,-3.30,-2.71,-1.33,-8.45,-2.96,-2.78,-2.84,-2.35,-2.81,-6.04,-2.33,-10.30,-11.32,-9.39,-2.12,-5.10,-1.37,-1.90,-2.09,-2.61,-2.25,-3.34,-0.85,-1.57,-0.75,-2.82,-2.52,-2.14,-2.40,-2.09,-2.06,-3.42,-3.10,-4.12,-7.88,-4.22,,-1.83,-3.75,-5.40,-7.20,-4.62,-4.45,-1.99,-4.49,-3.52,-0.82,-1.40,-2.81,-2.42,-1.46,-2.12,-1.90,-2.13,-2.88,-1.17,-1.46,-1.67,-0.70,-0.41,-1.56,-3.93,-0.76,-0.73,-0.80,-0.89,-0.83,-1.60,-0.36,-1.02,-0.81,-1.26,-0.99,-1.64,-1.99,-1.62,-1.52,-0.89,-0.80,-1.08,-1.02,-1,-0.72,1.71,-2.10,-2.07,-1.56,-2.50,-2.22,-2.90,-1.88,-1.10,-0.58,-1.02,-0.82,-0.81,1.57,2.30,-1.77,-2.33,-2.43,-2.40,,-5.70,-13.80,-1.20,-1.40,-2.20,,,,,,,-1.60,-1.50,,-0.90,-0.80,-1,-0.74,,,,,,,,-1,-0.80,-0.30,-1.40,-0.60,,,,,-0.70,,-0.70,-0.40,-0.80,0.10,,,,-1.70,,,-0.70,,,1.20,1,0.20,1.60,-1.30,-1.90,
2008-12-25 15:40,-1.80,-1.88,-4.15,-2.05,-5.10,-1.97,-2.29,-2,-5.95,-2.12,-4.27,-3.71,-6.80,-4.66,-4.05,-4.90,-5.29,-8.67,-4,-5.66,-7.46,-7.44,-4.10,,-1.29,-1.64,-2.12,-3.66,-1,-3.30,-2.71,-1.38,-8.45,-2.97,-2.84,-2.94,-2.27,-2.75,-5.96,-2.40,-10.30,-11.25,-9.33,-1.95,-4.90,-1.28,-1.90,-2.11,-2.63,-2.29,-3.50,-0.84,-1.51,-0.78,-2.85,-2.51,-2.20,-2.40,-2.10,-2.07,-3.39,-3.10,-4.18,-7.84,-4.23,,-1.99,-3.79,-5.40,-7.36,-4.63,-4.46,-2.15,-4.60,-3.44,-0.81,-1.40,-2.77,-2.42,-1.47,-2.14,-2,-2,-2.97,-1.22,-1.47,-1.65,-0.60,-0.26,-1.46,-4,-0.83,-0.99,-0.90,-0.66,-0.86,-1.64,-0.38,-1.05,-0.81,-1.29,-1.13,-1.96,-2.03,-1.48,-1.44,-1.07,-0.70,-1.12,-1.11,-0.97,-0.72,1.51,-2.35,-2.09,-1.57,-2.70,-2.10,-2.89,-1.77,-1.20,-0.63,-1.09,-0.85,-0.74,1.52,2.40,-1.98,-2.50,-2.38,-2.40,,-5.70,-13.80,-1.10,-1.50,-2.10,,,,,,,-1.70,-1.70,,-1,-0.90,-0.90,-0.72,,,,,,,,-1,-0.90,-0.30,-1.40,-0.60,,,,,-0.80,,-0.70,-0.50,-0.90,0,-0.70,,,-1.70,,,-0.70,,,1.20,1,0.30,1.70,-1.30,-1.90,
2008-12-25 15:50,-1.80,-1.94,-4.10,-2.10,-5.20,-2.03,-2.31,-2,-5.96,-2.17,-4.28,-3.70,-6.74,-4.69,-4.11,-4.92,-5.31,-8.72,-4,-5.74,-7.53,-7.44,-4.13,,-1.38,-1.65,-2.19,-3.67,-1.06,-3.20,-2.69,-1.37,-8.49,-3.07,-2.81,-2.95,-2.25,-2.75,-5.98,-2.37,-10.20,-11.23,-9.32,-1.85,-4.70,-1.28,-1.90,-2.12,-2.70,-2.22,-3.39,-0.88,-1.54,-0.76,-2.95,-2.64,-2.11,-2.40,-2.19,-2.08,-3.28,-3.10,-4.23,-7.88,-4.27,,-2.05,-3.84,-5.40,-7.39,-4.53,-4.48,-2.23,-4.61,-3.39,-0.75,-1.40,-2.70,-2.44,-1.37,-2.31,-2.40,-1.75,-3.19,-1.31,-1.52,-1.59,-0.70,-0.20,-1.34,-3.93,-0.85,-0.97,-1.10,-0.76,-0.82,-1.64,-0.46,-1.06,-0.86,-1.34,-1.12,-1.85,-1.94,-1.61,-1.43,-1.20,-0.80,-1.07,-1.07,-0.96,-0.71,1.33,-2.58,-2.30,-1.61,-2.90,-2.01,-2.98,-1.86,-1.10,-0.68,-1.11,-0.94,-0.66,1.53,2.40,-2.07,-2.26,-2.42,-2.40,,-5.70,-13.80,-1.20,-1.50,-2.20,,,,,,,-1.90,-1.50,,-1,-0.90,-0.90,-0.77,,,,,,,,-1,-0.90,-0.40,-1.40,-0.80,,,,,-0.80,,-0.70,-0.60,-0.90,0.10,-0.80,,,-1.80,,,-0.70,,,1.20,1,0.30,1.70,-1.30,-1.90,
2008-12-25 16:00,-1.90,-1.89,-4.17,-1.97,-5.20,-2.27,-2.29,-2,-6.05,-2.13,-4.26,-3.63,-6.73,-4.70,-4.18,-4.84,-5.34,-8.73,-4,-5.76,-7.52,-7.51,-4.10,,-1.26,-1.63,-2.15,-3.76,-1.11,-3.20,-2.66,-1.46,-8.43,-3.16,-2.93,-3,-2.36,-2.69,-6.05,-2.40,-10.20,-11.23,-9.31,-1.87,-4.70,-1.30,-1.90,-2.07,-2.66,-2.15,-3.42,-0.86,-1.62,-0.75,-2.78,-2.49,-2.12,-2.40,-2.17,-1.99,-3.37,-3.10,-4.16,-7.83,-4.25,,-1.93,-4,-5.50,-7.32,-4.57,-4.47,-2.09,-4.58,-3.42,-0.74,-1.50,-2.70,-2.43,-1.22,-2.41,-2.40,-1.58,-3.25,-1.20,-1.43,-1.56,-0.70,-0.22,-1.20,-3.90,-0.86,-0.84,-1.10,-0.86,-0.81,-1.63,-0.48,-1.07,-0.85,-1.33,-1.03,-1.88,-1.99,-1.63,-1.60,-1.34,-0.80,-0.93,-1.16,-1.01,-0.74,1.39,-2.87,-2.40,-1.68,-3.20,-1.98,-2.89,-1.93,-1.10,-0.61,-1.06,-0.98,-0.55,1.56,2.50,-2.19,-2.21,-2.44,-2.40,-2.60,-5.70,-13.80,-1.10,-1.40,-2.20,-1.10,-2.90,-12.40,-2.80,-1.70,-1.40,-2,-1.70,-1.60,-1.10,-0.90,-0.80,-0.60,-1.10,-2,-1.50,-1.10,-1,-1.90,-1.60,-1,-1,-0.30,-1.40,-1,-0.40,-0.20,-1,-1.90,-0.80,-0.40,-0.80,-0.60,-0.20,0.30,-1.10,-1.40,-1.10,-1.80,-2.20,-1.10,-0.70,0.80,-0.60,1.20,1,0.30,1.50,-1.40,-1.80,-1.90
2008-12-25 16:10,-2,-1.92,-4.15,-1.99,-5.20,-2.15,-2.29,-2,-6.12,-2.16,-4.31,-3.64,-6.78,-4.66,-4.10,-4.88,-5.30,-8.67,-4,-5.72,-7.44,-7.20,-4.03,,-1.24,-1.62,-2.10,-3.76,-1.03,-3.20,-2.69,-1.40,-8.40,-3.10,-2.91,-3.03,-2.43,-2.73,-5.99,-2.40,-10.20,-11.24,-9.27,-1.98,-4.70,-1.29,-2,-2.07,-2.62,-2.20,-3.48,-0.83,-1.71,-0.77,-2.83,-2.49,-1.99,-2.40,-2.11,-2.13,-3.44,-3.10,-4.24,-7.87,-4.22,,-1.96,-3.99,-5.50,-7.27,-4.38,-4.57,-2.03,-4.50,-3.46,-0.77,-1.50,-2.68,-2.45,-1.11,-2.34,-2.30,-1.39,-3.05,-1.06,-1.50,-1.53,-0.60,-0.20,-1.20,-3.76,-0.80,-0.87,-1.10,-0.86,-0.86,-1.65,-0.52,-1.05,-0.81,-1.40,-1.04,-1.81,-1.98,-1.67,-1.65,-1.40,-0.90,-0.77,-1.13,-1.05,-0.78,1.39,-3.04,-2.55,-1.78,-3.40,-1.99,-2.89,-1.93,-1.10,-0.77,-1.15,-0.92,-0.44,1.62,2.50,-2.24,-2.38,-2.43,-2.40,,-5.60,-13.80,-1.10,-1.50,-2.10,,,,,,,-2.10,-1.80,,-1.20,-0.90,-0.90,-0.77,,,,,,,,-1,-1,-0.30,-1.40,-1,,,,,-0.80,,-0.80,-0.70,-0.20,0.30,-1.20,,,-1.80,,,-0.60,,,1.20,1,0.30,1.50,-1.40,-1.80,
2008-12-25 16:20,-2,-1.82,-4.23,-2.02,-5.10,-2.16,-2.28,-2,-6.08,-2.22,-4.32,-3.70,-6.73,-4.62,-4.06,-4.96,-5.20,-8.70,-4,-5.63,-7.47,-7.23,-3.98,,-1.17,-1.68,-2.14,-3.80,-1.04,-3.30,-2.68,-1.55,-8.42,-3.18,-2.97,-3,-2.40,-2.82,-5.97,-2.67,-10.20,-11.23,-9.24,-1.92,-4.70,-1.31,-2,-2.11,-2.50,-2.30,-3.42,-0.88,-1.79,-0.79,-2.89,-2.48,-2.03,-2.40,-2.13,-2.10,-3.40,-3.10,-4.30,-7.96,-4.17,,-2,-3.97,-5.50,-7.35,-4.51,-4.60,-1.99,-4.48,-3.42,-1.03,-1.50,-2.68,-2.50,-1.28,-2.48,-2.30,-1.29,-2.89,-0.99,-1.56,-1.61,-0.60,-0.16,-1.19,-3.69,-0.74,-0.82,-1,-0.93,-0.92,-1.68,-0.54,-1.15,-0.81,-1.37,-1,-1.82,-1.91,-1.70,-1.73,-1.21,-0.80,-0.81,-1.13,-0.90,-0.82,1.38,-3.29,-2.62,-1.92,-3.60,-1.94,-2.85,-1.93,-1.10,-0.74,-1.24,-0.60,-0.45,1.53,2.50,-2.29,-2.48,-2.29,-2.30,,-5.60,-13.80,-1.10,-1.50,-2.20,,,,,,,-2.30,-1.90,,-1.20,-0.90,-0.90,-0.80,,,,,,,,-1,-1,-0.40,-1.40,-1.20,,,,,-0.80,,-0.70,-0.70,0.10,0.40,-1.40,,,-1.80,,,-0.70,,,1.20,1.10,0.40,1.50,-1.60,-1.90,
2008-12-25 16:30,-2,-1.88,-4.10,-2.05,-5.17,-2.12,-2.44,-2,-6.10,-2.23,-4.33,-3.74,-6.76,-4.60,-4.05,-5.07,-5.21,-8.62,-4,-5.62,-7.37,-7.51,-3.99,,-1.15,-1.75,-2.16,-3.86,-1.09,-3.40,-2.83,-1.43,-8.40,-3.07,-3.03,-3.06,-2.37,-2.92,-5.96,-2.53,-10.20,-11.11,-9.20,-1.87,-4.70,-1.42,-2.10,-2.16,-2.46,-2.33,-3.41,-0.87,-1.79,-0.98,-2.90,-2.70,-2.06,-2.40,-2.35,-2,-3.41,-3.20,-4.17,-7.97,-4.18,,-1.99,-3.97,-5.50,-7.37,-4.45,-4.49,-1.94,-4.50,-3.42,-1,-1.50,-2.69,-2.60,-1.31,-2.78,-2.30,-1.24,-2.79,-0.88,-1.50,-1.46,-0.50,-0.11,-1.19,-3.77,-0.73,-0.83,-0.90,-0.88,-0.79,-1.62,-0.54,-1.20,-0.82,-1.39,-1.02,-1.89,-1.90,-1.82,-1.66,-1.02,-0.80,-0.94,-1.14,-0.94,-0.88,1.36,-3.40,-2.67,-2.10,-3.50,-2.23,-2.81,-1.98,-1,-0.76,-1.20,-0.72,-0.48,1.50,2.40,-2.39,-2.88,-2.32,-2.30,,-5.50,-13.80,-1.20,-1.40,-2.30,,,,,,,-2.40,-1.80,,-1.20,-0.80,-0.90,-0.78,,,,,,,,-1,-1,-0.40,-1.30,-1.20,,,,,-0.80,,-0.70,-0.80,0.50,0.30,-1.60,,,-1.90,,,-0.70,,,1.10,1.10,0.50,1.50,-1.60,-1.90,
2008-12-25 16:40,-1.90,-1.85,-4.14,-2.14,-5.15,-2.07,-2.44,-2,-6.10,-2.13,-4.34,-3.84,-6.79,-4.56,-4.17,-5.06,-5.28,-8.69,-4,-5.66,-7.27,-7.14,-3.98,,-1.22,-1.82,-2.16,-3.93,-1.10,-3.30,-2.92,-1.47,-8.38,-3.12,-2.94,-3.21,-2.50,-2.90,-5.88,-2.43,-10.10,-11.08,-9.18,-1.93,-4.70,-1.39,-2.10,-2.16,-2.59,-2.32,-3.46,-0.92,-1.81,-0.98,-2.87,-2.70,-2.16,-2.40,-2.37,-2.14,-3.37,-3.10,-4.17,-7.93,-4.15,,-2.05,-3.99,-5.50,-7.44,-4.55,-4.41,-1.93,-4.38,-3.35,-0.97,-1.60,-2.75,-2.60,-1.30,-2.97,-2.60,-1.22,-2.77,-0.80,-1.55,-1.51,-0.50,0.01,-1.16,-3.85,-0.62,-0.71,-0.90,-0.80,-0.76,-1.55,-0.53,-1.16,-0.82,-1.30,-1.06,-2.21,-1.85,-2.01,-1.57,-0.84,-0.80,-0.92,-1.14,-0.98,-0.83,1.28,-3.48,-3.06,-2.11,-3.60,-2.40,-2.77,-2.03,-1,-0.55,-1.09,-0.69,-0.39,1.53,2.40,-2.47,-2.71,-2.34,-2.30,,-5.50,-13.70,-1.20,-1.50,-2.30,,,,,,,-2.40,-1.80,,-1.20,-0.90,-1,-0.79,,,,,,,,-1,-1,-0.30,-1.30,-1.30,,,,,-0.90,,-0.70,-0.80,1.10,0.20,-1.60,,,-2,,,-0.70,,,1.10,1.10,0.40,1.50,-1.70,-1.90,
2008-12-25 16:50,-1.90,-1.88,-4.21,-2.18,-5.25,-2.03,-2.49,-2,-6.09,-2.07,-4.36,-3.76,-6.82,-4.55,-4.04,-4.99,-5.26,-8.65,-4,-5.61,-7.24,-7.40,-3.98,,-1.24,-1.76,-2.10,-4,-1.09,-3.30,-2.90,-1.45,-8.41,-3.12,-2.85,-3.20,-2.53,-2.92,-5.82,-2.47,-10.10,-11.16,-9.12,-1.87,-4.70,-1.38,-2.10,-2.16,-2.56,-2.35,-3.43,-0.96,-1.79,-1.03,-2.87,-2.85,-2.22,-2.40,-2.23,-2.13,-3.27,-3.10,-4.12,-7.86,-4.13,,-2.04,-3.98,-5.50,-7.34,-4.52,-4.35,-1.94,-4.43,-3.28,-0.88,-1.50,-2.78,-2.60,-1.34,-2.80,-2.80,-1.20,-2.84,-0.76,-1.63,-1.58,-0.60,-0.07,-0.99,-3.81,-0.59,-0.65,-0.90,-0.79,-0.79,-1.49,-0.63,-1.16,-0.84,-1.35,-1.04,-2.36,-1.82,-2.23,-1.60,-0.73,-0.80,-0.86,-1.16,-0.93,-0.88,1.27,-3.55,-3.14,-2.16,-3.70,-2.37,-2.77,-2.03,-1,-0.56,-1.25,-0.77,-0.55,1.38,2.40,-2.58,-2.98,-2.52,-2.30,,-5.40,-13.70,-1.20,-1.60,-2.30,,,,,,,-2.50,-1.80,,-1.10,-0.90,-1,-0.82,,,,,,,,-1.10,-1,-0.40,-1.30,-1.40,,,,,-0.90,,-0.70,-0.80,1.40,0.10,-1.70,,,-2.10,,,-0.70,,,1.10,1.20,0.50,1.60,-1.70,-1.90,
2008-12-25 17:00,-1.90,-1.87,-4.17,-2.18,-5.22,-1.96,-2.55,-2,-6.10,-2.07,-4.36,-3.78,-6.88,-4.63,-4.17,-4.95,-5.36,-8.71,-4,-5.61,-7.36,-7.13,-4.07,,-1.29,-1.86,-2.12,-3.98,-1.15,-3.30,-2.88,-1.45,-8.42,-3.28,-2.91,-3.17,-2.45,-2.97,-5.86,-2.51,-10,-11.19,-9.10,-1.98,-4.70,-1.47,-2,-2.16,-2.43,-2.38,-3.48,-0.96,-1.79,-1.11,-2.90,-2.75,-2.28,-2.40,-2.34,-2.15,-3.28,-3.20,-4.02,-7.86,-4.14,,-2.05,-3.99,-5.50,-7.45,-4.62,-4.41,-1.96,-4.39,-3.34,-0.72,-1.50,-2.77,-2.50,-1.48,-2.70,-2.90,-1.06,-2.76,-0.71,-1.63,-1.46,-0.50,-0.05,-1.12,-3.93,-0.58,-0.62,-0.80,-0.74,-0.80,-1.41,-0.53,-1.13,-0.89,-1.48,-1,-2.12,-1.86,-2.34,-1.52,-0.72,-0.90,-0.91,-1.16,-0.92,-0.89,1.28,-3.69,-3.26,-2.30,-3.60,-2.31,-2.73,-1.91,-1,-0.67,-1.19,-0.97,-0.42,1.44,2.30,-2.54,-3.44,-2.44,-2.30,-2.70,-5.30,-13.70,-1.20,-1.60,-2.40,-1.20,-3.10,-12.30,-2.70,-2.40,-1.90,-2.40,-1.70,-1.10,-1.20,-0.90,-1,-0.70,,-2.50,-1.40,-1.30,-1,-2.40,-1.70,-1.10,-1,-0.40,-1.20,-1.40,-0.10,-0.40,-1.20,-1.40,-1,-0.60,-0.60,-0.80,1.30,0,-2,-2,-2,-2,-2.20,-1.10,-0.70,0.80,-0.60,1.20,1.20,0.50,1.70,-1.60,-1.90,-2.20
2008-12-25 17:10,-1.90,-1.90,-4.19,-2.22,-5.18,-1.86,-2.48,-2.10,-6.15,-2.03,-4.37,-3.77,-6.94,-4.61,-4.16,-4.97,-5.39,-8.64,-4,-5.72,-7.46,-7.10,-4.05,,-1.31,-1.89,-2.16,-3.91,-1.08,-3.30,-2.98,-1.51,-8.39,-3.24,-2.82,-3.14,-2.52,-3.09,-5.71,-2.50,-10,-11.13,-9.15,-1.93,-4.70,-1.47,-2,-2.17,-2.64,-2.42,-3.52,-1.03,-1.91,-1.21,-2.88,-2.79,-2.25,-2.40,-2.32,-2.14,-3.27,-3.20,-3.94,-7.90,-4.20,,-2.35,-4.02,-5.50,-7.52,-4.67,-4.54,-1.92,-4.31,-3.31,-0.82,-1.50,-2.71,-2.50,-1.42,-2.75,-2.70,-1.13,-2.72,-0.64,-1.62,-1.41,-0.50,-0.02,-1.09,-4.01,-0.55,-0.78,-0.70,-0.76,-0.87,-1.57,-0.52,-1.15,-0.87,-1.65,-1.07,-2.07,-2.06,-2.41,-1.72,-0.72,-0.90,-0.97,-1.25,-0.94,-0.87,1.08,-3.76,-3.20,-2.32,-3.80,-2.42,-2.58,-2.01,-1,-0.65,-1.23,-1.13,-0.58,1.54,2.30,-2.60,-3.41,-2.48,-2.40,,-5.40,-13.70,-1.20,-1.60,-2.40,,,,,,,-2.30,-1.80,,-1.20,-0.90,-1,-0.86,,,,,,,,-1.10,-1,-0.40,-1.20,-1.40,,,,,-1,,-0.60,-0.70,1.30,0,-2,,,-2,,,-0.70,,,1.20,1.30,0.50,1.70,-1.60,-1.90,
2008-12-25 17:20,-1.90,-1.91,-4.15,-2.27,-5.20,-1.84,-2.47,-2.10,-6.17,-2.01,-4.47,-3.80,-7.01,-4.61,-4.19,-5.04,-5.35,-8.65,-4,-5.66,-7.45,-7.02,-4.10,,-1.26,-1.85,-2.14,-3.90,-1.04,-3.30,-2.98,-1.61,-8.51,-3.28,-2.91,-3.29,-2.56,-3.08,-5.75,-2.49,-10,-11.07,-9.10,-1.74,-4.70,-1.44,-2.10,-2.18,-2.63,-2.43,-3.43,-1.15,-1.96,-1.23,-2.94,-2.75,-2.31,-2.50,-2.25,-2.14,-3.29,-3.20,-3.93,-7.88,-4.22,,-2.23,-4.12,-5.50,-7.51,-4.53,-4.62,-1.84,-4.28,-3.31,-0.82,-1.50,-2.87,-2.50,-1.32,-3,-2.80,-1.02,-2.83,-0.55,-1.65,-1.41,-0.50,-0.04,-1.01,-4.16,-0.55,-0.82,-0.70,-0.65,-0.75,-1.54,-0.54,-1.19,-0.87,-1.85,-0.96,-1.96,-2.15,-2.73,-1.64,-0.76,-1,-1.01,-1.20,-0.94,-0.92,0.96,-3.86,-3.23,-2.32,-4,-2.47,-2.53,-1.90,-1,-0.50,-1.12,-1.09,-0.71,1.64,2.40,-2.96,-3.45,-2.46,-2.40,,-5.40,-13.70,-1.30,-1.60,-2.40,,,,,,,-2.40,-1.80,,-1.20,-0.90,-1,-0.85,,,,,,,,-1.10,-1.10,-0.40,-1.10,-1.40,,,,,-1,,-0.60,-0.80,1.10,0,-2.20,,,-2,,,-0.80,,,1.20,1.30,0.40,1.70,-1.80,-1.90,
2008-12-25 17:30,-2,-1.89,-4.16,-2.32,-5.20,-1.78,-2.51,-2.10,-6.18,-2.07,-4.42,-3.79,-7.09,-4.64,-4.19,-5.01,-5.32,-8.73,-4.10,-5.64,-7.51,-7.33,-4.10,,-1.27,-1.88,-2.25,-3.92,-1.11,-3.20,-2.94,-1.55,-8.46,-3.35,-3.02,-3.30,-2.49,-3.05,-5.75,-2.61,-10,-11.07,-9.13,-1.82,-4.70,-1.50,-2.20,-2.28,-2.71,-2.48,-3.41,-1.06,-1.93,-1.20,-2.94,-2.81,-2.37,-2.40,-2.42,-2.04,-3.25,-3.20,-3.98,-7.86,-4.22,,-2.28,-4.33,-5.60,-7.42,-4.46,-4.59,-1.85,-4.34,-3.37,-0.84,-1.60,-2.80,-2.60,-1.46,-3.21,-3.10,-1.01,-2.84,-0.63,-1.61,-1.51,-0.50,0.11,-0.92,-4.24,-0.54,-0.88,-0.80,-0.94,-0.83,-1.54,-0.53,-1.28,-1.03,-2.04,-1.03,-1.97,-2.18,-2.54,-1.66,-0.70,-1,-1.03,-1.23,-0.92,-1.02,0.98,-4.06,-3.42,-2.34,-3.80,-2.53,-2.48,-1.99,-1,-0.43,-1.17,-1.10,-0.89,1.67,2.40,-3.19,-3.52,-2.43,-2.50,,-5.40,-13.70,-1.30,-1.60,-2.40,,,,,,,-2.40,-2,,-1.20,-0.90,-1.20,-0.86,,,,,,,,-1.10,-1.10,-0.40,-1.20,-1.40,,,,,-1.10,,-0.50,-0.80,1.30,-0.20,-2.30,,,-2.10,,,-0.80,,,1.30,1.20,0.30,1.60,-1.70,-1.90,
2008-12-25 17:40,-1.90,-2,-4.32,-2.32,-5.20,-1.77,-2.58,-2.10,-6.23,-2,-4.36,-3.75,-7.15,-4.65,-4.22,-4.88,-5.44,-8.71,-4.10,-5.66,-7.31,-7.43,-4.17,,-1.24,-1.80,-2.19,-3.95,-1.16,-3.20,-2.90,-1.45,-8.57,-3.38,-2.98,-3.29,-2.38,-3.03,-5.78,-2.64,-9.90,-11.12,-9.03,-2.07,-4.70,-1.52,-2.20,-2.38,-2.71,-2.47,-3.41,-1.17,-1.94,-1.22,-2.96,-2.84,-2.35,-2.40,-2.42,-2.04,-3.31,-3.20,-4.01,-7.86,-4.23,,-2.36,-4.43,-5.60,-7.41,-4.52,-4.60,-1.83,-4.34,-3.40,-0.81,-1.60,-2.80,-2.70,-1.27,-3.38,-3.20,-0.98,-2.76,-0.60,-1.65,-1.52,-0.50,-0.01,-0.87,-4.26,-0.73,-0.83,-0.80,-0.76,-0.68,-1.58,-0.49,-1.31,-1.22,-2.24,-1.11,-1.83,-2.19,-2.77,-1.80,-0.72,-1.10,-1.12,-1.28,-0.91,-1,0.88,-4.04,-3.62,-2.40,-3.70,-2.63,-2.48,-1.90,-1,-0.55,-1.24,-1.09,-0.92,1.62,2.40,-3.33,-3.30,-2.51,-2.60,,-5.40,-13.60,-1.20,-1.60,-2.40,,,,,,,-2.20,-2.20,,-1.20,-0.90,-1.10,-0.87,,,,,,,,-1.10,-1.10,-0.50,-1.10,-1.40,,,,,-1.10,,-0.50,-0.80,1.50,-0.30,-2.10,,,-2.10,,,-0.90,,,1.40,1.20,0.50,1.60,-1.90,-1.90,
2008-12-25 17:50,-1.90,-1.97,-4.34,-2.21,-5.20,-1.94,-2.65,-2.10,-6.20,-2.16,-4.37,-3.83,-7.12,-4.51,-4.19,-4.94,-5.53,-8.73,-4.10,-5.81,-7.24,-7.19,-4.24,,-1.20,-1.74,-2.27,-3.94,-1.17,-3.20,-2.90,-1.58,-8.56,-3.29,-3.14,-3.38,-2.48,-3.02,-5.86,-2.59,-10,-11.09,-9.07,-2.07,-4.70,-1.55,-2.20,-2.41,-2.71,-2.56,-3.55,-1.17,-2.03,-1.26,-3.05,-2.74,-2.21,-2.40,-2.26,-2.14,-3.28,-3.30,-3.95,-7.86,-4.29,,-2.43,-4.34,-5.60,-7.46,-4.52,-4.61,-1.92,-4.20,-3.41,-0.68,-1.60,-2.88,-2.90,-1.41,-3.52,-3.30,-1,-2.73,-0.62,-1.77,-1.47,-0.60,0,-0.89,-4.24,-0.85,-0.92,-0.80,-0.98,-0.72,-1.56,-0.47,-1.35,-1.42,-2.58,-1.16,-1.77,-2.14,-2.95,-1.84,-0.59,-1.10,-1.09,-1.28,-0.96,-1.12,0.86,-4.37,-3.81,-2.37,-3.80,-2.59,-2.47,-1.94,-1,-0.45,-1.29,-1,-0.93,1.57,2.40,-3.40,-2.84,-2.50,-2.60,,-5.30,-13.60,-1.20,-1.70,-2.40,,,,,,,-2,-2.40,,-1.20,-0.80,-1.10,-0.92,,,,,,,,-1.10,-1.10,-0.50,-1.10,-1.30,,,,,-1.10,,-0.50,-0.70,1.80,-0.20,-1.90,,,-2.10,,,-0.90,,,1.40,1.50,0.80,1.60,-1.80,-1.90,
2008-12-25 18:00,-2,-1.99,-4.24,-2,-5,-1.73,-2.53,-2.10,-6.24,-2.16,-4.51,-3.86,-7.15,-5,-4.05,-4,-5,-8.74,-4,-5.84,-7,-7.16,-4.27,-3,-1,-2,-2.36,-3.95,-1,-3,-3,-2,-8.69,-4,-3.14,-3,-2,-3,-5,-3,-10,-11,-9,-2,-4.80,-1.57,-2,-2.44,-2.84,-2.72,-4,-1,-2.04,-1.27,-3.18,-3,-2,-2,-2,-2.28,-3.27,-3,-4.02,-7.93,-4.37,,-2.77,-4.20,-5.60,-7.43,-4.56,-4.42,-1.76,-4.24,-3.45,-0.76,-1.60,-2.75,-3.10,-1.29,-2,-3.50,-1.02,-2.82,-0.60,-1.83,-1,-0.50,0.04,-0.91,-4.30,-0.91,-3,-0.80,-0.99,-0.80,-1.57,-0.46,-1.29,-1.53,-2.76,-1.26,-1.96,-2.33,-2.85,-1.99,-0.68,-1.10,-1.02,-1.33,-0.97,-1.18,0.72,-4.45,-3.90,-2.44,-3.80,-2.50,-2.52,-1.82,-1,-0.59,-1.15,-0.97,-0.97,1.80,2.20,-3.41,-2.60,-2.44,-2.70,-3,-5,-14,-1.20,-1.60,-2.50,,-2.90,-12.20,-2.60,-2.10,-2,-1.90,-2,-1.10,-1.30,-0.80,-0.90,-0.80,-2.10,-2.90,-1.70,-1.20,-1.40,-1.90,-1.80,-1.10,-1.10,-0.50,-1.10,-1.40,-0.30,-0.40,-1.90,-1.30,-1.20,-0.50,-0.50,-0.70,1.90,-0.10,-1.50,,-3.30,-2.20,-2.20,-1.10,-1,0.60,0.20,1.50,1.30,0.80,1.60,-2.10,-1.90,-2.30
2008-12-25 18:10,-2,-2,-4.44,-2.36,-5.30,-1.66,-2.64,-2.20,-6.29,-2.05,-4.59,-3.83,-7.06,-4.53,-4,-4.99,-5.66,-8.76,-4.10,-5.82,-7.40,-7.38,-4.29,,-1.09,-1.67,-2.41,-3.94,-1.18,-3.30,-2.98,-1.29,-8.75,-3.38,-3.14,-3.27,-2.44,-2.94,-5.94,-2.53,-10,-11.15,-9.07,-2.15,-4.80,-1.53,-2.30,-2.46,-2.75,-2.64,-3.57,-1.24,-2.13,-1.39,-3.23,-3.04,-2.33,-2.50,-2.19,-2.35,-3.29,-3.40,-4.02,-7.99,-4.40,,-2.66,-4.07,-5.60,-7.34,-4.57,-4.38,-1.84,-4.28,-3.36,-0.83,-1.70,-2.79,-2.90,-1.32,-3.88,-3.40,-1.08,-2.87,-0.55,-1.72,-1.55,-0.60,-0.01,-0.79,-4.33,-0.96,-0.82,-0.80,-1.02,-0.73,-1.68,-0.46,-1.29,-1.66,-2.98,-1.37,-1.83,-2.30,-2.59,-2.04,-0.80,-1.10,-0.94,-1.43,-0.93,-1.16,0.38,-4.59,-4.11,-2.46,-3.80,-2.50,-2.53,-1.71,-1.10,-0.51,-1.24,-1.07,-1.18,1.56,2.40,-3.41,-2.92,-2.39,-2.80,,-5.40,-13.60,-1.30,-1.80,-2.60,,,,,,,-1.80,-2.50,,-1.30,-0.80,-1,-1.02,,,,,,,,-1.10,-1.10,-0.50,-1,-1.40,,,,,-1.20,,-0.50,-0.70,1.90,-0.10,-1.50,,,-2.20,,,-1,,,1.50,1.40,0.80,1.60,-2.20,-1.80,
2008-12-25 18:20,-1.90,-1.97,-4.21,-2.40,-5.30,-1.65,-2.66,-2.20,-6.29,-2.05,-4.55,-3.70,-7.01,-4.60,-4,-5.04,-5.68,-8.81,-4,-5.78,-7.31,-7.39,-4.33,,-1.16,-1.59,-2.44,-3.98,-1.23,-3.30,-2.98,-1.50,-8.78,-3.38,-3.17,-3.25,-2.61,-2.97,-5.97,-2.45,-10.10,-11.14,-9.18,-2.19,-4.80,-1.53,-2.30,-2.46,-2.85,-2.61,-3.59,-1.15,-2.11,-1.38,-3.34,-3.09,-2.51,-2.60,-2.42,-2.44,-3.27,-3.40,-4.01,-8.09,-4.41,,-2.53,-4.08,-5.60,-7.32,-4.51,-4.52,-1.76,-4.18,-3.35,-0.83,-1.60,-2.79,-2.70,-1.33,-3.90,-3.40,-1.03,-2.79,-0.54,-1.68,-1.54,-0.60,0,-0.80,-4.38,-0.92,-0.98,-0.90,-1.08,-0.79,-1.87,-0.43,-1.25,-1.62,-2.85,-1.53,-1.74,-2.25,-2.52,-2.01,-0.81,-1.10,-1.07,-1.44,-1.06,-1.22,0.45,-4.35,-3.98,-2.47,-3.60,-2.52,-2.54,-1.70,-1.20,-0.65,-1.26,-1.05,-1.44,1.60,2.40,-3.54,-3.15,-2.38,-2.90,,-5.40,-13.60,-1.30,-1.90,-2.70,,,,,,,-1.80,-2.40,,-1.30,-0.80,-1,-1.11,,,,,,,,-1.20,-1.10,-0.50,-1.10,-1.30,,,,,-1.20,,-0.60,-0.80,1.70,0.10,-1.20,,,-2.20,,,-1,,,1.40,1.30,0.70,1.50,-2.20,-1.90,
2008-12-25 18:30,-2,-1.98,-4.36,-2.31,-5.30,-1.74,-2.60,-2.20,-6.31,-2.10,-4.49,-3.82,-7.07,-4.62,-4.07,-4.97,-5.57,-8.77,-4,-5.76,-7.35,-7.21,-4.32,,-1.15,-1.43,-2.44,-3.98,-1.30,-3.30,-3,-1.41,-8.74,-3.44,-3.13,-3.21,-2.64,-3.01,-5.92,-2.37,-10.10,-11.16,-9.20,-2.28,-4.80,-1.58,-2.40,-2.55,-2.87,-2.76,-3.57,-1.16,-2.24,-1.43,-3.35,-3.12,-2.50,-2.70,-2.54,-2.40,-3.34,-3.40,-4.09,-8.13,-4.46,,-2.52,-4.09,-5.60,-7.27,-4.69,-4.55,-1.73,-4.23,-3.44,-1.10,-1.60,-2.80,-2.50,-1.21,-3.77,-3.40,-0.97,-2.82,-0.54,-1.68,-1.57,-0.60,0.01,-0.78,-4.27,-0.99,-1.09,-0.90,-1.05,-0.78,-1.97,-0.45,-1.26,-1.73,-2.82,-1.88,-1.85,-2.38,-2.48,-1.93,-0.84,-1.10,-1.15,-1.42,-1.04,-1.33,0.46,-4.12,-4.07,-2.45,-3.70,-2.58,-2.51,-1.65,-1.20,-0.75,-1.32,-1.07,-1.58,1.71,2.40,-3.65,-3,-2.34,-2.90,,-5.40,-13.60,-1.30,-1.90,-2.70,,,,,,,-1.80,-2.20,,-1.30,-0.90,-1,-1.07,,,,,,,,-1.20,-1.10,-0.50,-1.10,-1.30,,,,,-1.30,,-0.60,-0.70,1.60,-0.40,-1,,,-2.20,,,-1.10,,,1.30,1.30,0.70,1.40,-2.30,-2,
2008-12-25 18:40,-2,-1.97,-4.37,-2.29,-5.30,-1.84,-2.59,-2.30,-6.30,-2.19,-4.48,-3.79,-7.13,-4.71,-3.99,-5.08,-5.65,-8.81,-4,-5.81,-7.53,-7.43,-4.34,,-1.10,-1.36,-2.41,-3.98,-1.26,-3.40,-3,-1.37,-8.71,-3.42,-3.12,-3.23,-2.43,-2.93,-6.11,-2.47,-10.20,-11.20,-9.19,-2.21,-4.90,-1.59,-2.40,-2.62,-2.88,-2.86,-3.60,-1.26,-2.37,-1.51,-3.33,-3.11,-2.62,-2.70,-2.54,-2.49,-3.38,-3.50,-4.19,-8.14,-4.53,,-2.67,-4.04,-5.60,-7.20,-4.73,-4.54,-1.75,-4.33,-3.29,-1.20,-1.70,-2.88,-2.50,-1.19,-3.62,-3.30,-1.08,-2.88,-0.49,-1.71,-1.51,-0.60,0.03,-0.80,-4.30,-0.91,-1.09,-0.90,-0.96,-0.81,-2,-0.58,-1.57,-1.73,-2.85,-2.13,-1.70,-2.49,-2.57,-1.69,-0.78,-1.20,-1.14,-1.45,-1.02,-1.32,0.34,-3.98,-4.49,-2.50,-3.70,-2.61,-2.55,-1.91,-1.30,-0.59,-1.25,-1.10,-1.67,1.57,2.10,-3.69,-3,-2.38,-3.10,,-5.50,-13.60,-1.40,-1.90,-2.80,,,,,,,-1.80,-2.10,,-1.30,-1,-0.90,-1.08,,,,,,,,-1.20,-1.10,-0.40,-1.10,-1.20,,,,,-1.30,,-0.60,-0.80,1.40,-0.50,-1,,,-2.10,,,-1.10,,,1.40,1.40,0.70,1.40,-2.50,-2,
2008-12-25 18:50,-2,-1.94,-4.31,-2.33,-5.30,-1.67,-2.59,-2.20,-6.34,-2.21,-4.51,-3.80,-7.14,-4.72,-4.02,-5.11,-5.54,-8.89,-4,-5.99,-7.62,-7.47,-4.31,,-1.08,-1.37,-2.45,-4.02,-1.37,-3.40,-3.03,-1.45,-8.77,-3.44,-3.15,-3.32,-2.51,-2.94,-6.10,-2.62,-10.30,-11.26,-9.30,-2.04,-4.90,-1.53,-2.50,-2.56,-2.91,-2.88,-3.61,-1.18,-2.47,-1.54,-3.36,-3.13,-2.70,-2.70,-2.42,-2.58,-3.48,-3.60,-4.22,-8.17,-4.58,,-2.63,-4.04,-5.60,-7.26,-4.58,-4.45,-1.74,-4.27,-3.38,-1.33,-1.70,-2.84,-2.60,-1.19,-3.50,-3.10,-1.15,-2.78,-0.54,-1.79,-1.55,-0.60,0.01,-0.76,-4.34,-0.94,-1.05,-0.80,-0.90,-0.79,-2.18,-0.47,-1.83,-1.73,-2.94,-2.17,-1.85,-2.41,-2.67,-1.72,-0.80,-1.20,-1.09,-1.46,-1.06,-1.30,0.21,-4.08,-4.84,-2.50,-3.50,-2.62,-2.49,-1.90,-1.30,-0.58,-1.48,-1.40,-1.93,1.62,2.20,-3.68,-3.04,-2.36,-3.10,,-5.50,-13.70,-1.30,-1.90,-2.80,,,,,,,-1.90,-2.10,,-1.30,-0.90,-1,-1.11,,,,,,,,-1.20,-1.10,-0.40,-1.20,-1.30,,,,,-1.30,,-0.60,-0.80,1.10,-0.30,-0.80,,,-2.10,,,-1.20,,,1.40,1.30,0.80,1.30,-2.80,-1.90,
2008-12-25 19:00,-2,-1.96,-4.33,-2.29,-5.30,-1.56,-2.63,-2.20,-6.34,-2.26,-4.60,-3.84,-7.22,-4.73,-3.94,-5.03,-5.60,-8.86,-4.10,-6.11,-7.59,-7.40,-4.24,,-1.05,-1.42,-2.47,-4.13,-1.26,-3.30,-3.01,-1.46,-8.82,-3.34,-3.21,-3.28,-2.45,-2.90,-6.18,-2.75,-10.30,-11.30,-9.30,-2.09,-5,-1.61,-2.50,-2.69,-2.91,-2.94,-3.71,-1.23,-2.42,-1.60,-3.46,-3.27,-2.72,-2.80,-2.64,-2.64,-3.64,-3.60,-4.36,-8.07,-4.57,,-2.56,-4.02,-5.60,-7.23,-4.57,-4.27,-1.73,-4.25,-3.29,-1.25,-1.70,-2.89,-2.60,-1.06,-3.33,-2.80,-0.99,-2.88,-0.50,-1.86,-1.59,-0.60,-0.11,-0.84,-4.23,-0.92,-0.98,-0.90,-1.04,-0.86,-2.24,-0.55,-2.03,-1.78,-2.98,-2.39,-1.75,-2.45,-2.68,-2.03,-0.82,-1.20,-1.14,-1.38,-1.03,-1.29,0.18,-4.18,-5.05,-2.54,-3.20,-2.67,-2.57,-1.69,-1.40,-0.66,-1.63,-1.32,-1.88,1.60,2.10,-3.70,-3.15,-2.31,-3.10,-3,-5.50,-13.70,-1.30,-1.90,-2.80,-1.50,-2.80,-12.10,-2.50,-2.30,-2.50,-1.90,-2.10,-1,-1.30,-1,-0.90,-0.90,-2.20,,-2.10,-1.90,-1.30,-1.90,-2.50,-1.20,-1.10,-0.40,-1.40,-1.20,-1.80,-0.50,-2.90,-1.40,-1.30,-0.50,-0.60,-0.80,0.70,-0.40,-0.70,-5.70,-4,-2.10,-2,-1,-1.20,,0.50,1.40,1.30,0.90,1.20,-2.50,-2.20,-2.20
2008-12-25 19:10,-2.10,-2.02,-4.32,-2.30,-5.30,-1.68,-2.61,-2.30,-6.38,-2.20,-4.62,-3.87,-7.16,-4.66,-3.92,-5.02,-5.66,-8.97,-4.10,-5.95,-7.55,-7.64,-4.29,,-1.13,-1.45,-2.42,-4.18,-1.26,-3.50,-3.01,-1.48,-9,-3.37,-3.13,-3.27,-2.49,-2.99,-6.27,-2.68,-10.30,-11.36,-9.34,-2.08,-5,-1.64,-2.50,-2.61,-3.18,-3.04,-3.73,-1.24,-2.32,-1.65,-3.46,-3.40,-2.82,-2.80,-2.64,-2.65,-3.54,-3.60,-4.38,-8.18,-4.59,,-2.64,-3.88,-5.60,-7.24,-4.55,-4.23,-1.74,-4.29,-3.28,-1.14,-1.90,-2.91,-2.68,-1.25,-3.13,-2.50,-1.13,-2.79,-0.54,-1.86,-1.57,-0.60,-0.20,-0.80,-4.32,-0.80,-0.98,-0.80,-0.79,-0.94,-2.31,-0.59,-2.05,-1.78,-2.92,-2.46,-1.75,-2.62,-2.66,-2.04,-0.81,-1.30,-1.17,-1.49,-1.10,-1.44,0.10,-4,-5.24,-2.61,-3.20,-2.67,-2.54,-1.92,-1.30,-0.72,-1.69,-1.43,-2.10,1.60,2,-3.24,-2.94,-2.21,-3.10,,-5.60,-13.70,-1.40,-1.90,-2.80,,,,,,,-1.90,-2.10,,-1.30,-1,-1,-1,,,,,,,,-1.30,-1.20,-0.40,-1.40,-1.20,,,,,-1.30,,-0.70,-0.80,0.70,-0.30,-0.70,,,-2.10,,,-1.30,,,1.60,1.50,0.80,1.20,-2.40,-2.20,
2008-12-25 19:20,-2.10,-2,-4.32,-2.29,-5.30,-1.81,-2.49,-2.20,-6.20,-2.15,-4.61,-3.85,-7.24,-4.74,-4.02,-5.08,-5.73,-8.97,-4.10,-6.01,-7.49,-7.53,-4.26,,-1.21,-1.43,-2.41,-4.17,-1.30,-3.50,-3.12,-1.66,-9.13,-3.38,-3.13,-3.33,-2.60,-3.02,-6.25,-2.69,-10.30,-11.39,-9.37,-2.16,-5,-1.63,-2.50,-2.60,-3.40,-3.13,-3.82,-1.26,-2.23,-1.72,-3.44,-3.47,-2.84,-2.90,-2.78,-2.68,-3.56,-3.60,-4.41,-8.09,-4.65,,-2.54,-3.83,-5.60,-7.22,-4.59,-4.33,-1.75,-4.31,-3.35,-1.10,-2,-2.90,-2.71,-1.31,-3.09,-2.40,-1.02,-2.76,-0.50,-1.77,-1.52,-0.50,-0.26,-0.81,-4.39,-0.81,-1,-0.80,-1.10,-0.70,-2.22,-0.67,-2.08,-1.82,-2.96,-2.62,-1.70,-2.92,-2.79,-2.48,-0.80,-1.30,-1.12,-1.51,-1.17,-1.51,-0.10,-3.90,-5.41,-2.57,-3.10,-2.58,-2.41,-1.69,-1.30,-0.69,-1.76,-1.45,-2.22,1.67,2,-2.88,-2.89,-2.16,-3.20,,-5.70,-13.70,-1.30,-1.90,-2.90,,,,,,,-1.90,-2,,-1.30,-1,-0.90,-1,,,,,,,,-1.30,-1.20,-0.40,-1.50,-1.20,,,,,-1.30,,-0.60,-0.80,0.80,-0.10,-0.40,,,-2,,,-1.40,,,1.60,1.60,0.90,1.10,-2.40,-2.50,
2008-12-25 19:30,-2.10,-1.87,-4.36,-2.13,-5.30,-1.64,-2.46,-2.20,-6.37,-2.23,-4.57,-3.89,-7.42,-4.71,-4.05,-5.03,-5.76,-9.01,-4.10,-5.97,-7.47,-7.79,-4.26,,-1.09,-1.48,-2.33,-4.24,-1.31,-3.60,-3.16,-1.74,-9.04,-3.33,-3.27,-3.33,-2.55,-3.02,-6.28,-2.73,-10.40,-11.37,-9.41,-2.15,-5.10,-1.58,-2.50,-2.65,-3.28,-3.03,-3.84,-1.36,-2.23,-1.62,-3.58,-3.36,-2.80,-2.90,-2.81,-2.72,-3.66,-3.60,-4.38,-8.13,-4.69,,-2.61,-3.97,-5.60,-7.18,-4.56,-4.33,-1.81,-4.24,-3.36,-1.04,-2.10,-2.91,-2.87,-1.44,-2.96,-2.30,-0.99,-2.85,-0.52,-1.87,-1.53,-0.70,-0.30,-0.78,-4.29,-0.76,-0.84,-0.80,-0.79,-0.85,-2.21,-0.75,-2.11,-1.94,-2.95,-2.65,-1.76,-2.95,-2.76,-2.68,-0.81,-1.30,-1.03,-1.49,-1.19,-1.51,-0.24,-3.59,-5.58,-2.58,-2.90,-2.56,-2.44,-1.64,-1.40,-0.76,-1.79,-1.46,-2.40,1.70,1.90,-2.59,-2.76,-2.18,-3.20,,-5.70,-13.70,-1.40,-2,-2.90,,,,,,,-1.90,-1.90,,-1.30,-1,-0.90,-1.08,,,,,,,,-1.40,-1.20,-0.30,-1.50,-1.20,,,,,-1.30,,-0.60,-0.90,0.80,0,-0.50,,,-1.90,,,-1.40,,,1.70,1.60,0.90,1.10,-2.50,-2.80,
2008-12-25 19:40,-2.20,-1.89,-4.32,-2.23,-5.30,-1.91,-2.46,-2.30,-6.40,-2.18,-4.48,-3.90,-7.41,-4.69,-4.07,-5.22,-5.86,-9.07,-4.10,-6,-7.58,-7.88,-4.31,,-1.09,-1.54,-2.31,-4.34,-1.31,-3.50,-3.15,-1.67,-9.08,-3.40,-3.32,-3.44,-2.51,-3.02,-6.38,-2.76,-10.40,-11.36,-9.39,-2.29,-5.10,-1.54,-2.50,-2.64,-3.14,-3.26,-3.84,-1.48,-2.30,-1.72,-3.55,-3.35,-2.82,-3,-2.94,-2.68,-3.66,-3.70,-4.44,-8.20,-4.68,,-2.45,-3.90,-5.50,-7.25,-4.49,-4.19,-1.73,-4.19,-3.34,-1.07,-1.90,-2.91,-3.20,-1.32,-2.84,-2.20,-1.21,-2.87,-0.55,-1.95,-1.58,-0.70,-0.34,-0.78,-4.22,-0.75,-0.86,-0.80,-0.96,-1.05,-2.24,-0.95,-2.20,-2.04,-2.79,-2.69,-1.91,-3.13,-2.79,-2.80,-0.81,-1.30,-1.16,-1.54,-1.15,-1.47,-0.29,-3.44,-5.56,-2.68,-2.90,-2.67,-2.41,-1.62,-1.40,-0.88,-1.83,-1.58,-2.77,1.65,1.70,-2.32,-2.65,-2.25,-3.40,,-5.80,-13.70,-1.40,-2,-2.90,,,,,,,-1.90,-1.90,,-1.40,-1,-0.90,-1.05,,,,,,,,-1.40,-1.20,-0.30,-1.50,-1.20,,,,,-1.30,,-0.50,-0.90,0.70,-0.20,-0.50,,,-1.90,,,-1.40,,,1.60,1.70,0.90,1,-2.50,-3,
2008-12-25 19:50,-2.20,-1.93,-4.30,-2.21,-5.30,-1.77,-2.47,-2.30,-6.39,-2.22,-4.41,-3.88,-7.42,-4.71,-4.17,-5.10,-6.08,-8.99,-4.20,-6.02,-7.63,-7.40,-4.26,,-1.12,-1.52,-2.24,-4.34,-1.34,-3.50,-3.16,-1.75,-9.06,-3.47,-3.27,-3.48,-2.66,-3.06,-6.39,-2.88,-10.40,-11.44,-9.46,-2.43,-5.20,-1.63,-2.50,-2.66,-3.27,-3.09,-3.92,-1.41,-2.36,-1.71,-3.44,-3.40,-2.81,-3,-2.97,-2.77,-3.66,-3.70,-4.57,-8.16,-4.66,,-2.52,-3.85,-5.50,-7.11,-4.48,-4.09,-1.77,-4.12,-3.27,-1.15,-1.80,-2.99,-3.40,-1.42,-2.73,-2.20,-1.17,-2.80,-0.61,-1.74,-1.58,-0.80,-0.36,-0.80,-4.22,-0.87,-0.88,-0.80,-1.02,-1,-2.22,-1.08,-2.31,-2.01,-2.83,-2.68,-2,-3.21,-2.77,-2.90,-0.82,-1.20,-1.07,-1.51,-1.07,-1.47,-0.32,-3.24,-5.66,-2.64,-2.90,-2.69,-2.40,-1.77,-1.40,-0.77,-1.85,-1.59,-2.99,1.65,1.70,-2.17,-2.71,-2.35,-3.50,,-5.80,-13.80,-1.50,-2,-3,,,,,,,-1.90,-1.90,,-1.40,-1,-0.90,-1.02,,,,,,,,-1.40,-1.30,-0.30,-1.50,-1.20,,,,,-1.30,,-0.60,-0.90,0.70,-0.10,-0.50,,,-1.90,,,-1.50,,,1.60,1.90,0.90,0.90,-2.40,-3.20,
2008-12-25 20:00,-2.20,-1.91,-4.21,-2.17,-5.40,-1.66,-2.49,-2.30,-6.37,-2.27,-4.40,-3.95,-7.43,-4.74,-4.25,-5.05,-6.01,-8.94,-4.20,-6.07,-7.73,-7.58,-4.28,,-1.05,-1.52,-2.25,-4.37,-1.38,-3.50,-3.21,-1.80,-9.09,-3.55,-3.35,-3.48,-2.88,-3.11,-6.48,-3.05,-10.50,-11.54,-9.40,-2.46,-5.20,-1.68,-2.50,-2.73,-3.27,-3.12,-4.10,-1.35,-2.51,-1.78,-3.70,-3.46,-2.83,-3,-3.01,-2.72,-3.78,-3.70,-4.61,-8.16,-4.60,,-2.76,-3.92,-5.50,-7.01,-4.31,-4.11,-1.85,-4.16,-3.28,-1.12,-1.60,-2.98,-3.43,-1.44,-2.67,-2.20,-1.14,-2.70,-0.57,-1.85,-1.64,-0.90,-0.43,-0.78,-4.21,-0.81,-0.84,-0.70,-0.88,-0.92,-2.25,-1.21,-2.50,-1.95,-2.82,-2.77,-1.99,-3.15,-2.59,-3.17,-0.84,-1.20,-1.05,-1.44,-1.12,-1.53,-0.27,-3.18,-5.73,-2.73,-2.80,-2.69,-2.52,-1.79,-1.40,-0.99,-1.72,-1.76,-3.09,1.68,1.70,-2.18,-2.46,-2.31,-3.70,-2.90,-5.80,-13.80,-1.50,-2,-3,-2.60,-2.70,-12.10,-2.60,-3.80,-3.40,-1.90,-1.90,-1,-1.40,-1,-0.90,-0.90,,-3.10,-2,-2.40,-1.90,-2,-2.20,-1.50,-1.30,-0.20,-1.50,-1.20,-3.10,-1.40,-3.50,-1.40,-1.40,-0.60,-0.60,-0.90,0.60,-0.50,-0.90,,-4.60,-1.90,-2.60,,-1.50,1.10,0.10,1.60,1.90,0.90,0.90,-2.30,-3.50,-2.10
2008-12-25 20:10,-2.20,-1.93,-4.35,-2.24,-5.40,-1.81,-2.43,-2.30,-6.34,-2.17,-4.56,-3.93,-7.46,-4.76,-4.20,-5.12,-5.98,-9.01,-4.20,-6.12,-7.91,-7.72,-4.36,,-1.14,-1.49,-2.28,-4.40,-1.38,-3.60,-3.26,-1.90,-9.15,-3.56,-3.40,-3.61,-3.06,-3.14,-6.55,-3.08,-10.50,-11.46,-9.41,-2.48,-5.20,-1.69,-2.60,-2.71,-3.39,-3.11,-4.05,-1.54,-2.67,-1.79,-4.14,-3.60,-2.96,-3.10,-3,-2.84,-3.79,-3.80,-4.63,-8.21,-4.67,,-2.65,-3.92,-5.40,-7.05,-4.17,-4.14,-1.80,-4.10,-3.38,-1.31,-1.60,-2.93,-3.60,-1.48,-2.66,-2.10,-1.29,-2.66,-0.50,-1.80,-1.66,-0.90,-0.40,-0.87,-4.11,-0.86,-0.81,-0.80,-0.90,-0.91,-2.18,-1.16,-2.41,-1.97,-2.70,-2.81,-1.99,-3.29,-2.51,-3.35,-0.90,-1.10,-1.09,-1.38,-1,-1.58,-0.37,-3.13,-4.96,-2.80,-2.80,-2.62,-2.53,-1.82,-1.40,-1,-1.74,-1.71,-3.18,1.63,1.50,-2.17,-2.55,-2.33,-3.70,,-5.90,-13.80,-1.50,-2.10,-3.10,,,,,,,-1.90,-1.90,,-1.40,-1,-0.80,-0.98,,,,,,,,-1.50,-1.30,-0.20,-1.40,-1.20,,,,,-1.40,,-0.70,-0.90,0.60,-0.50,-0.90,,,-1.90,,,-1.50,,,1.50,1.90,0.90,0.90,-2.30,-3.50,
2008-12-25 20:20,-2.20,-1.93,-4.23,-2.25,-5.40,-1.79,-2.38,-2.30,-6.31,-2.15,-4.61,-3.99,-7.45,-4.79,-4.28,-5.11,-6.13,-9.06,-4.30,-6.18,-7.90,-7.77,-4.38,,-1.29,-1.47,-2.22,-4.38,-1.36,-3.60,-3.24,-1.91,-9.15,-3.62,-3.46,-3.68,-2.96,-3.32,-6.53,-3.20,-10.60,-11.45,-9.42,-2.54,-5.20,-1.69,-2.60,-2.80,-3.06,-3.17,-4.09,-1.79,-2.86,-1.81,-4.32,-4.01,-3.01,-3.20,-3,-3.17,-3.82,-3.90,-4.66,-8.22,-4.98,,-2.56,-3.82,-5.40,-7.08,-4.16,-4.15,-1.87,-4.21,-3.29,-1.39,-1.70,-2.94,-3.70,-1.47,-2.61,-2.10,-1.29,-2.73,-0.50,-1.81,-1.74,-0.90,-0.37,-0.99,-4.26,-0.79,-0.81,-0.80,-0.97,-0.80,-2.22,-1.16,-2.37,-1.98,-2.66,-2.84,-2.15,-3.41,-2.79,-3.39,-0.94,-1.20,-1.18,-1.32,-1.06,-1.68,-0.19,-3.28,-4.65,-2.81,-2.80,-2.51,-2.58,-1.78,-1.40,-0.93,-1.83,-1.77,-3.15,1.66,1.70,-2.09,-2.38,-2.41,-3.70,,-5.90,-13.80,-1.50,-2.10,-3.10,,,,,,,-1.90,-1.90,,-1.40,-1,-0.80,-1.11,,,,,,,,-1.50,-1.30,-0.30,-1.50,-1.20,,,,,-1.40,,-0.80,-0.90,0.60,-0.30,-1.30,,,-1.80,,,-1.60,,,1.40,1.90,1.10,0.90,-2.30,-3.40,
2008-12-25 20:30,-2.20,-1.93,-4.29,-2.26,-5.50,-1.78,-2.37,-2.20,-6.26,-2.19,-4.53,-3.97,-7.46,-4.75,-4.25,-5.13,-6.03,-9,-4.30,-6.23,-7.84,-7.67,-4.41,,-1.31,-1.61,-2.24,-4.39,-1.30,-3.60,-3.27,-1.93,-9.18,-3.69,-3.49,-3.86,-3.03,-3.55,-6.46,-3.09,-10.60,-11.52,-9.49,-2.51,-5.20,-1.72,-2.60,-2.85,-3.29,-3.14,-4.17,-1.90,-3.03,-1.81,-4.40,-4.27,-3.05,-3.20,-3.34,-3.47,-3.84,-4.30,-4.64,-8.35,-5.22,,-2.47,-3.75,-5.40,-7.05,-4.16,-4.16,-1.91,-4.13,-3.34,-1.34,-1.60,-2.94,-3.90,-1.50,-2.44,-2.10,-1.26,-2.77,-0.54,-1.88,-1.68,-0.90,-0.35,-1.09,-4.01,-0.85,-0.86,-0.70,-0.86,-0.74,-2.22,-1.17,-2.44,-1.92,-2.66,-2.82,-2.26,-3.57,-3.14,-3.36,-1.05,-1.10,-1.14,-1.33,-1.01,-1.54,-0.24,-3.22,-4.17,-2.72,-2.70,-2.47,-2.56,-1.64,-1.40,-1.15,-1.82,-1.60,-3.27,1.64,1.60,-2.08,-2.06,-2.24,-3.70,,-6,-13.90,-1.50,-2.10,-3.40,,,,,,,-1.90,-1.80,,-1.40,-1,-0.90,-1.23,,,,,,,,-1.50,-1.30,-0.30,-1.50,-1.30,,,,,-1.50,,-0.80,-1,0.50,-0.60,-1.50,,,-1.80,,,-1.60,,,1.40,1.90,1.10,0.90,-2.20,-3.40,
2008-12-25 20:40,-2.20,-1.96,-4.35,-2.26,-5.50,-1.82,-2.30,-2.30,-6.30,-2.22,-4.50,-3.98,-7.44,-4.85,-4.31,-5.12,-6.06,-9.04,-4.40,-6.08,-7.96,-7.81,-4.52,,-1.33,-1.53,-2.19,-4.46,-1.40,-3.60,-3.22,-1.84,-9.24,-3.73,-3.55,-3.79,-3.21,-3.66,-6.52,-3.19,-10.70,-11.53,-9.67,-2.47,-5.30,-1.65,-2.60,-2.88,-3.44,-3.11,-4.13,-2.10,-3.03,-1.84,-4.44,-4.52,-3.20,-3.30,-3.64,-3.75,-3.82,-4.60,-4.65,-8.46,-5.48,,-2.86,-3.70,-5.40,-7.10,-4.21,-4.14,-2.02,-4.24,-3.43,-1.31,-1.60,-2.90,-3.90,-1.74,-2.32,-2.10,-1.24,-2.84,-0.60,-1.91,-1.77,-0.80,-0.26,-1.05,-4.18,-0.81,-0.97,-0.70,-0.86,-0.78,-2.31,-1.32,-2.40,-1.90,-2.64,-2.87,-2.27,-3.56,-3.47,-3.56,-1.05,-1.10,-1.08,-1.32,-0.95,-1.70,-0.08,-3.30,-3.67,-2.73,-2.70,-2.40,-2.55,-1.81,-1.40,-1.19,-1.78,-1.77,-3.32,1.63,1.60,-2.10,-2.33,-2.25,-3.70,,-6,-13.90,-1.50,-2.20,-3.60,,,,,,,-1.90,-1.90,,-1.40,-1,-0.90,-1.33,,,,,,,,-1.50,-1.30,-0.30,-1.50,-1.30,,,,,-1.50,,-0.90,-1,0.40,-0.60,-1.80,,,-1.80,,,-1.70,,,1.40,2,1.10,0.80,-2.20,-3.40,
2008-12-25 20:50,-2.30,-2.03,-4.27,-2.24,-5.50,-1.64,-2.25,-2.20,-6.30,-2.11,-4.51,-3.99,-7.48,-4.89,-4.35,-5.16,-6.01,-9.09,-4.40,-6.35,-8.11,-7.91,-4.51,,-1.38,-1.50,-2.19,-4.52,-1.46,-3.60,-3.25,-1.87,-9.15,-3.79,-3.54,-3.82,-3.22,-3.68,-6.53,-3.16,-10.70,-11.55,-9.70,-2.44,-5.40,-1.75,-2.70,-2.86,-3.49,-3.12,-4.18,-2.29,-3.09,-2.05,-4.45,-4.48,-3.47,-3.30,-3.66,-3.88,-3.99,-4.80,-4.80,-8.48,-5.73,,-3.05,-3.73,-5.40,-7.06,-4.25,-4.14,-2.04,-4.28,-3.43,-1.36,-1.60,-3.05,-3.80,-1.75,-2.25,-2.10,-1.21,-2.74,-0.64,-1.84,-1.74,-0.80,-0.21,-1.16,-3.97,-0.79,-0.89,-0.80,-1.20,-0.85,-2.21,-1.42,-2.36,-1.96,-2.79,-2.83,-2.33,-3.61,-3.70,-3.54,-1.04,-1.10,-1.08,-1.30,-0.94,-1.74,-0.08,-3.40,-3.39,-2.63,-2.70,-2.57,-2.54,-1.85,-1.40,-1.19,-1.77,-1.90,-3.57,1.69,1.60,-2.01,-2.06,-2.48,-3.70,,-6,-13.90,-1.50,-2.20,-3.60,,,,,,,-1.90,-1.90,,-1.40,-1,-0.90,-1.51,,,,,,,,-1.50,-1.30,-0.30,-1.50,-1.30,,,,,-1.50,,-0.90,-1,0.50,-0.70,-2,,,-1.80,,,-1.70,,,1.40,2,1.10,0.80,-2.20,-3.60,
2008-12-25 21:00,-2.20,-2.04,-4.25,-2.29,-5.50,-1.65,-2.32,-2.20,-6.28,-2.19,-4.55,-3.94,-7.38,-4.83,-4.39,-5.24,-5.96,-9.02,-4.40,-6.39,-8.08,-8.08,-4.56,,-1.32,-1.51,-2.26,-4.50,-1.46,-3.70,-3.30,-1.94,-9.25,-3.70,-3.68,-3.65,-3.13,-3.60,-6.51,-3.09,-10.70,-11.57,-9.76,-2.51,-5.40,-1.78,-2.70,-2.94,-3.30,-3.19,-4.09,-2.39,-3.09,-2.29,-4.51,-4.38,-3.64,-3.30,-3.92,-3.98,-4.48,-5,-5.10,-8.86,-5.91,,-3.22,-3.78,-5.40,-7.14,-4.23,-4.21,-2.07,-4.35,-3.41,-1.45,-1.60,-3.09,-3.60,-1.76,-2.22,-2.10,-1.32,-2.89,-0.60,-1.84,-1.72,-0.80,-0.21,-1.18,-4.01,-0.85,-0.90,-0.80,-1.05,-0.82,-2.32,-1.46,-2.38,-1.97,-2.82,-2.77,-2.36,-3.81,-3.85,-3.57,-1.05,-1.10,-1.02,-1.23,-1.01,-1.82,0.05,-3.35,-3.35,-2.66,-2.70,-2.54,-2.48,-1.87,-1.40,-1.27,-1.83,-1.80,-3.49,1.68,1.50,-1.84,-2.08,-2.70,-3.70,-2.80,-6,-14,-1.50,-2.30,-3.70,-2.80,-2.70,-12.20,-2.60,-2.60,-3.10,-1.90,-1.80,-1.10,-1.40,-1,-1,-1.60,-2.30,-3.30,-2.10,-2.90,-2.80,-2,-1.80,-1.50,-1.30,-0.40,-1.50,-1.30,-4.20,-2.20,-3.90,-1.70,-1.40,-0.70,-1,-1.10,0.60,-0.90,-2.50,-8.10,-4.90,-1.80,-2.40,,-1.70,,0.30,1.40,2,1.20,0.80,-2.20,-3.70,-2.10
2008-12-25 21:10,-2.30,-1.98,-4.29,-2.24,-5.50,-1.90,-2.38,-2.10,-6.33,-2.10,-4.55,-4.04,-7.28,-4.83,-4.44,-5.15,-5.93,-9.12,-4.40,-6.29,-8.20,-8.12,-4.65,,-1.40,-1.63,-2.43,-4.45,-1.39,-3.70,-3.29,-1.93,-9.20,-3.68,-3.54,-3.77,-3.08,-3.64,-6.58,-3.17,-10.70,-11.63,-9.75,-2.47,-5.40,-1.74,-2.80,-2.98,-3.28,-3.23,-4.15,-2.49,-3.36,-2.45,-4.61,-4.45,-3.73,-3.30,-4.12,-4.05,-4.66,-5,-5.50,-9,-6.04,,-3.45,-3.74,-5.40,-7.19,-4.17,-4.17,-2.08,-4.38,-3.36,-1.46,-1.60,-3.11,-3.40,-1.74,-2.15,-2.01,-1.17,-2.81,-0.69,-1.72,-1.69,-0.80,-0.25,-1.12,-4.01,-0.86,-0.90,-0.90,-1.22,,-2.34,-1.43,-2.45,-1.94,-2.79,-2.87,-2.40,-3.77,-3.93,-3.59,-1.02,-1.10,-1.02,-1.27,-0.99,-1.72,0.33,-3.26,-3.13,-2.66,-2.70,-2.50,-2.55,-1.68,-1.30,-1.32,-1.82,-1.74,-3.57,1.64,1.50,-1.81,-2.09,-2.86,-3.70,,-6.10,-14,-1.50,-2.20,-3.90,,,,,,,-2,-1.70,,-1.40,-1,-1.10,-1.72,,,,,,,,-1.50,-1.40,-0.40,-1.50,-1.30,,,,,-1.40,,-1,-1,0.60,-0.90,-2.50,,,-1.80,,,-1.70,,,1.50,2,1.10,0.80,-2.20,-3.70,
2008-12-25 21:20,-2.20,-2.05,-4.32,-2.27,-5.50,-2,-2.33,-2.10,-6.32,-2.28,-4.53,-4.11,-7.33,-4.86,-4.41,-5.26,-5.88,-9.15,-4.40,-6.40,-8.21,-7.86,-4.62,,-1.41,-1.73,-2.50,-4.52,-1.41,-3.80,-3.34,-1.93,-9.15,-3.71,-3.55,-3.80,-2.98,-3.62,-6.61,-3.30,-10.80,-11.66,-9.74,-2.44,-5.40,-1.81,-2.80,-3.01,-3.48,-3.17,-4.10,-2.58,-3.41,-2.55,-4.63,-4.48,-3.79,-3.30,-4,-4.04,-4.83,-5.10,-5.65,-9.08,-6.11,,-3.39,-3.78,-5.50,-7.21,-4.21,-4.07,-2.16,-4.33,-3.35,-1.47,-1.60,-3.06,-3.10,-1.59,-2.18,-1.99,-1.27,-2.77,-0.76,-1.68,-1.68,-0.90,-0.25,-1.06,-3.98,-0.85,-1,-0.90,-1.37,,-2.37,-1.46,-2.52,-1.87,-2.74,-2.84,-2.66,-3.75,-4.09,-3.60,-1.09,-1.10,-1,-1.23,-0.93,-1.77,0.35,-3.24,-2.92,-2.60,-2.70,-2.48,-2.54,-1.63,-1.40,-1.47,-1.80,-1.73,-3.74,1.67,1.40,-1.86,-2.12,-2.91,-3.70,,-6.10,-14,-1.50,-2.20,-3.90,,,,,,,-2,-1.70,,-1.40,-1,-1.10,-1.78,,,,,,,,-1.50,-1.40,-0.50,-1.50,-1.30,,,,,-1.40,,-1.10,-1.10,0.80,-1,-2.70,,,-1.80,,,-1.70,,,1.50,2,1.10,0.90,-2.20,-3.90,
2008-12-25 21:30,-2.20,-2.10,-4.29,-2.31,-5.50,-2.01,-2.25,-2.10,-6.36,-2.36,-4.47,-4.06,-7.37,-4.91,-4.35,-5.30,-5.93,-9.09,-4.40,-6.43,-8.24,-7.87,-4.66,,-1.51,-1.77,-2.45,-4.53,-1.48,-3.80,-3.33,-1.95,-9.20,-3.75,-3.68,-3.90,-2.97,-3.49,-6.57,-3.22,-10.70,-11.69,-9.73,-2.42,-5.40,-1.91,-2.90,-3.04,-3.48,-3.24,-4.09,-2.61,-3.49,-2.68,-4.65,-4.43,-3.83,-3.60,-4.09,-4.04,-5,-5.10,-5.75,-9.15,-6.18,,-3.21,-3.78,-5.50,-7.21,-4.27,-4.12,-2.28,-4.28,-3.43,-1.62,-1.70,-3.02,-3,-1.83,-2.12,-1.93,-1.23,-2.77,-0.73,-1.75,-1.69,-0.80,-0.24,-1.08,-3.98,-0.81,-0.98,-0.90,-1.67,,-2.42,-1.41,-2.61,-1.89,-2.77,-2.89,-2.97,-3.98,-4.05,-3.57,-1.07,-1.10,-0.96,-1.23,-0.98,-1.84,0.20,-3.06,-2.76,-2.53,-2.70,-2.48,-2.53,-1.71,-1.40,-1.52,-1.80,-1.67,-3.90,1.68,1.50,-2.04,-2.22,-3.24,-3.70,,-6.10,-14,-1.60,-2.20,-4,,,,,,,-2,-1.70,,-1.40,-1.10,-1.30,-1.87,,,,,,,,-1.40,-1.40,-0.50,-1.60,-1.30,,,,,-1.40,,-1.10,-1.10,0.90,-1.70,-2.90,,,-1.90,,,-1.80,,,1.50,2,1,0.80,-2.10,-4,
2008-12-25 21:40,-2.10,-2.12,-4.24,-2.39,-5.50,-1.98,-2.20,-2,-6.38,-2.27,-4.53,-4.05,-7.37,-4.88,-4.31,-5.23,-5.94,-9.10,-4.40,-6.41,-8.14,-8.13,-4.70,,-1.54,-1.75,-2.48,-4.53,-1.52,-3.70,-3.37,-2.05,-9.15,-3.78,-3.69,-3.88,-3,-3.55,-6.65,-3.33,-10.80,-11.82,-9.68,-2.50,-5.50,-2.01,-2.90,-3.11,-3.45,-3.35,-4.02,-2.63,-3.59,-2.72,-4.62,-4.48,-3.90,-3.80,-4.22,-4.18,-5.03,-5.10,-5.76,-9.13,-6.25,,-3.03,-3.78,-5.50,-7.14,-4.34,-4.15,-2.62,-4.26,-3.44,-1.78,-1.70,-3.07,-2.90,-1.82,-2.12,-2.06,-1.18,-2.73,-0.77,-1.77,-1.71,-0.90,-0.24,-1.08,-4.01,-0.81,-0.90,-1,-1.67,,-2.37,-1.38,-2.62,-1.82,-2.71,-2.83,-3.08,-4,-4.15,-3.52,-1.05,-1.20,-1.08,-1.23,-1.01,-1.88,0.10,-3.02,-2.63,-2.51,-2.70,-2.48,-2.56,-1.76,-1.40,-1.41,-1.77,-1.75,-3.92,1.73,1.40,-2.34,-2.24,-3.61,-3.40,,-6.10,-14.10,-1.70,-2.30,-4,,,,,,,-2,-1.70,,-1.40,-1.20,-1.30,-1.88,,,,,,,,-1.40,-1.40,-0.50,-1.60,-1.30,,,,,-1.40,,-1.10,-1.10,0.90,-2.30,,,,-1.80,,,-1.80,,,1.60,2,1,0.90,-2.10,-4,
2008-12-25 21:50,-2.10,-2.13,-4.40,-2.45,-5.50,-2.01,-2.17,-2,-6.29,-2.35,-4.56,-4.04,-7.41,-4.86,-4.33,-5.25,-6.05,-9.08,-4.40,-6.44,-8.32,-8.27,-4.66,,-1.46,-1.73,-2.50,-4.55,-1.58,-3.70,-3.47,-2.02,-9.13,-3.86,-3.75,-3.89,-3.09,-3.59,-6.67,-3.11,-10.80,-11.90,-9.82,-2.64,-5.50,-2.18,-3,-3.25,-3.55,-3.20,-4.07,-2.66,-3.61,-2.71,-4.58,-4.48,-3.95,-3.90,-4.22,-4.11,-5.08,-5.10,-5.81,-9.16,-6.22,,-2.87,-3.79,-5.50,-7.21,-4.26,-4.17,-2.85,-4.31,-3.37,-1.68,-1.80,-3.05,-2.90,-1.83,-2.16,-2.20,-1.22,-2.84,-0.80,-1.85,-1.80,-0.90,-0.28,-1.12,-3.95,-0.80,-0.88,-1.10,-1.66,,-2.30,-1.45,-2.60,-1.79,-2.69,-2.80,-3.27,-4.07,-4.41,-3.46,-1.07,-1.20,-1.13,-1.28,-0.99,-1.81,0.08,-2.80,-2.58,-2.56,-2.80,-2.39,-2.53,-1.75,-1.40,-1.58,-1.83,-1.61,-3.79,1.69,1.40,-2.63,-2.36,-3.85,-3.60,,-6.20,-14.10,-1.80,-2.50,-4,,,,,,,-2,-1.70,,-1.30,-1.20,-1.30,-1.91,,,,,,,,-1.40,-1.40,-0.50,-1.60,-1.30,,,,,-1.40,,-1.20,-1.10,0.70,-2.60,-3.10,,,-1.90,,,-1.70,,,1.70,1.90,1,0.90,-2.20,-4,
2008-12-25 22:00,-2.10,-2.14,-4.47,-2.42,-5.60,-2.15,-2.29,-2,-6.33,-2.31,-4.45,-4.16,-7.47,-4.85,-4.44,-5.23,-6.04,-9.11,-4.50,-6.49,-8.34,-8.21,-4.64,,-1.55,-1.79,-2.59,-4.59,-1.74,-3.80,-3.62,-1.98,-9.24,-3.80,-3.63,-3.73,-3.09,-3.59,-6.61,-3.26,-10.80,-11.96,-9.81,-2.58,-5.50,-2.25,-3,-3.43,-3.64,-3.24,-4.16,-2.58,-3.61,-2.86,-4.64,-4.53,-4.02,-4,-4.24,-4.13,-5.11,-5.10,-5.96,-9.29,-6.30,,-2.94,-3.84,-5.50,-7.21,-4.39,-4.40,-3.09,-4.31,-3.38,-1.80,-1.90,-3.05,-2.90,-1.69,-2.21,-2.20,-1.28,-2.92,-0.82,-1.82,-1.81,-0.90,-0.28,-1.14,-3.96,-0.84,-0.96,-1.20,-1.80,,-2.28,-1.48,-2.67,-1.77,-2.66,-2.85,-3.51,-4.22,-4.32,-3.23,-1.15,-1.20,-0.88,-1.36,-0.99,-1.81,0.02,-2.86,-2.63,-2.60,-2.80,-2.46,-2.63,-1.81,-1.40,-1.56,-1.79,-1.92,-3.66,1.76,1.30,-2.70,-2.60,-3.91,-3.60,-2.90,-6.20,-14.10,-1.90,-2.70,-3.90,-3.20,-2.80,-12.20,-2.90,-2,-2.50,-2,-1.70,-1.20,-1.40,-1.20,-1.40,-2.10,-2.10,-3.60,-2.90,-4,-3.40,-2.10,-1.80,-1.40,-1.40,-0.60,-1.70,-1.30,-4,-2.80,-4.80,-2.90,-1.30,-0.60,-1.20,-1.20,0.30,-2.60,-3.60,-8.10,-5.50,-1.90,-2.80,-1.20,-1.70,0.90,0.70,2.10,1.70,0.80,0.90,-2.40,-4,-2.30
2008-12-25 22:10,-2.10,-2.19,-4.37,-2.46,-5.60,-2.04,-2.28,-2,-6.41,-2.34,-4.51,-4.06,-7.52,-4.91,-4.49,-5.35,-6.06,-9.04,-4.40,-6.50,-8.33,-8,-4.69,,-1.58,-1.85,-2.56,-4.65,-1.90,-3.90,-3.59,-1.94,-9.29,-3.92,-3.63,-3.78,-3.21,-3.46,-6.61,-3.04,-10.90,-11.91,-9.86,-2.56,-5.60,-2.40,-3.20,-3.48,-3.65,-3.38,-4.12,-2.52,-3.70,-2.82,-4.60,-4.57,-4.05,-4,-4.32,-4.14,-5.07,-5.20,-5.98,-9.44,-6.30,,-3.05,-3.84,-5.50,-7.19,-4.26,-4.37,-3.33,-4.31,-3.37,-2.03,-1.90,-3.13,-2.95,-1.59,-2.18,-2.06,-1.22,-2.90,-0.83,-1.82,-1.79,-0.90,-0.24,-1.11,-3.95,-0.84,-1.04,-1.30,-1.88,,-2.23,-1.50,-2.66,-1.69,-2.62,-2.82,-3.79,-4.33,-4.09,-3,-1.06,-1.20,-1.04,-1.40,-1.05,-1.86,-0.23,-2.82,-2.69,-2.57,-2.80,-2.54,-2.76,-1.77,-1.40,-1.50,-1.79,-1.87,-3.86,1.73,1.40,-2.91,-2.51,-4.18,-3.70,,-6.20,-14.20,-1.90,-2.80,-4,,,,,,,-2.10,-1.70,,-1.40,-1.20,-1.50,-2.36,,,,,,,,-1.40,-1.40,-0.60,-1.60,-1.30,,,,,-1.30,,-1.30,-1.20,0.30,-2.60,-3.60,,,-1.90,,,-1.80,,,2.20,1.60,0.80,0.90,-2.40,-4,
2008-12-25 22:20,-2.10,-2.19,-4.35,-2.52,-5.60,-1.91,-2.35,-2,-6.38,-2.34,-4.56,-4.13,-7.54,-4.96,-4.60,-5.32,-6.17,-9.10,-4.40,-6.35,-8.33,-7.91,-4.74,,-1.67,-1.80,-2.56,-4.71,-1.99,-4,-3.66,-1.94,-9.28,-3.80,-3.68,-3.88,-3.07,-3.55,-6.67,-2.97,-10.90,-11.92,-9.82,-2.72,-5.60,-2.38,-3.40,-3.55,-3.50,-3.56,-4,-2.51,-3.78,-2.87,-4.62,-4.53,-4.04,-4,-4.29,-4.17,-5.11,-5.20,-5.99,-9.58,-6.27,,-3.08,-3.87,-5.40,-7.16,-4.34,-4.37,-3.47,-4.33,-3.61,-2.39,-1.90,-3.11,-2.97,-1.62,-2.20,-2.04,-1.14,-2.83,-0.79,-1.76,-1.77,-0.90,-0.32,-1.10,-3.82,-0.86,-1.07,-1.50,-1.96,,-2.14,-1.50,-2.58,-1.64,-2.65,-2.80,-3.92,-4.31,-3.98,-2.87,-1.07,-1.20,-1.25,-1.43,-0.95,-1.79,-0.37,-2.86,-2.55,-2.66,-2.90,-2.56,-2.89,-1.80,-1.40,-1.47,-1.79,-1.99,-4.16,1.58,1.30,-3.19,-3.10,-4.21,-3.70,,-6.20,-14.20,-2,-2.90,-4.10,,,,,,,-2.10,-1.70,,-1.40,-1.20,-1.50,-2.37,,,,,,,,-1.30,-1.40,-0.60,-1.70,-1.30,,,,,-1.30,,-1.40,-1.20,0.10,-2.60,-3.80,,,-2,,,-1.80,,,2.10,1.60,0.70,0.90,-2.40,-4,
2008-12-25 22:30,-2,-2.18,-4.47,-2.54,-5.60,-1.97,-2.38,-2,-6.34,-2.35,-4.56,-4.29,-7.56,-4.97,-4.51,-5.27,-6.10,-9.04,-4.50,-6.36,-8.35,-8.04,-4.79,,-1.84,-1.81,-2.61,-4.67,-2.08,-4,-3.56,-1.90,-9.20,-3.87,-3.65,-3.66,-2.97,-3.59,-6.60,-3.16,-10.90,-11.99,-9.91,-2.60,-5.60,-2.36,-3.60,-3.72,-3.46,-3.66,-4.09,-2.58,-3.75,-2.90,-4.69,-4.56,-4.07,-4.10,-4.19,-4.18,-5.03,-5.20,-6.08,-9.64,-6.27,,-3.10,-3.90,-5.50,-7.19,-4.26,-4.37,-3.59,-4.37,-3.52,-2.58,-1.90,-3.02,-2.90,-1.67,-2.21,-2.02,-1.19,-2.94,-0.79,-1.78,-1.75,-0.90,-0.42,-1.18,-3.90,-0.81,-1.09,-1.60,-1.94,,-2.12,-1.42,-2.57,-1.61,-2.57,-2.72,-3.85,-4.25,-3.86,-2.72,-1.10,-1.20,-1.22,-1.38,-0.99,-1.84,-0.54,-2.97,-2.64,-2.65,-3,-2.55,-2.88,-1.93,-1.40,-1.49,-1.85,-2.05,-4.20,1.53,1.20,-3.51,-3.44,-4.51,-3.70,,-6.30,-14.20,-2.10,-2.90,-4.20,,,,,,,-2.10,-1.70,,-1.40,-1.10,-1.50,-2.49,,,,,,,,-1.30,-1.40,-0.60,-1.70,-1.30,,,,,-1.30,,-1.40,-1.20,0,-3,-3.90,,,-2,,,-1.80,,,2.10,1.60,0.70,1,-2.50,-4,
2008-12-25 22:40,-2,-2.13,-4.52,-2.57,-5.60,-1.96,-2.38,-2,-6.42,-2.40,-4.63,-4.31,-7.57,-5.01,-4.48,-5.24,-6.10,-9.19,-4.60,-6.48,-8.33,-8.15,-4.78,,-1.80,-1.85,-2.68,-4.61,-2.10,-4.10,-3.67,-1.99,-9.33,-3.97,-3.68,-3.76,-3.10,-3.60,-6.66,-3.31,-10.90,-12.01,-9.98,-2.68,-5.70,-2.36,-3.60,-3.85,-3.47,-3.77,-4.09,-2.65,-3.78,-2.92,-4.68,-4.62,-4.07,-4.10,-4.21,-4.14,-5.13,-5.20,-6.02,-9.61,-6.27,,-2.95,-3.90,-5.50,-7.19,-4.46,-4.46,-3.70,-4.49,-3.56,-2.66,-1.90,-3.06,-2.95,-1.87,-2.14,-2.09,-1.13,-2.91,-0.86,-1.87,-1.82,-1,-0.39,-1.16,-3.97,-0.88,-1.04,-1.60,-1.99,,-2.14,-1.41,-2.58,-1.61,-2.58,-2.65,-3.93,-4.33,-3.83,-2.45,-1.10,-1.30,-1.18,-1.42,-1.04,-1.75,-0.59,-3.19,-2.50,-2.75,-2.90,-2.59,-2.97,-1.75,-1.40,-1.49,-1.81,-2.01,-3.99,1.57,1.30,-3.67,-3.73,-4.65,-3.60,,-6.30,-14.20,-2.30,-2.90,-4.30,,,,,,,-2.10,-1.70,,-1.40,-1.10,-1.50,-2.45,,,,,,,,-1.30,-1.30,-0.60,-1.70,-1.40,,,,,-1.30,,-1.40,-1.30,-0.20,-3.20,-4,,,-2,,,-1.80,,,2.20,1.70,0.60,1,-2.80,-4.10,
2008-12-25 22:50,-2.10,-2.18,-4.56,-2.59,-5.60,-2.15,-2.43,-2,-6.51,,-4.63,-4.38,-7.70,-5.05,-4.52,-5.28,-6.09,-9.09,-4.60,-6.36,-8.24,-7.83,-4.95,,-1.70,-1.90,-2.74,-4.69,-2.19,-4.20,-3.70,-2.01,-9.32,-3.91,-3.63,-3.69,-3.21,-3.69,-6.60,-3.27,-10.90,-12.01,-10,-2.56,-5.70,-2.36,-3.60,-3.92,-3.50,-3.90,-3.96,-2.72,-3.75,-2.91,-4.73,-4.62,-4.08,-4.20,-4.12,-4.15,-5.11,-5.20,-6.06,-9.71,-6.27,,-3.06,-3.93,-5.50,-7.20,-4.51,-4.54,-3.88,-4.52,-3.64,-2.70,-2,-3.12,-2.87,-1.87,-2.09,-2.40,-1.12,-3.03,-0.84,-1.89,-1.76,-1,-0.36,-1.14,-4.02,-0.93,-1.07,-1.70,-2.10,,-2.09,-1.40,-2.50,-1.62,-2.57,-2.62,-4,-4.33,-3.80,-2.38,-1.16,-1.20,-1.05,-1.45,-1.02,-1.77,-0.67,-3.43,-2.45,-2.83,-2.90,-2.59,-3.10,-1.82,-1.40,-1.51,-1.80,-1.84,-3.98,1.52,1.40,-3.82,-3.75,-4.95,-3.60,,-6.20,-14.20,-2.40,-3,-4.40,,,,,,,-2,-1.70,,-1.40,-1.10,-1.50,-2.56,,,,,,,,-1.30,-1.30,-0.70,-1.70,-1.40,,,,,-1.30,,-1.40,-1.30,-0.40,-3.40,,,,-2,,,-1.80,,,2.10,1.80,0.50,1,-3.20,-4.20,
2008-12-25 23:00,-2.10,-2.21,-4.57,-2.58,-5.60,-1.89,-2.48,-2.10,-6.63,-2.39,-4.75,-4.35,-7.61,-4.97,-4.61,-5.36,-6.14,-9.07,-4.60,-6.32,-8.27,-7.83,-5.03,,-1.78,-1.90,-2.72,-4.60,-2.18,-4.20,-3.70,-2.03,-9.35,-3.83,-3.78,-3.87,-3.30,-3.76,-6.55,-3.38,-11,-12,-9.94,-2.81,-5.70,-2.30,-3.60,-3.95,-3.51,-3.95,-3.92,-2.80,-3.75,-2.89,-4.61,-4.79,-4.10,-4.20,-4.23,-4.09,-5.14,-5.10,-5.89,-9.71,-6.27,,-3.15,-3.95,-5.50,-7.21,-4.51,-4.61,-3.95,-4.53,-3.64,-2.81,-1.90,-3.12,-2.91,-1.69,-2.15,-2.30,-1.28,-2.97,-0.90,-1.93,-1.78,-1,-0.38,-1.08,-4.11,-0.87,-1.06,-1.70,-2.13,-1.97,-2.16,-1.34,-2.44,-1.62,-2.48,-2.71,-4.08,-4.09,-3.70,,-1.12,-1.20,-1.18,-1.32,-0.98,-1.79,-0.69,-3.42,-2.50,-2.79,-2.90,-2.65,-3.07,-1.80,-1.40,-1.52,-1.73,-1.79,-4.38,1.55,1.40,-3.91,-3.82,-5.13,-3.60,-2.80,-6.20,-14.20,-2.40,-3.10,-4.40,-3.10,-2.90,-12.50,-3.10,-2,-2.30,-2,-1.70,-1.30,-1.40,-1.20,-1.50,-2.40,-2,-4.30,-3.60,-3.90,-5.20,-2,-1.90,-1.30,-1.30,-0.70,-1.70,-1.40,-3.30,-3.30,-6.20,-1.90,-1.30,-0.60,-1.40,-1.30,-0.50,-3.60,-4.20,-7.90,-5.90,-2,-3.10,-1.20,-1.80,1,0.60,2,1.80,0.50,1,-4.20,-4.30,-2.50
2008-12-25 23:10,-2.10,-2.18,-4.56,-2.68,-5.60,-1.97,-2.44,-2.10,-6.68,-2.59,-4.74,-4.28,-7.63,-5.04,-4.63,-5.26,-6.15,-9.14,-4.50,-6.33,-8.32,-8.28,-4.97,,-1.69,-1.92,-2.83,-4.65,-2.22,-4.30,-3.71,-2.03,-9.45,-4.07,-3.81,-3.88,-3.37,-3.75,-6.59,-3.41,-11,-12.03,-9.90,-2.88,-5.60,-2.35,-3.60,-3.96,-3.42,-3.97,-4.01,-2.83,-3.78,-2.88,-4.73,-4.76,-4.06,-4.20,-4.25,-4.02,-5.14,-5.10,-5.89,-9.73,-6.26,,-3.20,-3.87,-5.50,-7.36,-4.47,-4.67,-3.99,-4.60,-3.68,-2.99,-1.90,-3.10,-2.98,-1.84,-2.10,-2.40,-1.08,-2.99,-0.83,-1.98,-1.82,-1,-0.46,-1.17,-4.16,-0.93,-1.10,-1.60,-2.05,-1.91,-2.15,-1.31,-2.39,-1.61,-2.48,-2.65,-4.18,-4.18,-3.66,,-1.22,-1.20,-1.29,-1.48,-1.04,-1.84,-0.75,-3.65,-2.53,-2.75,-2.90,-2.66,-3.10,-1.82,-1.40,-1.55,-1.80,-1.81,-4.34,1.59,1.40,-3.96,-4.02,-5.23,-3.50,,-6.20,-14.30,-2.50,-3.20,-4.30,,,,,,,-2,-1.70,,-1.40,-1.20,-1.40,-2.61,,,,,,,,-1.30,-1.30,-0.70,-1.70,-1.40,,,,,-1.30,,-1.40,-1.40,-0.50,-3.60,-4.20,,,-2,,,-1.80,,,1.90,1.80,0.40,1,-4.30,-4.30,
2008-12-25 23:20,-2.10,-2.19,-4.61,-2.69,-5.60,-1.90,-2.49,-2.10,-6.73,-2.46,-4.86,-4.27,-7.62,-5.04,-4.64,-5.46,-6.23,-9.16,-4.60,-6.46,-8.36,-8,-5,,-1.91,-1.92,-2.86,-4.70,-2.21,-4.30,-3.72,-2.07,-9.38,-4.17,-3.93,-4.18,-3.47,-3.80,-6.72,-3.28,-11,-12.04,-9.89,-2.94,-5.60,-2.42,-3.60,-3.93,-3.38,-4.09,-4.13,-2.88,-3.68,-2.84,-4.63,-4.63,-4.09,-4.30,-4.24,-4.01,-5.14,-5.10,-5.95,-9.74,-6.24,,-3.33,-4.08,-5.60,-7.21,-4.58,-4.82,-4.19,-4.66,-3.71,-3.09,-2,-3.12,-2.93,-1.79,-2.11,-2.30,-1.12,-3.01,-0.77,-1.92,-1.85,-1.10,-0.49,-1.25,-4.24,-1.07,-1.12,-1.60,-2.06,-2,-2.14,-1.22,-2.39,-1.53,-2.53,-2.59,-4.25,-4.27,-3.56,,-1.21,-1.30,-1.27,-1.46,-1.11,-1.74,-0.74,-3.81,-2.46,-2.81,-2.80,-2.59,-3.17,-1.90,-1.50,-1.41,-1.85,-1.83,-4.41,1.54,1.40,-3.99,-4.25,-5.43,-3.50,,-6.30,-14.30,-2.40,-3.30,-4.30,,,,,,,-2.10,-1.70,,-1.40,-1.20,-1.40,-2.61,,,,,,,,-1.40,-1.30,-0.70,-1.70,-1.40,,,,,-1.40,,-1.50,-1.40,-0.60,-3.60,-4.30,,,-2,,,-1.80,,,1.90,1.60,0.40,1,-4.40,-4.70,
2008-12-25 23:30,-2.10,-2.18,-4.58,-2.74,-5.70,-2.16,-2.47,-2.10,-6.63,-2.52,-4.85,-4.24,-7.63,-4.99,-4.69,-5.36,-6.13,-9.16,-4.60,-6.44,-8.32,-7.94,-5.02,,-1.70,-1.88,-2.85,-4.67,-2.11,-4.20,-3.73,-2.15,-9.38,-4.23,-3.94,-4.29,-3.30,-3.86,-6.79,-3.15,-11,-12.05,-9.97,-2.98,-5.60,-2.51,-3.70,-3.91,-3.50,-4.09,-4.19,-2.87,-3.65,-2.81,-4.57,-4.71,-4.11,-4.30,-4.18,-3.99,-5.03,-5.10,-5.82,-9.80,-6.22,,-3.55,-4.13,-5.70,-7.27,-4.72,-4.86,-4.16,-4.80,-3.66,-3.09,-2,-3.23,-3.01,-1.74,-2.12,-2.30,-1.28,-3.03,-0.82,-1.91,-1.84,-1.10,-0.53,-1.22,-4.44,-1.08,-1.15,-1.60,-2.19,-1.93,-2.22,-1.14,-2.41,-1.66,-2.65,-2.57,-4.37,-3.91,-3.53,,-1.19,-1.30,-1.11,-1.43,-1.06,-1.81,-0.85,-4,-2.32,-2.81,-2.80,-2.54,-3.22,-2,-1.50,-1.45,-1.81,-2.12,-4.39,1.56,1.50,-4.06,-4.27,-5.64,-3.60,,-6.30,-14.30,-2.40,-3.20,-4.30,,,,,,,-2,-1.80,,-1.50,-1.30,-1.50,-2.51,,,,,,,,-1.40,-1.30,-0.70,-1.80,-1.40,,,,,-1.40,,-1.50,-1.40,-0.80,-3.70,-4.50,,,-2,,,-1.80,,,1.80,1.50,0.40,1,-4.70,-4.90,
2008-12-25 23:40,-2.10,-2.20,-4.67,-2.71,-5.70,-2,-2.52,-2.20,-6.70,-2.60,-4.84,-4.34,-7.62,-5.08,-4.85,-5.55,-6.13,-9.17,-4.70,-6.40,-8.12,-8.20,-5.02,,-1.62,-1.89,-2.88,-4.62,-2.12,-4.20,-3.68,-2.05,-9.49,-4.20,-3.87,-4.20,-3.43,-3.88,-6.87,-3.13,-11,-11.98,-9.97,-3.03,-5.60,-2.61,-3.80,-3.92,-3.66,-4.14,-4.20,-2.74,-3.75,-2.84,-4.67,-4.54,-4.14,-4.30,-4.13,-4,-5.05,-5.10,-5.87,-9.74,-6.18,,-3.78,-4.26,-5.80,-7.27,-5.10,-4.84,-4.32,-4.75,-3.64,-3.39,-2,-3.24,-3.01,-1.66,-2.12,-2.30,-1.24,-3,-0.88,-1.95,-1.87,-1.20,-0.60,-1.28,-4.50,-1.04,-1.22,-1.50,-2.20,-1.98,-2.16,-1.13,-2.37,-1.58,-2.50,-2.54,-4.56,-3.86,-3.52,,-1.21,-1.30,-1.24,-1.46,-1.04,-1.80,-0.92,-4.11,-2.48,-2.86,-2.90,-2.61,-3.14,-2.03,-1.50,-1.52,-1.74,-2.09,-4.33,1.48,1.50,-4.20,-4.21,-5.80,-3.50,,-6.30,-14.30,-2.40,-3.30,-4.30,,,,,,,-2.10,-1.80,,-1.50,-1.40,-1.50,-2.54,,,,,,,,-1.50,-1.30,-0.70,-1.80,-1.40,,,,,-1.50,,-1.50,-1.40,-0.90,-3.70,-4.60,,,-2,,,-1.90,,,1.80,1.40,0.40,1,-5,-4.90,
2008-12-25 23:50,-2.10,-2.21,-4.53,-2.74,-5.70,-2.01,-2.54,-2.10,-6.71,-2.62,-4.91,-4.40,-7.56,-5.11,-4.80,-5.47,-6.08,-9.22,-4.70,-6.48,-8.09,-8.27,-5.03,,-1.68,-1.89,-2.96,-4.58,-2.14,-4.30,-3.58,-2.24,-9.45,-4.25,-4.15,-4.05,-3.48,-3.94,-6.82,-2.86,-11,-12.02,-9.96,-2.99,-5.70,-2.70,-3.80,-4.01,-3.84,-4.02,-4.15,-2.71,-3.70,-2.97,-4.69,-4.65,-4.18,-4.30,-4.07,-3.86,-5.07,-5.10,-5.89,-9.67,-6.17,,-3.72,-4.70,-6,-7.33,-5.07,-4.94,-4.28,-4.89,-3.71,-3.37,-2.10,-3.27,-2.97,-1.59,-2.15,-2.40,-1.17,-2.99,-0.92,-1.89,-1.82,-1.20,-0.64,-1.44,-4.61,-1.13,-1.22,-1.50,-2.24,-2.01,-2.12,-1.16,-2.31,-1.58,-2.62,-2.44,-4.65,-3.70,-3.53,,-1.26,-1.30,-1.23,-1.44,-1.10,-1.85,-1.09,-4.35,-2.42,-3.15,-2.80,-2.54,-3.24,-1.99,-1.50,-1.61,-1.74,-2.03,-4.21,1.41,1.50,-4.22,-4.28,-5.48,-3.60,,-6.30,-14.30,-2.40,-3.40,-4.30,,,,,,,-2.10,-1.80,,-1.50,-1.50,-1.50,-2.53,,,,,,,,-1.50,-1.30,-0.70,-1.80,-1.50,,,,,-1.50,,-1.50,-1.40,-0.90,-3.10,-4.90,,,-2,,,-1.90,,,1.70,1.30,0.30,1,-5.10,-5,
2008-12-26 00:00,-2.20,-2.21,-4.64,-2.73,-5.80,-2.19,-2.51,-2.20,-6.70,-2.71,-4.94,-4.32,-7.58,-5.11,-4.78,-5.49,-6.14,-9.27,,-6.53,-8.07,-8.14,-5.06,,-1.75,-1.98,-2.96,-4.63,-2.06,-4.20,-3.56,-2.29,-9.38,-4.36,-4.24,-4.05,-3.45,-3.96,-6.82,-3,-11,-11.99,-10.03,-2.86,-5.70,-2.76,-3.80,-3.99,-3.86,-4.04,-4.17,-2.69,-3.63,-3,-4.70,-4.63,-4.16,-4.20,-4.06,-3.90,-5.07,-5,-5.82,-9.71,-6.20,,-3.83,-4.93,-6.20,-7.42,-4.88,-5.17,-4.59,-4.73,-3.79,-3.38,-2.20,-3.15,-2.98,-1.62,-2.20,-2.40,-1.24,-3.03,-1.06,-1.90,-1.88,-1.30,-0.61,-1.51,-4.57,-1.21,-1.22,-1.50,-2.21,-1.93,-2.21,-1.21,-2.26,-1.62,-2.57,-2.40,-4.70,-3.64,-3.65,,-1.34,-1.30,-1.24,-1.45,-1.12,-1.84,-1.30,-4.64,-2.30,-3.56,-2.80,-2.56,-3.26,-2.08,-1.50,-1.61,-1.88,-2.16,-4.28,1.41,1.60,-4.39,-4.61,-5.72,-3.60,-2.90,-6.30,-14.30,-2.40,-3.40,-4.30,-3,-3.60,-10.70,-3.10,-1.90,-1.80,-2,-1.90,-1.40,-1.50,-1.60,-1.50,-2.30,,-4.50,-3.60,-4,-3.40,-2.40,-2,-1.60,-1.30,-0.80,-1.80,-1.50,-3.50,-3.90,-6,-1.80,-1.60,-0.60,-1.50,-1.40,-1.20,-4.20,-5.10,-8.40,-6.80,-2.10,-3.20,-1.30,-1.90,,0.80,1.60,1.30,0.30,0.90,-5.30,-4.90,-2.60
2008-12-26 00:10,-2.10,-2.26,-4.69,-2.75,-5.70,-2.26,-2.48,-2.20,-6.72,-2.81,-4.91,-4.35,-7.60,-5.20,-4.75,-5.50,-6.13,-9.32,-4.70,-6.50,-8.11,-8.01,-5.14,,-1.82,-1.94,-2.95,-4.59,-2.03,-4.20,-3.59,-2.30,-9.39,-4.38,-4.28,-3.98,-3.38,-3.85,-6.87,-2.87,-11.10,-12.09,-9.96,-2.88,-5.70,-2.79,-3.80,-4.20,-3.69,-4.02,-4.18,-2.72,-3.83,-2.97,-4.66,-4.78,-4.19,-4.20,-4.12,-3.90,-5.06,-5,-5.82,-9.72,-6.10,,-3.89,-5.32,-6.30,-7.51,-4.82,-5.23,-4.75,-4.81,-3.85,-3.54,-2.40,-3.35,-3,-1.71,-2.20,-2.40,-1.35,-3.08,-1.08,-1.98,-1.88,-1.30,-0.66,-1.49,-4.55,-1.26,-1.29,-1.50,-2.02,-1.91,-2.11,-1.32,-2.24,-1.64,-2.54,-2.44,-4.77,-3.61,-3.71,,-1.33,-1.30,-1.35,-1.45,-1.10,-1.94,-2.01,-4.88,-2.46,-3.73,-2.80,-2.63,-3.38,-2.14,-1.50,-1.67,-1.86,-1.93,-4.31,1.35,1.40,-4.44,-4.77,-5.83,-3.50,,-6.30,-14.30,-2.40,-3.40,-4.30,,,,,,,-2,-1.80,,-1.50,-1.60,-1.50,-2.53,,,,,,,,-1.70,-1.30,-0.80,-1.80,-1.50,,,,,-1.60,,-1.60,-1.50,-1.20,-4.30,-5.10,,,-2.10,,,-1.90,,,1.60,1.40,0.30,0.90,-5.30,-4.90,
2008-12-26 00:20,-2.10,-2.27,-4.71,-2.76,-5.80,-2.19,-2.52,-2.20,-6.76,-2.89,-4.87,-4.36,-7.54,-5.29,-4.68,-5.55,-6.18,-9.28,-4.70,-6.63,-8.19,-8.25,-5.12,,-1.94,-2.02,-2.96,-4.56,-2.05,-4.10,-3.61,-2.38,-9.34,-4.47,-4.28,-4.12,-3.32,-3.99,-6.81,-2.89,-11.10,-12.10,-10.02,-2.91,-5.70,-2.83,-3.90,-4.05,-3.76,-3.99,-4.23,-2.87,-3.86,-2.98,-4.73,-4.76,-4.25,-4.30,-4.15,-3.89,-5.11,-5,-5.86,-9.80,-6.11,,-4.02,-5.72,-6,-7.64,-5.15,-5.26,-4.72,-4.82,-3.79,-3.54,-2.60,-3.29,-3,-1.86,-2.27,-2.40,-1.37,-3.15,-1.09,-1.99,-1.89,-1.30,-0.62,-1.50,-4.64,-1.26,-1.36,-1.40,-1.90,-1.91,-2.17,-1.17,-2.30,-1.59,-2.48,-2.37,-4.92,-3.50,-3.62,,-1.30,-1.20,-1.30,-1.44,-1.08,-1.90,-2.66,-4.99,-2.47,-3.98,-2.90,-2.55,-3.41,-2.07,-1.60,-1.74,-1.81,-1.94,-4.33,1.40,0.80,-4.84,-4.84,-5.85,-3.60,,-6.40,-14.40,-2.30,-3.30,-4.30,,,,,,,-2,-1.80,,-1.50,-1.60,-1.50,-2.51,,,,,,,,-1.70,-1.30,-0.80,-1.80,-1.50,,,,,-1.60,,-1.60,-1.50,-1.40,-4.40,-5.20,,,-2.10,,,-1.90,,,1.60,1.30,0.40,1,-5.20,-4.80,
2008-12-26 00:30,-2.20,-2.27,-4.73,-2.74,-5.80,-2.28,-2.63,-2.20,-6.74,-3,-4.85,-4.38,-7.51,-5.26,-4.70,-5.57,-6.20,-9.42,-4.70,-6.58,-8.18,-8.42,-5.10,,-1.88,-2.08,-3.01,-4.55,-2.03,-4,-3.61,-2.40,-9.40,-4.50,-4.34,-4.22,-3.36,-3.98,-6.69,-3.12,-11.10,-12.17,-10.07,-2.92,-5.70,-2.83,-3.80,-4.10,-3.79,-4.02,-4.27,-2.80,-3.71,-2.97,-4.69,-4.73,-4.30,-4.20,-4.19,-3.89,-5.06,-5,-5.85,-9.67,-6.08,,-3.90,-5.98,-6.10,-7.59,-5.08,-5.40,-4.64,-4.84,-3.73,-3.60,-2.90,-3.26,-2.90,-1.83,-2.21,-2.30,-1.29,-3.15,-1.23,-2.05,-1.95,-1.30,-0.61,-1.48,-4.63,-1.28,-1.40,-1.40,-1.93,-1.86,-2.19,-1.15,-2.27,-1.61,-2.59,-2.31,-5.06,-3.49,-3.49,,-1.29,-1.20,-1.28,-1.49,-1.03,-1.97,-3.07,-5.05,-2.50,-4.17,-3,-2.54,-3.42,-2.39,-1.60,-1.70,-1.81,-2.05,-4.31,1.39,0.60,-5.05,-4.92,-5.77,-3.60,,-6.40,-14.40,-2.30,-3.30,-4.30,,,,,,,-2,-1.80,,-1.60,-1.70,-1.50,-2.43,,,,,,,,-1.70,-1.30,-0.90,-1.80,-1.50,,,,,-1.60,,-1.60,-1.50,-1.50,-4.40,-5.30,,,-2.10,,,-1.90,,,1.60,1.30,0.20,1,-5.40,-4.80,
2008-12-26 00:40,-2.10,-2.27,-4.68,-2.78,-5.80,-2.22,-2.66,-2.20,-6.75,-3,-4.85,-4.31,-7.52,-5.27,-4.68,-5.61,-6.22,-9.54,-4.70,-6.45,-8.11,-8.34,-5.18,,-1.94,-2.12,-2.97,-4.52,-2.04,-4,-3.61,-2.46,-9.34,-4.49,-4.36,-4.23,-3.26,-3.89,-6.75,-3.08,-11.10,-12.14,-10.07,-3.02,-5.70,-2.89,-3.80,-4.04,-3.91,-4.10,-4.29,-2.78,-3.69,-2.91,-4.57,-4.75,-4.26,-4.20,-4.04,-3.80,-5.15,-4.90,-5.82,-9.82,-6.07,,-4.04,-6.52,-6.30,-7.53,-4.90,-5.61,-4.54,-4.94,-3.78,-3.58,-3.10,-3.25,-2.80,-1.65,-2.12,-2.30,-1.38,-2.99,-1.28,-2.11,-1.96,-1.30,-0.72,-1.52,-4.61,-1.33,-1.50,-1.40,-2.14,-1.79,-2.20,-1.16,-2.27,-1.61,-2.67,-2.31,-5.20,-3.52,-3.64,,-1.32,-1.20,-1.29,-1.41,-1.01,-2.01,-3.32,-5.31,-2.55,-4.40,-3.20,-2.55,-3.46,-2.39,-1.60,-1.61,-1.84,-2.03,-3.92,1.32,0.50,-5.28,-4.88,-6.11,-3.60,,-6.40,-14.50,-2.30,-3.30,-4.30,,,,,,,-2,-1.80,,-1.50,-1.70,-1.50,-2.46,,,,,,,,-1.70,-1.30,-0.90,-1.80,-1.50,,,,,-1.60,,-1.60,-1.50,-1.40,-4.60,-5.50,,,-2.10,,,-1.90,,,1.60,1.40,0.10,0.90,-5.30,-4.70,
2008-12-26 00:50,-2.20,-2.32,-4.63,-2.76,-5.70,-2.36,-2.61,-2.30,-6.77,-2.99,-4.88,-4.30,-7.56,-5.25,-4.67,-5.68,-6.16,-9.47,-4.70,-6.64,-8.19,-8.29,-5.26,,-2.02,-2.15,-2.98,-4.49,-2.11,-4,-3.74,-2.38,-9.38,-4.51,-4.31,-4.18,-3.14,-3.90,-6.72,-2.94,-11.10,-12.19,-10.11,-2.96,-5.80,-2.81,-3.80,-4,-3.86,-4.03,-4.37,-2.71,-3.61,-2.88,-4.55,-4.66,-4.15,-4.30,-4.09,-3.81,-5.05,-4.90,-5.81,-9.77,-6.08,,-4.18,-7.03,-6.30,-7.65,-5.30,-5.47,-4.42,-4.97,-3.87,-3.51,-3.20,-3.31,-2.70,-1.48,-2.10,-2.30,-1.19,-3.16,-1.34,-2.03,-1.99,-1.20,-0.59,-1.46,-4.54,-1.31,-1.34,-1.40,-1.97,-1.84,-2.21,-1.11,-2.23,-1.55,-2.69,-2.33,-5.21,-3.57,-3.52,,-1.23,-1.20,-1.25,-1.39,-1.04,-2.12,-3.33,-5.40,-2.60,-4.54,-3.30,-2.57,-3.57,-2.46,-1.60,-1.62,-1.87,-2.15,-3.87,1.35,0.70,-5.52,-4.79,-6.30,-3.50,,-6.40,-14.50,-2.30,-3.20,-4.30,,,,,,,-2.10,-1.80,,-1.60,-1.70,-1.50,-2.44,,,,,,,,-1.70,-1.40,-1,-1.90,-1.50,,,,,-1.60,,-1.60,-1.50,-1.40,-4.60,-5.50,,,-2.10,,,-2,,,1.50,1.40,0.20,0.90,-5.60,-4.80,
2008-12-26 01:00,-2.20,-2.36,-4.62,-2.85,-5.80,-2.38,-2.66,-2.30,-6.70,-2.89,-5.02,-4.28,-7.48,-5.30,-4.75,-5.67,-6.06,-9.41,-4.70,-6.59,-8.25,-8.18,-5.25,,-2.03,-2.12,-3.03,-4.54,-2.16,-4,-3.79,-2.47,-9.28,-4.50,-4.32,-4.15,-3.12,-3.75,-6.73,-3.05,-11.20,-12.24,-10.08,-2.92,-5.80,-2.77,-3.80,-4.07,-3.82,-4.08,-4.33,-2.72,-3.54,-2.81,-4.59,-4.63,-4.02,-4.20,-4.15,-3.83,-5.17,-4.90,-5.85,-9.78,-6.10,,-4.22,-7.43,-6.50,-7.85,-5.43,-5.38,-4.22,-4.94,-3.86,-3.53,-3.20,-3.33,-2.70,-1.77,-2.12,-2.30,-1.19,-3.18,-1.26,-1.99,-1.99,-1.20,-0.62,-1.51,-4.44,-1.25,-1.48,-1.40,-2.04,-1.86,-2.24,-1.12,-2.15,-1.57,-2.66,-2.39,-5.23,-3.60,-3.54,,-1.22,-1.20,-1.41,-1.42,-1.11,-2.09,-3.82,-5.51,-2.56,-4.64,-3.50,-2.55,-3.67,-2.48,-1.70,-1.59,-1.97,-2.36,-3.72,1.38,1,-5.58,-4.78,-6.58,-3.50,-3,-6.40,-14.50,-2.20,-3.20,-4.30,-2.90,-4,-11.90,-3.70,-2.10,-1.90,-2.10,-1.80,-1.70,-1.60,-1.70,-1.50,-2.10,-1.90,-4.70,-3.20,-4.30,-2.60,-2.60,-2,-1.70,-1.40,-1,-1.90,-1.60,-5.20,-4.50,-5.80,-2.10,-1.60,-0.70,-1.60,-1.50,-1.60,-4.40,-5.60,-8.40,-6.70,-2.20,-3.20,-1.40,-2,,0.60,1.60,1.30,0.10,0.80,-5.90,-4.80,-2.90
2008-12-26 01:10,-2.20,-2.33,-4.67,-2.84,-5.80,-2.62,-2.62,-2.30,-6.71,-2.96,-5.03,-4.24,-7.55,-5.31,-4.81,-5.61,-6.10,-9.47,-4.70,-6.68,-8.25,-8.03,-5.22,,-2.01,-2.12,-3.02,-4.48,-2.17,-4,-3.78,-2.47,-9.21,-4.42,-4.23,-4,-3.09,-3.72,-6.76,-3.23,-11.10,-12.23,-10.05,-2.98,-5.80,-2.80,-3.70,-4.07,-4.01,-4.04,-4.43,-2.69,-3.56,-2.80,-4.64,-4.66,-4.22,-4.30,-4.11,-3.81,-5.16,-4.90,-5.73,-9.82,-6.06,,-4.34,-7.47,-6.70,-8.02,-5.59,-5.27,-4,-4.97,-3.88,-3.59,-3.30,-3.23,-2.70,-1.79,-2.12,-2.30,-1.18,-3.04,-1.28,-2.07,-2.07,-1.10,-0.56,-1.55,-4.47,-1.33,-1.41,-1.30,-1.91,-1.68,-2.21,-1.13,-2.08,-1.65,-2.66,-2.47,-5.32,-3.50,-3.69,,-1.19,-1.20,-1.30,-1.51,-1.08,-2.15,-4.14,-5.68,-2.52,-4.76,-3.60,-2.57,-3.73,-2.46,-1.70,-1.52,-2.10,-2.39,-3.63,1.39,0.70,-5.60,-4.86,-6.76,-3.50,,-6.50,-14.50,-2.30,-3.20,-4.20,,,,,,,-2,-1.80,,-1.60,-1.70,-1.50,-2.38,,,,,,,,-1.70,-1.40,-1.10,-1.90,-1.60,,,,,-1.60,,-1.70,-1.50,-1.70,-4.40,-5.60,,,-2.20,,,-2.10,,,1.60,1.30,0,0.90,-5.90,-4.80,
2008-12-26 01:20,-2.30,-2.29,-4.70,-2.87,-5.80,-2.46,-2.77,-2.30,-6.65,-3.01,-5.08,-4.30,-7.56,-5.35,-4.82,-5.61,-6.10,-9.53,-4.70,-6.62,-8.17,-8.06,-5.23,,-1.89,-2.15,-3,-4.51,-2.13,-4,-3.82,-2.40,-9.23,-4.45,-4.11,-3.94,-3.04,-3.63,-6.67,-3.24,-11.10,-12.24,-10.18,-2.94,-5.90,-2.84,-3.70,-3.97,-4.14,-4.02,-4.51,-2.73,-3.57,-2.73,-4.66,-4.72,-4.10,-4.20,-4.02,-3.77,-5.22,-4.90,-5.74,-9.77,-6.09,,-4.38,-7.58,-7,-8.02,-5.47,-5.28,-3.71,-5.10,-3.94,-3.34,-3.50,-3.14,-2.70,-1.74,-2,-2.20,-1.19,-3.02,-1.30,-2.13,-2.04,-1.10,-0.51,-1.51,-4.58,-1.31,-1.44,-1.30,-1.92,-1.80,-2.22,-1.16,-2.08,-1.60,-2.67,-2.47,-5.47,-3.56,-3.77,,-1.32,-1.30,-1.44,-1.50,-1.10,-2.22,-4.19,-5.94,-2.45,-4.80,-3.70,-2.59,-3.65,-2.44,-1.70,-1.54,-2.07,-2.46,-3.63,1.31,0.90,-5.65,-4.81,-7.14,-3.40,,-6.40,-14.50,-2.30,-3.10,-4.20,,,,,,,-2.10,-1.80,,-1.60,-1.70,-1.60,-2.29,,,,,,,,-1.70,-1.40,-1.10,-1.90,-1.60,,,,,-1.60,,-1.70,-1.50,-2,-4.60,-5.70,,,-2.30,,,-2.20,,,1.60,1.20,0.10,0.80,-6.10,-4.70,
2008-12-26 01:30,-2.30,-2.30,-4.59,-2.84,-5.80,-2.52,-2.62,-2.30,-6.62,-3.03,-5.12,-4.37,-7.55,-5.42,-4.81,-5.72,-6.11,-9.43,-4.60,-6.57,-8.41,-8.07,-5.27,,-1.90,-2.19,-2.98,-4.49,-2.07,-4,-3.85,-2.27,-9.26,-4.27,-3.92,-4.01,-3.19,-3.58,-6.59,-3.44,-11,-12.21,-10.20,-2.85,-5.80,-2.78,-3.70,-3.92,-3.98,-3.95,-4.65,-2.68,-3.56,-2.74,-4.64,-4.66,-4.13,-4.20,-3.96,-3.78,-5.20,-4.90,-5.70,-9.80,-6.06,,-4.47,-7.94,-7.30,-8.06,-5.55,-5.37,-3.55,-5.18,-4,-3.19,-3.60,-3.07,-2.70,-1.70,-2.05,-2.20,-1.22,-3.13,-1.29,-2.19,-1.88,-1.10,-0.53,-1.45,-4.59,-1.27,-1.46,-1.40,-1.91,-1.79,-2.25,-1.17,-2.06,-1.65,-2.79,-2.44,-5.17,-3.61,-3.85,,-1.35,-1.30,-1.27,-1.47,-1.08,-2.19,-4.46,-6.06,-2.58,-5.04,-3.70,-2.66,-3.71,-2.52,-1.70,-1.61,-2.14,-2.55,-3.59,1.37,1.30,-5.65,-4.75,-7.52,-3.40,,-6.40,-14.50,-2.30,-3.10,-4.10,,,,,,,-2.10,-1.80,,-1.60,-1.70,-1.60,-2.20,,,,,,,,-1.70,-1.40,-1.10,-1.90,-1.60,,,,,-1.60,,-1.70,-1.50,-2.30,-4.90,,,,-2.30,,,-2.20,,,1.60,1,0.10,0.80,-6.20,-4.80,
2008-12-26 01:40,-2.30,-2.33,-4.53,-2.84,-5.80,-2.46,-2.71,-2.30,-6.66,-2.98,-5.09,-4.34,-7.60,-5.44,-4.95,-5.61,-6.18,-9.45,-4.70,-6.61,-8.26,-8.06,-5.25,,-1.97,-2.23,-3.05,-4.48,-2.10,-3.90,-3.91,-2.29,-9.33,-4.23,-3.96,-3.92,-3.25,-3.56,-6.73,-3.41,-11,-12.20,-10.21,-2.85,-5.80,-2.76,-3.70,-3.96,-3.94,-3.94,-4.55,-2.62,-3.48,-2.70,-4.58,-4.56,-4.08,-4.30,-3.97,-3.83,-5.21,-4.80,-5.70,-9.83,-6.03,,-4.47,-8.12,-7.60,-8.20,-5.62,-5.28,-3.51,-5.24,-4.11,-2.97,-3.50,-3.03,-2.70,-1.59,-2.10,-2.20,-1.32,-3.16,-1.25,-2.15,-1.97,-1.10,-0.59,-1.47,-4.60,-1.31,-1.45,-1.40,-1.82,-1.70,-2.28,-1.13,-2.14,-1.62,-2.74,-2.45,-4.75,-3.68,-3.99,,-1.34,-1.30,-1.44,-1.47,-1.12,-2.19,-4.64,-6.04,-2.69,-5.30,-3.90,-2.79,-3.68,-2.56,-1.80,-1.61,-2.06,-2.38,-3.50,1.27,1.40,-5.56,-5,-7.40,-3.40,,-6.40,-14.50,-2.30,-3,-4.10,,,,,,,-2.10,-1.80,,-1.60,-1.60,-1.60,-2.25,,,,,,,,-1.60,-1.50,-1.10,-1.90,-1.60,,,,,-1.70,,-1.70,-1.50,-2.40,-5,-5.90,,,-2.30,,,-2.30,,,1.60,0.90,0,0.70,-6.50,-4.70,
2008-12-26 01:50,-2.30,-2.41,-4.68,-2.84,-5.80,-2.46,-2.77,-2.30,-6.64,-2.98,-5.07,-4.33,-7.49,-5.39,-4.93,-5.49,-6.13,-9.39,-4.70,-6.63,-8.08,-8.41,-5.21,,-2.03,-2.14,-3.05,-4.48,-2.16,-4,-3.93,-2.27,-9.29,-4.05,-3.84,-3.97,-3.11,-3.54,-6.85,-3.42,-10.90,-12.15,-10.18,-2.84,-5.80,-2.66,-3.60,-4,-3.83,-3.96,-4.56,-2.65,-3.38,-2.70,-4.55,-4.53,-4.08,-4.30,-3.96,-3.70,-5.23,-4.80,-5.73,-9.80,-5.99,,-4.64,-8.21,-6.90,-8.21,-5.35,-5.18,-3.45,-5.35,-4.05,-2.91,-3.50,-3,-2.70,-1.67,-2.02,-2.10,-1.37,-3.20,-1.27,-2.23,-1.89,-1.20,-0.53,-1.47,-4.62,-1.33,-1.41,-1.30,-1.83,-1.70,-2.25,-1.19,-2.14,-1.60,-2.86,-2.48,-4.50,-3.69,-4.20,,-1.37,-1.30,-1.44,-1.50,-1.17,-2.23,-4.75,-6.06,-2.63,-5.51,-4.10,-2.94,-3.72,-2.44,-1.80,-1.56,-2.02,-2.57,-3.43,1.37,1.50,-5.60,-4.99,-6.89,-3.40,,-6.50,-14.40,-2.30,-3,-4,,,,,,,-2.10,-1.80,,-1.60,-1.60,-1.60,-2.14,,,,,,,,-1.70,-1.50,-1.10,-2,-1.60,,,,,-1.70,,-1.70,-1.50,-2.40,-5,-5.90,,,-2.40,,,-2.30,,,1.60,1,-0.10,0.70,-6.50,-4.60,
2008-12-26 02:00,-2.30,-2.49,-4.66,-2.95,-5.80,-2.46,-2.83,-2.30,-6.58,-2.99,-5.05,-4.25,-7.48,-5.36,-4.97,-5.44,-6.11,-9.43,-4.70,-6.63,-7.99,-8.07,-5.23,,-2.07,-2.16,-2.96,-4.47,-2.16,-4,-3.81,-2.33,-9.29,-4.02,-3.90,-3.99,-3.17,-3.54,-6.75,-3.37,-10.90,-12.21,-10.21,-2.79,-5.80,-2.70,-3.60,-3.91,-4.07,-3.98,-4.65,-2.58,-3.32,-2.71,-4.54,-4.46,-4.04,-4.30,-4.01,-3.70,-5.23,-4.80,-5.76,-9.83,-5.92,,-4.57,-7.78,-6.60,-8.16,-5.61,-5.14,-3.41,-5.37,-4.21,-2.67,-3.50,-3.02,-2.70,-1.84,-1.99,-2.20,-1.31,-3.11,-1.24,-2.32,-1.95,-1.10,-0.62,-1.39,-4.60,-1.33,-1.41,-1.40,-1.82,-1.56,-2.18,-1.20,-2.09,-1.58,-2.77,-2.48,-4.35,-3.72,-4.29,,-1.37,-1.30,-1.46,-1.54,-1.20,-2.22,-4.70,-6.22,-2.70,-5.61,-4.20,-3.10,-3.75,-2.42,-1.90,-1.61,-2.12,-2.38,-3.42,1.35,1.40,-5.68,-5.34,-7.55,-3.40,-3.10,-6.40,-14.30,-2.30,-3,-4,-2.80,-3.70,-12.50,-3.90,-2.10,-2,-2.10,-1.80,-1.60,-1.60,-1.60,-1.60,-1.90,-2,-5.10,-2.80,-4.90,-2.30,-2.60,-2,-1.60,-1.50,-1.20,-2,-1.70,-5.90,-4.80,-6.40,-2,-1.70,-0.80,-1.70,-1.50,-2.50,-5.10,-6.10,-9.40,-5.80,-2.40,-3.20,-1.40,-2.40,,0.40,1.50,0.90,-0.10,0.70,-6.50,-4.60,-3.20
2008-12-26 02:10,-2.30,-2.51,-4.70,-2.93,-5.80,-2.36,-2.89,-2.40,-6.56,-2.94,-5.01,-4.26,-7.54,-5.33,-4.94,-5.47,-6.03,-9.46,-4.70,-6.63,-8.08,-8.28,-5.06,,-1.93,-2.06,-2.94,-4.42,-2.10,-4,-3.81,-2.24,-9.28,-4.13,-3.73,-3.93,-3.15,-3.62,-6.75,-3.42,-10.90,-12.18,-10.24,-2.73,-5.80,-2.64,-3.60,-3.82,-4.03,-3.95,-4.64,-2.56,-3.31,-2.69,-4.46,-4.48,-4.02,-4.20,-3.97,-3.78,-5.19,-4.90,-5.81,-9.89,-5.94,,-4.76,-7.45,-6.50,-8.06,-5.40,-5.34,-3.31,-5.38,-4.25,-2.54,-3.40,-2.96,-2.77,-1.73,-2.04,-2.03,-1.26,-2.94,-1.22,-2.37,-1.89,-1.20,-0.64,-1.35,-4.63,-1.41,-1.51,-1.40,-1.74,-1.47,-2.23,-1.24,-2.04,-1.53,-2.75,-2.35,-4.13,-3.61,-4.32,,-1.44,-1.30,-1.40,-1.58,-1.26,-2.25,-4.64,-6.45,-2.68,-5.71,-4.30,-3.11,-3.76,-2.65,-1.90,-1.57,-2.15,-2.37,-3.12,1.30,1.50,-5.61,-5.60,-7.84,-3.40,,-6.40,-14.20,-2.30,-3,-4,,,,,,,-2.10,-1.80,,-1.70,-1.60,-1.60,-2.13,,,,,,,,-1.70,-1.50,-1.20,-2,-1.70,,,,,-1.70,,-1.70,-1.50,-2.50,-5.10,-6.10,,,-2.40,,,-2.30,,,1.50,1.40,0.10,0.70,-6.50,-4.50,
2008-12-26 02:20,-2.30,-2.43,-4.69,-2.87,-5.90,-2.45,-2.82,-2.40,-6.61,-2.91,-5.04,-4.15,-7.50,-5.28,-4.94,-5.58,-5.98,-9.43,-4.70,-6.57,-8.09,-8.41,-5.17,,-1.82,-2.12,-2.94,-4.40,-2.10,-4,-3.86,-2.17,-9.38,-4.13,-3.73,-3.88,-3.15,-3.74,-6.71,-3.44,-10.90,-12.21,-10.31,-2.78,-5.80,-2.61,-3.50,-3.87,-4.05,-3.98,-4.57,-2.60,-3.38,-2.68,-4.42,-4.42,-3.99,-4.20,-3.83,-3.80,-5.18,-4.90,-5.72,-9.77,-5.93,,-4.68,-7.32,-6.50,-8.01,-5.32,-5.31,-3.26,-5.35,-4.23,-2.38,-3.30,-2.94,-2.75,-1.72,-2.12,-2.04,-1.40,-2.99,-1.20,-2.30,-1.76,-1.20,-0.62,-1.39,-4.48,-1.45,-1.52,-1.40,-1.55,-1.47,-2.22,-1.20,-2.04,-1.54,-2.74,-2.51,-3.95,-3.56,-4.45,,-1.44,-1.30,-1.52,-1.53,-1.30,-2.23,-4.77,-6.66,-2.65,-5.82,-4.30,-3.13,-3.76,-2.48,-1.90,-1.59,-2.22,-2.62,-3.32,1.32,1.50,-5.39,-5.70,-7.97,-3.40,,-6.40,-14.10,-2.20,-2.90,-4,,,,,,,-2.10,-1.80,,-1.70,-1.60,-1.60,-2.10,,,,,,,,-1.70,-1.50,-1.20,-2,-1.70,,,,,-1.70,,-1.70,-1.50,-2.60,-5.30,-6.10,,,-2.40,,,-2.40,,,1.50,1.50,0.10,0.70,-6.70,-4.50,
2008-12-26 02:30,-2.30,-2.43,-4.62,-2.89,-5.80,-2.27,-2.82,-2.40,-6.54,-2.90,-4.95,-4.24,-7.50,-5.30,-4.95,-5.63,-6,-9.42,-4.70,-6.66,-8.11,-8.14,-5.13,,-1.85,-2.07,-2.96,-4.42,-2.07,-4,-3.82,-2.13,-9.36,-4.17,-3.68,-3.80,-3.09,-3.83,-6.75,-3.31,-10.90,-12.20,-10.28,-2.94,-5.70,-2.61,-3.50,-3.81,-3.89,-3.91,-4.47,-2.56,-3.25,-2.68,-4.48,-4.31,-3.97,-4.20,-4.08,-3.79,-5.18,-4.90,-5.83,-9.78,-5.91,,-4.58,-7.03,-6.40,-8,-5.26,-5.44,-3.32,-5.39,-4.43,-2.24,-3.20,-3.14,-2.82,-1.78,-2.17,-2.06,-1.35,-3.05,-1.12,-2.27,-1.84,-1.20,-0.67,-1.39,-4.43,-1.53,-1.57,-1.50,-1.59,-1.52,-2.29,-1.17,-2.02,-1.60,-2.81,-2.43,-3.91,-3.59,-4.44,,-1.34,-1.30,-1.61,-1.70,-1.31,-2.31,-5,-6.50,-2.81,-5.92,-4.30,-3.15,-3.74,-2.58,-2,-1.69,-2.24,-2.52,-3.14,1.32,1.50,-5.24,-5.77,-7.82,-3.40,,-6.50,-14.10,-2.20,-2.90,-4,,,,,,,-2.10,-1.90,,-1.70,-1.60,-1.60,-2.11,,,,,,,,-1.70,-1.60,-1.20,-2,-1.70,,,,,-1.70,,-1.70,-1.50,-2.60,-5.10,-6.20,,,-2.40,,,-2.40,,,1.50,1.90,0.30,0.70,-6.70,-4.50,
2008-12-26 02:40,-2.30,-2.48,-4.60,-2.87,-5.80,-2.30,-2.80,-2.40,-6.58,-2.93,-4.98,-4.29,-7.52,-5.29,-4.94,-5.56,-6.04,-9.36,-4.80,-6.57,-8.10,-8.21,-5.04,,-1.90,-2.10,-3.02,-4.43,-2.04,-4.10,-3.76,-2.14,-9.22,-4.26,-3.70,-3.81,-3.13,-3.75,-6.76,-3.28,-10.80,-12.21,-10.32,-2.73,-5.70,-2.53,-3.50,-3.75,-3.73,-3.79,-4.50,-2.51,-3.34,-2.74,-4.37,-4.45,-3.98,-4.10,-3.99,-3.80,-5.12,-4.80,-5.87,-9.69,-5.92,,-4.63,-6.15,-6.40,-8.01,-5.22,-5.30,-3.26,-5.36,-4.54,-2.20,-3,-3.32,-2.83,-1.67,-2.10,-1.99,-1.38,-3.02,-1.10,-2.42,-1.92,-1.20,-0.71,-1.38,-4.43,-1.57,-1.49,-1.50,-1.56,-1.50,-2.23,-1.15,-1.99,-1.58,-2.90,-2.47,-4.05,-3.71,-4.37,,-1.39,-1.30,-1.54,-1.65,-1.30,-2.33,-5.14,-6.14,-2.99,-6.08,-4.30,-3.27,-3.77,-2.58,-1.90,-1.71,-2.25,-2.38,-3.10,1.27,1.40,-5.21,-5.67,-7.97,-3.50,,-6.50,-14.10,-2.10,-2.90,-4,,,,,,,-2.10,-1.90,,-1.70,-1.60,-1.60,-2.04,,,,,,,,-1.70,-1.60,-1.20,-2,-1.70,,,,,-1.80,,-1.70,-1.50,-2.50,-5.10,-6.10,,,-2.40,,,-2.40,,,1.50,1.90,0.40,0.70,-6.50,-4.70,
2008-12-26 02:50,-2.40,-2.55,-4.68,-3.02,-5.80,-2.45,-2.85,-2.50,-6.55,-2.99,-5.04,-4.32,-7.46,-5.32,-4.97,-5.40,-6,-9.38,-4.80,-6.46,-8.01,-8.28,-4.99,,-2,-2.11,-2.97,-4.38,-2.02,-4.20,-3.75,-2.15,-9.22,-4.35,-3.81,-3.81,-3.16,-3.77,-6.75,-3.27,-10.90,-11.58,-10.26,-2.80,-5.70,-2.60,-3.50,-3.70,-3.81,-3.81,-4.60,-2.43,-3.38,-2.63,-4.44,-4.32,-3.89,-4.10,-3.88,-3.71,-5.10,-4.90,-5.81,-9.80,-5.88,,-4.55,-5.46,-6.30,-8.02,-5.02,-5.27,-3.18,-5.28,-4.57,-2.07,-3,-3.27,-2.85,-1.67,-2.09,-2.17,-1.46,-3.02,-1.14,-2.46,-1.96,-1.30,-0.70,-1.32,-4.45,-1.62,-1.56,-1.40,-1.71,-1.55,-2.30,-1.19,-1.99,-1.57,-2.87,-2.48,-4.12,-3.81,-4.39,,-1.32,-1.40,-1.55,-1.61,-1.24,-2.31,-5.22,-5.97,-3.05,-6.20,-4.40,-3.38,-3.84,-2.55,-1.90,-1.66,-2.23,-2.44,-3.14,1.33,1.40,-5.25,-5.62,-8.04,-3.40,,-6.50,-14,-2.10,-2.90,-4,,,,,,,-2.10,-1.90,,-1.70,-1.60,-1.60,-2,,,,,,,,-1.70,-1.60,-1.20,-2,-1.70,,,,,-1.80,,-1.70,-1.60,-2.60,-5.30,-6,,,-2.40,,,-2.50,,,1.60,1.80,0.30,0.70,-6.50,-4.70,
2008-12-26 03:00,-2.40,-2.48,-4.75,-3.06,-5.80,-2.41,-2.90,-2.50,-6.55,-2.93,-4.95,-4.43,-7.42,-5.35,-5.07,-5.39,-6.04,-9.41,-4.80,-6.57,-8.08,-8.20,-4.97,,-1.96,-2.15,-2.92,-4.35,-2.01,-4.10,-3.80,-2.22,-9.30,-4.33,-3.71,-3.79,-3.02,-3.77,-6.75,-3.27,-10.90,-10.16,-10.32,-2.84,-5.70,-2.53,-3.50,-3.71,-3.77,-3.77,-4.61,-2.41,-3.42,-2.64,-4.23,-4.36,-3.96,-4.10,-3.93,-3.79,-5.10,-4.90,-5.81,-9.78,-5.90,,-4.37,-5.01,-6.30,-8.03,-5.26,-5.17,-3.14,-5.32,-4.52,-1.89,-3,-3.37,-2.75,-1.93,-2.15,-2.24,-1.31,-2.96,-1.08,-2.66,-1.94,-1.30,-0.79,-1.32,-4.44,-1.58,-1.53,-1.50,-1.57,-1.67,-2.28,-1.16,-2.07,-1.61,-2.86,-2.54,-4.43,-3.79,-4.40,,-1.48,-1.40,-1.72,-1.61,-1.24,-2.32,-5.35,-5.79,-3.14,-6.35,-4.50,-3.40,-3.81,-2.48,-2,-1.72,-2.21,-2.53,-2.96,1.28,1.50,-5.20,-5.82,-8.11,-3.50,-3.10,-6.40,-14,-2.10,-2.90,-4,,-3.80,-11.10,-3.80,-2.10,-2.10,-2,-1.90,-1.50,-1.80,-1.50,-1.60,-1.80,-2.10,-5.50,-2.90,-5.20,-2.30,-2.60,-2.10,-1.70,-1.60,-1.30,-2,-1.70,-5.80,-5,-7,-2,-1.80,-1,-1.70,-1.60,-2.30,-5.50,-5.80,,-5.20,-2.50,-3.20,,-2.50,,0.20,1.70,1.90,0.40,0.70,-6.20,-4.80,-3.40
2008-12-26 03:10,-2.40,-2.44,-4.71,-3.08,-5.80,-2.43,-2.92,-2.50,-6.52,-2.88,-4.99,-4.47,-7.40,-5.35,-4.99,-5.56,-6,-9.45,-4.80,-6.59,-8.15,-8.19,-4.96,,-1.91,-2.19,-2.96,-4.27,-2.07,-4.10,-3.90,-2.29,-9.27,-4.31,-3.92,-3.74,-3.04,-3.69,-6.73,-3.39,-10.70,,-10.34,-2.75,-5.60,-2.51,-3.50,-3.63,-3.60,-3.76,-4.47,-2.49,-3.37,-2.66,-4.28,-4.25,-3.84,-4,-3.87,-3.74,-5.07,-4.90,-5.82,-9.78,-5.89,,-4.02,-4.93,-6.30,-8.05,-5.10,-5.10,-3.08,-5.35,-4.46,-1.87,-2.90,-3.63,-2.76,-1.83,-2.13,-2.40,-1.32,-3.04,-1.04,-2.45,-1.96,-1.50,-0.75,-1.29,-4.37,-1.45,-1.50,-1.50,-1.75,-1.58,-2.31,-1.08,-2.13,-1.66,-2.91,-2.64,-4.63,-3.86,-4.34,,-1.44,-1.40,-1.57,-1.63,-1.35,-2.31,-5.10,-5.84,-3.50,-6.47,-4.50,-3.40,-3.83,-2.62,-2,-1.70,-2.26,-2.42,-2.84,1.30,1.40,-4.89,-5.76,-8.21,-3.60,,-6.50,-13.90,-2.10,-2.90,-4,,,,,,,-2,-1.90,,-1.80,-1.50,-1.60,-2.02,,,,,,,,-1.80,-1.60,-1.30,-2.10,-1.70,,,,,-1.80,,-1.70,-1.60,-2.30,-5.40,-5.70,,,-2.50,,,-2.50,,,2,1.80,0.40,0.70,-6.20,-4.80,
2008-12-26 03:20,-2.40,-2.39,-4.75,-3.14,-5.80,-2.30,-2.82,-2.50,-6.49,-2.89,-4.93,-4.36,-7.34,-5.31,-4.91,-5.45,-5.91,-9.34,-4.70,-6.56,-8.13,-8.09,-5,,-1.90,-2.21,-2.91,-4.26,-2.05,-4.10,-3.87,-2.20,-9.18,-4.29,-3.94,-3.73,-2.97,-3.69,-6.75,-3.55,-10.60,,-10.35,-2.82,-5.60,-2.49,-3.50,-3.61,-3.59,-3.86,-4.53,-2.41,-3.30,-2.70,-4.35,-4.39,-3.92,-4,-3.74,-3.70,-5.06,-4.90,-5.83,-9.72,-5.84,,-3.93,-4.83,-6.30,-8.10,-5.47,-5.12,-3.08,-5.40,-4.39,-2.03,-2.80,-3.77,-2.77,-1.82,-2.07,-2.40,-1.40,-3.07,-1.08,-2.64,-2.09,-1.60,-0.79,-1.35,-4.39,-1.51,-1.56,-1.50,-1.78,-1.58,-2.36,-1.13,-2.12,-1.64,-2.87,-2.68,-4.88,-3.84,-4.50,,-1.45,-1.40,-1.64,-1.62,-1.35,-2.24,-2.83,-5.69,-3.66,-6.74,-4.60,-3.37,-3.81,-2.75,-2,-1.90,-2.19,-2.56,-2.85,1.20,1.50,-4.67,-5.51,-8.13,-3.50,,-6.50,-13.70,-2.10,-3,-4,,,,,,,-2.10,-1.90,,-1.90,-1.50,-1.70,-2.08,,,,,,,,-1.80,-1.60,-1.30,-2.10,-1.80,,,,,-1.80,,-1.70,-1.60,-2.10,-5.30,-5.20,,,-2.50,,,-2.50,,,2.10,1.80,0.30,0.70,-6.10,-4.80,
2008-12-26 03:30,-2.40,-2.45,-4.76,-3.21,-5.80,-2.33,-2.83,-2.50,-6.43,-2.88,-4.92,-4.40,-7.32,-5.28,-4.89,-5.53,-5.79,-9.30,-4.70,-6.61,-8.11,-8.28,-5.06,,-1.86,-2.14,-2.87,-4.28,-2.06,-4,-3.77,-2.29,-9.15,-4.43,-4,-3.78,-3,-3.68,-6.61,-3.41,-10.60,,-10.38,-2.82,-5.60,-2.49,-3.40,-3.63,-3.69,-3.76,-4.48,-2.36,-3.35,-2.63,-4.25,-4.27,-3.90,-4,-3.77,-3.73,-4.98,-4.90,-5.73,-9.68,-5.94,,-3.97,-4.71,-6.30,-8.14,-5.28,-5.21,-3.03,-5.36,-4.33,-1.78,-2.80,-3.81,-2.76,-1.81,-2.10,-2.40,-1.35,-3.07,-1.08,-2.60,-1.97,-1.60,-0.79,-1.36,-4.40,-1.56,-1.59,-1.50,-1.75,-1.64,-2.26,-1.20,-2.04,-1.64,-2.86,-2.57,-5.10,-3.82,-4.69,,-1.49,-1.40,-1.74,-1.59,-1.49,-2.23,-3.62,-5.64,-3.79,-6.92,-4.70,-3.51,-3.88,-2.65,-2,-1.84,-2.19,-2.37,-2.81,1.20,1.40,-4.67,-5.71,-8.17,-3.60,,-6.50,-13.50,-2.10,-2.90,-4,,,,,,,-2.10,-1.90,,-1.90,-1.50,-1.70,-2.02,,,,,,,,-1.80,-1.60,-1.30,-2.10,-1.80,,,,,-1.80,,-1.70,-1.70,-1.90,-5.40,-4.90,,,-2.50,,,-2.50,,,1.90,1.80,0.10,0.70,-6.10,-4.70,
2008-12-26 03:40,-2.40,-2.45,-4.80,-3.18,-5.80,-2.29,-2.74,-2.50,-6.35,-2.94,-4.94,-4.42,-7.28,-5.34,-5.01,-5.49,-5.90,-9.27,-4.70,-6.63,-8.19,-8.26,-5.02,,-1.96,-2.10,-2.92,-4.37,-2.03,-4,-3.77,-2.20,-9.10,-4.38,-3.89,-3.87,-3.15,-3.64,-6.63,-3.41,-10.80,,-10.30,-2.78,-5.60,-2.62,-3.40,-3.58,-3.90,-3.83,-4.42,-2.31,-3.31,-2.55,-4.26,-4.13,-3.85,-4,-3.87,-3.69,-4.96,-4.80,-5.66,-9.82,-5.93,,-3.90,-4.69,-6.30,-8.13,-5.67,-5.20,-2.99,-5.26,-4.46,-1.77,-2.80,-3.73,-2.81,-1.78,-2.11,-2.40,-1.39,-3.20,-1.08,-2.55,-2.10,-1.70,-0.79,-1.31,-4.49,-1.59,-1.60,-1.50,-1.81,-1.66,-2.36,-1.11,-2.08,-1.65,-2.80,-2.61,-5.05,-3.74,-4.66,,-1.44,-1.40,-1.73,-1.64,-1.31,-2.20,-4.67,-5.41,-3.93,-7.17,-4.90,-3.41,-3.92,-2.65,-2.10,-1.99,-2.17,-2.30,-2.86,1.24,1.40,-4.93,-5.70,-8.08,-3.60,,-6.50,-13.50,-2.10,-3,-3.90,,,,,,,-2.10,-1.90,,-2,-1.60,-1.70,-1.88,,,,,,,,-1.90,-1.60,-1.30,-2.10,-1.80,,,,,-1.80,,-1.70,-1.70,-1.60,-5.40,-4.80,,,-2.50,,,-2.50,,,1.90,1.90,0.30,0.80,-5.90,-4.70,
2008-12-26 03:50,-2.40,-2.38,-4.79,-3.06,-5.80,-2.18,-2.67,-2.50,-6.31,-2.88,-4.88,-4.28,-7.29,-5.31,-4.90,-5.48,-5.85,-9.27,-4.70,-6.40,-8.26,-8.10,-4.93,,-1.95,-2.14,-2.90,-4.36,-2.13,-4,-3.79,-2.17,-9,-4.30,-3.83,-3.89,-3.11,-3.58,-6.61,-3.54,-10.80,,-10.34,-2.93,-5.60,-2.51,-3.40,-3.48,-3.89,-3.76,-4.47,-2.31,-3.17,-2.42,-4.31,-4.28,-3.81,-4,-3.78,-3.65,-4.93,-4.80,-5.63,-9.79,-5.93,,-4.08,-4.67,-6.30,-8.09,-5.12,-5.17,-3,-5.20,-4.54,-1.84,-2.80,-3.75,-2.80,-1.71,-2.07,-2.40,-1.60,-3.21,-0.99,-2.59,-2.25,-1.80,-0.85,-1.47,-4.50,-1.57,-1.55,-1.60,-1.85,-1.74,-2.38,-1.15,-2.09,-1.69,-2.76,-2.66,-5.37,-3.68,-4.58,,-1.40,-1.40,-1.87,-1.72,-1.28,-2.24,-4.88,-5.19,-4.09,-7.15,-5,-3.64,-3.85,-2.73,-2.10,-2,-2.28,-2.75,-2.69,1.23,1.40,-5.19,-5.35,-8.15,-3.60,,-6.40,-13.70,-2.10,-3,-3.80,,,,,,,-2.10,-1.90,,-2,-1.60,-1.70,-1.98,,,,,,,,-1.90,-1.60,-1.30,-2.10,-1.80,,,,,-1.90,,-1.80,-1.70,-1.40,-5.20,-4.50,,,-2.50,,,-2.50,,,2,1.90,0.30,0.80,-5.60,-4.80,
2008-12-26 04:00,-2.40,-2.41,-4.77,-3.03,-5.80,-2.21,-2.69,-2.50,-6.35,-2.89,-4.81,-4.30,-7.24,-5.18,-4.89,-5.49,-5.76,-9.37,-4.60,-6.39,-8.21,-8.28,-4.96,,-1.88,-2.10,-2.95,-4.40,-2.13,-4.10,-3.89,-2.10,-8.92,-4.22,-3.61,-3.86,-3.15,-3.58,-6.64,-3.39,-10.90,,-10.23,-2.89,-5.60,-2.65,-3.40,-3.65,-3.74,-3.80,-4.45,-2.21,-3.28,-2.48,-4.31,-4.39,-3.76,-3.90,-3.83,-3.69,-4.93,-4.90,-5.61,-9.74,-5.96,,-3.94,-4.81,-6.30,-8.08,-5.29,-5.17,-3.04,-5.14,-4.48,-1.87,-2.80,-3.75,-2.82,-1.69,-2.05,-2.40,-1.64,-3.20,-1.02,-2.63,-2.18,-1.80,-0.74,-1.41,-4.58,-1.55,-1.71,-1.60,-1.83,-1.84,-2.31,-1.20,-2.05,-1.63,-2.81,-2.60,-5.29,-3.74,-4.32,,-1.46,-1.40,-1.84,-1.75,-1.35,-2.32,-2.92,-4.82,-4.16,-7.39,-5.20,-3.73,-3.89,-2.48,-2.10,-2.05,-2.33,-2.54,-2.61,1.20,1.60,-5.18,-5.13,-8.25,-3.70,-3,-6.40,-13.70,-2.10,-3,-3.80,-2.80,-3.80,-10.10,-3.70,-2.10,-2,-2.10,-1.90,-1.50,-2.10,-1.60,-1.70,-1.80,-2.10,-5.60,-3,-5.50,-2.20,-2.50,-2.10,-1.90,-1.60,-1.30,-2.10,-1.90,-6,-5.30,-6.60,-2.20,-1.90,-1.20,-1.80,-1.70,-1.30,-4.80,-4,,-4.50,-2.50,-3.10,-1.50,-2.50,0.90,0.80,2.30,1.90,0.30,0.90,-5.80,-4.80,-3.70
2008-12-26 04:10,-2.40,-2.43,-4.74,-3.04,-5.70,-2.31,-2.65,-2.40,-6.29,-2.86,-4.71,-4.41,-7.19,-5.10,-4.91,-5.47,-5.68,-9.21,-4.70,-6.30,-8.21,-8.40,-4.87,,-1.87,-2.03,-3.02,-4.47,-2.17,-4.10,-3.81,-1.98,-8.89,-4.15,-3.62,-3.91,-3.18,-3.48,-6.62,-3.48,-11,,-10.18,-2.88,-5.60,-2.79,-3.40,-3.56,-3.74,-3.82,-4.51,-2.26,-3.04,-2.52,-4.24,-4.29,-3.81,-4,-3.81,-3.71,-4.88,-4.80,-5.58,-9.82,-5.97,,-3.95,-4.95,-6.30,-8.17,-5.65,-5.11,-3.06,-5.14,-4.50,-1.95,-2.80,-3.70,-2.74,-1.90,-2.03,-2.19,-1.67,-3.37,-1,-2.61,-2.17,-1.70,-0.97,-1.57,-4.47,-1.55,-1.67,-1.70,-1.93,-1.86,-2.35,-1.16,-2.10,-1.63,-2.82,-2.58,-5.43,-3.81,-3.92,,-1.45,-1.40,-1.79,-1.76,-1.35,-2.25,-1.30,-4.68,-4.20,-7.56,-5.30,-3.71,-3.92,-2.72,-2.20,-2.10,-2.38,-2.60,-2.60,1.25,1.60,-4.68,-4.81,-7.91,-3.80,,-6.40,-13.80,-2.10,-2.90,-3.80,,,,,,,-2.10,-1.90,,-2.10,-1.60,-1.70,-2.03,,,,,,,,-1.90,-1.60,-1.30,-2.10,-1.90,,,,,-1.90,,-1.80,-1.70,-1.20,-4.80,-4,,,-2.50,,,-2.50,,,2.30,1.90,0.20,0.90,-5.80,-4.80,
2008-12-26 04:20,-2.30,-2.43,-4.71,-3.04,-5.70,-2.15,-2.59,-2.40,-6.35,-2.92,-4.74,-4.45,-7.17,-4.95,-4.82,-5.43,-5.69,-9.20,-4.70,-6.38,-8.18,-8.43,-4.87,,-1.86,-2.01,-3.04,-4.50,-2.20,-4.20,-3.91,-2,-8.93,-4.12,-3.70,-3.88,-3.24,-3.60,-6.57,-3.49,-10.90,,-10.19,-2.74,-5.60,-2.73,-3.40,-3.55,-3.79,-3.78,-4.46,-2.24,-2.95,-2.52,-4.25,-4.25,-3.77,-3.90,-3.88,-3.65,-4.90,-4.90,-5.57,-9.75,-5.93,,-3.79,-4.95,-6.30,-8.16,-5.33,-5.17,-2.97,-5.10,-4.51,-1.95,-2.80,-3.74,-2.70,-1.70,-2.04,-2.23,-1.68,-3.35,-1.18,-2.67,-2.20,-1.70,-1.01,-1.63,-4.59,-1.61,-1.72,-1.70,-1.89,-1.63,-2.36,-1.08,-2.08,-1.71,-2.78,-2.63,-5.79,-3.88,-3.88,,-1.42,-1.50,-1.85,-1.82,-1.37,-2.29,-0.82,-4.42,-4.37,-7.71,-5.40,-3.66,-3.87,-2.65,-2.30,-2.10,-2.53,-2.70,-2.70,1.23,1.80,-4.24,-4.27,-7.21,-3.80,,-6.40,-13.80,-2.10,-2.90,-3.70,,,,,,,-2.10,-1.90,,-2.10,-1.60,-1.70,-1.99,,,,,,,,-1.90,-1.60,-1.40,-2.10,-1.90,,,,,-1.90,,-1.80,-1.70,-1.20,-4.70,-3.90,,,-2.50,,,-2.50,,,2.30,1.90,0.10,1,-5.70,-4.70,
2008-12-26 04:30,-2.30,-2.38,-4.69,-3.13,-5.61,-2.30,-2.64,-2.40,-6.39,-2.85,-4.67,-4.56,-7.23,-4.92,-4.74,-5.45,-5.66,-9.22,-4.60,-6.46,-8.12,-8.38,-4.85,,-1.99,-2.02,-3.04,-4.51,-2.25,-4.30,-3.88,-1.94,-8.85,-4.10,-3.73,-3.81,-3.21,-3.58,-6.63,-3.36,-10.90,,-10.24,-2.88,-5.50,-2.73,-3.40,-3.57,-3.85,-3.73,-4.52,-2.25,-3.04,-2.42,-4.30,-4.16,-3.69,-3.90,-3.74,-3.61,-4.85,-4.80,-5.59,-9.76,-5.90,,-3.80,-4.92,-6.30,-8.13,-5.12,-5.22,-2.92,-5.05,-4.54,-1.93,-2.80,-3.76,-2.80,-1.59,-2.07,-2.25,-1.70,-3.17,-1.09,-2.75,-2.24,-1.70,-1.03,-1.68,-4.64,-1.61,-1.54,-1.70,-1.90,-1.77,-2.35,-1.09,-2.08,-1.76,-2.84,-2.60,-5.85,-4.01,-3.59,,-1.49,-1.50,-1.79,-1.85,-1.39,-2.25,-0.54,-4.30,-4.51,-7.80,-5.60,-3.73,-3.80,-2.64,-2.30,-2.06,-2.67,-2.61,-2.58,1.27,1.70,-4.13,-4.13,-6.78,-3.90,,-6.40,-13.90,-2.20,-2.90,-3.70,,,,,,,-2.20,-1.90,,-2.10,-1.70,-1.70,-1.88,,,,,,,,-1.90,-1.60,-1.40,-2.10,-1.90,,,,,-1.90,,-1.80,-1.70,-1.20,-4.20,-3.70,,,-2.50,,,-2.50,,,2.40,1.80,0.30,1,-5.60,-4.70,
2008-12-26 04:40,-2.40,-2.43,-4.70,-3.04,-5.69,-2.21,-2.60,-2.40,-6.48,-2.72,-4.82,-4.56,-7.31,-5.01,-4.73,-5.45,-5.71,-9.25,-4.60,-6.42,-8.15,-8.39,-4.89,,-2.08,-2.13,-3.02,-4.62,-2.27,-4.30,-3.83,-2.06,-8.89,-3.97,-3.67,-3.89,-3.13,-3.57,-6.63,-3.36,-10.90,,-10.22,-2.70,-5.60,-2.82,-3.40,-3.53,-3.75,-3.68,-4.46,-2.30,-3.15,-2.42,-4.32,-4.24,-3.72,-3.90,-3.64,-3.69,-4.69,-4.80,-5.54,-9.73,-5.83,,-3.90,-4.91,-6.30,-8.22,-5.28,-5.18,-2.95,-5.16,-4.46,-1.91,-2.70,-3.73,-2.80,-1.58,-2.19,-2.22,-1.75,-3.30,-1.21,-2.76,-2.28,-1.70,-0.99,-1.78,-4.73,-1.59,-1.56,-1.60,-1.88,-1.84,-2.35,-1.14,-2.09,-1.74,-2.81,-2.60,-5.81,-4.03,-3.51,,-1.52,-1.40,-1.81,-1.88,-1.38,-2.33,-0.53,-4.23,-4.63,-7.83,-5.70,-3.77,-3.73,-2.78,-2.30,-2.01,-2.63,-2.54,-2.40,1.21,1.70,-3.95,-4.22,-6.46,-3.90,,-6.40,-13.90,-2.20,-2.90,-3.70,,,,,,,-2.20,-1.90,,-2.20,-1.70,-1.90,-1.88,,,,,,,,-1.90,-1.70,-1.40,-2.10,-1.90,,,,,-1.90,,-1.70,-1.80,-1.20,-4.10,-3.60,,,-2.60,,,-2.50,,,2.40,1.90,0.20,0.90,-5.50,-4.70,
2008-12-26 04:50,-2.30,-2.40,-4.80,-3.11,-5.61,-2.24,-2.60,-2.40,-6.45,-2.70,-4.96,-4.47,-7.39,-5.02,-4.69,-5.46,-5.78,-9.19,-4.60,-6.49,-8.16,-8.06,-4.84,,-1.91,-2.23,-3.14,-4.66,-2.25,-4.30,-3.88,-2.27,-8.89,-3.94,-3.70,-3.85,-3.11,-3.56,-6.51,-3.39,-10.90,,-10.23,-2.68,-5.60,-2.84,-3.40,-3.55,-3.68,-3.70,-4.50,-2.25,-3.12,-2.40,-4.41,-4.22,-3.75,-3.80,-3.71,-3.64,-4.82,-4.80,-5.50,-9.68,-5.83,,-3.86,-4.81,-6.30,-8.24,-5.23,-5.20,-2.93,-5.28,-4.45,-1.87,-2.70,-3.75,-2.70,-1.63,-2.10,-2.24,-1.74,-3.20,-1.25,-2.62,-2.20,-1.70,-0.95,-1.80,-4.71,-1.60,-1.68,-1.70,-1.82,-1.89,-2.40,-1.17,-2.06,-1.71,-2.86,-2.60,-5.75,-4.38,-3.51,,-1.49,-1.50,-1.95,-1.95,-1.38,-2.38,-0.19,-3.96,-4.71,-7.90,-5.60,-3.68,-3.77,-2.73,-2.40,-2.09,-2.54,-2.62,-2.46,1.16,1.70,-3.78,-4.09,-6.28,-3.90,,-6.30,-14,-2.20,-2.90,-3.70,,,,,,,-2.20,-2,,-2.20,-1.80,-1.90,-1.90,,,,,,,,-1.90,-1.70,-1.40,-2.10,-1.90,,,,,-1.90,,-1.80,-1.80,-1.20,-4.10,-3.50,,,-2.60,,,-2.50,,,2.40,1.80,0.10,0.90,-5,-4.60,
2008-12-26 05:00,-2.30,-2.44,-4.77,-3.03,-5.68,-2.46,-2.56,-2.40,-6.49,-2.67,-4.92,-4.49,-7.47,-4.99,-4.78,-5.40,-5.96,-9.09,-4.60,-6.54,-8.36,-7.94,-4.89,,-1.98,-2.16,-3.25,-4.70,-2.30,-4.40,-3.93,-2.37,-9.06,-4,-3.71,-3.84,-2.97,-3.59,-6.52,-3.36,-10.90,,-10.18,-2.65,-5.70,-2.85,-3.40,-3.60,-3.64,-3.64,-4.44,-2.25,-3.11,-2.33,-4.32,-4.10,-3.74,-3.80,-3.67,-3.67,-4.79,-4.70,-5.48,-9.67,-5.93,,-3.91,-4.82,-6.30,-8.11,-5.02,-5.30,-2.97,-5.30,-4.49,-1.85,-2.60,-3.71,-2.80,-1.73,-2.05,-2.19,-1.83,-3.22,-1.28,-2.66,-2.13,-1.70,-0.99,-1.77,-4.64,-1.64,-1.76,-1.70,-1.90,-1.83,-2.38,-1.24,-2.16,-1.89,-2.87,-2.58,-5.50,-4.41,-3.62,,-1.45,-1.50,-1.92,-1.99,-1.38,-2.44,0.07,-3.90,-4.90,-7.88,-5.60,-3.66,-3.93,-2.67,-2.40,-2.22,-2.51,-2.87,-2.56,1.26,1.80,-3.78,-3.90,-6.77,-3.90,-3,-6.30,-14.10,-2.20,-2.80,-3.70,-2.90,-3.80,-9.30,-3.70,-2.10,-2,-2.20,-2,-1.80,-2.20,-1.80,-1.80,-1.70,,-5.60,-3.10,-5.50,-2.20,-2.40,-2.20,-1.90,-1.70,-1.40,-2.10,-1.90,-6.30,-5.40,-6.70,-2.20,-2,-1.50,-1.80,-1.80,-1.10,-4.20,-3.40,,-4.50,-2.80,-3.20,-1.60,-2.50,0.70,0.40,2.40,1.80,0.10,0.90,-4.50,-4.50,-3.90
2008-12-26 05:10,-2.30,-2.37,-4.75,-3.01,-5.69,-2.53,-2.64,-2.40,-6.55,-2.73,-4.92,-4.55,-7.52,-5.02,-4.77,-5.59,-6.01,-9.03,-4.60,-6.52,-8.26,-7.94,-4.86,,-1.98,-2.18,-3.20,-4.75,-2.31,-4.40,-3.96,-2.42,-9.14,-3.90,-3.77,-3.76,-3.10,-3.57,-6.54,-3.52,-10.90,,-10.05,-2.85,-5.60,-2.84,-3.40,-3.63,-3.71,-3.67,-4.48,-2.29,-3.13,-2.36,-4.22,-4,-3.67,-3.80,-3.56,-3.59,-4.70,-4.70,-5.47,-9.67,-5.86,,-4.06,-4.86,-6.30,-8.16,-5.24,-5.32,-2.98,-5.28,-4.47,-1.74,-2.60,-3.68,-2.68,-1.83,-2.10,-2.40,-1.83,-3.23,-1.34,-2.73,-2.30,-1.60,-0.99,-1.74,-4.76,-1.68,-1.77,-1.60,-1.97,-1.77,-2.39,-1.28,-2.18,-1.78,-2.80,-2.54,-5.39,-4.28,-3.52,,-1.57,-1.50,-1.79,-2.01,-1.47,-2.47,-0.50,-3.78,-5.04,-7.92,-5.60,-3.74,-3.90,-2.67,-2.40,-1.96,-2.56,-2.64,-2.47,1.23,2,-3.76,-3.56,-7.06,-4,,-6.30,-14.20,-2.20,-2.80,-3.70,,,,,,,-2.20,-2,,-2.20,-1.90,-1.80,-1.91,,,,,,,,-1.90,-1.70,-1.40,-2.20,-1.90,,,,,-1.90,,-1.80,-1.80,-1.10,-4.20,-3.40,,,-2.80,,,-2.60,,,2.20,1.70,0.20,0.90,-4.50,-4.50,
2008-12-26 05:20,-2.30,-2.38,-4.79,-2.92,-5.61,-2.48,-2.56,-2.40,-6.47,-2.76,-4.89,-4.57,-7.57,-5.08,-4.77,-5.62,-6.02,-9.06,-4.70,-6.52,-8.33,-7.84,-4.80,,-2.13,-2.23,-3.21,-4.75,-2.34,-4.40,-3.91,-2.42,-9.15,-3.97,-3.72,-3.86,-3.25,-3.48,-6.53,-3.61,-10.90,,-10.10,-2.95,-5.60,-2.83,-3.40,-3.66,-3.81,-3.71,-4.49,-2.20,-3.11,-2.35,-4.33,-4.01,-3.72,-3.70,-3.56,-3.66,-4.66,-4.70,-5.46,-9.73,-5.85,,-4.15,-4.79,-6.30,-8.19,-5.30,-5.27,-2.94,-5.28,-4.45,-1.89,-2.50,-3.64,-2.73,-1.96,-2.09,-2.40,-1.85,-3.22,-1.48,-2.61,-2.18,-1.70,-0.93,-1.75,-4.74,-1.60,-1.82,-1.60,-2.06,-1.82,-2.46,-1.25,-2.06,-1.76,-2.95,-2.55,-5.53,-4.28,-3.53,,-1.56,-1.50,-1.80,-1.99,-1.43,-2.50,-1.47,-3.61,-5.03,-7.92,-5.70,-3.70,-3.98,-2.62,-2.60,-2.18,-2.64,-2.44,-2.37,1.24,1.90,-3.67,-3.63,-7.08,-4,,-6.30,-14.20,-2.30,-2.80,-3.70,,,,,,,-2.30,-2,,-2.20,-1.90,-1.80,-1.82,,,,,,,,-1.90,-1.70,-1.40,-2.20,-1.90,,,,,-1.90,,-1.80,-1.80,-1,-3.90,-3.30,,,-2.90,,,-2.60,,,2.30,1.70,0.30,0.90,-4.30,-4.50,
2008-12-26 05:30,-2.30,-2.34,-4.74,-3,-5.63,-2.57,-2.57,-2.40,-6.47,-2.83,-4.91,-4.58,-7.58,-5.13,-4.77,-5.37,-6.02,-9.04,-4.70,-6.50,-8.31,-7.82,-4.82,,-2.30,-2.36,-3.20,-4.71,-2.39,-4.40,-4,-2.37,-9.10,-4.09,-3.71,-3.97,-3.22,-3.54,-6.62,-3.61,-10.70,,-10.17,-2.87,-5.70,-2.87,-3.30,-3.58,-3.53,-3.72,-4.48,-2.17,-3.11,-2.38,-4.33,-4.12,-3.66,-3.70,-3.61,-3.59,-4.69,-4.70,-5.50,-9.70,-5.88,,-4.10,-4.76,-6.30,-8.21,-5.27,-5.18,-2.91,-5.25,-4.42,-1.79,-2.50,-3.57,-2.78,-1.99,-2.06,-2.40,-1.86,-3.27,-1.55,-2.67,-2.22,-1.70,-0.94,-1.94,-4.81,-1.68,-1.78,-1.70,-2.09,-1.84,-2.49,-1.17,-2.20,-1.86,-2.80,-2.54,-5.74,-4.34,-3.53,,-1.66,-1.50,-1.98,-1.99,-1.35,-2.59,-1.80,-3.50,-5.24,-7.95,-5.80,-3.75,-3.89,-2.75,-2.60,-2.13,-2.75,-2.68,-2.30,1.22,1.90,-3.59,-3.66,-7.11,-3.90,,-6.30,-14.20,-2.30,-2.80,-3.70,,,,,,,-2.30,-2,,-2.20,-2,-1.70,-1.90,,,,,,,,-1.90,-1.70,-1.40,-2.20,-1.90,,,,,-1.90,,-1.80,-1.80,-1,-3.40,,,,-2.80,,,-2.60,,,2.30,1.70,0.10,0.80,-4.10,-4.40,
2008-12-26 05:40,-2.30,-2.33,-4.67,-2.95,-5.68,-2.74,-2.58,-2.30,-6.52,-2.82,-4.92,-4.73,-7.60,-5.08,-4.81,-5.39,-6.05,-9.15,-4.70,-6.48,-8.21,-7.80,-4.85,,-2.36,-2.26,-3.15,-4.74,-2.40,-4.40,-3.97,-2.45,-9.12,-4.03,-3.86,-4.05,-3.21,-3.66,-6.58,-3.62,-10.80,,-10.12,-2.87,-5.70,-2.90,-3.30,-3.50,-3.87,-3.67,-4.47,-2.20,-3.10,-2.37,-4.37,-4.17,-3.61,-3.70,-3.54,-3.59,-4.79,-4.70,-5.48,-9.61,-5.83,,-4.07,-4.77,-6.30,-8.16,-5.34,-5.27,-2.95,-5.09,-4.36,-1.77,-2.50,-3.54,-2.78,-1.80,-2.09,-2.40,-1.78,-3.25,-1.58,-2.71,-2.21,-1.70,-0.99,-2.02,-4.65,-1.75,-1.76,-1.70,-2.02,-1.93,-2.39,-1.27,-2.13,-1.84,-2.82,-2.60,-5.86,-4.34,-3.47,,-1.61,-1.50,-2.03,-2.02,-1.34,-2.78,-1.94,-3.34,-5.29,-7.84,-5.90,-3.76,-3.98,-2.87,-2.70,-2.21,-2.78,-2.61,-2.16,1.23,1.80,-3.43,-3.63,-6.91,-4,,-6.30,-14.20,-2.30,-2.80,-3.70,,,,,,,-2.30,-2,,-2.30,-2,-1.80,-1.81,,,,,,,,-2,-1.70,-1.40,-2.20,-1.90,,,,,-2,,-1.80,-1.80,-0.90,-3.40,-3.10,,,-2.80,,,-2.60,,,2.10,1.70,0,0.70,-3.90,-4.40,
2008-12-26 05:50,-2.30,-2.34,-4.62,-2.94,-5.60,-2.74,-2.58,-2.30,-6.51,-2.74,-4.86,-4.70,-7.63,-5.13,-4.85,-5.42,-6.09,-9.13,-4.80,-6.44,-8.27,-7.80,-4.80,,-2.46,-2.39,-3.18,-4.73,-2.46,-4.40,-3.94,-2.49,-9.21,-4,-3.87,-3.97,-3.28,-3.85,-6.53,-3.47,-10.70,,-10.21,-2.83,-5.70,-2.90,-3.30,-3.54,-3.87,-3.63,-4.47,-2.09,-3.22,-2.39,-4.45,-4.23,-3.55,-3.50,-3.68,-3.60,-4.80,-4.80,-5.49,-9.62,-5.83,,-3.72,-4.76,-6.30,-8.16,-5.19,-5.14,-2.93,-5.11,-4.37,-1.71,-2.50,-3.54,-2.68,-1.83,-2.10,-2.40,-1.79,-3.26,-1.60,-2.72,-2.33,-1.70,-1,-1.89,-4.72,-1.70,-1.84,-1.70,-1.84,-2,-2.43,-1.15,-2.13,-1.84,-2.86,-2.63,-5.88,-4.39,-3.47,,-1.47,-1.50,-1.89,-2.08,-1.39,-2.89,-2.08,-3.24,-5.25,-7.41,-6,-3.91,-3.93,-2.93,-2.70,-2.23,-2.69,-2.72,-2.18,1.29,1.70,-3.18,-3.35,-6.11,-4,,-6.30,-14,-2.30,-2.60,-3.70,,,,,,,-2.40,-1.90,,-2.30,-2,-1.80,-1.73,,,,,,,,-1.90,-1.70,-1.40,-2.20,-1.90,,,,,-2,,-1.70,-1.80,-0.90,-3.50,-3,,,-2.80,,,-2.60,,,2,1.60,0.10,0.50,-3.70,-4.40,
2008-12-26 06:00,-2,-3,-4.62,-3,-6,-2.65,-2.61,-2.20,-6.49,-2.80,-4.91,-4.60,-7.72,-5,-4.81,-5,-6,-9.03,-5,-6.43,-8,-7.95,-4.90,-2,-2,-3,-3.23,-4.73,-3,-4,-4,-3,-9.26,-3,-3.77,-4,-3,-4,-7,-3,-11,-12,-10,-2,-5.70,-2.86,-3,-3.53,-4,-3.62,-4,-2,-3.27,-2.31,-4.40,-4,-3,-4,-3,-3.67,-4.73,-4,-5.53,-9.70,-5.88,,-3.80,-4.75,-6.30,-8.24,-5.21,-5.08,-2.90,-5.14,-4.22,-1.73,-2.40,-3.46,-3,-3,-2,-2,-1.88,-3,-1.52,-2.75,-4,-1.60,-0.98,-1.95,-4.80,-1.66,-2,-1.80,-1,-2,-2.48,-1.26,-2.15,-1.80,-2.86,-2.49,-6.06,-4.41,-3.33,,-1.64,-1.50,-1.80,-2.05,-1.40,-2.79,-2.07,-3.25,-5.35,-6.43,-6.10,-4.09,-3.94,-2.73,-2.80,-2.17,-2.65,-2.62,-2.28,1.50,1.60,-3.18,-2.40,-5.74,-4,-3,-6,-14,-2.40,-2.80,-3.80,-2.90,-4,-9,-4,-2,-2.10,-2,-2,-1.90,-2.20,-2,-1.80,-1.70,-2.30,-6.30,-3,-6,-2.20,-2.50,-2.20,-2,-1.70,-1.40,-2.20,-1.90,-6.10,-5.40,-4.30,-2.20,-2,-1.50,-1.80,-1.80,-0.90,-3.30,-2.80,-4.20,-5.20,-2.90,-3.80,-1.70,-2.60,0.80,0.70,1.90,1.60,0.10,0.40,-3.30,-4.40,-3.80
2008-12-26 06:10,-2.20,-2.24,-4.68,-2.78,-5.59,-2.57,-2.64,-2.20,-6.40,-2.93,-5.03,-4.63,-7.73,-5.24,-4.86,-5.56,-6.09,-9.06,-4.80,-6.40,-8.21,-8.15,-4.99,,-2.38,-2.49,-3.16,-4.73,-2.42,-4.40,-4,-2.45,-9.35,-4.08,-3.89,-4.15,-3.41,-3.83,-6.51,-3.42,-10.70,,-10.09,-2.71,-5.60,-2.86,-3.30,-3.51,-3.86,-3.68,-4.43,-2.03,-3.29,-2.40,-4.33,-4.08,-3.55,-3.70,-3.69,-3.67,-4.67,-4.80,-5.53,-9.70,-5.94,,-3.68,-4.84,-6.20,-8.29,-5.39,-5.02,-2.93,-5.12,-4.13,-1.74,-2.40,-3.42,-2.70,-1.87,-2.14,-2.50,-1.85,-3.21,-1.56,-2.77,-2.36,-1.70,-0.98,-1.90,-4.68,-1.71,-1.72,-1.90,-1.87,-1.95,-2.47,-1.24,-2.18,-1.87,-2.82,-2.58,-6.02,-4.48,-3.26,,-1.62,-1.50,-1.81,-2.07,-1.33,-2.81,-2.07,-3.27,-5.54,-5.91,-6.10,-4.06,-3.98,-2.92,-2.90,-2.20,-2.82,-2.65,-2.15,1.28,1.30,-3.15,-2.90,-5.57,-4,,-6.30,-13.60,-2.40,-2.80,-3.80,,,,,,,-2.40,-1.90,,-2.20,-2,-1.80,-1.86,,,,,,,,-2,-1.70,-1.40,-2.20,-1.90,,,,,-2,,-1.80,-1.80,-0.90,-3.30,-2.80,,,-2.90,,,-2.50,,,2.40,1.80,0,0.40,-3.30,-4.40,
2008-12-26 06:20,-2.20,-2.33,-4.71,-2.82,-5.67,-2.81,-2.74,-2.20,-6.39,-3.02,-4.99,-4.65,-7.66,-5.28,-4.86,,-6.15,-9.10,-4.90,-6.41,-8.20,-8.08,-4.94,,-2.32,-2.50,-3.10,-4.69,-2.43,-4.40,-3.98,-2.50,-9.28,-4.10,-3.89,-4.10,-3.54,-3.86,-6.51,-3.42,-10.50,,-10.08,-2.98,-5.50,-2.94,-3.30,-3.54,-3.75,-3.64,-4.45,-2.18,-3.29,-2.51,-4.44,-4.12,-3.60,-3.70,-3.79,-3.64,-4.79,-4.70,-5.57,-9.69,-5.91,,-3.63,-5.04,-6.20,-8.21,-4.91,-5.05,-2.93,-5.09,-4.08,-1.74,-2.40,-3.39,-2.70,-1.88,-2,-2.40,-1.78,-3.21,-1.52,-2.67,-2.42,-1.70,-0.98,-1.94,-4.61,-1.72,-1.82,-1.80,-1.78,-1.94,-2.44,-1.28,-2.17,-1.97,-2.79,-2.56,-5.77,-4.35,-3.24,,-1.64,-1.50,-1.76,-2.17,-1.39,-2.84,-1.98,-3.10,-5.89,-5.67,-6.10,-3.96,-4.05,-2.77,-3,-2.25,-2.89,-2.63,-2.21,1.30,1.20,-3.07,-3,-5.33,-4,,-6.30,-13.60,-2.40,-2.80,-3.90,,,,,,,-2.40,-1.90,,-2.30,-2.10,-1.80,-1.84,,,,,,,,-2,-1.80,-1.40,-2.20,-1.90,,,,,-2.10,,-1.80,-1.80,-0.90,-3.20,,,,-3,,,-2.50,,,2.30,1.80,0,0.30,-3.10,-4.40,
2008-12-26 06:30,-2.20,-2.28,-4.71,-2.88,-5.63,-2.82,-2.72,-2.20,-6.41,-2.92,-4.96,-4.70,-7.70,-5.28,-4.85,-5.39,-6.15,-9.11,-4.90,-6.30,-8.16,-7.86,-5.02,,-2.41,-2.49,-3.21,-4.68,-2.45,-4.50,-3.97,-2.51,-9.30,-4.14,-4.07,-3.98,-3.55,-3.85,-6.64,-3.50,-10.50,,-10.04,-3.07,-5.50,-2.85,-3.30,-3.55,-3.72,-3.66,-4.40,-2.09,-3.18,-2.43,-4.38,-4.28,-3.64,-3.70,-3.70,-3.73,-4.76,-4.80,-5.52,,-5.82,,-3.90,-5.19,-6.20,-8.25,-4.93,-5.09,-2.92,-5.05,-4.05,-1.80,-2.40,-3.59,-2.70,-1.82,-2.13,-2.40,-1.89,-3.16,-1.49,-2.74,-2.42,-1.60,-0.94,-1.92,-4.64,-1.74,-1.77,-1.80,-1.84,-2.03,-2.49,-1.30,-2.13,-1.97,-2.82,-2.57,-5.65,-4.37,-3.27,-2.36,-1.60,-1.50,-1.84,-2.06,-1.47,-2.85,-1.82,-3.04,-6.24,-5.44,-6.20,-3.96,-4.02,-2.97,-3.10,-2.13,-2.87,-2.51,-2.27,1.29,0.70,-3.02,-3,-5.09,-3.70,,-6.20,-13.60,-2.40,-2.80,-3.90,,,,,,,-2.40,-1.90,,-2.30,-2.10,-1.80,-1.82,,,,,,,,-2,-1.80,-1.40,-2.10,-1.90,,,,,-2.10,,-1.80,-1.80,-0.90,-3.10,-2.80,,,-3,,,-2.50,,,2.30,1.80,0.10,0.30,-3,-4.40,
2008-12-26 06:40,-2.20,-2.36,-4.68,-2.88,-5.59,-2.79,-2.71,-2.30,-6.39,-2.91,-4.94,-4.71,-7.73,-5.32,-4.79,-5.43,-6.17,-9.16,-4.80,-6.25,-8.13,-7.83,-5.04,,-2.54,-2.56,-3.18,-4.67,-2.45,-4.40,-4.03,-2.50,-9.31,-4.19,-4.01,-4.10,-3.58,-3.88,-6.67,-3.72,-10.40,,-9.90,-3.03,-5.50,-2.86,-3.40,-3.54,-3.85,-3.72,-4.61,-2.03,-3.17,-2.45,-4.47,-4.12,-3.64,-3.70,-3.90,-3.64,-4.75,-4.80,-5.58,-9.55,-5.84,,-4.32,-5.30,-6.20,-8.25,-5.22,-5,-2.95,-5,-4.04,-1.83,-2.40,-3.51,-2.70,-1.82,-2.14,-2.40,-1.75,-3.25,-1.53,-2.65,-2.42,-1.70,-1.07,-1.87,-4.67,-1.75,-1.76,-1.80,-1.82,-1.90,-2.53,-1.31,-2.13,-1.93,-2.85,-2.47,-5.65,-4.48,-3.20,-2.41,-1.71,-1.50,-1.93,-2.13,-1.36,-2.82,-1.62,-3.16,-6.30,-5.30,-5.80,-3.99,-4,-3.03,-3.10,-2.18,-2.85,-2.41,-2.18,1.29,0.30,-2.96,-2.85,-4.91,-3.90,,-6.20,-13.60,-2.40,-2.80,-3.90,,,,,,,-2.40,-1.90,,-2.30,-2.10,-1.80,-1.78,,,,,,,,-2,-1.80,-1.40,-2.20,-1.90,,,,,-2.10,,-1.80,-1.80,-0.90,-3.10,-2.70,,,-3,,,-2.50,,,2.40,1.70,0.10,0.30,-3,-4.40,
2008-12-26 06:50,-2.20,-2.25,-4.61,-2.80,-5.70,-2.78,-2.86,-2.30,-6.21,-2.92,-4.96,-4.70,-7.74,-5.28,-4.88,-5.56,-6.17,-9.22,-4.90,-6.31,-8.19,-7.83,-4.98,,-2.49,-2.61,-3.11,-4.68,-2.40,-4.40,-3.98,-2.42,-9.33,-4.26,-4.06,-4.10,-3.43,-3.96,-6.68,-3.55,-10.40,,-9.82,-3.09,-5.60,-2.86,-3.30,-3.52,-3.90,-3.71,-4.48,-2.02,-3.20,-2.45,-4.39,-4.34,-3.67,-3.70,-3.93,-3.67,-4.77,-4.90,-5.53,-9.59,-5.84,,-4.49,-5.25,-6.20,-8.16,-4.85,-4.90,-2.87,-4.98,-4.13,-1.88,-2.30,-3.34,-2.70,-1.97,-2.07,-2.40,-1.91,-3.24,-1.57,-2.74,-2.46,-1.60,-0.98,-1.87,-4.66,-1.74,-1.71,-1.70,-1.87,-1.92,-2.55,-1.35,-2.14,-1.98,-2.84,-2.53,-5.65,-4.28,-3.15,-2.38,-1.62,-1.50,-1.83,-2.15,-1.47,-2.86,-1.64,-3.12,-6.29,-5.17,-5.40,-4.11,-4.07,-2.99,-3.10,-2.29,-2.87,-2.45,-2.07,1.27,0,-2.91,-2.81,-4.62,-4,,-6.20,-13.60,-2.40,-2.70,-3.90,,,,,,,-2.40,-1.90,,-2.30,-2.10,-1.80,-1.83,,,,,,,,-2,-1.80,-1.40,-2.10,-1.90,,,,,-2.20,,-1.80,-1.80,-0.90,-3.10,-2.70,,,-3,,,-2.50,,,2.60,1.80,0,0.30,-3,-4.40,
2008-12-26 07:00,-2.20,-2.21,-4.71,-2.73,-5.60,-2.67,-2.87,-2.30,-6.27,-2.88,-4.91,-4.71,-7.68,-5.25,-4.90,-5.68,-6.14,-9.24,-4.90,-6.47,-8.18,-7.91,-5.02,,-2.33,-2.50,-3.11,-4.67,-2.44,-4.50,-3.88,-2.33,-9.38,-4.10,-4.04,-4.09,-3.35,-3.99,-6.66,-3.42,-10.50,,-9.79,-3.07,-5.60,-2.90,-3.30,-3.50,-3.66,-3.64,-4.45,-2.13,-3.19,-2.41,-4.43,-4.40,-3.70,-3.70,-3.84,-3.74,-4.78,-4.80,-5.50,-9.63,-5.96,,-4.64,-5.03,-6.20,-8.07,-4.95,-4.96,-2.88,-5.01,-4.13,-1.77,-2.30,-3.36,-2.70,-1.94,-2.07,-2.40,-1.87,-3.31,-1.53,-2.69,-2.42,-1.60,-0.98,-1.85,-4.68,-1.75,-1.72,-1.70,-1.92,-1.94,-2.52,-1.36,-2.13,-1.75,-2.77,-2.56,-5.65,-4.29,-3.11,-2.33,-1.62,-1.50,-2.07,-2.17,-1.49,-2.83,-1.77,-3.07,-6.19,-4.92,-5.10,-4.02,-4.12,-2.94,-3,-2.18,-2.84,-2.56,-2.06,1.16,0,-2.92,-2.63,-4.60,-4.10,-2.90,-6.20,-13.60,-2.40,-2.70,-3.80,-2.80,-3.50,-8.90,-3.40,-2.10,-2.10,-2.40,-1.90,-1.90,-2.30,-2.10,-1.80,-1.60,-2.30,-6.40,-3.80,-5.50,-2.30,-2.50,-2.20,-2,-1.80,-1.40,-2.10,-1.90,-6.50,-5.70,-3.60,-2.30,-2.20,-1.50,-1.80,-1.80,-0.80,-2.90,-2.60,,-5.20,-3,-3.70,,-2.50,1.20,0.10,2.40,1.70,0.10,0.20,-2.90,-4.30,-3.90
2008-12-26 07:10,-2.20,-2.24,-4.64,-2.71,-5.60,-2.70,-2.88,-2.30,-6.37,-2.89,-4.97,-4.76,-7.67,-5.31,-4.88,-5.50,-6.07,-9.25,-4.90,-6.32,-8.08,-8.21,-5.13,,-2.39,-2.40,-3.18,-4.73,-2.40,-4.50,-3.90,-2.29,-9.44,-4.07,-4.10,-4.17,-3.39,-3.95,-6.67,-3.40,-10.50,,-9.73,-2.97,-5.60,-2.78,-3.30,-3.45,-3.72,-3.63,-4.56,-1.99,-3.18,-2.34,-4.42,-4.20,-3.72,-3.70,-3.73,-3.65,-4.74,-4.80,-5.54,-9.73,-5.84,,-4.85,-4.97,-6.10,-8.04,-4.88,-4.95,-2.86,-4.95,-4.08,-1.89,-2.30,-3.28,-2.72,-1.92,-2.10,-2.34,-1.81,-3.36,-1.49,-2.65,-2.50,-1.70,-1,-1.83,-4.62,-1.72,-1.75,-1.60,-1.88,-1.95,-2.59,-1.30,-2.10,-1.78,-2.71,-2.56,-5.71,-4.24,-3.10,-2.32,-1.70,-1.60,-1.85,-2.15,-1.49,-2.87,-1.70,-3.02,-6.28,-4.79,-4.90,-4.06,-4.12,-2.85,-3.10,-2.25,-2.98,-3.01,-2.09,1.06,-0.20,-2.95,-2.69,-4.55,-4.10,,-6.20,-13.50,-2.40,-2.60,-3.80,,,,,,,-2.50,-1.90,,-2.30,-2.10,-1.80,-1.73,,,,,,,,-2,-1.80,-1.40,-2.10,-1.90,,,,,-2.20,,-1.90,-1.80,-0.80,-2.90,-2.50,,,-3,,,-2.50,,,2.50,1.60,0.20,0.20,-2.90,-4.30,
2008-12-26 07:20,-2.10,-2.30,-4.74,-2.72,-5.60,-2.75,-2.82,-2.30,-6.44,-2.87,-5.01,-4.67,-7.70,-5.31,-4.82,-5.36,-6.22,-9.23,-4.90,-6.26,-8.01,-8.12,-5.11,,-2.35,-2.49,-3.19,-4.72,-2.37,-4.40,-3.90,-2.34,-9.38,-4.25,-4.05,-4.14,-3.42,-4.04,-6.71,-3.44,-10.50,,-9.66,-2.89,-5.60,-2.75,-3.30,-3.45,-3.69,-3.59,-4.52,-2.05,-3.21,-2.39,-4.46,-4.20,-3.75,-3.70,-3.66,-3.55,-4.68,-4.70,-5.54,-9.69,-5.86,,-4.82,-4.72,-6.10,-7.91,-4.94,-4.79,-2.83,-5.02,-4.20,-1.78,-2.20,-3.27,-2.67,-1.87,-2.06,-2.40,-1.75,-3.22,-1.44,-2.82,-2.45,-1.70,-1.02,-1.78,-4.74,-1.62,-1.72,-1.60,-1.70,-1.59,-2.61,-1.25,-2.07,-1.79,-2.74,-2.51,-5.81,-4.27,-3.18,-2.32,-1.71,-1.60,-2,-2.14,-1.45,-2.86,-1.72,-3.06,-6.14,-4.74,-4.50,-4.02,-4.14,-2.80,-3.20,-2.22,-2.77,-2.66,-1.78,1.13,-0.20,-2.85,-2.75,-4.70,-4.10,,-6.20,-13.40,-2.30,-2.60,-3.80,,,,,,,-2.50,-1.90,,-2.30,-2.10,-1.80,-1.81,,,,,,,,-2,-1.80,-1.40,-2.10,-1.90,,,,,-2.20,,-1.90,-1.70,-0.80,-2.80,,,,-3,,,-2.50,,,2.30,1.50,0.30,0.30,-2.80,-4.30,
2008-12-26 07:30,-2.10,-2.22,-4.60,-2.70,-5.60,-2.70,-2.77,-2.30,-6.41,-2.88,-5.04,-4.79,-7.68,-5.38,-4.86,-5.42,-6.08,-9.26,-4.90,-6.36,-8,-7.93,-5.14,,-2.28,-2.48,-3.20,-4.66,-2.37,-4.40,-3.91,-2.35,-9.26,-4.22,-4,-4.16,-3.42,-4.11,-6.80,-3.48,-10.20,,-9.64,-2.95,-5.60,-2.76,-3.20,-3.31,-3.65,-3.65,-4.48,-2,-3.20,-2.30,-4.47,-4.18,-3.74,-3.70,-3.61,-3.50,-4.63,-4.80,-5.53,-9.65,-5.84,,-4.78,-4.65,-6,-7.84,-4.99,-4.81,-2.88,-4.97,-4,-1.75,-2.30,-3.25,-2.75,-1.80,-2.08,-2.40,-1.78,-3.25,-1.41,-2.74,-2.50,-1.60,-1.01,-1.88,-4.60,-1.65,-1.68,-1.60,-1.66,-1.87,-2.51,-1.29,-2.07,-1.84,-2.76,-2.45,-5.94,-4.15,-3.17,-2.31,-1.67,-1.60,-1.84,-2.20,-1.54,-2.98,-1.63,-3.09,-5.87,-4.63,-4.40,-3.99,-4.10,-2.91,-3.30,-2.15,-2.95,-3.01,-1.62,1.28,-0.30,-2.79,-2.68,-4.64,-4.10,,-6.20,-13.40,-2.30,-2.60,-3.80,,,,,,,-2.40,-1.90,,-2.30,-2.10,-1.80,-1.71,,,,,,,,-2,-1.80,-1.40,-2.10,-1.90,,,,,-2.30,,-1.90,-1.70,-0.80,-2.80,-2.40,,,-3,,,-2.60,,,2.20,1.70,0.20,0.20,-2.80,-4.20,
2008-12-26 07:40,-2.10,-2.18,-4.69,-2.74,-5.60,-2.64,-2.75,-2.30,-6.43,-2.92,-5.07,-4.74,-7.62,-5.38,-4.88,-5.43,-6.09,-9.25,-4.90,-6.23,-7.98,-8.20,-5.03,,-2.29,-2.43,-3.18,-4.65,-2.41,-4.40,-3.91,-2.38,-9.32,-4.12,-3.99,-4.24,-3.36,-4.06,-6.82,-3.48,-10,,-9.52,-2.98,-5.60,-2.79,-3.20,-3.45,-3.53,-3.53,-4.54,-2,-3.17,-2.34,-4.40,-4.13,-3.68,-3.60,-3.68,-3.57,-4.61,-4.70,-5.49,-9.63,-5.77,,-4.56,-4.68,-5.90,-7.85,-4.84,-4.85,-2.91,-4.97,-4.06,-1.75,-2.30,-3.33,-2.79,-1.92,-2.09,-2.40,-1.85,-3.19,-1.36,-2.73,-2.37,-1.60,-1.09,-1.85,-4.58,-1.67,-1.74,-1.60,-1.75,-1.84,-2.48,-1.31,-2.01,-1.74,-2.77,-2.45,-5.79,-4.19,-3.07,-2.32,-1.67,-1.50,-1.95,-2.16,-1.65,-3.02,-1.11,-3.11,-5.64,-4.55,-4.30,-4.09,-4.20,-2.80,-3.30,-2.19,-2.94,-3.10,-1.48,1.27,-0.30,-2.71,-2.69,-4.65,-4.10,,-6.20,-13.30,-2.30,-2.60,-3.70,,,,,,,-2.40,-1.80,,-2.30,-2.10,-1.80,-1.78,,,,,,,,-2,-1.80,-1.40,-2.10,-1.90,,,,,-2.30,,-1.90,-1.70,-0.80,-2.60,-2.30,,,-3.10,,,-2.70,,,2.40,1.70,0.30,0.20,-2.90,-4.20,
2008-12-26 07:50,-2,-2.16,-4.63,-2.62,-5.50,-2.60,-2.78,-2.30,-6.36,-2.90,-4.98,-4.64,-7.65,-5.31,-4.84,-5.46,-6.15,-9.24,-4.90,-6.37,-7.89,-7.77,-5.08,,-2.28,-2.43,-3.11,-4.60,-2.37,-4.40,-3.92,-2.35,-9.31,-4.12,-4.02,-4.26,-3.46,-4.12,-6.77,-3.58,-9.70,,-9.40,-2.86,-5.60,-2.74,-3.20,-3.34,-3.84,-3.53,-4.60,-1.98,-3.16,-2.29,-4.38,-4.17,-3.68,-3.60,-3.81,-3.59,-4.67,-4.70,-5.50,-9.62,-5.72,,-4.81,-4.75,-5.90,-7.80,-4.70,-4.82,-2.88,-4.98,-4.12,-1.80,-2.30,-3.34,-2.78,-1.77,-1.99,-2.40,-1.76,-3.28,-1.39,-2.71,-2.32,-1.60,-1.11,-1.77,-4.66,-1.69,-1.73,-1.50,-1.58,-1.77,-2.51,-1.37,-1.96,-1.70,-2.72,-2.40,-5.49,-4.22,-3.10,-2.35,-1.67,-1.60,-1.90,-2.08,-1.65,-3.08,-0.66,-3.12,-5.21,-4.47,-4,-4.15,-4.25,-2.78,-3.40,-2.26,-3.03,-2.91,-1.49,1.29,-0.30,-2.75,-2.68,-4.54,-4.10,,-6.20,-13.30,-2.30,-2.50,-3.70,,,,,,,-2.40,-1.80,,-2.30,-2.10,-1.80,-1.73,,,,,,,,-2,-1.80,-1.30,-2.10,-1.90,,,,,-2.30,,-1.80,-1.70,-0.70,-2.60,-2.20,,,-3.10,,,-2.80,,,2,1.70,0.30,0.20,-2.90,-4.30,
2008-12-26 08:00,-2,-2.18,-4.60,-2.56,-5.50,-2.51,-2.82,-2.20,-6.38,-2.88,-5.09,-4.58,-7.71,-5.36,-4.85,-5.42,-6.08,-9.27,-4.90,-6.39,-7.75,-7.89,-5.10,,-2.30,-2.40,-3.08,-4.64,-2.32,-4.30,-3.84,-2.36,-9.26,-4.05,-4.01,-4.10,-3.46,-4.05,-6.78,-3.63,-9.70,,-9.35,-2.92,-5.50,-2.66,-3.10,-3.35,-3.68,-3.55,-4.45,-2.01,-3.17,-2.25,-4.38,-4.21,-3.74,-3.60,-3.77,-3.57,-4.73,-4.60,-5.53,-9.64,-5.77,,-4.83,-4.81,-5.80,-7.73,-4.96,-4.91,-2.86,-4.94,-4.14,-1.92,-2.20,-3.23,-2.75,-1.83,-2,-2.40,-1.68,-3.31,-1.34,-2.67,-2.31,-1.60,-1.01,-1.73,-4.58,-1.69,-1.65,-1.50,-1.47,-1.76,-2.46,-1.11,-1.95,-1.72,-2.77,-2.35,-5.25,-4.10,-3.10,-2.39,-1.68,-1.60,-1.84,-2.03,-1.66,-3.08,-0.56,-3.03,-4.77,-4.43,-4,-4.10,-4.17,-2.86,-3.30,-2.28,-3.04,-2.92,-1.51,1.24,-0.20,-2.76,-2.62,-4.37,-4.20,-2.90,-6.20,-13.20,-2.30,-2.50,-3.50,,-3.20,-8.90,-3.40,-2,-2,-2.50,-1.80,-1.70,-2.20,-2,-1.70,-1.50,-2.20,-6.10,-3.50,-4.30,-2.20,-2.60,-2.30,-2,-1.80,-1.30,-2.10,-1.80,-6.70,-5,-3.40,-2.30,-2.30,-1.30,-1.80,-1.70,-0.70,-2.30,-1.90,,-4.80,-3.10,-3.70,-2,-2.80,1,0,1.90,1.80,0.30,0.20,-2.90,-4.40,-3.70
2008-12-26 08:10,-1.90,-2.25,-4.59,-2.58,-5.50,-2.71,-2.78,-2.30,-6.36,-2.90,-5.07,-4.55,-7.60,-5.26,-4.91,-5.35,-6.04,-9.27,-4.80,-6.45,-7.77,-8.29,-5.03,,-2.28,-2.36,-3.08,-4.61,-2.25,-4.30,-3.83,-2.28,-9.36,-4.13,-4.21,-4.06,-3.33,-4.02,-6.75,-3.63,-9.80,,-9.40,-2.96,-5.50,-2.68,-3.10,-3.33,-3.67,-3.46,-4.61,-2.12,-3.05,-2.15,-4.28,-4.17,-3.70,-3.60,-3.53,-3.58,-4.67,-4.60,-5.51,-9.54,-5.78,,-4.73,-4.70,-5.70,-7.68,-4.81,-4.87,-2.89,-4.98,-4.21,-1.92,-2.20,-3.33,-2.62,-2.04,-1.97,-2.40,-1.70,-3.26,-1.35,-2.60,-2.37,-1.60,-0.96,-1.72,-4.51,-1.63,-1.61,-1.50,-1.53,-1.79,-2.35,-1.05,-1.97,-1.72,-2.82,-2.37,-5.20,-4.08,-3.11,-2.22,-1.75,-1.60,-1.95,-2.12,-1.69,-3.09,-0.37,-3.09,-4.46,-4.31,-3.90,-4.14,-4.08,-2.70,-3.30,-2.37,-3.04,-2.96,-1.20,1.21,-0.20,-2.72,-2.65,-4.21,-4.30,,-6.20,-13.10,-2.20,-2.50,-3.70,,,,,,,-2.50,-1.80,,-2.20,-2,-1.70,-1.61,,,,,,,,-2,-1.80,-1.30,-2.10,-1.80,,,,,-2.30,,-1.80,-1.70,-0.70,-2.20,-1.90,,,-3.10,,,-2.80,,,1.90,1.90,0.30,0.20,-2.90,-4.40,
2008-12-26 08:20,-1.90,-2.14,-4.57,-2.47,-5.50,-2.49,-2.67,-2.30,-6.50,-2.81,-4.93,-4.65,-7.51,-5.32,-4.89,-5.27,-6,-9.23,-4.80,-6.45,-7.79,-8.29,-5.04,,-2.21,-2.34,-3.08,-4.60,-2.24,-4.30,-3.86,-2.25,-9.22,-4.12,-4.04,-4.23,-3.34,-4.15,-6.74,-3.56,-9.70,,-9.23,-2.99,-5.40,-2.68,-3.10,-3.27,-3.77,-3.43,-4.55,-2.11,-2.96,-2.02,-4.35,-4.12,-3.62,-3.60,-3.51,-3.43,-4.69,-4.60,-5.54,-9.69,-5.74,,-4.66,-4.39,-5.70,-7.58,-4.84,-4.83,-2.88,-4.95,-4.16,-1.80,-2.10,-3.38,-2.66,-1.84,-2.05,-2.40,-1.57,-3.22,-1.34,-2.56,-2.45,-1.60,-0.90,-1.68,-4.51,-1.57,-1.63,-1.50,-1.50,-1.47,-2.25,-1.11,-2.13,-1.77,-2.77,-2.32,-4.97,-4.12,-2.91,-2.17,-1.74,-1.70,-1.88,-2.08,-1.73,-3.11,-0.07,-3.15,-4.27,-4.27,-3.90,-4.12,-4.09,-2.75,-3.30,-2.62,-3.09,-2.92,-1,1.17,-0.20,-2.70,-2.70,-4.15,-4.30,,-6.10,-13.10,-2.20,-2.50,-3.70,,,,,,,-2.50,-1.80,,-2.20,-2,-1.70,-1.57,,,,,,,,-2,-1.70,-1.30,-2.10,-1.80,,,,,-2.30,,-1.80,-1.60,-0.70,-2.20,-1.80,,,-3.10,,,-2.90,,,1.90,1.80,0.40,0.20,-2.80,-4.50,
2008-12-26 08:30,-1.90,-2.17,-4.55,-2.49,-5.40,-2.46,-2.72,-2.30,-6.56,-2.73,-4.97,-4.69,-7.51,-5.25,-4.85,-5.48,-5.99,-9.19,-4.80,-6.43,-7.78,-8.02,-4.99,,-2.19,-2.31,-3.05,-4.56,-2.25,-4.30,-3.80,-2.30,-9.17,-4.07,-3.99,-4.14,-3.43,-4.17,-6.72,-3.56,-9.60,,-8.99,-3.11,-5.40,-2.64,-3,-3.23,-3.73,-3.39,-4.62,-2.03,-2.95,-1.98,-4.21,-4.11,-3.59,-3.60,-3.54,-3.37,-4.55,-4.60,-5.49,-9.42,-5.64,,-4.49,-4.29,-5.70,-7.65,-4.74,-4.89,-2.84,-4.91,-4.12,-1.84,-2.10,-3.32,-2.69,-1.93,-2.02,-2.40,-1.63,-3.32,-1.33,-2.56,-2.49,-1.60,-0.89,-1.62,-4.54,-1.61,-1.68,-1.50,-1.27,-1.53,-2.22,-1.11,-2.18,-1.68,-2.71,-2.19,-4.73,-4.02,-2.87,-2.12,-1.72,-1.70,-1.97,-2.06,-1.74,-3.07,0.06,-3.03,-4.20,-4.25,-3.90,-4.08,-4.10,-2.90,-3.30,-2.49,-3.19,-2.95,-0.95,1.18,-0.20,-2.61,-2.64,-4.20,-4.30,,-6.10,-13.10,-2.20,-2.40,-3.60,,,,,,,-2.50,-1.80,,-2.20,-1.90,-1.70,-1.50,,,,,,,,-2,-1.70,-1.30,-2.10,-1.80,,,,,-2.40,,-1.80,-1.70,-0.60,-2.10,-1.70,,,-3.10,,,-2.90,,,1.90,1.80,0.30,0.20,-2.80,-4.40,
2008-12-26 08:40,-2,-2.04,-4.62,-2.36,-5.40,-2.41,-2.71,-2.30,-6.41,-2.81,-5.04,-4.72,-7.52,-5.21,-4.83,-5.42,-6.01,-9.19,-4.70,-6.39,-7.76,-7.87,-4.95,,-2.14,-2.28,-3.02,-4.57,-2.12,-4.20,-3.75,-2.26,-9.04,-4.07,-3.98,-4.07,-3.29,-4.12,-6.71,-3.58,-9.40,,-8.95,-3.01,-5.40,-2.56,-3,-3.18,-3.49,-3.42,-4.54,-1.92,-2.92,-1.95,-4.21,-4.05,-3.53,-3.50,-3.51,-3.41,-4.56,-4.50,-5.39,-9.48,-5.65,-7.46,-4.09,-4.09,-5.70,-7.59,-4.64,-4.74,-2.87,-4.97,-4.17,-1.78,-2.10,-3.28,-2.65,-1.80,-2.02,-2.09,-1.65,-3.41,-1.32,-2.60,-2.43,-1.60,-0.95,-1.63,-4.49,-1.62,-1.58,-1.50,-1.38,-1.61,-2.18,-1.09,-2.14,-1.67,-2.73,-2.22,-4.54,-3.79,-2.88,-2.30,-1.65,-1.70,-1.73,-2.03,-1.67,-3.01,0.06,-3.01,-4.15,-4.13,-3.90,-4.10,-4.20,-2.98,-3.20,-2.39,-3.08,-3.12,-0.99,1.15,-0.20,-2.58,-2.79,-4.22,-4.30,,-6.10,-13.10,-2.20,-2.30,-3.50,,,,,,,-2.50,-1.80,,-2.20,-1.90,-1.70,-1.41,,,,,,,,-1.90,-1.70,-1.30,-2.10,-1.80,,,,,-2.30,,-1.80,-1.70,-0.60,-2,-1.70,,,-3.10,,,-2.90,,,1.90,1.60,0.40,0.20,-2.80,-4.40,
2008-12-26 08:50,-1.90,-1.95,-4.64,-2.46,-5.40,-2.58,-2.72,-2.30,-6.35,-2.79,-4.93,-4.65,-7.49,-5.20,-4.83,-5.42,-5.98,-9.15,-4.70,-6.39,-7.69,-7.89,-4.85,,-1.99,-2.32,-3.01,-4.62,-2.09,-4.20,-3.82,-2.28,-8.95,-4.06,-3.93,-4.04,-3.35,-4.01,-6.73,-3.60,-9.40,,-8.77,-3.04,-5.40,-2.53,-3.10,-3.17,-3.56,-3.50,-4.51,-1.94,-2.96,-1.95,-4.26,-4,-3.61,-3.50,-3.50,-3.26,-4.55,-4.50,-5.41,-9.44,-5.57,-7.30,-3.80,-4.07,-5.70,-7.54,-4.82,-4.92,-2.89,-4.97,-4.12,-1.78,-2.10,-3.26,-2.64,-1.81,-2.02,-2.11,-1.62,-3.35,-1.28,-2.48,-2.51,-1.60,-0.99,-1.71,-4.53,-1.46,-1.57,-1.50,-1.45,-1.58,-2.11,-1.10,-1.88,-1.67,-2.79,-2.15,-4.37,-3.72,-2.76,-2.29,-1.70,-1.80,-1.90,-1.95,-1.70,-3,-0.05,-2.92,-4.21,-4.06,-3.90,-4.05,-4.25,-2.99,-3.20,-2.41,-3.02,-3.25,-1.13,1.33,-0.10,-2.62,-2.59,-4.18,-4.30,,-6.10,-13,-2.20,-2.20,-3.50,,,,,,,-2.50,-1.90,,-2.20,-1.90,-1.70,-1.35,,,,,,,,-2,-1.70,-1.20,-2.10,-1.80,,,,,-2.40,,-1.80,-1.60,-0.40,-1.90,,,,-3.10,,,-3,,,2.20,1.50,0.10,0.30,-2.80,-4.30,
2008-12-26 09:00,-1.90,-1.94,-4.66,-2.42,-5.40,-2.48,-2.62,-2.30,-6.35,-2.69,-4.91,-4.58,-7.43,-5.19,-4.86,-5.44,-5.88,-9.08,-4.70,-6.37,-7.66,-7.98,-4.83,,-2,-2.23,-3.02,-4.59,-2.07,-4.20,-3.79,-2.32,-8.96,-3.91,-3.96,-4.05,-3.22,-3.99,-6.75,-3.64,-9.40,,-8.60,-3.07,-5.40,-2.46,-3,-3.18,-3.71,-3.51,-4.52,-1.79,-3.03,-1.85,-4.22,-3.90,-3.48,-3.50,-3.43,-3.28,-4.53,-4.50,-5.39,-9.39,-5.55,-7.27,-3.75,-3.98,-5.70,-7.55,-4.64,-4.85,-2.79,-5.04,-4.07,-1.76,-2,-3.22,-2.63,-1.78,-2,-2.23,-1.63,-3.36,-1.36,-2.48,-2.47,-1.60,-0.90,-1.68,-4.45,-1.45,-1.58,-1.40,-1.46,-1.59,-2.02,-1.03,-1.65,-1.54,-2.64,-2.09,-4.39,-3.63,-2.72,-2.20,-1.60,-1.80,-1.95,-1.92,-1.58,-2.90,-0.37,-2.95,-4.17,-4.11,-3.80,-4.07,-4.22,-3.08,-3.10,-2.55,-3.06,-3.24,-1.16,1.29,0,-2.57,-2.54,-4.05,-4.30,-2.90,-6.10,-13,-2.20,-2.20,-3.50,-2.40,-3.10,-7.90,-3.40,-2,-1.90,-2.50,-1.90,-1.70,-2.10,-1.80,-1.70,-1.30,-2,-5.60,-2.80,-3.60,-2.10,-2.30,-2.30,-1.90,-1.70,-1.20,-2,-1.70,-5.10,-4.40,-3,-2.20,-2.30,-1.20,-1.70,-1.50,-0.30,-1.80,-1.50,-3.20,-4.50,-3.10,-3.60,-2.30,-3,0.90,0.70,2.10,1.60,0,0.30,-2.80,-4.30,-3.60
2008-12-26 09:10,-1.90,-1.98,-4.55,-2.42,-5.37,-2.46,-2.70,-2.30,-6.29,-2.70,-4.94,-4.51,-7.39,-5.13,-4.83,-5.41,-5.83,-9.10,-4.70,-6.25,-7.59,-7.95,-4.93,,-1.97,-2.22,-2.94,-4.55,-2.06,-4.20,-3.72,-2.38,-9.01,-3.98,-3.90,-4.10,-3.35,-3.89,-6.65,-3.55,-9.50,,-8.63,-3.06,-5.30,-2.48,-3,-3.16,-3.43,-3.45,-4.56,-1.87,-2.97,-1.78,-4.12,-3.85,-3.45,-3.50,-3.38,-3.21,-4.52,-4.40,-5.42,-9.32,-5.61,-7.29,-3.53,-3.95,-5.60,-7.55,-4.61,-4.91,-2.79,-4.93,-4.11,-1.86,-2.10,-3.36,-2.65,-1.78,-2.01,-2.40,-1.53,-3.36,-1.35,-2.60,-2.53,-1.50,-0.89,-1.64,-4.31,-1.54,-1.54,-1.40,-1.40,-1.55,-1.87,-1,-1.70,-1.50,-2.78,-1.99,-4.07,-3.53,-2.77,-2.26,-1.57,-1.80,-1.74,-1.91,-1.75,-2.88,-0.73,-2.92,-4.01,-4.05,-3.80,-4,-4.07,-2.99,-3.10,-2.54,-3.06,-3.50,-1.07,1.23,-0.10,-2.55,-2.77,-3.98,-4.30,,-6,-13,-2.20,-2.10,-3.40,,,,,,,-2.40,-1.80,,-2.10,-1.80,-1.60,-1.33,,,,,,,,-1.90,-1.70,-1.20,-2,-1.70,,,,,-2.30,,-1.70,-1.50,-0.30,-1.80,-1.50,,,-3.10,,,-3,,,1.90,1.70,0.20,0.30,-2.80,-4.30,
2008-12-26 09:20,-1.90,-1.96,-4.57,-2.43,-5.45,-2.55,-2.69,-2.30,-6.21,-2.76,-4.99,-4.58,-7.42,-5.03,-4.73,-5.42,-5.84,-9.16,-4.70,-6.19,-7.42,-7.72,-4.85,,-1.92,-2.10,-2.91,-4.49,-1.99,-4.20,-3.63,-2.26,-8.92,-3.98,-3.83,-3.97,-3.46,-3.83,-6.65,-3.74,-9.60,,-8.53,-2.94,-5.30,-2.42,-3,-3.13,-3.49,-3.43,-4.51,-1.97,-2.92,-1.87,-4.09,-3.91,-3.32,-3.40,-3.39,-3.14,-4.41,-4.40,-5.38,-9.22,-5.55,,-3.14,-3.88,-5.60,-7.44,-4.51,-4.98,-2.85,-5.17,-4.10,-1.77,-2.10,-3.38,-2.64,-1.88,-2.08,-2.40,-1.44,-3.47,-1.26,-2.53,-2.45,-1.60,-0.89,-1.56,-4.47,-1.51,-1.50,-1.30,-1.34,-1.50,-1.99,-0.80,-1.73,-1.40,-2.69,-1.94,-3.92,-3.36,-2.79,-2.38,-1.56,-1.80,-1.69,-1.83,-1.79,-2.84,-0.71,-2.94,-3.84,-4.04,-3.80,-3.94,-4.22,-2.97,-3.10,-2.50,-3.04,-3.14,-0.75,1.05,-0.20,-2.59,-2.81,-4.04,-4.30,,-5.90,-12.90,-2.10,-2.20,-3.40,,,,,,,-2.50,-1.90,,-2.10,-1.70,-1.60,-1.26,,,,,,,,-2,-1.80,-1.20,-2,-1.60,,,,,-2.40,,-1.70,-1.50,-0.20,-1.70,-1.40,,,-3,,,-3.10,,,0.80,1.80,0.10,0.30,-2.80,-4.30,
2008-12-26 09:30,-1.90,-1.96,-4.59,-2.48,-5.41,-2.63,-2.73,-2.30,-6.23,-2.68,-4.88,-4.59,-7.46,-5.07,-4.76,-5.52,-5.88,-9.18,-4.70,-6.33,-7.26,-7.61,-4.92,,-1.95,-2.09,-2.89,-4.51,-2.10,-4.20,-3.66,-2.35,-8.88,-3.88,-3.82,-4.02,-3.35,-3.94,-6.69,-3.59,-9.40,,-8.47,-2.91,-5.30,-2.44,-2.90,-3.10,-3.62,-3.46,-4.34,-1.77,-2.91,-1.84,-4.05,-3.87,-3.29,-3.30,-3.38,-3.16,-4.36,-4.40,-5.24,-9.21,-5.54,,-3.25,-3.86,-5.60,-7.49,-4.46,-4.79,-2.81,-5.09,-4.15,-1.70,-2.10,-3.24,-2.65,-1.82,-2.10,-2.40,-1.41,-3.37,-1.31,-2.53,-2.40,-1.50,-0.82,-1.75,-4.32,-1.45,-1.47,-1.30,-1.27,-1.47,-1.86,-0.74,-1.64,-1.35,-2.52,-1.91,-3.83,-3.20,-2.58,-2.32,-1.58,-1.80,-1.86,-1.85,-1.74,-2.75,-0.53,-2.95,-3.61,-3.94,-3.80,-3.94,-4.09,-3.19,-3,-2.42,-3.08,-3.04,-0.73,1.08,-0.30,-2.52,-2.77,-3.81,-4.20,,-5.90,-12.90,-2.10,-2.20,-3.40,,,,,,,-2.40,-1.80,,-2.10,-1.70,-1.60,-1.20,,,,,,,,-2,-1.80,-1.20,-2,-1.60,,,,,-2.40,,-1.80,-1.40,0,-1.50,-1.30,,,-3.10,,,-3.10,,,0.90,1.50,0.10,0.20,-2.70,-4.20,
2008-12-26 09:40,-1.90,-2,-4.68,-2.51,-5.49,-2.54,-2.72,-2.30,-6.23,-2.64,-4.80,-4.49,-7.48,-5.14,-4.73,-5.41,-5.88,-8.94,-4.60,-6.26,-7.10,-7.77,-4.82,,-1.92,-2.12,-2.90,-4.48,-1.99,-4.20,-3.71,-2.31,-8.86,-3.86,-3.85,-3.94,-3.37,-3.90,-6.50,-3.57,-9.30,,-8.48,-2.85,-5.30,-2.42,-2.90,-3.07,-3.52,-3.45,-4.29,-1.83,-2.89,-1.86,-3.98,-3.72,-3.37,-3.20,-3.25,-3.12,-4.13,-4.30,-5.07,-9.24,-5.50,-7.22,-3.08,-3.85,-5.60,-7.48,-4.60,-4.87,-2.76,-5.08,-4,-1.74,-2,-3.32,-2.53,-1.84,-2.08,-2.40,-1.32,-3.34,-1.27,-2.47,-2.34,-1.50,-0.78,-1.75,-4.26,-1.42,-1.45,-1.30,-1.15,-1.39,-1.95,-0.74,-1.53,-1.26,-2.50,-1.93,-3.76,-3.11,-2.62,-2.30,-1.54,-1.80,-1.79,-1.73,-1.78,-2.84,-0.38,-2.83,-3.52,-3.97,-3.80,-3.91,-4.01,-3.18,-3,-2.37,-3.04,-3.31,-0.86,1.17,-0.30,-2.44,-2.76,-3.79,-4.30,,-5.80,-12.90,-2.10,-2.10,-3.30,,,,,,,-2.40,-1.80,,-2.10,-1.60,-1.50,-1.09,,,,,,,,-2,-1.80,-1.20,-2,-1.60,,,,,-2.50,,-1.60,-1.20,0.20,-1.30,-1.20,,,-3.10,,,-3.10,,,1.40,1.10,0,0,-2.70,-4.10,
2008-12-26 09:50,-1.90,-2.03,-4.63,-2.44,-5.52,-2.57,-2.76,-2.20,-6.20,-2.67,-4.85,-4.55,-7.46,-5.03,-4.73,-5.58,-5.91,-8.97,-4.60,-6.05,-7.01,-7.91,-4.94,,-1.90,-2.09,-2.92,-4.46,-1.96,-4.10,-3.67,-2.31,-8.81,-3.94,-3.82,-3.88,-3.32,-3.93,-6.55,-3.54,-9.30,,-8.43,-2.97,-5.20,-2.32,-2.90,-3.07,-3.60,-3.44,-4.21,-1.72,-2.85,-1.82,-3.89,-3.82,-3.40,-3.10,-3.20,-3.12,-3.96,-4.30,-4.84,-9.15,-5.45,-7.18,-2.65,-3.81,-5.60,-7.37,-4.66,-4.94,-2.75,-5.17,-3.93,-1.77,-2,-3.18,-2.53,-1.76,-2.04,-2.30,-1.27,-3.44,-1.28,-2.40,-2.26,-1.40,-0.67,-1.75,-4.40,-1.36,-1.42,-1.30,-1.11,-1.38,-1.94,-0.62,-1.54,-1.17,-2.53,-1.89,-3.57,-3.07,-2.65,-2.37,-1.56,-1.80,-1.75,-1.74,-1.76,-2.77,-0.29,-2.83,-3.44,-3.89,-3.70,-4,-4.06,-3.04,-3,-2.34,-2.88,-3.39,-0.78,1.29,-0.20,-2.38,-2.64,-3.79,-4.30,,-5.80,-12.90,-2.10,-2.20,-3.30,,,,,,,-2.40,-1.80,,-2.10,-1.60,-1.50,-1.09,,,,,,,,-2,-1.90,-1.10,-1.90,-1.60,,,,,-2.40,,-1.50,-1.10,0.30,-1.10,-1.10,,,-3.10,,,-3.20,,,1.30,1.40,-0.10,0,-2.60,-4,
2008-12-26 10:00,-1.90,-2.04,-4.53,-2.46,-5.53,-2.46,-2.80,-2.20,-6.13,-2.74,-4.82,-4.54,-7.49,-5.13,-4.74,-5.49,-5.91,-8.96,-4.60,-6.15,-6.92,-7.66,-4.83,,-1.80,-2.14,-2.94,-4.31,-1.96,-4.10,-3.62,-2.27,-8.80,-3.94,-3.72,-3.81,-3.24,-3.80,-6.47,-3.52,-9.60,,-8.54,-2.93,-5.20,-2.23,-2.90,-3.02,-3.53,-3.39,-4.12,-1.81,-2.86,-1.69,-3.90,-3.69,-3.36,-3.10,-3.18,-3.09,-3.85,-4.20,-4.79,-9.04,-5.45,-7.20,-2.53,-3.87,-5.60,-7.42,-4.68,-4.95,-2.70,-5.19,-4.02,-1.71,-2,-3.23,-2.55,-1.82,-2,-2.40,-1.30,-3.41,-1.35,-2.42,-2.37,-1.30,-0.72,-1.71,-4.33,-1.37,-1.41,-1.30,-1,-1.22,-1.88,-0.62,-1.63,-1.14,-2.53,-1.84,-3.62,-2.93,-2.53,-2.28,-1.54,-1.80,-1.78,-1.72,-1.78,-2.71,-0.21,-2.85,-3.32,-3.86,-3.60,-4.12,-4.11,-3.06,-3,-2.33,-2.87,-3.28,-0.73,1.38,-0.20,-2.34,-2.47,-3.85,-4.20,-2.80,-5.80,-12.80,-2.10,-2.20,-3.20,,-3,-6.50,-3.30,-1.70,-1.80,-2.40,-1.80,-1.80,-1.90,-1.60,-1.50,-1.10,-1.70,-4.70,-2.50,-2.50,-1.90,-2.20,-2.20,-2,-1.80,-1.10,-1.90,-1.50,-3.70,-4,-2.60,-2,-2.50,-1.10,-1.60,-1,0.40,-1,-0.90,-2.90,-4.10,-3,-3.80,-2.40,-3.20,0.80,0.60,1.30,1.60,0,-0.20,-2.50,-4,-3.60
2008-12-26 10:10,-1.80,-2,-4.48,-2.45,-5.46,-2.46,-2.81,-2.20,-6.33,-2.60,-4.89,-4.51,-7.44,-5.07,-4.71,-5.41,-5.87,-9.03,-4.50,-6.21,-7.10,-7.84,-4.81,,-1.87,-2.14,-2.84,-4.22,-2,-4.20,-3.61,-2.25,-8.91,-3.97,-3.88,-3.81,-3.35,-3.86,-6.47,-3.39,-9.60,,-8.59,-2.96,-5.10,-2.18,-2.90,-3.01,-3.57,-3.34,-4.20,-1.80,-2.75,-1.63,-3.76,-3.60,-3.30,-3,-3.31,-2.95,-3.95,-4.10,-4.98,-9,-5.43,,-2.38,-3.88,-5.70,-7.34,-4.68,-4.84,-2.73,-5.31,-4.01,-1.76,-1.90,-3.21,-2.50,-1.87,-1.93,-2.40,-1.35,-3.24,-1.27,-2.43,-2.45,-1.30,-0.69,-1.66,-4.27,-1.43,-1.33,-1.20,-1.01,-1.26,-1.91,-0.60,-1.63,-1.17,-2.46,-1.86,-3.52,-2.97,-2.62,-2.46,-1.50,-1.80,-1.69,-1.72,-1.81,-2.69,-0.23,-2.79,-3.24,-3.88,-3.60,-4.14,-4.16,-3.08,-2.90,-2.38,-2.87,-3.10,-0.60,1.37,-0.30,-2.30,-2.44,-3.87,-4.20,,-5.80,-12.90,-2.10,-2.20,-3.10,,,,,,,-2.20,-1.80,,-1.90,-1.60,-1.50,-1.07,,,,,,,,-2.10,-1.90,-1,-1.90,-1.50,,,,,-2.50,,-1.60,-1.20,0.40,-0.90,-0.90,,,-3.10,,,-3.20,,,1.30,1.90,0.20,-0.20,-2.50,-3.90,
2008-12-26 10:20,-1.80,-1.97,-4.55,-2.50,-5.35,-2.62,-2.78,-2.30,-6.33,-2.62,-4.89,-4.50,-7.53,-5.11,-4.64,-5.42,-5.76,-8.95,-4.60,-6.18,-7.15,-7.95,-4.80,,-1.88,-2.10,-2.89,-4.33,-1.98,-4.10,-3.61,-2.20,-8.84,-4.07,-3.73,-3.88,-3.45,-3.86,-6.51,-3.05,-9.60,,-8.57,-2.89,-5,-2.26,-2.90,-3.07,-3.56,-3.25,-4.19,-1.73,-2.78,-1.57,-3.82,-3.55,-3.39,-3.10,-3.21,-2.81,-3.90,-4,-5.03,-9.11,-5.40,,-2.27,-3.90,-5.70,-7.51,-4.77,-4.85,-2.79,-5.32,-3.99,-1.81,-1.90,-3.20,-2.50,-1.83,-1.88,-2.30,-1.37,-3.23,-1.24,-2.43,-2.30,-1.40,-0.69,-1.56,-4.28,-1.44,-1.27,-1.20,-1.11,-1.28,-1.87,-0.58,-1.61,-1.10,-2.46,-1.82,-3.17,-2.95,-2.45,-2.41,-1.42,-1.80,-1.72,-1.66,-1.81,-2.68,-0.18,-2.82,-3.19,-3.80,-3.60,-4.07,-4.13,-3.05,-2.90,-2.33,-2.78,-2.91,-0.50,1.42,-0.20,-2.32,-2.38,-3.84,-4.20,,-5.90,-13,-2.20,-2.20,-3,,,,,,,-2.20,-1.80,,-2,-1.50,-1.40,-1,,,,,,,,-2.10,-1.90,-1.20,-1.90,-1.60,,,,,-2.50,,-1.70,-1.20,0.60,-0.80,-0.90,,,-3.10,,,-3.10,,,1.90,1.90,0.40,-0.30,-2.50,-3.90,
2008-12-26 10:30,-1.80,-1.99,-4.61,-2.47,-5.32,-2.56,-2.86,-2.30,-6.37,,-4.83,-4.55,-7.42,-5.12,-4.56,-5.30,-5.80,-8.81,-4.50,-6.08,-7.23,-7.95,-4.77,,-1.91,-2.15,-2.85,-4.31,-1.99,-4.10,-3.65,-2.16,-8.78,-4.10,-3.67,-3.97,-3.47,-3.85,-6.47,-3.09,-9.60,,-8.60,-2.82,-4.90,-2.24,-2.90,-3.09,-3.34,-3.23,-4.39,-1.73,-2.75,-1.57,-3.78,-3.60,-3.33,-3.10,-3.12,-2.82,-3.74,-4.20,-4.95,-9.02,-5.49,-7.17,-2.20,-3.83,-5.70,-7.46,-4.80,-5.04,-2.71,-5.21,-3.95,-1.75,-2,-3.29,-2.50,-1.83,-1.75,-2.40,-1.25,-3.27,-1.13,-2.29,-2.28,-1.30,-0.65,-1.45,-4.25,-1.37,-1.28,-1.20,-1.10,-1.19,-1.79,-0.57,-1.63,-1.01,-2.30,-1.87,-3.19,-2.75,-2.31,-2.43,-1.36,-1.80,-1.75,-1.65,-1.83,-2.62,0.11,-2.78,-3.13,-3.77,-3.60,-4.03,-4.13,-2.92,-2.90,-2.30,-2.82,-3.19,-0.60,1.53,-0.20,-2.31,-2.41,-3.75,-4.20,,-5.90,-12.90,-2.10,-2.10,-2.90,,,,,,,-2.20,-1.80,,-2,-1.30,-1.40,-0.88,,,,,,,,-2.20,-1.90,-1.20,-1.80,-1.60,,,,,-2.50,,-1.70,-1.30,0.70,-0.70,-0.80,,,-3.10,,,-3,,,2.20,2,0.30,-0.40,-2.40,-3.90,
2008-12-26 10:40,-1.90,-1.96,-4.66,-2.51,-5.36,-2.58,-2.76,-2.20,-6.41,,-4.86,-4.46,-7.38,-5.10,-4.58,-5.39,-5.87,-8.79,-4.50,-6.02,-7.22,-7.86,-4.71,,-1.88,-2.12,-2.77,-4.34,-1.97,-4.10,-3.61,-2.10,-8.68,-4.06,-3.72,-4.02,-3.27,-3.84,-6.34,-3.39,-9.50,,-8.39,-2.83,-5,-2.17,-2.90,-3.05,-3.27,-3.22,-4.37,-1.71,-2.73,-1.61,-3.80,-3.44,-3.13,-3.10,-2.98,-2.85,-3.43,-4.20,-4.91,-8.89,-5.50,-7.12,-2.01,-3.83,-5.70,-7.48,-4.75,-5.12,-2.78,-5.22,-3.89,-1.78,-1.90,-3.20,-2.50,-1.79,-1.78,-2.40,-1.28,-3.26,-1.10,-2.25,-2.21,-1.40,-0.60,-1.51,-4.10,-1.35,-1.31,-1.20,-1.01,-1.15,-1.86,-0.46,-1.57,-1.06,-2.35,-1.91,-3.17,-2.75,-2.28,-2.48,-1.42,-1.70,-1.78,-1.60,-1.63,-2.61,0.45,-2.78,-3.36,-3.81,-3.60,-3.97,-4.30,-2.94,-2.90,-2.33,-2.84,-3.14,-0.58,1.63,-0.20,-2.25,-2.59,-3.75,-4.20,,-5.80,-12.90,-2.10,-2.10,-3,,,,,,,-2.20,-1.80,,-2,-1.30,-1.40,-0.77,,,,,,,,-2.10,-1.90,-1.20,-1.70,-1.60,,,,,-2.50,,-1.60,-1.40,0.80,-0.60,-0.70,,,-3.30,,,-2.90,,,2.10,1.90,0.40,-0.40,-2.40,-3.90,
2008-12-26 10:50,-1.80,-2.02,-4.52,-2.46,-5.35,-2.51,-2.75,-2.30,-6.33,,-4.92,-4.36,-7.34,-5.04,-4.67,-5.32,-5.73,-8.78,-4.40,-6.11,-7.29,-7.81,-4.54,,-1.85,-2.17,-2.91,-4.29,-2.01,-4,-3.69,-2.18,-8.63,-4.03,-3.77,-4.02,-3.33,-3.80,-6.39,-3.37,-9.60,,-8.48,-2.84,-5.10,-2.17,-2.90,-3.06,-3.31,-3.20,-4.30,-1.79,-2.68,-1.67,-3.79,-3.60,-2.98,-3,-2.90,-2.76,-3.40,-4.10,-4.75,-8.85,-5.41,-7.16,-1.90,-3.83,-5.70,-7.49,-4.77,-5.09,-2.74,-5.10,-3.83,-1.69,-2,-3.21,-2.50,-1.75,-1.79,-2.40,-1.24,-3.27,-1.23,-2.22,-2.33,-1.30,-0.58,-1.58,-4.08,-1.35,-1.38,-1.10,-0.87,-1.17,-1.70,-0.42,-1.53,-1,-2.33,-1.93,-3.15,-2.67,-2.25,-2.41,-1.46,-1.70,-1.56,-1.64,-1.70,-2.68,0.79,-2.75,-3.47,-3.68,-3.50,-3.92,-4.31,-2.98,-2.90,-2.44,-2.74,-3.03,-0.48,1.58,-0.10,-2.12,-2.46,-3.68,-4.10,,-5.70,-12.80,-2.10,-2.10,-3,,,,,,,-2.30,-1.90,,-1.90,-1.30,-1.30,-0.79,,,,,,,,-2.20,-1.80,-1.10,-1.70,-1.60,,,,,-2.50,,-1.70,-1.50,1,-0.60,-0.60,,,-3.30,,,-2.90,,,2,1.90,0.40,-0.40,-2.40,-3.80,
2008-12-26 11:00,-1.90,-2.02,-4.49,-2.39,-5.31,-2.49,-2.75,-2.30,-6.31,-2.52,-4.92,-4.34,-7.34,-5.04,-4.59,-5.17,-5.71,-8.82,-4.40,-6.09,-7.21,-7.52,-4.51,,-1.76,-2.16,-2.91,-4.37,-1.96,-4,-3.76,-2.35,-8.60,-3.96,-3.72,-3.91,-3.42,-3.82,-6.30,-3.28,-9.50,,-8.61,-2.78,-5,-2.15,-2.80,-3.05,-3.38,-3.20,-4.26,-1.80,-2.64,-1.55,-3.77,-3.50,-2.96,-2.90,-2.87,-2.69,-3.68,-4.10,-4.67,-8.83,-5.47,-7.20,-1.83,-3.79,-5.70,-7.52,-4.80,-5.07,-2.72,-5.06,-3.74,-1.85,-2.10,-3.15,-2.50,-1.55,-1.76,-2.40,-1.27,-3.23,-1.23,-2.20,-2.16,-1.20,-0.58,-1.50,-4.26,-1.31,-1.43,-1.10,-0.91,-1.14,-1.75,-0.40,-1.56,-1.06,-2.33,-1.94,-3.15,-2.64,-2.06,-2.38,-1.54,-1.70,-1.54,-1.66,-1.85,-2.60,0.78,-2.65,-3.27,-3.73,-3.50,-4.01,-4.27,-2.98,-2.80,-2.37,-2.70,-2.64,-0.42,1.65,-0.10,-2.16,-2.59,-3.81,-4.10,-2.80,-5.70,-12.80,-2.10,-2.10,-3.20,-2,-3.30,-7.70,-3.20,-1.80,-1.80,-2.40,-1.80,-1.80,-1.90,-1.20,-1.30,-1.10,,-4,-2.20,-2.40,-1.70,-2.20,-2.10,-2.20,-1.80,-1.20,-1.70,-1.60,-3.30,-3.60,-2.20,-2.10,-2.50,-1.10,-1.70,-1.60,1,-0.50,-0.50,-2.10,-3.40,-3.30,-3.90,-2.50,-2.80,1.20,1.20,2.10,2,0.40,-0.40,-2.40,-3.80,-3.60
2008-12-26 11:10,-1.90,-2.08,-4.62,-2.34,-5.23,-2.42,-2.72,-2.30,-6.33,-2.51,-4.91,-4.59,-7.29,-4.96,-4.45,-5.19,-5.72,-8.71,-4.30,-6.10,-7.18,-7.38,-4.39,,-1.72,-2.17,-2.91,-4.42,-1.94,-4,-3.63,-2.28,-8.60,-3.93,-3.68,-3.86,-3.36,-3.76,-6.29,-3.43,-9.40,,-8.63,-2.81,-4.90,-2.11,-2.60,-3.02,-3.49,-3.15,-4.30,-1.65,-2.63,-1.40,-3.74,-3.64,-2.92,-3.10,-2.76,-2.66,-3.67,-4,-4.54,-8.85,-5.39,,-1.79,-3.86,-5.70,-7.51,-4.94,-5.14,-2.69,-4.99,-3.93,-1.78,-2.10,-3.18,-2.50,-1.51,-1.81,-2.40,-1.16,-3.16,-1.26,-2.25,-2.13,-1.20,-0.62,-1.39,-4.28,-1.34,-1.35,-1.10,-0.90,-1.09,-1.75,-0.29,-1.56,-1.17,-2.34,-1.92,-3.12,-2.72,-2.04,-2.38,-1.38,-1.70,-1.52,-1.55,-1.75,-2.63,0.90,-2.68,-3.14,-3.66,-3.50,-3.93,-4.35,-2.98,-2.80,-2.22,-2.69,-2.59,-0.12,1.83,-0.10,-2.15,-2.57,-3.70,-4.10,,-5.70,-12.70,-2.10,-2.10,-3.20,,,,,,,-2.40,-1.70,,-1.90,-1.10,-1.20,-0.88,,,,,,,,-2.20,-1.80,-1.20,-1.80,-1.60,,,,,-2.50,,-1.70,-1.70,1,-0.50,-0.30,,,-3.30,,,-2.80,,,2,2,0.40,-0.40,-2.30,-3.80,
2008-12-26 11:20,-1.90,-2.02,-4.57,-2.29,-5.22,-2.35,-2.69,-2.30,-6.38,-2.49,-4.97,-4.44,-7.22,-5.05,-4.36,-5.23,-5.70,-8.73,-4.20,-6.06,-7.16,-7.82,-4.27,,-1.70,-2.13,-2.90,-4.51,-1.90,-4,-3.61,-2.25,-8.61,-3.89,-3.68,-3.87,-3.26,-3.63,-6.14,-3.34,-9.60,,-8.49,-2.89,-4.90,-2.09,-2.50,-2.98,-3.33,-3.08,-4.26,-1.58,-2.55,-1.41,-3.57,-3.66,-2.90,-3.10,-2.87,-2.75,-3.56,-4,-4.59,-8.89,-5.40,,-1.93,-3.88,-5.70,-7.50,-4.99,-5.14,-2.66,-4.93,-4,-1.69,-2,-3.15,-2.60,-1.56,-1.82,-2.40,-1.08,-3.20,-1.16,-2.21,-2.19,-1.10,-0.69,-1.52,-4.19,-1.33,-1.35,-1.10,-0.85,-1.03,-1.71,-0.48,-1.52,-1.16,-2.33,-1.95,-3.10,-2.66,-2.08,-2.40,-1.35,-1.70,-1.54,-1.54,-1.77,-2.66,0.99,-2.74,-3.11,-3.71,-3.50,-3.85,-4.26,-3.28,-2.80,-2.11,-2.69,-2.82,-0.23,2,-0.10,-2.03,-2.25,-3.72,-4.10,,-5.40,-12.70,-2.10,-2.10,-3,,,,,,,-2.40,-1.70,,-1.80,-1.10,-1.20,-0.87,,,,,,,,-2.20,-1.80,-1.20,-1.70,-1.60,,,,,-2.50,,-1.70,-1.70,1.10,-0.50,-0.20,,,-3.40,,,-2.90,,,1.90,2,0.40,-0.30,-2.30,-3.70,
2008-12-26 11:30,-1.80,-2.01,-4.54,-2.31,-5.35,-2.52,-2.68,-2.30,-6.37,-2.50,-4.91,-4.30,-7.27,-5.04,-4.36,-5.25,-5.75,-8.79,-4.30,-6.16,-6.94,-7.90,-4.28,,-1.79,-2.10,-2.95,-4.45,-1.96,-4,-3.72,-2.26,-8.51,-3.84,-3.61,-3.79,-3.15,-3.62,-5.99,-3.25,-9.70,,-8.49,-2.90,-4.80,-2.02,-2.60,-3.03,-3.23,-3.07,-4.31,-1.64,-2.70,-1.47,-3.50,-3.56,-2.88,-3.10,-2.83,-2.82,-3.73,-3.80,-4.57,-8.92,-5.41,-7.21,-1.98,-3.84,-5.70,-7.47,-4.91,-5.13,-2.61,-4.78,-4.06,-1.65,-2,-3.21,-2.60,-1.52,-1.78,-2.40,-1.24,-3.24,-1.16,-2.18,-2.07,-1.10,-0.75,-1.40,-4.21,-1.31,-1.34,-1.10,-0.87,-0.95,-1.65,-0.48,-1.50,-1.19,-2.39,-2.04,-3.08,-2.54,-1.94,-2.44,-1.36,-1.70,-1.55,-1.59,-1.81,-2.63,1.07,-2.69,-3.02,-3.62,-3.40,-3.94,-4.28,-3.25,-2.70,-2.18,-2.71,-2.46,-0.12,2.04,-0.10,-2.02,-2.18,-3.62,-4.10,,-5.50,-12.60,-2.10,-2.20,-3,,,,,,,-2.40,-1.70,,-1.80,-1.20,-1.30,-0.92,,,,,,,,-2.30,-1.90,-1.20,-1.80,-1.60,,,,,-2.50,,-1.70,-1.80,1.20,-0.50,-0.20,,,-3.50,,,-2.70,,,1.80,2.20,0.40,-0.30,-2.30,-3.70,
2008-12-26 11:40,-1.80,-2.01,-4.50,-2.22,-5.31,-2.49,-2.71,-2.30,-6.37,-2.55,-4.80,-4.31,-7.31,-5.06,-4.37,-5.38,-5.78,-8.77,-4.30,-5.96,-6.81,-7.78,-4.34,,-1.66,-2.14,-2.97,-4.39,-1.91,-4,-3.71,-2.23,-8.55,-3.95,-3.55,-3.71,-3.19,-3.60,-6.01,-3.25,-9.70,,-8.53,-2.91,-4.70,-1.97,-2.60,-2.91,-3.27,-3.13,-4.20,-1.60,-2.50,-1.56,-3.50,-3.56,-2.89,-2.70,-2.87,-2.79,-3.91,-3.90,-4.55,-8.81,-5.46,-7.17,-1.99,-3.80,-5.70,-7.48,-4.90,-5.28,-2.61,-4.79,-4.10,-1.73,-2.10,-3.23,-2.60,-1.41,-1.75,-2.40,-1.14,-3.19,-1.19,-2.25,-2.09,-1.10,-0.71,-1.50,-4.24,-1.24,-1.20,-1,-0.64,-0.93,-1.61,-0.37,-1.51,-1.18,-2.42,-2,-2.84,-2.51,-2.05,-2.43,-1.33,-1.70,-1.46,-1.58,-1.90,-2.64,1.16,-2.51,-3.08,-3.60,-3.50,-3.92,-4.35,-3.20,-2.70,-2.18,-2.64,-2.53,-0.09,2.08,0,-2,-2.22,-3.71,-4.20,,-5.40,-12.50,-2,-2.20,-2.80,,,,,,,-2.30,-1.70,,-1.80,-1,-1.20,-0.82,,,,,,,,-2.30,-1.90,-1.20,-1.70,-1.60,,,,,-2.50,,-1.70,-1.90,1.20,-0.50,-0.20,,,-3.40,,,-2.80,,,1.90,2.20,0.50,-0.40,-2.20,-3.60,
2008-12-26 11:50,-1.80,-2.05,-4.52,-2.20,-5.20,-2.36,-2.73,-2.30,-6.44,-2.53,-4.97,-4.28,-7.21,-5.08,-4.45,-5.33,-5.79,-8.73,-4.20,-5.99,-6.81,-7.66,-4.54,,-1.66,-2.12,-2.96,-4.49,-1.79,-4,-3.65,-2.25,-8.63,-3.95,-3.44,-3.74,-3.22,-3.66,-6.06,-3.19,-9.70,,-8.54,-2.73,-4.60,-1.86,-2.70,-2.81,-3.43,-3.09,-4.11,-1.65,-2.56,-1.72,-3.37,-3.59,-2.98,-2.40,-2.82,-2.90,-3.87,-4,-4.58,-8.79,-5.44,-7.09,-1.86,-3.88,-5.60,-7.49,-4.90,-5.26,-2.60,-4.76,-4.04,-1.78,-2.10,-3.19,-2.50,-1.54,-1.65,-2.40,-1.26,-3.22,-1.13,-2.22,-2.10,-1.10,-0.62,-1.53,-4.14,-1.15,-1.21,-1,-0.55,-0.93,-1.89,-0.32,-1.53,-1.14,-2.38,-1.92,-2.93,-2.60,-2.08,-2.52,-1.26,-1.70,-1.39,-1.56,-1.98,-2.63,1.27,-2.49,-3.04,-3.52,-3.40,-3.86,-4.27,-3.14,-2.70,-2.29,-2.74,-2.68,0.06,2.10,-0.10,-1.92,-2.15,-3.61,-4.10,,-5.50,-12.50,-1.90,-2.20,-2.90,,,,,,,-2.30,-1.70,,-1.70,-1.10,-1.20,-0.77,,,,,,,,-2.30,-1.80,-1.20,-1.70,-1.70,,,,,-2.50,,-1.70,-1.80,1.20,-0.60,-0.10,,,-3.40,,,-2.80,,,2.40,2.20,0.80,-0.40,-2.20,-3.60,
2008-12-26 12:00,-1.80,-1.99,-4.61,-2.22,-5.30,-2.37,-2.67,-2.30,-6.43,-2.48,-4.99,-4.21,-7.31,-5.07,-4.48,-5.29,-5.77,-8.71,-4.20,-5.91,-6.80,-7.34,-4.56,,-1.66,-2.08,-2.92,-4.51,-1.77,-3.80,-3.60,-2.24,-8.48,-3.87,-3.54,-3.64,-3.14,-3.61,-6.15,-2.99,-9.70,,-8.53,-2.78,-4.70,-1.92,-2.70,-2.85,-3.52,-3.05,-4.11,-1.67,-2.57,-1.62,-3.45,-3.54,-3.04,-2.40,-2.83,-3.06,-3.99,-3.80,-4.65,-8.74,-5.41,-7.12,-2.07,-3.83,-5.60,-7.30,-4.89,-5.18,-2.52,-4.71,-3.98,-1.75,-2.10,-3.17,-2.50,-1.53,-1.57,-2.40,-1.20,-3.07,-1.16,-2.22,-2.10,-1.10,-0.61,-1.53,-4.12,-1.02,-1.10,-1,-0.71,-0.97,-1.84,-0.37,-1.57,-1.29,-2.47,-1.91,-2.81,-2.65,-2.21,-2.18,-1.27,-1.70,-1.51,-1.59,-1.98,-2.69,1.07,-2.39,-2.94,-3.52,-3.40,-3.73,-4.22,-3.19,-2.70,-2.22,-2.67,-2.63,0.14,2.30,-0.20,-1.93,-1.80,-3.57,-4.10,-2.80,-5.40,-12.40,-2,-2.20,-2.90,-2.10,-3.40,-7.40,-3.50,-1.80,-1.70,-2.30,-1.70,-1.80,-1.70,-1,-1.20,-1,,-3.70,-2,-2.30,-1.50,-2.10,-2,-2.30,-1.80,-1.20,-1.70,-1.60,-3.40,-3.30,-2,-2.20,-2.50,-1.20,-1.80,-2,1.30,-0.60,-0.10,,-2.90,-3.60,-3.70,-2.60,-2.70,1.40,1.30,2.50,2.10,0.80,-0.30,-2.10,-3.60,-3.60
2008-12-26 12:10,-1.80,-1.99,-4.68,-2.32,-5.25,-2.31,-2.68,-2.30,-6.45,-2.58,-4.97,-4.25,-7.23,-5.01,-4.44,-5.24,-5.87,-8.70,-4.20,-5.89,-7.01,-7.25,-4.40,,-1.70,-2.15,-2.95,-4.49,-1.80,-4,-3.63,-2.22,-8.55,-3.79,-3.51,-3.88,-3.19,-3.48,-6.23,-3,-9.70,,-8.63,-2.67,-4.80,-1.94,-2.60,-2.80,-3.50,-3.15,-4.10,-1.66,-2.60,-1.60,-3.32,-3.55,-3.04,-2.40,-2.87,-3.10,-4.10,-3.90,-4.67,-8.53,-5.42,-7.18,-1.97,-3.86,-5.60,-7.24,-5.02,-5.13,-2.56,-4.59,-4.02,-1.73,-2,-3.16,-2.58,-1.53,-1.61,-2.40,-1.17,-3.07,-1.16,-2.24,-2.02,-1.10,-0.60,-1.44,-4.18,-1.14,-1.11,-1,-0.71,-0.87,-2,-0.38,-1.47,-1.33,-2.40,-1.93,-2.82,-2.71,-2.28,-2.12,-1.37,-1.70,-1.43,-1.58,-2.04,-2.74,1.10,-2.55,-2.88,-3.56,-3.40,-3.72,-4.23,-3.25,-2.70,-2.26,-2.72,-2.52,0.14,1.84,0,-1.90,-2.09,-3.56,-4.10,,-5.40,-12.40,-2,-2.20,-3,,,,,,,-2.20,-1.70,,-1.70,-1,-1.20,-0.81,,,,,,,,-2.40,-1.90,-1.20,-1.70,-1.60,,,,,-2.50,,-1.80,-2,1.30,-0.60,-0.10,,,-3.60,,,-2.70,,,2.40,2.10,0.90,-0.30,-2.10,-3.60,
2008-12-26 12:20,-1.80,-2.02,-4.70,-2.28,-5.18,-2.30,-2.67,-2.20,-6.41,-2.60,-4.99,-4.30,-7.24,-5.02,-4.45,-5.24,-5.96,-8.77,-4.20,-5.95,-7.15,-7.23,-4.37,,-1.68,-2.11,-2.91,-4.54,-1.84,-3.90,-3.70,-2.28,-8.63,-3.76,-3.41,-3.95,-3.41,-3.49,-6.29,-3.14,-9.80,,-8.74,-2.66,-4.90,-1.88,-2.60,-2.80,-3.36,-3.08,-4.25,-1.52,-2.64,-1.59,-3.53,-3.55,-2.96,-2.60,-2.90,-2.94,-4.05,-3.90,-4.71,-8.60,-5.45,-7.25,-1.99,-3.94,-5.60,-7.15,-4.94,-5.07,-2.37,-4.67,-4.01,-1.79,-2,-3.27,-2.60,-1.40,-1.61,-2.40,-1.21,-3.14,-1.19,-2.13,-1.96,-1.10,-0.52,-1.39,-4.18,-1.03,-1.14,-0.90,-0.73,-0.85,-2.12,-0.48,-1.43,-1.37,-2.47,-1.92,-2.81,-2.63,-2.21,-2.09,-1.40,-1.80,-1.39,-1.73,-1.97,-2.73,1.05,-2.46,-2.78,-3.56,-3.30,-3.68,-4.21,-3.36,-2.70,-2.27,-2.66,-2.26,0.25,1.94,-0.10,-1.87,-2.32,-3.47,-3.90,,-5.40,-12.30,-2,-2.20,-3,,,,,,,-2.20,-1.70,,-1.70,-1,-1.20,-0.85,,,,,,,,-2.40,-1.80,-1.20,-1.70,-1.60,,,,,-2.50,,-1.80,-2,1.30,-0.50,-0.10,,,-3.60,,,-2.60,,,2.60,1.90,0.90,-0.20,-2,-3.60,
2008-12-26 12:30,-1.80,-1.95,-4.67,-2.32,-5.27,-2.26,-2.66,-2.20,-6.44,-2.58,-4.92,-4.47,-7.28,-4.98,-4.41,-5.19,-5.79,-8.81,-4.30,-5.92,-7.19,-7.45,-4.38,,-1.72,-2.06,-2.89,-4.53,-1.80,-3.90,-3.75,-2.33,-8.58,-3.75,-3.41,-3.80,-3.45,-3.53,-6.34,-2.84,-9.80,,-8.78,-2.66,-4.90,-1.88,-2.60,-2.83,-3.27,-3.03,-4.16,-1.62,-2.68,-1.67,-3.47,-3.54,-2.95,-2.80,-2.81,-3.01,-4.08,-3.90,-4.88,-8.57,-5.48,-7.20,-2.05,-3.92,-5.60,-6.98,-4.96,-5.21,-2.31,-4.76,-4,-1.58,-2.10,-3.27,-2.51,-1.26,-1.58,-2.40,-1.29,-3.13,-1.20,-2.22,-1.93,-1.10,-0.57,-1.36,-4.25,-1.04,-1.09,-0.90,-0.64,-0.90,-2.01,-0.57,-1.43,-1.35,-2.47,-1.95,-3,-2.68,-2.27,-2.09,-1.50,-1.80,-1.40,-1.71,-2.01,-2.72,1.11,-2.35,-2.85,-3.51,-3.30,-3.75,-4.19,-3.33,-2.60,-2.28,-2.65,-2.18,0.26,1.86,0,-1.90,-2.33,-3.45,-4,,-5.50,-12.20,-2,-2.20,-3,,,,,,,-2.20,-1.60,,-1.70,-1,-1.20,-0.80,,,,,,,,-2.30,-1.80,-1.20,-1.70,-1.60,,,,,-2.50,,-1.80,-1.90,1.30,-0.50,0,,,-3.60,,,-2.60,,,2.80,1.60,0.90,-0.20,-2,-3.60,
2008-12-26 12:40,-1.80,-1.96,-4.61,-2.23,-5.20,-2.33,-2.85,-2.20,-6.46,-2.65,-4.96,-4.44,-7.29,-4.96,-4.46,-5.27,-5.89,-8.82,-4.20,-5.89,-7.22,-7.57,-4.43,,-1.67,-2.14,-2.91,-4.42,-1.79,-3.80,-3.70,-2.24,-8.64,-3.68,-3.47,-3.68,-3.22,-3.53,-6.19,-2.92,-9.80,,-8.78,-2.77,-4.90,-1.94,-2.60,-2.73,-3.15,-3.07,-4.08,-1.69,-2.68,-1.81,-3.47,-3.59,-2.87,-2.90,-2.90,-2.99,-4.02,-4,-4.80,-8.50,-5.62,-7.24,-2.11,-3.99,-5.60,-7.18,-4.88,-5.11,-2.38,-4.76,-4.19,-1.61,-2.10,-3.32,-2.50,-1.47,-1.61,-2.30,-1.24,-3.10,-1.29,-2.28,-1.92,-0.90,-0.49,-1.31,-4.13,-0.99,-1.11,-1,-0.53,-0.82,-2.07,-0.66,-1.52,-1.41,-2.64,-1.91,-2.79,-2.73,-2.31,-2.25,-1.54,-1.80,-1.48,-1.68,-1.94,-2.74,0.98,-2.34,-2.97,-3.56,-3.40,-3.77,-4.18,-3.33,-2.60,-2.28,-2.73,-2.42,0.04,2.02,0,-1.90,-2.26,-3.55,-4,,-5.60,-12.20,-2,-2.20,-3,,,,,,,-2.20,-1.60,,-1.70,-1.10,-1.20,-0.76,,,,,,,,-2.30,-1.80,-1.20,-1.70,-1.60,,,,,-2.50,,-1.90,-2,1.30,-0.40,0,,,-3.60,,,-2.60,,,2.50,1.50,0.90,-0.10,-1.90,-3.60,
2008-12-26 12:50,-1.80,-1.99,-4.55,-2.21,-5.23,-2.40,-2.81,-2.20,-6.45,-2.59,-4.95,-4.49,-7.33,-5.05,-4.52,-5.33,-5.95,-8.78,-4.20,-6.02,-7.23,-7.38,-4.49,,-1.65,-2.22,-2.91,-4.42,-1.66,-3.80,-3.61,-2.17,-8.66,-3.75,-3.48,-3.66,-3.39,-3.68,-6.20,-2.85,-9.90,,-8.81,-2.88,-5,-1.95,-2.60,-2.74,-3.10,-3.06,-4.04,-1.75,-2.65,-1.84,-3.51,-3.57,-2.93,-3,-2.99,-2.97,-4.01,-4.10,-4.82,-8.50,-5.55,-7.23,-2.13,-4.01,-5.60,-7.26,-4.86,-5.12,-2.46,-4.76,-4.12,-1.73,-2.10,-3.42,-2.50,-1.38,-1.62,-2.30,-1.24,-3.12,-1.20,-2.35,-2.02,-1,-0.59,-1.34,-4.10,-1.07,-1.18,-0.90,-0.57,-0.84,-2.11,-0.63,-1.43,-1.44,-2.64,-1.83,-2.78,-2.81,-2.41,-2.28,-1.49,-1.90,-1.38,-1.75,-2.07,-2.76,0.93,-2.30,-2.98,-3.56,-3.40,-3.83,-4.23,-3.40,-2.60,-2.32,-2.59,-2.55,-0.09,1.95,0.20,-2.05,-2.09,-3.54,-4,,-5.60,-12.10,-1.90,-2.10,-3,,,,,,,-2.30,-1.60,,-1.70,-1.10,-1.20,-0.70,,,,,,,,-2.40,-1.80,-1.20,-1.60,-1.70,,,,,-2.50,,-1.90,-2.10,1.20,-0.40,0,,,-3.70,,,-2.60,,,2.40,1.40,0.90,0,-1.90,-3.50,
2008-12-26 13:00,-1.80,-1.98,-4.60,-2.27,-5.20,-2.46,-2.80,-2.20,-6.40,-2.61,-4.91,-4.32,-7.36,-5.12,-4.51,-5.36,-5.85,-8.84,-4.30,-6.08,-7.25,-7.70,-4.55,,-1.70,-2.20,-2.92,-4.47,-1.67,-3.90,-3.63,-2.21,-8.65,-3.57,-3.43,-3.66,-3.36,-3.70,-6.10,-2.91,-9.90,,-8.90,-2.88,-5,-1.98,-2.60,-2.75,-3.32,-3.11,-4.10,-1.60,-2.62,-1.94,-3.57,-3.51,-2.88,-2.90,-2.93,-3.03,-4.13,-4,-4.90,-8.58,-5.56,-7.31,-2.20,-3.97,-5.60,-7.32,-5.03,-5.13,-2.45,-4.97,-4.16,-1.75,-2,-3.26,-2.51,-1.33,-1.65,-2.30,-1.27,-3.03,-1.12,-2.32,-2.01,-1,-0.54,-1.41,-4.12,-1.09,-1.17,-0.90,-0.56,-0.86,-2.13,-0.63,-1.45,-1.49,-2.79,-1.83,-2.82,-2.68,-2.49,-2.21,-1.42,-1.90,-1.44,-1.79,-2,-2.67,0.88,-2.16,-2.86,-3.49,-3.40,-3.67,-4.16,-3.42,-2.70,-2.36,-2.63,-2.28,0.16,1.81,0.20,-2.01,-1.94,-3.55,-4,-2.70,-5.60,-12.10,-1.90,-2,-3,-2.30,-3.30,-7.20,-3.50,-1.70,-1.50,-2.30,-1.60,-1.60,-1.80,-1.10,-1.20,-0.80,-2,-3.90,-1.90,-2.20,-1.40,-2.10,-2,-2.40,-1.80,-1.20,-1.60,-1.80,-3.10,-3.10,-1.90,-2.30,-2.50,-1.30,-1.90,-2.10,1.20,-0.40,0.10,-1.50,-2.50,-3.70,-3.70,-2.70,-2.50,1.60,1.30,2.30,1.40,1,0.30,-1.90,-3.50,-3.50
2008-12-26 13:10,-1.80,-2.03,-4.63,-2.21,-5.20,-2.48,-2.78,-2.20,-6.43,-2.63,-4.94,-4.38,-7.39,-5.10,-4.53,-5.44,-5.78,-8.78,-4.40,-6,-7.39,-7.57,-4.45,,-1.72,-2.18,-2.92,-4.48,-1.71,-3.90,-3.72,-2.29,-8.59,-3.57,-3.37,-3.72,-3.35,-3.49,-6.09,-2.99,-9.90,,-8.86,-2.75,-5.10,-1.99,-2.60,-2.85,-3.46,-3.09,-4.25,-1.62,-2.66,-1.97,-3.59,-3.40,-2.89,-3,-2.94,-3.01,-4.05,-4.10,-5.05,-8.68,-5.58,-7.34,-2.20,-3.99,-5.70,-7.36,-5.04,-5.13,-2.51,-4.96,-4.06,-1.68,-2,-3.27,-2.54,-1.28,-1.65,-2.05,-1.30,-2.90,-1.17,-2.26,-2.03,-1,-0.50,-1.24,-4.14,-1.09,-1.16,-0.90,-0.52,-0.86,-2.15,-0.76,-1.40,-1.58,-2.79,-1.88,-2.90,-2.81,-2.53,-2.15,-1.48,-1.90,-1.52,-1.75,-2.10,-2.72,0.96,-2.09,-2.88,-3.56,-3.50,-3.73,-4.02,-3.26,-2.70,-2.27,-2.63,-2.51,0.24,1.89,0.30,-1.86,-2.15,-3.44,-4,,-5.60,-12,-2,-1.90,-2.90,,,,,,,-2.30,-1.60,,-1.80,-1.10,-1.20,-0.68,,,,,,,,-2.40,-1.80,-1.30,-1.70,-1.90,,,,,-2.50,,-2,-2.20,1.20,-0.30,,,,-3.70,,,-2.50,,,2.30,1.30,1,0.30,-1.90,-3.50,
2008-12-26 13:20,-1.80,-1.99,-4.61,-2.26,-5.30,-2.52,-2.78,-2.20,-6.39,-2.62,-4.99,-4.45,-7.31,-5.11,-4.48,-5.48,-5.79,-8.73,-4.30,-5.96,-7.45,-7.44,-4.46,,-1.67,-2.27,-2.92,-4.46,-1.73,-3.90,-3.58,-2.30,-8.57,-3.66,-3.39,-3.73,-3.30,-3.48,-6.08,-3.13,-9.90,,-8.99,-2.90,-5.10,-1.97,-2.60,-2.92,-3.42,-3.08,-4.17,-1.71,-2.69,-1.92,-3.61,-3.45,-2.99,-2.90,-3.01,-3,-4.21,-4.10,-5.11,-8.62,-5.63,-7.34,-2.23,-4.01,-5.70,-7.29,-5.03,-5.16,-2.50,-4.93,-4.16,-1.63,-2,-3.27,-2.45,-1.29,-1.65,-2.04,-1.31,-2.93,-1.14,-2.31,-2.01,-1.10,-0.53,-1.29,-4.20,-1.16,-1.22,-0.90,-0.80,-0.76,-2.17,-0.73,-1.48,-1.63,-2.75,-1.89,-3.04,-2.90,-2.53,-2.15,-1.54,-2,-1.56,-1.81,-2.16,-2.83,0.99,-2.17,-2.84,-3.59,-3.40,-3.78,-4.09,-3.37,-2.70,-2.17,-2.63,-2.59,0.32,1.79,0.40,-1.94,-2.03,-3.47,-4,,-5.60,-12,-2,-1.90,-2.90,,,,,,,-2.20,-1.60,,-1.70,-1.10,-1.30,-0.64,,,,,,,,-2.40,-1.80,-1.30,-1.70,-1.90,,,,,-2.50,,-2,-2.30,1.20,-0.30,0.10,,,-3.70,,,-2.50,,,2.40,1.20,0.90,0.30,-1.90,-3.50,
2008-12-26 13:30,-1.80,-2,-4.68,-2.34,-5.30,-2.58,-2.80,-2.30,-6.46,-2.64,-4.98,-4.52,-7.37,-5.15,-4.49,-5.51,-5.82,-8.71,-4.30,-6.01,-7.46,-7.65,-4.50,,-1.76,-2.27,-2.91,-4.50,-1.76,-3.90,-3.61,-2.22,-8.59,-3.62,-3.35,-3.68,-3.21,-3.45,-6.04,-3.25,-10,,-9.04,-2.96,-5,-1.95,-2.70,-2.96,-3.36,-3.12,-4.12,-1.73,-2.68,-1.95,-3.68,-3.44,-3.07,-3,-3.01,-2.99,-4.26,-4.20,-5.16,-8.61,-5.70,-7.30,-2.25,-4.10,-5.90,-7.38,-5.05,-5.18,-2.50,-4.96,-4.15,-1.59,-2,-3.30,-2.59,-1.32,-1.64,-2.08,-1.42,-3.01,-1.19,-2.27,-2.03,-1.10,-0.55,-1.26,-4.24,-1.15,-1.19,-0.90,-0.74,-0.70,-2.32,-0.77,-1.71,-1.60,-2.82,-1.99,-2.97,-2.81,-2.52,-2.05,-1.57,-2,-1.53,-1.92,-2.20,-2.91,1,-2.12,-2.79,-3.48,-3.40,-3.78,-4.15,-3.46,-2.70,-2.25,-2.65,-2.62,0.18,1.74,0.50,-1.93,-2.09,-3.47,-4,,-5.70,-12.10,-1.90,-2,-3,,,,,,,-2.20,-1.60,,-1.80,-1.10,-1.30,-0.60,,,,,,,,-2.40,-1.80,-1.30,-1.70,-2,,,,,-2.60,,-2,-2.30,1.20,-0.30,0.10,,,-3.70,,,-2.50,,,2.40,1.20,0.90,0.30,-1.90,-3.50,
2008-12-26 13:40,-1.80,-2.02,-4.72,-2.45,-5.30,-2.53,-2.83,-2.30,-6.49,-2.61,-4.94,-4.45,-7.47,-5.12,-4.55,-5.48,-5.82,-8.79,-4.40,-6.06,-7.44,-7.99,-4.42,,-1.69,-2.21,-2.92,-4.46,-1.82,-4,-3.56,-2.20,-8.52,-3.53,-3.56,-3.85,-3.23,-3.41,-5.99,-3.19,-10.20,,-9.06,-2.80,-5.10,-1.95,-2.70,-2.97,-3.33,-3.13,-4.25,-1.71,-2.73,-1.94,-3.73,-3.34,-3.03,-3.10,-3.11,-3.04,-4.30,-4.20,-5.20,-8.68,-5.74,-7.32,-2.37,-4.16,-5.90,-7.43,-4.98,-5.16,-2.55,-5.08,-4.10,-1.53,-2.10,-3.31,-2.52,-1.16,-1.69,-2.08,-1.42,-3.10,-1.15,-2.21,-2.04,-1.10,-0.56,-1.25,-4.24,-1.15,-1.22,-0.90,-0.51,-0.70,-2.32,-0.91,-1.77,-1.63,-2.84,-1.96,-2.88,-2.88,-2.55,-2.15,-1.58,-2,-1.59,-1.82,-2.20,-2.96,1.06,-2.17,-2.74,-3.49,-3.40,-3.79,-4.17,-3.52,-2.70,-2.38,-2.69,-2.73,0.15,1.69,0.60,-1.99,-2.08,-3.61,-4,,-5.80,-12,-1.90,-2.10,-3,,,,,,,-2.20,-1.60,,-1.80,-1.20,-1.30,-0.66,,,,,,,,-2.50,-1.80,-1.40,-1.80,-2.10,,,,,-2.70,,-2.20,-2.40,1.10,-0.20,0.20,,,-3.70,,,-2.40,,,2.50,1.20,0.80,0.30,-1.90,-3.50,
2008-12-26 13:50,-1.80,-2.06,-4.75,-2.37,-5.30,-2.57,-2.82,-2.30,-6.47,-2.50,-5.07,-4.42,-7.49,-5.21,-4.58,-5.38,-5.79,-8.78,-4.40,-6.23,-7.42,-8,-4.36,,-1.62,-2.26,-2.87,-4.49,-1.80,-4,-3.56,-2.27,-8.64,-3.56,-3.44,-3.85,-3.36,-3.44,-6.05,-3.23,-10.20,,-9.06,-2.73,-5.20,-1.93,-2.80,-2.92,-3.34,-3.10,-4.05,-1.68,-2.70,-1.85,-3.86,-3.34,-3.01,-3.10,-3.15,-3.09,-4.36,-4.20,-5.29,-8.67,-5.77,-7.25,-2.33,-4.18,-6,-7.49,-5.06,-5.09,-2.52,-5.07,-4.11,-1.57,-2.10,-3.31,-2.58,-1.32,-1.69,-2.15,-1.46,-3.10,-1.17,-2.23,-2,-1.20,-0.48,-1.26,-4.13,-1.17,-1.31,-0.90,-0.81,-0.73,-2.43,-0.90,-1.91,-1.69,-2.83,-1.95,-2.91,-2.95,-2.71,-2.28,-1.58,-1.90,-1.59,-1.79,-2.17,-2.97,1.02,-2.04,-2.74,-3.51,-3.40,-3.81,-4.15,-3.40,-2.80,-2.26,-2.72,-2.64,0.19,1.65,0.70,-2.01,-2.01,-3.58,-4,,-5.90,-11.80,-1.90,-2.10,-3,,,,,,,-2.20,-1.60,,-1.80,-1.20,-1.40,-0.87,,,,,,,,-2.50,-1.80,-1.40,-2,-2.10,,,,,-2.70,,-2.30,-2.50,1.10,-0.20,0.20,,,-3.80,,,-2.50,,,2.40,1.20,0.80,0.40,-1.90,-3.50,
2008-12-26 14:00,-1.90,-2.08,-4.71,-2.43,-5.40,-2.44,-2.88,-2.30,-6.47,-2.54,-5.01,-4.42,-7.47,-5.18,-4.58,-5.50,-5.78,-8.85,-4.50,-6.29,-7.61,-7.67,-4.30,,-1.64,-2.27,-2.89,-4.45,-1.84,-4,-3.60,-2.25,-8.55,-3.70,-3.38,-3.86,-3.32,-3.48,-6.13,-3.49,-10.30,,-9.19,-2.87,-5.30,-1.85,-2.80,-2.97,-3.39,-3.15,-4.22,-1.80,-2.74,-1.83,-3.87,-3.57,-3.04,-3.20,-3.01,-3.07,-4.37,-4.30,-5.33,-8.90,-5.71,-7.26,-2.44,-4.28,-6,-7.47,-5.08,-5.07,-2.66,-5.01,-4.11,-1.63,-2.10,-3.30,-2.58,-1.52,-1.68,-2.25,-1.42,-3.12,-1.20,-2.24,-2.02,-1.20,-0.46,-1.30,-4.03,-1.18,-1.27,-1,-0.99,-0.76,-2.44,-0.90,-2,-1.76,-2.87,-1.97,-3.09,-2.81,-2.63,-2.13,-1.63,-2,-1.53,-1.84,-2.25,-3.02,1.03,-2.13,-2.71,-3.51,-3.40,-3.76,-4.15,-3.30,-2.80,-2.39,-2.76,-2.43,0.13,1.60,0.70,-2.04,-2.08,-3.58,-4,-2.90,-6,-11.80,-1.90,-2.10,-3,,-3.40,-8.80,-3.60,-1.60,-1.40,-2.20,-1.60,-1.60,-1.80,-1.20,-1.40,-1,-2.30,-3.70,-2,-2.10,-1.60,-2.20,-2.10,-2.50,-1.80,-1.40,-2,-2.10,-3,-2.90,-2.20,-2.40,-2.70,-1.40,-2.30,-2.60,1,-0.20,0.10,,-2.40,-3.80,-3.80,-2.70,-2.50,1.40,1.20,2.50,1.10,0.70,0.40,-1.90,-3.50,-3.60
2008-12-26 14:10,-1.90,-2.20,-4.63,-2.41,-5.49,-2.42,-2.89,-2.40,-6.44,-2.57,-5.14,-4.47,-7.46,-5.16,-4.63,-5.50,-5.86,-8.98,-4.60,-6.57,-7.69,-7.90,-4.27,,-1.72,-2.28,-2.97,-4.43,-1.86,-4,-3.64,-2.21,-8.73,-3.69,-3.36,-3.97,-3.35,-3.59,-6.19,-3.49,-10.30,,-9.22,-2.97,-5.30,-1.93,-2.80,-3,-3.34,-3.24,-4.08,-1.88,-2.66,-1.80,-3.87,-3.53,-3.04,-3.20,-3.11,-3.16,-4.44,-4.30,-5.29,-8.81,-5.74,,-2.70,-4.34,-6,-7.58,-5.08,-5.07,-2.58,-5,-4.14,-1.55,-2.20,-3.34,-2.50,-1.50,-1.73,-2.40,-1.59,-3.04,-1.28,-2.37,-1.96,-1.20,-0.59,-1.38,-4.10,-1.19,-1.27,-1,-0.99,-0.75,-2.46,-1.03,-2.07,-1.81,-2.80,-2.09,-3.09,-2.91,-2.70,-2.13,-1.70,-2,-1.70,-1.93,-2.25,-3.05,0.87,-2.29,-2.71,-3.52,-3.40,-3.75,-4.20,-3.32,-2.80,-2.44,-2.75,-2.61,0.17,1.52,0.80,-2.02,-2.18,-3.66,-4,,-6.10,-11.70,-2,-2.10,-3,,,,,,,-2.10,-1.60,,-1.80,-1.20,-1.40,-1,,,,,,,,-2.50,-1.80,-1.40,-2,-2.20,,,,,-2.70,,-2.40,-2.60,1,-0.20,0.10,,,-3.80,,,-2.50,,,2.40,1,0.60,0.40,-1.90,-3.50,
2008-12-26 14:20,-1.90,-2.07,-4.72,-2.40,-5.54,-2.49,-2.92,-2.40,-6.40,-2.61,-5.05,-4.47,-7.46,-5.23,-4.69,-5.61,-5.92,-8.99,-4.50,-6.48,-7.63,-8.03,-4.33,,-1.67,-2.32,-2.97,-4.45,-1.83,-4,-3.65,-2.22,-8.79,-3.77,-3.46,-4.09,-3.30,-3.68,-6.20,-3.59,-10.40,,-9.21,-2.98,-5.40,-1.92,-2.80,-3.01,-3.51,-3.21,-4.10,-1.88,-2.63,-1.82,-3.90,-3.51,-3,-3.30,-3.18,-3.20,-4.44,-4.40,-5.29,-9.04,-5.72,,-2.91,-4.36,-6,-7.59,-5.11,-5.04,-2.59,-5.09,-4.15,-1.47,-2.20,-3.36,-2.50,-1.44,-1.76,-2.50,-1.65,-3,-1.28,-2.36,-1.94,-1.20,-0.58,-1.39,-4.13,-1.27,-1.32,-1,-0.87,-0.84,-2.56,-1.10,-2.14,-1.84,-3.02,-2.17,-3.20,-2.99,-2.78,-2.10,-1.69,-2,-1.58,-1.95,-2.25,-3.01,0.83,-2.17,-2.66,-3.44,-3.40,-3.80,-4.20,-3.38,-2.80,-2.37,-2.80,-2.85,0.19,1.51,0.80,-2.05,-2.22,-3.64,-4,,-6.10,-11.70,-2,-2.10,-3.10,,,,,,,-2.20,-1.60,,-1.80,-1.20,-1.50,-1.04,,,,,,,,-2.50,-1.80,-1.40,-2.10,-2.20,,,,,-2.70,,-2.40,-2.70,1,-0.20,0.10,,,-3.80,,,-2.50,,,2.30,0.90,0.50,0.40,-1.90,-3.50,
2008-12-26 14:30,-2,-2.13,-4.69,-2.37,-5.51,-2.61,-2.92,-2.40,-6.42,-2.60,-4.99,-4.50,-7.43,-5.25,-4.75,-5.59,-5.92,-8.93,-4.60,-6.31,-7.72,-7.78,-4.37,,-1.77,-2.33,-2.96,-4.47,-1.81,-4,-3.63,-2.27,-8.77,-3.82,-3.58,-4.14,-3.35,-3.67,-6.17,-3.54,-10.40,,-9.29,-2.96,-5.40,-1.85,-2.80,-2.98,-3.30,-3.23,-4.18,-1.85,-2.70,-1.82,-3.92,-3.57,-3.08,-3.30,-3.12,-3.12,-4.46,-4.40,-5.29,-9.11,-5.76,,-3.01,-4.37,-6,-7.68,-5.15,-4.92,-2.57,-5.13,-4.11,-1.49,-2.20,-3.30,-2.50,-1.46,-1.75,-2.50,-1.58,-2.95,-1.28,-2.28,-1.99,-1.30,-0.60,-1.51,-4.16,-1.22,-1.41,-1.20,-0.83,-0.81,-2.55,-1.06,-2.10,-1.87,-3.07,-2.20,-3.06,-3,-2.82,-2.25,-1.80,-2,-1.66,-1.92,-2.32,-3.08,0.72,-2.21,-2.63,-3.47,-3.30,-3.72,-4.18,-3.44,-2.80,-2.44,-2.75,-2.54,0.08,1.20,0.80,-2.11,-1.98,-3.61,-4,,-6,-11.80,-2,-2.10,-3.10,,,,,,,-2.30,-1.60,,-1.80,-1.20,-1.50,-1.01,,,,,,,,-2.60,-1.90,-1.40,-2.10,-2.20,,,,,-2.70,,-2.40,-2.70,0.90,-0.30,0.10,,,-3.80,,,-2.50,,,2.50,0.90,0.40,0.40,-2,-3.50,
2008-12-26 14:40,-1.90,-2.16,-4.80,-2.43,-5.49,-2.56,-2.92,-2.40,-6.51,-2.60,-5.03,-4.57,-7.44,-5.24,-4.72,-5.69,-5.98,-9.03,-4.60,-6.29,-7.75,-7.76,-4.46,,-1.88,-2.34,-2.98,-4.45,-1.83,-4,-3.72,-2.27,-8.79,-3.82,-3.62,-3.95,-3.16,-3.69,-6.25,-3.40,-10.50,,-9.33,-2.98,-5.30,-2,-2.80,-3.04,-3.52,-3.21,-4.19,-1.85,-2.67,-1.82,-3.94,-3.66,-3.06,-3.30,-3.17,-3.23,-4.44,-4.50,-5.28,-9.06,-5.77,,-3.09,-4.43,-6.10,-7.60,-5.12,-4.94,-2.65,-5.14,-4.18,-1.63,-2.20,-3.27,-2.50,-1.59,-1.81,-2.50,-1.64,-3.02,-1.25,-2.19,-1.96,-1.30,-0.65,-1.50,-4.22,-1.29,-1.39,-1.20,-0.88,-0.86,-2.50,-1.07,-2.23,-1.99,-3.13,-2.27,-3.13,-2.99,-2.86,-2.29,-1.81,-2,-1.62,-1.92,-2.30,-3.13,0.80,-2.16,-2.67,-3.52,-3.30,-3.79,-4.28,-3.39,-2.80,-2.24,-2.77,-2.72,0.04,0.76,0.80,-2.09,-2.12,-3.54,-4,,-6,-11.70,-2,-2.20,-3.10,,,,,,,-2.30,-1.70,,-1.90,-1.30,-1.50,-1.02,,,,,,,,-2.60,-1.90,-1.40,-2.10,-2.30,,,,,-2.80,,-2.40,-2.60,0.80,-0.30,0.10,,,-3.80,,,-2.50,,,2.40,0.80,0.40,0.40,-2.10,-3.50,
2008-12-26 14:50,-2,-2.25,-4.78,-2.48,-5.54,-2.41,-2.98,-2.40,-6.53,-2.67,-5.09,-4.57,-7.52,-5.21,-4.68,-5.66,-6.01,-8.99,-4.60,-6.42,-7.76,-7.88,-4.53,,-1.83,-2.31,-2.99,-4.45,-1.85,-4.10,-3.62,-2.28,-8.87,-3.85,-3.57,-3.91,-3.13,-3.73,-6.24,-3.43,-10.60,,-9.42,-2.87,-5.20,-2.07,-2.80,-2.97,-3.32,-3.28,-4.22,-1.86,-2.64,-1.80,-3.89,-3.68,-3.16,-3.30,-3.17,-3.32,-4.38,-4.40,-5.31,-9.14,-5.74,,-3.27,-4.47,-6.10,-7.61,-5.14,-5.14,-2.58,-4.98,-4.04,-1.57,-2.20,-3.24,-2.50,-1.79,-1.82,-2.50,-1.72,-3.07,-1.31,-2.37,-2.13,-1.40,-0.64,-1.40,-4.09,-1.32,-1.41,-1.20,-1.03,-0.89,-2.51,-1.12,-2.24,-2.01,-3.19,-2.37,-3.20,-3.07,-2.94,-2.22,-1.83,-2,-1.71,-1.98,-2.38,-3.23,0.76,-2.12,-2.73,-3.52,-3.40,-3.78,-4.24,-3.38,-2.80,-2.18,-2.80,-2.48,-0.14,0.67,0.90,-2.08,-2.01,-3.54,-4,,-6,-11.70,-2,-2.20,-3.10,,,,,,,-2.30,-1.70,,-1.90,-1.30,-1.50,-1.17,,,,,,,,-2.60,-1.90,-1.40,-2.10,-2.40,,,,,-2.80,,-2.40,-2.70,0.80,-0.30,0,,,-3.80,,,-2.60,,,2.20,0.80,0.30,0.30,-2.10,-3.50,
2008-12-26 15:00,-2,-2.27,-4.76,-2.54,-5.55,-2.43,-2.96,-2.40,-6.52,-2.74,-5.08,-4.54,-7.57,-5.24,-4.77,-5.55,-5.99,-9.19,-4.60,-6.41,-7.78,-8.06,-4.67,,-1.77,-2.42,-3,-4.47,-1.86,-4.10,-3.62,-2.22,-8.94,-3.92,-3.56,-3.96,-3.17,-3.70,-6.31,-3.55,-10.60,,-9.48,-2.77,-5.20,-2.05,-2.80,-2.98,-3.30,-3.31,-4.21,-1.85,-2.69,-1.80,-3.94,-3.76,-3.20,-3.30,-3.12,-3.34,-4.41,-4.40,-5.35,-9.16,-5.76,,-3.24,-4.51,-6.10,-7.68,-5.10,-5.07,-2.55,-4.98,-4.15,-1.71,-2.20,-3.22,-2.50,-1.83,-1.84,-2.40,-1.74,-3.09,-1.42,-2.46,-2.11,-1.40,-0.60,-1.59,-3.98,-1.39,-1.39,-1.20,-1.18,-0.93,-2.51,-1.26,-2.22,-2.08,-3.13,-2.41,-3.22,-2.99,-2.92,-2.24,-1.87,-2.10,-1.72,-2.04,-2.34,-3.26,0.60,-2.11,-2.61,-3.51,-3.30,-3.76,-4.18,-3.31,-2.80,-2.24,-2.87,-2.77,-0.19,0.55,0.90,-2.20,-2,-3.48,-4,-3.10,-6,-11.70,-2,-2.20,-3.20,-2.40,-3.50,-8.60,-3.70,-1.70,-1.50,-2.30,-1.70,-1.80,-1.90,-1.30,-1.50,-1.20,,-3.60,-2.10,-2.10,-1.70,-2.30,-2.20,-2.60,-1.90,-1.50,-2.10,-2.60,-2.90,-2.80,-2.50,-2.60,-2.90,-1.60,-2.40,-2.80,0.70,-0.30,0,-1.30,-2.30,-3.80,-3.80,,-2.60,1.20,1.10,2,0.80,0.30,0.10,-2.20,-3.50,-3.60
2008-12-26 15:10,-2.10,-2.23,-4.78,-2.57,-5.58,-2.61,-2.99,-2.40,-6.51,-2.67,-5.03,-4.55,-7.56,-5.28,-4.72,-5.64,-5.99,-9.03,-4.60,-6.42,-7.87,-8.10,-4.57,,-1.86,-2.43,-3.02,-4.50,-1.90,-4.10,-3.45,-2.25,-8.96,-3.87,-3.57,-3.89,-3.13,-3.83,-6.34,-3.61,-10.70,,-9.61,-2.72,-5.30,-2.05,-2.80,-3.10,-3.61,-3.26,-4.14,-1.81,-2.70,-1.82,-4.04,-3.90,-3.20,-3.30,-3.17,-3.34,-4.49,-4.50,-5.32,-9.10,-5.77,,-3.14,-4.50,-6.10,-7.74,-5.15,-5.25,-2.64,-5.08,-4.15,-1.75,-2.20,-3.26,-2.44,-1.97,-1.95,-2.40,-1.73,-2.98,-1.42,-2.48,-2.08,-1.40,-0.60,-1.58,-4.16,-1.41,-1.53,-1.20,-1.17,-0.91,-2.57,-1.26,-2.25,-2.10,-3.17,-2.44,-3.07,-3.08,-2.97,-2.35,-1.91,-2.10,-1.68,-2.04,-2.36,-3.21,0.62,-2.10,-2.59,-3.52,-3.40,-3.76,-4.15,-3.34,-2.90,-2.35,-2.86,-2.92,-0.01,0.55,0.80,-2.31,-2.22,-3.66,-4,,-6.10,-12,-2.10,-2.20,-3.20,,,,,,,-2.30,-1.60,,-1.90,-1.30,-1.60,-1.34,,,,,,,,-2.60,-1.90,-1.50,-2.20,-2.60,,,,,-2.90,,-2.50,-2.80,0.70,-0.30,0,,,-3.80,,,-2.60,,,2,0.80,0.20,0.20,-2.20,-3.50,
2008-12-26 15:20,-2.10,-2.19,-4.83,-2.61,-5.55,-2.62,-3.01,-2.40,-6.56,-2.72,-5.03,-4.51,-7.51,-5.27,-4.72,-5.72,-6.03,-9.12,-4.60,-6.34,-7.92,-7.89,-4.67,,-1.81,-2.39,-2.98,-4.48,-1.98,-4.20,-3.61,-2.28,-9.04,-3.89,-3.53,-4.02,-3.12,-3.69,-6.30,-3.51,-10.70,,-9.66,-2.78,-5.30,-2.08,-2.80,-3.12,-3.48,-3.24,-4.22,-1.77,-2.57,-1.81,-4.02,-3.95,-3.21,-3.30,-3.39,-3.33,-4.42,-4.50,-5.37,-9.16,-5.71,,-3.31,-4.53,-6.10,-7.70,-5.19,-5.35,-2.62,-5.15,-4.21,-1.69,-2.20,-3.20,-2.50,-1.87,-1.89,-2.50,-1.73,-3.05,-1.37,-2.45,-2.15,-1.40,-0.61,-1.52,-4.21,-1.41,-1.54,-1.20,-1.43,-0.93,-2.56,-1.24,-2.27,-2.06,-3.22,-2.45,-3.12,-3.10,-2.79,-2.28,-1.93,-2.10,-1.79,-2.18,-2.38,-3.25,0.52,-2.05,-2.65,-3.51,-3.30,-3.73,-4.14,-3.48,-2.80,-2.32,-2.98,-2.87,-0.26,0.48,0.90,-2.26,-2.24,-3.56,-4.10,,-6.10,-12.50,-2,-2.20,-3.20,,,,,,,-2.30,-1.70,,-2,-1.30,-1.60,-1.38,,,,,,,,-2.60,-1.90,-1.50,-2.40,-2.70,,,,,-2.90,,-2.50,-2.80,0.70,-0.30,-0.10,,,-3.80,,,-2.60,,,1.90,0.80,0.10,0.10,-2.20,-3.50,
2008-12-26 15:30,-2.10,-2.25,-4.84,-2.64,-5.57,-2.51,-2.99,-2.40,-6.62,-2.77,-4.96,-4.50,-7.51,-5.31,-4.69,-5.77,-6.06,-9.11,-4.70,-6.37,-7.90,-7.92,-4.74,,-1.88,-2.39,-3.04,-4.44,-1.94,-4.10,-3.58,-2.32,-8.91,-3.88,-3.73,-3.99,-3.13,-3.67,-6.44,-3.45,-10.80,,-9.67,-2.88,-5.30,-2.12,-2.90,-3.10,-3.35,-3.23,-4.22,-1.76,-2.69,-1.93,-4.05,-3.89,-3.25,-3.30,-3.43,-3.40,-4.43,-4.50,-5.38,-9.25,-5.64,,-3.28,-4.51,-6.10,-7.83,-5.31,-5.28,-2.58,-5.09,-4.19,-1.69,-2.20,-3.19,-2.50,-1.70,-1.92,-2.40,-1.75,-3.18,-1.43,-2.42,-2.18,-1.40,-0.71,-1.56,-4.15,-1.46,-1.51,-1.20,-1.25,-0.91,-2.64,-1.25,-2.32,-2.09,-3.26,-2.49,-3.19,-3.10,-2.91,-2.33,-1.97,-2.10,-1.80,-2.13,-2.47,-3.22,0.36,-2.02,-2.71,-3.51,-3.30,-3.79,-4.18,-3.24,-2.90,-2.28,-2.82,-2.98,-0.38,0.48,0.90,-2.39,-2.23,-3.58,-4,,-6.10,-12.70,-2.10,-2.20,-3.30,,,,,,,-2.30,-1.70,,-2,-1.30,-1.60,-1.38,,,,,,,,-2.60,-1.90,-1.50,-2.30,-2.70,,,,,-2.90,,-2.50,-2.80,0.60,-0.30,,,,-3.70,,,-2.70,,,1.90,0.70,0,0.20,-2.30,-3.50,
2008-12-26 15:40,-2.10,-2.26,-4.85,-2.55,-5.66,-2.82,-3.04,-2.50,-6.55,-2.79,-4.93,-4.56,-7.54,-5.30,-4.69,-5.67,-6.08,-9.20,-4.70,-6.50,-7.86,-7.98,-4.81,,-2.02,-2.46,-2.99,-4.45,-1.96,-4.10,-3.55,-2.30,-8.95,-3.86,-3.68,-3.88,-3.16,-3.70,-6.48,-3.56,-10.80,,-9.67,-2.69,-5.30,-2.01,-2.90,-3.15,-3.40,-3.27,-4.24,-1.81,-2.85,-1.88,-4.07,-3.93,-3.32,-3.40,-3.49,-3.48,-4.53,-4.50,-5.40,-9.30,-5.77,,-3.33,-4.57,-6.20,-7.69,-5.07,-5.38,-2.66,-5.07,-4.13,-1.78,-2.20,-3.33,-2.50,-1.96,-1.96,-2.40,-1.83,-3.06,-1.44,-2.47,-2.15,-1.50,-0.74,-1.68,-4.15,-1.37,-1.52,-1.20,-1.23,-0.97,-2.74,-1.31,-2.49,-2.22,-3.28,-2.50,-3.16,-3.17,-3.02,-2.34,-2.03,-2.10,-1.72,-2.16,-2.51,-3.23,0.15,-2.08,-2.65,-3.58,-3.30,-3.82,-4.14,-3.19,-2.80,-2.41,-2.79,-2.95,-0.28,0.46,0.90,-2.36,-2.19,-3.62,-4.10,,-6.20,-12.80,-2.10,-2.20,-3.30,,,,,,,-2.40,-1.70,,-2,-1.30,-1.60,-1.46,,,,,,,,-2.60,-2,-1.50,-2.20,-2.80,,,,,-2.90,,-2.60,-2.70,0.60,-0.40,-0.20,,,-3.70,,,-2.80,,,1.80,0.80,0.10,0.20,-2.40,-3.50,
2008-12-26 15:50,-2.20,-2.28,-4.78,-2.60,-5.58,-2.79,-2.96,-2.40,-6.52,-2.67,-4.96,-4.58,-7.56,-5.35,-4.73,-5.77,-6.09,-9.21,-4.70,-6.46,-7.86,-7.87,-4.85,,-1.95,-2.42,-3.08,-4.46,-2.04,-4.10,-3.62,-2.32,-9.04,-3.88,-3.67,-3.85,-3.23,-3.75,-6.48,-3.68,-10.80,,-9.72,-2.75,-5.30,-1.91,-2.90,-3.10,-3.55,-3.26,-4.10,-1.84,-2.80,-1.93,-4.13,-4.07,-3.33,-3.40,-3.49,-3.40,-4.55,-4.50,-5.37,-9.35,-5.78,,-3.38,-4.62,-6.10,-7.77,-5.12,-5.49,-2.66,-5.21,-4.13,-1.74,-2.20,-3.23,-2.50,-1.82,-1.95,-2.50,-1.90,-3.12,-1.50,-2.53,-2.20,-1.50,-0.74,-1.73,-4.24,-1.44,-1.52,-1.20,-1.33,-1.01,-2.72,-1.35,-2.43,-2.23,-3.39,-2.46,-3.16,-3.19,-3.02,-2.37,-2.03,-2.10,-1.75,-2.23,-2.54,-3.31,0.17,-2.14,-2.63,-3.56,-3.30,-3.72,-4.08,-3.19,-2.90,-2.34,-2.81,-2.86,-0.31,0.46,0.90,-2.44,-2.18,-3.55,-4.10,,-6.20,-12.60,-2.10,-2.20,-3.30,,,,,,,-2.40,-1.80,,-2,-1.30,-1.60,-1.52,,,,,,,,-2.60,-2,-1.50,-2.20,-2.90,,,,,-3,,-2.60,-2.80,0.60,-0.40,-0.20,,,-3.60,,,-2.80,,,1.80,0.80,0,0.20,-2.40,-3.60,
2008-12-26 16:00,-2.20,-2.24,-4.72,-2.67,-5.68,-2.56,-3.02,-2.50,-6.50,-2.70,-5,-4.52,-7.62,-5.37,-4.77,-5.81,-5.98,-9.21,-4.70,-6.32,-7.83,-8.14,-4.82,,-1.89,-2.40,-2.98,-4.42,-2.03,-4.10,-3.69,-2.34,-9,-3.94,-3.61,-3.86,-3.31,-3.76,-6.58,-3.73,-10.80,,-9.70,-2.76,-5.40,-2,-2.90,-3.13,-3.58,-3.24,-4.25,-1.87,-2.86,-2,-4.15,-3.96,-3.27,-3.40,-3.40,-3.50,-4.54,-4.50,-5.35,-9.17,-5.79,,-3.41,-4.66,-6.20,-7.74,-5.16,-5.44,-2.62,-5.27,-4.19,-1.77,-2.20,-3.22,-2.50,-1.93,-1.95,-2.50,-1.96,-3.16,-1.46,-2.56,-2.13,-1.50,-0.68,-1.72,-4.24,-1.51,-1.50,-1.30,-1.49,-1.14,-2.71,-1.38,-2.53,-2.21,-3.51,-2.49,-3.22,-3.11,-3.10,-2.30,-2.02,-2.10,-1.86,-2.26,-2.62,-3.23,0.19,-2.15,-2.82,-3.54,-3.30,-3.65,-4.23,-3.30,-2.90,-2.24,-2.80,-3.16,-0.47,0.47,0.90,-2.55,-2.36,-3.49,-4.10,-3.10,-6.20,-12.50,-2.10,-2.30,-3.40,,-3.80,-9.70,-3.70,-1.80,-1.60,-2.50,-1.80,-1.90,-2,-1.40,-1.70,-1.40,,-3.50,-2.40,-2.30,-1.90,-2.50,-2.40,-2.60,-2,-1.60,-2.20,-3,-2.90,-2.70,-2.80,-2.70,-2.90,-1.80,-2.60,-2.80,0.50,-0.50,-0.20,-1.80,-2.60,-3.60,-3.70,-2.70,-2.80,1,0.30,1.80,0.90,0,0.30,-2.40,-3.60,-3.60
2008-12-26 16:10,-2.20,-2.36,-4.81,-2.66,-5.63,-2.63,-3.07,-2.50,-6.51,-2.75,-4.96,-4.49,-7.56,-5.34,-4.74,-5.66,-5.99,-9.21,-4.80,-6.29,-7.98,-8.25,-4.80,,-2,-2.43,-2.97,-4.47,-2.03,-4.10,-3.71,-2.36,-9.13,-3.93,-3.72,-3.84,-3.11,-3.75,-6.57,-3.69,-10.80,,-9.70,-2.84,-5.40,-2.08,-2.90,-3.17,-3.41,-3.27,-4.21,-1.93,-2.86,-1.92,-4.26,-3.90,-3.41,-3.40,-3.47,-3.52,-4.54,-4.60,-5.31,-9.23,-5.86,,-3.51,-4.73,-6.10,-7.77,-5.06,-5.34,-2.72,-5.23,-4.20,-1.72,-2.20,-3.24,-2.50,-1.88,-2.04,-2.50,-2.02,-3.14,-1.52,-2.52,-2.15,-1.50,-0.75,-1.74,-4.22,-1.43,-1.59,-1.30,-1.59,-1.06,-2.76,-1.39,-2.57,-2.24,-3.66,-2.52,-3.20,-3.04,-3.07,-2.27,-2.10,-2.10,-1.75,-2.25,-2.49,-3.22,0.25,-2.22,-2.81,-3.50,-3.30,-3.67,-4.13,-3.35,-2.90,-2.44,-2.91,-3.09,-0.52,0.49,0.80,-2.71,-2.21,-3.46,-4.10,,-6.10,-13,-2.20,-2.20,-3.50,,,,,,,-2.50,-1.80,,-2.10,-1.40,-1.70,-1.47,,,,,,,,-2.60,-2,-1.60,-2.10,-2.90,,,,,-2.90,,-2.60,-2.80,0.50,-0.50,-0.20,,,-3.60,,,-2.90,,,1.50,1,-0.10,0.30,-2.40,-3.60,
2008-12-26 16:20,-2.20,-2.36,-4.86,-2.71,-5.55,-2.61,-3.07,-2.50,-6.55,-2.76,-5.01,-4.55,-7.53,-5.30,-4.79,-5.65,-5.89,-9.31,-4.80,-6.19,-7.84,-8.11,-4.84,,-2.05,-2.45,-2.98,-4.46,-2.08,-4.20,-3.66,-2.38,-9.23,-3.95,-3.76,-3.87,-3.16,-3.73,-6.58,-3.73,-10.80,,-9.74,-2.83,-5.40,-2.18,-2.90,-3.21,-3.68,-3.35,-4.20,-2.02,-2.83,-1.93,-4.20,-3.84,-3.45,-3.50,-3.56,-3.57,-4.54,-4.60,-5.33,-9.21,-5.87,,-3.53,-4.80,-6.10,-7.69,-5.18,-5.45,-2.76,-5.17,-4.13,-1.78,-2.20,-3.29,-2.50,-1.77,-2.08,-2.50,-1.95,-3.21,-1.52,-2.46,-2.16,-1.50,-0.74,-1.75,-4.19,-1.50,-1.70,-1.30,-1.65,-1.15,-2.95,-1.37,-2.61,-2.30,-3.64,-2.56,-3.17,-3.08,-3.13,-2.28,-2.04,-2.10,-1.82,-2.32,-2.57,-3.36,0.18,-2.25,-2.76,-3.52,-3.20,-3.83,-4.26,-3.34,-2.80,-2.37,-2.95,-3.48,-0.46,0.55,0.80,-2.83,-2.58,-3.53,-4.10,,-6.20,-12.80,-2.20,-2.20,-3.50,,,,,,,-2.60,-1.80,,-2.10,-1.40,-1.80,-1.51,,,,,,,,-2.60,-2,-1.60,-2.40,-3,,,,,-2.90,,-2.70,-3,0.50,-0.50,-0.30,,,-3.50,,,-3,,,1.30,1,-0.10,0.30,-2.50,-3.60,
2008-12-26 16:30,-2.30,-2.33,-4.78,-2.75,-5.52,-2.68,-3.08,-2.50,-6.50,-2.74,-5.11,-4.57,-7.54,-5.25,-4.86,-5.71,-5.93,-9.25,-4.80,-6.24,-7.88,-7.91,-4.89,,-2.08,-2.47,-3,-4.49,-2.10,-4.10,-3.60,-2.47,-9.28,-3.99,-3.77,-3.83,-3.12,-3.73,-6.60,-3.61,-10.80,,-9.73,-2.68,-5.40,-2.22,-2.90,-3.12,-3.66,-3.38,-4.10,-2.12,-2.92,-2.01,-4.19,-4.04,-3.45,-3.50,-3.54,-3.52,-4.59,-4.70,-5.38,-9.25,-5.92,,-3.45,-4.79,-6.20,-7.68,-5.46,-5.45,-2.72,-5.26,-4.24,-1.89,-2.20,-3.32,-2.50,-1.84,-2.13,-2.50,-1.91,-3.27,-1.48,-2.57,-2.15,-1.50,-0.77,-1.68,-4.34,-1.52,-1.77,-1.40,-1.65,-1.14,-3.01,-1.43,-2.57,-2.36,-3.71,-2.57,-3.23,-3.10,-3.16,-2.29,-2.06,-2.20,-1.87,-2.29,-2.64,-3.29,0.13,-2.21,-2.74,-3.45,-3.20,-3.80,-4.18,-3.35,-2.90,-2.39,-2.90,-3.41,-0.35,0.56,0.90,-2.80,-2.65,-3.46,-4.10,,-6.20,-12.80,-2.20,-2.30,-3.50,,,,,,,-2.60,-1.80,,-2,-1.40,-1.80,-1.59,,,,,,,,-2.60,-2,-1.60,-2.40,-3,,,,,-2.90,,-2.70,-3,0.40,-0.50,-0.30,,,-3.60,,,-3,,,1.30,1.10,0,0.30,-2.50,-3.60,
2008-12-26 16:40,-2.20,-2.27,-4.79,-2.76,-5.59,-2.73,-3,-2.50,-6.50,-2.71,-5.08,-4.51,-7.52,-5.27,-4.81,-5.69,-6.01,-9.26,-4.80,-6.41,-7.98,-8.21,-4.91,,-2.09,-2.47,-3.02,-4.51,-2.09,-4.10,-3.56,-2.43,-9.23,-3.99,-3.70,-3.83,-3.17,-3.64,-6.63,-3.67,-10.80,,-9.77,-2.69,-5.50,-2.23,-2.90,-3.16,-3.42,-3.38,-4.10,-2.18,-3.07,-2.05,-4.21,-4.02,-3.48,-3.50,-3.50,-3.55,-4.54,-4.70,-5.38,-9.29,-5.95,,-3.43,-4.82,-6.20,-7.70,-5.39,-5.30,-2.67,-5.20,-4.20,-1.82,-2.20,-3.31,-2.50,-1.87,-2.14,-2.50,-2.01,-3.33,-1.52,-2.63,-2.18,-1.50,-0.78,-1.66,-4.32,-1.53,-1.76,-1.50,-1.66,-1.14,-3.24,-1.51,-2.63,-2.40,-3.71,-2.65,-3.19,-3.24,-3.14,-2.39,-2.09,-2.20,-1.86,-2.31,-2.58,-3.37,0.10,-2.23,-2.81,-3.57,-3.30,-3.65,-4.21,-3.25,-2.80,-2.43,-2.98,-3.41,-0.57,0.47,1,-2.82,-2.71,-3.66,-4.10,,-6.30,-12.80,-2.20,-2.30,-3.50,,,,,,,-2.60,-1.80,,-2,-1.50,-1.90,-1.59,,,,,,,,-2.70,-2,-1.70,-2.40,-3,,,,,-2.90,,-2.70,-3,0.40,-0.60,-0.20,,,-3.60,,,-3.10,,,1.40,1.10,0.10,0.40,-2.60,-3.60,
2008-12-26 16:50,-2.30,-2.31,-4.81,-2.81,-5.57,-2.66,-3.04,-2.50,-6.58,-2.72,-4.97,-4.58,-7.57,-5.30,-4.82,-5.71,-5.96,-9.35,-4.80,-6.52,-7.96,-8.28,-4.89,,-2.15,-2.50,-3.06,-4.48,-2.11,-4.10,-3.62,-2.45,-9.11,-3.97,-3.67,-3.88,-3.30,-3.73,-6.65,-3.45,-10.90,,-9.78,-2.60,-5.50,-2.27,-2.90,-3.19,-3.42,-3.34,-4.14,-2.23,-3.02,-2.03,-4.23,-4,-3.55,-3.50,-3.49,-3.58,-4.59,-4.70,-5.41,-9.35,-5.94,,-3.48,-4.91,-6.20,-7.70,-5.51,-5.27,-2.74,-5.19,-4.21,-1.86,-2.20,-3.28,-2.50,-1.97,-2.18,-2.50,-1.97,-3.21,-1.57,-2.65,-2.28,-1.50,-0.82,-1.62,-4.15,-1.58,-1.78,-1.50,-1.67,-1.22,-3.48,-1.57,-2.63,-2.43,-3.71,-2.67,-3.16,-3.31,-3.07,-2.46,-2.10,-2.20,-1.91,-2.41,-2.51,-3.42,0.01,-2.21,-2.73,-3.60,-3.20,-3.77,-4.15,-3.40,-2.80,-2.47,-2.91,-3.25,-0.48,0.35,1,-2.73,-2.46,-3.62,-4.10,,-6.30,-12.90,-2.30,-2.30,-3.50,,,,,,,-2.50,-1.80,,-2,-1.50,-2.10,-1.64,,,,,,,,-2.70,-2.10,-1.70,-2.30,-3.10,,,,,-2.90,,-2.70,-2.90,0.30,-0.60,-0.20,,,-3.50,,,-3.10,,,1.60,1.10,0.10,0.50,-2.60,-3.60,
2008-12-26 17:00,-2.30,-2.33,-4.81,-2.76,-5.63,-2.64,-3.05,-2.50,-6.56,-2.71,-5.03,-4.56,-7.54,-5.19,-4.85,-5.81,-5.96,-9.36,-4.80,-6.46,-7.93,-8.01,-4.96,,-2.15,-2.40,-3.03,-4.42,-2.14,-4.10,-3.58,-2.48,-9.21,-3.97,-3.64,-3.94,-3.25,-3.69,-6.69,-3.47,-11,,-9.80,-2.77,-5.60,-2.32,-3,-3.20,-3.32,-3.29,-3.98,-2.37,-3.20,-2.08,-4.18,-4.01,-3.58,-3.50,-3.41,-3.60,-4.58,-4.70,-5.45,-9.38,-5.94,,-3.62,-4.94,-6.20,-7.68,-5.90,-5.26,-2.75,-5.26,-4.25,-1.91,-2.20,-3.22,-2.53,-1.76,-2.17,-2.50,-1.97,-3.30,-1.51,-2.64,-2.21,-1.50,-0.81,-1.70,-4.22,-1.59,-1.87,-1.50,-1.63,-1.29,-3.61,-1.51,-2.62,-2.42,-3.70,-2.77,-3.24,-3.28,-3.15,-2.37,-2.11,-2.20,-1.91,-2.25,-2.54,-3.49,-0.14,-2.29,-2.80,-3.54,-3.30,-3.81,-4.19,-3.14,-2.80,-2.40,-2.94,-3.18,-0.46,0.20,1,-2.79,-2.39,-3.63,-4.10,-3.20,-6.30,-13,-2.20,-2.30,-3.50,-2.90,-4,-8.40,-3.70,-1.90,-1.60,-2.50,-1.90,-1.90,-2.10,-1.50,-2.30,-1.60,-2.80,-3.40,-2.40,-2.40,-2,-2.60,-2.50,-2.70,-2.10,-1.70,-2.30,-3.10,-2.90,-2.70,-2.50,-2.80,-2.90,-1.90,-2.70,-3,0.30,-0.70,-0.20,,-2.30,-3.60,-3.80,,-3.20,1,0,1.30,1.10,0.10,0.60,-2.80,-3.60,-3.70
2008-12-26 17:10,-2.30,-2.26,-4.81,-2.80,-5.70,-2.84,-3,-2.50,-6.53,-2.72,-5.06,-4.55,-7.51,-5.26,-4.89,-5.74,-6.02,-9.32,-4.80,-6.49,-7.94,-8.31,-4.96,,-2.08,-2.41,-3,-4.39,-2.16,-4.10,-3.61,-2.42,-9.22,-4.02,-3.70,-3.80,-3.24,-3.63,-6.73,-3.49,-11,,-9.87,-2.59,-5.50,-2.25,-3,-3.21,-3.32,-3.31,-4.03,-2.40,-3.19,-2.17,-4.19,-3.95,-3.62,-3.50,-3.47,-3.60,-4.63,-4.70,-5.39,-9.40,-5.98,,-3.50,-4.92,-6.20,-7.66,-5.62,-5.26,-2.82,-5.24,-4.23,-1.91,-2.20,-3.22,-2.50,-1.85,-2.16,-2.50,-2.08,-3.31,-1.46,-2.61,-2.23,-1.60,-0.83,-1.75,-4.31,-1.56,-1.91,-1.60,-1.77,-1.46,-3.62,-1.62,-2.64,-2.40,-3.65,-2.78,-3.19,-3.19,-3.23,-2.50,-2.16,-2.20,-2.02,-2.37,-2.58,-3.56,-0.16,-2.28,-2.74,-3.61,-3.20,-3.69,-4.19,-3.09,-2.80,-2.37,-2.90,-3.34,-0.54,0.19,1,-2.75,-2.65,-3.63,-4.10,,-6.30,-13,-2.30,-2.40,-3.60,,,,,,,-2.50,-1.90,,-2.10,-1.50,-2.60,-1.65,,,,,,,,-2.70,-2.10,-1.80,-2.30,-3.20,,,,,-2.90,,-2.70,-3.20,0.30,-0.70,-0.20,,,-3.60,,,-3.20,,,1.40,1.20,0.10,0.60,-2.80,-3.70,
2008-12-26 17:20,-2.30,-2.35,-4.85,-2.75,-5.70,-2.78,-3.05,-2.50,-6.43,-2.68,-4.93,-4.55,-7.56,-5.21,-4.86,-5.66,-6,-9.26,-4.80,-6.56,-8.05,-7.94,-5,,-2.13,-2.47,-3.01,-4.41,-2.19,-4.10,-3.62,-2.39,-9.25,-4.02,-3.64,-3.85,-3.22,-3.60,-6.71,-3.40,-11,,-9.84,-2.55,-5.50,-2.23,-3,-3.31,-3.39,-3.35,-4.02,-2.40,-3.22,-2.19,-4.24,-4.10,-3.64,-3.60,-3.46,-3.64,-4.62,-4.80,-5.44,-9.36,-5.99,,-3.64,-4.95,-6.20,-7.67,-5.60,-5.36,-2.84,-5.27,-4.19,-1.85,-2.20,-3.19,-2.50,-1.87,-2.21,-2.60,-2,-3.40,-1.48,-2.58,-2.25,-1.60,-0.87,-1.73,-4.30,-1.59,-2.12,-1.60,-2.01,-1.52,-3.71,-1.75,-2.62,-2.36,-3.66,-2.76,-3.07,-3.26,-3.31,-2.36,-2.15,-2.20,-2.07,-2.36,-2.58,-3.56,-0.08,-2.27,-2.67,-3.66,-3.20,-3.61,-4.15,-3.23,-2.80,-2.43,-3,-3.33,-0.63,0.25,1.20,-2.72,-2.77,-3.57,-4.20,,-6.40,-13.10,-2.30,-2.40,-3.60,,,,,,,-2.50,-1.90,,-2.10,-1.50,-2.70,-1.74,,,,,,,,-2.70,-2,-1.70,-2.40,-3.10,,,,,-3,,-2.60,-3.20,0.40,-0.60,,,,-3.60,,,-3.20,,,1.30,1.10,0,0.70,-2.90,-3.60,
2008-12-26 17:30,-2.20,-2.29,-4.78,-2.71,-5.70,-2.68,-3.06,-2.50,-6.46,-2.66,-4.99,-4.50,-7.59,-5.17,-4.84,-5.69,-5.97,-9.32,-4.80,-6.50,-8.20,-8.27,-4.98,,-2.24,-2.47,-3.03,-4.42,-2.20,-4.10,-3.62,-2.38,-9.23,-3.97,-3.62,-3.85,-3.15,-3.67,-6.73,-3.30,-11,,-9.85,-2.74,-5.50,-2.33,-3.10,-3.35,-3.52,-3.42,-4.06,-2.39,-3.17,-2.19,-4.18,-4.17,-3.62,-3.60,-3.54,-3.61,-4.66,-4.80,-5.45,-9.41,-6,,-3.62,-4.99,-6.20,-7.68,-5.66,-5.30,-2.88,-5.28,-4.22,-1.79,-2.20,-3.12,-2.50,-2.07,-2.17,-2.60,-2.11,-3.40,-1.57,-2.72,-2.21,-1.60,-0.92,-1.79,-4.34,-1.62,-2.01,-1.60,-1.86,-1.47,-3.71,-1.72,-2.63,-2.34,-3.73,-2.83,-2.99,-3.37,-3.29,-2.41,-2.14,-2.10,-2.08,-2.36,-2.56,-3.56,-0.02,-2.23,-2.65,-3.69,-3.20,-3.66,-4.10,-3.27,-2.80,-2.50,-2.99,-3.36,-0.57,0.21,1.30,-2.58,-2.60,-3.59,-4.10,,-6.30,-13.20,-2.30,-2.40,-3.60,,,,,,,-2.50,-1.90,,-2.10,-1.60,-2.90,-1.74,,,,,,,,-2.70,-2.10,-1.80,-2.60,-3.20,,,,,-3,,-2.60,-3.20,0.30,-0.70,-0.30,,,-3.60,,,-3.30,,,1.30,1.10,0,1,-2.90,-3.60,
2008-12-26 17:40,-2.20,-2.30,-4.72,-2.70,-5.70,-2.66,-3.12,-2.50,-6.53,-2.80,-4.98,-4.51,-7.51,-5.14,-4.84,-5.53,-5.98,-9.29,-4.80,-6.53,-8.13,-8.39,-5.03,,-2.17,-2.45,-3.09,-4.40,-2.23,-4.10,-3.64,-2.41,-9.19,-3.93,-3.65,-3.87,-3.23,-3.64,-6.70,-3.39,-11,,-9.82,-2.75,-5.50,-2.30,-3.10,-3.38,-3.62,-3.38,-4.04,-2.36,-3.16,-2.30,-4.27,-4.09,-3.68,-3.60,-3.61,-3.62,-4.63,-4.80,-5.51,-9.35,-6,,-3.57,-5.07,-6.20,-7.75,-5.38,-5.31,-2.85,-5.24,-4.22,-1.81,-2.20,-3.29,-2.50,-2.10,-2.21,-2.60,-2.06,-3.28,-1.57,-2.69,-2.26,-1.60,-0.93,-1.87,-4.40,-1.57,-2.15,-1.60,-1.90,-1.52,-3.55,-1.83,-2.69,-2.36,-3.70,-2.83,-3.08,-3.35,-3.25,-2.46,-2.13,-2.20,-2.13,-2.36,-2.56,-3.55,0,-2.37,-2.68,-3.62,-3.20,-3.68,-4.17,-3.18,-2.80,-2.42,-2.97,-3.45,-0.54,0.19,1.30,-2.58,-2.54,-3.55,-4.10,,-6.20,-13.20,-2.40,-2.50,-3.70,,,,,,,-2.50,-1.90,,-2.10,-1.60,-3.10,-1.79,,,,,,,,-2.70,-2.10,-1.80,-3,-3.30,,,,,-3,,-2.60,-3.30,0.40,-0.70,-0.30,,,-3.60,,,-3.30,,,1.20,1.10,-0.10,1.10,-3,-3.70,
2008-12-26 17:50,-2.30,-2.32,-4.77,-2.74,-5.60,-2.76,-3.07,-2.50,-6.47,-2.77,-5.01,-4.56,-7.48,-5.14,-4.80,-5.75,-6.05,-9.32,-4.70,-6.50,-8.18,-8.16,-5.04,,-2.29,-2.44,-3.04,-4.41,-2.20,-4.10,-3.65,-2.38,-9.31,-3.95,-3.60,-3.92,-3.16,-3.62,-6.69,-3.25,-11,,-9.82,-2.73,-5.60,-2.30,-3.10,-3.41,-3.63,-3.51,-4.04,-2.50,-3.23,-2.35,-4.44,-4.12,-3.14,-3.70,-3.73,-3.63,-4.70,-4.80,-5.51,-9.41,-5.97,,-3.67,-5.03,-6.10,-7.67,-5.61,-5.20,-2.87,-5.22,-4.20,-1.94,-2.20,-3.35,-2.50,-2.08,-2.28,-2.60,-2.07,-3.26,-1.53,-2.71,-2.26,-1.60,-0.97,-1.84,-4.35,-1.55,-2.01,-1.60,-2.08,-1.60,-3.54,-1.98,-2.70,-2.44,-3.72,-2.83,-3.18,-3.45,-3.31,-2.43,-2.13,-2.20,-2.21,-2.33,-2.54,-3.54,-0.07,-2.21,-2.67,-3.66,-3.20,-3.77,-4.06,-3.27,-2.80,-2.66,-3.04,-3.35,-0.54,0.04,1.30,-2.73,-2.66,-3.44,-4.10,,-6.20,-13.20,-2.40,-2.40,-3.70,,,,,,,-2.50,-1.90,,-2.20,-1.60,-3.20,-1.86,,,,,,,,-2.70,-2.10,-1.90,-3.40,-3.30,,,,,-3,,-2.70,-3.40,0.40,-0.70,-0.30,,,-3.60,,,-3.30,,,1.20,1.10,0,1.30,-3,-3.70,
2008-12-26 18:00,-2,-2.35,-4.77,-3,-6,-2.66,-3.07,-2.50,-6.43,-2.76,-4.97,-4.60,-7.50,-5,-4.84,-5,-6,-9.43,-4,-6.53,-8,-8.05,-4.99,-2,-2,-3,-3.04,-4.48,-2,-4,-5,-3,-9.37,-5,-3.67,-4,-3,-4,-7,-3,-11,-12,-10,-3,-5.60,-2.31,-3,-3.49,-3.57,-3.52,-5,-2,-3.31,-2.43,-4.43,-4,-3,-4,-3,-3.58,-4.70,-5,-5.51,-9.42,-6.06,,-3.65,-5.04,-6.20,-7.70,-5.68,-5.40,-2.83,-5.23,-4.08,-1.87,-2.20,-3.32,-2.60,-1.93,-2.25,-2.60,-2.17,-3.29,-1.51,-2.68,-3,-1.70,-1,-1.76,-4.41,-1.62,-2,-1.70,-2.03,-1.64,-3.60,-1.98,-2.70,-2.49,-4.07,-2.91,-3.16,-3.17,-3.35,-2.54,-2.09,-2.30,-2.08,-2.35,-2.51,-3.63,0.07,-2.40,-2.51,-3.68,-3.20,-3.68,-3.96,-3.42,-2.70,-2.64,-3.01,-3.38,-0.52,0.10,1,-2.96,-2.20,-3.58,-4,-3,-6,-13,-2.40,-2.50,-3.70,-3,-4.10,-9.40,-3.70,-1.90,-1.80,-2.50,-1.90,-1.90,-2.30,-1.50,-3.20,-1.90,-3.10,-3.40,-2.40,-2.50,-2,-2.60,-2.60,-2.70,-2.10,-1.90,-3.70,-3.20,-2.60,-2.60,-2.60,-2.80,-3,-1.90,-2.60,-3.40,0.40,-0.70,-0.40,-2,-2.20,-3.50,-3.80,,-3.40,0.90,-0.60,1.10,0.70,-0.10,1.40,-2.60,-3.60,-3.70
2008-12-26 18:10,-2.30,-2.36,-4.82,-2.60,-5.69,-2.77,-3.05,-2.40,-6.44,-2.75,-4.94,-4.60,-7.53,-5.21,-4.89,-5.63,-5.95,-9.35,-4.70,-6.52,-8.22,-8.27,-4.99,,-2.17,-2.52,-3.03,-4.49,-2.11,-4,-3.57,-2.40,-9.36,-3.96,-3.66,-3.92,-3.19,-3.62,-6.73,-3.38,-11,,-9.94,-2.76,-5.60,-2.26,-3.20,-3.51,-3.37,-3.60,-4.07,-2.61,-3.35,-2.47,-4.50,-4.06,-3.56,-3.70,-3.62,-3.76,-4.73,-4.70,-5.67,-9.42,-6.03,,-3.51,-4.92,-6.10,-7.79,-5.44,-5.36,-2.84,-5.27,-4.03,-1.78,-2.20,-3.36,-2.60,-1.82,-2.23,-2.60,-1.92,-3.28,-1.49,-2.73,-2.30,-1.70,-1.08,-1.79,-4.52,-1.66,-2.06,-1.70,-1.94,-1.64,-3.56,-1.89,-2.71,-2.49,-4.08,-2.97,-3.15,-3.41,-3.35,-2.53,-2.02,-2.30,-2.17,-2.43,-2.45,-3.66,-0.16,-2.49,-2.56,-3.69,-3.20,-3.69,-4.21,-3.34,-2.70,-2.59,-2.99,-3.33,-0.56,-0.10,1.20,-3.08,-2.52,-3.57,-4.10,,-6.10,-13.30,-2.50,-2.60,-3.80,,,,,,,-2.50,-2,,-2.30,-1.60,-3.20,-2.03,,,,,,,,-2.60,-2.10,-1.90,-3.80,-3.20,,,,,-2.90,,-2.70,-3.40,0.40,-0.70,-0.40,,,-3.60,,,-3.50,,,0.90,0.80,-0.20,1.40,-2.60,-3.60,
2008-12-26 18:20,-2.30,-2.35,-4.78,-2.60,-5.64,-2.78,-3.03,-2.50,-6.44,-2.69,-4.93,-4.52,-7.56,-5.21,-4.98,-5.61,-6.08,-9.33,-4.70,-6.42,-8.24,-8.39,-5.02,,-2.20,-2.45,-2.97,-4.48,-2.10,-4.10,-3.65,-2.40,-9.35,-3.98,-3.61,-3.88,-3.23,-3.56,-6.67,-3.56,-11.10,,-9.98,-2.84,-5.70,-2.28,-3.30,-3.62,-3.55,-3.67,-4.16,-2.73,-3.37,-2.52,-4.54,-4.07,-3.58,-3.80,-3.73,-3.78,-4.82,-4.90,-5.70,-9.49,-6.13,,-3.60,-5.02,-6.10,-7.68,-5.45,-5.39,-2.84,-5.22,-4.15,-1.82,-2.20,-3.36,-2.60,-1.88,-2.23,-2.60,-1.83,-3.34,-1.56,-2.65,-2.35,-1.70,-1.13,-1.83,-4.44,-1.70,-2,-1.70,-1.97,-1.70,-3.52,-1.89,-2.76,-2.63,-4.01,-3.01,-3.12,-3.34,-3.37,-2.53,-2.14,-2.30,-2.18,-2.48,-2.46,-3.56,-0.20,-2.37,-2.65,-3.58,-3.20,-3.67,-4.15,-3.22,-2.80,-2.61,-3.03,-3.43,-0.72,0.09,1.30,-3.17,-2.46,-3.44,-4.10,,-6.20,-13.30,-2.40,-2.60,-3.80,,,,,,,-2.50,-2,,-2.30,-1.70,-3.20,-2.22,,,,,,,,-2.60,-2.10,-2,-3.90,-3.20,,,,,-3,,-2.60,-3.50,0.40,-0.70,-0.40,,,-3.60,,,-3.50,,,1,0.70,-0.20,1.30,-2.80,-3.60,
2008-12-26 18:30,-2.30,-2.39,-4.87,-2.61,-5.67,-2.77,-3.03,-2.50,-6.42,-2.70,-4.95,-4.51,-7.57,-5.25,-5.02,-5.64,-6.07,-9.32,-4.70,-6.49,-8.29,-8.14,-5.05,,-2.22,-2.55,-2.97,-4.48,-2.19,-4.10,-3.55,-2.45,-9.40,-4.05,-3.57,-3.74,-3.23,-3.61,-6.80,-3.50,-11.10,,-9.91,-2.80,-5.70,-2.33,-3.30,-3.55,-3.40,-3.71,-4.25,-2.73,-3.42,-2.63,-4.53,-4.22,-3.65,-3.80,-3.76,-3.79,-4.87,-4.90,-5.66,-9.49,-6.13,,-3.67,-4.92,-6.20,-7.67,-5.43,-5.25,-2.81,-5.18,-4.18,-1.92,-2.20,-3.26,-2.60,-1.86,-2.29,-2.60,-1.91,-3.32,-1.58,-2.66,-2.39,-1.80,-1.19,-1.85,-4.45,-1.72,-1.93,-1.70,-2.07,-1.74,-3.48,-1.91,-2.72,-2.76,-3.92,-3.09,-3.11,-3.27,-3.27,-2.55,-2.18,-2.30,-2.17,-2.48,-2.50,-3.74,-0.17,-2.44,-2.60,-3.64,-3,-3.71,-4.14,-3.31,-2.80,-2.81,-3.02,-3.31,-0.85,0.21,1.30,-3.18,-2.54,-3.53,-4.10,,-6.30,-13.30,-2.40,-2.70,-3.90,,,,,,,-2.50,-2,,-2.30,-1.70,-3.30,-2.28,,,,,,,,-2.50,-2.20,-2,-4.10,-3.20,,,,,-2.90,,-2.70,-3.50,0.30,-0.70,-0.50,,,-3.60,,,-3.40,,,1.10,0.70,-0.20,1.30,-2.90,-3.60,
2008-12-26 18:40,-2.30,-2.39,-4.80,-2.63,-5.70,-2.80,-3.02,-2.50,-6.38,-2.65,-4.93,-4.57,-7.61,-5.28,-4.91,-5.59,-6.12,-9.34,-4.70,-6.58,-8.34,-8.01,-5.02,,-2.14,-2.50,-3.04,-4.47,-2.15,-4.10,-3.58,-2.54,-9.43,-3.96,-3.58,-3.84,-3.30,-3.74,-6.78,-3.63,-11.10,,-9.98,-2.95,-5.70,-2.36,-3.30,-3.68,-3.55,-3.72,-4.20,-2.79,-3.57,-2.62,-4.56,-4.32,-3.70,-3.90,-3.79,-3.86,-4.79,-4.90,-5.68,-9.50,-6.15,,-3.82,-4.87,-6.10,-7.69,-5.28,-5.29,-2.83,-5.27,-4.11,-2.09,-2.20,-3.24,-2.60,-1.86,-2.35,-2.60,-1.96,-3.35,-1.68,-2.72,-2.38,-1.70,-1.25,-1.82,-4.39,-1.70,-1.92,-1.80,-2.21,-1.78,-3.45,-1.92,-2.83,-2.82,-3.87,-3.21,-3.16,-3.37,-3.35,-2.54,-2.18,-2.30,-2.07,-2.45,-2.58,-3.63,-0.09,-2.50,-2.57,-3.68,-3.10,-3.79,-4.19,-3.27,-2.80,-2.69,-3.05,-3.45,-0.97,0.36,1.40,-3.02,-2.68,-3.61,-4.10,,-6.30,-13.30,-2.30,-2.70,-3.90,,,,,,,-2.50,-2,,-2.30,-1.70,-3.30,-2.36,,,,,,,,-2.50,-2.20,-2,-4.20,-3.30,,,,,-2.90,,-2.60,-3.50,0.30,-0.60,-0.50,,,-3.60,,,-3.40,,,1,0.80,-0.20,1.30,-2.90,-3.60,
2008-12-26 18:50,-2.30,-2.35,-4.81,-2.70,-5.70,-2.76,-3.02,-2.50,-6.38,-2.64,-4.82,-4.58,-7.61,-5.26,-4.85,-5.55,-6.09,-9.24,-4.60,-6.50,-8.31,-8.06,-4.99,,-2.19,-2.47,-2.99,-4.47,-2.17,-4.10,-3.60,-2.55,-9.40,-3.94,-3.65,-3.88,-3.33,-3.74,-6.71,-3.67,-11.10,,-9.99,-2.69,-5.60,-2.32,-3.40,-3.72,-3.43,-3.75,-4.17,-2.82,-3.57,-2.67,-4.61,-4.25,-3.76,-3.90,-3.85,-3.87,-4.84,-4.90,-5.78,-9.58,-6.15,,-3.73,-4.88,-6.10,-7.69,-5.33,-5.36,-2.97,-5.21,-4.24,-1.99,-2.30,-3.39,-2.60,-2.11,-2.33,-2.60,-1.86,-3.29,-1.58,-2.78,-2.44,-1.80,-1.32,-1.94,-4.45,-1.72,-1.95,-1.80,-2.43,-1.73,-3.49,-2.06,-2.77,-2.85,-3.88,-3.27,-3.18,-3.39,-3.31,-2.54,-2.19,-2.30,-2.08,-2.56,-2.54,-3.69,-0.06,-2.51,-2.64,-3.61,-3.20,-3.68,-4.14,-3.18,-2.80,-2.65,-3.04,-3.58,-0.91,0.43,1.50,-3.09,-2.74,-3.65,-4.20,,-6.30,-13.40,-2.30,-2.80,-3.90,,,,,,,-2.50,-2,,-2.30,-1.70,-3.10,-2.52,,,,,,,,-2.50,-2.20,-2,-4.40,-3.30,,,,,-2.90,,-2.60,-3.60,0.30,-0.70,-0.50,,,-3.60,,,-3.40,,,0.90,0.80,-0.30,1.30,-2.90,-3.70,
2008-12-26 19:00,-2.30,-2.43,-4.78,-2.68,-5.70,-2.96,-3.01,-2.50,-6.35,-2.66,-4.84,-4.60,-7.66,-5.27,-4.84,-5.53,-6.16,-9.30,-4.60,-6.65,-8.15,-8.16,-5.01,,-2.26,-2.46,-2.94,-4.52,-2.20,-4.10,-3.73,-2.58,-9.42,-3.98,-3.55,-3.83,-3.28,-3.61,-6.70,-3.71,-11.10,,-9.96,-2.91,-5.60,-2.36,-3.50,-3.74,-3.38,-3.79,-4.16,-2.79,-3.56,-2.76,-4.61,-4.29,-3.78,-4,-3.81,-3.85,-4.94,-5,-5.78,-9.58,-6.15,,-3.79,-4.87,-6.10,-7.75,-5.48,-5.43,-3.01,-5.25,-4.24,-1.94,-2.30,-3.35,-2.60,-1.83,-2.32,-2.70,-2.07,-3.35,-1.69,-2.76,-2.50,-1.90,-1.33,-2.02,-4.46,-1.76,-1.94,-1.90,-2.51,-1.80,-3.63,-2.13,-2.72,-2.89,-3.90,-3.29,-3.14,-3.42,-3.40,-2.48,-2.24,-2.40,-2.13,-2.52,-2.46,-3.75,-0.07,-2.43,-2.59,-3.63,-3.20,-3.66,-4.11,-3.31,-2.80,-2.82,-3.07,-3.44,-0.92,0.37,1.60,-2.98,-2.73,-3.57,-4.10,-3.10,-6.30,-13.40,-2.30,-2.80,-3.90,,-4.10,-9,-3.70,-2,-1.90,-2.60,-2,-2,-2.30,-1.70,-3,-2.50,,-3.40,-2.60,-2.50,-2,-2.60,-2.80,-2.40,-2.20,-2.10,-4.40,-3.50,-2.60,-2.50,-2.50,-2.90,-2.90,-2.10,-2.60,-3.70,0.30,-0.70,-0.50,-2.50,-2.40,-3.70,-3.80,-2.70,-3.40,0.90,-0.50,0.80,0.70,-0.40,1.30,-3,-3.70,-3.70
2008-12-26 19:10,-2.30,-2.41,-4.75,-2.65,-5.69,-2.89,-2.97,-2.50,-6.29,-2.62,-4.90,-4.52,-7.63,-5.20,-4.86,-5.56,-6.14,-9.35,-4.60,-6.53,-8.17,-8.43,-4.92,,-2.29,-2.50,-2.98,-4.43,-2.32,-4.20,-3.61,-2.59,-9.30,-3.98,-3.53,-3.85,-3.16,-3.67,-6.70,-3.65,-11.10,,-10.03,-2.88,-5.60,-2.49,-3.50,-3.76,-3.34,-3.81,-4.16,-2.70,-3.52,-2.71,-4.59,-4.37,-3.77,-4,-3.83,-3.93,-4.87,-5,-5.80,-9.60,-6.13,,-3.78,-4.83,-6.10,-7.66,-5.67,-5.31,-2.92,-5.31,-4.23,-1.97,-2.30,-3.47,-2.61,-1.82,-2.33,-2.50,-2.02,-3.34,-1.73,-2.75,-2.55,-1.90,-1.34,-1.94,-4.52,-1.76,-1.84,-1.90,-2.81,-1.90,-3.63,-2.16,-2.79,-2.91,-3.92,-3.47,-3.06,-3.45,-3.30,-2.52,-2.19,-2.30,-2.13,-2.62,-2.46,-3.77,-0.01,-2.56,-2.62,-3.60,-3.20,-3.62,-4.15,-3.40,-2.90,-3.03,-3.04,-3.45,-0.88,0.36,1.60,-3.02,-2.72,-3.58,-4.20,,-6.30,-13.40,-2.30,-2.90,-4,,,,,,,-2.60,-2,,-2.30,-1.70,-2.80,-2.57,,,,,,,,-2.40,-2.20,-2.10,-4,-3.60,,,,,-2.90,,-2.60,-3.70,0.30,-0.70,,,,-3.60,,,-3.40,,,0.90,0.60,-0.40,1.30,-3,-3.70,
2008-12-26 19:20,-2.30,-2.37,-4.84,-2.78,-5.56,-2.93,-3,-2.50,-6.41,-2.59,-4.83,-4.45,-7.64,-5.19,-4.78,-5.65,-6.07,-9.38,-4.60,-6.53,-8.21,-8.38,-4.90,,-2.24,-2.53,-3.07,-4.60,-2.34,-4.20,-3.65,-2.37,-9.39,-4,-3.69,-3.98,-3.19,-3.73,-6.72,-3.45,-11.10,,-10.08,-2.85,-5.60,-2.52,-3.50,-3.78,-3.30,-3.77,-4.24,-2.73,-3.64,-2.74,-4.61,-4.24,-3.82,-4,-3.74,-3.97,-4.86,-5,-5.86,-9.59,-6.16,,-3.60,-4.77,-6.10,-7.72,-5.49,-5.44,-2.96,-5.39,-4.17,-1.92,-2.30,-3.38,-2.63,-1.91,-2.40,-2.60,-2.11,-3.46,-1.75,-2.84,-2.67,-1.90,-1.47,-1.93,-4.61,-1.81,-1.94,-1.90,-2.87,-1.92,-3.68,-2.16,-2.87,-2.96,-3.95,-3.53,-3.15,-3.40,-3.27,-2.67,-2.14,-2.40,-2.12,-2.51,-2.52,-3.86,-0.08,-2.72,-2.73,-3.60,-3.20,-3.60,-4.14,-3.40,-2.80,-3.06,-3.05,-3.50,-0.87,0.39,1.50,-2.95,-2.82,-3.61,-4.20,,-6.30,-13.40,-2.20,-2.90,-4,,,,,,,-2.60,-2,,-2.40,-1.70,-2.70,-2.65,,,,,,,,-2.30,-2.20,-2.10,-3.40,-3.60,,,,,-2.90,,-2.60,-3.80,0.30,-0.60,-0.60,,,-3.60,,,-3.40,,,1,0.60,-0.40,1.30,-3,-3.70,
2008-12-26 19:30,-2.30,-2.42,-4.89,-2.71,-5.70,-2.83,-3.03,-2.50,-6.37,-2.52,-4.81,-4.43,-7.69,-5.24,-4.78,-5.63,-6.04,-9.41,-4.70,-6.48,-8.27,-8.41,-4.91,,-2.26,-2.52,-2.99,-4.65,-2.31,-4.20,-3.70,-2.34,-9.31,-4.05,-3.70,-3.87,-3.30,-3.69,-6.71,-3.49,-11,,-10.15,-2.87,-5.60,-2.50,-3.50,-3.76,-3.33,-3.72,-4.22,-2.79,-3.59,-2.86,-4.54,-4.22,-3.90,-4,-3.67,-3.98,-4.88,-5,-5.80,-9.64,-6.19,,-3.56,-4.83,-6.10,-7.75,-5.78,-5.54,-2.98,-5.43,-4.19,-1.88,-2.30,-3.38,-2.62,-2.12,-2.35,-2.60,-1.99,-3.39,-1.80,-2.86,-2.68,-2,-1.41,-1.99,-4.64,-1.82,-2.02,-2.10,-2.73,-1.87,-3.68,-2.14,-2.93,-3.05,-3.95,-3.52,-3.19,-3.39,-3.27,-2.56,-2.36,-2.40,-2.11,-2.62,-2.60,-3.83,-0.07,-2.71,-2.73,-3.52,-3.20,-3.69,-4.05,-3.42,-2.90,-3.12,-3.05,-3.49,-0.85,0.22,1.50,-2.93,-2.87,-3.58,-4.20,,-6.40,-13.50,-2.30,-3,-4,,,,,,,-2.70,-2,,-2.40,-1.70,-2.60,-2.76,,,,,,,,-2.30,-2.20,-2.10,-3.20,-3.60,,,,,-2.90,,-2.50,-3.90,0.30,-0.70,-0.60,,,-3.60,,,-3.50,,,1.10,0.50,-0.40,1.30,-2.90,-3.70,
2008-12-26 19:40,-2.30,-2.37,-4.81,-2.80,-5.70,-2.76,-3,-2.50,-6.37,-2.61,-4.93,-4.49,-7.64,-5.24,-4.82,-5.52,-6.10,-9.47,-4.70,-6.54,-8.33,-8.34,-4.97,,-2.40,-2.43,-3.01,-4.53,-2.35,-4.20,-3.83,-2.36,-9.35,-3.92,-3.74,-3.74,-3.14,-3.62,-6.68,-3.58,-11,,-10.25,-2.83,-5.60,-2.62,-3.60,-3.79,-3.37,-3.79,-4.21,-2.71,-3.60,-2.89,-4.76,-4.26,-3.86,-4,-3.78,-4.05,-5.01,-5,-5.81,-9.53,-6.21,,-3.54,-4.95,-6.10,-7.63,-5.55,-5.44,-2.93,-5.35,-4.24,-1.94,-2.30,-3.41,-2.66,-2.10,-2.34,-2.70,-1.97,-3.40,-1.81,-2.88,-2.61,-2,-1.39,-2,-4.61,-1.84,-2.06,-2.20,-2.67,-1.98,-3.66,-2.27,-2.91,-3.08,-3.92,-3.63,-3.10,-3.46,-3.33,-2.53,-2.20,-2.40,-2.13,-2.63,-2.63,-3.83,-0.04,-2.75,-2.65,-3.52,-3.30,-3.63,-4.09,-3.30,-2.90,-3.19,-3.16,-3.45,-0.72,0.21,1.40,-2.90,-2.59,-3.52,-4.20,,-6.40,-13.50,-2.20,-3,-4,,,,,,,-2.70,-2,,-2.40,-1.70,-2.50,-2.81,,,,,,,,-2.30,-2.20,-2.10,-3.10,-3.80,,,,,-2.90,,-2.50,-3.90,0.30,-0.70,-0.60,,,-3.60,,,-3.40,,,1.20,0.40,-0.40,1.40,-2.90,-3.70,
2008-12-26 19:50,-2.30,-2.35,-4.82,-2.75,-5.70,-2.88,-2.99,-2.40,-6.34,-2.53,-4.92,-4.55,-7.65,-5.19,-4.85,-5.56,-6.06,-9.50,-4.70,-6.45,-8.25,-8.15,-4.96,,-2.35,-2.38,-3.03,-4.59,-2.32,-4.20,-3.85,-2.36,-9.39,-4.11,-3.67,-3.78,-3.08,-3.61,-6.69,-3.50,-11,,-10.30,-2.84,-5.60,-2.56,-3.60,-3.81,-3.45,-3.82,-4.25,-2.73,-3.59,-2.86,-4.74,-4.25,-3.87,-4,-3.79,-4.08,-4.96,-5,-5.80,-9.60,-6.21,,-3.63,-4.89,-6.10,-7.72,-5.42,-5.36,-2.98,-5.39,-4.19,-2.14,-2.40,-3.46,-2.73,-2.08,-2.39,-2.70,-1.99,-3.47,-1.79,-2.80,-2.70,-2,-1.36,-2.04,-4.61,-1.89,-2.24,-2.30,-2.82,-2.01,-3.66,-2.36,-3.01,-3.17,-4.03,-3.77,-3.09,-3.47,-3.32,-2.49,-2.15,-2.40,-2.22,-2.64,-2.58,-3.87,-0.32,-2.89,-2.66,-3.59,-3.20,-3.67,-4.05,-3.20,-2.90,-2.99,-3.06,-3.33,-0.77,0.22,1.40,-2.90,-2.57,-3.60,-4.20,,-6.40,-13.60,-2.30,-3,-4,,,,,,,-2.70,-2,,-2.40,-1.80,-2.50,-2.84,,,,,,,,-2.30,-2.20,-2.10,-3,-3.80,,,,,-2.90,,-2.50,-4,0.20,-0.70,-0.70,,,-3.60,,,-3.40,,,1.40,0.30,-0.40,1.30,-3,-3.70,
2008-12-26 20:00,-2.30,-2.39,-4.74,-2.74,-5.70,-2.79,-3.06,-2.50,-6.32,-2.56,-4.94,-4.59,-7.70,-5.13,-4.83,-5.48,-6.15,-9.42,-4.70,-6.42,-8.37,-8.31,-4.95,,-2.28,-2.47,-3.09,-4.62,-2.31,-4.10,-3.84,-2.48,-9.33,-4.17,-3.59,-3.91,-3.38,-3.65,-6.63,-3.88,-11.10,,-10.33,-2.88,-5.50,-2.63,-3.60,-3.88,-3.43,-3.95,-4.27,-2.76,-3.50,-2.88,-4.82,-4.27,-3.90,-4,-3.86,-4.13,-4.87,-5,-5.86,-9.68,-6.25,,-3.65,-4.87,-6.10,-7.73,-5.51,-5.25,-2.85,-5.30,-4.14,-2.03,-2.30,-3.46,-2.75,-2.10,-2.47,-2.70,-2.01,-3.46,-1.75,-2.76,-2.71,-2.10,-1.40,-2.07,-4.63,-1.87,-2.37,-2.50,-3.10,-2.09,-3.71,-2.32,-3.01,-3.37,-3.91,-3.84,-3.10,-3.47,-3.34,-2.49,-2.28,-2.40,-2.26,-2.56,-2.53,-3.80,-0.24,-2.85,-2.59,-3.58,-3.30,-3.66,-4.11,-3.34,-2.90,-3.19,-3.16,-3.56,-0.76,0.29,1.30,-2.90,-2.80,-3.48,-4.20,-3.10,-6.30,-13.60,-2.30,-3,-4,-3.40,-4,-8.90,-3.60,-2,-2,-2.80,-2,-2.20,-2.40,-1.80,-2.50,-2.60,,-3.50,-2.50,-2.60,-2,-2.70,-2.70,-2.40,-2.20,-2.10,-3,-3.80,-2.60,-2.30,-2.50,-3,-2.90,-2.30,-2.50,-4,0.20,-0.70,-0.80,-2.40,-2.20,-3.60,-3.80,-2.80,-3.40,0.70,-0.20,1.20,0.30,-0.40,1.10,-2.90,-3.80,-3.70
2008-12-26 20:10,-2.30,-2.35,-4.82,-2.73,-5.72,-2.88,-3.03,-2.40,-6.34,-2.54,-4.95,-4.55,-7.74,-5.08,-4.84,-5.43,-6.16,-9.48,-4.70,-6.42,-8.39,-8.39,-4.95,,-2.30,-2.48,-3.09,-4.65,-2.38,-4.10,-4,-2.54,-9.27,-4.31,-3.57,-3.88,-3.26,-3.73,-6.66,-3.74,-11.10,,-10.42,-2.78,-5.50,-2.63,-3.70,-3.84,-3.34,-3.90,-4.20,-2.85,-3.60,-2.81,-4.79,-4.48,-3.95,-4,-3.96,-4.07,-4.94,-5,-5.86,-9.68,-6.22,,-3.60,-4.96,-6.10,-7.79,-5.60,-5.28,-2.89,-5.36,-4.19,-2.05,-2.30,-3.48,-2.70,-2.18,-2.44,-2.70,-2.06,-3.40,-1.70,-2.78,-2.81,-2.10,-1.36,-2.16,-4.81,-1.87,-2.53,-2.60,-3.27,-2.21,-3.84,-2.28,-3.14,-3.32,-4.06,-3.85,-3.06,-3.57,-3.32,-2.61,-2.34,-2.40,-2.30,-2.54,-2.61,-3.92,-0.16,-2.78,-2.51,-3.63,-3.30,-3.65,-4.08,-3.40,-2.90,-3.34,-3.11,-3.71,-0.81,0.17,1.20,-2.84,-2.80,-3.60,-4.20,,-6.20,-13.70,-2.30,-3,-4,,,,,,,-2.80,-2,,-2.40,-1.80,-2.50,-2.78,,,,,,,,-2.40,-2.20,-2.10,-2.90,-3.70,,,,,-2.90,,-2.50,-4.10,0.20,-0.70,-0.80,,,-3.60,,,-3.50,,,1.20,0.20,-0.50,1.10,-2.90,-3.80,
2008-12-26 20:20,-2.30,-2.31,-4.83,-2.70,-5.60,-2.98,-2.96,-2.40,-6.37,-2.62,-4.94,-4.47,-7.69,-5.12,-4.71,-5.46,-6.07,-9.45,-4.70,-6.44,-8.36,-8.33,-4.92,,-2.33,-2.52,-3.02,-4.69,-2.37,-4.20,-3.96,-2.47,-9.24,-4.36,-3.69,-3.83,-3.22,-3.65,-6.61,-3.59,-11.10,,-10.62,-2.69,-5.50,-2.74,-3.70,-3.85,-3.44,-3.92,-4.15,-2.83,-3.63,-2.79,-4.74,-4.51,-3.95,-4,-3.98,-4.14,-4.97,-5.10,-5.88,-9.68,-6.19,,-3.65,-5,-6.10,-7.76,-5.78,-5.31,-2.92,-5.31,-4.18,-2.15,-2.30,-3.48,-2.70,-2.27,-2.44,-2.70,-2.09,-3.44,-1.62,-2.80,-2.74,-2.10,-1.29,-2.09,-4.78,-1.95,-2.87,-2.60,-3.31,-2.23,-3.97,-2.40,-3.20,-3.35,-4.11,-3.74,-3.09,-3.47,-3.28,-2.68,-2.22,-2.40,-2.22,-2.62,-2.63,-3.91,-0.17,-2.74,-2.56,-3.57,-3.30,-3.60,-4.06,-3.17,-2.90,-3.31,-3.12,-3.52,-0.94,0.12,1.40,-2.99,-2.87,-3.53,-4.20,,-6.20,-13.80,-2.40,-3,-4,,,,,,,-2.80,-2.10,,-2.40,-1.70,-2.40,-2.77,,,,,,,,-2.40,-2.20,-2.10,-2.90,-3.80,,,,,-2.90,,-2.50,-4.10,0.30,-0.70,-0.80,,,-3.60,,,-3.50,,,1.10,0.20,-0.50,1,-2.90,-3.80,
2008-12-26 20:30,-2.30,-2.32,-4.75,-2.64,-5.70,-2.86,-2.97,-2.40,-6.38,-2.66,-4.90,-4.59,-7.65,-5.18,-4.65,-5.52,-6.12,-9.52,-4.70,-6.51,-8.34,-8.33,-5.07,,-2.31,-2.57,-3.08,-4.73,-2.36,-4.10,-3.96,-2.41,-9.29,-4.34,-3.79,-4.04,-3.35,-3.85,-6.71,-3.50,-11.10,,-10.86,-2.71,-5.50,-2.77,-3.70,-3.88,-3.61,-3.96,-4.14,-2.81,-3.79,-2.78,-4.75,-4.42,-4,-4.10,-3.90,-4.15,-5.05,-5.10,-5.92,-9.64,-6.23,,-3.67,-5.01,-6.20,-7.75,-5.45,-5.24,-2.96,-5.24,-4.20,-2.09,-2.30,-3.49,-2.70,-2.21,-2.48,-2.70,-2.13,-3.49,-1.64,-2.78,-2.71,-2.20,-1.32,-2.28,-4.71,-1.91,-3.13,-2.60,-3.40,-2.45,-3.98,-2.42,-3.17,-3.38,-4.09,-3.79,-3.11,-3.43,-3.36,-2.65,-2.15,-2.50,-2.23,-2.65,-2.56,-3.98,-0.19,-2.69,-2.63,-3.66,-3.30,-3.61,-4.06,-3.21,-2.90,-3.26,-3.03,-3.67,-0.90,0.05,1.40,-2.94,-2.65,-3.51,-4.20,,-6.20,-13.70,-2.40,-3.10,-4.10,,,,,,,-2.80,-2.10,,-2.50,-1.80,-2.40,-2.69,,,,,,,,-2.30,-2.30,-2.20,-2.90,-3.70,,,,,-2.90,,-2.50,-4,0.30,-0.90,-0.80,,,-3.60,,,-3.50,,,1.10,0.10,-0.50,1,-2.80,-3.80,
2008-12-26 20:40,-2.30,-2.37,-4.75,-2.69,-5.70,-2.78,-2.98,-2.40,-6.43,-2.72,-4.88,-4.62,-7.62,-5.26,-4.61,-5.56,-6.07,-9.52,-4.70,-6.33,-8.43,-8.16,-4.96,,-2.30,-2.53,-3.03,-4.75,-2.43,-4.20,-4.14,-2.39,-9.34,-4.27,-3.74,-4.05,-3.21,-3.75,-6.72,-3.59,-11.10,,-11.44,-2.86,-5.50,-2.73,-3.70,-3.93,-3.85,-3.94,-4.19,-2.81,-3.70,-2.76,-4.81,-4.45,-3.99,-4.10,-4,-4.15,-4.94,-5.10,-5.93,-9.63,-6.28,,-3.51,-5.05,-6.20,-7.84,-5.75,-5.29,-2.92,-5.26,-4.12,-2.06,-2.40,-3.42,-2.70,-2.04,-2.50,-2.70,-2,-3.45,-1.66,-2.82,-2.67,-2.30,-1.29,-2.16,-4.76,-1.92,-3.29,-2.60,-3.64,-2.59,-3.98,-2.46,-3.25,-3.35,-4.03,-3.67,-3.12,-3.40,-3.19,-2.69,-2.15,-2.50,-2.42,-2.57,-2.57,-3.96,-0.12,-2.73,-2.54,-3.58,-3.30,-3.64,-4.07,-3.33,-2.90,-3.20,-3.10,-3.60,-1.04,0.03,1.30,-2.89,-2.78,-3.52,-4.20,,-6.20,-13.90,-2.50,-3.10,-4.10,,,,,,,-2.80,-2.10,,-2.80,-1.80,-2.40,-2.64,,,,,,,,-2.40,-2.30,-2.20,-2.90,-3.80,,,,,-2.90,,-2.50,-4,0.40,-0.80,-0.80,,,-3.60,,,-3.50,,,1.10,-0.10,-0.50,0.90,-2.80,-3.80,
2008-12-26 20:50,-2.30,-2.40,-4.71,-2.80,-5.60,-2.76,-2.99,-2.50,-6.57,-2.66,-5.01,-4.62,-7.64,-5.32,-4.55,-5.61,-6.04,-9.45,-4.80,-6.25,-8.43,-8.01,-5.06,,-2.39,-2.54,-3.04,-4.84,-2.41,-4.20,-4.23,-2.36,-9.31,-4.09,-3.73,-3.98,-3.24,-3.86,-6.73,-3.62,-11.10,,-11.70,-2.72,-5.50,-2.80,-3.70,-3.89,-4.01,-3.95,-4.16,-2.81,-3.83,-2.79,-4.85,-4.68,-4,-4,-4.07,-4.15,-4.99,-5.10,-5.96,-9.71,-6.33,,-3.57,-5.04,-6.10,-7.75,-5.72,-5.27,-2.91,-5.36,-4.18,-2.09,-2.40,-3.36,-2.80,-2.26,-2.53,-2.70,-2.03,-3.59,-1.69,-2.89,-2.73,-2.30,-1.28,-2.24,-4.89,-1.96,-3.04,-2.60,-3.36,-2.47,-4.01,-2.46,-3.30,-3.28,-3.94,-3.67,-3.13,-3.47,-3.28,-2.69,-2.21,-2.50,-2.35,-2.62,-2.60,-3.86,-0.28,-2.70,-2.52,-3.58,-3.30,-3.64,-4.09,-3.42,-2.90,-3.14,-3.18,-3.48,-1.08,0.01,1.30,-2.88,-2.80,-3.43,-4.20,,-6.20,-14.10,-2.50,-3.20,-4.10,,,,,,,-2.80,-2.10,,-2.80,-1.90,-2.40,-2.65,,,,,,,,-2.50,-2.30,-2.20,-3,-4,,,,,-2.90,,-2.60,-4,0.40,-0.70,-0.90,,,-3.50,,,-3.50,,,1.10,-0.10,-0.50,0.90,-2.80,-3.70,
2008-12-26 21:00,-2.30,-2.38,-4.72,-2.77,-5.70,-3.06,-3.06,-2.50,-6.60,-2.62,-5.01,-4.53,-7.59,-5.26,-4.52,-5.67,-6.03,-9.49,-4.80,-6.28,-8.37,-8.22,-5.06,,-2.37,-2.58,-2.97,-4.80,-2.44,-4.20,-4.41,-2.45,-9.23,-4.01,-3.79,-3.88,-3.31,-3.82,-6.67,-3.44,-11.10,,-11.74,-2.71,-5.50,-2.86,-3.70,-4,-4.03,-3.95,-4.37,-2.68,-3.87,-2.73,-4.94,-4.76,-4.08,-4.10,-4.16,-4.23,-5.05,-5.10,-5.94,-9.71,-6.32,,-3.69,-5.07,-6.20,-7.75,-5.31,-5.25,-2.99,-5.33,-4.15,-2.09,-2.40,-3.35,-2.70,-2.23,-2.46,-2.80,-2.14,-3.53,-1.59,-2.94,-2.69,-2.40,-1.39,-2.23,-4.94,-2.03,-2.71,-2.60,-3.53,-2.43,-4.10,-2.50,-3.29,-3.30,-4.05,-3.55,-3.14,-3.59,-3.33,-2.56,-2.30,-2.50,-2.24,-2.65,-2.64,-3.91,-0.28,-2.67,-2.63,-3.59,-3.30,-3.68,-4.04,-3.35,-2.90,-3.26,-3.14,-3.53,-1.19,0.09,1.40,-2.91,-2.79,-3.51,-4.20,-3.20,-6.30,-14.30,-2.50,-3.20,-4.20,-3.70,-4.10,-9,-3.60,-2.10,-2.20,-2.80,-2.10,-2.20,-2.80,-1.90,-2.40,-2.50,-3.80,-3.40,-2.50,-2.60,-2.20,-2.80,-2.80,-2.50,-2.30,-2.20,-3,-4,-2.60,-2.10,-2.40,-3.20,-2.90,-2.40,-2.60,-4,0.30,-0.70,-1,-2.10,-2,-3.50,-3.90,-2.70,-3.50,0.70,0,1,0,-0.50,0.90,-2.80,-3.70,-3.70
2008-12-26 21:10,-2.30,-2.32,-4.72,-2.81,-5.73,-2.84,-3,-2.40,-6.64,-2.63,-5.08,-4.48,-7.61,-5.39,-4.58,-5.55,-6.04,-9.52,-4.90,-6.35,-8.44,-8.25,-5.09,,-2.36,-2.51,-3.15,-4.79,-2.49,-4.30,-4.44,-2.50,-9.17,-3.96,-3.77,-4.09,-3.27,-3.83,-6.65,-3.53,-11.10,,-12.27,-2.85,-5.60,-2.91,-3.70,-4.05,-4.08,-3.99,-4.38,-2.88,-3.87,-2.81,-5.01,-4.67,-4.12,-4.10,-4.14,-4.29,-5.04,-5.20,-5.92,-9.71,-6.33,,-3.57,-5.07,-6.20,-7.67,-5.34,-5.27,-3.02,-5.27,-4.17,-2.05,-2.40,-3.35,-2.75,-2.09,-2.55,-2.56,-2.07,-3.58,-1.63,-3.08,-2.65,-2.30,-1.43,-2.15,-4.89,-2.05,-2.57,-2.60,-3.26,-2.55,-4.16,-2.41,-3.35,-3.29,-4.11,-3.63,-3.10,-3.43,-3.37,-2.54,-2.26,-2.50,-2.28,-2.63,-2.61,-3.89,-0.25,-2.81,-2.70,-3.61,-3.40,-3.68,-4.03,-3.33,-2.90,-3.37,-3.14,-3.55,-1.16,0.22,1.30,-2.92,-2.75,-3.56,-4.20,,-6.30,-14.40,-2.60,-3.20,-4.20,,,,,,,-2.80,-2.10,,-2.70,-1.90,-2.40,-2.61,,,,,,,,-2.50,-2.30,-2.20,-3.10,-4,,,,,-2.90,,-2.60,-3.90,0.40,-0.70,-1,,,-3.50,,,-3.60,,,1,0,-0.50,0.80,-2.80,-3.70,
2008-12-26 21:20,-2.30,-2.39,-4.67,-2.83,-5.86,-2.81,-2.96,-2.40,-6.70,-2.63,-5.07,-4.55,-7.53,-5.41,-4.66,-5.52,-6.07,-9.64,-4.90,-6.33,-8.38,-8.16,-5.15,,-2.33,-2.54,-3.13,-4.69,-2.52,-4.30,-4.36,-2.55,-9.29,-3.97,-3.94,-4.07,-3.40,-3.87,-6.63,-3.58,-11.10,,-12.44,-2.96,-5.60,-2.95,-3.70,-4.01,-4.04,-4.06,-4.35,-2.76,-3.94,-2.87,-5.02,-4.64,-4.08,-4.10,-4.29,-4.33,-5.12,-5.20,-6.03,-9.68,-6.29,,-3.60,-4.97,-6.20,-7.80,-5.56,-5.20,-3.02,-5.25,-4.23,-2.04,-2.40,-3.27,-2.77,-2.24,-2.54,-2.57,-2.07,-3.56,-1.65,-3.03,-2.64,-2.40,-1.35,-2.13,-4.86,-2.05,-2.47,-2.50,-2.97,-2.53,-4.36,-2.43,-3.34,-3.35,-4.20,-3.72,-3.17,-3.49,-3.35,-2.56,-2.28,-2.50,-2.37,-2.68,-2.51,-3.97,-0.14,-2.71,-2.72,-3.61,-3.30,-3.71,-4.12,-3.37,-2.90,-3.25,-3.13,-3.49,-1.06,0.14,1.30,-2.90,-2.64,-3.51,-4.20,,-6.30,-14.40,-2.60,-3.20,-4.20,,,,,,,-2.80,-2.10,,-2.60,-2,-2.40,-2.64,,,,,,,,-2.40,-2.30,-2.20,-3.20,-4,,,,,-2.80,,-2.70,-4,0.40,-0.60,-1,,,-3.60,,,-3.60,,,1.10,0,-0.50,0.80,-2.70,-3.70,
2008-12-26 21:30,-2.30,-2.45,-4.70,-2.95,-5.80,-2.91,-2.98,-2.40,-6.71,-2.71,-5.04,-4.58,-7.56,-5.42,-4.62,-5.61,-6.03,-9.73,-4.90,-6.47,-8.37,-8.45,-5.19,,-2.28,-2.60,-3.14,-4.71,-2.50,-4.40,-4.33,-2.60,-9.20,-3.99,-3.89,-4.09,-3.45,-3.87,-6.66,-3.60,-11.10,,-12.26,-2.94,-5.60,-2.99,-3.80,-3.99,-4.06,-4.11,-4.38,-2.87,-4.04,-2.86,-5.04,-4.74,-4.03,-4.10,-4.25,-4.32,-5.10,-5.20,-6.10,-9.81,-6.38,,-3.60,-5,-6.20,-7.78,-5.60,-5.24,-3.04,-5.32,-4.30,-2.07,-2.40,-3.36,-2.72,-2.22,-2.63,-2.67,-2.21,-3.56,-1.65,-2.91,-2.71,-2.30,-1.37,-2.19,-4.91,-2.06,-2.46,-2.40,-2.81,-2.59,-4.40,-2.54,-3.31,-3.36,-4.24,-3.67,-3.21,-3.49,-3.30,-2.67,-2.22,-2.50,-2.28,-2.67,-2.59,-4.02,-0.12,-2.72,-2.65,-3.66,-3.40,-3.76,-4.04,-3.30,-2.90,-3.36,-3.19,-3.51,-1.04,0.12,1.20,-2.86,-2.76,-3.45,-4.20,,-6.30,-14.20,-2.70,-3.20,-4.20,,,,,,,-2.80,-2.10,,-2.70,-2,-2.40,-2.68,,,,,,,,-2.40,-2.30,-2.30,-3.20,-4.10,,,,,-2.80,,-2.70,-4.10,0.40,-0.60,-1,,,-3.60,,,-3.60,,,1.10,0,-0.50,0.70,-2.80,-3.60,
2008-12-26 21:40,-2.30,-2.36,-4.63,-2.99,-5.70,-2.98,-3,-2.40,-6.74,-2.64,-5.04,-4.53,-7.49,-5.38,-4.56,-5.60,-6.08,-9.72,-4.90,-6.54,-8.52,-8.39,-5.16,,-2.36,-2.56,-3.17,-4.68,-2.57,-4.40,-4.36,-2.69,-9.20,-4.04,-3.84,-4.15,-3.33,-3.85,-6.62,-3.78,-11.10,,-12.06,-2.86,-5.60,-3.02,-3.80,-4.03,-4.12,-4.07,-4.47,-2.87,-3.99,-2.81,-5.05,-4.77,-4.07,-4.10,-4.19,-4.33,-5.15,-5.30,-6.07,-9.80,-6.41,,-3.54,-5.04,-6.30,-7.76,-5.65,-5.26,-3.04,-5.35,-4.25,-2.06,-2.40,-3.52,-2.79,-2.29,-2.60,-2.67,-2.24,-3.61,-1.68,-3.02,-2.75,-2.20,-1.38,-2.22,-4.96,-2.12,-2.46,-2.40,-2.82,-2.59,-4.33,-2.52,-3.32,-3.40,-4.19,-3.61,-3.18,-3.50,-3.33,-2.62,-2.26,-2.50,-2.33,-2.68,-2.62,-3.97,-0.15,-2.88,-2.71,-3.60,-3.40,-3.65,-4.09,-3.34,-2.90,-3.17,-3.24,-3.70,-1.14,0.17,1.30,-2.89,-2.66,-3.50,-4.20,,-6.30,-14.20,-2.60,-3.30,-4.20,,,,,,,-2.90,-2.20,,-2.70,-2,-2.80,-2.74,,,,,,,,-2.50,-2.30,-2.30,-3.30,-4.20,,,,,-2.80,,-2.70,-4.10,0.40,-0.60,-1,,,-3.60,,,-3.60,,,1.20,-0.20,-0.50,0.60,-2.90,-3.70,
2008-12-26 21:50,-2.40,-2.36,-4.71,-2.97,-5.80,-2.89,-2.97,-2.50,-6.79,-2.72,-5.09,-4.59,-7.58,-5.38,-4.63,-5.61,-6.06,-9.67,-4.90,-6.53,-8.48,-8.16,-5.12,,-2.50,-2.59,-3.17,-4.62,-2.66,-4.40,-4.43,-2.76,-9.29,-4.10,-3.87,-4.16,-3.40,-3.83,-6.68,-3.83,-11.10,,-12.16,-2.84,-5.60,-3.04,-3.80,-4.01,-4.23,-4.04,-4.58,-2.90,-3.92,-2.97,-5.01,-4.82,-4.10,-4.20,-4.30,-4.41,-5.23,-5.30,-6.15,-9.79,-6.33,,-3.54,-4.95,-6.30,-7.83,-5.36,-5.34,-3.06,-5.32,-4.25,-2.03,-2.40,-3.48,-2.80,-2.28,-2.56,-2.64,-2.20,-3.69,-1.71,-3.11,-2.68,-2.30,-1.37,-2.22,-4.86,-2.14,-2.52,-2.40,-2.65,-2.55,-4.30,-2.53,-3.41,-3.45,-4.36,-3.62,-3.21,-3.51,-3.30,-2.69,-2.22,-2.50,-2.42,-2.67,-2.54,-4.06,-0.18,-2.92,-2.80,-3.52,-3.40,-3.71,-4.08,-3.41,-2.90,-3.23,-3.26,-4,-1.20,0.16,1.30,-2.93,-2.58,-3.54,-4.20,,-6.30,-14.30,-2.70,-3.30,-4.30,,,,,,,-2.80,-2.20,,-2.70,-2.10,-3.10,-2.76,,,,,,,,-2.40,-2.30,-2.30,-3.30,-4.20,,,,,-2.80,,-2.70,-4,0.40,-0.60,-1,,,-3.60,,,-3.60,,,1.40,-0.20,-0.60,0.50,-2.80,-3.80,
2008-12-26 22:00,-2.40,-2.41,-4.65,-2.96,-5.70,-2.92,-2.97,-2.50,-6.79,-2.68,-5.08,-4.61,-7.64,-5.37,-4.68,-5.60,-5.97,-9.62,-4.80,-6.51,-8.43,-8.07,-5.09,,-2.54,-2.66,-3.16,-4.60,-2.64,-4.40,-4.37,-2.73,-9.34,-4.09,-3.91,-4.12,-3.54,-3.91,-6.66,-3.93,-11.10,,-12.27,-2.94,-5.60,-3.10,-3.90,-4.03,-3.93,-4.09,-4.59,-2.96,-3.99,-2.90,-5.04,-4.93,-4.06,-4.20,-4.40,-4.57,-5.27,-5.40,-6.20,-9.77,-6.36,,-3.62,-4.92,-6.20,-7.81,-5.42,-5.33,-3.08,-5.29,-4.23,-2.06,-2.40,-3.53,-2.88,-2.22,-2.59,-2.72,-2.30,-3.74,-1.68,-3.04,-2.63,-2.40,-1.41,-2.27,-4.83,-2.12,-2.61,-2.40,-2.67,-2.49,-4.34,-2.77,-3.43,-3.48,-4.28,-3.65,-3.19,-3.52,-3.28,-2.63,-2.28,-2.50,-2.38,-2.66,-2.65,-4.11,-0.31,-2.91,-2.70,-3.59,-3.40,-3.69,-4.11,-3.31,-2.90,-3.29,-3.29,-3.95,-1.29,0.04,1.10,-2.95,-2.63,-3.53,-4.20,-3.20,-6.30,-14.50,-2.70,-3.30,-4.30,-4,-4.20,-8.40,-3.70,-2.20,-2.20,-2.80,-2.20,-2.30,-3.10,-2.10,-3.30,-2.60,-3.90,-3.40,-2.60,-2.60,-2.30,-2.80,-2.80,-2.40,-2.30,-2.40,-3.40,-4.30,-2.60,-1.90,-2.50,-3.20,-2.80,-2.30,-2.70,-4,0.40,-0.70,-1,,-2,-3.50,-3.80,-2.80,-3.60,0.50,-0.10,1.50,-0.20,-0.50,0.40,-2.80,-3.80,-3.70
2008-12-26 22:10,-2.40,-2.36,-4.70,-2.92,-5.68,-3.07,-2.97,-2.50,-6.81,-2.60,-5.05,-4.63,-7.64,-5.45,-4.76,-5.63,-6.01,-9.73,-4.90,-6.48,-8.48,-8.29,-5.20,,-2.52,-2.68,-3.13,-4.57,-2.69,-4.40,-4.44,-2.79,-9.33,-4.09,-3.91,-4.11,-3.51,-3.98,-6.73,-4.11,-11.10,,-12.46,-3.06,-5.60,-3.12,-3.90,-4.04,-4.09,-4.16,-4.70,-2.96,-4.08,-2.96,-5.03,-5.03,-4.14,-4.20,-4.38,-4.60,-5.32,-5.40,-6.25,-9.71,-6.44,,-3.59,-5.05,-6.20,-7.82,-5.38,-5.39,-3.10,-5.35,-4.33,-2.18,-2.40,-3.53,-2.80,-2.25,-2.61,-2.80,-2.35,-3.70,-1.67,-2.93,-2.74,-2.50,-1.40,-2.29,-4.79,-2.12,-2.77,-2.40,-2.89,-2.48,-4.33,-2.79,-3.39,-3.47,-4.31,-3.66,-3.18,-3.60,-3.25,-2.56,-2.25,-2.50,-2.43,-2.76,-2.55,-4.11,-0.30,-2.88,-2.78,-3.55,-3.40,-3.61,-4.06,-3.47,-2.90,-3.37,-3.32,-3.93,-1.07,0.16,1,-2.92,-2.65,-3.41,-4.20,,-6.30,-14.50,-2.60,-3.30,-4.30,,,,,,,-2.90,-2.20,,-3.10,-2.10,-3.50,-2.77,,,,,,,,-2.40,-2.30,-2.40,-3.40,-4.20,,,,,-2.80,,-2.80,-4,0.40,-0.70,-1,,,-3.50,,,-3.80,,,1.30,-0.20,-0.50,0.40,-2.80,-3.80,
2008-12-26 22:20,-2.30,-2.35,-4.78,-2.88,-5.70,-3.08,-2.99,-2.50,-6.81,-2.66,-5.12,-4.66,-7.63,-5.43,-4.82,-5.65,-5.96,-9.68,-4.90,-6.41,-8.55,-7.97,-5.11,,-2.51,-2.63,-3.13,-4.59,-2.70,-4.40,-4.53,-2.87,-9.37,-4.11,-3.96,-4.08,-3.45,-4.02,-6.71,-3.96,-11.20,,-12.50,-3.05,-5.60,-3.20,-3.90,-4.11,-4.23,-4.12,-4.79,-2.92,-4.07,-2.89,-5.06,-4.99,-4.14,-4.20,-4.31,-4.58,-5.32,-5.50,-6.27,-9.75,-6.44,,-3.63,-5.12,-6.20,-7.86,-5.64,-5.48,-3.16,-5.30,-4.26,-2.02,-2.40,-3.61,-2.80,-2.17,-2.64,-2.80,-2.40,-3.70,-1.69,-3.04,-2.69,-2.60,-1.49,-2.27,-4.83,-2.15,-2.92,-2.40,-2.90,-2.55,-4.28,-2.90,-3.43,-3.48,-4.39,-3.73,-3.18,-3.58,-3.28,-2.65,-2.23,-2.50,-2.43,-2.80,-2.63,-4.15,-0.29,-2.93,-2.83,-3.54,-3.50,-3.65,-3.98,-3.55,-2.90,-3.49,-3.25,-3.93,-1.03,0.20,1.10,-3.02,-2.90,-3.45,-4.20,,-6.40,-14.50,-2.70,-3.40,-4.40,,,,,,,-2.80,-2.20,,-3.10,-2.20,-3.70,-2.75,,,,,,,,-2.40,-2.40,-2.40,-3.50,-4.20,,,,,-2.80,,-2.80,-4.10,0.40,-0.70,-1,,,-3.50,,,-3.80,,,1.20,-0.10,-0.50,0.40,-2.80,-3.80,
2008-12-26 22:30,-2.30,-2.39,-4.66,-2.86,-5.70,-2.99,-3.03,-2.50,-6.76,-2.63,-5.12,-4.62,-7.66,-5.32,-4.84,-5.76,-6,-9.66,-4.90,-6.42,-8.61,-8.15,-5.11,,-2.46,-2.64,-3.11,-4.58,-2.77,-4.50,-4.50,-2.84,-9.33,-4.03,-3.98,-4.19,-3.53,-4.05,-6.71,-3.97,-11.30,,-12.32,-3.16,-5.60,-3.32,-3.90,-4.07,-3.99,-4.13,-4.61,-3.05,-3.96,-2.91,-5.15,-4.94,-4.13,-4.20,-4.43,-4.58,-5.33,-5.40,-6.29,-9.84,-6.49,,-3.43,-5.14,-6.20,-7.74,-5.56,-5.41,-3.17,-5.32,-4.26,-2.09,-2.50,-3.59,-2.80,-2.33,-2.71,-2.80,-2.42,-3.62,-1.68,-3.10,-2.73,-2.60,-1.56,-2.29,-4.85,-2.18,-3.01,-2.40,-2.73,-2.60,-4.33,-2.87,-3.40,-3.52,-4.40,-3.69,-3.21,-3.61,-3.29,-2.76,-2.24,-2.50,-2.43,-2.77,-2.62,-4.18,-0.30,-3,-2.85,-3.59,-3.50,-3.64,-3.94,-3.30,-2.90,-3.51,-3.31,-3.80,-1.21,0.19,1.10,-3.09,-2.90,-3.45,-4.20,,-6.40,-14.60,-2.70,-3.40,-4.40,,,,,,,-2.80,-2.30,,-3.20,-2.20,-3.80,-2.79,,,,,,,,-2.50,-2.40,-2.40,-3.60,-4.20,,,,,-2.80,,-2.80,-4.10,0.40,-0.70,-1,,,-3.50,,,-3.90,,,1.20,0,-0.60,0.30,-2.80,-3.80,
2008-12-26 22:40,-2.40,-2.39,-4.67,-2.85,-5.70,-3.20,-3.14,-2.50,-6.73,-2.71,-5.07,-4.59,-7.70,-5.40,-4.88,-5.86,-6.05,-9.74,-4.90,-6.52,-8.67,-8.28,-5.09,,-2.46,-2.62,-3.21,-4.68,-2.80,-4.50,-4.51,-2.86,-9.36,-4.16,-3.92,-4.20,-3.72,-4.05,-6.62,-4.04,-11.30,,-12.33,-3.24,-5.50,-3.38,-3.90,-4.07,-4.22,-4.19,-4.66,-3.07,-4.05,-2.97,-5.21,-5.03,-4.18,-4.30,-4.49,-4.46,-5.35,-5.50,-6.42,-9.81,-6.51,,-3.63,-5.17,-6.20,-7.77,-5.65,-5.35,-3.21,-5.31,-4.33,-2.18,-2.50,-3.50,-2.90,-2.38,-2.73,-2.90,-2.24,-3.77,-1.76,-3.11,-2.66,-2.70,-1.55,-2.39,-4.72,-2.31,-3.09,-2.40,-2.68,-2.54,-4.38,-2.97,-3.43,-3.48,-4.42,-3.74,-3.22,-3.64,-3.30,-2.69,-2.19,-2.50,-2.59,-2.84,-2.60,-4.19,-0.35,-2.87,-2.86,-3.59,-3.50,-3.61,-4.05,-3.30,-2.90,-3.49,-3.18,-3.96,-1.04,0.22,1,-3.10,-2.74,-3.51,-4.20,,-6.40,-14.60,-2.70,-3.50,-4.40,,,,,,,-2.80,-2.30,,-3.20,-2.30,-3.80,-2.80,,,,,,,,-2.50,-2.40,-2.40,-3.70,-4.20,,,,,-2.80,,-2.80,-4,0.40,-0.80,-1,,,-3.50,,,-3.90,,,1.20,0,-0.70,0.20,-2.80,-3.80,
2008-12-26 22:50,-2.40,-2.40,-4.71,-2.84,-5.80,-3.15,-3.17,-2.50,-6.66,-2.79,-5.10,-4.62,-7.73,-5.45,-4.97,-5.68,-6.03,-9.68,-4.90,-6.55,-8.63,-8.12,-5.20,,-2.57,-2.65,-3.18,-4.69,-2.85,-4.50,-4.46,-2.88,-9.44,-4.22,-4.06,-4.30,-3.75,-4.09,-6.63,-3.99,-11.30,,-12.27,-3.34,-5.60,-3.42,-4,-4.10,-4.22,-4.25,-4.82,-3.07,-4.08,-2.99,-5.22,-5.04,-4.18,-4.30,-4.51,-4.47,-5.44,-5.50,-6.38,-9.88,-6.52,,-3.49,-5.13,-6.20,-7.86,-5.54,-5.43,-3.22,-5.36,-4.34,-2.18,-2.50,-3.50,-2.90,-2.17,-2.65,-2.90,-2.45,-3.79,-1.75,-3.05,-2.70,-2.80,-1.58,-2.48,-4.73,-2.37,-3.34,-2.40,-2.97,-2.63,-4.51,-2.98,-3.44,-3.50,-4.42,-3.77,-3.25,-3.63,-3.33,-2.62,-2.19,-2.50,-2.59,-2.70,-2.60,-4.18,-0.34,-2.91,-2.83,-3.57,-3.50,-3.67,-4.11,-3.34,-2.90,-3.53,-3.26,-3.92,-1.14,0.18,0.70,-2.97,-2.69,-3.57,-4.20,,-6.40,-14.60,-2.70,-3.50,-4.40,,,,,,,-2.80,-2.30,,-3.20,-2.30,-3.90,-2.78,,,,,,,,-2.50,-2.40,-2.40,-3.70,-4.20,,,,,-2.80,,-2.90,-4.20,0.40,-0.90,-1,,,-3.50,,,-3.90,,,1.20,-0.10,-0.70,0.10,-2.80,-3.80,
2008-12-26 23:00,-2.40,-2.32,-4.69,-2.84,-5.80,-2.97,-3.14,-2.50,-6.75,-2.68,-5.15,-4.66,-7.74,-5.41,-4.97,-5.79,-6.08,-9.64,-4.90,-6.42,-8.58,-8.22,-5.24,,-2.54,-2.69,-3.23,-4.72,-2.87,-4.50,-4.55,-2.91,-9.47,-4.21,-4.15,-4.43,-3.64,-4.08,-6.65,-4.11,-11.40,,-12.11,-3.42,-5.60,-3.47,-4,-4.13,-4.12,-4.28,-4.70,-3.13,-4.16,-3.04,-5.38,-4.86,-4.24,-4.30,-4.40,-4.50,-5.51,-5.50,-6.43,-9.98,-6.54,,-3.67,-5.07,-6.20,-7.77,-5.67,-5.36,-3.23,-5.40,-4.29,-2.23,-2.50,-3.64,-2.80,-2.10,-2.68,-2.90,-2.43,-3.81,-1.83,-3.15,-2.80,-2.80,-1.72,-2.48,-4.86,-2.43,-3.39,-2.40,-2.74,-2.76,-4.42,-2.91,-3.45,-3.48,-4.43,-3.78,-3.22,-3.64,-3.37,-2.54,-2.26,-2.50,-2.59,-2.71,-2.57,-4.11,-0.46,-3.06,-2.89,-3.60,-3.50,-3.67,-4.07,-3.45,-3,-3.56,-3.27,-3.93,-1.24,0.19,0.70,-2.96,-2.74,-3.56,-4.20,-3.20,-6.40,-14.60,-2.70,-3.50,-4.40,-4.10,-4.30,-8.70,-3.70,-2.20,-2.30,-2.90,-2.30,-2.20,-3.20,-2.30,-3.90,-2.70,-4,-3.50,-2.80,-2.60,-2.50,-2.80,-2.80,-2.50,-2.40,-2.50,-3.80,-4.40,-2.50,-1.70,-2.60,-3.10,-2.80,-2.30,-2.90,-4.20,0.40,-0.90,-0.90,-1.90,-1.70,-3.40,-3.80,-2.80,-3.90,0.60,0,1.20,0,-0.70,0,-2.90,-3.80,-3.70
2008-12-26 23:10,-2.40,-2.26,-4.72,-2.74,-5.82,-2.91,-3.12,-2.50,-6.76,-2.73,-5.04,-4.68,-7.81,-5.42,-5.05,-5.98,-6.15,-9.67,-4.80,-6.45,-8.69,-8.32,-5.24,,-2.48,-2.75,-3.18,-4.80,-2.89,-4.50,-4.54,-3,-9.56,-4.24,-4.09,-4.41,-3.63,-4.21,-6.76,-4.32,-11.30,,-11.80,-3.20,-5.60,-3.44,-4.10,-4.10,-4.20,-4.19,-4.71,-3.17,-4.19,-3.18,-5.39,-4.98,-4.26,-4.30,-4.30,-4.49,-5.57,-5.60,-6.34,-9.82,-6.52,,-3.77,-5.11,-6.30,-7.73,-5.85,-5.36,-3.22,-5.33,-4.27,-2.22,-2.50,-3.55,-2.90,-2.24,-2.79,-2.90,-2.56,-3.78,-1.85,-3.16,-2.86,-2.90,-1.73,-2.45,-5,-2.54,-3.67,-2.50,-2.65,-2.77,-4.38,-2.95,-3.50,-3.67,-4.44,-3.82,-3.25,-3.69,-3.36,-2.71,-2.29,-2.50,-2.61,-2.83,-2.59,-4.16,-0.47,-2.88,-2.96,-3.66,-3.50,-3.59,-4.10,-3.50,-2.90,-3.60,-3.34,-4.21,-1.22,0.26,0.50,-2.92,-2.74,-3.48,-4.20,,-6.40,-14.50,-2.70,-3.60,-4.50,,,,,,,-2.80,-2.30,,-3.20,-2.30,-4,-2.85,,,,,,,,-2.50,-2.50,-2.40,-4,-4.40,,,,,-2.80,,-3,-4.30,0.40,-0.90,-0.90,,,-3.40,,,-4,,,1.20,0,-0.70,0,-2.90,-3.80,
2008-12-26 23:20,-2.40,-2.23,-4.81,-2.63,-5.82,-3.09,-3.10,-2.50,-6.65,-2.77,-5.13,-4.69,-7.74,-5.45,-5.17,-5.90,-6.26,-9.69,-4.90,-6.40,-8.55,-8.12,-5.23,,-2.52,-2.74,-3.22,-4.75,-2.98,-4.50,-4.55,-3.06,-9.60,-4.26,-4.15,-4.42,-3.65,-4.30,-6.89,-4.25,-11.30,,-11.69,-3.09,-5.70,-3.45,-4.10,-4.10,-4.42,-4.23,-4.86,-3.20,-4.18,-3.21,-5.38,-4.88,-4.35,-4.30,-4.35,-4.53,-5.54,-5.60,-6.36,-9.89,-6.53,,-3.78,-5.01,-6.20,-7.75,-5.37,-5.41,-3.30,-5.29,-4.27,-2.20,-2.50,-3.58,-2.90,-2.21,-2.75,-2.90,-2.39,-3.84,-1.82,-3.26,-2.88,-2.80,-1.80,-2.46,-5.09,-2.52,-3.57,-2.50,-2.96,-2.80,-4.41,-2.98,-3.63,-3.73,-4.40,-3.86,-3.29,-3.75,-3.33,-2.74,-2.26,-2.60,-2.71,-2.84,-2.64,-4.22,-0.36,-3.01,-2.94,-3.66,-3.60,-3.61,-3.98,-3.51,-3,-3.68,-3.27,-4.15,-1.16,0.27,0.60,-2.86,-2.86,-3.44,-4.20,,-6.40,-14.60,-2.70,-3.60,-4.60,,,,,,,-2.80,-2.30,,-3.20,-2.40,-4,-2.84,,,,,,,,-2.60,-2.50,-2.40,-3.90,-4.60,,,,,-2.70,,-3,-4.40,1.30,-0.90,-0.90,,,-3.40,,,-4,,,1.10,0,-0.80,0.10,-2.90,-3.80,
2008-12-26 23:30,-2.40,-2.21,-4.77,-2.71,-5.91,-3.01,-3.18,-2.50,-6.66,-2.79,-5.14,-4.74,-7.74,-5.46,-5.18,-5.93,-6.19,-9.67,-4.90,-6.37,-8.70,-8.17,-5.12,,-2.58,-2.83,-3.27,-4.74,-3.10,-4.50,-4.57,-3.08,-9.63,-4.38,-4.21,-4.55,-3.75,-4.22,-6.87,-4.30,-11.20,,-11.63,-3.17,-5.70,-3.49,-4.10,-4.12,-4.31,-4.30,-4.84,-3.29,-4.15,-3.17,-5.41,-4.98,-4.22,-4.40,-4.39,-4.51,-5.52,-5.60,-6.43,-9.88,-6.57,,-3.76,-5.14,-6.30,-7.82,-5.70,-5.54,-3.24,-5.32,-4.29,-2.22,-2.50,-3.65,-2.90,-2.12,-2.74,-2.90,-2.38,-3.74,-1.79,-3.36,-2.84,-2.80,-1.81,-2.46,-5.18,-2.61,-3.60,-2.50,-3.01,-2.68,-4.36,-3.02,-3.73,-3.71,-4.39,-3.87,-3.17,-3.72,-3.25,-2.62,-2.23,-2.50,-2.75,-2.84,-2.57,-4.33,-0.50,-2.96,-2.81,-3.60,-3.60,-3.58,-4.10,-3.51,-3,-3.60,-3.30,-3.93,-1.17,0.19,0.50,-2.87,-3.02,-3.64,-4.30,,-6.30,-14.60,-2.70,-3.60,-4.60,,,,,,,-2.90,-2.30,,-3.10,-2.50,-4.10,-2.80,,,,,,,,-2.60,-2.50,-2.40,-3.90,-4.60,,,,,-2.80,,-3,-4.30,1.50,-0.70,-0.90,,,-3.40,,,-4,,,1.10,0,-0.80,0.10,-3,-3.80,
2008-12-26 23:40,-2.40,-2.19,-4.80,-2.72,-5.87,-2.96,-3.15,-2.50,-6.61,-2.85,-5.14,-4.71,-7.73,-5.46,-5.18,-5.96,-6.22,-9.61,-4.80,-6.46,-8.57,-8.26,-5.08,,-2.49,-2.88,-3.31,-4.80,-3.19,-4.50,-4.57,-3.18,-9.71,-4.44,-4.22,-4.48,-3.75,-4.19,-6.97,-4.32,-11.30,,-11.62,-3.16,-5.80,-3.49,-4.10,-4.15,-4.38,-4.27,-4.97,-3.18,-4.16,-3.24,-5.43,-4.98,-4.33,-4.40,-4.50,-4.56,-5.51,-5.60,-6.39,-9.97,-6.62,,-3.68,-5.21,-6.30,-7.79,-5.76,-5.32,-3.27,-5.39,-4.21,-2.12,-2.50,-3.50,-2.90,-2.18,-2.77,-2.90,-2.42,-3.69,-1.85,-3.27,-2.88,-2.70,-1.84,-2.49,-5.08,-2.63,-3.62,-2.50,-2.85,-2.70,-4.35,-2.96,-3.67,-3.76,-4.50,-3.90,-3.10,-3.84,-3.30,-2.60,-2.23,-2.50,-2.69,-2.84,-2.51,-4.50,-0.40,-2.88,-2.78,-3.68,-3.60,-3.62,-4.09,-3.53,-3,-3.70,-3.38,-3.77,-1.32,0.19,0.50,-2.88,-3.04,-3.53,-4.30,,-6.30,-14.50,-2.80,-3.70,-4.60,,,,,,,-2.80,-2.30,,-3.20,-2.50,-4.10,-2.79,,,,,,,,-2.50,-2.50,-2.50,-3.80,-4.70,,,,,-2.80,,-3,-4.40,1.50,-0.60,-0.90,,,-3.40,,,-4.10,,,1,0,-0.80,0.10,-3,-3.80,
2008-12-26 23:50,-2.40,-2.26,-4.75,-2.78,-5.99,-3.02,-3.12,-2.50,-6.63,-2.87,-5.16,-4.70,-7.72,-5.42,-5.31,-5.86,-6.33,-9.58,-4.90,-6.50,-8.64,-8.07,-5.11,,-2.57,-2.83,-3.33,-4.96,-3.23,-4.50,-4.69,-3.12,-9.63,-4.44,-4.18,-4.49,-3.55,-4.15,-7.02,-4.39,-11.30,,-11.51,-3.26,-5.90,-3.44,-4.10,-4.17,-4.44,-4.27,-5.06,-3.31,-4.23,-3.12,-5.54,-5.07,-4.35,-4.50,-4.56,-4.63,-5.51,-5.60,-6.36,-10,-6.62,,-3.68,-5.22,-6.30,-7.81,-5.71,-5.35,-3.23,-5.30,-4.20,-2.06,-2.50,-3.56,-2.90,-2.34,-2.85,-2.90,-2.45,-3.82,-1.89,-3.34,-3.01,-2.70,-1.94,-2.51,-5.20,-2.59,-3.62,-2.50,-2.85,-2.77,-4.32,-2.99,-3.66,-3.74,-4.47,-3.88,-3.13,-3.82,-3.38,-2.67,-2.18,-2.50,-2.62,-2.91,-2.52,-4.50,-0.54,-2.83,-2.80,-3.59,-3.50,-3.63,-4.01,-3.45,-3,-3.62,-3.38,-3.91,-1.16,0.28,0.50,-2.85,-2.67,-3.42,-4.30,,-6.30,-14.50,-2.80,-3.70,-4.70,,,,,,,-2.80,-2.30,,-3.20,-2.50,-4,-2.84,,,,,,,,-2.50,-2.50,-2.40,-3.90,-4.60,,,,,-2.70,,-3,-4.40,1.70,-0.60,-0.90,,,-3.40,,,-4,,,0.80,0.10,-0.80,0.10,-2.90,-3.80,
2008-12-27 00:00,-2.40,-2.29,-4.79,-2.75,-5.92,-3.06,-3.11,-2.50,-6.64,-2.81,-5.11,-4.67,-7.72,-5.45,-5.32,-5.91,-6.34,-9.68,,-6.44,-8.65,-8.37,-5.09,,-2.69,-2.87,-3.33,-5.16,-3.23,-4.50,-4.62,-3.20,-9.62,-4.34,-4.16,-4.46,-3.67,-4.17,-7.06,-4.47,-11.50,,-11.37,-3.48,-5.90,-3.50,-4.20,-4.22,-4.17,-4.22,-5.01,-3.31,-4.30,-3.19,-5.65,-5.09,-4.39,-4.40,-4.43,-4.65,-5.54,-5.60,-6.38,-10.07,-6.58,,-3.62,-5.23,-6.30,-7.89,-5.79,-5.50,-3.24,-5.41,-4.23,-2.10,-2.50,-3.61,-2.90,-2.39,-2.87,-2.90,-2.40,-3.84,-1.92,-3.35,-2.83,-2.80,-1.98,-2.52,-5.37,-2.66,-3.58,-2.60,-2.81,-2.73,-4.31,-3.08,-3.62,-3.82,-4.54,-3.95,-3.22,-3.74,-3.39,-2.72,-2.19,-2.50,-2.62,-2.92,-2.69,-4.48,-0.53,-2.84,-2.93,-3.66,-3.60,-3.52,-4.13,-3.30,-3,-3.59,-3.36,-4.08,-1.20,0.17,0.60,-2.72,-2.76,-3.60,-4.30,-3.20,-6.40,-14.60,-2.90,-3.70,-4.70,-4,-4.20,-8.60,-3.80,-2.20,-2.40,-2.80,-2.30,-2.30,-3.40,-2.50,-3.90,-2.70,-4.10,-3.50,-2.70,-2.70,-2.60,-2.80,-3,-2.50,-2.50,-2.50,-4,-4.70,-2.40,-1.70,-2.50,-3.10,-2.70,-2.20,-3.10,-4.30,1.70,-0.60,-0.90,-1.80,-2.10,-3.30,-3.70,,-4.20,,0,0.80,0.20,-0.80,0.10,-2.90,-3.80,-3.70
2008-12-27 00:10,-2.40,-2.21,-4.82,-2.84,-6.12,-3.07,-3.12,-2.50,-6.69,-2.82,-5.07,-4.65,-7.73,-5.50,-5.27,-6.08,-6.38,-9.76,-4.90,-6.65,-8.67,-8.32,-5.16,,-2.74,-2.88,-3.33,-5.19,-3.17,-4.60,-4.64,-3.29,-9.70,-4.34,-4.17,-4.54,-3.70,-4.13,-7.14,-4.43,-12.20,,-11.52,-3.47,-5.80,-3.54,-4.20,-4.17,-4.31,-4.22,-5.10,-3.36,-4.15,-3.31,-5.61,-5.25,-4.43,-4.50,-4.51,-4.73,-5.50,-5.60,-6.43,-10.09,-6.58,,-3.60,-5.19,-6.30,-7.86,-5.69,-5.30,-3.26,-5.35,-4.36,-2.10,-2.50,-3.55,-3,-2.24,-2.84,-2.90,-2.46,-3.84,-1.92,-3.41,-2.87,-2.80,-2,-2.49,-5.29,-2.68,-3.66,-2.60,-2.81,-2.76,-4.38,-3.05,-3.72,-3.88,-4.50,-3.96,-3.21,-3.77,-3.33,-2.81,-2.25,-2.50,-2.62,-2.94,-2.70,-4.62,-0.53,-2.85,-3.01,-3.72,-3.60,-3.62,-4.07,-3.36,-2.90,-3.65,-3.35,-4.06,-1.52,0.18,0.70,-2.79,-2.89,-3.46,-4.40,,-6.40,-14.60,-2.90,-3.70,-4.80,,,,,,,-2.80,-2.30,,-3.40,-2.60,-3.90,-2.94,,,,,,,,-2.50,-2.50,-2.40,-4,-4.70,,,,,-2.70,,-3.10,-4.40,1.70,-0.60,-0.90,,,-3.30,,,-4.20,,,1,0.30,-0.80,0.10,-2.90,-3.80,
2008-12-27 00:20,-2.40,-2.23,-4.88,-2.83,-6.12,-3.22,-3.20,-2.50,-6.66,-2.91,-5.08,-4.70,-7.75,-5.46,-5.38,-6.26,-6.29,-9.71,-5,-6.75,-8.72,-8.03,-5.14,,-2.84,-2.91,-3.39,-5.19,-3.25,-4.60,-4.59,-3.14,-9.63,-4.46,-4.15,-4.49,-3.73,-4.16,-7.13,-4.34,-12.50,,-11.90,-3.52,-5.90,-3.65,-4.30,-4.25,-4.22,-4.27,-5.07,-3.22,-4.32,-3.33,-5.62,-5.31,-4.54,-4.50,-4.53,-4.78,-5.60,-5.70,-6.36,-10.06,-6.65,,-3.65,-5.16,-6.30,-7.82,-5.47,-5.43,-3.31,-5.29,-4.20,-2.13,-2.50,-3.53,-3,-2.43,-2.79,-2.90,-2.33,-3.83,-1.93,-3.32,-2.90,-2.80,-2.14,-2.44,-5.47,-2.67,-3.73,-2.60,-2.88,-2.89,-4.49,-3.24,-3.79,-3.86,-4.56,-3.98,-3.25,-3.76,-3.31,-2.88,-2.30,-2.50,-2.63,-2.97,-2.66,-4.67,-0.49,-2.90,-3.02,-3.74,-3.70,-3.57,-4.03,-3.35,-3,-3.62,-3.45,-4.17,-1.47,0.22,0.70,-2.86,-2.71,-3.54,-4.40,,-6.50,-14.70,-2.90,-3.70,-4.80,,,,,,,-2.80,-2.30,,-3.60,-2.60,-3.80,-2.94,,,,,,,,-2.50,-2.50,-2.40,-4.10,-4.70,,,,,-2.60,,-3.10,-4.40,1.70,-0.60,-0.80,,,-3.30,,,-4.10,,,1.10,0.50,-0.80,0.10,-3,-3.80,
2008-12-27 00:30,-2.40,-2.30,-4.83,-2.78,-6.20,-3.25,-3.23,-2.60,-6.63,-2.88,-5.17,-4.70,-7.76,-5.52,-5.34,-6.18,-6.29,-9.62,-4.90,-6.75,-8.75,-8.11,-5.23,,-2.79,-2.95,-3.42,-5.25,-3.30,-4.60,-4.69,-3.06,-9.75,-4.47,-4.17,-4.54,-3.65,-4.16,-7.19,-4.31,-12.90,,-11.99,-3.39,-6,-3.73,-4.30,-4.24,-4.32,-4.35,-4.98,-3.36,-4.27,-3.35,-5.63,-5.34,-4.60,-4.50,-4.52,-4.80,-5.61,-5.70,-6.45,-10.10,-6.64,,-3.65,-5.15,-6.40,-7.81,-5.66,-5.47,-3.36,-5.34,-4.32,-2.09,-2.50,-3.55,-2.90,-2.25,-2.80,-3,-2.43,-3.90,-2.02,-3.34,-3.01,-2.90,-2.15,-2.51,-5.36,-2.59,-3.77,-2.60,-2.73,-2.98,-4.64,-3.40,-3.78,-3.88,-4.67,-3.89,-3.22,-3.82,-3.25,-2.72,-2.36,-2.50,-2.55,-2.87,-2.58,-4.70,-0.40,-2.87,-3.02,-3.71,-3.70,-3.57,-4,-3.48,-2.90,-3.71,-3.38,-4.25,-1.50,0.24,0.80,-2.85,-2.73,-3.53,-4.40,,-6.50,-14.70,-3,-3.80,-4.80,,,,,,,-2.70,-2.30,,-3.90,-2.60,-3.80,-2.92,,,,,,,,-2.60,-2.50,-2.40,-4,-4.70,,,,,-2.70,,-3.10,-4.40,1.70,-0.60,-0.80,,,-3.30,,,-4.10,,,1.10,0.50,-0.80,0.10,-3,-3.80,
2008-12-27 00:40,-2.40,-2.44,-4.80,-2.87,-6.16,-3.29,-3.19,-2.60,-6.60,-2.85,-5.11,-4.75,-7.79,-5.42,-5.32,-6,-6.38,-9.69,-4.90,-6.76,-8.87,-8.28,-5.31,,-2.75,-2.90,-3.43,-5.26,-3.35,-4.60,-4.69,-3.09,-9.77,-4.43,-4.32,-4.65,-3.67,-4.21,-7.25,-4.49,-12.60,,-12.09,-3.49,-6,-3.79,-4.40,-4.22,-4.37,-4.42,-5.25,-3.43,-4.28,-3.43,-5.63,-5.33,-4.57,-4.60,-4.68,-4.82,-5.69,-5.70,-6.46,-10.12,-6.68,,-3.73,-5.18,-6.30,-7.77,-5.72,-5.41,-3.37,-5.32,-4.27,-2.13,-2.50,-3.52,-3,-2.24,-2.77,-2.90,-2.54,-3.86,-2.02,-3.36,-3.08,-3,-2.25,-2.53,-5.34,-2.61,-3.76,-2.60,-2.77,-3.01,-4.62,-3.35,-3.74,-3.92,-4.74,-3.90,-3.20,-3.75,-3.41,-2.85,-2.38,-2.50,-2.58,-2.93,-2.60,-4.74,-0.53,-2.88,-2.94,-3.71,-3.70,-3.63,-3.98,-3.40,-3,-3.74,-3.34,-4.23,-1.51,0.33,0.60,-2.83,-2.66,-3.63,-4.40,,-6.60,-14.60,-3,-3.80,-4.80,,,,,,,-2.70,-2.30,,-4,-2.60,-3.70,-2.95,,,,,,,,-2.60,-2.60,-2.40,-4,-4.70,,,,,-2.70,,-3.20,-4.40,1.60,-0.50,-0.80,,,-3.30,,,-4.10,,,1,0.60,-0.90,0,-3,-3.80,
2008-12-27 00:50,-2.40,-2.50,-4.80,-2.79,-6.30,-3.32,-3.18,-2.60,-6.63,-2.82,-5.15,-4.77,-7.81,-5.42,-5.35,-6.14,-6.37,-9.72,-5,-6.82,-9.13,-8.31,-5.40,,-2.89,-2.86,-3.46,-5.23,-3.37,-4.70,-4.73,-3.09,-9.77,-4.46,-4.35,-4.61,-3.72,-4.21,-7.29,-4.70,-12.50,,-12.21,-3.61,-6.10,-3.77,-4.40,-4.25,-4.41,-4.46,-5.07,-3.40,-4.25,-3.37,-5.68,-5.32,-4.62,-4.60,-4.61,-4.85,-5.74,-5.70,-6.47,-10.05,-6.75,,-3.72,-5.19,-6.40,-7.90,-5.35,-5.51,-3.39,-5.32,-4.33,-2.21,-2.50,-3.56,-3,-2.55,-2.78,-3,-2.48,-3.92,-1.95,-3.43,-3.27,-3.10,-2.29,-2.68,-5.41,-2.72,-3.60,-2.80,-2.72,-2.96,-4.59,-3.33,-3.80,-3.87,-4.75,-3.98,-3.25,-3.72,-3.33,-2.82,-2.38,-2.50,-2.70,-2.94,-2.64,-4.76,-0.58,-2.86,-2.97,-3.72,-3.70,-3.62,-4.01,-3.44,-3,-3.63,-3.36,-4.10,-1.34,0.31,0.50,-2.76,-2.78,-3.74,-4.40,,-6.70,-14.70,-3,-3.80,-4.90,,,,,,,-2.70,-2.30,,-4,-2.60,-3.60,-2.91,,,,,,,,-2.60,-2.60,-2.30,-4.10,-4.80,,,,,-2.60,,-3.20,-4.40,1.50,-0.50,-0.80,,,-3.30,,,-4.10,,,0.90,0.10,-0.80,0,-3,-3.80,
2008-12-27 01:00,-2.50,-2.32,-4.79,-2.85,-6.20,-3.10,-3.19,-2.60,-6.71,-2.87,-5.14,-4.79,-7.87,-5.48,-5.36,-6.04,-6.29,-9.74,-5,-6.88,-9.32,-8.34,-5.41,,-2.82,-2.95,-3.45,-5.40,-3.35,-4.70,-4.84,-3.08,-9.85,-4.52,-4.35,-4.59,-3.81,-4.31,-7.32,-4.66,-12.80,,-12.50,-3.61,-6.30,-3.71,-4.40,-4.29,-4.59,-4.45,-5.23,-3.40,-4.22,-3.36,-5.62,-5.31,-4.68,-4.70,-4.76,-4.89,-5.71,-5.70,-6.52,-10.17,-6.82,,-3.60,-5.20,-6.40,-7.89,-5.53,-5.49,-3.41,-5.25,-4.36,-2.17,-2.50,-3.57,-3,-2.43,-2.86,-2.90,-2.44,-3.89,-1.95,-3.46,-3.54,-3.10,-2.37,-2.77,-5.41,-2.67,-3.69,-2.90,-2.73,-2.92,-4.60,-3.36,-3.82,-3.91,-4.75,-3.94,-3.10,-3.67,-3.37,-2.86,-2.41,-2.50,-2.70,-2.99,-2.64,-4.73,-0.46,-2.75,-3.04,-3.72,-3.70,-3.67,-3.96,-3.41,-3,-3.83,-3.37,-4.07,-1.33,0.38,0.50,-2.75,-2.97,-3.76,-4.30,-3.30,-6.70,-14.60,-3.20,-3.80,-4.90,-3.90,-4.20,-8.90,-3.90,-2.30,-2.50,-2.70,-2.30,-2.60,-4.20,-2.60,-3.50,-2.90,,-3.50,-2.70,-2.70,-2.60,-2.90,-3,-2.50,-2.60,-2.30,-4,-5,-2.30,-1.60,-2.50,-3,-2.60,-2.40,-3.20,-4.40,1.30,-0.50,-0.80,-1.80,-2.30,-3.30,-3.70,-2.70,-4.20,,0.30,0.70,-0.20,-0.90,-0.10,-3,-3.80,-3.70
2008-12-27 01:10,-2.50,-2.36,-4.95,-2.84,-6.30,-3.24,-3.33,-2.60,-6.68,-2.81,-5.10,-4.78,-7.81,-5.47,-5.41,-5.86,-6.37,-9.82,-5,-7.01,-9.61,-8.44,-5.40,,-2.90,-2.96,-3.44,-5.44,-3.37,-4.70,-4.88,-3.15,-9.80,-4.58,-4.39,-4.62,-3.81,-4.30,-7.34,-4.65,-13.30,,-12.68,-3.48,-6.30,-3.74,-4.40,-4.34,-4.50,-4.40,-5.32,-3.39,-4.22,-3.32,-5.68,-5.36,-4.71,-4.70,-4.73,-4.94,-5.70,-5.80,-6.65,-10.19,-6.77,,-3.55,-5.23,-6.40,-7.90,-5.68,-5.45,-3.48,-5.26,-4.38,-2.19,-2.50,-3.62,-2.90,-2.25,-2.88,-2.76,-2.42,-3.93,-1.99,-3.48,-3.58,-3.20,-2.55,-2.78,-5.33,-2.73,-3.72,-3.10,-2.91,-2.99,-4.55,-3.33,-3.81,-3.88,-4.84,-3.96,-3.30,-3.86,-3.36,-2.86,-2.39,-2.50,-2.73,-3.01,-2.71,-4.71,-0.41,-2.87,-2.93,-3.78,-3.70,-3.69,-3.93,-3.30,-2.90,-3.58,-3.51,-4.12,-1.46,0.14,0.50,-2.72,-2.86,-3.69,-4.40,,-6.80,-14.70,-3.30,-3.80,-5,,,,,,,-2.80,-2.40,,-4.30,-2.60,-3.40,-2.95,,,,,,,,-2.60,-2.60,-2.40,-4.20,-5,,,,,-2.60,,-3.30,-4.60,1.30,-0.50,-0.80,,,-3.30,,,-4.10,,,0.70,-0.50,-0.90,-0.10,-3,-3.80,
2008-12-27 01:20,-2.50,-2.42,-4.93,-2.81,-6.10,-3.19,-3.27,-2.60,-6.69,-2.85,-5.12,-4.80,-7.85,-5.48,-5.51,-5.97,-6.31,-9.79,-5,-7.06,-9.68,-8.77,-5.43,,-2.85,-2.92,-3.43,-5.46,-3.39,-4.80,-4.84,-3.12,-9.73,-4.59,-4.37,-4.62,-3.72,-4.29,-7.43,-4.89,-13.70,,-13.25,-3.44,-6.30,-3.80,-4.30,-4.40,-4.41,-4.46,-5.33,-3.37,-4.18,-3.37,-5.73,-5.38,-4.80,-4.80,-4.65,-4.94,-5.68,-5.80,-6.60,-10.23,-6.78,,-3.63,-5.16,-6.40,-7.93,-5.48,-5.41,-3.35,-5.42,-4.42,-2.18,-2.50,-3.69,-3,-2.22,-2.90,-2.69,-2.43,-3.94,-1.99,-3.48,-3.47,-3.30,-2.63,-2.76,-5.42,-2.78,-3.63,-3.20,-2.82,-2.93,-4.58,-3.33,-3.93,-3.88,-4.96,-4.01,-3.36,-3.64,-3.40,-2.84,-2.34,-2.50,-2.83,-3.08,-2.73,-4.68,-0.57,-3.01,-2.97,-3.87,-3.80,-3.62,-3.84,-3.22,-3,-3.84,-3.44,-4.12,-1.55,0.10,0.50,-2.76,-2.77,-3.66,-4.40,,-6.90,-14.60,-3.30,-3.80,-4.90,,,,,,,-2.80,-2.50,,-4.40,-2.60,-3.30,-2.91,,,,,,,,-2.60,-2.60,-2.40,-4.20,-5.10,,,,,-2.60,,-3.30,-4.50,1.30,-0.50,-0.80,,,-3.30,,,-4.10,,,0.70,-0.50,-0.90,-0.20,-3,-3.80,
2008-12-27 01:30,-2.50,-2.38,-4.98,-2.86,-6,-3.32,-3.32,-2.60,-6.88,-2.94,-5.15,-4.82,-7.88,-5.45,-5.45,-5.84,-6.34,-9.87,-5,-7.10,-9.84,-8.96,-5.43,,-2.82,-3.02,-3.49,-5.51,-3.37,-4.90,-4.86,-3.25,-9.72,-4.54,-4.44,-4.63,-3.80,-4.31,-7.37,-4.73,-13.60,,-13.25,-3.42,-6.30,-3.83,-4.40,-4.42,-4.48,-4.49,-5.30,-3.39,-4.17,-3.38,-5.75,-5.37,-4.90,-4.80,-4.72,-5.07,-5.65,-5.90,-6.58,-10.16,-6.88,,-3.71,-5.11,-6.40,-7.89,-5.58,-5.45,-3.34,-5.28,-4.34,-2.38,-2.60,-3.63,-3.04,-2.28,-2.94,-2.85,-2.50,-3.93,-2.01,-3.52,-3.65,-3.40,-2.67,-2.72,-5.55,-2.83,-3.61,-3.20,-2.89,-2.97,-4.59,-3.45,-3.96,-3.95,-4.92,-4.03,-3.23,-3.78,-3.40,-2.81,-2.51,-2.50,-2.76,-3.17,-2.59,-4.63,-0.47,-2.90,-3.10,-3.87,-3.80,-3.71,-3.85,-3.31,-3,-3.79,-3.36,-4.27,-1.60,0.18,0.50,-2.84,-2.97,-3.59,-4.40,,-6.90,-14.70,-3.40,-3.80,-4.90,,,,,,,-2.70,-2.50,,-4.40,-2.60,-3.30,-2.99,,,,,,,,-2.60,-2.60,-2.40,-4.30,-5.20,,,,,-2.60,,-3.40,-4.50,1.20,-0.50,-0.80,,,-3.30,,,-4.10,,,0.90,-0.50,-1,-0.20,-3,-3.80,
2008-12-27 01:40,-2.50,-2.34,-4.98,-2.86,-6,-3.35,-3.29,-2.60,-6.93,-3.01,-5.17,-4.95,-7.96,-5.46,-5.48,-5.94,-6.43,-9.95,-5,-7.10,-10.02,-8.77,-5.39,,-2.92,-3.05,-3.55,-5.59,-3.32,-4.90,-4.88,-3.19,-9.75,-4.69,-4.50,-4.63,-4.07,-4.29,-7.41,-4.93,-13.50,,-13.49,-3.48,-6.30,-3.86,-4.40,-4.38,-4.65,-4.57,-5.24,-3.43,-4.20,-3.42,-5.68,-5.48,-4.92,-4.90,-4.90,-5.05,-5.72,-5.90,-6.60,-10.16,-6.91,,-3.66,-5.11,-6.40,-7.86,-5.44,-5.46,-3.49,-5.39,-4.35,-2.36,-2.60,-3.53,-2.92,-2.30,-2.99,-2.78,-2.46,-3.99,-2.06,-3.64,-3.62,-3.50,-2.80,-2.74,-5.38,-2.78,-3.72,-3.30,-2.94,-3.04,-4.52,-3.55,-3.86,-3.98,-4.89,-4.08,-3.33,-3.81,-3.35,-2.85,-2.45,-2.50,-2.79,-3.15,-2.65,-4.57,-0.47,-2.90,-3.17,-3.92,-3.80,-3.57,-4.01,-3.49,-3,-3.84,-3.35,-4.31,-1.53,0.27,0.50,-2.79,-2.98,-3.68,-4.40,,-7,-14.70,-3.40,-3.90,-4.90,,,,,,,-2.80,-2.50,,-4.50,-2.60,-3.20,-2.96,,,,,,,,-2.60,-2.60,-2.40,-4.30,-5.10,,,,,-2.50,,-3.40,-4.50,1.30,-0.50,-0.70,,,-3.30,,,-4.10,,,1,-0.50,-0.90,-0.20,-3,-3.80,
2008-12-27 01:50,-2.50,-2.38,-4.94,-2.85,-6.10,-3.30,-3.32,-2.60,-6.92,-3.01,-5.26,-4.87,-7.98,-5.50,-5.72,-6.05,-6.37,-9.91,-5.10,-7.14,-10.02,-8.89,-5.51,,-3.11,-3.06,-3.61,-5.61,-3.43,-4.90,-4.88,-3.22,-9.71,-4.70,-4.50,-4.68,-4.09,-4.42,-7.46,-4.82,-13.30,,-14.04,-3.54,-6.30,-3.81,-4.30,-4.46,-4.76,-4.67,-5.26,-3.44,-4.27,-3.43,-5.67,-5.55,-4.92,-4.90,-4.95,-5.04,-5.81,-6,-6.70,-10.25,-6.91,,-3.61,-5.07,-6.40,-7.92,-5.65,-5.58,-3.40,-5.37,-4.28,-2.27,-2.50,-3.61,-2.98,-2.40,-3.03,-2.81,-2.51,-3.95,-2.08,-3.48,-3.70,-3.70,-2.91,-2.76,-5.53,-2.80,-3.67,-3.20,-3.02,-3.06,-4.60,-3.48,-3.97,-3.90,-5.08,-4.06,-3.32,-3.84,-3.35,-2.76,-2.41,-2.60,-2.82,-3.11,-2.70,-4.66,-0.50,-2.88,-3.20,-3.93,-3.90,-3.73,-3.91,-3.28,-2.90,-3.82,-3.30,-4.20,-1.61,0.32,0.40,-2.75,-2.83,-3.66,-4.40,,-7,-14.70,-3.40,-3.90,-4.90,,,,,,,-2.80,-2.60,,-4.50,-2.60,-3.20,-3.09,,,,,,,,-2.60,-2.60,-2.40,-4.20,-5.10,,,,,-2.50,,-3.50,-4.60,1.50,-0.40,-0.70,,,-3.20,,,-4.20,,,1,-0.40,-0.90,-0.20,-3,-3.80,
2008-12-27 02:00,-2.50,-2.39,-4.92,-2.92,-6.20,-3.30,-3.30,-2.70,-7,-2.97,-5.29,-4.88,-7.99,-5.49,-5.83,-6.12,-6.36,-9.84,-5.10,-7.22,-10.19,-9.01,-5.53,,-3.18,-3.12,-3.65,-5.60,-3.39,-4.90,-4.89,-3.32,-9.64,-4.66,-4.45,-4.73,-3.99,-4.48,-7.39,-4.90,-13.30,,-13.97,-3.51,-6.40,-3.89,-4.40,-4.53,-4.76,-4.70,-5.23,-3.42,-4.24,-3.41,-5.69,-5.58,-4.93,-4.90,-4.79,-5.07,-5.89,-6,-6.68,-10.21,-6.87,,-3.75,-5.08,-6.40,-7.87,-5.47,-5.53,-3.38,-5.37,-4.53,-2.38,-2.50,-3.57,-3.02,-2.59,-3.01,-2.81,-2.71,-4,-2.12,-3.45,-3.67,-4,-2.87,-2.80,-5.56,-2.85,-3.76,-3.30,-3.07,-3.08,-4.54,-3.44,-4.05,-3.92,-4.99,-4.07,-3.22,-3.82,-3.40,-2.62,-2.44,-2.60,-2.82,-3.12,-2.71,-4.80,-0.45,-2.81,-3.25,-3.87,-3.90,-3.64,-3.89,-3.39,-2.90,-3.74,-3.29,-4.20,-1.64,0.24,0.30,-2.74,-2.97,-3.66,-4.40,-3.40,-7,-14.60,-3.50,-3.90,-5,-4,-4.20,-9.20,-3.90,-2.40,-2.50,-2.90,-2.60,-2.70,-4.70,-2.70,-3.20,-3,-4.60,-3.50,-2.80,-2.70,-2.60,-2.80,-3,-2.60,-2.60,-2.40,-4.30,-5.10,-2.40,-1.50,,,-2.60,-2.50,-3.50,-4.60,1.20,-0.40,-0.70,-2.10,-2.40,-3.20,-3.70,,-4.20,0.30,0.30,1.10,-0.40,-0.90,-0.20,-3,-3.90,-3.70
2008-12-27 02:10,-2.50,-2.46,-4.92,-2.97,-6.20,-3.26,-3.37,-2.70,-7.08,-2.95,-5.28,-4.89,-8.02,-5.51,-5.83,-6.14,-6.48,-9.88,-5.20,-7.15,-10.27,-8.76,-5.45,,-3.24,-3.20,-3.68,-5.55,-3.46,-5,-4.97,-3.31,-9.71,-4.76,-4.55,-4.70,-4,-4.57,-7.40,-4.86,-13,,-13.97,-3.56,-6.50,-3.86,-4.40,-4.51,-4.73,-4.72,-5.18,-3.36,-4.34,-3.48,-5.73,-5.58,-5.02,-5,-5.10,-5.02,-5.87,-6.10,-6.70,-10.23,-6.90,,-3.65,-5.08,-6.40,-7.88,-5.60,-5.48,-3.39,-5.33,-4.46,-2.37,-2.60,-3.63,-2.99,-2.44,-3.02,-3,-2.66,-4.11,-2.09,-3.53,-3.66,-4.30,-2.94,-2.96,-5.49,-2.98,-3.92,-3.20,-3.05,-3.24,-4.73,-3.33,-4.05,-3.97,-4.99,-4.13,-3.21,-3.77,-3.35,-2.64,-2.45,-2.60,-2.79,-3.12,-2.71,-4.86,-0.41,-2.76,-3.19,-3.90,-3.90,-3.60,-3.89,-3.25,-2.90,-3.87,-3.37,-4.13,-1.51,0.14,0.30,-2.67,-3.01,-3.74,-4.40,,-7,-14.60,-3.50,-3.90,-5,,,,,,,-2.90,-2.50,,-4.70,-2.70,-3.20,-3.17,,,,,,,,-2.50,-2.60,-2.40,-4.20,-5,,,,,-2.60,,-3.50,-4.60,1.20,-0.40,-0.70,,,-3.20,,,-4.20,,,1.10,-0.30,-0.90,-0.20,-3,-3.90,
2008-12-27 02:20,-2.60,-2.55,-4.89,-3.06,-6.20,-3.40,-3.41,-2.70,-7.23,-3.06,-5.42,-4.99,-8.08,-5.55,-6.24,-6.01,-6.52,-9.87,-5.10,-7.27,-10.41,-8.96,-5.50,,-3.27,-3.21,-3.65,-5.58,-3.48,-5,-4.95,-3.34,-9.77,-4.81,-4.65,-4.71,-4.06,-4.52,-7.48,-4.86,-12.80,,-14.15,-3.60,-6.40,-3.86,-4.40,-4.51,-4.80,-4.73,-5.20,-3.45,-4.32,-3.47,-5.71,-5.48,-4.96,-5,-4.91,-4.96,-5.94,-6.10,-6.77,-10.39,-6.97,,-3.63,-5.07,-6.40,-7.92,-5.59,-5.56,-3.42,-5.44,-4.37,-2.31,-2.50,-3.61,-3,-2.17,-2.98,-3,-2.64,-4.25,-2.12,-3.47,-3.71,-4.40,-3,-2.99,-5.41,-3.07,-4.08,-3.10,-3.03,-3.24,-4.69,-3.39,-4.03,-3.98,-4.98,-4.10,-3.33,-3.71,-3.31,-2.70,-2.46,-2.60,-2.82,-3.19,-2.73,-5,-0.34,-2.66,-3.10,-3.93,-4,-3.68,-3.92,-3.32,-2.90,-3.93,-3.35,-4.07,-1.53,0.12,0.40,-2.64,-2.88,-3.61,-4.40,,-7,-14.60,-3.40,-3.90,-5,,,,,,,-2.90,-2.60,,-4.60,-2.70,-3.20,-3.22,,,,,,,,-2.50,-2.60,-2.50,-4.20,-5,,,,,-2.60,,-3.60,-4.70,1,-0.40,-0.60,,,-3.20,,,-4.10,,,1,-0.10,-0.90,-0.20,-3.10,-3.90,
2008-12-27 02:30,-2.60,-2.55,-4.90,-3.35,-6.10,-3.47,-3.42,-2.70,-7.30,-3.06,-5.45,-5.01,-8.12,-5.55,-6.23,-5.83,-6.46,-9.93,-5.20,-7.31,-10.69,-9.12,-5.53,,-3.27,-3.17,-3.67,-5.57,-3.50,-5,-4.95,-3.44,-9.84,-4.81,-4.69,-4.85,-4.14,-4.60,-7.51,-5.05,-12.80,,-15.04,-3.78,-6.40,-3.87,-4.40,-4.51,-4.77,-4.76,-5.32,-3.47,-4.21,-3.53,-5.74,-5.53,-4.99,-5,-4.90,-4.97,-5.90,-6.10,-6.81,-10.35,-6.98,,-3.49,-4.98,-6.40,-7.99,-5.61,-5.71,-3.40,-5.41,-4.37,-2.22,-2.60,-3.60,-3,-2.22,-3.10,-3,-2.52,-4.19,-2.21,-3.46,-3.88,-4.50,-3.11,-2.93,-5.49,-3.21,-4.35,-3.10,-2.90,-3.13,-4.72,-3.38,-3.99,-4.03,-5.06,-4.08,-3.34,-3.78,-3.38,-2.67,-2.52,-2.60,-2.91,-3.20,-2.74,-4.99,-0.27,-2.70,-3.11,-4.01,-3.90,-3.66,-3.94,-3.40,-2.90,-3.79,-3.36,-4.04,-1.64,0.23,0.30,-2.62,-2.85,-3.73,-4.40,,-7,-14.60,-3.40,-3.90,-5,,,,,,,-2.90,-2.60,,-5.10,-2.70,-3.10,-3.20,,,,,,,,-2.60,-2.60,-2.50,-4.20,-5.10,,,,,-2.60,,-3.60,-4.60,1,-0.40,-0.60,,,-3.20,,,-4.20,,,1,0.10,-1,-0.20,-3.20,-3.90,
2008-12-27 02:40,-2.60,-2.55,-4.92,-3.60,-6.10,-3.48,-3.44,-2.70,-7.31,-3.08,-5.46,-5.10,-8.25,-5.58,-6.14,-5.85,-6.39,-9.96,-5.20,-7.21,-10.97,-9.07,-5.57,,-3.19,-3.19,-3.73,-5.56,-3.45,-5,-4.93,-3.47,-9.74,-4.88,-4.64,-4.96,-4.11,-4.55,-7.49,-5.19,-12.80,,-14.93,-3.93,-6.40,-3.90,-4.40,-4.52,-4.84,-4.82,-5.21,-3.46,-4.22,-3.49,-5.66,-5.49,-5,-5,-5.02,-5.01,-6.02,-6.10,-6.73,-10.29,-6.96,,-3.49,-4.95,-6.40,-7.87,-5.51,-5.67,-3.36,-5.35,-4.38,-2.28,-2.60,-3.66,-3,-2.44,-3.08,-3,-2.60,-4.37,-2.20,-3.44,-3.97,-4.40,-3.28,-2.83,-5.52,-3.29,-4.55,-3.10,-3.06,-3.23,-4.69,-3.39,-3.99,-4.14,-5.15,-4.14,-3.26,-3.90,-3.34,-2.83,-2.50,-2.60,-2.87,-3.21,-2.73,-4.93,-0.17,-2.66,-3.16,-4.06,-3.90,-3.65,-3.91,-3.46,-2.90,-3.86,-3.38,-4.26,-1.55,0.26,0.30,-2.64,-2.81,-3.82,-4.40,,-7,-14.50,-3.40,-3.90,-5,,,,,,,-2.90,-2.60,,-5.20,-2.80,-3.20,-3.17,,,,,,,,-2.50,-2.60,-2.50,-4.20,-5.20,,,,,-2.70,,-3.60,-4.70,1,-0.40,-0.60,,,-3.20,,,-4.10,,,1,0.20,-1,-0.20,-3.40,-3.90,
2008-12-27 02:50,-2.60,-2.60,-4.95,-3.72,-6.06,-3.56,-3.50,-2.80,-7.44,-3.09,-5.48,-5.07,-8.21,-5.54,-6.09,-5.98,-6.42,-9.88,-5.20,-7.19,-10.83,-9.11,-5.56,,-3.32,-3.21,-3.78,-5.54,-3.46,-5,-4.95,-3.50,-9.88,-4.91,-4.63,-5,-4.17,-4.56,-7.51,-4.95,-12.90,,-14.54,-3.98,-6.30,-3.91,-4.40,-4.61,-4.99,-4.83,-5.46,-3.47,-4.29,-3.44,-5.70,-5.47,-4.98,-5,-5.04,-5,-5.93,-6.10,-6.78,-10.46,-7.01,,-3.46,-5.06,-6.40,-8.01,-5.75,-5.57,-3.44,-5.40,-4.32,-2.34,-2.60,-3.67,-2.90,-2.40,-3.07,-3,-2.69,-4.36,-2.29,-3.51,-3.94,-4.30,-3.46,-2.84,-5.50,-3.57,-4.83,-3,-3.02,-3.19,-4.72,-3.34,-4.08,-4.19,-5.10,-4.12,-3.15,-3.87,-3.23,-2.76,-2.47,-2.60,-2.74,-3.24,-2.65,-4.86,-0.15,-2.71,-3.24,-4.08,-4,-3.68,-3.86,-3.37,-2.90,-3.87,-3.38,-4.47,-1.49,0.31,0.30,-2.72,-2.66,-3.81,-4.40,,-7,-14.50,-3.30,-3.90,-5,,,,,,,-2.90,-2.60,,-5.50,-3,-3.20,-3.19,,,,,,,,-2.60,-2.70,-2.50,-4.20,-5.10,,,,,-2.70,,-3.60,-4.60,0.90,-0.40,-0.60,,,-3.20,,,-4.10,,,1,0.20,-1,-0.20,-3.40,-3.90,
2008-12-27 03:00,-2.70,-2.54,-5.02,-3.80,-6.03,-3.42,-3.39,-2.80,-7.38,-3.21,-5.61,-5.08,-8.30,-5.56,-5.90,-5.94,-6.46,-9.77,-5.20,-7.20,-10.76,-8.81,-5.56,,-3.29,-3.23,-3.77,-5.55,-3.51,-5,-4.99,-3.58,-9.81,-4.83,-4.61,-5.02,-4.28,-4.63,-7.58,-5.10,-13,,-15.05,-3.96,-6.30,-3.92,-4.50,-4.63,-4.98,-4.80,-5.46,-3.40,-4.35,-3.41,-5.60,-5.53,-5.01,-5.10,-4.92,-5,-5.89,-6.10,-6.77,-10.32,-6.98,,-3.49,-4.98,-6.30,-7.89,-5.74,-5.60,-3.40,-5.34,-4.38,-2.33,-2.60,-3.63,-3,-2.33,-3.06,-3,-2.59,-4.24,-2.32,-3.57,-3.88,-4.20,-3.57,-2.88,-5.48,-3.81,-4.94,-3,-3.07,-3.09,-4.73,-3.38,-4.14,-4.12,-5.21,-4.12,-3.25,-3.75,-3.20,-2.78,-2.63,-2.60,-2.94,-3.12,-2.77,-4.77,-0.28,-2.72,-3.35,-4.02,-4,-3.64,-3.89,-3.38,-2.90,-3.87,-3.38,-4.34,-1.56,0.48,0.40,-2.82,-2.76,-3.80,-4.40,-3.80,-7,-14.50,-3.30,-4,-5,-4,-4.30,-9.10,-3.90,-2.50,-2.60,-2.90,-2.60,-2.80,-5.60,-3.10,-3.20,-3.20,-4.90,-3.50,-2.90,-2.80,-2.60,-2.90,-3,-2.60,-2.70,-2.50,-4.20,-5.10,-2.30,-1.40,-2.60,-2.90,-2.70,-2.40,-3.70,-4.70,0.80,-0.30,-0.60,-2.30,-2.50,-3.20,-3.70,-2.80,-4.10,,0.30,0.90,0,-1,-0.10,-3.20,-3.90,-3.70
2008-12-27 03:10,-2.90,-2.50,-5,-3.73,-5.97,-3.58,-3.44,-2.80,-7.38,-3.20,-5.64,-5.13,-8.36,-5.61,-5.53,-6,-6.52,-9.76,-5.20,-7.26,-10.95,-8.89,-5.57,,-3.27,-3.26,-3.80,-5.53,-3.53,-5,-5.02,-3.65,-9.89,-4.80,-4.61,-4.96,-4.08,-4.68,-7.51,-5.11,-12.90,,-14.71,-3.96,-6.30,-3.93,-4.50,-4.61,-4.87,-4.79,-5.47,-3.46,-4.35,-3.47,-5.60,-5.56,-5.01,-5.10,-4.86,-5.02,-5.92,-6.10,-6.72,-10.40,-7.03,,-3.58,-4.96,-6.40,-7.98,-5.62,-5.70,-3.47,-5.42,-4.42,-2.38,-2.60,-3.63,-2.97,-2.40,-3.09,-3.10,-2.67,-4.27,-2.31,-3.58,-3.96,-4.20,-3.65,-3.02,-5.56,-4.14,-5.04,-3,-3.22,-3.10,-4.78,-3.42,-4.15,-4.20,-5.20,-4.14,-3.28,-3.78,-3.21,-2.73,-2.54,-2.70,-2.86,-3.16,-2.68,-4.75,-0.17,-2.69,-3.30,-4.03,-4,-3.56,-3.80,-3.39,-2.90,-3.68,-3.45,-4.37,-1.61,0.25,0.40,-2.88,-2.86,-3.78,-4.40,,-7.10,-14.60,-3.40,-4,-5,,,,,,,-2.90,-2.60,,-5.60,-3.30,-3.20,-3.31,,,,,,,,-2.60,-2.70,-2.50,-4.20,-5.10,,,,,-2.70,,-3.70,-4.60,0.80,-0.40,-0.60,,,-3.20,,,-4.10,,,1,0.10,-1.10,-0.10,-3.20,-3.90,
2008-12-27 03:20,-3.10,-2.58,-5.02,-3.74,-6.07,-3.61,-3.54,-2.80,-7.33,-3.19,-5.65,-5.29,-8.43,-5.57,-5.37,-5.92,-6.61,-9.77,-5.30,-7.19,-10.78,-8.84,-5.57,,-3.29,-3.29,-3.83,-5.51,-3.52,-5.10,-4.98,-3.67,-10,-4.82,-4.68,-4.88,-4.30,-4.74,-7.57,-4.87,-12.90,,-14.59,-3.96,-6.40,-4.05,-4.50,-4.64,-4.72,-4.87,-5.48,-3.52,-4.31,-3.44,-5.58,-5.61,-5.01,-5.10,-4.90,-4.98,-5.97,-6.10,-6.70,-10.46,-7.06,,-3.67,-4.98,-6.40,-7.91,-5.48,-5.49,-3.51,-5.50,-4.28,-2.36,-2.60,-3.72,-3,-2.52,-3.13,-3.10,-2.68,-4.27,-2.32,-3.63,-4.03,-4.10,-3.84,-3.09,-5.63,-4.42,-5.28,-3,-3.09,-3.14,-4.84,-3.39,-4.18,-4.22,-5.25,-4.20,-3.24,-3.80,-3.19,-2.79,-2.51,-2.60,-2.87,-3.19,-2.80,-4.85,-0.29,-2.83,-3.33,-3.92,-4,-3.56,-3.81,-3.33,-2.90,-3.86,-3.38,-4.48,-1.73,0.24,0.40,-2.93,-2.90,-3.63,-4.40,,-7.10,-14.70,-3.40,-4,-4.90,,,,,,,-3,-2.60,,-5.50,-3.40,-3.30,-3.35,,,,,,,,-2.70,-2.70,-2.50,-4.20,-5.20,,,,,-2.70,,-3.70,-4.60,0.70,-0.40,-0.60,,,-3.20,,,-4.10,,,0.90,0.10,-1,-0.10,-3.10,-4,
2008-12-27 03:30,-3.20,-2.62,-5.07,-3.74,-6.10,-3.62,-3.54,-2.90,-7.28,-3.25,-5.73,-5.29,-8.46,-5.53,-5.32,-5.93,-6.73,-9.81,-5.30,-7.15,-10.81,-8.92,-5.59,,-3.49,-3.36,-3.91,-5.46,-3.47,-5.10,-5.02,-3.69,-9.98,-4.89,-4.66,-4.76,-4.22,-4.76,-7.58,-5,-12.90,,-15.32,-3.95,-6.40,-4.21,-4.50,-4.62,-4.69,-4.88,-5.44,-3.52,-4.23,-3.47,-5.58,-5.53,-5,-5.10,-5,-5.08,-6.02,-6.10,-6.78,-10.47,-7.02,,-3.57,-4.93,-6.40,-7.92,-5.62,-5.67,-3.48,-5.43,-4.45,-2.52,-2.60,-3.59,-2.99,-2.58,-3.14,-3.20,-2.58,-4.27,-2.33,-3.73,-4.02,-4,-3.94,-3.09,-5.53,-4.81,-5.61,-3,-3.24,-3.10,-4.86,-3.42,-4.28,-4.25,-5.38,-4.19,-3.18,-3.72,-3.24,-2.78,-2.50,-2.60,-2.91,-3.16,-2.75,-4.70,-0.21,-3,-3.46,-3.98,-4.10,-3.69,-3.83,-3.41,-2.90,-3.96,-3.49,-4.47,-1.85,0.11,0.30,-3.06,-2.69,-3.84,-4.40,,-7.10,-14.80,-3.40,-4,-4.90,,,,,,,-3,-2.70,,-5.70,-3.70,-3.30,-3.42,,,,,,,,-2.60,-2.70,-2.50,-4.30,-5.30,,,,,-2.70,,-3.70,-4.60,0.70,-0.30,-0.60,,,-3.20,,,-4.10,,,0.90,0.10,-1.10,-0.10,-3.10,-4,
2008-12-27 03:40,-3.30,-2.60,-5.02,-3.77,-6.04,-3.66,-3.51,-2.90,-7.29,-3.28,-5.92,-5.32,-8.48,-5.65,-5.14,-5.98,-6.82,-9.91,-5.30,-7.22,-10.78,-8.87,-5.59,,-3.72,-3.45,-3.92,-5.42,-3.54,-5.10,-4.96,-3.68,-9.98,-4.98,-4.59,-4.78,-4.17,-4.75,-7.65,-4.89,-12.90,,-14.75,-3.89,-6.50,-4.21,-4.50,-4.63,-4.96,-4.91,-5.38,-3.54,-4.26,-3.51,-5.54,-5.54,-4.99,-5.10,-5.05,-5.01,-6.05,-6.10,-6.80,-10.47,-7.06,,-3.69,-4.90,-6.30,-8,-5.58,-5.62,-3.47,-5.43,-4.44,-2.41,-2.60,-3.60,-2.99,-2.55,-3.19,-3.20,-2.52,-4.34,-2.38,-3.72,-3.90,-4,-4.18,-3.18,-5.70,-5.20,-5.81,-3,-3.40,-3.03,-4.97,-3.53,-4.23,-4.33,-5.46,-4.22,-3.20,-3.75,-3.29,-2.82,-2.48,-2.70,-2.94,-3.15,-2.75,-4.78,-0.39,-3.06,-3.34,-4.04,-4.10,-3.67,-3.83,-3.25,-2.90,-3.80,-3.44,-4.27,-1.67,0.07,0.40,-3.15,-2.87,-3.69,-4.40,,-7.10,-14.80,-3.40,-4,-5,,,,,,,-3,-2.80,,-5.70,-3.90,-3.40,-3.45,,,,,,,,-2.60,-2.70,-2.50,-4.40,-5.30,,,,,-2.70,,-3.70,-4.70,0.70,-0.30,-0.60,,,-3.20,,,-4.10,,,1,0.10,-1,-0.10,-3.20,-4,
2008-12-27 03:50,-3.30,-2.62,-5.02,-3.74,-6.15,-3.68,-3.61,-2.90,-7.44,-3.29,-5.89,-5.32,-8.50,-5.60,-5.09,-5.95,-6.89,-9.84,-5.30,-7.46,-10.76,-8.99,-5.64,,-3.83,-3.47,-3.93,-5.48,-3.51,-5.10,-4.99,-3.60,-10.06,-4.98,-4.63,-4.85,-4.22,-4.66,-7.69,-5.09,-12.90,,-15.07,-3.83,-6.50,-4.42,-4.60,-4.67,-5.03,-4.90,-5.43,-3.55,-4.23,-3.55,-5.65,-5.55,-5,-5.10,-5.05,-5.02,-6.06,-6.10,-6.83,-10.44,-7.08,,-3.54,-4.93,-6.40,-8.10,-5.50,-5.50,-3.48,-5.41,-4.33,-2.34,-2.60,-3.57,-2.98,-2.60,-3.21,-3.20,-2.55,-4.36,-2.43,-3.67,-3.90,-3.90,-4.53,-3.04,-5.59,-5.63,-5.94,-3,-3.38,-3,-5.04,-3.38,-4.30,-4.37,-5.41,-4.20,-3.23,-3.84,-3.22,-2.88,-2.56,-2.70,-3.02,-3.26,-2.70,-4.68,-0.48,-3.16,-3.47,-4.12,-4.10,-3.67,-3.81,-3.49,-2.90,-3.72,-3.39,-4.29,-1.86,0.05,0.40,-3.26,-3.05,-3.69,-4.40,,-7.20,-14.90,-3.40,-4,-5,,,,,,,-3,-2.90,,-6,-4.20,-3.40,-3.43,,,,,,,,-2.60,-2.70,-2.50,-4.50,-5.30,,,,,-2.60,,-3.70,-4.80,0.60,-0.40,-0.60,,,-3.20,,,-4.10,,,0.90,0.50,-1.10,0,-3.20,-4,
2008-12-27 04:00,-3.20,-2.62,-5.07,-3.69,-6.20,-3.81,-3.65,-2.90,-7.41,-3.31,-5.83,-5.29,-8.51,-5.70,-5.04,-5.99,-6.97,-9.94,-5.30,-7.44,-10.63,-9.04,-5.71,,-3.83,-3.48,-3.95,-5.47,-3.55,-5.20,-5.16,-3.59,-10.21,-4.94,-4.73,-4.77,-4.30,-4.63,-7.78,-5.07,-13,,-14.78,-4.02,-6.60,-4.43,-4.50,-4.69,-5.02,-4.87,-5.56,-3.63,-4.31,-3.54,-5.74,-5.59,-5.04,-5.10,-4.84,-5,-5.99,-6.10,-6.85,-10.47,-7.08,,-3.78,-4.98,-6.40,-8.14,-5.74,-5.72,-3.48,-5.44,-4.35,-2.30,-2.60,-3.57,-3.08,-2.57,-3.16,-3.10,-2.58,-4.46,-2.38,-3.59,-3.87,-3.90,-4.70,-3.16,-5.52,-6.02,-5.95,-2.90,-3.28,-3.03,-4.98,-3.45,-4.37,-4.35,-5.55,-4.25,-3.22,-3.84,-3.22,-2.96,-2.59,-2.70,-2.99,-3.26,-2.71,-4.82,-0.56,-3.29,-3.48,-4.16,-4.10,-3.65,-3.76,-3.36,-2.90,-3.79,-3.41,-4.38,-1.86,0.11,0.40,-3.26,-3.05,-3.72,-4.40,-3.60,-7.20,-14.70,-3.40,-4,-5,-4.10,-4.20,-9.20,-3.80,-2.60,-2.60,-3,-3,-2.90,-6.50,-4.40,-3.40,-3.50,,-3.50,-3,-2.80,-2.70,-2.90,-3,-2.70,-2.70,-2.50,-4.60,-5.30,-2.20,-1.60,-2.60,-2.90,-2.60,-2.50,-3.80,-4.80,0.60,-0.30,-0.60,-2.50,-2.40,-3.20,-3.70,-2.90,-4.10,,0.40,0.90,0.80,-1.10,0.10,-3.20,-4,-3.60
2008-12-27 04:10,-3.10,-2.62,-5.20,-3.77,-6.30,-3.78,-3.66,-2.90,-7.55,-3.38,-5.80,-5.34,-8.59,-5.74,-5.06,-6.10,-7.14,-10.04,-5.40,-7.46,-10.60,-9.03,-5.84,,-3.89,-3.53,-4.02,-5.46,-3.59,-5.20,-5.03,-3.62,-10.23,-4.98,-4.68,-4.98,-4.26,-4.59,-7.80,-5.01,-13.40,,-14.62,-3.82,-6.60,-4.32,-4.60,-4.68,-4.93,-4.88,-5.67,-3.71,-4.44,-3.59,-5.75,-5.55,-4.97,-5.10,-4.99,-4.98,-6.06,-6.10,-6.92,-10.56,-7.08,,-3.75,-4.98,-6.40,-8.17,-5.32,-5.58,-3.44,-5.48,-4.46,-2.30,-2.60,-3.57,-3.12,-2.32,-3.24,-2.87,-2.59,-4.36,-2.50,-3.70,-3.93,-3.70,-4.57,-3.16,-5.53,-6.33,-6.02,-2.90,-3.26,-2.97,-5.10,-3.51,-4.41,-4.38,-5.73,-4.34,-3.22,-3.80,-3.43,-2.93,-2.55,-2.70,-2.99,-3.28,-2.73,-4.79,-0.52,-3.32,-3.47,-4.19,-4.10,-3.68,-3.79,-3.33,-2.90,-3.77,-3.45,-4.45,-2,0.03,0.40,-3.23,-2.79,-3.68,-4.40,,-7.30,-14.70,-3.50,-4,-5,,,,,,,-3,-2.90,,-6.50,-4.40,-3.50,-3.50,,,,,,,,-2.60,-2.70,-2.50,-4.60,-5.30,,,,,-2.60,,-3.90,-4.90,0.70,-0.30,-0.60,,,-3.20,,,-4.10,,,0.80,0.90,-1.10,0.10,-3.20,-4,
2008-12-27 04:20,-2.90,-2.68,-5.28,-3.75,-6.30,-3.90,-3.66,-3,-7.49,-3.48,-5.82,-5.39,-8.62,-5.87,-5.08,-6.17,-7.27,-10.03,-5.30,-7.54,-10.64,-9.28,-5.86,,-3.85,-3.59,-4,-5.49,-3.57,-5.20,-5.13,-3.82,-10.34,-4.93,-4.69,-4.88,-4.21,-4.68,-7.83,-4.89,-14.10,,-14.83,-3.83,-6.70,-4.23,-4.60,-4.70,-4.91,-4.89,-5.67,-3.78,-4.30,-3.56,-5.71,-5.48,-4.87,-5.10,-5.03,-5,-6.09,-6.10,-6.84,-10.59,-7.05,,-3.76,-4.96,-6.40,-8.12,-5.54,-5.57,-3.44,-5.44,-4.34,-2.35,-2.60,-3.64,-3.14,-2.49,-3.32,-2.93,-2.57,-4.44,-2.56,-3.77,-3.93,-3.80,-4.58,-3.19,-5.57,-6.50,-6.15,-2.90,-3.28,-2.87,-5.20,-3.62,-4.58,-4.54,-5.67,-4.35,-3.26,-3.80,-3.34,-2.80,-2.63,-2.70,-2.96,-3.20,-2.76,-4.74,-0.53,-3.18,-3.49,-4.18,-4.20,-3.54,-3.77,-3.40,-2.90,-3.70,-3.46,-4.47,-1.86,-0.11,0.30,-3.25,-2.62,-3.69,-4.40,,-7.40,-14.70,-3.40,-4,-5,,,,,,,-3,-2.90,,-6.50,-4.80,-3.40,-3.63,,,,,,,,-2.60,-2.70,-2.50,-4.70,-5.30,,,,,-2.60,,-4,-5,0.60,-0.30,-0.60,,,-3.20,,,-4.10,,,0.90,1,-1.10,0.20,-3.30,-3.90,
2008-12-27 04:30,-2.90,-2.63,-5.32,-3.70,-6.30,-3.63,-3.71,-3,-7.58,-3.39,-5.86,-5.47,-8.53,-5.95,-5.09,-6.17,-7.27,-10,-5.40,-7.43,-10.56,-9.38,-5.90,,-3.80,-3.57,-4.04,-5.48,-3.56,-5.10,-5.08,-3.76,-10.32,-5.02,-4.77,-4.80,-4.19,-4.68,-7.88,-4.87,-14.60,,-15.13,-3.79,-6.70,-4.20,-4.60,-4.74,-5.04,-4.94,-5.62,-3.69,-4.32,-3.52,-5.62,-5.39,-4.91,-5.10,-5.01,-5.03,-6.06,-6.10,-6.89,-10.47,-7.07,,-3.74,-4.95,-6.40,-8.09,-5.38,-5.69,-3.42,-5.38,-4.24,-2.41,-2.60,-3.67,-3.11,-2.34,-3.45,-2.93,-2.69,-4.52,-2.45,-3.72,-3.88,-3.70,-4.72,-3.28,-5.58,-6.82,-6.19,-2.90,-3.35,-2.97,-5.18,-3.63,-4.66,-4.60,-5.72,-4.31,-3.25,-3.71,-3.26,-2.93,-2.58,-2.60,-2.93,-3.19,-2.75,-4.73,-0.45,-3.07,-3.56,-4.23,-4.10,-3.49,-3.73,-3.42,-2.90,-3.84,-3.36,-4.49,-1.89,-0.04,0.40,-3.21,-2.87,-3.74,-4.40,,-7.50,-14.70,-3.40,-4.10,-4.90,,,,,,,-3,-2.90,,-6.60,-4.90,-3.40,-3.75,,,,,,,,-2.60,-2.70,-2.50,-4.60,-5.30,,,,,-2.60,,-3.90,-4.90,0.60,-0.30,-0.60,,,-3.20,,,-4.10,,,0.90,0.90,-1.10,0.20,-3.20,-3.90,
2008-12-27 04:40,-2.80,-2.54,-5.35,-3.71,-6.30,-3.67,-3.73,-3,-7.61,-3.60,-5.75,-5.55,-8.57,-5.91,-5.15,-6.34,-7.25,-9.98,-5.40,-7.63,-10.62,-9.34,-5.91,,-3.89,-3.65,-3.92,-5.59,-3.63,-5.10,-5.18,-3.73,-10.28,-5,-4.68,-4.85,-4.19,-4.70,-7.85,-5.06,-14.80,,-15.14,-3.87,-6.70,-4.20,-4.60,-4.76,-4.98,-4.87,-5.61,-3.70,-4.31,-3.47,-5.79,-5.46,-4.94,-5.10,-5.09,-5.04,-6.05,-6.10,-6.81,-10.55,-7.03,,-3.67,-4.90,-6.40,-8.09,-5.42,-5.77,-3.48,-5.37,-4.29,-2.45,-2.70,-3.58,-3.09,-2.32,-3.55,-3.01,-2.54,-4.60,-2.54,-3.64,-3.99,-3.80,-4.82,-3.34,-5.65,-7.07,-6.12,-2.90,-3.52,-2.82,-5.31,-3.72,-4.60,-4.86,-5.83,-4.34,-3.36,-3.65,-3.22,-2.81,-2.51,-2.70,-2.99,-3.24,-2.74,-4.67,-0.53,-2.92,-3.57,-4.36,-4.20,-3.53,-3.86,-3.40,-2.90,-3.96,-3.34,-4.38,-1.92,0.06,0.40,-3.12,-2.96,-3.74,-4.40,,-7.60,-14.70,-3.40,-4.10,-4.90,,,,,,,-3.10,-2.90,,-6.50,-5,-3.40,-3.81,,,,,,,,-2.60,-2.70,-2.50,-4.60,-5.40,,,,,-2.60,,-3.90,-4.80,0.50,-0.40,-0.50,,,-3.20,,,-4.20,,,1,0.90,-1.10,0.20,-3.10,-3.90,
2008-12-27 04:50,-2.80,-2.64,-5.34,-3.60,-6.30,-3.90,-3.66,-3,-7.67,-3.54,-5.77,-5.48,-8.63,-6.01,-5.17,-6.28,-7.20,-10.01,-5.30,-7.60,-10.44,-9.49,-6.09,,-3.94,-3.63,-3.92,-5.63,-3.65,-5.20,-5.29,-3.65,-10.27,-4.94,-4.77,-4.95,-4.24,-4.71,-7.94,-4.93,-14.10,,-15.18,-3.80,-6.70,-4.22,-4.60,-4.73,-4.96,-4.92,-5.69,-3.72,-4.30,-3.54,-5.77,-5.58,-4.97,-5.10,-5.05,-5.07,-6.10,-6.10,-6.87,-10.56,-7.05,,-3.72,-4.96,-6.40,-8.15,-5.22,-5.71,-3.38,-5.45,-4.30,-2.30,-2.60,-3.64,-3.08,-2.29,-3.62,-3.03,-2.65,-4.56,-2.61,-3.64,-3.94,-3.80,-4.87,-3.30,-5.86,-7.12,-6.05,-2.90,-3.33,-3,-5.36,-3.88,-4.60,-4.91,-5.78,-4.35,-3.47,-3.79,-3.19,-2.97,-2.57,-2.60,-2.92,-3.12,-2.69,-4.70,-0.45,-2.82,-3.38,-4.37,-4.20,-3.46,-3.72,-3.35,-3,-3.94,-3.49,-4.34,-1.80,-0.06,0.40,-3.09,-2.74,-3.70,-4.40,,-7.70,-14.70,-3.40,-4.10,-4.90,,,,,,,-3.10,-2.90,,-6.30,-5,-3.40,-3.81,,,,,,,,-2.60,-2.70,-2.60,-4.60,-5.30,,,,,-2.60,,-3.90,-4.90,0.50,-0.30,-0.50,,,-3.20,,,-4.20,,,1.10,0.90,-1.10,0.30,-3.10,-3.90,
2008-12-27 05:00,-2.70,-2.72,-5.32,-3.70,-6.40,-4.08,-3.69,-3,-7.66,-3.57,-5.84,-5.43,-8.63,-6.08,-5.09,-6.35,-7.21,-10.14,-5.40,-7.73,-10.47,-9.57,-6.24,,-4.01,-3.58,-3.96,-5.63,-3.63,-5.20,-5.31,-3.65,-10.32,-5.08,-4.86,-4.94,-4.27,-4.76,-7.95,-4.96,-14.10,,-15.21,-3.84,-6.80,-4.19,-4.60,-4.72,-5.17,-4.97,-5.74,-3.79,-4.32,-3.52,-5.83,-5.59,-4.89,-5.10,-4.94,-5.03,-6.03,-6,-6.83,-10.52,-7.02,,-3.78,-4.95,-6.40,-8.13,-5.28,-5.72,-3.38,-5.42,-4.25,-2.24,-2.70,-3.68,-3.08,-2.35,-3.59,-2.97,-2.67,-4.52,-2.65,-3.69,-3.93,-3.90,-5.20,-3.27,-5.99,-7.19,-5.57,-2.90,-3.57,-2.97,-5.34,-3.89,-4.56,-4.92,-5.93,-4.42,-3.42,-3.56,-3.18,-2.95,-2.63,-2.60,-2.90,-3.24,-2.76,-4.70,-0.50,-2.97,-3.56,-4.51,-4.40,-3.39,-3.79,-3.33,-2.90,-3.76,-3.42,-4.40,-1.74,-0.05,0.40,-3.08,-2.93,-3.68,-4.40,-3.60,-7.70,-14.80,-3.40,-4.10,-4.90,,-4.10,-9.10,-3.80,-2.70,-2.60,-3.10,-3,-3.10,-6.30,-4.90,-3.40,-3.80,-5.40,-3.50,-3,-2.90,-2.50,-2.70,-3,-2.60,-2.70,-2.60,-4.60,-5.30,-2.40,-1.70,-2.70,-2.90,-2.60,-2.50,-3.90,-4.90,0.40,-0.40,-0.40,-2.40,-2.20,-3.10,-3.70,-2.90,-4.20,0.50,0.30,1.10,0.90,-1.10,0.30,-3.10,-4,-3.60
2008-12-27 05:10,-2.70,-2.72,-5.41,-3.73,-6.40,-4.07,-3.74,-3,-7.68,-3.50,-5.90,-5.41,-8.65,-6.25,-5.15,-6.29,-7.21,-10.14,-5.50,-7.69,-10.54,-9.43,-6.26,,-4.05,-3.64,-4,-5.67,-3.57,-5.20,-5.34,-3.70,-10.28,-5.04,-4.93,-4.99,-4.16,-4.77,-7.89,-5.03,-14.30,,-15.68,-3.97,-6.80,-4.22,-4.60,-4.71,-5.16,-4.92,-5.80,-3.85,-4.40,-3.50,-5.80,-5.54,-4.86,-5.10,-4.90,-4.99,-5.98,-6,-6.86,-10.57,-7.04,,-3.67,-5.06,-6.40,-8.12,-5.49,-5.75,-3.38,-5.35,-4.34,-2.35,-2.70,-3.65,-3.10,-2.36,-3.48,-2.94,-2.72,-4.59,-2.64,-3.75,-3.95,-4,-5.50,-3.27,-6.11,-7.07,-5.09,-3,-3.68,-3.12,-5.36,-3.83,-4.58,-4.93,-5.92,-4.43,-3.34,-3.65,-3.16,-2.87,-2.57,-2.70,-3.04,-3.21,-2.77,-4.72,-0.43,-2.98,-3.56,-4.62,-4.40,-3.42,-3.74,-3.35,-2.90,-3.90,-3.47,-4.36,-1.81,-0.10,0.30,-2.97,-3.06,-3.71,-4.40,,-7.60,-14.90,-3.30,-4.10,-5,,,,,,,-3.10,-3.10,,-6.30,-4.90,-3.40,-3.90,,,,,,,,-2.60,-2.70,-2.60,-4.50,-5.30,,,,,-2.60,,-3.90,-4.90,0.40,-0.40,-0.40,,,-3.10,,,-4.10,,,1.10,0.90,-1,0.30,-3.20,-4,
2008-12-27 05:20,-2.70,-2.76,-5.32,-3.66,-6.40,-4.01,-3.66,-3.10,-7.74,-3.45,-5.96,-5.43,-8.71,-6.36,-5.11,-6.29,-7.25,-10.12,-5.50,-7.63,-10.56,-9.26,-6.29,,-3.99,-3.59,-4.07,-5.81,-3.60,-5.30,-5.32,-3.64,-10.33,-5.06,-4.89,-5.06,-4.33,-4.85,-7.99,-5.07,-14.50,,-16.51,-3.99,-6.80,-4.22,-4.60,-4.67,-5.19,-4.92,-5.82,-3.80,-4.53,-3.61,-5.78,-5.47,-4.93,-5.10,-4.92,-5.11,-6.02,-6,-6.85,-10.55,-6.99,,-3.58,-5.04,-6.40,-8.07,-5.45,-5.68,-3.39,-5.39,-4.30,-2.27,-2.70,-3.65,-3.10,-2.43,-3.38,-2.98,-2.78,-4.58,-2.60,-3.75,-3.87,-4.10,-5.70,-3.21,-6.08,-6.86,-4.69,-3,-3.53,-3.15,-5.49,-3.87,-4.67,-4.87,-5.84,-4.45,-3.43,-3.75,-3.16,-2.92,-2.57,-2.70,-3.07,-3.15,-2.68,-4.68,-0.60,-3.10,-3.58,-4.61,-4.40,-3.53,-3.77,-3.32,-2.90,-3.78,-3.36,-4.39,-1.98,-0.09,0.40,-2.84,-3.09,-3.87,-4.40,,-7.50,-14.90,-3.30,-4.20,-5,,,,,,,-3.10,-3.10,,-6.30,-4.30,-3.40,-3.83,,,,,,,,-2.60,-2.70,-2.50,-4.50,-5.30,,,,,-2.50,,-3.80,-4.90,0.40,-0.40,-0.40,,,-3.10,,,-4.10,,,1.10,0.90,-0.90,0.20,-3.20,-4.10,
2008-12-27 05:30,-2.70,-2.77,-5.34,-3.62,-6.40,-3.98,-3.72,-3.10,-7.77,-3.52,-6.01,-5.40,-8.74,-6.31,-5.21,-6.42,-7.25,-10.12,-5.60,-7.70,-10.55,-9.23,-6.22,,-3.96,-3.65,-4.03,-6.01,-3.71,-5.40,-5.38,-3.65,-10.34,-5.15,-4.83,-5.11,-4.38,-4.83,-7.83,-5.14,-14.80,,-15.72,-3.96,-6.80,-4.17,-4.60,-4.78,-5.08,-5.02,-5.76,-3.68,-4.50,-3.63,-5.84,-5.51,-4.87,-5.10,-4.88,-5.09,-6.04,-6,-6.84,-10.57,-6.97,,-3.58,-5.02,-6.40,-8.06,-5.62,-5.61,-3.36,-5.34,-4.25,-2.42,-2.70,-3.62,-3.10,-2.50,-3.41,-2.98,-2.78,-4.49,-2.63,-3.73,-3.88,-4.10,-5.73,-3.27,-6.11,-6.64,-4.46,-3.10,-3.59,-3.15,-5.53,-3.96,-4.55,-4.86,-5.92,-4.49,-3.26,-3.76,-3.19,-2.98,-2.54,-2.70,-2.97,-3.07,-2.75,-4.65,-0.60,-3.25,-3.71,-4.61,-4.60,-3.52,-3.78,-3.43,-2.90,-3.74,-3.41,-4.15,-1.91,-0.03,0.30,-2.87,-3.09,-3.75,-4.40,,-7.50,-14.90,-3.40,-4.20,-5,,,,,,,-3.10,-3.10,,-6,-4.30,-3.40,-3.89,,,,,,,,-2.60,-2.70,-2.60,-4.50,-5.30,,,,,-2.60,,-3.80,-5,0.40,-0.30,-0.40,,,-3.10,,,-4.20,,,1.10,0.80,-0.80,0.20,-3.30,-4.20,
2008-12-27 05:40,-2.70,-2.79,-5.35,-3.71,-6.40,-4.11,-3.77,-3.20,-7.76,-3.57,-6,-5.42,-8.72,-6.30,-5.51,-6.50,-7.11,-10.23,-5.60,-7.74,-10.65,-9.43,-6.11,,-3.95,-3.76,-4.05,-6.12,-3.65,-5.40,-5.54,-3.61,-10.34,-5.10,-4.99,-5.11,-4.35,-4.94,-7.89,-5.07,-14.90,,-16.16,-3.91,-6.80,-4.25,-4.60,-4.78,-5.03,-5.05,-5.76,-3.86,-4.60,-3.63,-5.88,-5.58,-4.87,-5.10,-4.96,-5.03,-5.94,-6.10,-6.81,-10.64,-7.01,,-3.74,-5,-6.30,-8.10,-5.71,-5.61,-3.38,-5.34,-4.25,-2.31,-2.70,-3.61,-3.10,-2.36,-3.40,-3,-2.80,-4.58,-2.68,-3.77,-3.82,-4.10,-5.69,-3.19,-6.31,-5.58,-4.20,-3,-3.54,-3.16,-5.53,-3.90,-4.64,-4.85,-5.93,-4.61,-3.36,-3.77,-3.16,-2.95,-2.48,-2.70,-2.97,-3.17,-2.79,-4.65,-0.53,-3.34,-3.66,-4.65,-4.60,-3.47,-3.85,-3.52,-3,-3.80,-3.33,-4.08,-1.98,0.02,0.30,-3.03,-2.74,-3.87,-4.40,,-7.60,-14.80,-3.20,-4.20,-5.10,,,,,,,-3.10,-3.10,,-5.60,-4.20,-3.40,-3.95,,,,,,,,-2.60,-2.70,-2.60,-4.50,-5.20,,,,,-2.60,,-3.90,-5,0.40,-0.30,-0.40,,,-3.10,,,-4.10,,,1.10,0.70,-0.80,0.10,-3.20,-4.30,
2008-12-27 05:50,-2.70,-2.83,-5.30,-3.79,-6.40,-4.22,-3.77,-3.30,-7.85,-3.56,-5.98,-5.41,-8.75,-6.27,-5.71,-6.45,-7.05,-10.24,-5.60,-7.79,-10.64,-9.64,-6.04,,-3.87,-3.83,-4.09,-6.16,-3.61,-5.50,-5.50,-3.75,-10.37,-5.06,-5.08,-5.05,-4.41,-5,-7.91,-5.08,-14.60,,-15.99,-3.92,-6.80,-4.21,-4.70,-4.82,-5.32,-5.05,-5.78,-3.99,-4.53,-3.67,-5.86,-5.53,-4.91,-5.20,-4.97,-5.03,-5.99,-6.10,-6.84,-10.65,-7.12,,-3.65,-4.98,-6.30,-7.99,-5.51,-5.73,-3.40,-5.37,-4.30,-2.48,-2.80,-3.62,-3.10,-2.32,-3.42,-3.20,-2.83,-4.53,-2.68,-3.85,-3.79,-4.10,-5.67,-3.28,-6.16,-4.28,-3.86,-3.10,-3.50,-3.19,-5.44,-3.93,-4.72,-4.97,-5.95,-4.58,-3.32,-3.73,-3.14,-2.97,-2.40,-2.70,-3.02,-3.18,-2.83,-4.65,-0.57,-3.62,-3.92,-4.55,-4.70,-3.49,-3.77,-3.38,-3,-3.86,-3.29,-4.08,-2.05,0.05,0.40,-3.05,-2.86,-3.79,-4.40,,-7.70,-14.80,-3.40,-4.20,-5.10,,,,,,,-3,-3.10,,-5.30,-4.20,-3.40,-3.89,,,,,,,,-2.60,-2.70,-2.60,-4.50,-5.20,,,,,-2.50,,-3.80,-5,0.50,-0.30,-0.50,,,-3.10,,,-4.10,,,1.20,0.40,-0.70,0.20,-3.20,-4.20,
2008-12-27 06:00,-3,-3,-5.34,-4,-7,-3.96,-3.81,-3.30,-7.94,-3.54,-5.88,-5.42,-8.69,-6,-5.82,-6,-7,-10.36,-5,-7.74,-11,-9.59,-6.12,-4,-4,-4,-4.08,-6.19,-3,-5,-6,-4,-10.40,-5,-5.05,-5,-4,-5,-8,-5,-15,-15,-16,-4,-6.80,-4.26,-4,-4.86,-6,-5.08,-6,-4,-4.61,-3.70,-5.87,-5,-5,-5,-5,-5.10,-6.02,-6,-6.81,-10.65,-7.16,,-3.67,-4.96,-6.30,-7.95,-5.66,-5.57,-3.38,-5.32,-4.18,-2.41,-2.80,-3.66,-3,-3,-3,-3,-3.02,-4,-2.75,-3.86,-3,-4,-5.75,-3.32,-6.13,-3.91,-4,-3.20,-4,-3.27,-5.45,-4.07,-4.79,-5,-5.87,-4.80,-3.26,-3.70,-3.11,-2.90,-2.28,-2.70,-2.99,-3.16,-2.86,-4.72,-0.62,-3.75,-3.89,-4.54,-4.70,-3.48,-3.77,-3.35,-3,-3.85,-3.21,-4.05,-1.96,0.20,0.10,-3,-2.60,-3.70,-4.40,-4,-8,-15,-3.50,-4.20,-5.10,-4.40,-4,-9,-4,-3,-2.60,-3,-3,-3.20,-4.20,-4.20,-3.40,-3.90,,-3.40,-3,-3,-2.60,-2.70,-3,-2.60,-2.70,-2.70,-4.50,-5.50,-2.50,-1.80,-2.70,-2.80,-2.50,-2.40,-4,-4.90,0.50,-0.40,-0.60,-2.60,-2.60,-3,-3.80,,-4.10,0.40,0.40,1.10,0.40,-0.60,0.10,-3.10,-4.20,-3.60
2008-12-27 06:10,-2.70,-2.88,-5.41,-3.63,-6.40,-4.02,-3.94,-3.30,-7.91,-3.50,-6.01,-5.41,-8.62,-5.95,-5.80,-6.40,-7.07,-10.26,-5.60,-7.88,-10.67,-9.72,-6.06,,-4.01,-3.84,-4.02,-6.36,-3.58,-5.50,-5.47,-3.81,-10.39,-5.17,-5.08,-5.39,-4.60,-4.81,-7.91,-5.29,-14,,-16.10,-3.96,-6.90,-4.11,-4.70,-4.87,-5.30,-5.06,-5.91,-4.22,-4.56,-3.74,-5.88,-5.65,-4.90,-5.10,-5.22,-5.21,-6,-6.20,-6.84,-10.61,-7.17,,-3.62,-4.95,-6.30,-7.96,-5.69,-5.52,-3.41,-5.24,-4.23,-2.26,-2.80,-3.60,-3.08,-2.55,-3.81,-3.20,-2.99,-4.46,-2.73,-3.90,-3.71,-3.80,-6.06,-3.23,-6.14,-3.92,-3.68,-3.20,-3.73,-3.31,-5.56,-4.02,-4.82,-4.99,-5.89,-4.84,-3.32,-3.76,-3.24,-2.97,-2.38,-2.70,-2.82,-3.23,-2.76,-4.83,-0.60,-3.86,-3.83,-4.52,-4.70,-3.45,-3.79,-3.21,-2.90,-3.74,-3.26,-4.14,-2.10,0.12,0.40,-3.08,-2.78,-3.67,-4.40,,-7.80,-14.80,-3.50,-4.20,-5.10,,,,,,,-3.10,-3.20,,-4.20,-4.10,-3.40,-3.89,,,,,,,,-2.60,-2.70,-2.70,-4.60,-5.50,,,,,-2.50,,-4.10,-4.90,0.50,-0.30,-0.60,,,-3,,,-4.10,,,1.10,0.50,-0.60,0.10,-3.10,-4.20,
2008-12-27 06:20,-2.70,-2.94,-5.47,-3.66,-6.40,-4.01,-3.98,-3.30,-7.89,-3.59,-6,-5.40,-8.74,-5.96,-5.73,-6.46,-7.04,-10.25,-5.60,-7.76,-10.71,-9.68,-6.05,,-4.07,-3.86,-4,-6.46,-3.52,-5.50,-5.45,-3.81,-10.61,-5.26,-5.05,-5.43,-4.64,-5,-7.89,-5.23,-14,,-16.31,-3.95,-6.80,-4.20,-4.60,-4.93,-5.28,-5.03,-5.78,-4.25,-4.66,-3.70,-5.87,-5.58,-4.94,-5.20,-5.15,-5.24,-6.01,-6,-6.88,-10.68,-7.24,,-3.70,-4.97,-6.30,-7.92,-5.30,-5.67,-3.51,-5.22,-4.20,-2.23,-2.80,-3.62,-3.20,-2.51,-3.99,-3.10,-2.94,-4.60,-2.70,-3.89,-3.63,-3.70,-6.04,-3.25,-6.15,-3.71,-3.68,-3.30,-3.67,-3.33,-5.62,-4.11,-4.84,-5.15,-5.97,-4.78,-3.33,-3.73,-3.23,-3,-2.43,-2.70,-2.73,-3.15,-2.86,-4.92,-0.54,-3.83,-3.69,-4.47,-4.70,-3.43,-3.80,-3.28,-2.90,-3.71,-3.26,-4.26,-2.05,0.19,0.60,-3.12,-2.95,-3.76,-4.40,,-7.90,-14.80,-3.50,-4.30,-5.20,,,,,,,-3.10,-3.20,,-4.20,-4.20,-3.40,-3.89,,,,,,,,-2.60,-2.70,-2.70,-4.50,-5.60,,,,,-2.50,,-4.10,-4.90,0.50,-0.40,-0.70,,,-3.10,,,-4.10,,,1.10,0.50,-0.70,0.20,-3.20,-4.20,
2008-12-27 06:30,-2.80,-3.05,-5.53,-3.70,-6.50,-4.13,-3.95,-3.30,-7.91,-3.46,-6.01,-5.46,-8.66,-6.01,-5.77,-6.59,-7.05,-10.37,-5.60,-7.86,-10.89,-9.69,-6.01,,-4.09,-3.82,-4.08,-6.50,-3.56,-5.60,-5.47,-3.78,-10.50,-5.29,-5.10,-5.46,-4.58,-5.08,-7.94,-5.42,-14.40,,-16.55,-3.98,-6.90,-4.21,-4.70,-4.97,-5.28,-5.11,-6.02,-4.21,-4.69,-3.75,-6.01,-5.74,-4.87,-5.20,-5.05,-5.21,-6.05,-6.20,-7.04,-10.60,-7.27,,-3.81,-4.94,-6.30,-7.84,-5.72,-5.82,-3.46,-5.22,-4.18,-2.27,-2.80,-3.58,-3.10,-2.43,-3.97,-3.20,-3.08,-4.54,-2.72,-3.84,-3.62,-3.70,-6.01,-3.26,-6.32,-3.62,-3.65,-3.30,-3.83,-3.42,-5.60,-4.20,-4.81,-5.21,-6.01,-4.80,-3.36,-3.57,-3.21,-3.04,-2.50,-2.70,-2.88,-3.21,-2.82,-5.08,-0.50,-4.20,-3.76,-4.47,-4.60,-3.39,-3.85,-3.35,-3,-3.69,-3.20,-4.25,-1.98,0.19,0.70,-3.12,-2.91,-3.82,-4.40,,-8,-14.90,-3.50,-4.40,-5.20,,,,,,,-3.10,-3.20,,-4.20,-4.20,-3.50,-3.95,,,,,,,,-2.60,-2.70,-2.70,-4.50,-5.60,,,,,-2.50,,-4.10,-4.90,0.60,-0.40,-0.70,,,-3.10,,,-4.10,,,1,0.40,-0.70,0.40,-3.10,-4.20,
2008-12-27 06:40,-2.80,-3.12,-5.65,-3.83,-6.60,-4.23,-3.97,-3.40,-7.92,-3.50,-5.89,-5.46,-8.73,-6.04,-5.97,-6.53,-7.11,-10.45,-5.70,-7.92,-10.91,-9.49,-5.97,,-4.06,-3.85,-4.12,-6.54,-3.56,-5.60,-5.40,-3.78,-10.48,-5.24,-5.07,-5.50,-4.76,-5.13,-7.98,-5.32,-14.60,,-15.92,-4.14,-6.90,-4.22,-4.70,-4.99,-5.37,-5.07,-5.93,-4.21,-4.74,-3.80,-5.99,-5.79,-4.90,-5.20,-5.08,-5.14,-6.03,-6.20,-7,-10.77,-7.23,,-3.79,-5.06,-6.30,-7.90,-5.49,-5.66,-3.51,-5.26,-4.21,-2.27,-2.80,-3.69,-3.20,-2.21,-4.04,-3.20,-3,-4.53,-2.76,-3.87,-3.53,-3.70,-5.65,-3.24,-6.42,-3.59,-3.65,-3.40,-3.64,-3.33,-5.55,-4.14,-4.80,-5.17,-6.09,-4.89,-3.30,-3.73,-3.12,-2.89,-2.50,-2.70,-3.04,-3.24,-2.83,-5.16,-0.50,-4.29,-3.82,-4.41,-4.60,-3.43,-3.70,-3.35,-3,-3.70,-3.26,-4.29,-1.98,0.27,0.70,-3.16,-2.81,-3.74,-4.30,,-8.10,-14.40,-3.50,-4.40,-5.20,,,,,,,-3.10,-3.10,,-4,-4.20,-3.60,-4,,,,,,,,-2.60,-2.70,-2.70,-4.50,-5.50,,,,,-2.50,,-4.10,-4.90,0.60,-0.50,-0.80,,,-3.10,,,-4.10,,,0.90,0.30,-0.50,0.50,-3.10,-4.10,
2008-12-27 06:50,-2.90,-3.21,-5.69,-3.80,-6.60,-4.05,-3.95,-3.30,-7.84,-3.54,-5.87,-5.56,-8.73,-6.04,-6.35,-6.67,-7.07,-10.44,-5.70,-8.04,-10.94,-9.29,-5.98,,-4.01,-3.86,-4.07,-6.50,-3.60,-5.60,-5.46,-3.86,-10.50,-5.28,-5.14,-5.44,-4.54,-5.16,-8.05,-5.35,-14.40,,-16.31,-4.21,-6.90,-4.20,-4.70,-4.97,-5.27,-5.04,-5.90,-4.39,-4.76,-3.89,-6.04,-5.79,-5.05,-5.20,-5.20,-5.12,-6.05,-6.20,-6.93,-10.75,-7.22,,-3.76,-4.94,-6.30,-7.85,-5.53,-5.77,-3.41,-5.31,-4.19,-2.34,-2.80,-3.62,-3.20,-2.18,-3.97,-3.20,-3.15,-4.52,-2.75,-4.10,-3.65,-3.70,-5.20,-3.21,-6.45,-3.48,-3.70,-3.40,-3.86,-3.40,-5.60,-4.16,-4.95,-5.10,-5.99,-4.95,-3.25,-3.61,-3.06,-2.82,-2.45,-2.70,-2.99,-3.22,-2.77,-5.24,-0.62,-4.30,-3.79,-4.31,-4.50,-3.50,-3.80,-3.35,-2.90,-3.74,-3.26,-4.12,-1.93,0.31,0.70,-3.12,-2.88,-3.64,-4.30,,-7.90,-14.20,-3.60,-4.40,-5.10,,,,,,,-3.10,-3.20,,-4,-4.20,-3.60,-3.96,,,,,,,,-2.60,-2.70,-2.70,-4.50,-5.60,,,,,-2.40,,-4.20,-4.90,0.70,-0.40,-0.80,,,-3.10,,,-4.10,,,0.90,0.10,-0.60,0.70,-3.10,-4.10,
2008-12-27 07:00,-2.80,-3.20,-5.69,-3.93,-6.70,-3.96,-3.88,-3.30,-7.78,-3.53,-5.92,-5.72,-8.69,-6.09,-6.87,-6.58,-7.06,-10.44,-5.60,-8.02,-10.88,-9.24,-5.98,,-4.02,-3.80,-4.05,-6.52,-3.58,-5.60,-5.46,-3.91,-10.41,-5.26,-5.13,-5.48,-4.64,-5.12,-8.01,-5.46,-14.50,,-17.01,-4.18,-6.90,-4.11,-4.70,-5.04,-5.30,-5.12,-5.86,-4.35,-4.74,-3.90,-6.03,-5.80,-4.95,-5.20,-5.19,-5.18,-6.06,-6.20,-6.95,-10.82,-7.24,,-3.70,-4.92,-6.30,-7.98,-5.49,-5.59,-3.42,-5.35,-4.26,-2.23,-2.80,-3.77,-3.10,-2.36,-3.83,-3.30,-3.24,-4.47,-2.74,-4,-3.59,-3.70,-4.94,-3.28,-6.41,-3.48,-3.64,-3.40,-3.78,-3.52,-5.51,-4.24,-4.85,-5.12,-6.13,-5.08,-3.32,-3.73,-3.07,-2.77,-2.54,-2.70,-2.94,-3.14,-2.73,-5.20,-0.47,-4.36,-3.70,-4.36,-4.30,-3.56,-3.58,-3.38,-3,-3.72,-3.25,-3.98,-1.82,0.40,0.70,-3,-2.84,-3.62,-4.30,-4,-8.10,-13.80,-3.50,-4.40,-5.20,-4.60,-4.10,-8.80,-3.80,-2.70,-2.50,-3.10,-3.30,-3.30,-3.70,-4.20,-3.70,-3.90,-5.80,-3.40,-3,-2.80,-2.60,-2.70,-2.90,-2.60,-2.70,-2.70,-4.50,-5.50,-2.40,-1.80,-2.70,-2.70,-2.40,-2.30,-4.10,-4.90,0.70,-0.40,-0.90,-2.70,-3,-3.10,-3.70,-2.80,-4.10,0.60,0.20,0.90,-0.10,-0.70,0.70,-3.30,-4.10,-3.60
2008-12-27 07:10,-2.90,-3.26,-5.79,-4.16,-6.90,-4.07,-3.92,-3.30,-7.81,-3.59,-5.97,-5.71,-8.72,-6.10,-7.23,-6.82,-7.08,-10.50,-5.70,-7.82,-10.98,-9.31,-5.97,,-4.03,-3.88,-4.15,-6.61,-3.59,-5.70,-5.44,-3.82,-10.43,-5.36,-5.11,-5.53,-4.76,-5.17,-7.98,-5.62,-14.60,,-16.79,-4.16,-6.90,-4.09,-4.80,-5.10,-5.25,-5.21,-5.99,-4.29,-4.71,-3.93,-6.02,-5.68,-5.09,-5.20,-5.08,-5.18,-6.09,-6.20,-7.02,-10.80,-7.17,,-3.60,-4.84,-6.30,-7.94,-5.41,-5.55,-3.37,-5.39,-4.22,-2.40,-2.80,-3.81,-3.11,-2.40,-3.84,-3.20,-3.25,-4.47,-2.69,-4.05,-3.71,-3.60,-4.80,-3.44,-6.26,-3.51,-3.59,-3.40,-3.91,-3.54,-5.54,-4.25,-4.88,-5.08,-6.12,-5.13,-3.24,-3.61,-3.08,-2.89,-2.52,-2.60,-2.97,-3.13,-2.84,-5.25,-0.40,-4.43,-3.76,-4.27,-4.30,-3.67,-3.73,-3.24,-3,-3.68,-3.15,-3.83,-1.77,0.42,0.70,-3,-2.91,-3.68,-4.30,,-8.20,-13.60,-3.50,-4.50,-5.20,,,,,,,-3.10,-3.20,,-3.70,-4.20,-3.70,-3.94,,,,,,,,-2.60,-2.60,-2.70,-4.40,-5.60,,,,,-2.40,,-4.20,-4.80,0.70,-0.40,-0.90,,,-3.10,,,-4.10,,,0.90,-0.20,-0.70,0.70,-3.40,-4.10,
2008-12-27 07:20,-2.90,-3.24,-5.64,-4.25,-7,-4.06,-3.93,-3.30,-7.83,-3.63,-5.96,-5.70,-8.73,-6.23,-7.34,-7.03,-7.02,-10.59,-5.70,-7.72,-10.92,-9.24,-5.94,,-4.06,-3.80,-4.17,-6.60,-3.56,-5.80,-5.42,-3.92,-10.45,-5.35,-5.12,-5.54,-4.75,-5.21,-7.90,-5.58,-14.80,,-17.14,-4.17,-6.80,-4.20,-4.80,-5.09,-5.40,-5.34,-5.95,-4.23,-4.79,-3.97,-6.02,-5.74,-5.10,-5.20,-5.06,-5.08,-6.10,-6.20,-7.05,-10.81,-7.19,,-3.62,-4.85,-6.30,-7.89,-5.25,-5.54,-3.36,-5.37,-4.31,-2.20,-2.70,-3.75,-3.08,-2.18,-3.89,-3,-3.21,-4.43,-2.68,-4.09,-3.63,-3.50,-4.59,-3.44,-6.23,-3.54,-3.59,-3.40,-3.87,-3.62,-5.64,-4.32,-4.91,-5.05,-6.22,-5.12,-3.25,-3.67,-3.14,-2.96,-2.42,-2.60,-3.09,-3.16,-2.78,-5.10,-0.31,-4.44,-3.86,-4.28,-4.30,-3.64,-3.78,-3.38,-3,-3.70,-3.18,-4.07,-1.81,0.49,0.70,-2.81,-2.95,-3.42,-4.20,,-8.20,-13.40,-3.50,-4.60,-5.20,,,,,,,-3.10,-3.20,,-3.90,-4.20,-3.80,-3.91,,,,,,,,-2.60,-2.70,-2.80,-4.50,-5.50,,,,,-2.40,,-4.20,-4.90,0.70,-0.40,-0.90,,,-3.10,,,-4.10,,,0.90,-0.10,-0.60,0.60,-3.40,-4,
2008-12-27 07:30,-3,-3.14,-5.60,-4.34,-7.10,-3.87,-3.90,-3.40,-7.82,-3.68,-5.98,-5.68,-8.76,-6.20,-7.40,-6.98,-7.08,-10.55,-5.60,-7.68,-10.85,-9.33,-5.90,,-4.09,-3.76,-4.18,-6.54,-3.55,-5.90,-5.47,-3.89,-10.41,-5.36,-5.16,-5.61,-4.67,-5.24,-7.84,-5.50,-14.80,,-16.84,-4.35,-6.80,-4.21,-4.80,-5.09,-5.40,-5.37,-5.93,-4.35,-4.82,-4.03,-6.08,-5.81,-5.03,-5.20,-5.11,-5.08,-6.06,-6.20,-7.01,-10.78,-7.18,,-3.75,-4.77,-6.30,-7.82,-5.56,-5.52,-3.38,-5.34,-4.25,-2.15,-2.70,-3.66,-3.07,-2.17,-3.86,-3.01,-3.09,-4.49,-2.66,-4.05,-3.64,-3.40,-4.34,-3.47,-6.21,-3.50,-3.57,-3.40,-3.87,-3.62,-5.74,-4.28,-4.93,-5.06,-6.34,-5.14,-3.23,-3.60,-3.13,-2.94,-2.41,-2.50,-3.12,-3.10,-2.73,-5.24,-0.26,-4.47,-3.77,-4.29,-4.30,-3.66,-3.66,-3.29,-3,-3.66,-3.20,-4.04,-1.79,0.50,0.70,-2.81,-2.99,-3.42,-4.20,,-8.20,-13.30,-3.50,-4.60,-5.20,,,,,,,-3.10,-3.20,,-3.80,-4.20,-3.90,-3.96,,,,,,,,-2.50,-2.60,-2.70,-4.40,-5.60,,,,,-2.40,,-4.10,-4.90,0.80,-0.50,-0.90,,,-3.10,,,-4,,,0.90,-0.10,-0.60,0.30,-3.60,-4,
2008-12-27 07:40,-3,-3.04,-5.54,-4.47,-7.10,-3.88,-3.89,-3.30,-7.84,-3.67,-5.99,-5.70,-8.74,-6.15,-7.04,-6.91,-6.97,-10.35,-5.60,-7.80,-10.89,-9.28,-5.93,,-4.09,-3.75,-4.19,-6.61,-3.51,-5.90,-5.29,-3.77,-10.25,-5.39,-5.23,-5.48,-4.75,-5.25,-7.76,-5.59,-14.90,,-16.33,-4.18,-6.80,-4.23,-4.90,-5.11,-5.23,-5.40,-5.97,-4.41,-4.91,-4.08,-6.10,-5.71,-5.01,-5.20,-5.02,-5.07,-6,-6.10,-6.94,-10.76,-7.23,,-3.62,-4.71,-6.30,-7.77,-5.63,-5.58,-3.39,-5.29,-4.21,-2.28,-2.70,-3.64,-3.11,-2.26,-3.79,-2.97,-3.10,-4.45,-2.64,-4.03,-3.69,-3.40,-4.12,-3.41,-6.34,-3.46,-3.50,-3.40,-3.97,-3.60,-5.61,-4.37,-4.98,-5.11,-6.31,-5.24,-3.20,-3.61,-3.07,-2.81,-2.37,-2.50,-3.15,-3.06,-2.63,-5.30,-0.13,-4.47,-3.70,-4.21,-4.20,-3.66,-3.60,-3.13,-3,-3.61,-3.11,-3.97,-1.50,0.55,0.70,-2.73,-3.06,-3.50,-4.10,,-8.10,-13,-3.50,-4.60,-5.20,,,,,,,-3.10,-3.20,,-3.80,-4.20,-4.10,-3.92,,,,,,,,-2.50,-2.60,-2.80,-4.40,-5.50,,,,,-2.40,,-4,-4.90,0.80,-0.30,,,,-3,,,-4,,,0.90,-0.30,-0.60,0,-3.50,-4,
2008-12-27 07:50,-2.90,-3.01,-5.52,-4.50,-7,-3.92,-3.90,-3.30,-7.76,-3.61,-5.94,-5.70,-8.79,-6.04,-6.66,-6.98,-6.89,-10.39,-5.60,-7.78,-10.87,-9.52,-5.88,,-4.10,-3.72,-4.18,-6.58,-3.50,-5.80,-5.33,-3.83,-10.11,-5.35,-5.19,-5.27,-4.67,-5.20,-7.70,-5.62,-14.80,,-17.36,-4.14,-6.70,-4.20,-4.90,-5.11,-5.28,-5.40,-6.01,-4.37,-4.86,-4.08,-6.01,-5.74,-4.98,-5.20,-5.13,-5.06,-5.97,-6.10,-6.83,-10.72,-7.17,,-3.61,-4.64,-6.30,-7.77,-5.71,-5.65,-3.42,-5.30,-4.24,-2.41,-2.60,-3.63,-3.03,-1.93,-3.62,-2.93,-3.03,-4.38,-2.59,-4.13,-3.64,-3.40,-3.86,-3.34,-6.28,-3.39,-3.54,-3.40,-3.95,-3.57,-5.84,-4.28,-5.03,-5.15,-6.28,-5.31,-3.23,-3.57,-3.21,-2.65,-2.33,-2.50,-3.13,-2.99,-2.56,-5.28,-0.17,-4.44,-3.66,-4.17,-4.20,-3.57,-3.61,-3.30,-3,-3.58,-3.09,-3.93,-1.35,0.59,0.70,-2.67,-2.96,-3.46,-4.10,,-8,-12.90,-3.40,-4.70,-5.20,,,,,,,-3,-3.20,,-3.70,-4.20,-4,-3.95,,,,,,,,-2.50,-2.60,-2.70,-4.50,-5.50,,,,,-2.40,,-4,-4.80,0.90,-0.40,-0.90,,,-3,,,-3.90,,,0.90,-0.30,-0.50,-0.30,-3.60,-4,
2008-12-27 08:00,-2.90,-3,-5.59,-4.61,-6.70,-4.08,-3.89,-3.20,-7.72,-3.69,-5.86,-5.67,-8.84,-5.94,-6.14,-6.98,-6.87,-10.45,-5.50,-7.75,-10.81,-9.62,-5.87,,-4.04,-3.73,-4.12,-6.52,-3.57,-5.70,-5.39,-3.82,-10.02,-5.35,-5.18,-5.48,-4.60,-5.19,-7.68,-5.51,-14.60,,-16.34,-4.24,-6.60,-4.20,-4.90,-5.13,-5.25,-5.39,-6.06,-4.35,-4.85,-4.08,-5.98,-5.85,-5.02,-5.20,-5.06,-5,-6.01,-6.10,-6.73,-10.64,-7.12,,-3.67,-4.59,-6.20,-7.66,-5.41,-5.49,-3.37,-5.26,-4.25,-2.32,-2.60,-3.61,-2.97,-2.29,-3.35,-2.87,-2.96,-4.50,-2.59,-4.20,-3.61,-3.30,-3.52,-3.42,-6.21,-3.43,-3.27,-3.40,-3.93,-3.59,-5.71,-4.38,-5.10,-5.13,-6.31,-5.47,-3.12,-3.57,-3.23,-2.73,-2.36,-2.40,-3.11,-2.95,-2.60,-5.24,-0.04,-4.29,-3.66,-4.17,-4.10,-3.49,-3.59,-3.25,-2.90,-3.55,-3.09,-3.82,-1.36,0.69,0.60,-2.59,-2.89,-3.51,-4,-3.90,-7.90,-13,-3.40,-4.70,-5.20,-4.80,-3.90,-8.90,-3.80,-2.60,-3,-3,-3.10,-3.10,-3.60,-4.10,-4,-3.90,-6,-3.30,-2.80,-2.70,-2.70,-2.60,-2.70,-2.40,-2.60,-2.70,-4.30,-5.40,-2.10,-1.60,-2.60,-2.60,-2.40,-2.20,-4,-4.80,1,-0.30,-0.90,-1.80,-3,-3,-3.60,,-3.90,0.90,0.10,0.90,-0.40,-0.50,-1,-3.50,-3.90,-3.40
2008-12-27 08:10,-2.90,-3.04,-5.60,-4.39,-6.70,-4.03,-3.96,-3.20,-7.74,-3.58,-5.94,-5.71,-8.95,-5.86,-5.70,-6.93,-6.80,-10.50,-5.50,-7.65,-10.72,-9.30,-5.84,,-3.98,-3.69,-4.18,-6.43,-3.58,-5.70,-5.26,-3.78,-10.01,-5.41,-5.22,-5.26,-4.62,-5.22,-7.69,-5.35,-14.30,,-16.68,-4.33,-6.50,-4.19,-4.90,-5.18,-5.29,-5.42,-5.89,-4.40,-4.85,-4.14,-5.94,-5.79,-5.03,-5.30,-4.95,-5.01,-5.96,-6.10,-6.78,-10.51,-7.08,,-3.74,-4.59,-6.20,-7.72,-5.55,-5.44,-3.35,-5.19,-4.15,-2.17,-2.50,-3.57,-3,-2.21,-3.21,-3,-2.95,-4.52,-2.58,-4.11,-3.61,-3.20,-3.35,-3.49,-6.22,-3.46,-3.32,-3.40,-3.85,-3.64,-5.66,-4.32,-5.24,-5.17,-6.40,-5.43,-3.14,-3.54,-3.09,-2.66,-2.33,-2.40,-3.15,-3.02,-2.68,-5.23,0.05,-3.78,-3.69,-4.23,-4.10,-3.42,-3.50,-3.06,-2.90,-3.35,-3.16,-3.72,-1.30,0.78,0.60,-2.54,-2.84,-3.48,-4,,-7.70,-12.90,-3.40,-4.70,-5.20,,,,,,,-3,-3.10,,-3.60,-4.10,-4,-3.85,,,,,,,,-2.40,-2.60,-2.70,-4.40,-5.40,,,,,-2.40,,-3.90,-4.80,1,-0.30,,,,-3,,,-3.80,,,1,-0.20,-0.40,-1,-3.50,-3.90,
2008-12-27 08:20,-2.80,-3.01,-5.59,-4.29,-6.80,-3.87,-3.94,-3.20,-7.85,-3.58,-5.76,-5.78,-8.97,-5.81,-5.33,-6.79,-6.85,-10.41,-5.30,-7.62,-10.67,-9.14,-5.63,,-3.95,-3.68,-4.07,-6.42,-3.57,-5.60,-5.27,-3.77,-9.87,-5.44,-5.16,-5.21,-4.59,-5.18,-7.64,-5.37,-14.30,,-16.76,-4.35,-6.30,-4.20,-4.90,-5.20,-5.24,-5.43,-5.73,-4.26,-4.95,-4.18,-5.97,-5.82,-5.03,-5.30,-4.96,-5.03,-5.83,-6,-6.73,-10.69,-7.11,,-3.82,-4.61,-6.10,-7.67,-5.45,-5.51,-3.27,-5.17,-4.07,-2.07,-2.40,-3.53,-3,-1.99,-3.26,-2.90,-2.87,-4.35,-2.60,-4.12,-3.49,-3.20,-3.30,-3.53,-6.13,-3.38,-3.25,-3.40,-3.52,-3.71,-5.65,-4.21,-5.28,-5.10,-6.48,-5.56,-3.11,-3.35,-3.17,-2.48,-2.14,-2.30,-3.10,-2.95,-2.59,-5.19,0,-3.73,-3.78,-4.23,-4,-3.30,-3.44,-3.05,-2.90,-3.31,-3.08,-3.67,-1.27,0.85,0.80,-2.48,-2.74,-3.35,-4,,-7.60,-12.30,-3.30,-4.70,-5.20,,,,,,,-3,-3.20,,-3.60,-4,-3.90,-3.79,,,,,,,,-2.40,-2.60,-2.70,-4.30,-5.50,,,,,-2.40,,-4,-4.70,1.10,-0.30,-0.80,,,-3,,,-3.80,,,1,0.10,-0.40,-0.90,-3.50,-3.80,
2008-12-27 08:30,-2.70,-2.93,-5.54,-4.04,-6.70,-3.82,-3.89,-3.20,-7.87,-3.57,-5.76,-5.78,-9.03,-5.77,-5.22,-6.63,-6.87,-10.40,-5.20,-7.74,-10.77,-9.27,-5.56,,-3.90,-3.65,-4.10,-6.42,-3.61,-5.60,-5.32,-3.72,-9.68,-5.40,-5.27,-5.26,-4.69,-5.25,-7.64,-5.17,-14.20,,-17.02,-4.26,-6.10,-4.20,-4.90,-5.20,-5.08,-5.54,-5.91,-4.31,-4.98,-4.24,-6.09,-5.85,-4.97,-5.30,-4.97,-4.91,-5.90,-5.90,-6.64,-10.57,-7.11,,-3.78,-4.58,-6.20,-7.44,-5.44,-5.40,-3.35,-5.23,-4.04,-2.05,-2.40,-3.45,-2.90,-1.86,-3.05,-2.90,-2.75,-4.31,-2.63,-4.08,-3.48,-3.20,-3.27,-3.47,-6.18,-3.27,-3.26,-3.30,-3.70,-3.71,-5.61,-4.30,-5.18,-4.98,-6.35,-5.76,-3,-3.37,-3.02,-2.40,-2.14,-2.30,-3.20,-2.96,-2.46,-5.20,-0.06,-3.53,-3.62,-4.13,-4.10,-3.23,-3.47,-3.07,-2.90,-3.33,-3.08,-3.61,-1.28,0.97,1,-2.42,-2.64,-3.34,-3.90,,-7.60,-12.30,-3.30,-4.70,-5.20,,,,,,,-2.90,-3.10,,-3.70,-3.90,-3.90,-3.79,,,,,,,,-2.30,-2.60,-2.70,-4.40,-5.40,,,,,-2.40,,-4.10,-4.80,1.20,-0.30,-0.80,,,-3,,,-3.60,,,1,0.40,-0.20,-1.10,-3.20,-3.70,
2008-12-27 08:40,-2.60,-2.95,-5.48,-3.92,-6.60,-3.73,-3.92,-3.20,-7.88,-3.56,-5.85,-5.75,-9.08,-5.68,-5.23,-6.70,-6.99,-10.44,-5.20,-7.63,-10.67,-9.41,-5.51,,-3.94,-3.68,-4.17,-6.35,-3.62,-5.60,-5.35,-3.62,-9.60,-5.39,-5.24,-5.55,-4.62,-5.25,-7.59,-5.17,-13.90,,-16.19,-4.30,-6,-4.22,-4.90,-5.23,-5.06,-5.46,-6.05,-4.39,-4.99,-4.21,-6.15,-5.73,-4.92,-5.20,-4.90,-4.92,-5.90,-5.90,-6.65,-10.55,-7.11,,-3.60,-4.63,-6.20,-7.27,-5.27,-5.27,-3.25,-5.27,-3.98,-2.12,-2.40,-3.47,-2.80,-1.67,-3.06,-2.90,-2.66,-4.37,-2.62,-4.20,-3.51,-3.20,-3.11,-3.45,-6.21,-3.11,-3.25,-3.30,-3.75,-3.47,-5.63,-4.26,-5.18,-5.03,-6.43,-5.94,-3.03,-3.37,-2.99,-2.36,-2.04,-2.20,-3.09,-2.98,-2.48,-5.13,-0.16,-3.31,-3.45,-4.13,-4,-3.15,-3.37,-2.93,-2.80,-3.38,-3.07,-3.71,-1.29,0.97,1.10,-2.28,-2.57,-3.33,-3.90,,-7.40,-12.40,-3.40,-4.60,-5.20,,,,,,,-2.90,-3.10,,-3.70,-3.80,-4,-3.70,,,,,,,,-2.30,-2.70,-2.70,-4.30,-5.30,,,,,-2.30,,-4.10,-4.70,1.20,-0.20,-0.70,,,-2.90,,,-3.60,,,1,0.60,-0.10,-0.90,-3,-3.60,
2008-12-27 08:50,-2.70,-2.92,-5.41,-3.64,-6.50,-3.67,-3.82,-3.10,-7.96,-3.52,-5.88,-5.74,-9.14,-5.61,-5.27,-6.61,-7.01,-10.37,-5.20,-7.54,-10.48,-9.34,-5.49,,-3.93,-3.78,-4.18,-6.29,-3.58,-5.60,-5.42,-3.66,-9.47,-5.42,-5.27,-5.57,-4.59,-5.26,-7.57,-5.18,-12.90,,-17.11,-4.32,-6,-4.21,-4.80,-5.16,-5.11,-5.38,-6.14,-4.36,-5.05,-4.15,-6.22,-5.76,-4.94,-5.30,-4.84,-4.78,-5.86,-5.80,-6.59,-10.61,-7.10,-8.49,-3.39,-4.59,-6.20,-7.23,-5.24,-5.26,-3.19,-5.18,-4.06,-1.94,-2.30,-3.57,-2.80,-1.63,-3.05,-2.90,-2.55,-4.34,-2.71,-4.07,-3.42,-3.20,-3.06,-3.51,-6.30,-3.14,-3.28,-3.30,-3.45,-3.49,-5.69,-4.10,-5.26,-5.07,-6.46,-5.90,-2.98,-3.38,-2.93,-2.43,-1.89,-2.20,-3.14,-2.94,-2.47,-5.02,0.05,-2.96,-3.41,-4.19,-4,-3.17,-3.36,-2.78,-2.80,-3.28,-3.12,-3.78,-1.20,0.93,1.10,-2.17,-2.23,-3.26,-3.80,,-7.30,-12.40,-3.30,-4.70,-5.30,,,,,,,-2.80,-3.10,,-3.70,-3.60,-3.90,-3.58,,,,,,,,-2.20,-2.70,-2.70,-4.40,-5.40,,,,,-2.30,,-4,-4.70,1.20,-0.10,-0.60,,,-2.90,,,-3.60,,,1,0.90,0,-1,-3,-3.60,
2008-12-27 09:00,-2.70,-2.91,-5.41,-3.48,-6.10,-3.80,-3.94,-3.10,-7.99,-3.52,-5.86,-5.86,-9.09,-5.52,-5.27,-6.44,-7.12,-10.42,-5.10,-7.64,-10.14,-9.07,-5.49,,-3.83,-3.95,-4.20,-6.18,-3.61,-5.60,-5.32,-3.61,-9.37,-5.35,-5.27,-5.63,-4.88,-5.23,-7.49,-4.98,-11.60,,-16.69,-4.30,-6.10,-4.21,-4.90,-5.13,-5.19,-5.48,-6.13,-4.43,-5.01,-4.15,,-5.69,-4.89,-5.20,-4.76,-4.80,-5.83,-5.70,-6.67,-10.59,-7.12,-8.72,-3.31,-4.62,-6.10,-7.20,-5.19,-5.29,-3.17,-5.23,-4.14,-1.94,-2.30,-3.49,-2.70,-1.60,-2.97,-2.90,-2.49,-4.26,-2.76,-4.04,-3.36,-3.10,-3.01,-3.54,-6.15,-3.14,-3.26,-3.30,-3.50,-3.56,-5.63,-4.14,-5.26,-5.10,-6.51,-5.91,-2.97,-3.34,-2.87,-2.47,-1.88,-2.20,-3.28,-2.88,-2.35,-5.04,0.15,-2.68,-3.54,-4.54,-4,-3.04,-3.23,-2.75,-2.70,-3.36,-3.07,-3.88,-1.02,0.85,1.20,-2.12,-2.23,-3.31,-3.80,-3.60,-7.30,-12.40,-3.30,-4.80,-5.20,,-3.50,-8.70,-3.60,-2.20,-2.10,-2.80,-3,-2.90,-3.70,-3.60,-3.90,-3.70,,-3.20,-2.60,-2.50,-2.50,-2.40,-2.50,-2.30,-2.60,-2.70,-4.40,-5.40,-1.50,-0.60,-2.40,-2.30,-2.30,-2.10,-4.10,-4.60,1.40,-0.10,-0.50,-0.90,-2.50,-2.90,-3.30,,-3.60,1.20,0.20,1.10,0.90,0,-0.80,-2.80,-3.50,-3.10
2008-12-27 09:10,-2.60,-2.92,-5.37,-3.31,-5.80,-3.94,-3.90,-3.10,-7.98,-3.59,-6,-5.89,-9.03,-5.43,-5.22,-6.48,-7.07,-10.26,-5.20,-7.47,-10.10,-8.87,-5.51,,-3.68,-3.74,-4.21,-6.10,-3.66,-5.70,-5.47,-3.70,-9.30,-5.44,-5.20,-5.55,-4.62,-5.22,-7.29,-5.04,-11.50,,-16.59,-4.27,-6.20,-4.39,-5,-5.22,-5.11,-5.57,-6.16,-4.50,-4.95,-4.17,-6.09,-5.76,-4.97,-5.20,-4.75,-4.72,,-5.60,-6.67,-10.58,-7.07,-8.76,-3.34,-4.54,-6.10,-7.17,-5.03,-5.24,-3.11,-5.10,-4.06,-1.89,-2.30,-3.37,-2.60,-1.46,-2.92,-2.70,-2.42,-4.38,-2.73,-4,-3.41,-3.10,-3.08,-3.46,-6.29,-3.18,-3.23,-3.30,-3.66,-3.53,-5.54,-4.18,-5.26,-5.25,-6.61,-5.87,-2.93,-3.36,-2.86,-2.36,-1.73,-2.20,-3.18,-2.84,-2.33,-5.08,0.08,-2.12,-3.64,-4.51,-4,-3.02,-3.05,-2.68,-2.70,-3.34,-2.98,-3.51,-0.88,0.93,1.50,-2.06,-1.87,-3.17,-3.70,,-7.10,-12.40,-3.20,-4.80,-5.10,,,,,,,-2.80,-3,,-3.70,-3.60,-4,-3.55,,,,,,,,-2.20,-2.70,-2.60,-4.40,-5.40,,,,,-2.30,,-4,-4.50,1.40,-0.10,-0.50,,,-2.90,,,-3.50,,,1.10,0.90,0.10,-0.80,-2.80,-3.40,
2008-12-27 09:20,-2.60,-2.88,-5.36,-3.15,-5.90,-3.89,-3.85,-3.10,-7.95,-3.64,-6,-5.86,-8.98,-5.59,-5.17,-6.45,-7.11,-10.21,-5,-7.31,-10.16,-8.70,-5.44,,-3.59,-3.77,-4.21,-6.15,-3.65,-5.70,-5.48,-3.62,-9.22,-5.37,-5.20,-5.44,-4.78,-5.22,-7.21,-5.06,-12.10,,-16.77,-4.28,-6.40,-4.36,-5,-5.21,-4.98,-5.55,-6.15,-4.54,-5.14,-4.23,-6.15,-5.81,-5.04,-5.20,-4.93,-4.71,,-5.70,-6.62,-10.54,-7.04,,-3.49,-4.43,-6,-7.21,-5.15,-5.45,-3.13,-5.12,-3.85,-1.74,-2.30,-3.35,-2.53,-1.47,-2.82,-2.70,-2.32,-4.48,-2.67,-4.05,-3.39,-3.10,-2.93,-3.41,-6.18,-3.13,-3.28,-3.30,-3.78,-3.47,-5.53,-4.15,-5.17,-5.25,-6.52,-5.73,-2.92,-3.40,-3.04,-2.32,-1.60,-2.10,-3.10,-2.80,-2.23,-5.01,0.12,-1.47,-3.42,-4.38,-3.90,-2.94,-3.11,-2.84,-2.70,-3.18,-2.99,-3.64,-0.72,1.05,1.90,-1.93,-1.74,-3.36,-3.70,,-7.20,-12.30,-3.30,-4.70,-5.20,,,,,,,-2.90,-3,,-3.70,-3.40,-4,-3.53,,,,,,,,-2.20,-2.60,-2.60,-4.40,-5.30,,,,,-2.30,,-3.90,-4.50,1.50,-0.10,,,,-2.90,,,-3.50,,,1.10,1,0.10,-0.70,-2.80,-3.30,
2008-12-27 09:30,-2.50,-2.78,-5.32,-3.02,-5.90,-3.73,-3.86,-3.20,-7.96,-3.61,-5.93,-5.76,-8.88,-5.72,-5.13,-6.33,-7.09,-10.30,-5,-7.37,-10.17,-8.71,-5.09,,-3.58,-3.74,-4.13,-6.35,-3.68,-5.70,-5.48,-3.76,-9.08,-5.48,-5.22,-5.41,-4.75,-5.26,-7.34,-4.95,-12.10,,-16.20,-4.38,-6.40,-4.34,-5.10,-5.45,-5.29,-5.60,-6.07,-4.42,-5.10,-4.13,-6.12,-5.81,-5.05,-5.20,-4.87,-4.74,,-5.70,-6.54,-10.52,-7.01,,-3.46,-4.34,-5.90,-7.11,-5.03,-5.36,-3.03,-5,-3.96,-1.72,-2.20,-3.14,-2.50,-1.50,-2.78,-2.70,-2.33,-4.40,-2.62,-4.03,-3.38,-3.10,-2.96,-3.38,-6.28,-3.13,-3.19,-3.30,-3.87,-3.44,-5.62,-4.30,-5.15,-5.28,-6.59,-5.60,-2.96,-3.34,-2.84,-2.34,-1.54,-2,-3.10,-2.86,-2.20,-5.03,0.15,-1,-3.36,-3.84,-3.90,-2.91,-3.01,-2.63,-2.70,-3.16,-2.98,-3.57,-0.76,1.05,2.20,-1.81,-1.75,-3.32,-3.60,,-7.20,-12.30,-3.20,-4.70,-5.10,,,,,,,-2.80,-3.10,,-3.70,-3.30,-4,-3.55,,,,,,,,-2.20,-2.60,-2.60,-4.40,-5.20,,,,,-2.30,,-3.90,-4.40,1.50,-0.10,-0.40,,,-2.90,,,-3.40,,,1.10,1.10,0.20,-0.50,-2.80,-3.20,
2008-12-27 09:40,-2.50,-2.80,-5.29,-2.96,-5.90,-3.74,-3.88,-3.10,-7.90,-3.60,-5.95,-5.73,-8.87,-5.77,-4.94,-6.34,-7.21,-10.18,-5,-7.19,-10.38,-8.56,-5.12,,-3.55,-3.77,-4.15,-6.34,-3.63,-5.60,-5.40,-3.62,-8.88,-5.42,-5.18,-5.35,-4.70,-5.37,-7.41,-4.98,-12.40,,-16.15,-4.27,-6.20,-4.38,-5.10,-5.54,-5.36,-5.62,-5.97,-4.51,-5.22,-4.14,-6.16,-5.72,-5.01,-5.20,-5.02,-4.68,,-5.60,-6.58,-10.53,-7.05,-8.72,-3.19,-4.33,-5.90,-7.08,-4.93,-5.38,-2.99,-4.93,-3.89,-1.79,-2.30,-3.04,-2.50,-1.69,-2.74,-2.60,-2.52,-4.34,-2.81,-4.08,-3.39,-3.10,-2.81,-3.26,-6.06,-3.13,-3.23,-3.40,-3.93,-3.58,-5.67,-4.25,-5.04,-5.36,-6.60,-5.68,-3.01,-3.24,-2.77,-2.04,-1.37,-2,-3.11,-2.94,-2.14,-4.95,0.18,-0.82,-3.37,-3.03,-3.70,-2.79,-2.85,-2.63,-2.60,-3,-2.98,-3.51,-0.71,1.05,2.40,-1.65,-1.59,-3.36,-3.50,,-6.80,-12.10,-3.20,-4.70,-5.10,,,,,,,-2.80,-3.10,,-3.70,-3.30,-3.90,-3.57,,,,,,,,-2.10,-2.60,-2.60,-4.50,-5.30,,,,,-2.30,,-3.90,-4.40,1.50,0,-0.40,,,-2.80,,,-3.40,,,1.10,1.10,0.30,-0.40,-2.60,-3.20,
2008-12-27 09:50,-2.40,-2.77,-5.27,-2.83,-5.90,-3.81,-3.83,-3.20,-7.99,-3.69,-5.85,-5.77,-8.77,-5.54,-4.78,,-7.27,-10.18,-5,-7.31,-10.31,-8.24,-5.17,,-3.63,-3.69,-4.23,-6.33,-3.67,-5.50,-5.33,-3.62,-8.53,-5.47,-5.29,-5.27,-4.71,-5.23,-7.34,-5.02,-11.20,,-16.24,-4.30,-6.20,-4.35,-5.10,-5.54,-5.29,-5.55,-6.01,-4.70,-5.14,-4.05,-6.24,-5.83,-5.02,-5.20,-5.01,-4.56,,-5.80,-6.59,-10.48,-7.10,-8.67,-3.27,-4.33,-6,-7.09,-4.99,-5.35,-3.03,-4.88,-3.86,-1.86,-2.20,-3.03,-2.40,-1.69,-2.73,-2.70,-2.41,-4.42,-2.70,-4.07,-3.38,-3.10,-2.86,-3.26,-6.09,-3.14,-3.09,-3.40,-3.84,-3.52,-5.59,-4.19,-4.97,-5.33,-6.58,-5.65,-2.87,-3.27,-2.72,-2.04,-1.26,-2,-3.06,-2.89,-2.08,-4.83,0.14,-0.73,-3.44,-2.87,-3.20,-2.73,-2.79,-2.64,-2.60,-2.96,-2.97,-3.52,-0.57,1.19,2.60,-1.34,-1.45,-3.25,-3.50,,-6.50,-12,-3.20,-4.60,-5.20,,,,,,,-2.70,-3,,-3.70,-3.30,-3.90,-3.54,,,,,,,,-2.10,-2.60,-2.60,-4.40,-5.20,,,,,-2.20,,-3.90,-4.40,1.70,0,-0.40,,,-2.80,,,-3.30,,,1.20,1.20,0.40,0.30,-2.50,-3.10,
2008-12-27 10:00,-2.40,-2.67,-5.26,-2.67,-5.70,-3.50,-3.73,-3.20,-7.96,-3.74,-5.99,-5.73,-8.77,-5.57,-4.73,-5.88,-7.18,-10.22,-5.10,-7.21,-9.25,-8.47,-5.45,,-3.50,-3.63,-4.33,-6.35,-3.61,-5.50,-5.42,-3.64,-8.53,-5.47,-5.33,-5.35,-4.59,-5.21,-7.34,-4.96,-11.10,,-16.24,-4.32,-6.40,-4.15,-5,-5.48,-5.28,-5.53,-5.95,-4.57,-5.23,-4.04,-6.26,-5.85,-5.01,-5.30,-4.97,-4.51,-5.67,-6,-6.67,-10.53,-7.10,-8.60,-3.28,-4.22,-5.90,-7.05,-4.83,-5.29,-2.96,-4.83,-3.91,-1.78,-2.20,-3.11,-2.40,-1.35,-2.69,-2.60,-2.26,-4.51,-2.72,-3.99,-3.41,-3.20,-2.84,-3.15,-6.08,-3.10,-3.30,-3.40,-3.97,-3.41,-5.58,-4.18,-5.11,-5.34,-6.55,-5.55,-2.94,-3.16,-2.52,-2.28,-1.23,-2,-3.06,-2.79,-2.09,-4.85,0.17,-0.87,-3.53,-2.88,-2.90,-2.56,-2.82,-2.36,-2.60,-3,-2.90,-3.43,-0.39,1.40,2.90,-1.32,-1.45,-3.26,-3.40,-3.40,-6.60,-11.90,-3.20,-4.50,-5.20,,-3.20,-8.10,-3.50,-1.70,-2.10,-2.70,-3.10,-2.90,-3.60,-3.20,-3.90,-3.90,-5.80,-3,-2.50,-2.30,-2.20,-2.20,-2.20,-2.10,-2.60,-2.60,-4.50,-5.30,-0.60,-0.10,-2.40,-2,-2.10,-2,-3.90,-4.40,1.60,0.10,-0.20,-0.40,-2,-2.80,-3,,-3.30,1.40,0.50,1.20,1.20,0.50,0.80,-1.80,-3.10,-2.70
2008-12-27 10:10,-2.40,-2.47,-5.27,-2.58,-5.60,-3.66,-3.76,-3.10,-7.93,-3.84,-5.92,-5.74,-8.85,-5.48,-4.79,-6.02,-7.16,-10.14,-5.20,-7.09,-8.80,-8.67,-5.43,,-3.56,-3.64,-4.28,-6.39,-3.55,-5.50,-5.38,-3.70,-8.44,-5.51,-5.22,-5.18,-4.61,-5.26,-7.38,-5.01,-11.30,,-16.17,-4.24,-6.30,-4.16,-5,-5.39,-5.29,-5.52,-6.01,-4.75,-5.34,-4.07,-6.36,-5.74,-5,-5.20,-4.95,-4.48,-5.78,-5.90,-6.67,-10.40,-7.15,-8.63,-3.12,-4.15,-6,-7.12,-4.75,-5.27,-2.87,-4.87,-3.78,-1.68,-2.20,-3.07,-2.53,-1.29,-2.74,-2.46,-2.29,-4.49,-2.73,-4.03,-3.37,-3.20,-2.82,-3.10,-5.95,-3.06,-3.17,-3.40,-3.65,-3.33,-5.57,-4.20,-5.07,-5.27,-6.58,-5.59,-2.89,-3.35,-2.51,-2.26,-1.11,-2,-3.06,-2.88,-2.02,-4.78,0.32,-0.79,-3.59,-2.66,-2.70,-2.47,-2.81,-2.31,-2.60,-3.06,-2.85,-3.32,-0.32,1.55,3.20,-1.27,-1.39,-3.28,-3.40,,-6.60,-11.70,-3.20,-4.60,-5.20,,,,,,,-2.70,-3.10,,-3.60,-3.20,-3.90,-3.64,,,,,,,,-2.10,-2.60,-2.60,-4.40,-5.30,,,,,-2.10,,-3.80,-4.40,1.60,0.10,,,,-2.80,,,-3.20,,,1.30,1.30,0.60,0.90,-1.80,-3,
2008-12-27 10:20,-2.40,-2.28,-5.18,-2.55,-5.60,-3.44,-3.93,-3,-8.01,-3.79,-5.81,-5.84,-8.86,-5.54,-4.75,-6.17,-7.09,-9.99,-5.20,-7.43,-8.97,-8.57,-4.97,,-3.45,-3.67,-4.34,-6.35,-3.52,-5.40,-5.31,-3.72,-8.22,-5.34,-5.23,-5.29,-4.55,-5.28,-7.35,-5,-10.10,,-15.70,-4.15,-6.40,-4.17,-4.90,-5.34,-5.23,-5.59,-6.05,-4.68,-5.35,-4.02,-6.35,-5.67,-5.08,-5.30,-4.93,-4.49,-5.85,-5.80,-6.71,-10.50,-7.24,-8.75,-2.98,-4.24,-5.80,-7.06,-4.59,-5.25,-2.83,-4.74,-3.65,-1.71,-2.10,-3.10,-2.50,-1.44,-2.81,-2.40,-2.27,-4.49,-2.79,-4.05,-3.40,-3.30,-2.81,-3.12,-5.96,-3.04,-3.20,-3.30,-3.88,-3.31,-5.61,-4.15,-5.03,-5.26,-6.44,-5.41,-2.87,-3.28,-2.43,-2.06,-1.08,-1.90,-3.08,-2.91,-1.97,-4.72,0.37,-0.66,-3.55,-2.49,-2.80,-2.44,-2.81,-2.34,-2.60,-3.01,-2.72,-3.26,-0.28,1.70,3.20,-1.18,-1.36,-3.36,-3.30,,-6.90,-11.50,-3.20,-4.60,-5.20,,,,,,,-2.70,-3.10,,-3.70,-3.20,-3.90,-3.62,,,,,,,,-2,-2.60,-2.60,-4.40,-5.30,,,,,-2.20,,-3.80,-4.30,1.60,0.20,-0.10,,,-2.80,,,-3.20,,,1.30,1.40,0.70,1,-1.50,-2.90,
2008-12-27 10:30,-2.30,-2.13,-5.21,-2.59,-5,-3.42,-3.85,-2.90,-8.03,-3.80,-5.86,-5.92,-8.84,-5.54,-4.81,-6.18,-7.01,-9.88,-5.30,-7.71,-8.95,-8.43,-4.95,,-3.54,-3.71,-4.35,-6.30,-3.52,-5.50,-5.17,-3.58,-8.44,-5.30,-5.21,-5.21,-4.66,-5.25,-7.39,-4.96,-9.10,,-15.62,-4.09,-6.40,-4.17,-5,-5.33,-5.12,-5.64,-5.91,-4.57,-5.39,-4.05,-6.27,-5.65,-5.06,-5.30,-5.03,-4.55,-5.75,-5.80,-6.70,-10.39,-7.33,-8.70,-2.89,-4.26,-5.80,-7.03,-4.64,-5.34,-2.82,-4.79,-3.75,-1.62,-2.10,-2.95,-2.40,-1.62,-2.85,-2.36,-2.17,-4.50,-2.75,-4.05,-3.45,-3.30,-2.78,-3.24,-5.92,-3.12,-3.22,-3.30,-3.76,-3.22,-5.50,-4.02,-4.95,-5.31,-6.48,-5.28,-2.82,-3.04,-2.32,-2.05,-1.01,-1.90,-3.07,-2.78,-1.99,-4.66,0.31,-0.56,-3.22,-2.39,-2.60,-2.42,-2.76,-2.24,-2.60,-2.92,-2.85,-2.94,-0.10,1.76,3.50,-1.10,-1.50,-3.57,-3.30,,-7,-11.60,-3.20,-4.50,-5.30,,,,,,,-2.60,-3.20,,-3.60,-3.10,-3.80,-3.50,,,,,,,,-2,-2.60,-2.60,-4.40,-5.40,,,,,-2.20,,-3.90,-4.30,1.60,0.20,-0.10,,,-2.80,,,-3.20,,,1.40,1.40,0.70,1.30,-1.40,-2.90,
2008-12-27 10:40,-2.30,-2.39,-5.20,-2.65,-5,-3.46,-3.90,-2.90,-8.08,-3.74,-5.88,-5.87,-8.80,-5.56,-4.84,-6.05,-6.99,-9.93,-5.30,-8.08,-8.51,-8.61,-4.60,,-3.52,-3.74,-4.40,-6.35,-3.49,-5.20,-5.22,-3.66,-8.64,-5.34,-5.21,-5.34,-4.80,-5.25,-7.37,-5.12,-9.70,,-15.77,-3.98,-6.30,-4.17,-4.90,-5.25,-5.34,-5.54,-5.86,-4.48,-5.38,-3.99,-6.30,-5.77,-5.01,-5.30,-5.10,-4.52,-5.77,-5.70,-6.67,-10.39,-7.26,-8.63,-2.85,-4.17,-5.80,-6.94,-4.55,-5.29,-2.77,-4.76,-3.84,-1.49,-2,-2.95,-2.30,-1.59,-2.97,-2.27,-2.17,-4.57,-2.75,-3.88,-3.41,-3.30,-2.71,-3.28,-5.97,-3.14,-3.23,-3.30,-3.59,-3.28,-5.61,-4,-4.93,-5.26,-6.39,-5.19,-2.91,-3.11,-2.20,-2.06,-1,-1.90,-3.10,-2.72,-1.85,-4.51,0.34,-0.47,-3.06,-2.42,-2.40,-2.37,-2.79,-2.38,-2.60,-2.91,-2.78,-3.04,0.08,1.92,4,-1.05,-1.43,-3.58,-3.30,,-7,-11.80,-3.20,-4.50,-5.20,,,,,,,-2.50,-3.20,,-3.60,-3.10,-3.70,-3.51,,,,,,,,-2,-2.60,-2.60,-4.50,-5.40,,,,,-2.20,,-3.80,-4.30,1.70,0.20,0,,,-2.70,,,-3.20,,,1.50,1.50,0.70,1.40,-1.40,-2.80,
2008-12-27 10:50,-2.40,-2.46,-5.14,-2.67,-5.10,-3.61,-4.01,-2.90,-8.05,,-5.84,-5.82,-8.74,-5.67,-4.91,-5.94,-7.12,-9.74,-5.30,-7.96,-7.76,-8.62,-4.10,,-3.48,-3.78,-4.44,-6.36,-3.48,-5.10,-5.15,-3.66,-8.62,-5.43,-5.29,-5.21,-4.73,-5.38,-7.36,-5.14,-10.30,,-14.92,-3.99,-6.30,-4.13,-4.90,-5.25,-5.33,-5.59,-5.73,-4.42,-5.24,-3.98,-6.26,-5.75,-5.04,-5.30,-5.07,-4.42,-5.90,-5.80,-6.68,-10.33,-7.21,-8.65,-2.89,-4.11,-5.80,-6.94,-4.64,-5.23,-2.62,-4.87,-3.73,-1.72,-2,-2.93,-2.20,-1.50,-2.96,-2.27,-2.22,-4.48,-2.79,-4.02,-3.37,-3.40,-2.67,-3.43,-6.08,-3.16,-3.23,-3.40,-3.62,-3.32,-5.65,-4.04,-5.01,-5.28,-6.37,-4.99,-2.85,-3.01,-2.14,-2,-0.91,-1.80,-3.23,-2.58,-1.78,-4.42,0.39,-0.49,-3,-2.38,-2.30,-2.30,-2.82,-2.23,-2.50,-2.67,-2.60,-3.15,0.04,1.99,4.20,-0.95,-1.21,-3.37,-3.20,,-6.80,-11.60,-3.20,-4.60,-5.30,,,,,,,-2.50,-3.10,,-3.70,-3.10,-3.80,-3.64,,,,,,,,-2,-2.50,-2.70,-4.30,-5.40,,,,,-2.20,,-3.80,-4.30,1.80,0.20,,,,-2.70,,,-3.10,,,1.50,1.40,0.70,1.50,-1.30,-2.70,
2008-12-27 11:00,-2.40,-2.49,-5.09,-2.65,-5,-3.75,-4,-2.80,-7.97,-3.61,-5.81,-6.06,-8.75,-5.68,-4.82,-5.74,-7.06,-9.67,-5.30,-7.86,-7.18,-8.33,-4,,-3.41,-3.73,-4.37,-6.36,-3.49,-5.10,-5.20,-3.59,-8.45,-5.52,-5.33,-5.01,-4.60,-5.31,-7.51,-4.95,-11,,-14.47,-3.95,-6.40,-4.19,-4.80,-5.27,-5.10,-5.57,-5.68,-4.66,-5.36,-3.91,-6.25,-5.62,-5.01,-5.20,-5.08,-4.49,-5.88,-6,-6.67,-10.46,-7.19,-8.51,-3,-4.04,-5.80,-6.89,-4.68,-5.11,-2.58,-4.82,-3.86,-1.49,-2,-3.07,-2.30,-1.47,-2.95,-2.31,-2.24,-4.33,-2.81,-3.99,-3.36,-3.50,-2.59,-3.43,-6.06,-3.17,-3.36,-3.40,-3.80,-3.28,-5.59,-4.07,-4.93,-5.16,-6.28,-5.23,-2.76,-3.03,-2.12,-1.93,-0.85,-1.80,-3.18,-2.69,-1.63,-4.29,0.42,-0.56,-2.93,-2.26,-2.10,-2.24,-2.70,-2.13,-2.60,-2.78,-2.81,-3.14,0.21,1.92,3.60,-0.89,-0.98,-2.86,-3.10,-3.80,-6.60,-11.60,-3.10,-4.60,-5.30,,-2.90,-8.10,-3.30,-1.30,-1.80,-2.60,-3.10,-3.10,-3.60,-3.10,-3.80,-4,-5.80,-2.90,-2.30,-2.10,-1.90,-2.10,-2.10,-2,-2.60,-2.70,-4.40,-5.30,0.30,0.90,-2,-1.80,-2.20,-2,-3.70,-4.30,1.90,0.40,0.10,-0.10,-1.90,-2.70,-2.90,,-3.10,1.60,0.60,1.60,1.40,0.80,1.70,-0.80,-2.60,-2.50
2008-12-27 11:10,-2.50,-2.55,-5.11,-2.55,-5.10,-3.68,-4.01,-2.80,-7.99,-3.74,-5.77,-5.92,-8.70,-5.77,-4.71,-5.55,-7.06,-9.54,-5.20,-7.98,-7.36,-8.29,-4.38,,-3.47,-3.71,-4.36,-6.01,-3.47,-5,-5.14,-3.64,-8.04,-5.41,-5.24,-5.10,-4.70,-5.36,-7.62,-5.03,-11,,-13.94,-4.01,-6.40,-4.20,-4.90,-5.21,-5.23,-5.54,-5.64,-4.69,-5.25,-4.03,-6.32,-5.78,-5.11,-5.30,-5.02,-4.50,,-5.90,-6.68,-10.58,-7.16,-8.52,-2.85,-4.03,-5.80,-6.82,-4.61,-5.14,-2.54,-4.76,-3.71,-1.62,-2,-2.94,-2.47,-1.48,-2.89,-2.34,-2.24,-4.50,-2.83,-3.87,-3.50,-3.50,-2.53,-3.41,-5.95,-3.25,-3.28,-3.40,-3.78,-3.24,-5.60,-4.05,-4.95,-5.14,-6.32,-5.36,-2.77,-2.94,-2.06,-1.89,-0.92,-1.80,-3.09,-2.77,-1.66,-4.28,0.38,-0.25,-2.79,-2.16,-2,-2.29,-2.67,-2.43,-2.60,-2.88,-2.75,-3.11,0.09,1.93,3.50,-0.89,-1.17,-2.61,-3.10,,-6.90,-11.20,-3.20,-4.60,-5.40,,,,,,,-2.50,-3,,-3.60,-3.10,-3.70,-3.75,,,,,,,,-2,-2.60,-2.70,-4.30,-5.40,,,,,-2.20,,-3.90,-4.40,1.90,0.40,0.10,,,-2.70,,,-3.10,,,1.60,1.50,0.90,1.70,-0.80,-2.60,
2008-12-27 11:20,-2.60,-2.62,-5.21,-2.42,-4.70,-3.70,-3.98,-2.80,-8.07,-3.80,-5.82,-5.92,-8.68,-5.92,-4.71,-5.70,-7.06,-9.11,-5.20,-7.92,-7.62,-8.09,-4.38,,-3.55,-3.63,-4.47,-5.93,-3.48,-5.20,-5.23,-3.66,-8.18,-5.39,-5.16,-5.17,-4.69,-5.34,-7.56,-4.79,-11.10,,-14.54,-3.91,-6.50,-4.25,-5,-5.27,-5,-5.57,-5.67,-4.58,-5.37,-3.92,-6.30,-5.83,-5.06,-5.30,-5.09,-4.54,,-6,-6.62,-10.55,-7.16,-8.14,-2.74,-4.09,-5.80,-6.78,-4.60,-5.12,-2.51,-4.78,-3.75,-1.57,-1.90,-2.86,-2.30,-1.40,-2.85,-2.34,-2.26,-4.53,-2.95,-3.84,-3.58,-3.40,-2.66,-3.35,-5.90,-3.12,-3.24,-3.40,-3.72,-3.26,-5.42,-4.07,-5.02,-5.26,-6.23,-5.20,-2.72,-2.96,-2.08,-1.76,-0.90,-1.70,-3.11,-2.76,-1.47,-4.33,0.44,-0.05,-2.53,-2.29,-2,-2.36,-2.59,-2.14,-2.60,-2.75,-2.72,-2.94,0.29,1.93,3.50,-0.81,-1.10,-2.28,-3,,-6.90,-11,-3.30,-4.40,-5.30,,,,,,,-2.50,-3.10,,-3.70,-3.10,-3.70,-3.82,,,,,,,,-1.90,-2.60,-2.70,-4.20,-5.40,,,,,-2.20,,-3.90,-4.40,2,0.50,0.10,,,-2.70,,,-3,,,1.60,1.50,1,1.80,-0.60,-2.50,
2008-12-27 11:30,-2.60,-2.43,-5.19,-2.29,-4.90,-3.85,-3.93,-2.80,-8.04,-3.73,-5.81,-5.95,-8.74,-6.05,-4.73,-5.66,-7.04,-8.98,-5.30,-7.24,-8.02,-8.66,-4.81,,-3.50,-3.73,-4.51,-6,-3.45,-5.40,-5.16,-3.51,-7.92,-5.47,-5.01,-5.07,-4.61,-5.25,-7.42,-4.84,-10.80,,-14.60,-4.06,-6.50,-4.30,-5,-5.31,-5.01,-5.63,-5.64,-4.53,-5.34,-3.95,-6.39,-5.79,-5.02,-5.20,-5.04,-4.60,,-6,-6.56,-10.49,-7.17,-7.81,-2.96,-4.09,-5.80,-6.90,-4.64,-5.07,-2.56,-4.82,-3.87,-1.50,-1.90,-2.92,-2.40,-1.47,-2.93,-2.37,-2.34,-4.51,-2.87,-3.82,-3.55,-3.40,-2.61,-3.52,-6.03,-3.07,-3.27,-3.40,-3.69,-3.39,-5.36,-4.03,-5.02,-5.29,-6.33,-5.35,-2.92,-2.92,-1.91,-1.75,-0.90,-1.70,-3.14,-2.84,-1.35,-4.21,0.40,-0.04,-2.29,-2.24,-2.10,-2.34,-2.55,-2.12,-2.60,-2.69,-2.62,-3.07,0.42,1.88,4,-0.80,-1.13,-2.04,-3.10,,-6.70,-10.90,-3.20,-4.40,-5.30,,,,,,,-2.70,-3.10,,-3.70,-3.10,-3.70,-3.80,,,,,,,,-1.90,-2.50,-2.70,-4.20,-5.40,,,,,-2.20,,-3.80,-4.40,2,0.60,0.20,,,-2.70,,,-3,,,1.60,1.50,1,1.90,-0.50,-2.60,
2008-12-27 11:40,-2.60,-2.59,-5.08,-2.31,-5,-3.95,-3.93,-2.80,-8.07,-3.76,-5.86,-6.02,-8.74,-6.11,-4.75,-5.43,-6.97,-8.69,-5.30,-7.03,-8.19,-8.71,-4.86,,-3.45,-3.75,-4.42,-6.03,-3.38,-5.50,-5.21,-3.45,-7.57,-5.39,-4.88,-4.99,-4.54,-5.13,-7.41,-4.93,-10,,-14.46,-3.95,-6.50,-4.28,-5,-5.32,-5.05,-5.68,-5.62,-4.46,-5.33,-3.99,-6.42,-5.84,-5.05,-5.20,-5.05,-4.54,,-6,-6.57,-10.38,-7.27,-7.89,-2.97,-4.06,-5.90,-7.11,-4.53,-5.12,-2.47,-4.82,-3.80,-1.46,-1.80,-2.90,-2.40,-1.23,-2.92,-2.39,-2.19,-4.59,-2.89,-3.77,-3.60,-3.40,-2.65,-3.53,-5.91,-3.14,-3.27,-3.40,-3.78,-3.48,-5.32,-4.06,-5,-5.24,-6.42,-5.23,-2.79,-2.83,-1.83,-1.60,-0.88,-1.70,-3.12,-2.86,-1.33,-4.20,0.44,-0.04,-2.23,-2.15,-2,-2.22,-2.54,-2.06,-2.60,-2.70,-2.62,-2.96,0.44,1.86,3.80,-0.80,-1.22,-1.93,-3,,-6.80,-10.80,-3.20,-4.50,-5.30,,,,,,,-2.70,-3.20,,-3.60,-3.20,-3.70,-3.73,,,,,,,,-1.90,-2.60,-2.70,-4.20,-5.30,,,,,-2.20,,-3.80,-4.30,2.20,0.60,0.20,,,-2.70,,,-3,,,1.60,1.40,1.10,1.80,-0.50,-2.60,
2008-12-27 11:50,-2.50,-2.57,-5.17,-2.34,-5,-3.86,-3.98,-2.80,-7.89,-3.76,-5.87,-5.94,-8.68,-6.07,-4.70,-5.67,-7.03,-8.14,-5.50,-7.07,-7.62,-8.72,-4.82,,-3.30,-3.81,-4.33,-5.99,-3.37,-5.50,-5.24,-3.48,-7.73,-5.38,-5.14,-5.10,-4.45,-5.20,-7.35,-4.82,-9.60,,-14,-3.77,-6.40,-4.21,-5,-5.30,-5,-5.66,-5.65,-4.53,-5.33,-3.96,-6.45,-5.95,-5.12,-5.30,-4.90,-4.52,,-6,-6.52,-10.56,-7.31,-7.91,-2.91,-4.04,-5.80,-7.04,-4.54,-5.29,-2.29,-4.87,-3.74,-1.35,-1.80,-2.94,-2.40,-1.60,-2.98,-2.33,-2.28,-4.50,-2.84,-3.79,-3.65,-3.40,-2.62,-3.40,-5.93,-3.12,-3.23,-3.40,-3.49,-3.38,-5.52,-4.05,-4.93,-5.17,-6.50,-5.18,-2.71,-2.72,-1.79,-1.56,-0.78,-1.70,-3.01,-2.80,-1.45,-4.16,0.61,0.09,-1.97,-2.07,-1.90,-2.20,-2.53,-2.17,-2.70,-2.62,-2.44,-2.89,0.36,1.90,3.60,-0.76,-1.05,-1.75,-3,,-6.80,-10.70,-3.20,-4.50,-5.40,,,,,,,-2.60,-3.10,,-3.60,-3.10,-3.70,-3.83,,,,,,,,-1.80,-2.50,-2.70,-4.20,-5.20,,,,,-2.30,,-3.70,-4.30,2.20,0.70,0.20,,,-2.70,,,-3,,,1.60,1.40,1.10,1.80,-0.50,-2.60,
2008-12-27 12:00,-2.30,-2.71,-5.24,-2.20,-5,-4.08,-3.99,-2.90,-7.90,-3.77,-5.73,-6.01,-8.70,-6.07,-4.80,-5.77,-7.02,-7.65,-5.40,-7.38,-8.46,-8.60,-5.01,,-3.37,-3.89,-4.44,-5.98,-3.41,-5.50,-5.14,-3.50,-8.03,-5.33,-4.99,-5.11,-4.54,-5.21,-7.20,-4.68,-10.20,,-15.40,-3.89,-6.20,-4.19,-5,-5.29,-5.04,-5.65,-5.62,-4.62,-5.34,-3.93,-6.49,-5.99,-5.20,-5.10,-5.09,-4.57,-5.93,-6.30,-6.45,-10.45,-7.25,-7.89,-2.99,-4.04,-5.70,-6.97,-4.53,-5.23,-2.32,-4.92,-3.81,-1.26,-1.80,-2.90,-2.40,-1.45,-2.91,-2.36,-2.31,-4.56,-2.84,-3.83,-3.60,-3.40,-2.57,-3.47,-5.91,-3.03,-3.14,-3.40,-3.57,-3.47,-5.49,-3.93,-4.87,-5.16,-6.58,-5.24,-2.75,-2.72,-1.80,-1.63,-0.67,-1.70,-3.06,-2.81,-1.41,-4.14,0.59,0.50,-2.12,-1.98,-1.90,-2.28,-2.57,-2.04,-2.60,-2.43,-2.51,-3.17,0.35,2.20,3.10,-0.68,0.10,-1.56,-2.90,-3.80,-6.90,-10.70,-3.20,-4.50,-5.40,-5.40,-3,-8.30,-3.20,-1.40,-1.90,-2.60,-3.10,-3.40,-3.70,-3.10,-3.70,-4.10,,-3,-2.10,-2,-1.90,-2,-2,-1.90,-2.50,-2.70,-4.30,-5.20,0.50,0.70,-2,-1.70,-2.30,-1.90,-3.70,-4.30,2.30,0.80,0.30,0.20,-1.80,-2.60,-2.60,-1.70,-3,1.90,0.50,1.60,1.40,1.10,1.80,-0.80,-2.60,-2.40
2008-12-27 12:10,-2.20,-2.85,-5.22,-2.09,-4.90,-3.93,-3.97,-2.90,-7.88,-3.91,-5.76,-5.86,-8.81,-6.04,-4.81,-5.80,-7,-7.28,-5.40,-7.65,-7.12,-8.52,-5.07,,-3.48,-3.93,-4.34,-5.96,-3.53,-5.60,-5.10,-3.34,-8.43,-5.24,-4.97,-5.11,-4.53,-5.13,-7.21,-4.88,-10.50,,-14.25,-3.94,-6.10,-4.17,-5,-5.33,-5.14,-5.64,-5.64,-4.61,-5.48,-4.03,-6.51,-5.88,-5.14,-5.30,-5.05,-4.62,-5.95,-6.30,-6.33,-10.47,-7.34,-7.96,-3.02,-4.01,-5.60,-6.82,-4.56,-5.13,-2.29,-4.95,-3.83,-1.30,-1.70,-2.92,-2.40,-1.35,-2.95,-2.50,-2.33,-4.53,-2.94,-3.80,-3.74,-3.40,-2.58,-3.46,-5.86,-2.97,-3.18,-3.30,-3.52,-3.46,-5.48,-3.92,-4.73,-5.16,-6.43,-5.34,-2.86,-2.68,-1.76,-1.63,-0.77,-1.70,-3.12,-2.84,-1.58,-4.16,0.81,0.74,-2.05,-2.38,-1.70,-2.14,-2.54,-2.01,-2.60,-2.35,-2.54,-3.14,0.50,1.77,3.60,-0.58,-0.66,-1.55,-2.80,,-7.10,-10.60,-3.20,-4.40,-5.40,,,,,,,-2.70,-3.10,,-3.70,-3,-3.80,-3.96,,,,,,,,-1.80,-2.50,-2.70,-4.40,-5.20,,,,,-2.30,,-3.80,-4.20,2.30,0.80,0.30,,,-2.60,,,-3,,,1.60,1.40,1.10,1.80,-0.80,-2.60,
2008-12-27 12:20,-2.40,-2.87,-5.25,-2.16,-4.50,-4.01,-4.11,-3,-7.97,-3.91,-5.80,-5.88,-8.72,-6.11,-4.82,-5.67,-7.01,-7.67,-5.50,-7.79,-6.71,-8.42,-5.48,,-3.62,-4.03,-4.42,-5.81,-3.62,-5.60,-5.14,-3.33,-8.87,-5.33,-5.03,-5.12,-4.48,-5.09,-7.31,-4.93,-10.20,,-14.75,-3.81,-6.10,-4.21,-5.10,-5.31,-5.15,-5.66,-5.75,-4.61,-5.57,-4.09,-6.44,-5.82,-5.22,-5.30,-5,-4.78,-5.90,-6.20,-6.32,-10.44,-7.33,-8.70,-2.99,-4.08,-5.60,-6.73,-4.58,-5.13,-2.29,-4.97,-3.82,-1.42,-1.80,-2.94,-2.42,-1.40,-2.98,-2.50,-2.30,-4.44,-2.91,-3.81,-3.71,-3.40,-2.56,-3.41,-5.95,-3.07,-3.23,-3.30,-3.62,-3.88,-5.36,-3.95,-4.71,-5.15,-6.35,-5.34,-2.88,-2.73,-1.70,-1.57,-0.76,-1.70,-3.07,-2.77,-1.57,-4.16,0.80,0.81,-1.89,-2.55,-1.60,-2.25,-2.56,-2.08,-2.60,-2.37,-2.43,-3.14,0.67,1.74,3.40,-0.62,-0.59,-1.19,-2.80,,-7.10,-10.30,-3.20,-4.40,-5.40,,,,,,,-2.70,-3.10,,-3.60,-3.10,-3.70,-3.97,,,,,,,,-1.80,-2.40,-2.60,-4.40,-5.20,,,,,-2.30,,-3.80,-4.10,2.30,0.80,0.30,,,-2.60,,,-3,,,1.60,1.40,1.10,1.80,-0.90,-2.60,
2008-12-27 12:30,-2.60,-2.99,-5.25,-2.14,-4.40,-4.15,-4.24,-3.10,-7.96,-3.92,-5.80,-5.94,-8.68,-6.14,-4.82,-5.53,-7.04,-7.41,-5.50,-7.76,-7.61,-8.64,-5.47,,-3.60,-3.95,-4.50,-5.91,-3.66,-5.60,-5.14,-3.29,-9.33,-5.36,-5.09,-5.06,-4.49,-5.22,-7.36,-5.06,-9.80,,-14.61,-3.68,-6.30,-4.21,-5.10,-5.32,-5.31,-5.73,-5.62,-4.65,-5.63,-4.02,-6.54,-6.03,-5.15,-5.30,-5.16,-4.69,-5.86,-6.30,-6.30,-10.45,-7.34,-9.01,-2.83,-4.16,-5.70,-6.79,-4.37,-5.11,-2.38,-4.89,-3.77,-1.23,-1.80,-2.95,-2.49,-1.47,-2.88,-2.50,-2.36,-4.43,-2.88,-3.84,-3.70,-3.40,-2.46,-3.41,-5.99,-2.92,-3.22,-3.30,-3.73,-3.43,-5.31,-4.12,-4.81,-5.06,-6.36,-5.51,-2.83,-2.70,-1.69,-1.50,-0.80,-1.80,-3.14,-2.78,-1.44,-4.12,0.77,0.84,-1.99,-2.60,-1.90,-2.36,-2.41,-2.01,-2.50,-2.49,-2.56,-3.22,0.71,1.67,3.50,-0.56,-0.89,-1.40,-2.90,,-7.10,-10.10,-3.20,-4.50,-5.50,,,,,,,-2.80,-3.10,,-3.60,-3.20,-3.80,-4.02,,,,,,,,-1.90,-2.60,-2.70,-4.60,-5.20,,,,,-2.30,,-3.80,-4.10,2.30,0.80,0.30,,,-2.50,,,-3,,,1.70,1.40,1.10,1.70,-1.10,-2.70,
2008-12-27 12:40,-2.60,-3.09,-5.45,-2.28,-4.90,-4.29,-4.30,-3.20,-7.93,-3.97,-5.89,-5.93,-8.71,-6.14,-5.01,-5.73,-7.08,-7.45,-5.60,-7.46,-8.89,-9.04,-5.42,,-3.62,-4.01,-4.50,-5.93,-3.62,-5.70,-5.22,-3.28,-9.35,-5.40,-5.14,-5.03,-4.46,-5.17,-7.37,-4.95,-9.80,,-14.01,-3.81,-6.50,-4.27,-5.10,-5.30,-5.27,-5.80,-5.75,-4.57,-5.58,-4.07,-6.55,-6.03,-5.15,-5.30,-5.08,-4.74,-5.92,-6.30,-6.18,-10.47,-7.36,-9.18,-2.95,-4.19,-5.70,-6.75,-4.37,-5.06,-2.46,-4.87,-3.71,-1.33,-1.80,-2.97,-2.53,-1.56,-2.83,-2.60,-2.37,-4.55,-2.87,-3.83,-3.77,-3.30,-2.49,-3.44,-5.95,-2.90,-3.25,-3.30,-3.77,-3.57,-5.33,-4.17,-4.83,-5.11,-6.48,-5.46,-2.76,-2.70,-1.69,-1.52,-0.80,-1.70,-3.21,-2.82,-1.62,-4.12,0.80,1.19,-2.02,-2.47,-1.80,-2.26,-2.40,-1.93,-2.50,-2.36,-2.50,-3.08,0.77,1.56,3.60,-0.43,-0.65,-1.41,-2.80,,-7.10,-10.20,-3.30,-4.60,-5.50,,,,,,,-2.70,-3,,-3.60,-3.20,-3.80,-3.99,,,,,,,,-1.80,-2.50,-2.70,-4.50,-5.20,,,,,-2.30,,-3.70,-4,2.30,0.90,0.30,,,-2.40,,,-3,,,1.70,1.40,1.10,1.80,-0.60,-2.90,
2008-12-27 12:50,-2.70,-3.14,-5.43,-2.45,-5.30,-4.22,-4.33,-3.20,-7.96,-4,-5.98,-5.87,-8.77,-6.10,-5.17,-5.89,-7.15,-7.55,-5.60,-7.28,-8.74,-9.43,-5.44,,-3.73,-4.06,-4.47,-5.96,-3.66,-5.80,-5.17,-3.24,-9.27,-5.36,-5.11,-5.09,-4.58,-5.28,-7.40,-4.83,-9.50,,-15.52,-3.92,-6.60,-4.27,-5.10,-5.42,-5.02,-5.82,-5.82,-4.71,-5.60,-4.14,-6.47,-6.11,-5.26,-5.40,-5.06,-4.80,-6.14,-6.30,-6.31,-10.61,-7.49,-9.04,-3,-4.23,-5.70,-6.92,-4.46,-5.04,-2.47,-4.96,-3.83,-1.21,-1.80,-2.90,-2.45,-1.46,-2.88,-2.70,-2.52,-4.51,-2.89,-3.92,-3.84,-3.30,-2.47,-3.47,-6.09,-2.96,-3.28,-3.40,-3.70,-3.55,-5.31,-4.27,-4.78,-5.07,-6.53,-5.40,-2.76,-2.65,-1.75,-1.59,-0.86,-1.70,-3.14,-2.88,-1.54,-4.08,0.78,1.22,-2.05,-2.23,-1.90,-2.29,-2.48,-2.01,-2.50,-2.37,-2.49,-2.99,0.60,1.49,3.60,-0.43,-0.44,-1.23,-2.90,,-7,-10.10,-3.30,-4.50,-5.60,,,,,,,-2.90,-3.10,,-3.60,-3.30,-3.70,-4.02,,,,,,,,-1.90,-2.60,-2.70,-4.60,-5.20,,,,,-2.30,,-3.70,-4,2.20,0.90,0.30,,,-2.40,,,-2.90,,,1.80,1.30,1.10,1.80,-0.40,-2.90,
2008-12-27 13:00,-2.80,-3.21,-5.31,-2.59,-5.50,-4.16,-4.38,-3.20,-7.99,-4.01,-5.97,-6.18,-8.77,-6.24,-5.16,-5.98,-7.20,-7.73,-5.60,-7.36,-8.66,-9.42,-5.58,,-3.72,-3.97,-4.49,-6.02,-3.74,-5.80,-5.29,-3.35,-9.39,-5.49,-5.06,-5.15,-4.36,-5.27,-7.50,-5.03,-10.50,,-14.58,-3.62,-6.70,-4.32,-5.10,-5.53,-5.35,-5.79,-5.82,-4.85,-5.71,-4.25,-6.53,-6.24,-5.25,-5.50,-5.18,-4.95,-6.18,-6.40,-6.45,-10.69,-7.44,-9.11,-3.05,-4.26,-5.70,-6.95,-4.46,-5.06,-2.45,-5.04,-3.75,-1.31,-1.70,-2.88,-2.47,-1.42,-2.84,-2.70,-2.36,-4.42,-2.92,-3.87,-3.85,-3.20,-2.48,-3.48,-6.17,-3.07,-3.27,-3.50,-3.65,-3.48,-5.41,-4.25,-4.81,-5.05,-6.56,-5.30,-2.76,-2.64,-1.78,-1.60,-0.88,-1.70,-3.05,-3.03,-1.34,-4.10,0.89,1.12,-2,-2.10,-2,-2.24,-2.44,-1.91,-2.50,-2.43,-2.51,-2.81,0.69,1.47,3.50,-0.36,-0.40,-1.27,-2.90,-4.10,-7,-10.40,-3.30,-4.70,-5.60,,-3.10,-9,-3.20,-1.40,-2.20,-3,-3.10,-3.30,-3.70,-3.20,-3.70,-4.30,-5.70,-2.90,-2,-1.70,-1.70,-2.10,-2,-1.90,-2.60,-2.70,-4.50,-5.20,0.30,0.20,-1.80,-1.60,-2.20,-2,-3.70,-4,2.20,0.90,0.40,0.10,-1.90,-2.40,-2.60,,-2.90,1.80,0.60,1.80,1.30,1.20,1.50,-0.60,-3.10,-2.50
2008-12-27 13:10,-3,-3.34,-5.38,-2.65,-5.80,-4.26,-4.39,-3.30,-7.99,-4.05,-6.04,-6.15,-8.77,-6.36,-5.20,-6.04,-7.24,-7.80,-5.70,-7.34,-8.72,-9.27,-5.79,,-3.62,-4.05,-4.46,-6.03,-3.78,-5.70,-5.48,-3.33,-9.35,-5.44,-5.12,-5.18,-4.38,-5.24,-7.52,-4.81,-12.20,,-14.88,-3.87,-6.80,-4.31,-5.10,-5.57,-5.28,-5.85,-5.83,-4.75,-5.77,-4.41,-6.78,-6.20,-5.37,-5.60,-5.37,-5.06,-6.25,-6.40,-6.57,-10.67,-7.48,-9.19,-3.13,-4.19,-5.80,-7.08,-4.72,-5.07,-2.46,-5.04,-3.72,-1.15,-1.70,-2.90,-2.35,-1.61,-2.88,-2.70,-2.54,-4.39,-2.95,-3.87,-3.88,-3.30,-2.51,-3.46,-6.21,-3.09,-3.25,-3.50,-3.69,-3.36,-5.38,-4.23,-4.87,-5.12,-6.54,-5.35,-2.70,-2.73,-1.72,-1.53,-0.88,-1.70,-3,-3,-1.35,-4.09,0.97,1.02,-1.91,-1.94,-2,-2.26,-2.41,-1.77,-2.50,-2.43,-2.47,-2.78,0.62,1.53,3.60,-0.40,-0.34,-1.30,-3,,-7.10,-10.70,-3.30,-4.80,-5.70,,,,,,,-2.90,-3,,-3.70,-3.20,-3.80,-3.90,,,,,,,,-1.90,-2.50,-2.80,-4.60,-5.20,,,,,-2.20,,-3.80,-4,2.20,0.90,0.40,,,-2.40,,,-2.90,,,1.70,1.30,1.10,1.40,-0.50,-3.10,
2008-12-27 13:20,-3.10,-3.36,-5.40,-2.77,-6,-4.33,-4.42,-3.40,-8.05,-4.09,-6.08,-6.22,-8.75,-6.37,-5.39,-6.23,-7.27,-8.08,-5.70,-7.37,-8.76,-8.86,-5.77,,-3.61,-4.01,-4.36,-6.17,-3.81,-5.70,-5.52,-3.40,-9.35,-5.41,-5.10,-5.32,-4.48,-5.23,-7.60,-4.97,-11.80,,-15.08,-3.94,-6.80,-4.35,-5.20,-5.55,-5.34,-5.89,-5.91,-4.71,-5.79,-4.47,-6.90,-6.07,-5.41,-5.60,-5.37,-5.10,-6.36,-6.40,-6.74,-10.79,-7.55,-9.37,-3.02,-4.11,-5.80,-7,-4.64,-4.97,-2.44,-5.03,-3.79,-1.12,-1.80,-3.05,-2.51,-1.62,-2.92,-2.70,-2.67,-4.46,-3,-3.83,-3.92,-3.30,-2.53,-3.49,-6.06,-3.09,-3.31,-3.50,-3.74,-3.41,-5.38,-4.21,-4.99,-5.15,-6.60,-5.43,-2.70,-2.71,-1.70,-1.67,-0.92,-1.80,-3.17,-2.93,-1.44,-4.08,0.88,1.05,-1.93,-2.06,-2.20,-2.27,-2.43,-1.82,-2.50,-2.32,-2.50,-2.97,0.61,1.53,3.70,-0.30,-0.24,-1.48,-3,,-7.30,-10.50,-3.30,-4.80,-5.80,,,,,,,-2.90,-3.10,,-3.70,-3.30,-3.60,-3.92,,,,,,,,-1.90,-2.60,-2.80,-4.60,-5.20,,,,,-2.20,,-3.70,-4,2.10,1,0.40,,,-2.30,,,-2.80,,,1.60,1.30,1.10,1.10,-0.90,-3.20,
2008-12-27 13:30,-3.20,-3.41,-5.44,-2.84,-6.10,-4.50,-4.47,-3.50,-8.26,-4.21,-6.11,-6.23,-8.79,-6.46,-5.42,-6.43,-7.40,-8.33,-5.80,-7.68,-9.02,-8.68,-5.73,,-3.57,-3.98,-4.45,-6.23,-3.78,-5.60,-5.41,-3.40,-9.48,-5.45,-5.21,-5.41,-4.58,-5.24,-7.72,-4.99,-11.40,,-14.59,-3.88,-6.90,-4.27,-5.20,-5.59,-5.55,-5.86,-5.95,-4.70,-5.76,-4.49,-6.88,-6.29,-5.43,-5.70,-5.54,-5.20,-6.40,-6.50,-6.80,-10.87,-7.61,-9.43,-3.02,-3.98,-5.80,-7.13,-4.59,-5.03,-2.42,-4.99,-3.80,-1.15,-1.70,-3.03,-2.55,-1.65,-2.89,-2.70,-2.59,-4.58,-3.05,-3.89,-3.88,-3.30,-2.47,-3.50,-6.08,-3.05,-3.30,-3.60,-3.63,-3.42,-5.31,-4.23,-5.08,-5.24,-6.63,-5.45,-2.82,-2.64,-1.67,-1.57,-0.93,-1.70,-3.17,-2.99,-1.50,-4.06,0.79,0.81,-1.87,-2.05,-2.20,-2.24,-2.48,-1.92,-2.60,-2.33,-2.59,-3.08,0.62,1.52,3.50,-0.29,-0.28,-1.40,-3,,-7.40,-10.20,-3.40,-4.90,-5.80,,,,,,,-2.90,-3,,-3.60,-3.30,-3.70,-3.92,,,,,,,,-2,-2.50,-2.80,-4.70,-5.20,,,,,-2.20,,-3.70,-4,2.10,1,0.40,,,-2.30,,,-2.80,,,1.60,1.20,1.10,0.90,-1.10,-3.30,
2008-12-27 13:40,-3.30,-3.38,-5.60,-2.92,-6.20,-4.42,-4.53,-3.60,-8.40,-4.29,-6.21,-6.29,-8.88,-6.59,-5.39,-6.38,-7.47,-8.44,-5.80,-7.83,-9.40,-8.78,-5.75,,-3.55,-4.04,-4.50,-6.25,-3.80,-5.60,-5.58,-3.34,-9.41,-5.48,-5.32,-5.45,-4.54,-5.17,-7.78,-4.87,-11.90,,-14.28,-4,-6.80,-4.24,-5.30,-5.65,-5.60,-6.01,-5.87,-4.70,-5.79,-4.57,-7.01,-6.46,-5.50,-5.80,-5.56,-5.26,-6.41,-6.50,-7.05,-10.84,-7.60,-9.44,-3.11,-3.96,-5.80,-7.17,-4.66,-5.12,-2.40,-5,-3.76,-1.19,-1.80,-2.93,-2.51,-1.61,-2.94,-2.80,-2.74,-4.59,-3.06,-3.85,-3.92,-3.30,-2.53,-3.58,-6.08,-3.12,-3.35,-3.60,-3.85,-3.46,-5.51,-4.30,-5.06,-5.22,-6.68,-5.48,-2.91,-2.72,-1.89,-1.52,-0.95,-1.70,-3.15,-2.95,-1.52,-4,0.86,0.68,-1.81,-2.16,-2.30,-2.15,-2.48,-2.06,-2.60,-2.46,-2.54,-2.99,0.54,1.49,3.20,-0.34,-0.37,-1.51,-3,,-7.30,-10.10,-3.40,-5,-5.90,,,,,,,-2.90,-3,,-3.60,-3.30,-3.70,-3.90,,,,,,,,-2,-2.60,-2.80,-4.60,-5.10,,,,,-2.20,,-3.70,-4,2.10,1,0.40,,,-2.30,,,-2.80,,,1.50,1.10,1.20,0.90,-1.20,-3.50,
2008-12-27 13:50,-3.40,-3.44,-5.68,-3.17,-6.30,-4.50,-4.56,-3.70,-8.38,-4.34,-6.38,-6.31,-8.88,-6.70,-5.39,-6.55,-7.47,-8.60,-5.90,-7.88,-9.96,-8.87,-5.85,,-3.71,-4.04,-4.51,-6.36,-3.88,-5.70,-5.58,-3.36,-9.53,-5.47,-5.28,-5.52,-4.48,-5.16,-7.81,-5.21,-11.70,,-14.99,-3.90,-7,-4.27,-5.30,-5.73,-5.65,-5.97,-6.02,-4.74,-5.75,-4.60,-7.11,-6.41,-5.65,-5.90,-5.60,-5.27,-6.53,-6.60,-7.08,-10.79,-7.64,-9.33,-3.07,-3.86,-5.90,-7.16,-4.78,-5.14,-2.45,-5,-3.82,-1.33,-1.70,-2.89,-2.59,-1.49,-2.95,-2.80,-2.78,-4.61,-3.05,-3.86,-3.93,-3.30,-2.51,-3.57,-6.12,-3.19,-3.41,-3.60,-3.75,-3.50,-5.45,-4.29,-5.10,-5.26,-6.79,-5.62,-2.84,-2.64,-2.10,-1.63,-0.97,-1.80,-3.19,-2.98,-1.50,-3.96,0.95,0.77,-1.91,-2.30,-2.50,-2.13,-2.55,-2.04,-2.60,-2.65,-2.60,-2.75,0.52,1.52,2.90,-0.33,-0.24,-1.60,-3,,-7.40,-10.20,-3.40,-5.10,-5.90,,,,,,,-3,-3.10,,-3.60,-3.40,-3.70,-3.89,,,,,,,,-2,-2.70,-2.80,-4.60,-5.20,,,,,-2.20,,-3.60,-4.10,2.10,1,,,,-2.30,,,-2.80,,,1.50,1.10,1.20,0.80,-1.30,-3.40,
2008-12-27 14:00,-3.40,-3.52,-5.80,-3.15,-6.50,-4.36,-4.49,-3.80,-8.42,-4.39,-6.46,-6.45,-9,-6.79,-5.47,-6.61,-7.51,-8.88,-5.90,-8.03,-10.21,-9.16,-5.91,,-3.65,-4.01,-4.61,-6.32,-3.95,-5.70,-5.52,-3.40,-9.55,-5.56,-5.32,-5.53,-4.51,-5.14,-7.97,-5.38,-12.30,,-15.29,-4,-7.10,-4.37,-5.40,-5.79,-5.73,-6.04,-6.02,-4.87,-5.76,-4.82,-7.18,-6.39,-5.72,-5.90,-5.70,-5.35,-6.57,-6.70,-7.10,-11.03,-7.71,-9.51,-3.07,-4.07,-5.90,-7.14,-4.89,-5.07,-2.48,-5.01,-3.91,-1.31,-1.80,-3.04,-2.70,-1.73,-2.99,-2.90,-2.82,-4.74,-3.09,-3.90,-3.96,-3.30,-2.66,-3.50,-6.22,-3.23,-3.52,-3.70,-3.92,-3.59,-5.44,-4.26,-5.25,-5.28,-6.66,-5.77,-2.86,-2.71,-2.15,-1.54,-1.04,-1.80,-3.21,-2.99,-1.51,-3.91,0.94,0.68,-2.26,-2.30,-2.60,-2.18,-2.55,-2,-2.60,-2.65,-2.56,-2.75,0.47,1.62,2.80,-0.30,-0.06,-1.66,-3,-4.30,-7.50,-10.40,-3.40,-5.10,-5.90,-5.90,-3.30,-8.20,-3.20,-1.60,-2.30,-3,-3,-3.40,-3.60,-3.40,-3.70,-4.10,,-3.20,-1.90,-1.70,-1.70,-2.40,-2.10,-2,-2.70,-2.80,-4.70,-5.30,-0.10,-0.70,-2,-1.60,-2.10,-2.20,-3.80,-4.10,2,0.90,0.30,-0.10,-2.10,-2.40,-2.70,-1.80,-2.80,1.80,0.70,1.50,1.10,1.20,1.10,-1.40,-3.90,-2.60
2008-12-27 14:10,-3.40,-3.56,-5.80,-3.28,-6.60,-4.50,-4.67,-3.90,-8.59,-4.46,-6.56,-6.52,-9.16,-6.87,-5.51,-6.64,-7.61,-9.07,-6,-8.20,-10.54,-9.35,-6.07,,-3.68,-3.99,-4.55,-6.36,-3.93,-5.80,-5.62,-3.49,-9.63,-5.65,-5.37,-5.62,-4.58,-5.11,-7.99,-5.45,-12.50,,-14.59,-4.03,-7.20,-4.40,-5.40,-5.83,-5.62,-6.18,-6.06,-4.92,-5.78,-4.96,-7.21,-6.50,-5.80,-6,-5.77,-5.37,-6.65,-6.80,-7.23,-11.04,-7.81,-9.61,-3.15,-4.06,-5.90,-7.25,-4.83,-5.08,-2.50,-5.05,-3.92,-1.20,-1.80,-2.97,-2.79,-1.89,-3,-2.90,-2.74,-4.80,-3.14,-3.95,-4.09,-3.30,-2.59,-3.48,-6.25,-3.31,-3.59,-3.70,-3.75,-3.47,-5.47,-4.32,-5.34,-5.20,-6.75,-5.87,-2.70,-2.60,-2.33,-1.56,-1.08,-1.80,-3.43,-2.99,-1.56,-3.87,0.89,0.25,-2.43,-2.28,-2.90,-2.28,-2.60,-1.99,-2.70,-2.62,-2.70,-3.10,0.36,1.53,2.70,-0.27,-0.17,-1.82,-3.10,,-7.60,-10.50,-3.40,-5.20,-6,,,,,,,-3,-3,,-3.70,-3.40,-3.80,-3.91,,,,,,,,-2,-2.70,-2.80,-4.70,-5.30,,,,,-2.10,,-3.90,-4.20,2,0.90,0.30,,,-2.40,,,-2.80,,,1.50,1,1.10,1.20,-1.50,-3.90,
2008-12-27 14:20,-3.50,-3.64,-5.90,-3.50,-6.70,-4.48,-4.74,-4,-8.66,-4.50,-6.60,-6.37,-9.36,-7,-5.64,-6.79,-7.68,-9.23,-6,-8.02,-10.72,-9.33,-6.21,,-3.57,-4.07,-4.56,-6.41,-3.96,-5.70,-5.73,-3.59,-9.92,-5.63,-5.42,-5.64,-4.50,-5.09,-8.09,-5.36,-13.20,,-14.41,-4.05,-7.30,-4.36,-5.50,-5.90,-5.61,-6.17,-6.13,-4.91,-5.80,-4.99,-7.22,-6.64,-5.85,-6.10,-5.74,-5.53,-6.71,-6.80,-7.28,-11.16,-7.87,-9.59,-3.17,-4.07,-5.90,-7.33,-4.85,-5.12,-2.51,-5.09,-3.95,-1.30,-1.80,-2.99,-2.80,-1.91,-3.03,-2.90,-2.84,-4.71,-3.20,-4.06,-3.93,-3.30,-2.56,-3.47,-6.28,-3.39,-3.64,-3.70,-3.99,-3.57,-5.57,-4.41,-5.39,-5.33,-6.78,-5.92,-2.64,-2.74,-2.46,-1.63,-1.07,-1.90,-3.32,-3.08,-1.50,-3.84,0.81,-0.24,-2.81,-2.52,-3,-2.26,-2.65,-1.94,-2.70,-2.48,-2.57,-2.90,0.39,1.39,2.60,-0.28,-0.49,-1.77,-3.10,,-7.70,-10.80,-3.40,-5.30,-6.10,,,,,,,-3,-3.20,,-3.70,-3.40,-3.80,-4.04,,,,,,,,-2,-2.70,-2.80,-4.70,-5.30,,,,,-2.10,,-3.80,-4.30,2,0.90,0.30,,,-2.40,,,-2.80,,,1.40,1,1,1.30,-1.50,-4.20,
2008-12-27 14:30,-3.50,-3.68,-5.93,-3.78,-6.92,-4.35,-4.84,-4,-8.78,-4.61,-6.65,-6.52,-9.41,-7.20,-5.63,-6.75,-7.66,-9.71,-6.10,-8.08,-10.52,-9.78,-6.30,,-3.62,-4.09,-4.59,-6.36,-3.94,-5.80,-5.66,-3.62,-10.35,-5.68,-5.40,-5.60,-4.64,-5.29,-8.18,-5.52,-13.30,,-15.93,-4.16,-7.20,-4.47,-5.60,-5.87,-5.88,-6.19,-6.17,-4.93,-5.91,-5,-7.28,-6.85,-5.90,-6.10,-5.72,-5.63,-6.85,-6.90,-7.37,-11.11,-7.89,-9.58,-3.14,-4.05,-5.90,-7.36,-4.82,-5.13,-2.48,-4.97,-3.87,-1.37,-1.90,-3.08,-2.84,-1.90,-3.04,-3,-2.97,-4.74,-3.23,-4.07,-4.15,-3.30,-2.50,-3.48,-6.43,-3.29,-3.65,-3.80,-4.09,-3.64,-5.64,-4.49,-5.38,-5.47,-6.80,-6.08,-2.69,-2.77,-2.73,-1.67,-1.26,-1.90,-3.38,-3.10,-1.67,-3.86,0.98,-0.62,-2.84,-2.83,-3.20,-2.29,-2.75,-1.98,-2.80,-2.57,-2.69,-2.78,0.42,1.28,2.70,-0.28,-0.43,-1.96,-3.20,,-7.80,-10.60,-3.60,-5.30,-6.20,,,,,,,-3.10,-3.10,,-3.70,-3.50,-3.80,-4.09,,,,,,,,-2,-2.80,-2.80,-4.70,-5.30,,,,,-2.10,,-3.80,-4.40,2,0.90,0.30,,,-2.40,,,-2.80,,,1.40,0.90,1,1.40,-1.70,-4.30,
2008-12-27 14:40,-3.50,-3.72,-5.96,-3.95,-6.94,-4.35,-4.88,-4.10,-8.92,-4.65,-6.76,-6.54,-9.46,-7.27,-5.63,-6.74,-7.68,-9.81,-6.20,-8.16,-10.64,-9.61,-6.23,,-3.75,-4.02,-4.64,-6.41,-3.99,-5.80,-5.74,-3.68,-10.57,-5.75,-5.44,-5.55,-4.51,-5.25,-8.34,-5.57,-13.70,,-15.72,-4.08,-7.30,-4.53,-5.70,-5.97,-5.65,-6.17,-6.32,-5.01,-5.83,-5.12,-7.29,-6.84,-5.91,-6.20,-5.90,-5.67,-6.96,-6.90,-7.53,-11.18,-8.01,-9.66,-3.10,-4.16,-5.90,-7.51,-4.86,-5.35,-2.45,-4.99,-3.95,-1.43,-2,-3.27,-2.90,-1.88,-3.12,-3.10,-2.97,-4.82,-3.33,-4.04,-4.07,-3.40,-2.58,-3.61,-6.35,-3.37,-3.62,-3.80,-4.01,-3.61,-5.67,-4.49,-5.43,-5.40,-6.80,-6.17,-2.74,-2.84,-2.93,-1.73,-1.19,-1.90,-3.28,-3.13,-1.72,-3.84,0.96,-0.82,-2.81,-3.15,-3.50,-2.33,-2.80,-2.09,-2.90,-2.60,-2.71,-2.94,0.34,1.20,2.70,-0.31,-0.19,-1.97,-3.30,,-7.90,-11,-3.60,-5.40,-6.20,,,,,,,-3.20,-3.20,,-3.80,-3.60,-3.90,-4.10,,,,,,,,-2,-2.80,-2.80,-4.70,-5.20,,,,,-2.10,,-3.70,-4.50,2,0.90,0.30,,,-2.40,,,-2.80,,,1.40,0.90,1,1.60,-1.90,-4.50,
2008-12-27 14:50,-3.60,-3.81,-6.06,-4.06,-7.02,-4.46,-4.88,-4.10,-8.97,-4.61,-6.88,-6.57,-9.51,-7.26,-5.74,-6.81,-7.74,-9.84,-6.20,-8.21,-10.66,-10.04,-6.30,,-3.76,-3.98,-4.68,-6.49,-4.03,-5.90,-5.78,-3.78,-10.93,-5.89,-5.52,-5.62,-4.55,-5.18,-8.36,-5.65,-14,,-15.38,-4.08,-7.40,-4.60,-5.70,-6.03,-5.94,-6.20,-6.42,-5.10,-6.10,-5.06,-7.41,-6.96,-6.01,-6.30,-6.02,-5.79,-7.05,-7,-7.60,-11.32,-8.10,-9.77,-3.21,-4.17,-5.90,-7.52,-5.03,-5.15,-2.43,-5.09,-3.97,-1.48,-2,-3.22,-2.95,-2.09,-3.19,-3.10,-3.06,-4.72,-3.30,-4.12,-4.10,-3.40,-2.71,-3.56,-6.37,-3.40,-3.69,-3.80,-4.02,-3.61,-5.64,-4.53,-5.44,-5.35,-6.86,-6.33,-2.69,-2.86,-3.01,-1.82,-1.24,-1.90,-3.28,-3.15,-1.73,-3.82,0.90,-1.18,-3.09,-3.41,-3.60,-2.42,-2.96,-2.13,-2.90,-2.53,-2.57,-3.07,0.42,0.92,2.60,-0.22,-0.43,-2.06,-3.30,,-7.90,-11.10,-3.80,-5.40,-6.40,,,,,,,-3.20,-3.30,,-3.80,-3.70,-4,-4.14,,,,,,,,-2,-2.80,-2.80,-4.70,-5.30,,,,,-2.10,,-3.70,-4.50,2,0.90,0.20,,,-2.40,,,-2.80,,,1.40,0.80,0.80,1.80,-1.90,-4.60,
2008-12-27 15:00,-3.60,-3.87,-6.18,-4.23,-7.09,-4.49,-4.90,-4.20,-8.92,-4.70,-6.89,-6.51,-9.62,-7.36,-5.81,-6.79,-7.81,-10.14,-6.30,-8.35,-10.39,-10.14,-6.27,,-3.72,-4.19,-4.69,-6.55,-4.06,-5.90,-5.87,-3.76,-10.98,-5.87,-5.56,-5.83,-4.54,-5.29,-8.45,-5.88,-13.30,,-15.11,-4.14,-7.50,-4.55,-5.70,-6.02,-5.93,-6.29,-6.39,-5.13,-6.05,-5.21,-7.50,-7.03,-6.11,-6.40,-6.12,-5.89,-7.02,-7,-7.69,-11.36,-8.13,-9.78,-3.49,-4.14,-5.90,-7.53,-5.21,-5.27,-2.46,-5.14,-4,-1.44,-2,-3.22,-2.99,-2.10,-3.21,-3.20,-2.99,-4.73,-3.41,-4.17,-4.18,-3.40,-2.81,-3.35,-6.40,-3.43,-3.69,-3.90,-4.13,-3.71,-5.69,-4.63,-5.40,-5.31,-6.90,-6.36,-2.62,-2.79,-3.17,-1.94,-1.32,-2,-3.32,-3.21,-1.70,-3.83,0.78,-1.49,-3.31,-3.64,-3.80,-2.44,-3.25,-2.06,-3,-2.49,-2.55,-2.85,0.35,0.69,2.40,-0.11,-0.58,-2.19,-3.30,-4.90,-7.90,-11.30,-3.70,-5.40,-6.40,,-3.40,-8.50,-3.30,-1.80,-2.60,-3.20,-3.40,-3.70,-3.80,-3.70,-4,-4.30,-5.90,-3.30,-2,-1.80,-1.70,-3.30,-2.30,-2.10,-2.80,-2.80,-4.70,-5.40,-1.30,-1.20,-2.30,-1.80,-2.10,-2.20,-3.70,-4.50,1.90,0.90,0.20,-0.40,-2.70,-2.40,-3.50,,-2.80,1.70,0.70,1.40,0.80,0.60,2.10,-2.30,-4.60,-2.80
2008-12-27 15:10,-3.70,-3.90,-6.25,-4.34,-7.31,-4.48,-4.88,-4.30,-8.96,-4.79,-6.92,-6.46,-9.64,-7.52,-5.99,-6.98,-7.83,-10.49,-6.30,-8.55,-10.20,-10.18,-6.36,,-3.84,-4.18,-4.67,-6.61,-4.08,-5.90,-5.79,-3.81,-11.33,-5.85,-5.57,-5.95,-4.66,-5.35,-8.48,-6.10,-12.50,,-14.47,-4.11,-7.70,-4.59,-5.80,-6.07,-6.03,-6.41,-6.37,-5.24,-6.07,-5.23,-7.71,-7.13,-6.22,-6.40,-5.94,-5.97,-7.12,-7.10,-7.74,-11.46,-8.16,-9.79,-3.44,-4.19,-5.90,-7.62,-5.19,-5.18,-2.44,-5.10,-3.93,-1.51,-2,-3.33,-3,-2.05,-3.23,-3.03,-3.13,-4.99,-3.37,-4.15,-4.22,-3.40,-2.73,-3.54,-6.52,-3.46,-3.65,-3.90,-4.13,-3.76,-5.76,-4.57,-5.45,-5.29,-6.97,-6.42,-2.67,-2.73,-3.05,-1.83,-1.34,-2,-3.32,-3.20,-1.70,-3.69,0.68,-1.54,-3.93,-3.82,-4,-2.53,-3.49,-2.18,-2.90,-2.43,-2.62,-2.72,0.27,0.67,2.50,-0.21,-0.54,-2.17,-3.40,,-8,-11.70,-3.70,-5.40,-6.50,,,,,,,-3.20,-3.30,,-3.80,-3.70,-4.10,-4.17,,,,,,,,-2.10,-2.80,-2.80,-4.70,-5.40,,,,,-2.10,,-3.70,-4.60,1.90,0.90,0.20,,,-2.40,,,-2.80,,,1.40,0.70,0.60,2.10,-2.30,-4.60,
2008-12-27 15:20,-3.80,-4,-6.32,-4.49,-7.55,-4.58,-4.91,-4.30,-9.06,-4.87,-6.90,-6.49,-9.66,-7.48,-6.15,-7.07,-7.83,-10.41,-6.30,-8.57,-10.23,-9.94,-6.43,,-3.72,-4.08,-4.71,-6.64,-4.15,-6,-5.84,-3.81,-11.35,-6.08,-5.67,-6.33,-4.62,-5.28,-8.55,-6.14,-12.40,,-14.51,-4.30,-7.80,-4.64,-5.80,-6.08,-6.05,-6.42,-6.37,-5.33,-6.16,-5.28,-7.91,-7.23,-6.26,-6.40,-6.07,-5.99,-7.14,-7.20,-7.75,-11.52,-8.25,-9.78,-3.47,-4.24,-5.90,-7.70,-5.13,-5.16,-2.45,-5.20,-3.97,-1.53,-2.10,-3.41,-3.10,-1.89,-3.29,-3.06,-3.04,-4.92,-3.47,-4.12,-4.31,-3.40,-2.70,-3.39,-6.51,-3.45,-3.67,-3.90,-4.20,-3.46,-5.65,-4.59,-5.57,-5.32,-7.05,-6.51,-2.72,-2.80,-2.85,-1.88,-1.35,-2,-3.47,-3.21,-1.75,-3.56,0.68,-1.52,-4.24,-3.84,-4.20,-2.58,-3.69,-2.17,-2.90,-2.45,-2.67,-2.84,0.27,0.67,2.40,-0.21,-0.48,-2.25,-3.40,,-8.10,-11.80,-3.60,-5.40,-6.70,,,,,,,-3.20,-3.30,,-3.80,-3.80,-4.10,-4.14,,,,,,,,-2.10,-2.80,-2.90,-4.80,-5.40,,,,,-2.10,,-3.70,-4.70,1.90,0.90,0.20,,,-2.40,,,-2.80,,,1.40,0.60,0.50,2.10,-2.70,-5,
2008-12-27 15:30,-3.90,-4.06,-6.40,-4.64,-7.66,-4.67,-4.92,-4.40,-9.10,-4.96,-6.87,-6.57,-9.72,-7.37,-6.23,-7.03,-7.86,-10.32,-6.30,-8.72,-10.35,-9.96,-6.47,,-3.76,-4.16,-4.76,-6.73,-4.14,-6.10,-5.86,-3.88,-11.41,-5.93,-5.57,-6.38,-4.69,-5.32,-8.75,-6.23,-11.80,,-14.78,-4.30,-8,-4.67,-5.90,-6.07,-6.08,-6.46,-6.36,-5.36,-6.23,-5.45,-7.91,-7.20,-6.23,-6.50,-6.14,-6.04,-7.29,-7.30,-7.86,-11.55,-8.30,-9.87,-3.49,-4.35,-5.90,-7.66,-5.19,-5.08,-2.45,-5.26,-3.99,-1.37,-2.10,-3.47,-3.10,-2.24,-3.29,-3.10,-3.01,-5.01,-3.56,-4.22,-4.29,-3.40,-2.78,-3.44,-6.47,-3.47,-3.76,-3.90,-4.08,-3.65,-5.71,-4.64,-5.61,-5.33,-7.08,-6.46,-2.74,-2.75,-2.77,-2.02,-1.36,-2,-3.60,-3.18,-1.80,-3.56,0.76,-1.71,-4.37,-4.12,-4.30,-2.58,-3.86,-2.21,-2.80,-2.54,-2.62,-2.95,0.26,0.64,2.30,-0.15,-0.59,-2.23,-3.40,,-8.40,-12,-3.70,-5.40,-6.70,,,,,,,-3.20,-3.30,,-3.80,-3.80,-4,-4.14,,,,,,,,-2.10,-2.90,-2.80,-4.90,-5.40,,,,,-2.10,,-3.70,-4.80,1.80,0.90,0.30,,,-2.40,,,-2.80,,,1.40,0.60,0.50,2.20,-3.10,-5.40,
2008-12-27 15:40,-4,-4.06,-6.55,-4.90,-8.10,-4.76,-5.01,-4.50,-9.14,-4.98,-7,-6.54,-9.73,-7.42,-6.45,-7.17,-7.90,-10.49,-6.40,-8.75,-10.67,-10.34,-6.56,,-3.81,-4.17,-4.74,-6.73,-4.17,-6.10,-5.94,-3.94,-11.47,-6.01,-5.72,-6.50,-4.81,-5.34,-8.82,-6.52,-11.80,,-15.20,-4.18,-8.10,-4.66,-6,-6.12,-6.11,-6.44,-6.76,-5.27,-6.26,-5.53,-7.89,-7.16,-6.35,-6.50,-6.28,-6.11,-7.31,-7.30,-7.87,-11.75,-8.34,-9.89,-3.45,-4.42,-5.90,-7.55,-5.25,-5.33,-2.54,-5.17,-3.99,-1.29,-2.10,-3.44,-3.10,-2,-3.37,-3.15,-3.11,-5.11,-3.55,-4.29,-4.23,-3.40,-2.80,-3.50,-6.55,-3.44,-3.75,-3.90,-3.98,-3.77,-5.69,-4.65,-5.56,-5.29,-7,-6.48,-2.76,-2.74,-2.87,-2,-1.42,-2,-3.59,-3.16,-1.84,-3.60,0.68,-1.65,-4.55,-4.62,-4.40,-2.67,-4.17,-2.21,-2.80,-2.55,-2.68,-2.97,0.17,0.75,2.30,-0.26,-0.60,-2.21,-3.50,,-8.60,-12.20,-3.70,-5.40,-6.70,,,,,,,-3.30,-3.40,,-3.80,-3.90,-4.10,-4.24,,,,,,,,-2.20,-2.90,-2.80,-4.90,-5.30,,,,,-2.10,,-3.70,-4.80,1.80,0.80,0.30,,,-2.50,,,-2.80,,,1.30,0.50,0.50,2.20,-3.60,-5.40,
2008-12-27 15:50,-4,-4.03,-6.60,-5.11,-8.20,-4.80,-5,-4.50,-9.17,-4.97,-7.08,-6.48,-9.76,-7.49,-6.58,-7.16,-8,-10.52,-6.40,-9.15,-11.27,-10.54,-6.98,,-3.80,-4.20,-4.77,-6.80,-4.16,-6.20,-5.94,-3.94,-11.36,-5.97,-5.78,-6.65,-4.95,-5.34,-8.83,-6.78,-11.30,,-15.54,-4.26,-8.10,-4.65,-6,-6.17,-6.02,-6.55,-6.73,-5.29,-6.30,-5.55,-7.90,-7.21,-6.37,-6.50,-6.39,-6.20,-7.37,-7.40,-7.93,-11.84,-8.34,-9.89,-3.51,-4.32,-6,-7.41,-5.12,-5.32,-2.50,-5.22,-3.99,-1.40,-2.10,-3.41,-3.20,-2.15,-3.37,-3.19,-3.25,-5.20,-3.54,-4.28,-4.22,-3.50,-2.78,-3.44,-6.61,-3.59,-3.71,-3.90,-4.32,-3.78,-5.74,-4.65,-5.70,-5.22,-6.88,-6.49,-2.84,-2.82,-2.96,-2.13,-1.40,-2.10,-3.63,-3.14,-1.91,-3.52,0.69,-1.82,-4.69,-4.90,-4.60,-2.69,-4.51,-2.27,-2.80,-2.40,-2.74,-2.98,0.11,0.74,2.30,-0.31,-0.44,-2.28,-3.50,,-8.70,-12.30,-3.80,-5.40,-6.70,,,,,,,-3.30,-3.40,,-3.90,-3.90,-4.10,-4.27,,,,,,,,-2.20,-2.90,-2.80,-4.90,-5.30,,,,,-2.10,,-3.60,-4.80,1.80,0.80,0.30,,,-2.50,,,-2.80,,,1.20,0.50,0.50,2.10,-3.70,-5.60,
2008-12-27 16:00,-4,-4.09,-6.65,-5.20,-8.13,-4.85,-5.03,-4.50,-9.18,-4.95,-7.15,-6.46,-9.80,-7.56,-6.61,-7.35,-7.92,-10.38,-6.40,-9.45,-11.41,-10.50,-7.62,,-3.72,-4.22,-4.77,-6.82,-4.17,-6.20,-5.91,-4.01,-11.47,-5.98,-5.93,-6.83,-5.29,-5.39,-8.94,-7,-11.20,,-15.60,-4.31,-8.10,-4.69,-6.10,-6.17,-5.95,-6.66,-6.94,-5.36,-6.30,-5.50,-7.97,-7.37,-6.55,-6.60,-6.38,-6.29,-7.42,-7.50,-8.04,-11.83,-8.37,-9.81,-3.53,-4.32,-6.10,-7.56,-5.29,-5.37,-2.44,-5.21,-4.05,-1.62,-2.10,-3.46,-3.20,-2.31,-3.47,-3.11,-3.29,-5.09,-3.56,-4.24,-4.24,-3.50,-2.80,-3.39,-6.72,-3.52,-3.75,-3.90,-4.19,-3.88,-5.67,-4.59,-5.71,-5.25,-6.95,-6.50,-2.84,-2.79,-2.85,-2.06,-1.34,-2.10,-3.76,-3.13,-1.92,-3.48,0.65,-1.97,-4.73,-5.15,-4.80,-2.69,-4.69,-2.38,-2.80,-2.38,-2.80,-2.68,0.10,0.70,2.30,-0.34,-0.80,-2.36,-3.50,-5.10,-8.90,-12.40,-3.80,-5.40,-6.80,-6.10,-3.50,-8.80,-3.40,-2,-2.60,-3.30,-3.40,-3.90,-4,-3.90,-4.10,-4.20,-6.20,-3.30,-2,-2,-1.70,-4.10,-2.40,-2.20,-2.90,-2.80,-5,-5.20,-2.10,-1.80,-3.30,-1.80,-2.10,-2.30,-3.50,-4.70,1.80,0.70,0.30,,-2.90,-2.60,-4,-2,-2.80,1.60,0.80,1.20,0.50,0.40,1.90,-3.90,-4.80,-2.80
2008-12-27 16:10,-4,-4.13,-6.74,-5.25,-8.20,-4.74,-5.03,-4.60,-9.25,-4.95,-7.15,-6.49,-9.85,-7.82,-6.68,-7.33,-8.04,-10.39,-6.40,-9.62,-11.82,-10.41,-7.98,,-3.70,-4.22,-4.81,-6.94,-4.20,-6.20,-5.97,-4.07,-11.51,-6.04,-5.98,-7.34,-5.45,-5.48,-8.86,-7.01,-11.10,,-16.08,-4.28,-8.20,-4.75,-6.10,-6.21,-6.06,-6.52,-6.99,-5.48,-6.31,-5.50,-8.04,-7.58,-6.52,-6.70,-6.37,-6.34,-7.42,-7.50,-8.08,-11.86,-8.49,-9.97,-3.48,-4.41,-6.10,-7.59,-5.26,-5.48,-2.57,-5.27,-4.12,-1.58,-2.10,-3.53,-3.30,-2.22,-3.45,-3.40,-3.30,-5.06,-3.58,-4.32,-4.23,-3.50,-2.86,-3.44,-6.52,-3.59,-3.70,-3.90,-4.36,-3.95,-5.67,-4.64,-5.67,-5.27,-7.08,-6.53,-2.69,-2.86,-2.78,-2.08,-1.44,-2.10,-3.76,-3.12,-1.91,-3.46,0.63,-2.17,-4.96,-5.10,-5.20,-2.66,-4.82,-2.36,-2.70,-2.45,-2.85,-3.03,0.05,0.66,2.20,-0.27,-0.80,-2.37,-3.50,,-9.10,-12.50,-3.80,-5.40,-6.90,,,,,,,-3.40,-3.50,,-4,-3.90,-4.10,-4.34,,,,,,,,-2.10,-2.90,-2.90,-5,-5.20,,,,,-2.10,,-3.50,-4.70,1.80,0.70,0.30,,,-2.60,,,-2.80,,,1.20,0.60,0.50,1.90,-3.90,-4.80,
2008-12-27 16:20,-4.10,-4.22,-6.75,-5.33,-8.20,-4.67,-5,-4.60,-9.27,-5.02,-7.22,-6.47,-9.83,-8.13,-6.84,-7.43,-8.04,-10.52,-6.40,-9.81,-12.15,-10.53,-8.57,,-3.62,-4.25,-4.83,-6.92,-4.28,-6.30,-5.99,-3.95,-11.58,-6.08,-5.93,-7.70,-5.23,-5.50,-8.89,-6.98,-11.20,,-16.05,-4.33,-8.40,-4.76,-6.10,-6.17,-6.11,-6.55,-7.10,-5.42,-6.43,-5.51,-7.96,-7.62,-6.73,-6.70,-6.46,-6.38,-7.48,-7.60,-8.10,-11.89,-8.50,-10.15,-3.45,-4.37,-6.10,-7.61,-5.18,-5.56,-2.57,-5.24,-4,-1.41,-2.10,-3.51,-3.30,-2.15,-3.48,-3.40,-3.22,-5.06,-3.57,-4.46,-4.43,-3.50,-2.85,-3.39,-6.57,-3.59,-3.76,-3.90,-4.26,-4.09,-5.59,-4.70,-5.81,-5.35,-7,-6.50,-2.86,-2.92,-2.77,-2.19,-1.37,-2.20,-3.61,-3.14,-1.86,-3.48,0.59,-2.45,-4.86,-5.56,-5.40,-2.71,-4.55,-2.32,-2.70,-2.51,-2.80,-2.68,-0.06,0.75,2.20,-0.28,-0.94,-2.21,-3.50,,-9.40,-12.60,-3.90,-5.40,-6.90,,,,,,,-3.40,-3.50,,-4,-4,-4.10,-4.32,,,,,,,,-2.10,-2.90,-2.90,-5,-5.20,,,,,-2.10,,-3.50,-4.70,1.80,0.70,0.30,,,-2.60,,,-2.80,,,1.20,0.60,0.40,1.90,-4,-4.50,
2008-12-27 16:30,-4.10,-4.26,-6.79,-5.41,-8.30,-4.59,-5.04,-4.70,-9.30,-5,-7.26,-6.53,-9.84,-8.41,-6.85,-7.52,-8.04,-10.39,-6.40,-10.19,-12.47,-10.50,-9.71,,-3.60,-4.27,-4.81,-6.94,-4.28,-6.30,-6.04,-4,-11.87,-6.01,-5.98,-7.50,-5.21,-5.53,-8.98,-7.21,-11,,-15.62,-4.43,-8.30,-4.71,-6.10,-6.17,-5.95,-6.60,-7.25,-5.43,-6.43,-5.57,-7.90,-7.64,-6.75,-6.70,-6.52,-6.48,-7.53,-7.70,-8.21,-11.87,-8.54,-10.16,-3.36,-4.39,-6.10,-7.66,-5.43,-5.56,-2.49,-5.14,-4.17,-1.56,-2.20,-3.59,-3.30,-2.22,-3.53,-3.40,-3.22,-5.12,-3.59,-4.46,-4.41,-3.50,-2.88,-3.36,-6.45,-3.58,-3.84,-3.90,-4.30,-3.95,-5.54,-4.79,-5.77,-5.38,-6.95,-6.51,-2.70,-2.77,-2.72,-2.19,-1.45,-2.10,-3.66,-3.08,-1.88,-3.48,0.65,-2.78,-4.99,-5.82,-5.60,-2.73,-4.60,-2.22,-2.80,-2.47,-2.86,-2.79,0.03,0.71,2.10,-0.42,-0.73,-2.47,-3.60,,-9.50,-12.60,-3.90,-5.40,-7,,,,,,,-3.50,-3.60,,-4,-4,-4.10,-4.32,,,,,,,,-2.10,-2.90,-2.90,-5.10,-5.20,,,,,-2,,-3.40,-4.60,1.70,0.70,0.20,,,-2.60,,,-2.80,,,1.10,0.50,0.40,1.90,-4.10,-4.30,
2008-12-27 16:40,-4.20,-4.30,-6.89,-5.39,-8.30,-4.62,-5.06,-4.60,-9.29,-4.93,-7.19,-6.49,-9.87,-8.67,-6.94,-7.55,-8.08,-10.25,-6.40,-10.75,-12.66,-10.59,-10.50,,-3.64,-4.24,-4.85,-7.04,-4.33,-6.30,-5.97,-4.08,-12.09,-6,-6.16,-7.46,-5.12,-5.47,-8.94,-7.29,-10.50,,-15.40,-4.68,-8.80,-4.85,-6.10,-6.19,-6.21,-6.67,-7.17,-5.53,-6.43,-5.64,-7.98,-7.69,-6.80,-6.80,-6.52,-6.55,-7.60,-7.70,-8.30,-11.95,-8.64,-10.15,-3.56,-4.41,-6.10,-7.75,-5.38,-5.53,-2.58,-5.27,-4.22,-1.60,-2.20,-3.61,-3.40,-2.16,-3.60,-3.50,-3.49,-5.26,-3.57,-4.46,-4.43,-3.50,-2.93,-3.41,-6.50,-3.56,-3.92,-3.80,-4.40,-3.97,-5.53,-4.70,-5.97,-5.34,-6.92,-6.44,-2.78,-2.85,-2.57,-2.18,-1.47,-2.20,-3.54,-3.11,-1.91,-3.49,0.64,-2.93,-5.15,-5.94,-5.70,-2.73,-4.54,-2.33,-2.80,-2.39,-2.82,-2.82,-0.15,0.79,2.10,-0.56,-0.69,-2.35,-3.50,,-9.60,-12.70,-3.90,-5.40,-7,,,,,,,-3.50,-3.60,,-4,-4.10,-4.20,-4.35,,,,,,,,-2.10,-2.90,-2.90,-5.10,-5.10,,,,,-2,,-3.40,-4.50,1.70,0.70,0.20,,,-2.50,,,-2.80,,,1.10,0.50,0.30,2,-4.10,-4,
2008-12-27 16:50,-4.20,-4.32,-6.94,-5.40,-8.40,-4.72,-5.05,-4.60,-9.28,-4.93,-7.23,-6.48,-9.89,-9.10,-6.90,-7.55,-8.11,-10.27,-6.40,-10.92,-12.73,-10.89,-11.36,,-3.68,-4.19,-4.84,-7.10,-4.37,-6.30,-5.96,-4.19,-11.94,-6.05,-6.28,-7.86,-5.17,-5.51,-8.93,-6.86,-10.50,,-16,-4.59,-9.30,-4.95,-6.20,-6.25,-6.10,-6.67,-7.13,-5.52,-6.40,-5.75,-8.12,-7.75,-6.83,-6.80,-6.51,-6.55,-7.72,-7.80,-8.33,-12.08,-8.69,-10.28,-3.45,-4.40,-6.20,-7.80,-5.74,-5.64,-2.50,-5.18,-4.15,-1.54,-2.20,-3.54,-3.40,-2.15,-3.66,-3.50,-3.44,-5.28,-3.55,-4.47,-4.39,-3.50,-2.95,-3.44,-6.63,-3.66,-3.95,-3.90,-4.41,-3.98,-5.58,-4.74,-5.86,-5.38,-6.91,-6.46,-2.89,-2.81,-2.64,-2.24,-1.45,-2.20,-3.56,-3.14,-1.90,-3.51,0.56,-3.14,-5.30,-5.68,-5.70,-2.81,-4.57,-2.59,-2.80,-2.45,-2.84,-2.80,-0.02,0.71,2.10,-0.87,-0.95,-2.43,-3.50,,-9.60,-12.80,-4,-5.40,-7.10,,,,,,,-3.60,-3.60,,-4,-4.10,-4.30,-4.30,,,,,,,,-2.10,-2.90,-2.90,-5.30,-5,,,,,-2,,-3.30,-4.60,1.70,0.70,0.20,,,-2.60,,,-2.80,,,1.10,0.50,0.30,2,-3.70,-3.80,
2008-12-27 17:00,-4.30,-4.32,-6.93,-5.42,-8.60,-4.74,-5.07,-4.70,-9.33,-4.88,-7.27,-6.51,-9.91,-9.39,-6.87,-7.67,-8.23,-10.30,-6.50,-10.63,-12.91,-10.63,-11.51,,-3.79,-4.20,-4.88,-7.15,-4.36,-6.40,-6.09,-4.29,-11.81,-6.06,-6.12,-8.48,-5.18,-5.57,-8.98,-6.60,-10.40,,-15.31,-4.58,-9.40,-4.93,-6.20,-6.24,-6.24,-6.63,-7.07,-5.60,-6.60,-5.72,-8.09,-7.84,-6.90,-7,-6.80,-6.65,-7.77,-7.80,-8.38,-12.23,-8.78,-10.51,-3.40,-4.43,-6.10,-7.99,-5.53,-5.62,-2.48,-5.18,-4.07,-1.43,-2.20,-3.56,-3.50,-2.42,-3.76,-3.60,-3.49,-5.37,-3.48,-4.45,-4.43,-3.50,-2.87,-3.45,-6.67,-3.68,-3.92,-3.90,-4.40,-4.05,-5.48,-4.68,-5.78,-5.39,-6.97,-6.40,-2.80,-2.70,-2.59,-2.20,-1.42,-2.20,-3.56,-3.14,-1.93,-3.49,0.60,-3.31,-5.60,-5.36,-5.80,-2.93,-4.60,-2.52,-2.80,-2.43,-2.78,-2.89,0.02,0.66,2.10,-1,-1.04,-2.38,-3.50,-5.20,-9.50,-12.80,-4,-5.40,-7.10,-6.10,-3.50,-8.90,-3.30,-2.20,-2.70,-3.60,-3.60,-3.90,-4.10,-4.10,-4.30,-4.40,,-3.30,-2,-1.90,-1.70,-3.70,-2.50,-2.20,-3,-2.90,-5.40,-5,-2.30,-2.60,-3.50,-1.90,-2,-2.40,-3.30,-4.70,1.70,0.70,0.20,,-3,-2.50,-4.40,-2,-2.80,1.60,0.70,1,0.50,0.30,1.90,-2.80,-3.50,-2.80
2008-12-27 17:10,-4.20,-4.36,-7.04,-5.53,-8.80,-4.84,-5.14,-4.70,-9.39,-4.92,-7.36,-6.57,-9.91,-9.34,-6.95,-7.68,-8.47,-10.39,-6.50,-10.82,-13.20,-10.97,-11.25,,-3.70,-4.20,-4.88,-7.17,-4.35,-6.30,-6.14,-4.29,-11.54,-6.22,-6.20,-9.14,-5.28,-5.59,-8.98,-6.66,-10.30,,-15.24,-4.82,-9.10,-5.05,-6.20,-6.36,-6.29,-6.66,-7.30,-5.61,-6.57,-5.77,-8.14,-7.83,-6.91,-7,-6.86,-6.77,-7.78,-7.90,-8.40,-12.29,-8.82,-10.54,-3.57,-4.51,-6.10,-7.89,-5.46,-5.61,-2.49,-5.22,-4.14,-1.49,-2.20,-3.60,-3.49,-2.45,-3.78,-3.38,-3.33,-5.49,-3.61,-4.52,-4.49,-3.50,-2.94,-3.43,-6.71,-3.74,-3.98,-3.90,-4.33,-3.98,-5.42,-4.67,-5.87,-5.44,-6.90,-6.52,-2.70,-2.83,-2.62,-2.29,-1.48,-2.30,-3.48,-3.17,-1.97,-3.47,0.60,-3.62,-5.76,-5.49,-5.90,-2.96,-4.71,-2.44,-2.90,-2.39,-2.79,-2.95,0.18,0.65,2,-1.35,-1.08,-2.35,-3.50,,-9.30,-12.80,-4,-5.50,-7.20,,,,,,,-3.50,-3.70,,-4.10,-4.10,-4.30,-4.45,,,,,,,,-2.20,-3,-2.90,-5.40,-5,,,,,-2,,-3.30,-4.60,1.70,0.60,0.20,,,-2.50,,,-2.80,,,1,0.50,0.30,1.90,-2.70,-3.50,
2008-12-27 17:20,-4.30,-4.41,-7.12,-5.61,-9,-4.51,-5.11,-4.70,-9.40,-4.94,-7.38,-6.54,-10,-9.39,-7.08,-7.64,-8.58,-10.38,-6.60,-10.98,-13.40,-10.67,-9.89,,-3.92,-4.22,-4.95,-7.19,-4.32,-6.30,-6.15,-4.28,-11.26,-6.42,-6.31,-9.27,-5.45,-5.62,-9.05,-6.89,-10,,-14.83,-4.79,-9,-4.98,-6.20,-6.38,-6.29,-6.69,-7.33,-5.60,-6.59,-5.77,-8.09,-7.83,-7,-7,-6.75,-6.82,-7.89,-8,-8.51,-12.19,-8.87,-10.70,-3.48,-4.47,-6.10,-7.84,-5.75,-5.58,-2.53,-5.22,-4.15,-1.45,-2.20,-3.72,-3.45,-2.36,-3.80,-3.46,-3.50,-5.41,-3.64,-4.62,-4.53,-3.50,-3,-3.48,-6.73,-3.76,-3.93,-4,-4.38,-3.93,-5.41,-4.64,-6.05,-5.45,-6.86,-6.57,-2.75,-2.81,-2.54,-2.24,-1.56,-2.20,-3.60,-3.10,-2.04,-3.45,0.63,-3.86,-5.99,-5.56,-6,-2.94,-4.90,-2.54,-2.80,-2.52,-2.92,-2.89,0.20,0.62,2.10,-1.80,-1.12,-2.39,-3.40,,-9.20,-12.80,-4.10,-5.50,-7.20,,,,,,,-3.50,-3.80,,-4.10,-4.10,-4.30,-4.48,,,,,,,,-2.20,-3,-2.90,-5.30,-5.10,,,,,-2,,-3.30,-4.50,1.70,0.60,0.20,,,-2.50,,,-2.80,,,1,0.50,0.30,1.90,-2.50,-3.40,
2008-12-27 17:30,-4.30,-4.45,-7.15,-5.90,-9,-4.55,-5.12,-4.80,-9.46,-4.93,-7.32,-6.60,-9.95,-9.46,-7.11,-7.69,-8.70,-10.37,-6.60,-10.74,-13.47,-10.72,-9.27,,-3.91,-4.22,-4.97,-7.13,-4.33,-6.30,-6.20,-4.27,-11.45,-6.69,-6.53,-9.09,-5.51,-5.70,-9.11,-6.98,-10.20,,-15.81,-4.90,-8.70,-4.93,-6.20,-6.47,-6.20,-6.77,-7.08,-5.60,-6.62,-5.79,-8.11,-7.92,-7.05,-7,-6.96,-6.96,-7.96,-8,-8.54,-12.24,-8.92,-10.84,-3.44,-4.46,-6.10,-7.64,-5.61,-5.60,-2.61,-5.24,-4.14,-1.43,-2.20,-3.78,-3.43,-2.24,-3.82,-3.53,-3.54,-5.50,-3.56,-4.63,-4.48,-3.50,-3,-3.45,-6.69,-3.72,-3.96,-4,-4.61,-3.96,-5.38,-4.63,-6.17,-5.45,-6.84,-6.56,-2.83,-2.80,-2.60,-2.43,-1.57,-2.30,-3.67,-3.14,-2.04,-3.44,0.71,-3.72,-5.97,-5.48,-5.90,-3.05,-5.02,-2.69,-2.80,-2.56,-2.82,-2.86,0.06,0.58,2.10,-1.87,-1.19,-2.50,-3.40,,-9.20,-12.60,-4.10,-5.60,-7.30,,,,,,,-3.60,-3.80,,-4.10,-4.10,-4.50,-4.48,,,,,,,,-2.30,-3.10,-2.90,-5.30,-5,,,,,-2,,-3.20,-4.50,1.70,0.60,0.20,,,-2.50,,,-2.80,,,1,0.50,0.30,1.90,-2.60,-3.40,
2008-12-27 17:40,-4.30,-4.38,-7.18,-6.07,-9,-4.57,-5.18,-5,-9.39,-4.97,-7.35,-6.60,-9.88,-9.77,-7.16,-7.69,-8.87,-10.40,-6.60,-11.01,-13.42,-10.94,-9.21,,-3.86,-4.21,-4.96,-7.17,-4.39,-6.30,-6.17,-4.34,-11.31,-7.16,-6.50,-9.46,-5.36,-5.77,-9.07,-7.38,-10.10,,-15.27,-5.03,-8.60,-5.01,-6.20,-6.54,-6.17,-6.70,-7.19,-5.59,-6.76,-5.89,-8.18,-7.92,-6.71,-7.10,-7.01,-7.04,-7.90,-8.10,-8.59,-12.29,-8.96,-10.84,-3.52,-4.60,-6.20,-7.72,-5.62,-5.72,-2.57,-5.27,-4.19,-1.52,-2.20,-3.92,-3.46,-2.20,-3.81,-3.56,-3.49,-5.45,-3.53,-4.62,-4.62,-3.50,-3.01,-3.42,-6.78,-3.72,-3.95,-4,-4.64,-4.25,-5.35,-4.63,-6.08,-5.37,-6.88,-6.51,-2.92,-2.75,-2.58,-2.42,-1.55,-2.30,-3.71,-3.11,-2.01,-3.40,0.64,-3.72,-5.87,-5.63,-5.80,-2.97,-5.12,-2.90,-2.90,-2.38,-2.88,-2.89,0.06,0.64,2,-1.83,-1.47,-2.60,-3.40,,-9.20,-12.50,-4.20,-5.70,-7.30,,,,,,,-3.70,-3.80,,-4.20,-4,-4.50,-4.49,,,,,,,,-2.30,-3.10,-2.90,-5.30,-4.90,,,,,-2,,-3.20,-4.50,1.60,0.60,0.20,,,-2.50,,,-2.80,,,1,0.40,0.30,1.80,-2.50,-3.40,
2008-12-27 17:50,-4.30,-4.48,-7.29,-6.44,-9.10,-4.57,-5.01,-5,-9.46,-4.98,-7.38,-6.48,-9.89,-9.97,-7.25,-7.74,-8.97,-10.38,-6.60,-11.78,-13.60,-10.77,-9.08,,-3.96,-4.16,-4.96,-7.25,-4.43,-6.40,-6.18,-4.33,-11.15,-7.29,-6.60,-9.31,-5.64,-5.84,-9.11,-7.55,-10,,-16.05,-5.13,-8.50,-5.02,-6.20,-6.55,-6.45,-6.82,-7.12,-5.66,-6.83,-5.85,-8.29,-8,-7.11,-7.20,-7.02,-6.97,-7.94,-8.10,-8.69,-12.46,-9.07,-10.80,-3.60,-4.57,-6.20,-7.89,-5.82,-5.61,-2.59,-5.16,-4.20,-1.45,-2.20,-3.85,-3.50,-2.45,-3.82,-3.51,-3.51,-5.62,-3.48,-4.66,-4.52,-3.50,-3.08,-3.43,-6.68,-3.75,-3.93,-4,-4.64,-4.13,-5.36,-4.65,-6.08,-5.28,-7.03,-6.48,-3,-2.76,-2.54,-2.40,-1.53,-2.30,-3.68,-3.17,-1.86,-3.36,0.60,-3.61,-5.98,-5.72,-5.80,-3.08,-5.16,-3.15,-2.80,-2.43,-2.89,-2.68,0.20,0.64,1.90,-1.79,-1.48,-2.70,-3.30,,-9.30,-12.50,-4.20,-5.70,-7.40,,,,,,,-3.70,-3.70,,-4.20,-4,-4.50,-4.57,,,,,,,,-2.30,-3.10,-3,-5.10,-4.90,,,,,-2,,-3.20,-4.50,1.60,0.60,,,,-2.50,,,-2.80,,,1,0.30,0.30,1.90,-2.60,-3.50,
2008-12-27 18:00,-4,-4.54,-7.41,-7,-9,-4.57,-5.19,-5,-9.56,-4.97,-7.35,-6.45,-9.88,-9,-7.32,-7,-6,-10.33,-6,-11.37,-14,-10.94,-8.92,-5,-4,-4,-4.99,-7.31,-4,-6,-5,-5,-11.21,-6,-6.67,-8,-5,-5,-9,-8,-10,-13,-15,-5,-8.50,-5.05,-6,-6.56,-6.49,-6.86,-7,-5,-6.78,-5.86,-8.45,-8,-6,-7,-6,-7.09,-8.01,-8,-8.76,-12.48,-9.09,-10.76,-3.62,-4.55,-6.20,-7.94,-5.99,-5.59,-2.35,-5.26,-4.43,-1.40,-2.30,-3.94,-3.50,-2.45,-1,-3.55,-3.55,-5.66,-3.46,-4.71,-3,-3.60,-3.10,-3.39,-6.73,-3.75,-4,-4,-4.53,-4.21,-5.32,-4.61,-6.11,-5.23,-7.01,-6.50,-2.90,-2.71,-2.46,-2.46,-1.47,-2.30,-3.65,-3.12,-1.90,-3.37,0.75,-3.86,-6.26,-5.57,-5.90,-3.28,-5.09,-3.20,-2.80,-2.33,-2.85,-2.99,0.17,0.80,1.90,-1.74,-1,-2.69,-3.30,-6,-9,-12,-4.20,-5.70,-7.40,-6.10,-3.40,-8.10,-3.30,-2.20,-2.80,-3.80,-4,-4,-4.10,-3.90,-4.50,-4.60,,-3.30,-2,-1.90,-1.70,-4,-2.70,-2.40,-3.10,-3.10,-5.20,-4.80,-1.80,-2.30,-3.30,-1.90,-2,-2.40,-3.20,-4.40,1.60,0.50,0.30,-0.70,-3.20,-2.50,-4.30,-2.10,-2.90,1.60,0.50,1,0.30,0.40,2,-2.50,-3.60,-2.80
2008-12-27 18:10,-4.50,-4.55,-7.36,-7.10,-9.20,-4.70,-5.20,-5.10,-9.54,-4.97,-7.35,-6.58,-9.93,-9.93,-7.18,-7.96,-9.04,-10.32,-6.80,-11.59,-13.88,-11.05,-8.82,,-3.98,-4.17,-5.01,-7.44,-4.40,-6.40,-6.27,-4.47,-11.05,-7.67,-6.60,-9.06,-5.82,-5.76,-9.16,-8.08,-10.20,,-14.52,-5.19,-8.50,-5.04,-6.20,-6.54,-6.52,-6.83,-7.20,-5.60,-6.89,-5.83,-8.50,-8.08,-7.27,-7.20,-7.23,-7.19,-8.06,-8.20,-8.77,-12.52,-9.07,-10.79,-3.64,-4.59,-6.40,-8.02,-6.02,-5.67,-2.47,-5.14,-4.53,-1.27,-2.30,-4.05,-3.57,-2.37,-3.91,-3.70,-3.56,-5.53,-3.46,-4.57,-4.60,-3.60,-3.11,-3.40,-6.74,-3.80,-3.87,-4,-4.56,-4.25,-5.37,-4.67,-6.12,-5.23,-6.94,-6.63,-2.86,-2.65,-2.40,-2.45,-1.69,-2.30,-3.68,-3.18,-1.98,-3.48,0.83,-4.05,-6.17,-5.69,-6,-3.27,-5.01,-3.10,-2.90,-2.49,-2.90,-3.02,0.03,0.63,1.90,-1.73,-1.17,-2.74,-3.20,,-9.60,-12.40,-4.30,-5.80,-7.40,,,,,,,-3.80,-3.90,,-4.10,-3.90,-4.50,-4.62,,,,,,,,-2.30,-3.10,-3.10,-5.20,-4.80,,,,,-2,,-3.20,-4.40,1.60,0.50,0.30,,,-2.50,,,-2.80,,,1,0.30,0.40,2,-2.50,-3.50,
2008-12-27 18:20,-4.60,-4.56,-7.50,-7.33,-9.30,-4.70,-5.18,-5.20,-9.52,-4.91,-7.41,-6.61,-9.91,-9.74,-7.16,-7.96,-9.06,-10.19,-6.70,-11.88,-13.85,-11.34,-8.92,,-3.94,-4.18,-4.99,-7.44,-4.39,-6.40,-6.30,-4.35,-10.88,-7.76,-6.47,-9.33,-5.99,-5.90,-9.20,-8.08,-9.80,,-14.37,-5.31,-9.10,-5.01,-6.20,-6.57,-6.21,-6.91,-7.12,-5.64,-6.86,-5.92,-8.55,-8.21,-7.34,-7.30,-7.32,-7.23,-8.02,-8.10,-8.85,-12.51,-9.08,-10.92,-3.60,-4.56,-6.50,-7.90,-6.05,-5.72,-2.53,-5.22,-4.53,-1.45,-2.30,-4,-3.60,-2.56,-3.91,-3.70,-3.52,-5.58,-3.50,-4.67,-4.47,-3.60,-3.28,-3.47,-6.87,-3.81,-4.01,-4,-4.57,-4.27,-5.45,-4.72,-6.24,-5.22,-6.99,-6.73,-2.89,-2.71,-2.44,-2.41,-1.64,-2.40,-3.69,-3.25,-1.97,-3.45,0.81,-4.19,-6.53,-5.62,-6,-3.25,-4.90,-2.93,-2.90,-2.32,-2.88,-2.89,0.09,0.63,1.90,-1.78,-1.17,-2.57,-3.20,,-9.90,-12.30,-4.30,-5.80,-7.50,,,,,,,-3.70,-3.90,,-4.20,-4,-4.50,-4.53,,,,,,,,-2.40,-3.10,-3.10,-5.30,-4.80,,,,,-2,,-3.20,-4.40,1.60,0.50,0.30,,,-2.50,,,-2.90,,,1,0.30,0.50,2,-2.50,-3.50,
2008-12-27 18:30,-4.70,-4.63,-7.63,-7.66,-9.40,-4.56,-5.19,-5.30,-9.60,-4.99,-7.46,-6.60,-9.99,-10.12,-7.21,-8.02,-9.14,-10.22,-6.80,-12.17,-14,-11.41,-9.09,,-3.93,-4.24,-5.03,-7.47,-4.44,-6.50,-6.27,-4.59,-10.75,-7.76,-6.31,-9.58,-5.97,-5.87,-9.12,-8.39,-9.70,,-15.54,-5.36,-9.50,-5.08,-6.30,-6.62,-6.40,-6.95,-7.14,-5.54,-6.88,-6.02,-8.64,-8.20,-7.35,-7.30,-7.29,-7.18,-8.06,-8.30,-8.92,-12.54,-9.15,-11,-3.49,-4.58,-6.40,-8.02,-5.97,-5.64,-2.57,-5.23,-4.55,-1.36,-2.30,-4.01,-3.60,-2.60,-3.94,-3.80,-3.36,-5.61,-3.44,-4.69,-4.47,-3.60,-3.22,-3.41,-6.76,-3.81,-4,-4.10,-4.68,-4.53,-5.44,-4.65,-6.28,-5.20,-6.98,-6.71,-2.81,-2.78,-2.46,-2.49,-1.67,-2.40,-3.77,-3.32,-1.98,-3.49,0.80,-4.27,-6.47,-5.51,-6.10,-3.37,-4.82,-2.94,-2.90,-2.44,-2.85,-3,0.09,0.63,1.90,-1.57,-1.18,-2.62,-3.20,,-10.20,-12.30,-4.30,-5.80,-7.50,,,,,,,-3.80,-3.90,,-4.20,-4,-4.50,-4.60,,,,,,,,-2.30,-3.20,-3.10,-5.20,-4.80,,,,,-2,,-3.20,-4.40,1.60,0.50,0.30,,,-2.60,,,-2.90,,,1,0.40,0.50,2,-2.60,-3.50,
2008-12-27 18:40,-4.80,-4.96,-7.60,-8.09,-9.40,-4.66,-5.24,-5.50,-9.62,-5.02,-7.54,-6.69,-10.13,-10.40,-7.29,-8.11,-9.22,-10.17,-6.90,-11.80,-14.15,-11.38,-9.33,,-4.09,-4.24,-5.06,-7.51,-4.42,-6.60,-6.36,-4.50,-10.61,-7.88,-6.18,-9.75,-6.34,-5.92,-9.18,-8.63,-10,,-14.29,-5.54,-10,-5.14,-6.30,-6.65,-6.30,-6.94,-7.19,-5.62,-6.98,-6.01,-8.70,-8.29,-7.48,-7.40,-7.35,-7.23,-8.22,-8.40,-8.89,-12.69,-9.16,-11.18,-3.64,-4.64,-6.40,-8.14,-6.02,-5.82,-2.53,-5.18,-4.66,-1.36,-2.30,-4.10,-3.70,-2.52,-3.93,-3.90,-3.64,-5.51,-3.41,-4.67,-4.52,-3.60,-3.27,-3.49,-6.87,-3.82,-3.98,-4.10,-4.70,-4.35,-5.42,-4.75,-6.18,-5.21,-7.02,-6.71,-2.74,-2.87,-2.46,-2.60,-1.77,-2.40,-3.75,-3.25,-1.91,-3.44,0.68,-3.99,-6.37,-5.26,-6.10,-3.49,-4.80,-2.98,-2.90,-2.53,-2.92,-3.09,0.12,0.68,1.90,-1.48,-1.31,-2.53,-3.20,,-10.60,-12.50,-4.40,-5.90,-7.60,,,,,,,-3.80,-4,,-4.30,-4.10,-4.50,-4.62,,,,,,,,-2.40,-3.20,-3.10,-5.30,-4.80,,,,,-2,,-3.20,-4.40,1.60,0.50,0.30,,,-2.60,,,-2.90,,,1,0.40,0.40,2,-2.60,-3.50,
2008-12-27 18:50,-4.90,-5.30,-7.52,-8.34,-9.40,-4.68,-5.23,-5.50,-9.62,-4.96,-7.55,-6.61,-10.12,-10.63,-7.38,-8.14,-9.30,-10.23,-7,-12.05,-13.84,-11.39,-9.58,,-4.22,-4.17,-5.07,-7.52,-4.52,-6.60,-6.33,-4.60,-10.72,-7.91,-6.20,-9.78,-7.06,-6.01,-9.24,-8.97,-10.10,,-14.38,-5.55,-10.30,-5.11,-6.30,-6.74,-6.50,-6.88,-7.11,-5.64,-7.03,-6.02,-8.59,-8.37,-7.60,-7.40,-7.52,-7.24,-8.33,-8.40,-8.99,-12.70,-9.19,-11.32,-3.55,-4.72,-6.40,-8.12,-6.16,-5.63,-2.47,-5.18,-4.73,-1.33,-2.40,-4.02,-3.70,-2.56,-3.96,-3.90,-3.75,-5.71,-3.35,-4.60,-4.60,-3.60,-3.40,-3.48,-6.79,-3.78,-3.93,-4.10,-4.69,-4.39,-5.45,-4.74,-6.27,-5.20,-6.97,-6.67,-2.68,-2.75,-2.46,-2.57,-1.80,-2.40,-3.76,-3.21,-1.95,-3.40,0.64,-3.82,-6.68,-4.86,-6.10,-3.55,-4.72,-2.95,-2.90,-2.46,-2.92,-2.98,0.22,0.65,2,-1.37,-1.35,-2.48,-3.10,,-10.90,-12.50,-4.40,-5.90,-7.60,,,,,,,-3.80,-4,,-4.30,,-4.50,-4.67,,,,,,,,-2.40,-3.20,-3.20,-5.30,-4.80,,,,,-2,,-3.10,-4.30,1.60,0.50,0.30,,,-2.60,,,-2.80,,,1,0.40,0.40,2.10,-2.70,-3.40,
2008-12-27 19:00,-5.10,-5.38,-7.49,-8.60,-9.40,-4.51,-5.15,-5.60,-9.60,-4.94,-7.51,-6.62,-10.18,-10.85,-7.44,-8.04,-9.18,-10.39,-7,-11.90,-14.18,-11.47,-10.01,,-4.19,-4.18,-5.14,-7.53,-4.57,-6.60,-6.40,-4.62,-10.86,-7.75,-6.38,-9.89,-7.93,-6.05,-9.34,-9.34,-9.90,,-14.47,-5.67,-10.20,-5.11,-6.40,-6.76,-6.63,-6.94,-7.17,-5.72,-7.10,-6.04,-8.64,-8.37,-7.60,-7.40,-7.61,-7.31,-8.35,-8.50,-8.99,-12.25,-9.22,-11.27,-3.53,-4.77,-6.40,-8.19,-6.26,-5.57,-2.48,-5.21,-4.63,-1.30,-2.40,-4.15,-3.70,-2.54,-4.02,-3.90,-3.58,-5.57,-3.42,-4.62,-4.58,-3.60,-3.34,-3.54,-6.75,-3.91,-3.97,-4.10,-4.76,-4.44,-5.53,-4.76,-6.25,-5.21,-6.93,-6.68,-2.72,-2.66,-2.50,-2.65,-1.83,-2.40,-3.78,-3.26,-2.05,-3.36,0.61,-3.94,-6.89,-4.86,-6.10,-3.60,-4.67,-2.89,-3,-2.37,-2.96,-2.82,0.15,0.60,2,-1.18,-0.75,-2.46,-3.10,-6.40,-11.20,-12.50,-4.50,-6,-7.60,,-3.50,-8.40,-3.50,-2.30,-2.60,-3.80,-4,-3.90,-4.30,-4.30,-4.50,-4.80,-6,-3.20,-2,-1.90,-1.50,-3.90,-2.90,-2.40,-3.20,-3.20,-5.20,-4.70,-1.50,-2,-3.80,-2,-2,-2.40,-3.10,-4.40,1.50,0.50,0.30,,-3.30,-2.80,-4.30,,-2.80,1.60,0.50,1,0.40,0.30,2,-2.70,-3.30,-2.80
2008-12-27 19:10,-5.30,-5.81,-7.55,-8.83,-9.97,-4.64,-5.11,-5.60,-9.56,-4.96,-7.62,-6.72,-10.11,-11.18,-7.41,-8.04,-9.13,-10.55,-7,-12.85,-13.81,-11.66,-10.29,,-4.20,-4.26,-5.14,-7.69,-4.52,-6.60,-6.54,-4.61,-10.57,-7.75,-6.53,-10.31,-8.67,-6.14,-9.39,-9.50,-9.70,,-14.73,-5.65,-10.50,-5.17,-6.40,-6.77,-6.53,-7,-7.20,-5.63,-7.11,-6.05,-8.70,-8.40,-7.60,-7.40,-7.49,-7.39,-8.40,-8.50,-9.08,-12.21,-9.25,-11.26,-3.38,-4.83,-6.50,-8.26,-6.15,-5.63,-2.46,-5.21,-4.64,-1.39,-2.40,-4.22,-3.70,-2.58,-4.08,-4,-3.71,-5.74,-3.34,-4.71,-4.50,-3.70,-3.33,-3.54,-6.85,-3.98,-4.03,-4.10,-4.73,-4.40,-5.53,-4.82,-6.27,-5.14,-6.90,-6.76,-2.65,-2.80,-2.59,-2.55,-1.78,-2.40,-3.81,-3.15,-2.02,-3.39,0.45,-3.99,-6.81,-4.83,-6.10,-3.71,-4.64,-2.95,-2.90,-2.43,-2.83,-2.79,0.05,0.61,2,-0.85,-0.52,-2.48,-3.10,,-11.40,-12.40,-4.50,-6.10,-7.70,,,,,,,-3.90,-4.10,,-4.30,-4.30,-4.50,-4.77,,,,,,,,-2.50,-3.30,-3.20,-5.30,-4.80,,,,,-2,,-3.10,-4.40,1.50,0.50,0.30,,,-2.80,,,-2.80,,,1,0.40,0.30,2,-2.70,-3.20,
2008-12-27 19:20,-5.50,-6.62,-7.58,-9,-9.82,-4.80,-5.11,-5.70,-9.58,-4.97,-7.56,-6.76,-10.16,-11.43,-7.43,-8.20,-9.07,-10.51,-7.10,-12.82,-13.71,-11.83,-10.56,,-4.25,-4.27,-5.08,-7.76,-4.55,-6.70,-6.57,-4.68,-10.37,-7.89,-6.62,-10.06,-8.74,-6.34,-9.48,-9.71,-10,,-15.10,-5.79,-10.80,-5.24,-6.40,-6.82,-6.58,-7.07,-7.35,-5.71,-7.14,-6.06,-8.86,-8.46,-7.56,-7.50,-7.51,-7.42,-8.46,-8.60,-9.19,-12.30,-9.30,-11.35,-3.48,-4.78,-6.50,-8.28,-6.16,-5.82,-2.47,-5.22,-4.71,-1.49,-2.40,-4.24,-3.70,-2.52,-4.08,-4,-3.72,-5.72,-3.40,-4.80,-4.55,-3.60,-3.44,-3.50,-6.91,-3.97,-4.09,-4.10,-4.78,-4.39,-5.52,-4.77,-6.29,-5.09,-6.79,-6.80,-2.80,-2.84,-2.43,-2.55,-1.72,-2.40,-3.84,-3.22,-1.99,-3.40,0.58,-3.71,-6.78,-4.86,-6.10,-3.74,-4.71,-2.85,-2.90,-2.56,-2.91,-2.85,-0.02,0.64,2,-0.64,-0.75,-2.52,-3.10,,-11.70,-12.40,-4.50,-6.20,-7.80,,,,,,,-4,-4.10,,-4.40,-4.30,-4.50,-4.84,,,,,,,,-2.50,-3.30,-3.20,-5.30,-4.80,,,,,-2,,-3.10,-4.30,1.50,0.50,0.30,,,-2.80,,,-2.70,,,1,0.40,0.30,2.20,-2.70,-3.10,
2008-12-27 19:30,-5.60,-6.98,-7.58,-8.85,-9.77,-4.73,-5.11,-5.70,-9.57,-4.97,-7.70,-6.75,-10.25,-11.78,-7.53,-8.27,-9.09,-10.50,-7.20,-13.14,-13.80,-11.96,-10.84,,-4.15,-4.26,-5.22,-7.82,-4.61,-6.80,-6.57,-4.74,-10.35,-8.02,-6.67,-9.64,-8.75,-6.50,-9.54,-9.73,-10.30,,-14.56,-5.72,-11.10,-5.24,-6.50,-6.87,-6.71,-7.13,-7.49,-5.75,-7.19,-6.13,-8.95,-8.55,-7.62,-7.50,-7.66,-7.46,-8.57,-8.60,-9.27,-12.46,-9.41,-11.31,-3.50,-4.77,-6.50,-8.16,-6.34,-5.76,-2.43,-5.25,-4.73,-1.40,-2.40,-4.28,-3.86,-2.73,-4.14,-4.10,-3.83,-5.74,-3.39,-4.78,-4.63,-3.70,-3.48,-3.62,-6.89,-3.93,-4.12,-4.10,-4.67,-4.35,-5.61,-4.77,-6.25,-5.14,-6.86,-6.76,-2.73,-2.94,-2.60,-2.62,-1.77,-2.40,-3.82,-3.14,-2.01,-3.40,0.53,-3.37,-6.76,-4.85,-6.30,-3.73,-4.75,-2.96,-2.90,-2.49,-2.88,-2.85,-0.08,0.61,2,-0.59,-0.93,-2.57,-3.10,,-11.90,-12.60,-4.50,-6.20,-7.80,,,,,,,-4.10,-4.30,,-4.30,,-4.50,-4.87,,,,,,,,-2.50,-3.30,-3.20,-5.30,-4.80,,,,,-2,,-3.10,-4.20,1.50,0.50,0.30,,,-2.90,,,-2.80,,,1,0.40,0.40,2.10,-2.70,-3.10,
2008-12-27 19:40,-5.80,-7.61,-7.67,-8.99,-9.70,-4.53,-5.11,-5.80,-9.61,-4.96,-7.87,-6.72,-10.29,-11.91,-7.60,-8.31,-9.15,-10.64,-7.30,-12.92,-13.67,-12.25,-11.07,,-4.26,-4.28,-5.23,-7.77,-4.58,-6.80,-6.69,-4.77,-10.37,-8.16,-6.74,-9.35,-8.89,-6.64,-9.60,-10.10,-10.60,,-14.33,-5.65,-11.50,-5.26,-6.50,-6.87,-6.60,-7.14,-7.38,-5.75,-7.20,-6.17,-8.93,-8.53,-7.66,-7.60,-7.73,-7.41,-8.56,-8.70,-9.31,-12.64,-9.45,-11.38,-3.45,-4.86,-6.50,-8.35,-6.37,-5.68,-2.46,-5.28,-4.75,-1.45,-2.40,-4.31,-3.82,-2.81,-4.19,-4.10,-3.86,-5.74,-3.42,-4.64,-4.64,-3.70,-3.45,-3.65,-6.89,-3.98,-4.20,-4.10,-4.61,-4.30,-5.59,-4.78,-6.26,-5.21,-6.90,-6.73,-2.47,-2.82,-2.63,-2.73,-1.82,-2.40,-4.05,-3.20,-1.92,-3.34,0.55,-3.37,-6.70,-4.91,-6.20,-3.92,-4.95,-3.07,-2.90,-2.56,-2.99,-3.07,-0.16,0.57,2.10,-0.49,-1.19,-2.75,-3,,-12.20,-12.50,-4.60,-6.20,-7.80,,,,,,,-4.10,-4.30,,-4.30,-4.40,-4.60,-4.92,,,,,,,,-2.50,-3.30,-3.20,-5.30,-4.80,,,,,-2,,-3.10,-4.20,1.50,0.40,0.30,,,-2.90,,,-2.70,,,1,0.40,0.50,2.20,-2.70,-3.10,
2008-12-27 19:50,-5.90,-8.06,-7.70,-9.21,-10,-4.53,-5.12,-5.90,-9.60,-4.97,-7.97,-6.68,-10.34,-12.28,-7.70,-8.42,-9.25,-10.65,-7.30,-12.42,-13.65,-12.17,-11.21,,-4.29,-4.38,-5.22,-7.84,-4.58,-6.80,-6.59,-4.89,-10.63,-8.15,-6.82,-9.20,-8.63,-6.68,-9.79,-10.31,-10.90,,-15.13,-5.89,-12.10,-5.27,-6.50,-6.89,-6.79,-7.04,-7.55,-5.63,-7.21,-6.22,-8.97,-8.59,-7.81,-7.60,-7.77,-7.57,-8.67,-8.70,-9.36,-12.82,-9.41,-11.37,-3.52,-5.04,-6.60,-8.43,-6.71,-5.67,-2.54,-5.25,-4.87,-1.60,-2.40,-4.27,-3.86,-2.85,-4.24,-4.20,-3.88,-5.73,-3.49,-4.68,-4.68,-3.70,-3.43,-3.61,-7.05,-3.94,-4.23,-4.10,-4.84,-4.38,-5.61,-4.73,-6.26,-5.32,-6.89,-6.74,-2.47,-2.70,-2.67,-2.73,-1.82,-2.40,-3.85,-3.21,-1.98,-3.22,0.63,-3.08,-6.82,-4.71,-6.20,-3.95,-5.10,-3.26,-2.80,-2.48,-2.82,-2.72,-0.10,0.54,2.10,-0.43,-1.10,-2.76,-3,,-12.20,-12.60,-4.60,-6.20,-7.80,,,,,,,-4.30,-4.30,,-4.30,-4.40,-4.60,-4.98,,,,,,,,-2.50,-3.30,-3.20,-5.20,-4.80,,,,,-1.90,,-3,-4.10,1.50,0.40,0.30,,,-3,,,-2.70,,,1,0.50,0.60,2.10,-2.70,-3.10,
2008-12-27 20:00,-5.90,-8.67,-7.80,-9.44,-9.80,-4.67,-5.17,-6.10,-9.56,-5.08,-8.11,-6.78,-10.47,-12.58,-7.80,-8.51,-9.42,-10.55,-7.40,-13.34,-13.73,-12.09,-11.15,,-4.27,-4.30,-5.25,-7.81,-4.60,-6.90,-6.57,-4.90,-10.43,-8.12,-6.91,-9.43,-8.63,-6.66,-9.77,-10.59,-10.80,,-15.74,-6.02,-12.50,-5.27,-6.50,-6.89,-6.96,-7.15,-7.58,-5.73,-7.28,-6.24,-9.01,-8.57,-7.73,-7.70,-7.71,-7.66,-8.85,-8.60,-9.35,-12.79,-9.52,-11.11,-3.54,-5.21,-6.60,-8.61,-6.90,-5.65,-2.55,-5.29,-4.73,-1.55,-2.40,-4.25,-3.79,-2.85,-4.20,-4.30,-3.89,-5.81,-3.45,-4.82,-4.67,-3.70,-3.42,-3.74,-7.06,-3.96,-4.16,-4.10,-4.75,-4.45,-5.55,-4.72,-6.30,-5.28,-6.76,-6.85,-2.45,-2.72,-2.63,-2.67,-1.93,-2.40,-4,-3.21,-1.92,-3.31,0.60,-2.96,-6.75,-4.45,-6.30,-4.21,-5.19,-3.68,-2.90,-2.49,-2.89,-2.70,-0.11,0.56,2.10,-0.40,-1.34,-2.61,-3,-6.40,-12.30,-12.50,-4.60,-6.30,-7.90,,-3.80,-8.10,-3.70,-2.60,-2.60,-4.20,-4.30,-3.90,-4.50,-4.50,-4.60,-5,-5.80,-3.50,-1.80,-2,-1.60,-3.30,-3.10,-2.40,-3.30,-3.20,-5.20,-5,-1.50,-2.70,-4.50,-2.10,-2,-2.30,-3,-4.10,1.50,0.40,0.20,-0.80,-3.50,-3,-4.10,-2.30,-2.70,,0.50,1,0.50,0.60,2.10,-2.70,-3.10,-2.80
2008-12-27 20:10,-6,-8.81,-7.90,-9.69,-9.93,-4.76,-5.16,-6.10,-9.53,-5.22,-8.31,-6.87,-10.43,-12.42,-7.86,-8.60,-9.62,-10.38,-7.50,-13.35,-13.60,-12.08,-11.20,,-4.29,-4.32,-5.27,-7.76,-4.65,-6.90,-6.71,-4.90,-10.26,-8.15,-6.85,-9.12,-8.66,-6.86,-9.91,-10.81,-10.40,,-15.65,-5.92,-12.80,-5.25,-6.60,-6.95,-6.82,-7.20,-7.65,-5.73,-7.14,-6.25,-8.96,-8.54,-7.81,-7.70,-7.81,-7.65,-8.94,-8.70,-9.33,-12.77,-9.51,-11.25,-3.42,-5.60,-6.60,-8.93,-7.18,-5.63,-2.53,-5.45,-4.74,-1.55,-2.40,-4.18,-3.80,-2.82,-4.24,-4.40,-3.88,-5.97,-3.40,-4.75,-4.71,-3.70,-3.51,-3.83,-7.08,-4.08,-4.19,-4.10,-4.71,-4.36,-5.54,-4.76,-6.32,-5.35,-6.87,-6.83,-2.44,-2.75,-2.55,-2.64,-1.84,-2.40,-3.98,-3.19,-2,-3.36,0.55,-2.86,-6.72,-4.48,-6.40,-4.22,-5.35,-3.92,-2.80,-2.41,-2.92,-2.70,-0.05,0.54,2.10,-0.33,-1.05,-2.49,-3,,-12.50,-12.60,-4.50,-6.30,-7.90,,,,,,,-4.30,-4.40,,-4.50,-4.50,-4.70,-4.96,,,,,,,,-2.40,-3.40,-3.20,-5.20,-4.90,,,,,-2,,-3,-4,1.50,0.40,0.20,,,-3,,,-2.70,,,1.10,0.50,0.60,2,-2.70,-3.10,
2008-12-27 20:20,-6.20,-8.75,-7.92,-9.69,-10.20,-4.67,-5.23,-6.10,-9.54,-5.15,-8.40,-6.91,-10.42,-12.67,-8.27,-8.62,-9.62,-10.36,-7.70,-13.65,-13.50,-12.27,-11.32,,-4.32,-4.41,-5.26,-7.78,-4.69,-7,-6.60,-4.88,-10.49,-8.18,-6.70,-9.10,-8.98,-6.77,-10.05,-10.80,-10.70,,-14.68,-5.97,-13.10,-5.26,-6.60,-6.97,-6.77,-7.22,-7.68,-5.74,-7.17,-6.24,-9.06,-8.51,-7.98,-7.80,-7.77,-7.74,-8.95,-8.70,-9.34,-12.78,-9.52,-11.11,-3.42,-6.55,-6.70,-9.57,-7.42,-5.78,-2.56,-5.49,-4.80,-1.57,-2.40,-4.12,-3.80,-2.85,-4.33,-4.40,-3.94,-5.97,-3.48,-4.79,-4.76,-3.80,-3.52,-3.76,-6.92,-4.11,-4.26,-4.10,-4.81,-4.39,-5.64,-4.76,-6.33,-5.41,-6.94,-6.84,-2.43,-2.79,-2.49,-2.64,-1.86,-2.40,-3.94,-3.17,-1.90,-3.31,0.47,-2.68,-6.96,-4.40,-6.40,-4.51,-5.36,-4.31,-2.80,-2.34,-2.81,-2.69,-0.01,0.58,2.10,-0.32,-1.20,-2.48,-2.90,,-12.50,-12.50,-4.60,-6.30,-7.90,,,,,,,-4.30,-4.40,,-4.50,,-4.70,-5.01,,,,,,,,-2.40,-3.40,-3.20,-5.30,-4.90,,,,,-2,,-3,-4,1.40,0.40,0.20,,,-3.10,,,-2.70,,,1.10,0.50,0.60,2.10,-2.70,-3.10,
2008-12-27 20:30,-6.60,-9.01,-7.99,-9.80,-10.36,-4.69,-5.31,-6.40,-9.50,-5.19,-8.71,-6.86,-10.42,-12.95,-8.32,-8.62,-9.65,-10.33,-7.80,-13.98,-13.47,-12.06,-11.45,,-4.44,-4.40,-5.33,-7.82,-4.66,-7,-6.62,-5.01,-10.62,-8.35,-6.66,-8.94,-8.75,-6.77,-10.24,-10.92,-10.90,,-15.39,-6.40,-13.50,-5.26,-6.70,-7.08,-6.70,-7.25,-7.69,-5.76,-7.15,-6.31,-9.14,-8.57,-7.99,-7.80,-7.82,-7.82,-8.90,-8.70,-9.41,-12.70,-9.51,-11.39,-3.64,-7.14,-6.70,-10.20,-7.60,-5.70,-2.51,-5.43,-4.82,-1.75,-2.50,-4.16,-3.80,-2.88,-4.32,-4.40,-3.94,-5.90,-3.41,-4.82,-4.73,-3.80,-3.50,-3.96,-7.05,-4.12,-4.32,-4.10,-4.94,-4.55,-5.67,-4.78,-6.35,-5.42,-6.98,-6.80,-2.43,-2.88,-2.61,-2.69,-1.87,-2.40,-3.92,-3.18,-1.96,-3.30,0.43,-2.59,-7.07,-4.29,-6.40,-4.58,-5.48,-4.64,-2.80,-2.42,-2.84,-2.92,-0.05,0.63,2,-0.69,-0.94,-2.64,-2.80,,-12.60,-12.30,-4.60,-6.30,-7.90,,,,,,,-4.30,-4.40,,-4.50,-4.50,-4.70,-5.08,,,,,,,,-2.50,-3.40,-3.30,-5.30,-5,,,,,-1.90,,-3,-4,1.40,0.40,0.20,,,-3.10,,,-2.70,,,1.10,0.50,0.60,2.10,-2.70,-3.10,
2008-12-27 20:40,-6.90,-8.94,-8.20,-9.96,-10.40,-4.81,-5.26,-6.60,-9.55,-5.24,-8.87,-6.86,-10.38,-13.33,-8.47,-8.85,-9.65,-10.20,-7.80,-13.11,-13.03,-12.16,-11.51,,-4.47,-4.50,-5.43,-7.82,-4.74,-7.10,-6.69,-5.07,-10.63,-8.62,-6.64,-8.56,-8.73,-6.87,-10.39,-11.03,-10.90,,-14.82,-6.35,-13.60,-5.31,-6.70,-7.17,-6.66,-7.26,-7.84,-5.70,-7.22,-6.31,-9.17,-8.76,-7.98,-7.80,-7.80,-7.83,-8.88,-8.80,-9.48,-12.68,-9.50,-11.46,-3.58,-7.51,-6.70,-10.48,-7.97,-5.67,-2.43,-5.45,-4.91,-1.82,-2.50,-4.29,-3.80,-2.69,-4.30,-4.40,-3.91,-5.74,-3.49,-4.84,-4.71,-3.80,-3.51,-3.74,-7.12,-4.10,-4.32,-4.10,-4.97,-4.51,-5.67,-4.71,-6.25,-5.41,-6.93,-6.81,-2.41,-2.89,-2.40,-2.65,-1.96,-2.40,-3.91,-3.23,-1.94,-3.27,0.40,-2.50,-7.02,-4.26,-6.50,-4.75,-5.68,-4.37,-2.80,-2.54,-2.84,-2.94,-0.14,0.60,2,-0.90,-0.80,-2.52,-2.90,,-13,-12.40,-4.60,-6.30,-7.90,,,,,,,-4.40,-4.40,,-4.50,-4.50,-4.70,-5.08,,,,,,,,-2.50,-3.40,-3.30,-5.20,-5,,,,,-2,,-3,-3.90,1.30,0.40,0.20,,,-3.20,,,-2.70,,,1.10,0.50,0.50,2,-2.80,-3,
2008-12-27 20:50,-7.20,-8.97,-8.42,-10.01,-10.37,-4.72,-5.26,-6.80,-9.62,-5.26,-8.75,-6.95,-10.41,-12.86,-8.42,-9.18,-9.67,-10.08,-7.80,-11.94,-12.91,-11.88,-11.89,,-4.49,-4.40,-5.47,-7.76,-4.77,-7.10,-6.76,-5.09,-10.86,-8.79,-6.74,-8.15,-8.59,-6.81,-10.45,-11.05,-10.60,,-14.26,-6.20,-13.60,-5.37,-6.70,-7.13,-6.90,-7.33,-7.91,-5.74,-7.28,-6.45,-9.15,-8.78,-8.02,-7.90,-7.83,-7.85,-8.90,-8.90,-9.59,-12.75,-9.47,-11.41,-3.59,-7.86,-6.70,-10.86,-8.13,-5.62,-2.43,-5.47,-5.02,-1.85,-2.50,-4.33,-3.90,-2.94,-4.36,-4.40,-4.03,-5.84,-3.52,-4.85,-4.75,-3.80,-3.59,-3.84,-7.24,-4.12,-4.33,-4.20,-5.13,-4.52,-5.60,-4.69,-6.31,-5.41,-7.01,-6.81,-2.34,-2.85,-2.38,-2.77,-1.99,-2.30,-4,-3.29,-1.97,-3.25,0.29,-2.47,-7.10,-4.17,-6.50,-4.95,-5.76,-4.28,-2.80,-2.48,-2.86,-2.94,-0.06,0.55,2,-1.06,-0.67,-2.49,-2.80,,-13,-12.60,-4.60,-6.30,-8,,,,,,,-4.30,-4.60,,-4.50,-4.60,-4.70,-5.11,,,,,,,,-2.50,-3.40,-3.30,-5.10,-5,,,,,-1.90,,-3,-3.80,1.30,0.40,0.20,,,-3.20,,,-2.70,,,1,0.50,0.50,2,-2.80,-3,
2008-12-27 21:00,-7.40,-9.16,-8.76,-9.94,-10.29,-4.68,-5.26,-7,-9.56,-5.23,-8.64,-6.96,-10.53,-13.26,-9.05,-9.27,-9.81,-10.06,-7.90,-12.83,-13.10,-11.33,-12.12,,-4.56,-4.49,-5.52,-7.74,-4.78,-7.20,-6.77,-5.18,-10.83,-8.87,-6.68,-7.94,-8.34,-6.86,-10.42,-11.28,-10.20,,-13.92,-5.93,-14.30,-5.40,-6.80,-7.12,-7.04,-7.34,-7.98,-5.81,-7.28,-6.45,-9.16,-8.87,-8.08,-7.90,-7.84,-7.87,-8.89,-8.80,-9.58,-12.83,-9.52,-11.31,-3.40,-7.93,-6.80,-11.55,-8.18,-5.70,-2.54,-5.49,-5.13,-1.89,-2.60,-4.37,-3.80,-2.96,-4.46,-4.40,-3.85,-5.92,-3.51,-4.88,-4.77,-3.90,-3.64,-3.81,-7.21,-4.02,-4.40,-4.20,-5,-4.55,-5.68,-4.74,-6.44,-5.36,-7.22,-6.92,-2.34,-2.80,-2.36,-2.81,-1.95,-2.40,-4.01,-3.21,-2.02,-3.24,0.45,-2.31,-7.01,-4.10,-6.50,-5.10,-5.73,-4.09,-2.80,-2.38,-2.83,-2.92,-0.12,0.54,2,-1.18,-0.57,-2.54,-2.80,-7.10,-13,-12.70,-4.70,-6.30,-8,,-4.20,-8.20,-3.80,-2.80,-2.90,-4.30,-4.60,-3.90,-4.50,-4.60,-4.70,-5.20,-5.90,-3.40,-1.80,-2.10,-1.70,-3.30,-3.20,-2.50,-3.40,-3.30,-5.20,-4.90,-1.60,-3.50,-5.60,-2.10,-1.90,-2.40,-3,-3.80,1.40,0.40,0.20,-1.10,-3.40,-3.20,-4,-3,-2.70,1.60,0.40,1,0.50,0.50,1.90,-2.80,-2.90,-2.90
2008-12-27 21:10,-7.70,-9.67,-8.74,-10.19,-10.50,-4.76,-5.23,-7.20,-9.56,-5.25,-8.68,-6.95,-10.53,-13.57,-9.72,-9.45,-9.95,-9.91,-7.90,-13.41,-12.78,-11.05,-12.58,,-4.53,-4.58,-5.61,-7.77,-4.83,-7.20,-6.81,-5.21,-10.65,-8.92,-6.78,-7.87,-8.15,-6.83,-10.62,-11.44,-10,,-14.01,-5.81,-15,-5.34,-6.70,-7.09,-7.07,-7.38,-7.76,-5.79,-7.39,-6.49,-9.26,-8.76,-8.13,-7.90,-7.97,-7.90,-8.88,-8.80,-9.64,-12.74,-9.54,-11.41,-3.33,-7.88,-6.80,-11.81,-8.33,-5.72,-2.52,-5.56,-5.28,-1.81,-2.60,-4.38,-3.83,-2.71,-4.41,-4.60,-4,-5.94,-3.52,-4.96,-4.71,-3.90,-3.60,-3.88,-7.10,-4.02,-4.40,-4.20,-5.07,-4.52,-5.65,-4.73,-6.31,-5.34,-7.26,-6.95,-2.51,-2.90,-2.42,-2.72,-2.03,-2.30,-4.02,-3.16,-1.96,-3.24,0.54,-2.15,-7.03,-4.04,-6.60,-5.30,-5.43,-4.01,-2.80,-2.25,-2.87,-2.77,-0.10,0.61,1.90,-1.14,-0.59,-2.56,-2.80,,-13.20,-12.40,-4.70,-6.30,-8.10,,,,,,,-4.30,-4.60,,-4.50,-4.70,-4.70,-5.13,,,,,,,,-2.50,-3.50,-3.30,-5.10,-4.90,,,,,-1.90,,-2.90,-3.80,1.40,0.50,0.10,,,-3.20,,,-2.70,,,1,0.50,0.50,1.90,-2.80,-2.90,
2008-12-27 21:20,-7.80,-9.71,-9,-10.37,-10.50,-4.79,-5.38,-7.30,-9.60,-5.26,-8.51,-7.02,-10.65,-13.19,-9.58,-9.54,-10.18,-9.83,-7.90,-13.47,-12.60,-11.55,-12.46,,-4.57,-4.59,-5.58,-7.63,-4.89,-7.20,-6.82,-5.20,-10.50,-8.69,-6.86,-7.90,-8.06,-6.89,-10.70,-11.65,-10.40,,-15.68,-5.77,-15.30,-5.38,-6.80,-7.08,-7.18,-7.41,-7.83,-5.84,-7.35,-6.43,-9.28,-8.84,-8.09,-8,-7.99,-7.93,-9,-8.90,-9.78,-12.43,-9.58,-11.43,-3.38,-7.52,-6.80,-12.23,-8.41,-5.56,-2.54,-5.54,-5.35,-1.88,-2.60,-4.39,-3.85,-2.83,-4.30,-4.70,-4.03,-5.92,-3.63,-4.96,-4.83,-4,-3.74,-3.97,-7.15,-4.20,-4.36,-4.20,-5.19,-4.57,-5.72,-4.63,-6.19,-5.22,-7.19,-7,-2.44,-2.94,-2.49,-2.76,-1.97,-2.30,-3.93,-3.22,-1.89,-3.23,0.38,-2.24,-7.19,-4.11,-6.60,-5.43,-5.23,-4.05,-2.80,-2.36,-2.89,-2.76,-0.04,0.61,1.90,-1.10,-0.64,-2.47,-2.80,,-13.40,-12.30,-4.70,-6.30,-8.10,,,,,,,-4.30,-4.70,,-4.60,-4.60,-4.80,-5.20,,,,,,,,-2.50,-3.50,-3.30,-5.10,-4.80,,,,,-2,,-2.90,-3.80,1.50,0.50,0.10,,,-3.20,,,-2.70,,,1,0.50,0.50,2,-2.70,-2.90,
2008-12-27 21:30,-7.90,-9.67,-8.96,-10.58,-10.70,-4.72,-5.25,-7.20,-9.63,-5.25,-8.23,-7.07,-10.61,-12.65,-9.64,-9.74,-10.18,-9.76,-7.90,-13.73,-12.31,-11.79,-12.60,,-4.66,-4.60,-5.59,-7.64,-4.97,-7.40,-6.71,-5.20,-10.67,-8.72,-6.94,-7.78,-8.14,-7.13,-10.77,-11.53,-10.70,,-14.60,-5.71,-15.10,-5.42,-6.80,-7.13,-7.04,-7.45,-7.85,-5.83,-7.27,-6.39,-9.28,-8.83,-8.17,-8.10,-7.98,-8,-9.03,-8.90,-9.77,-12.06,-9.51,-11.48,-3.36,-7.23,-7,-12.41,-8.55,-5.45,-2.65,-5.56,-5.36,-1.95,-2.60,-4.40,-3.92,-3,-4.35,-4.70,-4.12,-6.01,-3.67,-4.94,-4.81,-4,-3.72,-3.99,-7.22,-4.02,-4.40,-4.20,-5.29,-4.44,-5.74,-4.60,-6.32,-5.17,-7.27,-7.02,-2.42,-3.03,-2.54,-2.90,-1.92,-2.30,-3.85,-3.21,-1.83,-3.21,0.36,-2.24,-7.42,-4,-6.60,-5.75,-5.17,-4.05,-2.70,-2.32,-2.89,-2.87,0.07,0.68,1.90,-1.16,-0.71,-2.48,-2.70,,-13.60,-12.40,-4.70,-6.30,-8.10,,,,,,,-4.40,-4.60,,-4.60,-4.60,-4.80,-5.32,,,,,,,,-2.60,-3.50,-3.30,-5.10,-4.80,,,,,-2,,-2.90,-3.80,1.40,0.50,0.10,,,-3.30,,,-2.70,,,0.90,0.60,0.40,2,-2.70,-2.80,
2008-12-27 21:40,-8.10,-9.87,-8.78,-10.66,-10.50,-4.71,-5.39,-7.20,-9.69,-5.46,-8.03,-7.12,-10.71,-11.80,-9.96,-9.87,-10.22,-9.73,-7.90,-13.95,-12.24,-12.12,-12.93,,-4.71,-4.61,-5.64,-7.68,-5.04,-7.40,-6.68,-5.22,-10.87,-9.12,-7.01,-8.26,-8.04,-7.39,-10.92,-11.64,-10.30,,-15.25,-5.75,-15.10,-5.46,-6.90,-7.16,-6.99,-7.43,-7.92,-5.84,-7.27,-6.42,-9.31,-8.85,-8.17,-8,-8.02,-7.97,-9.02,-8.90,-9.74,-11.86,-9.56,-11.55,-3.49,-7.02,-7,-12.66,-8.50,-5.61,-2.61,-5.60,-5.42,-2.04,-2.60,-4.41,-3.94,-2.96,-4.35,-4.70,-4.17,-5.96,-3.74,-5.12,-4.89,-4,-3.71,-3.93,-7.25,-4.04,-4.38,-4.30,-5.22,-4.55,-5.73,-4.62,-6.41,-5.16,-7.13,-6.96,-2.28,-2.88,-2.62,-2.84,-1.73,-2.30,-4.05,-3.27,-1.94,-3.13,0.42,-2.20,-7.40,-3.96,-6.60,-5.95,-5.11,-3.95,-2.70,-2.38,-3,-3.01,-0.05,0.63,1.90,-1.15,-0.48,-2.56,-2.80,,-13.30,-12.30,-4.80,-6.30,-8.10,,,,,,,-4.60,-4.70,,-4.70,-4.70,-4.80,-5.23,,,,,,,,-2.50,-3.50,-3.30,-5.10,-4.70,,,,,-2,,-2.90,-3.80,1.30,0.50,0.10,,,-3.30,,,-2.70,,,1,0.60,0.40,2,-2.70,-2.80,
2008-12-27 21:50,-8.20,-9.83,-8.47,-10.78,-10.60,-4.78,-5.45,-7.20,-9.73,-6.20,-8.03,-7.22,-10.81,-11.45,-10.14,-9.87,-10.21,-9.70,-7.90,-13.90,-12.30,-12.35,-13.16,,-4.78,-4.68,-5.66,-7.78,-5.08,-7.50,-6.71,-5.22,-10.91,-9.39,-7.02,-8.57,-8.24,-7.46,-11.28,-11.83,-10.20,,-15.35,-5.89,-15.30,-5.46,-7,-7.20,-7.21,-7.51,-7.99,-5.86,-7.34,-6.46,-9.34,-8.88,-8.24,-8.10,-8.02,-8,-9.02,-9,-9.77,-11.67,-9.69,-11.51,-3.66,-6.80,-7.10,-13.02,-8.17,-5.77,-2.56,-5.77,-5.48,-2.08,-2.70,-4.41,-4.05,-2.99,-4.39,-4.70,-4.14,-5.89,-3.77,-5.06,-4.81,-4,-3.70,-4.05,-7.19,-4.23,-4.36,-4.20,-5.07,-4.67,-5.66,-4.58,-6.38,-5.15,-7.14,-7.05,-2.31,-2.90,-2.59,-2.80,-1.95,-2.40,-3.95,-3.29,-2,-3.12,0.48,-2.11,-7.57,-3.87,-6.50,-6.07,-4.92,-3.76,-2.70,-2.41,-2.81,-2.85,-0.18,0.51,1.90,-1.17,-0.58,-2.81,-2.70,,-13.70,-12.30,-4.80,-6.30,-8.20,,,,,,,-4.60,-4.80,,-4.60,-4.70,-4.80,-5.33,,,,,,,,-2.50,-3.50,-3.30,-4.90,-4.70,,,,,-2,,-2.90,-3.80,1.30,0.50,0.10,,,-3.30,,,-2.70,,,1,0.60,0.40,1.90,-2.70,-2.70,
2008-12-27 22:00,-8.30,-9.66,-8.42,-10.91,-10.50,-4.84,-5.37,-7.30,-9.73,-6.54,-8.13,-7.32,-10.14,-11.19,-10.78,-9.96,-10.41,-9.76,-8,-14.35,-12.37,-12.64,-12.79,,-4.83,-4.69,-5.71,-7.77,-5.11,-7.60,-6.65,-5.33,-10.56,-9.61,-7.18,-8.80,-8.12,-7.63,-11.25,-11.87,-10.30,,-15.45,-6,-15,-5.48,-7,-7.19,-7.21,-7.67,-7.99,-6,-7.44,-6.55,-9.25,-8.90,-8.19,-8.10,-8.03,-7.96,-8.99,-9,-9.81,-11.60,-9.67,-11.53,-3.41,-6.62,-7,-13.03,-8.01,-5.70,-2.67,-5.75,-5.46,-2.16,-2.70,-4.40,-4.13,-3.11,-4.36,-4.70,-4.15,-5.99,-3.73,-5.07,-4.86,-4.10,-3.79,-4.17,-7.23,-4.28,-4.35,-4.20,-5.22,-4.69,-5.64,-4.68,-6.40,-5.08,-7.08,-7.10,-2.39,-2.96,-2.64,-2.93,-2.05,-2.30,-3.85,-3.24,-1.98,-3.01,0.54,-2,-7.64,-3.84,-6.40,-6.29,-4.94,-3.69,-2.70,-2.48,-2.89,-2.90,-0.11,0.66,1.90,-1.25,-0.36,-2.72,-2.70,-7.80,-13.80,-12.30,-4.90,-6.30,-8.20,-6.60,-4.40,-8.10,-4,-3,-3.10,-4.60,-4.80,-4,-4.60,-4.70,-4.90,-5.30,-5.70,-3.40,-1.90,-2.10,-2.10,-2.80,-3.30,-2.50,-3.50,-3.30,-4.90,-4.60,-2.20,-3.30,-6.70,-2.20,-2.10,-2.30,-2.90,-3.80,1.20,0.40,0.10,-1.10,-3.30,-3.70,-3.70,-2.80,-2.70,,0.40,1,0.60,0.30,1.90,-2.70,-2.60,-2.60
2008-12-27 22:10,-8.40,-9.50,-8.61,-10.65,-10.40,-4.93,-5.46,-7.50,-9.73,-6.76,-8.24,-7.45,-9.51,-11.04,-10.43,-9.87,-10.45,-9.65,-8,-14.55,-12.30,-12.95,-12.32,,-4.75,-4.78,-5.76,-7.68,-5.04,-7.60,-6.77,-5.24,-10.45,-9.87,-7.46,-9.06,-8.04,-7.85,-11.13,-11.75,-10.30,,-15.41,-6.19,-14.80,-5.54,-7.10,-7.17,-7.01,-7.68,-8.04,-6,-7.41,-6.58,-9.29,-9.05,-8.19,-8.10,-8.06,-8.05,-9.05,-9.10,-9.88,-11.54,-9.71,-11.55,-3.36,-6.47,-7,-13.34,-7.84,-5.63,-2.70,-5.76,-5.65,-2.26,-2.70,-4.65,-4.10,-3.01,-4.35,-4.80,-4.25,-5.98,-3.77,-5.07,-4.90,-4.10,-3.81,-4.06,-7.23,-4.18,-4.35,-4.20,-5.31,-4.68,-5.66,-4.76,-6.45,-5.07,-7.06,-7.13,-2.35,-2.98,-2.73,-2.97,-2.08,-2.40,-3.94,-3.28,-2,-3.14,0.56,-1.85,-7.50,-3.80,-6.10,-6.41,-4.83,-3.79,-2.70,-2.35,-2.93,-2.97,-0.02,0.66,1.90,-1.18,-0.25,-2.59,-2.70,,-13.80,-12.30,-4.90,-6.40,-8.30,,,,,,,-4.70,-4.80,,-4.60,-4.70,-4.90,-5.37,,,,,,,,-2.60,-3.50,-3.30,-4.90,-4.60,,,,,-2.10,,-2.90,-3.90,1.20,0.40,0.10,,,-3.70,,,-2.70,,,1,0.60,0.20,1.90,-2.70,-2.60,
2008-12-27 22:20,-8.50,-9.56,-8.76,-10.62,-10.30,-5.02,-5.51,-7.80,-9.73,-6.97,-8.29,-7.41,-9.48,-10.59,-9.95,-10.07,-10.86,-9.57,-8.10,-14.38,-12.10,-12.88,-11.89,,-4.64,-4.75,-5.80,-7.69,-5.10,-7.50,-6.67,-5.46,-10.52,-10.63,-8.01,-9.85,-7.83,-7.97,-11.05,-12.06,-10.20,,-14.28,-6.36,-14.80,-5.54,-7.10,-7.26,-7,-7.66,-8.15,-5.99,-7.37,-6.56,-9.34,-9.21,-8.25,-8.20,-8.03,-8.11,-9.13,-9.10,-9.87,-11.50,-9.69,-11.60,-3.49,-6.41,-7,-13.13,-7.70,-5.74,-2.66,-5.82,-5.56,-2.21,-2.70,-4.48,-4.20,-3.01,-4.40,-4.80,-4.35,-5.90,-3.81,-5.17,-4.94,-4.10,-3.85,-4.03,-7.28,-4.22,-4.40,-4.30,-5.33,-4.71,-5.53,-4.65,-6.44,-5.16,-7.05,-7.14,-2.40,-2.97,-2.69,-2.91,-2.06,-2.30,-4,-3.30,-2.01,-3.16,0.50,-1.76,-7.61,-3.63,-5.90,-6.42,-4.78,-3.89,-2.70,-2.33,-2.93,-2.95,-0.15,0.61,1.90,-1.15,-0.32,-2.60,-2.70,,-13.90,-12.40,-4.90,-6.40,-8.30,,,,,,,-4.70,-4.90,,-4.70,-4.70,-4.90,-5.32,,,,,,,,-2.50,-3.50,-3.40,-4.80,-4.60,,,,,-2.10,,-2.90,-3.80,1.20,0.50,0.10,,,-3.80,,,-2.70,,,1,0.70,0.20,1.90,-2.70,-2.60,
2008-12-27 22:30,-8.60,-9.79,-9.11,-10.76,-10.20,-5.26,-5.52,-8,-9.78,-7.21,-8.45,-7.40,-9.48,-10.45,-9.94,-10.51,-10.88,-9.66,-8.20,-13.68,-11.90,-12.94,-11.52,,-4.71,-4.83,-5.87,-7.69,-5.13,-7.50,-6.78,-5.49,-10.54,-10.91,-8.48,-10.35,-7.90,-8.10,-10.97,-12.09,-9.60,,-14.10,-6.30,-14.70,-5.68,-7.10,-7.29,-7.20,-7.64,-8.29,-6.01,-7.38,-6.55,-9.25,-9.34,-8.33,-8.30,-8.15,-8.14,-9.19,-9.20,-9.94,-11.30,-9.71,-11.59,-3.46,-6.23,-7,-13.08,-7.66,-5.75,-2.76,-5.82,-5.65,-2.24,-2.80,-4.60,-4.20,-3.23,-4.40,-4.80,-4.21,-6.10,-3.81,-5.28,-4.98,-4.10,-3.90,-4.23,-7.23,-4.31,-4.33,-4.20,-5.26,-4.98,-5.69,-4.75,-6.45,-5.18,-6.93,-7.28,-2.57,-2.96,-2.73,-2.98,-2,-2.30,-3.91,-3.18,-2,-3.05,0.58,-1.76,-7.58,-3.67,-5.60,-6.40,-4.82,-3.79,-2.80,-2.43,-2.85,-2.84,-0.22,0.65,2,-1.09,-0.49,-2.76,-2.70,,-14,-12.30,-4.90,-6.50,-8.40,,,,,,,-4.80,-5,,-4.70,-4.70,-4.90,-5.46,,,,,,,,-2.60,-3.50,-3.40,-4.90,-4.60,,,,,-2.10,,-2.90,-3.80,1.20,0.40,0.10,,,-3.80,,,-2.60,,,1,0.70,0.30,1.90,-2.70,-2.60,
2008-12-27 22:40,-8.90,-10.12,-9.27,-10.98,-10.20,-5.18,-5.56,-8.30,-9.82,-7.34,-8.64,-7.54,-9.53,-10.72,-9.72,-10.75,-10.58,-9.58,-8.20,-14.35,-11.92,-12.81,-11.57,,-4.68,-4.74,-5.90,-7.72,-5.18,-7.50,-6.78,-5.45,-10.44,-10.95,-9.07,-10.65,-7.87,-8.13,-10.92,-12.04,-10.10,,-13.82,-6.65,-14.50,-5.69,-7.10,-7.36,-7.18,-7.61,-8.27,-6.03,-7.41,-6.57,-9.32,-9.31,-8.34,-8.30,-8.01,-8.02,-9.24,-9.10,-9.96,-11.09,-9.78,-11.63,-3.57,-6.02,-7,-12.49,-7.51,-5.78,-2.78,-5.84,-5.73,-2.32,-2.80,-4.63,-4.30,-3.06,-4.45,-4.80,-4.26,-6.27,-3.87,-5.26,-4.97,-4.10,-3.91,-4.30,-7.07,-4.27,-4.45,-4.30,-5.15,-4.77,-5.75,-4.74,-6.46,-5.19,-6.89,-7.19,-2.54,-2.96,-2.66,-3.15,-2.07,-2.30,-3.86,-3.32,-1.93,-3.07,0.56,-1.79,-7.60,-3.69,-5.50,-6.48,-4.86,-3.85,-2.70,-2.38,-2.79,-2.84,-0.12,0.69,1.90,-1.18,-0.36,-2.72,-2.70,,-14.10,-12.30,-4.90,-6.40,-8.40,,,,,,,-4.80,-5,,-4.70,-4.70,-4.80,-5.44,,,,,,,,-2.60,-3.50,-3.50,-4.70,-4.60,,,,,-2.10,,-2.90,-3.80,1.20,0.40,0.10,,,-3.90,,,-2.70,,,1,0.70,0.20,1.90,-2.70,-2.50,
2008-12-27 22:50,-9.20,-10.51,-9.64,-11.11,-10.20,-5.32,-5.63,-8.40,-9.79,-7.39,-8.72,-7.62,-9.62,-11.18,-9.40,-10.79,-10.78,-9.47,-8.20,-14.38,-12,-13.17,-11.66,,-4.87,-4.78,-5.93,-7.85,-5.24,-7.50,-6.80,-5.51,-10.60,-11.10,-9.49,-10.92,-7.83,-8.11,-10.96,-12.07,-10.60,,-13.84,-6.80,-14.50,-5.63,-7.10,-7.39,-7.21,-7.64,-8.32,-6.09,-7.41,-6.63,-9.44,-9.40,-8.25,-8.30,-8.08,-8.02,-9.41,-9.20,-10.06,-10.98,-9.82,-11.76,-3.61,-5.94,-7.10,-12.42,-7.44,-5.93,-2.90,-5.83,-5.85,-2.43,-2.80,-4.61,-4.20,-3.28,-4.48,-4.80,-4.19,-6.34,-3.99,-5.20,-5,-4.10,-3.98,-4.26,-6.98,-4.32,-4.47,-4.30,-5.30,-4.73,-5.79,-4.64,-6.44,-5.14,-7.02,-7.19,-2.48,-2.97,-2.61,-3.15,-2.13,-2.30,-3.95,-3.27,-1.93,-3.02,0.62,-1.72,-7.23,-3.67,-5.50,-6.51,-4.86,-3.88,-2.70,-2.22,-2.77,-2.82,-0.04,0.58,1.90,-1.12,-0.30,-2.66,-2.70,,-14.40,-12.30,-4.90,-6.40,-8.40,,,,,,,-4.80,-5,,-4.80,-4.80,-4.80,-5.39,,,,,,,,-2.70,-3.50,-3.50,-4.70,-4.50,,,,,-2.20,,-2.90,-3.80,1.20,0.40,0.10,,,-4.10,,,-2.60,,,1.10,0.60,0.30,1.90,-2.70,-2.50,
2008-12-27 23:00,-9.40,-10.74,-9.78,-11.17,-10.20,-5.20,-5.67,-8.60,-9.92,-7.60,-8.78,-7.69,-9.46,-11.89,-9.11,-10.42,-10.64,-9.33,-8.20,-14.11,-11.96,-12.52,-11.48,,-4.82,-4.87,-5.94,-7.87,-5.28,-7.50,-6.84,-5.58,-10.57,-11.04,-10.03,-10.94,-7.99,-8.02,-11.05,-12.09,-10.20,,-13.67,-7.30,-14.50,-5.65,-7.10,-7.42,-7.35,-7.72,-8.40,-6.01,-7.40,-6.64,-9.56,-9.56,-8.36,-8.40,-8.19,-8.12,-9.35,-9.10,-10.03,-11.12,-9.90,-11.77,-3.56,-5.97,-7.10,-12.11,-7.62,-5.99,-2.92,-5.85,-5.81,-2.42,-2.90,-4.55,-4.30,-3.16,-4.54,-4.90,-4.35,-6.24,-4.06,-5.18,-4.99,-4.10,-3.99,-4.22,-7.04,-4.23,-4.37,-4.40,-5.40,-4.78,-5.78,-4.52,-6.38,-5.08,-6.92,-7.24,-2.54,-3.03,-2.47,-3.19,-2.15,-2.30,-4.02,-3.23,-2.01,-2.99,0.77,-1.70,-7.08,-3.70,-5.30,-6.52,-4.83,-3.84,-2.80,-2.28,-2.81,-2.71,-0.13,0.61,1.90,-0.99,-0.47,-2.72,-2.70,-8,-14.10,-12.10,-5,-6.50,-8.40,-6.80,-4.10,-8.40,-4.40,-3.40,-3.40,-4.80,-5.10,-4.20,-4.80,-4.80,-4.80,-5.50,-5.70,-3.60,-2,-2.10,-2.30,-2.80,-3.30,-2.60,-3.50,-3.50,-4.70,-4.50,-3.20,-4.10,-6.60,-2.40,-2.20,-2.30,-2.90,-3.80,1.10,0.40,0.10,-1.10,-3.40,-4.40,-3.50,-2.80,-2.60,1.60,0.50,1.10,0.60,0.30,1.90,-2.60,-2.30,-2.40
2008-12-27 23:10,-9.60,-10.81,-9.72,-11.15,-10.60,-5.35,-5.75,-8.70,-9.95,-7.88,-8.78,-7.65,-9.40,-12.17,-9.21,-10.26,-10.38,-9.27,-8.20,-14.46,-11.96,-12.47,-11.73,,-4.78,-4.93,-5.96,-7.91,-5.23,-7.50,-6.82,-5.60,-10.51,-11.03,-10.45,-10.98,-7.93,-7.98,-11.10,-12.27,-9.90,,-13.78,-7.17,-14.70,-5.75,-7.20,-7.45,-7.37,-7.74,-8.33,-6,-7.41,-6.65,-9.80,-9.61,-8.52,-8.40,-8.19,-8.19,-9.45,-9.20,-10.10,-11.31,-9.98,,-3.56,-6.13,-7.10,-12.03,-7.66,-5.93,-2.92,-5.92,-5.77,-2.35,-2.90,-4.52,-4.31,-3.36,-4.58,-4.80,-4.38,-6.28,-4.16,-5.23,-4.98,-4.20,-3.88,-4.24,-7.26,-4.30,-4.52,-4.40,-5.11,-4.83,-5.83,-4.50,-6.31,-5.05,-6.81,-7.26,-2.49,-3.15,-2.47,-3.14,-2.23,-2.30,-3.95,-3.33,-1.96,-2.95,0.74,-1.79,-7.26,-3.67,-5.20,-6.47,-4.79,-3.80,-2.80,-2.38,-2.75,-2.80,-0.23,0.60,1.90,-0.80,-0.43,-2.68,-2.60,,-14.20,-12.10,-5.10,-6.50,-8.40,,,,,,,-4.80,-5.10,,-4.80,-4.80,-4.90,-5.35,,,,,,,,-2.60,-3.60,-3.50,-4.70,-4.50,,,,,-2.20,,-2.90,-3.80,1.10,0.40,0.10,,,-4.40,,,-2.60,,,1.10,0.60,0.10,1.90,-2.60,-2.30,
2008-12-27 23:20,-9.60,-10.25,-9.71,-11.18,-10.70,-5.48,-5.86,-8.80,-10,-8.09,-8.75,-7.74,-9.41,-12.60,-9.22,-10.20,-10.53,-9.38,-8.30,-14.68,-11.83,-12.34,-11.82,,-4.75,-4.98,-6.07,-7.84,-5.23,-7.50,-6.86,-5.63,-10.65,-10.89,-10.73,-11.14,-7.79,-7.84,-11.18,-12.44,-9.90,,-15.06,-7.76,-15.70,-5.76,-7.20,-7.46,-7.45,-7.83,-8.39,-6.12,-7.43,-6.76,-10.21,-9.59,-8.37,-8.40,-8.18,-8.22,-9.51,-9.20,-10.10,-11.53,-10.02,,-3.62,-6.39,-7.30,-12.15,-7.86,-5.84,-3.09,-5.95,-5.82,-2.31,-2.90,-4.51,-4.32,-3.36,-4.72,-4.90,-4.34,-6.25,-4.21,-5.34,-5.06,-4.20,-3.84,-4.35,-7.26,-4.31,-4.55,-4.40,-5.13,-4.83,-5.87,-4.46,-6.24,-5.09,-6.89,-7.24,-2.48,-2.94,-2.43,-3.25,-2.18,-2.30,-3.99,-3.31,-1.98,-2.93,0.61,-1.81,-7.28,-3.66,-5,-6.28,-4.71,-3.79,-2.70,-2.45,-2.84,-2.90,-0.22,0.62,2,-0.45,-0.25,-2.66,-2.60,,-14.30,-12.40,-5.10,-6.50,-8.50,,,,,,,-4.80,-5.10,,-5.10,-4.80,-4.80,-5.34,,,,,,,,-2.60,-3.60,-3.50,-4.70,-4.50,,,,,-2.30,,-2.90,-3.80,1.10,0.40,0.10,,,-4.60,,,-2.60,,,1.10,0.60,0.20,1.90,-2.60,-2.30,
2008-12-27 23:30,-9.90,-10.06,-9.76,-11.26,-10.60,-5.61,-5.90,-9,-10.02,-8.15,-8.82,-7.80,-9.28,-12.63,-9.26,-10.20,-10.55,-9.67,-8.30,-14.91,-11.70,-12.52,-11.80,,-4.78,-4.90,-6.11,-7.87,-5.15,-7.50,-6.98,-5.71,-10.69,-10.72,-10.83,-10.94,-7.76,-7.83,-11.42,-12.80,-9.80,,-15.32,-8.28,-15.80,-5.78,-7.20,-7.49,-7.45,-7.89,-8.33,-6.04,-7.42,-6.80,-10.79,-9.62,-8.48,-8.50,-8.22,-8.27,-9.55,-9.30,-10.13,-11.45,-9.97,,-3.61,-6.74,-7.40,-12.32,-7.87,-5.82,-3.17,-6,-5.86,-2.48,-3,-4.56,-4.39,-3.34,-4.70,-4.90,-4.34,-6.21,-4.24,-5.31,-5.19,-4.20,-3.95,-4.43,-7.14,-4.33,-4.62,-4.40,-5.17,-5.10,-5.89,-4.41,-6.13,-5.16,-6.86,-7.20,-2.60,-3.12,-2.46,-3.35,-2.26,-2.30,-4.17,-3.29,-2.17,-2.97,0.50,-1.83,-6.99,-3.54,-4.80,-6.26,-4.68,-3.81,-2.80,-2.17,-2.88,-2.63,-0.13,0.58,1.90,-0.42,-0.23,-2.54,-2.60,,-14.40,-12.40,-5.10,-6.60,-8.60,,,,,,,-4.90,-5.20,,-5,-4.90,-4.80,-5.39,,,,,,,,-2.60,-3.60,-3.60,-4.70,-4.40,,,,,-2.30,,-2.90,-3.70,1.10,0.40,0.10,,,-4.80,,,-2.60,,,1.10,0.60,0.30,1.90,-2.60,-2.30,
2008-12-27 23:40,-10.10,-10.17,-9.85,-11.39,-10.40,-5.67,-6.10,-9,-10.09,-8.19,-8.75,-7.99,-9.12,-13.17,-9.39,-10.39,-10.65,-9.85,-8.40,-15.45,-11.85,-11.76,-11.93,,-4.86,-4.99,-6.10,-7.94,-5.28,-7.60,-7.02,-5.73,-10.80,-10.50,-10.51,-10.94,-7.69,-7.83,-11.73,-13.02,-10.60,,-14.35,-8.53,-16.30,-5.77,-7.30,-7.62,-7.43,-7.98,-8.37,-6.04,-7.45,-6.70,-11.18,-9.65,-8.55,-8.60,-8.33,-8.34,-9.64,-9.30,-10.20,-11.34,-10.09,,-3.64,-6.83,-7.40,-12.39,-7.88,-5.74,-3.28,-5.99,-5.95,-2.48,-3,-4.59,-4.49,-3.51,-4.83,-5,-4.33,-6.34,-4.34,-5.39,-5.07,-4.10,-4.01,-4.51,-7.33,-4.39,-4.69,-4.50,-5.11,-4.96,-5.96,-4.46,-6.04,-5.22,-6.83,-7.15,-2.57,-3.23,-2.49,-3.40,-2.17,-2.30,-4.14,-3.29,-2.08,-2.86,0.42,-1.78,-6.70,-3.70,-4.70,-6.19,-4.56,-3.75,-2.70,-2.20,-2.79,-2.50,-0.23,0.69,1.90,-0.52,-0.25,-2.54,-2.60,,-14.30,-12.30,-5.20,-6.60,-8.60,,,,,,,-5,-5.20,,-5,-4.90,-4.90,-5.36,,,,,,,,-2.60,-3.60,-3.60,-4.70,-4.40,,,,,-2.30,,-2.90,-3.70,1.10,0.40,0.10,,,-4.70,,,-2.60,,,1.20,0.60,0.30,1.90,-2.60,-2.30,
2008-12-27 23:50,-10.20,-10.16,-10.05,-11.43,-10.50,-5.65,-6.23,-9.20,-10.16,-8.31,-9.11,-8.05,-8.97,-13.41,-9.46,-10.37,-11.06,-9.94,-8.50,-14.48,-11.74,-11.03,-12.16,,-4.92,-5.05,-6.20,-8.06,-5.35,-7.70,-7.12,-5.74,-10.76,-10.32,-10.26,-10.97,-7.97,-7.66,-11.94,-12.83,-10.80,,-14.67,-8.99,-16.40,-5.79,-7.30,-7.51,-7.21,-8.06,-8.52,-6.15,-7.43,-6.73,-11.23,-10.31,-8.51,-8.60,-8.35,-8.38,-9.84,-9.40,-10.34,-11.46,-10.10,,-3.73,-6.95,-7.40,-12.58,-7.89,-5.75,-3.31,-6.07,-6.02,-2.53,-3.10,-4.71,-4.53,-3.49,-4.92,-5.10,-4.28,-6.28,-4.36,-5.43,-5.12,-4.20,-3.86,-4.43,-7.32,-4.39,-4.80,-4.50,-5.13,-4.91,-5.99,-4.47,-6,-5.22,-6.88,-7.16,-2.62,-3.10,-2.46,-3.37,-2.21,-2.30,-4.18,-3.31,-2.15,-2.82,0.40,-1.78,-6.28,-3.60,-4.60,-6.14,-4.63,-3.81,-2.80,-2.37,-2.76,-2.69,-0.23,0.61,1.90,-0.60,-0.43,-2.48,-2.50,,-14.50,-12.30,-5.20,-6.60,-8.70,,,,,,,-5.10,-5.10,,-5,-4.90,-5,-5.34,,,,,,,,-2.60,-3.50,-3.60,-4.70,-4.50,,,,,-2.30,,-2.90,-3.70,1.10,0.40,0.10,,,-4.80,,,-2.60,,,1.10,0.70,0.40,1.90,-2.60,-2.30,
2008-12-28 00:00,-10.30,-10.27,-10.10,-11.17,-10.40,-5.60,-6.30,-9.40,-10.28,-8.51,-9.19,-8.01,-9.01,-13.47,-9.30,-10.38,-11.30,-9.98,,-14.69,-11.59,-10.45,-12.26,,-4.92,-5.07,-6.37,-8.04,-5.32,-7.70,-7.17,-5.72,-10.55,-10.24,-10.09,-10.73,-8.09,-7.64,-12.01,-12.63,-10.20,,-14.05,-9.70,-17.30,-5.82,-7.30,-7.67,-7.51,-8.07,-8.58,-6.19,-7.40,-6.77,-11.37,-10.33,-8.59,-8.70,-8.39,-8.39,-9.97,-9.40,-10.39,-11.49,-10.10,,-3.74,-6.83,-7.30,-12.60,-7.99,-5.81,-3.35,-6.10,-6.05,-2.40,-3.10,-4.64,-4.55,-3.21,-4.93,-5.20,-4.33,-6.30,-4.34,-5.41,-4.96,-4.20,-3.91,-4.46,-7.27,-4.37,-4.77,-4.60,-5.16,-5.01,-5.93,-4.52,-6.12,-5.24,-6.76,-7.26,-2.66,-3.09,-2.50,-3.30,-2.29,-2.30,-4.19,-3.29,-2.11,-2.71,0.29,-1.72,-6.15,-3.53,-4.60,-6.18,-4.58,-3.81,-2.80,-2.37,-2.69,-2.63,-0.28,0.68,1.80,-0.56,-0.50,-2.32,-2.40,-7.90,-14.50,-12.40,-5.20,-6.60,-8.60,-6.90,-4.10,-7.80,-4.50,-3.60,-3.70,-5.10,-5.20,-4.50,-5.10,-4.90,-5,-5.40,-5.50,-3.90,-2,-2.20,-2.40,-2.70,-3.50,-2.60,-3.50,-3.60,-4.60,-4.70,-4.40,-4.40,-7.60,-2.50,-2.50,-2.40,-2.90,-3.60,1,0.40,0.10,,-3.30,-4.60,-3.40,-2.80,-2.60,1.70,0.50,1.20,0.80,0.50,1.90,-2.50,-2.20,-2.20
2008-12-28 00:10,-10.30,-10.33,-10.08,-11.14,-10.50,-5.61,-6.37,-9.50,-10.44,-8.73,-9.61,-8.32,-8.92,-13.68,-9.43,-10.12,-11.26,-9.99,-8.80,-14.77,-11.73,-10.06,-12.78,,-4.84,-5.07,-6.50,-7.99,-5.37,-7.70,-7.17,-5.90,-10.26,-10.14,-9.92,-10.42,-8.27,-7.69,-12.20,-12.65,-10.10,,-14.34,-10.05,-18,-5.81,-7.30,-7.59,-7.40,-8.10,-8.90,-6.14,-7.40,-6.73,-11.29,-10.40,-8.63,-8.80,-8.33,-8.51,-10.05,-9.50,-10.36,-11.57,-10.17,,-3.62,-6.73,-7.40,-12.77,-8.01,-5.89,-3.39,-6.21,-5.93,-2.51,-3.20,-4.63,-4.50,-3.34,-4.93,-5.02,-4.30,-6.09,-4.33,-5.54,-5.03,-4.20,-3.99,-4.40,-7.23,-4.43,-4.74,-4.60,-5.12,-5.02,-5.83,-4.51,-6.19,-5.27,-6.70,-7.26,-2.68,-3.17,-2.61,-3.35,-2.29,-2.30,-4.30,-3.35,-2.16,-2.80,0.32,-1.62,-5.95,-3.56,-4.50,-6.15,-4.56,-3.62,-2.80,-2.36,-2.68,-2.65,-0.29,0.70,1.90,-0.43,-0.60,-2.47,-2.40,,-14.50,-12.40,-5.20,-6.70,-8.70,,,,,,,-5.10,-5.20,,-5.10,-4.90,-5,-5.35,,,,,,,,-2.60,-3.50,-3.60,-4.50,-4.70,,,,,-2.50,,-2.80,-3.60,1,0.40,0.10,,,-4.60,,,-2.60,,,1.10,0.80,0.50,1.90,-2.50,-2.20,
2008-12-28 00:20,-10.40,-10.45,-10.14,-11.34,-10.30,-5.60,-6.45,-9.70,-10.42,-8.96,-9.60,-8.54,-8.94,-13.86,-9.71,-10.08,-11.50,-10.03,-9,-15.27,-11.70,-10.15,-13.28,,-4.89,-5.14,-6.47,-8.06,-5.37,-7.70,-7.27,-5.91,-10.10,-10.05,-9.88,-10.01,-8.45,-7.65,-12.36,-12.87,-10.40,,-14.75,-10.24,-17.70,-5.87,-7.40,-7.62,-7.57,-8.19,-9.12,-6.25,-7.52,-6.84,-11.34,-11.03,-8.63,-8.80,-8.34,-8.57,-10.14,-9.50,-10.45,-11.67,-10.24,,-3.77,-6.84,-7.60,-12.74,-8.10,-5.82,-3.41,-6.30,-5.93,-2.49,-3.40,-4.70,-4.50,-3.37,-4.92,-5.09,-4.49,-6.34,-4.26,-5.68,-5.07,-4.30,-4.04,-4.30,-7.29,-4.47,-4.88,-4.60,-5.09,-5.03,-5.81,-4.47,-6.23,-5.29,-6.77,-7.19,-2.78,-3.13,-2.46,-3.33,-2.31,-2.30,-4.26,-3.36,-2.19,-2.77,0.25,-1.65,-5.92,-3.52,-4.50,-6.20,-4.52,-3.76,-2.80,-2.31,-2.72,-2.83,-0.13,0.65,1.90,-0.46,-0.65,-2.53,-2.20,,-14.70,-12.40,-5.20,-6.60,-8.70,,,,,,,-5.10,-5.20,,-5.20,-4.90,-5.10,-5.47,,,,,,,,-2.60,-3.50,-3.60,-4.50,-4.60,,,,,-2.50,,-2.90,-3.50,1,0.40,,,,-4.50,,,-2.60,,,1,0.80,0.40,1.90,-2.50,-2.10,
2008-12-28 00:30,-10.60,-10.47,-10.17,-11.52,-10.20,-5.66,-6.39,-9.80,-10.49,-9.17,-9.67,-8.54,-9.10,-13.97,-9.73,-10.13,-11.36,-9.90,-9,-15.17,-11.67,-10.18,-13.64,,-4.89,-5.19,-6.45,-8.13,-5.37,-7.80,-7.32,-5.84,-10.15,-10.11,-9.65,-9.63,-8.74,-7.61,-12.51,-13.02,-10.60,,-14.70,-10.26,-17.20,-6.01,-7.40,-7.67,-7.51,-8.23,-9.47,-6.25,-7.53,-6.80,-11.30,-10.86,-8.66,-8.80,-8.50,-8.56,-10.15,-9.50,-10.48,-11.66,-10.24,,-3.83,-6.84,-7.70,-12.70,-8.14,-5.75,-3.38,-6.20,-6.04,-2.48,-3.50,-4.68,-4.60,-3.50,-4.93,-5.19,-4.51,-6.25,-4.38,-5.75,-5.08,-4.40,-4.02,-4.43,-7.36,-4.49,-4.78,-4.60,-5.30,-5.09,-5.72,-4.57,-6.21,-5.32,-6.77,-7.24,-2.74,-3.17,-2.43,-3.55,-2.34,-2.30,-4.25,-3.39,-2.19,-2.75,0.28,-1.60,-5.93,-3.53,-4.40,-6.26,-4.48,-3.75,-2.70,-2.26,-2.60,-2.71,-0.18,0.68,1.90,-0.42,-0.94,-2.45,-2.10,,-14.80,-12.40,-5.20,-6.60,-8.80,,,,,,,-5.10,-5.10,,-5.30,-4.90,-5,-5.54,,,,,,,,-2.70,-3.50,-3.50,-4.50,-4.60,,,,,-2.50,,-2.90,-3.50,1,0.30,0.10,,,-4.60,,,-2.70,,,1,0.80,0.30,1.90,-2.50,-2.20,
2008-12-28 00:40,-10.70,-10.76,-10.09,-11.66,-10,-5.85,-6.32,-9.80,-10.50,-9.26,-9.80,-8.65,-9.24,-14.16,-9.58,-10.27,-11.52,-9.65,-9.10,-15.23,-11.54,-10.20,-13.67,,-5.03,-5.26,-6.47,-8.12,-5.41,-7.80,-7.41,-5.91,-10.13,-10.29,-9.73,-9.23,-8.91,-7.59,-12.71,-13.17,-10.30,,-13.92,-10.39,-16.80,-6.07,-7.50,-7.75,-7.56,-8.23,-9.56,-6.26,-7.52,-6.75,-11.25,-10.78,-8.69,-8.80,-8.45,-8.55,-10.22,-9.60,-10.66,-11.74,-10.28,,-3.76,-7.04,-7.90,-13.09,-8.17,-5.82,-3.51,-6.22,-6.25,-2.56,-3.50,-4.72,-4.60,-3.57,-5.04,-5.24,-4.54,-6.33,-4.36,-5.69,-5.08,-4.40,-4.02,-4.44,-7.35,-4.48,-4.73,-4.60,-5.34,-5.26,-5.70,-4.56,-6.30,-5.33,-6.68,-7.23,-2.64,-3.22,-2.35,-3.55,-2.41,-2.30,-4.25,-3.39,-2.15,-2.77,0.28,-1.52,-5.84,-3.64,-4.40,-6.30,-4.41,-3.77,-2.70,-2.34,-2.65,-2.64,-0.10,0.89,1.90,-0.61,-0.93,-2.48,-2,,-14.80,-12.40,-5.30,-6.70,-8.80,,,,,,,-5.10,-5.30,,-5.30,-4.90,-5.10,-5.57,,,,,,,,-2.70,-3.50,-3.50,-4.50,-4.60,,,,,-2.50,,-2.80,-3.50,0.90,0.40,0.10,,,-4.70,,,-2.70,,,1,0.80,0.30,1.90,-2.40,-2.20,
2008-12-28 00:50,-10.80,-10.97,-10.18,-11.77,-10.30,-5.83,-6.38,-9.90,-10.55,-9.31,-9.75,-9.06,-9.37,-14.01,-9.47,-10.53,-11.39,-9.46,-9.10,-15.46,-11.70,-10.42,-13.81,,-5.10,-5.35,-6.39,-8.13,-5.50,-7.80,-7.34,-5.94,-10.20,-10.46,-9.83,-8.95,-9.24,-7.65,-12.96,-13.31,-10.40,,-13.64,-10.13,-16.60,-6.01,-7.50,-7.75,-7.63,-8.17,-9.73,-6.37,-7.43,-6.77,-11.21,-11.41,-8.64,-8.80,-8.42,-8.53,-10.28,-9.80,-10.64,-11.81,-10.37,,-3.74,-7.59,-8.20,-13.32,-8.35,-5.88,-3.47,-6.29,-6.29,-2.53,-3.50,-4.80,-4.70,-3.82,-5.08,-5.22,-4.54,-6.41,-4.36,-5.62,-5.11,-4.40,-3.99,-4.51,-7.29,-4.54,-4.72,-4.70,-5.19,-5.20,-5.67,-4.47,-6.26,-5.46,-6.69,-7.08,-2.58,-3.11,-2.28,-3.61,-2.40,-2.30,-4.21,-3.37,-2.17,-2.75,0.20,-1.40,-5.77,-3.62,-4.50,-6.19,-4.30,-3.68,-2.80,-2.47,-2.69,-2.75,-0.10,0.86,1.90,-0.73,-0.93,-2.54,-1.70,,-14.90,-12.70,-5.30,-6.70,-8.80,,,,,,,-5.10,-5.40,,-5.30,-4.90,-5.10,-5.62,,,,,,,,-2.70,-3.50,-3.50,-4.50,-4.60,,,,,-2.60,,-2.90,-3.40,1,0.40,0.10,,,-4.80,,,-2.70,,,1.10,0.70,0.30,1.90,-2.40,-2.10,
2008-12-28 01:00,-11.10,-10.82,-10.27,-11.90,-10.50,-5.77,-6.25,-10,-10.53,-9.29,-9.72,-9.18,-9.54,-13.88,-9.57,-10.62,-11.42,-9.29,-9.10,-15.37,-11.63,-10.58,-14.26,,-5.03,-5.41,-6.36,-8.19,-5.54,-7.80,-7.36,-5.88,-10.08,-10.53,-9.55,-8.90,-9.31,-7.68,-13.23,-13.29,-10.50,,-14.14,-9.96,-17,-5.98,-7.50,-7.81,-7.53,-8.22,-9.85,-6.31,-7.45,-6.83,-11.37,-11.54,-8.61,-8.80,-8.48,-8.65,-10.25,-9.90,-10.61,-11.76,-10.45,,-3.80,-8.17,-8.30,-13.29,-8.51,-6,-3.45,-6.35,-6.65,-2.50,-3.50,-4.90,-4.70,-3.83,-5.21,-5.28,-4.61,-6.35,-4.36,-5.75,-5.24,-4.50,-4.20,-4.42,-7.36,-4.46,-4.72,-4.70,-5.11,-5.16,-5.75,-4.43,-6.24,-5.42,-6.66,-7.02,-2.63,-3.10,-2.35,-3.50,-2.44,-2.30,-4.26,-3.36,-2.31,-2.73,0.07,-1.40,-5.70,-3.53,-4.40,-5.97,-4.25,-3.74,-2.80,-2.43,-2.69,-2.56,-0.20,0.93,2,-0.88,-1.19,-2.54,-1.60,-8,-15.20,-12.90,-5.40,-6.70,-8.80,-6.90,-4.10,-7.20,-4.60,-3.70,-3.90,-5.10,-5.40,-4.60,-5.30,-4.90,-5.10,-5.70,-5.40,-3.90,-2.20,-2.30,-2.70,-2.60,-3.50,-2.70,-3.50,-3.60,-4.50,-4.50,-5.60,-4.80,-7,-2.50,-2.60,-2.30,-2.90,-3.40,1,0.40,0.10,-1.30,-3.40,-4.80,-3.40,-3,-2.70,1.40,0.50,1.20,0.60,0.20,1.90,-2.40,-2.10,-2.10
2008-12-28 01:10,-11.10,-10.81,-10.32,-12.08,-10.90,-5.77,-6.29,-9.80,-10.52,-9.25,-9.58,-8.91,-9.75,-13.97,-9.64,-10.93,-11.19,-9.32,-9,-15.05,-11.48,-10.54,-14.24,,-5.08,-5.39,-6.31,-8.22,-5.56,-7.80,-7.43,-5.91,-10.04,-10.46,-9.30,-8.63,-9.26,-7.69,-13.13,-13.31,-11.20,,-14.29,-9.81,-17.40,-5.95,-7.50,-7.89,-7.59,-8.27,-9.84,-6.23,-7.47,-6.85,-11.47,-11.19,-8.62,-8.80,-8.61,-8.67,-10.38,-10.30,-10.64,-11.76,-10.48,,-3.98,-8.64,-8.40,-13.60,-8.63,-6.05,-3.51,-6.42,-7.13,-2.59,-3.40,-4.89,-4.75,-3.91,-5.22,-5.30,-4.66,-6.36,-4.47,-5.71,-5.26,-4.60,-4.17,-4.43,-7.26,-4.52,-4.79,-4.70,-5.46,-5.27,-5.67,-4.44,-6.25,-5.48,-6.64,-7,-2.63,-3.31,-2.34,-3.42,-2.58,-2.30,-4.25,-3.36,-2.37,-2.69,0.22,-1.23,-5.64,-3.59,-4.30,-5.67,-4.23,-3.68,-2.80,-2.51,-2.51,-2.71,-0.20,0.84,1.90,-0.97,-1.06,-2.61,-1.50,,-15.20,-13,-5.40,-6.70,-8.90,,,,,,,-5.10,-5.40,,-5.30,-5,-5,-5.71,,,,,,,,-2.70,-3.60,-3.50,-4.50,-4.50,,,,,-2.60,,-2.90,-3.40,1,0.40,0.10,,,-4.80,,,-2.70,,,1.20,0.50,0.20,1.90,-2.40,-2.20,
2008-12-28 01:20,-11.20,-10.87,-10.32,-12.07,-10.90,-5.98,-6.29,-9.80,-10.48,-9.26,-9.46,-8.71,-9.78,-14.30,-9.94,-10.93,-11.11,-9.46,-8.90,-14.90,-11.66,-10.26,-14.36,,-5.15,-5.37,-6.37,-8.23,-5.54,-7.80,-7.44,-5.96,-10.23,-10.16,-9.05,-8.87,-9,-7.81,-12.85,-13.50,-11.10,,-13.39,-9.77,-17.20,-6.05,-7.60,-7.88,-7.71,-8.26,-9.88,-6.40,-7.50,-6.87,-11.52,-11.22,-8.65,-8.90,-8.73,-8.74,-10.61,-10.60,-10.79,-11.86,-10.45,,-4.07,-8.89,-8.50,-13.62,-8.95,-6.06,-3.60,-6.47,-7.55,-2.73,-3.50,-4.90,-4.86,-3.88,-5.26,-5.30,-4.60,-6.43,-4.55,-5.88,-5.37,-4.60,-4.11,-4.47,-7.38,-4.55,-4.86,-4.70,-5.47,-5.31,-5.51,-4.57,-6.18,-5.49,-6.59,-6.98,-2.67,-3.19,-2.31,-3.52,-2.57,-2.30,-4.18,-3.33,-2.39,-2.72,0.24,-1.12,-5.57,-3.43,-4.30,-5.50,-4.17,-3.56,-2.80,-2.62,-2.61,-2.76,-0.12,0.83,2,-1.01,-1.02,-2.72,-1.40,,-15.10,-12.60,-5.50,-6.70,-8.90,,,,,,,-5.10,-5.40,,-5.30,-5,-5,-5.68,,,,,,,,-2.70,-3.60,-3.60,-4.50,-4.40,,,,,-2.70,,-2.90,-3.40,0.90,0.30,,,,-4.80,,,-2.70,,,1.20,0.40,0.20,1.90,-2.40,-2.30,
2008-12-28 01:30,-11.10,-10.82,-10.20,-11.98,-11.30,-5.92,-6.32,-9.80,-10.50,-9.20,-9.40,-8.66,-9.66,-14.28,-10.59,-10.98,-11.27,-9.76,-8.90,-15.55,-11.52,-10.48,-14.21,,-5.19,-5.39,-6.41,-8.26,-5.68,-7.80,-7.50,-5.92,-10.36,-9.99,-8.89,-9.60,-9.21,-7.85,-12.74,-13.78,-10.80,,-14.03,-9.54,-17.20,-6.03,-7.70,-8.02,-7.64,-8.33,-9.96,-6.42,-7.52,-6.82,-11.51,-11.02,-8.65,-9,-8.79,-8.71,-10.79,-10.90,-10.88,-11.82,-10.50,,-3.94,-9.11,-8.60,-13.98,-8.88,-6.06,-3.61,-6.51,-7.83,-2.57,-3.50,-5.09,-4.96,-3.89,-5.22,-5.30,-4.61,-6.39,-4.53,-5.87,-5.30,-4.60,-4.07,-4.53,-7.45,-4.60,-4.85,-4.70,-5.38,-5.26,-5.54,-4.80,-6.23,-5.40,-6.56,-6.93,-2.82,-3.22,-2.39,-3.54,-2.70,-2.30,-4.07,-3.36,-2.41,-2.64,0.26,-1.19,-5.49,-3.43,-4.30,-5.32,-4.21,-3.56,-2.80,-2.46,-2.55,-2.66,-0.08,0.87,2,-1.01,-0.95,-2.70,-1.50,,-15.20,-12.50,-5.60,-6.80,-8.90,,,,,,,-5.10,-5.40,,-5.30,-5,-5.10,-5.65,,,,,,,,-2.70,-3.60,-3.60,-4.40,-4.40,,,,,-2.80,,-2.90,-3.40,0.90,0.30,0.10,,,-4.70,,,-2.70,,,1.20,0.30,0.20,1.90,-2.40,-2.30,
2008-12-28 01:40,-11.20,-10.80,-10.19,-11.79,-11.30,-5.78,-6.44,-9.90,-10.48,-9.27,-9.29,-8.72,-9.45,-14.35,-10.97,-10.90,-11.39,-9.75,-9,-15.21,-11.39,-9.99,-14.43,,-5.17,-5.53,-6.49,-8.25,-5.67,-7.80,-7.58,-5.91,-10.45,-9.90,-8.86,-9.79,-9.11,-7.87,-12.83,-13.83,-10.60,,-14.08,-9.52,-17.30,-6,-7.70,-7.99,-7.51,-8.37,-9.93,-6.44,-7.47,-6.83,-11.59,-11.83,-8.75,-9,-8.89,-8.76,-10.89,-11.10,-10.93,-11.98,-10.49,,-4,-9.33,-9,-14.14,-9.07,-6.16,-3.65,-6.44,-7.96,-2.77,-3.60,-5.05,-4.87,-4.02,-5.30,-5.30,-4.60,-6.45,-4.59,-5.81,-5.30,-4.60,-4.08,-4.62,-7.34,-4.59,-4.84,-4.70,-5.30,-5.35,-5.51,-4.76,-6.16,-5.40,-6.41,-7.03,-2.76,-3.20,-2.42,-3.56,-2.94,-2.30,-4.21,-3.45,-2.52,-2.67,0.27,-1.27,-5.36,-3.34,-4.30,-5.27,-4.17,-3.50,-2.80,-2.58,-2.56,-2.62,-0.06,0.82,2,-0.99,-0.97,-2.59,-1.40,,-15,-12.30,-5.60,-6.80,-8.90,,,,,,,-5.20,-5.40,,-5.30,-5,-5,-5.58,,,,,,,,-2.70,-3.60,-3.60,-4.50,-4.40,,,,,-2.80,,-2.90,-3.40,0.90,0.20,0.10,,,-4.60,,,-2.70,,,1.10,0.30,0.20,1.90,-2.40,-2.30,
2008-12-28 01:50,-11.20,-10.82,-10.26,-11.90,-11.30,-5.90,-6.45,-10.20,-10.50,-9.29,-9.19,-8.81,-9.21,-14.11,-11.41,-10.88,-11.34,-9.92,-9,-15.05,-11.55,-9.57,-14.38,,-5.22,-5.54,-6.55,-8.35,-5.73,-7.90,-7.67,-5.96,-10.39,-9.78,-8.80,-10.41,-9.19,-7.90,-13.16,-13.98,-10.60,,-14.09,-9.26,-17.50,-6.09,-7.70,-7.94,-7.88,-8.46,-9.61,-6.32,-7.57,-6.90,-11.40,-12.08,-8.82,-9.10,-8.87,-8.83,-11.06,-11.20,-11.02,-11.96,-10.53,,-4.34,-9.62,-9.60,-14.44,-9.16,-6.36,-3.72,-6.45,-8.15,-2.66,-3.70,-5.13,-4.83,-4.13,-5.40,-5.40,-4.53,-6.51,-4.57,-5.88,-5.48,-4.60,-4.20,-4.64,-7.47,-4.64,-4.90,-4.70,-5.29,-5.43,-5.43,-4.62,-6.08,-5.39,-6.39,-7.08,-2.80,-3.31,-2.28,-3.59,-3.16,-2.30,-4.15,-3.39,-2.51,-2.64,0.27,-1.33,-5.32,-3.39,-4.30,-5.26,-4.13,-3.71,-2.80,-2.55,-2.50,-2.78,-0.05,0.83,2.20,-1,-1.08,-2.61,-1.50,,-15,-12.30,-5.60,-6.80,-8.90,,,,,,,-5.20,-5.40,,-5.30,-5.10,-5,-5.62,,,,,,,,-2.70,-3.60,-3.60,-4.50,-4.30,,,,,-2.90,,-2.90,-3.30,0.90,0.20,0.10,,,-4.50,,,-2.70,,,1,0.20,0.20,1.90,-2.50,-2.20,
2008-12-28 02:00,-11.10,-10.78,-10.29,-11.94,-11.10,-6.09,-6.50,-10.30,-10.62,-9.35,-9.34,-8.77,-9.14,-13.96,-10.97,-11.06,-11.70,-10.03,-9.10,-15,-11.58,-10,-14.59,,-5.27,-5.54,-6.59,-8.37,-5.82,-8,-7.62,-5.94,-10.51,-9.55,-8.69,-10.30,-9,-7.94,-13.21,-14.09,-10.20,,-13.75,-8.98,-18.10,-6.11,-7.70,-8.08,-7.71,-8.54,-9.23,-6.32,-7.56,-6.91,-11.34,-11.98,-8.82,-9.10,-8.89,-8.92,-11.47,-11.60,-11.15,-11.86,-10.58,,-4.36,-9.63,-9.60,-14.86,-9.34,-6.42,-3.78,-6.56,-8.34,-2.81,-3.70,-5.19,-4.89,-4.19,-5.43,-5.40,-4.77,-6.62,-4.62,-5.98,-5.50,-4.60,-4.31,-4.89,-7.48,-4.65,-4.86,-4.70,-5.32,-5.40,-5.40,-4.71,-6.02,-5.35,-6.47,-6.95,-2.75,-3.33,-2.28,-3.41,-3.16,-2.20,-4.16,-3.29,-2.51,-2.68,0.28,-1.38,-5,-3.33,-4.20,-5.19,-4.07,-3.48,-2.80,-2.55,-2.45,-2.68,-0.08,0.80,2.20,-0.93,-0.81,-2.58,-1.40,-9.40,-15.30,-12.50,-5.60,-6.80,-8.90,-6.90,-4.80,-7.90,-5,-3.90,-4,-5.10,-5.40,-4.90,-5.30,-5.10,-5,-5.50,-5.60,-3.90,-2.40,-2.40,-2.90,-2.70,-3.60,-2.70,-3.60,-3.60,-4.50,-4.30,-6.50,-4.80,-5.90,-2.60,-3,-2.20,-2.90,-3.30,0.90,0.20,0.10,-1.40,-3.40,-4.60,-3.10,-3.30,-2.70,,0.60,1,0.20,0.20,1.90,-2.50,-2.30,-2
2008-12-28 02:10,-11.10,-10.73,-10.38,-11.95,-11.10,-6.04,-6.54,-10.20,-10.80,-9.41,-10.01,-8.81,-9.08,-13.89,-10.35,-10.78,-12.29,-9.71,-9.10,-14.86,-11.51,-10.01,-14.30,,-5.27,-5.49,-6.67,-8.36,-5.85,-8,-7.75,-5.98,-10.60,-9.51,-8.67,-10.03,-8.75,-8.01,-13.16,-14.27,-10.80,,-14.39,-9.14,-18.40,-6.11,-7.70,-8.07,-7.68,-8.59,-9.13,-6.36,-7.53,-6.94,-11.21,-12.15,-8.82,-9.20,-8.90,-8.99,-12.21,-12,-11.24,-11.85,-10.59,,-4.52,-9.91,-9.80,-15.01,-9.32,-6.43,-3.67,-6.61,-8.60,-2.74,-3.70,-5.32,-4.90,-3.91,-5.42,-5.27,-4.51,-6.79,-4.79,-5.98,-5.46,-4.70,-4.23,-4.84,-7.42,-4.69,-4.84,-4.80,-5.25,-5.43,-5.25,-4.74,-6.04,-5.28,-6.48,-6.99,-2.67,-3.39,-2.48,-3.47,-3.09,-2.20,-4.24,-3.33,-2.47,-2.73,0.20,-1.36,-4.70,-3.30,-4.10,-5.17,-4.04,-3.64,-2.90,-2.65,-2.28,-2.77,-0.12,0.76,2.20,-0.85,-0.74,-2.47,-1.40,,-15.70,-12.60,-5.70,-6.90,-8.90,,,,,,,-5.20,-5.50,,-5.30,-5.10,-5,-5.69,,,,,,,,-2.70,-3.60,-3.60,-4.60,-4.30,,,,,-3,,-2.90,-3.20,0.90,0.20,,,,-4.60,,,-2.70,,,0.90,0.30,0.30,1.90,-2.50,-2.30,
2008-12-28 02:20,-11.20,-10.78,-10.44,-12.19,-11.20,-6.13,-6.51,-10.20,-10.91,-9.49,-10.76,-8.88,-9.23,-14.20,-10.49,-10.43,-12.57,-9.74,-9.20,-14.31,-11.67,-9.97,-14.10,,-5.28,-5.52,-6.74,-8.38,-5.87,-8.10,-7.82,-6.13,-10.45,-9.37,-8.70,-9.84,-8.79,-8.23,-12.98,-14.48,-11.10,,-14.09,-9.31,-18.10,-6.09,-7.70,-8.04,-7.67,-8.50,-9.18,-6.32,-7.52,-6.99,-11.17,-12.23,-8.83,-9.20,-8.86,-9.03,-12.63,-12.20,-11.49,-11.97,-10.64,,-4.84,-10.30,-10,-15.29,-9.34,-6.39,-3.68,-6.67,-8.74,-2.72,-3.80,-5.27,-4.90,-4.03,-5.52,-5.25,-4.64,-6.99,-4.76,-5.94,-5.51,-4.70,-4.24,-4.68,-7.45,-4.79,-4.88,-4.70,-5.29,-5.51,-5.35,-4.70,-5.94,-5.23,-6.43,-6.91,-2.72,-3.39,-2.29,-3.58,-3.07,-2.30,-4.19,-3.36,-2.42,-2.71,0.16,-1.26,-4.59,-3.29,-4.10,-5.16,-4.05,-3.61,-2.90,-2.69,-2.45,-2.93,-0.16,0.81,2.20,-0.74,-0.91,-2.41,-1.40,,-15.70,-12.40,-5.80,-6.90,-9,,,,,,,-5.20,-5.50,,-5.30,-5.10,-4.90,-5.66,,,,,,,,-2.80,-3.60,-3.60,-4.50,-4.30,,,,,-3.10,,-2.90,-3.20,0.90,0.20,0.10,,,-4.50,,,-2.70,,,1,0.30,0.40,2,-2.50,-2.20,
2008-12-28 02:30,-11.20,-10.73,-10.48,-12.31,-11,-6.03,-6.62,-10.10,-10.96,-9.81,-10.70,-8.97,-9.32,-14.09,-10.44,-10.55,-12.69,-9.98,-9.20,-14.65,-11.78,-9.58,-14.12,,-5.19,-5.59,-6.84,-8.34,-5.84,-8.20,-7.82,-6.20,-10.55,-9.31,-8.92,-9.78,-8.83,-8.24,-13.08,-14.73,-10.80,,-13.37,-9.27,-18.10,-6.17,-7.70,-8.03,-7.64,-8.61,-9.19,-6.29,-7.56,-6.92,-11.12,-12.06,-8.80,-9.20,-8.83,-9.04,-12.60,-12,-11.43,-12.01,-10.73,,-5.06,-10.31,-10.50,-15.40,-9.34,-6.61,-3.66,-6.67,-8.87,-2.78,-3.70,-5.31,-5,-4.12,-5.53,-5.28,-4.70,-6.87,-4.87,-5.88,-5.56,-4.70,-4.25,-4.80,-7.49,-4.76,-4.80,-4.70,-5.21,-5.45,-5.31,-4.62,-6.01,-5.20,-6.31,-6.90,-2.76,-3.30,-2.28,-3.75,-3.02,-2.30,-4.14,-3.35,-2.48,-2.72,0.18,-1.25,-4.65,-3.35,-4,-5.08,-4.03,-3.51,-2.80,-2.67,-2.46,-2.88,-0.13,0.84,2.10,-0.66,-1.03,-2.39,-1.30,,-15.70,-12.30,-5.70,-6.90,-9,,,,,,,-5.30,-5.50,,-5.30,-5.20,-5,-5.62,,,,,,,,-2.70,-3.60,-3.60,-4.50,-4.30,,,,,-3.10,,-2.90,-3.20,1,0.20,0.10,,,-4.50,,,-2.70,,,0.90,0.40,0.40,2,-2.50,-2.20,
2008-12-28 02:40,-11.20,-10.80,-10.52,-12.48,-11,-6.06,-6.76,-10.10,-10.32,-10.03,-10.52,-9.17,-9.23,-14.04,-10.45,-10.83,-12.95,-9.97,-9.40,-15.09,-11.73,-9.46,-13.96,,-5.22,-5.71,-6.92,-8.40,-5.85,-8.30,-7.82,-6.23,-10.55,-9.50,-8.99,-9.73,-8.75,-8.38,-13.03,-14.87,-10.20,,-13.44,-9.26,-18.40,-6.22,-7.80,-8.07,-7.65,-8.59,-9.37,-6.27,-7.59,-7.01,-11.05,-11.94,-8.88,-9.40,-8.79,-9.02,-12.43,-12.10,-11.45,-12.12,-10.71,,-5.24,-9.91,-10.10,-15.52,-9.32,-6.56,-3.72,-6.73,-8.99,-2.78,-3.80,-5.43,-4.90,-4.09,-5.55,-5.35,-4.76,-6.80,-4.91,-5.84,-5.57,-4.70,-4.33,-4.88,-7.47,-4.79,-4.74,-4.70,-5.19,-5.58,-5.08,-4.58,-5.90,-5.19,-6.20,-6.88,-2.85,-3.26,-2.42,-3.68,-2.86,-2.30,-4.13,-3.29,-2.56,-2.76,0.23,-1.43,-4.63,-3.32,-4,-5.05,-4.02,-3.52,-2.80,-2.62,-2.38,-2.81,-0.08,0.82,2.10,-0.66,-0.96,-2.46,-1.40,,-15.90,-12,-5.80,-7,-9,,,,,,,-5.50,-5.50,,-5.40,-5.20,-5,-5.60,,,,,,,,-2.70,-3.70,-3.60,-4.60,-4.30,,,,,-3.20,,-2.90,-3.20,1,0.20,0,,,-4.50,,,-2.80,,,1,0.50,0.40,2.10,-2.40,-2.20,
2008-12-28 02:50,-11.30,-10.90,-10.53,-12.51,-11,-6.05,-6.89,-10.30,-9.79,-9.95,-10.26,-9.16,-9,-13.64,-10.40,-10.83,-13.13,-9.67,-9.40,-14.98,-11.65,-9.37,-13.88,,-5.31,-5.78,-7.08,-8.52,-5.87,-8.40,-7.89,-6.23,-10.36,-9.57,-8.98,-9.56,-8.69,-8.57,-12.85,-14.91,-9.70,,-13.28,-9.18,-19.10,-6.22,-7.80,-8.06,-7.65,-8.72,-9.19,-6.29,-7.63,-7.08,-11.02,-11.53,-8.99,-9.40,-8.91,-9.04,-12.57,-12.20,-11.47,-12.11,-10.78,,-5.27,-9.78,-9.70,-15.63,-9.35,-6.71,-3.81,-6.74,-9.17,-2.83,-3.80,-5.51,-5,-4.02,-5.53,-5.37,-4.89,-6.81,-4.94,-5.84,-5.60,-4.70,-4.28,-4.98,-7.44,-4.81,-4.77,-4.70,-5.03,-5.59,-5.13,-4.52,-5.88,-5.08,-6.13,-6.85,-2.85,-3.36,-2.42,-3.55,-2.83,-2.40,-4.21,-3.35,-2.45,-2.77,0.19,-1.45,-4.50,-3.30,-4,-5.12,-3.96,-3.57,-2.80,-2.46,-2.38,-2.83,-0.18,0.91,2.10,-0.60,-0.74,-2.41,-1.40,,-16.40,-11.80,-5.80,-7,-9,,,,,,,-5.50,-5.60,,-5.50,-5.20,-5,-5.56,,,,,,,,-2.70,-3.60,-3.60,-4.60,-4.30,,,,,-3.30,,-2.90,-3.10,1,0.20,0,,,-4.50,,,-2.80,,,1,0.50,0.40,2.10,-2.40,-2.10,
2008-12-28 03:00,-11.40,-11.03,-10.56,-12.56,-11,-6.27,-7.13,-10.40,-9.21,-9.98,-10.29,-9.23,-8.90,-13.72,-10.45,-10.98,-13.26,-9.57,-9.50,-14.95,-11.45,-9.21,-13.91,,-5.41,-5.79,-7.22,-8.60,-5.89,-8.50,-7.95,-6.17,-10.46,-9.59,-9.13,-9.59,-8.78,-8.58,-12.85,-14.56,-10,,-13.69,-9.15,-18.70,-6.17,-7.80,-8.04,-7.70,-8.75,-9.35,-6.30,-7.66,-7.05,-11.05,-11.47,-8.99,-9.50,-9.02,-9.15,-12.65,-12.10,-11.60,-12.10,-10.87,,-5.24,-9.91,-9.40,-15.95,-8.99,-6.67,-3.77,-6.83,-9.42,-2.76,-3.80,-5.58,-5,-4.04,-5.56,-5.46,-4.85,-6.82,-4.96,-6.06,-5.52,-4.70,-4.34,-5.06,-7.46,-4.69,-4.88,-4.80,-5.04,-5.62,-5.10,-4.66,-5.89,-5,-6.12,-6.83,-2.80,-3.55,-2.38,-3.73,-2.84,-2.30,-4.12,-3.32,-2.43,-2.78,0.16,-1.37,-4.41,-3.30,-3.90,-5.09,-3.99,-3.57,-2.90,-2.75,-2.41,-2.85,-0.20,0.99,2.10,-0.48,-0.80,-2.31,-1.40,-9.70,-15.90,-12.10,-5.70,-7,-9,,-5.60,-7.70,-5.40,-4.30,-4.50,-5.50,-5.50,-5.20,-5.60,-5.20,-5,-5.60,-5.50,-3.90,-2.60,-2.50,-3,-2.60,-3.90,-2.70,-3.60,-3.60,-4.60,-4.20,-7.20,-5,-4.80,-2.80,-3.30,-2.20,-2.90,-3.10,0.90,0.10,0,-1.30,-3.20,-4.40,-2.80,-3.40,-2.80,,0.60,1,0.50,0.50,2.10,-2.30,-2.10,-1.50
2008-12-28 03:10,-11.50,-10.99,-10.77,-12.64,-11,-6.21,-7.31,-10.70,-8.95,-10.18,-10.24,-9.27,-9.08,-14.25,-10.93,-11.08,-12.83,-9.63,-9.60,-15.30,-11.74,-9.49,-13.94,,-5.51,-5.85,-7.44,-8.63,-5.94,-8.40,-7.97,-6.21,-10.43,-9.55,-9.14,-9.40,-8.53,-8.64,-12.64,-14.24,-10.40,,-13.33,-9.14,-18.10,-6.20,-7.80,-7.98,-7.71,-8.62,-9.38,-6.33,-7.59,-7.17,-11.27,-12.25,-8.93,-9.50,-9.06,-9.10,-12.58,-12,-11.70,-12.16,-10.97,,-5.22,-10.06,-9.10,-15.99,-8.58,-6.93,-3.83,-6.80,-9.45,-2.69,-3.80,-5.57,-5,-4.04,-5.53,-5.50,-4.75,-6.81,-4.88,-6.05,-5.64,-4.70,-4.22,-5.04,-7.62,-4.78,-4.91,-4.90,-5.02,-5.51,-5.02,-4.75,-5.82,-4.94,-6.05,-6.77,-2.80,-3.36,-2.25,-3.87,-2.73,-2.30,-4.22,-3.22,-2.54,-2.88,0.19,-1.35,-4.44,-3.27,-3.90,-4.96,-3.96,-3.56,-2.90,-2.60,-2.39,-2.95,-0.06,1.78,2.10,-0.48,-0.87,-2.42,-1.40,,-15.90,-12,-5.70,-7,-9,,,,,,,-5.50,-5.50,,-5.60,-5.20,-5,-5.58,,,,,,,,-2.70,-3.60,-3.60,-4.60,-4.20,,,,,-3.30,,-2.90,-3,0.90,0.10,0,,,-4.40,,,-2.80,,,1,0.50,0.50,2,-2.30,-2.10,
2008-12-28 03:20,-11.60,-11.01,-10.90,-12.64,-11,-6.15,-7.48,-10.80,-9.12,-10.32,-10.38,-9.38,-9.01,-14.13,-11.28,-11.31,-12.40,-9.57,-9.70,-15.61,-11.71,-9.25,-14.15,,-5.50,-5.88,-8,-8.59,-5.97,-8.40,-8.02,-6.27,-10.53,-9.58,-9.11,-9.12,-8.58,-8.75,-12.44,-14.37,-10.40,,-13.30,-9.15,-17.90,-6.20,-7.90,-8.02,-8.01,-8.67,-9.31,-6.42,-7.45,-7.15,-11.55,-12.07,-8.98,-9.60,-9.06,-9.19,-12.60,-11.90,-11.74,-12.29,-11.06,,-5.50,-9.91,-8.80,-16.24,-8.42,-6.83,-3.77,-6.89,-9.68,-3.11,-3.90,-5.54,-5.10,-4.04,-5.59,-5.45,-4.71,-6.88,-4.82,-6.02,-5.54,-4.70,-4.32,-5.04,-7.53,-4.69,-4.84,-5,-4.98,-5.44,-5.04,-4.92,-5.75,-4.87,-6,-6.78,-2.94,-3.48,-2.31,-3.85,-2.70,-2.20,-4.22,-3.15,-2.72,-2.91,0.26,-1.24,-4.32,-3.30,-3.90,-4.83,-3.89,-3.67,-2.90,-2.49,-2.49,-2.95,-0.14,1.83,2.20,-0.57,-0.64,-2.34,-1.50,,-15.70,-11.80,-5.80,-7,-9,,,,,,,-5.60,-5.50,,-5.70,-5.20,-5,-5.55,,,,,,,,-2.60,-3.60,-3.60,-4.50,-4.20,,,,,-3.30,,-2.90,-3,0.90,0.10,0,,,-4.30,,,-2.80,,,1,0.50,0.50,2.10,-2.30,-1.90,
2008-12-28 03:30,-11.70,-11.13,-11.07,-12.66,-11,-6.11,-7.46,-10.90,-9.01,-10.40,-10.61,-9.65,-8.93,-14.10,-11.08,-11.41,-12.42,-9.50,-9.70,-14.98,-11.61,-9.27,-14.42,,-5.46,-5.81,-8.36,-8.60,-5.96,-8.50,-7.97,-6.34,-10.59,-9.84,-9.09,-9.32,-8.48,-8.97,-12.49,-14.78,-10.60,,-13.22,-9.11,-17.90,-6.18,-7.90,-7.96,-8.17,-8.65,-9.28,-6.39,-7.43,-7.11,-11.81,-12.06,-9.01,-9.60,-9.03,-9.21,-12.58,-11.80,-11.82,-12.39,-11.14,,-5.88,-9.82,-8.90,-16.25,-8.10,-6.93,-3.77,-6.85,-9.90,-3.07,-4,-5.64,-5.10,-4.16,-5.66,-5.58,-4.73,-6.92,-4.81,-6.08,-5.59,-4.80,-4.23,-5.09,-7.49,-4.72,-4.86,-5,-5.10,-5.42,-5.04,-4.86,-5.57,-4.79,-6.07,-6.91,-3.05,-3.42,-2.48,-3.83,-2.70,-2.30,-4.18,-3.10,-2.84,-2.83,0.14,-1.27,-4.33,-3.30,-3.90,-4.91,-3.85,-3.78,-2.90,-2.68,-2.37,-2.84,0.06,1.85,2.20,-0.58,-0.78,-2.26,-1.50,,-16,-11.70,-5.90,-7.10,-9,,,,,,,-5.60,-5.60,,-5.60,-5.20,-5,-5.37,,,,,,,,-2.50,-3.60,-3.60,-4.50,-4.10,,,,,-3.30,,-2.90,-3,0.90,0.10,0,,,-4.30,,,-2.90,,,1,0.40,0.40,2.10,-2.30,-1.90,
2008-12-28 03:40,-11.70,-11.31,-11.21,-12.82,-10.90,-6.23,-7.21,-10.70,-9.09,-10.59,-10.54,-9.79,-9,-13.53,-11.08,-11.42,-12.37,-9.24,-9.80,-14.20,-11.64,-9.54,-14.37,,-5.47,-5.89,-8.22,-8.61,-5.92,-8.50,-7.98,-6.37,-10.41,-9.82,-9.08,-9.53,-8.43,-9.20,-12.52,-14.86,-10.70,,-13.42,-8.96,-18.40,-6.19,-7.90,-8.06,-7.95,-8.65,-9.17,-6.40,-7.63,-7.13,-12.45,-11.82,-9.02,-9.60,-9.09,-9.25,-12.75,-11.70,-11.90,-12.41,-11.15,,-6.35,-9.97,-9.20,-16.38,-7.96,-6.99,-3.90,-6.89,-10.02,-3.14,-4,-5.73,-5.10,-4.19,-5.64,-5.38,-4.76,-6.82,-4.81,-6.07,-5.60,-4.80,-4.29,-5.23,-7.58,-4.70,-4.88,-4.90,-5.27,-5.48,-5.02,-4.72,-5.61,-4.75,-6.23,-6.83,-3.02,-3.43,-2.46,-3.94,-2.69,-2.20,-4.25,-3.06,-2.87,-2.85,0.09,-1.30,-4.30,-3.31,-3.90,-4.98,-3.93,-3.61,-2.80,-2.58,-2.27,-2.72,0.01,1.86,2.10,-0.72,-0.88,-2.20,-1.40,,-16,-12.10,-6,-7.10,-9,,,,,,,-5.60,-5.60,,-5.70,-5.20,-5,-5.47,,,,,,,,-2.50,-3.60,-3.60,-4.40,-4.10,,,,,-3.40,,-2.90,-3,0.90,0.10,-0.10,,,-4.20,,,-2.90,,,1.10,0.40,0.40,2.10,-2.30,-1.90,
2008-12-28 03:50,-11.70,-11.40,-11.42,-12.91,-10.60,-6.49,-7.08,-10.60,-9.79,-10.68,-10.51,-9.92,-9.17,-13.64,-11,-11.54,-12.43,-9.12,-9.90,-14.49,-11.57,-9.68,-14.40,,-5.67,-5.93,-8.17,-8.66,-5.95,-8.50,-7.94,-6.46,-10.41,-9.73,-8.99,-9.17,-8.66,-9.42,-12.71,-14.84,-10.20,,-14.32,-9.16,-18.30,-6.16,-7.90,-8.04,-8.10,-8.67,-9.10,-6.49,-7.42,-7.06,-13.07,-12.07,-9.08,-9.70,-8.99,-9.30,-12.76,-11.70,-11.86,-12.41,-11.31,,-6.07,-10.13,-9.50,-16.55,-7.95,-7.07,-3.91,-6.91,-10.11,-3.19,-4.10,-5.85,-5.10,-4.13,-5.62,-5.39,-4.75,-6.82,-4.80,-6.05,-5.53,-4.90,-4.35,-5.05,-7.60,-4.75,-4.88,-4.90,-5.31,-5.45,-5,-4.78,-5.56,-4.71,-6.35,-6.65,-2.98,-3.51,-2.39,-3.97,-2.65,-2.30,-4.20,-3.13,-2.94,-2.82,0.14,-1.26,-4.15,-3.35,-3.80,-4.93,-3.90,-3.67,-2.80,-2.66,-2.31,-2.80,-0.16,1.95,2,-0.58,-0.87,-2.23,-1.40,,-15.90,-12.10,-6,-7.20,-9.10,,,,,,,-5.50,-5.60,,-5.60,-5.20,-4.90,-5.63,,,,,,,,-2.50,-3.60,-3.60,-4.40,-4.10,,,,,-3.40,,-2.90,-3,0.90,0.10,,,,-4.20,,,-2.90,,,1.10,0.50,0.40,2.10,-2.30,-1.80,
2008-12-28 04:00,-11.70,-11.52,-11.60,-12.93,-10.20,-6.53,-7.04,-10.40,-10.98,-10.80,-10.33,-10.07,-9.19,-13.59,-11.06,-11.58,-12.31,-9.28,-10,-14.49,-11.62,-9.52,-14.54,,-5.67,-5.95,-8.28,-8.69,-5.89,-8.60,-7.94,-6.43,-10.15,-9.73,-8.98,-9.21,-8.67,-9.74,-13.03,-14.88,-10.30,,-13.59,-9.16,-19.30,-6.28,-7.90,-8.10,-8,-8.63,-9.19,-6.59,-7.43,-7.03,-13.61,-11.96,-9.11,-9.60,-9.04,-9.28,-12.77,-11.60,-11.96,-12.40,-11.39,,-6.95,-10.55,-9.70,-16.44,-8.10,-7.14,-3.91,-6.92,-10.07,-3.16,-4.10,-5.86,-5.10,-4.44,-5.64,-5.47,-4.81,-6.80,-4.83,-6.01,-5.57,-4.90,-4.34,-5.26,-7.72,-4.77,-4.80,-4.90,-5.22,-5.44,-4.97,-4.76,-5.54,-4.68,-6.30,-6.75,-3.14,-3.58,-2.49,-3.81,-2.67,-2.30,-4.18,-3.12,-3.05,-2.93,0.20,-1.23,-4.16,-3.31,-3.80,-4.95,-3.87,-3.75,-2.80,-2.81,-2.33,-2.82,-0.17,1.97,2,-0.41,-0.49,-2.26,-1.40,-10.10,-15.90,-12.20,-6,-7.20,-9.10,-6.70,-7.60,-7.80,-5.60,-4.30,-4.50,-5.50,-5.60,-5,-5.60,-5.20,-4.90,-5.70,,-4,-2.90,-2.60,-3.20,-2.50,-3.70,-2.60,-3.60,-3.50,-4.40,-4,-7.90,-5.10,-4.10,-2.90,-3.50,-2.40,-2.90,-3,0.90,0.10,-0.10,,-3.10,-4.30,-2.70,-3.40,-2.90,,0.60,1.10,0.40,0.40,2,-2.20,-1.70,-1.20
2008-12-28 04:10,-11.70,-11.60,-11.65,-12.93,-10.90,-6.54,-7.01,-10.20,-11.38,-10.87,-10.16,-10.25,-9.23,-14.04,-11.19,-11.46,-12.31,-9.29,-10,-13.94,-11.60,-9.76,-14.78,,-5.51,-5.99,-8.19,-8.75,-6,-8.60,-8,-6.50,-10.32,-9.95,-8.85,-9.26,-8.74,-9.84,-12.70,-15.03,-10,,-13.72,-9.03,-19.50,-6.43,-7.90,-7.99,-8.07,-8.65,-9.38,-6.62,-7.43,-7.01,-14.03,-12.12,-9.11,-9.70,-9.17,-9.32,-12.53,-11.60,-12.17,-12.37,-11.44,,-7.38,-10.78,-9.90,-16.11,-8.44,-7.24,-3.95,-6.94,-10,-3.06,-4.10,-5.87,-5.20,-4.27,-5.64,-5.60,-4.80,-6.73,-4.76,-5.95,-5.63,-5,-4.31,-5.10,-7.68,-4.80,-4.79,-4.90,-5.27,-5.38,-4.87,-4.66,-5.48,-4.67,-6.28,-6.79,-3.07,-3.50,-2.45,-3.90,-2.63,-2.30,-4.22,-3.07,-3.23,-2.87,0.17,-1.30,-4.20,-3.32,-3.80,-4.89,-3.90,-3.81,-2.80,-2.70,-2.40,-2.90,-0.22,2,2,-0.26,-0.45,-2.15,-1.40,,-15.70,-12.20,-6,-7.20,-9,,,,,,,-5.60,-5.60,,-5.60,-5.20,-4.80,-5.68,,,,,,,,-2.60,-3.60,-3.50,-4.40,-4,,,,,-3.40,,-2.90,-2.90,0.90,0.10,-0.10,,,-4.30,,,-2.90,,,1.10,0.40,0.50,2,-2.20,-1.70,
2008-12-28 04:20,-11.50,-11.66,-11.59,-13,-11.30,-6.49,-7.04,-10,-11.45,-10.96,-10.01,-10.20,-9.15,-14,-11.36,-11.41,-12.47,-9.46,-10,-14.06,-11.63,-9.33,-14.79,,-5.53,-6.10,-8.03,-8.86,-6.10,-8.60,-8.02,-6.48,-10.37,-10.03,-9,-9.30,-8.88,-9.79,-12.07,-15.13,-10.20,,-13.36,-9.05,-18.90,-6.48,-7.90,-7.98,-8.15,-8.70,-9.34,-6.65,-7.40,-6.97,-14.49,-11.94,-9.13,-9.70,-9.17,-9.36,-12.62,-11.70,-12.22,-12.38,-11.46,,-7.79,-10.81,-10.10,-16.37,-8.76,-7.37,-3.92,-7.05,-10.07,-3.12,-4.10,-6.09,-5.10,-4.31,-5.71,-5.70,-4.79,-6.86,-4.80,-5.82,-5.67,-5,-4.31,-5.12,-7.60,-4.78,-4.75,-4.90,-5.25,-5.41,-4.88,-4.71,-5.46,-4.66,-6.22,-6.89,-3.17,-3.62,-2.69,-3.90,-2.58,-2.40,-4.23,-3,-3.51,-2.84,-0.04,-1.20,-4.15,-3.32,-3.80,-4.77,-3.89,-3.73,-2.80,-2.58,-2.33,-2.97,-0.23,2.02,2,-0.08,-0.53,-2.14,-1.40,,-15.70,-12.30,-6.20,-7.20,-9,,,,,,,-5.40,-5.60,,-5.60,-5.10,-4.80,-5.74,,,,,,,,-2.60,-3.60,-3.50,-4.40,-4,,,,,-3.50,,-2.80,-2.90,0.90,0.10,-0.10,,,-4.30,,,-2.90,,,1,0.30,0.50,2,-2.20,-1.80,
2008-12-28 04:30,-11.30,-11.55,-11.48,-12.88,-11.50,-6.27,-6.94,-9.70,-11.50,-10.99,-9.93,-10.15,-9.29,-13.93,-11.51,-11.53,-12.73,-9.65,-10.10,-14.02,-11.59,-9.15,-14.76,,-5.53,-6.16,-7.58,-8.92,-6.19,-8.50,-8,-6.54,-10.66,-10.23,-9.07,-9.35,-8.87,-9.79,-11.72,-14.69,-10.20,,-13.25,-8.93,-18.60,-6.54,-7.90,-8,-8.17,-8.56,-9.22,-6.73,-7.42,-6.99,-14.88,-11.67,-9.23,-9.70,-9.25,-9.41,-12.67,-11.70,-12.20,-12.46,-11.48,,-7.99,-10.67,-10.40,-16.54,-8.85,-7.35,-3.87,-7.12,-10.04,-3.26,-4.10,-5.99,-5.20,-4.22,-5.80,-5.70,-4.82,-6.79,-4.87,-5.74,-5.70,-5,-4.28,-5.01,-7.60,-4.70,-4.81,-4.90,-5.11,-5.42,-4.92,-4.69,-5.49,-4.60,-6.16,-6.90,-3.16,-3.57,-2.59,-3.85,-2.58,-2.40,-4.15,-3.15,-3.62,-2.82,-0.03,-1.37,-4.02,-3.22,-3.80,-4.67,-3.89,-3.81,-2.80,-2.66,-2.28,-2.88,-0.25,2.14,2.10,-0.11,-0.56,-2.17,-1.40,,-15.80,-12.40,-6.20,-7.20,-9.10,,,,,,,-5.40,-5.70,,-5.70,-5.10,-4.80,-5.69,,,,,,,,-2.60,-3.50,-3.50,-4.40,-4,,,,,-3.50,,-2.80,-2.80,0.90,0.10,-0.10,,,-4.30,,,-2.90,,,1,0.30,0.50,2,-2.20,-1.80,
2008-12-28 04:40,-11,-11.38,-11.50,-12.80,-11.70,-6.43,-6.95,-9.50,-11.39,-11.06,-10.01,-10.12,-9.88,-13.64,-12,-11.44,-12.82,-9.47,-10.20,-13.50,-11.65,-9.34,-14.77,,-5.54,-6.09,-7.32,-8.93,-6.20,-8.50,-7.93,-6.62,-10.85,-10.19,-9.12,-9.35,-8.65,-9.82,-12.14,-14.55,-10.60,,-13.59,-8.98,-18.60,-6.61,-8,-7.94,-8.11,-8.58,-9.25,-6.83,-7.45,-7.02,-15.03,-11.42,-9.27,-9.70,-9.36,-9.38,-12.09,-11.80,-12.25,-12.35,-11.51,,-7.63,-10.80,-10.30,-16.71,-8.98,-7.32,-3.84,-7.19,-9.97,-3.29,-4.10,-6.06,-5.20,-4.32,-5.81,-5.70,-4.82,-6.79,-4.84,-5.68,-5.63,-5,-4.27,-5.02,-7.65,-4.77,-4.78,-5,-5.05,-5.29,-4.87,-4.69,-5.56,-4.57,-6.24,-6.87,-3.21,-3.62,-2.59,-3.86,-2.58,-2.40,-4.17,-3.15,-3.88,-2.82,0.07,-1.23,-4,-3.15,-3.80,-4.68,-3.89,-3.83,-2.80,-2.64,-2.22,-2.74,-0.22,2.13,2.10,-0.09,-0.44,-2.16,-1.50,,-15.60,-12.60,-6.20,-7.20,-9.10,,,,,,,-5.40,-5.80,,-5.70,-5.20,-4.90,-5.70,,,,,,,,-2.60,-3.50,-3.50,-4.30,-3.90,,,,,-3.60,,-2.90,-2.80,0.90,0,-0.10,,,-4.30,,,-2.90,,,1,0.20,0.40,2,-2.20,-1.70,
2008-12-28 04:50,-10.80,-11.38,-11.32,-12.72,-11.90,-6.43,-6.94,-9.20,-11.29,-11.07,-10.07,-10.08,-9.87,-13.72,-12.42,-11.46,-12.92,-9.66,-10.20,-13.05,-11.51,-9.10,-14.64,,-5.56,-6.06,-7.38,-8.79,-6.20,-8.50,-7.95,-6.56,-11.03,-10.18,-9.21,-9.75,-8.37,-9.88,-12.48,-14.33,-11.40,,-13.73,-8.98,-18.60,-6.65,-7.90,-7.98,-8.18,-8.60,-9.10,-6.77,-7.41,-7.01,-15.43,-11.75,-9.35,-9.70,-9.43,-9.45,-11.85,-11.80,-12.11,-12.40,-11.63,,-7.79,-10.88,-10.20,-16.69,-9.28,-7.44,-3.97,-7.26,-9.83,-3.29,-4.20,-6.04,-5.20,-4.41,-5.77,-5.80,-4.78,-6.77,-4.95,-5.75,-5.77,-5,-4.34,-5.16,-7.69,-4.68,-4.84,-4.90,-5.34,-5.33,-4.84,-4.74,-5.46,-4.52,-6.26,-6.88,-3.16,-3.65,-2.68,-3.91,-2.58,-2.50,-4.30,-3.12,-4.16,-2.79,0.12,-1.19,-4.05,-3.19,-3.80,-4.67,-3.85,-3.81,-2.70,-2.74,-2.16,-2.66,-0.17,2.11,2.10,-0.09,-0.11,-2.40,-1.50,,-15.70,-12.50,-6.30,-7.30,-9.10,,,,,,,-5.50,-5.80,,-5.80,-5.10,-4.90,-5.67,,,,,,,,-2.60,-3.60,-3.60,-4.40,-3.90,,,,,-3.60,,-2.80,-2.80,1,0,-0.10,,,-4.30,,,-2.90,,,1,0.20,0.40,2,-2.20,-1.70,
2008-12-28 05:00,-10.50,-11.34,-11.41,-12.60,-11.90,-6.50,-6.95,-9,-11.28,-10.91,-10.28,-10.07,-9.76,-13.21,-12.62,-11.81,-12.81,-9.64,-10.20,-13.24,-11.52,-8.94,-14.89,,-5.52,-6.09,-7.17,-8.80,-6.20,-8.60,-8.01,-6.54,-11.08,-10.22,-9.21,-9.98,-8.27,-10.04,-12.40,-14.26,-11.30,,-13.72,-8.95,-18.70,-6.66,-8,-8.04,-8.25,-8.55,-9.21,-6.75,-7.53,-7.02,-15.64,-12.47,-9.25,-9.70,-9.59,-9.54,-11.99,-11.90,-12.04,-12.25,-11.72,,-8.43,-11.02,-10.50,-16.79,-9.47,-7.35,-4.01,-7.23,-9.58,-3.33,-4.20,-5.98,-5.10,-4.30,-5.81,-5.80,-4.76,-6.78,-5.01,-5.73,-5.92,-5,-4.39,-5.16,-7.67,-4.70,-4.79,-5,-5.20,-5.33,-4.76,-4.71,-5.29,-4.57,-6.22,-6.84,-3.29,-3.64,-2.70,-3.92,-2.52,-2.50,-4.21,-3.12,-4.27,-2.83,0.06,-1.21,-3.87,-3.09,-3.70,-4.64,-3.85,-3.73,-2.70,-2.86,-2.02,-2.74,-0.17,2.13,2.10,-0.07,-0.33,-2.47,-1.60,-8.70,-15.60,-12.10,-6.40,-7.30,-9.10,-6.90,-8.20,-7.40,-6,-4.70,-4.60,-5.50,-5.80,-5.20,-5.90,-5.10,-4.90,-5.60,-5.10,-4,-2.90,-2.60,-3.40,-2.70,-3.70,-2.60,-3.50,-3.60,-4.40,-3.80,-7.80,-4.60,-3.80,-3.10,-3.60,-2.40,-2.80,-2.70,0.90,0,-0.20,-1.20,-3,-4.30,-2.30,-3.40,-2.90,0.70,0.50,1,0.20,0.40,2,-2.20,-1.40,-0.80
2008-12-28 05:10,-10.20,-11.44,-11.27,-12.44,-11.90,-6.43,-6.85,-8.80,-11.35,-10.84,-10.32,-10.07,-9.69,-12.62,-12.74,-11.95,-12.86,-9.11,-10.50,-13.27,-11.55,-9.32,-14.84,,-5.55,-6.21,-7.14,-8.81,-6.09,-8.60,-8.06,-6.54,-11.20,-10.20,-9.29,-10.11,-7.94,-10.23,-12.60,-13.77,-11.20,,-14.01,-8.95,-18.90,-6.75,-8,-8.18,-8.20,-8.59,-9.15,-6.73,-7.55,-7.05,-15.80,-12.29,-9.30,-9.70,-10.32,-9.57,-12.04,-12,-12.01,-12.19,-11.70,,-8.40,-11.11,-10.50,-16.94,-9.50,-7.34,-3.97,-7.28,-9.53,-3.41,-4.20,-5.98,-5.20,-4.19,-5.77,-5.70,-4.72,-6.79,-4.98,-5.78,-5.86,-5,-4.46,-5.09,-7.48,-4.68,-4.76,-5,-5.30,-5.42,-4.80,-4.64,-5.45,-4.54,-6.21,-6.80,-3.25,-3.84,-2.77,-3.99,-2.62,-2.50,-4.04,-3.14,-4.32,-2.90,0.12,-1.30,-4.11,-2.99,-3.80,-4.55,-3.87,-3.72,-2.60,-2.85,-2.07,-2.63,-0.15,2.12,2.20,-0.01,-0.23,-2.19,-1.60,,-15.60,-12,-6.30,-7.30,-9.10,,,,,,,-5.40,-5.80,,-5.90,-5.10,-4.80,-5.61,,,,,,,,-2.60,-3.50,-3.60,-4.40,-3.80,,,,,-3.60,,-2.80,-2.60,0.90,0,-0.20,,,-4.30,,,-2.90,,,1,0.20,0.40,2,-2.20,-1.40,
2008-12-28 05:20,-9.90,-11.39,-11.35,-12.22,-11.80,-6.38,-6.91,-8.60,-11.41,-10.68,-10.10,-10.17,-9.56,-12.29,-13.05,-11.67,-13.20,-8.78,-10.60,-13.75,-11.59,-9.72,-14.75,,-5.66,-6.20,-7.13,-8.83,-6.18,-8.60,-8.08,-6.54,-11.19,-10.23,-9.27,-10.07,-7.87,-10.38,-12.70,-13.72,-10.50,,-13.89,-8.81,-19.30,-6.75,-7.90,-8.17,-8.03,-8.61,-9.07,-6.71,-7.65,-6.96,-15.84,-11.94,-9.39,-9.70,-11.46,-9.63,-11.96,-12.40,-12.13,-12.26,-11.87,,-8.20,-11.16,-10.30,-16.99,-9.64,-7.36,-4.05,-7.30,-9.28,-3.40,-4.20,-6.14,-5.30,-4.36,-5.67,-5.60,-4.66,-6.77,-4.99,-5.93,-5.91,-4.90,-4.43,-5.21,-7.50,-4.68,-4.85,-5,-5.52,-5.40,-4.87,-4.70,-5.39,-4.55,-6.18,-6.77,-3.40,-3.99,-2.76,-4.02,-2.52,-2.50,-4.09,-3.20,-4.48,-2.70,0.13,-1.33,-3.99,-3.09,-3.80,-4.58,-3.73,-3.77,-2.60,-2.71,-2.11,-2.96,-0.21,1.59,2.20,-0.02,-0.61,-2.37,-1.60,,-15.90,-12,-6.20,-7.30,-9.10,,,,,,,-5.50,-5.80,,-5.80,-5.10,-4.80,-5.50,,,,,,,,-2.60,-3.50,-3.60,-4.40,-3.80,,,,,-3.60,,-2.80,-2.60,0.90,0,-0.20,,,-4.30,,,-3,,,1,0.20,0.40,2.10,-2.10,-1.40,
2008-12-28 05:30,-9.60,-11.41,-11.52,-12.08,-11.50,-6.51,-6.99,-8.60,-11.39,-10.66,-10.01,-9.98,-9.33,-11.88,-13.31,-12.04,-13.72,-8.96,-10.80,-14.04,-11.59,-10.02,-15.10,,-5.51,-6.10,-7.10,-8.88,-6.15,-8.50,-8.08,-6.53,-10.97,-10.33,-9.25,-10.27,-8.29,-10.38,-12.53,-13.64,-11.10,,-13.89,-8.81,-19.20,-6.80,-8,-8.22,-8.22,-8.64,-9.15,-6.70,-7.70,-6.92,-16.09,-11.57,-9.36,-9.80,-12.33,-9.67,-11.90,-12.70,-12.13,-12.26,-11.83,,-8.40,-11.16,-10.10,-16.92,-9.59,-7.29,-4.07,-7.27,-9.51,-3.39,-4.30,-6.04,-5.30,-4.47,-5.76,-5.60,-4.64,-6.81,-5.07,-5.92,-5.85,-5,-4.51,-5.22,-7.54,-4.71,-4.87,-5,-5.53,-5.43,-4.80,-4.68,-5.51,-4.41,-6.26,-6.74,-3.35,-3.93,-2.70,-4.13,-2.49,-2.50,-4.19,-3.20,-4.60,-2.78,0.12,-1.26,-3.81,-3.09,-3.80,-4.45,-3.68,-3.46,-2.60,-2.69,-2.11,-2.73,-0.14,1.23,2.20,-0.02,-0.79,-2.42,-1.60,,-15.80,-11.80,-6.30,-7.30,-9.10,,,,,,,-5.50,-5.70,,-5.80,-5.10,-4.80,-5.56,,,,,,,,-2.60,-3.50,-3.60,-4.40,-3.80,,,,,-3.60,,-2.80,-2.50,0.90,-0.10,-0.20,,,-4.30,,,-3,,,1,0.20,0.30,2,-2.10,-1.40,
2008-12-28 05:40,-9.40,-11.46,-11.46,-12.07,-11.60,-6.37,-7.10,-8.70,-11.51,-10.56,-10.13,-9.93,-9.22,-12.20,-13.29,-12.20,-14.02,-9.06,-10.80,-14.22,-11.77,-9.76,-15.58,,-5.44,-6.19,-7.06,-8.85,-6.15,-8.50,-8.23,-6.69,-10.91,-10.38,-9.30,-10.27,-8.65,-10.55,-12.89,-13.70,-11.80,,-14.15,-8.76,-18.90,-6.80,-8,-8.31,-8.06,-8.68,-9.23,-6.53,-7.74,-6.93,-16.50,-11.26,-9.41,-9.80,-13.14,-9.75,-11.76,-13,-12.02,-12.24,-11.90,,-8.47,-11.23,-9.60,-17,-9.36,-7.37,-4.06,-7.40,-9.84,-3.31,-4.30,-6.02,-5.40,-4.38,-5.88,-5.70,-4.71,-6.91,-5.05,-5.84,-5.88,-5.10,-4.49,-5.42,-7.57,-4.67,-4.77,-4.80,-5.48,-5.45,-4.80,-4.60,-5.57,-4.30,-6.26,-6.74,-3.29,-3.97,-2.84,-4.13,-2.48,-2.50,-4.15,-3.18,-4.57,-2.79,0.07,-1.20,-3.78,-3.05,-3.70,-4.31,-3.64,-3.59,-2.60,-2.65,-1.94,-2.62,-0.04,1.10,2.20,-0.23,-0.69,-2.18,-1.60,,-15.80,-11.80,-6.40,-7.30,-9.10,,,,,,,-5.50,-5.80,,-5.70,-5.20,-4.70,-5.53,,,,,,,,-2.60,-3.50,-3.60,-4.40,-3.80,,,,,-3.70,,-2.80,-2.40,1,-0.10,-0.20,,,-4.30,,,-3,,,1,0.30,0.30,2,-2.10,-1.30,
2008-12-28 05:50,-9.20,-11.44,-11.45,-11.96,-11.70,-6.77,-7.15,-8.80,-11.73,-10.35,-10.54,-9.88,-9.23,-12.63,-13.36,-12.21,-14.01,-8.81,-10.90,-13.92,-11.81,-9.54,-15.70,,-5.61,-6.12,-7.10,-8.84,-6.21,-8.50,-8.16,-6.82,-10.92,-10.34,-9.23,-9.85,-8.69,-10.69,-13.24,-13.87,-11.50,,-15.06,-8.88,-18.70,-6.88,-8,-8.37,-8.10,-8.61,-9.12,-6.74,-7.67,-6.95,-16.38,-11.84,-9.33,-9.60,-13.92,-9.73,-11.65,-13.30,-11.95,-12.27,-12.03,,-8.48,-11.10,-9.60,-17.10,-9.17,-7.24,-4.07,-7.41,-9.52,-3.23,-4.30,-6.17,-5.40,-4.55,-5.92,-5.70,-4.60,-6.99,-5.14,-5.82,-5.89,-5.10,-4.49,-5.34,-7.37,-4.74,-4.73,-4.90,-5.53,-5.40,-4.83,-4.62,-5.61,-4.25,-6.22,-6.81,-3.47,-3.98,-2.76,-4.12,-2.38,-2.50,-3.94,-3.17,-4.43,-2.75,0.10,-1.09,-3.81,-2.99,-3.80,-4.25,-3.60,-3.74,-2.50,-2.69,-2.11,-2.78,-0.11,1.01,2.30,-0.21,-0.64,-2.21,-1.60,,-15.90,-12,-6.50,-7.30,-9.10,,,,,,,-5.40,-5.90,,-5.60,-5.20,-4.70,-5.55,,,,,,,,-2.60,-3.50,-3.60,-4.30,-3.70,,,,,-3.60,,-2.80,-2.30,1,-0.10,-0.20,,,-4.30,,,-3,,,1,0.30,0.40,2,-2.10,-1.40,
2008-12-28 06:00,-8,-12,-11.49,-12,-12,-6.85,-7.18,-8.90,-11.73,-10.26,-11.30,-10.04,-9.26,-14,-13.42,-7,-14,-8.91,-11,-13.14,-11,-9.69,-15.89,-10,-6,-7,-7.15,-8.82,-6,-8,-9,-7,-10.66,-10,-9.15,-10,-8,-10,-12,-13,-12,-12,-16,-9,-18.70,-6.85,-7,-8.40,-5,-8.64,-9,-7,-7.73,-6.96,-16.18,-11,-9,-9,-14,-9.81,-11.64,-13,-12,-12.24,-12.11,,-8.15,-10.93,-9.40,-17.07,-9.18,-7.32,-4.10,-7.43,-9.56,-3.21,-4.40,-6.09,-5,-5,-7,-6,-4.79,-7,-5.17,-5.74,-6,-5.20,-4.50,-5.28,-7.34,-4.85,-5,-5,-5,-5.34,-4.79,-4.59,-5.55,-4.18,-6.15,-6.71,-3.58,-3.96,-3.06,-4.12,-2.50,-2.40,-3.90,-3.25,-4.17,-2.81,0.07,-1.16,-3.67,-2.95,-3.80,-4.26,-3.52,-3.97,-2.40,-2.81,-2.22,-2.92,-0.08,1.30,2,-0.36,-1.30,-2.13,-1.50,-9,-16,-12,-6.50,-7.30,-9,-7.10,-7,-8,-6,-5,-5.10,-5,-6,-5.40,-5.50,-5.20,-4.70,-5.50,,-4.20,-3,-3,-3.40,-2.70,-3.60,-2.60,-3.60,-3.60,-4.30,-3.70,-6.20,-5,-4.10,-3.20,-3.60,-2.40,-2.80,-2.40,1.10,-0.10,-0.20,-1.20,-3,-4.30,-1.90,,-3,0.90,0.50,1,0.40,0.50,2,-2.10,-1.20,-0.90
2008-12-28 06:10,-8.50,-11.59,-11.65,-11.92,-12,-6.56,-7.23,-8.90,-11.65,-10.37,-11.29,-10.19,-9.25,-13.67,-13.43,-12.07,-14.09,-8.67,-11.20,-13.65,-11.59,-9.80,-15.81,,-5.66,-6.21,-7.20,-8.82,-6.11,-8.40,-8.30,-6.74,-10.71,-10.99,-9.18,-9.68,-9.34,-10.57,-13.28,-13.91,-11.30,,-14.25,-8.85,-18.80,-6.85,-8.10,-8.44,-8,-8.70,-9.35,-6.73,-7.75,-6.95,-15.96,-11.98,-9.42,-9.80,-14.27,-9.80,-11.64,-13.30,-12.01,-12.08,-12.24,,-7.70,-11.11,-9.50,-17.13,-9.15,-7.45,-4.04,-7.43,-9.51,-3.30,-4.30,-6.02,-5.65,-4.45,-5.88,-5.62,-4.70,-7.07,-5.08,-5.70,-5.92,-5.20,-4.48,-5.19,-7.38,-4.91,-4.68,-4.90,-5.61,-5.37,-4.77,-4.57,-5.41,-4.05,-5.95,-6.57,-3.57,-3.96,-2.81,-4.03,-2.46,-2.40,-3.94,-3.21,-4,-2.74,0.10,-1.08,-3.62,-2.94,-3.80,-4.22,-3.44,-3.97,-2.30,-2.94,-2.20,-2.80,-0.07,1.08,2.20,-0.53,-1.01,-2.21,-1.50,,-15.50,-11.80,-6.60,-7.50,-9.10,,,,,,,-5.40,-5.90,,-5.50,-5.20,-4.70,-5.39,,,,,,,,-2.70,-3.50,-3.50,-4.30,-3.70,,,,,-3.60,,-2.80,-2.40,1.10,-0.10,-0.20,,,-4.30,,,-2.90,,,1,0.40,0.50,1.90,-2.10,-1.20,
2008-12-28 06:20,-8.40,-11.63,-11.84,-12.05,-12.30,-6.67,-7.25,-9,-11.82,-10.43,-10.71,-10.21,-9.26,-14,-13.24,-11.65,-14.23,-8.64,-11.30,-13.92,-11.67,-9.94,-16.32,,-5.62,-6.30,-7.23,-8.87,-6.09,-8.50,-8.36,-6.71,-10.68,-11.16,-9.28,-9.70,-9.41,-10.62,-13.65,-14.32,-11,,-14.71,-8.93,-19.50,-6.84,-8.10,-8.42,-8.09,-8.80,-9.33,-6.84,-7.80,-7.06,-15.71,-11.97,-9.52,-9.80,-14.55,-9.79,-11.46,-13.50,-12.04,-12.10,-12.44,,-7.12,-11.31,-9.70,-17.18,-8.98,-7.41,-4.05,-7.41,-9.55,-3.31,-4.40,-5.99,-5.60,-4.63,-5.91,-5.67,-4.74,-7.14,-5.19,-5.64,-5.93,-5.20,-4.48,-5.26,-7.31,-4.90,-4.79,-4.90,-5.24,-5.31,-4.72,-4.58,-5.44,-4.01,-5.99,-6.61,-3.52,-4.05,-2.93,-4.11,-2.58,-2.40,-3.98,-3.23,-3.95,-2.68,0.14,-1.03,-3.61,-2.89,-3.80,-4.19,-3.32,-3.84,-2.20,-2.88,-2.13,-2.74,-0.06,1.17,2.30,-0.53,-1.17,-2.16,-1.40,,-15.10,-11.60,-6.60,-7.40,-9,,,,,,,-5.50,-5.90,,-5.50,-5.20,-4.70,-5.44,,,,,,,,-2.70,-3.50,-3.50,-4.40,-3.60,,,,,-3.60,,-2.80,-2.30,1.10,-0.20,-0.30,,,-4.20,,,-2.90,,,1,0.30,0.40,2,-2.10,-1.20,
2008-12-28 06:30,-8.10,-11.76,-11.96,-12.17,-12.50,-6.81,-7.18,-9.20,-11.88,-10.41,-10.49,-10.17,-9.20,-14.21,-12.86,-11.60,-14.11,-8.79,-11.40,-13.46,-11.69,-9.85,-16.35,,-5.61,-6.26,-7.34,-8.94,-6.11,-8.60,-8.32,-6.75,-10.66,-11.05,-9.46,-9.74,-9.38,-10.69,-13.68,-14.25,-11.10,,-13.96,-9.24,-19.60,-6.74,-8.10,-8.39,-8.21,-8.91,-9.24,-6.88,-7.85,-7.11,-15.46,-12.35,-9.46,-9.80,-14.61,-9.71,-11.51,-13.60,-12.11,-12.08,-12.52,,-6.37,-11.24,-9.70,-16.98,-8.86,-7.48,-4.09,-7.49,-9.78,-3.38,-4.40,-6.05,-5.70,-4.53,-5.94,-5.76,-4.62,-7.15,-5.24,-5.64,-5.95,-5.30,-4.44,-5.42,-7.35,-5,-4.79,-4.90,-5.49,-5.37,-4.68,-4.56,-5.49,-4.04,-6.07,-6.53,-3.56,-4.19,-2.90,-4.10,-2.63,-2.50,-3.97,-3.28,-3.97,-2.71,0.08,-0.92,-3.43,-2.86,-3.80,-4.16,-3.31,-3.79,-2.20,-2.70,-2.10,-2.79,-0.10,1.17,2.20,-0.72,-1.16,-2.10,-1.40,,-15.30,-11.60,-6.60,-7.40,-9,,,,,,,-5.50,-6,,-5.50,-5.20,-4.60,-5.44,,,,,,,,-2.60,-3.50,-3.50,-4.30,-3.60,,,,,-3.60,,-2.80,-2.30,1.10,-0.20,-0.30,,,-4.20,,,-2.90,,,0.90,0.20,0.40,2,-2.10,-1.30,
2008-12-28 06:40,-7.60,-11.70,-12.03,-12.30,-12.40,-6.74,-7.28,-9.30,-11.68,-10.38,-10.65,-10.34,-9.06,-14.47,-12.73,-11.72,-14.30,-8.94,-11.50,-13.61,-11.62,-9.68,-16.75,,-5.56,-6.33,-7.35,-8.96,-6.17,-8.60,-8.36,-6.81,-10.52,-11.07,-9.65,-9.69,-9.36,-10.89,-13.50,-14.29,-11.10,,-14.29,-9.45,-19,-6.79,-8.10,-8.39,-8.09,-8.90,-9.35,-7.10,-7.84,-7.21,-15.44,-12.38,-9.29,-9.80,-14.87,-9.72,-11.69,-13.80,-12.19,-12.04,-12.53,,-5.61,-11.26,-9.70,-16.88,-8.75,-7.47,-4.11,-7.51,-9.88,-3.56,-4.50,-6.04,-5.60,-4.54,-5.91,-5.74,-4.65,-7.16,-5.28,-5.48,-6.04,-5.20,-4.47,-5.41,-7.45,-5,-4.78,-4.90,-5.31,-5.34,-4.61,-4.50,-5.49,-4.05,-5.98,-6.46,-3.56,-4.09,-2.94,-4.14,-2.61,-2.50,-3.99,-3.22,-3.78,-2.68,0.16,-0.95,-3.48,-2.81,-3.70,-4.24,-3.36,-3.75,-2.20,-2.82,-2.12,-2.58,-0.14,1.02,2.30,-0.96,-1.32,-2.14,-1.40,,-15,-11.60,-6.60,-7.40,-9.10,,,,,,,-5.50,-6.10,,-5.40,-5.20,-4.60,-5.40,,,,,,,,-2.70,-3.40,-3.50,-4.30,-3.60,,,,,-3.60,,-2.70,-2.30,1.10,-0.20,-0.30,,,-4.20,,,-2.90,,,0.90,0,0.40,2,-2.10,-1.40,
2008-12-28 06:50,-7.30,-11.74,-12.14,-12.37,-12.40,-6.81,-7.33,-9.30,-11.21,-10.33,-10.61,-10.29,-8.86,-14.70,-12.20,-11.68,-14.42,-8.95,-11.70,-13.39,-11.72,-9.48,-16.99,,-5.53,-6.35,-7.40,-9.06,-6.18,-8.60,-8.43,-6.84,-10.48,-11.08,-9.90,-9.71,-9.49,-11.02,-13.24,-14.64,-10.50,,-15.22,-9.54,-19,-6.86,-8.10,-8.36,-8.03,-8.83,-9.44,-7.20,-7.75,-7.20,-15.44,-11.76,-9.36,-9.80,-14.61,-9.60,-11.83,-13.60,-12.23,-11.82,-12.50,,-5.64,-11.38,-9.80,-16.92,-8.51,-7.26,-4.14,-7.47,-9.74,-3.60,-4.50,-5.99,-5.70,-4.55,-5.85,-5.63,-4.58,-7.20,-5.27,-5.44,-6.08,-5.20,-4.40,-5.29,-7.40,-4.97,-4.81,-4.90,-5.39,-5.43,-4.58,-4.43,-5.49,-4.05,-6.02,-6.45,-3.57,-4.13,-3.04,-4.23,-2.69,-2.50,-3.79,-3.21,-3.74,-2.61,0.11,-0.96,-3.61,-2.77,-3.70,-4.22,-3.40,-3.79,-2.10,-2.70,-2.01,-2.56,-0.01,1.16,2.30,-1.14,-1.48,-2.15,-1.40,,-15,-11.60,-6.60,-7.40,-9.10,,,,,,,-5.50,-6.20,,-5.50,-5.30,-4.60,-5.44,,,,,,,,-2.70,-3.40,-3.50,-4.20,-3.50,,,,,-3.60,,-2.70,-2.30,1,-0.20,-0.30,,,-4.20,,,-2.80,,,0.90,-0.10,0.40,1.90,-2.10,-1.30,
2008-12-28 07:00,-7.20,-11.46,-12.21,-12.30,-12.20,-6.86,-7.38,-9.40,-10.54,-10.34,-10.61,-10.25,-8.94,-14.78,-12.04,-11.73,-14.27,-8.89,-11.80,-13.34,-11.67,-9.49,-16.64,,-5.56,-6.37,-7.35,-9.08,-6.19,-8.60,-8.44,-6.85,-10.26,-11.05,-9.75,-9.77,-9.33,-11.11,-12.06,-14.71,-9.60,,-14.46,-9.57,-19.10,-6.88,-8.10,-8.38,-8.24,-8.80,-9.47,-7.10,-7.83,-7.21,-15.46,-11.43,-9.39,-9.80,-14.33,-9.59,-11.80,-13.30,-12.34,-11.58,-12.50,-15.07,-5.16,-11.54,-10,-16.93,-8.40,-7.26,-4.17,-7.58,-9.60,-3.43,-4.50,-6.05,-5.80,-4.48,-5.78,-5.59,-4.56,-7.18,-5.19,-5.23,-6.03,-5.20,-4.36,-5.28,-7.41,-4.96,-4.82,-4.90,-5.54,-5.33,-4.57,-4.36,-5.42,-3.98,-5.87,-6.43,-3.60,-4.14,-3.04,-4.30,-2.64,-2.50,-3.73,-3.22,-3.67,-2.68,0.13,-0.82,-3.47,-2.82,-3.70,-4.34,-3.27,-3.74,-2.10,-2.75,-2.02,-2.53,-0.12,1.20,2.30,-1.26,-1.49,-1.90,-1.20,-8.80,-14.70,-11.50,-6.50,-7.40,-9.20,-7.20,-7.50,-7.90,-5.80,-5,-5.20,-5.40,-6.20,-5.50,-5.50,-5.30,-4.50,-5.50,-4.70,-4.10,-3.40,-2.50,-3.40,-2.80,-3.60,-2.70,-3.40,-3.50,-4.20,-3.40,-7.40,-5.40,-4.70,-3.20,-3.70,-2.40,-2.70,-2.30,1.10,-0.30,-0.30,-1.20,-3,-4.20,-1.60,,-2.80,1,0.50,0.90,-0.20,0.40,2.10,-2.20,-1.30,-0.70
2008-12-28 07:10,-7.20,-11.28,-12.17,-12.39,-12.10,-6.77,-7.34,-9.30,-9.93,-10.18,-10.66,-10.32,-9.04,-14.81,-12.55,-11.84,-14.42,-8.78,-12,-13.49,-11.72,-9.50,-16.83,,-5.63,-6.39,-7.37,-9.14,-6.32,-8.60,-8.35,-6.90,-10.18,-10.82,-9.69,-9.77,-9.44,-11.13,-11.47,-14.50,-9.70,,-14.43,-9.45,-18.60,-6.87,-8.10,-8.42,-8.01,-8.77,-9.52,-7.09,-7.77,-7.21,-15.65,-11.44,-9.34,-9.70,-13.37,-9.66,-11.76,-13,-12.27,-11.21,-12.43,-14.99,-5.92,-11.75,-10.20,-16.89,-8.29,-7.26,-4.21,-7.54,-9.72,-3.68,-4.50,-6.07,-5.78,-4.47,-5.75,-5.53,-4.68,-7.20,-5.21,-5.28,-6.08,-5.10,-4.41,-5.32,-7.36,-4.90,-4.79,-4.90,-5.55,-5.30,-4.49,-4.41,-5.33,-3.99,-5.65,-6.43,-3.72,-4.14,-2.97,-4.39,-2.62,-2.50,-3.82,-3.18,-3.48,-2.69,0,-0.75,-3.55,-2.77,-3.50,-4.30,-3.18,-3.59,-2,-2.78,-2.03,-2.80,-0.05,1.12,2.30,-1.16,-1.55,-1.84,-1.20,,-14.50,-11.40,-6.50,-7.50,-9.10,,,,,,,-5.40,-6.20,,-5.60,-5.30,-4.60,-5.32,,,,,,,,-2.70,-3.30,-3.40,-4.20,-3.40,,,,,-3.70,,-2.60,-2.30,1.10,-0.30,-0.30,,,-4.10,,,-2.70,,,0.80,-0.10,0.40,2.10,-2.20,-1.30,
2008-12-28 07:20,-7.20,-10.93,-12.07,-12.51,-12.30,-6.52,-7.42,-9.20,-9.36,-10.09,-10.55,-10.44,-9.02,-14.79,-12.92,-11.93,-14.24,-8.85,-12,-12.63,-11.69,-9.32,-16.82,,-5.58,-6.37,-7.41,-9.21,-6.32,-8.70,-8.38,-6.83,-10.14,-10.70,-9.66,-9.70,-9.32,-11.45,-11.22,-14.66,-10.30,,-15.49,-9.40,-18.50,-6.83,-8,-8.40,-7.96,-8.77,-9.45,-7.07,-7.90,-7.12,-15.50,-11.94,-9.38,-9.60,-12.75,-9.54,-11.73,-12.90,-12.07,-10.88,-12.31,-14.98,-5.96,-11.73,-10,-16.85,-8.28,-7.12,-4.27,-7.60,-9.77,-3.62,-4.50,-6.09,-5.79,-4.37,-5.72,-5.40,-4.65,-7.21,-5.17,-5.18,-6.06,-5.20,-4.44,-5.33,-7.41,-5.01,-4.73,-4.90,-5.63,-5.33,-4.48,-4.39,-5.26,-3.99,-5.51,-6.42,-3.72,-4.16,-2.98,-4.41,-2.58,-2.40,-3.91,-3.11,-3.42,-2.67,0,-0.72,-3.62,-2.68,-3.60,-4.13,-3.24,-3.54,-2,-2.66,-1.92,-2.56,-0.03,1.10,2.30,-1.04,-1.53,-1.83,-1.20,,-14.20,-11,-6.40,-7.50,-9.10,,,,,,,-5.30,-6.10,,-5.50,-5.30,-4.60,-5.32,,,,,,,,-2.70,-3.30,-3.30,-4.20,-3.30,,,,,-3.60,,-2.60,-2.20,1.10,-0.30,-0.30,,,-4.10,,,-2.70,,,0.70,0,0.40,2.20,-2.10,-1.20,
2008-12-28 07:30,-7.20,-10.54,-12.11,-12.49,-12.10,-6.53,-7.49,-9.20,-8.98,,-10.49,-10.45,-9,-14.80,-13.17,-12.08,-13.85,-8.48,-12,-12.85,-11.48,-8.65,-16.88,,-5.60,-6.40,-7.32,-9.16,-6.35,-8.70,-8.45,-7.01,-9.93,-10.51,-9.61,-9.76,-9.16,-11.73,-11.30,-14.62,-9.80,,-14.81,-9.45,-18,-6.85,-8,-8.27,-8.15,-8.78,-9.36,-7.08,-7.99,-7.16,-14.91,-12.06,-9.38,-9.70,-12.19,-9.68,-11.67,-12.60,-11.85,-10.68,-12.17,-15.04,-5.27,-11.45,-9.70,-16.97,-8.29,-7.09,-4.30,-7.69,-9.83,-3.60,-4.50,-6.12,-5.76,-4.19,-5.71,-5.49,-4.47,-7.18,-5.14,-5.14,-6.20,-5.20,-4.46,-5.38,-7.33,-4.98,-4.74,-4.90,-5.67,-5.42,-4.42,-4.41,-5.37,-3.96,-5.47,-6.34,-3.61,-4.06,-2.93,-4.41,-2.59,-2.40,-3.76,-3.09,-3.41,-2.69,0,-0.73,-3.55,-2.72,-3.60,-4.16,-3.11,-3.58,-2,-2.73,-1.94,-2.68,-0.01,1.03,2.30,-0.81,-1.43,-1.82,-1.20,,-14.70,-10.60,-6.50,-7.50,-9,,,,,,,-5.30,-6,,-5.50,-5.30,-4.60,-5.36,,,,,,,,-2.70,-3.30,-3.30,-4.10,-3.30,,,,,-3.60,,-2.60,-2.20,1.10,-0.30,-0.30,,,-4.10,,,-2.60,,,0.70,0.20,0.40,2.30,-2,-1.20,
2008-12-28 07:40,-7.30,-10.42,-12.25,-12.31,-11.80,-6.58,-7.42,-9.10,-8.66,,-10.52,-10.45,-9,-14.92,-13.04,-12.18,-13.39,-8.34,-12,-13.30,-11.67,-8.23,-16.49,,-5.56,-6.37,-7.30,-9.08,-6.38,-8.60,-8.49,-6.91,-9.64,-10.32,-9.62,-9.81,-9.14,-11.61,-11.37,-14.33,-9.90,,-14.09,-9.41,-17.70,-6.85,-8,-8.27,-8.25,-8.74,-9.39,-7.09,-7.92,-7.05,-14.34,-11.81,-9.33,-9.60,-11.96,-9.67,-11.69,-12.20,-11.79,-10.44,-12.06,-14.77,-5.35,-11.30,-9.90,-16.86,-8.14,-7,-4.30,-7.63,-9.60,-3.57,-4.50,-6.22,-5.81,-4.24,-5.71,-5.60,-4.49,-7.14,-5.15,-5.08,-6.20,-5.10,-4.42,-5.36,-7.18,-5.12,-4.72,-4.90,-5.60,-5.45,-4.38,-4.27,-5.27,-3.87,-5.50,-6.38,-3.62,-3.99,-2.98,-4.42,-2.58,-2.40,-3.67,-3.04,-3.40,-2.74,-0.05,-0.81,-3.51,-2.68,-3.60,-4.10,-2.96,-3.50,-2,-2.82,-1.80,-2.67,-0.06,1.03,2.30,-0.73,-1.79,-1.83,-1.20,,-14.70,-10.60,-6.60,-7.50,-8.80,,,,,,,-5.20,-6,,-5.50,-5.30,-4.60,-5.27,,,,,,,,-2.70,-3.30,-3.30,-4.10,-3.30,,,,,-3.70,,-2.50,-2.20,1.10,-0.30,-0.40,,,-4,,,-2.70,,,0.70,0.30,0.30,2.40,-2,-1.20,
2008-12-28 07:50,-7.30,-10.32,-12.10,-12.14,-11.60,-6.58,-7.57,-9,-8.16,,-10.55,-10.43,-8.93,-14.61,-13.04,-12.09,-12.82,-8.29,-11.90,-13.63,-11.53,-7.63,-15.68,,-5.54,-6.39,-7.31,-9.04,-6.36,-8.70,-8.50,-6.89,-9.53,-10.27,-9.58,-9.72,-9.06,-11.64,-11.10,-14.17,-9.80,,-13.81,-9.35,-17.90,-6.77,-7.90,-8.28,-8.18,-8.66,-9.39,-7.02,-7.80,-7.03,-13.94,-11.46,-9.44,-9.50,-11.70,-9.46,-11.62,-11.80,-11.72,-10.19,-12.06,-14.58,-5.01,-11.22,-10.10,-16.49,-8.13,-7.08,-4.22,-7.62,-9.38,-3.57,-4.50,-6.06,-5.81,-4.05,-5.76,-5.50,-4.43,-7.19,-5.10,-5.07,-6.15,-5.10,-4.40,-5.40,-7.17,-5.11,-4.74,-4.80,-5.61,-5.39,-4.35,-4.26,-5.28,-3.72,-5.45,-6.33,-3.81,-3.97,-2.97,-4.45,-2.52,-2.40,-3.62,-3,-3.36,-2.70,-0.03,-0.79,-3.44,-2.65,-3.50,-4.01,-2.81,-3.25,-2,-2.74,-1.72,-2.68,-0.12,1.12,2.40,-0.62,-1.85,-1.72,-1.10,,-13.90,-10.60,-6.60,-7.40,-8.70,,,,,,,-5.10,-5.90,,-5.50,-5.30,-4.60,-5.21,,,,,,,,-2.70,-3.30,-3.20,-4.10,-3.20,,,,,-3.70,,-2.50,-2.10,1.20,-0.30,,,,-4,,,-2.60,,,0.60,0.30,0.30,2.50,-2,-0.90,
2008-12-28 08:00,-7.20,-10.22,-12.25,-11.93,-11.10,-6.51,-7.57,-8.80,-7.68,-9.31,-10.42,-10.35,-8.86,-14.35,-12.61,-11.96,-12.07,-8.36,-11.80,-13.11,-11.45,-7.74,-15.46,,-5.75,-6.36,-7.43,-9.06,-6.38,-8.70,-8.46,-6.83,-9.61,-10.53,-9.57,-9.59,-8.92,-11.51,-10.37,-14.10,-9.90,,-14.23,-9.22,-16.50,-6.71,-7.90,-8.25,-8.20,-8.63,-9.43,-6.98,-7.71,-7.01,-13.50,-11.24,-10.02,-9.40,-11.25,-9.32,-11.43,-11.60,-11.57,-10.05,-12.07,-13.87,-4.98,-11.16,-10.20,-16.34,-8.32,-6.99,-4.19,-7.53,-9.09,-3.62,-4.60,-6.03,-5.80,-4.13,-5.74,-5.50,-4.47,-7.28,-5.15,-5.07,-6.15,-5.10,-4.43,-5.49,-7.16,-5.07,-4.69,-4.90,-5.63,-5.42,-4.31,-4.19,-5.15,-3.66,-5.32,-6.24,-3.58,-4.01,-2.95,-4.46,-2.52,-2.40,-3.49,-2.93,-3.22,-2.71,0.04,-0.66,-3.50,-2.59,-3.50,-3.92,-2.81,-3.23,-2,-2.67,-1.63,-2.62,-0.13,1.09,2.40,-0.41,-1.84,-1.60,-1.10,-8.70,-13.30,-10.90,-6.50,-7.50,-8.70,-7,-6.40,-7.80,-5.80,-4.90,-5.10,-5,-5.90,-5.50,-5.40,-5.30,-4.50,-5.30,-4.40,-4.10,-3.40,-2.50,-3.50,-2.70,-3.60,-2.70,-3.30,-3.10,-4.10,-3.10,-7.20,-5.50,-5.80,-3.20,-3.70,-2.10,-2.50,-2,1.30,-0.30,-0.40,-1.30,-3,-3.90,-1.50,-3.90,-2.60,1,0.50,0.60,0.30,0.40,2.60,-1.90,-0.80,-0.40
2008-12-28 08:10,-7.10,-10.01,-12.26,-11.75,-10.70,-6.73,-7.53,-8.70,-7.08,-9.06,-10.54,-10.34,-8.93,-14.68,-11.67,-11.81,-11.73,-8.22,-11.80,-12.52,-11.45,-7.33,-15.10,,-5.64,-6.30,-7.73,-8.96,-6.39,-8.70,-8.43,-6.82,-9.65,-10.51,-9.49,-9.59,-8.88,-11.40,-10.08,-13.95,-9.90,,-14.66,-9.25,-15.90,-6.70,-7.90,-8.25,-8.06,-8.64,-9.20,-6.96,-7.70,-6.94,-13.07,-11.71,-10.42,-9.30,-10.67,-9.31,-11.22,-11.20,-11.39,-9.98,-11.98,-13.13,-5.06,-11.04,-10.20,-16.07,-8.36,-7.03,-4.23,-7.48,-8.89,-3.72,-4.60,-6.04,-5.80,-4.16,-5.80,-5.50,-4.46,-7.32,-5.05,-5.02,-6.17,-5.10,-4.44,-5.39,-7.17,-5.11,-4.72,-4.80,-5.56,-5.40,-4.25,-4.19,-5.10,-3.63,-5.30,-6.21,-3.55,-3.81,-2.88,-4.31,-2.52,-2.40,-3.40,-2.85,-3.19,-2.76,-0.06,-0.64,-3.56,-2.59,-3.50,-3.85,-2.74,-3.14,-2,-2.76,-1.48,-2.39,-0.06,1.15,2.50,-0.29,-1.77,-1.51,-1.10,,-12.70,-11.10,-6.50,-7.40,-8.50,,,,,,,-5,-5.90,,-5.40,-5.30,-4.50,-5.22,,,,,,,,-2.70,-3.30,-3.10,-4,-3,,,,,-3.70,,-2.40,-2,1.30,-0.30,-0.40,,,-3.90,,,-2.60,,,0.50,0.40,0.40,2.70,-1.90,-0.80,
2008-12-28 08:20,-7.10,-9.57,-12.17,-11.54,-10.30,-6.80,-7.59,-8.40,-6.69,-8.73,-10.65,-10.44,-8.79,-14.52,-11.26,-11.85,-11.26,-8.16,-11.80,-12.24,-11.28,-6.95,-14.68,,-5.55,-6.18,-7.88,-8.95,-6.38,-8.80,-8.42,-6.82,-9.41,-10.34,-9.56,-9.65,-8.85,-11.34,-10.55,-13.63,-10.70,,-14.37,-9.12,-15.30,-6.65,-7.90,-8.25,-7.91,-8.61,-9.18,-6.85,-7.80,-6.92,-12.45,-11.85,-10.18,-9.20,-10.60,-9.11,-10.73,-10.40,-11.33,-9.92,-12.03,-12.11,-5.12,-10.72,-10.10,-15,-8.38,-7.15,-4.27,-7.48,-8.65,-3.51,-4.70,-6.11,-5.90,-3.94,-5.84,-5.50,-4.28,-7.22,-5.05,-4.86,-6.14,-5.10,-4.47,-5.36,-7.18,-5.08,-4.58,-4.80,-5.60,-5.39,-4.18,-4.15,-5.02,-3.50,-5.26,-6.24,-3.63,-3.99,-2.97,-4.33,-2.54,-2.40,-3.45,-2.78,-3.03,-2.73,0.08,-0.48,-3.47,-2.57,-3.30,-3.84,-2.55,-2.91,-1.80,-2.65,-1.37,-2.37,0,1.34,2.50,-0.23,-1.60,-1.39,-1,,-11.60,-11.20,-6.50,-7.40,-8.60,,,,,,,-5,-6,,-5.30,-5.30,-4.50,-5.15,,,,,,,,-2.70,-3.30,-3,-4,-3,,,,,-3.60,,-2.40,-2,1.30,-0.30,-0.40,,,-3.90,,,-2.70,,,0.50,0.30,0.40,2.70,-1.90,-0.70,
2008-12-28 08:30,-7,-9.24,-11.32,-11.33,-10.20,-6.69,-7.52,-7.90,-6.28,-8.50,-10.58,-10.24,-8.61,-13.85,-10.80,-11.91,-11.77,-8.18,-11.80,-11.86,-11.24,-6.84,-14.33,,-5.57,-6.20,-7.89,-8.98,-6.38,-8.70,-8.36,-6.76,-9.31,-10.23,-9.68,-9.51,-8.62,-11.19,-11.01,-13.58,-10.30,,-15.32,-8.88,-14.80,-6.58,-7.80,-8.22,-7.97,-8.58,-9.15,-6.72,-7.72,-7.01,-11.95,-11.45,-9.70,-9.20,-9.85,-9.12,-10.46,-9.70,-11.22,-10.23,-12.17,-11.73,-5.15,-9.97,-10,-13.85,-8.65,-7.14,-4.33,-7.46,-8.56,-3.68,-4.70,-6.01,-5.90,-4,-5.87,-5.50,-4.19,-7.11,-5.04,-4.92,-5.93,-5,-4.40,-5.46,-7.03,-4.98,-4.57,-4.70,-5.43,-5.34,-4.14,-4.03,-4.88,-3.53,-5.01,-6.12,-3.67,-3.75,-2.92,-4.28,-2.44,-2.30,-3.26,-2.74,-2.91,-2.68,-0.08,-0.53,-3.50,-2.44,-3.20,-3.76,-2.47,-2.80,-1.80,-2.68,-1.38,-2.42,-0.09,1.33,2.60,-0.25,-1.11,-1.31,-1,,-12.50,-11.40,-6.40,-7.40,-8.50,,,,,,,-5,-5.90,,-5.20,-5.30,-4.40,-5.20,,,,,,,,-2.60,-3.30,-2.90,-3.90,-2.90,,,,,-3.60,,-2.30,-1.90,1.30,-0.30,-0.40,,,-3.80,,,-2.80,,,0.60,0.40,0.40,2.70,-1.80,-0.70,
2008-12-28 08:40,-7,-9.12,-10.68,-11.03,-9.40,-6.65,-7.53,-7.60,-5.95,-8.22,-10.61,-10.27,-8.46,-13.31,-10.08,-11.98,-12.30,-8.07,-12,-11.43,-11.15,-6.71,-14.15,,-5.64,-6.20,-7.78,-8.95,-6.26,-8.70,-8.29,-6.77,-9.35,-10.40,-9.67,-9.40,-8.60,-11.14,-10.59,-13.09,-9.70,,-14.98,-8.56,-14.20,-6.51,-8,-8.16,-8.31,-8.65,-9.06,-6.72,-7.74,-6.99,-11.62,-10.92,-9.53,-9.20,-9.70,-8.85,-10.31,-9.60,-11.30,-10.21,-12.33,-11.20,-5.20,-9.56,-10,-12.76,-8.75,-7.07,-4.20,-7.38,-8.40,-3.80,-4.80,-6.04,-5.90,-3.98,-5.82,-5.50,-4.27,-7.18,-5.02,-4.74,-6.07,-5,-4.55,-5.45,-6.95,-4.91,-4.63,-4.70,-5.25,-5.37,-4.04,-4,-4.86,-3.50,-5.04,-6.01,-3.75,-3.78,-2.91,-4.36,-2.45,-2.30,-3.25,-2.63,-3.05,-2.66,0.03,-0.55,-3.54,-2.40,-3.20,-3.65,-2.41,-2.85,-1.70,-2.68,-1.41,-2.44,-0.16,1.33,2.70,-0.12,-1.04,-1.43,-1,,-11.40,-11.30,-6.40,-7.30,-8.60,,,,,,,-5.10,-6,,-5.20,-5.20,-4.40,-5.12,,,,,,,,-2.60,-3.20,-2.90,-3.90,-2.80,,,,,-3.50,,-2.30,-1.90,1.30,-0.30,,,,-3.70,,,-2.70,,,0.60,0.60,0.40,2.70,-1.80,-0.70,
2008-12-28 08:50,-6.90,-8.73,-9.97,-10.70,-8.60,-6.58,-7.46,-7.50,-5.94,-8.09,-10.43,-10.16,-8.44,-13.29,-9.64,-11.87,-13.24,-7.95,-12,-10.40,-10.99,-6.15,-14.17,,-5.68,-6.16,-7.62,-8.82,-6.31,-8.70,-8.45,-6.60,-9.03,-10.46,-9.52,-9.47,-8.13,-10.96,-9.42,-12.59,-9.70,,-14.28,-8.26,-13.30,-6.53,-7.90,-8.19,-8.09,-8.56,-8.90,-6.71,-7.58,-6.96,-11.07,-10.68,-9.32,-9.10,-9.71,-9.18,-10.23,-10,-11.03,-10.31,-12.37,-10.72,-5.06,-8.81,-9.80,-12.09,-8.74,-6.93,-4.28,-7.42,-7.91,-3.60,-4.70,-6.04,-5.90,-3.76,-5.79,-5.50,-4.21,-7.18,-4.93,-4.71,-6.06,-5,-4.47,-5.48,-7.02,-4.93,-4.65,-4.70,-5.22,-5.33,-4.07,-3.89,-4.86,-3.48,-4.91,-5.98,-3.60,-3.92,-2.94,-4.33,-2.46,-2.30,-3.25,-2.55,-3.05,-2.56,0.19,-0.54,-3.38,-2.29,-3.10,-3.56,-2.31,-2.70,-1.60,-2.63,-1.35,-2.14,-0.13,1.33,2.70,-0.05,-1.04,-1.24,-1,,-10.70,-11.40,-6.30,-7.30,-8.50,,,,,,,-4.90,-6,,-5.20,-5.40,-4.40,-5.01,,,,,,,,-2.60,-3.20,-2.80,-3.90,-2.70,,,,,-3.40,,-2.20,-1.80,1.30,-0.30,-0.40,,,-3.50,,,-2.70,,,0.70,0.70,0.40,2.80,-1.70,-0.70,
2008-12-28 09:00,-7,-8.29,-9.57,-10.22,-8.50,-6.53,-7.34,-7.30,-6.01,-7.96,-10.47,-9.76,-8.24,-12.96,-9.42,-11.83,-13.30,-7.81,-11.80,-9.87,-10.92,-5.67,-14.27,,-5.68,-6.13,-7.50,-8.87,-6.19,-8.60,-8.50,-6.67,-8.53,-10.36,-9.37,-9.46,-8.11,-10.82,-8.72,-12.58,-9,,-15.63,-7.88,-12.90,-6.58,-7.90,-8.07,-8.09,-8.57,-8.86,-6.74,-7.54,-6.97,-10.85,-10.52,-9.15,-9,-9.52,-8.82,-10.03,-10.20,-10.93,-10.47,-12.31,-10.67,-4.89,-8.08,-9.70,-11.32,-8.83,-7.06,-4.28,-7.57,-7.31,-3.69,-4.70,-6.05,-5.90,-3.56,-5.76,-5.50,-4.02,-6.99,-4.88,-4.72,-6.02,-5,-4.46,-5.43,-6.86,-4.89,-4.66,-4.70,-5.18,-5.30,-4.06,-3.88,-4.64,-3.38,-4.73,-6.01,-3.49,-3.83,-2.88,-4.28,-2.52,-2.20,-3.16,-2.45,-3.02,-2.44,0.13,-0.51,-3.39,-2.22,-3.10,-3.43,-2.18,-2.60,-1.60,-2.65,-1.41,-2.10,-0.05,1.41,2.70,0.02,-0.84,-1.30,-0.90,-8.10,-10.10,-11.40,-6.20,-7.20,-8.60,-6.80,-5.20,-7.60,-5.70,-4.80,-5.20,-5,-5.90,-5.30,-5,-5.40,-4.40,-5.10,-3.90,-3.80,-3.20,-2.30,-3.50,-2.70,-3.50,-2.60,-3.20,-2.70,-3.90,-2.60,-5.70,-3.30,-5.70,-3,-3.30,-2,-2.10,-1.70,1.30,-0.20,-0.30,-1.20,-2.80,-3.30,-1.20,-3.30,-2.60,1,0.60,0.70,0.70,0.40,2.90,-1.60,-0.60,-0.10
2008-12-28 09:10,-7,-8.08,-9.14,-9.85,-9.50,-6.68,-7.37,-7.30,-5.98,-7.73,-10.33,-9.49,-8.40,-11.98,-9.87,-11.87,-12.95,-7.82,-11.70,-9.33,-10.58,-5.89,-14.20,,-5.75,-6.08,-7.42,-8.77,-6.13,-8.60,-8.41,-6.74,-8.19,-10.27,-9.37,-9.33,-8.17,-10.70,-8.62,-12.47,-9.10,,-13.94,-7.73,-12.70,-6.54,-7.80,-8.12,-7.92,-8.53,-9.02,-6.48,-7.50,-6.97,-10.31,-10.25,-8.87,-8.90,-9.29,-8.77,-9.55,-10,-10.39,-10.50,-12,-12.40,-4.58,-7.48,-9.60,-10.57,-8.78,-7.01,-4.19,-7.46,-7.07,-3.80,-4.70,-6.11,-6.05,-3.59,-5.76,-5.29,-4.09,-6.95,-4.92,-4.62,-6.04,-4.90,-4.44,-5.43,-6.92,-4.95,-4.76,-4.60,-5.27,-5.30,-3.95,-3.77,-4.67,-3.35,-4.69,-5.84,-3.52,-3.94,-2.71,-4.39,-2.42,-2.10,-3.11,-2.32,-2.92,-2.42,0.05,-0.43,-3.26,-2.31,-3,-3.32,-2.08,-2.46,-1.50,-2.47,-1.24,-2.23,0.01,1.48,2.80,0.07,-0.85,-1.27,-0.90,,-10,-11.10,-6.20,-7.30,-8.50,,,,,,,-4.80,-5.80,,-5,-5.40,-4.20,-4.91,,,,,,,,-2.60,-3.10,-2.60,-3.90,-2.70,,,,,-3.30,,-2.20,-1.70,1.30,-0.20,-0.30,,,-3.30,,,-2.50,,,0.90,0.80,0.50,2.90,-1.60,-0.60,
2008-12-28 09:20,-7,-7.63,-8.91,-9.79,-9.70,-6.56,-7.24,-7.20,-5.91,-7.88,-10.15,-9.36,-8.55,-11.77,-9.90,-11.90,-12.51,-8.08,-11.50,-9,-10.25,-5.94,-13.88,,-5.60,-6.06,-7.34,-8.67,-6.12,-8.60,-8.42,-6.73,-7.53,-10.21,-9.23,-9.22,-8.13,-10.37,-8.72,-12.37,-8.80,,-13.60,-7.65,-12.30,-6.68,-7.80,-8.07,-7.80,-8.46,-8.90,-6.47,-7.38,-6.87,-9.84,-9.99,-8.85,-8.80,-9.18,-8.95,-9.18,-10.10,-10.12,-10.51,-11.51,-12.70,-4.27,-6.97,-9.20,-9.94,-8.47,-7.06,-4.10,-7.33,-7.23,-3.49,-4.60,-6.09,-5.96,-3.59,-5.72,-5.20,-4.06,-6.95,-4.97,-4.68,-6.01,-5,-4.49,-5.37,-6.84,-4.89,-4.73,-4.60,-5.34,-5.38,-3.81,-3.74,-4.60,-3.30,-4.69,-5.77,-3.45,-3.91,-2.89,-4.46,-2.47,-2,-2.96,-2.35,-2.88,-2.22,0.04,-0.44,-3.11,-2.14,-2.90,-3.22,-1.93,-2.29,-1.50,-2.32,-1.28,-1.96,-0.03,1.53,2.90,0.06,-0.86,-1.21,-0.80,,-8.70,-10.30,-6.30,-7.30,-8.40,,,,,,,-4.70,-5.90,,-5,-5.30,-4.30,-4.85,,,,,,,,-2.60,-3.10,-2.60,-3.80,-2.50,,,,,-3.20,,-2.10,-1.60,1.30,-0.30,-0.30,,,-3.30,,,-2.40,,,1,0.80,0.60,2.90,-1.60,-0.50,
2008-12-28 09:30,-7,-7.56,-8.55,-9.63,-9.80,-6.37,-7.18,-6.90,-6.14,-7.98,-10.22,-9,-8.73,-11.31,-10.04,-11.48,-12.20,-7.86,-11.50,-9,-10.01,-5.85,-13.59,,-5.66,-6.11,-7.34,-8.75,-6.18,-8.70,-8.26,-6.70,-7.44,-10.21,-9.31,-8.75,-7.91,-9.85,-8.84,-12.24,-7.90,,-13.45,-7.53,-11.10,-6.74,-7.80,-8.09,-7.88,-8.40,-8.77,-6.49,-7.43,-6.85,-9.50,-9.78,-8.79,-8.80,-8.89,-8.88,-9,-10.40,-9.75,-10.44,-11.34,-13.06,-3.95,-6.52,-8.90,-8.99,-7.29,-7.18,-4.13,-7.42,-7.06,-3.45,-4.60,-5.93,-5.87,-3.90,-5.59,-5.16,-3.94,-6.86,-5.07,-4.64,-6.03,-4.90,-4.38,-5.37,-6.69,-4.78,-4.71,-4.60,-5.32,-5.31,-3.83,-3.65,-4.53,-3.19,-4.64,-5.76,-3.39,-3.99,-2.82,-4.27,-2.50,-2,-2.88,-2.24,-2.82,-2.15,0.05,-0.44,-3.16,-2.09,-2.90,-3.15,-1.81,-2.07,-1.50,-2.23,-1.18,-1.92,0.20,1.58,2.90,0.06,-0.84,-1.19,-0.80,,-9.20,-10.60,-6.30,-7.20,-8.30,,,,,,,-4.60,-6,,-4.90,-5.40,-4.20,-4.98,,,,,,,,-2.60,-3.10,-2.50,-3.80,-2.50,,,,,-2.90,,-2,-1.60,1.30,-0.40,-0.30,,,-3.10,,,-2.40,,,1.10,0.90,0.60,3,-1.50,-0.40,
2008-12-28 09:40,-6.80,-7.59,-8.24,-9.36,-9.70,-6.48,-7.21,-6.40,-6.50,-7.76,-10.31,-8.88,-8.59,-10.45,-10.10,-11.37,-12.02,-7.71,-11.60,-10.23,-10.12,-6.03,-13.21,,-5.47,-6.07,-7.18,-8.67,-6.10,-8.80,-8.30,-6.62,-7.54,-10.05,-9.05,-8.49,-7.81,-9.01,-8.16,-11.86,-8.30,,-14.66,-7.14,-9.90,-6.89,-7.80,-8.10,-7.80,-8.45,-8.79,-6.41,-7.43,-6.78,-9.22,-9.67,-8.72,-8.70,-8.98,-8.55,-8.78,-10.30,-9.72,-10.42,-11.26,-13.14,-3.69,-6.80,-8.40,-8.86,-6.56,-7,-4.14,-7.55,-6.59,-3.67,-4.70,-5.88,-5.89,-3.96,-5.47,-5.05,-4.04,-6.91,-4.91,-4.47,-6.05,-5,-4.52,-5.36,-6.61,-4.64,-4.58,-4.50,-5.31,-5.15,-3.76,-3.65,-4.56,-3.17,-4.53,-5.78,-3.29,-3.92,-2.89,-4.34,-2.49,-1.90,-2.88,-2.22,-2.75,-2.11,0,-0.34,-3.19,-1.97,-2.80,-3.15,-1.72,-2.02,-1.40,-2.28,-1.09,-1.89,0.22,1.69,2.90,0.20,-0.65,-1.13,-0.80,,-9.10,-10.20,-6.20,-7.20,-8.30,,,,,,,-4.70,-5.70,,-4.80,-5.40,-4.20,-5.01,,,,,,,,-2.50,-3,-2.50,-3.70,-2.50,,,,,-2.80,,-2,-1.60,1.40,-0.40,-0.30,,,-3,,,-2.30,,,1.20,1,0.70,3.10,-1.50,-0.30,
2008-12-28 09:50,-6.70,-7.50,-8.11,-8.96,-9.40,-6.09,-7.12,-6.30,-7.46,-7.13,-10.22,-9.10,-8.35,-9.85,-10.02,-11.09,-11.79,-7.63,-11.30,-10.01,-9.61,-6.46,-12.56,,-5.64,-6.13,-7.11,-8.73,-6.04,-8.80,-8.36,-6.68,-7.44,-10.07,-9,-8.07,-7.81,-8.51,-7.89,-11.29,-8.10,,-14,-6.80,-9.70,-6.91,-7.70,-8.08,-7.97,-8.50,-8.94,-6.37,-7.34,-6.78,-9.05,-9.61,-8.67,-8.50,-9.05,-8.55,-8.66,-10.10,-9.50,-10.47,-11.18,-13.04,-3.49,-6.57,-8.10,-8.22,-6.33,-6.83,-4.04,-7.61,-6,-3.70,-4.60,-5.81,-5.98,-3.71,-5.47,-4.94,-3.96,-6.87,-4.79,-4.42,-6.02,-4.90,-4.46,-5.46,-6.53,-4.65,-4.49,-4.40,-5.36,-5.28,-3.78,-3.59,-4.61,-3.07,-4.42,-5.80,-3.50,-3.75,-2.85,-4.40,-2.44,-1.80,-2.91,-2.27,-2.74,-2.01,0.03,-0.33,-3.07,-2.03,-2.60,-2.99,-1.63,-1.79,-1.30,-2.32,-1.05,-1.75,0.18,1.75,2.90,0.26,-0.53,-0.98,-0.70,,-8.10,-9.90,-6.10,-7.20,-8.40,,,,,,,-4.60,-5.70,,-4.80,-5.40,-4.20,-5.06,,,,,,,,-2.50,-3.10,-2.40,-3.70,-2.40,,,,,-2.80,,-2.10,-1.60,1.40,-0.40,-0.30,,,-2.90,,,-2.30,,,1.40,1,0.70,3,-1.40,-0.20,
2008-12-28 10:00,-6.60,-7.19,-8.32,-8.61,-9.41,-6.31,-7.19,-6.10,-7.58,-6.78,-9.92,-8.78,-8.36,-9.50,-9.99,-10.74,-11.12,-7.10,-11.40,-9.48,-8.01,-6.75,-12.52,,-5.55,-6.29,-6.99,-8.75,-6.03,-8.80,-8.25,-6.54,-7.65,-9.98,-9.02,-7.86,-7.60,-8.24,-7.41,-10.86,-7.90,,-13.24,-6.59,-8.80,-6.84,-7.90,-8.04,-8.10,-8.48,-8.76,-6.39,-7.33,-6.72,-8.97,-9.35,-8.74,-8.50,-8.83,-8.51,-8.26,-9.30,-9.43,-10.42,-11.15,-12.75,-3.20,-6.06,-7.80,-7.43,-5.56,-6.58,-4.07,-7.56,-5.73,-3.68,-4.60,-5.68,-5.90,-3.58,-5.65,-4.92,-3.97,-6.89,-4.74,-4.40,-5.92,-4.90,-4.51,-5.48,-6.53,-4.64,-4.51,-4.30,-5.07,-5.20,-3.82,-3.49,-4.57,-3.04,-4.45,-5.78,-3.51,-3.74,-2.76,-4.26,-2.38,-1.80,-2.80,-2.17,-2.64,-1.92,0.11,-0.21,-2.88,-2.02,-2.40,-2.85,-1.49,-1.61,-1.20,-2.14,-0.80,-1.76,0.29,1.71,2.90,0.30,-0.64,-0.94,-0.70,-7.70,-8.30,-10.50,-6.10,-7.20,-8.30,-6.50,-4.30,-6.90,-5.40,-4.60,-5,-4.70,-5.70,-5.20,-4.80,-5.40,-4.20,-5.20,,-3.60,-3.10,-2.20,-3.40,-2.70,-3.50,-2.50,-3,-2.30,-3.50,-2.30,-4.10,-2.80,-5,-3,-2.60,-1.70,-2,-1.60,1.50,-0.40,-0.30,,-2.40,-2.80,-0.90,-2.70,-2.20,1.20,0.80,1.50,1.20,0.80,3,-1.30,-0.10,-0.10
2008-12-28 10:10,-6.60,-7.05,-8.15,-8.29,-9.30,-6.34,-7,-6.30,-7.80,-6.46,-9.87,-8.77,-8.14,-8.96,-9.71,-10.39,-10.87,-7.15,-11.30,-8.38,-7.50,-7.23,-12.57,,-5.58,-6.13,-6.90,-8.78,-6.15,-8.80,-8.15,-6.51,-7.91,-9.88,-8.85,-7.75,-7.44,-7.83,-7.74,-10.05,-8.20,,-13.50,-6.52,-8.60,-6.91,-7.90,-8.09,-8.05,-8.29,-8.55,-6.40,-7.36,-6.72,-8.90,-9.21,-8.69,-8.30,-8.72,-8.64,-7.97,-8.50,-9.19,-10.34,-11.07,-12.42,-3.16,-6.03,-7.20,-6.71,-5.40,-5.89,-4.03,-7.43,-5.55,-3.79,-4.60,-5.54,-5.80,-3.75,-5.53,-4.96,-3.93,-6.80,-4.87,-4.42,-5.87,-5,-4.58,-5.48,-6.45,-4.75,-4.55,-4.30,-5.20,-5.24,-3.79,-3.50,-4.54,-2.95,-4.46,-5.69,-3.21,-3.78,-2.68,-4.21,-2.38,-1.70,-2.80,-2.04,-2.25,-1.89,0.17,-0.12,-2.85,-2.02,-2.30,-2.76,-1.31,-1.56,-1.20,-2.18,-0.63,-1.83,0.38,1.71,3,0.23,-0.52,-0.92,-0.60,,-8.30,-10.60,-6.10,-7.30,-8.30,,,,,,,-4.70,-5.70,,-4.80,-5.40,-4.10,-5.05,,,,,,,,-2.50,-3,-2.30,-3.40,-2.30,,,,,-2.60,,-2,-1.50,1.50,-0.40,-0.30,,,-2.80,,,-2.10,,,1.60,1.10,1,3,-1.30,-0.10,
2008-12-28 10:20,-6.50,-6.75,-7.66,-8.02,-9.20,-6.22,-6.96,-5.90,-8,-6.51,-9.64,-8.75,-7.99,-8.53,-9.41,-10.16,-9.92,-7.05,-11.10,-8.07,-6.42,-6.78,-12.44,,-5.64,-6.08,-6.92,-8.74,-6.14,-8.60,-7.99,-6.53,-7.80,-9.71,-8.71,-7.66,-7.23,-7.58,-7.48,-9.59,-8.20,,-14.66,-6.46,-9.10,-6.95,-7.80,-8.14,-7.82,-8.29,-8.15,-6.39,-7.36,-6.75,-8.94,-9.07,-8.65,-8.50,-8.50,-8.53,-7.73,-7.70,-9.08,-10.21,-10.90,-12.28,-3.43,-5.67,-6.80,-6.14,-5.11,-5.26,-3.89,-7.40,-5.29,-3.75,-4.60,-5.54,-5.80,-3.75,-5.60,-4.86,-3.90,-6.88,-4.83,-4.37,-5.86,-5,-4.48,-5.42,-6.48,-4.54,-4.54,-4.30,-5.28,-5.27,-3.72,-3.30,-4.46,-2.86,-4.28,-5.65,-3.33,-3.82,-2.66,-4.21,-2.49,-1.60,-2.74,-1.83,-2.13,-1.81,0.19,-0.05,-2.77,-1.89,-2.40,-2.63,-1.25,-1.48,-1,-2.09,-0.57,-1.72,0.38,1.92,3.10,0.19,-0.34,-0.82,-0.60,,-8,-10.80,-6.10,-7.20,-8.10,,,,,,,-4.80,-5.60,,-4.70,-5.40,-4,-4.98,,,,,,,,-2.50,-3,-2.20,-3.30,-2.30,,,,,-2.60,,-2,-1.50,1.60,-0.40,-0.20,,,-2.70,,,-1.90,,,1.70,1.10,1.10,3.10,-1.30,0,
2008-12-28 10:30,-6.50,-6.26,-7.25,-7.80,-9,-6.16,-6.88,-5.30,-8.05,-6.40,-9.37,-8.69,-7.55,-8.45,-9.37,-10.23,-9.19,-6.80,-10.90,-8.19,-5.65,-6.32,-11.88,,-5.64,-6.14,-6.68,-8.56,-6.07,-8.40,-8.05,-6.43,-7.60,-9.66,-8.79,-7.87,-6.77,-7.48,-7.25,-8.88,-8,,-13.42,-6.55,-9,-6.87,-7.70,-8.17,-7.79,-8.36,-8.17,-6.40,-7.31,-6.66,-8.96,-9.21,-8.60,-8.50,-8.44,-8.32,-7.59,-7.30,-8.49,-10.26,-10.87,-12.18,-2.83,-5.31,-6.40,-5.53,-5.03,-5.01,-3.81,-7.42,-5.34,-3.65,-4.60,-5.36,-5.70,-3.55,-5.57,-4.76,-4,-6.92,-4.77,-4.27,-5.90,-5,-4.45,-5.48,-6.73,-4.44,-4.50,-4.20,-5.02,-5.21,-3.67,-3.38,-4.39,-2.83,-4.26,-5.65,-3.39,-3.77,-2.65,-4.15,-2.39,-1.60,-2.64,-1.85,-2.06,-1.68,0.09,0.14,-2.60,-1.85,-2.30,-2.58,-1.07,-1.38,-0.90,-1.72,-0.58,-1.62,0.48,2,3.20,0.26,-0.28,-0.78,-0.60,,-7.90,-10.60,-6.30,-7.10,-8.20,,,,,,,-4.70,-5.50,,-4.60,-5.30,-4,-4.99,,,,,,,,-2.50,-3,-2.20,-3.20,-2.30,,,,,-2.30,,-1.90,-1.50,1.60,-0.40,-0.30,,,-2.50,,,-1.90,,,1.70,1.40,1.10,3.10,-1.30,0.10,
2008-12-28 10:40,-6.50,-6.51,-7.18,-7.59,-8.70,-6.17,-6.79,-5.40,-8.44,-6.24,-9.22,-8.60,-7.24,-8.65,-9.27,-10.36,-9.07,-7.02,-10.80,-8.54,-5.69,-6.68,-11.79,,-5.58,-6.20,-6.83,-8.64,-5.98,-8.40,-8.06,-6.35,-7.46,-9.72,-8.71,-7.13,-6.70,-7.62,-7.05,-8.74,-7.70,,-14.21,-6.30,-9.30,-6.88,-7.80,-8.20,-7.79,-8.38,-8.42,-6.35,-7.30,-6.64,-8.91,-9.13,-8.45,-8.40,-8.39,-8.23,-7.37,-8,-7.93,-10.16,-10.64,-11.87,-2.78,-5.04,-6.30,-5.36,-4.98,-5.38,-3.79,-7.20,-4.73,-3.70,-4.50,-5.24,-5.70,-3.57,-5.48,-4.90,-4.02,-6.83,-4.84,-4.24,-5.93,-5,-4.43,-5.50,-6.42,-4.49,-4.39,-4,-4.92,-5.17,-3.62,-3.43,-4.39,-2.84,-4.21,-5.52,-3.31,-3.75,-2.66,-4.10,-2.42,-1.50,-2.46,-1.83,-1.96,-1.64,0.22,0.16,-2.59,-1.77,-2.30,-2.53,-1.02,-1.09,-0.80,-1.76,-0.49,-1.82,0.42,2.13,3.30,0.29,-0.11,-0.86,-0.60,,-7.30,-10.80,-6.20,-7.20,-8.40,,,,,,,-4.60,-5.60,,-4.60,-5.40,-3.90,-5.03,,,,,,,,-2.50,-2.90,-2,-3.20,-2.30,,,,,-2.20,,-1.90,-1.40,1.60,-0.40,-0.30,,,-2.50,,,-1.80,,,2,1.40,1.10,3.20,-1.30,0.20,
2008-12-28 10:50,-6.50,-6.62,-7.45,-7.41,-7.60,-6.21,-6.84,-5.70,-8.17,-5.81,-9.10,-8.38,-7.04,-8.58,-8.95,-10.38,-9.61,-6.68,-10.70,-7.52,-5.88,-7.23,-11.29,,-5.50,-6.17,-6.92,-8.58,-5.95,-8.30,-7.98,-6.33,-7.04,-9.98,-8.46,-7.33,-6.77,-7.06,-6.30,-8.38,-8.10,,-15.26,-5.91,-8.80,-6.95,-7.80,-8.23,-7.70,-8.31,-8.34,-6.24,-7.41,-6.61,-8.81,-9.01,-8.48,-8.30,-8.34,-8.03,-7.25,-8.40,-7.72,-10.11,-10.34,-11.73,-2.81,-4.85,-6.60,-4.96,-4.78,-5.68,-3.84,-6.92,-4.32,-3.75,-4.50,-5.24,-5.80,-3.76,-5.39,-4.78,-3.94,-6.73,-4.82,-4.17,-5.97,-5,-4.45,-5.51,-6.74,-4.56,-4.37,-4,-5.02,-5.12,-3.65,-3.46,-4.21,-2.84,-4.25,-5.52,-3.16,-3.76,-2.65,-4.11,-2.50,-1.40,-2.57,-1.84,-1.82,-1.65,0.25,0.11,-2.57,-1.71,-2.30,-2.37,-0.91,-1.13,-0.70,-1.76,-0.48,-1.48,0.35,2.27,3.40,0.33,-0.01,-0.80,-0.60,,-7.50,-10.90,-6.10,-7.10,-8.20,,,,,,,-4.80,-5.50,,-4.60,-5.30,-3.90,-4.87,,,,,,,,-2.60,-2.80,-2,-3.30,-2.30,,,,,-2.10,,-1.90,-1.40,1.60,-0.40,-0.30,,,-2.40,,,-1.90,,,2.40,1.50,1,3.30,-1.30,0.20,
2008-12-28 11:00,-6.30,-6.70,-7.10,-7.18,-6.50,-6.33,-6.63,-5.20,-8,-5.64,-9.35,-7.29,-6.99,-8.50,-8.68,-10.26,-10.53,-6.47,-10.20,-7.44,-5.12,-6.51,-11.29,,-5.47,-6.21,-6.89,-8.48,-6.04,-8.20,-7.96,-6.23,-5.97,-10.13,-8.59,-8.21,-6.52,-6.94,-6.36,-8.30,-8.20,,-14.18,-5.81,-8.70,-6.97,-7.80,-8.15,-7.54,-8.31,-8.15,-6.20,-7.45,-6.67,-8.85,-9.02,-8.39,-8.30,-8.30,-8.07,-6.96,-8.40,-7.82,-10.03,-10.62,-11.38,-2.46,-4.41,-6.70,-4.21,-4.85,-5.51,-3.89,-6.83,-4.49,-3.70,-4.50,-5.04,-6,-3.73,-5.36,-4.76,-3.86,-6.74,-4.74,-4.12,-5.81,-5,-4.43,-5.54,-6.58,-4.44,-4.35,-3.90,-5.10,-5.10,-3.65,-3.32,-4.23,-2.84,-4.31,-5.54,-3.18,-3.74,-2.65,-4.08,-2.48,-1.40,-2.69,-1.84,-1.82,-1.61,0.23,0.23,-2.58,-1.64,-2.30,-2.50,-0.93,-0.88,-0.60,-1.70,-0.44,-1.54,0.37,2.59,3.40,0.46,0.11,-0.64,-0.60,-7.10,-7.50,-11,-6.10,-7.20,-8.30,-6.30,-3.20,-6.60,-5.40,-4.60,-4.70,-4.90,-5.50,-5.20,-4.50,-5.30,-3.90,-5.10,-3.30,-3.30,-3.30,-2.20,-3.40,-2.70,-3.40,-2.60,-2.90,-2,-3.20,-2.20,-2.50,-1.90,-3.50,-2.90,-1.70,-1.50,-1.80,-1.40,1.40,-0.40,-0.30,-0.80,-2.10,-2.20,-0.30,,-1.90,1.20,0.90,2.90,1.50,1,3.30,-1.10,0.30,-0.50
2008-12-28 11:10,-6.30,-6.48,-7.11,-6.99,-5.70,-6.34,-6.19,-4.50,-7.62,-5.68,-9.36,-7.05,-6.69,-8.04,-8.38,-9.87,-10.56,-6.73,-10.40,-6.52,-5.02,-5.93,-11.34,,-5.32,-6.23,-6.61,-8.55,-6,-8,-7.91,-6.20,-5.34,-10.12,-8.07,-8.06,-6.56,-6.92,-5.57,-8.11,-8.30,,-13.66,-5.81,-8.40,-6.97,-8,-8.06,-7.66,-8.28,-8.08,-6.17,-7.51,-6.65,-8.76,-9.03,-8.29,-8.40,-8.29,-8.06,-6.53,-8.10,-7.48,-9.98,-11.02,-10.80,-2.79,-4.36,-6.20,-3.94,-4.47,-5.36,-3.90,-6.70,-4.23,-3.59,-4.50,-5.04,-5.79,-3.58,-5.37,-4.90,-4.01,-6.83,-4.82,-4.08,-5.78,-5,-4.51,-5.54,-6.50,-4.39,-4.22,-4,-4.98,-5.11,-3.72,-3.25,-4.23,-2.88,-4.22,-5.50,-3.12,-3.77,-2.63,-4.01,-2.43,-1.50,-2.69,-1.86,-1.72,-1.52,0.19,0.35,-2.65,-1.56,-2.10,-2.35,-0.90,-0.99,-0.60,-1.76,-0.37,-1.46,0.26,2.86,3.40,0.48,0.51,-0.63,-0.70,,-7.20,-10.10,-6.10,-7.10,-8.10,,,,,,,-4.70,-5.50,,-4.50,-5.30,-3.70,-4.81,,,,,,,,-2.60,-2.80,-1.90,-3.20,-2.20,,,,,-1.70,,-1.70,-1.40,1.50,-0.40,-0.30,,,-2.20,,,-1.80,,,3.20,1.50,1.10,3.30,-1.10,0.30,
2008-12-28 11:20,-6.20,-6.28,-7.53,-6.83,-5.30,-6.36,-6.27,-4.80,-7.54,-5.50,-9.28,-6.89,-6.82,-7.11,-8.30,-9.44,-10.35,-6.68,-10.60,-6.09,-5.10,-5.39,-11.23,,-5.32,-6.25,-6.58,-8.47,-5.94,-8,-7.94,-6.28,-5.09,-10.16,-7.30,-8.24,-5.94,-6.30,-5.11,-7.99,-8,,-13.80,-6.12,-7.20,-7.05,-7.90,-8.11,-7.54,-8.33,-8.14,-6.12,-7.30,-6.65,-8.81,-9.11,-8.27,-8.70,-8.18,-7.94,-6.14,-8.50,-7.45,-10,-11.20,-10.45,-2.81,-4.04,-5.80,-3.40,-4.32,-5.29,-3.68,-6.55,-4.44,-3.62,-4.40,-5.06,-5.80,-3.50,-5.39,-4.80,-3.90,-6.63,-4.85,-4.06,-5.82,-5,-4.48,-5.55,-6.43,-4.33,-4.29,-3.90,-4.80,-5.11,-3.61,-3.30,-4.20,-2.81,-4.16,-5.37,-2.91,-3.71,-2.44,-4.09,-2.47,-1.60,-2.55,-1.90,-1.67,-1.50,0.10,0.40,-2.65,-1.61,-2,-2.07,-0.82,-0.96,-0.50,-1.75,-0.28,-1.37,0.47,3.04,3.40,0.45,0.57,-0.62,-0.60,,-7.10,-9.60,-6.10,-7,-8.20,,,,,,,-4.80,-5.40,,-4.30,-5.20,-3.80,-4.83,,,,,,,,-2.60,-2.80,-1.90,-3.10,-2.10,,,,,-1.90,,-1.60,-1.40,1.50,-0.50,-0.30,,,-2.20,,,-1.70,,,3.10,1.70,1.10,3.40,-1,0.30,
2008-12-28 11:30,-6.10,-6.23,-7.94,-6.70,-4.80,-6.24,-6.36,-5,-7.36,-5.23,-8.97,-7.54,-7,-7.37,-8.39,-9.53,-10.81,-6.65,-10.60,-6.07,-5.22,-5.50,-10.54,,-5.39,-6.34,-6.54,-8.47,-5.91,-8.10,-8.10,-6.02,-4.87,-10.23,-7.36,-8.18,-5.73,-6.26,-5,-7.73,-7.70,,-12.92,-6.05,-6.70,-6.99,-7.80,-8.15,-7.58,-8.30,-8.07,-6.08,-7.30,-6.60,-8.84,-8.97,-8.29,-8.50,-8.18,-7.73,-6.12,-9,-7.68,-9.88,-11.08,-10.46,-2.38,-3.93,-5.70,-2.92,-4.30,-5.33,-3.65,-6.59,-4.45,-3.68,-4.50,-5.24,-5.75,-3.58,-5.36,-4.90,-4,-6.72,-4.82,-4.02,-5.77,-5,-4.40,-5.52,-6.52,-4.24,-4.32,-3.90,-4.74,-5.07,-3.64,-3.24,-4.15,-2.78,-4.11,-5.25,-2.66,-3.64,-2.49,-4.08,-2.46,-1.50,-2.61,-1.78,-1.59,-1.51,0.18,0.33,-2.57,-1.61,-2,-1.99,-0.85,-0.63,-0.40,-1.56,-0.26,-1.48,0.61,3.08,3.30,0.42,0.71,-0.50,-0.60,,-6.80,-9.50,-6.20,-7.20,-8.10,,,,,,,-4.70,-5.50,,-4.40,-5.20,-3.70,-4.90,,,,,,,,-2.60,-2.80,-1.80,-3.10,-2.10,,,,,-1.60,,-1.60,-1.40,1.40,-0.50,-0.30,,,-2,,,-1.70,,,3.30,1.80,1.20,3.50,-1,0.30,
2008-12-28 11:40,-6,-6.19,-8.17,-6.90,-4.60,-6.12,-6.15,-4.60,-7.50,-5.16,-8.90,-7.98,-6.88,-6.49,-8.10,-9.19,-10.45,-6.58,-10.50,-6.14,-4.84,-4.77,-10.22,,-5.54,-6.33,-6.47,-8.33,-6.02,-7.70,-8.19,-6,-4.93,-10.06,-7.74,-8.11,-5.60,-5.89,-4.65,-7.03,-7.90,,-12.53,-6.16,-7.20,-6.91,-7.80,-8.13,-7.73,-8.36,-7.99,-5.94,-7.23,-6.61,-8.73,-8.99,-8.41,-8.50,-7.97,-7.71,-6.04,-8.90,-7.61,-9.73,-10.99,-10.85,-2.28,-4.23,-5.40,-2.99,-4.38,-5.16,-3.63,-6.19,-4.39,-3.67,-4.40,-5.23,-5.81,-3.42,-5.42,-4.90,-4.03,-6.70,-4.83,-3.97,-5.82,-4.90,-4.44,-5.41,-6.53,-4.10,-4.26,-3.90,-4.90,-4.97,-3.65,-3.15,-4.07,-2.72,-4.06,-5.19,-2.68,-3.70,-2.51,-4.03,-2.43,-1.50,-2.46,-1.77,-1.68,-1.45,0.24,0.35,-2.42,-1.49,-1.90,-2.01,-0.83,-0.46,-0.40,-1.44,-0.14,-1.59,0.63,3,3.30,0.53,0.59,-0.48,-0.70,,-6.70,-9.50,-6.20,-7.10,-8.30,,,,,,,-4.60,-5.40,,-4.30,-5.20,-3.90,-4.90,,,,,,,,-2.50,-2.70,-1.80,-3.20,-2.10,,,,,-1.50,,-1.60,-1.40,1.30,-0.50,-0.30,,,-2,,,-1.70,,,3.50,1.90,1.30,3.60,-1,0.30,
2008-12-28 11:50,-6,-6.18,-8.25,-7,-7,-6.19,-6.13,-4.70,-8.06,-4.91,-8.89,-7.77,-6.76,-6.60,-7.83,-8.84,-9.61,-6.89,-10.30,-5.28,-4.76,-4.44,-10.03,,-5.44,-6.23,-6.45,-8.09,-6.09,-7.20,-7.92,-5.96,-5.22,-9.99,-8.04,-8.08,-5.76,-6.28,-4.71,-6.84,-8.10,,-12.36,-6.17,-7.60,-6.83,-7.80,-8.14,-7.78,-8.33,-7.95,-5.85,-7.24,-6.72,-8.69,-8.89,-8.45,-8.70,-7.89,-7.68,-5.98,-9,-7.44,-9.71,-10.88,-10.86,-2.55,-3.88,-4.60,-2.82,-4.14,-4.81,-3.62,-5.44,-4.60,-3.75,-4.40,-5.29,-5.75,-3.65,-5.38,-4.80,-3.86,-6.68,-4.79,-3.95,-5.76,-4.90,-4.44,-5.48,-6.38,-4.08,-4.25,-3.70,-4.58,-4.91,-3.55,-3.07,-4.04,-2.66,-4.04,-5.42,-2.64,-3.87,-2.57,-4.02,-2.48,-1.50,-2.43,-1.90,-1.70,-1.49,0.28,0.42,-2.34,-1.36,-1.90,-1.92,-0.78,-0.42,-0.30,-1.38,-0.14,-1.50,0.58,3.05,3.30,0.66,0.42,-0.54,-0.80,,-6.50,-9.20,-6.30,-7,-8.20,,,,,,,-4.80,-5.40,,-4.30,-5.20,-3.80,-4.78,,,,,,,,-2.60,-2.70,-1.70,-3.10,-2.10,,,,,-1.40,,-1.60,-1.40,1.30,-0.50,-0.30,,,-2,,,-1.60,,,3.90,1.80,1.30,3.50,-0.90,0.30,
2008-12-28 12:00,-6.10,-6.14,-7.92,-7.05,-7.70,-6.33,-6.27,-5.30,-7.87,-4.70,-8.78,-7.82,-6.79,-6.78,-7.84,-8.54,-8.64,-7.49,-10.20,-6.18,-4.99,-3.98,-10.14,,-5.36,-6.31,-6.11,-8.10,-5.94,-6.70,-7.75,-5.85,-5.69,-9.90,-8.16,-8.16,-5.76,-5.96,-4.28,-6.70,-8,,-13.14,-6.50,-7.30,-6.91,-7.80,-8.19,-7.80,-8.39,-7.85,-5.82,-7.21,-6.67,-8.78,-8.62,-8.47,-8.50,-8.11,-7.60,-5.75,-9.20,-7.72,-9.55,-10.57,-10.74,-2.42,-3.22,-4.10,-2.35,-4.05,-4.81,-3.77,-5.19,-4.93,-3.76,-4.40,-5.28,-5.70,-3.51,-5.35,-4.80,-3.84,-6.66,-4.80,-3.90,-5.77,-5,-4.48,-5.44,-6.16,-4.06,-4.19,-3.70,-4.56,-4.95,-3.43,-3.03,-4,-2.64,-3.97,-5.42,-2.63,-3.88,-2.58,-3.92,-2.43,-1.60,-2.59,-1.86,-1.66,-1.46,0.24,0.45,-2.30,-1.47,-1.90,-1.82,-0.81,-0.49,-0.40,-1.36,-0.21,-1.46,0.54,3.20,3.20,0.64,0.80,-0.50,-0.80,-5.70,-6.30,-9.10,-6.30,-7,-8.20,,-2.80,-6.80,-5.20,-4.60,-4.90,-4.60,-5.40,-5.20,-4.20,-5.20,-3.80,-4.80,-3.10,-3.20,-3.20,-2,-3.20,-2.70,-3.40,-2.60,-2.70,-1.70,-3.10,-2,-2,-1.50,-2.70,-2.80,-1.40,-1.40,-1.60,-1.40,1.20,-0.50,-0.30,,-1.90,-1.80,-0.30,-1.50,-1.70,1.40,1,4.40,1.90,1.30,3.30,-0.90,0.30,-0.30
2008-12-28 12:10,-6,-6.08,-7.42,-7.09,-8.18,-6.16,-6.43,-5.50,-7.24,-4.46,-8.74,-7.87,-6.83,-7.04,-7.92,-8.46,-8.35,-7.81,-10.40,-6.85,-5.72,-4.14,-9.63,,-5.39,-6.36,-6.13,-8.24,-5.87,-6.70,-7.99,-5.90,-5.97,-9.65,-8.48,-7.90,-5.83,-6.10,-4.08,-6.13,-7.60,,-12.83,-6.62,-7.50,-6.80,-7.90,-8.16,-8.06,-8.42,-7.93,-5.77,-7.13,-6.59,-8.83,-8.61,-8.51,-8.50,-8.10,-7.66,-5.81,-8.50,-7.73,-9.49,-10.40,-10.74,-2.20,-3.60,-4.10,-2.29,-4.14,-4.64,-3.65,-5.36,-4.93,-3.71,-4.30,-5.30,-5.70,-3.64,-5.44,-4.80,-3.86,-6.72,-4.76,-3.59,-5.70,-5,-4.48,-5.40,-6.07,-4.06,-4.09,-3.70,-4.62,-4.97,-3.45,-3.05,-3.96,-2.55,-4.03,-5.36,-2.84,-3.80,-2.51,-3.98,-2.43,-1.60,-2.32,-1.87,-1.62,-1.39,0.38,0.56,-2.24,-1.45,-1.80,-1.74,-0.81,-0.49,-0.30,-1.42,0.02,-1.42,0.50,2.95,3.40,0.57,0.64,-0.57,-0.50,,-6.50,-9.20,-6.30,-7,-8.20,,,,,,,-4.60,-5.40,,-4.20,-5.10,-3.80,-4.69,,,,,,,,-2.60,-2.70,-1.70,-3,-2,,,,,-1.40,,-1.60,-1.40,1.20,-0.50,-0.20,,,-1.80,,,-1.70,,,4.20,2,1.20,3.30,-0.90,0.30,
2008-12-28 12:20,-6.10,-5.99,-7.20,-7.10,-8.28,-6.08,-6.43,-5.50,-6.90,-4.56,-8.60,-7.85,-6.76,-7.13,-7.79,-8.86,-8.83,-7.67,-10.30,-7.83,-6,-4.64,-8.85,,-5.56,-6.35,-6.46,-8.26,-5.91,-6.60,-8.21,-5.92,-6.36,-9.51,-8.34,-7.71,-5.81,-6.23,-4.23,-6.09,-7.60,,-12.65,-6.72,-7.20,-6.81,-7.80,-8.23,-7.80,-8.46,-8.15,-5.84,-7.03,-6.55,-8.76,-8.65,-8.38,-8.50,-8.06,-7.63,-5.97,-8.70,-7.84,-9.23,-10.45,-10.77,-2.25,-3.97,-3.50,-2.24,-4.20,-4.51,-3.67,-5.35,-4.87,-3.86,-4.50,-5.15,-5.80,-3.65,-5.55,-4.80,-3.86,-6.69,-4.84,-3.66,-5.72,-5,-4.48,-5.39,-5.99,-3.90,-3.93,-3.70,-4.40,-4.93,-3.60,-3.02,-3.96,-2.52,-4.09,-5.34,-3.16,-3.71,-2.58,-3.94,-2.39,-1.50,-2.42,-1.85,-1.50,-1.32,0.40,0.53,-2.27,-1.50,-1.90,-1.70,-1.05,-0.36,-0.20,-1.35,-0.20,-1.19,0.40,2.84,3.40,0.45,0.54,-0.56,-0.80,,-5.80,-9,-6.30,-6.90,-8.20,,,,,,,-4.70,-5.30,,-4.10,-5.10,-3.80,-4.63,,,,,,,,-2.50,-2.60,-1.60,-2.90,-2,,,,,-1.40,,-1.60,-1.40,1.10,-0.50,-0.20,,,-1.80,,,-1.70,,,3.90,2.10,1.40,3.20,-0.80,0.30,
2008-12-28 12:30,-5.90,-6.10,-7.20,-7.09,-8.20,-6.10,-6.38,-5.50,-6.72,-4.77,-8.42,-7.81,-6.97,-7.45,-7.55,-9.17,-8.95,-7.95,-10.10,-7.88,-6.64,-5.12,-8.40,,-5.48,-6.34,-6.60,-8.31,-5.99,-6.80,-8.10,-5.38,-6.64,-9.39,-8.17,-7.72,-5.83,-6.47,-4.21,-5.89,-7.70,,-12.27,-6.84,-6.80,-6.83,-7.80,-8.22,-7.83,-8.50,-8.27,-5.85,-7.08,-6.75,-8.79,-8.72,-8.52,-8.60,-8.03,-7.67,-6.08,-8.80,-7.76,-9.11,-10.77,-10.91,-2.24,-4.15,-4.40,-1.82,-3.97,-4.42,-3.87,-5.40,-5,-3.92,-4.40,-5.24,-5.80,-3.57,-5.54,-4.80,-3.89,-6.70,-4.73,-3.67,-5.65,-5.10,-4.45,-5.42,-5.78,-3.88,-4.05,-3.70,-4.31,-5.04,-3.57,-2.99,-3.91,-2.52,-4,-5.31,-3.15,-3.75,-2.63,-3.90,-2.37,-1.50,-2.36,-1.83,-1.43,-1.30,0.27,0.45,-2.26,-1.45,-1.80,-1.74,-1.01,-0.24,-0.10,-1.19,-0.25,-1.49,0.52,2.91,3.40,0.45,0.79,-0.52,-0.80,,-5.40,-9,-6.30,-6.90,-8.20,,,,,,,-4.80,-5.20,,-4.10,-5.20,-3.80,-4.52,,,,,,,,-2.50,-2.60,-1.70,-2.90,-2,,,,,-1.40,,-1.60,-1.30,1.20,-0.50,-0.20,,,-1.70,,,-1.70,,,3.70,2.30,1.50,3.20,-0.80,0.30,
2008-12-28 12:40,-6,-6.13,-7.36,-7.04,-8.41,-6.24,-6.37,-5.80,-6.71,-5.05,-8.35,-7.97,-7.21,-7.26,-6.89,-9.27,-8.99,-8.05,-10,-7.60,-7,-5.17,-8.46,,-5.46,-6.31,-6.54,-8.28,-5.98,-7.40,-8.15,-5.42,-6.89,-9.22,-7.94,-7.57,-5.65,-6.32,-4.50,-5.56,-8,,-12.32,-6.80,-6.80,-6.79,-7.80,-8.22,-8.04,-8.48,-8.37,-5.76,-6.95,-6.66,-8.90,-8.75,-8.55,-8.70,-8.12,-7.74,-6.26,-8.50,-7.57,-8.93,-10.73,-11.07,-2.11,-4.41,-4.70,-2.08,-3.94,-4.37,-3.89,-5.34,-5.21,-3.93,-4.40,-5.35,-5.80,-3.74,-5.53,-4.80,-3.77,-6.63,-4.75,-3.70,-5.71,-5.10,-4.41,-5.46,-5.77,-3.86,-4.03,-3.60,-4.15,-5.03,-3.51,-3.04,-3.92,-2.54,-3.98,-5.30,-3.28,-3.58,-2.51,-3.81,-2.42,-1.60,-2.30,-1.91,-1.44,-1.24,0.29,0.29,-2.20,-1.39,-1.80,-1.68,-1.10,-0.46,0,-1.30,-0.24,-1.21,0.44,3.11,3.40,0.42,0.64,-0.54,-1,,-6.20,-9,-6.30,-7,-8.10,,,,,,,-4.80,-5.30,,-4,-5.20,-3.60,-4.54,,,,,,,,-2.50,-2.60,-1.70,-2.80,-1.90,,,,,-1.40,,-1.60,-1.40,1,-0.50,-0.20,,,-1.70,,,-1.70,,,3.50,2.30,1.60,3.20,-0.90,0.30,
2008-12-28 12:50,-6.10,-6.22,-7.28,-7.03,-8.32,-6.19,-6.19,-5.60,-7.03,-4.81,-8.20,-8.09,-7.29,-7.68,-6.79,-9.28,-9.15,-8.16,-9.80,-7.41,-7.35,-4.90,-8.57,,-5.56,-6.40,-6.56,-8.18,-5.95,-7.50,-8.19,-5.72,-7.12,-9.17,-7.77,-7.64,-6.19,-6.43,-5.62,-6.25,-8.10,,-12.85,-6.88,-7.40,-6.74,-7.80,-8.06,-8,-8.47,-8.40,-5.71,-6.91,-6.65,-8.81,-8.83,-8.58,-8.70,-8.10,-7.79,-6.62,-8.90,-7.38,-8.70,-10.66,-11.40,-2.43,-4.59,-4.90,-2.01,-3.88,-4.51,-4.05,-5.54,-5.30,-4,-4.30,-5.39,-5.96,-3.71,-5.45,-4.70,-3.78,-6.48,-4.72,-3.75,-5.77,-5.10,-4.34,-5.47,-5.71,-3.74,-3.95,-3.70,-4.07,-4.84,-3.51,-2.92,-4,-2.59,-3.96,-5.28,-3.28,-3.46,-2.44,-3.76,-2.38,-1.60,-2.28,-1.84,-1.32,-1.33,0.22,0.19,-2.21,-1.32,-1.70,-1.70,-1.14,-0.42,0,-1.40,-0.17,-1.42,0.56,3.29,3.50,0.49,0.35,-0.44,-1,,-6.30,-9.20,-6.30,-6.90,-8.10,,,,,,,-4.80,-5.40,,-4,-5.20,-3.70,-4.49,,,,,,,,-2.50,-2.60,-1.60,-2.80,-1.90,,,,,-1.50,,-1.60,-1.30,1.10,-0.40,-0.20,,,-1.70,,,-1.60,,,3,2.40,1.60,3.30,-0.80,0.30,
2008-12-28 13:00,-6.10,-6.46,-7.39,-7.11,-8.20,-6.26,-6.15,-5.50,-6.84,-4.95,-8.19,-8.08,-7.48,-8.53,-6.80,-9.24,-9.35,-8.73,-9.60,-7.57,-7.50,-4.79,-8.64,,-5.61,-6.36,-6.46,-8.36,-6.02,-7.40,-8.26,-6.16,-7.40,-9.20,-7.94,-7.58,-6.39,-6.78,-5.98,-6.42,-8.80,,-12.96,-6.86,-8,-6.74,-7.80,-8.06,-8.04,-8.47,-8.65,-5.63,-6.96,-6.74,-8.95,-8.89,-8.62,-8.70,-8.28,-7.87,-6.85,-8.90,-7.44,-8.53,-10.62,-11.63,-2.30,-4.74,-5,-1.73,-3.94,-4.42,-4.11,-5.26,-5.36,-4.02,-4.60,-5.31,-5.97,-3.80,-5.56,-4.70,-3.89,-6.41,-4.80,-3.73,-5.69,-5.10,-4.35,-5.35,-5.82,-3.64,-3.86,-3.70,-4.23,-4.81,-3.40,-3.04,-3.88,-2.58,-3.83,-5.16,-3.26,-3.71,-2.57,-3.79,-2.43,-1.70,-2.25,-1.80,-1.22,-1.28,0.23,0.11,-2.10,-1.27,-1.70,-1.75,-1.16,-0.75,0,-1.71,-0.16,-1.33,0.37,3.40,3.50,0.49,0.49,-0.57,-1,-6.60,-6.70,-9.30,-6.20,-7,-8.20,,-2.10,-6.80,-5.20,-4.60,-4.90,-4.80,-5.40,-5.20,-3.90,-5.30,-3.70,-4.50,,-3.20,-3.10,-2,-3.40,-2.80,-3.30,-2.50,-2.50,-1.60,-2.90,-1.90,-1.70,-1.40,-2.40,-2.90,-1.50,-1.40,-1.60,-1.30,1,-0.40,-0.10,,-1.70,-1.50,-0.10,-0.90,-1.60,1.30,1.10,2.90,2.40,1.70,3.30,-0.70,0.30,-0.10
2008-12-28 13:10,-6.10,-6.70,-7.28,-7.15,-8.10,-6.12,-6.22,-5.70,-6.89,-5.01,-8.21,-8.09,-7.61,-9.16,-6.73,-9.35,-9.32,-8.77,-9.80,-7.65,-7.71,-4.96,-8.56,,-5.66,-6.26,-6.40,-8.39,-6,-7.40,-8.17,-6.09,-7.81,-9.31,-7.80,-7.76,-6.52,-6.99,-6.21,-6.47,-9.30,,-13.46,-6.67,-8,-6.75,-7.80,-8.13,-7.88,-8.43,-8.79,-5.50,-6.95,-6.80,-9,-8.81,-8.62,-8.70,-8.23,-7.87,-7.71,-9,-7.83,-8.41,-10.63,-11.61,-2.20,-4.86,-4.90,-1.61,-4.01,-4.41,-4.03,-5.44,-5.39,-4.01,-4.50,-5.40,-5.70,-3.66,-5.49,-4.70,-4.01,-6.50,-4.79,-3.74,-5.74,-5.10,-4.36,-5.39,-5.77,-3.60,-3.90,-3.60,-4.16,-4.86,-3.26,-2.93,-3.89,-2.61,-3.74,-5.24,-3.28,-3.83,-2.56,-3.88,-2.47,-1.60,-2.23,-1.79,-1.24,-1.23,0.22,0.04,-2.04,-1.26,-1.70,-1.80,-1.11,-0.87,-0.10,-1.78,-0.18,-1.11,0.54,3.36,3.50,0.53,0.72,-0.47,-1,,-6.90,-9.40,-6.20,-6.90,-8.30,,,,,,,-4.80,-5.30,,-4,-5.20,-3.60,-4.44,,,,,,,,-2.50,-2.50,-1.50,-2.90,-1.90,,,,,-1.40,,-1.50,-1.30,1,-0.40,,,,-1.50,,,-1.60,,,2.90,2.60,1.70,3.30,-0.70,0.30,
2008-12-28 13:20,-6.10,-6.73,-7.39,-7.17,-8.30,-6.18,-6.35,-5.90,-7.24,-5.07,-8.29,-8.10,-7.81,-9.54,-7.73,-9.48,-9.25,-8.98,-9.70,-7.27,-8.11,-4.92,-8.74,,-5.61,-6.22,-6.45,-8.53,-6.01,-7.50,-8.16,-6.24,-8.03,-9.30,-7.60,-7.69,-6.68,-6.96,-6.27,-6.60,-9.20,,-12.97,-7.04,-8.20,-6.72,-7.70,-8.06,-7.95,-8.50,-8.78,-5.51,-6.82,-6.81,-9,-8.74,-8.57,-8.70,-8.15,-7.91,-8.33,-8.80,-8.14,-8.28,-10.67,-11.73,-2.01,-4.97,-5,-1.63,-4.16,-4.19,-4.03,-5.64,-5.36,-3.90,-4.60,-5.43,-5.80,-3.75,-5.33,-4.80,-3.95,-6.59,-4.81,-3.75,-5.72,-5.10,-4.32,-5.26,-5.66,-3.57,-3.94,-3.60,-3.94,-4.88,-3.33,-2.83,-3.96,-2.59,-3.74,-5.03,-3.38,-3.72,-2.63,-3.77,-2.39,-1.60,-2.26,-1.77,-1.29,-1.14,0.07,0.03,-1.92,-1.18,-1.70,-1.82,-1.05,-0.79,-0.10,-1.76,-0.21,-1.10,0.49,3.36,3.40,0.54,0.68,-0.48,-1,,-7.40,-9.60,-6.20,-7,-8.30,,,,,,,-4.70,-5.20,,-3.80,-5.30,-3.50,-4.42,,,,,,,,-2.50,-2.60,-1.60,-2.80,-1.90,,,,,-1.50,,-1.50,-1.30,0.90,-0.40,-0.10,,,-1.40,,,-1.60,,,2.90,2.70,1.70,3.30,-0.70,0.30,
2008-12-28 13:30,-6.10,-6.87,-7.68,-7.31,-8.70,-6.29,-6.43,-6.20,-8.65,-5.12,-8.27,-8.13,-8.02,-9.92,-8.58,-9.45,-9.51,-9.04,-9.60,-7.56,-8.22,-5.21,-8.64,,-5.58,-6.24,-6.59,-8.63,-6.04,-7.80,-8.17,-6.46,-8.37,-9.30,-7.62,-7.56,-6.89,-7.10,-6.39,-6.87,-9.30,,-13.01,-7.05,-8.40,-6.73,-7.80,-8.08,-8.12,-8.50,-8.77,-5.50,-6.77,-6.75,-9,-8.82,-8.55,-8.70,-8.21,-7.99,-8.69,-8.90,-8.71,-8.10,-10.70,-11.76,-2.01,-5.02,-5.10,-2.22,-4.66,-4.28,-4.06,-5.78,-5.48,-3.81,-4.70,-5.44,-5.90,-3.68,-5.37,-4.80,-3.98,-6.70,-4.85,-3.71,-5.71,-5.10,-4.36,-5.32,-5.68,-3.66,-3.89,-3.60,-4.13,-4.91,-3.31,-2.90,-3.86,-2.64,-3.71,-4.99,-3.53,-3.75,-2.50,-3.94,-2.39,-1.70,-2.33,-1.85,-1.32,-1.13,0.21,-0.01,-1.91,-1.25,-1.80,-1.76,-1,-0.84,-0.20,-1.74,-0.22,-1.22,0.49,3.32,3.40,0.45,0.44,-0.53,-1,,-7.30,-9.70,-6.20,-7,-8.30,,,,,,,-4.70,-5.20,,-3.90,-5.30,-3.60,-4.41,,,,,,,,-2.50,-2.50,-1.50,-2.80,-1.90,,,,,-1.70,,-1.50,-1.30,1,-0.40,-0.10,,,-1.40,,,-1.60,,,2.90,2.80,1.80,3.30,-0.70,0.20,
2008-12-28 13:40,-6.20,-6.70,-7.90,-7.30,-9.20,-5.97,-6.41,-6.30,-9.27,-4.95,-8.14,-8.22,-8.10,-10.36,-9.03,-9.66,-9.57,-9.32,-9.80,-8.09,-8.39,-5.73,-8.71,,-5.63,-6.29,-6.62,-8.71,-6.09,-7.90,-8.32,-6.52,-8.47,-9.31,-7.91,-7.59,-7,-7.31,-6.42,-7.22,-9,,-12.81,-7.11,-8.90,-6.82,-7.70,-8.06,-8.18,-8.48,-8.65,-5.38,-6.82,-6.68,-8.98,-8.74,-8.54,-8.80,-8.22,-8.04,-8.97,-9,-9.08,-7.93,-10.77,-11.80,-1.99,-5.26,-5.20,-3.08,-5.08,-4.46,-4.13,-6.01,-5.82,-3.95,-4.70,-5.51,-6,-3.58,-5.35,-4.60,-4,-6.76,-4.96,-3.61,-5.84,-5,-4.33,-5.26,-5.79,-3.51,-3.97,-3.60,-4.14,-4.82,-3.36,-2.95,-3.79,-2.53,-3.71,-4.89,-3.57,-3.92,-2.49,-3.70,-2.44,-1.70,-2.16,-1.86,-1.28,-1.18,0.24,0.12,-1.98,-1.27,-1.70,-1.65,-0.92,-0.78,-0.30,-1.83,-0.29,-1.32,0.41,3.23,3.30,0.39,0.46,-0.41,-1,,-7.40,-10.40,-6.20,-6.90,-8.40,,,,,,,-4.70,-5.20,,-3.80,-5.20,-3.60,-4.39,,,,,,,,-2.50,-2.50,-1.50,-2.80,-1.90,,,,,-1.70,,-1.40,-1.30,0.90,-0.40,-0.10,,,-1.50,,,-1.50,,,2.90,2.80,1.70,3.30,-0.70,0.10,
2008-12-28 13:50,-6.10,-6.67,-8.04,-7.35,-9.30,-6.23,-6.42,-6.40,-9.79,-5.01,-8.21,-8.42,-8.10,-10.71,-9.04,-9.94,-9.52,-9.58,-10.10,-8.46,-8.47,-5.91,-9.87,,-5.59,-6.32,-6.72,-8.71,-6.03,-8.20,-8.51,-6.67,-8.64,-9.62,-8.25,-7.67,-6.97,-7.43,-6.70,-7.29,-9.20,,-12.97,-7.30,-9.50,-6.65,-7.80,-8.09,-8.29,-8.52,-8.79,-5.48,-6.85,-6.62,-9.04,-8.75,-8.59,-8.70,-8.19,-8.05,-9.19,-9.10,-9.54,-7.82,-10.86,-11.97,-2.09,-5.49,-5.40,-3.65,-5.34,-4.61,-4.37,-6.25,-5.96,-3.83,-4.70,-5.61,-6.10,-3.75,-5.37,-4.80,-3.91,-6.84,-5.17,-3.59,-5.80,-5.10,-4.38,-5.31,-5.91,-3.50,-3.94,-3.60,-4.18,-4.71,-3.43,-3,-3.74,-2.53,-3.70,-4.87,-3.54,-3.88,-2.46,-3.88,-2.41,-1.80,-2.18,-1.88,-1.17,-1.28,0.12,-0.03,-1.96,-1.10,-1.70,-1.68,-0.94,-0.66,-0.30,-1.82,-0.21,-1.31,0.32,3.19,3.30,0.36,0.53,-0.28,-1,,-7.80,-10.30,-6.40,-6.90,-8.40,,,,,,,-4.80,-5.10,,-3.80,-5.30,-3.50,-4.40,,,,,,,,-2.50,-2.50,-1.60,-2.80,-2,,,,,-1.70,,-1.40,-1.30,0.90,-0.40,-0.10,,,-1.50,,,-1.50,,,3,2.90,1.70,3.30,-0.70,0.10,
2008-12-28 14:00,-6.10,-6.65,-7.87,-7.43,-9.60,-6.24,-6.45,-6.40,-9.95,-5.16,-8.57,-8.34,-8.28,-11.01,-9.31,-10,-9.44,-9.78,-10.20,-8.75,-8.75,-5.85,-10.33,,-5.58,-6.42,-6.78,-8.68,-5.98,-8.30,-8.34,-6.74,-8.79,-9.77,-8.31,-7.32,-7.04,-7.67,-7.14,-7.47,-9.20,,-12.79,-7.34,-10.20,-6.59,-7.80,-8.16,-8.29,-8.52,-8.85,-5.47,-6.84,-6.66,-9.05,-8.76,-8.55,-8.80,-8.34,-8.02,-9.27,-9.10,-9.86,-7.53,-10.92,-12.01,-2.20,-5.73,-5.50,-3.81,-5.68,-4.64,-4.38,-6.41,-6.13,-3.98,-4.70,-5.61,-6,-3.68,-5.41,-4.90,-3.80,-6.89,-5.13,-3.43,-5.87,-5,-4.37,-5.42,-5.72,-3.55,-3.89,-3.70,-4.21,-4.71,-3.40,-2.98,-3.69,-2.66,-3.72,-4.89,-3.65,-3.88,-2.58,-3.87,-2.48,-1.80,-2.22,-1.94,-1.08,-1.25,0.09,-0.03,-1.96,-1.04,-1.70,-1.73,-0.99,-0.76,-0.30,-1.71,-0.21,-1.31,0.25,3.10,3.30,0.31,0.68,-0.40,-1,-6.90,-8,-10.50,-6.30,-6.90,-8.40,-5.60,-3.10,-7.10,-5.50,-4.60,-4.80,-4.80,-5.10,-5.60,-3.80,-5.30,-3.60,-4.40,-3,-3.30,-3.40,-2.10,-3.50,-2.90,-3.60,-2.50,-2.60,-1.60,-2.80,-2,-1.90,-1.60,-2.30,-2.90,-1.80,-1.70,-1.40,-1.30,0.80,-0.50,-0.10,-0.30,-1.70,-1.50,-0.30,-0.80,-1.50,1.40,1.30,3.10,3,1.70,3.20,-0.70,0.10,-1.20
2008-12-28 14:10,-6.10,-6.62,-8.07,-7.59,-9.50,-6.24,-6.57,-6.50,-10.05,-5.74,-8.83,-8.30,-8.42,-11.17,-9.47,-10.14,-9.50,-9.98,-10.50,-8.83,-8.99,-6.11,-10.63,,-5.67,-6.36,-6.86,-8.71,-6.01,-8.40,-8.31,-6.69,-8.89,-9.72,-8.63,-7.92,-7.29,-7.84,-7.49,-7.85,-9.10,,-13.04,-7.33,-11.20,-6.59,-7.70,-8.15,-8.10,-8.57,-8.86,-5.43,-6.80,-6.73,-8.99,-8.85,-8.57,-8.90,-8.50,-8.06,-9.44,-9.20,-10.02,-7.43,-10.92,-11.99,-2.09,-5.95,-5.50,-3.76,-5.94,-4.76,-4.39,-6.51,-6.35,-4.07,-4.70,-5.72,-6.10,-3.84,-5.44,-5,-3.76,-6.89,-4.98,-3.46,-5.89,-5.10,-4.33,-5.32,-5.66,-3.52,-3.84,-3.70,-4.21,-4.75,-3.40,-3.01,-3.85,-2.58,-3.79,-4.85,-3.74,-4,-2.67,-3.88,-2.62,-1.80,-2.38,-1.92,-1.22,-1.21,0.14,-0.10,-1.77,-1.11,-1.70,-1.77,-1.11,-0.84,-0.30,-1.88,-0.28,-1.08,0.24,2.94,3.20,0.33,0.57,-0.51,-1,,-8.60,-9.60,-6.20,-6.90,-8.40,,,,,,,-4.70,-5.10,,-3.80,-5.30,-3.60,-4.40,,,,,,,,-2.50,-2.60,-1.60,-2.80,-2,,,,,-1.90,,-1.40,-1.40,0.80,-0.50,-0.10,,,-1.50,,,-1.40,,,3,2.50,1.70,3.20,-0.70,0.10,
2008-12-28 14:20,-6.20,-6.63,-8.37,-7.70,-9.80,-6.32,-6.56,-6.60,-10.26,-6.01,-8.94,-8.83,-8.53,-11.37,-9.94,-10.15,-9.67,-9.66,-11,-9.51,-9.01,-6.41,-11.17,,-5.65,-6.36,-6.83,-8.78,-6.11,-8.40,-8.42,-6.58,-9.13,-9.94,-8.90,-8.68,-7.44,-7.90,-8,-8.18,-9,,-12.95,-7.39,-11.70,-6.56,-7.80,-8.18,-8.29,-8.51,-8.98,-5.42,-6.77,-6.71,-8.98,-8.94,-8.65,-8.80,-8.46,-8.25,-9.53,-9.20,-10.21,-7.19,-10.93,-12.27,-2.31,-6.21,-5.50,-3.92,-6.48,-4.99,-4.48,-6.68,-6.54,-3.94,-4.80,-5.73,-6.08,-4.02,-5.49,-5,-3.79,-6.77,-4.95,-3.54,-6,-5.10,-4.32,-5.23,-5.87,-3.46,-3.81,-3.80,-4.15,-4.78,-3.42,-3.06,-3.87,-2.62,-3.67,-4.81,-3.75,-3.84,-2.64,-3.81,-2.55,-1.90,-2.35,-1.94,-1.20,-1.21,0.07,-0.07,-1.90,-1.05,-1.70,-1.79,-1.04,-0.83,-0.30,-1.82,-0.31,-1.01,0.11,2.79,3.10,0.28,0.75,-0.52,-1,,-8.90,-9.70,-6.30,-6.90,-8.40,,,,,,,-4.60,-5.20,,-3.90,-5.30,-3.60,-4.29,,,,,,,,-2.50,-2.60,-1.60,-2.80,-2.10,,,,,-2.10,,-1.50,-1.40,0.90,-0.50,-0.10,,,-1.50,,,-1.40,,,3.10,2.40,1.60,3.10,-0.60,0.10,
2008-12-28 14:30,-6.10,-6.71,-8.64,-7.79,-9.90,-6.33,-6.66,-6.60,-10.36,-6.34,-9.01,-8.97,-8.64,-11.45,-10.18,-10.26,-9.74,-9.66,-11.90,-9.76,-9.18,-6.71,-11.75,,-5.64,-6.43,-6.82,-8.87,-6.10,-8.40,-8.48,-6.71,-9.32,-10.09,-9.17,-8.96,-7.66,-8.30,-8.34,-8.06,-9.40,,-13.16,-7.34,-13.30,-6.64,-7.80,-8.13,-8.08,-8.57,-8.97,-5.49,-6.72,-6.73,-9.04,-8.99,-8.67,-8.80,-8.35,-8.24,-9.61,-9.20,-10.36,-7.31,-10.99,-12.37,-2.68,-6.28,-5.70,-4.59,-6.51,-5.36,-4.43,-6.79,-6.75,-4.17,-4.70,-5.73,-6.12,-3.83,-5.47,-5,-3.85,-6.73,-5.02,-3.49,-6.11,-5.10,-4.33,-5.25,-5.85,-3.38,-3.84,-3.80,-4.16,-4.65,-3.43,-3.10,-3.84,-2.60,-3.80,-4.74,-3.78,-4.07,-2.57,-3.76,-2.54,-2,-2.27,-2.05,-1.26,-1.32,0.04,-0.09,-1.84,-1.08,-1.70,-1.90,-1.12,-0.76,-0.40,-1.85,-0.25,-1.37,0.09,2.58,3.10,0.30,0.53,-0.40,-1,,-9.20,-10.20,-6.30,-6.90,-8.40,,,,,,,-4.80,-5.20,,-3.90,,-3.60,-4.36,,,,,,,,-2.50,-2.60,-1.70,-2.80,-2.10,,,,,-2.20,,-1.50,-1.40,0.90,-0.50,-0.10,,,-1.60,,,-1.40,,,3.20,2.20,1.50,2.90,-0.60,0.10,
2008-12-28 14:40,-6.20,-7.07,-9.07,-7.89,-10.20,-6.28,-6.74,-6.70,-10.43,-6.56,-9.03,-9.23,-8.89,-11.32,-10.28,-10.30,-9.99,-9.53,-12.30,-10.06,-9.37,-7.06,-12.30,,-5.57,-6.30,-6.95,-8.90,-6.06,-8.40,-8.59,-6.78,-9.55,-10.23,-9.46,-9.32,-7.77,-8.61,-9.08,-8.31,-9.50,,-13.50,-7.41,-14,-6.59,-7.80,-8.17,-8.25,-8.66,-8.98,-5.55,-6.70,-6.68,-9.05,-8.95,-8.64,-8.80,-8.44,-8.29,-9.78,-9.30,-10.52,-7.38,-11.08,-12.49,-2.74,-6.20,-5.60,-5.32,-6.66,-5.79,-4.46,-6.83,-6.78,-4.10,-4.80,-5.80,-6.07,-3.79,-5.57,-5.10,-3.92,-6.79,-5.08,-3.55,-6.07,-5.10,-4.37,-5.30,-5.98,-3.41,-3.88,-3.80,-4.21,-4.59,-3.43,-3.07,-3.75,-2.62,-3.75,-4.70,-3.74,-4.22,-2.70,-3.76,-2.57,-2.10,-2.26,-2.06,-1.32,-1.39,0.06,-0.04,-1.73,-1.03,-1.70,-1.92,-1.15,-0.75,-0.40,-1.79,-0.33,-1.31,-0.11,2.45,3,0.32,0.53,-0.35,-1,,-9.50,-9.80,-6.30,-6.90,-8.40,,,,,,,-4.90,-5.10,,-3.80,-5.20,-3.60,-4.42,,,,,,,,-2.50,-2.60,-1.70,-2.80,-2.10,,,,,-2.30,,-1.50,-1.50,0.80,-0.50,-0.10,,,-1.60,,,-1.40,,,3.20,2.10,1.50,2.80,-0.60,0.10,
2008-12-28 14:50,-6.20,-7.79,-9.38,-7.97,-10.40,-6.31,-6.77,-6.80,-10.46,-6.90,-9.29,-9.50,-8.88,-11.70,-10.75,-10.47,-10.34,-9.78,-12.60,-10.35,-9.41,-7.65,-13.04,,-5.63,-6.32,-7,-8.98,-6.05,-8.40,-8.54,-6.91,-9.70,-10.60,-9.90,-9.62,-7.76,-8.78,-9.54,-8.54,-9.70,,-13.11,-7.56,-14.30,-6.56,-7.80,-8.09,-8.08,-8.65,-9.12,-5.59,-6.92,-6.80,-8.94,-8.98,-8.66,-8.90,-8.48,-8.37,-9.86,-9.40,-10.62,-7.64,-11.13,-12.55,-3.26,-6.29,-5.90,-6.24,-6.87,-6.14,-4.49,-6.98,-6.93,-4.17,-4.80,-5.90,-5.97,-3.95,-5.56,-5.20,-3.89,-6.79,-5.06,-3.53,-6,-5.20,-4.33,-5.37,-5.95,-3.44,-3.89,-3.80,-4.13,-4.56,-3.45,-3.07,-3.74,-2.66,-3.73,-4.69,-3.85,-4.24,-2.76,-3.86,-2.59,-2.20,-2.44,-2.12,-1.45,-1.39,-0.05,-0.01,-1.75,-1.02,-1.70,-2.01,-1.22,-0.63,-0.40,-1.92,-0.28,-1.29,-0.02,2.33,2.90,0.35,0.56,-0.38,-1,,-9.60,-9.90,-6.30,-6.80,-8.40,,,,,,,-4.80,-5.30,,-3.80,-5.30,-3.50,-4.34,,,,,,,,-2.50,-2.60,-1.70,-2.80,-2.20,,,,,-2.50,,-1.50,-1.50,0.80,-0.50,-0.10,,,-1.60,,,-1.40,,,3.20,2,1.40,2.70,-0.60,0.20,
2008-12-28 15:00,-6.20,-8.28,-9.71,-8.15,-10.50,-6.26,-6.80,-6.90,-10.72,-7.12,-9.36,-9.67,-9.07,-12.29,-10.94,-10.93,-10.59,-9.85,-13,-10.79,-9.53,-7.90,-13.67,,-5.54,-6.36,-6.94,-9.03,-6.11,-8.30,-8.56,-6.94,-9.90,-11.06,-10.93,-10.17,-7.89,-8.91,-9.65,-8.69,-9.50,,-13.93,-7.38,-14.70,-6.53,-7.80,-7.97,-8.17,-8.66,-9.22,-5.50,-6.77,-6.77,-8.94,-8.99,-8.68,-9,-8.60,-8.39,-10.01,-9.50,-10.77,-8.03,-11.10,-12.68,-3.34,-6.52,-6.20,-6.93,-7.07,-6.25,-4.56,-7.14,-7.04,-4.23,-4.80,-5.91,-6.05,-3.71,-5.54,-5.10,-3.90,-6.85,-5.11,-3.45,-6,-5.10,-4.28,-5.28,-5.85,-3.46,-3.79,-3.80,-4.07,-4.59,-3.34,-3.06,-3.81,-2.65,-3.66,-4.65,-3.89,-4.28,-2.78,-3.89,-2.58,-2.30,-2.40,-2.24,-1.41,-1.36,-0.04,-0.03,-1.77,-1.02,-1.70,-2,-1.30,-0.69,-0.50,-1.99,-0.24,-1.32,-0.02,2.16,2.90,0.36,0.56,-0.38,-1.10,-7.10,-10,-10.20,-6.30,-6.90,-8.40,-5.70,-4.70,-7,-5.70,-4.40,-5,-4.70,-5.30,-5.60,-3.80,-5.20,-3.60,-4.40,-3.10,-3.80,-3.70,-2.20,-3.70,-3,-3.70,-2.60,-2.60,-1.80,-2.80,-2.30,-3.60,-1.80,-2.40,-3,-2.70,-1.80,-1.50,-1.50,0.80,-0.50,-0.10,-0.30,-1.70,-1.60,-0.40,-1.20,-1.40,1.10,1,3.30,1.90,1.40,2.80,-0.60,0.30,-1.20
2008-12-28 15:10,-6.20,-8.63,-9.97,-8.33,-10.74,-6.28,-6.85,-7,-10.73,-7.46,-9.48,-9.85,-8.91,-12.28,-11.03,-11.19,-10.89,-9.55,-13.40,-10.95,-9.86,-7.85,-14.05,,-5.81,-6.39,-6.85,-9,-6.11,-8.40,-8.63,-6.97,-10.11,-11.39,-11.70,-10.62,-7.97,-9.20,-9.85,-8.75,-9.30,,-13.87,-7.61,-15.10,-6.65,-7.80,-7.94,-8.28,-8.62,-9.28,-5.41,-6.93,-6.75,-8.93,-9.01,-8.70,-8.90,-8.58,-8.41,-10.04,-9.60,-10.80,-8.35,-11.18,-12.74,-3.59,-6.80,-6.40,-7.44,-7.39,-6.88,-4.58,-7.24,-7.17,-4.17,-4.80,-6,-6,-3.82,-5.53,-4.92,-3.91,-6.87,-5.09,-3.34,-6.05,-5.10,-4.22,-5.25,-5.90,-3.42,-3.79,-3.80,-4.28,-4.64,-3.39,-3.15,-3.80,-2.62,-3.53,-4.64,-3.94,-4.22,-2.69,-3.84,-2.55,-2.40,-2.33,-2.26,-1.41,-1.35,0.02,-0.06,-1.85,-0.94,-1.70,-2,-1.38,-0.83,-0.50,-2.04,-0.29,-1.28,-0.04,2.10,3,0.42,0.45,-0.38,-1.10,,-10.30,-10.80,-6.40,-6.80,-8.40,,,,,,,-4.80,-5.40,,-3.80,-5.20,-3.50,-4.39,,,,,,,,-2.60,-2.60,-1.80,-2.80,-2.30,,,,,-2.80,,-1.50,-1.50,0.70,-0.50,-0.10,,,-1.60,,,-1.50,,,3.30,1.70,1.30,2.80,-0.60,0.30,
2008-12-28 15:20,-6.20,-9.17,-10.12,-8.54,-10.70,-6.57,-6.94,-6.90,-10.81,-7.94,-9.54,-9.89,-8.89,-12.59,-11.34,-11.14,-10.99,-10.04,-13.60,-11.27,-9.98,-8,-14.03,,-5.65,-6.49,-6.98,-9,-6.15,-8.40,-8.68,-6.99,-10.17,-11.81,-11.74,-10.81,-7.96,-9.48,-9.95,-8.74,-9.60,,-13.27,-7.47,-15.50,-6.50,-7.70,-7.95,-8.39,-8.54,-9.22,-5.45,-6.88,-6.74,-8.96,-9.07,-8.72,-9,-8.54,-8.47,-10.14,-9.70,-10.87,-8.72,-11.44,-12.72,-4.07,-7.15,-6.40,-7.77,-7.51,-7.23,-4.62,-7.36,-7.27,-4.18,-4.80,-5.96,-5.90,-3.78,-5.54,-5.01,-3.85,-6.75,-5.17,-3.38,-5.99,-5.10,-4.27,-5.21,-5.97,-3.41,-3.81,-3.90,-4.17,-4.59,-3.49,-3.12,-3.77,-2.65,-3.56,-4.61,-3.97,-4.22,-2.79,-3.89,-2.63,-2.40,-2.32,-2.32,-1.42,-1.38,0.06,-0.06,-1.89,-0.97,-1.60,-2.07,-1.41,-0.89,-0.50,-2.01,-0.36,-1.19,-0.09,1.98,2.90,0.39,0.36,-0.37,-1.10,,-10.80,-10.60,-6.40,-6.80,-8.40,,,,,,,-4.80,-5.40,,-3.80,-5.20,-3.50,-4.42,,,,,,,,-2.50,-2.60,-1.90,-2.80,-2.30,,,,,-3,,-1.50,-1.60,0.70,-0.50,-0.20,,,-1.60,,,-1.50,,,3.10,1.60,1.10,2.80,-0.60,0.30,
2008-12-28 15:30,-6.30,-9.40,-10.21,-8.78,-10.75,-6.57,-6.99,-6.80,-11.01,-8.25,-9.55,-9.73,-8.64,-12.70,-11.38,-11.51,-10.92,-9.79,-14.10,-10.98,-10.19,-8.20,-13.72,,-5.71,-6.47,-6.87,-9.03,-6.18,-8.50,-8.60,-7.03,-10.13,-12.38,-12.24,-10.99,-8.01,-9.56,-10.01,-9.09,-9.70,,-14.42,-7.58,-15.40,-6.55,-7.80,-7.90,-8.48,-8.49,-9.30,-5.41,-6.90,-6.88,-8.92,-9.10,-8.73,-9,-8.61,-8.57,-10.24,-9.70,-11.08,-9.27,-12.09,-12.92,-4.13,-7.47,-6.50,-8.20,-7.51,-7.24,-4.58,-7.50,-7.33,-4.32,-4.80,-6.01,-6,-3.93,-5.50,-5.03,-3.94,-6.77,-5.20,-3.43,-6.09,-5.10,-4.32,-5.37,-5.85,-3.49,-3.79,-3.90,-4.06,-4.60,-3.47,-3.14,-3.78,-2.74,-3.69,-4.61,-4.13,-4.23,-2.73,-3.86,-2.67,-2.40,-2.46,-2.30,-1.34,-1.38,0.02,0.09,-1.82,-1.03,-1.60,-2.12,-1.50,-0.97,-0.50,-1.99,-0.45,-1.15,-0.06,2.14,3,0.32,0.51,-0.45,-1.10,,-11.30,-10.60,-6.60,-6.80,-8.40,,,,,,,-4.90,-5.50,,-3.80,-5.20,-3.50,-4.40,,,,,,,,-2.50,-2.60,-1.90,-2.80,-2.40,,,,,-3.20,,-1.50,-1.70,0.70,-0.50,-0.20,,,-1.60,,,-1.40,,,3,1.50,1.10,2.80,-0.60,0.20,
2008-12-28 15:40,-6.30,-9.67,-10.39,-8.99,-11.01,-6.51,-6.98,-6.80,-11.04,-8.56,-9.45,-9.64,-8.82,-12.84,-11.66,-11.35,-10.97,-9.68,-14.40,-11.06,-10.27,-8.39,-13.81,,-5.72,-6.35,-6.96,-9.04,-6.24,-8.70,-8.53,-7.10,-10.15,-12.65,-12.26,-11.07,-8.02,-9.89,-9.64,-9.11,-9.70,,-13.51,-7.58,-16.30,-6.53,-7.80,-7.82,-8.56,-8.48,-9.36,-5.55,-6.95,-6.88,-8.92,-9.08,-8.69,-9,-8.71,-8.65,-10.37,-9.70,-11.22,-9.81,-12.58,-12.88,-4.13,-7.66,-6.10,-8.39,-7.65,-7.13,-4.63,-7.64,-7.43,-4.25,-4.90,-6.13,-6.10,-3.82,-5.59,-5.02,-3.83,-6.86,-5.19,-3.35,-6.13,-5.20,-4.25,-5.39,-5.84,-3.45,-3.80,-3.80,-4.28,-4.53,-3.43,-3.14,-3.84,-2.63,-3.68,-4.57,-4.15,-4.35,-2.77,-3.83,-2.68,-2.50,-2.52,-2.44,-1.36,-1.42,-0.04,-0.11,-1.83,-1,-1.60,-2.08,-1.53,-1,-0.50,-2.06,-0.46,-1.18,-0.06,2.63,2.90,0.36,0.75,-0.61,-1.10,,-11.60,-10.60,-6.50,-6.80,-8.40,,,,,,,-4.80,-5.40,,-3.80,-5.20,-3.50,-4.42,,,,,,,,-2.50,-2.70,-1.90,-2.80,-2.40,,,,,-3.40,,-1.60,-1.80,0.70,-0.50,-0.20,,,-1.60,,,-1.40,,,2.70,1.30,1,2.80,-0.60,0.10,
2008-12-28 15:50,-6.30,-9.82,-10.53,-9.04,-11.22,-6.64,-7.17,-6.70,-11.09,-8.73,-9.42,-9.72,-8.82,-12.88,-11.77,-11.42,-11.07,-9.62,-14.90,-12.19,-10.47,-8.51,-13.87,,-5.65,-6.32,-6.96,-9.07,-6.24,-8.70,-8.47,-7.06,-10.05,-12.92,-12.32,-11.51,-7.96,-10.18,-9.45,-9.12,-9.60,,-12.95,-7.70,-17,-6.50,-7.70,-7.82,-8.54,-8.33,-9.37,-5.38,-6.89,-6.80,-9,-9.12,-8.61,-9,-8.66,-8.71,-10.47,-9.70,-11.38,-9.98,-12.71,-12.90,-4.48,-7.88,-6.10,-8.81,-7.65,-6.78,-4.67,-7.60,-7.49,-4.29,-5,-6.11,-6.10,-3.88,-5.57,-5.03,-3.88,-6.96,-5.15,-3.41,-6.08,-5.30,-4.38,-5.32,-6.09,-3.45,-3.89,-3.90,-4.20,-4.51,-3.47,-3.13,-3.84,-2.71,-3.75,-4.54,-4.17,-4.41,-2.88,-3.88,-2.57,-2.50,-2.42,-2.50,-1.30,-1.44,-0.05,0.03,-1.78,-0.99,-1.60,-2.01,-1.50,-0.92,-0.50,-1.92,-0.59,-1.24,-0.07,2.97,2.90,0.41,0.61,-0.54,-1.10,,-11.40,-10.60,-6.50,-6.80,-8.30,,,,,,,-4.80,-5.50,,-3.80,-5.20,-3.50,-4.40,,,,,,,,-2.50,-2.70,-2,-2.80,-2.40,,,,,-3.60,,-1.60,-1.90,0.70,-0.40,-0.20,,,-1.60,,,-1.50,,,2.60,1.30,1,2.70,-0.60,0.10,
2008-12-28 16:00,-6.30,-9.72,-10.56,-9.08,-11.28,-6.67,-7.19,-6.80,-11.19,-9.09,-9.53,-9.70,-8.70,-12.81,-11.92,-11.43,-11.42,-9.48,-15.40,-11.99,-10.54,-8.60,-13.86,,-5.73,-6.34,-6.96,-9.07,-6.22,-8.70,-8.52,-7.16,-9.93,-13.40,-12.62,-11.97,-8.14,-10.40,-9.59,-9.61,-9.70,,-14.84,-7.80,-15.30,-6.39,-7.70,-7.82,-8.77,-8.33,-9.44,-5.54,-6.85,-6.79,-9.05,-9.06,-8.61,-8.90,-8.66,-8.80,-10.63,-9.90,-11.43,-10.23,-12.68,-12.89,-4.49,-8.01,-6.50,-8.93,-7.86,-6.74,-4.79,-7.71,-7.54,-4.27,-5,-6.22,-6.10,-3.98,-5.52,-4.98,-3.79,-7.03,-5.15,-3.48,-6.12,-5.30,-4.18,-5.30,-6.04,-3.48,-3.82,-3.90,-4.22,-4.58,-3.48,-3.12,-3.81,-2.75,-3.71,-4.55,-4.16,-4.28,-2.87,-3.84,-2.59,-2.60,-2.39,-2.56,-1.42,-1.45,-0.14,0.08,-1.81,-0.99,-1.70,-1.90,-1.57,-0.82,-0.50,-2.01,-0.61,-1.32,-0.02,3.30,2.90,0.47,0.75,-0.49,-1.10,-7.20,-11.60,-10.30,-6.50,-6.80,-8.30,-5.70,-5.80,-5.40,-5.80,-4.50,-5,-4.90,-5.40,-5.50,-3.80,-5.20,-3.50,-4.40,-3.10,-4.20,-3.80,-2.50,-3.90,-3,-3.70,-2.50,-2.70,-2,-2.80,-2.30,-5.20,-1.90,-2.50,-4,-3.60,-2,-1.60,-1.90,0.60,-0.40,-0.20,-0.30,-1.70,-1.60,-0.80,-1.30,-1.50,1.20,0.70,2.50,1.10,0.90,2.70,-0.60,0,-0.90
2008-12-28 16:10,-6.30,-9.88,-10.69,-8.98,-11.40,-6.67,-7.18,-6.80,-11.26,-9.17,-9.70,-9.68,-8.76,-13.06,-11.89,-11.29,-11.44,-9.19,-15.60,-12.05,-10.65,-8.53,-14.06,,-5.84,-6.47,-7.01,-9.02,-6.19,-8.70,-8.49,-7.20,-9.98,-13.66,-13.33,-12.12,-8.11,-10.66,-9.99,-9.85,-10.90,,-14.36,-7.77,-15.30,-6.35,-7.70,-7.82,-8.75,-8.30,-9.54,-5.52,-6.85,-6.79,-9.05,-8.88,-8.56,-8.90,-8.75,-8.74,-10.70,-9.90,-11.44,-10.36,-12.57,-12.96,-4.93,-8.23,-6.90,-9.14,-7.96,-6.45,-4.79,-7.78,-7.86,-4.33,-5,-6.30,-6.14,-4.06,-5.57,-5.20,-3.68,-6.98,-5.21,-3.58,-6.12,-5.30,-4.27,-5.37,-5.96,-3.63,-3.82,-3.90,-4.20,-4.59,-3.38,-3.13,-3.85,-2.75,-3.75,-4.54,-4.25,-4.36,-2.87,-3.81,-2.64,-2.60,-2.48,-2.61,-1.27,-1.41,-0.15,-0.02,-1.83,-1.02,-1.60,-1.93,-1.52,-0.70,-0.40,-2.05,-0.70,-1.32,-0.06,3.32,2.80,0.48,0.82,-0.37,-1.20,,-11.90,-10.70,-6.60,-6.80,-8.30,,,,,,,-4.90,-5.50,,-3.80,-5.30,-3.40,-4.34,,,,,,,,-2.60,-2.70,-2,-2.90,-2.30,,,,,-3.60,,-1.60,-1.90,0.60,-0.40,,,,-1.60,,,-1.40,,,2.50,0.80,0.90,2.70,-0.60,0,
2008-12-28 16:20,-6.30,-10.02,-10.77,-8.86,-11.30,-6.68,-7.18,-6.80,-11.24,-9.35,-9.68,-9.68,-8.89,-13.32,-11.92,-11.35,-11.55,-8.87,-15.80,-11.99,-10.70,-8.46,-14.23,,-5.83,-6.48,-7.09,-9.01,-6.16,-8.80,-8.42,-7.16,-9.95,-13.95,-13.15,-12.19,-8.12,-10.88,-10.04,-10.08,-10.70,,-13.94,-7.90,-16.20,-6.34,-7.70,-7.75,-8.49,-8.21,-9.55,-5.42,-6.74,-6.76,-9.04,-8.94,-8.58,-8.90,-8.77,-8.73,-10.80,-9.90,-11.34,-10.41,-12.48,-13.11,-4.98,-8.51,-7.10,-9.36,-7.91,-6.34,-4.81,-7.69,-7.92,-4.27,-5.10,-6.29,-6.24,-4.08,-5.65,-5.20,-3.69,-7.02,-5.27,-3.66,-6.10,-5.30,-4.28,-5.32,-6.05,-3.58,-3.81,-3.90,-4.27,-4.50,-3.44,-3.20,-3.76,-2.77,-3.74,-4.56,-4.15,-4.37,-2.81,-3.91,-2.65,-2.70,-2.43,-2.65,-1.46,-1.37,-0.20,-0.06,-1.97,-1.02,-1.60,-2,-1.55,-0.68,-0.40,-1.78,-0.68,-1.44,-0.28,3.35,2.80,0.42,0.46,-0.42,-1.20,,-11.80,-10.70,-6.70,-6.70,-8.30,,,,,,,-4.90,-5.50,,-3.90,-5.30,-3.40,-4.31,,,,,,,,-2.50,-2.70,-2,-2.90,-2.30,,,,,-3.40,,-1.60,-1.90,0.60,-0.40,-0.20,,,-1.60,,,-1.40,,,2.50,0.50,0.80,2.60,-0.60,0,
2008-12-28 16:30,-6.40,-10.23,-10.81,-8.85,-11.20,-6.62,-7.32,-6.80,-11.27,-9.41,-9.59,-9.61,-8.99,-13.30,-11.86,-11.53,-11.49,-8.94,-16,-12.22,-10.87,-8.36,-14.51,,-5.73,-6.44,-7.07,-9.05,-6.16,-8.80,-8.41,-7.20,-10,-14.22,-13.46,-12.05,-8.03,-11.15,-10.11,-10.33,-10.40,,-14.52,-7.84,-16.50,-6.29,-7.60,-7.81,-8.64,-8.17,-9.51,-5.38,-6.80,-6.80,-8.95,-8.84,-8.52,-8.90,-8.88,-8.80,-10.80,-10,-11.36,-10.49,-12.28,-13.23,-5.09,-8.51,-7.30,-9.75,-8.17,-6.33,-4.94,-7.75,-7.86,-4.33,-5.20,-6.40,-6.15,-3.89,-5.65,-5.20,-3.84,-7.03,-5.28,-3.69,-6.12,-5.30,-4.33,-5.33,-6.01,-3.58,-3.86,-3.90,-4.36,-4.52,-3.44,-3.26,-3.90,-2.79,-3.72,-4.61,-4.28,-4.29,-2.82,-3.94,-2.59,-2.80,-2.52,-2.65,-1.50,-1.43,-0.10,-0.04,-1.99,-1.03,-1.60,-2.06,-1.43,-0.93,-0.40,-1.76,-0.75,-1.62,-0.23,3.37,2.80,0.41,0.41,-0.50,-1.20,,-11.50,-10.50,-6.70,-6.70,-8.30,,,,,,,-4.80,-5.50,,-3.90,-5.30,-3.40,-4.36,,,,,,,,-2.50,-2.70,-2,-2.90,-2.30,,,,,-3.30,,-1.60,-2,0.60,-0.20,-0.20,,,-1.70,,,-1.40,,,2.30,0.20,0.80,2.60,-0.60,0,
2008-12-28 16:40,-6.40,-10.42,-10.92,-8.93,-11,-6.50,-7.26,-6.90,-11.24,-9.60,-9.52,-9.66,-9.16,-13.22,-11.94,-11.44,-11.63,-9.16,-16.10,-11.89,-10.84,-8.28,-14.75,,-5.75,-6.39,-7.10,-9.09,-6.06,-8.80,-8.40,-7.24,-10.09,-14.42,-13.82,-12.26,-8.29,-11.56,-10.02,-10.53,-9.70,,-13.76,-7.71,-16.70,-6.38,-7.60,-7.75,-8.45,-8.11,-9.63,-5.37,-6.77,-6.84,-8.85,-8.72,-8.45,-8.90,-8.83,-8.81,-10.65,-10,-11.18,-10.55,-11.99,-13.26,-5.39,-8.60,-7.20,-10.14,-8.13,-6.50,-5.01,-7.85,-8.05,-4.55,-5.20,-6.53,-6.11,-4.10,-5.60,-5.20,-3.85,-6.91,-5.17,-3.72,-6.18,-5.20,-4.31,-5.47,-6.02,-3.63,-3.87,-3.90,-4.35,-4.58,-3.46,-3.21,-3.99,-2.91,-3.74,-4.57,-4.39,-4.35,-2.89,-3.89,-2.57,-2.80,-2.63,-2.72,-1.51,-1.46,-0.18,-0.01,-1.91,-1.05,-1.60,-2,-1.44,-0.69,-0.40,-1.74,-0.67,-1.46,-0.34,3.21,2.70,0.26,0.48,-0.42,-1.20,,-11.90,-10.30,-6.50,-6.70,-8.30,,,,,,,-4.90,-5.50,,-3.90,-5.30,-3.40,-4.31,,,,,,,,-2.50,-2.70,-2,-2.90,-2.40,,,,,-3.30,,-1.60,-2,0.50,-0.40,-0.20,,,-1.70,,,-1.40,,,2.20,0.30,0.80,2.60,-0.60,-0.10,
2008-12-28 16:50,-6.40,-10.37,-11.05,-9.14,-10.90,-6.54,-7.21,-7,-11.33,-9.55,-9.54,-9.82,-8.86,-13.48,-12.23,-11.21,-11.41,-9,-16.20,-11.99,-11.08,-8.32,-14.56,,-5.85,-6.41,-7.17,-9.12,-5.97,-8.80,-8.35,-7.27,-10.18,-14,-13.97,-12.44,-8.41,-11.60,-10.02,-10.69,-9.40,,-13.49,-7.72,-16.10,-6.39,-7.60,-7.74,-8.58,-8.07,-9.68,-5.40,-6.88,-6.82,-8.86,-8.76,-8.49,-8.80,-8.82,-8.77,-10.49,-10,-11.12,-10.75,-11.79,-12.99,-5.77,-8.66,-7.30,-10.48,-8.32,-6.60,-5.02,-7.81,-8.11,-4.51,-5.10,-6.65,-6.14,-3.93,-5.55,-5.20,-3.83,-6.91,-5.30,-3.69,-6.20,-5.20,-4.30,-5.48,-6.02,-3.64,-3.84,-3.90,-4.33,-4.54,-3.49,-3.18,-3.93,-3,-3.79,-4.50,-4.35,-4.41,-2.97,-3.94,-2.56,-2.90,-2.71,-2.64,-1.44,-1.46,-0.21,0.05,-1.84,-0.96,-1.40,-2,-1.41,-0.86,-0.50,-1.84,-0.74,-1.43,-0.21,3.05,2.70,0.23,0.43,-0.43,-1.20,,-11.90,-10.20,-6.70,-6.70,-8.30,,,,,,,-4.90,-5.70,,-3.90,-5.30,-3.40,-4.29,,,,,,,,-2.50,-2.70,-2,-2.90,-2.30,,,,,-3.30,,-1.70,-2,0.50,-0.40,,,,-1.80,,,-1.40,,,2.10,0.20,0.70,2.60,-0.60,-0.20,
2008-12-28 17:00,-6.40,-10.37,-11.11,-9.30,-11.10,-6.45,-7.27,-7.10,-11.37,-9.36,-9.65,-9.65,-8.87,-13.81,-12.44,-11.12,-11.47,-9.02,-16.40,-11.82,-10.91,-7.94,-14.24,,-5.94,-6.43,-7.14,-9.04,-6,-8.90,-8.29,-7.29,-10.18,-14.45,-14.03,-12.33,-8.40,-11.69,-9.61,-10.62,-9.20,,-15.30,-7.70,-15.70,-6.33,-7.60,-7.78,-8.51,-8.06,-9.62,-5.39,-6.87,-6.80,-8.82,-8.82,-8.55,-8.80,-8.59,-8.73,-10.38,-10,-10.97,-10.78,-11.56,-10.24,-6.22,-8.73,-7.50,-10.69,-8.34,-6.68,-5.10,-7.76,-8.36,-4.45,-5.20,-6.73,-6.13,-3.91,-5.52,-5.20,-3.82,-7.01,-5.34,-3.63,-6.10,-5.20,-4.22,-5.31,-6.02,-3.67,-3.88,-3.90,-4.17,-4.55,-3.49,-3.30,-3.96,-2.98,-3.85,-4.54,-4.32,-4.49,-2.85,-4.04,-2.50,-2.90,-2.72,-2.61,-1.36,-1.48,-0.22,0,-1.92,-0.97,-1.50,-2.07,-1.38,-0.75,-0.50,-1.82,-0.85,-1.50,-0.38,2.96,2.80,0.24,0.31,-0.54,-1.30,-9.30,-12,-10.40,-6.70,-6.70,-8.30,-5.70,-6.30,-5.30,-6,-4.40,-5,-4.90,-5.70,-5.60,-4,-5.20,-3.40,-4.50,-3.30,-4.40,-3.80,-2.60,-4,-3.30,-3.70,-2.60,-2.70,-2,-3,-2.30,-5.70,-1.90,-2.50,-4.50,-3.30,-2.20,-1.70,-2,0.50,-0.30,-0.20,,-1.70,-1.90,-1,-1.20,-1.40,1.20,0.30,2.10,0,0.70,2.50,-0.70,-0.20,-1
2008-12-28 17:10,-6.40,-10.41,-11.23,-9.47,-11.10,-6.45,-7.41,-7.20,-11.46,-9.28,-9.62,-9.51,-8.79,-13.87,-12.52,-11.17,-11.51,-9.53,-16.50,-11.75,-11.12,-7.84,-14.75,,-5.74,-6.51,-7.14,-9.10,-6.01,-8.90,-8.30,-7.20,-10.20,-14.92,-14.22,-12.16,-8.33,-12.02,-9.29,-10.62,-8.30,,-14.20,-7.62,-17.50,-6.43,-7.60,-7.74,-8.52,-8.07,-9.42,-5.41,-6.73,-6.81,-8.81,-8.89,-8.52,-8.70,-8.63,-8.71,-10.24,-9.90,-11.22,-10.66,-11.35,-9.34,-6.37,-8.91,-7.60,-11.03,-8.29,-6.59,-5.10,-7.72,-8.51,-4.37,-5.20,-6.86,-6.10,-3.86,-5.62,-5.20,-3.72,-6.90,-5.35,-3.65,-6.11,-5.20,-4.24,-5.32,-5.96,-3.67,-3.79,-3.90,-4.11,-4.53,-3.50,-3.34,-3.94,-2.99,-3.80,-4.51,-4.46,-4.49,-2.92,-4.04,-2.48,-3,-2.59,-2.69,-1.43,-1.43,-0.10,0.04,-1.98,-1.01,-1.50,-2.09,-1.35,-0.66,-0.50,-1.70,-0.92,-1.42,-0.56,2.93,2.80,0.10,0.33,-0.62,-1.30,,-11.90,-10.50,-6.60,-6.60,-8.30,,,,,,,-4.90,-5.60,,-4,-5.20,-3.40,-4.18,,,,,,,,-2.60,-2.70,-2,-3,-2.30,,,,,-3.30,,-1.70,-2,0.50,-0.30,-0.20,,,-1.90,,,-1.40,,,1.90,-0.40,0.60,2.50,-0.70,-0.20,
2008-12-28 17:20,-6.40,-10.55,-11.30,-9.52,-11.10,-6.42,-7.44,-7.40,-11.68,-9.29,-9.65,-9.58,-8.43,-14.09,-12.56,-11.28,-11.25,-8.99,-16.90,-11.38,-11.15,-7.50,-15.43,,-5.93,-6.60,-7.15,-9.06,-5.98,-8.90,-8.22,-7.30,-10.13,-15.11,-14.07,-12.35,-8.36,-11.96,-9.33,-10.77,-9,,-13.78,-7.48,-15.90,-6.33,-7.50,-7.70,-8.51,-7.89,-9.37,-5.39,-6.73,-6.74,-8.74,-8.86,-8.44,-8.60,-8.63,-8.70,-10.12,-9.90,-11.39,-10.59,-11.20,-8.97,-6.15,-8.89,-7.60,-11.15,-8.41,-6.72,-4.98,-7.70,-8.71,-4.35,-5.20,-6.84,-6.10,-4.08,-5.69,-5.20,-3.88,-6.98,-5.44,-3.62,-6.12,-5.20,-4.29,-5.35,-5.91,-3.70,-3.91,-3.90,-4.08,-4.54,-3.54,-3.29,-3.88,-2.94,-3.85,-4.53,-4.58,-4.52,-2.94,-4.01,-2.55,-3.10,-2.61,-2.73,-1.54,-1.38,-0.20,0.20,-1.90,-1.05,-1.50,-2.03,-1.38,-0.64,-0.50,-1.75,-0.89,-1.26,-0.60,2.94,2.80,0.10,0.25,-0.56,-1.30,,-12.10,-10.30,-6.60,-6.60,-8.30,,,,,,,-4.90,-5.50,,-4.10,-5.20,-3.40,-4.26,,,,,,,,-2.70,-2.70,-2,-3,-2.30,,,,,-3.40,,-1.70,-2,0.50,-0.30,-0.20,,,-1.90,,,-1.40,,,1.70,-0.80,0.70,2.50,-0.60,-0.30,
2008-12-28 17:30,-6.30,-10.57,-11.43,-9.71,-11.30,-6.46,-7.47,-7.50,-11.63,-9.44,-9.83,-9.54,-8.41,-13.90,-12.61,-11.25,-11.13,-7.72,-17.20,-11.30,-11,-7.63,-15.59,,-5.92,-6.60,-7.19,-9.18,-5.96,-8.90,-8.19,-7.35,-10.20,-15.23,-14.33,-12.22,-8.40,-12.01,-9.69,-10.78,-8.90,,-13.41,-7.67,-15.60,-6.34,-7.50,-7.70,-8.34,-7.79,-9.32,-5.38,-6.78,-6.78,-8.65,-8.85,-8.38,-8.60,-8.71,-8.64,-9.98,-9.90,-11.25,-10.39,-10.98,-8.60,-6.21,-8.93,-7.80,-11.58,-8.49,-6.66,-5.05,-7.61,-8.76,-4.24,-5.20,-6.78,-6.10,-3.95,-5.61,-5.30,-3.87,-7.02,-5.39,-3.75,-6.22,-5.20,-4.19,-5.48,-6.01,-3.75,-3.96,-4,-4.07,-4.32,-3.58,-3.29,-3.93,-2.93,-3.81,-4.49,-4.59,-4.55,-2.97,-3.93,-2.50,-3.10,-2.60,-2.65,-1.81,-1.38,-0.10,0.07,-1.89,-0.99,-1.50,-1.97,-1.36,-0.59,-0.60,-1.66,-0.91,-1.33,-0.66,3.06,2.80,0.19,-0.01,-0.46,-1.30,,-12,-10.70,-6.70,-6.60,-8.30,,,,,,,-4.90,-5.60,,-4.10,-5.20,-3.40,-4.26,,,,,,,,-3,-2.80,-2,-3,-2.30,,,,,-3.40,,-1.70,-2,0.50,-0.40,-0.20,,,-1.90,,,-1.40,,,1.50,-1.20,0.70,2.60,-0.70,-0.40,
2008-12-28 17:40,-6.30,-10.59,-11.39,-9.88,-11.50,-6.55,-7.45,-7.60,-10.71,-9.56,-9.90,-9.57,-8.29,-13.97,-12.75,-11.18,-11.09,-7.42,-17.30,-11.97,-10.90,-7.70,-15.68,,-5.92,-6.55,-7.15,-9.04,-6.03,-8.80,-8.10,-7.37,-10.35,-15.36,-14.34,-11.97,-8.35,-12.08,-9.80,-10.78,-9.30,,-15.07,-7.76,-16.50,-6.33,-7.40,-7.68,-8.05,-7.82,-9.38,-5.46,-6.78,-6.74,-8.66,-8.64,-8.22,-8.50,-8.69,-8.64,-9.90,-9.80,-11.45,-10.27,-11.08,-8.22,-7.19,-9.23,-7.70,-11.84,-8.23,-6.77,-5.08,-7.64,-8.77,-4.32,-5.20,-6.66,-6.10,-4.03,-5.64,-5.30,-3.76,-6.97,-5.34,-3.78,-6.24,-5.20,-4.16,-5.50,-6.08,-3.75,-3.89,-4,-4.06,-4.35,-3.53,-3.30,-3.98,-2.83,-3.84,-4.53,-4.47,-4.54,-2.95,-3.99,-2.55,-3,-2.64,-2.73,-1.86,-1.41,-0.02,-0.04,-1.86,-0.96,-1.50,-2.06,-1.21,-0.54,-0.60,-1.63,-0.81,-1.37,-0.71,3.03,2.80,0.21,0.08,-0.47,-1.40,,-12.20,-10.60,-6.60,-6.60,-8.30,,,,,,,-4.90,-5.60,,-4.10,-5.20,-3.40,-4.32,,,,,,,,-3.30,-2.80,-2.10,-3,-2.30,,,,,-3.40,,-1.70,-2,0.50,-0.40,-0.20,,,-1.90,,,-1.40,,,1.30,-1.10,0.70,2.60,-0.70,-0.40,
2008-12-28 17:50,-6.30,-10.60,-11.43,-10.16,-11.40,-6.72,-7.42,-7.80,-9.87,-9.73,-9.85,-9.55,-8.36,-13.84,-12.68,-11.16,-11.35,-7.44,-17.30,-12.40,-11.18,-7.74,-15.27,,-5.78,-6.58,-7.16,-9.11,-6.06,-8.80,-8.04,-7.37,-10.32,-15.31,-14.13,-11.84,-8.53,-11.82,-9.59,-10.94,-10.30,,-13.72,-7.81,-17.70,-6.29,-7.40,-7.61,-8.12,-7.84,-9.20,-5.48,-6.76,-6.72,-8.83,-8.81,-8.15,-8.50,-8.71,-8.73,-9.74,-9.80,-11.62,-10.15,-11.03,-8.20,-6.61,-9.07,-8.10,-12,-8.40,-6.73,-5.12,-7.67,-8.82,-4.60,-5.30,-6.62,-6.10,-4.02,-5.71,-5.30,-3.80,-7.05,-5.32,-3.87,-6.27,-5.20,-4.20,-5.48,-5.97,-3.83,-3.94,-3.90,-3.98,-4.42,-3.49,-3.32,-3.97,-2.84,-3.76,-4.54,-4.35,-4.59,-3.01,-3.98,-2.62,-3.10,-2.66,-2.80,-2.04,-1.47,-0.12,-0.02,-1.99,-0.93,-1.50,-2.08,-1.29,-0.50,-0.50,-1.74,-0.82,-1.35,-0.89,3.02,2.80,0.06,0.19,-0.47,-1.40,,-12.20,-9.20,-6.60,-6.50,-8.30,,,,,,,-5,-5.60,,-4.10,-5.20,-3.40,-4.31,,,,,,,,-3.80,-2.90,-2.10,-2.90,-2.20,,,,,-3.30,,-1.70,-2,0.50,-0.40,-0.20,,,-1.90,,,-1.40,,,1.20,-0.80,0.60,2.50,-0.70,-0.50,
2008-12-28 18:00,-6,-10.77,-11.28,-11,-11,-6.70,-7.42,-7.90,-9.81,-9.67,-9.85,-9.60,-8.41,-14,-12.66,-7,-11,-7.36,-18,-11.88,-11,-7.68,-15.37,-11,-6,-7,-7.19,-9.01,-6,-8,-8,-7,-10.22,-14,-13.85,-13,-8,-11,-10,-11,-11,-10,-14,-8,-16.30,-6.26,-7,-7.63,-8.26,-7.84,-9,-5,-6.80,-6.72,-8.74,-9,-7,-8,-9,-8.68,-9.73,-10,-11.45,-10.20,-10.94,-8.09,-7.33,-9.06,-8.30,-12.17,-8.52,-7.02,-5.24,-7.72,-8.93,-4.46,-5.30,-6.71,-6.20,-3.90,-6,-5.40,-3.85,-7.14,-5.39,-3.73,-5,-5.20,-4.20,-5.58,-5.77,-3.80,-4,-3.90,-4.12,-4.53,-3.56,-3.33,-3.98,-2.80,-3.77,-4.54,-4.42,-4.60,-3.04,-3.89,-2.59,-3.10,-2.66,-2.80,-2.05,-1.45,-0.13,0.04,-1.89,-1.02,-1.50,-2.16,-1.14,-0.48,-0.50,-1.80,-0.74,-1.59,-1.04,3.20,2.60,-0.17,0.50,-0.68,-1.30,-9,-12,-10,-6.70,-6.50,-8.20,-5.70,-6.60,-5.60,-6.20,-4.30,-5.10,-5.10,-6,-5.60,-4.20,-5.20,-3.40,-4.50,,-4.80,-4.10,-2.60,-4.30,-3.30,-3.70,-4.20,-3,-2.10,-2.90,-2.30,-6.70,-2,-2.30,-4.80,-3.20,-2.40,-1.80,-2,0.60,-0.40,-0.20,,-1.90,-1.90,-1,-1,-1.40,1,0,1.10,-0.60,0.60,2.30,-0.90,-0.50,-1.30
2008-12-28 18:10,-6.30,-10.84,-11.22,-10.55,-11.46,-6.65,-7.48,-7.90,-9.54,-9.66,-9.95,-9.53,-8.42,-14.07,-12.90,-11.02,-11.01,-7.73,-17.60,-12.56,-11.06,-7.74,-14.93,,-5.84,-6.60,-7.22,-9.03,-5.92,-8.70,-8.21,-7.21,-10.22,-15.60,-13.50,-10.66,-8.46,-11.73,-9.46,-11.01,-10.30,,-14.57,-8.09,-15.90,-6.21,-7.40,-7.65,-8.24,-7.75,-9.17,-5.33,-6.78,-6.73,-8.73,-8.75,-8.26,-8.50,-8.63,-8.59,-9.63,-9.60,-10.70,-10.05,-10.88,-7.96,-7.11,-9.14,-8.40,-12.50,-8.72,-7.01,-5.27,-7.60,-8.83,-4.35,-5.30,-6.95,-6.12,-3.90,-5.97,-5.30,-3.77,-7.22,-5.42,-3.85,-6.28,-5.20,-4.18,-5.50,-5.96,-3.82,-3.90,-4,-4.19,-4.44,-3.52,-3.35,-4.06,-2.74,-3.81,-4.49,-4.34,-4.52,-3.09,-3.78,-2.47,-3.20,-2.78,-2.81,-2,-1.45,-0.22,0,-1.69,-0.95,-1.50,-2.04,-1.19,-0.51,-0.60,-1.73,-0.75,-1.19,-1.04,2.26,2.80,-0.25,-0.37,-0.48,-1.40,,-12.40,-10.70,-6.70,-6.40,-8.20,,,,,,,-5.10,-5.80,,-4.10,-5.20,-3.40,-4.46,,,,,,,,-4.60,-2.90,-2.20,-2.90,-2.30,,,,,-3.20,,-1.80,-2,0.60,-0.40,-0.10,,,-1.90,,,-1.40,,,1,-0.60,0.60,2.30,-0.90,-0.50,
2008-12-28 18:20,-6.30,-10.81,-11.37,-10.51,-11.62,-6.68,-7.43,-8,-9.60,-9.81,-9.93,-9.47,-8.41,-14.16,-12.81,-10.95,-10.84,-8.04,-17.80,-12.58,-11.15,-7.84,-15.41,,-5.73,-6.64,-7.25,-8.96,-5.85,-8.70,-8.26,-7.14,-10.21,-15.54,-13.27,-10.52,-8.40,-11.53,-9.70,-10.78,-10.40,,-14.31,-8.46,-16,-6.19,-7.40,-7.56,-8.04,-7.74,-9.04,-5.36,-6.63,-6.64,-8.75,-8.80,-8.22,-8.40,-8.67,-8.61,-9.57,-9.70,-10.28,-9.90,-10.84,-7.76,-8.09,-9.26,-8.40,-12.85,-8.79,-7.06,-5.35,-7.78,-8.99,-4.39,-5.40,-6.81,-6.11,-4.11,-5.93,-5.30,-3.84,-7.15,-5.45,-3.80,-6.08,-5.20,-4.13,-5.43,-5.83,-3.76,-3.99,-4.10,-4.10,-4.44,-3.44,-3.41,-4.07,-2.71,-3.84,-4.48,-4.37,-4.50,-3,-3.78,-2.45,-3.20,-2.78,-2.82,-2.03,-1.33,-0.13,0.02,-1.65,-1.09,-1.60,-2.02,-1.29,-0.56,-0.60,-1.73,-0.76,-1.44,-1.15,1.94,2.80,-0.28,-0.47,-0.44,-1.40,,-12.70,-9.60,-6.70,-6.40,-8.20,,,,,,,-5.10,-5.70,,-4.10,-5.10,-3.50,-4.36,,,,,,,,-4.10,-2.90,-2.20,-2.80,-2.30,,,,,-3.20,,-1.80,-2,0.60,-0.50,-0.10,,,-2,,,-1.40,,,1,-0.60,0.60,2.10,-0.90,-0.60,
2008-12-28 18:30,-6.40,-10.82,-11.41,-10.59,-11.15,-6.73,-7.33,-7.90,-11.49,-9.75,-9.87,-9.65,-8.17,-14.19,-12.75,-10.82,-11.27,-8.11,-17.90,-12.28,-11.03,-8.06,-15.21,,-5.63,-6.68,-7.36,-8.87,-5.92,-8.60,-8.23,-7.23,-10.11,-15.30,-13.10,-10.21,-8.50,-11.50,-9.83,-10.82,-10.20,,-14.43,-8.49,-16.10,-6.18,-7.40,-7.63,-8.23,-7.71,-9.11,-5.36,-6.74,-6.63,-8.83,-8.79,-8.24,-8.50,-8.67,-8.54,-9.51,-9.70,-10.14,-9.86,-10.74,-7.60,-7.50,-9.45,-8.60,-12.91,-8.82,-7.10,-5.36,-7.93,-9.02,-4.41,-5.40,-6.86,-6.05,-4.05,-5.84,-5.30,-3.80,-7.10,-5.43,-3.74,-5.94,-5.20,-4.12,-5.62,-5.77,-3.79,-3.93,-4.10,-4.12,-4.62,-3.58,-3.41,-4.13,-2.73,-3.78,-4.53,-4.34,-4.56,-2.99,-3.91,-2.51,-3.20,-2.77,-2.82,-1.97,-1.44,-0.13,-0.03,-1.65,-1.14,-1.50,-2.14,-1.32,-0.69,-0.60,-1.74,-0.78,-1.49,-1.01,1.79,2.90,-0.19,-0.20,-0.40,-1.50,,-12.90,-9.50,-6.70,-6.40,-8.20,,,,,,,-5.10,-5.80,,-4.10,-5.20,-3.50,-4.43,,,,,,,,-4.20,-2.90,-2.30,-2.80,-2.30,,,,,-3.10,,-1.80,-2,0.60,-0.50,-0.10,,,-2,,,-1.40,,,0.90,-0.30,0.60,2.10,-0.80,-0.60,
2008-12-28 18:40,-6.40,-10.93,-11.35,-10.76,-11.87,-6.84,-7.38,-7.80,-11.67,-9.75,-10.01,-9.66,-8.06,-14.37,-12.62,-10.87,-11.31,-8.03,-17.80,-11.53,-11,-8.01,-15.19,,-5.71,-6.74,-7.53,-8.77,-5.93,-8.50,-8.22,-7.22,-10.12,-14.87,-12.97,-10.28,-8.43,-11.48,-9.97,-10.59,-9.60,,-14.66,-8.72,-16.30,-6.17,-7.30,-7.54,-8.14,-7.66,-9.13,-5.32,-6.59,-6.69,-8.82,-8.73,-8.20,-8.40,-8.46,-8.51,-9.33,-9.70,-10.14,-9.85,-10.67,-7.65,-7.95,-9.67,-8.80,-12.85,-8.78,-7.19,-5.21,-7.98,-9.02,-4.49,-5.40,-6.86,-6.09,-4.03,-5.92,-5.40,-3.85,-7.25,-5.48,-3.77,-5.87,-5.20,-4.25,-5.53,-5.73,-3.84,-4.01,-4.10,-4.32,-4.71,-3.33,-3.32,-3.96,-2.70,-3.75,-4.46,-4.52,-4.62,-3.08,-3.95,-2.55,-3.20,-2.75,-2.95,-1.97,-1.37,-0.10,-0.06,-1.72,-1.13,-1.50,-2.09,-1.30,-0.49,-0.70,-1.61,-0.73,-1.27,-0.92,1.73,2.80,-0.27,-0.09,-0.56,-1.60,,-12.40,-9.10,-6.80,-6.40,-8.20,,,,,,,-5.20,-5.80,,-4.20,-5.10,-3.50,-4.42,,,,,,,,-4.60,-3,-2.30,-2.80,-2.30,,,,,-3.10,,-1.80,-2,0.60,-0.50,-0.10,,,-2,,,-1.40,,,0.80,-0.30,0.50,2.10,-0.90,-0.60,
2008-12-28 18:50,-6.40,-11,-11.33,-10.99,-11.10,-6.64,-7.36,-7.80,-11.67,,-10,-9.61,-7.87,-14.49,-12.78,-10.87,-11.57,-7.18,-17.80,-12.46,-11.06,-8.18,-15.81,,-5.60,-6.78,-7.57,-8.62,-5.91,-8.50,-8.16,-7.15,-10.21,-14.59,-12.66,-10.16,-8.39,-11.38,-10.09,-10.29,-9.50,,-13.70,-8.92,-17.70,-6.13,-7.30,-7.49,-7.99,-7.65,-9.03,-5.21,-6.70,-6.77,-8.75,-8.74,-8.10,-8.40,-8.42,-8.45,-9.18,-9.60,-10.16,-9.78,-10.53,-7.66,-7.72,-9.73,-8.80,-13.08,-8.78,-7.13,-5.20,-7.90,-9.01,-4.43,-5.40,-6.82,-6.01,-4.21,-5.88,-5.50,-3.85,-7.27,-5.45,-3.79,-5.81,-5.20,-4.27,-5.55,-5.70,-3.87,-3.99,-4.10,-4.24,-4.80,-3.41,-3.34,-3.98,-2.69,-3.77,-4.49,-4.47,-4.63,-3.19,-3.92,-2.54,-3.20,-2.80,-2.88,-1.96,-1.35,0.07,0.04,-1.61,-1.16,-1.50,-1.98,-1.32,-0.60,-0.70,-1.50,-0.79,-1.14,-0.84,1.57,2.80,-0.22,-0.12,-0.68,-1.60,,-12.50,-9.20,-6.80,-6.40,-8.20,,,,,,,-5.10,-5.90,,-4.20,-5.10,-3.50,-4.34,,,,,,,,-4.90,-3.20,-2.30,-2.80,-2.20,,,,,-3.10,,-1.80,-2,0.60,-0.40,,,,-2.10,,,-1.30,,,0.80,-0.20,0.50,2,-0.80,-0.60,
2008-12-28 19:00,-6.40,-11.08,-11.42,-11.17,-10.53,-6.77,-7.33,-7.80,-10.94,-9.61,-9.98,-9.64,-7.93,-14.22,-12.75,-10.89,-11.52,-7.43,-17.90,-12.39,-11.09,-8.31,-15.98,,-5.66,-6.77,-7.56,-8.59,-5.93,-8.30,-8.10,-7.10,-10.23,-14.41,-12.69,-9.88,-8.65,-11.36,-9.88,-10.29,-8.90,,-13.58,-9.09,-17.40,-6.09,-7.30,-7.41,-8.01,-7.56,-8.85,-5.28,-6.64,-6.85,-8.72,-8.80,-8.11,-8.30,-8.45,-8.46,-9.16,-9.60,-10.18,-9.73,-10.38,-7.66,-7.73,-9.71,-9,-13.26,-8.92,-7.20,-5.25,-7.92,-8.97,-4.40,-5.40,-6.95,-5.97,-3.95,-5.81,-5.40,-3.84,-7.24,-5.46,-3.90,-5.85,-5.20,-4.23,-5.59,-5.85,-3.95,-4.03,-4,-4.21,-4.71,-3.44,-3.34,-3.98,-2.74,-3.79,-4.52,-4.65,-4.61,-3.18,-3.86,-2.48,-3.20,-2.76,-2.88,-1.98,-1.41,0.09,-0.11,-1.54,-1.10,-1.50,-2.03,-1.36,-0.78,-0.80,-1.53,-0.90,-1.03,-0.84,1.57,2.70,-0.13,-0.16,-0.69,-1.60,-9.70,-12.50,-8.70,-6.70,-6.40,-8.20,-5.60,-6.70,-5.50,-6.30,-4.30,-5.10,-5.10,-5.90,-5.70,-4.30,-5.10,-3.40,-4.30,-3.30,-4.70,-4.30,-2.80,-4,-3.20,-3.70,-5.30,-3.40,-2.30,-2.80,-2.30,-7.30,-2.10,-2.30,-5.20,-3,-2.30,-1.90,-2,0.60,-0.50,-0.10,-0.70,-1.70,-2.10,-1.20,,-1.30,,-0.30,0.70,-0.30,0.40,1.90,-0.70,-0.70,-1.40
2008-12-28 19:10,-6.50,-11.15,-11.58,-11.20,-10.30,-6.64,-7.30,-7.70,-11.11,-9.48,-10.10,-9.79,-7.84,-14.13,-12.98,-11.13,-11.73,-7.53,-18.10,-12.50,-11.01,-8.71,-15.94,,-5.71,-6.83,-7.68,-8.52,-6,-8.20,-8.06,-7.10,-10.27,-14.38,-12.79,-9.96,-8.79,-11.37,-9.98,-10.16,-8.40,,-14.15,-9.09,-17.80,-6.14,-7.30,-7.38,-8.02,-7.61,-9.01,-5.32,-6.66,-6.74,-8.70,-8.68,-8.16,-8.30,-8.43,-8.45,-9.17,-9.60,-10.38,-9.73,-10.30,-7.56,-7.93,-9.64,-9.10,-13.50,-8.77,-7.24,-5.27,-7.89,-8.84,-4.44,-5.40,-7.18,-6,-4.06,-5.75,-5.22,-3.88,-7.32,-5.56,-3.95,-5.85,-5.10,-4.21,-5.60,-5.82,-4.08,-4.07,-4.10,-4.28,-4.67,-3.46,-3.31,-3.94,-2.79,-3.73,-4.52,-4.69,-4.66,-3.19,-3.97,-2.48,-3.20,-2.79,-2.91,-1.99,-1.55,0.02,0.12,-1.55,-1.14,-1.50,-2.16,-1.33,-0.82,-0.80,-1.64,-0.89,-0.97,-0.88,1.57,2.70,0.02,-0.24,-0.66,-1.70,,-12.40,-8.80,-6.70,-6.40,-8.20,,,,,,,-5.10,-5.90,,-4.30,-5.10,-3.40,-4.25,,,,,,,,-5.70,-3.80,-2.30,-2.80,-2.20,,,,,-3,,-1.90,-2,0.60,-0.50,0,,,-2.10,,,-1.10,,,0.60,-0.40,0.30,2,-0.70,-0.80,
2008-12-28 19:20,-6.50,-11.14,-11.48,-11.25,-11.20,-6.69,-7.41,-7.70,-10.01,-9.48,-10.19,-9.92,-7.86,-14.35,-12.70,-11,-12.59,-7.42,-18.20,-12.21,-11.15,-8.93,-16.24,,-5.54,-6.87,-7.58,-8.36,-5.95,-8.10,-8.08,-7.14,-10.37,-13.92,-12.80,-9.94,-8.76,-11.32,-10.44,-9.86,-8.90,,-15.60,-9.31,-17.50,-6.10,-7.20,-7.43,-7.98,-7.56,-8.85,-5.31,-6.63,-6.79,-8.69,-8.65,-8.15,-8.30,-8.40,-8.37,-9.11,-9.50,-10.49,-9.84,-10.24,-7.43,-8.08,-9.61,-9.20,-13.53,-8.93,-7.18,-5.28,-7.92,-8.84,-4.46,-5.20,-7.12,-6,-4.11,-5.88,-5.36,-3.93,-7.30,-5.63,-3.84,-5.72,-5.10,-4.26,-5.64,-5.66,-4.08,-4.06,-4,-4.19,-4.68,-3.41,-3.29,-3.98,-2.75,-3.71,-4.45,-4.69,-4.52,-3.20,-3.92,-2.46,-3.30,-2.87,-2.93,-1.95,-1.55,0.13,0.04,-1.47,-1.12,-1.50,-2.13,-1.32,-0.83,-0.90,-1.46,-1.10,-1.06,-0.89,1.49,2.80,-0.01,-0.44,-0.70,-1.70,,-12.50,-9,-6.70,-6.40,-8.10,,,,,,,-5.10,-5.90,,-4.40,,-3.40,-4.27,,,,,,,,-5.70,-3.80,-2.30,-2.90,-2.30,,,,,-3.10,,-1.90,-1.90,0.60,-0.40,0,,,-2.10,,,-1.10,,,0.50,-0.40,0.30,2,-0.70,-0.90,
2008-12-28 19:30,-6.70,-11.19,-11.35,-11.18,-11.30,-6.73,-7.50,-7.80,-9.59,-9.32,-10.12,-10.05,-7.77,-13.80,-13.04,-11.06,-13.09,-7.33,-18.40,-12.29,-11.22,-8.76,-16.54,,-5.57,-6.86,-7.46,-8.13,-5.91,-8.10,-8.04,-7.07,-10.05,-13.71,-12.67,-10.32,-8.99,-11.18,-10.91,-9.58,-10.20,,-14.28,-9.50,-17.10,-6.12,-7.20,-7.37,-7.88,-7.55,-8.95,-5.24,-6.52,-6.77,-8.63,-8.63,-8.14,-8.30,-8.40,-8.33,-9.14,-9.50,-10.46,-9.73,-10.04,-7.53,-8.05,-9.39,-9,-13.90,-8.90,-7.25,-5.30,-7.97,-8.91,-4.56,-5.30,-7.07,-6,-4.19,-5.90,-5.38,-4.01,-7.25,-5.64,-3.89,-5.62,-5.10,-4.25,-5.65,-5.61,-4.10,-4.11,-4.10,-4.09,-4.49,-3.39,-3.33,-4.03,-2.65,-3.69,-4.41,-4.73,-4.46,-3.15,-3.92,-2.42,-3.30,-2.69,-3.02,-1.84,-1.56,0.21,-0.01,-1.47,-1.19,-1.50,-2.15,-1.34,-0.85,-0.90,-1.40,-1.10,-1.37,-0.97,1.47,2.80,-0.06,-0.17,-0.69,-1.90,,-13,-8.70,-6.70,-6.40,-8.10,,,,,,,-5.10,-5.90,,-4.60,-5.10,-3.40,-4.24,,,,,,,,-5.90,-4,-2.30,-2.80,-2.20,,,,,-3.10,,-1.90,-1.90,0.60,-0.40,,,,-2.10,,,-1,,,0.40,-0.30,0.20,2.10,-0.70,-0.90,
2008-12-28 19:40,-6.70,-11.21,-11.29,-11.31,-11.20,-6.85,-7.52,-7.90,-9.08,-9.10,-10.11,-10.25,-7.84,-14.39,-13.06,-11.29,-13.79,-7.36,-18.40,-11.75,-11.14,-8.81,-16.03,,-5.60,-6.76,-7.52,-8.07,-5.89,-8,-8.08,-7.12,-9.78,-13.54,-12.49,-10.43,-9.37,-11.13,-11.36,-9.74,-9.70,,-15.44,-9.63,-17.10,-6.13,-7.20,-7.36,-7.73,-7.49,-8.89,-5.21,-6.49,-6.75,-8.68,-8.68,-8.12,-8.20,-8.40,-8.31,-9.13,-9.40,-10.37,-9.82,-10.05,-7.54,-8.02,-9.41,-8.60,-13.90,-8.69,-7.42,-5.35,-7.96,-8.97,-4.38,-5.40,-7.12,-6,-4.02,-5.93,-5.32,-4.07,-7.15,-5.63,-3.99,-5.49,-5.10,-4.25,-5.60,-5.71,-4.09,-4.09,-4.10,-4.20,-4.57,-3.41,-3.38,-4.08,-2.71,-3.76,-4.46,-4.75,-4.73,-3.22,-4,-2.47,-3.30,-2.66,-3.09,-1.89,-1.61,0.18,-0.06,-1.47,-1.07,-1.50,-2.12,-1.33,-0.89,-0.80,-1.68,-1.11,-1.40,-1.04,1.36,2.80,-0.10,-0.21,-0.80,-2,,-13,-8.70,-6.60,-6.30,-8.10,,,,,,,-5.20,-5.90,,-4.70,-5.10,-3.50,-4.24,,,,,,,,-5.90,-4.30,-2.30,-2.80,-2.30,,,,,-3.10,,-1.90,-1.90,0.60,-0.40,0,,,-2.10,,,-1,,,0.10,-0.30,0.20,2.30,-0.70,-0.90,
2008-12-28 19:50,-6.70,-11.16,-11.44,-11.56,-11.20,-6.86,-7.63,-8,-8.83,-9.01,-10.08,-10.21,-7.81,-14.37,-13.17,-11.27,-13.86,-6.97,-18.50,-11.47,-11.19,-8.74,-16.29,,-5.70,-6.72,-7.46,-7.96,-5.93,-8,-8.07,-7.14,-9.71,-13.35,-12.37,-10.11,-9.71,-11.08,-11.56,-9.33,-8.80,,-14.77,-9.87,-16.70,-6.15,-7.20,-7.37,-7.70,-7.49,-8.72,-5.26,-6.53,-6.70,-8.77,-8.59,-8.13,-8.20,-8.43,-8.32,-9.05,-9.40,-10.26,-9.74,-9.93,-7.65,-7.45,-9.48,-8.20,-14.10,-8.68,-7.51,-5.35,-7.99,-8.96,-4.53,-5.40,-7.22,-6,-3.95,-5.92,-5.40,-4.20,-7.12,-5.59,-4.13,-5.54,-5.10,-4.22,-5.52,-5.74,-4.12,-4.10,-4.10,-4.30,-4.58,-3.34,-3.41,-4.06,-2.70,-3.76,-4.57,-4.79,-4.63,-3.21,-3.99,-2.47,-3.30,-2.74,-3.04,-1.89,-1.58,0.29,-0.05,-1.40,-1.17,-1.50,-2.17,-1.33,-0.88,-0.90,-1.46,-1.09,-1.11,-1.02,1.35,2.80,-0.19,-0.18,-0.83,-2.10,,-12.70,-8.60,-6.60,-6.30,-8.10,,,,,,,-5.30,-5.90,,-4.80,-5.10,-3.50,-4.30,,,,,,,,-6.20,-4.20,-2.30,-2.80,-2.20,,,,,-3.10,,-2,-1.90,0.60,-0.40,0,,,-2.10,,,-1,,,-0.20,-0.20,0.10,2.60,-0.70,-0.90,
2008-12-28 20:00,-6.70,-11.22,-11.46,-11.70,-11.10,-6.91,-7.65,-8,-8.69,-8.89,-10.07,-10.18,-7.82,-14.37,-13.25,-11.14,-13.81,-7.06,-18.60,-12.39,-11.09,-8.83,-16.32,,-5.63,-6.63,-7.16,-7.79,-5.86,-8,-8.02,-7.24,-9.76,-13.23,-12.08,-9.94,-9.72,-11.02,-11.46,-9.14,-8.70,,-14.93,-10.05,-17.30,-6.18,-7.20,-7.31,-7.86,-7.49,-8.69,-5.21,-6.63,-6.67,-8.86,-8.72,-8.11,-8.10,-8.43,-8.36,-8.94,-9.40,-10.21,-9.72,-10.02,-7.45,-8.10,-9.23,-8.70,-14.11,-8.53,-7.50,-5.27,-7.97,-8.98,-4.53,-5.50,-7.16,-6,-4.06,-5.91,-5.40,-4.24,-7.10,-5.57,-3.96,-5.37,-5.10,-4.21,-5.53,-5.72,-4.14,-4.18,-4.10,-4.20,-4.56,-3.30,-3.31,-4.03,-2.68,-3.66,-4.51,-4.90,-4.45,-3.15,-4.02,-2.46,-3.40,-2.78,-3.03,-1.88,-1.60,0.22,-0.02,-1.51,-1.12,-1.40,-2.14,-1.27,-1.14,-0.90,-1.43,-1.16,-1.18,-0.96,1.37,2.80,-0.34,-0.15,-0.96,-2.20,-8.30,-12.80,-8.70,-6.60,-6.30,-8,-5.60,-6.80,-6,-6.40,-4.30,-5.10,-5.30,-5.80,-5.80,-4.80,-5.10,-3.50,-4.20,,-4.10,-4.30,-3,-3.70,-3,-3.80,-6.40,-4.50,-2.30,-2.80,-2.20,-7,-2.10,-2.30,-5.30,-3.10,-2.30,-2,-1.90,0.70,-0.40,0,-1,-1.70,-2,-1.10,-0.70,-1,,-0.80,-0.40,-0.30,0.10,2.90,-0.70,-1.10,-2
2008-12-28 20:10,-6.70,-11.15,-11.39,-11.72,-11,-6.92,-7.64,-8.30,-8.74,-8.79,-10.20,-10.35,-8.01,-14.12,-13.05,-11.19,-13.69,-7.53,-18.60,-11.90,-11.06,-8.88,-16.49,,-5.58,-6.67,-7.15,-7.65,-5.92,-7.90,-8.09,-7.32,-9.69,-12.99,-11.91,-10.01,-9.80,-11.10,-11.28,-9.03,-9.30,,-14.94,-10.23,-17.50,-6.18,-7.20,-7.22,-7.75,-7.46,-8.68,-5.21,-6.53,-6.67,-8.66,-8.51,-8.11,-8.10,-8.35,-8.27,-8.89,-9.30,-10.02,-9.58,-10.08,-7.41,-8.45,-8.95,-8.90,-14.29,-8.69,-7.35,-5.21,-7.96,-9.03,-4.61,-5.50,-7.07,-6.10,-4.11,-5.95,-5.44,-4.21,-7.03,-5.53,-3.99,-5.35,-5.10,-4.22,-5.53,-5.74,-4.15,-4.14,-4.20,-4.23,-4.56,-3.36,-3.36,-3.97,-2.66,-3.63,-4.42,-4.83,-4.60,-3.16,-4.03,-2.46,-3.40,-2.79,-3.07,-1.79,-1.82,0.28,-0.05,-1.33,-1.04,-1.50,-2.25,-1.38,-0.98,-0.90,-1.42,-1.24,-1.25,-1.25,1.37,2.70,-0.35,-0.39,-1.02,-2.20,,-12.80,-8.70,-6.50,-6.30,-8,,,,,,,-5.30,-6,,-4.80,-5.10,-3.50,-4.27,,,,,,,,-6.60,-4.50,-2.30,-2.70,-2.20,,,,,-3.10,,-2,-1.90,0.70,-0.40,,,,-2,,,-1,,,-0.60,-0.20,0.10,2.90,-0.70,-1.10,
2008-12-28 20:20,-6.70,-11.23,-11.29,-11.64,-10.40,-6.86,-7.66,-8.40,-8.79,-8.78,-10.39,-10.53,-8.23,-14.14,-13.26,-11.21,-13.57,-7.43,-18.70,-12.29,-11.18,-8.75,-16.47,,-5.63,-6.70,-7.68,-7.69,-5.88,-7.80,-8.11,-7.23,-9.39,-12.63,-11.93,-10.30,-9.78,-10.97,-11.07,-8.92,-8.70,,-13.94,-10.45,-16.90,-6.13,-7.20,-7.26,-7.54,-7.43,-8.60,-5.15,-6.52,-6.67,-8.67,-8.66,-8.11,-8,-8.23,-8.31,-8.96,-9.30,-9.83,-9.39,-10.04,-7.08,-8.39,-8.77,-8.60,-14.22,-8.91,-7.39,-5.23,-7.94,-9.14,-4.65,-5.50,-7.24,-6.05,-4.07,-5.94,-5.53,-4.20,-6.90,-5.46,-4.04,-5.43,-5.10,-4.15,-5.67,-5.60,-4.15,-4.16,-4.20,-4.21,-4.56,-3.36,-3.28,-4.04,-2.66,-3.67,-4.52,-4.99,-4.56,-3.24,-4.08,-2.50,-3.40,-2.76,-2.99,-1.81,-1.83,0.29,-0.05,-1.27,-1.15,-1.50,-2.15,-1.38,-0.86,-0.90,-1.54,-1.34,-1.28,-1.15,1.30,2.80,-0.36,-0.49,-1.12,-2.10,,-12.80,-8.50,-6.50,-6.30,-7.90,,,,,,,-5.20,-5.90,,-4.80,-5.10,-3.30,-4.24,,,,,,,,-6.70,-4.40,-2.30,-2.80,-2.20,,,,,-3,,-2,-1.90,0.70,-0.40,0,,,-2,,,-1,,,-0.60,-0.10,0.10,2.90,-0.70,-1.10,
2008-12-28 20:30,-6.80,-11.27,-11.41,-11.63,-10.10,-7.09,-7.65,-8.40,-8.61,-8.71,-10.63,-10.65,-8.19,-14,-13.10,-11.11,-13.40,-7.46,-18.70,-12.09,-11.14,-9.04,-16.75,,-5.58,-6.64,-8.20,-7.77,-5.91,-7.70,-8.12,-7.28,-9.32,-12.22,-11.66,-10.88,-9.82,-11.13,-11.23,-8.81,-8.90,,-14.07,-10.38,-16.60,-6.09,-7.20,-7.22,-7.47,-7.41,-8.68,-5.09,-6.61,-6.65,-8.70,-8.60,-8.14,-8,-8.25,-8.30,-8.90,-9.20,-9.65,-9.21,-9.95,-6.81,-8.35,-8.76,-8.40,-14.34,-8.96,-7.54,-5.27,-7.90,-9.24,-4.62,-5.50,-7.28,-6.02,-4.21,-6.01,-5.67,-4.28,-6.93,-5.33,-4,-5.52,-5.10,-4.19,-5.66,-5.70,-4.16,-4.11,-4.20,-4.17,-4.52,-3.30,-3.23,-4.04,-2.66,-3.64,-4.40,-4.91,-4.49,-3.34,-4.03,-2.46,-3.40,-2.79,-3.04,-1.77,-1.90,0.30,0.01,-1.32,-1.13,-1.40,-2.21,-1.40,-0.87,-1,-1.53,-1.77,-1.42,-1.20,1.28,2.80,-0.29,-0.51,-1.17,-2.20,,-12.80,-8.60,-6.60,-6.20,-7.90,,,,,,,-5.30,-6,,-4.80,-5.20,-3.20,-4.23,,,,,,,,-6.80,-4.60,-2.30,-2.80,-2.20,,,,,-3,,-2,-1.90,0.70,-0.40,0,,,-2,,,-0.90,,,-0.60,-0.10,0.10,2.80,-0.60,-1.10,
2008-12-28 20:40,-6.90,-11.56,-11.65,-11.73,-10.50,-6.85,-7.61,-8.40,-8.61,-8.64,-10.66,-10.95,-8.07,-14.08,-12.89,-11.22,-13.23,-7.02,-18.40,-12.23,-11.21,-9.47,-16.85,,-5.61,-6.71,-8.50,-7.81,-5.91,-7.70,-8.11,-7.40,-9.14,-11.86,-11.49,-11.16,-9.93,-11.14,-11.13,-8.82,-9.10,,-16.24,-10.20,-17.50,-6.14,-7.20,-7.19,-7.63,-7.42,-8.66,-5.09,-6.51,-6.59,-8.73,-8.73,-8.11,-8,-8.26,-8.26,-8.85,-9.20,-9.57,-9.07,-9.91,-6.66,-8.54,-8.66,-7.70,-14.49,-8.94,-7.71,-5.24,-7.90,-9.20,-4.65,-5.50,-7.32,-6.14,-4.33,-5.99,-5.80,-4.15,-6.78,-5.29,-3.96,-5.48,-5.20,-4.20,-5.56,-5.76,-4.15,-3.97,-4.20,-4.23,-4.57,-3.38,-3.35,-3.99,-2.61,-3.58,-4.49,-4.97,-4.51,-3.41,-4.10,-2.47,-3.40,-2.72,-3.10,-1.71,-1.92,0.33,0.03,-1.35,-1.02,-1.40,-2.19,-1.35,-0.95,-1.10,-1.43,-2.06,-1.54,-1.23,1.41,2.70,-0.35,-0.43,-1.26,-2.20,,-13.10,-8.50,-6.60,-6.20,-7.90,,,,,,,-5.40,-6,,-4.80,-5.20,-3.20,-4.20,,,,,,,,-6.60,-4.60,-2.40,-2.70,-2.20,,,,,-3,,-2,-1.90,0.70,-0.40,0.10,,,-2,,,-0.90,,,-0.50,-0.20,0.10,2.80,-0.60,-1.20,
2008-12-28 20:50,-6.80,-11.51,-11.80,-11.89,-11.10,-6.87,-7.62,-8.40,-8.97,-8.68,-10.72,-11.26,-7.85,-13.84,-12.51,-11.17,-13.23,-6.95,-18,-12.20,-11.43,-9.57,-17.04,,-5.71,-6.68,-8.20,-7.78,-5.90,-7.80,-8.09,-7.41,-9.25,-11.79,-11.47,-11.23,-10.06,-10.99,-10.91,-8.88,-9.80,,-14,-9.67,-17.50,-6.23,-7.10,-7.24,-7.68,-7.41,-8.58,-5.09,-6.49,-6.58,-8.57,-8.69,-8.08,-8,-8.20,-8.28,-8.77,-9.10,-9.39,-9.10,-9.87,-6.62,-8.58,-8.41,-7.60,-14.39,-8.99,-7.76,-5.35,-7.89,-9.14,-4.74,-5.50,-7.42,-6.15,-4.20,-5.97,-5.70,-4.09,-7,-5.23,-3.96,-5.41,-5.20,-4.13,-5.58,-5.78,-4.12,-4.03,-4.30,-4.34,-4.71,-3.31,-3.36,-4.01,-2.58,-3.53,-4.50,-4.85,-4.54,-3.40,-4.09,-2.49,-3.40,-2.80,-3.15,-1.68,-1.96,0.19,0,-1.30,-1.04,-1.50,-2.11,-1.32,-1.06,-1.20,-1.48,-2.38,-1.60,-1.06,1.83,2.70,-0.37,-0.39,-1.37,-2.10,,-13.10,-8.40,-6.60,-6.30,-8,,,,,,,-5.40,-6,,-4.80,-5.20,-3.20,-4.14,,,,,,,,-6.50,-4.80,-2.40,-2.70,-2.20,,,,,-3,,-2.10,-1.90,0.60,-0.40,0.10,,,-2,,,-1,,,-0.60,-0.20,0,2.70,-0.60,-1.30,
2008-12-28 21:00,-6.80,-11.55,-12.07,-12.08,-11.50,-7.01,-7.71,-8.40,-8.75,-8.68,-10.77,-11.16,-7.75,-14.11,-12.19,-11.34,-13.24,-6.70,-17.70,-12.06,-11.47,-9.17,-17.23,,-5.60,-6.67,-8.33,-7.60,-5.89,-7.80,-7.98,-7.34,-9,-11.63,-11.46,-11.06,-10.08,-10.90,-10.64,-8.68,-9.20,,-13.82,-9.46,-17,-6.20,-7.10,-7.19,-7.53,-7.40,-8.46,-5.18,-6.49,-6.60,-8.51,-8.54,-7.96,-7.90,-8.20,-8.26,-8.66,-9.10,-9.34,-9.18,-9.83,-6.62,-8.56,-8.22,-7.60,-14.54,-9.08,-7.66,-5.53,-7.88,-9.11,-4.65,-5.50,-7.38,-6.24,-4.11,-5.99,-5.70,-4.04,-6.94,-5.18,-4.01,-5.41,-5.20,-4.15,-5.51,-5.77,-4.16,-4.03,-4.30,-4.16,-4.58,-3.35,-3.40,-3.96,-2.51,-3.57,-4.49,-4.88,-4.46,-3.50,-4.12,-2.56,-3.40,-2.79,-3.12,-1.65,-2,0.36,-0.10,-1.31,-1.09,-1.40,-2.18,-1.36,-1.06,-1.10,-1.56,-2.80,-1.66,-1.04,2.46,2.60,-0.35,-0.46,-1.33,-2.10,-9,-13.20,-8.40,-6.60,-6.30,-8,-5.50,-7.60,-6.10,-6.40,-4.60,-5.40,-5.40,-6.10,-5.70,-4.80,-5.20,-3.20,-4.20,,-4,-4.40,-3.40,-3.80,-3,-4.10,-6.60,-4.70,-2.40,-2.70,-2.20,-6.50,-2.20,-2.20,-5.90,-3,-2.30,-2.10,-2,0.60,-0.40,0,-1.10,-1.60,-1.90,-1.60,-0.70,-1,0.10,-1,-0.50,-0.20,0,2.50,-0.60,-1.60,-2.80
2008-12-28 21:10,-6.80,-11.45,-12.10,-12.27,-11.80,-7.11,-7.73,-8.40,-8.63,-8.66,-10.74,-11.38,-7.65,-14.06,-12.38,-11.36,-13.10,-6.44,-17.30,-12.26,-11.30,-8.23,-17.30,,-5.50,-6.73,-8.67,-7.60,-5.93,-7.90,-7.88,-7.42,-9.01,-11.55,-11.20,-10.78,-10.20,-10.95,-10.69,-8.61,-8.90,,-14.31,-9.52,-16.90,-6.16,-7.10,-7.15,-7.39,-7.37,-8.66,-5.04,-6.48,-6.59,-8.51,-8.61,-7.98,-8,-8.32,-8.25,-8.62,-9.10,-9.19,-9.21,-9.83,-6.47,-8.71,-8.40,-7.50,-14.79,-9.23,-7.85,-5.62,-7.93,-9.09,-4.51,-5.50,-7.45,-6.20,-4.29,-6.03,-5.70,-4.07,-7.03,-5.13,-4.06,-5.39,-5.20,-4.20,-5.55,-5.72,-4.22,-4.01,-4.30,-4.28,-4.62,-3.31,-3.39,-3.96,-2.56,-3.60,-4.47,-4.99,-4.63,-3.60,-4.21,-2.58,-3.40,-2.81,-3.16,-1.64,-2.11,0.44,-0.10,-1.20,-1.04,-1.50,-2.18,-1.29,-1.03,-1.20,-1.54,-3.10,-1.62,-1.10,2.39,2.50,-0.44,-0.32,-1.51,-2.20,,-12.90,-8.40,-6.60,-6.20,-8,,,,,,,-5.40,-6,,-4.80,-5.20,-3.10,-4.14,,,,,,,,-6.80,-4.70,-2.40,-2.80,-2.20,,,,,-3,,-2,-2,0.60,-0.40,-0.10,,,-1.90,,,-1,,,-0.40,-0.10,0,2.50,-0.60,-1.60,
2008-12-28 21:20,-6.90,-11.28,-12.08,-12.50,-11.40,-7.18,-7.82,-8.50,-8.59,-8.71,-10.59,-11.59,-7.32,-13.87,-12.37,-11.61,-13.07,-6.54,-16.90,-12.57,-11.24,-8.23,-17.30,,-5.49,-6.78,-8.99,-7.57,-5.88,-7.90,-7.85,-7.60,-8.89,-11.60,-11.15,-10.59,-9.87,-10.93,-11.04,-8.45,-8.30,,-14.91,-9.48,-17.20,-6.17,-7.10,-7.19,-7.50,-7.43,-8.60,-5.11,-6.52,-6.61,-8.49,-8.64,-7.86,-7.90,-8.23,-8.26,-8.60,-9.10,-8.88,-9.06,-9.82,-6.37,-9.24,-8.96,-7.50,-14.80,-9.24,-7.80,-5.64,-8.11,-8.96,-4.50,-5.50,-7.33,-6.20,-4.39,-6.13,-5.80,-4.08,-7.01,-5.14,-3.96,-5.37,-5.10,-4.28,-5.49,-5.64,-4.23,-4.04,-4.20,-4.22,-4.57,-3.32,-3.36,-4.10,-2.64,-3.53,-4.45,-4.95,-4.48,-3.69,-4.30,-2.61,-3.30,-2.84,-3.12,-1.69,-2.09,0.48,-0.03,-1.21,-1.10,-1.50,-2.17,-1.25,-1.01,-1.10,-1.56,-3.16,-1.92,-1.08,2.20,2.40,-0.79,-0.45,-1.67,-2.10,,-13,-8.80,-6.70,-6.20,-8,,,,,,,-5.50,-6.10,,-4.80,-5.20,-3.20,-4.18,,,,,,,,-6.80,-4.70,-2.40,-2.80,-2.20,,,,,-3,,-2,-2,0.60,-0.40,-0.10,,,-1.90,,,-0.90,,,-0.30,0,0,2.50,-0.60,-1.70,
2008-12-28 21:30,-6.90,-11.04,-12.18,-12.60,-10.80,-7.05,-7.91,-8.50,-8.26,-8.86,-10.52,-11.74,-7.35,-14.15,-12.10,-11.93,-13.14,-6.25,-16.50,-12.07,-11.39,-8.37,-17.55,,-5.49,-6.75,-8.42,-7.65,-5.80,-7.90,-7.82,-7.89,-8.92,-11.52,-11.14,-10.29,-9.94,-10.93,-11.23,-8.42,-10,,-14.22,-9.51,-17.20,-6.18,-7.10,-7.11,-7.45,-7.36,-8.58,-5.07,-6.47,-6.60,-8.53,-8.55,-7.93,-7.90,-8.17,-8.17,-8.63,-9.10,-8.19,-9.14,-9.81,-6.44,-9.36,-9.34,-7.30,-14.93,-9.25,-7.69,-5.56,-8.14,-8.86,-4.59,-5.40,-7.45,-6.30,-4.49,-6.11,-5.80,-4.05,-6.92,-5.06,-3.85,-5.32,-5.10,-4.23,-5.34,-5.71,-4.19,-4.07,-4.20,-4.39,-4.61,-3.30,-3.34,-4.08,-2.54,-3.36,-4.45,-4.97,-4.71,-3.62,-4.36,-2.53,-3.40,-3.03,-3.13,-1.68,-2.25,0.36,0.14,-1.21,-1.25,-1.40,-2.31,-1.38,-1.03,-1.10,-1.50,-3.28,-1.91,-1.02,2.10,2.30,-1.29,-0.40,-1.60,-2.20,,-13.40,-9.10,-6.80,-6.20,-8,,,,,,,-5.50,-6.20,,-4.70,-5.20,-3.10,-4.21,,,,,,,,-6.70,-4.60,-2.40,-2.80,-2.20,,,,,-3,,-1.90,-2,0.50,-0.40,-0.30,,,-2,,,-1,,,-0.20,0,0,2.70,-0.60,-1.30,
2008-12-28 21:40,-7,-10.89,-12.21,-12.63,-10.40,-6.98,-7.94,-8.50,-8.39,-9.10,-10.66,-11.87,-7.18,-14.06,-12.16,-12.04,-13.21,-6.33,-16.10,-11.34,-11.10,-8.45,-17.19,,-5.51,-6.79,-8.42,-7.57,-5.75,-7.90,-7.96,-8.25,-8.81,-11.64,-11.19,-10.29,-10.09,-11.04,-10.98,-8.53,-10.40,,-14.06,-9.41,-17,-6.25,-7,-7.10,-7.36,-7.34,-8.57,-5.07,-6.46,-6.55,-8.35,-8.56,-7.93,-7.90,-8.21,-8.24,-8.63,-9,-7.75,-9.06,-9.76,-6.59,-9.18,-9.57,-7.40,-14.89,-9.47,-7.87,-5.56,-8.18,-8.78,-4.48,-5.50,-7.36,-6.30,-4.55,-6.03,-5.90,-4.13,-6.94,-5.05,-4,-5.46,-5.20,-4.14,-5.32,-5.67,-4.18,-4.08,-4.30,-4.33,-4.65,-3.23,-3.43,-4.05,-2.57,-3.55,-4.48,-5.03,-4.61,-3.67,-4.44,-2.65,-3.30,-2.70,-3.10,-1.63,-2.50,0.30,0.24,-1.25,-1.23,-1.40,-2.12,-1.30,-0.92,-1.20,-1.34,-3.36,-2.32,-1.10,2.02,2.30,-1.70,-0.52,-1.78,-2.30,,-13.20,-9,-6.80,-6.20,-8,,,,,,,-5.50,-6.30,,-4.70,-5.20,-3.10,-4.20,,,,,,,,-6.50,-4.60,-2.50,-2.80,-2.10,,,,,-2.90,,-1.90,-2,0.50,-0.40,-0.60,,,-2,,,-1,,,-0.10,-0.10,-0.10,2.70,-0.60,-1.20,
2008-12-28 21:50,-7,-10.76,-12.28,-12.74,-10.20,-7.08,-7.93,-8.50,-8.54,-9.45,-10.82,-11.99,-7.04,-14.36,-12.56,-12.26,-13.29,-6.42,-15.60,-12.31,-11.13,-8.19,-17.29,,-5.51,-6.72,-7.92,-7.61,-5.78,-8,-7.81,-8.31,-8.79,-11.76,-11.29,-10.38,-10.27,-11.16,-10.53,-8.40,-10,,-14.29,-9.30,-17.90,-6.22,-7,-7.13,-7.28,-7.26,-8.45,-5.03,-6.41,-6.50,-8.49,-8.52,-7.90,-7.90,-8.16,-8.26,-8.62,-9,-7.66,-9.18,-9.79,-6.60,-8.92,-9.84,-7.20,-14.88,-9.65,-8.17,-5.60,-8.26,-8.51,-4.54,-5.50,-7.49,-6.30,-4.36,-5.99,-5.90,-4.10,-6.99,-5.02,-3.90,-5.47,-5.10,-4.18,-5.32,-5.62,-4.21,-4.02,-4.30,-4.41,-4.63,-3.34,-3.36,-3.96,-2.52,-3.53,-4.45,-4.97,-4.59,-3.68,-4.46,-2.67,-3.30,-2.87,-2.99,-1.64,-2.64,0.36,0.16,-1.09,-1.19,-1.40,-2.13,-1.43,-1.05,-1.30,-1.46,-3.54,-2.17,-1.08,1.92,2.30,-2.04,-0.35,-2.46,-2.40,,-13.10,-9.20,-6.90,-6.10,-8,,,,,,,-5.50,-6.20,,-4.60,-5.20,-3.10,-4.33,,,,,,,,-5.90,-4.70,-2.60,-2.80,-2.10,,,,,-2.90,,-1.90,-1.90,0.40,-0.40,,,,-2,,,-1.10,,,-0.20,-0.10,-0.20,2.50,-0.70,-1.10,
2008-12-28 22:00,-7.10,-10.57,-12.36,-12.86,-10.10,-7.21,-7.99,-8.40,-8.62,-9.80,-10.84,-12.14,-7.10,-14.13,-12.50,-12.47,-13.27,-6.43,-15.20,-12.42,-11.21,-8.07,-17.51,,-5.46,-6.86,-8.15,-7.67,-5.80,-8,-7.79,-8.51,-8.81,-11.70,-11.48,-10.45,-10.34,-11.21,-10.50,-8.15,-9,,-14.01,-9.63,-17.20,-6.23,-7,-7.07,-7.64,-7.25,-8.42,-5.06,-6.35,-6.52,-8.33,-8.48,-7.90,-7.90,-8.15,-8.09,-8.53,-9.10,-7.70,-9.23,-9.72,-6.72,-9.09,-9.81,-7.20,-14.84,-9.76,-8.15,-5.70,-8.61,-8.49,-4.55,-5.50,-7.58,-6.30,-4.36,-6.07,-6,-4.09,-6.85,-5.01,-3.82,-5.55,-5.10,-4.13,-5.27,-5.59,-4.16,-4.01,-4.30,-4.42,-4.62,-3.20,-3.29,-4.02,-2.51,-3.54,-4.47,-4.94,-4.53,-3.67,-4.47,-2.72,-3.30,-2.96,-2.98,-1.73,-2.77,0.30,0.09,-1.25,-1.20,-1.50,-2.16,-1.50,-1.26,-1.30,-1.39,-3.71,-2.42,-0.87,1.83,2.40,-1.88,-0.33,-3.01,-2.40,-8.60,-13.20,-9.40,-7,-6.20,-7.90,,-8.80,-4.70,-6.40,-4.90,-5.40,-5.50,-6.30,-5.40,-4.50,-5.20,-3.10,-4.20,-3,-4.10,-4.50,-3.50,-3.80,-2.90,-4.20,-5.70,-4.80,-2.70,-2.80,-2.20,-6.70,-2.20,-2.40,-5.40,-3,-2.20,-1.80,-1.90,0.30,-0.50,-0.70,-1.20,-1.70,-1.90,-1.70,-0.90,-1.20,-0.40,-0.60,-0.20,-0.30,-0.20,2.20,-0.80,-1.10,-3.70
2008-12-28 22:10,-7.20,-10.60,-12.27,-12.93,-9.90,-7.31,-8.18,-8.50,-8.72,-9.83,-10.95,-12.19,-7.06,-14.42,-12.54,-12.55,-13.34,-6,-15,-12.59,-11.19,-7.98,-17.44,,-5.51,-6.87,-8.17,-7.54,-5.77,-8,-7.74,-8.90,-8.64,-11.61,-11.85,-10.69,-10.44,-11.48,-10.77,-8.14,-8.80,,-14.60,-9.51,-17.20,-6.20,-6.90,-7.15,-7.25,-7.33,-8.52,-4.99,-6.38,-6.49,-8.37,-8.39,-7.83,-7.90,-8.16,-8.05,-8.51,-9,-7.92,-9.26,-9.68,-6.82,-9.28,-9.47,-7.40,-14.85,-9.70,-8.24,-5.73,-8.78,-8.61,-4.56,-5.60,-7.60,-6.35,-4.38,-6.08,-5.98,-4.05,-6.66,-5.03,-3.77,-5.59,-5.10,-4.11,-5.44,-5.57,-4.14,-4.09,-4.30,-4.33,-4.57,-3.21,-3.44,-4,-2.44,-3.51,-4.40,-4.90,-4.57,-3.63,-4.47,-2.74,-3.20,-2.91,-3.08,-1.67,-2.82,0.30,0.06,-1.16,-1.21,-1.50,-2.22,-1.51,-1.28,-1.50,-1.43,-3.40,-2.70,-0.92,1.77,2.40,-1.72,-0.64,-3.23,-2.50,,-13.40,-9.60,-7.10,-6.10,-7.90,,,,,,,-5.50,-6.20,,-4.50,-5.20,-3.10,-4.29,,,,,,,,-5.40,-4.90,-2.60,-2.90,-2.20,,,,,-3,,-1.80,-1.80,0.30,-0.40,,,,-1.90,,,-1.40,,,-0.10,-0.20,-0.20,2.20,-0.80,-1.10,
2008-12-28 22:20,-7.30,-10.68,-12.16,-12.98,-9.20,-7.16,-8.23,-8.60,-8.62,-10.24,-10.85,-12.43,-7.12,-14.36,-12.53,-12.63,-13.31,-6.26,-14.80,-12.48,-11.26,-7.89,-18.11,,-5.44,-6.90,-7.61,-7.34,-5.73,-8,-7.69,-9.10,-8.62,-11.52,-11.92,-10.70,-10.65,-11.54,-10.75,-8.19,-9.40,,-13.79,-9.30,-17.50,-6.12,-6.90,-7.15,-7.32,-7.31,-8.48,-4.98,-6.47,-6.46,-8.41,-8.42,-7.89,-7.80,-8,-8.10,-8.37,-9,-8.13,-9.25,-9.62,-6.87,-9.19,-9.44,-7.70,-15.08,-9.59,-8.54,-5.57,-8.65,-8.77,-4.48,-5.60,-7.55,-6.46,-4.38,-6.08,-5.90,-4.37,-6.78,-5.10,-3.74,-5.58,-5,-4.13,-5.25,-5.55,-4.16,-4.09,-4.30,-4.42,-4.50,-3.23,-3.31,-4,-2.42,-3.48,-4.42,-4.96,-4.62,-3.69,-4.41,-2.78,-3.20,-2.89,-3.09,-1.66,-3.19,0.36,0.16,-1.19,-1.21,-1.60,-2.24,-1.48,-1.39,-1.60,-1.53,-3.47,-3.11,-0.78,1.76,2.30,-1.46,-0.54,-3.66,-2.60,,-13.80,-9.50,-7.20,-6.10,-7.80,,,,,,,-5.50,-6.10,,-4.50,-5.10,-3,-4.27,,,,,,,,-5.70,-4.90,-2.60,-2.90,-2.20,,,,,-3,,-1.80,-1.90,0.40,-0.40,-0.80,,,-1.90,,,-1.70,,,-0.10,-0.40,-0.20,2.10,-0.90,-1.10,
2008-12-28 22:30,-7.30,-10.63,-12.34,-12.94,-8.60,-6.92,-8.38,-8.60,-8.79,-10.68,-10.91,-12.46,-7.20,-14.33,-12.77,-12.41,-13.70,-6.72,-14.60,-11.85,-11.33,-7.99,-18.25,,-5.42,-6.87,-7.92,-7.33,-5.76,-8.10,-7.76,-9.33,-8.70,-11.53,-12.01,-10.73,-10.88,-11.46,-10.66,-8.19,-9.90,,-13.49,-9.28,-18.40,-6.19,-6.90,-7.03,-7.28,-7.26,-8.31,-4.96,-6.36,-6.51,-8.32,-8.29,-7.91,-7.80,-8.06,-8.12,-8.25,-9,-8.27,-9.30,-9.52,-7.28,-9.21,-9.52,-7.90,-14.86,-9.40,-8.95,-5.55,-8.55,-8.94,-4.52,-5.60,-7.50,-6.34,-4.25,-6.10,-5.88,-4.41,-6.62,-5.06,-3.71,-5.53,-5,-4.12,-5.22,-5.62,-4.13,-4.12,-4.30,-4.52,-4.52,-3.16,-3.34,-4.02,-2.43,-3.43,-4.37,-4.89,-4.53,-3.53,-4.59,-2.78,-3.20,-2.88,-2.99,-1.66,-3.26,0.37,0.17,-1.22,-1.27,-1.60,-2.21,-1.33,-1.47,-1.80,-1.50,-3.61,-3.28,-0.93,1.63,2.30,-1.34,-0.53,-3.62,-2.80,,-13.60,-9.50,-7.10,-6.10,-7.80,,,,,,,-5.50,-6.10,,-4.40,-5.10,-3,-4.31,,,,,,,,-5.80,-4.80,-2.60,-2.90,-2.10,,,,,-2.90,,-1.80,-1.90,0.30,-0.40,-1,,,-1.90,,,-2.30,,,-0.10,-0.70,-0.20,2,-1.10,-1.20,
2008-12-28 22:40,-7.40,-10.55,-12.48,-13.03,-8.50,-7.22,-8.42,-8.70,-9.33,-10.93,-10.84,-12.36,-7.16,-14.75,-12.84,-12.36,-13.73,-6.79,-14.40,-13.02,-11.10,-8.07,-17.79,,-5.49,-6.80,-8.43,-7.26,-5.78,-8.10,-7.73,-9.49,-8.61,-11.41,-12.13,-10.90,-10.91,-11.48,-10.45,-8.16,-9.80,,-12.76,-9.34,-18.60,-6.17,-6.90,-7.01,-7.19,-7.27,-8.42,-4.98,-6.36,-6.41,-8.19,-8.20,-7.87,-7.80,-7.98,-8.08,-8.22,-9,-8.39,-9.30,-9.40,-7.50,-9.27,-9.51,-7.90,-15.01,-9.56,-8.59,-5.68,-8.42,-9.08,-4.62,-5.70,-7.47,-6.33,-4.44,-6.07,-5.89,-4.46,-6.56,-5.04,-3.76,-5.44,-4.90,-4.08,-5.18,-5.70,-4.18,-4.16,-4.30,-4.46,-4.52,-3.24,-3.34,-4.01,-2.38,-3.40,-4.38,-5.13,-4.40,-3.65,-4.52,-2.77,-3.20,-2.88,-2.96,-1.56,-3.36,0.41,0.01,-1.24,-1.23,-1.70,-2.14,-1.30,-1.35,-1.90,-1.47,-3.77,-3.65,-1.06,1.55,2.20,-1.41,-0.68,-3.35,-3.10,,-13.40,-9.30,-7.10,-6.10,-7.80,,,,,,,-5.70,-6.10,,-4.40,-5.10,-2.90,-4.40,,,,,,,,-5.80,-4.70,-2.60,-3,-2.10,,,,,-3,,-1.80,-1.90,0.30,-0.40,-1.10,,,-2,,,-2.50,,,-0.10,-0.20,-0.10,2,-1.10,-1.30,
2008-12-28 22:50,-7.40,-10.45,-12.21,-12.99,-9.10,-7.06,-8.38,-8.90,-9.54,-11.27,-10.95,-12.25,-7.02,-14.87,-13.01,-12.91,-13.71,-7.33,-14.20,-13.17,-11.40,-8.31,-17.81,,-5.51,-6.69,-8.45,-7.21,-5.71,-8.10,-7.67,-9.50,-8.58,-11.46,-12.24,-10.93,-11.13,-11.53,-10.42,-8,-9.40,,-13.65,-9.40,-17.90,-6.06,-6.80,-7.05,-7.27,-7.27,-8.21,-5.03,-6.38,-6.47,-8.19,-8.11,-7.80,-7.70,-7.96,-8,-8.23,-9,-8.45,-9.31,-9.32,-8.14,-9.65,-9.67,-7.90,-15.06,-9.42,-8.53,-5.74,-8.55,-9.03,-4.62,-5.60,-7.50,-6.40,-4.44,-6.04,-6.01,-4.72,-6.58,-5.05,-3.79,-5.42,-4.90,-4.12,-5.19,-5.75,-4.15,-4.05,-4.30,-4.65,-4.60,-3.24,-3.40,-3.99,-2.34,-3.52,-4.42,-5.17,-4.43,-3.62,-4.59,-2.74,-3.20,-2.87,-2.94,-1.58,-3.31,0.23,-0.14,-1.21,-1.23,-1.70,-2.07,-1.31,-1.29,-2,-1.60,-4,-4.04,-0.95,1.49,2.20,-1.48,-0.66,-3.54,-3.40,,-13.30,-9.40,-7.10,-6.10,-7.80,,,,,,,-5.60,-6.10,,-4.40,-5.20,-2.90,-4.43,,,,,,,,-5.70,-4.70,-2.60,-3,-2.20,,,,,-2.90,,-1.80,-1.80,0.30,-0.40,-1.10,,,-2,,,-3.10,,,-0.10,-0.10,-0.20,2,-1.30,-1.30,
2008-12-28 23:00,-7.40,-10.59,-12.09,-13.13,-9,-6.89,-8.62,-9,-9.45,-11.27,-11.13,-12.37,-6.89,-14.47,-13.23,-13.20,-14.17,-7.74,-14,-13.02,-11.18,-7.98,-18.08,,-5.48,-6.56,-8.42,-7.24,-5.68,-8,-7.64,-9.27,-8.51,-11.56,-12.10,-11.08,-11.70,-11.58,-10.44,-7.99,-9.70,,-13.41,-9.77,-17.50,-5.98,-6.80,-7,-7.20,-7.27,-8.14,-4.97,-6.28,-6.35,-8.24,-8.23,-7.84,-7.70,-7.94,-8.01,-8.11,-8.90,-8.57,-9.32,-9.48,-8.02,-9.21,-9.52,-7.90,-15.11,-9.19,-8.50,-5.70,-8.44,-8.93,-4.63,-5.70,-7.53,-6.34,-4.59,-5.96,-5.99,-4.79,-6.48,-5.01,-3.73,-5.45,-4.90,-4.13,-5.18,-5.67,-4.15,-4.10,-4.30,-4.83,-4.66,-3.09,-3.43,-3.96,-2.37,-3.38,-4.41,-5.01,-4.52,-3.51,-4.50,-2.78,-3.10,-3.01,-2.98,-1.57,-3.20,0.17,-0.11,-1.13,-1.22,-1.70,-2.02,-1.47,-1.30,-2.10,-1.68,-4.29,-4.04,-0.97,1.41,2.10,-1.52,-0.75,-3.83,-3.60,-8.80,-13.40,-8.70,-7.10,-6.10,-7.70,-5.40,-8.40,-4.80,-6.70,-5,-5.60,-6,-6.20,-5.50,-4.40,-5.10,-2.90,-4.30,-2.90,-4.40,-4.60,-3.60,-3.80,-3.10,-4.40,-5.60,-4.70,-2.60,-3,-2.10,-6.90,-2.20,-2.40,-4.30,-2.90,-2.40,-1.80,-1.80,0.30,-0.40,-1.10,,-1.80,-1.90,-2,,-3.60,,-0.50,0,0,-0.20,1.90,-1.30,-1.40,-6
2008-12-28 23:10,-7.40,-10.51,-12.09,-13.06,-9.10,-6.75,-8.54,-9.10,-9.57,-11.52,-11.33,-12.81,-6.85,-14.33,-13.46,-13.42,-14.32,-7.94,-13.90,-12.99,-11.02,-8.30,-18.31,,-5.43,-6.56,-7.68,-7.20,-5.72,-7.90,-7.63,-9.09,-8.58,-11.53,-11.77,-11.16,-11.97,-11.67,-10.40,-8.16,-9.10,,-13.46,-10.04,-18.30,-6,-6.80,-6.95,-7.26,-7.25,-8.17,-4.89,-6.21,-6.40,-8.28,-8.17,-7.82,-7.70,-7.97,-8.04,-8.18,-8.90,-8.52,-9.26,-9.42,-8.18,-9.43,-9.35,-8.20,-15.26,-8.84,-8.48,-5.68,-8.33,-9.01,-4.64,-5.60,-7.51,-6.30,-4.62,-6.02,-6.30,-4.76,-6.37,-5.11,-3.67,-5.38,-4.90,-4.15,-5.07,-5.55,-4.15,-4.12,-4.30,-4.72,-4.56,-3.03,-3.42,-3.90,-2.36,-3.36,-4.41,-5.14,-4.56,-3.48,-4.54,-2.70,-3.10,-2.85,-3.05,-1.63,-3.23,0.10,-0.19,-1.05,-1.25,-1.70,-2.07,-1.65,-1.29,-2.50,-1.59,-4.45,-3.63,-1.06,1.46,2.10,-1.62,-0.81,-3.35,-4.20,,-13.50,-9.60,-7.10,-6.10,-7.70,,,,,,,-6.10,-6.20,,-4.40,-5.10,-2.90,-4.39,,,,,,,,-5.40,-4.40,-2.60,-3,-2.10,,,,,-2.90,,-1.80,-2,0.30,-0.40,-1.10,,,-1.90,,,-3.90,,,0,0,-0.20,1.90,-1.30,-1.40,
2008-12-28 23:20,-7.40,-10.40,-12.18,-13.14,-10.30,-6.89,-8.58,-9.20,-9.50,-11.85,-11.32,-12.61,-7.14,-14.40,-13.39,-13.50,-14.60,-8.03,-13.80,-13.45,-11.09,-8.65,-18.39,,-5.57,-6.60,-7.13,-7.08,-5.64,-7.90,-7.61,-9.07,-8.62,-11.38,-11.67,-11.38,-11.86,-11.80,-10.42,-8.05,-9.30,,-13.73,-10.09,-18.50,-5.93,-6.80,-6.96,-7.12,-7.20,-8.02,-4.85,-6.21,-6.30,-8.22,-8.32,-7.75,-7.70,-7.98,-8.09,-8.23,-8.90,-8.53,-9.32,-9.39,-8.07,-9.60,-9.49,-8,-15.27,-8.74,-8.56,-5.59,-8.32,-9.10,-4.56,-5.70,-7.54,-6.30,-4.59,-5.92,-6.30,-4.71,-6.35,-5.16,-3.72,-5.35,-4.90,-4.13,-5.07,-5.67,-4.11,-4.11,-4.30,-4.63,-4.54,-3.10,-3.44,-3.95,-2.38,-3.43,-4.37,-5.13,-4.37,-3.48,-4.58,-2.90,-3.10,-2.98,-3.02,-1.60,-3.42,0.03,-0.35,-1.06,-1.42,-1.60,-2.02,-1.65,-1.36,-3,-1.78,-4.50,-3.89,-0.93,1.43,2,-1.74,-0.86,-3.29,-4.50,,-13.60,-10,-7.20,-6.10,-7.70,,,,,,,-6.20,-6.20,,-4.40,-5.10,-2.80,-4.44,,,,,,,,-5.20,-4.30,-2.60,-3,-2.10,,,,,-2.90,,-1.80,-2.20,0.30,-0.30,-1.10,,,-1.90,,,-4.20,,,0.10,0.20,-0.20,1.80,-1.30,-1.40,
2008-12-28 23:30,-7.60,-10.29,-12.16,-13.21,-9.80,-6.92,-8.60,-9.40,-8.98,-12.08,-11.40,-12.88,-7.31,-14.53,-13.29,-13.65,-14.69,-7.96,-13.70,-12.85,-11.10,-8.68,-18.59,,-5.69,-6.60,-7.08,-6.85,-5.70,-7.80,-7.77,-9.01,-8.73,-11.28,-11.70,-11.53,-11.83,-12.01,-10.40,-8.15,-9.50,,-13.30,-10.03,-17.90,-5.89,-6.80,-6.91,-7.07,-7.22,-7.86,-4.93,-6.24,-6.31,-8.19,-8.25,-7.74,-7.70,-7.97,-7.96,-8.19,-8.90,-8.55,-9.24,-9.40,-8.29,-9.31,-9.66,-8,-15.35,-8.92,-8.56,-5.77,-8.26,-9.08,-4.56,-5.70,-7.56,-6.30,-4.71,-5.96,-6.20,-4.70,-6.29,-5.19,-3.60,-5.15,-4.80,-4.14,-5.04,-5.69,-4.19,-4.08,-4.30,-4.70,-4.58,-3.09,-3.45,-3.92,-2.36,-3.46,-4.39,-5.22,-4.47,-3.52,-4.47,-2.81,-3,-2.78,-2.95,-1.50,-3.41,0.10,-0.42,-1.06,-1.73,-1.60,-2.02,-1.77,-1.36,-3.40,-1.87,-4.55,-4.03,-0.98,1.33,2,-1.99,-1.39,-3.57,-4.80,,-13.80,-10.20,-7.20,-6.10,-7.70,,,,,,,-6.20,-6.20,,-4.40,-5.10,-2.80,-4.35,,,,,,,,-5.10,-4.20,-2.60,-3,-2.10,,,,,-2.90,,-1.80,-2.40,0.30,-0.30,-1.20,,,-1.80,,,-3.70,,,0.10,0.20,-0.20,1.80,-1.30,-1.40,
2008-12-28 23:40,-7.50,-10.20,-12.32,-13.23,-9.10,-6.76,-8.78,-9.50,-8.50,-12.26,-11.60,-12.85,-7.28,-14.41,-13.42,-13.86,-14.57,-7.94,-13.70,-12.95,-11.04,-8.97,-18.58,,-5.62,-6.54,-6.77,-6.67,-5.62,-7.80,-7.73,-8.87,-8.78,-11.35,-11.82,-11.64,-11.77,-11.94,-10.37,-8.01,-9.80,,-14.35,-10.02,-17.50,-5.90,-6.80,-6.90,-7.26,-7.16,-7.87,-4.95,-6.25,-6.34,-8.23,-8.21,-7.79,-7.70,-7.93,-8.01,-8.11,-8.80,-8.62,-9.38,-9.37,-8.19,-9.65,-9.93,-8.50,-15.43,-9.30,-8.53,-5.83,-8.30,-9.15,-4.77,-5.70,-7.52,-6.40,-4.78,-5.97,-6.30,-4.83,-6.21,-5.04,-3.65,-5.21,-4.80,-4.18,-4.91,-5.59,-4.17,-4.09,-4.20,-4.56,-4.63,-3.06,-3.45,-4,-2.37,-3.46,-4.38,-5.20,-4.48,-3.46,-4.36,-2.96,-3,-2.91,-2.92,-1.54,-3.46,0.11,-0.18,-1.10,-1.85,-1.60,-1.94,-1.82,-1.42,-3.90,-2.02,-4.30,-4.65,-0.86,1.46,2.30,-2.10,-1.51,-3.75,-5.10,,-13.90,-10.10,-7.20,-6.10,-7.70,,,,,,,-6.10,-6.30,,-4.30,-5.10,-2.80,-4.35,,,,,,,,-5.10,-4.20,-2.60,-2.90,-2.10,,,,,-2.90,,-1.80,-2.60,0.30,-0.20,,,,-1.80,,,-4,,,0.20,0,-0.10,1.70,-1.30,-1.30,
2008-12-28 23:50,-7.60,-10.13,-12.49,-13.17,-9.10,-6.53,-8.76,-9.80,-8.81,-12.34,-11.73,-12.66,-7.43,-14.21,-13.62,-13.82,-14.18,-7.68,-13.70,-13.36,-11.11,-9.44,-18.51,,-5.70,-6.55,-6.52,-6.50,-5.59,-7.80,-7.68,-8.82,-8.80,-11.44,-11.96,-11.63,-11.97,-11.91,-10.05,-7.99,-10.20,,-13.46,-9.78,-17.40,-5.86,-6.80,-6.87,-6.93,-7.17,-7.78,-4.99,-6.20,-6.31,-8.20,-8.21,-7.76,-7.60,-7.81,-7.94,-8.12,-8.80,-8.69,-9.47,-9.37,-8.33,-9.94,-9.97,-8.20,-15.47,-9.52,-8.65,-5.80,-8.38,-9.14,-4.66,-5.70,-7.44,-6.30,-4.76,-6.07,-6.40,-5,-6.24,-4.83,-3.64,-5.18,-4.70,-4.14,-4.86,-5.66,-4.11,-4.09,-4.20,-4.47,-4.55,-3.10,-3.37,-3.97,-2.33,-3.45,-4.40,-4.96,-4.50,-3.51,-4.43,-3.02,-3,-2.94,-2.96,-1.37,-3.40,0.07,0.13,-1.06,-1.95,-1.70,-2.04,-1.73,-1.26,-4.40,-2.22,-3.79,-4.49,-1.06,1.75,2.30,-2.33,-1.35,-3.66,-5.50,,-13.80,-9.80,-7.20,-6,-7.60,,,,,,,-6,-6.30,,-4.20,-5.10,-2.90,-4.47,,,,,,,,-5,-4.20,-2.60,-2.90,-2.10,,,,,-2.90,,-1.80,-2.90,0.30,-0.20,-1.20,,,-1.80,,,-4.70,,,0.20,-0.10,-0.10,1.50,-1.50,-1.20,
2008-12-29 00:00,-7.60,-10.21,-12.70,-13.36,-9.10,-6.48,-8.70,-9.80,-8.72,-12.54,-11.74,-12.48,-7.64,-14.08,-13.72,-13.80,-14.20,-7.76,,-13.62,-11.20,-9.47,-18.10,,-5.61,-6.43,-6.37,-6.40,-5.69,-7.70,-7.81,-8.61,-8.86,-11.42,-11.96,-11.53,-12,-11.96,-10.12,-7.87,-9.80,,-13.21,-10.01,-18.30,-5.92,-6.70,-6.81,-7.10,-7.14,-7.55,-4.84,-6.20,-6.34,-8.24,-8.22,-7.75,-7.60,-7.95,-7.91,-8.08,-8.80,-8.64,-9.48,-9.36,-8.40,-9.84,-9.94,-8.20,-15.58,-9.39,-8.56,-5.80,-8.39,-9.43,-4.73,-5.60,-7.57,-6.40,-4.61,-6.05,-6.40,-5.24,-6.15,-4.90,-3.69,-5.32,-4.70,-4.11,-4.98,-5.51,-4.11,-3.96,-4.20,-4.51,-4.46,-3.12,-3.36,-3.98,-2.30,-3.40,-4.31,-5.17,-4.52,-3.35,-4.47,-2.95,-3,-2.89,-2.90,-1.39,-3.47,-0.05,0.28,-1.08,-2.12,-2,-2,-1.72,-1.16,-4.70,-2.52,-3.73,-4.92,-0.96,1.79,2.20,-2.43,-1.54,-3.30,-5.70,-9.20,-13.60,-10.20,-7.20,-6,-7.60,-5.20,-9,-5.20,-6.90,-5.10,-5.70,-5.90,-6.30,-5.50,-4.20,-4.90,-2.90,-4.50,,-4.70,-4.60,-3.60,-3.90,-3.10,-4.60,-5,-4.20,-2.60,-2.90,-2.10,-5.20,-2.30,-2.90,-4.70,-2.80,-2.40,-1.90,-3,0.20,-0.20,-1.20,-1.10,-1.90,-1.80,-1.80,-1.20,-4.90,-1.10,-0.60,0.20,-0.10,0,1.10,-1.50,-1.30,-5
2008-12-29 00:10,-7.70,-10.31,-12.79,-13.40,-9.20,-6.47,-8.82,-9.80,-8.55,-12.57,-11.82,-12.81,-7.79,-13.94,-13.68,-13.83,-14.30,-8.12,-13.80,-13.12,-11.12,-9.58,-18.50,,-5.59,-6.40,-6.57,-6.27,-5.61,-7.60,-7.79,-8.41,-8.83,-11.34,-12.02,-11.78,-12.21,-12.02,-10.66,-7.75,-9.90,,-14.34,-9.85,-18,-5.89,-6.70,-6.80,-6.91,-7.15,-7.50,-4.85,-6.11,-6.27,-8.24,-8.18,-7.69,-7.60,-7.90,-7.88,-8.06,-8.80,-8.79,-9.47,-9.35,-8.52,-9.70,-9.99,-8.40,-15.47,-9.09,-8.46,-5.80,-8.47,-9.36,-4.88,-5.60,-7.93,-6.34,-4.70,-6.13,-6.21,-5.33,-6.04,-4.92,-3.66,-5.28,-4.70,-4.08,-4.95,-5.60,-4.19,-4.05,-4.20,-4.62,-4.51,-3.10,-3.33,-4.03,-2.25,-3.32,-4.35,-5.16,-4.61,-3.30,-4.60,-3,-3,-2.91,-2.80,-1.42,-3.49,-0.11,0.34,-1.02,-2.40,-2.30,-2.05,-1.72,-1.48,-5,-3.01,-3.77,-5.14,-1.01,1.79,2.20,-2.58,-1.68,-3.24,-5.80,,-13.60,-10.40,-7,-6,-7.60,,,,,,,-5.90,-6.20,,-4.20,-5.10,-2.90,-4.49,,,,,,,,-4.90,-4.20,-2.60,-2.90,-2.10,,,,,-2.80,,-1.90,-3.20,0.20,-0.20,-1.30,,,-1.80,,,-5.20,,,0.20,-0.10,-0.10,1,-1.50,-1.30,
2008-12-29 00:20,-7.70,-10.45,-12.81,-13.51,-9.20,-6.51,-9.06,-9.70,-9.02,-12.76,-11.93,-12.95,-7.94,-13.87,-13.47,-13.16,-14.43,-8.15,-13.90,-12.49,-11.03,-9.37,-18.76,,-5.56,-6.38,-6.70,-6.43,-5.61,-7.60,-7.85,-8.13,-8.87,-11.37,-12.08,-11.72,-12.18,-11.99,-10.96,-7.81,-9.90,,-15.52,-9.64,-17.80,-5.93,-6.70,-6.72,-6.89,-7.21,-7.34,-4.91,-6.13,-6.27,-8.19,-8.18,-7.69,-7.60,-7.79,-7.92,-8.16,-8.70,-8.75,-9.48,-9.29,-8.73,-9.42,-9.89,-8.50,-15.11,-9.97,-8.45,-5.74,-8.48,-9.61,-4.76,-5.50,-7.74,-6.27,-4.82,-6.19,-6.12,-5.25,-6.04,-4.94,-3.59,-5.25,-4.60,-4.07,-4.80,-5.59,-4.16,-4.05,-4.20,-4.76,-4.55,-3.02,-3.17,-4.05,-2.27,-3.30,-4.37,-5.18,-4.61,-3.39,-4.48,-3.17,-2.90,-2.92,-2.83,-1.39,-3.48,-0.21,0.24,-1.05,-2.75,-2.50,-2.11,-1.70,-1.49,-5,-3.55,-3.74,-5.30,-1.14,1.54,2,-2.56,-1.75,-3.13,-6,,-13.80,-10.50,-6.80,-6,-7.60,,,,,,,-6,-6.20,,-4.20,-5.10,-2.90,-4.52,,,,,,,,-4.90,-4.20,-2.50,-2.90,-2.20,,,,,-2.80,,-1.90,-3.40,0.10,-0.20,,,,-1.80,,,-5.40,,,0.20,-0.10,-0.10,0.80,-1.50,-1.30,
2008-12-29 00:30,-7.80,-10.65,-12.66,-13.57,-9.40,-6.42,-9.33,-9.60,-9.38,-12.93,-11.76,-12.90,-7.79,-13.58,-13.83,-13,-14.42,-7.95,-14,-13.19,-11.07,-9.03,-18.89,,-5.51,-6.41,-6.63,-6.87,-5.67,-7.50,-7.89,-7.99,-8.95,-11.40,-12.17,-12.09,-11.93,-11.96,-11.37,-7.96,-9.40,,-14.28,-9.74,-19,-5.83,-6.70,-6.70,-6.91,-7.14,-7.37,-4.81,-6.10,-6.22,-8.16,-8.19,-7.65,-7.50,-7.84,-7.93,-8.06,-8.70,-8.71,-9.50,-9.16,-8.80,-9.48,-10.12,-8.50,-15.25,-10.34,-8.66,-5.72,-8.55,-9.64,-4.71,-5.40,-7.54,-6.39,-4.75,-6.13,-6.07,-5.31,-5.77,-4.82,-3.56,-5.30,-4.60,-4.09,-4.90,-5.59,-4.12,-3.94,-4.10,-4.53,-4.62,-3.06,-3.20,-4.11,-2.32,-3.36,-4.36,-5.16,-4.60,-3.41,-4.71,-3.20,-2.90,-2.93,-2.78,-1.34,-3.47,-0.36,0.25,-0.98,-3.03,-2.60,-2.04,-1.68,-1.42,-5.20,-3.71,-3.76,-5.57,-1.19,1.47,1.80,-2.63,-1.89,-3.23,-6.10,,-13.90,-10.40,-6.90,-6,-7.60,,,,,,,-5.90,-6.20,,-4.10,-5.10,-2.90,-4.59,,,,,,,,-4.80,-4.20,-2.50,-2.90,-2.20,,,,,-2.80,,-1.90,-3.60,0.10,-0.20,-1.50,,,-1.80,,,-5.70,,,0.30,0,-0.10,0.60,-1.70,-1.50,
2008-12-29 00:40,-7.80,-10.77,-12.71,-13.57,-9.70,-6.44,-9.55,-9.70,-9,-13.12,-11.73,-12.92,-8.22,-13.25,-13.89,-13.08,-14.38,-7.90,-14.10,-13.18,-11.10,-8.85,-18.74,,-5.41,-6.39,-6.52,-7.23,-5.65,-7.30,-7.86,-7.97,-9.15,-11.47,-12.03,-12.46,-11.77,-11.92,-11.42,-7.98,-9.80,,-13.69,-9.68,-18.40,-5.87,-6.60,-6.70,-6.85,-7,-7.58,-4.89,-6.08,-6.18,-8.12,-8.22,-7.52,-7.50,-7.82,-7.91,-7.97,-8.70,-8.67,-9.55,-9.12,-8.88,-9.46,-10.25,-8.40,-15.29,-10.18,-8.67,-5.82,-8.60,-9.85,-4.81,-5.50,-7.65,-6.40,-4.94,-6,-6.12,-5.31,-5.55,-4.76,-3.55,-5.24,-4.60,-4.12,-4.84,-5.59,-4.04,-3.92,-4.10,-4.57,-4.63,-2.99,-3.28,-4.07,-2.30,-3.30,-4.34,-5.16,-4.56,-3.45,-4.66,-3.09,-2.90,-2.92,-2.90,-1.35,-3.55,-0.29,0.16,-0.90,-3.38,-2.80,-2.04,-1.73,-1.52,-5.10,-4.37,-3.85,-5.80,-1.17,1.45,1.80,-2.95,-2.19,-3.28,-6.50,,-14.10,-9.10,-7,-6,-7.50,,,,,,,-5.80,-6.30,,-4.10,-5.10,-2.90,-4.61,,,,,,,,-4.80,-4.10,-2.60,-2.90,-2.30,,,,,-2.70,,-2,-3.90,0.10,-0.20,-1.50,,,-1.80,,,-5.80,,,0.20,0.10,-0.10,0.40,-2,-1.90,
2008-12-29 00:50,-7.80,-10.76,-12.99,-13.60,-10.20,-6.46,-9.56,-9.70,-8.83,-13.22,-11.81,-13.31,-8.70,-13.43,-14.03,-13.04,-14.36,-7.91,-14.10,-13.31,-11.40,-8.60,-18.66,,-5.47,-6.32,-7.11,-7.21,-5.66,-7.20,-7.81,-8.05,-9.04,-11.42,-12.09,-12.19,-11.58,-11.83,-11.41,-7.90,-9.90,,-15.85,-9.46,-18.30,-5.90,-6.60,-6.73,-6.89,-7.06,-7.61,-4.89,-6.11,-6.15,-8.14,-8.21,-7.54,-7.50,-7.80,-7.87,-7.94,-8.70,-8.60,-9.58,-9.09,-8.91,-9.86,-10.33,-8.70,-15.42,-10.27,-8.53,-5.91,-8.76,-10,-4.84,-5.50,-7.86,-6.48,-5.05,-5.89,-6.14,-5.36,-5.47,-4.65,-3.57,-5.21,-4.60,-4.08,-4.77,-5.49,-4.04,-3.90,-4.10,-4.38,-4.57,-2.99,-3.28,-3.97,-2.27,-3.21,-4.34,-5.20,-4.69,-3.48,-4.52,-3.17,-2.80,-2.80,-2.88,-1.40,-3.57,-0.25,-0.07,-1.05,-3.72,-3,-1.96,-1.84,-1.71,-5.10,-4.67,-4,-5.90,-1.17,1.46,1.50,-3.11,-2.27,-3.13,-6.60,,-14,-8.90,-7,-6,-7.50,,,,,,,-5.80,-6.20,,-4,-5,-2.90,-4.57,,,,,,,,-4.80,-4.10,-2.50,-2.80,-2.40,,,,,-2.70,,-2,-4.10,0.10,-0.20,-1.40,,,-1.70,,,-5.60,,,0.20,0.10,-0.10,0.20,-2.40,-2.20,
2008-12-29 01:00,-7.70,-10.88,-12.93,-13.68,-10.20,-6.68,-9.54,-9.70,-8.94,-13.36,-11.89,-13.34,-8.52,-13.17,-14,-12.94,-14.47,-7.94,-14.10,-13.98,-11.16,-8.68,-19.04,,-5.45,-6.30,-7.17,-7.21,-5.61,-7.20,-7.86,-8.13,-9,-11.55,-12.12,-11.73,-11.55,-11.71,-11.37,-7.53,-9.40,,-14.24,-9.33,-18.50,-5.88,-6.60,-6.76,-6.88,-7.01,-7.56,-4.92,-6.08,-6.20,-8.18,-8.25,-7.59,-7.40,-7.68,-7.79,-7.97,-8.60,-8.57,-9.60,-9.17,-8.97,-9.58,-10.28,-9.10,-15.44,-10.79,-8.67,-5.94,-8.85,-10.04,-4.75,-5.50,-8.01,-6.38,-5.04,-5.86,-6.18,-5.42,-5.59,-4.60,-3.57,-5.20,-4.50,-4.09,-4.60,-5.44,-4.06,-3.88,-4.10,-4.41,-4.59,-3,-3.28,-4.04,-2.26,-3.17,-4.32,-5.15,-4.84,-3.46,-4.47,-3.25,-2.80,-2.92,-2.92,-1.35,-3.55,-0.41,-0.07,-1.19,-4.08,-3.40,-1.93,-1.80,-1.84,-5.30,-4.61,-4.26,-6.26,-1.14,1.51,1.20,-3.23,-2.33,-3.07,-6.90,-9.60,-14.20,-9.10,-6.90,-6,-7.50,-5.10,-9.70,-5.60,-6.90,-5.30,-6.10,-5.70,-6.10,-5.30,-3.90,-5,-2.90,-4.60,,-5.10,-4.50,-3.60,-4.20,-3.40,-4.60,-4.70,-4.10,-2.50,-2.80,-2.40,-4.30,-2.30,-3.10,-4.50,-2.60,-2.20,-2,-4.10,-0.10,-0.20,-1.40,,-2.10,-1.70,-2.90,-1.30,-5.90,-1.10,-0.70,0.20,0.10,-0.10,0.20,-3.10,-2.50,-4.80
2008-12-29 01:10,-7.80,-11.07,-12.61,-13.76,-8.88,-6.72,-9.62,-9.30,-8.87,-13.44,-11.96,-13.04,-8.18,-12.89,-13.86,-13.63,-14.47,-7.96,-14.30,-13.18,-11.16,-9.07,-19.17,,-5.43,-6.45,-7.20,-7.31,-5.63,-7.10,-7.74,-8.15,-9.27,-11.80,-11.89,-11.46,-11.68,-11.55,-11.69,-7.67,-9.50,,-14.16,-9.26,-17.90,-5.82,-6.60,-6.73,-6.73,-7.03,-7.53,-4.82,-6.02,-6.12,-8.13,-8.14,-7.61,-7.40,-7.68,-7.83,-7.96,-8.70,-8.52,-9.81,-9.19,-8.97,-9.18,-10.41,-9.40,-15.58,-11.11,-8.73,-5.83,-8.87,-9.99,-4.65,-5.60,-7.94,-6.38,-4.92,-5.84,-6.18,-5.37,-5.53,-4.59,-3.56,-5.10,-4.50,-4.11,-4.65,-5.56,-3.98,-3.89,-4.10,-4.40,-4.64,-2.99,-3.21,-4.02,-2.21,-3.24,-4.30,-5.20,-4.64,-3.48,-4.53,-3.03,-2.80,-2.89,-2.89,-1.44,-3.59,-0.31,-0.10,-1.15,-4.32,-3.60,-2.03,-1.99,-1.89,-5.60,-5.03,-4.42,-6.31,-1.22,1.56,1.20,-3.43,-2.54,-2.66,-7.10,,-14.10,-10.30,-6.80,-6,-7.50,,,,,,,-5.60,-6.10,,-3.90,-5,-2.90,-4.57,,,,,,,,-4.70,-4.10,-2.50,-2.80,-2.30,,,,,-2.60,,-2,-4.40,-0.10,-0.20,-1.40,,,-1.70,,,-5.70,,,0.20,0,-0.10,0.20,-3.10,-2.60,
2008-12-29 01:20,-7.90,-11.22,-12.62,-13.82,-8.40,-6.71,-9.81,-9.10,-8.88,-13.43,-12.07,-12.61,-8.11,-13.46,-14.09,-13.62,-14.53,-7.86,-14.40,-12.43,-11.15,-9.23,-19.23,,-5.44,-6.48,-7.08,-7.20,-5.59,-7,-7.56,-8.10,-9.31,-11.74,-11.98,-11.21,-11.61,-11.52,-12.10,-7.47,-9.70,,-13.94,-9.02,-18.30,-5.84,-6.60,-6.74,-6.56,-6.99,-7.66,-4.79,-6.17,-6.07,-8.15,-8,-7.57,-7.50,-7.78,-7.85,-7.88,-8.70,-8.51,-9.61,-9.19,-8.94,-9.35,-10.34,-9.50,-15.38,-11.03,-8.88,-5.78,-8.91,-10.11,-4.91,-5.60,-7.88,-6.37,-4.92,-5.76,-6.14,-5.40,-5.41,-4.55,-3.66,-4.92,-4.40,-4.05,-4.79,-5.44,-3.96,-3.90,-4,-4.43,-4.71,-2.99,-3.22,-3.91,-2.27,-3.30,-4.31,-5.17,-4.74,-3.45,-4.62,-3.11,-2.80,-2.83,-2.88,-1.33,-3.77,-0.26,-0.09,-1.39,-4.56,-3.70,-2.15,-1.95,-1.75,-5.50,-4.47,-4.57,-6.16,-1.28,1.60,0.90,-3.53,-2.61,-2.73,-7.20,,-14.30,-10.30,-6.70,-6,-7.50,,,,,,,-5.60,-6,,-3.90,-5,-2.90,-4.60,,,,,,,,-4.70,-4.10,-2.50,-2.80,-2.40,,,,,-2.60,,-2,-4.60,-0.20,-0.20,-1.30,,,-1.70,,,-5.80,,,0.20,-0.10,-0.10,0.10,-3.60,-3,
2008-12-29 01:30,-7.90,-11.26,-12.78,-13.81,-7.90,-6.76,-9.77,-9.10,-9.40,-13.41,-12.15,-12.25,-8.05,-13.21,-14.35,-13.49,-14.71,-7.91,-14.40,-12.72,-11.18,-9.17,-19.33,,-5.43,-6.40,-7.11,-7.21,-5.60,-7,-7.45,-7.99,-9.17,-11.75,-11.90,-11.05,-11.28,-11.65,-12.26,-7.57,-9.30,,-13.68,-8.94,-18.50,-5.85,-6.60,-6.72,-6.77,-6.97,-7.68,-4.79,-6.07,-6.11,-8.10,-8.02,-7.54,-7.40,-7.73,-7.81,-7.91,-8.60,-8.54,-9.73,-9.13,-9.04,-9.34,-10.45,-9.50,-15.61,-10.91,-8.85,-5.95,-8.84,-10.14,-4.83,-5.70,-7.97,-6.46,-5.04,-5.72,-6.07,-5.55,-5.45,-4.54,-3.47,-4.92,-4.40,-4.01,-4.79,-5.39,-3.89,-3.95,-4,-4.40,-4.59,-3.01,-3.29,-3.98,-2.28,-3.31,-4.30,-5.20,-4.83,-3.49,-4.65,-3.08,-2.80,-3.04,-2.87,-1.30,-3.86,-0.32,-0.21,-1.30,-4.67,-3.60,-2.15,-1.94,-1.68,-5.60,-4.76,-4.59,-5.53,-1.18,1.63,1,-3.80,-2.77,-2.78,-7.20,,-14.40,-10.50,-6.50,-6,-7.50,,,,,,,-5.40,-6.10,,-3.90,-5,-2.90,-4.63,,,,,,,,-4.70,-4,-2.50,-2.80,-2.50,,,,,-2.60,,-2,-4.80,-0.20,-0.30,-1.20,,,-1.60,,,-6.30,,,0.20,-0.10,-0.10,-0.10,-3.80,-3.10,
2008-12-29 01:40,-7.90,-11.29,-12.79,-13.83,-8.10,-6.59,-9.85,-9.30,-9.51,-13.49,-12.24,-12.22,-7.86,-13.69,-13.98,-13.53,-14.40,-7.96,-14.40,-13.64,-11.34,-9.36,-19.01,,-5.45,-6.15,-7.21,-7.29,-5.55,-6.90,-7.38,-7.99,-9.19,-11.71,-11.59,-10.87,-10.95,-11.61,-12.20,-7.46,-9.50,,-13.23,-8.93,-18.60,-5.84,-6.60,-6.70,-6.71,-6.94,-7.52,-4.78,-6.05,-6.06,-8.08,-8.09,-7.52,-7.40,-7.65,-7.85,-7.90,-8.60,-8.53,-9.72,-9.02,-9.03,-9.42,-10.50,-9.70,-15.42,-11.07,-8.79,-5.94,-8.48,-10.24,-4.61,-5.70,-7.95,-6.57,-4.89,-5.72,-5.92,-5.69,-5.56,-4.43,-3.46,-4.89,-4.30,-4.04,-4.89,-5.48,-3.83,-3.98,-4.10,-4.41,-4.63,-3.03,-3.18,-3.89,-2.26,-3.30,-4.27,-5.37,-4.76,-3.42,-4.62,-2.93,-2.80,-3.10,-2.88,-1.32,-3.96,-0.20,-0.33,-1.45,-4.87,-3.40,-2.15,-2,-1.87,-5.60,-4.49,-4.70,-5,-1.25,1.63,0.70,-3.80,-2.52,-2.75,-7.20,,-14.30,-10.40,-6.40,-6,-7.50,,,,,,,-5.20,-6.10,,-3.90,-5,-3,-4.65,,,,,,,,-4.60,-4,-2.50,-2.80,-2.50,,,,,-2.60,,-2,-4.70,-0.20,-0.30,-1.30,,,-1.60,,,-6.50,,,0.20,-0.10,0,-0.20,-4.30,-3.40,
2008-12-29 01:50,-8,-11.24,-12.72,-13.65,-7.90,-6.43,-9.75,-9.30,-9.60,-13.38,-12.26,-12.42,-7.74,-13.70,-14.10,-13.10,-13.23,-7.99,-14.60,-13.42,-11.39,-9.44,-18.62,,-5.42,-5.93,-7.21,-7.31,-5.52,-7,-7.41,-7.94,-9.17,-11.76,-11.54,-10.80,-10.76,-11.59,-11.84,-7.51,-9.60,,-13.35,-8.58,-18.70,-5.79,-6.60,-6.63,-6.47,-6.98,-7.38,-4.86,-5.96,-6.03,-8.07,-8.07,-7.52,-7.40,-7.61,-7.70,-7.88,-8.60,-8.48,-9.70,-9.06,-9.01,-9.32,-10.48,-9.70,-15.43,-11.24,-8.95,-5.93,-8.41,-10.29,-4.69,-5.70,-7.95,-6.37,-5.24,-5.73,-5.82,-5.58,-5.55,-4.38,-3.49,-4.95,-4.30,-4.01,-4.88,-5.41,-3.85,-3.89,-4.10,-4.41,-4.65,-3,-3.33,-3.92,-2.23,-3.21,-4.20,-5.38,-4.68,-3.33,-4.58,-2.88,-2.70,-3.02,-2.87,-1.29,-3.93,-0.24,-0.34,-1.49,-4.99,-3.40,-2.13,-1.99,-1.93,-6,-4.40,-4.83,-4.57,-1.11,1.54,0.60,-4.11,-2.43,-2.94,-7.30,,-14.40,-10.50,-6.30,-6,-7.50,,,,,,,-5,-6,,-3.80,-5,-3,-4.57,,,,,,,,-4.50,-3.90,-2.50,-2.90,-2.50,,,,,-2.60,,-2,-4.80,-0.30,-0.30,-1.30,,,-1.60,,,-6.50,,,0.20,-0.20,0.10,-0.30,-4.90,-4.10,
2008-12-29 02:00,-8,-11.27,-12.87,-13.51,-8,-6.12,-9.90,-9.30,-10.05,-13.20,-12.19,-12.02,-7.61,-13.69,-14.22,-13.78,-12.85,-7.99,-14.60,-13.10,-11.50,-9.74,-18.26,,-5.47,-5.87,-7.17,-7.44,-5.55,-6.90,-7.31,-7.86,-9.05,-11.74,-11.47,-10.85,-10.51,-11.51,-11.29,-7.37,-9.70,,-14.83,-8.81,-18.10,-5.81,-6.50,-6.64,-6.39,-7.08,-7.40,-4.86,-6.06,-6,-8.13,-7.98,-7.49,-7.40,-7.54,-7.75,-7.95,-8.50,-8.43,-9.81,-9.07,-8.91,-9.13,-10.57,-9.30,-15.46,-10.99,-9.03,-5.79,-8.51,-10.27,-4.81,-5.70,-7.95,-6.37,-5.30,-5.75,-5.75,-5.68,-5.45,-4.37,-3.49,-4.89,-4.30,-3.96,-4.87,-5.41,-3.86,-3.83,-4,-4.37,-4.67,-2.93,-3.21,-4,-2.15,-3.18,-4.25,-5.31,-4.70,-3.47,-4.53,-2.84,-2.80,-2.92,-2.92,-1.34,-3.97,-0.30,-0.34,-1.44,-4.81,-3.40,-2.10,-2,-1.85,-6.40,-5.51,-4.95,-4.37,-1.08,1.52,0.70,-4.23,-2.43,-2.94,-7.20,-9.70,-14.70,-10.80,-6.40,-6,-7.50,-5,-9.20,-5.80,-7.20,-5.30,-6.20,-5,-5.90,-5.10,-3.90,-4.90,-3,-4.60,-2.70,-5,-4.70,-3.80,-4.10,-4,-4.50,-4.50,-3.90,-2.50,-2.90,-2.40,-3.60,-2.40,-3.90,-4.10,-2.50,-2.10,-2,-4.90,-0.30,-0.30,-1.40,-1.20,-2.20,-1.60,-3.90,-1.60,-6.60,,-0.60,0.20,-0.20,0,-0.50,-5.10,-4.70,-5.60
2008-12-29 02:10,-8,-11.37,-13.02,-13.66,-8.10,-6.21,-10.19,-9.30,-10.20,-13.07,-12.08,-12.11,-7.56,-13.50,-14.01,-13.56,-13.05,-8.15,-14.50,-13.19,-11.47,-10.10,-17.84,,-5.45,-5.78,-7.01,-7.56,-5.60,-6.90,-7.22,-7.85,-9.04,-11.69,-11.29,-10.64,-10.56,-11.51,-11.01,-7.29,-10.40,,-14.16,-8.53,-17.90,-5.94,-6.50,-6.57,-6.50,-6.99,-7.39,-4.86,-5.99,-5.98,-8.17,-8.01,-7.44,-7.30,-7.52,-7.79,-8.03,-8.50,-8.31,-9.96,-8.94,-8.96,-9.37,-10.93,-9.70,-15.51,-10.64,-8.92,-5.84,-8.59,-10.28,-4.77,-5.70,-7.93,-6.50,-5.27,-5.70,-5.70,-5.72,-5.47,-4.41,-3.51,-4.92,-4.30,-3.85,-4.92,-5.30,-3.82,-4,-4,-4.33,-4.68,-2.94,-3.29,-4.09,-2.14,-3.21,-4.27,-5.30,-4.63,-3.38,-4.76,-2.93,-2.80,-2.92,-3,-1.39,-4.02,-0.29,-0.37,-1.37,-4.72,-3.30,-2.08,-1.98,-1.79,-6.70,-5.67,-4.97,-4.55,-1.22,1.46,0.50,-4.06,-2.58,-3.05,-7.10,,-14.80,-10.90,-6.40,-6,-7.40,,,,,,,-4.90,-5.90,,-3.90,-5,-3,-4.67,,,,,,,,-4.40,-3.90,-2.50,-2.90,-2.40,,,,,-2.50,,-2,-5,-0.30,-0.30,,,,-1.60,,,-4.70,,,0.20,-0.20,0,-0.50,-5.10,-4.70,
2008-12-29 02:20,-8,-11.55,-13.14,-13.83,-8.50,-6.18,-10.52,-9.30,-10.17,-12.68,-12.25,-12.07,-7.61,-13.66,-14.06,-12.90,-12.20,-8.54,-14.40,-12.90,-11.68,-10.44,-18.05,,-5.30,-5.76,-6.92,-7.60,-5.58,-6.90,-7.29,-7.82,-8.90,-11.88,-11.16,-10.58,-10.65,-11.47,-10.98,-7.35,-10.70,,-13.93,-8.39,-18.20,-5.92,-6.50,-6.63,-6.49,-6.96,-7.41,-4.85,-6,-6.01,-8.20,-8.09,-7.43,-7.40,-7.59,-7.77,-7.93,-8.50,-8.29,-10.04,-8.89,-9.01,-9.92,-11.06,-9.30,-15.54,-10.78,-8.89,-5.85,-8.69,-10.34,-4.80,-5.60,-7.94,-6.50,-5.31,-5.58,-5.50,-5.74,-5.59,-4.41,-3.53,-4.94,-4.20,-3.77,-5,-5.35,-3.75,-3.82,-4,-4.32,-4.78,-3.03,-3.43,-4.02,-2.14,-3.21,-4.19,-5.23,-4.47,-3.51,-4.59,-3.19,-2.80,-2.98,-2.95,-1.35,-4.02,-0.20,-0.32,-1.39,-4.63,-3.40,-2.05,-1.95,-1.79,-6.70,-5.03,-4.97,-4.64,-1.18,1.41,0.50,-3.92,-2.81,-3.20,-7.30,,-14.60,-10.90,-6.40,-6,-7.40,,,,,,,-4.90,-5.90,,-4,-4.90,-3,-4.65,,,,,,,,-4.30,-4,-2.50,-2.80,-2.40,,,,,-2.50,,-2,-5,-0.40,-0.30,-1.40,,,-1.60,,,-4.60,,,0.20,-0.20,-0.10,-0.60,-5.30,-5.50,
2008-12-29 02:30,-8,-11.73,-13.23,-13.90,-8.60,-6.22,-10.50,-9.40,-9.90,-12.29,-12.14,-12.04,-7.68,-13.63,-14.01,-12.27,-10.56,-8.62,-14.30,-12.27,-11.82,-10.63,-17.94,,-5.40,-5.91,-6.81,-7.54,-5.54,-7,-7.24,-7.85,-8.98,-11.85,-10.97,-10.59,-10.59,-11.35,-10.90,-7.40,-10.90,,-14.70,-8.45,-17.70,-5.98,-6.50,-6.60,-6.41,-7.05,-7.31,-4.84,-5.95,-6.03,-8.13,-7.91,-7.47,-7.30,-7.62,-7.71,-7.97,-8.50,-8.33,-10,-8.84,-8.96,-10.02,-11.12,-9.70,-15.93,-10.97,-9.03,-5.74,-8.80,-10.29,-4.97,-5.70,-8.08,-6.50,-5.36,-5.48,-5.40,-5.75,-5.68,-4.44,-3.53,-4.89,-4.20,-3.72,-5,-5.44,-3.71,-3.88,-4,-4.20,-4.76,-2.97,-3.51,-3.90,-2.12,-3.27,-4.24,-5.14,-4.49,-3.66,-4.75,-3.26,-2.80,-3,-2.94,-1.38,-3.94,-0.18,-0.37,-1.40,-4.64,-3.30,-2.06,-2.05,-1.85,-6.80,-4.64,-5.06,-4.41,-1.09,1.21,0.40,-4.01,-2.98,-3.24,-7.40,,-14.60,-11,-6.50,-6,-7.40,,,,,,,-4.80,-5.80,,-3.90,-4.90,-3.10,-4.63,,,,,,,,-4.30,-4,-2.50,-2.80,-2.60,,,,,-2.50,,-2,-5.20,-0.40,-0.30,-1.40,,,-1.60,,,-4.50,,,0.20,-0.20,-0.10,-0.70,-5.70,-5.90,
2008-12-29 02:40,-8,-11.91,-13.38,-14,-8.60,-6.17,-10.72,-9.40,-9.52,-12,-12.26,-12.01,-7.68,-13.56,-14.06,-13.72,-9.84,-8.74,-14.20,-12.46,-11.84,-10.92,-18.08,,-5.46,-6.20,-6.89,-7.50,-5.51,-7,-7.13,-7.95,-9.01,-11.80,-10.86,-10.52,-10.44,-11.20,-10.93,-7.37,-11.90,,-15.40,-8.39,-17.60,-5.96,-6.50,-6.59,-6.46,-6.90,-7.38,-4.73,-5.87,-5.96,-8.11,-7.80,-7.46,-7.30,-7.55,-7.65,-8,-8.40,-8.39,-10.10,-8.85,-8.88,-9.82,-11.28,-9.60,-15.94,-11.03,-9.22,-5.76,-8.87,-10.18,-4.94,-5.60,-8.21,-6.50,-5.36,-5.49,-5.40,-5.64,-5.59,-4.44,-3.62,-4.96,-4.30,-3.67,-4.92,-5.53,-3.72,-3.86,-4,-4.22,-4.79,-2.99,-3.50,-3.87,-2.15,-3.20,-4.26,-5.22,-4.55,-3.59,-4.65,-3.20,-2.80,-2.95,-2.94,-1.37,-4.03,-0.25,-0.50,-1.44,-4.66,-3.30,-2.02,-2.01,-1.96,-7,-4.69,-5.13,-4.27,-1.15,1.04,0.40,-3.99,-3.15,-3.36,-7.40,,-14.80,-10.80,-6.50,-6.10,-7.30,,,,,,,-4.80,-5.70,,-3.90,-4.90,-3.10,-4.59,,,,,,,,-4.20,-3.90,-2.50,-2.80,-3,,,,,-2.50,,-2.10,-5.40,-0.40,-0.30,-1.40,,,-1.60,,,-4.40,,,0.20,-0.10,-0.10,-0.80,-5.70,-6.30,
2008-12-29 02:50,-8.10,-11.80,-13.30,-13.90,-8.80,-5.88,-10.74,-9.50,-9.20,-11.76,-12.36,-11.95,-7.62,-13.39,-11.72,-14.67,-9.15,-8.44,-14,-13.04,-11.87,-10.40,-18.19,,-5.38,-6.41,-6.96,-7.23,-5.41,-7.10,-7.14,-7.98,-9.09,-11.76,-10.83,-10.46,-10.07,-11.17,-11.13,-7.47,-11.10,,-14.41,-8.34,-17.60,-5.95,-6.50,-6.60,-6.59,-6.93,-7.34,-4.87,-5.90,-5.94,-8.13,-7.88,-7.47,-7.30,-7.48,-7.64,-8,-8.40,-8.39,-10.05,-8.79,-8.92,-10.01,-11.35,-10.20,-15.67,-10.75,-9.49,-5.79,-9.02,-10.35,-4.90,-5.60,-8.10,-6.50,-5.47,-5.48,-5.30,-5.53,-5.69,-4.47,-3.57,-4.92,-4.20,-3.61,-4.97,-5.37,-3.85,-3.81,-3.90,-4.21,-4.88,-2.96,-3.49,-3.84,-2.05,-3.12,-4.22,-5.33,-4.60,-3.65,-4.68,-3.24,-2.80,-2.92,-2.99,-1.35,-4.08,-0.24,-0.55,-1.40,-4.83,-3.40,-2.03,-1.93,-2.11,-7.10,-5.12,-5.20,-4.50,-1.30,0.97,0.40,-3.99,-3.03,-3.47,-7.20,,-14.50,-10.60,-6.50,-6.10,-7.40,,,,,,,-4.70,-5.60,,-3.80,-4.90,-3.20,-4.62,,,,,,,,-4.20,-3.90,-2.50,-2.80,-3.40,,,,,-2.50,,-2.20,-5,-0.50,-0.30,,,,-1.60,,,-4.30,,,0.20,-0.30,-0.10,-0.50,-5.50,-6.50,
2008-12-29 03:00,-8.20,-11.78,-13.14,-13.96,-8.70,-5.96,-10.85,-9.70,-9.01,-11.72,-12.50,-11.63,-7.67,-13.32,-8.85,-14.35,-8.81,-8.94,-14,-13.01,-11.87,-9.51,-18.26,,-5.23,-6.49,-6.89,-6.77,-5.45,-7,-7.33,-7.96,-9.16,-11.80,-10.87,-10.44,-10.28,-11.10,-11.10,-7.32,-10.70,,-14.87,-8.18,-17.50,-5.90,-6.50,-6.59,-6.52,-6.93,-7.31,-4.68,-5.97,-5.95,-8.17,-7.99,-7.43,-7.20,-7.48,-7.65,-8.03,-8.20,-8.38,-10.06,-8.74,-9.05,-10.11,-11.29,-10.10,-15.90,-10.33,-9.59,-5.79,-8.90,-10.45,-4.73,-5.60,-8.12,-6.50,-5.51,-5.43,-5.20,-5.46,-5.57,-4.52,-3.64,-4.83,-4.20,-3.64,-4.98,-5.29,-3.73,-3.78,-4,-4.20,-4.77,-2.91,-3.61,-3.84,-2.09,-3.15,-4.19,-5.21,-4.47,-3.69,-4.73,-3.23,-2.70,-2.85,-3.01,-1.44,-4.11,-0.12,-0.73,-1.72,-4.88,-3.30,-2,-2.03,-2.14,-7.20,-5.18,-5.08,-4.48,-1.25,0.83,0.40,-3.92,-2.99,-3.54,-7.10,-10.30,-14.40,-10.30,-6.60,-6.10,-7.40,-4.90,-9.30,-4.70,-7.30,-5.30,-6,-4.60,-5.40,-4.60,-3.50,-4.90,-3.20,-4.50,-2.50,-5.10,-4.60,-3.80,-4.20,-3.90,-4.30,-4.20,-3.90,-2.50,-2.80,-3.70,-3.10,-2.50,-3.60,-3.70,-2.50,-2,-2.30,-4.80,-0.50,-0.20,-1.30,-1.20,-2.20,-1.60,-5.20,-2,-4.40,,-0.50,0.30,-0.10,-0.20,-0.60,-5.80,-7,-5.30
2008-12-29 03:10,-8.20,-11.97,-13.30,-13.93,-8.50,-5.96,-10.65,-10.10,-8.74,-11.75,-12.60,-11.48,-7.81,-13.30,-8.37,-13.36,-8.96,-9.16,-14,-12.53,-12.24,-9.43,-18.36,,-5.24,-6.56,-6.79,-6.60,-5.43,-7,-7.40,-7.95,-9.08,-11.81,-11,-10.42,-10.26,-11.03,-11.12,-7.32,-10.50,,-14.84,-8.21,-17.40,-5.90,-6.40,-6.61,-6.53,-6.96,-7.19,-4.75,-5.94,-5.88,-8.13,-8.08,-7.43,-7.20,-7.49,-7.62,-8.01,-8,-8.41,-10.17,-8.74,-9.09,-10.03,-11.18,-10.20,-15.57,-10.53,,-5.75,-8.89,-10.55,-4.67,-5.60,-8.26,-6.46,-5.39,-5.49,-5,-5.41,-5.78,-4.51,-3.45,-4.92,-4.20,-3.67,-5,-5.38,-3.74,-3.81,-3.90,-4.21,-4.71,-2.82,-3.54,-3.78,-2.08,-2.95,-4.24,-5.44,-4.57,-3.69,-4.80,-3.19,-2.70,-2.96,-2.92,-1.66,-4.21,-0.15,-0.86,-1.61,-4.90,-3.30,-2.12,-2.10,-2.09,-7.10,-4.82,-5.17,-4.44,-1.01,0.66,0.30,-3.66,-2.69,-3.52,-7.10,,-14.50,-9.80,-6.60,-6.10,-7.40,,,,,,,-4.40,-5.30,,-3.50,-4.90,-3.30,-4.53,,,,,,,,-4.20,-3.80,-2.50,-2.80,-3.70,,,,,-2.50,,-2.40,-4.80,-0.50,-0.20,-1.40,,,-1.60,,,-4.40,,,0.30,-0.20,-0.30,-0.60,-5.80,-7.10,
2008-12-29 03:20,-8.20,-12.18,-13.26,-14.12,-8.70,-5.83,-10.42,-10.40,-8.41,-11.94,-12.75,-11.22,-7.81,-13.67,-8.19,-12.72,-9.20,-8.87,-14,-13.19,-12.11,-9.20,-18.54,,-5.29,-6.52,-6.74,-6.48,-5.43,-7.10,-7.51,-7.91,-8.97,-11.77,-10.98,-10.42,-10.24,-10.76,-11.30,-7.55,-10.40,,-14.39,-8.18,-17.80,-5.90,-6.40,-6.62,-6.53,-6.96,-7.09,-4.80,-5.88,-5.85,-8.15,-7.86,-7.36,-7.20,-7.46,-7.67,-7.91,-8,-8.45,-10.20,-8.77,-8.90,-9.79,-11.12,-9.80,-15.83,-10.82,,-5.72,-8.95,-10.37,-4.70,-5.60,-8.02,-6.53,-5.29,-5.43,-5,-5.28,-5.75,-4.50,-3.58,-4.79,-4.20,-3.67,-5.09,-5.28,-3.71,-3.77,-3.90,-4.34,-4.62,-2.76,-3.40,-3.73,-2.08,-3.04,-4.24,-5.51,-4.62,-3.92,-4.75,-3.22,-2.70,-3,-2.95,-1.81,-4.26,-0.05,-0.92,-1.76,-5.25,-3.30,-2.06,-2.10,-2.35,-7.10,-5.17,-5.15,-4.45,-1.01,0.59,0.40,-3.43,-2.72,-3.62,-7.10,,-14.40,-9.80,-6.50,-6,-7.40,,,,,,,-4.30,-5.20,,-3.50,-5,-3.30,-4.66,,,,,,,,-4.10,-3.80,-2.50,-2.70,-3.80,,,,,-2.50,,-2.50,-4.80,-0.60,-0.20,-1.40,,,-1.60,,,-4.50,,,0.30,-0.20,-0.40,-0.70,-6,-7.60,
2008-12-29 03:30,-8.20,-12.19,-13.32,-14.14,-9.20,-5.76,-10.23,-10.60,-8.27,-11.78,-12.55,-10.94,-7.81,-13.57,-8.04,-12.56,-9.02,-8.61,-13.90,-13.74,-12.08,-9.40,-18.22,,-5.24,-6.42,-6.75,-6.47,-5.39,-7.10,-7.44,-7.97,-9.01,-11.82,-10.80,-10.48,-10.19,-10.89,-11.03,-7.60,-10.40,,-15.07,-8.17,-18,-5.96,-6.40,-6.54,-6.46,-6.94,-7.13,-4.72,-5.80,-5.88,-8.10,-7.89,-7.33,-7.10,-7.29,-7.53,-7.86,-8,-8.44,-10.28,-8.73,-8.98,-10.10,-11.23,-9.90,-15.93,-11.20,,-5.86,-9.02,-10.51,-4.67,-5.70,-8.09,-6.56,-5.37,-5.35,-4.90,-5.25,-5.82,-4.54,-3.63,-4.84,-4.20,-3.67,-5.05,-5.30,-3.75,-3.70,-3.90,-4.44,-4.66,-2.82,-3.35,-3.76,-2.07,-2.95,-4.24,-5.42,-4.65,-4.26,-4.73,-3.52,-2.70,-3,-3.09,-1.94,-4.25,-0.05,-1.08,-1.76,-5.40,-3.40,-2.16,-2.20,-2.21,-7.10,-5.84,-5.05,-4.49,-1.08,0.56,0.30,-3.33,-3.02,-3.56,-7.20,,-14.40,-10.90,-6.50,-6,-7.40,,,,,,,-4.30,-5.10,,-3.50,-5,-3.30,-4.62,,,,,,,,-4.10,-3.70,-2.50,-2.70,-4.10,,,,,-2.50,,-2.60,-4.70,-0.50,-0.20,-1.40,,,-1.70,,,-4.50,,,0.30,-0.20,-0.50,-1,-5.80,-7.80,
2008-12-29 03:40,-8.20,-12.10,-13.26,-14.15,-9.70,-5.97,-10.15,-10.60,-8.33,-11.91,-12.53,-10.80,-7.91,-13.36,-7.76,-12.40,-8.93,-8.64,-13.90,-13.20,-12.13,-9.73,-17.77,,-5.12,-6.64,-6.69,-6.43,-5.44,-7.10,-7.33,-7.79,-9.04,-11.77,-10.78,-10.47,-10.15,-10.91,-10.89,-7.44,-11,,-14.64,-8,-17.70,-5.91,-6.40,-6.58,-6.71,-6.91,-7.17,-4.66,-5.91,-5.80,-8.08,-7.88,-7.26,-7.10,-7.38,-7.65,-7.88,-7.90,-8.40,-10.32,-8.68,-8.93,-10.44,-11.45,-8.90,-15.92,-11.35,,-5.92,-9.04,-10.58,-4.69,-5.70,-8.33,-6.53,-5.37,-5.31,-4.90,-5.23,-5.90,-4.52,-3.61,-4.80,-4.20,-3.66,-5.07,-5.42,-3.75,-3.72,-3.90,-4.44,-4.70,-2.83,-3.35,-3.75,-2.09,-2.95,-4.01,-5.37,-4.61,-4.49,-4.80,-3.67,-2.70,-2.95,-3.09,-1.99,-4.28,-0.03,-1.20,-1.81,-5.45,-3.40,-2.12,-2.26,-2.70,-7.40,-6.35,-5.20,-4.57,-1.10,0.46,0.30,-3.33,-3.16,-3.68,-7.30,,-14.60,-10.20,-6.50,-6,-7.30,,,,,,,-4.20,-5,,-3.50,-5,-3.30,-4.56,,,,,,,,-4.10,-3.70,-2.50,-2.70,-4.60,,,,,-2.50,,-2.80,-4.60,-0.60,-0.20,-1.40,,,-1.60,,,-4.50,,,0.30,-0.20,-0.60,-1.20,-5.70,-8.50,
2008-12-29 03:50,-8.30,-12.04,-13.03,-14.01,-9.80,-6.27,-9.85,-10.70,-8.35,-11.90,-12.34,-10.70,-7.89,-13.08,-7.69,-11.93,-8.91,-8.78,-13.90,-12.88,-12.08,-10.20,-17.15,,-5.16,-6.73,-6.71,-6.35,-5.47,-7.10,-7.35,-7.78,-8.92,-11.73,-10.84,-10.35,-10.11,-10.92,-10.60,-7.34,-11.30,,-16.59,-7.88,-17.90,-5.86,-6.40,-6.59,-6.55,-6.86,-7.06,-4.56,-5.82,-5.72,-8.07,-7.87,-7.24,-7.10,-7.43,-7.65,-7.81,-7.80,-8.31,-10.35,-8.57,-8.91,-10.69,-11.29,-9.20,-15.97,-11.23,,-5.93,-8.96,-10.68,-4.72,-5.70,-8.45,-6.54,-5.26,-5.20,-4.90,-5.17,-5.86,-4.49,-3.67,-4.79,-4.10,-3.68,-5.09,-5.29,-3.80,-3.97,-4,-4.36,-4.58,-2.81,-3.19,-3.77,-2.07,-3,-4.07,-5.41,-4.60,-4.67,-4.83,-3.88,-2.60,-2.94,-3.08,-1.94,-4.40,0.03,-1.33,-1.91,-5.40,-3.40,-2.07,-2.30,-2.79,-7.30,-6.44,-5.23,-4.71,-0.87,0.26,0.30,-3.20,-3.22,-3.84,-7.40,,-14.60,-10.40,-6.50,-5.90,-7.30,,,,,,,-4.20,-4.90,,-3.40,-5,-3.20,-4.50,,,,,,,,-4.10,-3.70,-2.50,-2.70,-4.60,,,,,-2.40,,-2.80,-4.50,-0.50,-0.20,-1.30,,,-1.50,,,-4.50,,,0.30,-0.30,-0.70,-1.40,-5.60,-8.90,
2008-12-29 04:00,-8.30,-11.92,-12.91,-13.94,-9.40,-6.26,-9.61,-10.80,-8.19,-11.92,-12.02,-10.73,-7.79,-13.10,-7.52,-11.65,-8.96,-8.88,-13.90,-13.15,-11.97,-10.10,-16.50,,-5.10,-6.66,-6.55,-6.27,-5.45,-7.20,-7.26,-7.74,-9.02,-11.81,-11.01,-10.34,-9.98,-10.90,-10.10,-7.35,-11.10,,-14.95,-7.76,-17.70,-5.87,-6.30,-6.51,-6.42,-6.82,-7.07,-4.59,-5.86,-5.76,-8.11,-7.92,-7.28,-7.10,-7.46,-7.64,-7.81,-8,-8.33,-10.39,-8.45,-8.88,-10.61,-11.32,-8.70,-16.12,-10.93,-9.21,-5.91,-8.88,-10.60,-4.78,-5.70,-8.64,-6.51,-4.98,-5.17,-4.80,-5.15,-5.71,-4.45,-3.67,-4.80,-4.20,-3.72,-4.99,-5.20,-3.95,-4.06,-3.90,-4.31,-4.61,-2.86,-3.20,-3.74,-2.10,-2.96,-3.94,-5.48,-4.62,-4.75,-4.97,-4.13,-2.70,-2.90,-3.03,-2,-4.42,-0.03,-1.42,-1.91,-5.45,-3.30,-2.08,-2.47,-2.86,-7.30,-6.56,-5.30,-4.86,-0.74,0.11,0.30,-3.11,-3.41,-4.01,-7.50,-11.10,-14.40,-9.90,-6.50,-6,-7.30,-4.70,-9,-4.90,-7.40,-5.60,-6,-4.20,-4.80,-4.70,-3.40,-5,-3.20,-4.40,,-5.10,-4.70,-3.80,-4.30,-3.60,-4.30,-4.20,-3.80,-2.50,-2.70,-4.80,-3.10,-2.80,-4.10,-3.90,-2.40,-1.90,-3,-4.50,-0.50,-0.20,-1.30,-1.10,-2.30,-1.50,-4.80,-3.30,-4.60,-0.90,-0.60,0.30,-0.30,-0.80,-1.70,-4.80,-9.50,-6
2008-12-29 04:10,-8.30,-11.90,-12.73,-13.98,-9.11,-6.01,-9.43,-10.80,-8.15,-12.17,-11.98,-10.58,-7.79,-12.52,-7.17,-11.64,-8.99,-8.90,-13.90,-12.71,-12.24,-9.35,-15.93,,-5.18,-6.67,-6.43,-6.21,-5.43,-7.10,-7.30,-7.70,-9.23,-11.67,-10.93,-10.44,-9.89,-10.82,-10.01,-7.33,-10.80,,-14.98,-7.79,-17.60,-5.92,-6.40,-6.45,-6.48,-6.74,-7.07,-4.57,-5.94,-5.75,-8.10,-7.82,-7.29,-7.10,-7.46,-7.57,-7.76,-8,-8.21,-10.38,-8.37,-8.87,-10.73,-11.39,-8.80,-16.04,-11.39,-9.36,-5.87,-8.97,-10.51,-4.83,-5.80,-8.53,-6.54,-4.92,-5.12,-4.70,-5.29,-5.68,-4.45,-3.60,-4.72,-4.20,-3.74,-4.83,-5.23,-4.19,-4.11,-3.90,-4.12,-4.55,-2.90,-3.14,-3.72,-2.04,-2.86,-4.02,-5.47,-4.75,-4.73,-4.91,-4.38,-2.70,-2.91,-3.01,-2.14,-4.68,0.12,-1.43,-1.89,-5.58,-3.40,-2.07,-2.64,-3.61,-7.40,-7.03,-5.32,-4.76,-0.78,0.02,0.20,-3.21,-3.56,-4.17,-7.70,,-14.70,-10,-6.40,-6,-7.30,,,,,,,-4.30,-4.80,,-3.40,-5,-3.20,-4.50,,,,,,,,-4.30,-3.90,-2.40,-2.60,-4.80,,,,,-2.40,,-3.10,-4.60,-0.50,-0.20,-1.30,,,-1.60,,,-4.60,,,0.30,-0.40,-0.90,-1.70,-4.80,-9.50,
2008-12-29 04:20,-8.30,-11.89,-12.64,-14.10,-8.29,-6.16,-9.20,-10.80,-8.20,-12.44,-11.63,-10.84,-7.76,-12.69,-6.92,-11.53,-9.61,-8.74,-13.80,-11.75,-11.97,-9.33,-15.77,,-5.18,-6.59,-6.45,-6.29,-5.48,-7,-7.32,-7.67,-9.19,-11.66,-11.08,-10.44,-9.90,-10.77,-9.75,-7.24,-10.30,,-16.89,-7.76,-17.80,-5.94,-6.30,-6.40,-6.65,-6.68,-7.02,-4.55,-5.89,-5.73,-8.01,-7.82,-7.21,-7.10,-7.41,-7.62,-7.69,-7.80,-8.26,-10.35,-8.34,-8.93,-10.82,-11.45,-9.10,-15.91,-11.68,-9.12,-5.79,-9.02,-10.54,-4.96,-5.60,-8.52,-6.50,-4.80,-5.09,-4.60,-5.34,-5.67,-4.40,-3.63,-4.64,-4.20,-3.71,-4.92,-5.30,-4.34,-4.05,-3.90,-4.27,-4.57,-2.87,-3.10,-3.62,-2.06,-2.92,-4.04,-5.20,-4.84,-4.60,-5.13,-4.65,-2.60,-2.98,-2.98,-2.39,-4.76,0.14,-1.39,-1.93,-5.70,-3.40,-2.04,-2.73,-4.03,-7.60,-6.91,-5.40,-4.70,-0.87,-0.07,0.30,-3.24,-3.28,-4.20,-7.70,,-14.60,-10.30,-6.40,-5.90,-7.20,,,,,,,-4.60,-4.80,,-3.50,-5,-3.10,-4.44,,,,,,,,-4.40,-4,-2.40,-2.60,-5,,,,,-2.40,,-3.30,-4.80,-0.50,-0.20,,,,-1.60,,,-4.70,,,0.20,-0.70,-1,-1.70,-4.70,-10.40,
2008-12-29 04:30,-8.40,-12.08,-12.24,-14.17,-8.29,-6.16,-9.06,-10.90,-8.29,-12.62,-11.60,-11.10,-7.70,-12.72,-6.65,-11.26,-9.78,-8.82,-13.90,-12.32,-11.97,-9.21,-15.58,,-5.16,-6.62,-6.41,-6.31,-5.58,-7,-7.37,-7.63,-9.34,-11.72,-11.07,-10.47,-9.77,-10.73,-9.34,-7.20,-10.30,,-15.55,-7.88,-17.70,-5.85,-6.30,-6.46,-6.79,-6.78,-7.08,-4.58,-5.88,-5.64,-7.94,-7.77,-7.15,-7,-7.40,-7.61,-7.61,-7.80,-8.22,-10.43,-8.39,-8.78,-10.46,-11.38,-9,-16.01,-11.65,-9.14,-5.80,-8.99,-10.51,-5.04,-5.60,-8.71,-6.45,-4.84,-5.02,-4.50,-5.36,-5.68,-4.40,-3.63,-4.62,-4.20,-3.68,-4.96,-5.24,-4.57,-4.14,-3.90,-4.27,-4.38,-2.73,-3.10,-3.58,-2.09,-2.90,-3.99,-5.32,-4.70,-4.36,-5.11,-4.94,-2.70,-2.99,-3,-2.41,-4.81,0.24,-1.32,-2.02,-5.87,-3.40,-2.14,-2.80,-4.34,-7.60,-7.23,-5.28,-4.88,-0.84,-0.17,0.20,-3.28,-3.19,-4.14,-7.90,,-14.50,-10.10,-6.40,-5.90,-7.30,,,,,,,-4.70,-4.70,,-3.60,-5,-3.10,-4.39,,,,,,,,-4.50,-4.10,-2.40,-2.50,-5.10,,,,,-2.40,,-3.80,-4.90,-0.60,0,-1.20,,,-1.70,,,-4.80,,,0.20,-0.60,-1.10,-1.80,-4.90,-10.70,
2008-12-29 04:40,-8.50,-12.06,-12.09,-14.33,-8.41,-6.18,-9.15,-11.10,-8.29,-12.64,-11.50,-11.18,-7.68,-12.73,-6.46,-11.29,-9.59,-8.80,-13.90,-12.31,-11.96,-9.30,-15.44,,-5.23,-6.60,-6.26,-6.24,-5.66,-6.90,-7.41,-7.58,-9.39,-11.50,-11.05,-10.40,-9.76,-10.64,-9,-7.39,-10.50,,-16.12,-7.91,-18,-5.77,-6.30,-6.44,-6.67,-6.65,-7.09,-4.60,-5.89,-5.73,-7.94,-7.78,-7.06,-7,-7.27,-7.56,-7.51,-7.70,-8.21,-10.54,-8.22,-8.67,-10.40,-11.49,-8.50,-15.85,-11.59,-9.30,-5.80,-8.94,-10.50,-4.94,-5.60,-8.83,-6.53,-4.82,-4.84,-4.40,-5.44,-5.65,-4.38,-3.57,-4.62,-4.20,-3.63,-4.83,-5.16,-4.74,-4.27,-3.90,-4.13,-4.47,-2.61,-3.04,-3.67,-2.08,-2.87,-3.87,-5.33,-4.93,-4.30,-5.20,-5.21,-2.60,-2.91,-3.02,-2.42,-4.85,0.14,-1.48,-2.03,-5.87,-3.40,-2.33,-3.01,-4.68,-7.60,-7.70,-5.44,-4.88,-0.74,-0.34,0.20,-3.26,-3.34,-4.18,-8,,-14.40,-9.90,-6.40,-5.90,-7.20,,,,,,,-4.90,-4.60,,-3.40,-5,-3.10,-4.38,,,,,,,,-4.80,-4.10,-2.40,-2.50,-5.40,,,,,-2.30,,-3.90,-4.90,-0.60,0,-1.20,,,-1.80,,,-4.80,,,0.30,-0.80,-1.10,-1.80,-4.80,-10.60,
2008-12-29 04:50,-8.60,-11.99,-12.15,-14.37,-8.58,-6.33,-9.27,-11.10,-8.30,-12.60,-11.48,-11.22,-7.54,-12.30,-6.33,-10.97,-9.22,-8.86,-13.90,-12.57,-12.16,-9.34,-15.05,,-5.27,-6.64,-6.27,-6.14,-5.66,-6.90,-7.48,-7.56,-9.50,-11.49,-11.17,-10.61,-9.69,-10.61,-8.80,-7.36,-11,,-16.38,-7.84,-17.50,-5.72,-6.30,-6.37,-6.49,-6.61,-7.18,-4.53,-5.85,-5.60,-7.93,-7.65,-7.15,-7,-7.09,-7.50,-7.49,-7.60,-8.24,-10.53,-8.03,-8.70,-10.46,-11.69,-8.90,-15.85,-11.57,-9.45,-5.87,-8.79,-10.49,-5.04,-5.60,-9.13,-6.60,-4.60,-4.77,-4.70,-5.79,-5.63,-4.34,-3.64,-4.61,-4.20,-3.54,-4.86,-5.32,-4.84,-4.37,-3.80,-4.09,-4.41,-2.66,-2.92,-3.62,-2.18,-2.76,-3.89,-5.36,-4.75,-4.24,-5.39,-5.41,-2.60,-2.80,-2.97,-2.49,-4.97,0,-1.47,-2,-5.73,-3.40,-2.78,-3.09,-4.88,-7.80,-7.59,-5.22,-4.80,-0.74,-0.45,0.10,-3.31,-3.62,-4.23,-8.20,,-14.20,-10.10,-6.50,-5.90,-7.20,,,,,,,-5.10,-4.60,,-3.40,-4.90,-3,-4.34,,,,,,,,-4.70,-4.10,-2.30,-2.50,-5.70,,,,,-2.30,,-4.10,-4.90,-0.60,-0.10,-1.20,,,-1.90,,,-4.90,,,0.20,-0.80,-0.90,-2,-4.80,-10.10,
2008-12-29 05:00,-8.70,-11.99,-12.19,-14.18,-8.61,-6.21,-9.44,-11.10,-8.43,-12.63,-11.36,-11.04,-7.50,-12.32,-6.42,-11.13,-9.15,-8.96,-13.80,-12.12,-12.41,-9.29,-14.59,,-5.27,-6.74,-6.29,-6.06,-5.69,-7,-7.50,-7.56,-9.57,-11.58,-11.15,-10.63,-9.45,-10.63,-8.91,-7.58,-11,,-15.22,-7.77,-17.80,-5.70,-6.20,-6.40,-6.63,-6.63,-7.16,-4.48,-5.77,-5.62,-7.87,-7.72,-7.11,-7,-7.01,-7.58,-7.40,-7.60,-8.23,-10.55,-8.06,-8.77,-10.77,-11.72,-8.80,-16.09,-11.60,-9.38,-5.84,-8.80,-10.49,-4.98,-5.60,-9.24,-6.72,-4.56,-4.62,-4.80,-5.92,-5.65,-4.39,-3.64,-4.85,-4.10,-3.59,-4.90,-5.07,-5.01,-4.36,-3.80,-4.07,-4.38,-2.80,-2.92,-3.55,-2.50,-2.78,-3.84,-5.26,-4.99,-4.16,-5.52,-5.56,-2.60,-2.86,-2.96,-2.67,-4.99,0.18,-1.58,-2.03,-5.62,-3.40,-2.80,-3.18,-5.08,-7.80,-7.50,-5.35,-4.83,-0.54,-0.74,0.10,-3.28,-3.78,-4.45,-8.30,-11.40,-14.20,-10.30,-6.50,-5.90,-7.10,-4.70,-9.90,-4.20,-7.50,-5.50,-5.90,-5.30,-4.60,-5.20,-3.30,-4.90,-3,-4.10,-2.70,-5,-4.60,-3.80,-4.60,-3.50,-4.10,-4.70,-4.10,-2.30,-2.50,-4.90,-3.40,-3,-4.50,-4.70,-2.40,-1.80,-4.40,-5,-0.60,-0.10,-1.20,-1.10,-2.20,-2.10,-5.40,-4.60,-4.90,-0.90,-0.60,0.30,-1.30,-0.90,-2.10,-4.90,-9.70,-7.70
2008-12-29 05:10,-8.70,-11.99,-12.09,-14.14,-8.80,-6.26,-9.59,-11.10,-8.59,-12.62,-11.27,-10.08,-7.51,-12.38,-6.42,-11.07,-8.92,-9.08,-13.80,-11.39,-12.29,-9.31,-14.26,,-5.26,-6.77,-6.32,-5.98,-5.72,-7,-7.50,-7.40,-9.47,-11.60,-11.17,-10.73,-9.42,-10.57,-9.18,-7.65,-11.20,,-15.27,-7.83,-17.80,-5.66,-6.20,-6.44,-6.32,-6.61,-7.07,-4.54,-5.72,-5.64,-7.75,-7.74,-7.09,-7,-7.06,-7.34,-7.32,-7.60,-8.18,-10.54,-8.05,-8.63,-10.82,-11.90,-8.80,-16.10,-11.32,-9.44,-5.80,-8.94,-10.47,-4.91,-5.60,-9.01,-6.78,-4.48,-4.63,-4.78,-6.03,-5.73,-4.37,-3.46,-4.88,-4.30,-3.50,-4.89,-4.89,-5.19,-4.32,-3.80,-4.05,-4.33,-2.81,-2.93,-3.56,-2.97,-2.89,-3.79,-5.25,-4.76,-4.13,-5.55,-5.69,-2.50,-2.81,-2.97,-2.66,-4.94,0.21,-1.79,-2,-5.69,-3.30,-3.24,-3.23,-5.22,-7.90,-7.56,-5.32,-5.23,-0.42,-0.77,0.20,-3.28,-3.51,-4.33,-8.40,,-14.30,-9.90,-6.40,-5.80,-7.10,,,,,,,-5.40,-4.60,,-3.30,-4.90,-2.90,-4.21,,,,,,,,-5.30,-4.20,-2.30,-2.60,-4.90,,,,,-2.40,,-4.70,-5,-0.60,-0.10,-1.10,,,-2.10,,,-5.10,,,0.20,-1.30,-0.80,-2.10,-4.90,-9.70,
2008-12-29 05:20,-8.80,-12.25,-12.04,-14.25,-8.90,-6.43,-9.61,-11.20,-8.60,-12.70,-11.27,-9.84,-7.48,-12.46,-6.40,-10.80,-9.36,-9.13,-13.70,-11.72,-12.18,-9.32,-14.07,,-5.21,-6.82,-6.32,-5.93,-5.66,-7.10,-7.51,-7.42,-9.32,-11.48,-11.17,-10.99,-9.48,-10.51,-9.41,-7.57,-11.40,,-16.85,-7.96,-17.70,-5.68,-6.20,-6.35,-6.14,-6.56,-7.14,-4.50,-5.69,-5.59,-7.85,-7.62,-6.99,-6.90,-7.19,-7.45,-7.31,-7.60,-8.10,-10.57,-7.96,-8.74,-10.83,-11.91,-8.90,-15.94,-11.52,-9.49,-5.77,-8.78,-10.44,-4.96,-5.80,-8.68,-6.79,-4.24,-4.65,-5.21,-6.20,-5.76,-4.39,-3.56,-4.75,-4.50,-3.48,-4.90,-5.19,-5.56,-4.35,-3.80,-3.96,-4.32,-2.84,-2.80,-3.43,-3.31,-2.82,-3.72,-5.34,-4.77,-4.07,-5.66,-5.88,-2.50,-2.91,-2.94,-2.88,-4.95,0.08,-1.84,-2.09,-5.72,-3.40,-3.62,-3.42,-5.35,-8,-7.54,-5.36,-5.30,-0.39,-0.81,0,-3.35,-3.62,-4.31,-8.50,,-14.10,-9.70,-6.30,-5.80,-7.10,,,,,,,-5.60,-4.60,,-3.20,-4.80,-2.90,-4.13,,,,,,,,-5.80,-4.30,-2.20,-2.60,-5.10,,,,,-2.40,,-4.90,-5.10,-0.60,-0.20,-1.10,,,-2.20,,,-5.10,,,0.20,-1.60,-0.80,-2.20,-4.90,-9.80,
2008-12-29 05:30,-8.90,-12.52,-12.06,-14.43,-8.90,-6.32,-9.54,-11.10,-8.57,,-10.82,-9.79,-7.47,-12.43,-6.39,-10.46,-9.92,-9.21,-13.60,-12.05,-12.33,-9.15,-13.90,,-5.30,-6.87,-6.23,-5.84,-5.66,-7.10,-7.40,-7.43,-9.10,-11.57,-11.24,-11.09,-9.30,-10.64,-9.39,-7.65,-11.40,,-15.51,-7.82,-17.60,-5.70,-6.20,-6.47,-6.17,-6.51,-7.23,-4.54,-5.64,-5.54,-7.76,-7.63,-6.94,-6.90,-7.07,-7.44,-7.35,-7.60,-8.20,-10.67,-7.94,-8.67,-10.96,-11.86,-9.20,-16.23,-12.02,-9.38,-5.73,-8.87,-10.38,-5,-5.70,-8.93,-6.63,-4.22,-4.83,-5.70,-6.37,-5.77,-4.40,-3.55,-4.71,-4.50,-3.49,-4.92,-5.12,-5.95,-4.30,-3.80,-3.89,-4.24,-3.07,-2.89,-3.46,-3.56,-2.80,-3.71,-5.19,-4.76,-4.11,-5.70,-5.86,-2.50,-2.96,-2.86,-3.13,-5,0.05,-2.01,-2.02,-5.74,-3.40,-3.87,-3.67,-5.72,-8.30,-7.70,-5.42,-5.19,-0.12,-0.82,-0.10,-3.59,-3.84,-4.47,-8.70,,-14.10,-9.90,-6.30,-5.80,-7,,,,,,,-5.80,-4.90,,-3.20,-4.70,-2.90,-4.03,,,,,,,,-6,-4.40,-2.20,-2.70,-5.20,,,,,-2.50,,-5.30,-5,-0.60,-0.20,-1.10,,,-2.30,,,-5.20,,,0.30,-1.80,-0.90,-2.20,-5,-9.50,
2008-12-29 05:40,-9.10,-12.69,-12.09,-14.49,-8.80,-6.21,-9.70,-11.10,-8.37,,-10.25,-9.49,-7.49,-12.45,-6.38,-9.99,-9.93,-9.25,-13.50,-12.65,-12.28,-8.94,-13.74,,-5.40,-6.83,-6.32,-5.79,-5.67,-7.10,-7.34,-7.34,-9.04,-11.60,-11.28,-10.95,-9.24,-10.67,-9.48,-7.76,-12.10,,-15.75,-7.85,-17.70,-5.68,-6.20,-6.44,-6.28,-6.53,-7.15,-4.38,-5.76,-5.53,-7.77,-7.65,-7.03,-6.90,-6.93,-7.43,-7.46,-7.60,-8.17,-10.66,-7.85,-8.64,-11.34,-11.92,-9.30,-16.10,-12.20,-9.20,-5.77,-8.88,-10.27,-4.85,-5.70,-9.40,-6.76,-3.95,-5.13,-6,-6.46,-5.90,-4.42,-3.58,-4.70,-4.40,-3.36,-4.82,-5.10,-6.20,-4.35,-3.70,-4.03,-4.18,-3.24,-2.83,-3.45,-3.73,-2.90,-3.69,-5.29,-4.84,-4.18,-5.64,-5.60,-2.50,-2.98,-2.83,-3.16,-4.98,-0.10,-2.04,-2,-5.79,-3.30,-4.04,-3.93,-6.38,-8.40,-7.82,-5.40,-5.16,-0.12,-0.89,-0.30,-3.65,-3.66,-4.49,-8.80,,-14,-9.90,-6.20,-5.80,-7,,,,,,,-5.60,-5.30,,-3.20,-4.70,-2.80,-4.08,,,,,,,,-6,-4.20,-2.20,-2.70,-5.30,,,,,-2.40,,-5.40,-5.10,-0.50,-0.30,-1.10,,,-2.40,,,-5.20,,,0.30,-2.30,-0.90,-2.30,-5.10,-9.30,
2008-12-29 05:50,-9.20,-12.83,-11.96,-14.50,-9,-6.19,-10.03,-11.10,-8.20,,-10.27,-9.30,-7.55,-12.30,-6.27,-9.68,-9.84,-9.18,-13.50,-12.67,-12.17,-9.21,-13.50,,-5.46,-6.96,-6.38,-5.82,-5.65,-7.10,-7.25,-7.41,-8.89,-11.75,-11.14,-11.11,-9.22,-10.64,-9.47,-7.72,-11.80,,-17.26,-7.96,-17.80,-5.66,-6.10,-6.33,-6.28,-6.61,-7.05,-4.34,-5.78,-5.56,-7.66,-7.49,-7,-6.80,-7.02,-7.40,-7.43,-7.60,-8.14,-10.58,-7.81,-8.58,-11.16,-11.95,-9.50,-16.13,-12.11,-9.47,-5.89,-8.92,-10.35,-4.80,-5.70,-9.61,-6.61,-3.99,-5.33,-6.10,-6.17,-5.83,-4.57,-3.66,-4.77,-4.30,-3.44,-4.88,-5.06,-6.55,-4.50,-3.70,-4.07,-4.25,-3.36,-2.76,-3.47,-3.92,-3.08,-3.62,-5.25,-4.93,-4.17,-5.65,-5.61,-2.50,-3.04,-2.82,-3.14,-5.13,-0.12,-2.04,-2.08,-5.97,-3.30,-4.30,-4.18,-6.84,-8.50,-7.79,-5.16,-5.16,-0.24,-1.14,-0.30,-3.67,-3.54,-4.49,-8.80,,-14,-10,-6,-5.70,-6.90,,,,,,,-5.50,-5.50,,-3.20,-4.70,-2.80,-4.02,,,,,,,,-5.90,-4.10,-2.20,-2.80,-5.20,,,,,-2.40,,-5.30,-5,-0.50,-0.40,-1.10,,,-2.60,,,-5.20,,,0.50,-2.40,-0.90,-2.30,-5.10,-9.30,
2008-12-29 06:00,-9,-13,-11.97,-15,-9,-6.22,-9.76,-11.10,-7.99,-12.36,-10.07,-9.31,-7.57,-13,-6.16,-10,-9,-9.10,-13,-12.75,-12,-9.29,-13.50,-12,-5,-7,-6.67,-5.81,-5,-7,-7,-7,-8.94,-11,-11.29,-11,-9,-10,-9,-7,-12,-12,-16,-8,-17.80,-5.60,-5,-6.29,-6,-6.54,-7,-4,-5.72,-5.51,-7.60,-7,-6,-7,-7,-7.35,-7.35,-7,-8.02,-10.54,-7.83,-8.61,-10.74,-12.10,-10.10,-15.71,-11.96,-9.62,-5.94,-8.90,-10.44,-4.98,-5.60,-9.62,-7,-5,-3,-7,-5.93,-7,-4.72,-3.65,-6,-4.10,-3.32,-4.90,-5.03,-6.70,-4,-3.70,-4,-4.24,-3.54,-2.76,-3.46,-4.05,-3.16,-3.61,-5.17,-5.01,-3.99,-5.58,-5.62,-2.40,-2.81,-2.87,-3.28,-5.09,-0.10,-2.17,-2.11,-6.16,-3.20,-4.62,-4.53,-7.17,-8.60,-7.74,-5.49,-5.23,-0.38,-0.90,-0.50,-3.74,-3.40,-4.64,-8.70,-12,-14,-10,-6.10,-5.70,-6.90,-4.10,-9,-6,-7,-5,-5.90,-6,-5,-5.40,-3.30,-4.60,-2.80,-4,-5,-5.10,-5,-4,-4.60,-3.60,-5.30,-6.30,-4.10,-2.20,-2.90,-5.60,-3.60,-3.20,-5,-6,-2.40,-1.50,-5.50,-5.10,-0.50,-0.50,-1,,-2.20,-2.90,-5.80,-6.10,-5.20,-0.60,-0.40,0.30,-2.30,-1,-2.30,-5.10,-9.20,-8.80
2008-12-29 06:10,-9.40,-12.97,-11.91,-14.51,-9.40,-6.50,-9.45,-11.20,-7.77,-12.34,-10.24,-9.49,-7.56,-11.92,-6.20,-9.92,-9.70,-9.24,-13.10,-12.19,-12.52,-9.19,-13.43,,-5.32,-6.86,-6.81,-5.79,-5.47,-6.90,-7.14,-7.30,-8.93,-12.15,-11.21,-11,-9.13,-10.48,-9.58,-7.63,-11.80,,-16.45,-8.04,-17.80,-5.52,-6.20,-6.26,-5.97,-6.53,-6.88,-4.54,-5.70,-5.38,-7.64,-7.51,-6.67,-6.70,-6.81,-7.28,-7.50,-7.60,-7.98,-10.58,-7.78,-8.61,-10.99,-11.78,-9.90,-15.79,-11.94,-9.57,-5.87,-8.81,-10.31,-5.03,-5.60,-9.61,-6.60,-4.24,-6.10,-7.10,-5.72,-5.99,-4.73,-3.60,-4.83,-4.10,-3.28,-4.78,-5.08,-6.59,-4.23,-3.70,-3.91,-4.07,-3.83,-2.80,-3.51,-4.21,-3.29,-3.63,-5.17,-5.18,-4,-5.81,-5.65,-2.30,-2.78,-2.85,-3.25,-5.07,-0.21,-2.16,-2.13,-6.24,-3.30,-4.83,-4.71,-7,-8.90,-7.83,-5.49,-5.27,-0.42,-1.44,-0.80,-3.83,-3.43,-4.60,-8.60,,-14,-9.50,-6.10,-5.70,-6.90,,,,,,,-5.90,-5.20,,-3.40,-4.40,-2.80,-4.03,,,,,,,,-6.30,-4.10,-2.20,-3.10,-5.60,,,,,-2.40,,-5.60,-5.20,-0.50,-0.50,-1,,,-2.90,,,-5.20,,,0.10,-2.40,-1.10,-2.30,-5.10,-9.20,
2008-12-29 06:20,-9.20,-13.18,-11.91,-14.22,-9.46,-6.54,-9.33,-11.40,-7.78,-12.31,-10.02,-9.44,-7.54,-12.28,-6.31,-9.58,-9.71,-9.21,-13.30,-12.56,-12.45,-8.89,-13.50,,-5.32,-6.89,-6.93,-5.78,-5.42,-6.90,-7.12,-7.28,-9.01,-12.14,-11.27,-11.01,-9.03,-10.51,-9.59,-7.50,-11.40,,-14.92,-8.17,-18.20,-5.55,-6.10,-6.28,-5.92,-6.49,-6.78,-4.38,-5.66,-5.30,-7.62,-7.45,-6.69,-6.70,-6.74,-7.27,-7.43,-7.40,-7.88,-10.63,-7.72,-8.52,-10.84,-11.79,-10.10,-15.85,-11.98,-9.46,-5.84,-8.78,-10.27,-4.89,-5.60,-9.64,-6.50,-4.21,-6.35,-7.20,-5.56,-5.98,-4.89,-3.75,-4.76,-4,-3.17,-4.72,-5.15,-6.42,-4.32,-3.60,-3.95,-4.09,-4.05,-2.75,-3.53,-4.35,-3.41,-3.67,-5.39,-5.12,-4.18,-5.71,-5.46,-2.30,-2.79,-2.79,-3.44,-5.24,-0.15,-2.20,-2.01,-6.31,-3.30,-5.17,-5.17,-6.96,-9.20,-8.07,-5.58,-5.14,-0.43,-1.52,-1,-3.87,-3.54,-4.72,-8.70,,-14,-9.30,-6.10,-5.70,-6.90,,,,,,,-6,-5.40,,-3.70,-4.60,-2.80,-3.97,,,,,,,,-6.50,-4,-2.20,-3.30,-5.60,,,,,-2.50,,-5.80,-5.20,-0.50,-0.60,-1,,,-3.10,,,-5.20,,,0,-2.30,-1.20,-2.30,-5.10,-8.90,
2008-12-29 06:30,-9.30,-13.16,-11.75,-14.09,-9.39,-6.50,-9.19,-11.50,-7.76,-12.17,-9.96,-9.31,-7.65,-12.24,-6.30,-9.51,-9.95,-9.10,-13.30,-12.97,-12.55,-8.92,-13.50,,-5.31,-6.88,-6.97,-5.69,-5.35,-6.80,-6.99,-7.24,-9.03,-12.18,-11.37,-11.16,-9.03,-10.51,-9.67,-7.85,-10.40,,-15.52,-8.03,-18,-5.42,-6.10,-6.26,-5.77,-6.54,-6.73,-4.24,-5.63,-5.33,-7.62,-7.39,-6.77,-6.60,-6.83,-7.32,-7.39,-7.50,-7.90,-10.57,-7.70,-8.56,-10.37,-11.82,-10.70,-16.12,-12.06,-9.41,-5.82,-8.81,-10.32,-5.05,-5.50,-9.75,-6.50,-4.02,-6.56,-7.20,-5.40,-6.11,-5.04,-3.62,-4.63,-4,-3.16,-4.66,-5.07,-6.37,-4.31,-3.60,-3.93,-4.07,-4.38,-2.79,-3.49,-4.43,-3.62,-3.71,-5.52,-4.98,-4.29,-5.71,-5.25,-2.30,-2.72,-2.73,-3.70,-5.21,-0.13,-2.14,-2.03,-6.35,-3.30,-5.33,-5.51,-7.11,-9.10,-7.97,-5.65,-5.25,-0.48,-1.69,-1.20,-3.81,-3.68,-4.74,-8.70,,-14.10,-9.70,-6,-5.60,-6.80,,,,,,,-5.90,-5.90,,-3.70,-4.60,-2.70,-3.90,,,,,,,,-6.10,-4,-2.20,-3.20,-5.70,,,,,-2.50,,-6,-5.30,-0.50,-0.70,-1,,,-3.20,,,-5.20,,,0,-2.10,-1.20,-2.30,-5.10,-8.80,
2008-12-29 06:40,-9.30,-13.24,-11.70,-14.07,-8.70,-6.35,-9.13,-11.50,-7.77,-12.03,-10.01,-9.35,-7.78,-12.25,-6.24,-9.62,-9.62,-9.08,-13.20,-12.68,-12.41,-8.83,-13.37,,-5.14,-6.80,-6.96,-5.72,-5.33,-6.80,-6.92,-7.28,-9.11,-12.19,-11.35,-11.16,-9.02,-10.46,-9.88,-7.49,-11,,-16.47,-7.95,-17.70,-5.42,-6.10,-6.23,-5.84,-6.49,-6.68,-4.24,-5.60,-5.37,-7.68,-7.40,-6.80,-6.60,-6.91,-7.15,-7.40,-7.50,-7.90,-10.52,-7.67,-8.65,-10.20,-11.85,-10.70,-14.97,-12.02,-9.23,-5.73,-8.80,-10.40,-4.94,-5.60,-9.80,-6.50,-3.95,-6.69,-7.30,-5.19,-6.23,-5.17,-3.63,-4.63,-3.90,-3.11,-4.63,-5.12,-6.14,-4.13,-3.60,-3.73,-4.14,-4.72,-2.85,-3.46,-4.50,-3.84,-3.70,-5.43,-5.21,-4.26,-5.65,-5.12,-2.30,-2.68,-2.64,-3.93,-5.19,-0.17,-2.23,-2.30,-6.48,-3.20,-5.37,-5.62,-7.40,-9.20,-8.04,-5.67,-5.51,-0.44,-1.74,-1.30,-3.74,-3.64,-4.95,-8.70,,-14.30,-9.90,-6,-5.60,-6.80,,,,,,,-5.60,-6,,-3.80,-4.60,-2.70,-3.89,,,,,,,,-5.60,-3.90,-2.20,-3.40,-5.80,,,,,-2.40,,-6.20,-5.30,-0.50,-0.70,-1,,,-3.30,,,-5.30,,,-0.10,-1.90,-1.20,-2.40,-5.10,-8.40,
2008-12-29 06:50,-9.40,-13.22,-11.74,-14.23,-8.60,-6.22,-8.95,-11.50,-7.83,,-10.25,-9.70,-7.72,-12.09,-6.14,-9.67,-9.24,-9.07,-13.20,-12.28,-12.51,-9.13,-13.47,,-5.16,-6.76,-7,-5.79,-5.25,-6.60,-6.83,-7.10,-9.17,-12.16,-11.31,-11.21,-8.96,-10.45,-9.94,-7.58,-11.40,,-15.29,-7.87,-17.60,-5.40,-6.10,-6.23,-5.73,-6.45,-6.19,-4.33,-5.45,-5.25,-7.62,-7.39,-6.70,-6.60,-6.79,-7.15,-7.37,-7.40,-7.78,-10.55,-7.70,-8.66,-10.33,-11.81,-10.50,-15.07,-12.02,-9.43,-5.76,-8.96,-10.35,-5.15,-5.60,-9.81,-6.45,-3.95,-6.83,-7.40,-5.04,,-5.11,-3.57,-4.51,-3.80,-3.10,-4.68,-4.95,-6.02,-4.07,-3.50,-3.68,-3.94,-5.02,-2.96,-3.38,-4.55,-3.87,-3.70,-5.32,-5.02,-4.20,-5.55,-4.95,-2.30,-2.69,-2.61,-4.24,-5.27,-0.09,-2.13,-2.14,-6.52,-3.30,-5.59,-5.68,-7.34,-9.30,-8.14,-5.79,-5.59,-0.48,-1.85,-1.30,-3.78,-3.49,-5,-8.70,,-14.30,-8.90,-6,-5.60,-6.80,,,,,,,-5.30,-5.80,,-3.90,-4.50,-2.70,-3.77,,,,,,,,-5.30,-3.80,-2.10,-3.50,-6,,,,,-2.40,,-6.30,-5.30,-0.50,-0.70,-1,,,-3.90,,,-5.30,,,-0.10,-1.90,-1.10,-2.40,-5.10,-8.20,
2008-12-29 07:00,-9.60,-13.11,-11.51,-14.17,-8.30,-6.11,-8.69,-11.70,-7.88,-11.65,-10.50,-9.65,-7.61,-12.15,-6.17,-9.59,-9.04,-9.15,-13,-12.69,-12.36,-9.14,-13.48,,-5.16,-6.72,-6.88,-5.80,-5.18,-6.50,-6.71,-7.06,-9.20,-12.05,-11.23,-11.09,-9.28,-10.35,-9.91,-7.48,-11.30,,-15.59,-7.74,-17.60,-5.35,-6,-6.23,-5.79,-6.40,-5.83,-4.33,-5.48,-5.24,-7.41,-7.42,-6.74,-6.60,-6.87,-7.13,-7.30,-7.40,-7.71,-10.52,-7.66,-8.52,-10.41,-11.88,-9.70,-15.54,-12.15,-9.39,-5.77,-8.89,-10.42,-4.92,-5.70,-10.02,-6.39,-3.80,-6.82,-7.70,-4.87,-5.98,-5.04,-3.66,-4.39,-3.60,-3.07,-4.73,-5.13,-5.70,-4.06,-3.40,-3.78,-3.93,-5.23,-3.44,-3.43,-4.67,-3.95,-3.64,-5.30,-5.24,-4.14,-5.51,-4.83,-2.30,-2.73,-2.59,-4.42,-5.46,-0.01,-2.17,-2.26,-6.62,-3.20,-5.79,-5.51,-7.17,-9.20,-8.30,-5.72,-5.74,-0.78,-2.32,-1.40,-3.78,-3.38,-5.32,-8.70,-11.70,-14.30,-10.90,-6,-5.50,-6.70,-4.10,-9.60,-5.80,-7.40,-5,-6.10,-5.40,-5.60,-5.20,-4.20,-4.50,-2.60,-3.70,-5.90,-5.10,-4.80,-3.90,-5,-3.50,-5.80,-5.10,-3.80,-2.10,-3.60,-6.10,-3.80,-3.70,-5,-6,-2.40,-1.50,-6.40,-5.20,-0.50,-0.70,-1,,-2.40,-3.80,-6.20,-7.10,-5.30,-0.70,-0.20,-0.20,-2,-1.10,-2.50,-5.20,-8.10,-8.60
2008-12-29 07:10,-9.80,-13.09,-11.43,-14.14,-8.10,-5.99,-8.60,-11.70,-7.90,-11.62,-10.20,-9.52,-7.54,-11.97,-6.09,-9.28,-10.15,-9.11,-12.90,-12.85,-12.37,-9.12,-13.39,,-5.09,-6.81,-6.77,-5.81,-5.11,-6.30,-6.53,-6.96,-9.19,-11.92,-11.13,-10.95,-9.16,-10.26,-10.07,-7.56,-11.30,,-16.26,-7.79,-17.80,-5.41,-6,-6.21,-5.61,-6.34,-5.75,-4.21,-5.41,-5.19,-7.40,-7.41,-6.65,-6.50,-6.83,-7.09,-7.27,-7.30,-7.68,-10.51,-7.62,-8.49,-10.51,-12.05,-9.60,-15.57,-12.27,-9.39,-5.76,-8.84,-10.54,-4.90,-5.60,-10.25,-6.29,-3.85,-6.79,-7.80,-4.64,-5.85,-4.98,-3.52,-4.23,-3.70,-3.03,-4.59,-5,-5.52,-3.95,-3.40,-3.72,-3.98,-5.33,-3.64,-3.68,-4.70,-4.03,-3.54,-5.22,-5.33,-4.12,-5.51,-4.78,-2.30,-2.75,-2.52,-4.55,-5.51,0.02,-2.37,-2.23,-6.70,-3.30,-5.73,-5.61,-7.52,-9.20,-8.03,-5.71,-6.02,-0.75,-2.40,-1.50,-3.82,-3.69,-5.32,-8.70,,-14.30,-11.90,-6.10,-5.50,-6.70,,,,,,,-5.40,-5.40,,-4.20,-4.50,-2.60,-3.67,,,,,,,,-5,-3.70,-2.10,-3.70,-6.10,,,,,-2.40,,-6.40,-5.10,-0.50,-0.60,-1,,,-3.80,,,-5.30,,,-0.30,-1.90,-1.20,-2.50,-5.20,-8.10,
2008-12-29 07:20,-9.90,-12.98,-11.24,-14.02,-7.90,-6.11,-8.54,-11.40,-7.92,-11.42,-10.15,-9.19,-7.50,-12.08,-6.01,-9.05,-11.10,-9.25,-12.80,-12.36,-12.50,-9.30,-13.32,,-5.02,-6.55,-6.68,-5.85,-5.07,-6.30,-6.39,-6.85,-9.09,-11.80,-11.21,-10.86,-9.19,-10.20,-10.19,-7.52,-13.10,,-15.90,-7.69,-17.20,-5.36,-6,-6.17,-5.53,-6.33,-5.74,-4.23,-5.52,-5.17,-7.30,-7.21,-6.60,-6.50,-6.70,-7,-7.27,-7.30,-7.65,-10.52,-7.47,-8.49,-10.13,-11.73,-9.50,-15.53,-12.24,-9.29,-5.84,-8.89,-10.56,-4.92,-5.60,-10.19,-6.27,-4.04,-6.62,-7.90,-4.52,-5.65,-4.79,-3.57,-4.15,-3.70,-3.02,-4.53,-5.06,-5.41,-3.89,-3.30,-3.66,-4,-5.27,-3.63,-3.89,-4.66,-4.07,-3.54,-5.32,-5.35,-3.99,-5.49,-4.83,-2.30,-2.74,-2.44,-4.64,-5.62,0.01,-2.48,-2.25,-6.66,-3.10,-5.81,-5.85,-7.58,-9.20,-7.66,-5.67,-5.94,-0.72,-2.43,-1.50,-3.82,-3.85,-5.45,-8.80,,-14.30,-9.50,-6,-5.50,-6.60,,,,,,,-5.40,-5.20,,-4.20,-4.40,-2.60,-3.61,,,,,,,,-4.90,-3.70,-2,-3.80,-6.10,,,,,-2.50,,-6.20,-5,-0.50,-0.70,-1,,,-3.60,,,-5.40,,,-0.30,-1.90,-1.10,-2.60,-5.20,-7.90,
2008-12-29 07:30,-9.90,-12.81,-11.16,-13.92,-7.80,-5.94,-8.49,-11.20,-7.82,-11.19,-9.87,-8.79,-7.52,-11.92,-5.93,-8.89,-11.70,-9.39,-12.70,-11.57,-12.41,-8.66,-13.19,,-4.83,-6.26,-6.47,-5.89,-4.98,-6.10,-6.17,-6.75,-9.09,-11.63,-11.24,-10.77,-9.05,-10.07,-10.23,-7.43,-12.80,,-15.13,-7.25,-16.30,-5.24,-5.90,-6.06,-5.71,-6.36,-5.72,-4.16,-5.38,-5.17,-7.34,-7.26,-6.59,-6.50,-6.67,-6.93,-7.18,-7.20,-7.55,-10.56,-7.39,-8.44,-10.64,-11.71,-9.70,-15.44,-12.08,-9.36,-5.66,-9.10,-10.47,-4.82,-5.60,-10.18,-6.22,-4.12,-6.45,-7.90,-4.37,-5.57,-4.47,-3.44,-4.08,-3.70,-3.01,-4.59,-4.87,-5.21,-3.71,-3.30,-3.72,-3.91,-5.22,-3.56,-3.90,-4.56,-4.07,-3.72,-5.31,-5.42,-3.95,-5.28,-4.91,-2.30,-2.66,-2.43,-4.68,-5.68,-0.06,-2.52,-2.18,-6.58,-3.20,-5.79,-6.02,-7.92,-9.20,-7.56,-5.70,-5.80,-0.89,-2.41,-1.50,-3.78,-3.68,-5.51,-8.80,,-13.90,-10.10,-5.90,-5.40,-6.60,,,,,,,-5.40,-5.20,,-4,-4.30,-2.60,-3.45,,,,,,,,-4.80,-3.60,-1.90,-4.10,-6,,,,,-2.60,,-6.10,-4.90,-0.50,-0.80,-1,,,-3.90,,,-5.40,,,-0.30,-1.90,-1.30,-2.70,-5.30,-7.70,
2008-12-29 07:40,-9.90,-12.79,-11.16,-13.48,-7.60,-5.66,-8.38,-10.80,-7.77,-11.04,-9.33,-8.73,-7.49,-11.17,-5.83,-8.67,-11.04,-9.44,-12.60,-12.32,-12.39,-8.02,-12.90,,-4.77,-6.07,-6.27,-5.91,-4.94,-6.30,-5.94,-6.85,-8.93,-11.49,-11.09,-10.81,-9,-10.06,-10.14,-7.28,-12.80,,-16.62,-7.40,-16.30,-5.22,-5.90,-6.12,-5.57,-6.31,-5.59,-4.09,-5.32,-5.10,-7.33,-7.08,-6.57,-6.40,-6.55,-6.85,-7.22,-7.20,-7.49,-10.60,-7.33,-8.37,-10.48,-11.72,-9.60,-15.43,-11.70,-9.59,-5.59,-9.08,-10.44,-4.76,-5.50,-10.03,-6.15,-4.45,-6.29,-8,-4.21,-5.54,-4.20,-3.39,-4,-3.60,-2.97,-4.42,-4.77,-4.99,-3.62,-3.20,-3.64,-3.93,-5.08,-3.20,-3.75,-4.41,-4.07,-3.52,-5.31,-5.38,-3.93,-5.33,-5.05,-2.20,-2.58,-2.43,-4.64,-5.67,0.05,-2.48,-2.17,-6.61,-3.20,-5.67,-5.90,-8.06,-9,-7.40,-5.77,-5.71,-0.92,-2.18,-1.60,-3.75,-3.57,-5.57,-8.70,,-13.60,-9.70,-5.90,-5.40,-6.60,,,,,,,-5.30,-5.40,,-4,-4.30,-2.50,-3.38,,,,,,,,-4.70,-3.60,-1.80,-3.80,-5.90,,,,,-2.70,,-5.90,-4.80,-0.50,-0.80,-0.90,,,-3.30,,,-5.50,,,-0.30,-1.90,-1.40,-2.80,-5.30,-7.70,
2008-12-29 07:50,-9.90,-12.35,-11.28,-13.47,-7.60,-5.79,-8.19,-10.40,-7.61,-10.81,-8.91,-8.49,-7.45,-11.33,-5.84,-7.96,-11.75,-9.43,-12.40,-11.33,-12.40,-7.72,-12.55,,-4.78,-6.01,-6.08,-5.90,-4.81,-6.40,-5.74,-6.72,-8.92,-11.50,-11.09,-10.79,-8.96,-9.99,-9.81,-7.08,-12.90,,-15.06,-7.25,-16.60,-5.14,-5.80,-6.06,-5.29,-6.20,-5.73,-4.06,-5.21,-5.05,-7.20,-7.10,-6.49,-6.40,-6.53,-6.69,-6.97,-7.10,-7.35,-10.51,-7.30,-8.28,-10.27,-11.84,-9.80,-15.52,-11.09,-9.73,-5.59,-9.14,-10.40,-4.73,-5.40,-9.93,-6,-4.31,-6.14,-7.80,-3.95,-5.30,-3.98,-3.44,-3.99,-3.50,-2.90,-4.41,-4.83,-4.80,-3.60,-3.10,-3.56,-3.90,-5.12,-3.18,-3.59,-4.26,-3.99,-3.42,-5.39,-5.38,-3.96,-5.22,-5.09,-2.20,-2.47,-2.38,-4.59,-5.51,-0.04,-2.45,-2.16,-6.65,-3.20,-5.66,-5.69,-7.96,-8.90,-7.08,-5.75,-5.94,-1.21,-2.01,-1.80,-3.68,-3.70,-5.51,-8.50,,-13.40,-9,-5.90,-5.30,-6.50,,,,,,,-5.30,-5.20,,-4.30,-4.20,-2.50,-3.30,,,,,,,,-4.50,-3.40,-1.70,-3.60,-5.90,,,,,-2.80,,-5.70,-4.70,-0.50,-0.80,-0.90,,,-3.30,,,-5.40,,,-0.30,-2,-1.30,-2.80,-5.30,-7.80,
2008-12-29 08:00,-9.80,-11.85,-11.09,-13.32,-7.20,-5.56,-7.99,-9.90,-7.57,-10.53,-8.44,-8.22,-7.38,-11.51,-5.68,-7.46,-11.64,-9.32,-12.20,-10.48,-12.26,-7.30,-11.87,,-4.84,-5.89,-5.99,-5.79,-4.70,-6.40,-5.64,-6.66,-8.87,-11.24,-10.94,-10.72,-8.74,-9.95,-9.39,-7.13,-12.60,,-15.01,-6.88,-15.60,-5.14,-5.80,-6.01,-5.24,-6.19,-5.65,-3.95,-5.06,-5,-7.11,-7.15,-6.38,-6.40,-6.57,-6.54,-6.88,-7,-7.28,-10.53,-7.20,-8.21,-9.85,-11.72,-9.30,-15.34,-11.34,-9.70,-5.66,-9.19,-10.19,-4.79,-5.30,-9.61,-5.98,-4.30,-5.88,-7.70,-3.91,-5.04,-3.73,-3.40,-3.90,-3.40,-2.81,-4.35,-4.84,-4.71,-3.39,-3.10,-3.23,-3.75,-4.95,-3.11,-3.47,-4.29,-4.10,-3.36,-5.36,-5.48,-3.93,-5.12,-5.11,-2.10,-2.39,-2.28,-4.16,-5.58,0.11,-2.60,-2.14,-6.65,-3.20,-5.48,-5.64,-7.73,-8.70,-6.97,-5.72,-6.15,-1.23,-1.89,-1.90,-3.66,-3.80,-5.32,-8.40,-10.30,-12.50,-9.90,-5.90,-5.20,-6.50,-3.80,-9.40,-5.90,-7.30,-4.50,-5.90,-5.30,-5,-4.10,-3.60,-4.10,-2.50,-3.20,,-5.10,-4.90,-4.10,-4.60,-3.50,-5.50,-4.30,-3.40,-1.70,-3.50,-5.80,-3.90,-4.10,-4.80,-5.30,-2.80,-1.80,-5.60,-4.60,-0.50,-0.70,-0.80,-1.30,-2.80,-2.90,-7,-7,-5.50,-0.60,0.10,-0.30,-2,-1.30,-2.60,-5.10,-8.10,-8.20
2008-12-29 08:10,-9.80,-11.39,-10.70,-12.72,-6.60,-5.38,-7.91,-9.80,-7.43,-10.22,-8.21,-8.16,-7.37,-11.08,-5.43,-6.97,-11.58,-9.06,-12,-11.10,-12.59,-7.11,-11.48,,-4.74,-5.75,-5.78,-5.90,-4.66,-6.30,-5.60,-6.55,-8.97,-11.19,-10.85,-10.57,-8.61,-9.74,-8.98,-7.15,-12.60,,-16.58,-6.71,-15.30,-5.07,-5.70,-5.96,-5.32,-6.09,-5.65,-3.86,-5.06,-4.94,-7.02,-7.14,-6.30,-6.40,-6.45,-6.46,-6.57,-7,-7.21,-10.37,-7.15,-8.12,-9.47,-11.34,-8.80,-15.25,-11.55,-9.70,-5.62,-9.19,-10.24,-4.75,-5.30,-9.31,-5.91,-4.38,-5.60,-7.60,-3.70,-4.84,-3.52,-3.40,-3.76,-3.30,-2.77,-4.19,-4.75,-4.58,-3.25,-3.10,-3.32,-3.72,-4.63,-2.61,-3.34,-4.08,-4.02,-3.54,-5.52,-5.30,-3.94,-4.93,-4.91,-2.10,-2.45,-2.23,-3.54,-5.48,0.21,-2.68,-2.07,-6.65,-3.30,-5.18,-5.17,-7.35,-8.40,-6.73,-5.84,-5.89,-1.19,-1.60,-1.90,-3.56,-3.82,-5.23,-8.20,,-11.80,-9.80,-5.80,-5.20,-6.40,,,,,,,-5.30,-4.70,,-3.60,-4.10,-2.40,-3.15,,,,,,,,-4.20,-3.40,-1.70,-3.60,-5.80,,,,,-2.80,,-5.30,-4.50,-0.50,-0.70,-0.80,,,-2.90,,,-5.60,,,-0.40,-2,-1.30,-2.60,-5.10,-8.10,
2008-12-29 08:20,-9.50,-10.71,-10.37,-12.34,-6.10,-5.47,-7.57,-9.70,-7.35,-9.88,-7.89,-8.08,-7.35,-10.78,-5.49,-7.15,-11.25,-9.06,-11.80,-10.40,-12.44,-6.94,-10.92,,-4.48,-5.65,-5.69,-5.87,-4.53,-6.10,-5.74,-6.45,-8.80,-11.06,-10.69,-10.50,-8.65,-9.50,-8.64,-7,-11.80,,-15.46,-6.54,-14.80,-5.02,-5.60,-5.88,-5.28,-5.99,-5.60,-3.82,-5.06,-4.89,-7,-7.07,-6.35,-6.20,-6.38,-6.42,-6.41,-6.90,-7.08,-10.33,-7.15,-8.05,-9.15,-10.79,-8.50,-14.55,-11.28,-9.67,-5.53,-9.19,-10.41,-4.60,-5.30,-9.16,-5.81,-4.34,-5.42,-7.50,-3.56,-4.72,-3.33,-3.28,-3.64,-3.20,-2.62,-4.16,-4.75,-4.56,-3.12,-2.90,-3.01,-3.80,-4.62,-2.40,-3.27,-3.81,-4.02,-3.49,-5.21,-5.26,-3.88,-4.79,-4.65,-2.10,-2.22,-2.18,-3.50,-5.50,0.19,-2.50,-1.98,-6.64,-3.20,-4.98,-4.42,-6.54,-8.10,-6.36,-5.57,-6.13,-1.31,-1.59,-1.80,-3.49,-3.68,-5.12,-7.90,,-11.30,-8.50,-5.70,-5.10,-6.40,,,,,,,-5.20,-4.50,,-3.50,-4,-2.10,-3.04,,,,,,,,-4,-3.40,-1.70,-3.50,-5.80,,,,,-2.60,,-4.80,-4.50,-0.40,-0.80,-0.70,,,-2.80,,,-5.60,,,-0.50,-2,-1.40,-2.50,-5.10,-8.20,
2008-12-29 08:30,-9.10,-10.07,-9.60,-11.80,-5.80,-5.47,-7.40,-9.50,-7.32,-9.61,-7.04,-7.98,-7.26,-10.38,-5.41,-7.17,-11.07,-9.30,-11.60,-9.61,-12.15,-6.88,-10.45,,-4.30,-5.42,-5.51,-5.81,-4.46,-5.90,-5.88,-6.28,-8.75,-10.88,-10.54,-10.47,-8.46,-9.55,-8.08,-6.84,-11.60,,-15.43,-6.52,-14.60,-5,-5.60,-5.80,-5.07,-5.94,-5.48,-3.79,-4.99,-4.85,-6.95,-6.98,-6.20,-6.10,-6.32,-6.27,-6.13,-6.70,-6.95,-10.30,-7.14,-8.01,-8.53,-10.05,-8.60,-13.22,-10.93,-9.87,-5.60,-9.10,-10.32,-4.47,-5.20,-8.67,-5.93,-4.05,-5.25,-7.10,-3.49,-4.46,-3.31,-3.28,-3.57,-3.10,-2.64,-4.05,-4.71,-4.38,-2.92,-2.80,-3.09,-3.63,-4.75,-2.43,-3.15,-3.49,-4.14,-3.16,-5.01,-5.25,-3.82,-4.61,-4.23,-2.10,-2.29,-2.13,-3.29,-5.52,0.09,-2.61,-1.92,-6.57,-3.20,-4.87,-4.42,-5.92,-8,-6.15,-5.76,-6.20,-1.36,-1.66,-1.70,-3.62,-4.04,-5.31,-7.60,,-10.30,-8.30,-5.70,-5,-6.30,,,,,,,-4.90,-4.20,,-3.50,-3.90,-2.30,-2.95,,,,,,,,-3.80,-3.40,-1.60,-3.50,-5.80,,,,,-2.30,,-4.50,-4.50,-0.40,-0.90,,,,-2.70,,,-5.80,,,-0.50,-1.90,-1.50,-2.40,-5.30,-8.50,
2008-12-29 08:40,-9,-10.26,-8.62,-11.35,-5.70,-5.34,-7.18,-9.30,-7.29,-9.30,-6.83,-7.82,-7.23,-10,-5.61,-7.08,-10.76,-9.38,-11.50,-9.51,-12.40,-6.92,-10.55,,-4.18,-5.31,-5.39,-5.75,-4.33,-5.90,-5.91,-6.30,-8.75,-10.71,-10.36,-10.38,-8.26,-9.44,-7.79,-6.73,-12.70,,-15.63,-6.41,-13.70,-4.91,-5.60,-5.76,-5.17,-5.82,-5.51,-3.63,-4.95,-4.78,-6.90,-6.92,-6.18,-6.10,-6.21,-6.23,-6.02,-6.60,-6.89,-10.32,-7.03,-8.04,-7.98,-9.67,-8.40,-12.05,-10.74,-9.88,-5.54,-8.95,-10.06,-4.51,-5.20,-7.97,-5.94,-3.74,-4.99,-6.70,-3.48,-4.31,-3.31,-3.13,-3.54,-3,-2.61,-3.89,-4.59,-4.18,-2.68,-2.70,-2.84,-3.64,-4.75,-2.15,-2.86,-3.39,-4.35,-2.78,-5.13,-5.18,-3.77,-4.49,-3.84,-2.10,-2.19,-2.05,-2.77,-5.30,0.23,-2.61,-2.15,-6.66,-3.20,-4.48,-4.28,-5.43,-7.90,-6.13,-5.60,-6.13,-1.27,-1.74,-1.60,-3.65,-3.91,-5.40,-6.90,,-9.70,-8.30,-5.60,-5,-6.30,,,,,,,-4.50,-4,,-3.40,-3.80,-2.20,-2.78,,,,,,,,-3.50,-3.50,-1.60,-3.50,-5.90,,,,,-2.20,,-4.20,-4.50,-0.30,-0.80,-0.60,,,-2.50,,,-5.70,,,-0.40,-1.90,-1.40,-2,-5.30,-8.60,
2008-12-29 08:50,-8.90,-10.42,-8.06,-10.95,-5.30,-5.08,-6.90,-9.10,-7.17,-8.98,-6.44,-7.52,-7.20,-9.48,-5.64,-6.79,-10.49,-9.36,-11.30,-9.10,-11.98,-6.54,-10.94,,-4.07,-5.30,-5.20,-5.61,-4.10,-5.70,-5.73,-6.29,-8.67,-10.52,-10.17,-10.29,-8.38,-9.48,-7.70,-6.48,-11.80,,-15.12,-6.15,-13.60,-4.83,-5.60,-5.72,-5.05,-5.75,-5.46,-3.46,-4.86,-4.63,-6.69,-6.77,-6.10,-6.10,-6.13,-6.17,-6.11,-6.60,-6.83,-10.37,-6.88,-8.14,-7.54,-8.53,-7.70,-11.54,-10.50,-9.63,-5.50,-8.88,-9.67,-4.23,-5.10,-7.37,-5.88,-3.72,-4.65,-6.30,-3.35,-4.24,-3.19,-3.11,-3.31,-2.90,-2.47,-3.82,-4.60,-4,-2.48,-2.60,-2.80,-3.56,-4.51,-1.85,-2.78,-3.37,-4.26,-2.14,-5.13,-5.13,-3.75,-4.39,-3.40,-2,-2.21,-2,-2.02,-5.28,0.37,-2.66,-2.13,-6.57,-3.10,-4.24,-3.92,-5.09,-7.70,-6.08,-5.57,-5.96,-1.14,-1.49,-1.60,-3.58,-3.83,-5.44,-6.50,,-8.50,-7.90,-5.50,-4.90,-6.20,,,,,,,-4.10,-3.90,,-3.20,-3.70,-2.10,-2.81,,,,,,,,-3.10,-3.50,-1.60,-3.50,-5.70,,,,,-2.10,,-3.90,-4.50,-0.30,-1,-0.50,,,-2.30,,,-5.40,,,-0.40,-2,-1.50,-1.80,-5.20,-8.50,
2008-12-29 09:00,-8.50,-10.12,-7.59,-10.32,-5,-4.91,-6.66,-9,-6.96,-8.55,-5.88,-7.36,-7.20,-9.22,-5.45,-6.18,-10.15,-9.10,-10.90,-8.64,-11.83,-6.54,-10.88,,-3.85,-5.10,-5.10,-5.56,-4,-5.60,-5.63,-6.18,-8.67,-10.35,-10.03,-10.13,-8.18,-9.30,-7.68,-6.40,-11.80,,-16.35,-5.87,-12.90,-4.74,-5.50,-5.57,-5.32,-5.69,-5.31,-3.41,-4.85,-4.63,-6.68,-6.59,-6.08,-5.90,-6.30,-5.94,-6.04,-6.40,-6.74,-10.33,-6.91,-8.17,-7.91,-7.59,-6.90,-10.62,-9.69,-9.56,-5.53,-8.71,-9.60,-4.16,-4.90,-7.22,-5.88,-3.63,-4.44,-6,-3.34,-4.24,-3.13,-3.03,-3.20,-2.80,-2.37,-3.80,-4.40,-3.71,-2.23,-2.50,-2.69,-3.49,-4.45,-1.75,-2.75,-3.36,-4.03,-1.92,-4.88,-5.07,-3.66,-4.31,-3.27,-1.90,-2.14,-1.89,-1.90,-5.16,0.22,-2.67,-1.95,-6.66,-3.10,-3.97,-3.66,-4.52,-7.20,-6.03,-5.61,-5.82,-1.27,-0.95,-1.70,-3.53,-3.77,-5.30,-6.10,-6.90,-7.60,-8,-5.30,-4.80,-6.20,-2.90,-8.20,-6.20,-7.30,-3.90,-5.40,-3.90,-3.70,-3.80,-2.70,-3.60,-2,-2.40,-3.40,-4.70,-4.70,-3.70,-4.20,-3.40,-4.50,-2.80,-3.50,-1.70,-3.80,-5.60,-3.70,-4.30,-3.80,-3.80,-1.90,-1.30,-3.70,-4.30,-0.10,-1.10,-0.40,-1.50,-2.80,-1.90,-5.10,-4.90,-5.50,-0.30,-0.50,-0.60,-1.90,-1.40,-1.10,-5,-9,-5.40
2008-12-29 09:10,-8.30,-9.98,-7.23,-9.49,-4.80,-4.95,-6.39,-8.70,-6.75,-8.20,-6.01,-7.37,-7.14,-8.89,-4.89,-5.68,-9.44,-9.06,-10.70,-8.34,-12,-6.40,-10.20,,-3.79,-5.01,-4.98,-5.48,-3.76,-5.30,-5.25,-5.98,-8.54,-10.21,-9.84,-9.95,-8.13,-9.14,-7.61,-6.25,-12.30,,-15.51,-5.92,-11.90,-4.74,-5.50,-5.62,-5.18,-5.62,-5.21,-3.32,-4.84,-4.53,-6.40,-6.60,-6.04,-5.80,-6.19,-5.84,-5.99,-6.30,-6.80,-10.28,-6.87,-8.27,-7.42,-7.01,-6.60,-9.82,-9.70,-9.69,-5.53,-8.46,-9.43,-3.99,-5,-7.25,-5.95,-3.55,-4.07,-5.70,-3.37,-3.99,-3.04,-2.87,-3.16,-2.70,-2.27,-3.72,-4.48,-3.38,-1.92,-2.40,-2.49,-3.41,-4.54,-1.53,-3.08,-3.10,-4.06,-2.14,-4.99,-5.04,-3.74,-4.24,-3.06,-1.90,-2.02,-1.83,-1.89,-5.26,0.28,-2.64,-1.90,-6.67,-3,-3.67,-3.36,-3.99,-6.60,-5.68,-5.39,-5.93,-1.39,-0.51,-1.60,-3.58,-3.66,-5.45,-5.60,,-8.60,-7.70,-5.30,-4.70,-6.10,,,,,,,-3.90,-3.30,,-2.70,-3.60,-1.50,-2.50,,,,,,,,-2.70,-3.60,-1.60,-3.30,-5.70,,,,,-1.90,,-3.80,-4.20,-0.10,-1,-0.30,,,-1.90,,,-5.20,,,-0.70,-1.90,-1.50,-1,-5.10,-9,
2008-12-29 09:20,-8,-9.53,-6.62,-9.20,-4.70,-4.68,-6.13,-8.10,-6.70,-7.87,-6.37,-7.25,-7.22,-8.77,-4.71,-5.46,-9.23,-9.10,-10.60,-8.03,-11.70,-6.21,-10,,-3.60,-4.82,-4.85,-5.41,-3.60,-5.30,-5.11,-5.93,-8.54,-10.23,-9.69,-9.81,-8.05,-8.98,-7.27,-6.04,-12.30,,-14.88,-5.54,-11.50,-4.55,-5.40,-5.51,-4.95,-5.67,-5.19,-3.15,-4.77,-4.55,-6.38,-6.60,-5.94,-5.80,-6.16,-5.81,-5.99,-6.20,-6.62,-10.31,-6.83,-8.24,-6.92,-6.67,-6.40,-9.16,-9.44,-8.95,-5.29,-8.32,-9.12,-3.88,-5.10,-7.27,-5.79,-3.09,-3.92,-5.40,-3.21,-3.88,-3.04,-2.77,-3.14,-2.60,-2.17,-3.70,-4.43,-3.19,-1.80,-2.20,-2.27,-3.31,-4.42,-1.42,-3.28,-2.93,-4.27,-2.44,-4.91,-4.98,-3.60,-3.97,-2.89,-1.90,-2.08,-1.77,-1.61,-5.23,0.32,-2.54,-1.93,-6.51,-2.90,-3.31,-3.08,-3.50,-6.30,-5.62,-5.35,-5.56,-1.44,0.08,-1.70,-3.54,-3.81,-5.47,-5.20,,-8.80,-8.20,-5.20,-4.60,-6.10,,,,,,,-3.70,-3,,-2.40,-3.50,-1.50,-2.27,,,,,,,,-2.40,-3.50,-1.60,-3.40,-5.60,,,,,-1.80,,-3.50,-4.20,-0.10,-1,-0.30,,,-1.80,,,-4.70,,,-0.70,-2,-1.50,-0.80,-5.30,-9,
2008-12-29 09:30,-7.50,-9,-6.07,-8.71,-4.60,-4.42,-5.87,-7.60,-6.53,-7.68,-6.21,-7.08,-7.18,-8.32,-4.79,-5.03,-8.52,-8.99,-10.40,-7.53,-11.29,-6.39,-10.28,,-3.52,-4.62,-4.63,-5.32,-3.51,-5.20,-4.95,-5.88,-8.56,-9.91,-9.59,-9.63,-7.89,-8.85,-6.96,-5.91,-11.50,,-15.96,-5.46,-10.40,-4.51,-5.30,-5.48,-5.03,-5.72,-5.07,-3.12,-4.57,-4.48,-6.24,-6.51,-5.86,-5.70,-5.95,-5.76,-5.88,-6.10,-6.48,-10.36,-6.87,-8.27,-6.72,-7.26,-6.10,-8.95,-8.61,-8.37,-5.27,-8.18,-8.80,-3.83,-5,-7.07,-5.60,-2.82,-3.79,-5.20,-3.04,-3.80,-2.80,-2.77,-3.08,-2.50,-2.11,-3.40,-4.43,-2.63,-1.78,-2.10,-2.09,-3.23,-4.62,-1.27,-3.40,-2.75,-4.51,-2.57,-4.84,-4.91,-3.58,-3.86,-2.83,-1.80,-2,-1.67,-1.42,-5.26,0.36,-2.42,-1.93,-6.51,-2.80,-2.92,-2.76,-3.17,-6.10,-5.59,-5.22,-5.32,-1.47,0.36,-1.70,-3.61,-3.80,-5.23,-4.90,,-8.60,-7.80,-5,-4.40,-6,,,,,,,-3.60,-3.30,,-2.30,-3.50,-1.50,-2.14,,,,,,,,-2.30,-3.40,-1.50,-3.10,-5.50,,,,,-1.60,,-3,-4.20,0,-1,-0.30,,,-1.70,,,-4.40,,,-0.60,-1.90,-1.50,-0.70,-5.30,-9,
2008-12-29 09:40,-7.30,-8.53,-5.63,-8.37,-4.20,-4.31,-5.69,-7.60,-6.38,-7.41,-6.24,-7.10,-7.19,-7.74,-4.73,-5.42,-8.42,-9.08,-10.10,-7.41,-11.25,-6.63,-10.04,,-3.47,-4.41,-4.39,-5.23,-3.43,-5,-5.11,-5.69,-8.56,-9.78,-9.48,-9.55,-7.80,-8.76,-6.89,-5.85,-11.80,,-15.23,-5.18,-9.80,-4.50,-5.30,-5.36,-5.01,-5.66,-5.04,-3.19,-4.36,-4.42,-6.12,-6.44,-5.71,-5.60,-5.93,-5.62,-5.89,-6,-6.54,-10.33,-6.78,-8.38,-6.62,-7.75,-6.20,-7.88,-8.26,-8.14,-5.38,-8.08,-8.17,-3.87,-5,-6.67,-5.58,-2.68,-3.70,-4.90,-3.11,-3.75,-2.63,-2.75,-3.02,-2.40,-2.04,-3.52,-4.37,-2.02,-1.64,-1.90,-2.01,-3.14,-4.50,-1.18,-2.99,-2.88,-4.69,-2.79,-4.82,-4.88,-3.40,-3.65,-2.71,-1.70,-1.87,-1.52,-1.28,-5.05,0.10,-2.53,-1.89,-6.37,-2.70,-2.49,-2.49,-3.12,-5.60,-5.44,-5.16,-5.03,-1.44,0.32,-1.60,-3.61,-3.93,-5.11,-4.60,,-6.70,-8,-4.90,-4.30,-5.80,,,,,,,-3.60,-3.20,,-2.20,-3.40,-1.40,-2.09,,,,,,,,-2.10,-3.20,-1.60,-3,-5.30,,,,,-1.50,,-2.90,-4.20,0.10,-1,-0.30,,,-1.50,,,-4.10,,,-0.70,-2,-1.50,-0.60,-5.50,-8.80,
2008-12-29 09:50,-6.90,-8.36,-5.38,-7.80,-3.90,-3.91,-5.43,-7.60,-6.36,-7.13,-6.36,-6.77,-7.14,-7.16,-4.36,-5.64,-8.29,-9.05,-10,-6.45,-10.66,-6.87,-9.77,,-3.45,-4.35,-4.27,-5.18,-3.39,-4.80,-5.07,-5.53,-8.56,-9.54,-9.38,-9.26,-7.64,-8.64,-6.81,-5.72,-11.80,,-15.18,-4.96,-9,-4.38,-5.20,-5.24,-4.96,-5.53,-4.95,-3.22,-4.29,-4.46,-5.99,-6.43,-5.62,-5.30,-5.88,-5.54,-5.79,-6,-6.49,-10.33,-6.69,-8.42,-6.38,-7.70,-6.70,-6.99,-7.84,-7.84,-5.33,-7.99,-7.63,-3.79,-4.80,-6.36,-5.63,-2.54,-3.53,-4.70,-2.98,-3.72,-2.48,-2.62,-2.99,-2.30,-1.97,-3.38,-4.35,-1.79,-1.53,-1.70,-1.61,-3.02,-4.26,-1.09,-2.78,-2.86,-4.56,-2.59,-4.69,-4.76,-3.52,-3.66,-2.59,-1.60,-1.85,-1.44,-1.27,-4.67,0.07,-2.58,-1.78,-6.23,-2.50,-2.21,-2.22,-2.78,-5.30,-5.46,-5.08,-4.27,-1.37,0.05,-1.80,-3.66,-3.96,-5.21,-4.40,,-7.20,-7.40,-4.80,-4.30,-5.80,,,,,,,-3.40,-3.10,,-2.10,-3.30,-1.20,-1.93,,,,,,,,-2.10,-3.20,-1.60,-2.80,-5.30,,,,,-1.50,,-2.70,-4.10,0.10,-1.10,-0.30,,,-1.50,,,-3.50,,,-0.90,-2.10,-1.60,-0.50,-5.60,-8.60,
2008-12-29 10:00,-6.40,-7.88,-5.07,-7.26,-3.50,-3.92,-4.97,-7.20,-6.20,-6.76,-6.41,-6.45,-7.19,-6.88,-4.11,-6.16,-8.58,-8.86,-9.90,-6.50,-8.73,-7.11,-9.53,,-3.39,-4.25,-4.31,-5.14,-3.24,-4.70,-5.07,-5.36,-8.56,-9.55,-9.12,-9.25,-7.43,-8.42,-6.62,-5.37,-11.60,,-14.66,-4.88,-8.80,-4.21,-5,-5.14,-5,-5.58,-4.89,-3.04,-4.22,-4.24,-5.86,-6.32,-5.52,-5.30,-5.79,-5.52,-5.60,-5.80,-6.40,-10.39,-6.60,-8.47,-6.06,-7.43,-7,-6.61,-7.37,-7.69,-5.26,-8.02,-7.12,-3.69,-4.70,-6.16,-5.50,-2.43,-3.41,-4.40,-2.99,-3.64,-2.38,-2.50,-2.95,-2.20,-1.87,-3.23,-4.33,-1.66,-1.44,-1.70,-1.83,-2.93,-4.28,-1.03,-2.70,-2.85,-4.23,-2.55,-4.58,-4.71,-3.57,-3.39,-2.37,-1.60,-1.77,-1.40,-0.80,-4.36,0.01,-2.69,-1.69,-6.20,-2.30,-1.70,-2.21,-2.55,-5,-5.35,-5.08,-3.98,-1.44,-0.03,-1.80,-3.58,-3.83,-5.20,-4.30,-6.20,-7,-7.60,-4.70,-4.10,-5.70,-2.90,-5.90,-6.90,-6.80,-3,-4.60,-3.30,-3,-2.90,-1.80,-3.20,-1.10,-1.80,,-4.20,-4.30,-3.30,-3.70,-3,-3.70,-1.90,-3,-1.40,-2.80,-5.20,-3.50,-3.80,-4.10,-2.80,-1.40,-0.70,-2.70,-4,0.20,-0.90,-0.20,,-2.90,-1.30,-3.60,-2.60,-3.30,0.20,-0.20,-0.90,-1.90,-1.60,-0.40,-5.60,-8.10,-4.40
2008-12-29 10:10,-6.40,-7.45,-4.58,-7.01,-3.40,-3.66,-4.77,-7,-6.15,-6.54,-5.99,-6.29,-7.11,-6.31,-4,-5.94,-8.46,-8.93,-9.90,-6.51,-8.11,-6.89,-9.36,,-3.29,-4.19,-4.30,-5.19,-3.22,-4.70,-4.95,-5.28,-8.53,-9.25,-8.98,-9.08,-7.22,-8.04,-6.41,-5.12,-11.30,,-14.56,-4.80,-8.50,-4.16,-4.90,-5.11,-4.88,-5.46,-4.78,-2.75,-4.12,-4.22,-5.76,-6.15,-5.53,-5,-5.63,-5.46,-5.66,-5.60,-6.42,-10.32,-6.51,-8.54,-5.95,-7.40,-7.10,-5.96,-6.73,-7.30,-5.25,-7.98,-6.75,-3.68,-4.50,-5.88,-5.44,-2.30,-3.12,-4.10,-2.91,-3.59,-2.40,-2.52,-2.91,-2.30,-1.73,-3.18,-4.22,-1.52,-1.37,-1.50,-1.57,-2.85,-4.10,-1.16,-2.58,-2.76,-4.04,-2.28,-4.65,-4.82,-3.53,-3.20,-2.23,-1.60,-1.77,-1.45,-0.66,-4.24,0.10,-2.60,-1.59,-6.09,-2.30,-1.35,-2.05,-2.27,-4.30,-5.20,-4.76,-3.76,-1.34,-0.46,-1.70,-3.51,-3.79,-5.03,-4.10,,-6.50,-7.40,-4.50,-3.90,-5.70,,,,,,,-3.40,-2.90,,-1.90,-3.20,-1.10,-1.86,,,,,,,,-1.70,-2.80,-1,-2.90,-5.20,,,,,-1.50,,-2.40,-4.10,0.20,-0.80,-0.30,,,-1.30,,,-3.30,,,-0.90,-2,-1.70,-0.40,-5.70,-8.10,
2008-12-29 10:20,-6.30,-7.20,-4.52,-6.57,-2.90,-3.58,-4.52,-6.70,-6.26,-6.28,-5.72,-6.13,-7.03,-5.97,-4.13,-6.20,-8.04,-8.99,-9.80,-6.48,-7.45,-6.73,-9.35,,-3.26,-4.01,-4.27,-5.06,-3.34,-4.60,-4.93,-5.13,-8.59,-9.04,-8.85,-8.91,-6.95,-7.97,-6.51,-5.42,-11.20,,-14.42,-4.52,-8.30,-4.06,-4.80,-5.08,-4.59,-5.36,-4.70,-2.68,-3.91,-4.07,-5.64,-5.96,-5.49,-5,-5.54,-5.45,-5.46,-5.50,-6.37,-10.49,-6.38,-8.50,-5.74,-7.33,-6.70,-5.17,-6.46,-6.98,-5.12,-7.81,-6.72,-3.55,-4.30,-5.78,-5.41,-2.21,-3.11,-3.80,-2.83,-3.27,-2.39,-2.64,-3.20,-2.20,-1.63,-3.05,-4.22,-1.37,-1.14,-1.40,-1.67,-2.82,-3.93,-0.97,-2.43,-2.58,-3.94,-2.38,-4.60,-4.50,-3.41,-3.01,-2.10,-1.50,-1.63,-1.50,-0.33,-4.16,0.08,-2.74,-1.66,-6.04,-2.20,-1.42,-1.82,-1.96,-4,-5.10,-4.65,-3.65,-1.33,-1.06,-1.70,-3.59,-3.76,-4.86,-4,,-5.70,-8,-4.40,-3.70,-5.60,,,,,,,-3.50,-2.80,,-1.80,-3.20,-1,-1.72,,,,,,,,-1.40,-2.70,-1.20,-2.40,-5.30,,,,,-1.30,,-2.30,-3.80,0.40,-0.90,,,,-1.40,,,-3,,,-0.90,-2,-1.70,-0.40,-5.60,-7.80,
2008-12-29 10:30,-5.90,-7,-4.50,-6.06,-2.20,-3.52,-4.37,-6.40,-6.29,-6.01,-5.48,-5.98,-7.05,-5.79,-4.28,-6.46,-7.87,-8.87,-9.60,-6.50,-6.92,-6.94,-9.22,,-3.19,-3.80,-4.26,-5.09,-3.35,-4.50,-4.81,-4.88,-8.67,-8.94,-8.73,-8.81,-6.93,-7.87,-6.25,-5.06,-10.70,,-14.08,-4.32,-8.20,-3.97,-4.60,-5,-4.61,-5.37,-4.55,-2.59,-3.62,-3.99,-5.43,-6.02,-5.40,-5,-5.54,-5.14,-5.43,-5.20,-6.40,-10.40,-6.26,-8.51,-5.69,-6.95,-5.80,-4.80,-6.03,-6.63,-4.91,-7.67,-6.35,-3.28,-4.10,-5.55,-5.36,-2.19,-2.91,-3.70,-2.75,-3.51,-2.26,-2.55,-3.15,-2.10,-1.64,-2.89,-4.17,-1.21,-1.02,-1.30,-1.49,-2.75,-3.63,-0.58,-2.41,-2.44,-3.67,-2.62,-4.57,-4.75,-3.48,-2.67,-1.97,-1.40,-1.64,-1.49,-0.38,-4.21,0.02,-2.75,-1.39,-6.10,-2.20,-1.83,-1.58,-1.96,-3.80,-4.74,-4.49,-3.01,-1.28,-1.37,-1.60,-3.60,-4.08,-4.88,-3.70,,-5.60,-8.10,-4.30,-3.40,-5.50,,,,,,,-3.40,-2.70,,-1.80,-3,-0.90,-1.77,,,,,,,,-1.10,-2.70,-1,-2.70,-5.20,,,,,-1.20,,-2.20,-3.70,0.50,-1.10,-0.40,,,-1.20,,,-2.90,,,-1,-2.10,-1.70,-0.40,-5.80,-6.80,
2008-12-29 10:40,-5.80,-6.91,-4.01,-5.46,-1.90,-3.24,-4.21,-5.90,-6.16,-5.61,-5.32,-5.79,-7.12,-5.23,-3.92,-6.54,-7.69,-8.93,-9.40,-6.45,-6.29,-7.08,-8.91,,-3.05,-3.64,-4.11,-4.98,-3.23,-4.60,-4.78,-4.77,-8.73,-8.79,-8.36,-8.62,-6.83,-7.57,-6.02,-4.97,-10.20,,-14.25,-4.31,-8.10,-3.88,-4.70,-4.88,-4.49,-5.32,-4.36,-2.36,-3.63,-3.85,-5.29,-5.88,-5.28,-5,-5.44,-5.10,-5.46,-5,-6.23,-10.35,-6.10,-8.62,-5.57,-6.44,-5.90,-4.15,-6.03,-6.30,-4.72,-7.68,-6,-3.29,-4,-5,-5.23,-2.15,-2.81,-3.60,-2.62,-3.37,-2.26,-2.35,-3.12,-2.10,-1.47,-2.76,-4.11,-1.01,-0.97,-1.20,-1.42,-2.68,-3.45,-0.58,-2.19,-2.26,-3.73,-2.15,-4.51,-4.56,-3.41,-2.36,-1.74,-1.30,-1.48,-1.44,0,-4.11,0.09,-2.84,-1.29,-6.13,-2.10,-1.44,-1.31,-1.63,-3.80,-4.69,-4.33,-2.97,-1.29,-1.52,-1.60,-3.56,-3.70,-4.84,-3.40,,-5.30,-8.20,-4.10,-3.20,-5.30,,,,,,,-3.70,-2.70,,-1.70,-2.70,-1,-1.82,,,,,,,,-1,-2.60,-0.90,-2.50,-5.20,,,,,-1.10,,-2,-3.40,0.60,-1.30,-0.30,,,-1.20,,,-2.80,,,-1,-2.10,-1.60,-0.50,-5.60,-7,
2008-12-29 10:50,-5.60,-6.57,-3.90,-5.09,-2.40,-3.01,-4.08,-5.50,-6.08,-5.31,-5.70,-5.57,-7.11,-4.95,-3.44,-6.38,-7.13,-9.03,-9.10,-6.17,-6.32,-7.10,-8.83,,-2.99,-3.62,-3.88,-4.99,-3.23,-4.50,-4.89,-4.50,-8.78,-8.56,-8.14,-8.44,-6.71,-7.43,-5.84,-4.78,-10.80,,-14.72,-4.19,-8.10,-3.85,-4.70,-4.87,-4.54,-5.22,-4.47,-2.01,-3.65,-3.63,-5.12,-5.71,-5.15,-4.80,-5.26,-4.91,-5.44,-4.80,-6.18,-10.33,-6.14,-8.41,-5.43,-5.98,-5.90,-3.36,-6.01,-6.16,-4.58,-7.62,-5.83,-3.39,-3.80,-4.52,-5.25,-2.09,-2.63,-3.60,-2.52,-3.29,-2.11,-2.26,-3.12,-2,-1.37,-2.74,-3.96,-1.01,-0.86,-0.90,-1.02,-2.44,-3.02,-0.78,-2.01,-2.32,-3.61,-1.91,-4.64,-4.55,-3.34,-2.35,-1.63,-1.10,-1.31,-1.34,-0.09,-3.91,-0.04,-2.82,-1.17,-5.98,-2,-1.37,-1.17,-0.87,-4,-4.66,-4.20,-2.50,-1.17,-1.52,-1.60,-3.56,-3.67,-4.64,-3.30,,-5.30,-7.80,-4,-3.20,-5.30,,,,,,,-3.70,-2.70,,-1.80,-2.70,-1.20,-1.67,,,,,,,,-1.10,-2.50,-0.70,-2.40,-5.10,,,,,-1,,-1.90,-3.30,0.70,-1.20,-0.30,,,-1.20,,,-3.10,,,-1,-1.80,-1.60,-0.50,-5.60,-6.30,
2008-12-29 11:00,-5.50,-6.37,-3.67,-4.83,-2.10,-3,-4.11,-5,-6.05,-5,-5.72,-5.26,-7.13,-4.66,-3.48,-5.94,-6.94,-9.12,-9,-6.11,-6.34,-7.20,-8.76,,-2.88,-3.65,-3.77,-4.93,-3.25,-4.30,-4.78,-4.36,-8.82,-8.23,-8.10,-8.36,-6.47,-7.41,-5.63,-4.73,-11,,-14.59,-4.09,-8,-3.74,-4.60,-4.70,-4.40,-5.16,-4.53,-2.09,-3.48,-3.45,-4.95,-5.84,-5.07,-4.70,-5.05,-4.76,-5.51,-4.80,-6.15,-10.32,-6.04,-8.38,-5.25,-5.63,-5.60,-3.54,-5.06,-5.43,-4.34,-7.48,-5.92,-3.24,-3.60,-4.24,-5.31,-2.08,-2.43,-3.40,-2.38,-3.47,-2.05,-2.26,-3.10,-2,-1.30,-2.59,-3.78,-0.92,-0.97,-1.10,-1.14,-2.24,-2.90,-0.69,-2.15,-2.26,-3.55,-1.72,-4.53,-4.49,-3.32,-2.33,-1.57,-1.10,-1.36,-1.09,0.05,-3.64,-0.12,-2.67,-1.18,-5.93,-2.10,-1.23,-0.92,-0.97,-3.90,-4.35,-4.13,-2.37,-1.31,-1.68,-1.50,-3.47,-3.70,-4.53,-3.20,-4.50,-5.70,-8,-3.80,-3,-5,-2.50,-4.50,-6.10,-6.60,-2.50,-3.80,-3.90,-2.60,-2.30,-1.70,-2.50,-1.10,-0.90,-3.10,-3.30,-3.60,-3.70,-3,-2.60,-2.70,-1,-2.30,-0.50,-2.30,-4.90,-2.50,-2.80,-4.20,-2.30,-1,0,-1.70,-3.30,0.70,-0.70,-0.40,,-2.70,-1,-2.60,-1.50,-2.90,-0.40,-0.30,-1,-2.10,-1.60,-0.50,-5.70,-6.50,-2.50
2008-12-29 11:10,-5.20,-6.22,-3.91,-4.63,-2.10,-2.98,-4.02,-4.70,-6.03,-4.74,-5.61,-5.07,-7.07,-4.67,-3.38,-5.87,-6.97,-9.03,-8.60,-6.27,-5.94,-7.27,-8.65,,-2.91,-3.51,-3.49,-4.91,-3.17,-4.30,-4.68,-4.23,-8.85,-7.81,-7.81,-8.28,-6.54,-7.35,-5.43,-4.67,-10.70,,-14.50,-3.99,-8,-3.76,-4.30,-4.60,-4.37,-5.13,-4.46,-2.22,-3.38,-3.34,-4.77,-5.64,-5.04,-4.70,-5.10,-4.74,-5.53,-4.70,-6.23,-10.33,-5.92,-8.38,-5.21,-5.62,-5.20,-3.59,-4.63,-5.34,-4.29,-7.39,-5.50,-3,-3.50,-3.89,-5.29,-2.14,-2.35,-3.22,-2.09,-3.56,-2.02,-2.15,-2.92,-1.90,-1.20,-2.51,-3.77,-0.73,-1.01,-1.10,-0.90,-2.17,-2.83,-0.56,-2.22,-2.09,-3.36,-2.21,-4.30,-4.42,-3.30,-2.31,-1.54,-1,-1.16,-0.76,0.22,-3.45,-0.22,-2.61,-1.09,-5.85,-2.10,-0.98,-0.56,-0.69,-3.90,-4.03,-4.08,-2.70,-1.53,-1.90,-1.60,-3.46,-3.84,-4.48,-3.10,,-5.50,-8,-3.70,-3,-4.90,,,,,,,-3.70,-2.40,,-1.70,-2.50,-0.70,-0.70,,,,,,,,-1,-2.30,-0.40,-2.10,-4.90,,,,,-0.90,,-1.50,-3.20,0.70,-0.70,-0.20,,,-0.90,,,-3.10,,,-0.90,-2.10,-1.60,-0.50,-5.60,-6.60,
2008-12-29 11:20,-5,-6.11,-4.02,-4.46,-2.20,-2.88,-3.94,-4.60,-6.03,-4.37,-5.67,-5.02,-7.02,-4.45,-3.79,-5.82,-6.78,-9.12,-8.50,-6.30,-5.69,-7.36,-8.56,,-2.77,-3.33,-3.54,-4.93,-3.10,-4.30,-4.69,-4.17,-9.09,-7.57,-7.56,-8,-6.44,-7.12,-5.58,-4.64,-11,,-14.55,-3.89,-7.90,-3.70,-4.30,-4.51,-4.20,-5.04,-4.48,-2.31,-3.35,-3.10,-4.54,-5.58,-4.99,-4.70,-4.89,-4.60,-5.39,-4.80,-6.12,-10.42,-6.03,-8.30,-4.81,-5.25,-4.20,-3.45,-4.34,-5.11,-4.19,-7.33,-5.53,-2.98,-3.50,-3.73,-5.09,-2.15,-2.37,-3.17,-1.68,-3.54,-2.08,-1.98,-2.77,-1.90,-1.17,-2.31,-3.80,-0.59,-1.01,-0.90,-0.89,-2.02,-2.99,-0.56,-1.91,-2.07,-3.22,-2.63,-4.29,-4.41,-3.30,-2.33,-1.49,-0.90,-0.86,-0.79,0.27,-3.17,-0.04,-2.67,-1.02,-5.73,-2.10,-0.88,-0.58,-0.94,-4,-4.04,-4.20,-3,-1.61,-1.97,-1.60,-3.46,-3.92,-4.36,-3.10,,-5.80,-7.80,-3.70,-3,-4.80,,,,,,,-3.70,-2.40,,-1.70,-2.40,-1.20,-0.77,,,,,,,,-1,-2.20,-0.40,-2.10,-4.40,,,,,-0.80,,-1.30,-3.10,0.80,-0.70,-0.10,,,-0.70,,,-3.10,,,-0.80,-2,-1.60,-0.50,-5.30,-6.60,
2008-12-29 11:30,-4.40,-5.75,-3.75,-4.64,-2.40,-3.07,-3.89,-4.40,-6.02,-4.04,-5.52,-5.13,-6.92,-4.63,-4.10,-6,-6.40,-8.92,-8.30,-6.46,-6.30,-7.33,-8.13,,-2.81,-3.30,-3.65,-5.05,-3.08,-4.20,-4.64,-4.12,-9,-7.47,-7.47,-7.74,-6.08,-7,-5.84,-4.60,-10.30,,-14.25,-3.74,-7.80,-3.54,-4.30,-4.41,-4.20,-4.98,-4.52,-2.23,-3.35,-2.35,-4.52,-5.54,-4.83,-4.70,-4.62,-4.53,-5.38,-4.30,-6.19,-10.43,-6.05,-8.32,-4.50,-5.09,-4.10,-3.47,-4.42,-5.18,-3.96,-7.41,-5.39,-2.97,-3.30,-3.76,-5,-2.22,-2.36,-3.28,-1.80,-3.74,-2.06,-1.88,-2.69,-1.80,-1.05,-2.37,-3.99,-0.39,-0.86,-0.60,-0.85,-1.71,-3.05,-0.53,-1.82,-2.10,-3.27,-2.22,-4.36,-4.45,-3.31,-2.28,-1.42,-0.90,-0.94,-0.80,0.25,-2.86,0.04,-2.46,-0.97,-5.80,-2,-0.97,-0.62,-0.65,-3.90,-4.04,-4.18,-2.96,-1.31,-1.88,-1.60,-3.29,-3.74,-4.19,-3.10,,-5.80,-7.70,-3.60,-3.20,-4.80,,,,,,,-3.50,-2.30,,-1.70,-2.30,-1.30,-0.93,,,,,,,,-0.90,-2,-0.30,-2.10,-4.80,,,,,-0.70,,-1.20,-3.50,0.80,-0.60,0.20,,,-0.90,,,-3,,,-0.90,-1.80,-1.70,-0.60,-5.20,-6.70,
2008-12-29 11:40,-4.20,-5.67,-3.53,-4.79,-2.30,-2.94,-3.77,-4.50,-6.11,-3.78,-5.41,-5.30,-7.04,-4.51,-4.17,-6.35,-6.26,-8.95,-8.10,-6.38,-6.69,-7.36,-7.95,,-2.75,-3.25,-3.65,-4.99,-2.96,-4.20,-4.74,-4.06,-9.08,-7.38,-7.43,-7.72,-5.92,-6.95,-5.98,-4.40,-10.80,,-14.48,-3.78,-7.50,-3.45,-4.20,-4.33,-4.13,-4.95,-4.45,-2.25,-3.25,-2.07,-4.49,-5.36,-4.69,-4.60,-4.51,-4.55,-5.34,-3.90,-6.23,-10.45,-6.03,-8.29,-4.30,-4.86,-3.50,-3.81,-4.64,-5.16,-3.80,-7.50,-5.22,-2.93,-3.40,-3.59,-4.94,-2.28,-2.34,-3.22,-1.69,-3.75,-2.16,-1.80,-2.69,-1.70,-0.88,-2.30,-3.93,-0.63,-0.63,-0.50,-0.38,-1.72,-2.92,-0.35,-1.74,-1.96,-3.29,-2.34,-4.09,-4.25,-3.28,-2.17,-1.33,-1,-1.14,-0.85,0.42,-2.79,-0.01,-2.32,-0.95,-5.72,-1.80,-1.01,-0.33,-0.83,-3.90,-3.67,-4.23,-2.88,-1.25,-1.74,-1.50,-3.25,-3.55,-4.09,-2.90,,-5.70,-7.40,-3.60,-2.70,-4.70,,,,,,,-3.40,-2.20,,-1.60,-2.30,-1,-0.57,,,,,,,,-1,-1.90,0.20,-1.80,-4.30,,,,,-0.70,,-1.10,-3.20,0.70,-0.60,0.70,,,-0.80,,,-3.10,,,-1.10,-2,-1.70,-0.50,-5.10,-6.90,
2008-12-29 11:50,-4.20,-5.39,-3.45,-4.81,-2,-2.68,-3.68,-4.20,-6.12,-3.59,-5.75,-4.98,-6.97,-4.23,-4.07,-6.34,-6.19,-8.92,-8.10,-6.64,-6.05,-7.24,-7.58,,-2.73,-3.21,-3.57,-4.97,-2.91,-4.20,-4.70,-3.86,-8.91,-7.28,-7.30,-7.51,-5.74,-6.86,-5.78,-4.27,-10.50,,-14.27,-3.86,-7.20,-3.40,-4.10,-4.29,-4.04,-4.85,-4.57,-2.35,-3.13,-2.47,-4.42,-5.32,-4.76,-4.60,-4.30,-4.31,-5.43,-3.90,-6.18,-10.38,-6.10,-8.14,-4.21,-5.12,-3.70,-4,-4.68,-4.99,-3.75,-7.62,-5.14,-2.90,-3.50,-3.80,-4.85,-2.33,-2.32,-3.14,-1.40,-3.63,-2.17,-1.66,-2.67,-1.70,-0.83,-2.35,-3.62,-0.62,-0.66,-0.50,-0.58,-1.18,-2.72,-0.36,-1.64,-1.85,-3.10,-2.28,-3.82,-4.16,-3.28,-1.99,-1.31,-0.90,-0.97,-0.61,0.75,-2.87,0.05,-2.35,-0.99,-5.83,-1.70,-1.02,-0.39,-0.95,-3.50,-3.66,-4.09,-2.89,-1.37,-1.87,-1.50,-3.31,-3.60,-4.07,-2.80,,-5.90,-7.40,-3.50,-2.20,-4.60,,,,,,,-3.40,-2.20,,-1.50,-2.20,-1.20,-0.37,,,,,,,,-1,-2,-0.30,-1.70,-4.30,,,,,-0.70,,-0.80,-3.10,0.70,-0.50,0.60,,,-0.50,,,-3,,,-1,-1.80,-1.50,-0.50,-4.90,-7,
2008-12-29 12:00,-3.90,-5.20,-3.50,-4.73,-2.10,-2.87,-3.56,-4.10,-6.18,-3.55,-5.91,-4.94,-7.21,-3.95,-4.02,-6.38,-5.90,-8.93,-7.90,-6.76,-5.64,-7.59,-7.29,,-2.63,-3.09,-3.57,-4.88,-2.67,-4,-4.54,-3.96,-8.91,-7,-7.25,-7.29,-5.71,-6.64,-5.67,-4.49,-10.50,,-14.98,-3.71,-7,-3.36,-4.10,-4.25,-4.03,-5.07,-4.59,-2.28,-3.08,-2.47,-4.34,-5.28,-4.63,-4.40,-4.16,-4.11,-5.33,-3.70,-6.11,-10.46,-6.08,-8.17,-4.12,-5.27,-4.70,-3.91,-4.55,-4.95,-3.60,-7.65,-5.17,-2.66,-3.40,-3.81,-4.77,-2.29,-2.18,-3.08,-1.42,-3.72,-1.99,-1.68,-2.52,-1.60,-0.31,-2.32,-3.76,-0.32,-0.95,-0.10,-0.90,-0.97,-2.59,-0.42,-1.51,-1.75,-3.17,-2.09,-3.93,-3.99,-3.17,-1.85,-1.13,-0.70,-0.68,-0.61,0.43,-2.95,0.13,-2.12,-1.02,-5.58,-1.70,-1.02,-0.56,-1.08,-3.20,-3.68,-3.88,-2.80,-1.32,-1.80,-1.50,-3.33,-3.40,-3.94,-2.80,-3,-5.80,-7.20,-3.30,-2.90,-4.60,,-3.10,-6.90,-5.90,-1.50,-3.70,-3.30,-2.10,-2.20,-1.50,-2,-1,-1.10,-2.50,-3.10,-3.20,-3.50,-2.40,-2,-2.40,-1,-2,-0.50,-1.80,-4.10,-2.20,-2.10,-4.10,-1.90,-0.50,0,-1,-2.90,0.70,-0.70,0.30,-1.90,-2.50,-0.20,-2.20,-0.90,-3.10,0.20,-0.20,-0.90,-2.10,-1.70,-0.50,-4.60,-6.50,-2
2008-12-29 12:10,-3.70,-4.97,-3.47,-4.60,-2.10,-2.81,-3.48,-3.80,-6.25,-3.41,-5.92,-4.97,-7.31,-3.90,-4.09,-6.08,-5.73,-8.91,-7.90,-6.42,-5.88,-7.38,-7.34,,-2.65,-2.89,-3.55,-5.01,-2.28,-4,-4.46,-3.80,-8.99,-7.07,-7.16,-7.07,-5.49,-6.53,-5.65,-4.52,-10.30,,-15.05,-3.64,-6.80,-3.27,-4,-4.24,-3.91,-5,-4.34,-2.32,-3.06,-2.54,-4.30,-5.07,-4.57,-4.50,-4.07,-4.12,-5.22,-3.70,-6.13,-10.42,-6.39,-8.06,-3.55,-5.38,-5.40,-3.79,-4.56,-4.68,-3.49,-7.54,-4.71,-2.80,-3.40,-3.75,-4.77,-2.33,-2.02,-3.30,-1.51,-3.72,-1.94,-1.87,-2.54,-1.60,0.16,-2.26,-4.01,-0.33,-1.03,-0.70,-0.88,-0.89,-2.48,-0.25,-1.46,-1.94,-2.90,-2.17,-3.88,-3.84,-2.98,-1.64,-1.10,-0.70,-0.33,-0.49,-0.14,-3,0.18,-2.15,-0.90,-5.57,-1.60,-1,-0.81,-1.20,-3.10,-3.96,-4,-2.51,-1.17,-2.04,-1.70,-3.24,-3.49,-3.84,-2.80,,-5.70,-7,-3.20,-3,-4.40,,,,,,,-3.20,-2.10,,-1.50,-2,-1,-1.17,,,,,,,,-1,-1.90,-0.30,-1.80,-4.10,,,,,-0.50,,-0.90,-3,0.70,-0.70,0.50,,,-0.20,,,-3.20,,,-0.80,-2.10,-1.60,-0.50,-4.60,-6.60,
2008-12-29 12:20,-3.20,-4.91,-3.44,-4.56,-2.50,-2.90,-3.41,-4,-6.29,-3.25,-6.05,-5.07,-7.32,-4.31,-4.10,-6.02,-5.43,-8.99,-7.90,-6.43,-6,-7.66,-7.26,,-2.62,-2.85,-3.54,-5.06,-2.49,-4,-4.48,-3.69,-9.06,-7.02,-7.11,-7.09,-5.36,-6.46,-5.42,-4.28,-9.90,,-14.86,-3.73,-6.60,-3.11,-3.90,-4.18,-4.10,-4.93,-4.38,-2.58,-3.10,-2.67,-4.34,-5.12,-4.54,-4.80,-3.90,-4.09,-5.26,-3.90,-6.17,-10.27,-6.43,-8.15,-3.60,-5.46,-5.60,-3.40,-4.58,-5.02,-3.52,-7.45,-4.65,-2.63,-3.20,-3.74,-4.70,-2.32,-2.01,-3.30,-1.65,-3.59,-1.98,-2.03,-2.46,-1.60,0.22,-2.18,-4.24,-0.32,-0.64,-0.70,-0.57,-1.25,-2.51,-0.24,-1.26,-1.87,-2.88,-2.54,-3.61,-3.85,-2.86,-1.58,-1.02,-0.30,-0.47,-0.31,0.02,-3.10,0.05,-2.10,-1.13,-5.45,-1.50,-1,-0.81,-1.22,-2.90,-4.08,-3.67,-2.57,-1.29,-2.02,-1.60,-3.11,-3.71,-3.78,-2.80,,-5.70,-6.70,-3.20,-2.60,-4.40,,,,,,,-3.10,-2,,-1.60,-1.80,-0.80,-1.18,,,,,,,,-1.10,-1.90,-0.60,-1.90,-4,,,,,-0.40,,-0.90,-2.70,0.70,-0.70,0.50,,,-0.20,,,-3.10,,,-0.80,-2,-1.60,-0.60,-4.60,-6.60,
2008-12-29 12:30,-3,-4.86,-3.33,-4.51,-2.80,-3.07,-3.33,-3.90,-6.31,-2.93,-6.18,-4.36,-7.28,-4.68,-4.08,-5.91,-5.40,-9.04,-8.10,-6.73,-6.42,-7.82,-7.51,,-2.58,-3,-3.42,-4.97,-2.46,-4.10,-4.53,-3.54,-9.07,-6.91,-6.90,-6.89,-5.34,-6.18,-5.32,-4.05,-9.90,,-14.58,-3.63,-6.20,-3.13,-3.90,-4.04,-4.20,-4.91,-4.42,-2.57,-3.07,-2.74,-4.19,-5.15,-4.57,-4.80,-3.94,-4.19,-5.31,-4.40,-6.10,-10.31,-6.40,-8.25,-3.57,-5.50,-5.50,-3.35,-4.14,-4.62,-3.51,-7.59,-4.57,-2.62,-3.20,-3.68,-4.42,-2.26,-1.95,-3.20,-1.72,-3.68,-2.04,-1.76,-2.53,-1.50,0.25,-2.20,-4.52,-0.40,-1.05,-0.80,-0.44,-1.21,-2.54,-0.17,-1.23,-1.88,-2.88,-2.36,-3.66,-3.83,-2.99,-1.60,-1,0.20,-0.67,-0.40,0.29,-3.01,-0.20,-2.06,-0.96,-5.30,-1.60,-1,-1.06,-1.42,-2.50,-4.38,-3.81,-2.93,-1.44,-1.89,-1.50,-3.18,-3.56,-3.56,-2.60,,-5.70,-6.90,-3,-2.70,-4.30,,,,,,,-3,-2,,-1.60,-1.70,-0.80,-0.86,,,,,,,,-1,-1.80,-0.50,-1.90,-3.90,,,,,-0.50,,-1,-2.70,0.60,-0.60,-0.10,,,0,,,-3.20,,,-0.80,-1.90,-1.70,-0.60,-4.50,-6.10,
2008-12-29 12:40,-3.30,-4.69,-3.36,-4.46,-3,-3.10,-3.38,-3.50,-6.42,-2.43,-6.20,-4.05,-7.30,-4.73,-3.96,-5.65,-5.22,-9.05,-8,-6.93,-6.92,-7.84,-7.12,,-2.55,-3.05,-3.31,-5.01,-2.47,-4.10,-4.50,-3.44,-9.29,-6.78,-6.72,-6.78,-5.53,-6.22,-5.39,-3.76,-10,,-14.66,-3.68,-5.80,-3.19,-3.90,-3.94,-4.05,-4.83,-4.45,-2.59,-3.27,-2.73,-4.14,-5.21,-4.53,-4.60,-4.07,-4.05,-5.26,-4.60,-6.16,-10.25,-6.32,-8.48,-3.57,-5.46,-4.70,-3.46,-4.29,-4.83,-3.48,-7.67,-4.51,-2.62,-3.10,-3.65,-4.46,-2.20,-1.80,-3,-1.71,-3.66,-2.04,-1.54,-2.30,-1.50,0.51,-2.23,-4.41,-0.58,-1.38,-0.80,-0.71,-1.06,-2.64,0.05,-1.20,-1.97,-2.66,-2.28,-3.47,-3.83,-2.89,-1.48,-1.04,0.30,-1.12,-0.23,0.23,-2.79,-0.39,-2.04,-0.93,-5.34,-1.80,-0.92,-1.30,-1.49,-2.30,-4.38,-3.79,-3,-1.38,-1.62,-1.40,-3.22,-3.70,-3.46,-2.50,,-5.70,-6.90,-3,-2.80,-4.30,,,,,,,-2.90,-1.80,,-1.20,-2,-0.90,-0.37,,,,,,,,-1.10,-1.80,-0.10,-1.80,-4.10,,,,,-0.40,,-1.10,-2.80,0.40,-0.50,-0.40,,,0.20,,,-3.20,,,-0.90,-2,-1.50,-0.70,-4.30,-5.60,
2008-12-29 12:50,-3.30,-4.66,-3.27,-4.46,-3.20,-2.99,-3.33,-3,-6.47,-2,-6.12,-4.26,-7.26,-4.35,-3.72,-5.60,-5.73,-9.02,-7.90,-6.84,-7.60,-7.48,-6.90,,-2.47,-2.96,-3.30,-5.03,-2.67,-4.20,-4.56,-3.43,-9.29,-6.47,-6.70,-6.77,-5.45,-5.99,-5.57,-3.61,-10.40,,-15.23,-3.55,-5.90,-3.30,-3.90,-3.98,-3.93,-4.72,-4.52,-3.11,-3.14,-2.67,-4.02,-5.05,-4.48,-4.40,-4.28,-3.80,-5.28,-4.70,-6.02,-10.21,-6.31,-8.32,-3.44,-5.45,-5.10,-3.52,-3.81,-4.80,-3.43,-7.64,-4.35,-2.38,-3.20,-3.61,-4.34,-1.96,-1.75,-3,-1.85,-3.66,-1.89,-1.44,-2.31,-1.50,-0.13,-2.21,-4.45,-0.65,-1.35,-0.80,-0.96,-1.14,-2.55,-0.13,-1.16,-2.12,-2.50,-2.08,-3.56,-3.65,-2.91,-1.65,-1.02,0.20,-1.31,-0.33,-0.03,-2.53,-0.35,-1.94,-0.93,-5.50,-2,-0.78,-1.45,-1.39,-2.20,-4.37,-3.70,-3.07,-1.44,-1.45,-1.50,-3.18,-3.69,-3.78,-2.60,,-5.70,-6.70,-3,-2.80,-4.30,,,,,,,-2.80,-1.60,,-0.90,-1.90,-0.80,-0.23,,,,,,,,-1.20,-1.80,-0.20,-1.80,-3.90,,,,,-0.50,,-1.10,-2.90,0.50,-0.40,,,,-0.30,,,-3.10,,,-1.20,-2,-1.70,-0.80,-4.20,-5.60,
2008-12-29 13:00,-3.30,-4.44,-3.36,-4.44,-3.40,-2.91,-3.29,-2.90,-6.41,-1.36,-5.91,-4.92,-7.35,-4.43,-3.52,-5.54,-5.72,-9.07,-7.80,-6.80,-8.12,-7.33,-6.94,,-2.56,-2.99,-3.22,-5,-2.75,-4.30,-4.69,-3.43,-9.19,-6.35,-6.46,-6.54,-5.28,-5.90,-5.95,-3.71,-10.10,,-15.66,-3.58,-6,-3.28,,-3.92,-4.04,-4.64,-4.66,-3.71,-3.03,-2.56,-4.10,-4.89,-4.40,-4.40,-4.15,-3.69,-5.13,-4.70,-6.12,-10.18,-6.38,-8.29,-3.51,-5.53,-5.30,-3.51,-3.95,-4.40,-3.42,-7.83,-3.97,-2.25,-3,-3.59,-4.24,-1.98,-1.75,-2.80,-1.85,-3.71,-1.70,-1.38,-2.36,-1.40,-0.22,-2.08,-4.62,-0.49,-1,-0.80,-0.94,-1.32,-2.56,-0.19,-1.10,-2.05,-2.52,-1.98,-3.57,-3.36,-2.89,-1.80,-1.02,0.30,-1.38,-0.42,-0.26,-2.58,-0.33,-1.87,-0.94,-5.58,-2.20,-0.76,-1.47,-1.47,-2.20,-4.28,-3.58,-2.97,-1.47,-1.29,-1.70,-3.32,-3.43,-3.76,-2.60,-2.40,-5.70,-6.60,-2.90,-2.80,-4.20,-2,-3,-7.50,-5.90,-1.10,-3.80,-2.80,-1.50,-2.60,-0.70,-1.90,-0.90,-0.70,-2.30,-3.10,-2.60,-3.30,-2.10,-1.80,-1.90,-1.20,-1.80,-0.30,-1.90,-3.80,-1.80,-1.70,-3.60,-1.50,-0.50,0.30,-1.20,-3,0.70,-0.50,-0.60,-1.90,-2.60,-0.40,-1.80,-1.50,-3.40,0.20,-0.50,-1.10,-2.10,-1.70,-0.80,-4,-5.10,-1.60
2008-12-29 13:10,-3.40,-4.45,-3.36,-4.56,-3.30,-3.11,-3.35,-2.80,-6.49,-1.15,-5.75,-5.14,-7.32,-5.09,-3.27,-5.36,-5.93,-9.18,-7.50,-6.72,-8.78,-7.39,-6.75,,-2.48,-2.91,-3.10,-5.07,-2.82,-4.40,-4.67,-3.37,-9.24,-6.31,-6.61,-6.59,-5.37,-5.70,-6.02,-3.71,-10.80,,-14.48,-3.58,-6,-3.07,-3.80,-3.99,-4.05,-4.67,-4.77,-3.77,-2.98,-2.60,-4.05,-4.76,-4.22,-4.40,-4.10,-3.67,-5.48,-4.90,-6.17,-10.15,-6.47,-8.24,-3.47,-5.78,-5.60,-3.81,-4.11,-4.14,-3.33,-7.83,-4.01,-2.21,-2.90,-3.55,-4.27,-2.42,-1.70,-2.70,-1.68,-3.64,-1.70,-1.48,-2.39,-1.20,0,-2.19,-4.53,-0.68,-0.84,-0.60,-0.99,-1.35,-2.55,-0.35,-1.04,-2.05,-2.65,-2.25,-3.48,-3.22,-2.76,-2.05,-1.07,0.10,-1.38,-0.41,-0.36,-2.43,-0.40,-1.88,-1.02,-5.76,-2.30,-0.88,-1.40,-1.29,-2.30,-4.34,-3.50,-2.90,-1.52,-1.36,-1.90,-3.35,-3.42,-3.70,-2.60,,-5.80,-6.30,-3,-2.80,-4.20,,,,,,,-2.70,-1.60,,-0.70,-1.90,-0.90,-0.47,,,,,,,,-1.20,-1.80,-0.60,-2,-3.80,,,,,-0.50,,-1.20,-3.10,0.70,-0.40,-0.60,,,-0.40,,,-3.70,,,-1.10,-2.10,-1.70,-0.80,-3.90,-5.10,
2008-12-29 13:20,-3.10,-4.39,-3.58,-4.70,-3.61,-2.94,-3.28,-3.10,-6.54,-1.15,-5.66,-5.39,-7.36,-5.77,-4.18,-5.25,-5.99,-9.34,-7,-6.65,-9.04,-7.66,-6.96,,-2.65,-2.82,-3.12,-5.15,-2.81,-4.30,-4.70,-3.37,-9.19,-6.29,-6.42,-6.74,-5.36,-5.93,-5.99,-3.55,-11.20,,-15.51,-3.57,-6,-2.90,-3.80,-3.95,-4.14,-4.70,-4.89,-3.44,-2.81,-2.69,-4.15,-4.78,-4.26,-4.50,-4.04,-3.69,-5.47,-5,-6.16,-10.11,-6.55,-8.27,-3.30,-5.84,-5.70,-3.74,-4.49,-4.37,-3.25,-7.71,-3.97,-2.17,-2.80,-3.30,-4.36,-2.38,-1.72,-2.60,-1.66,-3.65,-1.59,-1.72,-2.31,-1.10,-0.08,-2.17,-4.31,-0.78,-1.04,-0.20,-0.82,-1.43,-2.69,-0.46,-1.04,-2.12,-2.78,-2.19,-3.40,-3.23,-2.82,-2.13,-1.05,-0.10,-1.38,-0.43,-0.55,-2.40,-0.20,-1.82,-1.07,-5.79,-2.40,-0.93,-1.42,-1.60,-2.50,-4.53,-3.45,-3.19,-1.55,-1.64,-1.90,-3.43,-3.44,-3.80,-2.80,,-5.80,-6.40,-2.90,-2.80,-4.20,,,,,,,-2.70,-1.60,,-0.70,-1.80,-1.10,-0.72,,,,,,,,-1.30,-1.80,-0.70,-2.10,-3.80,,,,,-0.60,,-1.30,-3.20,0.60,-0.40,-0.60,,,-0.60,,,-3.90,,,-1,-2,-1.80,-0.70,-4,-4.90,
2008-12-29 13:30,-3.10,-4.27,-3.85,-4.77,-3.67,-3.16,-3.30,-3.60,-6.72,-1.28,-5.49,-5.35,-7.46,-6.52,-4.40,-5.66,-6.10,-9.40,-6.80,-6.81,-9.51,-7.97,-7.38,,-2.63,-2.71,-3.08,-5.24,-2.71,-4.40,-4.83,-3.33,-9.25,-6.26,-6.40,-6.66,-5.16,-5.92,-6.05,-3.57,-11.60,,-14.76,-3.53,-6.10,-2.85,-3.80,-3.91,-4.25,-4.63,-4.72,-3.45,-2.82,-2.74,-4.36,-4.81,-4.34,-4.50,-4.17,-3.82,-5.44,-5.10,-6.23,-10.09,-6.71,-8.19,-3.22,-5.91,-5.60,-3.80,-4.65,-4.58,-3.18,-7.65,-3.85,-2.19,-2.90,-2.94,-4.51,-2.34,-1.84,-2.60,-1.84,-3.65,-1.67,-1.93,-2.25,-0.80,-0.17,-2.10,-4.28,-0.82,-1.09,-0.40,-0.32,-1.46,-2.69,-0.44,-1.26,-2.17,-2.96,-2.29,-3.47,-3.23,-2.74,-2.27,-1.13,-0.20,-1.31,-0.72,-0.74,-2.56,0.04,-1.99,-1.05,-5.86,-2.50,-0.95,-1.42,-1.66,-2.60,-4.72,-3.66,-3.77,-1.53,-1.91,-1.80,-3.34,-3.38,-3.89,-2.80,,-5.80,-6.30,-3,-2.90,-4.20,,,,,,,-2.60,-1.60,,-1,-1.30,-1.20,-0.83,,,,,,,,-1.30,-1.80,-0.80,-2.20,-3.80,,,,,-0.70,,-1.50,-3.20,0.60,-0.50,-0.80,,,-0.70,,,-4.30,,,-1,-2,-1.80,-0.80,-4,-5.90,
2008-12-29 13:40,-3.20,-4.29,-3.83,-4.82,-4.09,-2.95,-3.35,-3.90,-6.76,-1.46,-5.55,-5.16,-7.53,-6.73,-4.91,-5.62,-6.07,-9.70,-6.90,-6.97,-9.67,-8.25,-8.09,,-2.89,-2.66,-3.10,-5.36,-2.72,-4.50,-4.98,-3.35,-9.53,-6.19,-6.18,-6.38,-5.13,-5.99,-6.18,-3.54,-11.70,,-15.31,-3.54,-6.30,-2.99,-3.90,-3.83,-4.28,-4.63,-4.92,-3.35,-2.70,-2.58,-4.78,-4.98,-4.28,-4.50,-4.39,-3.85,-5.34,-5.10,-6.08,-10.19,-6.82,-8.13,-3.32,-6.04,-5.80,-3.98,-4.99,-4.13,-3.11,-7.62,-4.31,-2.28,-2.80,-2.89,-4.46,-2.29,-1.90,-2.60,-1.78,-3.71,-1.87,-2.11,-2.33,-0.90,-0.15,-2.18,-4.35,-0.93,-1.26,-0.70,-0.14,-1.29,-2.83,-0.49,-1.55,-2.26,-3.12,-2.59,-3.65,-3.27,-2.82,-2.32,-1.04,-0.40,-1.20,-0.92,-0.92,-2.72,0.05,-1.79,-0.98,-6.03,-2.80,-1.02,-1.51,-1.65,-2.80,-4.85,-3.77,-4.01,-1.53,-2.18,-1.70,-3.40,-3.37,-4.04,-2.90,,-5.90,-5.90,-3.10,-3.10,-4.20,,,,,,,-2.70,-1.80,,-1.20,-1.60,-1.40,-0.95,,,,,,,,-1.40,-1.90,-0.80,-2.30,-3.90,,,,,-0.70,,-1.60,-3.30,0.50,-0.50,-1,,,-0.90,,,-4.50,,,-0.90,-2,-1.90,-0.80,-3.90,-6.10,
2008-12-29 13:50,-3.30,-4.89,-3.58,-4.70,-4.21,-3.04,-3.37,-4.30,-6.89,-1.52,-5.60,-5.11,-7.65,-7.08,-5.33,-5.81,-6.20,-9.52,-7.70,-6.82,-9.82,-8.21,-8.23,,-2.91,-2.80,-3.14,-5.42,-2.87,-4.70,-5.03,-3.34,-9.81,-6.23,-6.06,-6.33,-5.25,-5.96,-6.32,-3.90,-11.70,,-15.43,-3.59,-6.30,-3.27,-3.90,-3.81,-4.37,-4.53,-5.09,-3.23,-2.61,-2.31,-5.56,-4.85,-4.32,-4.50,-4.38,-4.01,-5.37,-5.20,-5.98,-10.21,-6.94,-8.24,-3.52,-6.28,-5.90,-4.04,-5.37,-3.92,-3.20,-7.60,-5.02,-2.37,-2.80,-2.89,-4.47,-2.16,-1.79,-2.60,-1.70,-3.72,-1.95,-2.19,-2.24,-0.80,-0.25,-2.16,-4.64,-0.88,-1.26,-0.80,-0.49,-1.12,-2.90,-0.64,-1.60,-2.41,-3.29,-2.40,-3.50,-3.11,-2.85,-2.40,-1.13,-0.50,-1.40,-1.12,-1.01,-2.85,0.04,-1.76,-1.14,-5.96,-3,-1.17,-1.77,-1.82,-2.80,-5.08,-4,-3.95,-1.42,-2.32,-1.70,-3.42,-3.59,-4.19,-3.20,,-6,-5.80,-3.20,-3.20,-4.20,,,,,,,-2.80,-1.80,,-1.30,-1.70,-1.50,-1.11,,,,,,,,-1.50,-1.90,-1,-2.50,-4,,,,,-0.70,,-1.70,-3.40,0.30,-0.60,-1,,,-1,,,-4.70,,,-1,-2.20,-1.90,-0.90,-3.80,-6.20,
2008-12-29 14:00,-3.30,-5.25,-3.60,-4.76,-4.37,-3.24,-3.53,-4.60,-6.96,-1.91,-5.66,-5.46,-7.74,-7.34,-5.87,-5.81,-6.47,-9.77,-8.20,-6.78,-9.97,-8.07,-8.77,,-2.80,-2.89,-3.22,-5.54,-3.07,-4.90,-5.11,-3.35,-10.08,-6.27,-5.93,-6.01,-5.44,-5.94,-6.47,-3.65,-12.40,,-15.67,-3.64,-6.30,-3.46,-4.20,-3.98,-4.52,-4.57,-4.98,-3.46,-2.88,-2.13,-6.12,-4.93,-4.59,-4.60,-4.48,-4.21,-5.44,-5.30,-6.09,-10.25,-7.14,-8.34,-3.57,-6.65,-6.10,-4.12,-5.63,-3.84,-3.12,-7.58,-5.27,-2.40,-2.90,-2.77,-4.66,-2.16,-1.84,-2.50,-1.62,-3.63,-2.01,-2.39,-2.35,-0.80,-0.40,-2.30,-4.67,-1.04,-1.45,-1,-0.83,-1.18,-2.79,-0.83,-1.86,-2.57,-3.60,-2.70,-3.43,-3.26,-2.83,-2.42,-1.16,-0.50,-1.43,-1.30,-1.28,-3.08,0.12,-1.79,-1.40,-6.04,-3.30,-1.44,-1.82,-2.08,-3,-5.37,-4.03,-4.31,-1.45,-2.54,-1.90,-3.33,-3.52,-4.38,-3.50,-3,-6,-5.60,-3.30,-3.30,-4.30,-2.10,-3.30,-7.60,-5.70,-2,-4.70,-2.80,-2,-2.70,-1.70,-1.80,-1.60,-0.90,-3.30,-3.40,-2.60,-2.90,-2.10,-1.90,-2,-1.50,-2,-1.10,-2.60,-4.10,-1.80,-2,-3.10,-1.70,-0.70,-0.20,-2,-3.40,0,-0.70,-0.90,-2.20,-2.80,-1,-2.20,-2.60,-4.80,-0.20,-0.70,-1.10,-2.20,-1.80,-1,-3.60,-6.50,-3.20
2008-12-29 14:10,-3.40,-5.53,-3.97,-4.96,-4.60,-3.23,-3.60,-4.90,-7.05,-2.12,-5.67,-5.47,-7.76,-7.58,-6.24,-5.93,-6.60,-9.97,-8.50,-6.71,-10.08,-8.14,-9.10,,-2.98,-2.95,-3.29,-5.68,-3.25,-5.10,-5.28,-3.53,-10.30,-6.21,-5.76,-5.81,-5.38,-6.11,-6.61,-4.07,-12,,-15.05,-3.70,-6.10,-3.73,-4.40,-4.15,-4.92,-4.58,-5.10,-3.85,-3.26,-2.25,-6.52,-4.95,-4.73,-4.70,-4.62,-4.46,-5.80,-5.40,-6.15,-10.40,-7.42,-8.53,-3.49,-6.97,-6.20,-4.33,-5.88,-3.93,-3.18,-7.56,-5.43,-2.47,-3.10,-2.95,-4.70,-2.40,-1.91,-2.22,-1.69,-3.77,-2.14,-2.43,-2.65,-0.80,-0.39,-2.48,-4.93,-1.32,-1.69,-1.10,-1.15,-1.28,-2.89,-1.05,-2.06,-2.70,-3.85,-3.26,-3.40,-3.15,-2.74,-2.50,-1.10,-0.80,-1.31,-1.44,-1.40,-3.36,0.07,-1.74,-1.27,-6.16,-3.60,-1.49,-2.09,-2.18,-3.30,-5.55,-4.26,-4.94,-1.50,-2.53,-2,-3.25,-3.69,-4.76,-3.90,,-6.20,-5.80,-3.40,-3.40,-4.50,,,,,,,-2.80,-2.10,,-1.70,-1.90,-1.70,-1.25,,,,,,,,-1.60,-2,-1.20,-2.90,-4.10,,,,,-0.70,,-2.20,-3.60,0,-0.70,-0.90,,,-1,,,-5.20,,,-1,-2.20,-1.90,-1,-3.60,-6.50,
2008-12-29 14:20,-3.60,-6.19,-4.60,-5.17,-4.80,-3.28,-3.76,-5.10,-7.18,-2.75,-5.78,-5.57,-7.83,-8.14,-6.25,-6.05,-6.81,-9.81,-8.80,-6.85,-10.18,-8.35,-9.48,,-3.13,-3.05,-3.43,-5.87,-3.58,-5.30,-5.40,-3.64,-10.43,-6.40,-5.93,-6.28,-5.27,-6.06,-6.74,-4.23,-11.30,,-14.50,-3.89,-6.10,-3.88,-4.70,-4.24,-4.91,-4.66,-5.63,-4.53,-3.75,-2.48,-6.74,-5.17,-4.81,-4.80,-4.91,-5.01,-6.10,-5.60,-6.42,-10.40,-7.65,-8.91,-3.68,-7.15,-6.40,-4.57,-5.97,-3.93,-3.45,-7.58,-5.62,-2.33,-3.30,-3.35,-4.90,-2.45,-2.15,-2.21,-1.69,-3.80,-2.18,-2.42,-2.71,-1.20,-0.46,-2.53,-5.05,-1.49,-1.95,-1.30,-1.48,-1.71,-3.25,-1.25,-2.12,-3,-4.07,-3.37,-3.53,-3.15,-2.71,-2.56,-1.16,-1,-1.37,-1.64,-1.61,-3.65,-0.14,-1.69,-1.40,-6.46,-3.90,-1.53,-2.29,-2.43,-3.60,-5.44,-4.48,-5.17,-1.67,-2.44,-1.90,-3.17,-3.50,-5.14,-4.20,,-6.30,-6,-3.50,-3.60,-4.60,,,,,,,-2.80,-2.20,,-2,-2.10,-1.90,-1.62,,,,,,,,-1.90,-2.10,-1.40,-3.30,-4.30,,,,,-0.90,,-2.40,-3.70,-0.10,-0.90,-1.10,,,-1.20,,,-5.40,,,-1,-2.10,-1.80,-1.20,-3.50,-6.40,
2008-12-29 14:30,-3.80,-6.51,-4.90,-5.35,-4.90,-3.42,-4.01,-5.40,-7.24,-3.04,-5.88,-5.49,-8.05,-8.10,-6.25,-6.19,-6.89,-9.02,-9.20,-7.02,-10.43,-8.39,-9.86,,-3.15,-3.14,-3.70,-5.97,-3.82,-5.50,-5.71,-3.88,-10.43,-6.64,-6.05,-6.62,-5.53,-6.04,-6.90,-4.46,-11.10,,-16.32,-4.53,-6.30,-4.05,-4.70,-4.45,-4.96,-4.64,-5.94,-5.58,-3.83,-2.71,-6.95,-5.64,-5,-4.80,-5.79,-5.63,-6.23,-5.80,-6.63,-10.53,-7.75,-9.07,-3.75,-7.34,-6.50,-4.85,-6.14,-4.01,-3.48,-7.75,-5.85,-2.45,-3.40,-3.57,-5,-2.40,-2.40,-2.28,-1.77,-3.99,-2.10,-2.63,-2.87,-1.70,-0.61,-2.66,-5.27,-1.72,-2.11,-1.50,-1.66,-2.04,-3.64,-1.36,-2.34,-3.22,-4.14,-3.39,-3.54,-3.17,-2.75,-2.59,-1.15,-1.20,-1.62,-1.79,-1.85,-4.05,-0.34,-1.77,-1.70,-6.48,-4.20,-1.85,-2.50,-2.67,-3.90,-5.43,-4.64,-5.48,-1.59,-2.34,-2,-3.18,-3.64,-5.12,-4.50,,-6.40,-6.20,-3.50,-3.70,-4.90,,,,,,,-2.80,-2.30,,-2.10,-2.30,-1.90,-1.86,,,,,,,,-2.20,-2.10,-1.60,-3.90,-4.60,,,,,-1,,-2.50,-3.80,-0.20,-1.10,-1.10,,,-1.50,,,-5.50,,,-0.90,-2.20,-1.80,-1.30,-3.50,-6.70,
2008-12-29 14:40,-4,-6.96,-5.18,-5.74,-5,-3.61,-4.24,-5.60,-7.33,-3.38,-6,-5.44,-8.30,-8.30,-6.37,-6.39,-7.34,-8.19,-9.90,-7.24,-10.50,-8.64,-10.09,,-3.22,-3.30,-4.14,-5.93,-4.41,-5.60,-5.94,-4.23,-10.53,-6.88,-6.51,-6.82,-5.80,-6.24,-7.06,-4.52,-10.70,,-15.59,-5.13,-6.40,-4.12,-4.80,-4.61,-4.91,-4.69,-6.23,-6.16,-4.17,-3.30,-7.73,-5.96,-5.47,-4.90,-7.01,-6.57,-6.42,-6.30,-6.72,-10.61,-7.95,-9.42,-3.90,-7.59,-6.70,-4.97,-6.36,-4.78,-3.41,-7.84,-6.05,-2.71,-3.60,-3.98,-5.20,-2.41,-2.67,-2.34,-1.62,-4.03,-2.34,-2.72,-2.98,-2,-0.78,-2.89,-5.41,-1.87,-2.20,-1.80,-1.87,-2.49,-3.88,-1.54,-2.60,-3.33,-4.38,-3.67,-3.48,-3.27,-2.65,-2.69,-1.14,-1.30,-1.79,-2.06,-1.99,-4.27,-0.45,-1.85,-1.93,-6.52,-4.30,-2.10,-2.89,-2.74,-4.40,-5.64,-4.62,-5.75,-1.73,-2.29,-2,-3.06,-3.77,-5.15,-4.90,,-6.60,-6.20,-3.80,-3.90,-5,,,,,,,-2.70,-2.60,,-2.20,-2.60,-2.10,-2.15,,,,,,,,-2.30,-2.10,-1.70,-4.30,-4.90,,,,,-1.20,,-2.60,-3.90,-0.30,-1.20,-1.20,,,-1.70,,,-5.50,,,-1.20,-2.20,-1.80,-1.30,-3.50,-6.90,
2008-12-29 14:50,-4.40,-7.42,-5.62,-6.07,-5,-3.88,-4.34,-5.80,-7.49,-3.71,-6.16,-5.77,-8.59,-8.75,-6.68,-6.66,-7.44,-8.02,-10.50,-7.63,-10.53,-8.62,-10.18,,-3.83,-3.52,-4.63,-5.92,-4.81,-5.80,-6.42,-4.84,-10.61,-7.29,-7.48,-7.05,-6.12,-6.38,-7.19,-4.67,-9.30,,-15.77,-5.63,-6.60,-4.22,-5.10,-4.86,-4.87,-4.86,-7.09,-6.11,-4.48,-3.78,-8.35,-6.32,-5.85,-5.20,-8.22,-7.30,-6.98,-7.10,-6.87,-10.64,-8.33,-9.69,-4.18,-7.86,-6.80,-5.11,-6.70,-5.05,-3.31,-7.97,-6.44,-2.96,-3.80,-4.53,-5.40,-2.44,-2.87,-2.29,-1.85,-4.17,-2.82,-2.79,-3.18,-2.40,-1.01,-2.90,-5.46,-2.15,-2.21,-2.10,-2.12,-2.74,-4.25,-1.79,-2.78,-3.37,-5.03,-3.97,-3.67,-3.42,-2.60,-2.60,-1.26,-1.50,-1.93,-2.38,-2.18,-4.54,-0.58,-1.84,-2.26,-6.61,-4.60,-2.42,-3.29,-3.18,-4.60,-5.77,-4.73,-5.85,-1.87,-2.33,-2,-3.14,-3.96,-5.18,-5.10,,-6.80,-5.90,-4.10,-3.80,-5.10,,,,,,,-2.60,-2.70,,-2.40,-2.80,-2.20,-2.27,,,,,,,,-2.40,-2.10,-2,-4.70,-5.30,,,,,-1.40,,-2.60,-4,-0.40,-1.30,-1.20,,,-2.20,,,-5.50,,,-1.20,-2.20,-1.90,-1.40,-3.50,-6.70,
2008-12-29 15:00,-4.80,-7.45,-5.96,-6.36,-5.10,-4,-4.58,-6.10,-7.56,-3.97,-6.45,-6.03,-8.79,-8.80,-6.95,-6.83,-7.67,-7.69,-10.90,-8.25,-10.61,-8.97,-10.34,,-4.10,-3.64,-4.74,-6.16,-5.26,-6,-6.60,-5.34,-10.71,-7.55,-7.61,-7.70,-6.43,-6.52,-7.38,-4.91,-8.70,,-14.70,-5.93,-7,-4.40,-5.60,-5.22,-5.01,-5.12,-7.14,-5.37,-4.81,-4.07,-9.08,-6.50,-6.23,-5.40,-8.27,-8.15,-7.19,-7.50,-6.94,-10.65,-8.77,-9.80,-4.64,-8.18,-7.10,-5.48,-6.83,-5.36,-3.26,-7.93,-6.63,-3.07,-3.80,-4.90,-5.60,-2.34,-3.09,-2.34,-1.97,-4.46,-2.93,-3.03,-3.29,-2.70,-1.19,-3.17,-5.53,-2.50,-2.55,-2.40,-2.22,-3.31,-4.41,-2.08,-2.99,-3.62,-6.19,-3.69,-3.62,-3.51,-2.57,-2.49,-1.50,-1.60,-2.24,-2.67,-2.31,-4.67,-0.64,-1.68,-2.55,-6.62,-4.70,-2.67,-3.58,-3.72,-4.40,-5.73,-4.84,-6.04,-1.83,-2.49,-2,-3.14,-3.86,-5.38,-5.30,-4.50,-6.90,-5.80,-4.30,-3.90,-5.10,,-3.80,-5.20,-5.70,-2.50,-5.80,-2.60,-2.90,-3.90,-2.60,-2.80,-2.30,-2,-4.70,-4.40,-2.80,-2.70,-3.90,-1.80,-2.70,-2.30,-2.10,-2.40,-5.10,-5.20,-3.50,-3.10,-2.90,-2.30,-2.20,-2.10,-2.70,-4.10,-0.70,-1.40,-1.30,-2.40,-3.60,-2.80,-3.70,-4.30,-5.30,-0.60,-0.90,-1.20,-2.20,-1.80,-1.50,-3.60,-6.60,-4.50
2008-12-29 15:10,-5.10,-7.99,-6.23,-6.67,-5.33,-3.77,-4.80,-6.30,-7.55,-4.02,-6.76,-6.36,-8.83,-9.06,-7.02,-6.85,-7.94,-7.98,-11.70,-8.77,-10.94,-8.61,-10.85,,-4.38,-3.80,-5.15,-6.29,-5.78,-6.10,-6.61,-5.55,-10.75,-7.72,-8.95,-7.82,-7.07,-6.84,-7.57,-5.22,-8.40,,-15.53,-6.25,-7.40,-4.64,-5.60,-5.46,-5.08,-5.07,-6.83,-6.27,-5.05,-4.46,-9.97,-6.82,-7.11,-6,-9.10,-8.65,-7.62,-8.20,-6.99,-10.72,-9.02,-9.86,-4.90,-8.51,-7.10,-5.85,-6.79,-6.24,-3.28,-7.94,-6.77,-3.18,-3.90,-4.79,-5.74,-2.01,-3.25,-2.50,-1.93,-4.62,-3.31,-3.19,-3.49,-3,-1.42,-3.16,-5.51,-2.85,-3,-2.70,-2.57,-3.82,-4.65,-2.43,-3.23,-3.77,-6.70,-3.78,-3.65,-3.44,-2.58,-2.43,-1.68,-1.70,-2.40,-2.97,-2.50,-4.73,-0.62,-1.86,-2.81,-6.71,-4.90,-2.75,-3.77,-3.53,-4.60,-5.71,-4.78,-5.97,-1.73,-2.55,-2,-3.37,-3.75,-5.47,-5.60,,-7.20,-6,-4.60,-4,-5.30,,,,,,,-2.60,-3,,-2.60,-2.90,-2.50,-2.84,,,,,,,,-2.50,-2.20,-2.80,-5.30,-5.20,,,,,-2.10,,-3,-4.10,-0.70,-1.40,-1.50,,,-2.80,,,-5.20,,,-1.10,-2.20,-1.80,-1.50,-3.70,-6.60,
2008-12-29 15:20,-5.50,-8.06,-6.53,-6.92,-5.44,-4.23,-4.91,-6.40,-7.56,-3.83,-6.87,-6.38,-8.91,-9.40,-7.24,-6.57,-7.99,-7.71,-12.20,-8.94,-10.95,-9.26,-11.48,,-4.29,-3.98,-5.37,-6.26,-6.09,-6.10,-6.61,-5.89,-10.50,-8.05,-8.90,-6.92,-7.73,-6.94,-7.82,-5.63,-9,,-15.96,-6.92,-7.90,-4.88,-5.70,-5.66,-5.17,-5.09,-6.97,-7.95,-5.12,-4.70,-10.57,-7.04,-7.74,-6.30,-9.42,-9.32,-8.17,-8.70,-7.12,-10.94,-9.10,-9.89,-5.55,-8.70,-7.10,-6.13,-7.19,-6.94,-3.31,-7.99,-7.02,-3.18,-4.10,-4.85,-5.72,-1.98,-3.38,-2.50,-1.96,-4.69,-3.65,-3.37,-3.83,-3.50,-1.53,-3.39,-5.45,-3.06,-3.29,-2.80,-2.87,-4.13,-4.81,-2.71,-3.42,-3.77,-7.10,-3.76,-3.95,-3.44,-2.47,-2.43,-1.97,-1.90,-2.50,-3.33,-2.70,-4.83,-0.80,-1.94,-3.09,-6.80,-5,-2.96,-4.01,-3.59,-4.60,-5.70,-4.80,-5.80,-1.81,-2.63,-2.10,-3.47,-3.81,-5.48,-5.80,,-7.30,-5.60,-4.80,-4.10,-5.60,,,,,,,-2.50,-3.10,,-2.80,-3.20,-2.60,-3.03,,,,,,,,-2.60,-2.30,-3,-5.30,-5.60,,,,,-2.10,,-3.30,-4.30,-0.70,-1.50,-1.50,,,-2.90,,,-5,,,-1.30,-2.20,-1.80,-1.50,-4.10,-6.70,
2008-12-29 15:30,-6,-8.15,-6.79,-7.22,-5.83,-4.23,-5.13,-6.60,-7.49,-4.01,-6.83,-6.70,-8.98,-9.65,-7.53,-6.69,-8.12,-7.71,-12.50,-9.05,-11.22,-8.90,-11.63,,-5.09,-4.18,-5.63,-6.33,-6.51,-6.20,-6.86,-6.25,-10.47,-8.45,-8.97,-6.91,-7.72,-6.95,-8.05,-5.77,-8,,-15.74,-7.20,-7.90,-4.84,-5.70,-5.80,-5.40,-5.23,-7.16,-8.59,-5.47,-5.18,-11.40,-7.03,-8,-6.60,-10.48,-10.01,-8.87,-9.30,-7.20,-11.02,-9.22,-9.86,-5.77,-8.74,-7.20,-6.17,-7.34,-7.40,-3.21,-7.98,-7.29,-3.51,-4.20,-4.84,-5.69,-1.94,-3.51,-2.60,-2.02,-4.81,-3.78,-3.61,-4.05,-3.80,-1.70,-3.48,-5.47,-3.39,-3.80,-2.80,-3.24,-4.26,-4.80,-2.77,-3.62,-3.78,-7.64,-3.93,-4.08,-3.46,-2.43,-2.39,-2.21,-2,-2.70,-3.54,-3.03,-4.87,-0.85,-2.08,-3.37,-6.86,-5.10,-3.22,-4.34,-3.89,-4.70,-5.87,-4.61,-5.61,-1.98,-2.78,-2.10,-3.43,-3.99,-5.50,-5.90,,-7.50,-6.20,-5,-4.20,-5.80,,,,,,,-2.50,-3.20,,-3,-3.40,-2.80,-3.20,,,,,,,,-2.90,-2.30,-3.10,-5.50,-5.90,,,,,-2.30,,-3.60,-4.80,-0.90,-1.60,-1.50,,,-2.90,,,-4.90,,,-1.30,-2.40,-1.80,-1.50,-4.60,-6.70,
2008-12-29 15:40,-6.40,-8.42,-6.86,-7.50,-5.88,-4.26,-5.30,-6.70,-7.54,-4.54,-6.85,-6.78,-9.06,-9.70,-7.24,-6.80,-8.17,-7.18,-12.60,-9.14,-11.28,-9.04,-11.96,,-5.26,-4.32,-5.73,-6.33,-6.73,-6.30,-6.87,-6.65,-10.51,-8.82,-9.70,-7.12,-7.90,-7.14,-8.26,-6.10,-7.30,,-15.34,-7.36,-8.70,-5.17,-5.70,-5.97,-5.72,-5.32,-7.35,-8.77,-6.07,-5.61,-11.90,-6.92,-8.26,-6.60,-10.53,-10.46,-9.06,-9.80,-7.33,-11.17,-9.36,-9.74,-6.27,-8.83,-7.40,-6.52,-7.36,-7.49,-3.13,-7.93,-7.42,-3.57,-4.20,-4.56,-5.80,-1.96,-3.73,-2.50,-2.18,-5.01,-4.05,-3.62,-4.08,-4,-1.87,-3.71,-5.59,-3.60,-4.20,-3,-3.48,-4.38,-4.85,-2.95,-3.73,-4.10,-7.22,-4.01,-3.99,-3.79,-2.34,-2.51,-2.33,-2.10,-3.10,-3.88,-3.31,-4.85,-0.96,-2.21,-3.71,-7,-5.20,-3.63,-4.57,-4.16,-4.80,-6.04,-4.57,-5.50,-2.18,-2.87,-2.20,-3.38,-3.82,-5.43,-6,,-7.70,-6.20,-4.80,-4.40,-6,,,,,,,-2.50,-3.30,,-3.40,-4.10,-3,-3.36,,,,,,,,-3,-2.30,-3.30,-5.30,-5.90,,,,,-2.60,,-3.70,-5.40,-1,-1.70,-1.60,,,-3,,,-4.90,,,-1.30,-2.40,-1.80,-1.50,-5,-6.90,
2008-12-29 15:50,-6.60,-8.58,-7.01,-7.69,-5.90,-4.30,-5.44,-6.80,-7.64,-5.16,-7.15,-7.17,-9.10,-9.75,-6.95,-6.76,-8.10,-6.51,-13.10,-9.47,-11.32,-9.16,-11.89,,-5.31,-4.44,-6.09,-6.36,-7.09,-6.60,-6.30,-6.76,-10.58,-9.40,-9.95,-6.97,-8.50,-7.75,-8.48,-6.55,-7.60,,-15.45,-7.63,-9.50,-4.99,-6,-6.02,-6.18,-5.40,-7.20,-8.48,-6.08,-6.04,-12.01,-6.85,-8.41,-6.70,-11.08,-10.83,-9.47,-10.20,-7.48,-11.12,-9.50,-9.86,-5.78,-8.84,-7.30,-6.98,-7.24,-7.76,-3.21,-7.86,-7.55,-3.44,-4.30,-4.11,-6.15,-1.89,-3.85,-2.70,-2.30,-5.10,-4.21,-4.04,-4.30,-4.20,-1.92,-3.93,-5.41,-3.89,-4.32,-3.10,-3.87,-4.78,-4.92,-3.37,-3.85,-4.30,-7.61,-3.94,-3.94,-4.11,-2.29,-2.54,-2.62,-2.30,-3.16,-4.11,-3.51,-4.75,-1.06,-2.36,-4.06,-7.37,-5.30,-3.90,-4.74,-4.43,-5.10,-6.41,-4.66,-5.19,-2.20,-2.88,-2.10,-3.33,-4.08,-5.29,-6.10,,-7.90,-6,-5.10,-4.60,-6.30,,,,,,,-2.40,-3.70,,-3.60,-4.40,-3,-3.62,,,,,,,,-3.10,-2.50,-3.50,-5.10,-6.10,,,,,-2.80,,-3.80,-5.20,-1,-2,-1.60,,,-3.20,,,-4.90,,,-1.20,-2.50,-1.80,-1.50,-5.40,-7.40,
2008-12-29 16:00,-6.80,-8.49,-7.13,-7.75,-6.05,-4.39,-5.47,-7,-7.63,-5.81,-7.12,-7.18,-9.01,-9.72,-6.46,-6.82,-8.04,-7.18,-13.40,-10,-11.43,-9.02,-12.19,,-5.39,-4.65,-6.23,-6.36,-7.33,-6.60,-6.14,-7.01,-10.52,-9.67,-10.08,-7.21,-8.73,-7.92,-8.74,-7.11,-7.80,,-15.40,-7.92,-10.50,-5.13,-6,-5.96,-6.73,-5.43,-7.55,-8.82,-6.36,-6.14,-12.39,-7.02,-8.81,-7.70,-10.93,-11.17,-9.50,-10.60,-7.50,-11.36,-9.64,-9.81,-6.23,-8.99,-7.50,-7.75,-7.19,-8.34,-3.33,-7.89,-7.85,-3.57,-4.60,-3.69,-6.34,-1.89,-4.05,-2.80,-2.41,-5.29,-4.02,-4.15,-4.65,-4.30,-2.09,-4.04,-5.50,-4.14,-4.41,-3.20,-4.21,-4.70,-5.20,-3.34,-3.94,-4.67,-7.77,-4.25,-3.81,-4.05,-2.31,-2.49,-2.78,-2.50,-3.30,-4.33,-3.77,-4.96,-1.09,-2.49,-4.19,-7.46,-5.40,-4.23,-4.91,-4.89,-5.20,-6.69,-4.54,-5.20,-2.11,-3.07,-2.30,-3.19,-3.90,-5.43,-6.30,-5.60,-8,-5.70,-5.50,-4.50,-6.40,-4.20,-4.60,-6.10,-6.50,-3.80,-6.10,-2.40,-3.50,-5,-4,-4.80,-3,-3,-5.20,-4.50,-2.70,-2.70,-4.50,-1.90,-2.60,-3.50,-2.80,-3.60,-5.40,-5.80,-5.60,-4.20,-2.80,-2,-3.50,-2.70,-4.10,-5.10,-1.10,-2,-1.60,-2.90,-4.40,-3.60,-4.30,-6,-4.90,-0.90,-1.30,-1.20,-2.40,-1.80,-1.50,-6,-8,-4.90
2008-12-29 16:10,-7.10,-8.53,-7.30,-8.11,-6.31,-4.50,-5.47,-7.10,-7.56,-6.22,-7.11,-7.54,-8.99,-10.22,-6.70,-6.79,-7.99,-7.46,-13.60,-10.27,-11.46,-9.01,-12.11,,-5.53,-4.74,-6.17,-6.38,-7.52,-6.60,-6.63,-7.06,-10.47,-9.82,-10.32,-7.41,-8.83,-8.12,-8.96,-7.35,-7.40,,-15,-8.24,-10.50,-5.69,-5.70,-5.99,-7.50,-5.51,-7.77,-8.88,-6.81,-6.42,-12.79,-7.10,-9.37,-8.40,-10.93,-11.48,-8.98,-11,-7.46,-11.33,-9.72,-9.92,-6.27,-9.21,-7.30,-8.87,-7.17,-8,-3.43,-7.99,-8.04,-3.57,-4.70,-3.52,-6.78,-1.98,-4.29,-2.90,-2.54,-5.48,-4.30,-4.43,-5.07,-4.20,-2.17,-3.99,-5.45,-4.52,-4.52,-3.50,-4.69,-4.94,-5.52,-3.47,-4.14,-4.63,-8.02,-5.53,-3.79,-3.87,-2.41,-2.54,-2.70,-2.70,-3.66,-4.44,-3.77,-5.16,-1.09,-2.35,-4.40,-7.83,-5.50,-4.29,-5.17,-5,-5.10,-6.76,-4.61,-5.26,-2.30,-3.16,-2.30,-3.28,-3.94,-5.45,-6.40,,-8.10,-6.10,-5.20,-4.70,-6.40,,,,,,,-2.40,-3.70,,-4.10,-4.80,-3.10,-4.06,,,,,,,,-4,-3.10,-3.80,-5.60,-5.70,,,,,-3.50,,-4.40,-4.90,-1.10,-2,-1.80,,,-3.60,,,-4.90,,,-1.10,-2.40,-1.80,-1.60,-6,-8.10,
2008-12-29 16:20,-7.40,-8.06,-7.40,-8.29,-6.62,-4.60,-5.37,-7.10,-7.66,-6.63,-7.20,-7.26,-9.03,-10.49,-6.75,-6.95,-8.52,-7.28,-13.70,-10.38,-11.57,-9.19,-11.96,,-5.72,-4.93,-6.32,-6.32,-7.81,-6.70,-6.74,-6.96,-10.56,-10.04,-11.07,-7.46,-9.13,-8.30,-9.16,-7.60,-7.30,,-15.35,-8.64,-11.10,-6.01,-5.60,-5.84,-8.10,-5.75,-8,-8.98,-7.10,-6.73,-12.71,-7.24,-9.42,-8.50,-11.11,-11.89,-8.56,-11.40,-7.44,-11.36,-9.83,-9.84,-6.73,-9.24,-7.20,-9.45,-7.10,-8.25,-3.56,-7.81,-8.32,-3.80,-4.60,-3.49,-6.90,-2.04,-4.52,-2.80,-2.72,-5.70,-4.30,-4.51,-5.35,-4.90,-2.22,-4.14,-5.66,-4.85,-4.58,-3.80,-5.09,-5.51,-5.54,-4.05,-4.34,-4.63,-7.93,-6.01,-3.63,-3.90,-2.37,-2.70,-2.78,-3,-3.64,-4.64,-3.90,-5.12,-1,-2.31,-4.75,-8.25,-5.60,-4.50,-5.40,-5.14,-5.30,-6.74,-4.59,-4.99,-2.46,-3.24,-2.30,-3.36,-3.93,-5.19,-6.40,,-8.20,-6.60,-5.60,-4.70,-6.50,,,,,,,-2.40,-3.50,,-4.20,-5.10,-3.10,-4.20,,,,,,,,-4.20,-3.20,-3.90,-5.60,-6,,,,,-3.80,,-4.60,-4.70,-1,-2.10,-1.80,,,-4.10,,,-4.80,,,-1.10,-2.30,-2,-1.70,-6.10,-8.70,
2008-12-29 16:30,-7.60,-8.45,-7.59,-8.35,-6.80,-4.67,-5.49,-7.30,-7.83,-6.98,-7.25,-7.26,-9.01,-10.17,-6.81,-7.30,-8.88,-7.03,-13.80,-10.09,-11.48,-9.36,-12.11,,-5.61,-4.96,-6.61,-6.35,-8.19,-6.70,-6.67,-6.74,-10.39,-10.61,-11.34,-7.31,-9.23,-8.68,-9.12,-7.83,-7.40,,-14.72,-8.74,-11,-6.20,-5.60,-5.73,-8.59,-5.83,-8.12,-8.96,-7.59,-6.73,-12.48,-7.42,-9.59,-8.50,-10.87,-11.94,-8.62,-11.80,-7.45,-11.49,-9.67,-9.86,-6.95,-9.48,-6.90,-9.92,-6.90,-8.14,-3.69,-7.87,-8.52,-4.10,-4.70,-3.51,-6.86,-2.33,-4.61,-3.12,-2.91,-5.79,-4.67,-4.73,-5.42,-5,-2.26,-4.27,-5.51,-5.24,-5.07,-4,-5.45,-5.41,-5.53,-4.57,-4.26,-4.73,-7.63,-6.10,-3.65,-4.23,-2.40,-2.80,-2.99,-3.20,-3.70,-4.87,-3.99,-5.30,-1.09,-2.46,-4.87,-8.69,-5.70,-4.70,-5.49,-5.61,-5.70,-6.89,-4.38,-4.99,-2.52,-3.34,-2.50,-3.42,-4.03,-5.19,-6.50,,-8.40,-5.60,-6,-4.90,-6.50,,,,,,,-2.50,-3.50,,-4.60,-5.20,-3.20,-4.55,,,,,,,,-4.50,-3,-4.10,-5.70,-5.90,,,,,-4.10,,-4.70,-4.70,-1.10,-2.20,-1.90,,,-3.60,,,-4.80,,,-1.10,-2.40,-2.20,-1.60,-6.10,-9.20,
2008-12-29 16:40,-7.90,-8.51,-7.69,-8.52,-7,-4.77,-5.63,-7.50,-7.88,-7.15,-7.25,-7.52,-9.06,-10.23,-6.70,-7.58,-9.14,-5.82,-13.90,-10.60,-11.72,-9.47,-12.26,,-5.74,-4.96,-6.45,-6.37,-8.30,-6.90,-6.94,-6.81,-10.15,-10.90,-11.54,-7.44,-9.27,-8.83,-9.13,-7.93,-6.90,,-14.72,-8.94,-12.20,-6.25,-5.60,-5.73,-8.75,-5.71,-8.12,-9.43,-7.90,-6.79,-12.69,-7.68,-9.55,-8.70,-10.49,-12.13,-8.44,-11.90,-7.43,-11.45,-9.53,-9.89,-7.56,-9.54,-6.20,-10.40,-6.65,-8.42,-3.64,-7.83,-8.51,-4.46,-4.90,-3.45,-6.97,-2.19,-4.64,-3.55,-3.09,-5.78,-5.03,-4.79,-5.42,-5,-2.45,-4.58,-5.59,-5.49,-5.26,-4,-5.81,-5.32,-5.65,-4.59,-4.24,-4.93,-7.36,-6.14,-3.49,-4.30,-2.35,-2.73,-3.19,-3.40,-3.79,-5.06,-4.02,-5.43,-1.27,-2.69,-4.92,-8.98,-5.90,-4.88,-5.39,-6.19,-5.90,-6.92,-4.39,-5.24,-2.57,-3.40,-2.60,-3.45,-4,-5.30,-6.70,,-8.70,-5.70,-6.20,-5,-6.40,,,,,,,-2.60,-3.80,,-4.80,-5.50,-3.30,-4.61,,,,,,,,-4.30,-3.50,-4.20,-5.80,-5.90,,,,,-4.20,,-4.70,-4.70,-1.20,-2.30,-2,,,-4,,,-4.90,,,-1.10,-2.40,-2.40,-1.70,-5.70,-9.60,
2008-12-29 16:50,-8.10,-8.69,-7.90,-8.68,-7,-4.80,-5.55,-7.70,-7.88,-7.39,-7.35,-7.74,-9.21,-10.26,-6.66,-7.58,-9.08,-5.77,-14.30,-10.27,-11.72,-9.50,-11.70,,-5.79,-5.21,-6.38,-6.36,-8.38,-7,-6.96,-6.97,-9.63,-11.02,-11.58,-7.64,-9.17,-8.78,-9.18,-8.14,-6.90,,-14.89,-9.07,-11.90,-6.43,-5.70,-5.71,-9.16,-5.68,-8.68,-9.52,-8.12,-7.14,-13.19,-7.55,-9.73,-8.80,-10.78,-12.44,-8.75,-12.10,-7.52,-11.46,-9.50,-9.97,-8.09,-9.54,-6.50,-10.66,-7.16,-8.60,-3.66,-7.87,-8.56,-4.19,-5,-3.40,-7,-2.81,-4.71,-3.75,-3.38,-6.21,-5.24,-5.16,-5.84,-5.40,-2.60,-4.86,-5.50,-5.74,-5.35,-4.20,-6.13,-5.51,-5.73,-4.78,-4.46,-5.33,-7.03,-6.35,-3.40,-4.37,-2.46,-2.71,-3.32,-3.60,-4.07,-5.32,-4.22,-5.59,-1.45,-2.92,-5.33,-9.24,-6.10,-5.18,-5.34,-6.65,-5.80,-7.46,-4.45,-5.32,-2.57,-3.50,-2.70,-3.46,-4.04,-5.22,-6.80,,-8.90,-6.20,-6.40,-5.10,-6.60,,,,,,,-2.70,-4.10,,-4.70,-5.50,-3.30,-4.88,,,,,,,,-4.30,-3.80,-4.50,-5.70,-6.20,,,,,-4.10,,-5,-4.70,-1.20,-2.50,-2,,,-4.40,,,-5,,,-1.20,-2.50,-2.60,-1.60,-5,-9.80,
2008-12-29 17:00,-8.20,-8.59,-7.95,-8.71,-7,-4.71,-5.53,-7.70,-7.96,-7.90,-7.43,-7.52,-9.28,-10.69,-6.63,-7.57,-8.77,-5.24,-14.50,-10.03,-11.39,-9.45,-12.17,,-6,-5.40,-6.45,-6.33,-8.60,-7,-7.27,-7.14,-10.07,-11.04,-12.21,-7.70,-9.51,-9,-9.09,-8.49,-6.70,,-15.45,-9.18,-12.70,-6.63,-5.70,-5.61,-9.60,-5.71,-9.65,-9.95,-7.82,-7.42,-13.50,-7.58,-9.81,-9,-10.60,-12.47,-8.92,-12.30,-7.41,-11.56,-9.48,-10.01,-7.41,-8.96,-7.10,-10.66,-6.77,-9.04,-3.76,-7.90,-8.69,-4.11,-4.90,-3.60,-7.06,-2.85,-4.77,-3.85,-3.75,-6.04,-5.48,-5.32,-6.04,-5.40,-2.90,-4.98,-5.57,-6,-5.85,-4.50,-6.48,-5.61,-5.63,-4.84,-4.73,-5.31,-7.36,-6.53,-3.36,-4.57,-2.39,-2.70,-3.54,-3.80,-4.21,-5.45,-4.50,-5.66,-1.58,-3.06,-5.54,-9.28,-6.30,-5.45,-5.65,-6.55,-5.70,-7.66,-4.43,-5.28,-2.65,-3.63,-2.80,-3.48,-4.12,-5.13,-6.90,-6.60,-9.10,-5.90,-6.40,-5.10,-6.70,-4.70,-5.40,-6.30,-5.70,-4.70,-6.80,-2.90,-4.20,-5.10,-5.10,-5.40,-3.40,-3.70,-5.90,-4.40,-3.50,-3.30,-4.30,-1.90,-2.50,-4.40,-4.10,-4.70,-5.60,-6.20,-5.50,-3.80,-2.90,-2.10,-4.40,-3.20,-5,-4.80,-1.30,-2.80,-2,,-5.40,-4.70,-4.90,,-5.10,-1.10,-1.60,-1.20,-2.50,-2.70,-1.70,-4.60,-9.80,-5.10
2008-12-29 17:10,-8.40,-8.87,-7.91,-8.85,-7.10,-4.83,-5.55,-7.70,-8,-8.08,-7.49,-8.03,-9.32,-10.91,-6.88,,-8.80,-4.56,-14.70,-10.72,-11.56,-9.03,-12.38,,-6.25,-5.49,-6.55,-6.22,-8.79,-7.10,-7.12,-7.14,-9.88,-11.30,-11.85,-7.65,-9.72,-9.46,-9.19,-8.86,-5.60,,-14.33,-9.16,-11.80,-6.74,-5.80,-5.51,-9.81,-5.85,-9.69,-10.10,-8.49,-7.64,-13.60,-7.63,-10.06,-9,-10.58,-12.60,-9.12,-12.60,-7.36,-11.55,-9.54,-9.99,-7.71,-8.03,-6.80,-10.47,-5.86,-9.27,-3.76,-7.93,-8.82,-4.17,-4.90,-3.73,-7.10,-3.17,-4.90,-3.93,-3.86,-5.95,-5.58,-5.35,-5.99,-5.80,-3.02,-5.16,-5.58,-6.18,-5.76,-4.60,-6.24,-5.66,-5.77,-5.75,-4.72,-5.32,-7.84,-6.94,-3.26,-4.91,-2.36,-2.88,-3.76,-4,-4.39,-5.68,-4.69,-5.83,-1.70,-3.14,-5.44,-9.34,-6.40,-5.61,-5.81,-6.49,-5.70,-7.71,-4.46,-5.20,-2.63,-3.57,-2.70,-3.57,-4.14,-5.29,-6.90,,-9.30,-5.80,-6.30,-5.30,-7.10,,,,,,,-3.10,-4.20,,-5.10,-5.50,-3.70,-5.14,,,,,,,,-4.30,-4.40,-4.80,-5.80,-6.30,,,,,-4.30,,-4.90,-5.10,-1.30,-2.80,,,,-4.70,,,-5.10,,,-1.20,-2.60,-2.80,-1.70,-4.60,-9.80,
2008-12-29 17:20,-8.60,-8.99,-8.01,-8.91,-7.20,-4.92,-5.77,-7.90,-7.93,-8.18,-7.63,-8.15,-9.30,-10.38,-6.91,,-8.58,-4.59,-14.90,-11.06,-11.35,-9.06,-12.55,,-6.47,-5.56,-6.92,-6.20,-9,-7.20,-6.99,-6.88,-9.56,-11.37,-11.63,-8.96,-9.90,-9.38,-9.44,-9.02,-5.40,,-13.70,-9.29,-12.40,-7.07,-5.80,-5.51,-10.16,-6.06,-9.75,-10.52,-8.32,-7.85,-13.78,-7.82,-10.48,-8.70,-10.88,-12.71,-9.18,-12.70,-7.39,-11.57,-9.69,-9.66,-7,-7.37,-7,-10.62,-6.44,-9.53,-3.87,-8.05,-8.93,-4.35,-4.90,-3.95,-7.20,-3.40,-5.03,-4.67,-4.20,-6.02,-5.51,-5.38,-6.20,-6.40,-3.09,-4.97,-5.53,-6.55,-5.86,-4.80,-6.84,-5.75,-5.85,-5.68,-4.71,-5.26,-7.84,-7.04,-3.37,-5.06,-2.41,-3.14,-3.96,-4.30,-4.58,-5.71,-4.90,-5.99,-1.95,-3.11,-5.43,-9.41,-6.60,-5.69,-5.93,-6.52,-5.80,-7.87,-4.55,-4.96,-2.50,-3.41,-2.70,-3.67,-4.34,-5.54,-7,,-9.60,-5.30,-6.40,-5.50,-7,,,,,,,-3.10,-4.40,,-5.30,-5.60,-3.90,-5.26,,,,,,,,-4.60,-4.60,-4.90,-6,-6.20,,,,,-3.90,,-4.70,-5.20,-1.40,-2.70,-2,,,-4.90,,,-5.10,,,-1.20,-2.80,-3,-1.60,-4.50,-10,
2008-12-29 17:30,-8.70,-9.06,-8.18,-9.05,-7.10,-5.20,-5.99,-8,-8.08,-8.48,-7.79,-7.82,-9.21,-10.38,-7.16,,-8.46,-4.86,-15,-11.30,-11.75,-9.50,-12.49,,-6.85,-5.75,-7.08,-6.36,-9.25,-7.20,-7.19,-6.70,-8.93,-11.51,-11.79,-8.82,-9.85,-9.62,-9.87,-9.17,-7.20,,-14.92,-9.56,-13.30,-7.58,-6,-5.59,-10.09,-6.17,-9.96,-10.73,-9,-8.07,-14.02,-7.84,-10.66,-8.60,-11.16,-12.85,-9.45,-13.10,-7.41,-11.68,-9.54,-9.70,-7.35,-6.53,-7.10,-9.74,-6.79,-9.59,-3.89,-8.13,-9.03,-4.14,-5.10,-4.14,-7.20,-3.37,-5.09,-4.95,-4.54,-6.01,-5.33,-5.43,-6.30,-6.40,-3.49,-5.05,-5.53,-6.82,-6.10,-5.10,-6.84,-5.74,-5.84,-5.69,-4.73,-5.35,-8.10,-7.33,-3.48,-5.08,-2.33,-3.45,-4.28,-4.50,-4.57,-5.58,-4.80,-6.20,-2.09,-3.31,-5.64,-9.20,-6.60,-5.78,-5.89,-6.42,-6,-7.89,-4.41,-5.12,-2.58,-3.44,-2.70,-3.75,-4.24,-5.56,-7.10,,-9.70,-4.80,-6.70,-5.60,-7.10,,,,,,,-3.20,-4.60,,-5.60,-5.80,-3.70,-5.39,,,,,,,,-5.30,-4.80,-5,-5.90,-6.10,,,,,-4.30,,-4.90,-5.20,-1.50,-2.70,-2.20,,,-5,,,-5.20,,,-1.20,-2.80,-3,-1.50,-4.30,-10,
2008-12-29 17:40,-8.90,-9.21,-8.23,-9.04,-7.20,-5.16,-5.99,-8,-8.11,-8.66,-8.02,-8.56,-9.30,-10.61,-7.13,,-8.50,-5.07,-15.30,-11.06,-11.67,-9.75,-11.82,,-7.74,-5.83,-6.99,-6.45,-9.32,-7,-7.23,-6.38,-9.19,-11.98,-12.08,-8.47,-9.99,-9.81,-9.56,-9.11,-7.80,,-13.89,-9.73,-14.10,-7.75,-6,-5.69,-10.14,-6.25,-10.37,-10.68,-8.68,-8.26,-14.31,-8.38,-10.59,-8.40,-11.17,-12.81,-9.41,-13.50,-7.36,-11.54,-9.50,-9.96,-8.03,-6.14,-7.30,-8.97,-6.57,-9.31,-3.94,-8.29,-9.04,-4.07,-5.20,-4.41,-7.20,-3.51,-5.41,-4.95,-4.82,-5.96,-5.61,-5.70,-6.19,-6.20,-3.71,-5.18,-5.51,-7.22,-6.10,-5.40,-7.03,-5.97,-5.72,-6.09,-4.65,-5.54,-8.20,-7.31,-3.58,-5.33,-2.35,-3.70,-4.39,-4.60,-4.64,-5.62,-4.77,-6.40,-2.14,-3.23,-5.71,-9.22,-6.90,-6.10,-6.02,-6.45,-5.80,-7.69,-4.34,-5.69,-2.69,-3.47,-2.70,-3.77,-4.46,-5.61,-7.10,,-9.90,-5.20,-6.90,-5.80,-7.40,,,,,,,-3.30,-4.60,,-5.90,-6,-4,-5.63,,,,,,,,-5.70,-5,-5.10,-6.20,-5.90,,,,,-4.60,,-5,-5.20,-1.60,-2.70,-2.30,,,-5.10,,,-5.30,,,-1.30,-2.80,-3.30,-1.70,-4.10,-10.20,
2008-12-29 17:50,-9,-9.31,-8.10,-9.18,-7.10,-5.06,-5.99,-8,-8.17,,-8,-8.60,-9.39,-11.06,-7.07,,-8.61,-5.80,-15.50,-11.36,-11.69,-9.96,-11.76,,-8.11,-5.75,-6.98,-6.49,-9.46,-7,-7.11,-6.21,-9.05,-11.97,-11.99,-8.30,-10.19,-9.85,-9.36,-9.29,-7.90,,-13.70,-9.90,-13.70,-8.02,-6,-5.88,-10.46,-6.28,-10.68,-10.29,-8.32,-8.41,-14.42,-8.52,-10.88,-8.30,-11.33,-13.03,-9.40,-13.60,-7.42,-11.61,-9.68,-9.97,-7.86,-4.84,-7.30,-7.59,-7.07,-9.24,-4.09,-8.43,-9.23,-3.86,-5,-4.70,-7.30,-3.79,-5.75,-5.14,-5,-6.11,-5.80,-5.90,-6.54,-6.30,-3.95,-5.02,-5.58,-7.26,-6.27,-5.60,-7.22,-6.23,-5.96,-6.10,-4.79,-5.51,-8.54,-7.35,-3.50,-5.20,-2.32,-3.83,-4.48,-4.40,-5.20,-5.99,-4.71,-6.52,-2.18,-3.44,-5.96,-9.34,-7,-6.36,-6.13,-6.39,-5.80,-7.82,-4.30,-5.65,-2.90,-3.53,-2.90,-3.76,-4.31,-5.55,-7.10,,-9.90,-5.30,-6.90,-5.90,-7.40,,,,,,,-3.30,-4.60,,-6.10,-6.20,-4,-5.77,,,,,,,,-5.40,-5,-5.30,-6,-5.80,,,,,-5,,-5.10,-5.20,-1.70,-2.70,-2.30,,,-5.20,,,-5.30,,,-1.40,-2.90,-3.50,-1.90,-4,-10.10,
2008-12-29 18:00,-9,-9.36,-8.27,-9,-7,-5.33,-6.14,-8.30,-8.29,-9.03,-7.94,-8.53,-9.28,-12,-7.29,-8,-9,-6.02,-15,-11.09,-11,-9.87,-11.57,-12,-9,-7,-7.04,-6.52,-10,-7,-8,-6,-8.94,-11,-12.39,-8,-9,-10,-9,-9,-8,-6,-13,-10,-13.50,-8.36,-7,-6.13,-10.56,-6.42,-8,-10,-8.67,-8.44,-14.40,-8,-11,-8,-11,-13.09,-9.35,-14,-7.54,-11.67,-9.70,-9.98,-7.64,-3.89,-6,-7.19,-6.74,-9.35,-4.31,-8.51,-9.51,-3.94,-4.70,-4.75,-7.30,-4.01,-7,-5.60,-5.23,-6.38,-6.04,-6.03,-6,-6.50,-4.10,-5.08,-5.59,-7.38,-7,-5.70,-7.52,-6.37,-6.15,-5.92,-4.90,-5.44,-8.49,-7.63,-3.40,-5.26,-2.32,-3.94,-4.43,-4.40,-5.55,-6.23,-5.11,-6.73,-2.23,-3.39,-6.12,-9.32,-7.30,-6.17,-6.34,-6.24,-5.80,-7.67,-4.30,-5.88,-3.01,-3.30,-2.60,-3.91,-4,-5.69,-7.20,-6,-10,-6,-6.80,-5.80,-7.60,,-5.80,-7.60,-5.80,-4.70,-7.30,-3.30,-5,-6.30,-6.20,-6.10,-4.20,-4.80,-7.30,-4,-3.90,-3.60,-4.90,-2.40,-2.80,-4.80,-5.20,-5.40,-6.10,-5.70,-6,-3.70,-3.20,-2.10,-5.10,-4.10,-5.30,-5.30,-1.90,-2.90,-2.40,-3.20,-6.60,-5.40,-5.30,-7.30,-5.40,-1.60,-2,-1.50,-2.90,-3.80,-2.10,-4,-10.10,-5.40
2008-12-29 18:10,-9.30,-9.35,-8.36,-9.40,-6.80,-5.61,-6.15,-8.60,-8.35,-8.90,-7.95,-8.41,-9.25,-11.06,-7.07,-8.10,-9.30,-6.07,-15.70,-11.51,-11.21,-9.71,-12.17,,-7.57,-5.92,-6.87,-6.59,-9.58,-7.10,-7.42,-5.89,-9.04,-12.58,-12.71,-8.54,-10.29,-10.37,-9.18,-9.81,-6.50,,-13.57,-10.06,-13.40,-8.33,-6.30,-6.23,-10.79,-6.53,-10.92,-10.60,-9.42,-8.53,-14.41,-8.55,-11.10,-7.80,-11.60,-13.29,-9.25,-14,-7.54,-11.76,-9.66,-10.30,-7.08,-3.60,-5.30,-6.91,-6.84,-8.32,-4.24,-8.77,-9.38,-4.11,-4.80,-4.73,-7.20,-4.21,-5.95,-5.80,-5.37,-6.64,-5.86,-5.99,-6.99,-6.70,-4.11,-5.37,-5.60,-7.55,-6.59,-5.60,-7.68,-6.41,-6.17,-5.95,-5.27,-5.36,-8.43,-7.80,-3.39,-5.36,-2.36,-4.17,-4.69,-4.60,-5.42,-6.39,-5.08,-6.77,-2.40,-3.53,-6.11,-9.51,-7.50,-6.36,-6.58,-6.44,-5.70,-7.85,-4.43,-6.11,-3.14,-3.57,-2.70,-4.22,-4.22,-5.67,-7.20,,-10.10,-5.70,-7.30,-6,-7.60,,,,,,,-3.40,-4.90,,-6.20,-6.20,-4.40,-5.89,,,,,,,,-5.40,-5.40,-5.50,-6.10,-5.70,,,,,-5.10,,-5.30,-5.30,-1.90,-2.90,,,,-5.10,,,-5.60,,,-1.60,-3.10,-3.90,-2.10,-4,-10.10,
2008-12-29 18:20,-9.40,-9.26,-8.44,-9.54,-6.90,-5.80,-6.17,-8.60,-8.41,-9.04,-7.86,-8.61,-9.23,-10.95,-6.96,-8.14,-9.59,-5.72,-15.70,-11.59,-11.06,-9.39,-12.33,,-7.63,-6.03,-6.75,-6.86,-9.77,-7.10,-7.85,-5.84,-8.86,-12.46,-12.67,-8.76,-10.37,-10.53,-9.29,-9.94,-6.50,,-13.24,-10.03,-13.40,-8.33,-6.40,-6.51,-10.95,-6.45,-11.31,-10.47,-9.81,-8.64,-14.58,-8.95,-11.34,-7.90,-12.02,-13.29,-8.88,-14.20,-7.60,-11.76,-9.67,-10.08,-6.70,-3.62,-5.70,-7,-7.24,-6.92,-4.16,-8.89,-9.58,-4.41,-4.70,-4.74,-7.20,-4.65,-6.32,-6.20,-5.57,-6.56,-6.14,-6,-7.01,-6.70,-4.30,-5.50,-5.59,-7.72,-6.67,-5.50,-7.83,-6.44,-6.08,-6.22,-5.72,-5.41,-8.68,-7.94,-3.60,-5.45,-2.24,-4.42,-4.83,-4.70,-5.21,-6.65,-5.16,-6.84,-2.51,-3.68,-6.30,-9.71,-7.60,-6.53,-6.64,-6.69,-5.60,-7.82,-4.49,-6.17,-3.02,-3.52,-2.70,-4.37,-4.34,-5.86,-7.30,,-10.40,-5.60,-7.70,-6,-7.80,,,,,,,-3.50,-4.70,,-6.30,-6.40,-4.30,-5.87,,,,,,,,-5.70,-5.50,-5.60,-6.20,-5.50,,,,,-5.20,,-5.80,-5.30,-2.10,-2.90,-2.80,,,-5.30,,,-5.70,,,-1.70,-3.40,-4,-2.10,-4,-10.10,
2008-12-29 18:30,-9.50,-9.04,-8.52,-9.61,-7.10,-5.76,-6.33,-8.70,-8.55,-9.35,-7.82,-8.87,-9.30,-11.17,-6.68,-8.16,-9.37,-5.44,-15.90,-12.23,-11.06,-9.76,-12.20,,-7.42,-5.99,-6.84,-6.98,-9.91,-7.20,-7.62,-5.87,-8.56,-12.25,-12.46,-9.12,-10.66,-10.46,-9.67,-10.18,-7,,-13.31,-10.37,-13.80,-8.52,-6.50,-6.62,-10.94,-6.39,-11.64,-11.14,-9.60,-8.78,-15.11,-8.76,-11.27,-7.80,-12.44,-13.15,-9.03,-14.40,-7.73,-11.72,-9.72,-9.90,-6.54,-3.37,-6.50,-6.68,-7.31,-6.95,-4.33,-9.10,-9.73,-4.45,-5,-4.75,-7.20,-4.63,-6.34,-6.30,-5.92,-6.57,-6.41,-6.14,-6.89,-6.80,-4.66,-5.74,-5.75,-7.83,-6.77,-5.70,-8.04,-6.28,-5.76,-6.68,-5.65,-5.40,-9.01,-8.02,-3.49,-5.68,-2.30,-4.59,-4.85,-4.60,-5.67,-6.71,-5.39,-6.85,-2.51,-4,-6.66,-9.90,-7.80,-6.57,-6.58,-6.79,-5.80,-7.80,-4.57,-6.23,-2.93,-3.55,-2.70,-4.34,-4.49,-5.90,-7.50,,-10.30,-5,-7.80,-6.10,-8.20,,,,,,,-3.50,-4.60,,-6.40,-6.60,-4.10,-5.85,,,,,,,,-5.80,-5.50,-6,-6.10,-5.70,,,,,-5.30,,-6,-5.50,-2.10,-3.10,-2.90,,,-5.90,,,-6.10,,,-1.90,-3.70,-4.10,-2.20,-4.10,-10.10,
2008-12-29 18:40,-9.70,-8.69,-8.51,-9.74,-7.10,-5.53,-6.48,-8.60,-8.55,-9.65,-7.86,-8.22,-9.31,-11.18,-6.44,-8.31,-9.48,-5.34,-16.10,-11.98,-11.04,-10.02,-11.95,,-7.45,-6.26,-6.87,-7.05,-10.01,-7.30,-7.49,-5.89,-8.41,-12.15,-12.54,-9.79,-10.95,-10.67,-9.68,-10.49,-7.20,,-13.21,-10.36,-13.50,-8.78,-6.50,-6.80,-10.97,-6.41,-11.79,-11.84,-9.41,-9.06,-15.11,-9.33,-11.42,-7.60,-12.10,-13.48,-9.03,-14.60,-7.75,-11.73,-9.70,-9.86,-7.32,-3.10,-6.50,-6.66,-7.01,-7.89,-4.29,-9.32,-9.73,-4.59,-5,-4.79,-7.30,-5.11,-6.20,-6.20,-6.14,-6.94,-6.88,-6.20,-6.97,-6.70,-5.15,-5.94,-5.70,-7.95,-6.98,-6.10,-8.31,-6.55,-5.94,-6.62,-5.38,-5.44,-8.84,-8.32,-3.50,-5.69,-2.29,-4.63,-5.01,-4.80,-6.08,-6.62,-5.56,-6.80,-2.53,-4.24,-6.69,-9.94,-7.80,-6.70,-6.48,-6.81,-6.50,-7.72,-4.57,-6.36,-3.02,-3.58,-2.80,-4.42,-4.49,-5.83,-7.60,,-10.70,-5.40,-7.70,-6.20,-8.40,,,,,,,-3.70,-4.90,,-6.40,-6.90,-4.20,-6.08,,,,,,,,-6.20,-5.60,-6,-6.10,-5.80,,,,,-5.40,,-6.10,-5.60,-2.20,-3.20,-3,,,-6.40,,,-6,,,-2,-4.10,-4.30,-2.10,-4.10,-10,
2008-12-29 18:50,-9.80,-7.34,-8.44,-9.81,-7.40,-5.56,-6.56,-8.70,-8.57,-9.70,-7.93,-8.26,-9.33,-10.97,-6.36,-8.40,-9.83,-5.20,-16.30,-11.49,-11.45,-9.94,-12.58,,-7.65,-6.44,-7.24,-7.03,-10.04,-7.40,-7.47,-6,-8.31,-12.20,-12.83,-10.30,-10.93,-10.61,-9.56,-10.72,-6.50,,-13.29,-10.61,-14.20,-8.86,-6.70,-6.90,-10.95,-6.23,-11.78,-11.25,-9.68,-8.98,-15.01,-9.46,-11.50,-7.10,-12.23,-13.67,-8.94,-14.60,-7.71,-11.76,-9.77,-9.82,-7.97,-2.99,-6.50,-6.65,-6.86,-7.93,-4.15,-9.61,-9.65,-4.75,-4.90,-4.73,-7.20,-5.28,-6.37,-6.40,-6.20,-6.88,-7.31,-6.20,-7.01,-6.50,-5.31,-6.09,-5.78,-8.12,-7.09,-6.30,-8.60,-6.60,-6.14,-6.80,-5.34,-5.55,-8.95,-8.39,-3.62,-5.81,-2.51,-4.67,-5.33,-5,-6.18,-6.66,-5.75,-6.80,-2.62,-4.29,-6.64,-9.89,-7.90,-6.88,-6.53,-6.99,-6.70,-7.67,-4.59,-6.56,-3.21,-3.73,-2.80,-4.38,-4.47,-5.90,-7.50,,-10.70,-5.60,-7.50,-6.20,-8.80,,,,,,,-3.70,-5.60,,-6.60,-7.10,-4.40,-6.32,,,,,,,,-6.80,-5.90,-6.10,-5.80,-5.80,,,,,-5.40,,-6.30,-5.40,-2.20,-3.40,-3.10,,,-6.70,,,-6,,,-2.10,-4.20,-4.40,-2.20,-4.10,-10,
2008-12-29 19:00,-9.90,-7.17,-8.52,-9.86,-7.30,-5.55,-6.57,-8.60,-8.53,-9.49,-8.05,-8.42,-9.34,-10.79,-6.26,-8.48,-10.95,-5.39,-16.40,-11.92,-11.12,-9.86,-12.53,,-7.83,-6.54,-7.51,-7.13,-10.17,-7.30,-7.05,-6.04,-8.51,-12.89,-12.98,-10.11,-11.05,-10.60,-9.65,-10.73,-6.80,,-13.25,-10.57,-14.60,-9.10,-6.80,-6.94,-10.86,-6.14,-12.10,-11.27,-10.42,-8.74,-15.28,-8.98,-11.66,-6.90,-12.32,-13.91,-8.88,-14.90,-7.55,-11.70,-9.89,-9.79,-5.65,-2.98,-6.50,-6.25,-6.64,-7.51,-4.18,-10.07,-9.63,-4.42,-5.10,-5.01,-7.10,-5.35,-6.51,-6.80,-6.27,-7.28,-7.48,-6.31,-7.03,-6.70,-5.40,-6.03,-5.89,-8.26,-7.20,-6.30,-8.71,-6.81,-6.12,-6.77,-5.50,-5.82,-9.42,-8.51,-3.79,-5.82,-2.73,-4.80,-5.41,-4.90,-6.21,-6.65,-5.81,-6.73,-2.68,-4.65,-6.63,-10.09,-8.10,-6.85,-6.61,-7.06,-6.90,-7.72,-4.59,-6.60,-3.47,-3.60,-2.70,-4.35,-4.46,-5.87,-7.40,-6,-11.10,-5.30,-7.30,-6.30,-8.90,,-7.80,-5.50,-6.20,-5.30,-7.40,-3.70,-6.20,-6.70,-7,-7.20,-4.70,-6.60,-7.90,-4.40,-4.80,-4.10,-5.10,-3.70,-3.90,-5.80,-6,-6.20,-5.60,-5.70,-3.90,-3.70,-5,-2.80,-5.80,-3.40,-6,-5.40,-2.40,-3.60,-3.20,-3.40,-7.50,-6.60,-5.10,,-5.90,-1.90,-2.20,-2.40,-4,-4.50,-2.20,-4.40,-10.10,-5.60
2008-12-29 19:10,-10,-7.13,-8.57,-9.93,-7.46,-5.75,-6.73,-8.70,-8.61,-9.52,-8.16,-8.18,-9.46,-10.95,-6.16,-8.30,-11.55,-5.64,-16.40,-11.81,-11.39,-9.77,-12.94,,-7.72,-6.55,-7.42,-7.27,-10.26,-7.40,-6.88,-5.83,-8.44,-13.22,-12.81,-9.73,-11.08,-10.69,-9.38,-11.04,-6.40,,-13.02,-10.84,-14.80,-9.06,-7.10,-7,-10.84,-5.79,-12.45,-11.67,-10.47,-9.01,-15.52,-8.79,-11.85,-6.70,-12.54,-14.16,-8.42,-14.80,-7.71,-11.78,-9.99,-9.92,-5.11,-3.24,-6.70,-6.07,-6.55,-6.39,-4.36,-10.41,-9.76,-4.06,-5.70,-5.09,-7,-5.42,-6.81,-6.90,-6.34,-7.08,-7.69,-6.36,-7.03,-6.90,-5.30,-6.10,-5.93,-8.47,-7.41,-6.30,-8.78,-6.87,-6.24,-6.93,-5.64,-5.87,-9.45,-8.44,-3.88,-5.89,-3.12,-4.88,-5.50,-5,-5.98,-6.67,-5.82,-6.63,-2.76,-4.77,-6.71,-10.15,-8.10,-7.10,-6.65,-7.08,-6.90,-7.83,-4.59,-6.69,-3.42,-3.68,-2.70,-4.36,-4.22,-5.93,-7.50,,-10.90,-4.60,-7.30,-6.50,-8.70,,,,,,,-3.70,-6.30,,-7,-7.20,-4.80,-6.26,,,,,,,,-5.90,-6.10,-6.30,-5.60,-5.80,,,,,-5.80,,-6,-5.50,-2.40,-3.60,-3.20,,,-6.60,,,-5.90,,,-2.50,-4.60,-4.60,-2.20,-4.50,-10.10,
2008-12-29 19:20,-10.10,-7.07,-8.61,-10.04,-7.58,-5.99,-6.62,-9,-8.58,-9.48,-8.12,-8.02,-9.50,-10.88,-6.30,-7.67,-10.92,-5.38,-16.10,-12.31,-11.33,-9.34,-12.91,,-7.54,-6.62,-7.52,-7.30,-10.40,-7.60,-6.99,-5.74,-8.69,-13.27,-13.50,-9.95,-10.97,-10.88,-9.49,-11.27,-6,,-13.41,-10.92,-15,-8.88,-7.20,-7.11,-10.60,-5.78,-12.96,-11.71,-10.44,-8.99,-15.53,-9.34,-12,-6.70,-12.29,-14.27,-8.28,-14.90,-7.71,-11.92,-10.27,-10.22,-6.68,-3.28,-6.90,-6.10,-6.28,-5.64,-4.52,-10.65,-9.79,-3.94,-5.50,-5.04,-7,-5.51,-6.67,-6.80,-6.57,-7.16,-7.41,-6.59,-7.39,-7.10,-5.37,-6.39,-5.83,-8.64,-7.50,-6.20,-8.78,-6.90,-6.21,-7.19,-5.67,-5.92,-9.30,-8.52,-3.97,-5.99,-3.40,-4.86,-5.53,-5.10,-5.98,-6.83,-5.99,-6.69,-2.85,-4.95,-6.90,-10.12,-8.20,-7.15,-6.75,-7.20,-7.10,-7.75,-4.68,-6.96,-3.37,-3.56,-2.70,-4.42,-4.23,-6.03,-7.50,,-11,-5,-7.20,-6.70,-8.80,,,,,,,-3.80,-6.50,,-7.20,-7.30,-4.80,-6.37,,,,,,,,-6.40,-6.40,-6.20,-5.90,-6.10,,,,,-5.90,,-5.90,-5.60,-2.40,-3.40,-3.40,,,-6.60,,,-5.90,,,-2.30,-5,-4.70,-2.10,-4.40,-9.90,
2008-12-29 19:30,-10.20,-7.10,-8.74,-9.80,-7.46,-5.92,-6.45,-9,-8.53,-9.36,-7.93,-8.25,-9.46,-10.16,-6.17,-7.37,-10.91,-5.42,-15.70,-12.45,-10.91,-8.91,-13,,-6.78,-6.77,-7.52,-7.36,-10.67,-7.60,-7.52,-5.85,-8.87,-13.23,-13.20,-10.48,-10.74,-11.40,-9.55,-11.09,-6,,-13.01,-10.96,-14.20,-8.87,-7.20,-7.17,-11.38,-5.63,-13.38,-11.72,-10.78,-9.21,-15.41,-9.64,-12.20,-6.60,-12.82,-14.41,-8.61,-14.90,-7.70,-11.92,-10.44,-10.30,-6.64,-2.98,-5.20,-6.14,-6.28,-5.59,-4.77,-10.92,-9.84,-4.24,-5.10,-5.08,-7,-5.70,-6.87,-7,-6.82,-7.27,-7.14,-6.49,-7.56,-7.50,-5.58,-6.54,-5.92,-8.78,-7.58,-6.50,-8.78,-6.91,-6.46,-7.44,-5.50,-6.11,-9.55,-8.87,-4.06,-5.95,-3.51,-4.90,-5.62,-5.30,-6.15,-6.92,-6.02,-6.77,-2.95,-4.98,-7.36,-10.07,-8.30,-7.12,-6.84,-7.27,-6.70,-7.63,-4.55,-7.20,-3.53,-3.68,-2.80,-4.49,-4.33,-6.02,-7.50,,-11.20,-5,-7.20,-6.70,-8.90,,,,,,,-3.90,-6.50,,-7.20,-7.30,-4.90,-6.51,,,,,,,,-6.10,-6.50,-6.30,-6.40,-6.20,,,,,-5.90,,-6,-5.60,-2.50,-3.50,-3.50,,,-6.50,,,-6.10,,,-2.50,-5.10,-4.70,-2.10,-4.40,-9.70,
2008-12-29 19:40,-10.40,-6.92,-8.80,-9.99,-7.09,-5.77,-6.63,-8.70,-8.59,-9.37,-7.93,-8.47,-8.96,-10.28,-6.20,-7.49,-11.26,-4.84,-15.40,-12.51,-10.92,-9.40,-13.34,,-6.71,-6.92,-7.57,-7.34,-10.79,-7.60,-7.47,-6.03,-8.84,-13.09,-13.05,-10.78,-10.72,-11.29,-9.68,-11.25,-5.50,,-12.85,-11,-14.90,-9.05,-7.10,-7.27,-11.80,-5.60,-13.11,-11.97,-10.36,-9.82,-15.45,-9.66,-12.35,-6.60,-12.81,-14.29,-8.57,-15,-8.06,-11.80,-10.55,-10.27,-6.10,-2.93,-4.90,-6.30,-6.20,-5.78,-5.03,-11.06,-10.03,-4.10,-5.10,-5.20,-6.90,-5.87,-7.24,-7.30,-7.11,-7.35,-7.14,-6.71,-7.37,-7.50,-5.69,-6.55,-5.82,-8.99,-7.69,-6.60,-8.94,-7.03,-6.56,-7.44,-5.38,-6.05,-9.97,-9.08,-4.16,-5.84,-3.75,-5.08,-5.93,-5.40,-6.39,-7.13,-6.08,-6.70,-3.11,-4.84,-7.45,-10.25,-8.50,-7.39,-7.06,-7.39,-6.30,-7.39,-4.59,-6.71,-3.56,-3.97,-2.80,-4.42,-4.45,-5.88,-7.50,,-11.20,-5.30,-7.30,-6.70,-9.20,,,,,,,-3.90,-6.80,,-7.20,-7.60,-4.90,-6.62,,,,,,,,-5.90,-6.50,-6.40,-6.60,-6.20,,,,,-5.70,,-6,-5.60,-2.60,-3.50,-3.60,,,-6.40,,,-6.10,,,-2.50,-5.10,-4.70,-2.10,-4.40,-9.50,
2008-12-29 19:50,-10.40,-7.02,-8.74,-10.12,-6.89,-5.69,-6.70,-8.60,-8.64,-9.43,-8.03,-8.51,-8.29,-10.54,-6.03,-7.47,-11.10,-3.90,-15.20,-11.76,-10.78,-9.43,-12.85,,-7.04,-6.97,-7.64,-7.29,-10.86,-7.60,-7.38,-5.99,-8.67,-13.10,-12.64,-10.87,-10.69,-11.17,-9.84,-11.52,-5.50,,-12.74,-11.22,-15.10,-9.29,-7.20,-7.36,-12,-5.65,-13.19,-11.73,-10.35,-10.35,-15.27,-9.71,-12.38,-6.60,-12.49,-14.43,-8.68,-15.20,-8.48,-11.95,-10.62,-10.33,-5.13,-2.92,-5.10,-6.20,-6.37,-5.79,-5.16,-11.27,-9.96,-3.94,-5.30,-5.41,-6.70,-5.52,-7.24,-7.40,-7.16,-6.71,-7.19,-6.48,-7.23,-7.50,-5.89,-6.54,-5.79,-9.15,-7.91,-6.90,-9.06,-7.18,-6.60,-7.35,-5.53,-6.04,-10.28,-9.32,-4.14,-5.71,-3.89,-5.19,-6.05,-5.40,-6.34,-7.26,-6.21,-7.06,-3.23,-5.13,-7.48,-10.27,-8.50,-7.43,-7.32,-7.22,-6.40,-7.22,-4.69,-6.79,-3.49,-3.95,-2.90,-4.46,-4.66,-5.87,-7.60,,-11.60,-5.80,-7.40,-7,-9.20,,,,,,,-4,-6.90,,-7.30,-7.60,-4.90,-6.69,,,,,,,,-6.70,-6.50,-6.40,-6.80,-6.40,,,,,-5.70,,-6.40,-5.50,-2.60,-3.40,-3.70,,,-6.60,,,-6.10,,,-2.50,-5.10,-4.80,-2,-4.50,-9.30,
2008-12-29 20:00,-10.40,-7.10,-8.86,-10.32,-7.03,-5.57,-7.15,-8.30,-8.49,-9.87,-8.34,-7.68,-8,-10.01,-6.03,-7.64,-11.03,-4.01,-15.10,-12.11,-10.67,-9.29,-12.39,,-6.97,-7.12,-7.64,-7.18,-10.95,-7.70,-7.28,-6.18,-9.03,-13.03,-12.57,-11.03,-10.95,-11.29,-9.47,-11.58,-5.60,,-12.61,-11.23,-14.70,-9.65,-7.20,-7.31,-11.53,-5.68,-13.67,-11.67,-10.53,-10.86,-15.10,-9.43,-12.48,-6.60,-12.44,-14.54,-8.93,-15.40,-8.34,-11.89,-10.75,-10.35,-5.68,-3.04,-4.80,-5.94,-6.56,-5.71,-5.15,-11.38,-10.27,-3.80,-5.80,-5.52,-6.60,-4.38,-6.99,-7.40,-7.27,-6.38,-7.16,-6.44,-7.37,-7.30,-6.05,-6.74,-5.80,-9.30,-7.96,-6.90,-9.29,-7.24,-6.73,-7.52,-5.62,-6.22,-10.06,-9.31,-4.19,-5.45,-3.92,-5.16,-6.06,-5.40,-6.39,-7.24,-6.50,-7.38,-3.34,-5.11,-7.23,-10.30,-8.60,-7.48,-7.45,-7.20,-6.40,-7.14,-4.73,-6.66,-3.56,-4.23,-2.80,-4.46,-4.61,-5.93,-7.50,-6,-11.90,-5.80,-7.40,-7,-9.20,-6.40,-9.40,-9.30,-6.50,-5.60,-7.40,-4.10,-6.50,-7.50,-7.50,-7.90,-4.80,-7.10,-8.60,-4.90,-4.60,-3.80,-6.40,-3.80,-3.90,-7,-6.50,-6.40,-6.70,-6.40,-3.50,-4,-4,-3.90,-6,-4.70,-6.30,-5.40,-2.70,-3.50,-3.70,-3.50,-7.70,-6.40,-6.40,,-6,-2.30,-2.20,-2.70,-5.20,-5,-2,-4.50,-9.20,-5.20
2008-12-29 20:10,-10.40,-7.12,-8.87,-10.41,-7.05,-5.49,-7.31,-8.30,-8.38,-10.11,-8.36,-7.55,-7.99,-10.83,-6.22,-7.81,-10.72,-3.80,-14.80,-12.25,-10.87,-8.98,-12.47,,-7.23,-7.32,-7.75,-7.22,-10.94,-7.80,-7.24,-6.34,-8.59,-13.23,-12.87,-10.66,-10.96,-11.30,-9.13,-11.64,-5.60,,-12.17,-11.48,-15.90,-9.59,-7.30,-7.13,-10.82,-5.70,-13.74,-12.35,-11.14,-11.30,-15.03,-9.58,-12.58,-6.70,-11.42,-14.64,-9.06,-15.30,-8.42,-11.98,-10.90,-10.20,-4.64,-3.10,-4.90,-5.93,-6.51,-5.81,-5.18,-11.43,-10.13,-3.89,-6.40,-5.56,-6.40,-4.57,-6.79,-7.30,-7.23,-6.39,-6.97,-6.60,-7.55,-7.20,-6.02,-6.81,-5.85,-9.41,-7.96,-6.90,-9.33,-7.37,-6.73,-7.66,-5.94,-6.53,-9.67,-9.16,-4.18,-5.43,-4.04,-5.27,-6.32,-5.30,-6.47,-7.26,-6.59,-7.13,-3.47,-5.12,-7.02,-10.47,-8.70,-7.38,-7.58,-7.36,-6.50,-7.21,-4.76,-6.79,-3.41,-4.55,-2.80,-4.60,-4.42,-5.92,-7.50,,-11.70,-6,-7.30,-7.20,-9.40,,,,,,,-4.10,-7,,-7.50,-8,-5,-6.67,,,,,,,,-6.40,-6.50,-6.50,-6.70,-6.40,,,,,-6.10,,-6.30,-5.40,-2.70,-3.50,-3.80,,,-6.40,,,-6,,,-2.80,-5.30,-5.20,,-4.50,-9.20,
2008-12-29 20:20,-10.50,-7.28,-8.55,-10.46,-7.10,-5.81,-7.02,-8.50,-8.27,-10.40,-8.58,-7.83,-7.73,-10.65,-6.17,-8.03,-10.56,-3.34,-14.60,-11.93,-10.78,-8.49,-12.93,,-7.19,-7.56,-7.63,-7.39,-10.98,-7.90,-6.91,-6.67,-8.48,-12.90,-12.90,-10.22,-11.11,-11.43,-9.02,-11.78,-5,,-12.04,-11.43,-15.60,-9.68,-7.50,-7.02,-10.67,-5.67,-13.74,-12.38,-11.33,-11.63,-14.86,-9.84,-12.58,-6.80,-11.30,-14.79,-9.68,-15.60,-8.87,-11.92,-11.01,-10.09,-4.53,-2.98,-5.70,-5.74,-6.09,-5.67,-5.27,-11.59,-10.21,-4,-6.60,-5.73,-5.90,-4.72,-6.90,-7.50,-7.18,-6.64,-7.35,-6.75,-7.69,-7.20,-6.10,-6.63,-5.70,-9.55,-7.91,-7.10,-9.33,-7.27,-6.73,-7.71,-6.05,-6.46,-9.25,-9.17,-4.33,-5.68,-4.40,-5.64,-6.57,-5.60,-6.54,-7.36,-6.48,-7.01,-3.48,-5.13,-7.13,-10.50,-8.80,-7.60,-7.62,-7.77,-6.30,-7.02,-4.87,-6.74,-3.38,-4.27,-2.90,-4.57,-4.63,-6.01,-7.40,,-11.70,-6,-7.30,-7.20,-9.80,,,,,,,-4.20,-6.90,,-7.90,-8,-5.20,-6.62,,,,,,,,-5.90,-6.50,-6.70,-6.70,-6.30,,,,,-5.80,,-6.40,-5.50,-2.80,-3.60,-3.90,,,-6.30,,,-6,,,-2.80,-5.40,-5.20,-2.10,-4.50,-9.20,
2008-12-29 20:30,-10.70,-7.51,-8.53,-10.43,-7.20,-6.04,-6.62,-8.70,-8.27,-10.48,-8.64,-7.92,-7.58,-10.90,-6.23,-8.05,-10.55,-3.29,-14.40,-11.65,-10.55,-8.86,-12.92,,-7.02,-7.65,-7.67,-7.52,-10.86,-8,-6.73,-7.01,-7.81,-12.09,-12.89,-10.35,-11.23,-11.65,-9.52,-11.92,-5.10,,-11.55,-11.29,-16.20,-9.75,-7.20,-6.98,-10.86,-5.65,-13.52,-12.56,-11.15,-11.63,-15.24,-9.88,-12.62,-6.90,-12.13,-14.96,-10.11,-15.80,-9.42,-11.72,-11.39,-10.04,-4.80,-2.79,-6.20,-5.76,-5.98,-5.78,-5.27,-11.74,-10.30,-4.19,-6.70,-5.57,-5.80,-4.66,-7.19,-7.60,-7.44,-7.09,-7.36,-6.92,-7.56,-7.50,-6.25,-6.82,-5.67,-9.61,-8,-7.20,-9.41,-7.11,-6.71,-7.72,-6,-6.41,-8.25,-9.55,-4.49,-5.78,-4.18,-5.71,-6.65,-5.60,-6.57,-7.50,-6.59,-6.81,-3.55,-5.39,-7.35,-10.48,-8.80,-7.87,-7.78,-7.95,-6.10,-6.88,-4.82,-6.91,-3.39,-4.09,-3,-4.44,-4.70,-6.05,-7.50,,-12,-6,-7.50,-7.20,-10,,,,,,,-4.20,-6.70,,-8.20,-8.10,-5.10,-6.96,,,,,,,,-6.90,-6.80,-6.80,-6.50,-6.40,,,,,-5.50,,-6.40,-5.60,-2.90,-3.60,-4,,,-6.60,,,-6.10,,,-2.90,-5.70,-5.30,-2,-4.70,-9.10,
2008-12-29 20:40,-10.70,-7.51,-8.66,-10.36,-7.50,-6.18,-6.61,-8.80,-8.08,-10.58,-8.46,-7.89,-7.21,-10.77,-6.33,-8.25,-10.40,-3.29,-14.30,-11.91,-10.70,-8.90,-13.06,,-6.84,-7.40,-7.61,-7.52,-10.81,-8,-6.51,-7.64,-7.59,-12.18,-12.66,-10.89,-11.40,-11.78,-9.78,-11.99,-5.10,,-11.71,-11.49,-16.30,-9.96,-7.10,-6.94,-10.88,-5.73,-13.78,-12.73,-10.94,-11.75,-15.28,-9.70,-12.88,-7,-12.47,-15.09,-10.53,-15.60,-10.24,-11.66,-11.58,-10.14,-3.74,-2.43,-6.20,-5.39,-4.55,-5.75,-5.21,-11.84,-10.44,-4.62,-6.90,-5.47,-5.80,-4.80,-7.31,-7.90,-7.49,-7.12,-7.66,-7,-7.36,-7.50,-6.46,-6.83,-5.77,-9.67,-8.13,-7.30,-9.55,-7.12,-6.66,-7.83,-5.88,-6.34,-8.07,-9.72,-4.43,-5.77,-4.39,-5.95,-6.61,-5.80,-6.68,-7.45,-6.75,-6.70,-3.53,-5.46,-7.68,-10.53,-8.80,-7.98,-7.85,-8.15,-6.20,-6.74,-4.84,-7,-3.46,-4.05,-2.90,-4.46,-4.72,-6.01,-7.60,,-11.90,-6,-7.60,-7.10,-10.30,,,,,,,-4.20,-6.70,,-8.30,-8.10,-5,-7.23,,,,,,,,-7,-6.90,-6.90,-6.90,-6.40,,,,,-5.80,,-6.50,-5.60,-2.90,-3.60,-4.10,,,-6.70,,,-6,,,-3,-5.90,-5.40,-2.20,-4.60,-9,
2008-12-29 20:50,-10.80,-7.49,-8.66,-10.52,-7.90,-6.28,-6.86,-8.70,-7.95,-10.78,-8.28,-7.94,-7.09,-9.89,-6.36,-8.37,-10.07,-3.29,-14,-11.85,-10.41,-8.35,-12.70,,-6.93,-7.26,-7.49,-7.61,-10.86,-8,-6.68,-8.01,-7.68,-12.07,-12.19,-11.17,-11.63,-11.78,-9.82,-11.89,-5.20,,-11.32,-11.52,-15.40,-9.85,-7.20,-6.90,-11.19,-5.63,-14.57,-12.64,-10.25,-12.03,-15.60,-9.68,-12.78,-7.10,-12.70,-15.20,-10.75,-15.90,-10.80,-11.68,-11.67,-10.30,-4.24,-2.38,-6,-5.14,-1.97,-5.48,-5.10,-11.92,-10.64,-4.92,-7.20,-5.37,-6.10,-5.17,-7.34,-8,-7.56,-6.99,-7.94,-7.14,-7.27,-7.30,-6.59,-6.88,-5.80,-9.86,-8.37,-7.30,-9.40,-7.27,-6.74,-7.97,-5.96,-6.40,-8.84,-9.65,-4.38,-5.58,-4.78,-6.38,-6.58,-6,-6.55,-7.53,-6.79,-6.64,-3.68,-5.75,-7.58,-10.52,-8.70,-8.06,-7.78,-8.11,-6.20,-6.89,-4.91,-6.88,-3.45,-4.19,-3.10,-4.52,-4.98,-5.94,-7.80,,-11.70,-5.50,-7.60,-7.10,-10.40,,,,,,,-4.10,-6.30,,-8.70,-8.20,-4.90,-7.44,,,,,,,,-6.70,-6.80,-6.90,-7,-6.40,,,,,-5.70,,-6.40,-5.80,-3,-3.50,-4.10,,,-6.70,,,-6,,,-3.20,-6.10,-5.40,-2.10,-4.70,-9.10,
2008-12-29 21:00,-10.90,-7.77,-9.03,-10.57,-8.30,-6.55,-6.85,-9,-7.98,-11.01,-8.18,-8.37,-8.23,-9.83,-6.21,-8.43,-10.11,-3.18,-14,-11.75,-10.40,-7.59,-13.23,,-7.03,-7.28,-7.58,-7.60,-10.87,-8.10,-7.87,-8.26,-8.12,-11.75,-11.65,-11.38,-11.76,-12.29,-10.01,-11.96,-5.60,,-11.14,-11.56,-15.40,-9.98,-7.50,-6.66,-11.43,-5.59,-14.16,-12.72,-11.58,-12.02,-15.84,-9.76,-13.17,-7.30,-12.64,-15.42,-11.53,-15.90,-11.03,-11.76,-11.60,-10.26,-4.82,-2.38,-5.80,-5.32,-2.05,-5.42,-5.12,-11.99,-10.83,-5.16,-7.50,-5.49,-6.50,-5.24,-7.56,-8.10,-7.69,-6.91,-8,-7,-7.09,-7.60,-6.77,-6.73,-5.80,-9.96,-8.19,-7.30,-9.55,-7.33,-6.60,-8,-6.17,-6.51,-9.01,-9.73,-4.33,-5.44,-4.98,-6.56,-6.67,-6.10,-6.75,-7.85,-6.83,-6.43,-3.68,-5.73,-7.77,-10.59,-8.50,-8.11,-7.86,-8.01,-6.10,-6.95,-4.82,-6.95,-3.47,-4.35,-3.20,-4.50,-5.13,-5.90,-7.90,-6.70,-12,-5.30,-7.80,-7.10,-9.90,-7.20,-9.50,-8.80,-7,-7,-7.50,-4.30,-6.30,-6.70,-8.90,-8.30,-5,-7.30,,-4.60,-4.30,-4.20,-6.90,-4.30,-5.40,-6.90,-6.80,-6.90,-6.90,-6.40,-4.80,-3.70,-3.10,-5.10,-6,-4.60,-6.50,-5.90,-3.20,-3.60,-4.10,-4.10,-7.90,-7.30,-5.40,-8.80,-5.90,-2.60,-2.80,-3,-5.90,-5.50,-2.20,-4.80,-8.90,-5.40
2008-12-29 21:10,-10.90,-7.80,-9.18,-10.37,-8.50,-6.57,-7.07,-8.80,-7.95,-11.07,-8.35,-8.44,-8.46,-10.22,-6.23,-8.52,-10.10,-3.33,-13.80,-11.62,-10.59,-7.59,-12.89,,-7.06,-6.94,-7.77,-7.58,-10.95,-7.90,-8.07,-8.43,-7.89,-11.48,-11.32,-11.04,-12,-12.15,-10.31,-12.18,-5.10,,-11.16,-11.56,-15.60,-10.09,-7.20,-6.50,-10.61,-5.70,-14.14,-12.57,-11.80,-12.01,-16.01,-10.15,-13.25,-7.50,-12.62,-15.73,-11.79,-16.10,-11.48,-11.76,-12.06,-10.19,-5,-2.34,-5.10,-5.44,-2.12,-5.38,-5.17,-11.99,-10.90,-5.28,-7.60,-6.01,-6.57,-5.22,-7.74,-7.87,-7.75,-6.92,-7.97,-6.98,-7.27,-7.80,-6.93,-6.78,-5.64,-9.84,-8.17,-7.50,-9.59,-7.60,-6.75,-7.95,-6.70,-6.75,-9.20,-9.88,-4.35,-5.18,-5.14,-6.65,-6.71,-6.20,-6.71,-7.96,-6.82,-6.40,-3.72,-5.80,-8.10,-10.69,-8.70,-8.34,-7.93,-8.13,-6.20,-6.88,-4.96,-6.79,-3.48,-4.51,-3.20,-4.55,-4.95,-6.05,-8.10,,-12.10,-5.70,-7.80,-7.20,-10.40,,,,,,,-4.40,-6.30,,-8.90,-8.30,-5.20,-7.78,,,,,,,,-7.10,-6.90,-7,-6.70,-6.40,,,,,-6,,-6.50,-6.10,-3.20,-3.50,-4.10,,,-7.30,,,-5.90,,,-2.90,-6,-5.60,-2.20,-4.80,-8.90,
2008-12-29 21:20,-11,-7.85,-9.22,-10.20,-8.60,-6.29,-7.20,-9,-8.04,-11.30,-8.68,-8.60,-8.32,-10.17,-6.33,-8.61,-10.15,-3.40,-13.70,-11.34,-10.53,-7.74,-12.56,,-7.15,-6.57,-7.60,-7.49,-11.03,-8,-7.93,-8.57,-7.89,-11.22,-11.42,-11.49,-12.08,-12.14,-10.03,-12.30,-5.20,,-10.96,-11.41,-15.50,-10.10,-7.40,-6.52,-11.31,-5.74,-14.51,-12.44,-11.59,-12.09,-16.15,-10.67,-13,-7.70,-12.63,-15.71,-11.94,-16.10,-11.86,-11.68,-12.41,-10.33,-4.76,-2.39,-5.60,-5.58,-1.59,-4.84,-5.28,-11.91,-11.02,-5.56,-7.70,-6.36,-6.66,-5.26,-7.70,-7.60,-7.94,-7.02,-8.01,-7.10,-7.51,-7.90,-7.19,-6.76,-5.61,-10.05,-8.33,-7.30,-9.56,-7.57,-6.56,-7.99,-6.45,-6.57,-9.09,-9.89,-4.41,-5.09,-4.82,-6.59,-6.57,-6.30,-7.03,-8.01,-6.95,-6.53,-3.82,-5.91,-8.01,-10.69,-8.70,-8.49,-7.86,-8.26,-6.30,-7,-5.02,-6.92,-3.53,-4.47,-3.30,-4.69,-5.01,-6.08,-8.20,,-12,-5.40,-8,-7.30,-10.90,,,,,,,-4.50,-6,,-8.50,-8.60,-5.30,-7.91,,,,,,,,-6.90,-7,-7,-6.60,-6.50,,,,,-6.10,,-6.50,-6.10,-3.20,-3.40,-4.10,,,-7.20,,,-5.80,,,-2.80,-6.20,-5.70,-2.20,-4.80,-9,
2008-12-29 21:30,-11.10,-7.83,-9.15,-10.40,-8.50,-6.20,-7.29,-9.30,-8.40,-11.24,-8.78,-8.43,-8.40,-10.58,-6.39,-8.72,-10,-3.67,-13.60,-12.25,-9.85,-7.63,-13.01,,-7.22,-6.52,-7.24,-7.59,-11.11,-8.10,-7.96,-8.51,-8.16,-11.52,-11.32,-11.35,-12.38,-12.15,-9.91,-12.16,-5.10,,-10.91,-10.85,-15.50,-10.16,-7.40,-6.50,-11.78,-5.72,-14.71,-12.46,-12.15,-11.83,-16.12,-10.75,-13.27,-7.90,-13.37,-15.87,-12.13,-16.20,-12.13,-11.59,-12.69,-10.52,-4.61,-2.56,-6.10,-5.67,-2.15,-4.68,-5.38,-11.99,-11.09,-5.21,-7.90,-6.48,-6.79,-5.32,-7.26,-7.82,-8.26,-7.07,-8.09,-7.24,-7.49,-7.80,-7.18,-6.87,-5.83,-10.15,-8.57,-7.40,-9.77,-7.66,-6.79,-8.09,-6.43,-6.39,-9.09,-9.92,-4.64,-5,-4.76,-6.34,-6.63,-6.30,-7.13,-7.89,-6.98,-6.62,-3.77,-5.97,-7.99,-10.78,-8.80,-8.31,-7.58,-8.24,-6.30,-6.79,-5,-6.97,-3.65,-4.52,-3.30,-4.82,-5.27,-6.06,-8.20,,-12,-5.70,-8.10,-7.30,-10.50,,,,,,,-4.60,-5.90,,-8.60,-8.60,-5.30,-8.02,,,,,,,,-7.80,-7,-7.10,-6.80,-6.50,,,,,-6.20,,-6.60,-6.10,-3.30,-3.40,-4.10,,,-6.80,,,-5.90,,,-2.70,-6.20,-5.70,-2.20,-5,-9.20,
2008-12-29 21:40,-11.10,-7.82,-9.03,-10.37,-8.50,-6.24,-7.17,-9.30,-8.76,-11.36,-8.79,-8.20,-8.43,-10.81,-6.40,-8.77,-10.27,-3.57,-13.50,-12.32,-10.07,-7.71,-12.85,,-7.47,-6.57,-7.29,-7.57,-11.19,-8.30,-7.79,-8.10,-8.15,-11.82,-11.07,-11.59,-12.52,-12.27,-10.26,-12.57,-4.90,,-10.55,-10.70,-16.20,-10.36,-7.30,-6.44,-12.37,-5.74,-14.42,-12.16,-12.10,-11.60,-16.21,-10.69,-13.57,-8.40,-13.72,-15.90,-12.51,-16.30,-12.39,-11.58,-12.79,-10.45,-4.38,-2.50,-5.80,-5.72,-3.94,-4.71,-5.22,-11.89,-11.18,-5.42,-7.80,-6.89,-6.99,-5.31,-7.55,-7.90,-8.28,-7.33,-7.99,-7.52,-7.09,-7.90,-7.08,-7.19,-5.64,-10.33,-8.70,-7.50,-9.90,-7.65,-6.96,-8.30,-6.40,-6.45,-9.45,-10.06,-4.84,-4.90,-4.96,-6.07,-6.81,-6.40,-7.23,-7.89,-7.03,-6.97,-3.68,-6.13,-7.94,-10.95,-8.90,-8.41,-7.73,-8.20,-6.30,-6.82,-4.99,-7.45,-3.55,-4.48,-3.40,-5.08,-5.46,-6.02,-8.30,,-12.30,-5.80,-8.10,-7.40,-10.10,,,,,,,-4.70,-5.90,,-8.90,-8.70,-5.20,-8.17,,,,,,,,-7.70,-7.10,-7.20,-6.60,-6.40,,,,,-6.40,,-6.80,-6.10,-3.40,-3.30,-4.10,,,-6.90,,,-5.80,,,-2.70,-5.60,-5.80,-2.30,-5.20,-9.40,
2008-12-29 21:50,-11.20,-7.85,-9.10,-10.43,-8.40,-6.35,-7.08,-9.40,-8.85,-11.37,-8.83,-8.14,-7.91,-10.81,-6.61,-8.69,-10.42,-3.74,-13.40,-11.76,-10.02,-8.18,-13.17,,-7.38,-6.76,-6.93,-7.55,-11.25,-8.30,-8,-7.93,-8.05,-12.07,-10.85,-11.86,-12.56,-12.40,-10.23,-12.77,-4.60,,-10.39,-10.94,-16.50,-10.55,-7.40,-6.59,-11.73,-5.78,-14.50,-11.85,-12.58,-11.35,-16.14,-10.44,-13.91,-8.40,-13.45,-15.98,-13.08,-16.40,-12.44,-11.64,-12.33,-10.46,-4.04,-2.50,-6,-5.90,-2.30,-4.74,-4.99,-11.91,-11.21,-5.54,-8.10,-7.20,-7.07,-5.42,-7.85,-8,-8.42,-7.23,-8.14,-7.69,-7.35,-8,-7.11,-7.20,-5.59,-10.40,-8.66,-7.50,-9.87,-7.69,-6.91,-8.28,-6.51,-6.54,-9.78,-10.15,-4.61,-5,-5.02,-5.89,-6.93,-6.40,-7.27,-7.91,-7.20,-6.90,-3.61,-6.08,-7.99,-10.98,-8.90,-8.39,-7.75,-8.04,-6.20,-6.69,-4.91,-7.25,-3.73,-4.54,-3.50,-5.30,-5.37,-6.13,-8.30,,-12.10,-5.80,-8,-7.40,-10.20,,,,,,,-5,-6,,-9,-8.70,-5.20,-8.21,,,,,,,,-7.80,-7,-7.20,-6.60,-6.30,,,,,-6.40,,-6.70,-5.90,-3.40,-3.30,-4.10,,,-7,,,-5.80,,,-2.70,-6,-5.90,-2.40,-5.40,-9.60,
2008-12-29 22:00,-11.20,-7.99,-9,-10.59,-8,-6.61,-7.03,-9.60,-8.50,-11.36,-8.89,-8.24,-8.20,-10.92,-6.52,-8.66,-10.65,-3.42,-13.30,-11.89,-9.85,-7.97,-13.40,,-7.16,-7.15,-6.81,-7.24,-11.34,-8.30,-8,-7.94,-8.11,-11.88,-10.88,-11.74,-12.50,-12.61,-10.19,-12.71,-5,,-10.94,-10.85,-15.70,-10.61,-7.50,-6.58,-12.52,-5.90,-14.74,-11.90,-12.24,-10.91,-16.40,-10.29,-14.04,-8.40,-13.75,-16.12,-13.23,-16.70,-12.79,-11.54,-12.03,-10.48,-4.31,-2.39,-6.20,-6.04,-1.65,-4.55,-4.89,-12.01,-11.28,-5.60,-8.10,-7.25,-7.16,-5.49,-8.12,-7.97,-8.63,-7.09,-8.14,-7.48,-6.85,-8.10,-7.11,-7.32,-5.68,-10.53,-8.81,-7.70,-9.81,-7.91,-7.10,-8.28,-6.65,-6.36,-10.11,-10.28,-4.75,-4.98,-5.14,-5.61,-6.89,-6.50,-7.24,-8.06,-7.31,-6.86,-3.55,-6.17,-8.23,-10.85,-9,-8.59,-7.80,-8.25,-6.30,-6.72,-5.10,-7.31,-3.68,-4.64,-3.40,-5.41,-5.37,-6.20,-8.20,-8.20,-12.20,-5.70,-8.10,-7.40,-10.80,-7.50,-10,-6.80,-7.20,-7.70,-7.60,-5,-6.30,-6.40,-9.10,-8.80,-5.40,-8.40,,-5.10,-4.50,-4.50,-7.70,-4.70,-5.60,-7.70,-7.10,-7.20,-6.80,-6.40,-5.20,-3.40,-5.80,-5.40,-6.20,-5.70,-6.70,-6,-3.30,-3.30,-4.30,-6.50,-6.10,-7.10,-5.60,-9.10,-5.90,,-3.10,-2.70,-6.10,-5.90,-2.50,-5.70,-9.80,-4.80
2008-12-29 22:10,-11.10,-8.11,-8.71,-10.59,-7.50,-6.65,-7.46,-9.60,-8.42,-11.47,-8.74,-8.32,-5.88,-11.19,-6.76,-8.89,-10.74,-3.28,-13.20,-12.32,-9.48,-8.04,-13.63,,-7.19,-7.33,-6.78,-7.22,-11.27,-8.50,-7.88,-8.07,-7.80,-11.78,-10.88,-12.13,-12.35,-12.55,-10.33,-12.75,-5.10,,-10.78,-10.73,-16.50,-10.70,-7.60,-6.68,-12.83,-6.04,-14.80,-11.90,-12.02,-10.52,-16.37,-10.42,-13.69,-8.50,-13.83,-16.30,-13.54,-16.80,-12.81,-11.39,-12.70,-10.51,-4.14,-2.40,-5.70,-6.16,-1.39,-4.40,-4.89,-12.06,-11.40,-5.55,-8.20,-7.28,-7.79,-5.60,-8.12,-8.20,,-7.13,-8.38,-7.47,-6.71,-8.10,-7.27,-7.44,-5.77,-10.51,-8.80,-7.80,-9.95,-8.03,-7.11,-8.35,-6.73,-6.27,-10.20,-10.33,-4.72,-5.12,-5.17,-5.51,-7.05,-6.70,-7.45,-8.14,-7.39,-6.80,-3.55,-6.27,-8.14,-10.91,-9,-8.74,-7.65,-8.37,-6.30,-6.86,-5.06,-7.77,-3.73,-4.73,-3.40,-5.61,-5.33,-6.17,-8.30,,-12.30,-5.80,-8.30,-7.90,-10.30,,,,,,,-6,-6.20,,-9.10,-8.80,-5.30,-8.22,,,,,,,,-8.10,-7.20,-7.20,-6.70,-6.40,,,,,-6.20,,-6.50,-5.80,-3.30,-3.30,-4.20,,,-7.10,,,-6,,,-2.60,-6.10,-5.90,-2.50,-5.70,-9.80,
2008-12-29 22:20,-11.20,-8.14,-8.73,-10.49,-7.30,-6.62,-7.51,-9.70,-8.26,-11.43,-8.39,-8.08,-4.94,-10.70,-7.03,-9.05,-10.82,-3.20,-13.30,-12.16,-9.69,-8.10,-13.89,,-7.33,-7.53,-7.01,-7.25,-11.37,-8.50,-7.37,-8.28,-7.58,-12.06,-10.87,-12.47,-12.29,-12.54,-10.13,-12.78,-3.60,,-11.03,-10.74,-16.20,-10.75,-7.40,-6.66,-12.60,-6.16,-14.85,-11.64,-12.23,-9.99,-16.29,-10.30,-13.87,-8.60,-13.63,-16.36,-13.90,-16.90,-12.91,-11.38,-13.30,-10.39,-4.03,-2.43,-5.60,-6.36,-2.31,-4.17,-4.87,-12.03,-11.43,-5.56,-8.30,-7.44,-8.14,-5.66,-8.20,-8,,-7.30,-8.41,-7.53,-7.38,-8.20,-7.20,-6.70,-5.77,-10.55,-8.73,-7.70,-10.05,-8.01,-6.88,-8.66,-6.63,-6.34,-9.85,-10.18,-4.89,-5.27,-5.06,-5.72,-6.86,-6.70,-7.92,-8.30,-7.32,-6.80,-3.57,-6.24,-8.25,-10.96,-9.10,-8.83,-7.64,-8.30,-6.50,-6.65,-5.10,-7.77,-3.90,-4.74,-3.30,-5.79,-5.58,-6.18,-8.40,,-12.20,-5.70,-8.30,-7.60,-10.40,,,,,,,-5.80,-6.10,,-9,-8.60,-5.30,-8.27,,,,,,,,-8,-7.40,-7.20,-6.60,-6.30,,,,,-6.40,,-6.60,-5.90,-3.10,-3.30,-4.30,,,-7.20,,,-6.10,,,-2.60,-6.20,-5.90,-2.60,-5.80,-9.80,
2008-12-29 22:30,-11.20,-8.46,-8.83,-10.57,-7.40,-6.95,-7.52,-9.90,-8.29,-11.33,-8.31,-8.07,-4.53,-10.50,-7.26,-8.88,-10.94,-2.92,-13.20,-11.94,-9.52,-8.39,-13.78,,-7.16,-7.66,-6.66,-7.37,-11.48,-8.40,-7.25,-8.47,-7.41,-12.05,-10.80,-12.18,-12.75,-12.52,-9.90,-12.90,-3.30,,-10.66,-10.91,-15.50,-10.89,-7.40,-6.69,-12.96,-6.64,-15.10,-11.42,-12.11,-9.74,-16.42,-10.49,-13.90,-8.70,-13.20,-16.42,-13.94,-17,-13.08,-11.37,-13.69,-10.28,-4.39,-2.49,-6,-6.40,-3.98,-4.03,-4.92,-11.90,-11.52,-5.80,-8.40,-7.64,-8.25,-5.94,-8.41,-7.70,,-7.25,-8.28,-7.58,-6.97,-8.20,-7.22,-6.71,-5.81,-10.61,-8.52,-7.80,-10.08,-7.97,-6.87,-8.84,-6.77,-6.34,-9.33,-10.30,-4.88,-5.30,-5.33,-5.89,-6.58,-6.70,-7.99,-8.16,-7.51,-6.71,-3.58,-6.47,-8.47,-10.95,-9.10,-8.91,-7.79,-8.41,-6.50,-6.69,-5.19,-7.80,-3.97,-4.69,-3.40,-5.93,-5.85,-6.22,-8.50,,-12.20,-5.60,-8.10,-7.70,-10.40,,,,,,,-6,-6.50,,-9.20,-8.80,-5.40,-8.46,,,,,,,,-8.20,-7.40,-7.10,-6.60,-6.40,,,,,-6.10,,-6.70,-5.70,-3.10,-3.30,,,,-7.20,,,-6.20,,,-2.70,-6.10,-5.90,-2.70,-5.90,-9.80,
2008-12-29 22:40,-11.20,-8.54,-8.77,-10.66,-7.60,-7.01,-7.66,-9.90,-8.29,-11.20,-8.32,-8.11,-4.60,-11.14,-6.97,-8.63,-11.22,-2.36,-13.30,-11.46,-9.24,-8.48,-13.43,,-6.89,-7.77,-6.06,-7.24,-11.56,-8.70,-7.09,-8.70,-7.30,-12.16,-10.82,-11.85,-12.99,-12.32,-10.02,-12.94,-4.30,,-10.85,-10.98,-15.90,-10.71,-7.10,-6.63,-12.76,-7.20,-15.26,-11.59,-12.39,-9.44,-16.49,-11.10,-13.93,-9.30,-13.49,-16.46,-14.05,-16.80,-13.33,-11.41,-13.83,-10.33,-4.05,-2.53,-6.40,-6.24,-4.83,-4.06,-4.69,-11.87,-11.47,-6.04,-8.50,-7.87,-8.26,-6.24,-8.53,-7.40,,-7.41,-8.27,-7.64,-6.89,-8.40,-7.21,-6.71,-5.89,-10.52,-8.76,-7.90,-10.07,-8.07,-6.86,-8.83,-6.90,-6.29,-9.19,-10.50,-4.89,-5.26,-5.51,-6.17,-6.64,-6.70,-7.91,-8.11,-7.71,-6.65,-3.53,-6.74,-8.65,-11,-9.20,-8.81,-8,-8.27,-6.50,-6.78,-5.11,-8,-4.01,-4.61,-3.40,-6.11,-5.81,-6.25,-8.50,,-12.50,-5,-8.40,-7.90,-10.50,,,,,,,-6,-6.60,,-9.30,-9,-5.70,-8.42,,,,,,,,-7.80,-7.40,-7.20,-6.70,-6.40,,,,,-6.10,,-6.80,-5.50,-3.20,-3.20,-4.20,,,-7.10,,,-6.20,,,-2.70,-6.20,-5.80,-2.70,-6.30,-9.70,
2008-12-29 22:50,-11.30,-8.42,-8.91,-10.66,-7.50,-7.12,-7.81,-9.80,-8.10,-10.77,-8.23,-7.88,-4.24,-10.73,-7.06,-8.48,-11.46,-2.32,-13.30,-11.92,-9.14,-8.30,-13.63,,-7.27,-7.86,-6.68,-7.21,-11.63,-8.70,-7.50,-8.80,-6.80,-12.16,-10.94,-11.86,-12.74,-12.24,-10.20,-13.22,-4.80,,-10.87,-11.05,-15.90,-10.75,-7,-6.46,-12.87,-7.69,-15.17,-11.63,-12.57,-9.25,-16.55,-10.95,-14.18,-9.30,-12.81,-16.55,-13.95,-16.80,-13.44,-11.37,-13.64,-10.28,-3.98,-2.57,-6.40,-6.30,-5.44,-4.05,-4.57,-11.97,-11.55,-6.07,-8.60,-7.80,-8.52,-6.05,-8.46,-7.40,,-7.52,-8.53,-7.75,-6.91,-8.60,-7.23,-7.33,-5.81,-10.56,-8.85,-7.90,-10.03,-8.17,-6.84,-8.74,-6.82,-6.44,-9.49,-10.51,-5.11,-5.21,-5.56,-6.17,-6.47,-6.80,-7.85,-8.31,-7.68,-6.21,-3.52,-6.78,-8.52,-11.12,-9.30,-8.79,-8.18,-8.41,-6.50,-7,-4.68,-7.71,-4.20,-4.53,-3.30,-6.20,-5.69,-6.36,-8.60,,-12.70,-5.70,-8.60,-8.40,-10.70,,,,,,,-6.10,-6.40,,-9.20,-9,-5.80,-8.48,,,,,,,,-8.10,-7.40,-7.20,-6.80,-6.70,,,,,-6.40,,-7,-5.40,-3.20,-3.10,-4.40,,,-7.30,,,-6.20,,,-2.70,-6.10,-5.90,-2.80,-6.70,-9.70,
2008-12-29 23:00,-11.30,-8.55,-8.87,-10.52,-7.80,-7.01,-8.07,-9.70,-8.02,-11,-8.25,-7.61,-4.10,-10.49,-7.30,-8.84,-11.67,-2.22,-13.20,-12.40,-8.90,-7.96,-13.74,,-7.29,-7.85,-7.16,-7.51,-11.71,-8.60,-8.17,-8.86,-6.43,-12.28,-10.92,-11.79,-13.02,-12.34,-10.10,-13.38,-5.10,,-10.33,-11.27,-16.20,-10.87,-7.40,-6.28,-13.18,-8,-15.16,-11.70,-12.70,-9.12,-16.76,-10.99,-14.29,-9.30,-13.56,-16.64,-14.40,-16.90,-13.61,-11.49,-13.33,-9.83,-3.73,-2.52,-6.20,-6.24,-5.28,-4.05,-4.70,-11.86,-11.67,-6.29,-8.70,-7.77,-8.60,-5.91,-8.19,-7.40,-8.59,-7.70,-8.73,-7.64,-6.88,-8.80,-7.38,-7.73,-5.74,-10.67,-9.07,-7.90,-10.17,-8.21,-6.72,-8.78,-7.12,-6.40,-9.32,-10.68,-5.42,-5.26,-5.84,-6.35,-6.36,-7,-8.01,-8.41,-7.85,-5.92,-3.43,-6.99,-8.35,-11.06,-9.40,-8.80,-8.19,-8.39,-6.50,-7.05,-4.41,-7.71,-4.37,-4.62,-3.30,-6.36,-5.99,-6.39,-8.60,-8,-12.60,-5.60,-8.80,-8.50,-11.10,-8.20,-10.40,-5.70,-7.70,-7.40,-7.10,-5.90,-6.50,-7.10,-9,-9.10,-5.90,-8.70,,-5.60,-4.80,-4.80,-7.40,-5,-5.90,-8,-7.40,-7.20,-6.90,-6.80,-3.70,-3.20,-5.90,-5.40,-6.60,-6.50,-7,-5.50,-3.10,-3,-4.40,-8,-5.70,-7,-6,,-6.30,,-3.50,-2.60,-6.10,-5.70,-2.80,-7,-9.90,-4
2008-12-29 23:10,-11.40,-8.41,-8.83,-10.58,-7.80,-7.05,-8.29,-10,-7.88,-11.11,-8.22,-7.57,-4.23,-10.93,-7.61,-9.12,-11.85,-2.14,-13.10,-11.93,-8.76,-7.77,-13.61,,-7.14,-7.75,-7.67,-7.68,-11.73,-7.90,-8.25,-8.95,-6.14,-12.48,-11.06,-11.80,-12.75,-12.44,-9.46,-13.15,-4.50,,-10.58,-11.20,-15.80,-10.92,-7.70,-6.12,-13.19,-8.14,-15.31,-11.80,-12.94,-8.95,-16.68,-10.98,-14.29,-9.40,-13.71,-16.80,-14.59,-17,-13.85,-11.49,-13.56,-10.06,-4.26,-2.41,-5.80,-6.41,-5.60,-3.99,-4.79,-11.77,-11.77,-6.38,-8.80,-7.91,-8.50,-5.94,-8.12,-7.30,-8.70,-7.68,-8.79,-7.66,-7.22,-8.70,-7.52,-7.50,-5.86,-10.78,-9.07,-8.20,-10.22,-8.20,-6.54,-8.93,-7.20,-6.41,-8.80,-10.74,-5.71,-5.15,-5.90,-6.56,-6.36,-6.90,-8.26,-8.51,-8,-5.83,-3.47,-6.86,-8.53,-10.94,-9.40,-8.93,-8.37,-8.31,-6.60,-7.13,-4.34,-7.43,-4.41,-4.75,-3.30,-6.57,-5.86,-6.24,-8.60,,-12.40,-5.40,-8.90,-8.20,-10.90,,,,,,,-5.40,-6.20,,-9,-9.20,-6,-8.69,,,,,,,,-7.70,-7.30,-7.50,-7,-6.80,,,,,-6.60,,-7,-5.60,-3.10,-3,,,,-7,,,-6.40,,,-2.80,-6.20,-5.50,-2.80,-7,-9.90,
2008-12-29 23:20,-11.40,-8.39,-8.81,-10.50,-7.90,-7.27,-8.34,-10.20,-7.87,-11.17,-7.95,-7.47,-4.25,-10.92,-7.59,-8.95,-11.87,-1.80,-13.10,-11.86,-8.73,-7.16,-13.63,,-7.21,-7.85,-7.90,-7.49,-11.90,-7.70,-8.31,-9.15,-6.13,-12.84,-11.33,-11.77,-12.65,-12.85,-9.52,-13.41,-4.10,,-10.41,-11.03,-15.60,-10.94,-7.90,-5.98,-13.15,-8.12,-15.41,-11.84,-13.07,-8.93,-16.83,-11.09,-14.26,-9.40,-14.04,-16.85,-14.63,-17.20,-14,-11.49,-14.24,-10.03,-4.22,-2.40,-6,-6.53,-5.60,-4.05,-5.45,-11.89,-11.75,-6.42,-8.90,-7.90,-7.90,-6.07,-8.13,-7.30,-8.83,-7.55,-8.72,-7.81,-7.29,-8.70,-7.76,-7.45,-5.72,-10.92,-9.15,-8.10,-10.50,-8.20,-6.34,-9.11,-7.45,-6.43,-8.70,-10.90,-5.80,-5.25,-5.91,-6.49,-6.43,-6.90,-8.15,-8.60,-7.91,-5.75,-3.49,-6.94,-8.76,-11.06,-9.40,-9.02,-8.49,-8.40,-6.70,-6.94,-4.28,-7.48,-4.49,-4.81,-3.30,-6.60,-5.77,-6.58,-8.70,,-12.50,-5.40,-8.90,-8.40,-11.20,,,,,,,-5.20,-6.30,,-9.20,-9.10,-6,-8.77,,,,,,,,-7.30,-7.40,-7.60,-6.90,-6.50,,,,,-6.60,,-7,-5.40,-3.20,-3,-4.50,,,-6.90,,,-6.50,,,-2.80,-6.10,-5.40,-3,-7.20,-10,
2008-12-29 23:30,-11.60,-8.27,-8.88,-10.42,-8.20,-7.39,-8.51,-10.30,-7.65,-11.22,-7.86,-7.55,-4.19,-10.93,-7.23,-8.59,-12.30,-1.39,-13,-11.65,-8.45,-6.69,-13.70,,-6.95,-7.78,-8.06,-7.47,-11.96,-7.90,-7.96,-9.50,-6.15,-13.05,-11.40,-11.86,-12.29,-12.88,-9.62,-13.39,-4.40,,-9.24,-11.10,-16,-10.90,-7.80,-6.02,-13.29,-8.08,-15.36,-11.96,-13.14,-8.90,-16.91,-11.24,-14.48,-9.30,-13.89,-16.93,-14.69,-17.20,-14.14,-11.56,-14.44,-10.03,-3.18,-2.21,-6.40,-6.31,-5.94,-4.07,-5.86,-12.17,-11.90,-6.60,-8.90,-7.77,-7.90,-6.18,-8.36,-7.30,-8.87,-7.53,-8.82,-7.81,-7.30,-8.80,-7.93,-7.62,-5.77,-10.97,-9.13,-8,-10.38,-8.01,-6.63,-9.11,-7.54,-6.49,-8.65,-10.91,-5.93,-5.23,-6.09,-6.36,-6.41,-7,-8.29,-8.65,-8.14,-5.77,-3.43,-7.06,-8.54,-11.05,-9.50,-9.14,-8.41,-8.51,-7.20,-7.16,-3.97,-7.15,-4.86,-4.78,-3.40,-6.66,-5.84,-6.33,-8.60,,-12.70,-5.30,-8.90,-8.50,-11.20,,,,,,,-5,-6.60,,-9.40,-9.20,-6,-8.78,,,,,,,,-7.60,-7.50,-7.70,-7.10,-6.30,,,,,-6.70,,-6.90,-5.50,-3.40,-3,-4.50,,,-7.10,,,-6.50,,,-2.90,-6,-4.90,-3.20,-7.40,-10.30,
2008-12-29 23:40,-11.60,-8.04,-8.82,-10.58,-8.50,-7.39,-8.71,-10,-7.48,-11.42,-8.06,-7.47,-3.94,-11.30,-7.31,-8.75,-12.05,-1.47,-13,-11.64,-8.21,-6.10,-14,,-6.82,-7.56,-7.83,-7.60,-12.06,-7.70,-7.67,-9.55,-6.22,-13.10,-11.57,-11.96,-12.20,-12.64,-9.48,-13.35,-4.90,,-9.37,-11.24,-16,-10.82,-7.80,-5.96,-13.46,-7.93,-15.29,-12.01,-13,-8.88,-16.85,-11.20,-14.54,-9.40,-13.66,-17.07,-14.87,-17.30,-14.28,-11.46,-14.67,-10.17,-1.99,-2.05,-6.60,-6.15,-6.17,-3.91,-6.20,-12.09,-11.86,-6.78,-9.10,-7.92,-7.90,-6.13,-8.25,-7.20,-9.10,-7.40,-8.83,-7.86,-7.17,-8.80,-8.02,-7.35,-5.80,-11.07,-9.18,-7.90,-10.22,-8.24,-6.83,-9.19,-7.31,-6.49,-8.63,-10.94,-6.10,-5.41,-5.99,-6.42,-6.65,-7,-8.28,-8.77,-8.14,-5.89,-3.31,-7.08,-8.69,-11.11,-9.50,-9.23,-8.53,-8.48,-7.40,-7.17,-3.82,-7.20,-4.88,-4.69,-3.40,-6.51,-6.09,-6.48,-8.50,,-12.60,-5.70,-9,-8.40,-11,,,,,,,-5,-6.90,,-9.50,-8.60,-6.40,-8.81,,,,,,,,-7.50,-7.60,-7.70,-6.90,-6.10,,,,,-6.70,,-7.20,-5.50,-3.50,-3,-4.50,,,-7.20,,,-6.40,,,-2.80,-6.20,-4.30,-3.40,-7.70,-10.20,
2008-12-29 23:50,-11.50,-8.01,-8.89,-10.56,-8.60,-7.30,-8.53,-9.90,-7.36,-11.33,-7.99,-7.50,-3.22,-11.05,-7.51,-8.82,-12.71,-1.21,-13,-11.58,-8.07,-6.85,-14.32,,-6.74,-7.62,-7.39,-7.48,-12.13,-7.60,-7.76,-9.83,-5.90,-13.31,-11.78,-12.02,-12.37,-12.69,-9.48,-13.44,-4.20,,-9.79,-11.14,-16.30,-10.96,-7.60,-6,-13.50,-7.72,-15.52,-12.29,-12.34,-8.81,-17.01,-10.99,-14.42,-9.40,-13.54,-17.14,-15.11,-17.50,-14.45,-11.44,-14.72,-10.21,-1.54,-2.08,-6.80,-6.67,-6.05,-3.95,-6.50,-11.85,-11.90,-6.84,-9.10,-7.96,-8,-6.24,-8.61,-6.89,-8.97,-7.30,-9.06,-7.83,-7.05,-8.90,-8.15,-7.42,-5.86,-11.11,-9.33,-7.90,-10.28,-8.28,-6.77,-9.29,-7.34,-6.53,-8.69,-10.72,-6.26,-5.42,-5.88,-6.55,-6.61,-7,-8.04,-8.92,-7.84,-5.94,-3.26,-7.01,-8.88,-11.13,-9.50,-9.31,-8.43,-8.47,-7.50,-7.19,-3.75,-7.57,-5.16,-4.82,-3.50,-6.37,-5.90,-6.57,-8.60,,-12.60,-5.70,-9.10,-8.40,-10.60,,,,,,,-5.20,-7.20,,-9.40,-8.50,-6.50,-8.99,,,,,,,,-7.20,-7.70,-7.80,-6.80,-6,,,,,-6.80,,-7.20,-5.50,-3.40,-2.90,-4.40,,,-7.40,,,-6.50,,,-2.80,-6.10,-4,-3.50,-7.50,-10.20,
2008-12-30 00:00,-11.60,-7.85,-9.16,-10.63,-8.20,-7.35,-8.41,-10,-7.27,-11.62,-8.06,-7.73,-3.17,-10.93,-7.58,-9.23,-12.97,-1.05,,-11.38,-7.99,-7.37,-14.81,,-7.28,-7.88,-7.56,-7.42,-12.02,-7.60,-7.94,-10.12,-5.83,-13.32,-12.19,-12.19,-12.69,-12.63,-9.56,-13.49,-4.80,,-9.63,-11.32,-16.10,-11.10,-7.60,-5.88,-13.84,-7.61,-15.52,-12.30,-12.67,-8.74,-17.13,-10.98,-14.27,-9.40,-14.21,-17.21,-15.13,-17.60,-14.40,-11.47,-14.81,-10.12,-1.97,-2.05,-6.90,-8.38,-6.14,-3.90,-6.46,-11.85,-11.98,-6.84,-9.20,-8.22,-8,-6.03,-8.73,-6.69,-9.07,-7.26,-9.13,-7.90,-7,-8.90,-8.25,-7.58,-5.53,-11.17,-9.24,-8,-10.34,-8.43,-6.99,-9.21,-7.43,-6.53,-8.61,-10.49,-6.38,-5.34,-5.78,-6.74,-6.45,-7,-8,-9.01,-8,-6.07,-3.21,-6.97,-9,-11.17,-9.60,-9.42,-8.41,-8.99,-7.20,-7.25,-3.63,-7.68,-5.13,-4.81,-3.60,-6.06,-6.04,-6.63,-8.50,-8.10,-12.60,-5.70,-9.10,-8.20,-10.60,,-10.80,-6.10,-8,-8.70,-7.70,-5.20,-7.20,-7.60,-9.20,-8.90,-6.40,-9.10,-9.50,-5.70,-5,-5,-7.50,-5.30,-5.60,-7.50,-7.80,-7.90,-7,-6.40,-3.60,-3.90,-5.90,-6.50,-7,-6.30,-7.30,-5.40,-3.40,-2.90,-4.40,-6.70,-6.50,-7.50,-6.40,-9.90,-6.50,-4,-3.90,-2.90,-5.60,-3.90,-3.80,-7.70,-10,-3.70
2008-12-30 00:10,-11.50,-7.84,-9.25,-10.56,-8.20,-7.43,-8.55,-10.10,-7.12,-11.56,-8.22,-7.81,-3.15,-10.48,-8,-8.50,-12.61,-0.98,-13.10,-11.08,-7.84,-7.12,-15.24,,-7.26,-8.15,-7.64,-7.49,-12.07,-7.40,-8.06,-10.30,-5.25,-13.42,-13.11,-12.35,-12.26,-12.83,-9.47,-13.48,-4.20,,-8.49,-11.32,-15.90,-11.25,-7.20,-5.87,-14.09,-7.37,-15.38,-12.35,-13.18,-8.73,-17.17,-11.57,-14.25,-9.40,-14.25,-17.36,-15.49,-17.70,-14.42,-11.49,-14.60,-10,-2.19,-1.52,-6.80,-8.78,-5.83,-3.86,-6.68,-11.62,-11.89,-6.71,-9.40,-8.17,-8.03,-6.28,-8.73,-7.10,-8.88,-7.17,-8.72,-7.96,-7.07,-8.80,-8.16,-7.64,-5.32,-11.21,-9.17,-8,-10.48,-8.69,-6.68,-9.21,-7.38,-6.59,-8.56,-10.59,-6.42,-5.50,-5.81,-6.48,-6.35,-7.10,-7.98,-8.99,-8.14,-6.20,-3.20,-7.07,-8.94,-11.24,-9.70,-9.43,-8.59,-8.96,-7.30,-7.12,-3.21,-7.60,-5.20,-4.93,-3.80,-6.05,-6.17,-6.61,-8.30,,-12.50,-5.90,-9,-8.10,-10.20,,,,,,,-5.40,-7.10,,-9.20,-9,-6.30,-8.90,,,,,,,,-7.90,-7.90,-8.10,-7.20,-6.40,,,,,-7,,-7.10,-5.80,-3.40,-2.90,-4.40,,,-7.50,,,-6.70,,,-2.90,-4.40,-3.90,-3.80,-7.80,-10,
2008-12-30 00:20,-11.60,-8.23,-9.17,-10.68,-8.30,-7.13,-8.67,-10.30,-7.37,-11.22,-8.20,-8.32,-3.49,-10.80,-8.48,-8.11,-11.52,-0.84,-13,-11.60,-7.64,-6.56,-15.66,,-6.94,-8.40,-7.38,-7.50,-12.19,-7.30,-8.03,-10.50,-4.80,-13.71,-13.42,-12.33,-12.54,-12.86,-9.39,-13.53,-4.30,,-10.64,-11.40,-16.40,-11.20,-7.30,-5.85,-13.51,-7.21,-15.58,-12.23,-13.27,-8.64,-16.90,-11.73,-14.30,-9.30,-14.52,-17.46,-15.55,-18,-14.45,-11.42,-14.29,-10.01,-2.98,-1.57,-6.80,-8.83,-5.59,-3.85,-6.83,-11.64,-11.83,-6.76,-9.40,-8.31,-8.25,-6.11,-8.75,-7.10,-8.92,-7.02,-8.23,-7.88,-7.52,-8.70,-8.16,-7.60,-5.43,-11.22,-9.26,-8.20,-10.53,-8.54,-6.66,-9.28,-7.47,-6.59,-8.58,-10.28,-6.75,-5.60,-5.83,-6.55,-6.32,-7.10,-8.05,-8.86,-8.11,-6.50,-3.13,-6.90,-8.85,-11.24,-9.80,-9.39,-8.68,-8.96,-7.40,-6.93,-3.01,-7.57,-5.51,-5.02,-3.80,-6.30,-6.13,-6.60,-8.30,,-12.50,-6,-9.20,-7.80,-10.20,,,,,,,-5.10,-7.20,,-9.20,-9,-6.40,-8.70,,,,,,,,-7.40,-7.90,-8.20,-7.50,-6.40,,,,,-6.90,,-6.90,-5.80,-3.40,-2.80,-4.40,,,-7.70,,,-6.50,,,-2.80,-4.10,-3.90,-3.80,-7.80,-10,
2008-12-30 00:30,-11.70,-8.39,-9.09,-10.71,-8.40,-7.24,-8.93,-10.30,-7.46,-11.53,-8.07,-8.47,-4.16,-10.77,-8.90,-8.37,-11.21,-0.80,-12.90,-11.50,-7.43,-6.39,-16,,-6.40,-8.18,-7.25,-7.52,-12.27,-7.40,-7.96,-10.75,-4.58,-13.92,-13.47,-12.28,-12.50,-12.73,-9.41,-13.57,-4.40,,-9.10,-11.25,-16,-11.35,-7.40,-5.94,-13.10,-7.26,-15.58,-12.27,-13.46,-8.58,-16.45,-11.39,-14.37,-9.30,-14.45,-17.56,-15.65,-17.90,-14.66,-11.47,-14.58,-10,-2.96,-1.67,-6.90,-8.70,-5.68,-3.96,-6.75,-11.52,-11.83,-6.87,-9.30,-8.27,-8.60,-6.33,-8.72,-7.20,-9.03,-6.92,-8.58,-7.82,-7.81,-8.80,-8.12,-7.58,-5.55,-11.32,-9.32,-8.30,-10.71,-8.55,-6.48,-9.30,-7.70,-6.51,-8.74,-9.94,-6.70,-5.85,-5.91,-6.42,-6.27,-7.10,-7.98,-9,-8.02,-6.76,-3.05,-7.18,-8.92,-11.22,-9.80,-9.47,-8.74,-9.14,-7.10,-6.65,-3.14,-7.64,-5.58,-5.08,-3.80,-6.57,-6.17,-6.59,-8.20,,-12.50,-4.90,-9.20,-7.60,-10.40,,,,,,,-4.80,-7.30,,-9.20,-9.30,-6.10,-8.70,,,,,,,,-7.30,-7.90,-8.30,-7.40,-6.50,,,,,-6.90,,-6.90,-5.80,-3.30,-2.80,-4.30,,,-7.80,,,-6.60,,,-2.80,-4,-3.90,-3.80,-7.80,-9.80,
2008-12-30 00:40,-11.80,-8.70,-8.98,-10.82,-8.50,-7.10,-8.83,-10.40,-7.41,-11.86,-8.06,-8.56,-3.63,-10.78,-9.31,-8.18,-11.09,-1.43,-13,-11.56,-7.35,-5.75,-16.22,,-6.54,-8.13,-6.65,-7.61,-12.37,-7.40,-7.93,-10.94,-4.71,-14.27,-13.51,-12.60,-12.51,-12.55,-9.37,-13.86,-4.50,,-8.50,-11.40,-16,-11.32,-7.40,-5.98,-13.87,-7.22,-15.93,-12.17,-13.24,-8.40,-15.80,-11.60,-14.26,-9.20,-14.38,-17.69,-15.69,-17.90,-14.66,-11.49,-15.15,-10.28,-2.66,-1.64,-6.80,-8.85,-5.81,-3.83,-6.81,-11.15,-11.95,-6.93,-9.40,-8.36,-8.81,-6.22,-8.67,-7.10,-8.95,-6.84,-8.88,-7.91,-7.78,-8.50,-8.11,-7.64,-5.50,-11.58,-9.28,-8.50,-10.59,-8.56,-6.66,-9.39,-7.72,-6.59,-8.99,-9.96,-6.65,-5.75,-5.87,-6.36,-6.30,-7.20,-8.14,-9.03,-8.12,-6.81,-3.01,-7.08,-9.25,-11.11,-9.70,-9.53,-8.37,-9.05,-7.20,-6.38,-3.22,-7.52,-5.57,-5.19,-3.60,-6.71,-6.20,-6.54,-8.10,,-12.40,-4.60,-9.20,-7.70,-10.20,,,,,,,-4.70,-7.20,,-9.30,-9.30,-6,-8.74,,,,,,,,-7.20,-8,-8.30,-7.30,-6.70,,,,,-7,,-6.90,-5.80,-3.30,-2.80,-4.30,,,-7.60,,,-6.60,,,-2.90,-4,-3.90,-3.80,-7.90,-10,
2008-12-30 00:50,-11.80,-8.46,-8.97,-10.89,-8.60,-7.06,-9.01,-10.40,-7.20,-12.10,-7.90,-8.75,-3.03,-10.52,-9.75,-8.18,-11.04,-1.39,-13.10,-11.70,-7.24,-5.95,-16.53,,-6.67,-8.43,-6.16,-7.68,-12.44,-7.80,-8.03,-11.09,-4.74,-14.34,-13.77,-12.75,-12.63,-12.52,-9.19,-13.60,-4.10,,-8.27,-11.58,-16.10,-11.51,-7.40,-6.03,-13.47,-7.27,-15.77,-11.80,-13.24,-8.32,-15,-12.30,-14.42,-9.20,-14.07,-17.71,-15.67,-18,-14.92,-11.52,-15.21,-10.26,-2.35,-1.36,-6.50,-7.83,-5.75,-4,-6.71,-10.77,-12.09,-6.45,-9.40,-8.34,-8.74,-6.19,-8.64,-7,-9.05,-6.65,-9.05,-7.99,-7.97,-8.30,-8.31,-7.67,-5.61,-11.50,-9.23,-8.40,-10.78,-8.85,-6.71,-9.45,-7.71,-6.64,-9.02,-10.05,-6.90,-5.84,-5.70,-6.40,-6.33,-7.30,-8,-9.05,-8.14,-6.56,-3.07,-7.13,-9.42,-11.01,-9.70,-9.42,-8.62,-9.03,-7.50,-6.68,-3.23,-7.75,-5.59,-5.18,-3.60,-6.85,-6.08,-6.60,-8.10,,-12.50,-5,-9.40,-7.80,-10,,,,,,,-4.80,-7.20,,-9.40,-9.40,-6,-8.79,,,,,,,,-7.20,-8.20,-8.30,-7.40,-6.60,,,,,-7.20,,-6.90,-5.70,-3.20,-2.80,-4.30,,,-7.90,,,-6.60,,,-3,-4,-3.80,-3.70,-8,-10,
2008-12-30 01:00,-11.80,-8.12,-8.66,-10.88,-8.60,-7.11,-8.95,-10.50,-7.17,-12.30,-7.85,-8.63,-2.83,-10.74,-9.87,-8.05,-11.05,-1.83,-13.10,-10.88,-7.18,-5.59,-16.76,,-7.06,-8.62,-6.16,-7.90,-12.41,-8.20,-8.07,-11.01,-4.63,-14.68,-13.47,-12.78,-12.71,-12.58,-8.75,-14.13,-3.60,,-8.23,-11.49,-16.70,-11.66,-7.30,-6.13,-13.74,-7.47,-15.80,-11.56,-13.23,-8.23,-14.52,-12.25,-14.36,-9.30,-14.27,-17.73,-15.81,-18.10,-14.86,-11.43,-14.98,-10.05,-1.49,-1.39,-6.40,-6.95,-5.03,-3.98,-6.72,-10.50,-12.12,-6.58,-9.50,-8.40,-8.60,-6.31,-8.57,-7.10,-9.08,-6.66,-9.08,-7.99,-7.92,-8.10,-8.41,-7.82,-5.57,-11.57,-9.39,-8.50,-10.78,-9.16,-6.79,-9.43,-7.64,-6.86,-8.90,-10.14,-6.89,-5.87,-5.75,-6.56,-6.47,-7.40,-8.22,-9.15,-8.41,-6.33,-2.96,-7.25,-9.25,-11.01,-9.90,-9.54,-8.74,-9.08,-7.70,-6.86,-3.25,-7.69,-5.60,-5.32,-3.60,-7,-6.41,-6.61,-8.10,-7.70,-12.40,-4.60,-9.60,-7.80,-10.10,-8.70,-10.80,-5.10,-8.30,-8.90,-7.50,-4.90,-7.50,-8.20,-9.40,-9.40,-5.90,-8.90,-9.50,-5.70,-4.80,-5,-7,-5.40,-5.80,-7,-8.20,-8.30,-7.30,-6.20,-4.90,-4.10,-6.70,-6.50,-7.10,-7.10,-7,-5.80,-3.10,-2.70,-4.30,-7,-7.60,-8.10,-6.90,-10.40,-6.70,-4.20,-4.30,-3.20,-4,-3.80,-3.30,-8.50,-10.10,-4.50
2008-12-30 01:10,-11.80,-8.28,-8.51,-10.89,-8.61,-7.28,-8.70,-10.50,-6.86,-12.37,-8.02,-8.61,-3.14,-10.76,-10.03,-8.35,-10.91,-2.04,-13,-11.01,-7.08,-5.27,-16.69,,-7.30,-8.82,-6.36,-7.98,-12.44,-8.40,-8.19,-11.05,-4.64,-14.71,-13.53,-12.77,-12.77,-12.53,-8.76,-14.13,-4.10,,-9.11,-11.39,-16.20,-11.68,-7.30,-6.30,-14.04,-7.47,-15.68,-11.12,-13.48,-8.19,-14.11,-12.03,-14.43,-9.50,-14.75,-17.59,-15.85,-18.20,-14.91,-11.47,-14.49,-9.97,-1.33,-1.18,-6.20,-6.53,-5.36,-3.94,-7.01,-10.56,-12.07,-6.45,-9.40,-8.41,-8.23,-6.50,-8.44,-7.40,-9.16,-6.85,-9.11,-8.23,-7.89,-8.20,-8.45,-7.93,-5.46,-11.65,-9.49,-8.60,-10.76,-8.93,-7.08,-9.32,-7.65,-6.91,-9.24,-10.31,-7.06,-5.90,-5.83,-6.81,-6.76,-7.50,-8.22,-9.14,-8.39,-6.31,-2.95,-7.42,-9.09,-11.02,-9.90,-9.54,-8.71,-9.16,-8,-6.93,-3.48,-7.58,-5.74,-5.36,-3.70,-7.05,-6.56,-6.75,-8.10,,-12.30,-4.90,-9.90,-7.70,-10,,,,,,,-5,-7.40,,-9.40,-9.40,-5.90,-8.89,,,,,,,,-6.70,-8.20,-8.30,-7.40,-6.30,,,,,-7.10,,-7.20,-5.90,-3.10,-2.70,-4.30,,,-8.10,,,-6.60,,,-3.30,-4,-3.90,-3.30,-8.50,-10.10,
2008-12-30 01:20,-11.80,-8.58,-8.52,-10.99,-8.72,-7.26,-8.60,-10.50,-6.11,-12.45,-8.17,-8.73,-4.21,-10.61,-10.07,-9.86,-10.88,-1.90,-12.90,-11.07,-7.05,-5.08,-16.90,,-7.03,-8.70,-6.31,-7.75,-12.54,-8.30,-8.27,-11.10,-4.78,-14.84,-14.03,-12.77,-12.84,-12.47,-8.93,-14.13,-4.40,,-8.82,-11.53,-15.80,-11.76,-7.20,-6.41,-13.68,-7.44,-15.89,-10.45,-13.67,-8.22,-13.86,-12.12,-14.51,-9.70,-14.55,-17.64,-15.88,-18.10,-14.73,-11.53,-14.85,-9.98,-1.05,-1.28,-5.70,-6.33,-5.70,-4.11,-6.98,-10.95,-11.92,-6.47,-9.40,-8.26,-8,-6.52,-8.43,-7.60,-9.33,-6.91,-9.16,-8.27,-7.55,-8.10,-8.35,-8.10,-5.39,-11.68,-9.59,-8.80,-10.83,-8.97,-6.99,-9.48,-7.64,-6.87,-9.60,-10.46,-7.24,-6.17,-5.77,-7.15,-6.99,-7.60,-7.89,-8.93,-8.45,-6.48,-2.98,-7.35,-9.31,-11.12,-9.80,-9.67,-8.77,-9.12,-8.10,-7.10,-3.50,-7.55,-5.66,-5.31,-3.60,-6.93,-6.49,-6.78,-8.20,,-12.60,-5.40,-9.90,-7.70,-10.10,,,,,,,-5,-7.40,,-9.60,-9.50,-6,-8.94,,,,,,,,-6.90,-8.30,-8.30,-7.30,-6.10,,,,,-7.20,,-7.30,-6,-3.10,-2.70,-4.30,,,-8.20,,,-6.70,,,-3.40,-4,-4.20,-3.30,-8.60,-9.90,
2008-12-30 01:30,-11.80,-8.76,-8.51,-11.09,-8.92,-7.06,-8.54,-10.40,-5.41,-12.48,-8.06,-9.40,-4.15,-10.67,-9.43,-10.39,-10.73,-1.79,-12.90,-10.32,-7,-4.87,-16.78,,-7.19,-8.74,-6.22,-7.64,-12.58,-8.40,-8.03,-10.81,-4.78,-15.05,-14.20,-12.97,-12.63,-12.52,-8.96,-14.04,-3.90,,-8.53,-11.53,-16,-11.85,-7.40,-6.55,-14.13,-7.35,-15.94,-9.87,-13.89,-8.23,-13.55,-12.12,-14.52,-10.20,-14.23,-17.60,-16.03,-18,-14.66,-11.49,-15.20,-10,-1.27,-1.58,-5.90,-6.92,-5.87,-4.26,-6.85,-10.76,-11.94,-6.57,-9.60,-8.20,-7.86,-6.59,-8.38,-7.80,-9.33,-7.06,-9.17,-8.39,-7.52,-8.10,-8.19,-8.16,-5.50,-11.68,-9.63,-9,-10.88,-8.94,-7.05,-9.60,-7.47,-6.92,-9.51,-10.48,-7.43,-6.10,-5.87,-7.37,-7.19,-7.60,-7.99,-9.14,-8.45,-6.53,-2.92,-7.40,-9.47,-11.05,-9.80,-9.70,-9.02,-9.25,-8.20,-7.33,-3.35,-7.38,-5.70,-5.35,-3.70,-7.04,-6.62,-6.74,-8.20,,-12.70,-5.90,-9.70,-7.70,-10.20,,,,,,,-5.20,-7.40,,-9.40,-9.60,-5.60,-9.02,,,,,,,,-6.90,-8.30,-8.50,-7.10,-6.20,,,,,-7.30,,-7.50,-6,-3.10,-2.60,-4.30,,,-8.30,,,-6.90,,,-3.50,-4,-4.40,-3.20,-8.70,-9.70,
2008-12-30 01:40,-11.90,-8.47,-8.45,-11.12,-9.14,-7.36,-8.63,-10.50,-4.83,-12.48,-8.26,-9.42,-4.21,-10.87,-8.35,-10.02,-10.97,-2.10,-12.80,-11.25,-6.98,-4.70,-16.65,,-7.27,-8.75,-6.33,-7.70,-12.54,-8.60,-7.97,-10.72,-4.63,-15,-14.11,-13.16,-12.31,-12.55,-9,-14.06,-4,,-8.54,-11.56,-15.80,-11.82,-7.40,-6.76,-14.18,-7.23,-16.01,-9.62,-13.77,-8.21,-13.17,-12.22,-14.50,-10.30,-13.75,-17.63,-16.09,-17.90,-14.70,-11.44,-15.13,-9.96,-1.27,-1.97,-6,-6.52,-5.92,-4.12,-6.74,-10.95,-11.95,-6.54,-9.60,-8.11,-7.81,-6.67,-7.80,-7.50,-9.41,-7.12,-9.36,-8.34,-7.53,-8.10,-8.03,-8.28,-5.81,-11.64,-9.63,-9.10,-10.89,-8.89,-7.02,-9.57,-7.63,-6.95,-9.03,-10.53,-7.65,-6.15,-5.85,-7.44,-7.24,-7.60,-8.20,-9.22,-8.25,-6.27,-2.84,-7.35,-9.27,-10.90,-9.80,-9.54,-9.10,-9.10,-8.10,-7.32,-3.41,-7.07,-5.62,-5.54,-3.90,-7.04,-6.33,-6.57,-8.20,,-12.60,-5.80,-9.60,-7.90,-10.10,,,,,,,-5.20,-7.30,,-10.20,-9.60,-5.70,-8.96,,,,,,,,-7.30,-8.30,-8.40,-7.20,-6.10,,,,,-7.20,,-7.30,-5.90,-3,-2.50,-4.20,,,-8.40,,,-7.30,,,-3.80,-4,-4.50,-3,-8.40,-9.90,
2008-12-30 01:50,-11.90,-8.28,-8.44,-11.05,-8.86,-7.48,-8.37,-10.40,-4.28,-12.54,-8.25,-9.15,-3.17,-10.67,-8.26,-9.51,-10.95,-1.93,-12.80,-11.15,-7.02,-5.63,-16.80,,-7.25,-8.76,-6.43,-7.33,-12.69,-8.50,-7.82,-10.11,-4.38,-15.27,-14.45,-13.25,-12.61,-12.57,-9.05,-13.99,-3.70,,-8.42,-11.58,-15.90,-11.62,-6.90,-6.98,-13.96,-6.95,-16.19,-9.51,-13.50,-8.13,-13,-11.95,-14.73,-10.40,-13.52,-17.57,-16.01,-17.60,-14.63,-11.41,-14.77,-9.71,-1.49,-2.01,-6.20,-6.12,-6.12,-4.13,-6.97,-11.06,-11.94,-6.50,-9.60,-8.10,-7.81,-6.97,-7.70,-6.70,-9.35,-6.95,-9.44,-8.20,-7.80,-8.10,-8.12,-8.29,-5.75,-11.70,-9.62,-9.20,-10.90,-8.88,-6.92,-9.50,-7.80,-7.04,-8.59,-10.41,-7.83,-6.15,-5.63,-7.37,-7.37,-7.70,-8.34,-9.29,-8.18,-6.02,-2.84,-7.44,-9.27,-10.87,-9.90,-9.62,-9.12,-9.42,-7.60,-7.30,-3.55,-7.11,-5.86,-5.57,-3.90,-7.08,-6.13,-6.56,-8.20,,-12.50,-5.20,-9.90,-7.90,-10.20,,,,,,,-5.30,-8,,-10,-9.70,-5.70,-8.91,,,,,,,,-7.30,-8.30,-8.40,-7.40,-6.10,,,,,-7.30,,-7.30,-5.90,-3,-2.60,-4.30,,,-8.30,,,-7.50,,,-3.80,-3.90,-4.60,-2.70,-8,-9.70,
2008-12-30 02:00,-11.60,-8.41,-8.53,-11.04,-8.89,-7.71,-8.30,-10.30,-4.02,-12.58,-8.06,-9.46,-2.57,-10.07,-8.50,-9.63,-11.07,-1.72,-12.90,-11.15,-7.01,-5.51,-16.67,,-7.50,-8.73,-7.14,-7.33,-12.71,-8.60,-7.99,-10.24,-4.54,-15.32,-14.44,-13.25,-12.54,-12.65,-8.87,-14.01,-3.40,,-8.80,-11.94,-16.30,-11.66,-6.80,-7.26,-13.13,-7.03,-16.09,-9.48,-13.18,-8.10,-12.74,-11.80,-14.88,-10.70,-13.50,-17.55,-16.20,-17.60,-14.70,-11.29,-14.65,-9.57,-1.26,-1.80,-6.40,-6.02,-6.30,-4.04,-7.15,-11.18,-11.73,-6.38,-9.30,-7.99,-7.85,-6.81,-8.09,-5.90,-9.52,-6.84,-9.35,-8.30,-7.66,-8.30,-8.18,-8.38,-5.53,-11.76,-9.58,-9.30,-10.75,-8.70,-6.72,-9.52,-7.80,-7.23,-8.38,-10.46,-7.89,-6.20,-5.56,-7.25,-7.39,-7.70,-8.36,-9.36,-8.30,-6.13,-2.84,-7.57,-9.25,-11.08,-9.90,-9.75,-9.30,-9.33,-7.70,-7.23,-3.64,-7.31,-5.98,-5.59,-4,-7.15,-6.26,-6.76,-8.30,-7.50,-12.40,-5.10,-9.90,-8,-10.60,-8.70,-11,-5.80,-8,-7.90,-6.60,-5.40,-8.70,-8.80,-10.10,-9.80,-5.80,-8.80,,-5.80,-5,-5.10,-6.20,-5.90,-6.30,-6.70,-8.30,-8.50,-7.50,-6.30,-6.60,-4.60,-6.50,-6.40,-7.10,-7.70,-7.40,-5.80,-2.90,-2.60,-4.20,-6.50,-8.20,-8.20,-6.80,,-7.60,-4.30,-4.70,-3.90,-3.90,-4.70,-2.70,-8.40,-9.80,-5.40
2008-12-30 02:10,-11,-8.52,-8.35,-11.08,-8.78,-7.64,-8.33,-10.30,-4.28,-12.55,-8.08,-9.54,-2.87,-10.27,-8.33,-9.67,-11.08,-1.09,-12.90,-11.31,-6.78,-5.50,-16.70,,-7.34,-8.74,-7.34,-7.36,-12.72,-8.70,-8.49,-10.35,-4.33,-15.56,-14.59,-13.62,-12.47,-12.66,-8.89,-14,-3.30,,-8.50,-11.93,-16.20,-12,-6.80,-7.69,-13.46,-7.15,-16.26,-9.82,-13.45,-8.11,-12.57,-12.12,-14.81,-10.90,-12.70,-17.46,-16.27,-17.60,-14.61,-11.18,-14.93,-9.69,-0.73,-1.75,-6.40,-6.02,-6.01,-4.09,-7.15,-11.06,-11.73,-6.51,-9.30,-7.83,-7.71,-6.88,-8.31,-5.80,-9.55,-6.94,-9.18,-8.24,-7.51,-8.40,-8.06,-8.24,-5.55,-11.80,-9.83,-9.20,-10.89,-8.64,-6.69,-9.48,-7.91,-7.25,-8.53,-10.41,-7.95,-6.38,-5.56,-7.17,-7.46,-7.80,-8.36,-9.44,-8.51,-6.35,-2.77,-7.45,-9.15,-11.04,-10,-9.91,-9.40,-9.58,-7.70,-7.07,-3.42,-7.50,-6.13,-5.57,-4.30,-7.26,-6.34,-7.01,-8.20,,-12.40,-4.40,-9.90,-8,-10.90,,,,,,,-5.50,-7.90,,-10.20,-9.80,-5.90,-9.04,,,,,,,,-6.60,-8.20,-8.70,-7.70,-6.20,,,,,-7.10,,-7.30,-5.90,-2.90,-2.60,-4.20,,,-8.20,,,-7.90,,,-4,-3.90,-4.90,-2.70,-8.50,-9.80,
2008-12-30 02:20,-10.90,-8.63,-8.11,-11.06,-8.90,-7.38,-8.38,-10.30,-4.98,-12.70,-7.92,-9.32,-2.88,-10.29,-8.30,-9.42,-11.02,-0.96,-12.90,-11.13,-6.67,-5.08,-16.59,,-7.05,-8.81,-7.44,-7.20,-12.84,-8.80,-9.01,-10.26,-4.05,-15.78,-14.81,-13.58,-12.41,-12.65,-8.95,-14.12,-3.60,,-9.03,-12.06,-16.20,-12.04,-6.80,-8.03,-13.56,-7.24,-16.09,-10.07,-13.61,-8.03,-12.45,-12.35,-14.81,-11.20,-12.33,-17.20,-16.51,-17.60,-14.79,-11.21,-15.24,-9.62,-0.72,-1.56,-6.60,-5.85,-6.01,-4.36,-7.27,-10.96,-11.52,-6.53,-9.50,-7.84,-7.77,-7.01,-8.28,-6,-9.56,-7.12,-9.17,-8.30,-7.28,-8.60,-7.98,-8.15,-5.74,-11.78,-9.89,-9.20,-10.79,-8.44,-6.69,-9.50,-7.90,-7.28,-8.88,-10.31,-8.17,-6.45,-5.60,-7.42,-7.55,-7.80,-8.43,-9.45,-8.67,-6.70,-2.75,-7.41,-9.21,-10.91,-9.80,-10.06,-9.57,-9.66,-7.60,-7.36,-3.11,-7.42,-6.13,-5.60,-4.40,-7.36,-6.18,-7.23,-8.20,,-12.40,-4.80,-9.80,-7.80,-10.90,,,,,,,-5.60,-7.60,,-9.90,-9.70,-6.20,-9.23,,,,,,,,-6.50,-8.20,-8.80,-7.60,-6.20,,,,,-7.20,,-7.20,-6,-2.90,-2.60,-4.20,,,-8.20,,,-8.10,,,-4.20,-4.40,-4.90,-2.70,-8.80,-9.50,
2008-12-30 02:30,-11.10,-8.87,-8.24,-10.97,-8.99,-7.62,-8.63,-10.40,-4.74,-12.74,-8.09,-9.26,-2.75,-10.35,-8.16,-9.22,-11,-0.71,-12.90,-10.49,-6.42,-5.16,-16.76,,-7.22,-8.88,-7.96,-7.16,-12.95,-8.70,-9.22,-10.54,-3.99,-15.64,-15.05,-13.82,-12.51,-12.79,-8.95,-14.22,-3.60,,-8.82,-11.86,-16.40,-11.83,-7.10,-8.08,-13.63,-7.40,-16.16,-10.28,-13.40,-8.05,-12.46,-12.03,-15.03,-11.40,-12.16,-17.12,-16.36,-17.60,-14.98,-11.17,-15.35,-9.41,-0.53,-1.43,-6.90,-5.76,-5.92,-4.45,-7.48,-10.91,-11.32,-6.50,-9.60,-7.96,-7.86,-6.68,-7.42,-6.50,-9.54,-7.12,-9.14,-8.45,-7.33,-8.70,-8,-8.29,-5.68,-11.73,-9.93,-9.10,-11,-8.64,-6.96,-9.22,-7.65,-7.18,-9.30,-10.47,-8.32,-6.39,-5.74,-7.83,-7.45,-7.70,-8.61,-9.57,-8.56,-6.84,-2.85,-7.30,-9.30,-10.86,-9.50,-10.07,-9.58,-9.58,-7.90,-7.44,-3.27,-7.22,-6.08,-5.80,-4.40,-7.37,-6.33,-7.52,-8.20,,-12.50,-5.20,-10,-7.60,-10.90,,,,,,,-5.60,-7.50,,-9.70,-9.20,-6.20,-9.33,,,,,,,,-6.40,-7.80,-8.80,-7.60,-6.40,,,,,-7.30,,-7.30,-6.10,-2.80,-2.80,,,,-8.30,,,-8.20,,,-4.20,-4.50,-5.10,-2.70,-9,-9.30,
2008-12-30 02:40,-11.50,-8.80,-8.23,-11.04,-9.16,-7.67,-8.60,-10.50,-4.66,-12.78,-7.96,-9.23,-2.45,-10.15,-8.35,-9.06,-10.95,-0.50,-13,-10.95,-6.55,-5.41,-16.63,,-7.20,-8.86,-8.06,-7.27,-12.88,-8.70,-9.74,-10.51,-4,-15.67,-15.07,-13.75,-12.96,-12.91,-8.60,-14.19,-3.70,,-8.70,-11.80,-15.90,-11.93,-7.30,-8,-13.83,-7.53,-16.32,-10.21,-13.65,-8.07,-12.68,-11.88,-14.37,-11.50,-12.30,-17.15,-16.37,-17.80,-14.88,-10.85,-15.40,-9.29,-0.52,-1.43,-7.10,-5.87,-5.65,-4.76,-7.38,-10.89,-11.43,-6.32,-9.60,-8.01,-7.83,-6.59,-7.04,-6.70,-9.65,-7.02,-9.30,-8.46,-7.54,-8.80,-8.14,-8.32,-5.84,-11.84,-9.91,-9.20,-11.17,-8.70,-7.11,-8.80,-7.61,-7.20,-8.92,-10.69,-8.37,-6.50,-5.88,-7.89,-7.59,-7.80,-8.91,-9.55,-8.68,-7.02,-2.90,-7.60,-9.32,-10.85,-9.30,-10.14,-9.55,-9.44,-8,-7.32,-3.35,-7.31,-6.05,-5.87,-4.10,-7.42,-6.56,-7.55,-8.20,,-12.20,-5.70,-10.10,-7.40,-11.10,,,,,,,-5.70,-7.30,,-9.80,-8.80,-6,-9.37,,,,,,,,-6.50,-7.70,-8.90,-7.60,-6.40,,,,,-7.20,,-7.30,-6.40,-2.80,-2.90,-4.10,,,-8.50,,,-8.30,,,-4.30,-4.50,-5.50,-2.70,-9,-9.20,
2008-12-30 02:50,-11.70,-9.05,-8.44,-11.08,-9.16,-7.87,-8.56,-10.80,-4.57,-12.83,-7.76,-9.49,-2.27,-10.16,-8.62,-8.91,-11.92,-0.40,-13,-10.29,-6.46,-5.84,-16.51,,-7.10,-8.60,-7.11,-7.38,-12.87,-8.70,-9.76,-10.90,-4.26,-15.83,-15.23,-13.99,-13.05,-12.92,-8.62,-14.08,-3.60,,-8.63,-11.74,-16,-11.89,-7.30,-7.94,-14.12,-7.74,-16.48,-10.18,-13.66,-8.08,-12.94,-11.71,-14.74,-11.50,-12.24,-17.04,-16.43,-18,-15.09,-10.81,-15.50,-9.09,-0.43,-1.49,-6.60,-5.73,-6.03,-4.94,-7.53,-10.99,-11.26,-6.28,-9.60,-7.99,-7.80,-6.74,-6.70,-6.70,-9.55,-7.09,-9.25,-8.42,-8.06,-8.90,-8.26,-8.10,-5.71,-11.88,-9.77,-9.30,-11.11,-8.92,-7.08,-8.78,-7.89,-7.24,-8.44,-11.04,-8.49,-6.55,-5.82,-7.55,-7.48,-7.90,-9.16,-9.70,-8.64,-7.23,-2.80,-7.32,-9.40,-10.79,-9.20,-10.27,-9.42,-9.38,-8.10,-7.69,-3.54,-7.85,-6.03,-6.01,-4.20,-7.43,-6.42,-7.57,-8.20,,-12,-5.80,-10.30,-7.20,-10.80,,,,,,,-5.90,-7.40,,-9.60,-9.20,-6.20,-9.59,,,,,,,,-6.50,-7.70,-8.90,-7.40,-6.40,,,,,-7.10,,-7.30,-6.30,-2.80,-2.90,-4.10,,,-8.50,,,-8.40,,,-4.40,-4.50,-5.60,-2.70,-8.90,-9.30,
2008-12-30 03:00,-11.70,-9.36,-8.60,-11.01,-9.31,-7.90,-8.61,-10.80,-4.35,-12.72,-7.41,-9.64,-2,-10.14,-9.10,-8.72,-12.59,-0.25,-12.90,-10.91,-6.25,-5.67,-16.44,,-7.36,-8.45,-6.62,-7.27,-13,-8.60,-9.77,-11.24,-4.12,-16,-15.52,-14.45,-13.05,-12.97,-8.71,-14.42,-3.60,,-8.56,-11.30,-16,-12.19,-7.20,-7.87,-14.22,-8.08,-16.59,-10.08,-13.40,-8.09,-13.28,-11.80,-14.97,-11.50,-12.30,-16.92,-16.48,-18.20,-14.99,-10.56,-15.14,-8.97,-0.49,-1.56,-6.90,-5.94,-5.84,-4.99,-7.63,-11.07,-10.32,-6.94,-9.70,-8.02,-7.60,-6.80,-6.56,-7,-9.46,-7.20,-9.28,-8.44,-8.18,-9,-8.37,-7.91,-5.49,-12.04,-9.47,-9.40,-10.88,-9.25,-6.83,-8.84,-7.91,-7.27,-8.47,-10.95,-8.60,-6.74,-5.74,-7.26,-7.58,-7.90,-9.14,-9.84,-8.70,-6.86,-2.67,-7.35,-9.35,-10.74,-9.20,-10.34,-9.35,-9.48,-8.10,-7.66,-3.38,-8.11,-6.15,-5.98,-4.20,-7.30,-6.13,-7.57,-8.30,-8.60,-12.30,-5.20,-10.40,-7.20,-11.10,,-11,-4.90,-7.70,-8.30,-6.60,-5.80,-7.20,-8.40,-10.20,-9.30,-6.40,-9.80,-9.90,-6.10,-5.90,-5.40,-6.10,-5.90,-6.60,-6.50,-7.70,-8.90,-7.20,-6.50,-7.70,-5.20,-4.60,-6.30,-7.30,-8,-7.30,-6.40,-2.70,-3,-4,-7.50,-9.10,-8.70,-7.40,-10.70,-8.10,-4.20,-4.70,-4.70,-4.40,-5.90,-2.70,-7.70,-9.10,-5.40
2008-12-30 03:10,-11.80,-9.51,-8.72,-10.99,-9.40,-7.93,-8.45,-10.90,-4.70,-12.80,-7.32,-9.55,-1.89,-9.95,-9.47,-8.77,-12.76,-0.36,-13,-11,-6.15,-5.16,-16.59,,-7.45,-8.65,-6.23,-7,-12.89,-8.50,-9.93,-11.40,-4,-15.85,-15.56,-14.54,-13.09,-13.14,-8.49,-14.47,-3.90,,-8.15,-11.56,-15.90,-12.15,-7.10,-7.86,-14.05,-8.49,-16.46,-9.92,-13.26,-8.24,-13.61,-11.91,-14.93,-11.50,-12.16,-16.98,-16.44,-18.10,-15.06,-10.63,-15.33,-8.85,-0.20,-1.48,-6.60,-6.14,-5.38,-5.03,-7.64,-11.16,-9.10,-7.05,-9.90,-7.98,-7.15,-6.65,-6.69,-7.20,-9.40,-7.42,-9.43,-8.45,-8.49,-8.90,-8.23,-7.82,-5.66,-12.09,-9.51,-9.50,-11,-9.20,-7.17,-8.94,-8.03,-7.39,-8.58,-10.98,-8.60,-6.65,-5.62,-7.17,-7.58,-7.80,-9.19,-9.97,-8.84,-6.18,-2.51,-7.53,-9.15,-10.66,-9.20,-10.13,-9.36,-9.47,-7.90,-7.68,-3.38,-7.64,-6.38,-6.06,-4.30,-7.28,-6.37,-7.62,-8.30,,-12,-4.20,-10.50,-7,-11.50,,,,,,,-5.90,-7.40,,-10.20,-9.60,-6.30,-9.71,,,,,,,,-6.50,-7.80,-8.90,-7.10,-6.50,,,,,-7.30,,-7.30,-6.40,-2.70,-3,-4,,,-8.70,,,-7,,,-4.80,-4.40,-6.10,-2.70,-7.60,-9.10,
2008-12-30 03:20,-11.80,-9.84,-8.71,-11.08,-9.40,-8.11,-8.65,-10.90,-5.32,-12.76,-7.28,-9.52,-1.77,-10.11,-9.51,-8.81,-12.77,-1.38,-13,-10.55,-6.13,-5.33,-16.57,,-7.51,-8.74,-5.99,-6.90,-12.91,-8.20,-9.89,-11.09,-3.97,-15.92,-15.61,-14.44,-13.13,-13.25,-8.72,-14.49,-4.10,,-8.05,-11.77,-15.80,-11.95,-7.30,-7.95,-13.97,-9.09,-16.47,-9.92,-13.89,-8.26,-14.03,-11.87,-14.61,-11.60,-12.29,-17,-16.36,-18.10,-14.94,-10.44,-15.80,-8.61,0.14,-1.30,-6.50,-6.43,-5.62,-5.12,-7.79,-11.24,-8.02,-7.35,-9.70,-8.19,-7.10,-6.63,-6.89,-7.40,-9.54,-7.27,-9.22,-8.54,-8.52,-9,-8.23,-7.82,-5.76,-12,-9.71,-9.60,-11.14,-9.12,-7.36,-8.96,-7.95,-7.34,-8.95,-11.15,-8.92,-6.89,-5.59,-7.35,-7.49,-7.90,-9.24,-9.90,-8.95,-5.90,-2.62,-7.60,-9.13,-10.80,-9.20,-10.01,-9.43,-9.51,-7.90,-7.55,-3.48,-7.65,-6.41,-6.26,-4.40,-7.24,-6.49,-7.74,-8.20,,-12.40,-4.50,-10.70,-6.90,-11.40,,,,,,,-6,-7.40,,-10.30,-9.70,-6.50,-9.50,,,,,,,,-6.50,-7.90,-8.90,-6.90,-6.70,,,,,-7.30,,-7.30,-6.40,-2.70,-3.10,-4,,,-8.70,,,-6.70,,,-4.80,-4.50,-6.10,-2.80,-6.80,-9.20,
2008-12-30 03:30,-11.90,-9.96,-8.56,-11.15,-9.40,-8.22,-8.47,-11,-5.15,-12.88,-7.45,-9.67,-1.76,-10.06,-9.66,-8.85,-12.86,-2.82,-13,-10.41,-5.90,-5.47,-16.59,,-7.24,-8.85,-6.12,-6.70,-12.99,-8.20,-10.08,-11.07,-3.87,-15.87,-15.72,-14.50,-13.15,-13.21,-9.40,-14.51,-3.90,,-7.51,-11.80,-16.40,-11.94,-7.30,-8.02,-13.92,-8.96,-16.42,-9.90,-14.32,-8.38,-14.24,-11.73,-14.89,-11.80,-12.58,-17.09,-16.56,-18.10,-15,-10.39,-15.77,-8.64,0.11,-1.44,-6.60,-6.44,-5.88,-5.15,-7.87,-11.05,-7.95,-7.45,-9.80,-8.14,-7.09,-6.64,-7.25,-7.60,-9.78,-7.22,-8.85,-8.46,-8.13,-8.90,-8.30,-7.73,-5.79,-11.91,-9.85,-9.60,-11.16,-9.07,-7.52,-9.04,-8.07,-7.34,-8.64,-11.33,-8.95,-6.98,-5.54,-7.56,-7.27,-7.90,-9.23,-9.97,-8.91,-5.85,-2.70,-7.60,-9.01,-10.86,-9,-10.03,-9.52,-9.66,-8,-7.83,-3.55,-7.95,-6.39,-6.28,-4.50,-7.27,-6.27,-7.99,-8.20,,-12.10,-4.60,-10.70,-7,-11.20,,,,,,,-6.10,-8.70,,-10.20,-9.80,-6.70,-9.55,,,,,,,,-6.70,-7.90,-8.80,-7,-6.80,,,,,-7.20,,-7.70,-6.50,-2.70,-3.20,-3.90,,,-8.50,,,-6.60,,,-4.80,-4.60,-6.20,-2.70,-7,-9.30,
2008-12-30 03:40,-11.90,-9.93,-8.22,-11.22,-9,-8.25,-8.50,-11,-4.99,-12.92,-7.66,-9.80,-1.88,-10.16,-9.77,-9.15,-12.92,-3.24,-13,-10.43,-5.84,-4.49,-16.74,,-7.02,-9.04,-7.29,-6.40,-13.13,-8.10,-10.09,-10.94,-3.73,-15.84,-15.80,-14.64,-13.10,-13.33,-9.50,-14.64,-4.60,,-7.81,-11.88,-16.10,-11.70,-7.40,-8.19,-13.74,-9.23,-16.29,-9.86,-13.99,-8.60,-14.48,-11.59,-15.19,-12,-12.91,-17.19,-16.67,-18.10,-14.88,-10.36,-15.81,-8.61,-0.42,-1.41,-6.60,-6.48,-5.91,-5.26,-7.95,-11.01,-7.63,-7.31,-9.90,-8.32,-7.26,-6.73,-7.61,-7.80,-9.60,-7.20,-9.04,-8.56,-8.28,-9,-8.09,-7.54,-5.79,-11.95,-9.82,-9.50,-11.11,-9.18,-7.34,-9.05,-8.15,-7.37,-8.51,-11.53,-8.91,-7.10,-5.32,-7.62,-7.10,-8,-9.15,-9.81,-8.88,-5.77,-2.75,-7.70,-8.82,-10.78,-8.50,-10.10,-9.69,-9.59,-8.20,-7.84,-3.61,-7.94,-6.39,-6.22,-4.40,-7.33,-6.22,-8.08,-8.20,,-12.20,-4.30,-10.60,-6.90,-11.20,,,,,,,-6.30,-8.90,,-10.20,-9.30,-6.70,-9.52,,,,,,,,-6.80,-8.10,-8.90,-7.10,-6.80,,,,,-7.20,,-7.70,-6.30,-2.60,-3.40,-3.90,,,-8.60,,,-6.70,,,-4.80,-4.70,-6.30,-2.80,-7.20,-9.10,
2008-12-30 03:50,-11.80,-9.98,-8.05,-11.26,-8.90,-8.49,-8.38,-11,-4.79,-12.83,-8.24,-9.80,-1.87,-9.99,-9.72,-9.37,-12.63,-3.51,-13,-10.33,-5.90,-4.65,-16.74,,-7,-9.16,-7.41,-6.26,-13.07,-8,-9.83,-10.66,-3.50,-15.72,-15.69,-15.02,-13.05,-13.41,-9.49,-14.61,-4.30,,-8.83,-11.64,-16,-11.36,-7.70,-8.32,-13.93,-9.23,-16.62,-9.74,-14.40,-8.85,-14.79,-11.52,-15.23,-12.50,-13.15,-17.37,-16.62,-18.20,-14.91,-10.29,-15.75,-8.58,-0.24,-1.31,-6.70,-6.56,-6.18,-5.63,-8.16,-11,-7.89,-7.48,-9.90,-8.21,-7.33,-6.79,-7.92,-7.30,-9.84,-7.27,-9.28,-8.54,-8.20,-9,-7.78,-7.77,-5.80,-12,-9.76,-9.60,-11.30,-9.15,-7.55,-9.05,-8.16,-7.44,-8.41,-11.63,-8.91,-7.17,-5.06,-7.71,-7.05,-8,-9.09,-9.66,-9.01,-5.67,-2.85,-7.75,-8.55,-10.62,-7.90,-9.82,-9.83,-9.53,-8.40,-7.98,-3.70,-8,-6.40,-5.87,-4.30,-7.40,-6.60,-8.09,-8.30,,-12.40,-4.40,-10.50,-7,-11.40,,,,,,,-6.40,-8.60,,-10.10,-9.30,-6.60,-9.43,,,,,,,,-7.10,-8.30,-8.80,-7.20,-6.60,,,,,-7.20,,-7.80,-6.20,-2.60,-3.60,,,,-8.80,,,-6.80,,,-4.70,-4.70,-6.30,-2.90,-7.10,-8.90,
2008-12-30 04:00,-11.90,-9.84,-8.08,-11.26,-9,-8.34,-8.08,-11.10,-4.82,-12.86,-7.82,-9.97,-2.10,-9.94,-9.67,-9.48,-12.61,-2.50,-13,-10.35,-5.87,-4.85,-16.71,,-6.98,-9.22,-7.27,-6.05,-13.14,-7.70,-9.52,-10.67,-3.29,-15.95,-15.92,-14.95,-13.12,-13.63,-9.31,-14.57,-4.10,,-8.68,-11.70,-15.80,-11.23,-7.80,-8.43,-14.27,-9.55,-16.62,-9.76,-14.25,-8.99,-15.20,-11.52,-15.10,-12.70,-12.74,-17.46,-16.70,-18.50,-15.06,-10.32,-15.67,-8.71,-1.65,-1.02,-6.60,-6.74,-6.27,-5.67,-8.23,-10.91,-7.95,-7.30,-10,-8.34,-7.20,-7.24,-8.33,-7.40,-9.61,-7.48,-9.54,-8.48,-8.04,-9,-7.59,-7.85,-5.84,-11.99,-9.74,-9.70,-11.22,-9.20,-7.72,-8.99,-8.15,-7.55,-8.66,-11.56,-9.05,-7.13,-4.92,-7.84,-7.10,-8,-8.93,-9.59,-9.07,-5.66,-2.80,-7.86,-8.33,-10.69,-7.40,-9.50,-9.87,-9.45,-8.50,-8.04,-3.73,-8.19,-6.49,-5.86,-4.40,-7.49,-6.66,-8.11,-8.40,-9.60,-12.20,-4.90,-10.50,-7.10,-11.50,-9.30,-11.40,-4.90,-7.70,-8,-6.50,-6.60,-8.20,-8.90,-10,-8.60,-6.60,-9.50,-9.50,-6.40,-6,-5.60,-6.50,-5.60,-6.50,-7.20,-8.50,-8.80,-7.30,-6.60,-8.10,-5.50,-5,-6.60,-7.10,-8.40,-7.70,-6.30,-2.50,-3.70,-4,,-9.80,-8.70,-7.40,,-7.10,-4.30,-4.80,-4.70,-4.80,-6.40,-2.90,-7,-9,-4.90
2008-12-30 04:10,-11.90,-10.25,-8.18,-11.27,-9,-8.66,-7.75,-10.90,-4.85,-12.99,-7.11,-10.42,-1.90,-9.80,-9.61,-9.43,-12.73,-2.49,-13.10,-9.95,-5.84,-5.37,-16.80,,-7.07,-9.38,-7.21,-5.62,-13.17,-7.90,-9.23,-10.35,-3.27,-16.04,-15.95,-15.14,-13.02,-13.71,-9.13,-14.72,-4.20,,-8.48,-11.77,-16,-10.88,-7.80,-8.51,-14.05,-10.12,-16.69,-9.73,-14.15,-9.07,-15.39,-11.64,-14.82,-12.80,-12.81,-17.51,-16.68,-18.60,-15.21,-10.28,-15.34,-8.47,-3.06,-1.01,-6.70,-6.89,-6.26,-5.59,-8.14,-10.62,-7.55,-7.11,-10.10,-8.35,-7.09,-7.10,-8.23,-7.17,-9.42,-7.63,-9.52,-8.54,-8.05,-9.10,-7.44,-8.04,-5.81,-11.93,-9.97,-9.70,-11.45,-9.32,-7.82,-9,-8.20,-7.71,-9.47,-11.53,-8.83,-7.13,-4.87,-7.63,-7.07,-8,-8.83,-9.72,-8.95,-5.71,-2.75,-7.70,-8.18,-10.84,-7.20,-9.32,-9.92,-9.51,-8.70,-7.88,-3.77,-8.08,-6.50,-5.90,-4.50,-7.53,-6.25,-8.18,-8.30,,-12.20,-5,-10.50,-7.20,-12.10,,,,,,,-7.20,-8,,-10,-8.80,-6.70,-9.34,,,,,,,,-7.20,-8.60,-9,-7.30,-6.60,,,,,-7.10,,-7.90,-6.40,-2.50,-3.70,-4.10,,,-8.70,,,-7.30,,,-4.70,-4.90,-6.40,-2.90,-7.10,-9,
2008-12-30 04:20,-12,-9.97,-8.47,-11.37,-8.90,-8.68,-7.63,-10.60,-4.97,-12.94,-7.30,-10.47,-1.94,-9.49,-9.82,-9.56,-12.47,-2.59,-13.10,-10.35,-5.82,-5.82,-16.93,,-7.47,-9.48,-7.46,-5.67,-13.14,-7.70,-8.79,-10.05,-3.19,-16.14,-15.94,-14.91,-13.10,-13.75,-8.56,-14.97,-4.10,,-8.65,-11.88,-16.20,-10.57,-7.90,-8.60,-13.53,-10.10,-16.77,-9.68,-14.08,-9.14,-15.42,-12.06,-14.78,-13.10,-12.71,-17.54,-16.84,-18.50,-15.21,-10.24,-15.64,-8.56,-2.56,-0.84,-6.90,-6.74,-6.20,-5.69,-7.84,-10.48,-6.83,-6.99,-9.90,-8.22,-6.96,-7.02,-8.22,-7.23,-9.45,-7.65,-9.17,-8.61,-8.04,-9.10,-7.49,-8.20,-5.69,-12.10,-9.92,-9.70,-11.03,-9.64,-7.89,-9.23,-8.24,-7.67,-9.80,-11.75,-8.83,-7.09,-4.80,-7.52,-7.15,-8,-8.99,-9.84,-8.77,-5.68,-2.93,-7.77,-8,-10.79,-7.20,-9.27,-10.19,-9.67,-8.60,-7.79,-3.68,-7.78,-6.42,-5.78,-4.50,-7.51,-6.38,-8.17,-8.30,,-12,-4.70,-10.30,-7.20,-12.10,,,,,,,-7.40,-8,,-10,-8.80,-6.80,-9.30,,,,,,,,-7.30,-8.50,-9.20,-7.50,-6.70,,,,,-7.10,,-7.80,-6.50,-2.60,-3.80,-4.10,,,-8.30,,,-7,,,-4.80,-5.10,-6.70,-3,-7.40,-8.70,
2008-12-30 04:30,-11.80,-9.62,-8.40,-11.48,-9,-8.70,-7.46,-10.60,-5.25,-12.96,-8.09,-10.57,-2.17,-9.34,-10.04,-9.27,-12.38,-2.87,-13.10,-10.17,-5.75,-5.93,-17.12,,-8.32,-9.39,-7.82,-6.02,-13.17,-7.40,-8.66,-10.10,-3.39,-16.04,-16.06,-14.89,-13.51,-13.88,-8.25,-14.99,-4,,-8.23,-11.82,-15.80,-10.38,-8,-8.77,-13.62,-10.15,-16.88,-9.60,-14.09,-9.35,-15.51,-12.48,-14.95,-13.30,-12.80,-17.74,-16.88,-18.60,-15.22,-10.36,-15.61,-8.55,-1.78,-0.85,-7.10,-6.73,-6.28,-5.74,-7.80,-10.46,-6.84,-7.15,-9.80,-7.92,-6.59,-7.05,-8.50,-7.22,-9.60,-7.86,-9.18,-8.69,-7.98,-9.20,-7.43,-8.26,-5.72,-12.17,-9.91,-9.80,-11,-9.86,-7.86,-9.36,-8.29,-7.59,-9.70,-11.87,-8.82,-7.29,-4.78,-7.43,-7.08,-7.90,-9.10,-9.88,-8.75,-5.64,-2.90,-7.96,-7.87,-10.81,-7,-9.05,-10.21,-9.68,-8.60,-7.87,-3.62,-7.55,-6.41,-5.95,-4.60,-7.55,-6.60,-8.19,-8.20,,-12,-5.20,-10.30,-7.30,-12.20,,,,,,,-7.20,-8.20,,-9.90,-8.60,-6.90,-9.37,,,,,,,,-7.60,-8.60,-9.10,-7.50,-6.70,,,,,-7.10,,-7.70,-6.50,-2.60,-3.90,-4.10,,,-8.40,,,-6.60,,,-4.70,-5.40,-6.90,-3,-7.60,-8.60,
2008-12-30 04:40,-11.80,-9.65,-8.41,-11.56,-9.10,-8.87,-7.96,-10.80,-5.55,-12.96,-8.13,-10.53,-2.67,-9.38,-10.27,-9.02,-12.30,-2.43,-13.10,-10.40,-5.81,-5.94,-17.19,,-8.33,-9.24,-8.11,-6,-13.21,-7.50,-8.59,-10.57,-3.54,-16.06,-16.60,-14.84,-13.65,-13.96,-8.38,-14.79,-3.90,,-8.71,-11.86,-15.80,-10.28,-8.10,-9.10,-13.14,-10.23,-16.77,-9.55,-13.83,-9.57,-15.66,-12.67,-15.28,-13.50,-13.25,-17.83,-16.91,-18.80,-15.21,-10.46,-15.73,-8.31,-0.49,-0.87,-6.90,-7.07,-6.07,-5.84,-7.97,-10.55,-7.16,-7.11,-9.90,-7.71,-6.65,-7.09,-8.67,-7.10,-9.60,-7.96,-9.23,-8.74,-7.88,-9.20,-7.30,-8.07,-5.77,-12.20,-9.93,-9.90,-10.65,-9.60,-7.76,-9.33,-8.25,-7.52,-9.73,-11.96,-8.89,-7.57,-4.76,-7.52,-6.93,-8,-8.88,-9.96,-9.01,-5.52,-2.91,-7.92,-8.13,-10.95,-6.90,-9.02,-10.10,-9.59,-8.60,-7.70,-3.76,-7.74,-6.46,-6.01,-4.60,-7.53,-6.96,-8.46,-8.20,,-11.80,-5.40,-10.40,-7.40,-12.10,,,,,,,-7.10,-9.10,,-10.10,-8.60,-6.90,-9.39,,,,,,,,-7.90,-8.70,-9.10,-7.50,-6.60,,,,,-7.20,,-7.50,-6.40,-2.50,-3.90,-4.10,,,-8.40,,,-6.50,,,-4.80,-5.80,-7.20,-2.90,-7.80,-8.50,
2008-12-30 04:50,-11.80,-10.15,-8.41,-11.47,-8.90,-8.91,-8.16,-11,-5.82,-12.90,-7.92,-10.81,-3.42,-9.36,-10.23,-9.13,-12.01,-2.52,-13.10,-10.20,-5.92,-5.76,-17.05,,-8.74,-8.65,-7.87,-5.94,-13.18,-7.50,-8.34,-10.52,-3.58,-16.11,-16.57,-15.06,-13.65,-13.97,-8.26,-14.70,-4,,-8.40,-12.03,-15.90,-10.24,-8.20,-9.43,-13.42,-10.26,-16.79,-9.48,-13.53,-9.82,-15.74,-12.55,-15.47,-13.90,-13.11,-17.87,-16.91,-18.50,-15.26,-10.50,-15.53,-8.34,-2.63,-0.72,-6.60,-6.73,-6.03,-5.89,-8.23,-10.40,-7.42,-7.52,-10,-7.71,-6.63,-6.87,-8.68,-6.90,-9.74,-7.92,-9.32,-8.78,-7.92,-9.10,-7.42,-8.28,-5.59,-12.24,-10.02,-9.90,-10.32,-9.49,-7.71,-9.45,-8.31,-7.50,-9.83,-12,-8.92,-7.56,-4.76,-7.59,-6.80,-8,-8.88,-9.80,-9.15,-5.44,-2.85,-8.05,-8.57,-11.04,-7,-8.75,-9.99,-9.76,-8.60,-7.73,-3.88,-7.79,-6.39,-5.97,-4.70,-7.55,-6.84,-8.47,-8.20,,-11.90,-5,-10.60,-7.50,,,,,,,,-7.10,-9.40,,-10.30,-8.90,-6.90,-9.41,,,,,,,,-7.50,-8.70,-9.10,-7.30,-6.30,,,,,-7.10,,-7.50,-6.40,-2.50,-3.90,-4.10,,,-8.50,,,-6.50,,,-4.80,-5.90,-7.30,-2.90,-8,-8.30,
2008-12-30 05:00,-12,-9.92,-8.42,-11.44,-8.10,-8.90,-8.56,-11.10,-6.16,-12.89,-7.65,-11.14,-3.91,-9.37,-10.40,-9.12,-11.76,-3.27,-13.20,-10.02,-5.90,-5.42,-17.09,,-8.38,-8.45,-7.84,-6.07,-13.05,-7.90,-8.36,-10.07,-3.94,-16.27,-16.70,-15.14,-13.80,-14.11,-8.06,-14.79,-4,,-8.52,-12.02,-16,-10.12,-8.40,-9.63,-13.63,-10.93,-16.91,-9.54,-14.19,-10.01,-15.92,-12.08,-15.36,-14.10,-13.32,-17.96,-17.12,-18.60,-15.40,-10.37,-15.60,-8.67,-2.71,-0.68,-6.80,-6.56,-6.07,-5.70,-8.61,-10.38,-7.70,-7.73,-10.10,-7.68,-6.50,-6.82,-8.82,-6.84,-9.85,-7.72,-9.42,-8.78,-8.17,-9.10,-7.39,-8.45,-5.95,-12.29,-10.03,-9.90,-9.92,-9.45,-7.87,-9.49,-8.38,-7.65,-9.75,-11.94,-9.13,-7.58,-4.80,-7.69,-7,-7.70,-8.91,-9.61,-9.20,-5.31,-2.81,-8.06,-8.77,-10.93,-7,-8.83,-9.99,-10.01,-8.40,-8.11,-3.91,-7.51,-6.41,-5.94,-4.70,-7.65,-6.90,-8.46,-8.20,-9.90,-11.90,-5.10,-10.70,-7.60,-12.20,-9.40,-11.70,-5.10,-7.60,-7.90,-6.70,-7.20,-9.50,-9.10,-10.10,-9.30,-7,-9.60,-10,-6.50,-6.30,-5.80,-7.50,-5.80,-7.10,-7.50,-8.60,-9.10,-7.60,-6.20,-9,-5.40,-5.20,-6.70,-7,-7.90,-7.50,-6.40,-2.50,-4,-4.10,-9.30,-9.50,-8.30,-8.10,-11.10,-6.60,-4.20,-4.90,-4.90,-5.90,-7.30,-2.90,-8.40,-8.20,-4.20
2008-12-30 05:10,-12.10,-9.59,-8.57,-11.32,-7.80,-8.84,-8.33,-11.20,-6.34,-12.92,-7.74,-10.43,-3.78,-9.49,-10,-9.11,-11.85,-3.98,-13.20,-10.10,-5.91,-5.24,-17.14,,-7.97,-8.27,-7.82,-6.32,-13.30,-8,-9.28,-9.95,-4.11,-16.35,-16.54,-14.97,-13.53,-14.09,-8.19,-14.80,-4.30,,-8.50,-11.99,-15.80,-9.90,-8.50,-9.78,-13.70,-11.24,-16.74,-9.60,-14.34,-10.30,-15.96,-11.93,-15.33,-14.20,-13.31,-18.05,-17.09,-18.50,-15.13,-10.49,-15.18,-8.65,-2.84,-0.58,-6.60,-6.36,-6.06,-5.73,-8.61,-10.33,-6.82,-7.64,-10.10,-7.75,-6.40,-7,-8.84,-7.30,-9.81,-7.99,-9.53,-8.71,-8.40,-9,-7.34,-8.48,-6.03,-12.39,-10.05,-9.90,-9.60,-9.52,-7.58,-9.55,-8.47,-7.82,-9.84,-11.74,-9.31,-7.36,-4.80,-7.82,-7.11,-7.60,-8.90,-9.64,-9.33,-5.25,-2.96,-7.91,-9.05,-10.83,-7,-8.75,-9.91,-10.14,-8.40,-8.05,-3.92,-7.33,-6.24,-6.01,-4.70,-7.61,-6.84,-8.56,-8.10,,-11.90,-5.70,-10.90,-7.70,,,,,,,,-6.90,-9.60,,-10.10,-9.30,-6.90,-9.53,,,,,,,,-7.70,-8.70,-9.10,-7.70,-6.20,,,,,-7,,-7.60,-6.40,-2.50,-4,-4.10,,,-8.30,,,-6.60,,,-4.90,-6,-7.30,-3,-8.30,-8.30,
2008-12-30 05:20,-12.20,-9.37,-8.55,-11.39,-8.20,-8.55,-8.32,-11.20,-6.32,-12.71,-8.16,-10.15,-3.68,-8.99,-9.75,-9.39,-11.85,-4.42,-13.30,-10.22,-5.95,-4.58,-16.95,,-7.78,-8.34,-7.55,-6.28,-13.37,-7.90,-9.72,-9.93,-4.49,-16.42,-16.82,-15.03,-13.64,-14.26,-8.28,-14.79,-4.20,,-8.18,-11.82,-15.80,-9.66,-8.60,-9.86,-13.77,-11.47,-16.77,-9.50,-14.31,-10.45,-16.15,-11.84,-15.50,-14.20,-13.18,-18.11,-17.14,-18.80,-15.25,-10.50,-14.92,-8.50,-2.70,-0.67,-6.40,-6.34,-6.23,-5.71,-8.32,-10.55,-7.16,-7.82,-10.10,-7.88,-6.10,-6.97,-8.87,-7.40,-9.95,-8.10,-9.58,-8.76,-8.62,-8.90,-7.50,-8.61,-5.97,-12.38,-10.03,-9.90,-9.32,-9.54,-7.42,-9.56,-8.51,-7.72,-10.21,-11.44,-8.96,-7.02,-4.83,-7.84,-7.24,-7.60,-8.87,-9.68,-9.29,-5.17,-3.08,-7.91,-9.08,-10.68,-7,-8.65,-9.79,-9.99,-8.40,-7.97,-3.92,-7.16,-6.14,-6.07,-4.70,-7.44,-6.63,-8.57,-7.90,,-11.70,-6,-11,-7.90,,,,,,,,-6.90,-9.70,,-10,-9.60,-6.80,-9.58,,,,,,,,-7.50,-8.60,-9.10,-7.70,-6.20,,,,,-7.20,,-7.70,-6.50,-2.50,-4,,,,-8.60,,,-6.70,,,-5,-6.30,-5.50,-2.90,-7.90,-8.40,
2008-12-30 05:30,-12.20,-9.31,-8.47,-11.41,-8.60,-8.36,-8.38,-11.30,-6.26,-12.78,-7.32,-10,-3.65,-9.24,-9.72,-9.75,-11.86,-4.62,-13.40,-9.75,-5.90,-4.97,-17.12,,-8.01,-8.50,-8.39,-5.75,-13.36,-7.80,-9.59,-9.96,-4.93,-16.44,-16.91,-15.25,-13.69,-14.19,-8.27,-14.68,-4.60,,-7.89,-12.03,-15.90,-9.53,-8.80,-9.95,-14.59,-11.57,-16.92,-9.76,-14.63,-10.39,-16.13,-12.27,-15.16,-14.50,-12.88,-18.08,-17.28,-18.90,-15.34,-10.50,-14.88,-8.64,-2.69,-0.60,-6.20,-6.41,-6.16,-5.61,-8.42,-10.61,-7.34,-7.85,-10.10,-7.89,-5.60,-7.12,-8.94,-7.40,-10.19,-8.31,-9.79,-8.90,-8.84,-8.70,-7.42,-8.76,-5.95,-12.48,-9.92,-9.80,-9.13,-9.53,-7.38,-9.68,-8.63,-7.61,-10.07,-11.48,-8.66,-6.99,-4.66,-7.61,-7.37,-7.70,-8.85,-9.77,-9.43,-5.11,-3.11,-7.97,-8.77,-9.93,-7.10,-8.52,-9.58,-9.94,-8.30,-7.91,-3.87,-7.08,-6.24,-6,-4.30,-7.31,-6.70,-8.79,-8.10,,-11.60,-5.90,-11.10,-7.90,,,,,,,,-6.80,-9.80,,-9.80,-9.60,-6.80,-9.56,,,,,,,,-7.60,-8.60,-9.20,-7.80,-6.30,,,,,-7.20,,-7.80,-6.50,-2.60,-4.10,-4.20,,,-8.90,,,-6.80,,,-5.10,-6.40,-5.50,-2.80,-7.40,-8.50,
2008-12-30 05:40,-12.30,-9.25,-8.49,-11.42,-8.70,-8.19,-8.55,-11.30,-6.28,-12.78,-7.43,-9.86,-3.75,-9.33,-9.37,-9.90,-11.78,-3.35,-13.60,-9.89,-5.90,-5.28,-17.25,,-8.02,-8.65,-8.33,-5.73,-13.43,-7.90,-9.85,-10.37,-5.12,-16.38,-16.83,-15.44,-13.80,-14.20,-8.06,-14.75,-4.40,,-7.61,-12.02,-16.10,-8.96,-8.80,-10.16,-13.67,-11.82,-17.06,-9.74,-14.95,-10.38,-16.19,-12.54,-15.19,-14.70,-12.72,-18.18,-17.30,-19,-15.24,-10.50,-15.58,-8.53,-3.12,-0.64,-6.20,-6.47,-6.35,-5.73,-8.32,-10.57,-7.68,-7.63,-10,-8.07,-5.60,-7.17,-9.12,-7.60,-10.29,-8.48,-9.94,-8.94,-8.79,-8.50,-7.39,-8.80,-6.06,-12.42,-10.13,-9.80,-9.26,-9.56,-7.50,-9.62,-8.71,-7.55,-9.96,-11.31,-8.55,-6.90,-4.72,-7.34,-7.38,-7.80,-8.95,-9.89,-9.56,-4.96,-3.09,-7.97,-7.96,-9.67,-7.20,-8.42,-9.58,-10.20,-8.10,-7.97,-3.65,-7.02,-6.24,-5.93,-4.60,-7.55,-6.98,-8.75,-8.20,,-11.80,-5.90,-11.20,-8,,,,,,,,-6.60,-9.80,,-9.70,-9.70,-6.70,-9.71,,,,,,,,-7.60,-8.70,-9.10,-7.90,-6.40,,,,,-7.40,,-7.70,-6.90,-2.60,-4.30,-4.30,,,-8.70,,,-6.90,,,-5.10,-6.50,-5.50,-2.70,-7.30,-8.30,
2008-12-30 05:50,-12.30,-9.03,-8.49,-11.38,-8.30,-8.44,-8.49,-11.30,-6.34,-12.70,-7.68,-9.96,-3.78,-9.52,-9.44,-10.02,-11.71,-2.35,-13.80,-9.85,-5.89,-4.91,-17.29,,-8.71,-8.63,-8.03,-5.63,-13.49,-7.90,-10.15,-10.19,-5.24,-16.57,-16.84,-15.29,-13.77,-14.28,-7.79,-14.95,-4.10,,-7.17,-12.41,-15.80,-8.61,-8.90,-10.38,-12.96,-11.89,-17.02,-9.69,-14.89,-10.52,-16.24,-12.31,-15.55,-14.80,-13.01,-18.30,-17.39,-19,-15,-10.47,-15.62,-8.37,-3.17,-0.62,-6.20,-6.20,-6.22,-5.68,-8.32,-10.58,-7.82,-7.71,-9.60,-7.92,-6,-7.27,-9.22,-7.70,-10.42,-8.23,-9.79,-8.80,-8.77,-8.40,-7.39,-9,-6.04,-12.41,-10.22,-9.80,-9.16,-9.48,-7.84,-9.68,-8.93,-7.57,-9.95,-11.21,-8.53,-6.88,-4.65,-7.40,-7.35,-7.90,-9.01,-9.89,-9.46,-4.87,-3.15,-7.84,-7.53,-9.46,-7.20,-8.27,-9.83,-9.96,-8,-7.97,-3.59,-7.07,-6.06,-5.93,-4.70,-7.65,-6.85,-8.68,-8.20,,-11.60,-5.80,-11.10,-8,,,,,,,,-6.80,-9.70,,-9.80,-9.90,-6.90,-9.69,,,,,,,,-7.70,-8.70,-9.10,-8,-6.50,,,,,-7.60,,-7.70,-6.80,-2.60,-4.40,-4.50,,,-8.60,,,-7.10,,,-5.10,-6.70,-5.60,-2.80,-7.10,-8.40,
2008-12-30 06:00,-7,-9,-8.48,-11,-8,-8.56,-8.44,-11.30,-6.29,-12.55,-7.79,-10.09,-3.53,-5,-9.40,-7,-11,-1.74,-14,-10.31,-6,-5.54,-17.06,-8,-9,-9,-7.81,-5.59,-14,-8,-10,-10,-5.41,-16,-17.01,-15,-13,-14,-8,-14,-5,-6,-8,-12,-16,-8.54,-9,-10.50,-14,-12.01,-17,-10,-14.91,-10.74,-16.24,-12,-15,-15,-13,-18.32,-17.46,-19,-14.88,-10.37,-15.33,-8.12,-3.48,-0.68,-6.10,-6.08,-6.21,-5.66,-8.15,-10.71,-8.02,-7.44,-9.40,-7.73,-5,-8,-6,-8,-10.47,-8,-9.77,-8.76,-9,-8.20,-7.35,-9.13,-6.02,-12.45,-10,-9.80,-9,-9.24,-7.89,-9.76,-9.16,-7.69,-10.20,-11.01,-8.45,-6.93,-4.73,-7.40,-7.37,-7.90,-9.41,-9.90,-9.41,-4.81,-3.24,-7.74,-7.41,-9.10,-7.20,-8.14,-10.02,-10.12,-8.10,-8.11,-3.66,-7.15,-6.05,-5.90,-4.70,-7.62,-6.20,-8.36,-8.30,-8,-12,-6,-11.10,-8,-12.20,,-11,-4,-8,-8,-6.80,-7,-6,-8.90,-9.90,-9.90,-7,-9.70,-10.20,-6.80,-6,-6,-7.50,-5.30,-6.40,-7.80,-8.70,-9.20,-8,-6.50,-9.10,-5.80,-5.40,-6.40,-8,-8.50,-7.70,-6.80,-2.60,-4.60,-4.50,-9.20,-8.90,-8.40,-7.70,,-7.50,-3.90,-5,-5.10,-6.80,-5.60,-2.80,-7.20,-8.10,-4.10
2008-12-30 06:10,-12.30,-9.13,-8.41,-11.28,-7.90,-8.52,-8.49,-11.30,-6.28,-12.50,-8.14,-10.20,-3.04,-9.37,-9.54,-10.21,-11.46,-1.17,-14.20,-9.95,-6.07,-5.61,-16.97,,-9.39,-8.61,-7.58,-5.61,-13.54,-8.30,-10.39,-9.84,-5.48,-16.50,-16.96,-15.40,-13.95,-14.43,-7.99,-14.59,-3.70,,-8.64,-12.26,-15.80,-8.50,-9.30,-10.55,-14.34,-12.23,-16.80,-9.77,-14.43,-10.94,-16.30,-12.07,-15.72,-15,-13.30,-18.31,-17.64,-18.90,-14.94,-10.20,-15.44,-8.17,-3.56,-0.80,-5.90,-6.37,-6.37,-5.66,-7.97,-10.86,-7.82,-7.36,-9.10,-7.82,-6.47,-7.38,-9.29,-7.90,-10.43,-8.16,-9.93,-8.80,-9.03,-7.90,-7.46,-9.10,-5.89,-12.56,-9.85,-9.50,-9.16,-9.32,-7.87,-9.82,-9.20,-7.57,-10.26,-10.80,-8.58,-6.90,-4.72,-7.73,-7.29,-7.90,-9.36,-9.97,-9.28,-4.68,-3.43,-7.65,-7.44,-8.74,-7.20,-8.19,-10.04,-10.12,-8,-8.28,-3.61,-7.12,-6.22,-5.49,-4.30,-7.59,-6.89,-8.44,-8.10,,-11.90,-5.30,-11.10,-8.40,,,,,,,,-7.10,-9.30,,-9.90,-9.90,-7,-9.64,,,,,,,,-7.90,-8.70,-9.40,-7.90,-6.50,,,,,-8,,-7.70,-6.80,-2.60,-4.60,-4.70,,,-8.40,,,-7.50,,,-5.10,-6.80,-5.70,-2.70,-7.20,-8.10,
2008-12-30 06:20,-12.10,-8.88,-8.18,-11.33,-8,-8.46,-8.55,-11.30,-5.99,-12.49,-8.44,-10.48,-2.97,-9.36,-9.37,-10.21,-11.30,-1.77,-14.70,-10.14,-5.97,-5.24,-17.16,,-9.52,-8.60,-8.49,-5.20,-13.56,-8.10,-10.36,-9.89,-5.48,-16.70,-16.86,-15.38,-13.74,-14.31,-8.18,-15.20,-4.40,,-8.01,-12.29,-15.80,-8.47,-9.40,-10.61,-13.72,-12.73,-16.59,-9.86,-14.33,-11.19,-16.28,-12.06,-15.65,-15.30,-13.36,-18.38,-17.60,-19.20,-14.91,-10.03,-15.72,-8.06,-3.09,-0.76,-6.20,-6.94,-6.26,-5.55,-8.13,-10.82,-7.82,-7.19,-8.60,-7.80,-6.61,-7.34,-9.33,-7.70,-10.36,-8.14,-9.96,-8.87,-8.89,-7.70,-7.51,-9.10,-5.84,-12.62,-10.15,-9.50,-9.46,-9.29,-7.94,-9.87,-8.97,-7.65,-10.38,-10.23,-8.59,-7.11,-4.80,-7.67,-7.23,-7.80,-9.46,-9.96,-9.34,-4.64,-3.64,-7.64,-7.24,-8.50,-7.20,-8.25,-10.21,-10.10,-8,-8.41,-3.60,-6.76,-6.31,-5.56,-4.30,-7.62,-6.86,-8.36,-8,,-11.60,-4.50,-10.90,-8.50,,,,,,,,-7.20,-9.90,,-9.90,-10.10,-7.30,-9.67,,,,,,,,-8,-8.70,-9.50,-7.80,-6.50,,,,,-7.80,,-7.90,-6.80,-2.80,-4.70,-4.70,,,-8.70,,,-7.60,,,-5.20,-6.70,-5.70,-2.70,-7.10,-8.30,
2008-12-30 06:30,-12.20,-8.60,-8.35,-11.25,-7.90,-8.50,-8.48,-11.20,-5.13,-12.64,-8.54,-10.71,-2.63,-9.13,-8.86,-10.21,-11.34,-1.77,-15,-10.26,-5.89,-5.11,-17.20,,-9.63,-8.54,-8.44,-4.93,-13.59,-8,-9.83,-10.09,-5.54,-16.75,-16.81,-15.34,-13.84,-14.49,-8.27,-15.16,-4,,-8.03,-12.40,-16,-8.46,-9.30,-10.61,-13.67,-13.13,-16.89,-9.98,-14.29,-11.28,-16.32,-12.50,-15.88,-15.40,-14.12,-18.42,-17.39,-19.30,-14.86,-9.96,-15.83,-7.79,-1.54,-0.75,-5.50,-6.64,-6.23,-5.64,-8.27,-10.95,-7.66,-7.34,-8.50,-7.85,-6.43,-7.12,-9.38,-7.20,-10.30,-7.86,-9.81,-8.83,-8.74,-7.70,-7.55,-9.04,-5.80,-12.60,-10.12,-9.50,-9.53,-9.27,-7.78,-9.98,-8.32,-7.59,-10.07,-9.49,-8.46,-7.08,-4.82,-7.87,-7.10,-7.70,-9.44,-9.97,-9.43,-4.75,-3.72,-7.84,-6.96,-8.43,-7.20,-8,-10.42,-10.24,-7.90,-8.22,-3.66,-6.78,-6.35,-5.55,-4.50,-7.55,-7.05,-8.36,-8,,-11.80,-4.60,-10.80,-8.60,,,,,,,,-7.40,-9.40,,-9.80,-10.10,-7.20,-9.71,,,,,,,,-7.90,-8.60,-9.50,-7.90,-6.50,,,,,-7.60,,-7.80,-6.80,-2.80,-4.70,-4.80,,,-9,,,-7.40,,,-5.30,-7,-5.70,-2.80,-7,-8.20,
2008-12-30 06:40,-12.20,-8.86,-8.31,-11.32,-7.90,-8.42,-8.40,-11.10,-4.66,-12.60,-8.56,-10.49,-2.30,-9.35,-8.77,-9.90,-11.63,-1.50,-15.10,-10.64,-5.97,-4.65,-17.09,,-9.49,-8.62,-7.48,-4.28,-13.59,-8.10,-9.52,-10.03,-5.38,-16.63,-16.79,-15.35,-13.86,-14.50,-8.17,-15.02,-4.40,,-7.77,-12.42,-15.90,-8.59,-9.60,-10.30,-13.53,-13.22,-16.96,-10.06,-14.68,-11.30,-16.10,-12.65,-15.71,-15.50,-13.89,-18.42,-17.39,-19.30,-14.76,-9.97,-16.21,-7.60,0.01,-1,-5.60,-6.77,-6.02,-5.42,-8.29,-11.10,-7.78,-7.04,-8.40,-7.77,-6.25,-7,-9.46,-6.70,-10.14,-7.83,-9.51,-8.91,-9,-7.70,-7.64,-8.93,-5.69,-12.63,-10.21,-9.40,-9.71,-9.11,-7.92,-9.99,-8.26,-7.55,-10.01,-9.43,-8.03,-7.29,-4.83,-7.96,-7.05,-7.70,-9.36,-10.01,-9.58,-4.74,-3.72,-7.80,-7.01,-8.08,-7.20,-8.06,-10.65,-10.28,-8.20,-8.39,-3.70,-6.62,-6.64,-5.54,-4.50,-7.61,-6.51,-8.39,-8.10,,-11.50,-4.40,-10.80,-8.80,,,,,,,,-7.20,-8.90,,-9.90,-10.10,-7.20,-9.73,,,,,,,,-7.80,-8.60,-9.50,-7.60,-6.50,,,,,-7.60,,-7.80,-6.80,-2.90,-4.70,-4.90,,,-9.10,,,-7.30,,,-5.30,-7.10,-5.80,-2.90,-6.90,-8.20,
2008-12-30 06:50,-12.20,-8.97,-8.09,-11.23,-7.80,-8.32,-8.18,-11.10,-4.84,-12.65,-8.18,-10.39,-2.03,-9.44,-8.74,-9.78,-11.85,-1.93,-15.10,-10.63,-5.90,-4.72,-17.08,,-9.55,-8.68,-7.49,-4.48,-13.55,-8,-9.40,-10.04,-4.95,-16.66,-16.82,-15.25,-13.91,-14.62,-7.95,-15.08,-4.10,,-8.05,-12.46,-15.80,-8.71,-9.80,-9.95,-13.23,-13.10,-16.97,-11.35,-14.62,-11.38,-16,-12.66,-15.64,-15.60,-14.01,-18.57,-17.46,-19.20,-14.49,-9.78,-16.07,-7.67,-0.36,-0.98,-5.20,-7.64,-5.96,-5.03,-8.32,-11.20,-7.76,-6.86,-8.30,-7.75,-6.13,-6.93,-8.88,-6.70,-9.95,-8.18,-9.43,-8.74,-8.99,-7.70,-7.62,-9.26,-5.79,-12.39,-10.30,-9.40,-9.92,-9.33,-7.77,-9.99,-8.81,-7.52,-9.97,-9.35,-7.77,-7.44,-4.90,-8.12,-7.11,-7.60,-9.31,-10.06,-9.51,-4.64,-3.69,-7.94,-7,-7.94,-7.20,-7.97,-10.79,-10.36,-8.60,-8.16,-3.63,-6.43,-6.64,-5.66,-4.30,-7.70,-6.79,-8.65,-8,,-11.40,-5.10,-10.90,-8.80,,,,,,,,-7.10,-9.60,,-10.40,-10.20,-7.10,-9.75,,,,,,,,-7.80,-8.80,-9.60,-7.10,-6.40,,,,,-7.60,,-7.60,-7,-3,-4.80,,,,-9,,,-7.20,,,-5.30,-7.10,-5.90,-3,-6.70,-8,
2008-12-30 07:00,-12.10,-8.92,-8.13,-11.18,-7.80,-8.35,-8.25,-11.10,-4.50,-12.55,-7.73,-10.29,-2.25,-9.21,-8.64,-10.08,-11.65,-2.04,-15.10,-10.21,-6.12,-4.85,-16.61,,-9.48,-8.75,-7.18,-4.10,-13.59,-7.90,-9.30,-10.14,-5.09,-16.71,-16.90,-15.36,-13.93,-14.62,-7.59,-14.96,-4.50,,-7.85,-12.70,-15.60,-8.74,-10.10,-9.78,-13.39,-13.14,-16.90,-12.67,-14.65,-11.32,-16.16,-12.72,-15.47,-15.70,-13.78,-18.42,-17.50,-19.20,-14.54,-9.62,-15.84,-7.47,-0.96,-1.10,-4.90,-7.49,-5.09,-4.67,-8.14,-11.12,-7.61,-6.52,-8.20,-7.81,-5.98,-6.81,-7.36,-6.60,-9.96,-8.14,-9.51,-8.83,-8.92,-7.70,-7.66,-9.47,-5.60,-12.21,-10.17,-9.50,-10.01,-9.57,-7.63,-9.88,-8.93,-7.62,-9.95,-9.32,-7.53,-7.50,-5.03,-8.35,-7.25,-7.60,-9.38,-9.95,-9.31,-4.59,-3.78,-8.08,-6.97,-7.49,-7.20,-7.91,-10.82,-10.41,-8.40,-8.04,-3.60,-6.69,-6.97,-5.68,-4.10,-7.74,-6.81,-8.74,-8,-7.70,-11.10,-5.40,-10.80,-8.90,-11.80,-9.80,-11.10,-6.10,-9,-8.10,-7.30,-7,-9.60,-9.10,-10.50,-9.90,-7.20,-9.80,-9.20,-6.80,-6.40,-6.10,-8,-5.10,-6.40,-7.80,-8.80,-9.50,-6.90,-6.40,-8.60,-6.10,-5.80,-6.40,-7.60,-7.60,-7.60,-6.90,-3.10,-5,-4.80,-9.60,-8.70,-9,-8.60,-11.20,-7.10,-4.10,-4.70,-5.30,-7,-6.10,-2.90,-6.80,-7.50,-5.10
2008-12-30 07:10,-12,-8.90,-8.05,-11.12,-7.70,-8.41,-8.29,-11.10,-4.06,-12.67,-7.49,-10.14,-2.34,-9.07,-8.63,-10.22,-11.36,-1.01,-15,-10.27,-5.93,-5,-16.55,,-9.30,-8.89,-6.82,-3.95,-13.51,-7.50,-9.10,-10.05,-4.98,-16.44,-16.72,-15.43,-13.98,-14.69,-7.30,-14.85,-4.20,,-7.92,-12.56,-15.80,-8.82,-10,-9.73,-13.54,-12.81,-16.94,-12.84,-13.75,-11.23,-15.99,-12.49,-15.71,-15.60,-13.19,-18.31,-17.46,-19.10,-14.36,-9.33,-15.51,-7.09,-0.69,-0.87,-4.90,-7.07,-5.06,-4.51,-8.23,-10.97,-7.67,-6.37,-8.30,-7.59,-5.60,-6.71,-7.08,-6.50,-10.09,-8.10,-9.40,-8.61,-8.89,-7.60,-7.74,-9.45,-5.50,-12.04,-9.83,-9.40,-10.07,-9.51,-7.61,-9.89,-8.89,-7.62,-9.77,-9.19,-7.34,-7.34,-5.18,-8.50,-7.25,-7.50,-9.14,-9.81,-9.31,-4.51,-3.94,-8,-6.92,-6.90,-7.10,-7.82,-10.84,-10.49,-8.70,-7.87,-3.59,-6.56,-6.99,-5.79,-3.90,-7.63,-6.71,-9.13,-8,,-10.90,-5.10,-10.90,-8.90,,,,,,,,-6.90,-9.50,,-10.50,-9.90,-7.10,-9.58,,,,,,,,-7.70,-8.60,-9,-6.60,-6.40,,,,,-7.60,,-7.50,-6.70,-3.10,-5,-4.80,,,-9,,,-6.80,,,-5.10,-7.20,-6.20,-3,-6.80,-7.50,
2008-12-30 07:20,-11.70,-8.83,-8.02,-10.98,-7.60,-8.24,-8.01,-11,-3.63,-12.55,-7.87,-10.15,-2.11,-9.03,-8.45,-9.58,-11.02,-0.68,-15,-10.16,-5.86,-4.49,-16.39,,-8.90,-8.42,-6.47,-3.38,-13.40,-6.90,-9.20,-10.06,-4.53,-16.08,-16.60,-15.17,-13.99,-14.54,-6.78,-14.80,-4.80,,-8.61,-12.50,-15.40,-8.90,-9.70,-9.92,-13.18,-12.70,-16.74,-12.68,-14.10,-10.99,-15.89,-12.27,-15.66,-15.50,-13.22,-18.18,-17.28,-19,-13.84,-9.09,-15.87,-7.01,-0.68,-0.31,-4.80,-7.21,-5.04,-4.36,-8.33,-10.91,-7.64,-6.10,-8.40,-7.34,-5.50,-6.64,-6.78,-6.50,-10.05,-8.33,-9.17,-8.49,-8.88,-7.50,-7.60,-9.30,-5.38,-11.84,-9.64,-9.30,-10.02,-9.62,-7.08,-9.90,-8.68,-7.65,-9.65,-9.12,-7,-7.23,-5.13,-8.55,-7.14,-7.40,-8.80,-9.53,-9.11,-4.37,-4.03,-7.75,-7.01,-6.81,-7.10,-7.74,-10.73,-10.39,-8.80,-7.81,-3.61,-6.46,-6.83,-5.89,-3.90,-7.68,-6.50,-9.16,-7.60,,-10.90,-4.50,-10.90,-9,,,,,,,,-6.60,-9.20,,-9.80,-10,-7,-9.49,,,,,,,,-7.60,-8.40,-8.50,-6.40,-6.40,,,,,-7.60,,-7.20,-6.30,-3.10,-5.10,-4.80,,,-9,,,-6.70,,,-5,-7.40,-6,-2.90,-6.90,-7.40,
2008-12-30 07:30,-11.50,-8.33,-7.91,-10.83,-7.40,-8.09,-7.51,-10.70,-3.30,-12.47,-7.75,-9.24,-1.95,-8.88,-8.06,-8.51,-10.92,-0.76,-14.90,-9.94,-5.86,-3.92,-16.25,,-9,-8.08,-6.37,-3.11,-13.20,-6.50,-9.46,-9.94,-4.48,-15.81,-16.49,-14.99,-13.87,-14.44,-6.91,-14.74,-4.50,,-8.19,-12.30,-15,-8.85,-9.40,-9.80,-12.39,-12.51,-16.60,-12.60,-14.14,-10.95,-15.34,-12.56,-15.28,-15.30,-12.87,-17.85,-16.96,-18.60,-13.14,-8.63,-15.85,-6.45,-1.85,0.11,-4.50,-7.35,-4.83,-4.36,-8.07,-10.91,-7.26,-6.02,-8.60,-7.07,-5.30,-6.38,-6.60,-6.30,-9.65,-8.17,-8.84,-8.36,-8.78,-7.20,-7.58,-8.94,-5.18,-11.75,-9.33,-9,-9.95,-9.47,-6.70,-9.65,-8.57,-7.53,-9.28,-9.20,-6.93,-7.35,-5.26,-8.54,-6.98,-7.10,-8.72,-9.21,-8.78,-4.28,-4.22,-7.71,-7.11,-6.58,-7,-7.67,-10.47,-10.18,-8.70,-7.36,-3.62,-6.29,-7.03,-5.95,-3.90,-7.63,-6.37,-9.20,-7.50,,-10.50,-4.70,-10.90,-8.90,,,,,,,,-6.60,-8.80,,-9.60,-10,-6.50,-9.34,,,,,,,,-7.30,-8.10,-8.10,-6.60,-6.30,,,,,-7.40,,-7,-6.10,-3.10,-5.10,-4.80,,,-8.40,,,-6.70,,,-5,-7.40,-5.80,-2.90,-6.80,-7.30,
2008-12-30 07:40,-11.30,-7.61,-7.84,-10.68,-7.20,-7.90,-7.07,-10.60,-2.95,-12.17,-7.13,-8.77,-1.88,-8.94,-8.24,-8.45,-10.57,-0.62,-14.80,-9.64,-6.09,-3.02,-15.79,,-8.96,-8.21,-5.68,-2.98,-12.98,-6.40,-9.37,-9.83,-4.01,-15.72,-16.31,-14.79,-13.68,-14.34,-6.76,-14.76,-4.40,,-8.06,-12.34,-14.60,-8.74,-9,-9.52,-10.98,-12.38,-16.20,-12.60,-14.29,-10.79,-14.73,-12.33,-14.45,-15.10,-12.75,-17.15,-16.70,-18.10,-12.50,-8.13,-15.71,-5.65,-2.99,0.33,-4.80,-6.98,-4.91,-4.43,-7.93,-10.81,-6.81,-6.04,-8.70,-7.01,-5.10,-6.29,-6.55,-6.20,-8.97,-8,-8.29,-7.93,-8.59,-7.40,-7.52,-8.38,-5.06,-11.58,-9.01,-8.80,-9.35,-8.96,-6.96,-9.37,-8.50,-7.42,-8.64,-9.34,-6.86,-7.43,-5.34,-8.48,-6.81,-6.90,-8.58,-8.83,-8.39,-4.12,-4.29,-7.55,-7.07,-6.43,-7,-7.66,-10.39,-10.03,-8.60,-6.90,-3.51,-6.09,-7.09,-5.98,-3.80,-7.59,-6.23,-9.56,-7.40,,-10.40,-3.80,-10.80,-8.80,,,,,,,,-6.50,-8.20,,-9.70,-9.40,-6.10,-9.08,,,,,,,,-7,-7.80,-7.60,-6.40,-6.20,,,,,-7.30,,-6.80,-5.80,-3.20,-5.10,-4.80,,,-8.60,,,-6.60,,,-5.10,-7.30,-5.60,-2.80,-6.90,-7.40,
2008-12-30 07:50,-11,-7.22,-7.74,-10.14,-6.90,-7.82,-6.61,-10.20,-2.81,-11.60,-6.44,-9.54,-1.93,-9.11,-8.02,-8,-10.28,-0.72,-14.70,-9.49,-5.87,-2.44,-15.41,,-8.73,-8.05,-5.95,-3.02,-12.71,-6.30,-8.88,-9.61,-3.73,-15.59,-15.94,-14.64,-13.36,-14.15,-6.55,-14.68,-4.10,,-8.42,-11.63,-14.30,-8.53,-8.40,-9.19,-10.64,-11.88,-15.96,-12.28,-13.62,-10.61,-13.93,-11.99,-13.95,-14.80,-12.15,-16.45,-16.38,-17.40,-12.13,-7.86,-15.42,-5.59,-2.76,0.38,-4.80,-5.87,-4.65,-4.46,-7.58,-10.72,-6.95,-5.87,-8.80,-6.75,-4.90,-6.04,-6.46,-6.10,-8.44,-7.81,-7.59,-7.60,-7.86,-7.40,-7.54,-8.11,-4.81,-11.08,-8.89,-8.60,-8.66,-8.78,-7.06,-9.17,-8.33,-7.33,-7.47,-9.27,-6.88,-7.33,-5.31,-8.32,-6.68,-6.70,-7.96,-8.21,-8.10,-3.98,-4.39,-7.33,-6.98,-6.17,-6.90,-7.71,-10.33,-9.92,-8.20,-6.45,-3.54,-6.05,-7.19,-5.83,-3.60,-7.40,-6.11,-9.53,-7.20,,-10.10,-4,-10.70,-8.60,,,,,,,,-6.30,-7.40,,-9.30,-8.90,-5.80,-8.90,,,,,,,,-6.80,-7.40,-7,-6,-6,,,,,-7.20,,-6.50,-5.60,-3.20,-5.10,-4.70,,,-8.50,,,-6.20,,,-5,-6.90,-5.30,-2.60,-6.90,-6.60,
2008-12-30 08:00,-10.70,-6.99,-7.50,-10.01,-6.50,-8.03,-6.10,-9.70,-2.67,-11.01,-6.18,-9.07,-1.79,-8.88,-7.75,-7.40,-10.17,-0.55,-14.70,-9.03,-5.86,-1.33,-14.95,,-8.35,-7.81,-6.50,-3.05,-12.36,-6,-8.65,-9.44,-3.67,-15.34,-15.67,-14.44,-12.84,-14.03,-6.04,-14.47,-4.10,,-8.51,-11.05,-13.60,-8.40,-8.40,-8.59,-10.34,-11.16,-15.84,-11.61,-12.98,-10.35,-13.47,-11.71,-13.46,-14.40,-11.49,-15.37,-15.81,-16.40,-11.40,-7.69,-15.13,-5.62,-1.14,0.61,-4.60,-6.21,-4.69,-4.42,-6.91,-10.44,-6.80,-5.69,-8.60,-6.46,-4.60,-5.66,-6.28,-5.90,-7.91,-7.65,-7.49,-7.14,-7.47,-7.30,-7.44,-8.10,-4.46,-10.63,-8.63,-8.50,-8.47,-8.47,-6.76,-8.97,-8.16,-7.12,-6.81,-9.25,-6.59,-7.05,-5.28,-8.18,-6.52,-6.40,-7.24,-7.52,-8.05,-3.82,-4.30,-7.17,-6.81,-6.17,-6.80,-7.60,-10.24,-9.57,-8.10,-6.36,-3.51,-6.24,-7.19,-5.85,-3.40,-7.13,-6.03,-9.18,-7.20,-7,-9.60,-4.10,-10.50,-8.70,-11,-8.10,-10.80,-6.20,-8.80,-6.60,-7.20,-6.20,-6.90,-7.60,-9.10,-8.40,-5.70,-8.10,,-6.20,-6.10,-6,-6.80,-5.10,-5.70,-6.60,-7.20,-6.50,-5.40,-5.70,-9.10,-6.20,-4.80,-5.40,-6.90,-5.40,-6.10,-5.30,-3.30,-4.80,-4.50,-7.70,-8.20,-7.90,-7.40,,-6.10,-4.10,-4.40,-5,-6.80,-5.10,-2.60,-6.80,-7,-4.60
2008-12-30 08:10,-10.30,-6.58,-7.33,-9.88,-6,-7.98,-6.15,-9.20,-2.68,-10.66,-5.97,-8.54,-1.70,-8.39,-7.11,-6.99,-10.05,-0.66,-14.70,-8.51,-5.66,-0.88,-14.66,,-7.83,-7.72,-5.81,-3.68,-11.89,-5.60,-8.50,-9.17,-3.58,-15.27,-15.40,-14.24,-12.47,-13.93,-5.29,-14.42,-4.10,,-8.32,-10.61,-13.10,-8.28,-8.60,-7.71,-8.97,-10.10,-15.50,-11.42,-11.76,-10.05,-12.76,-11.33,-12.65,-13.60,-11,-14.28,-15.01,-15.80,-10.68,-7.62,-14.93,-5.46,-1.43,0.67,-4,-6,-4.89,-4.22,-5.47,-10.10,-6.57,-5.64,-8.50,-6.21,-4.50,-5.04,-6.22,-5.66,-7.29,-7.20,-7.16,-6.70,-7.54,-7.10,-7.45,-7.97,-4.08,-10.32,-7.78,-7.80,-7.87,-7.69,-6.53,-8.72,-8.10,-7.02,-5.74,-9,-6.21,-6.84,-5.25,-7.91,-6.40,-6,-7.01,-6.77,-8.22,-3.58,-4.19,-6.67,-6.71,-6.22,-6.70,-7.42,-10.11,-9.48,-7.90,-6.19,-3.52,-6.11,-7.09,-5.70,-3.30,-6.72,-5.29,-8.93,-7,,-8.70,-4.10,-10.20,-8.40,,,,,,,,-5.70,-6.80,,-9.10,-8.30,-5.20,-8.29,,,,,,,,-6.40,-6.80,-6.30,-4.90,-5.70,,,,,-6.90,,-5.60,-4.90,-3.30,-4.80,-4.30,,,-7.90,,,-5.90,,,-5,-6.70,-5,-2.60,-6.80,-7,
2008-12-30 08:20,-9.60,-5.81,-7.17,-9.60,-5.70,-7.81,-6.32,-8.60,-2.90,-10.28,-6.62,-8.28,-1.47,-8.22,-6.62,-6.47,-9.80,-0.52,-14.60,-8.12,-5.53,-0.28,-14.07,,-7.34,-7.43,-5.65,-4.11,-11.42,-5.10,-8.33,-8.91,-3.05,-14.99,-15.12,-14.09,-12.35,-13.73,-4.83,-13.85,-4.10,,-8.89,-10.17,-12.50,-8.06,-8.60,-7.02,-8.55,-9.75,-15.08,-11.15,-11.15,-9.59,-12.05,-11.05,-11.97,-12.90,-10.89,-13.38,-14.34,-14.90,-10.20,-7.34,-14.46,-5.40,-0.94,0.78,-3.60,-4.07,-4.24,-4.25,-4.86,-9.75,-6.34,-5.46,-8.40,-5.91,-4.34,-4.56,-6.05,-5.37,-6.87,-6.89,-6.81,-6.20,-7.21,-7.20,-7.26,-7.68,-3.75,-10.01,-7.07,-7.10,-7.55,-7.48,-6.23,-8.50,-8.10,-6.61,-4.86,-8.73,-5.78,-6.56,-5.14,-7.40,-6.16,-5.70,-6.62,-6.43,-7.80,-3.44,-4.22,-6.64,-6.71,-6.16,-6.50,-7.08,-9.47,-9.34,-7.50,-6.26,-3.53,-6.07,-7.03,-5.56,-3.10,-6.05,-4.89,-8.63,-6.80,,-8.50,-4.10,-9.60,-8,,,,,,,,-5.40,-6.20,,-8.50,-7.40,-4.80,-7.82,,,,,,,,-6.10,-6.40,-6,-4.50,-5.40,,,,,-6.90,,-5.20,-4.70,-3.30,-4.70,,,,-7.70,,,-5.80,,,-5.10,-6.50,-4.80,-2.60,-6.60,-7,
2008-12-30 08:30,-8.70,-5.15,-6.61,-9.39,-5.60,-6.97,-6.53,-8.20,-2.69,-9.48,-6.68,-8.33,-1.13,-7.69,-6.30,-6.12,-9.44,-0.65,-14.60,-7.20,-5.45,-0.22,-13.50,,-6.84,-7.17,-5.21,-4.39,-10.93,-5,-8.17,-8.64,-3.11,-14.82,-14.75,-13.84,-11.99,-13.24,-4.08,-13.81,-4.20,,-7.76,-9.98,-11.90,-7.96,-8.10,-6.71,-8.64,-10.37,-14.76,-10.76,-11.10,-9.40,-11.49,-10.70,-11.42,-12.20,-10.69,-12.91,-13.69,-14.20,-9.71,-7.25,-13.67,-5.15,-1.18,1.36,-3.30,-3.65,-4.13,-4.22,-4.43,-9.01,-5.95,-5.41,-8.40,-5.85,-4.04,-4.32,-5.98,-5.13,-6.36,-6.49,-6.51,-5.63,-5.99,-7.10,-6.99,-7.74,-3.80,-9.39,-6.57,-6.70,-7.05,-7.15,-5.82,-8.17,-8.06,-6.22,-4.44,-8.54,-5.36,-6.28,-5.08,-7.18,-5.88,-5.30,-6.02,-5.52,-7.51,-3.19,-4.17,-6.17,-6.39,-6.08,-6.40,-6.90,-9.04,-9,-7.10,-5.81,-3.44,-5.64,-6.97,-5.65,-2.90,-5.60,-4.89,-8.34,-6.60,,-7.20,-3.80,-8.90,-7.60,,,,,,,,-5,-5.70,,-7.80,-7.10,-4.70,-7.36,,,,,,,,-5.70,-6,-5.70,-4.40,-5.30,,,,,-6.70,,-4.90,-4.50,-3.30,-4.70,-3.90,,,-7.70,,,-5.60,,,-5,-6.20,-4.50,-2.60,-6.60,-6.90,
2008-12-30 08:40,-8,-5.72,-5.53,-8.99,-5.50,-6.18,-6.47,-7.70,-2.27,-9.05,-6.51,-7.41,-1.06,-7.38,-5.77,-5.81,-9.38,-1.17,-14.40,-6.99,-5.31,-1.11,-12.80,,-6.52,-6.60,-4.98,-4.14,-10.66,-4.50,-7.87,-8.39,-2.97,-14.62,-14.17,-13.43,-11.81,-12.94,-3.86,-13.55,-4,,-8.46,-9.90,-11.70,-7.95,-7.60,-6.25,-7.88,-10.31,-14.40,-10.21,-10.36,-9.07,-10.78,-10.13,-10.78,-10.90,-10.30,-12.05,-12.71,-14.10,-9.16,-7.23,-13.28,-4.96,-0.90,1.45,-2.30,-3.86,-2.49,-4.12,-3.96,-8.44,-4.78,-5.20,-8.30,-5.35,-3.87,-3.90,-5.61,-4.92,-5.94,-5.92,-6.02,-5.14,-5.48,-7.10,-6.93,-7.66,-3.70,-8.69,-5.76,-6.50,-6.54,-6.28,-5.41,-7.70,-7.87,-5.90,-4.07,-8.30,-5.02,-6.15,-4.91,-6.99,-5.60,-4.90,-5.55,-4.88,-7.27,-3.07,-4.10,-6.03,-6.43,-5.92,-6.20,-6.80,-8.44,-8.69,-6.60,-5.66,-3.31,-5.53,-6.78,-5.51,-2.70,-5.22,-4.40,-8.49,-6.30,,-7.10,-3.80,-8.50,-7.30,,,,,,,,-4.50,-5.20,,-6.50,-7.10,-4.40,-6.92,,,,,,,,-5.40,-5.80,-5.30,-4.10,-5.10,,,,,-6.50,,-4.60,-4.40,-3.40,-4.60,-3.80,,,-7.60,,,-5.60,,,-5.10,-6,-4.10,-2.60,-6.50,-6.80,
2008-12-30 08:50,-7.50,-6.15,-4.63,-8.44,-5.40,-5.77,-5.33,-7.30,-2.21,-8.45,-6.04,-6.99,-0.80,-7.32,-5.29,-5.66,-9.25,-2.39,-14.40,-6.53,-5.22,-1.18,-11.91,,-6.15,-5.95,-4.96,-3.31,-10.15,-4.40,-7.39,-8.12,-2.58,-14.35,-13.54,-12.94,-11.23,-12.65,-3.05,-13.15,-3.10,,-7.94,-9.34,-11,-7.98,-6.50,-5.94,-6.92,-9.63,-13.90,-9.68,-9.78,-8.56,-10.39,-9.76,-10.84,-10.90,-9.65,-11.06,-12.21,-13.30,-8.64,-7.10,-13.12,-4.63,-0.57,1.72,-2.40,-3.24,-3.43,-4.19,-3.63,-7.54,-3.76,-5.17,-8.10,-5.14,-3.53,-3.33,-5.31,-4.56,-5.53,-4.64,-5.46,-4.62,-4.92,-7,-6.81,-7.14,-3.40,-8.40,-5.22,-6.30,-6.07,-5.41,-5.06,-7.36,-7.75,-5.47,-3.80,-8.18,-4.78,-5.94,-4.71,-6.63,-5.30,-4.50,-5.09,-4.28,-6.91,-3.03,-3.83,-5.86,-6.10,-5.77,-6.10,-6.53,-7.80,-8.41,-6.10,-5.32,-3.23,-5.55,-6.59,-5.29,-2.40,-4.70,-4.19,-8.17,-6.10,,-6.80,-4.10,-8.50,-7.30,,,,,,,,-4.20,-4.90,,-6.20,-6,-3.80,-6.80,,,,,,,,-5,-5.50,-4.90,-3.90,-4.80,,,,,-6.30,,-4.20,-4.20,-3.30,-4.40,-3.60,,,-7.40,,,-5.60,,,-5.10,-5.70,-3.90,-2.60,-6.40,-6.90,
2008-12-30 09:00,-6.80,-5.97,-3.98,-8,-5.20,-5.70,-4.23,-7,-1.96,-8.09,-5.88,-6.64,-0.77,-7.26,-4.93,-5.59,-9.64,-2.92,-14.10,-6.33,-5.23,-1.01,-11.96,,-5.40,-5.41,-4.69,-1.27,-9.58,-4,-6.73,-7.67,-1.97,-14.13,-13.39,-12.79,-10.83,-11.89,-2.60,-12.70,-3.40,,-8.67,-9.01,-10.20,-8.08,-6.40,-5.99,-6.99,-8.89,-13.49,-9.50,-9.52,-8.04,-9.59,-9.48,-10.57,-9.60,-9.26,-10.46,-11.71,-12.60,-8.19,-7.03,-13.12,-4.56,-0.15,2.16,-2.60,-3.06,-3.36,-4.05,-3.27,-6.81,-2.91,-4.83,-7.90,-5.03,-3.22,-3,-5,-4.06,-5.12,-3.94,-5.48,-3.59,-4.64,-6.80,-6.72,-6.72,-3.38,-7.91,-4.68,-6.20,-5.70,-5.39,-4.66,-7.20,-7.58,-4.85,-3.57,-8.04,-4.38,-5.74,-4.56,-6.20,-5.13,-4,-4.82,-3.78,-6.45,-2.88,-3.64,-5.62,-6.02,-5.48,-5.90,-6.43,-7.27,-7.94,-5.70,-5.08,-3.13,-5.49,-6.14,-5.10,-2.20,-4.38,-4.05,-7.40,-5.90,-4.90,-5.90,-4.10,-8.20,-7.10,-8.40,,-7.10,-5.70,-4.20,-4.20,-5.90,-3.80,-5,-5.30,-5.20,-5.50,-3.30,-6.10,,-5,-4.10,-4.70,-5.40,-4.30,-4.70,-4.70,-5.10,-4.50,-3.50,-4.30,-7.30,-4.80,-3.90,-4.20,-5.90,-3.50,-3.80,-4,-3.20,-3.70,-3.40,-6.40,-6.20,-6.80,-6.30,-7.50,-5.50,-3.50,-3.50,-5.50,-5.50,-3.90,-2.50,-6.20,-6.70,-3.30
2008-12-30 09:10,-6.10,-5.59,-3.53,-7.39,-5.10,-5.64,-3.67,-6.60,-1.70,-7.53,-5.71,-6.27,-0.88,-7,-4.39,-5.37,-9.83,-3.22,-13.80,-5.85,-5.09,-0.72,-11.27,,-4.77,-4.97,-4.07,-0.62,-8.90,-3.70,-6.11,-7.41,-1.70,-13.58,-13.16,-12.59,-10.68,-11.31,-2.48,-12.57,-3.40,,-8.32,-8.59,-10,-8.05,-6.40,-5.97,-6.68,-8.47,-13.13,-9.04,-8.90,-7.70,-8.69,-9.30,-10.15,-8.60,-8.73,-9.67,-10.72,-11.80,-7.80,-7.02,-12.79,-4.44,-0.66,2.60,-2.10,-3.03,-3.17,-3.89,-3,-6.41,-2.52,-4.32,-7.80,-4.53,-2.90,-3.03,-4.58,-3.80,-4.72,-3.67,-5.56,-3,-4.29,-6.70,-6.76,-6.60,-3.02,-7.43,-4.35,-5.70,-5.27,-5.59,-4.37,-6.33,-7.36,-4.20,-3.42,-7.83,-4.01,-5.53,-4.50,-5.83,-4.81,-3.70,-4.60,-3.37,-5.99,-2.69,-3.61,-5.22,-5.92,-5.35,-5.70,-6.22,-6.79,-7.51,-5.40,-4.98,-3.09,-5.07,-5.82,-5.01,-2.10,-4.13,-3.99,-6.98,-5.70,,-5.20,-4.20,-7.90,-7.60,,,,,,,,-3.50,-4.60,,-5,-5.40,-3.20,-6.12,,,,,,,,-4.40,-4.70,-4,-3.40,-4.30,,,,,-5.90,,-3.60,-3.90,-3.20,-3.60,-3.30,,,-6.70,,,-5.50,,,-5.30,-5,-3.50,-2.50,-6.20,-6.70,
2008-12-30 09:20,-5.40,-5.26,-3.17,-6.87,-4.80,-4.88,-3.12,-6.40,-1.62,-6.80,-5.39,-5.85,-1.11,-6.42,-3.95,-5.10,-9.79,-3.15,-13.70,-5.62,-5.06,-0.42,-10.36,,-4.58,-4.46,-3.19,-0.21,-8.16,-3.30,-5.57,-7.14,-1.42,-13.40,-12.85,-12.18,-10.42,-10.67,-2.30,-12.26,-3.30,,-8.42,-8.58,-8.90,-7.83,-5.90,-5.73,-6.22,-8.18,-12.59,-8.82,-9.22,-7.38,-7.92,-8.96,-9.79,-7.50,-8.12,-9.36,-9.81,-11.20,-7.26,-6.91,-11.78,-4.76,-0.61,2.80,-1.30,-2.85,-3.26,-3.84,-2.62,-5.63,-2.30,-3.89,-7.70,-4.07,-2.49,-2.80,-4.20,-3.50,-4.27,-3.50,-5.17,-2.83,-4.02,-6.60,-6.47,-6.52,-2.74,-6.80,-3.96,-5.70,-4.75,-5.68,-4.17,-5.96,-6.97,-3.76,-3.26,-7.85,-3.64,-5.17,-4.16,-5.59,-4.40,-3.60,-3.94,-2.94,-5.37,-2.52,-3.61,-4.88,-5.90,-5.18,-5.70,-6.01,-6.17,-6.47,-5.20,-4.77,-3.13,-4.78,-5.53,-4.89,-1.90,-3.85,-3.81,-6.35,-5.60,,-5,-4.70,-7.60,-7.50,,,,,,,,-3.30,-4.50,,-4,-4.90,-3.50,-5.66,,,,,,,,-4.20,-4.50,-3.50,-3.10,-4.10,,,,,-5.80,,-3.50,-3.90,-3.20,-3.40,-3.10,,,-6.10,,,-5.40,,,-5.30,-4.60,-3.20,-2.40,-6,-6.80,
2008-12-30 09:30,-4.40,-4.66,-3.03,-6.49,-4.50,-4.33,-2.79,-6.10,-1.11,-6.47,-5.13,-5.27,-1.23,-5.75,-3.48,-4.50,-9.74,-3.44,-13.30,-5.20,-5.01,0.23,-9.35,,-4.85,-4.16,-2.08,-0.49,-7.88,-3,-5.05,-6.76,-1.54,-12.96,-12.43,-11.89,-10.10,-10.39,-2.53,-11.78,-3.30,,-8.54,-8.02,-8.70,-7.71,-5.30,-5.74,-5.49,-7.87,-12.14,-8.74,-8.39,-6.94,-7.39,-8.35,-9.28,-7.60,-8.02,-8.41,-9.37,-10.20,-6.75,-6.88,-11.41,-4.72,-0.52,3.06,-0.90,-2.37,-2.49,-3.63,-2.44,-4.99,-1.99,-3.58,-7.50,-3.59,-2.19,-2.25,-3.77,-3.10,-3.78,-2.87,-4.62,-1.93,-3.71,-6.60,-5.99,-6.34,-2.72,-6.06,-3.52,-5.40,-4.93,-5.50,-3.92,-5.56,-6.73,-3.36,-3.02,-7.80,-3.20,-4.60,-4.05,-5.41,-3.94,-3.20,-3.38,-2.77,-4.90,-2.38,-3.56,-4.71,-5.99,-5.01,-5.50,-5.76,-5.78,-5.91,-5.20,-4.61,-3.08,-4.61,-5.22,-4.70,-1.80,-3.60,-3.60,-5.90,-5.40,,-4.50,-4,-7.50,-7.30,,,,,,,,-3,-3,,-3.60,-4.90,-3.10,-5.28,,,,,,,,-3.80,-4,-3,-2.80,-3.80,,,,,-5.60,,-3.20,-3.70,-3.10,-3.20,-2.80,,,-5.60,,,-5.10,,,-4.90,-4.10,-3.20,-2.20,-5.90,-6.40,
2008-12-30 09:40,-3.30,-4.40,-2.70,-6.18,-4.30,-3.95,-3.05,-5.80,-1.57,-5.94,-4.54,-4.37,-1.23,-5.05,-3.09,-4.15,-9.88,-2.34,-13.10,-4.20,-4.87,0.96,-8.72,,-4.48,-3.90,-1.99,-1.03,-7.58,-3,-4.87,-6.42,-1.51,-12.59,-11.97,-12.05,-9.79,-9.93,-2.03,-11.46,-3.70,,-8.12,-7.39,-8.50,-7.71,-5,-5.90,-4.95,-7.42,-11.65,-8.69,-8.05,-6.39,-6.98,-8.28,-8.50,-6.70,-7.79,-7.57,-8.74,-9.40,-6.23,-6.95,-11.12,-4.84,-0.24,3.30,-1,-1.42,-2.17,-3.39,-2.26,-5.03,-1.68,-3.55,-7.30,-3.19,-2.04,-2.32,-3.22,-2.80,-3.21,-2.54,-3.98,-1.97,-3.58,-6.60,-5.80,-6.20,-2.44,-5.33,-3.26,-4.70,-4.78,-5.14,-3.57,-5.23,-6.57,-3.01,-2.75,-7.64,-2.61,-4.15,-3.92,-5.09,-3.62,-3,-2.88,-2.25,-4.64,-2.31,-3.38,-4.46,-5.97,-4.94,-5.30,-5.51,-5.54,-5.43,-5.10,-4.43,-2.96,-4.57,-4.97,-4.52,-1.60,-3.48,-3.49,-5.46,-5.20,,-2.50,-4.10,-7.10,-7.20,,,,,,,,-2.60,-2.50,,-3.10,-4.60,-2.90,-4.87,,,,,,,,-3.40,-3.70,-2.20,-2.90,-3.50,,,,,-5.30,,-3,-3.40,-3.10,-3,-2.60,,,-5.20,,,-4.80,,,-5.10,-4.40,-3.20,-2.10,-5.80,-6.10,
2008-12-30 09:50,-2.70,-4.18,-2.24,-5.87,-4.20,-4.34,-3.21,-5.80,-1.64,-5.46,-4.01,-3.82,-1.05,-4.19,-2.63,-3.95,-9.92,-1.42,-12.80,-3.73,-4.46,0.63,-8.59,,-4.28,-3.78,-3.39,-1.78,-7.13,-3.10,-4.41,-6.02,-1.39,-12.31,-11.64,-11.67,-9.42,-9.77,-1.48,-11.23,-3.20,,-7.96,-7.01,-7.40,-7.56,-4.70,-5.62,-4.99,-7.37,-11.25,-8.65,-8.29,-5.82,-6.03,-8.17,-7.78,-5.60,-6.82,-6.72,-7.74,-8.40,-5.72,-7.02,-10.55,-4.78,0.20,3.37,-0.80,-1.27,-1.92,-3.28,-2.09,-4.71,-1.31,-3.35,-7.10,-2.55,-1.82,-1.99,-2.94,-2.60,-2.86,-2.54,-3.52,-1.62,-3.48,-6.50,-5.34,-6.07,-2.27,-4.25,-3.32,-4.50,-4.54,-4.80,-3.27,-4.61,-6.25,-2.75,-2.63,-7.50,-2.12,-3.74,-3.73,-4.97,-3.36,-2.50,-2.55,-1.91,-4.49,-2.24,-3.34,-4.32,-5.80,-4.97,-5.20,-5.22,-5.28,-5.02,-5,-4.19,-2.78,-4.81,-4.74,-4.26,-1.50,-3.40,-3.37,-5.13,-5,,-2.60,-4.30,-6.50,-7.20,,,,,,,,-2.20,-2.30,,-2.50,-4.40,-2.70,-4.41,,,,,,,,-2.90,-3.40,-1.70,-2.80,-3.20,,,,,-5,,-2.90,-3.20,-3.10,-2.80,-2.30,,,-5.20,,,-4.70,,,-5,-4,-3,-2,-5.80,-6.10,
2008-12-30 10:00,-1.90,-3.88,-1.57,-5.25,-4.30,-4.68,-3.63,-5.60,-1.56,-5.19,-3.21,-3.75,-0.84,-3.87,-2.03,-3.62,-9.62,-1.03,-12.30,-3.46,-3.12,0.70,-8.36,,-3.93,-3.64,-3.54,-1.57,-6.70,-3.20,-4.24,-5.42,-1.34,-11.97,-11.36,-11.30,-8.92,-9.35,-1.46,-11,-2.90,,-8.27,-6.64,-7,-7.53,-3.80,-5.20,-5.05,-7.26,-10.76,-8.53,-8.13,-5.29,-5.44,-7.90,-7.46,-4.80,-6.70,-6.10,-7.09,-7.40,-5.42,-6.95,-9.74,-4.14,1.18,3.27,-0.50,-1.20,-1.27,-3.02,-1.91,-4.35,-1.07,-2.95,-6.80,-2.05,-1.66,-1.69,-2.61,-2.50,-2.59,-2.26,-2.22,-1.20,-3.15,-6.40,-5.18,-5.96,-2.29,-3.67,-2.60,-4.40,-4.17,-4.67,-3,-4.62,-5.81,-2.47,-2.42,-7.46,-1.63,-3.41,-3.54,-4.88,-2.89,-2.20,-2.18,-1.58,-4.34,-2.18,-3.26,-3.96,-5.36,-4.85,-5.10,-4.64,-4.73,-4.68,-4.80,-4.06,-2.49,-4.42,-4.31,-4.18,-1.50,-3.43,-3.20,-4.91,-4.80,-1.60,-2.60,-5,-6.30,-6.80,-5.90,-4,-4.40,-5.70,-1.70,-2.10,-4.40,-1.90,-1.60,-4,-1.90,-4.20,-2.60,-4.10,,-3.60,-1.80,-3.10,-3.30,-3.30,-3.10,-2.60,-2.90,-1.50,-2.70,-2.70,-3.90,-3.50,-3.30,-3,-4.30,-0.90,-2.70,-2.90,-2.90,-2.50,-2,-5.30,-3.80,-4.40,-4.50,-5.10,-4.60,-1.80,-2.20,-5,-3.90,-2.90,-1.80,-5.80,-5.20,-3.30
2008-12-30 10:10,-1.50,-3.53,-1.32,-4.60,-4.20,-4.75,-3.87,-5.20,-1.54,-4.47,-3.50,-3.56,-0.67,-3.26,-1.88,-3.46,-9.24,-0.50,-11.90,-3.30,-2.35,0.27,-7.79,,-3.32,-3.78,-3.54,-1.01,-6.20,-3,-3.86,-5.36,-1.53,-11.36,-10.78,-11,-8.28,-9,-1.40,-10.84,-2.70,,-8.17,-6.13,-6.20,-7.53,-3,-4.78,-4.60,-6.76,-10.40,-8.40,-7.28,-5.10,-4.82,-7.55,-6.92,-4.60,-6.73,-5.74,-6.56,-6.30,-4.90,-7.01,-8.83,-2.90,1.99,3.20,-0.30,-1.70,-0.64,-2.97,-1.67,-4.35,-0.91,-2.90,-6.40,-1.92,-1.39,-1.49,-2.45,-2.23,-2.52,-1.78,-2.28,-0.50,-2.82,-6.40,-4.51,-5.80,-2,-2.99,-2.15,-4.30,-3.76,-4.45,-2.85,-4.45,-5.30,-2.15,-2.24,-7.43,-1.30,-3.24,-3.50,-4.40,-2.60,-1.90,-1.45,-1.49,-3.93,-2.17,-3.14,-3.76,-5.24,-4.84,-5.10,-3.76,-4.58,-4.50,-4.50,-3.96,-2.56,-4.19,-4.12,-3.81,-1.10,-3.38,-3.14,-4.79,-4.60,,-2.30,-4.70,-5.90,-6.40,,,,,,,,-1.80,-1.50,,-2,-4.10,-2.20,-4.05,,,,,,,,-2.30,-2.60,-1.20,-2.60,-2.70,,,,,-4.30,,-2.50,-2.60,-2.80,-2.50,-1.80,,,-4.40,,,-4.60,,,-4.80,-3.80,-2.70,-1.80,-5.80,-5.20,
2008-12-30 10:20,-1.40,-3.63,-1.04,-4.05,-4.20,-4.62,-3.65,-5.10,-1.21,-3.92,-3.46,-3.37,-0.26,-3.33,-1.83,-3.46,-8.61,-0.14,-11.70,-2.60,-2.03,0.59,-7.36,,-3.03,-3.68,-3.47,-0.74,-6.05,-2.80,-3.56,-4.94,-1.97,-10.73,-10.31,-10.86,-8,-8.52,-1.78,-10.43,-2.30,,-8.90,-5.38,-5.40,-7.46,-3.20,-4.03,-3.47,-6.15,-9.96,-8.20,-6.07,-4.72,-4.87,-7.56,-6.66,-4.60,-5.84,-5.39,-6.74,-6.40,-4.67,-7,-8.43,-2.41,2.48,3.38,-0.20,-0.97,-0.80,-2.88,-1.39,-4.18,-0.76,-2.72,-6,-1.99,-1.32,-1.27,-2.28,-2.12,-2.52,-1.26,-2.64,-0.61,-2.57,-6.50,-4.44,-5.52,-1.46,-2.81,-1.52,-4,-3.16,-4.20,-2.61,-4.21,-5.30,-1.99,-1.98,-7.29,-0.98,-2.96,-3.63,-4.22,-2.32,-1.70,-1.17,-1.37,-3.55,-2.11,-2.99,-3.48,-4.97,-4.78,-5,-3.22,-4.36,-4.02,-4.40,-4.14,-2.49,-3.84,-3.80,-3.59,-1,-3.12,-3.40,-4.59,-4.50,,-2.10,-6,-5.70,-5.80,,,,,,,,-1.40,-2.10,,-2,-4.10,-2,-3.47,,,,,,,,-1.80,-2.40,-0.80,-2.30,-2.40,,,,,-3.90,,-2.30,-2.50,-2.70,-2.20,-1.60,,,-4.10,,,-4.40,,,-4.60,-3.30,-2.30,-1.70,-5.60,-5,
2008-12-30 10:30,-1.10,-3.49,-1.61,-2.73,-4.10,-4.41,-3.45,-4.80,-0.53,-3.23,-3.28,-3.03,0.03,-2.79,-1.49,-3.34,-8.37,0.03,-11.20,-2.87,-1.48,0.74,-7.35,,-3.27,-3.50,-3.14,-0.50,-5.87,-2.20,-3.51,-4.85,-2.22,-9.88,-9.85,-10.51,-7.55,-8.30,-1.65,-10.15,-2,,-7.86,-5.18,-4.60,-7.43,-3.40,-3.92,-2.39,-5.72,-9.53,-8.02,-6.33,-4.39,-5.16,-7.16,-5.90,-3.80,-5.45,-5.16,-6.32,-6.20,-4.32,-7.02,-7.88,-2.20,2.55,3.75,-0.10,-0.97,-0.56,-2.72,-1.06,-3.89,-0.76,-2.50,-5.60,-1.94,-1.15,-0.97,-1.93,-1.96,-2.25,-2,-2.64,-0.98,-2.61,-6.40,-4.36,-5.21,-1.22,-1.82,-0.96,-3.90,-2.68,-4.16,-2.34,-3.99,-4.88,-1.92,-1.94,-6.97,-0.48,-2.56,-3.53,-3.96,-1.94,-1.50,-1.07,-1.10,-3.21,-2.01,-2.83,-3.44,-4.66,-4.56,-4.80,-3.07,-4.07,-3.82,-4,-3.88,-2.41,-4.09,-3.29,-3.46,-1,-2.89,-3.28,-4.49,-4.30,,-2.50,-6.20,-5.40,-5.70,,,,,,,,-1.10,-2.30,,-1.80,-3.90,-2.10,-2.98,,,,,,,,-1.70,-2.30,-0.60,-2.10,-2.20,,,,,-3.60,,-2.20,-2.40,-2.50,-1.90,-1.40,,,-4,,,-4.30,,,-4.50,-3.30,-2,-1.70,-5.50,-5.10,
2008-12-30 10:40,-1.30,-3.28,-1.74,-1.42,-4,-4.29,-3.25,-4.20,-0.21,-2.96,-2.98,-3.09,0.33,-2.65,-1.15,-3.04,-8.03,-0.28,-10.70,-3.19,-1.18,0.98,-7.25,,-3.15,-3.50,-2.52,-0.55,-5.47,-2,-3.50,-4.89,-2.24,-10.11,-9.35,-10.20,-7.47,-8.16,-1.34,-9.80,-1.70,,-8.30,-4.85,-3.20,-7.38,-3.80,-4.33,-1.09,-4.54,-9.10,-7.65,-5.48,-4.13,-4.37,-6.66,-5.29,-3,-4.75,-4.35,-6,-6.50,-4.13,-7.18,-6.88,-1.91,2.80,3.93,0.50,-0.34,-0.30,-2.61,-0.39,-3.57,-0.73,-2.12,-5.10,-1.75,-1.10,-0.84,-1.91,-1.95,-1.88,-2.38,-2.15,-0.76,-2.67,-6.30,-4.38,-4.63,-1.19,-1.19,-2.16,-3.50,-2.63,-3.87,-2.09,-3.32,-4.68,-1.83,-1.76,-6.84,-0.03,-2.44,-3.39,-3.46,-1.65,-1.30,-0.70,-0.94,-2.89,-1.75,-2.84,-3.28,-4.59,-4.54,-4.60,-2.71,-3.76,-3.77,-4,-3.67,-2.24,-4.17,-3.17,-3.29,-1,-2.87,-3.43,-4.26,-4.10,,-2.50,-6.20,-5.10,-5.90,,,,,,,,-1.10,-1.90,,-1.50,-3.30,-2.20,-2.71,,,,,,,,-1.60,-1.80,-0.70,-1.90,-2,,,,,-3.40,,-2.10,-2.10,-2.40,-1.70,-1.20,,,-3.60,,,-4.20,,,-4.40,-3.10,-1.60,-1.50,-5.40,-4.90,
2008-12-30 10:50,-1,-3.03,-2.59,-0.98,-4,-4.41,-3.12,-3.30,-0.28,-2.40,-2.92,-2.94,0.38,-2.14,-1.14,-2.95,-7.55,-0.30,-10,-3.14,-0.71,0.77,-7.02,,-3.22,-3.24,-2.22,-0.62,-5.28,-1.80,-3.10,-4.47,-2.27,-9.99,-9.10,-9.96,-7.14,-7.88,-1.64,-9.31,-2.10,,-7.81,-4.83,-2.50,-7.25,-3.40,-4.49,-0.34,-2.54,-8.41,-7.34,-5.34,-3.78,-3.79,-5.78,-4.78,-2.40,-4.59,-4.19,-5.51,-6.40,-3.96,-7.25,-6.55,-1.63,3.06,4.09,0.80,0.53,-0.13,-2.72,0.05,-3.20,-0.62,-1.96,-4.20,-1.41,-0.83,-0.83,-1.77,-1.67,-1.94,-2.56,-1.39,-0.78,-2.59,-5.90,-4.15,-4.83,-1.31,-0.90,-1.17,-3.70,-2.62,-3.81,-1.98,-3.01,-4.44,-1.58,-1.58,-6.65,0.23,-2.44,-3.09,-3.07,-1.33,-1.30,-0.48,-0.55,-2.68,-1.42,-2.64,-3.08,-4.20,-4.41,-4.50,-2.32,-3.48,-4,-3.80,-3.67,-2.04,-4.08,-2.77,-3.29,-0.80,-2.85,-3.29,-4.14,-3.90,,-2.10,-6.10,-4.70,-5.70,,,,,,,,-1,-1.30,,-1.50,-3,-2.40,-2.73,,,,,,,,-1.40,-1.70,-0.10,-1.70,-1.90,,,,,-3.20,,-2,-1.90,-2.30,-1.70,,,,-3.20,,,-4,,,-4.40,-3,-1.40,-1.50,-5.20,-4.80,
2008-12-30 11:00,-0.60,-2.60,-2.48,-0.86,-3.80,-4.21,-2.99,-2.60,-0.13,-2.49,-2.54,-2.89,0.50,-1.92,-0.92,-2.97,-7.24,-0.62,-9.80,-2.41,-0.60,0.43,-6.63,,-2.68,-2.94,-2.12,0.31,-4.97,-1.40,-2.59,-3.95,-1.92,-9.73,-8.36,-9.70,-6.45,-7.39,-0.99,-8.92,-1.40,,-7.41,-4.57,-2.50,-7.25,-2.90,-4.49,-0.46,-1.79,-8.13,-7.13,-4.52,-3.39,-3.50,-5.93,-4.36,-1.80,-4.13,-3.85,-5.19,-6.50,-3.65,-7.30,-6.87,-2,2.91,4.24,1,0.74,0.09,-2.55,0.35,-3.14,-0.30,-1.77,-4.10,-1.04,-0.40,-0.44,-1.67,-1.40,-1.42,-2.34,-1.76,-0.44,-2.52,-5.50,-4,-4.61,-1.58,-0.69,-1.59,-3.50,-2.56,-3.04,-1.88,-2.88,-4.17,-1.34,-1.47,-6.64,0.52,-2.25,-3.07,-2.65,-0.95,-1.10,-0.28,-0.48,-2.50,-1.16,-2.34,-2.87,-3.93,-4.39,-4.40,-2.07,-3.28,-4.02,-3.70,-3.60,-2.06,-3.63,-2.71,-3.31,-0.80,-2.83,-2.82,-3.93,-3.70,-0.90,-1.70,-5.30,-4.40,-5.70,-4.50,,-0.50,-5.10,-0.90,-0.80,-2.60,-0.80,-0.40,-3.20,-1.40,-2.30,-2.10,-2.30,-2.30,-2.50,0.20,-1.90,-1.40,-2.20,-1.60,-1.20,-1.40,0,-1.70,-1.50,-3,-2.60,-2.40,-2.70,-2.70,0.50,-1.80,-1.80,-2.20,-1.40,-1,-3.50,-3,-3,-3.10,-2.90,-3.80,-1,-1.20,-4.20,-2.90,-1.40,-1.50,-4.70,-4.30,-2.30
2008-12-30 11:10,-1.10,-2.24,-2.48,-0.63,-3.80,-3.78,-2.82,-3.50,-0.06,-2.74,-1.95,-2.59,0.49,-1.73,-1.01,-3.06,-7.15,-0.75,-9.50,-2.53,-1,0.42,-6.14,,-2.75,-2.99,-2.03,0.32,-4.26,-1,-2.59,-3.63,-1.54,-9.33,-7.91,-9.31,-6.20,-7.43,-0.58,-8.49,-1.80,,-7.85,-3.70,-3.10,-7.25,-2.20,-4.39,-0.28,-1.31,-7.83,-7.05,-4,-3.12,-3.38,-5.77,-3.84,-1.40,-4.19,-3.60,-5.19,-6.50,-3.63,-7.33,-7,-2.19,2.96,4.30,1.10,0.20,0.01,-2.43,0.62,-2.72,-0.52,-1.61,-3.80,-0.68,-0.30,-0.49,-1.58,-1.17,-1.26,-2.15,-1.20,-0.15,-2.55,-5.10,-3.49,-4.09,-1.60,-0.48,-1.55,-3.30,-2.04,-3.38,-1.75,-2.68,-3.98,-1.25,-1.40,-6.44,0.74,-1.87,-2.78,-2.38,-0.80,-1,-0.18,-0.20,-2.34,-0.92,-2.19,-2.86,-3.85,-4.24,-4.30,-1.96,-3.15,-3.71,-3.40,-3.37,-2,-3.55,-2.53,-3.23,-0.10,-2.75,-2.66,-3.88,-3.60,,-1.60,-5.80,-3.20,-5.30,,,,,,,,-0.70,0,,-1.30,-2.40,-2,-2.17,,,,,,,,-1.10,-1.10,-0.20,-1.60,-1.50,,,,,-2.70,,-1.70,-1.50,-2.20,-1.40,-0.80,,,-3,,,-3.80,,,-4.20,-2.60,-1.40,-1.50,-4.60,-4.20,
2008-12-30 11:20,-0.90,-2.06,-2.02,-0.44,-3.70,-3.69,-2.64,-3.20,0,-2.44,-1.60,-1.81,0.14,-2.18,-1.76,-3.06,-7.21,-0.52,-8.80,-2.30,-1.09,0.36,-5.50,,-2.48,-2.93,-1.99,0.26,-3.82,-0.50,-2.02,-3.59,-1.31,-9.01,-7.44,-8.37,-5.86,-7.27,-1.08,-8.39,-1.80,,-7.16,-3.09,-2.60,-7.25,-3.50,-4.14,0.01,-1.02,-7.46,-6.92,-4.60,-2.80,-2.96,-5.64,-3.93,-1.20,-4.11,-3.51,-5.14,-5.70,-3.78,-7.35,-7.08,-2.12,3,4.53,1.10,-0.02,0.13,-2.45,0.47,-2.16,-0.48,-1.22,-3.60,-0.35,-0.20,-0.31,-1.53,-1.11,-1,-1.94,-1.08,0.12,-2.30,-4.90,-3.04,-4.02,-1.70,-0.18,-1.22,-3,-1.28,-2.92,-1.59,-2.79,-3.81,-1.07,-1.30,-6.10,1.03,-1.62,-2.48,-2.01,-0.48,-0.90,0.09,0.05,-2.23,-0.89,-2.22,-2.83,-3.74,-4.09,-4.20,-1.84,-2.97,-3.65,-3.30,-3.12,-2.24,-3.61,-2.21,-3.24,-0.10,-2.39,-2.63,-3.88,-3.30,,-1.80,-5.80,-2.60,-5.10,,,,,,,,-0.40,0.30,,-1.20,-2.60,-1.90,-2.06,,,,,,,,-1,-1.20,0,-1.30,-1.40,,,,,-2.70,,-1.70,-1.20,-2,-1.20,-0.40,,,-2.90,,,-3.70,,,-3.80,-2.70,-1.20,-1.40,-4.40,-3.90,
2008-12-30 11:30,-0.90,-1.88,-1.45,-0.46,-3.50,-3.35,-2.34,-2.90,0.22,-2.09,-1.72,-1.18,-0.08,-1.33,-1.73,-3.07,-7.14,-0.84,-8.60,-2.07,-1.20,1.02,-5.61,,-2.63,-2.65,-1.60,0.44,-3.49,-0.20,-1.95,-3.49,-1.16,-8.89,-7.46,-8.41,-5.58,-6.80,-1.03,-8.13,-2.10,,-7.27,-2.88,-2.80,-7.01,-4.30,-3.45,0.20,-1.11,-7.09,-6.52,-4.20,-2.50,-2.76,-5.22,-3.91,-1.10,-4.19,-3.16,-5.15,-5.30,-3.37,-7.30,-6.94,-2.12,3.20,4.47,1.70,0.24,0.52,-2.43,0.85,-2,-0.53,-1.03,-3.40,-0.07,0,-0.40,-1.48,-1.08,-1.09,-1.84,-1.25,0.02,-2.20,-4.50,-2.99,-3.98,-1.57,-0.09,-1.13,-2.80,-0.98,-3.11,-1.53,-2.59,-3.59,-1.02,-1.14,-5.88,1.23,-1.44,-2.43,-1.87,-0.25,-0.80,0.45,0.28,-2.10,-0.59,-2.03,-2.94,-3.48,-3.93,-4.10,-1.80,-3.04,-3.53,-3,-3.07,-2.43,-3.65,-2.12,-3.26,0.30,-2.30,-2.40,-3.88,-3.10,,-1.80,-6,-2.60,-5,,,,,,,,-0.40,-0.20,,-0.80,-1.80,-1.90,-2.17,,,,,,,,-0.80,-1.30,0.10,-1,-1.30,,,,,-2.60,,-1.50,-1,-1.90,-1,-0.20,,,-2.90,,,-3.70,,,-3.80,-3.10,-1.10,-1.30,-4.20,-3.40,
2008-12-30 11:40,-0.50,-2.06,-0.82,-0.41,-3.40,-3.29,-2.07,-1.80,0.34,-1.92,-2.15,-1,-0.26,-1.05,-2.02,-2.86,-6.85,-0.85,-8.60,-2.05,-1.02,1.01,-5.78,,-2.98,-2.50,-1.45,-0.09,-3.03,0,-1.36,-3.28,-1.18,-8.60,-7.17,-8.26,-5.57,-6.68,-0.48,-7.42,-2.20,,-7.06,-2.72,-2.10,-6.63,-4.30,-2.38,0.20,-1.04,-6.62,-6.21,-3.52,-2.35,-2.76,-5.05,-3.94,-0.90,-3.55,-2.92,-4.84,-5.40,-3.53,-7.31,-6.61,-2.07,3.29,4.57,1.80,1.07,0.36,-2.35,1.25,-1.77,-0.57,-1.08,-3.50,0.07,0.10,0.25,-1.55,-0.88,-0.83,-1.92,-0.84,-0.24,-1.95,-4,-3.04,-3.86,-1.58,0.08,-0.87,-2,-0.97,-2.97,-1.43,-2.31,-3.11,-0.85,-1.05,-5.80,1.58,-1.24,-2.09,-1.59,-0.28,-0.60,0.86,0.42,-1.81,-0.44,-1.96,-3,-3.31,-3.69,-4,-1.82,-2.61,-3.59,-2.90,-2.93,-2.27,-3.35,-2.10,-3.21,0.30,-2.31,-2.13,-3.95,-3.20,,-2.30,-4.80,-2.40,-4.70,,,,,,,,-0.30,-0.50,,-0.70,-1.20,-1.70,-2.08,,,,,,,,-0.70,-1.20,-0.10,-0.90,-1.20,,,,,-2.60,,-1.40,-0.70,-1.90,-1,-0.10,,,-2.70,,,-3.40,,,-3.60,-3,-1.10,-1.30,-4,-3.10,
2008-12-30 11:50,-0.10,-1.99,-0.66,-0.42,-3.30,-3.14,-2.16,-1.60,0.46,-1.55,-2.09,-1.28,-0.26,-0.58,-2.19,-2.74,-6.67,-0.73,-8.70,-1.23,-0.96,1.34,-5.68,,-3.09,-2.42,-1.17,-0.35,-2.68,0.10,-1.39,-3.17,-1.52,-8.21,-6.02,-7.96,-5.53,-6.35,-1.08,-6.54,-2.50,,-6.89,-2.61,-1.90,-6.60,-3.50,-2.25,0.32,-0.72,-6.42,-5.77,-2.91,-2.34,-3.07,-5.03,-3.86,-0.70,-3.26,-2.54,-4.57,-5.60,-3.34,-7.57,-6.49,-1.94,3.47,4.55,2.10,1.23,0.72,-2.39,1.45,-1.39,-0.45,-0.76,-3.40,0.25,0.30,0.40,-1.41,-0.85,-0.70,-1.68,-0.83,0.30,-1.43,-3.90,-2.71,-3.52,-1.55,0.27,-0.76,-2.40,-0.97,-2.81,-1.48,-1.78,-2.92,-0.66,-0.97,-5.54,1.65,-1.10,-2.01,-1.53,-0.14,-0.30,0.99,0.41,-1.58,-0.42,-1.97,-2.67,-3.30,-3.62,-3.90,-1.79,-2.29,-3.65,-2.80,-2.63,-2.31,-3.13,-1.93,-3.14,0.30,-2.30,-1.88,-3.72,-3,,-2,-4.60,-2.50,-4.50,,,,,,,,-0.30,-1,,-0.60,-1.50,-1.40,-1.60,,,,,,,,-0.60,-1.10,0.80,-0.70,-1.10,,,,,-2.30,,-1.30,-0.60,-1.80,-1,0.10,,,-2.40,,,-3.30,,,-3.50,-2.80,-1.10,-1.30,-3.80,-3.10,
2008-12-30 12:00,-0.10,-1.82,-0.48,-0.39,-3.10,-2.92,-2.04,-1.60,0.69,-1.12,-1.96,-1.25,-0.36,-0.30,-2.02,-2.80,-6.26,-0.74,-8.60,-0.59,-1.40,0.55,-5.53,,-3.09,-2.37,-1.05,-0.14,-2.62,0.30,-1.09,-3.11,-2.04,-7.61,-5.52,-7.54,-5.32,-5.75,-0.95,-6.45,-2.10,,-7.26,-2.15,-2.60,-6.55,-2.80,-2.02,0.40,-0.69,-6.22,-5.39,-2.63,-2.14,-3.40,-4.91,-3.70,0.50,-3.63,-2.47,-4.68,-5.20,-3.36,-7.38,-6.36,-2.07,3.66,4.68,2,1.07,0.99,-2.21,1.73,-1.22,-0.36,-0.17,-3,0.45,0.20,0.55,-1.22,-0.68,-0.55,-1.56,-0.51,0.23,-1.60,-3.80,-2.73,-3.35,-1.57,0.36,-0.64,-2,-0.93,-2.51,-1.54,-1.69,-2.90,-0.58,-1,-5.51,1.70,-0.93,-2.03,-1.63,-0.23,-0.30,1.20,0.50,-1.49,-0.34,-1.71,-2.51,-3.19,-3.81,-3.80,-1.50,-2.26,-3.56,-2.70,-2.77,-2.15,-3.32,-1.91,-2.90,-0.30,-2.35,-1.80,-3.59,-2.80,-1,-1.80,-4.60,-2.50,-4,-3.10,-2.20,2.70,-4.90,-0.30,0.20,-1.10,-0.20,0.20,-1.30,-0.40,-1.10,-1.60,-1,,-1.60,1.40,-1.30,-1.40,-1.20,-0.10,-0.50,-1,0.80,-0.70,-0.80,-1.90,-1.50,-1.50,-1.90,-2.10,0.90,-1.20,-0.50,-1.70,-0.90,0.10,-2.60,-2.50,-2.10,-2.10,-1.40,-3.30,-0.60,-0.20,-3.40,-2.40,-0.80,-1.30,-3.60,-3.20,-2.30
2008-12-30 12:10,0.10,-1.82,-0.04,-0.24,-2.95,-2.78,-1.83,-1.40,0.88,-0.43,-1.99,-0.93,-0.23,-0.85,-1.67,-2.69,-5.95,-0.64,-8.60,-0.26,-1.29,0.41,-5.26,,-2.97,-2.30,-1,0.28,-2.52,0.70,-0.46,-2.91,-2.27,-7.63,-5.94,-6.97,-5.42,-5.88,-1.01,-5.73,-2.30,,-7.47,-1.99,-2.80,-6.35,-3.10,-1.62,-0.05,-1,-5.97,-5.12,-3.37,-1.74,-3.23,-4.38,-3.17,0.20,-3.30,-2.42,-4.29,-5.10,-3.36,-7.51,-6.48,-2.13,3.72,4.60,2.60,1.11,0.78,-1.91,1.68,-1.22,-0.23,0.12,-2.60,0.62,0,0.59,-1.09,-0.53,-0.37,-1.17,-0.53,0.07,-1.42,-3.40,-2.54,-3.39,-1.26,0.46,-0.37,-2,-0.96,-2.38,-1.49,-1.73,-2.75,-0.40,-0.86,-5.54,1.74,-0.93,-1.81,-1.49,0.10,-0.10,1.33,0.55,-1.55,-0.31,-1.60,-2.60,-3.06,-3.78,-3.80,-1.35,-2.32,-3.26,-2.50,-2.78,-2,-3.16,-1.79,-2.85,-0.30,-2.56,-1.64,-3.35,-2.80,,-1.70,-4.30,-2.30,-3.70,,,,,,,,-0.10,0.10,,-0.40,-0.90,-1.50,-0.65,,,,,,,,-0.40,-0.80,0.60,-0.50,-0.80,,,,,-2,,-1.10,-0.40,-1.60,-0.80,0.40,,,-2.10,,,-3.30,,,-3.30,-2.70,-0.80,-1.30,-3.60,-3.20,
2008-12-30 12:20,0.20,-1.79,-0.02,-0.29,-2.79,-2.82,-1.90,-0.80,1.32,-0.27,-1.79,-0.95,-0.07,-0.61,-1.39,-2.55,-5.74,-0.45,-8.50,-0.06,-1.64,0.14,-4.39,,-2.87,-2.18,-0.63,-0.46,-2.60,0.80,-0.96,-2.65,-2.43,-7.36,-6.03,-6.51,-5.42,-5.90,-0.47,-5.59,-2.40,,-7.69,-2.01,-2.70,-6.21,-2.90,-1.09,-0.24,-0.85,-5.87,-4.80,-3.55,-1.56,-3.28,-4.13,-2.89,-0.30,-3.77,-2.04,-3.98,-4.70,-3.02,-7.66,-6.36,-2.18,3.56,4.35,2.30,1.22,1.34,-1.98,1.60,-1.18,0.12,0.30,-1.70,0.60,0,0.71,-1.13,-0.41,-0.37,-1.41,-0.60,-0.11,-1.60,-3.90,-2.47,-3.35,-1.06,0.48,-0.20,-1.80,-0.80,-1.92,-1.52,-1.61,-2.58,-0.32,-0.95,-5.42,2.14,-0.98,-1.56,-1.34,0.10,-0.10,1.28,0.71,-1.37,-0.16,-1.45,-2.45,-2.84,-3.49,-3.70,-1.32,-2.43,-3.06,-2.50,-2.69,-2.04,-2.82,-1.74,-2.70,-0.40,-2.61,-1.35,-3.55,-2.80,,-1.80,-3.80,-2,-3.60,-2,,,,,,,-0.10,0.80,,-0.20,-1.30,-1.50,-0.33,,,,,,,,-0.20,-0.60,0.70,-0.40,-0.70,,,,,-1.90,,-1,-0.20,-1.40,-0.80,0.40,,,-2,,,-3.20,,,-3.20,-2.20,-0.80,-1.40,-3.50,-3.30,
2008-12-30 12:30,0.10,-1.76,0.04,-0.44,-2.75,-2.71,-1.90,-1.20,1.90,-0.32,-1.32,-1.07,0.02,-0.51,-0.42,-2.42,-6.10,-0.46,-8.30,0.24,-1.94,0.29,-4.38,,-2.62,-2.15,-0.23,-0.69,-2.32,0.50,-1.33,-2.37,-2.28,-7.04,-5.82,-6.30,-5.24,-6.12,0.04,-5.62,-2.80,,-7.63,-2.26,-1.90,-5.76,-2.40,-1.97,-1.44,-0.65,-5.65,-4.49,-3.60,-1.30,-3.66,-3.94,-2.78,0,-4.13,-2.08,-4.47,-4.90,-2.96,-7.61,-6.36,-2.23,3.64,4.10,2.90,1.36,0.70,-1.98,1.50,-1.06,0.22,0.47,-0.90,0.62,0,0.77,-1.05,-0.49,-0.37,-1.38,-0.30,0.35,-1.55,-3.70,-2.76,-3.19,-0.85,0.54,-0.11,-1.90,-0.80,-1.93,-1.54,-1.56,-2.57,-0.37,-0.72,-5.41,2.12,-1.10,-1.57,-1.14,0.20,0.10,1.34,0.91,-1.17,-0.13,-1.28,-2.38,-2.69,-3.28,-3.70,-1.33,-2.47,-3.12,-2.50,-2.65,-2.19,-2.86,-1.76,-2.60,-0.30,-2.55,-1.37,-3.38,-2.80,,-2.10,-4,-2,-2.80,-1.70,,,,,,,-0.20,0.10,,0,-1,-1.40,-0.18,,,,,,,,-0.10,-0.60,0.20,-0.50,-0.60,,,,,-1.90,,-0.90,-0.20,-1.30,-0.70,0.40,,,-1.90,,,-3.10,,,-3,-2.10,-0.90,-1.30,-3.50,-3.30,
2008-12-30 12:40,-0.10,-1.62,-0.05,-0.50,-2.67,-2.57,-1.87,-1.10,1.81,0.02,-1.10,-0.95,0.02,-1.13,0.52,-2.18,-6.09,-0.54,-8.10,-0.50,-2.23,0.47,-4.47,,-2.61,-2.05,-0.25,-1.24,-1.85,0,-1.68,-2.46,-2.01,-6.95,-5.69,-6.50,-5.19,-6.08,-0.06,-5.47,-3.10,,-7.23,-2.11,-1.60,-5.25,-3.30,-3.09,-1.28,-0.31,-5.47,-3.85,-3.58,-1.10,-3.65,-3.54,-3.05,0.30,-4.40,-1.68,-4.79,-4.90,-2.71,-7.53,-6.26,-2.21,3.56,4.01,3.60,1.48,0.80,-2.04,1.54,-0.93,-0.19,0.52,-0.60,0.68,0,0.84,-0.99,-0.51,-0.24,-1.19,0.36,1,-1.78,-3.90,-2.85,-3.24,-0.72,0.39,-0.17,-1.90,-0.61,-1.78,-1.24,-1.56,-2.53,-0.34,-0.79,-5.34,2.08,-1.03,-1.51,-0.94,0.34,0.20,1.36,1,-1.14,-0.36,-0.99,-2.39,-2.56,-3.50,-3.70,-1.02,-2.34,-3.16,-2.50,-2.60,-2.38,-2.80,-1.66,-2.64,-0.40,-2.60,-1.32,-3.36,-2.80,,-2,-3.70,-1.80,-3.20,-2.10,,,,,,,-0.30,-0.30,,0,-1,-1.50,-0.02,,,,,,,,-0.10,-0.60,0.30,-0.60,-0.50,,,,,-1.90,,-1,-0.20,-1.40,-0.60,0.60,,,-1.80,,,-3.10,,,-2.90,-2.20,-0.80,-1.20,-3.40,-2.80,
2008-12-30 12:50,-0.40,-1.64,-1.08,-0.75,-2.42,-2.32,-1.82,-1.50,1.85,0.33,-1.13,-0.92,0.03,-2.07,0.09,-1.96,-5.98,-0.25,-8,-1.16,-2.60,0.51,-4.25,,-2.66,-2.20,-0.60,-1.25,-1.88,-0.10,-1.87,-2.35,-2.05,-6.95,-5.40,-5.90,-5.29,-5.92,-0.11,-4.83,-2.60,,-6.97,-2.35,-2,-5.41,-3.70,-3.44,-0.79,-0.34,-5.26,-4.28,-2.97,-0.87,-3.90,-3.11,-2.94,0.60,-4.48,-1.61,-5.05,-4.20,-2.54,-7.56,-6.39,-2.59,3.48,3.94,3.50,1.65,1.02,-1.80,1.68,-0.77,0,0.74,-0.50,0.61,0.10,0.82,-1.01,-0.38,-0.27,-1.09,0.69,0.90,-1.78,-3.70,-2.81,-3.03,-1.01,0.37,-0.11,-1.90,-0.70,-1.19,-1.23,-1.59,-2.61,-0.30,-0.80,-5.34,2.18,-1.01,-1.42,-0.60,0.43,0.30,1.29,0.90,-1.07,-0.51,-0.81,-2.40,-2.52,-3.65,-3.70,-1.01,-2.48,-2.98,-2.60,-2.61,-2.61,-2.81,-1.66,-2.57,-0.30,-2.79,-1.58,-3.43,-2.70,,-2,-3,-2,-3.20,-2,,,,,,,-0.20,-0.70,,0,-1,-1.40,-0.13,,,,,,,,-0.10,-0.50,0.20,-0.70,-0.60,,,,,-1.90,,-0.80,-0.10,-1.20,-0.60,,,,-1.70,,,-3.10,,,-2.70,-2.50,-0.80,-1.40,-3.40,-2.70,
2008-12-30 13:00,-0.50,-1.73,-1.41,-1.27,-2.45,-2.42,-1.84,-1.60,1.88,0.58,-0.91,-0.72,0.03,-2.86,-0.19,-1.81,-5.89,-0.33,-8,-1.23,-2.77,1,-4.11,,-2.63,-2.15,-0.77,-0.85,-2.01,-0.70,-2.48,-2.52,-1.94,-6.56,-5.52,-5.83,-5.38,-5.65,-0.28,-3.83,-2.50,,-7.23,-2.85,-1.70,-5.45,-3.80,-3.54,-0.76,-1.15,-5.17,-4.71,-1.92,-0.50,-4.16,-3.07,-2.55,0.10,-4.87,-1.76,-5.42,-3.40,-3.01,-7.61,-6.36,-3.22,3.39,3.70,3.20,1.47,1.09,-1.72,1.86,-0.71,0.16,1,-0.40,0.58,0.10,0.92,-0.95,-0.30,-0.06,-1.09,-0.02,0.86,-1.94,-3.50,-2.62,-2.85,-1.09,0.51,0.23,-1.70,-0.41,-1.40,-1.30,-1.31,-2.58,-0.39,-0.85,-5.16,2.25,-0.98,-1.35,-0.23,0.49,0.20,1.03,1,-1.09,-0.76,-0.66,-2.37,-2.50,-3.73,-3.70,-1.20,-2.51,-3.12,-2.70,-2.73,-2.69,-2.94,-1.81,-2.63,-0.30,-2.92,-1.08,-3.65,-2.70,-1.30,-1.90,-2.90,-2,-3.30,-1.90,-1.90,3.40,-4.90,0,0,-0.60,0,-0.80,-0.90,0.10,-0.90,-1.30,-0.50,,-1.10,2.30,-1.10,-1.30,-0.10,0,0,-0.60,0.40,-0.60,-0.60,-1.20,-1.40,-1.30,-1.20,-1.70,0.70,-0.90,-0.20,-1.50,-0.70,0.20,,-2.20,-1.90,-1.70,-1.20,-3.10,-0.40,0.10,-2.70,-2.80,-0.90,-1.60,-3.40,-3,-2.20
2008-12-30 13:10,-0.70,-1.65,-1.36,-1.61,-2.18,-2.09,-1.92,-1.90,1.76,0.45,-0.79,-0.60,0.05,-3.56,-0.66,-1.66,-5.85,-0.36,-7.40,-0.83,-2.80,1.28,-4.10,,-2.46,-2.10,-0.75,-0.72,-2.02,-0.80,-2.89,-2.55,-2.06,-5.76,-5.19,-5.90,-5.40,-5.39,0.02,-3.97,-2.60,,-7.38,-3.41,-2.60,-5.48,-3.50,-3.96,-1.59,-0.98,-5.06,-4.55,-2.06,-0.42,-4.48,-2.81,-2.65,0.20,-4.99,-1.84,-6.39,-3.40,-3.29,-7.58,-6.29,-3.54,3.50,3.66,3.40,1.26,1,-1.67,2.02,-0.98,0.36,1.21,-0.40,0.79,0,0.81,-0.85,-0.30,0.05,-1.03,-0.23,0.87,-1.77,-3.60,-2.48,-2.80,-1.18,0.77,0.25,-1.80,-0.55,-1.64,-1.38,-1.36,-2.51,-0.41,-0.88,-5.08,2.42,-0.95,-1.30,-0.08,0.68,0.20,1.08,0.90,-1.15,-1.07,-0.59,-2.20,-2.30,-3.76,-3.60,-1.26,-2.56,-3.22,-2.90,-2.62,-2.65,-3.18,-1.79,-2.61,-0.30,-3.02,-1.26,-3.71,-2.80,,-1.70,-3,-1.90,-3.50,-1.50,,,,,,,0,-0.80,,0.10,-0.80,-1.20,-0.69,,,,,,,,-0.10,-0.50,-0.10,-0.70,-0.60,,,,,-1.70,,-0.80,-0.20,-1.50,-0.70,0.10,,,-1.90,,,-3.10,,,-2.30,-3,-1,-1.60,-3.40,-3,
2008-12-30 13:20,-0.70,-1.35,-1.05,-1.93,-2.21,-2.21,-1.92,-2.60,1.40,0.31,-0.65,-0.50,0.07,-3.60,-1.27,-1.34,-5.93,-0.48,-7.10,-1.34,-3.05,0.71,-4.11,,-2.40,-2.19,-0.57,-0.88,-2.05,-1,-3.13,-2.53,-2.15,-4.89,-5.32,-5.49,-5.19,-5.33,0.06,-4.43,-3.20,,-7.41,-3.75,-3.20,-5.25,-3.50,-4.29,-1.39,-1.33,-4.88,-4.70,-2.43,-1.18,-5.38,-2.64,-2.88,0.50,-5.39,-2.01,-7.01,-4.60,-3.82,-7.53,-6.42,-3.70,3.35,3.49,3.50,1.30,1.04,-1.59,1.87,-0.98,0.18,1.41,-0.80,0.80,0,0.61,-0.95,-0.40,-0.06,-0.94,-0.23,0.79,-1.65,-3.30,-2.52,-2.69,-1.21,0.83,0.27,-1.80,-0.59,-1.88,-1.41,-1.33,-2.41,-0.38,-0.65,-4.99,2.32,-1.02,-1.40,0.15,0.90,0.10,0.94,0.74,-1.32,-1.40,-0.45,-2.36,-2.10,-3.83,-3.80,-1.30,-2.45,-3.18,-3,-2.58,-2.80,-3.30,-1.83,-2.57,-0.40,-3.11,-1.73,-3.72,-2.90,,-1.80,-3.30,-1.90,-3.50,-1.60,,,,,,,0,-0.90,,0.10,-0.70,-1.40,-1.02,,,,,,,,0,-0.50,-0.30,-0.80,-0.70,,,,,-1.80,,-0.70,-0.30,-1.70,-0.70,-0.10,,,-1.60,,,-3.20,,,-1.90,-3,-1.20,-1.70,-3.60,-3.20,
2008-12-30 13:30,-0.80,-1.28,-1.04,-2.20,-2.40,-2.03,-2.03,-3.20,1.66,0.20,-0.72,-0.71,0,-3.57,-1.85,-1.25,-6.05,-0.43,-6.90,-1.51,-3.15,0.31,-4.51,,-2.43,-2.31,-0.82,-1.12,-2.03,-0.90,-3.30,-2.40,-1.98,-5.38,-5.07,-6.20,-5.11,-5.47,-0.12,-4.90,-3.90,,-7.68,-4.08,-4,-5.03,-3.60,-4.39,-2.10,-2.16,-4.86,-4.73,-2.78,-1.21,-6.49,-2.73,-3.50,-0.60,-5.51,-2.21,-7.53,-5.70,-4.70,-7.31,-6.52,-3.14,3.05,3.40,3.10,1.21,1.05,-1.77,1.86,-0.95,0.20,1.66,-0.90,0.84,-0.10,0.32,-0.98,-0.50,-0.21,-1.04,-0.38,0.71,-1.68,-3.30,-2.38,-2.60,-1.46,0.68,0.05,-1.90,-0.44,-2.07,-1.53,-1.26,-2.33,-0.46,-0.58,-4.97,2.21,-1.08,-1.52,0.19,0.99,-0.10,0.77,0.63,-1.34,-1.62,-0.28,-2.45,-2.07,-3.92,-3.80,-1.65,-2.60,-3.51,-3.40,-2.86,-3,-3.40,-1.83,-2.76,-0.40,-3.19,-2.18,-3.64,-3.20,,-2.20,-3.70,-1.80,-3.60,-1.50,,,,,,,-0.30,-0.50,,0.10,-1.10,-1.40,-1.19,,,,,,,,0,-0.40,-0.50,-0.90,-0.80,,,,,-2,,-0.90,-0.40,-1.80,-0.60,,,,-1.70,,,-3.40,,,-2.40,-2.70,-1.30,-1.80,-3.60,-3.40,
2008-12-30 13:40,-0.80,-1.50,-1.01,-2.43,-2.87,-1.97,-2.17,-3.50,1.72,0.11,0.04,-0.77,-0.26,-3.84,-2.04,-1.43,-6.40,-0.46,-6.70,-1.70,-3.16,0.43,-4.92,,-2.54,-2.34,-1.06,-1.47,-2.14,-1.30,-3.72,-2.36,-2.10,-5.57,-5.05,-5.51,-5.26,-5.35,-0.26,-4.64,-3.50,,-9.08,-4.14,-4.50,-5.31,-3.50,-4.44,-2.89,-2.99,-4.77,-5.24,-2.49,-0.98,-7.30,-2.56,-4.16,-1,-5.82,-2.75,-7.66,-6.30,-5.52,-7.11,-6.61,-3.18,3.01,3.30,3.90,1.35,0.52,-1.91,1.86,-1.26,0.18,1.59,-0.90,0.59,-0.20,0.18,-1,-0.70,-0.35,-1.12,-0.55,0.20,-1.45,-3.50,-2.40,-2.59,-1.37,0.89,0.25,-1.90,-0.33,-2.13,-1.65,-1.44,-2.39,-0.43,-0.74,-5.05,2.05,-1.31,-1.61,0.25,0.95,-0.20,0.40,0.55,-1.50,-1.88,-0.27,-2.68,-1.94,-3.96,-4,-1.83,-2.83,-3.43,-3.60,-2.90,-3,-3.65,-1.82,-2.80,-0.40,-3.39,-2.36,-3.67,-3.40,,-2.20,-4,-1.60,-3.80,-1.80,,,,,,,-0.30,-0.20,,0,-1.30,-1.50,-1.29,,,,,,,,-0.10,-0.50,-0.70,-1.10,-1,,,,,-2,,-0.70,-0.50,-1.80,-0.60,0.10,,,-1.90,,,-3.40,,,-2.60,-3,-1.40,-1.90,-3.70,-3.60,
2008-12-30 13:50,-0.90,-2.08,-0.84,-2.58,-2.97,-1.95,-2.33,-3.70,1.70,-0.12,-0.04,-0.80,-0.04,-3.98,-2.24,-1.60,-6.76,-0.43,-7.10,-2.08,-3.28,0.31,-5.58,,-2.64,-2.36,-1.18,-1.81,-2.56,-1.70,-3.91,-2.42,-2.18,-5.63,-5.15,-5.78,-5.36,-5.25,-0.45,-5.11,-3.40,,-8.11,-4.26,-5.40,-5.65,-3.90,-4.52,-3.56,-3.48,-4.81,-6.80,-2.68,-1.03,-7.94,-2.60,-4.49,-1.40,-6.34,-3.71,-8.16,-6.90,-6,-6.97,-6.85,-3.40,3.08,3.31,3.20,1.48,0.26,-1.94,1.91,-1.51,-0.10,1.43,-1.10,0.51,-0.30,-0.13,-1.11,-0.70,-0.55,-1.03,-1.10,0.52,-1.78,-3.40,-2.44,-2.61,-1.38,0.55,-0.02,-2.10,-0.98,-2.22,-1.85,-1.54,-2.65,-0.37,-1.36,-5,1.84,-1.46,-2.08,0.38,0.86,-0.20,-0.17,0.12,-1.73,-2.09,-0.37,-2.70,-2.05,-4.08,-4.20,-1.91,-3.14,-3.48,-4.10,-3.27,-3.38,-3.95,-1.95,-2.88,-0.50,-3.61,-2.31,-3.99,-3.60,,-2.20,-3.90,-1.90,-3.80,-1.80,,,,,,,-0.30,-0.30,,0,-1.60,-1.60,-1.43,,,,,,,,-0.30,-0.60,-1,-1.20,-1.10,,,,,-1.90,,-0.70,-0.70,-1.80,-0.60,-0.20,,,-2.10,,,-3.60,,,-2.70,-3.20,-1.50,-1.90,-3.70,-3.70,
2008-12-30 14:00,-1,-3.14,-0.92,-2.87,-3.17,-2.17,-2.44,-3.80,1.50,-0.28,-0.14,-1.16,-0.02,-4.18,-2.31,-1.72,-6.71,-0.47,-7.50,-2.27,-3.56,0.26,-6.29,,-2.65,-2.54,-1.30,-2.02,-2.88,-1.80,-3.86,-2.70,-2.30,-5.74,-5.56,-6.61,-6.11,-5.40,-0.80,-5.61,-3.30,,-8.33,-4.32,-6,-5.73,-4.20,-4.55,-3.96,-4.20,-4.92,-7.32,-3.25,-1.28,-8.69,-3.20,-4.60,-2.70,-6.75,-4.55,-8.25,-7.50,-6.68,-6.68,-6.76,-3.25,3.13,3.25,3,1.47,-0.06,-2.11,1.82,-2.14,-0.39,0.96,-1,0.34,-0.60,-0.43,-1.53,-0.90,-0.76,-1.06,-1.90,0.11,-2.09,-3.50,-2.56,-2.70,-1.52,-0.22,-0.34,-2.30,-1.63,-2.34,-2.05,-1.78,-2.89,-0.49,-1.76,-4.87,1.60,-1.73,-2.28,0.35,0.74,-0.40,-0.46,-0.39,-1.83,-2.36,-0.24,-2.92,-2.37,-4.18,-4.30,-2.27,-3.19,-3.74,-4.50,-3.55,-3.64,-3.89,-2.02,-2.87,-0.50,-3.74,-2.56,-4.09,-3.90,-1.10,-2.50,-3.80,-2,-3.80,-2.60,-2.80,2.80,-4.60,-0.30,0,-1,-0.50,-0.60,-2.10,-0.60,-1.70,-1.70,-0.70,-1.80,-1,1.50,-1.40,-1.10,-0.10,-0.50,-0.30,-0.60,-1.10,-1.40,-1.50,-1.20,-2,-1.40,-1.50,-2.10,-0.30,-0.80,-0.90,-2,-0.90,-0.30,-3.40,-2.70,-2.50,-2.80,-2.60,-4.30,-0.70,-0.40,-2.80,-3.20,-1.70,-2.10,-4,-4.30,-3.70
2008-12-30 14:10,-1.20,-3.98,-1.21,-3.09,-3.30,-2.41,-2.64,-3.90,1.34,-0.80,-0.87,-1.56,-0.04,-4.16,-2.55,-1.82,-6.54,-0.54,-7.90,-2.45,-3.67,0.23,-6.97,,-2.70,-2.52,-1.52,-2.42,-3.52,-2.20,-4.07,-2.95,-2.25,-5.98,-6.04,-6.99,-6.44,-5.50,-1.46,-5.86,-2.80,,-8.02,-4.53,-7.10,-5.76,-4.40,-4.70,-4.32,-4.71,-5.08,-7.08,-3.60,-1.46,-9.17,-3.48,-4.81,-4.10,-7.38,-5.42,-8.65,-7.90,-7.19,-6.60,-6.85,-3.36,2.79,3.24,2.10,1.51,0.03,-2.27,1.10,-2.57,-0.54,0.90,-1.30,0.03,-0.80,-0.65,-1.80,-0.90,-1.06,-1.09,-2.50,-0.31,-2.28,-3.50,-2.68,-2.75,-1.09,-0.86,-0.27,-2.50,-1.83,-2.96,-2.34,-1.94,-3.06,-0.71,-2.20,-4.81,1.25,-1.89,-2.50,0.17,0.61,-0.70,-0.71,-0.68,-2,-2.89,-0.24,-3.08,-2.50,-4.34,-4.50,-2.46,-3.53,-4.03,-4.80,-3.82,-3.94,-4.34,-2.15,-2.95,-0.50,-4.03,-2.54,-4.41,-4.30,,-2.60,-4,-1.90,-4.10,-2.80,,,,,,,-0.70,-0.80,,-0.60,-1.70,-2,-1.82,,,,,,,,-0.50,-0.80,-1.50,-1.60,-1.50,,,,,-2.20,,-1.10,-1.10,-2,-0.80,-0.80,,,-2.60,,,-4.30,,,-2.90,-3.40,-1.80,-2.10,-4,-4.30,
2008-12-30 14:20,-1.40,-4.22,-1.32,-3.26,-3.40,-2.61,-2.71,-4.10,1.30,-1.27,-1.02,-2.25,-0.64,-4.59,-2.53,-2.12,-6.36,-0.42,-8.20,-3.45,-3.71,-0.42,-7.56,,-3,-2.68,-1.84,-2.46,-4.10,-2.60,-4.17,-3.01,-2.15,-6.57,-6.50,-7.17,-6.78,-5.55,-2.05,-6.38,-2.90,,-8.15,-4.71,-7.30,-5.72,-4.80,-4.65,-4.10,-4.88,-5.42,-7.59,-4.09,-1.74,-9.74,-3.81,-5.37,-5,-7.61,-6.29,-9.26,-8.10,-7.64,-6.49,-6.82,-4.04,2.50,3.26,2.50,1.53,-0.17,-2.40,0.45,-3.12,-0.79,0.51,-1.60,-0.40,-1.10,-1.05,-1.94,-1.10,-1.29,-1.33,-3.03,-0.45,-2.41,-3.50,-2.73,-2.91,-0.98,-1.37,-0.37,-2.70,-2.09,-3.54,-2.40,-2.21,-3.17,-1.09,-2.60,-4.75,1.14,-2.26,-2.64,-0.08,0.35,-1,-0.92,-1.11,-2.20,-3.15,-0.20,-3.22,-2.62,-4.73,-4.80,-2.86,-3.73,-4.35,-5.10,-3.97,-4.09,-4.26,-2.39,-3.08,-0.50,-4.18,-2.86,-4.43,-4.60,,-3.10,-4.40,-2,-4.30,-3.60,,,,,,,-0.90,-1.10,,-0.70,-1.90,-2.30,-1.97,,,,,,,,-0.70,-1,-1.70,-1.90,-1.90,,,,,-2.30,,-1.40,-1.50,-2.10,-0.80,-1.10,,,-2.80,,,-4.70,,,-3,-3.50,-1.90,-2.30,-4.20,-4.40,
2008-12-30 14:30,-1.50,-4.68,-1.72,-3.33,-3.50,-2.85,-2.81,-4.30,1.07,-1.66,-1.28,-2.55,-1.57,-4.58,-2.72,-2.67,-6.68,-0.54,-8.50,-4.09,-3.80,-1.02,-7.85,,-3.21,-2.90,-2.01,-2.60,-4.64,-2.80,-4.24,-3.34,-2.20,-7.12,-7.03,-8,-7.24,-6.08,-2.47,-6.76,-2.60,,-7.62,-4.78,-8.80,-5.97,-5.10,-4.73,-4.31,-5.68,-5.73,-8.33,-4.48,-2.18,-10.21,-4.24,-5.93,-5.60,-7.76,-6.86,-9.30,-8.50,-7.74,-6.52,-6.92,-4.07,2.21,3.26,1.80,1.38,-0.45,-2.56,0.04,-3.78,-1.03,0.24,-1.60,-0.90,-1.30,-1.27,-2.74,-1.40,-1.52,-1.32,-3.35,-0.80,-2.62,-3.70,-2.99,-3.11,-0.93,-1.95,-0.78,-3,-2.44,-3.81,-2.46,-2.29,-3.43,-1.30,-2.92,-4.82,0.96,-2.46,-2.75,-0.35,0.09,-1.30,-1.16,-1.51,-2.32,-3.42,-0.23,-3.38,-2.72,-4.88,-4.90,-3.11,-4.19,-4.79,-5.10,-4.09,-4.43,-4.63,-2.42,-3.13,-0.50,-4.40,-3.22,-4.36,-5,,-3.60,-4.10,-2.20,-4.40,-4.10,,,,,,,-1.10,-1.80,,-0.90,-2,-2.60,-2.24,,,,,,,,-0.80,-1.20,-2,-2.30,-2.10,,,,,-2.50,,-1.70,-1.80,-2.20,-0.90,-1.30,,,-3,,,-4.80,,,-3,-3.70,-2.20,-2.40,-4.20,-4.40,
2008-12-30 14:40,-1.70,-5.09,-1.95,-3.59,-3.80,-3.01,-2.98,-4.50,0.79,-1.96,-1.59,-2.75,-1.86,-4.72,-2.23,-2.94,-6.65,-0.51,-8.90,-4.60,-4,-1.31,-8.54,,-3.41,-3.15,-2.29,-2.68,-5.14,-3,-4.33,-3.61,-2.32,-7.62,-7.88,-8.34,-7.51,-6.64,-2.75,-7.12,-2.50,,-7.84,-4.92,-8.90,-6.32,-5.20,-4.69,-4.28,-6.05,-6.10,-8.86,-4.81,-2.71,-10.40,-4.35,-6.48,-6.10,-8.60,-7.36,-9.53,-8.70,-7.93,-6.56,-6.86,-3.83,1.89,3.33,1.60,1.32,-0.14,-2.77,-0.33,-4.30,-0.98,-0.15,-1.90,-1.16,-1.60,-1.45,-2.97,-1.60,-1.79,-1.47,-3.73,-1.17,-2.93,-4.10,-3.16,-3.16,-1,-2.11,-1.43,-3.20,-2.92,-4.11,-2.68,-2.75,-3.59,-1.58,-3.29,-4.99,0.61,-2.56,-2.79,-0.53,-0.32,-1.60,-1.57,-1.67,-2.47,-3.54,-0.36,-3.67,-2.81,-5.19,-5.10,-3.21,-4.60,-5.29,-5.10,-4.30,-4.60,-4.74,-2.71,-3.29,-0.60,-4.73,-3.15,-4.49,-5.10,,-3.90,-4.30,-2.50,-4.70,-4.60,,,,,,,-1.30,-2.40,,-1,-2.50,-2.80,-2.47,,,,,,,,-1,-1.40,-2.20,-2.70,-2.20,,,,,-2.60,,-2,-1.90,-2.50,-1.20,-1.60,,,-3.20,,,-5.30,,,-3.10,-3.90,-2.60,-2.60,-4.30,-4.60,
2008-12-30 14:50,-2.10,-5.24,-2.20,-3.88,-4,-3.39,-3.22,-4.80,0.61,-2.31,-1.93,-2.98,-2.08,-5,-2.69,-3.03,-5.48,-0.19,-9.50,-5.03,-4.19,-1.65,-8.95,,-3.74,-3.47,-2.59,-2.61,-5.45,-3.20,-4.53,-3.62,-2.52,-8,-8.66,-8.50,-7.82,-7.03,-2.70,-7.34,-3,,-8.09,-5.15,-9.40,-6.35,-5.30,-4.67,-4.98,-6.56,-6.59,-8.45,-4.83,-3.21,-10.95,-4.61,-6.67,-6.40,-8.70,-7.94,-9.67,-9.10,-8.01,-6.49,-6.76,-3.94,1.54,3.17,1.20,1.32,-0.10,-2.93,-0.47,-4.76,-1.07,-0.46,-2.20,-1.45,-1.80,-1.68,-3.08,-1.90,-2.27,-1.77,-4.18,-1.83,-3.23,-4.50,-3.43,-3.40,-1.05,-2.86,-1.41,-3.50,-3.52,-4.24,-2.76,-3.01,-3.82,-2,-4.28,-5.59,0.10,-2.79,-2.99,-0.90,-0.69,-1.90,-2.04,-1.90,-2.68,-3.80,-0.40,-3.97,-3.06,-5.40,-5.30,-3.29,-4.75,-5.72,-5.60,-4.54,-4.70,-4.77,-2.94,-3.44,-0.60,-4.90,-3.19,-4.47,-5.10,,-4.10,-4.20,-2.80,-4.70,-4.60,,,,,,,-1.50,-2.70,,-1.20,-2.80,-3,-2.67,,,,,,,,-0.90,-1.60,-2.30,-2.70,-2.40,,,,,-2.70,,-2.50,-2.20,-2.70,-1.20,-1.70,,,-3.50,,,-5.60,,,-3.30,-4,-3,-2.70,-4.60,-4.90,
2008-12-30 15:00,-2.40,-5.65,-2.41,-4,-4,-3.49,-3.42,-5,0.36,-2.74,-2.36,-3.23,-2.44,-4.85,-3.08,-3.15,-4.32,-0.52,-10.20,-4.46,-4.23,-1.74,-9.53,,-4,-3.64,-2.80,-2.22,-5.79,-3.20,-4.55,-3.84,-2.44,-8.68,-8.96,-8.97,-8.02,-7.46,-2.94,-7.89,-2.60,,-8.33,-5.28,-8.90,-6.48,-5.50,-4.75,-5.24,-6.99,-6.86,-8.82,-5.20,-3.90,-11.55,-4.74,-7.08,-7.10,-8.76,-8.43,-9.67,-9.50,-8.45,-6.58,-6.85,-3.98,1.42,3.32,1.80,1.07,-0.28,-3.08,-0.46,-5.13,-1.16,-0.66,-2.50,-1.80,-2.10,-1.90,-3.36,-2.20,-2.74,-2.04,-4.32,-2.44,-3.49,-4.80,-3.55,-3.50,-1.16,-3.46,-2.26,-3.80,-3.59,-4.38,-2.96,-3.19,-3.88,-2.30,-4.98,-5.79,-0.14,-3.06,-3.05,-0.94,-0.95,-2.10,-2.34,-2.22,-3.05,-4.04,-0.52,-4.10,-3.52,-5.77,-5.40,-3.62,-5.01,-6.22,-6,-4.48,-4.84,-5.07,-3.06,-3.69,-0.90,-4.99,-3.49,-4.48,-5.20,-3.80,-4.60,-4.30,-3.10,-5,-4.70,-4.60,0.40,-3.50,-1.90,-0.80,-2,-1.60,-2.90,-3.60,-2,-3,-3.20,-2.70,,-2.20,-0.60,-2.10,-1.70,-1,-1.70,-1.10,-1.70,-2.60,-2.80,-2.80,-3.30,-2.80,-2.20,-2.40,-3.10,-1.40,-2.80,-2.40,-3,-1.40,-2,-4,-3.80,-3.80,-4.30,-4.20,-6.20,-1.80,-1.50,-3.30,-4.10,-3.10,-3,-4.60,-5.30,-4.40
2008-12-30 15:10,-2.80,-6.04,-2.57,-4.29,-4.30,-3.85,-3.63,-5.20,0.29,-3.10,-2.43,-3.28,-2.61,-4.60,-3.34,-3.48,-3.99,-1.57,-10.70,-5.11,-4.29,-1.73,-9.52,,-4.46,-3.75,-3.33,-1.76,-6.14,-3.40,-4.21,-3.99,-2.45,-8.97,-9.45,-9.11,-8.22,-7.85,-3.09,-8.05,-2.70,,-7.84,-5.64,-9.30,-6.25,-5.50,-4.72,-5.38,-7.02,-7.39,-9.30,-5.63,-4.30,-11.69,-4.76,-7.39,-7.50,-9.13,-9.01,-9.90,-9.90,-8.55,-6.57,-7.03,-4.20,1.19,3.10,1.50,0.70,-0.69,-3.10,-0.79,-5.46,-1.27,-0.74,-2.70,-1.87,-2.26,-2.15,-3.64,-2.33,-3.37,-2.25,-4.32,-2.72,-3.72,-5,-3.71,-3.68,-1.40,-3.61,-2.40,-3.90,-3.86,-4.75,-3.23,-3.81,-4.02,-2.46,-5.64,-6.01,-0.45,-3.01,-3.25,-1.25,-1.17,-2.40,-2.93,-2.39,-3.11,-4.22,-0.53,-4.52,-3.89,-6.03,-5.50,-3.96,-5.23,-6.52,-6.10,-4.83,-4.92,-5.32,-3.17,-3.77,-1,-5.06,-3.66,-4.55,-5.30,,-4.80,-4.20,-3.50,-5.50,-5,,,,,,,-1.70,-3.20,,-2,-3,-3.30,-3.22,,,,,,,,-1.50,-2.10,-2.80,-3.10,-2.90,,,,,-3.10,,-3.10,-2.70,-3,-1.40,-2.30,,,-3.80,,,-6.20,,,-3.50,-4.20,-3.30,-3,-4.60,-5.20,
2008-12-30 15:20,-3.10,-6.29,-2.83,-4.55,-4.50,-3.75,-3.68,-5.50,0.17,-3.62,-2.26,-3.43,-2.61,-4.60,-3.46,-3.88,-4.11,-2.18,-11.20,-5.35,-4.38,-1.65,-9.71,,-4.60,-3.92,-3.75,-0.71,-6.46,-3.60,-4.43,-4.04,-2.37,-9.54,-9.75,-9.31,-8.25,-8.07,-3.29,-8.31,-2.60,,-7.82,-5.81,-9.90,-6.68,-5.40,-4.62,-5.36,-7.24,-7.85,-9.55,-5.92,-4.57,-12.04,-4.94,-7.77,-8.10,-9.67,-9.58,-10.17,-10.40,-8.86,-6.41,-7.09,-4.03,1.15,3.04,3.50,0.13,-0.64,-3.22,-1.10,-5.83,-1.40,-1.07,-2.90,-2.05,-2.51,-2.24,-3.82,-2.64,-3.74,-2.37,-4.46,-2.94,-3.87,-5.30,-3.92,-3.81,-1.57,-3.72,-3.03,-4.10,-3.93,-5.19,-3.43,-4.31,-4.15,-2.57,-6.07,-6.17,-0.90,-3.08,-3.62,-1.57,-1.29,-2.60,-2.91,-2.64,-3.13,-4.34,-0.63,-4.70,-4.01,-6.18,-5.70,-4.22,-5.31,-6.92,-6.10,-5.12,-5.44,-5.27,-3.39,-3.87,-1.20,-5.17,-3.69,-4.61,-5.50,,-5.10,-4.30,-3.80,-5.80,-5.20,,,,,,,-1.80,-3,,-2.50,-3.50,-3.40,-3.55,,,,,,,,-1.70,-2.40,-3.10,-3.30,-3,,,,,-3.20,,-3.30,-3,-3.10,-1.60,-2.50,,,-4,,,-6.30,,,-3.60,-4.30,-3.60,-3.20,-4.60,-5.20,
2008-12-30 15:30,-3.50,-6.58,-3.05,-4.67,-4.50,-3.79,-4.13,-5.50,0.08,-3.89,-2.51,-3.81,-2.63,-5.17,-3.68,-4.03,-4.02,-2.74,-11.70,-6.02,-4.34,-2.12,-10.13,,-4.88,-4.04,-3.69,-0.51,-6.80,-3.70,-4.63,-4.57,-2.56,-9.64,-10.27,-9.70,-8.40,-8.25,-3.40,-8.41,-3,,-8.75,-6.10,-9.30,-7.20,-5.50,-4.72,-5.58,-7.38,-8.32,-9.26,-6.08,-4.94,-12.06,-5.26,-8.05,-8.30,-10,-10.02,-10.44,-10.70,-9.12,-6.67,-7.23,-3.54,1.10,3.11,3.60,-0.32,-1,-3.29,-1.38,-6.04,-1.47,-1.53,-2.90,-2.38,-2.47,-2.39,-3.97,-3.08,-3.99,-2.57,-4.44,-3.26,-4.04,-5.40,-3.99,-3.91,-1.40,-4.04,-3.39,-4.40,-4.46,-5.23,-3.63,-4.57,-4.42,-2.81,-6.36,-6.47,-1.23,-3.25,-3.83,-1.77,-1.40,-2.80,-2.63,-2.91,-3.43,-4.52,-0.66,-4.82,-4.50,-6.72,-5.80,-4.53,-5.48,-7.11,-6.20,-5.51,-5.64,-5.40,-3.69,-3.86,-1.40,-5.37,-3.79,-4.60,-5.70,,-5.40,-4.30,-4,-6,-5.40,,,,,,,-2,-3.40,,-2.90,-3.80,-3.60,-3.75,,,,,,,,-2.30,-2.70,-3.40,-3.10,-3,,,,,-3.10,,-3.50,-3.50,-3.30,-1.70,-2.70,,,-4.10,,,-6.60,,,-3.30,-4.40,-3.70,-3.30,-4.70,-5.50,
2008-12-30 15:40,-3.90,-6.62,-3.55,-4.84,-4.50,-4.02,-4.23,-5.60,0.02,-4.25,-2.65,-3.98,-2.41,-5.29,-3.89,-4.17,-4.71,-2.89,-12.20,-5.83,-4.52,-2.06,-10.45,,-5.01,-4.18,-3.99,-0.48,-7,-4.10,-4.61,-5.15,-2.67,-9.95,-10.53,-9.66,-8.63,-8.30,-3.51,-8.85,-3.30,,-8.64,-6.17,-10.60,-7.50,-6,-4.71,-5.44,-7.78,-8.60,-9.28,-6.34,-5.16,-12.43,-5.68,-8.38,-8.60,-9.95,-10.41,-10.57,-10.90,-9.23,-6.92,-7.31,-3.94,1.13,2.91,3.50,-1.63,-0.71,-3.55,-1.68,-6.34,-1.32,-1.54,-3,-2.74,-2.42,-2.66,-4.11,-3.23,-4.09,-3.09,-4.52,-3.45,-4.32,-5.50,-4.17,-4.10,-1.05,-4.20,-3.82,-4.60,-4.90,-5.62,-3.86,-4.66,-4.27,-2.91,-6.65,-6.74,-1.59,-3.41,-3.96,-1.89,-1.56,-3,-2.53,-3.16,-3.48,-4.63,-0.80,-4.60,-4.80,-6.94,-6,-4.75,-5.93,-7.47,-6.80,-5.80,-5.56,-5.30,-3.69,-3.76,-1.30,-5.77,-3.91,-4.64,-5.80,,-5.60,-4.30,-4.30,-5.80,-6,,,,,,,-2.10,-4.10,,-3.10,-4,-3.70,-3.92,,,,,,,,-2,-3,-3.60,-3.40,-3.20,,,,,-3.10,,-3.80,-3.80,-3.20,-1.70,-2.90,,,-4.20,,,-6.60,,,-3,-4.50,-3.90,-3.40,-4.80,-5.60,
2008-12-30 15:50,-4.10,-6.32,-3.80,-4.93,-4.50,-4.16,-4.25,-5.80,0.07,-4.70,-3.34,-4.19,-2.25,-5.32,-3.92,-4.43,-5.80,-3.10,-12.40,-6.16,-4.64,-1.99,-10.89,,-5.39,-4.19,-4.04,-0.98,-7.34,-4.20,-4.22,-5.12,-2.76,-10.43,-10.90,-9.47,-9.03,-8.56,-3.69,-9.07,-3,,-8.26,-5.87,-10.30,-7.93,-6.50,-4.84,-5.65,-7.92,-8.72,-9.37,-6.86,-5.28,-12.36,-5.97,-8.51,-9.20,-9.99,-10.62,-10.86,-11.30,-9.34,-6.93,-7.49,-4.61,1.45,3.02,3.40,-3.02,-0.86,-3.54,-1.62,-6.43,-1.44,-1.79,-3.20,-2.77,-2.44,-2.85,-4.28,-3.31,-4.04,-3.46,-4.73,-3.80,-4.40,-5.60,-4.41,-4.30,-0.97,-4.75,-4.28,-4.90,-5.45,-6.21,-4.16,-4.99,-4.09,-3.24,-6.93,-7.10,-2.09,-3.48,-4.04,-1.98,-1.85,-3.30,-2.73,-3.41,-3.70,-4.76,-0.88,-4.74,-5.16,-6.94,-5.90,-4.82,-6.31,-7.76,-7.10,-5.80,-5.40,-5.34,-3.79,-3.74,-1.20,-5.87,-4.05,-4.78,-5.70,,-5.80,-4.40,-4.50,-6,-5.80,,,,,,,-2,-4.50,,-3.20,-4.10,-3.90,-4.08,,,,,,,,-2.70,-3,-3.60,-3.50,-3.60,,,,,-3.20,,-4.10,-3.80,-3.20,-1.90,-3.10,,,-4.50,,,-6.80,,,-3,-4.60,-4.10,-3.40,-4.80,-5.50,
2008-12-30 16:00,-4.40,-6.70,-3.87,-5.09,-4.40,-4.05,-4.34,-6.20,0.19,-4.85,-3.78,-4.65,-2.20,-5.10,-3.68,-4.49,-6.25,-3.30,-12.80,-6.39,-4.74,-1.80,-10.78,,-5.74,-4.36,-4.23,-0.62,-7.67,-4.40,-4.28,-5.12,-2.57,-10.70,-11.26,-9.50,-9.30,-8.83,-3.73,-9.30,-2.60,,-9.06,-6.05,-10.10,-8.14,-6.50,-4.92,-5.75,-7.90,-9.30,-9.77,-7.01,-5.38,-12.45,-6.09,-8.91,-9.60,-10.14,-10.95,-11.27,-11.60,-9.45,-6.71,-7.74,-4.59,2.02,2.78,2.40,-2.23,-1.32,-3.81,-1.86,-6.75,-1.57,-2.08,-3.30,-2.67,-2.51,-3.16,-4.54,-3.65,-3.96,-3.47,-5.05,-3.94,-4.71,-5.70,-4.56,-4.37,-0.80,-5.14,-4.50,-5.10,-5.74,-6.23,-4.33,-5.17,-4.32,-3.53,-7.06,-7.50,-2.31,-3.52,-4.19,-2.31,-1.84,-3.60,-2.47,-3.67,-3.79,-4.85,-0.91,-4.87,-5.53,-7.05,-6,-4.92,-6.29,-7.71,-7.20,-6.04,-5.36,-5.58,-4.06,-3.53,-1.30,-5.95,-4.40,-4.88,-5.70,-5.10,-6.10,-4.20,-4.70,-6.20,-5.80,-5,-1.20,-3.50,-2.60,-1.60,-2.50,-2.30,-4.70,-4.70,-4,-4.40,-4.10,-4.10,,-2.30,-1.80,-2.40,-2.30,-1.80,-3,-2.70,-3.20,-3.80,-3.40,-3.80,-3.90,-3.30,-3.10,-3,-3.10,-2.40,-4.20,-3.80,-3.30,-2.20,-3.40,-4.30,-4.60,-4.40,-5.30,-5.80,-7.10,-2,-2.40,-3.10,-4.70,-4.10,-3.60,-4.80,-5.70,-5
2008-12-30 16:10,-4.60,-6.73,-4.04,-5.27,-4.30,-4,-4.33,-6.30,0.35,-5.16,-3.98,-4.68,-1.72,-5.36,-3.24,-4.56,-5.44,-3.39,-13,-6.10,-4.78,-1.73,-10.77,,-5.86,-4.32,-4.41,-0.95,-8.01,-4.50,-4.71,-5.20,-2.49,-10.77,-11.60,-9.75,-9.27,-9.11,-3.63,-9.36,-2.30,,-8.75,-6.28,-11.20,-8.19,-6.70,-4.94,-6.09,-8.40,-9.77,-9.81,-7.32,-5.56,-12.92,-6.08,-9.15,-9.80,-10.10,-11.34,-11.86,-11.90,-9.93,-6.80,-7.93,-4.84,2.08,2.66,3.30,-1.90,-1.48,-3.89,-1.81,-6.88,-1.61,-2.18,-3.50,-2.78,-2.50,-3.25,-4.83,-4,-4.36,-3.59,-5.53,-4.06,-4.69,-5.80,-4.26,-4.37,-0.96,-5.47,-4.52,-5.10,-6.12,-6.30,-4.64,-5.41,-4.85,-3.78,-7.41,-7.73,-2.60,-3.50,-4,-2.56,-2.02,-3.60,-2.68,-4.03,-3.87,-4.98,-0.88,-4.93,-5.81,-7.32,-6.10,-5.01,-6.16,-7.95,-7.20,-6.20,-5.29,-5.59,-4.28,-3.35,-1.40,-5.93,-4.40,-5.03,-5.90,,-6.10,-4.20,-5,-6.30,-5.90,,,,,,,-2.30,-4.40,,-4.10,-4.40,-4,-4.21,,,,,,,,-2.80,-3.30,-4.30,-3.80,-3.80,,,,,-3.10,,-4.30,-4,-3.30,-2.30,-3.50,,,-4.40,,,-7.10,,,-3.10,-4.90,-4.30,-3.60,-4.80,-5.80,
2008-12-30 16:20,-5,-6.29,-4.07,-5.52,-4.40,-4.12,-4.26,-6.50,0.28,-5.51,-4.01,-4.65,-1.41,-5.34,-3.03,-4.78,-5.91,-3.33,-13.30,-6.19,-4.91,-1.66,-10.97,,-6.14,-4.30,-4.09,-0.99,-8.19,-4.50,-4.74,-5.31,-2.55,-11.08,-11.74,-9.83,-9.15,-9.40,-3.82,-9.58,-2.10,,-8.61,-6.53,-10,-8.22,-6.90,-5.05,-7.06,-8.62,-9.83,-9.74,-6.96,-5.86,-13.07,-6.26,-9.36,-10.30,-9.62,-11.67,-11.72,-12.20,-10.07,-6.67,-7.81,-4.93,1.38,2.63,2.80,-0.52,-1.58,-3.78,-2.63,-7.26,-1.77,-2.12,-3.70,-3.03,-2.80,-2.81,-4.94,-4.40,-4.38,-3.92,-5.89,-4.20,-4.81,-5.90,-4.58,-4.54,-0.81,-5.81,-4.65,-5.40,-6.39,-6.43,-4.78,-5.67,-5.23,-3.87,-7.38,-7.94,-2.73,-3.39,-4.30,-2.73,-2.15,-3.80,-2.97,-4.35,-4.15,-5.21,-1.05,-5.05,-6,-7.14,-6,-5.17,-6.35,-8.19,-7.30,-6.28,-5.36,-5.89,-4.49,-3.28,-1.50,-6.14,-4.35,-4.90,-6.10,,-6.30,-4.40,-5.30,-6.30,-5.90,,,,,,,-2.50,-4.30,,-4.30,-4.60,-4.10,-4.20,,,,,,,,-2.80,-3.40,-4.30,-3.60,-4.10,,,,,-3.20,,-4.60,-4.50,-3.30,-2.30,,,,-4.70,,,-7.20,,,-3.10,-5.10,-4.50,-3.60,-4.80,-5.80,
2008-12-30 16:30,-5.40,-6.29,-3.83,-5.81,-4.30,-4.37,-4.42,-6.60,0.16,-5.78,-4.06,-4.34,-1.39,-5.34,-3.12,-4.96,-7.11,-3.21,-13.60,-6.37,-4.85,-1.85,-11.39,,-6.35,-4.49,-4.05,-1.21,-8.51,-4.60,-4.78,-5.76,-2.51,-11.60,-11.73,-9.86,-9.33,-9.62,-3.87,-9.67,-2.20,,-8.84,-6.76,-9.50,-8.57,-7.20,-5.10,-7.83,-8.67,-9.91,-10.13,-7.07,-6.22,-13.47,-6.48,-9.54,-10.60,-10.02,-11.94,-12.10,-12.40,-10.08,-6.66,-7.93,-4.94,0.78,2.72,3.50,-0.38,-1.33,-4.08,-3.07,-7.54,-1.60,-2.41,-3.90,-3.20,-2.80,-2.92,-5.09,-4.70,-4.67,-4.14,-6,-4.47,-4.99,-6.40,-4.93,-4.76,-0.86,-6.20,-4.80,-5.60,-6.65,-6.56,-4.72,-5.90,-5.60,-4.03,-7.42,-8.59,-2.79,-3.30,-4.53,-3.04,-2.33,-3.90,-3.70,-4.45,-4.47,-5.60,-1.21,-5.09,-6.24,-7.16,-6,-5.51,-6.53,-8.39,-7.60,-6.38,-5.60,-6.43,-4.62,-3.51,-1.70,-6.27,-4.40,-5,-6.30,,-6.60,-4.60,-5.40,-6,-6.10,,,,,,,-2.60,-4.80,,-4.40,-5,-4.30,-4.39,,,,,,,,-3.30,-3.70,-4.70,-3.80,-4.10,,,,,-3.40,,-4.80,-5.30,-3.30,-2.40,-3.60,,,-4.70,,,-7.30,,,-3.10,-5.60,-4.70,-3.40,-4.80,-5.80,
2008-12-30 16:40,-5.60,-6.36,-3.89,-6.05,-4.40,-4.44,-4.38,-6.80,0.29,-5.78,-3.84,-4.32,-1.47,-5.70,-3.21,-5.07,-7.36,-3.32,-13.90,-6.20,-4.89,-2.39,-11.64,,-6.59,-4.61,-4.23,-1.12,-8.70,-4.60,-4.64,-5.66,-2.47,-11.94,-11.98,-9.95,-9.73,-9.82,-3.98,-9.92,-2.20,,-8.32,-6.91,-10.40,-8.67,-7.30,-5.16,-8.11,-8.65,-10.19,-10.27,-7.26,-6.28,-13.25,-6.93,-10.04,-10.90,-10.28,-12.26,-12.05,-12.80,-10.07,-6.57,-8.36,-5.21,0.18,2.74,2.60,0.82,-1.71,-3.97,-2.67,-7.79,-1.72,-2.63,-4.20,-3.40,-3.10,-2.91,-5.53,-4.90,-5,-4.16,-6.26,-4.54,-5.31,-6.80,-4.51,-4.92,-1.40,-6.52,-5.16,-5.80,-6.89,-6.66,-4.89,-6.87,-5.73,-4.14,-7.42,-9.12,-3.04,-3.31,-4.62,-3.28,-2.50,-4.10,-3.92,-4.82,-4.58,-5.87,-1.24,-5.13,-6.63,-8.04,-6.10,-5.53,-6.52,-8.51,-7.80,-6.58,-5.81,-6.78,-4.66,-3.69,-1.80,-6.26,-4.47,-5.14,-6.50,,-6.70,-4.70,-5.60,-6,-6.10,,,,,,,-2.60,-4.90,,-4.60,-5,-4.30,-4.62,,,,,,,,-3.10,-4,-4.90,-4.30,-3.90,,,,,-3.50,,-5,-5.10,-3.30,-2.50,-3.50,,,-4.70,,,-7.30,,,-3.10,-5.40,-4.90,-3,-4.80,-6,
2008-12-30 16:50,-6,-7.14,-4.04,-6.24,-4.40,-4.53,-4.33,-6.80,0.44,-5.93,-3.50,-4.36,-0.99,-5.36,-3.23,-5.12,-7.75,-3.41,-14.10,-5.93,-5.04,-2.42,-11.46,,-6.54,-4.71,-4.15,-0.85,-8.89,-4.50,-4.49,-5.97,-2.79,-12.43,-12.38,-9.97,-9.66,-9.97,-4,-10.05,-2.20,,-8.97,-7.18,-10.80,-8.77,-7.50,-5.22,-8.59,-8.84,-10.37,-10.07,-7.86,-6.45,-13.36,-7.24,-10.20,-11.20,-10.27,-12.51,-12.12,-13,-10.14,-6.38,-8.73,-4.46,0.28,2.71,2.40,0.89,-1.80,-3.71,-1.97,-8.06,-1.81,-2.84,-4.60,-3.28,-3.70,-3.14,-5.86,-5,-5.10,-4.39,-6.43,-4.64,-5.55,-7,-4.41,-5.13,-2.06,-6.85,-5.23,-6.10,-6.99,-6.95,-5.01,-6.84,-5.62,-4.28,-7.53,-9.44,-3.25,-3.18,-4.90,-3.38,-2.59,-4.30,-4.17,-5.10,-4.84,-6.02,-1.28,-5.16,-6.74,-8.48,-6.10,-5.63,-6.52,-8.68,-7.80,-6.75,-5.79,-6.90,-4.96,-3.68,-2,-6.39,-4.68,-5.30,-6.70,,-6.50,-4.70,-5.40,-5.80,-6.30,,,,,,,-2.80,-5.30,,-4.80,-5.30,-4.60,-4.78,,,,,,,,-3.20,-4,-5,-5,-4.80,,,,,-3.60,,-5,-4.90,-3.30,-2.30,-3.60,,,-4.80,,,-7.40,,,-3.20,-5.20,-5.10,-3.30,-4.60,-6.30,
2008-12-30 17:00,-6.20,-7.45,-4.12,-6.43,-4.14,-4.65,-4.49,-7.10,0.65,-6.24,-3.55,-4.63,-0.55,-5.75,-3.44,-5.12,-7.79,-0.90,-14.20,-6.63,-5.07,-2.38,-11.89,,-6.44,-4.85,-4.14,-0.81,-9.08,-4.20,-4.62,-6.36,-2.69,-12.57,-12.49,-10.18,-9.58,-10,-3.96,-10.14,-2.30,,-8.76,-7.34,-10.20,-9.30,-7.40,-5.11,-9.05,-8.48,-10.88,-10.18,-8.33,-6.53,-13.42,-7.44,-10.48,-11.50,-10.37,-12.72,-12.26,-13.20,-10.37,-6.37,-8.92,-4.04,0.42,2.72,2.10,0.88,-2.02,-3.81,-1.88,-8.06,-1.94,-3.10,-5.10,-3.36,-3.70,-3.14,-6,-4.40,-5.34,-4.53,-6.22,-4.94,-5.48,-7.20,-4.74,-5.17,-2.31,-7.08,-5.69,-6.20,-7.06,-6.71,-4.86,-6.90,-5.76,-4.42,-7.66,-9.64,-3.22,-3.08,-4.65,-3.36,-2.75,-4.50,-4.71,-5.36,-5.28,-6.11,-1.31,-5.30,-6.86,-8.58,-6,-5.89,-6.52,-8.66,-7.80,-6.80,-5.63,-6.91,-5.12,-3.45,-2.10,-6.26,-4.75,-5.33,-7.10,-6.10,-6.70,-4.80,-6,-5.70,-6.50,-5.90,-4.10,-2.90,-2.90,-2.20,-3.40,-2.90,-5.60,-5.30,-5.40,-5.60,-4.60,-4.90,-6.10,-2.70,-2.30,-2.60,-4,-2,-2.40,-3.30,-4.40,-5.20,-5,-5,-4.90,-3.60,-3.80,-3.60,-3.70,-3.40,-5.20,-4.50,-3.50,-2.60,-3.80,,-5,-4.70,-5.30,-7.40,-7.60,-2.90,-2.80,-3.20,-5.30,-5.20,-3.30,-4.80,-6.30,-7.10
2008-12-30 17:10,-6.30,-7.48,-4.06,-6.62,-4.50,-4.81,-4.52,-7.10,0.83,-6.55,-3.66,-4.87,-1.04,-5.78,-3.30,-5.11,-7.70,0.59,-14.40,-6.57,-5.06,-2.42,-11.92,,-6.56,-5.04,-3.82,-0.77,-9.28,-4.30,-4.28,-6.31,-2.61,-12.67,-12.60,-10.10,-9.79,-9.90,-3.94,-10.35,-2.10,,-8.84,-7.58,-10.30,-9.65,-7.30,-5.24,-8.81,-8.87,-10.87,-10.09,-8.22,-6.67,-13.51,-7.56,-10.76,-11.70,-10.73,-12.99,-12.49,-13.40,-10.28,-6.42,-8.95,-4.61,0.78,2.51,2.10,0.97,-2.32,-3.59,-2.09,-7.79,-2.69,-3.36,-5.30,-3.49,-3.80,-3.33,-6.21,-4.20,-5.32,-4.89,-6.29,-4.97,-5.53,-7.20,-5.13,-5.17,-2.51,-7.38,-6.09,-6.30,-7.32,-6.38,-5.01,-7.14,-5.65,-4.67,-7.99,-9.54,-3.52,-2.84,-4.03,-3.16,-2.80,-4.70,-4.58,-5.57,-5.51,-6.18,-1.50,-5.23,-6.92,-8.62,-6.10,-5.85,-6.55,-8.57,-8.20,-6.93,-5.49,-7.19,-5.22,-3.30,-2.20,-6.24,-4.45,-5.27,-7.10,,-6.80,-4.80,-6.20,-5.70,-6.60,,,,,,,-3.10,-5.70,,-5.40,-5.70,-4.60,-5.70,,,,,,,,-3,-4.10,-5.30,-5,-4.90,,,,,-3.70,,-5.30,-4.90,-3.60,-2.60,-3.90,,,-4.60,,,-7.60,,,-3.30,-5.50,-5.30,-3.30,-4.80,-6.30,
2008-12-30 17:20,-6.50,-7.41,-4.16,-6.67,-4.60,-5.05,-4.65,-7.20,0.66,-6.88,-3.51,-4.86,-1.34,-5.44,-3.08,-5.20,-7.83,-0.17,-14.60,-6.55,-5.24,-2.34,-11.82,,-6.96,-5.18,-4.11,-0.46,-9.53,-4.20,-4.35,-6.29,-2.73,-12.74,-12.85,-10.63,-9.97,-10.16,-3.82,-10.39,-2.40,,-8.95,-7.62,-10.20,-9.45,-7.60,-5.40,-8.85,-9.31,-11.08,-10.49,-8.02,-6.87,-13.73,-7.48,-10.80,-11.90,-10.37,-13.27,-12.68,-13.60,-10.36,-6.45,-8.98,-4.61,0.78,2.38,1.60,0.89,-1.84,-3.23,-2.32,-7.86,-3.13,-3.02,-5.50,-3.65,-3.70,-3.51,-6.38,-4.20,-5.41,-4.68,-6.51,-4.41,-5.89,-7.20,-5.18,-5.30,-2.30,-7.72,-6.54,-6.60,-7.51,-7.32,-5.33,-7.15,-5.84,-4.71,-8.44,-9.55,-3.82,-2.82,-3.38,-2.98,-2.83,-4.80,-4.13,-5.62,-5.56,-6.28,-1.49,-5.24,-6.99,-8.69,-6.20,-6.03,-6.51,-8.13,-8.30,-6.96,-5.64,-7.47,-5.26,-3.35,-2.30,-6.06,-4.42,-5.40,-7.10,,-6.90,-4.70,-6.20,-5.80,-6.50,,,,,,,-3.30,-6.30,,-5.40,-6,-4.80,-6.05,,,,,,,,-3,-4,-5.50,-5.10,-5.30,,,,,-3.80,,-5.60,-6,-3.80,-2.60,-4.10,,,-4.60,,,-7.70,,,-3.30,-5.70,-5.50,-3.10,-4.90,-6.50,
2008-12-30 17:30,-6.70,-6.97,-4.02,-6.69,-4.70,-5.24,-4.64,-7.20,0.67,-7.11,-3.28,-4.68,-1.40,-5.33,-2.83,-5.36,-7.83,-0.10,-14.80,-6.74,-5.18,-2.24,-11.94,,-7.08,-5.26,-4.22,-0.18,-9.74,-4,-4.28,-6.49,-2.94,-12.98,-12.77,-10.41,-9.80,-10.32,-3.81,-10.59,-2.10,,-8.29,-7.73,-10.80,-9.02,-8.10,-5.44,-8.70,-9.46,-11.23,-11.15,-8.26,-7.14,-13.95,-7.45,-10.85,-12.30,-11.03,-13.40,-12.72,-13.90,-10.48,-6.35,-9.21,-4.62,1.04,2.33,3.30,0.87,-1.88,-3.01,-1.99,-8.20,-3.70,-3,-5.70,-3.57,-3.60,-3.56,-6.47,-4.10,-5.93,-5.10,-6.89,-4.28,-6.01,-7.50,-5.20,-5.40,-2.40,-7.85,-6.77,-6.80,-7.66,-7.31,-5.42,-7.26,-5.52,-4.86,-8.51,-9.59,-4.08,-2.94,-3.15,-3.12,-3.09,-4.80,-4.23,-5.77,-5.72,-6.41,-1.85,-5.31,-7.31,-8.56,-6,-6.04,-6.75,-8.04,-8.30,-6.99,-5.48,-7.69,-5.25,-3.06,-2.40,-6.04,-4.39,-5.42,-7.10,,-7.10,-4.70,-6.40,-6.10,-6.60,,,,,,,-3.30,-6.10,,-5.90,-6.10,-4.80,-6.29,,,,,,,,-3.20,-4.30,-5.60,-5.20,-5.60,,,,,-3.70,,-5.80,-6.20,-3.90,-2.80,-4.20,,,-4.80,,,-7.70,,,-3.40,-5.70,-5.70,-2.80,-4.60,-6.70,
2008-12-30 17:40,-6.90,-7.17,-4,-6.93,-4.60,-5.21,-4.77,-7.20,0.87,-7.25,-2.89,-4.88,-1.34,-5.79,-3.02,-5.10,-8.05,1.23,-14.90,-6.48,-5.38,-1.92,-12.17,,-7.16,-5.47,-4.30,0.27,-9.81,-4,-4.13,-6.87,-3.11,-12.87,-12.75,-10.43,-9.80,-10.46,-4.09,-10.76,-2.20,,-8.80,-7.92,-11.20,-9.46,-8.30,-5.48,-9,-9.44,-11.29,-11.50,-8.79,-7.33,-13.96,-7.46,-11.06,-12.50,-10.05,-13.55,-13.10,-14,-10.47,-6.50,-9.41,-3.96,0.93,2.32,3.50,0.97,-2.27,-2.73,-1.69,-8.22,-2.94,-3.17,-5.90,-3.66,-3.70,-3.56,-6.63,-4.30,-6.24,-5.52,-6.82,-4.37,-5.92,-7.60,-5.17,-5.34,-2.98,-8.05,-7.05,-7,-7.89,-7.17,-5.71,-7.52,-5.71,-5,-8.48,-9.73,-4.33,-3.20,-2.98,-3.26,-3.16,-4.90,-4.10,-6.06,-5.93,-6.49,-2.16,-5.34,-8.50,-8.84,-5.70,-6.29,-6.90,-8.14,-8.20,-7.09,-5.45,-7.78,-5.14,-2.72,-2.60,-6.21,-4.70,-5.61,-7.20,,-7.10,-4.50,-6.60,-6.30,-7.40,,,,,,,-3.50,-6.30,,-6.10,-6,-4.80,-6.53,,,,,,,,-3.30,-4.10,-5.80,-5.10,-5.80,,,,,-3.70,,-5.90,-6.30,-4,-2.90,-4.30,,,-4.90,,,-8,,,-3.60,-6.20,-5.80,-2.50,-4.60,-6.70,
2008-12-30 17:50,-7.10,-7.32,-4.01,-7.06,-4.80,-5.01,-4.82,-7.10,0.82,-7.43,-2.96,-5.12,-1.38,-5.57,-3.12,-5.40,-7.91,0.69,-15,-6.73,-5.59,-2.05,-12.12,,-6.93,-5.59,-4.33,0.46,-9.96,-3.80,-4.23,-7.17,-2.84,-13.18,-12.79,-10.45,-10.15,-10.66,-4.21,-10.89,-1.90,,-8.87,-8.14,-10.70,-9.86,-8.30,-5.47,-8.95,-9.75,-11.46,-11.46,-9.11,-7.35,-14.36,-7.78,-11.35,-12.70,-10.33,-13.83,-13.09,-14.20,-10.59,-6.57,-9.68,-3.72,0.92,2.23,4,1.08,-2.33,-2.64,-1.87,-8.31,-2.59,-3.09,-6.10,-3.77,-3.90,-3.66,-6.89,-4.50,-6.44,-5.54,-6.74,-4.42,-6.13,-7.90,-5.22,-5.51,-3.27,-8.22,-7.25,-7.10,-8.17,-7.23,-5.74,-7.43,-5.95,-5.14,-8.30,-9.94,-4.55,-3.14,-2.85,-3.14,-3.16,-5,-3.58,-6.23,-6.10,-6.57,-2.32,-5.34,-8.85,-9.06,-5.70,-6.53,-7.13,-7.81,-7.70,-7.07,-5.68,-7.72,-5.19,-2.82,-2.60,-6.25,-4.43,-5.60,-7.40,,-6.90,-4.60,-6.70,-6,-7.20,,,,,,,-3.60,-6.10,,-6.10,-6,-4.80,-6.65,,,,,,,,-3.50,-4.20,-5.70,-4.90,-6,,,,,-3.80,,-5.90,-6.30,-4.20,-3.10,-4.40,,,-5,,,-8.20,,,-3.60,-6.60,-5.80,-2.40,-4.70,-6.80,
2008-12-30 18:00,-7,-7.27,-4.09,-7,-5,-5.03,-4.93,-7.40,0.60,-7.52,-3.19,-5.19,-1.32,-5.88,-2.64,-5.89,-7,1.22,-15,-6.91,-6,-2.04,-11.82,,-7,-7,-4.26,0.72,-10,-3,-5,-7,-2.73,-13,-12.99,-10,-9,-11,-4,-10,-2,-4,-9,-8,-11.30,-9.95,-8,-5.47,-8.90,-9.83,-11,-11,-8.97,-7.47,-14.53,-8,-11,-13,-10,-13.90,-13.47,-14,-10.86,-6.63,-9.77,-4.08,0.34,2.14,4.20,1.39,-2.04,-2.63,-2.33,-8.36,-1.90,-3.55,-6.40,-4.02,-4,-3.77,-6.83,-4.50,-6.68,-5.47,-6.90,-4.56,-7,-8.10,-5.08,-5.73,-3.51,-8.35,-7,-7.30,-8.30,-7.09,-5.77,-7.58,-6.23,-5.20,-8.34,-10.08,-4.66,-2.93,-2.95,-3.14,-3.06,-5.20,-3.29,-6.07,-6.28,-6.78,-2.58,-5.38,-8.61,-9.02,-5.70,-6.65,-7.29,-8.31,-7.50,-6.87,-5.63,-7.67,-4.99,-2.60,-2.30,-6.46,-4.20,-5.58,-7.80,-6,-7,-5,-6.80,-6.40,-7.80,-6.60,-5.20,-3.30,-3.30,-2.10,-3.60,-3.60,-6,-6,-6.50,-5.70,-5,-6.40,-7.10,-3.20,-2.50,-2.80,-4.70,-2.20,-3.30,-3.60,-4.40,-5.70,-4.80,-6.30,-6.50,-4.10,-3.80,-3.70,-3.60,-4.70,-5.90,-6.40,-4.40,-3,-4.40,-5.50,-6.10,-5.20,-5.40,-7.80,-8.50,-3.30,-3.30,-3.70,-6.90,-5.90,-2.20,-4.70,-7.70,-7.10
2008-12-30 18:10,-7.50,-7.22,-4.13,-7.30,-5.30,-5.04,-5.17,-7.40,0.57,-7.53,-3.13,-5.30,-1.42,-5.79,-2.79,-5.89,-7.15,1.15,-15.10,-6.84,-4.90,-2.03,-11.81,,-6.63,-5.70,-4.56,0.88,-10.22,-3.40,-3.86,-7.51,-2.61,-13.36,-13,-10.87,-10.23,-10.76,-3.96,-10.92,-2.40,,-8.50,-7.71,-11.20,-10.14,-8.70,-5.45,-9.50,-9.49,-11.84,-11.59,-8.99,-7.49,-14.48,-8.09,-11.40,-13.10,-9.88,-14.11,-13.56,-14.30,-10.86,-6.57,-9.72,-4.05,0.23,2.36,4.60,1.52,0.23,-2.61,-2.47,-8.27,-2.37,-3.93,-6.10,-4.18,-4,-3.89,-6.88,-4.40,-6.92,-5.73,-7.25,-5.08,-6.23,-7.90,-5.07,-5.79,-3.31,-8.42,-6.86,-7.30,-8.54,-7.09,-5.76,-7.57,-6.33,-5.31,-8.31,-10.22,-4.76,-2.87,-2.94,-3.17,-3.02,-5.30,-3.54,-6.20,-6.68,-6.97,-2.69,-5.46,-8.18,-9.18,-5.60,-6.61,-7.42,-8.30,-7.70,-6.88,-5.65,-7.76,-5.16,-2.99,-2.60,-6.39,-4.89,-5.94,-8.10,,-7,-4.90,-6.80,-6.50,-7.90,,,,,,,-3.80,-6.20,,-6.50,-5.70,-5,-6.86,,,,,,,,-3.70,-4.70,-6,-5.10,-6.30,,,,,-3.60,,-6.20,-6.50,-4.40,-3,-4.40,,,-5.20,,,-8.50,,,-3.80,-6.90,-5.90,-2.10,-4.70,-7.70,
2008-12-30 18:20,-7.60,-7.41,-4.34,-7.35,-5.70,-5.20,-5.09,-7.10,0.70,-7.45,-3.18,-5.23,-0.70,-5.77,-3.72,-5.68,-7.01,0.79,-15.20,-6.79,-4.62,-2.07,-12.06,,-6.40,-5.76,-4.63,0.71,-10.36,-3.20,-4.22,-7.58,-2.52,-13.47,-13.09,-10.87,-10.41,-10.92,-3.88,-10.99,-1.80,,-7.47,-7.70,-11.10,-10.27,-8.70,-5.28,-9.83,-10.30,-12.03,-11.88,-8.83,-7.50,-14.36,-7.98,-11.65,-13.40,-9.80,-14.25,-13.67,-14.70,-10.98,-6.52,-9.82,-4.02,0.01,2.43,4.10,1.34,-0.43,-2.72,-2.81,-8.26,-2.75,-4.05,-6,-4.12,-3.70,-3.82,-6.99,-4.30,-6.81,-6.06,-7.33,-5.07,-6.45,-7.70,-5.38,-6.06,-3.07,-8.73,-7.38,-7.40,-8.71,-7.27,-5.76,-7.86,-6.39,-5.28,-8.19,-10.27,-4.83,-2.81,-2.70,-3.23,-3.08,-5.30,-3.80,-6.13,-6.92,-7.12,-2.69,-5.52,-8.18,-9.37,-5.60,-6.79,-7.48,-7.79,-7.90,-6.70,-5.78,-7.97,-5.16,-3.12,-2.60,-6.39,-5.08,-6.20,-8.30,,-6.90,-4.60,-6.80,-6.60,-7.80,,,,,,,-3.90,-6.10,,-6.70,-6,-4.90,-7.09,,,,,,,,-3.70,-4.60,-6.20,-5.30,-6.50,,,,,-3.50,,-6.30,-6.60,-4.40,-3,-4.70,,,-5.20,,,-8.70,,,-3.80,-6.80,-6.10,-2.30,-4.80,-7.90,
2008-12-30 18:30,-7.70,-7.47,-4.40,-7.41,-6,-5.15,-4.85,-6.90,0.78,-7.58,-3.08,-5.20,-0.43,-5.21,-3.54,-5.64,-6.84,1,-15.50,-6.51,-4.50,-1.77,-12.24,,-6.95,-5.85,-4.37,0.81,-10.53,-3,-4.30,-7.31,-2.44,-13.69,-13.42,-10.96,-10.53,-10.90,-3.93,-11.32,-1.50,,-6.66,-7.69,-11.30,-10.50,-8.60,-5.13,-10.24,-10.59,-12.18,-12.09,-9.24,-7.74,-14.50,-8.50,-11.60,-13.60,-9.97,-14.40,-13.45,-15,-11.02,-6.26,-10.15,-3.98,-0.36,2.58,5.30,1.20,1.19,-2.53,-2.56,-8.42,-2.19,-4.45,-6.20,-4.16,-3.20,-4.18,-7.10,-4.40,-6.78,-6.21,-7.50,-5.39,-6.43,-7.90,-6,-6.12,-3.18,-8.92,-7.73,-7.50,-8.65,-7.36,-5.67,-7.94,-6.57,-5.15,-8.34,-10.29,-5.16,-2.75,-2.85,-3.29,-3.15,-5.40,-4.01,-5.70,-7.01,-7.12,-2.82,-5.48,-8.44,-9.31,-5.60,-6.65,-7.47,-7.45,-7.80,-6.91,-5.69,-8.22,-5.12,-3.28,-2.70,-6.50,-5.15,-5.82,-8.70,,-7.30,-4.50,-7,-6.60,-7.90,,,,,,,-3.90,-6.50,,-7.20,-6,-5,-7.23,,,,,,,,-3.90,-4.70,-6.40,-5.70,-6.30,,,,,-3.40,,-6.30,-6.40,-4.60,-3.20,-4.80,,,-5.20,,,-8.80,,,-3.80,-6.60,-6.30,-2.30,-5,-7.60,
2008-12-30 18:40,-7.90,-7.67,-4.25,-7.43,-5.90,-5.12,-4.87,-7.10,0.90,-7.85,-3.13,-5.29,-0.09,-4.97,-3.28,-5.74,-7.32,1.01,-15.70,-6.62,-4.59,-1.76,-12.40,,-7.45,-5.88,-4.36,0.64,-10.60,-3.10,-4.31,-7.16,-2.48,-13.67,-13.54,-11.18,-10.28,-10.88,-3.79,-11.31,-2.20,,-6.01,-7.45,-11.20,-10.28,-9,-4.82,-10.03,-10.32,-12.21,-12.11,-9.55,-7.96,-14.45,-8.69,-11.79,-13.70,-10.15,-14.56,-13.88,-15,-11.22,-6.20,-10.38,-3.92,-0.67,2.74,5.70,0.99,2.31,-2.55,-2.17,-8.63,-2.05,-4.23,-6.90,-4.34,-3,-4.04,-7.26,-4.60,-7.08,-6.45,-7.55,-5.67,-6.41,-8.10,-6.12,-6.08,-3.13,-9.08,-7.81,-7.70,-9,-7.49,-5.88,-8.09,-6.68,-5.28,-8.55,-10.52,-5.47,-2.85,-2.82,-3.31,-3.12,-5.20,-4.01,-5.75,-7.15,-7.05,-2.84,-5.37,-8.74,-9.43,-5.60,-6.97,-7.54,-7.58,-8.30,-7.13,-5.84,-8.52,-5.22,-3.46,-3,-6.60,-5.10,-6.05,-8.90,,-7.20,-4.70,-7.10,-7.20,-8,,,,,,,-3.90,-5.70,,-7.20,-6,-5.10,-7.44,,,,,,,,-4.10,-4.90,-6.60,-5.50,-6.20,,,,,-3.50,,-6.50,-6.60,-4.50,-3.30,-4.80,,,-5.30,,,-8.90,,,-3.90,-6.30,-6.30,-2.30,-5.10,-7.10,
2008-12-30 18:50,-8,-7.78,-4.25,-7.53,-6.10,-4.81,-5.05,-7.40,0.86,-8.17,-3.02,-5.15,-0.07,-5.35,-3.56,-5.73,-7.84,1.01,-15.90,-6.77,-4.46,-1.99,-11.65,,-6.69,-5.73,-4.48,0.32,-10.62,-3.70,-4.10,-7.52,-2.31,-13.80,-13.57,-11.14,-10.66,-10.90,-4.19,-11.28,-2.10,,-5.75,-7.25,-11.50,-10.28,-8.90,-5.07,-9.78,-10.21,-12.30,-12.17,-9.61,-8.15,-14.21,-8.53,-12.04,-13.90,-10.35,-14.75,-13.83,-15.20,-11.26,-6.08,-10.34,-3.91,-0.45,2.83,4.10,1.09,2.40,-2.66,-2.79,-8.39,-1.75,-4.32,-6.90,-4.42,-2.90,-4.08,-7.51,-4.80,-7.05,-6.48,-7.74,-5.99,-6.80,-8.30,-6.04,-6.16,-3.08,-9.26,-8.04,-7.90,-9.18,-7.64,-5.91,-8.31,-6.42,-5.46,-9.24,-10.65,-5.41,-3.07,-2.99,-3.46,-3.21,-4.90,-5.76,-5.82,-7.11,-7.10,-2.97,-5.31,-9.07,-9.36,-5.60,-7.11,-7.69,-7.87,-8.30,-7.03,-6.03,-8.66,-5.47,-3.55,-3.20,-6.52,-5.11,-6.71,-8.90,,-7.40,-5.10,-6.90,-7.10,-7.80,,,,,,,-4,-5.60,,-7.10,-5.80,-5,-7.61,,,,,,,,-4.40,-5,-6.50,-5.30,-6.30,,,,,-3.40,,-6.50,-7,-4.50,-3.90,,,,-5.30,,,-9,,,-3.90,-5.90,-6.10,-2.20,-5.20,-7,
2008-12-30 19:00,-8.20,-7.69,-4.21,-7.60,-6.30,-4.96,-5.13,-7.30,0.98,-8.39,-2.84,-5.02,-0.05,-5.78,-4.37,-5.75,-8.06,1.03,-16,-7.34,-4.37,-2.38,-11.54,,-6.73,-5.76,-4.92,0.24,-10.76,-3.90,-4.26,-7.38,-2.26,-14.24,-13.75,-10.79,-10.48,-11.18,-4.18,-11.88,-2.10,,-5.81,-7.25,-11.60,-10.43,-8.90,-5.08,-9.72,-10.42,-12.72,-12.12,-9.58,-8.15,-14.39,-8.40,-12.16,-14,-10.12,-14.90,-14.04,-15.50,-11.43,-5.94,-10.42,-3.98,-0.44,2.73,3.90,0.88,3.63,-2.57,-3.49,-8.14,-1.42,-4.76,-6.90,-4.22,-2.90,-4,-7.37,-4.90,-7.07,-6.43,-7.60,-5.93,-6.71,-8.40,-6.41,-6.07,-2.96,-9.38,-8,-7.90,-9.23,-7.43,-5.98,-8.41,-6.29,-5.55,-9.53,-10.87,-5.60,-3.35,-3.03,-3.31,-3.36,-4.90,-5.80,-5.87,-6.65,-7.22,-2.97,-5.33,-9.48,-9.24,-5.70,-7.29,-7.50,-8.17,-8,-6.89,-6.14,-8.72,-5.77,-3.61,-3.40,-6.54,-5.29,-6.90,-8.80,-4.10,-7.50,-4.90,-6.90,-7.40,-8.10,-7.30,-6.70,-3.50,-3.50,-2.30,-4.80,-3.90,-5.90,-7.20,-6.90,-5.90,-5.10,-7.30,,-3.70,-1.80,-2.90,-3.80,-2.30,-3.20,-3.70,-5,-6.50,-5.20,-6.60,-7.10,-4.60,-3.50,-3.80,-3.60,-4.10,-6.60,-7.10,-4.80,-3.30,-5,-5.20,-7.40,-5.50,-6.10,-8.30,-9.40,-3.80,-3.90,-4,-5.80,-6.20,-2.30,-5.10,-7.30,-7.10
2008-12-30 19:10,-8.30,-7.80,-3.94,-7.73,-5.75,-5.15,-5.35,-7.10,1.01,-8.52,-2.82,-4.73,-0.15,-5.88,-4.50,-5.70,-8.30,1.04,-16.10,-7.14,-4.21,-2.06,-11.78,,-6.78,-5.91,-4.76,0.46,-10.90,-4.10,-4.49,-6.95,-2.20,-14.11,-13.95,-11.28,-10.70,-11.42,-4.13,-11.78,-2,,-5.59,-7.63,-12.10,-10.38,-8.80,-4.89,-8.94,-10.56,-12.91,-12.62,-10.11,-8.23,-14.54,-8.18,-12.20,-14.20,-10.14,-15.07,-14.16,-15.70,-11.45,-5.84,-10.38,-4.15,-0.38,2.57,4.40,0.69,4.30,-2.83,-3.34,-8.10,-1.35,-4.49,-7.10,-4.05,-2.90,-3.92,-7.61,-4.90,-7.16,-6.64,-7.54,-5.66,-6.90,-8.50,-6.45,-6.03,-2.91,-9.58,-8.11,-8,-9,-7.43,-6.31,-8.38,-6.22,-5.72,-9.47,-11.05,-5.94,-3.47,-3.18,-3.35,-3.40,-4.90,-3.99,-6.04,-6.61,-7.35,-3.07,-5.46,-9.68,-9.23,-5.80,-7.50,-7.36,-7.99,-8.20,-6.90,-6.28,-8.85,-6.05,-3.46,-3.40,-6.57,-5,-6.03,-8.70,,-7.70,-5.10,-7.10,-7.30,-8.20,,,,,,,-4,-5.70,,-6.90,-5.90,-5.20,-7.82,,,,,,,,-4.40,-5.20,-6.80,-5.20,-6.60,,,,,-3.60,,-6.80,-7.30,-4.90,-3.20,-5.20,,,-5.50,,,-9.40,,,-4.20,-5.90,-6.60,-2.30,-5,-7.30,
2008-12-30 19:20,-8.40,-7.53,-3.83,-7.72,-6.13,-5.04,-5.56,-7.10,1,-8.57,-2.89,-4.61,-0.27,-5.73,-4.70,-5.87,-8.58,0.99,-16.20,-7.19,-3.93,-2.26,-11.71,,-7.14,-6,-4.79,0.72,-11.06,-4,-4.67,-6.63,-2.20,-13.47,-13.87,-11.09,-10.79,-11.53,-4.13,-11.78,-1.50,,-5.46,-7.69,-12.20,-10.34,-9,-4.55,-8.85,-10.78,-12.97,-12.67,-10.42,-8.40,-14.40,-8.26,-12.28,-14.40,-9.94,-15.21,-14.34,-15.90,-11.72,-5.92,-10.39,-4.53,-0.96,2.57,4.30,0.82,4.47,-2.72,-3.75,-8.28,-1.45,-4.27,-7.30,-3.37,-2.90,-3.97,-7.70,-4.50,-7.21,-6.84,-7.61,-4.60,-6.78,-8.60,-6.50,-5.99,-2.73,-9.71,-8.21,-8.20,-8.94,-7.63,-6.40,-8.40,-6.21,-5.68,-9.30,-11.11,-6.09,-3.29,-3.24,-3.46,-3.64,-4.90,-4.10,-6.06,-6.25,-7.46,-2.93,-5.41,-9.32,-9.08,-6,-7.54,-7.44,-7.67,-8.50,-6.95,-6.48,-8.87,-6.09,-3.55,-3.40,-6.61,-5.39,-6.70,-8.80,,-7.80,-4.80,-7.40,-7.20,-8.10,,,,,,,-4.30,-5.40,,-7,-6.50,-5.10,-7.97,,,,,,,,-4.50,-5.20,-7.30,-5.20,-6.70,,,,,-3.70,,-6.70,-7.90,-4.80,-3.20,-5.40,,,-5.40,,,-9.50,,,-4.30,-5.90,-6.70,-2.30,-5,-7.70,
2008-12-30 19:30,-8.40,-7.61,-3.93,-7.75,-6.20,-4.97,-5.73,-7.10,1.25,-8.76,-3.21,-4.93,-0.48,-5.42,-4.83,-5.79,-8.41,0.79,-16.30,-7.33,-3.83,-2.11,-11.99,,-7.45,-6.32,-4.76,0.74,-11.14,-3.80,-4.17,-7.63,-2.06,-13.86,-13.67,-11.16,-10.97,-11.63,-4.22,-11.57,-1.40,,-5.67,-7.86,-11.60,-10.61,-8.90,-4.37,-8.92,-10.80,-13.13,-12.69,-9.81,-8.59,-14.57,-8.29,-12.08,-14.50,-9.87,-15.23,-14.37,-15.80,-11.90,-5.74,-10.60,-4.13,-0.74,2.58,4.50,0.29,3.92,-2.67,-3.99,-8.27,-1.38,-4.41,-7.10,-2.48,-3,-4.17,-7.74,-4.40,-7.28,-6.90,-7.78,-4.63,-7.16,-8.80,-6.73,-6.18,-2.89,-9.96,-8.20,-8.20,-9.28,-8,-6.33,-8.69,-6.07,-5.82,-9.32,-11.17,-6.20,-2.81,-3.21,-3.51,-3.76,-4.90,-4.46,-6.10,-6.26,-7.47,-2.91,-5.54,-9.33,-8.74,-5.90,-6.75,-7.83,-8.28,-8.60,-7.09,-6.58,-8.80,-6.14,-3.64,-3.40,-6.64,-5.39,-7.13,-8.90,,-7.70,-5.10,-7.40,-7.40,-8.40,,,,,,,-4.50,-5.80,,-6.90,-6.80,-5.30,-8.14,,,,,,,,-4.70,-5.20,-7.40,-5.20,-7.30,,,,,-3.80,,-6.50,-8,-4.20,-3.20,-5.60,,,-5.50,,,-9.70,,,-4.30,-6,-7,-2.50,-5.10,-7.60,
2008-12-30 19:40,-8.50,-7.56,-3.77,-7.74,-6.20,-5.11,-5.72,-7.20,1.51,-8.85,-3.53,-4.62,-0.50,-5.39,-5.06,-5.81,-8.31,0.65,-16.40,-7.40,-3.80,-1.99,-12.05,,-7.48,-6.42,-4.97,0.53,-11.24,-3.60,-3.79,-7.79,-1.98,-13.30,-13.42,-11.49,-10.77,-11.61,-3.87,-11.79,-1.60,,-5.57,-7.94,-11.60,-10.81,-9.10,-4.72,-8.28,-10.88,-13.26,-12.54,-10.29,-8.61,-14.49,-8.34,-12.35,-14.60,-10.12,-15.39,-14.61,-16,-11.88,-5.54,-10.61,-4.01,-0.50,2.70,4.90,-0.02,3.45,-2.80,-4.07,-8.30,-1.19,-4.21,-6.90,-1.74,-3,-4.21,-7.80,-4.60,-7.34,-6.62,-7.79,-4.41,-7.13,-8.90,-6.53,-6.47,-2.92,-10.10,-8.42,-8.20,-9.66,-8.06,-6.17,-8.89,-6.09,-5.85,-9.69,-11.18,-6.27,-2.92,-3.19,-3.40,-3.92,-4.90,-4.46,-6.06,-6.36,-7.60,-2.82,-5.86,-9.01,-8.92,-6.10,-5.73,-7.86,-8.59,-8.70,-7.47,-6.76,-9.22,-6.30,-3.96,-3.40,-6.80,-5.41,-6.98,-9,,-7.80,-5,-7.50,-7.30,-8.80,,,,,,,-4.60,-6.90,,-7,-6.60,-5.20,-8.23,,,,,,,,-4.40,-5.20,-7.40,-5.30,-7.60,,,,,-3.80,,-6.80,-8,-3.70,-3.70,-5.70,,,-5.50,,,-9.70,,,-4.30,-5.90,-7,-2.60,-5.10,-7.80,
2008-12-30 19:50,-8.70,-5.68,-3.41,-7.85,-6.20,-5.50,-6.03,-7.30,1.52,-9.01,-3.79,-4.27,-0.49,-5.55,-5.13,-5.95,-8.11,0.45,-16.40,-6.97,-3.80,-2.11,-12.04,,-7.63,-6.43,-4.70,0.52,-11.38,-3.20,-4.13,-7.60,-1.98,-13.19,-13.41,-11.36,-10.41,-11.77,-4,-12.21,-1.90,,-5.58,-7.89,-12.10,-11.07,-8.90,-5.16,-7.60,-10.82,-13.33,-12.45,-10.44,-8.62,-14.76,-8.29,-12.38,-14.60,-10.05,-15.55,-14.72,-16.20,-12.13,-5.42,-10.73,-3.05,-0.73,2.91,4.40,0.80,2.89,-2.81,-4.17,-8.43,-1.23,-4.10,-7.20,-0.68,-4.20,-4.07,-7.58,-4.80,-7.46,-6.77,-7.45,-4.19,-7.14,-8.80,-6.06,-6.59,-2.64,-10.24,-8.57,-8.30,-9.85,-8.16,-6.35,-8.82,-6.18,-5.93,-9.63,-11.45,-6.48,-3.10,-3.25,-3.47,-3.86,-4.90,-4.70,-6.26,-6.42,-7.61,-2.86,-6.39,-8.59,-9.15,-6.20,-5.55,-7.95,-9.24,-8.70,-7.71,-6.80,-9.26,-6.25,-4.18,-3.40,-6.89,-5.44,-6.10,-9.20,,-7.90,-4.90,-7.40,-7.30,-8.90,,,,,,,-4.70,-7.10,,-7.30,-7,-5.30,-8.41,,,,,,,,-4.30,-5.30,-7.50,-5.40,-7.70,,,,,-4,,-7,-7.80,-3.80,-4,-5.70,,,-5.40,,,-9.80,,,-4.40,-5.90,-6.70,-2.60,-5,-7.90,
2008-12-30 20:00,-8.70,-3.84,-3.59,-7.96,-6.20,-6.01,-5.76,-7.40,1.18,-9.16,-3.39,-4.38,-0.44,-5.07,-5.10,-5.81,-7.83,0.51,-16.30,-7.17,-3.83,-2.35,-12.53,,-7.55,-6.31,-4.63,0.61,-11.38,-3.80,-4.62,-7.45,-2.05,-13.42,-13.57,-11.49,-10.30,-11.68,-4.26,-12.21,-1.70,,-6.20,-7.69,-12,-11.14,-8.70,-5.31,-6.88,-10.04,-13.27,-12.45,-10.64,-8.77,-14.56,-8.32,-12.51,-14.80,-9.76,-15.76,-14.86,-16.20,-12.14,-5.43,-11.15,-2.56,-1.09,2.95,4.80,1.19,3.73,-2.74,-3.80,-8.51,-0.94,-4.14,-7.50,-0.74,-4.80,-4.08,-7.84,-4.70,-7.62,-6.88,-7.79,-4.16,-7.29,-8.90,-6.25,-6.43,-2.64,-10.47,-8.71,-8.30,-9.90,-8.15,-6.35,-8.67,-6.38,-6.02,-9.87,-11.53,-6.84,-3.05,-3.32,-3.42,-3.88,-4.90,-4.97,-6.52,-6.79,-7.79,-2.94,-6.35,-8.44,-9.27,-6.40,-5.52,-7.97,-9.51,-8.90,-7.89,-6.77,-9.48,-6.30,-4.33,-3.50,-6.96,-5.30,-6.21,-9.20,-4.40,-8,-5,-7.40,-6.80,-8.80,,-7.10,-3.70,-5.40,-3,-4.50,-4.70,-7.80,-7.30,-7.70,-7.10,-5.30,-8.30,,-4,-0.70,-3.20,-4,-2.60,-3.20,-4.10,-5.40,-7.40,-5.50,-7.80,-7.60,-5.20,-3.40,-3.50,-4,-5,-7.10,-7.90,-4.10,-3.60,-5.80,-6.10,-7.70,-5.10,-6.90,-8.50,-10,-4.20,-4.50,-4.30,-6,-7.10,-2.70,-5,-7.70,-6.70
2008-12-30 20:10,-8.70,-3.82,-3.48,-7.98,-6.10,-6.13,-5.65,-7.50,0.92,-9.24,-3.29,-4.60,-0.31,-4.95,-5.02,-5.65,-7.86,0.52,-16.40,-7.62,-3.71,-2.30,-12.59,,-7.63,-6.34,-4.12,0.49,-11.52,-3.90,-4.34,-7.45,-1.87,-13.51,-14.18,-11.57,-10.23,-11.59,-4.62,-12.13,-2,,-6.19,-7.52,-12.40,-11.20,-8.90,-5.56,-6.69,-9.93,-13.64,-12.60,-10.86,-8.79,-14.36,-8.41,-12.31,-14.90,-9.83,-15.81,-14.99,-16.40,-12.26,-5.43,-11.26,-2.14,-1.48,3.19,4.60,0.61,3.76,-2.74,-3.50,-8.53,-1.11,-4.06,-7.50,-0.94,-4.90,-3.68,-7.94,-4.67,-7.81,-6.91,-8.15,-4.71,-7.34,-9.10,-6.46,-6.81,-2.66,-10.41,-8.88,-8.30,-9.90,-8.27,-6.24,-8.70,-6.20,-6.16,-9.95,-11.63,-6.86,-2.99,-3.57,-3.34,-4.02,-4.90,-6.19,-6.43,-7.01,-7.75,-3.01,-6.63,-8.28,-9.34,-6.50,-5.49,-7.90,-9.22,-9,-7.86,-6.82,-9.50,-6.52,-4.42,-3.60,-7.02,-5.65,-6.27,-9.20,,-7.90,-4.80,-7.50,-6.90,-8.60,,,,,,,-4.80,-7.90,,-7.70,-7.20,-5.20,-8.60,,,,,,,,-4.70,-5.50,-7.50,-6,-7.80,,,,,-4,,-6.10,-7.10,-4.10,-3.50,-6,,,-5.10,,,-10,,,-4.40,-6.50,-7.20,-2.70,-5,-7.70,
2008-12-30 20:20,-8.80,-3.96,-3.49,-8.02,-6,-6.04,-5.87,-7.80,0.77,-9.42,-3.14,-4.74,-0.13,-5.46,-5.09,-5.53,-7.87,0.23,-16.60,-7.65,-3.73,-2.24,-12.40,,-7.81,-6.32,-3.94,0.50,-11.58,-3.70,-4.23,-7.31,-1.87,-13.59,-14.39,-11.40,-10.59,-11.66,-4.40,-12.28,-1.90,,-5.97,-7.38,-12.20,-11.11,-8.80,-5.44,-6.20,-9.82,-13.60,-12.73,-10.82,-8.84,-14.22,-8.42,-12.23,-15,-10.03,-15.76,-15.04,-16.50,-12.20,-5.43,-11.11,-2.05,-1.77,3.51,5.20,1.22,3.28,-2.77,-3.08,-8.58,-0.98,-4.26,-7.60,-1.07,-4.80,-3.74,-8.10,-4.67,-7.89,-6.94,-8.36,-6.03,-7.72,-9,-6.92,-7.26,-2.69,-10.53,-8.91,-8.40,-10.04,-8.27,-6.38,-8.76,-5.77,-6.24,-10.16,-11.59,-6.97,-2.94,-3.55,-3.54,-4,-5,-5.61,-6.46,-7.14,-7.85,-3.11,-6.44,-8.45,-9.30,-6.60,-5.33,-8.02,-9.20,-9.10,-8.05,-6.73,-9.51,-6.62,-4.45,-3.70,-7.08,-5.69,-6.31,-9.10,,-7.80,-4.70,-7.80,-7.20,-8.60,,,,,,,-5,-7.70,,-7.70,-7.30,-5.30,-8.60,,,,,,,,-4.90,-5.50,-7.70,-6.40,-7.90,,,,,-4.10,,-5.10,-7.30,-4.40,-3.60,-6.10,,,-5,,,-10,,,-4.50,-6.70,-7,-2.60,-5,-7.90,
2008-12-30 20:30,-8.60,-3.53,-3.62,-7.99,-5.70,-6.23,-5.92,-7.90,0.72,-9.42,-2.49,-4.71,-0.22,-5.61,-5.32,-5.82,-7.86,0.11,-16.70,-7.20,-3.77,-2.57,-12.53,,-8,-6.26,-3.78,0.38,-11.62,-3.50,-4.15,-7.32,-1.60,-13.73,-14.41,-11.79,-10.63,-11.83,-4.44,-12.36,-2.20,,-6.78,-7.34,-13.10,-10.83,-8.50,-5.22,-6.24,-9.14,-13.71,-13.04,-10.74,-8.90,-14.52,-8.94,-12.58,-15.10,-10.15,-15.85,-15,-16.60,-12.24,-5.31,-11.11,-2.07,-1.79,3.81,4.70,0.06,2.47,-3,-3.92,-8.81,-0.98,-3.96,-7.50,-1.11,-4.70,-3.45,-8.12,-4.60,-7.66,-7.12,-8.32,-5.98,-8.05,-8.80,-7.36,-7.39,-2.48,-10.69,-8.83,-8.60,-9.98,-8.47,-6.51,-8.57,-5.61,-6.33,-10.15,-11.72,-7.07,-3.02,-3.62,-3.54,-4.04,-5.10,-6.13,-6.62,-7.09,-7.81,-3.32,-6.37,-8.41,-9.23,-6.80,-5.11,-8.81,-9.63,-9.50,-8.26,-6.54,-9.52,-7.24,-4.61,-3.70,-7.27,-5.69,-6.42,-9.20,,-7.70,-4.90,-8,-7.10,-8.40,,,,,,,-5.10,-7.60,,-7.80,-7.60,-5.30,-8.67,,,,,,,,-4.80,-5.60,-7.90,-6.30,-8,,,,,-4.20,,-5,-7.80,-4.50,-3.50,-6.10,,,-5.10,,,-10.20,,,-4.70,-6.40,-6.80,-2.70,-5,-7.90,
2008-12-30 20:40,-8.70,-3.19,-3.69,-8.07,-5.60,-6.11,-6.01,-8,0.64,-9.48,-2.14,-4.51,-0.73,-5.54,-5.53,-6.11,-7.76,0.29,-16.70,-7.53,-3.64,-2.69,-12.68,,-8.47,-6.38,-3.38,-0.23,-11.73,-3.30,-4.07,-7.18,-1.92,-14.13,-14.12,-11.74,-10.92,-12.12,-4.49,-12.49,-1.90,,-6.53,-7.52,-12.70,-10.94,-8,-5.14,-6.54,-9.20,-13.81,-13.33,-11.20,-8.98,-14.60,-9.20,-12.63,-15.20,-9.88,-15.95,-15.21,-16.70,-12.24,-5.05,-11.34,-1.78,-1.32,3.68,4.50,-0.18,1.82,-3,-4.63,-8.57,-1.05,-3.52,-7.60,-1.13,-4.80,-3.38,-8.02,-4.78,-7.78,-7.33,-8.25,-6.12,-7.98,-9,-7.03,-7.27,-2.75,-10.81,-8.97,-8.60,-9.97,-8.66,-6.71,-8.57,-6.13,-6.31,-10.43,-11.76,-7.23,-2.92,-3.57,-3.35,-4.10,-5.10,-6.02,-6.71,-7.05,-7.84,-3.46,-6.63,-8.38,-9.30,-6.90,-4.96,-8.83,-9.95,-9.90,-8.23,-6.70,-9.68,-7.23,-4.82,-3.40,-7.44,-5.88,-6.27,-9.60,,-8,-5,-8.30,-7.30,-8.90,,,,,,,-5.10,-6.60,,-8.10,-7.60,-5.30,-8.78,,,,,,,,-5.10,-5.70,-8,-6,-8,,,,,-4.40,,-5.10,-8.50,-4.70,-3.70,-6.10,,,-5.20,,,-10.10,,,-4.70,-6.40,-6.60,-2.80,-5.20,-7.80,
2008-12-30 20:50,-8.60,-2.78,-4.06,-8.15,-5.60,-6.11,-5.94,-8.10,0.56,-9.53,-2.75,-4.09,-1.44,-4.91,-5.46,-6.09,-7.75,0.04,-16.80,-7.73,-3.72,-2.47,-12.77,,-8.43,-6.51,-3.52,0.41,-11.76,-3,-4.33,-7.36,-2.40,-14.04,-14.09,-11.78,-10.69,-12.36,-4.49,-12.77,-1.70,,-6.83,-7.40,-12.40,-11.08,-7.20,-5.10,-5.72,-9.59,-13.84,-13.27,-11.27,-9.03,-14.56,-9.02,-12.55,-15.20,-9.99,-15.87,-15.22,-16.90,-12.27,-4.85,-11.62,-1.97,-1.33,3.68,4.20,1.38,2.42,-2.87,-5.09,-8.50,-1.11,-3.53,-7.50,-1.92,-3.60,-3.23,-8.02,-5,-7.83,-7.22,-8.13,-6.07,-7.96,-9.10,-6.86,-7.51,-3.19,-10.86,-9.07,-8.70,-10.29,-8.61,-6.82,-8.63,-6.55,-6.46,-10.45,-11.94,-7.28,-2.99,-3.74,-3.50,-4.14,-5,-6.06,-6.70,-7.05,-7.99,-3.77,-6.80,-8.21,-9.38,-6.80,-4.79,-8.82,-9.60,-10.10,-8.04,-6.53,-9.96,-6.95,-4.71,-3.30,-7.50,-5.83,-6.16,-9.90,,-7.90,-4.90,-8.40,-7.40,-8.50,,,,,,,-5.10,-8.30,,-8,-7.60,-5.10,-8.90,,,,,,,,-4.80,-5.80,-8.10,-6.10,-7.90,,,,,-4.60,,-5.20,-8.40,-4.90,-4.20,-6.10,,,-5.40,,,-10.30,,,-4.60,-6.40,-6.30,-2.70,-5.20,-7.50,
2008-12-30 21:00,-8.70,-3.85,-3.89,-8.25,-5.80,-6.26,-6.07,-8.10,0.55,-9.53,-3.60,-3.83,-1.75,-5.24,-5.65,-5.78,-7.63,0.11,-16.70,-7.33,-3.79,-2.06,-12.97,,-8.69,-6.41,-3.30,0.29,-11.80,-2.60,-4.42,-7.21,-2.52,-13.87,-13.93,-11.76,-10.73,-12.35,-3.97,-12.91,-1.90,,-7.08,-7.50,-12.40,-11.10,-6.70,-5.06,-5.58,-9.75,-14.11,-13.12,-11.24,-9.28,-14.45,-8.87,-12.57,-15.30,-10.22,-15.98,-15.32,-17,-12.01,-4.89,-11.96,-2.07,-1.13,3.94,4.30,1.86,3.12,-3.03,-5.22,-8.56,-1.28,-3.98,-7.80,-1.89,-3,-3.26,-8.04,-5.02,-7.82,-7.14,-7.81,-6.44,-7.92,-8.90,-7.11,-7.62,-3.29,-10.95,-8.92,-8.80,-10.55,-8.66,-6.78,-8.75,-6.72,-6.80,-10.31,-11.97,-7.34,-3.14,-3.88,-3.56,-4.36,-5,-6.26,-6.79,-6.95,-8.36,-3.85,-6.72,-8.48,-9.58,-6.80,-4.98,-8.74,-9.30,-9.90,-7.74,-6.63,-10.02,-7.20,-4.62,-3.40,-7.47,-6.06,-6.86,-9.80,-4.90,-8,-4.80,-8.40,-7.40,-8.50,-8.20,-6.70,-3.40,-5.90,-3.10,-5.90,-5.20,-8.60,-7.10,-8.40,-8,-5.10,-8.60,-8,-4.20,-0.20,-3.20,-6,-2.70,-3.90,-5.70,-5.90,-8.20,-6.20,-7.90,-8.30,-5.40,-3.60,-4,-4.70,-6.20,-5.20,-8.40,-5.10,-4.80,-6.30,,-8.60,-5.80,-7.60,-8.90,-10.30,-4.70,-4.60,-4.60,-6.60,-6.10,-2.80,-5,-8,-5.80
2008-12-30 21:10,-8.70,-4.82,-3.87,-8.27,-6.10,-6.39,-6.23,-8.20,0.59,-9.71,-3.58,-3.53,-2.33,-5.30,-5.95,-5.74,-7.41,0.30,-16.60,-7.32,-3.62,-2.03,-13,,-8.76,-6.19,-3.07,0.10,-11.94,-2.40,-4.99,-6.83,-1.69,-13.83,-13.72,-11.85,-10.82,-12.30,-3.67,-12.65,-2.10,,-7.31,-7.66,-12.60,-11.14,-6.40,-5.05,-5.70,-9.55,-14.18,-13.15,-11.44,-9.44,-14.32,-9.23,-12.37,-15.40,-10.37,-16.12,-15.40,-17,-11.97,-4.88,-12.07,-2.52,-1.92,3.94,4.90,1.99,1.88,-2.94,-5.19,-8.55,-1.05,-4.12,-8,-1.86,-2.70,-3.31,-8.22,-5.50,-7.94,-7.68,-7.92,-6.79,-7.94,-8.90,-7.29,-7.73,-3.24,-11.03,-9.06,-8.90,-10.60,-8.56,-6.56,-8.92,-6.86,-7.30,-10.36,-12.09,-7.40,-3.33,-3.85,-3.50,-4.39,-5,-6.38,-7.05,-6.93,-8.61,-3.81,-6.88,-8.75,-9.67,-6.60,-4.99,-8.67,-9.61,-10.10,-7.84,-6.48,-10.04,-7.21,-4.63,-3.60,-7.79,-6.19,-7.77,-9.50,,-8.10,-5.20,-8.40,-7.60,-9.20,,,,,,,-5.40,-8.20,,-8.40,-8,-4.80,-9.03,,,,,,,,-5.80,-6,-8.30,-6.20,-8,,,,,-4.60,,-5.40,-8.40,-5.10,-4.90,-6.30,,,-5.90,,,-10.30,,,-4.70,-6.50,-5.70,-2.90,-5,-7.90,
2008-12-30 21:20,-8,-5.58,-3.93,-8.30,-6.10,-6.48,-5.93,-8.40,0.73,-10.07,-3.29,-3.50,-2.64,-5.83,-5.99,-5.42,-7.21,0.32,-16.50,-7.39,-3.74,-2.08,-13.19,,-9.16,-6.21,-3.09,0,-12,-2.20,-5.92,-7.44,-1.13,-13.84,-14.06,-11.99,-10.58,-12.37,-3.90,-12.45,-1.90,,-7.27,-7.72,-12.50,-11.31,-5.90,-5.27,-5.69,-9.88,-14.34,-13.12,-10.83,-9.42,-14.33,-9.23,-12.79,-15.60,-10.14,-16.27,-15.51,-17.20,-11.99,-4.81,-12.11,-2.35,-2.28,4.21,4.30,2.25,1.18,-2.98,-4.55,-8.38,-0.83,-3.96,-8,-1.59,-2.60,-3.22,-7.90,-5.80,-8.18,-7.26,-8.28,-6.71,-8.11,-9,-7.16,-7.75,-3.51,-11.17,-9.37,-9.10,-10.47,-9.07,-6.55,-8.93,-7.24,-7.48,-10.27,-12.03,-7.42,-3.40,-3.79,-3.56,-4.54,-5.10,-6.69,-7.17,-6.89,-8.83,-3.79,-6.97,-8.61,-9.22,-6.80,-5.15,-8.55,-9.08,-10.20,-7.78,-6.61,-10.09,-7.19,-4.74,-3.60,-7.57,-5.96,-8.48,-9.50,,-8.10,-5.60,-8.60,-7.50,-8.90,,,,,,,-5.40,-7.90,,-8.50,-7.90,-4.90,-9.01,,,,,,,,-5.80,-6.20,-8.50,-6.20,-8,,,,,-4.40,,-5.50,-8.80,-5.30,-5.10,-6.30,,,-5.80,,,-10.30,,,-4.80,-6.20,-6.30,-2.90,-4.90,-7.80,
2008-12-30 21:30,-7.70,-5.87,-3.51,-8.29,-6.10,-6.62,-5.53,-8.30,0.58,-9.88,-3.27,-4.28,-3.05,-5.38,-6.36,-5.38,-7.24,0.37,-16.50,-7.81,-3.67,-1.90,-13.19,,-9.08,-6.46,-3.08,0.04,-12.09,-2.10,-5.79,-7.80,-0.73,-14.02,-14.29,-12.07,-10.63,-12.43,-4.14,-12.51,-2.10,,-7.63,-7.93,-12.40,-11.52,-5.60,-5.39,-5.78,-9.81,-14.46,-12.83,-10.69,-9.39,-14.68,-9.06,-12.92,-15.60,-10.18,-16.26,-15.62,-17.30,-11.94,-4.87,-12,-2.19,-2.20,4.24,4.30,2.57,2.10,-3.01,-5.62,-8.30,-0.70,-3.76,-8.10,-1.88,-2.70,-3.29,-8.07,-6.10,-8.04,-6.73,-8.54,-6.68,-8.32,-9.30,-7.54,-7.75,-3.48,-11.12,-9.35,-9.20,-10.53,-8.70,-6.69,-9.05,-7.33,-7.84,-10.08,-12.09,-7.75,-3.52,-3.93,-3.63,-4.74,-5.20,-7.32,-7.01,-6.65,-8.82,-3.72,-6.90,-8.60,-9.59,-6.80,-5.27,-8.43,-9.24,-10.20,-7.39,-6.51,-10.25,-7.06,-4.84,-3.50,-7.58,-6.18,-8.92,-9.70,,-8.10,-5.10,-8.70,-7.40,-9.10,,,,,,,-5.50,-8.30,,-8.50,-8,-4.70,-8.91,,,,,,,,-5.20,-6.30,-8.50,-6.10,-8,,,,,-4.60,,-6.10,-8.80,-5.30,-5.30,-6.40,,,-5.70,,,-10.40,,,-4.80,-6.30,-6.40,-2.90,-5.10,-7.90,
2008-12-30 21:40,-7.80,-6.37,-3.32,-8.26,-6,-6.67,-5.56,-8.40,0.87,-10.06,-3.25,-4.40,-2.97,-5.54,-6.14,-5.63,-7.30,0.17,-16.50,-7.81,-3.64,-1.44,-13.39,,-9.18,-6.69,-2.91,0.03,-12.19,-1.80,-5.34,-7.84,-0.64,-14.35,-14.46,-11.95,-10.71,-12.43,-4.33,-12.71,-2.10,,-7.81,-8.01,-12.70,-11.64,-5.50,-5.53,-5.93,-9.69,-14.46,-12.92,-11.50,-9.45,-14.80,-9.13,-12.80,-15.60,-10.08,-16.27,-15.60,-17.50,-11.94,-4.74,-12.13,-2.58,-1.46,4.36,4.60,2.71,3.51,-3.02,-5.93,-8.44,-0.60,-3.72,-7.70,-1.81,-2.70,-3.13,-8.01,-6.40,-8.11,-6.56,-8.54,-6.73,-8.32,-9.30,-7.89,-8.01,-3.34,-11.33,-9.33,-9,-10.67,-8.72,-6.73,-9,-7.37,-8.07,-10.28,-12.08,-7.71,-3.58,-3.98,-3.69,-4.87,-5.40,-7.18,-7.37,-6.55,-8.72,-3.65,-7.10,-8.69,-9.73,-7.10,-5.59,-8.35,-9.69,-10.30,-7.44,-6.59,-10.03,-7.42,-4.91,-3.60,-7.48,-5.90,-8.88,-9.80,,-8.10,-5.40,-8.70,-7.50,-9.30,,,,,,,-5.40,-8.30,,-8.40,-7.60,-4.90,-8.99,,,,,,,,-6,-6.30,-8.60,-6.10,-8.20,,,,,-4.50,,-6.20,-8.90,-5.50,-5.20,-6.60,,,-5.70,,,-10.50,,,-4.70,-6.10,-6.40,-3,-5.40,-7.70,
2008-12-30 21:50,-7.80,-6.50,-3.48,-8.24,-5.90,-6.58,-5.64,-8.30,0.83,-10.06,-3.36,-5.04,-2.69,-5.60,-6.13,-5.74,-7.04,0.11,-16.60,-7.57,-3.67,-1.39,-13.07,,-9.08,-6.82,-2.93,0.28,-12.15,-2.60,-4.84,-7.65,-1.11,-14.45,-14.62,-12.18,-10.88,-12.53,-4.48,-12.89,-2.10,,-6.99,-7.88,-12.60,-11.72,-5.50,-5.75,-6.48,-9.94,-14.58,-12.87,-11.73,-9.42,-15,-9.18,-12.51,-15.80,-10.34,-16.45,-15.54,-17.40,-11.66,-4.58,-12.25,-2.50,-1.28,4.48,4.60,2.56,2.96,-2.91,-6.12,-8.77,-0.76,-3.60,-7.40,-0.71,-2.70,-2.96,-8.08,-6.20,-7.80,-6.54,-8.54,-6.89,-8.20,-9.30,-7.89,-8.23,-3.38,-11.42,-9.36,-9,-10.71,-8.88,-6.90,-9.21,-7.19,-7.91,-10.56,-11.99,-7.89,-3.71,-3.99,-3.71,-4.88,-5.60,-6.40,-7.78,-6.37,-9,-3.62,-7.18,-8.52,-9.30,-7.20,-5.66,-8.36,-9.90,-10.70,-7.18,-6.62,-9.99,-7.09,-4.98,-3.60,-7.44,-6.09,-8.42,-9.70,,-8.30,-5.50,-8.80,-7.30,-9.10,,,,,,,-5.50,-7.80,,-8.90,-7.60,-5,-9.21,,,,,,,,-6.10,-6.40,-8.70,-6.10,-8.20,,,,,-4.60,,-5.70,-8.60,-5.60,-5.30,-6.50,,,-5.50,,,-10.40,,,-4.80,-6,-6.50,-3,-6,-7.70,
2008-12-30 22:00,-7.50,-6.62,-3.81,-8.17,-6,-6.65,-6.30,-8.20,0.61,-10.11,-3.09,-4.64,-2.66,-5.82,-5.64,-5.44,-7,-0.04,-16.60,-7.67,-3.66,-1.16,-13.23,,-8.64,-6.87,-3.13,0.34,-12.11,-2.80,-4.34,-7.45,-1.13,-14.48,-14.76,-12.11,-11.21,-12.39,-4.42,-13.19,-2.10,,-8.17,-7.73,-12.90,-11.74,-5.80,-5.88,-6.84,-10.14,-14.95,-12.77,-11.96,-9.30,-14.64,-9.37,-12.46,-15.90,-10.06,-16.57,-15.66,-17.50,-11.61,-4.60,-12.28,-1.96,-0.72,4.52,4.50,2.57,4.21,-2.88,-5.96,-8.89,-0.55,-3.31,-7.50,-0.34,-2.80,-3.21,-7.42,-6.20,-7.98,-6.45,-8.43,-6.99,-8.35,-9.40,-8.08,-8.14,-3.32,-11.51,-9.39,-9.20,-10.47,-8.76,-6.94,-9.21,-7.29,-7.35,-10.86,-11.98,-7.99,-3.77,-4.21,-3.64,-4.82,-5.70,-6.26,-8.03,-6.05,-9.03,-3.56,-7.52,-8.18,-9.37,-7.50,-5.51,-8.61,-9.87,-10.70,-7.14,-6.72,-10.33,-7.17,-4.97,-3.70,-7.48,-6.02,-8.40,-9.70,-5.30,-8.40,-5.40,-8.90,-7.70,-9,-9.60,-3.40,-2.90,-6.20,-3.70,-5.80,-5.50,-8.10,-8,-9.20,-7.90,-5,-9.30,-8.90,-4.10,-0.40,-3.80,-4.90,-2.90,-4.10,-5.80,-6.40,-8.60,-6.20,-8.20,-9.50,-6,-4.20,-3.90,-4.60,-5.30,-5.60,-8.60,-5.60,-5.70,-6.60,-8.80,-9.40,-5.40,-7.20,-9.50,-10.60,-4.80,-4.80,-4.90,-6,-7.10,-3.20,-6.50,-7.80,-6
2008-12-30 22:10,-7.50,-7.07,-3.84,-8.22,-6.10,-6.73,-6.51,-8.30,0.70,-10.20,-2.64,-4.69,-2.47,-5.13,-5.58,-5.43,-6.91,0.23,-16.70,-7.34,-3.62,-1.38,-13.53,,-9.04,-7.06,-3.30,0.72,-12.20,-2.80,-4.26,-7.82,-1.58,-14.39,-14.85,-12.18,-11.13,-12.54,-4.38,-13.10,-2.10,,-7.32,-7.69,-13.20,-12.11,-6.40,-5.95,-7.49,-10.21,-14.78,-12.88,-11.98,-9.30,-14.62,-9.55,-12.77,-16,-9.96,-16.59,-15.40,-17.60,-11.60,-4.59,-12.33,-2.06,-0.61,4.56,4.20,2.62,3.75,-2.99,-5.94,-8.79,-0.54,-3.46,-7.90,-0.45,-3.16,-3.32,-7.36,-5.75,-8.08,-6.70,-8.52,-7.04,-8.39,-9.50,-8.14,-8.39,-3.33,-11.64,-9.57,-9.30,-10.40,-9,-7,-9.23,-7.61,-7.50,-10.82,-12.10,-7.93,-3.94,-4.40,-3.63,-4.82,-5.70,-5.75,-7.67,-6.18,-8.81,-3.61,-7.92,-7.83,-9.63,-7.60,-5.48,-8.54,-9.94,-10.60,-7.53,-6.69,-10.58,-7.24,-4.94,-3.60,-7.55,-6.02,-8.58,-9.60,,-8.30,-5.40,-8.90,-8,-9,,,,,,,-5.50,-6.90,,-9.20,-7.90,-5.50,-9.37,,,,,,,,-6.20,-6.50,-8.50,-6.50,-8.20,,,,,-4.60,,-5.70,-8.50,-5.60,-5.70,-6.80,,,-5.50,,,-10.60,,,-4.90,-6,-7.50,-3.20,-6.60,-7.80,
2008-12-30 22:20,-7.50,-7.30,-3.84,-8.28,-6.10,-6.72,-6.84,-8.50,0.56,-10.37,-2.62,-5.22,-2.15,-5.26,-5.70,-5.12,-6.82,-0.02,-16.70,-7.43,-3.63,-1.02,-13.51,,-9.18,-6.97,-2.99,0.80,-12.30,-2.40,-4.39,-7.85,-1.42,-14.43,-14.97,-12.12,-11.03,-12.74,-4.37,-12.80,-2,,-7.23,-7.75,-13.20,-11.60,-5.90,-6.10,-7.84,-10.45,-14.94,-12.98,-11.88,-9.37,-15.01,-9.55,-12.58,-16,-10.13,-16.73,-15.63,-17.80,-11.68,-4.58,-12.37,-1.89,-0.26,4.53,4.80,2.38,4.81,-2.92,-5.96,-8.90,-0.61,-3.34,-7.90,-1.01,-3.02,-3.56,-7.62,-5.78,-8.13,-6.70,-8.48,-7.19,-8.31,-9.50,-8.01,-8.38,-3.30,-11.67,-9.43,-9.20,-10.46,-9.13,-7.21,-9.63,-7.86,-7.68,-10.89,-12.12,-7.80,-3.85,-4.34,-3.61,-5.04,-5.70,-5.66,-7.54,-6.30,-8.92,-3.73,-7.59,-8.07,-9.83,-7.80,-5.51,-8.45,-10.04,-10.70,-7.28,-6.75,-10.65,-7.57,-4.91,-3.60,-7.51,-6.05,-8.61,-9.50,,-8.40,-5.30,-8.70,-8,-9.10,,,,,,,-5.40,-6.10,,-8.90,-7.80,-5.90,-9.62,,,,,,,,-6.20,-6.60,-8.40,-6.70,-8.50,,,,,-4.80,,-5.80,-8.60,-5.60,-5.50,-6.90,,,-5.50,,,-10.70,,,-5,-5.90,-7.50,-3.50,-5.80,-8,
2008-12-30 22:30,-7.50,-7.50,-4.04,-8.31,-6,-6.60,-6.87,-8.50,0.65,-10.49,-2.89,-5.53,-2.05,-5.57,-5.53,-4.97,-6.63,0.24,-16.80,-7.57,-3.64,-1.46,-13.56,,-9.59,-7,-2.89,0.78,-12.38,-3.20,-4.80,-7.95,-1.10,-14.72,-15.08,-11.99,-11.19,-12.79,-4.34,-12.98,-1.90,,-7.39,-7.52,-12.90,-11.61,-6,-5.52,-7.87,-10.65,-15.38,-12.80,-11.55,-9.49,-15.12,-9.38,-12.62,-16,-10.23,-16.74,-15.92,-17.80,-11.77,-4.41,-12.49,-2.13,-0.81,4.43,4.30,2.32,4.82,-2.87,-5.99,-8.90,-0.67,-3.57,-8,-1.81,-3.05,-3.49,-7.93,-5.06,-8.36,-6.62,-8.18,-6.95,-8.41,-9.50,-7.90,-8.99,-3.42,-11.54,-9.42,-9.30,-10.88,-9.34,-7.22,-9.49,-7.87,-7.62,-10.87,-12.23,-7.98,-3.74,-4.68,-3.69,-5.21,-5.70,-5.74,-7.55,-6.30,-9.01,-3.83,-7.45,-8.32,-9.90,-7.90,-5.57,-8.51,-10.11,-10.60,-6.87,-6.77,-10.54,-7.71,-5.05,-3.70,-7.60,-6.04,-8.44,-9.50,,-8.40,-5.10,-8.70,-7.60,-9.30,,,,,,,-5.40,-6.30,,-9,-7.70,-5.80,-9.74,,,,,,,,-6.40,-6.80,-8.60,-6.60,-8.50,,,,,-4.80,,-5.70,-8.60,-5.50,-5.20,-6.90,,,-5.80,,,-10.70,,,-5,-5.70,-7.70,-3.60,-5.60,-8.10,
2008-12-30 22:40,-7.60,-7.81,-4.18,-8.35,-5.70,-6.96,-7.16,-8.70,0.47,-10.52,-2.34,-6.14,-1.72,-5.48,-5.74,-5.25,-6.35,-0.08,-16.70,-7.68,-3.62,-0.85,-13.53,,-9.88,-7.04,-3.03,0.62,-12.38,-3.30,-5.62,-7.93,-0.98,-14.75,-15.12,-11.68,-11.28,-12.84,-4.42,-13.14,-1.80,,-6.65,-7.54,-13.10,-12,-6,-5.32,-7.80,-10.90,-15.19,-12.69,-12.51,-9.66,-14.94,-9.28,-12.69,-16,-10.10,-16.82,-15.99,-17.90,-11.50,-4.32,-12.62,-2.16,-1.02,4.45,4.80,2.48,5.09,-2.73,-6.29,-8.83,-0.71,-3.70,-7.90,-2.05,-2.63,-3.51,-7.48,-5,-8.48,-6.47,-8.36,-6.81,-8.52,-9.30,-7.98,-9.31,-3.32,-11.66,-9.42,-9.30,-11,-9.63,-6.96,-9.33,-7.76,-7.31,-10.91,-12.29,-8.19,-3.60,-4.43,-3.68,-5.26,-5.60,-6,-7.76,-6.21,-9.05,-3.97,-7.32,-8.11,-9.91,-8,-5.68,-8.54,-9.95,-10.50,-6.87,-7.57,-10.46,-7.83,-5.10,-3.60,-7.67,-6.30,-8.46,-9.50,,-8.40,-4.90,-8.90,-7.80,-9.20,,,,,,,-5.60,-6.30,,-9,-7.70,-6.30,-9.82,,,,,,,,-6.40,-6.80,-8.70,-6.60,-8.60,,,,,-4.80,,-5.60,-8.30,-5.40,-5.50,-6.70,,,-6.10,,,-10.60,,,-5,-6.10,-7.80,-3.80,-5.60,-8,
2008-12-30 22:50,-7.60,-7.97,-4.34,-8.18,-5.90,-7.06,-7.19,-8.80,0.33,-10.44,-2.26,-6.84,-1.62,-5.33,-5.77,-5.43,-6.95,0.04,-16.60,-7.32,-3.67,-0.33,-13.89,,-9.75,-7.23,-3.23,0.59,-12.43,-2.70,-5.58,-7.21,-1.12,-14.90,-15.50,-11.53,-11.34,-12.98,-4.31,-13.48,-1.80,,-7.13,-7.82,-13,-11.99,-6,-4.75,-7.88,-11.09,-15.13,-12.72,-12.43,-9.69,-14.95,-9.23,-12.84,-16.10,-10.13,-16.91,-15.94,-17.80,-11.39,-4.14,-12.93,-2.11,-0.68,4.32,4.60,1.95,5.26,-2.75,-6.45,-8.90,-0.82,-3.47,-8,-2.17,-2.57,-3.56,-6.38,-5.10,-8.34,-6.44,-8.71,-7.31,-8.56,-9.30,-8.07,-9.52,-3.13,-11.80,-9.46,-9.50,-10.67,-9.28,-6.96,-9.28,-8.13,-7.28,-10.91,-12.07,-8.15,-3.58,-3.46,-3.70,-5.32,-5.70,-6.24,-8,-6.37,-9.17,-4.03,-7.50,-8.22,-9.76,-8.10,-5.77,-8.43,-10,-10.90,-6.84,-7.44,-10.53,-8.01,-5.26,-3.60,-7.66,-6.03,-8.27,-9.70,,-8.40,-5.10,-8.90,-7.90,-9.30,,,,,,,-5.50,-6.70,,-9,-7.70,-6.90,-9.93,,,,,,,,-6.30,-6.90,-8.80,-6.30,-8.80,,,,,-5,,-5.20,-8.20,-5.50,-5.70,-6.70,,,-6,,,-10.50,,,-5,-6.20,-7.70,-4,-5.70,-7.80,
2008-12-30 23:00,-6.60,-7.80,-4.43,-8.08,-6.10,-6.94,-7.22,-9,0.10,-10.53,-1.86,-7.13,-1.59,-5.33,-5.46,-5.19,-7.58,0.48,-16.50,-6.92,-3.57,-0.02,-13.92,,-9.96,-7.25,-3.04,0.59,-12.49,-2.30,-5.45,-7.27,-0.93,-14.98,-15.72,-11.48,-11.41,-13.07,-4.31,-13.26,-1.90,,-6.74,-8,-13.20,-11.86,-6.20,-4.36,-8,-11.27,-15.31,-12.73,-12.18,-9.65,-14.71,-9.53,-12.97,-16.10,-10.07,-16.98,-15.95,-17.90,-11.28,-3.86,-13.17,-1.97,-0.94,4.33,4.80,0.84,5.17,-2.82,-6.21,-9.18,-0.82,-3.57,-8.10,-2.23,-2.63,-3.62,-5.99,-4.90,-8.58,-6.29,-8.81,-7.26,-8.68,-9.20,-8.32,-9.50,-3.07,-11.84,-9.46,-9.60,-10.98,-9.04,-6.88,-9.40,-8.27,-7.57,-11.02,-12.04,-8.23,-3.69,-3.19,-3.75,-5.45,-5.70,-6.09,-7.78,-6.52,-9.25,-4.13,-7.37,-7.99,-9.99,-8.40,-5.95,-8.39,-10.28,-11.10,-7.54,-7.59,-10.37,-7.97,-5.41,-3.70,-7.68,-6.40,-8.04,-9.70,-6.30,-8.70,-5.20,-9,-8.20,-9.50,,-3.50,-3.10,-6.20,-2.20,-6.10,-5.50,-7.10,-7.90,-9.10,-7.80,-7,-9.80,-9.50,-4.20,0.40,-4.70,-4.50,-3.20,-4.20,-6.30,-7,-8.70,-6.60,-8.90,-9,-6.30,-5.40,-4.20,-5.10,-7.20,-5.20,-8.20,-5.50,-5.20,-6.70,,-9.80,-5.90,-8.20,-9.10,-10.60,-5,-5.20,-5,-6.40,-7.90,-4.50,-6.20,-8.20,-6.20
2008-12-30 23:10,-6.30,-7.95,-4.37,-8.19,-6.09,-6.52,-7.12,-9,0.03,-10.73,-2.11,-7.15,-1.50,-5.68,-5.52,-5.03,-8.27,0.28,-16.50,-6.87,-3.71,-0.10,-13.93,,-10.07,-7.27,-2.99,0.42,-12.59,-2.10,-5.96,-7.16,-0.55,-15.09,-15.80,-11.86,-11.22,-13.16,-4.37,-13.19,-1.70,,-7.81,-8.24,-13.50,-11.75,-6.20,-4.52,-7.52,-11.07,-15.67,-12.74,-11.75,-9.62,-14.69,-10.10,-12.98,-16.20,-10.35,-16.91,-16.01,-18.10,-11.19,-3.90,-13.13,-2.01,-1.57,4.32,5.20,1.31,5.62,-2.88,-5.85,-9.11,-0.81,-3.63,-8.40,-2.26,-2.70,-3.60,-5.92,-5,-8.39,-6.25,-8.96,-7.19,-8.73,-9.20,-8.44,-9.60,-2.99,-11.96,-9.45,-9.60,-10.90,-8.89,-6.82,-9.39,-8.11,-7.86,-11.24,-12.14,-8.36,-3.60,-3.19,-3.76,-5.35,-5.70,-6.23,-7.82,-6.61,-9.39,-4.27,-7.44,-8.18,-10.18,-8.60,-5.94,-8.24,-10.47,-11.20,-7.31,-7.58,-10.72,-7.99,-5.27,-3.70,-7.68,-6.53,-8.05,-9.80,,-8.60,-5.10,-8.90,-8.10,-9.70,,,,,,,-5.70,-6.60,,-9.10,-7.90,-7.40,-9.85,,,,,,,,-6.30,-7.10,-8.90,-7,-8.90,,,,,-5.20,,-5.30,-8.10,-5.50,-5.30,-6.60,,,-6,,,-10.50,,,-5.10,-6,-7.80,-4.50,-6.30,-8.10,
2008-12-30 23:20,-6.60,-8.08,-4.29,-8.12,-5.87,-6.37,-6.70,-9,0.25,-10.79,-2.40,-7.05,-1.50,-5.85,-5.42,-5.03,-7.91,0.41,-16.50,-7.09,-3.75,-0.22,-13.95,,-9.88,-6.80,-3.10,0.51,-12.48,-2.70,-5.29,-7.03,-0.71,-15.45,-15.74,-12.44,-11.35,-13.29,-4.47,-13.51,-1.90,,-7.43,-8.34,-13.50,-12.24,-6.30,-4.37,-7.49,-11.12,-15.40,-12.82,-12.09,-9.44,-14.64,-9.85,-12.78,-16.30,-10.29,-17.11,-16.07,-18.20,-11.06,-3.78,-13,-2.17,-1.25,4.26,4.90,1.69,6.03,-2.97,-6.15,-8.87,-0.83,-2.71,-8.40,-2.48,-2.64,-3.55,-5.68,-5.10,-8.31,-6.07,-8.87,-6.96,-9.08,-9.20,-8.57,-9.78,-3.04,-11.96,-9.47,-9.60,-10.78,-8.93,-7.10,-9.43,-8.19,-8.14,-10.75,-12.29,-8.52,-3.82,-3.07,-3.73,-5.33,-5.80,-6.25,-8.02,-6.68,-9.40,-4.52,-7.35,-8.30,-10.14,-8.70,-6.18,-8.38,-10.41,-10.90,-7.23,-7.72,-10.60,-8.10,-5.41,-3.60,-7.46,-6.39,-7.80,-9.80,,-8.50,-5.40,-9.20,-8.20,-9.60,,,,,,,-5.80,-7.80,,-9.20,-8.30,-7.30,-9.92,,,,,,,,-6.40,-7.10,-8.60,-7.10,-8.90,,,,,-5.20,,-5.50,-8.10,-5.30,-5.40,-6.70,,,-6.20,,,-10.60,,,-5.20,-6,-7.90,-4.70,-6.20,-8.10,
2008-12-30 23:30,-6.50,-8.13,-4.13,-7.35,-6.08,-6.61,-6.31,-9.20,0.37,-10.73,-2.30,-6.83,-1.42,-5.56,-5.25,-4.76,-7.68,0.28,-16.40,-7.48,-3.75,-0.64,-13.96,,-9.08,-6.49,-2.82,0.52,-12.51,-2.30,-4.41,-6.76,-1.43,-15.57,-15.50,-12.54,-11.68,-13.19,-3.96,-13.69,-1.70,,-6.48,-8.23,-13.30,-12.35,-6.30,-4.16,-7.68,-11.15,-15.52,-12.84,-11.97,-9.52,-14.51,-9.93,-12.53,-16.20,-10.20,-17.08,-16.20,-18.20,-11.17,-3.76,-12.77,-2.49,-1.47,4.15,4.30,2.33,5.96,-3.09,-6.36,-8.49,-0.65,-2.43,-8.30,-2.57,-2.79,-3.51,-5.70,-4.90,-8.37,-5.90,-9.03,-6.82,-9.20,-9.30,-8.60,-9.52,-2.72,-12,-9.62,-9.60,-11.07,-8.90,-7.19,-9.45,-8.39,-8.46,-10.86,-12.30,-8.58,-3.68,-2.90,-3.85,-5.33,-6,-6.56,-8.08,-6.68,-9.47,-4.77,-7.58,-8.49,-10.18,-8.80,-6.47,-8.61,-10.10,-10.80,-6.94,-7.94,-10.89,-7.88,-5.42,-3.60,-7.57,-6.39,-8.26,-9.70,,-8.70,-5.30,-9.40,-8.40,-9.40,,,,,,,-5.80,-7.80,,-9.20,-8.60,-7.20,-9.75,,,,,,,,-6.50,-7,-8.50,-6.90,-9,,,,,-5.30,,-6,-8.10,-5.40,-5.20,-6.80,,,-6.10,,,-10.50,,,-5.20,-6.40,-7.70,-5,-5.90,-8,
2008-12-30 23:40,-6.70,-8.33,-4.02,-7.45,-5.76,-6.64,-6.11,-9.20,0.41,-10.88,-2.46,-6.69,-1.14,-5.28,-5.74,-4.82,-7.54,0.09,-16.30,-6.78,-3.78,-0.78,-14.09,,-9.42,-6.55,-2.62,0.41,-12.55,-2.50,-4.20,-6.98,-1.72,-15.60,-15.21,-12.71,-11.56,-13.31,-3.66,-13.65,-1.80,,-5.63,-8.36,-13.30,-12.30,-6.80,-4.33,-8.13,-11.07,-15.74,-12.96,-12.44,-9.65,-14.77,-9.82,-12.61,-16.10,-10.31,-17.17,-16.11,-18.30,-11.15,-3.71,-12.71,-2.28,-1.72,4.29,5.30,2.47,5.92,-3.09,-6.59,-8.64,-0.57,-3,-8.30,-2.61,-2.82,-3.67,-5.71,-4.80,-8.52,-6.65,-9.10,-6.96,-8.92,-9.30,-8.26,-9.38,-2.70,-12.09,-9.74,-9.50,-11.14,-8.80,-7.02,-9.30,-8.60,-8.65,-10.83,-12.17,-8.61,-3.55,-2.84,-4.04,-5.40,-5.90,-7.13,-8.17,-6.74,-9.65,-4.79,-7.75,-8.86,-10.09,-8.80,-6.70,-8.74,-9.64,-10.80,-7.11,-7.73,-11.04,-8.21,-5.39,-3.80,-7.65,-6.42,-8.88,-9.60,,-8.60,-5.20,-9.50,-8.10,-9.10,,,,,,,-6,-7.80,,-9.30,-8.80,-6.90,-9.62,,,,,,,,-6.60,-6.70,-8.20,-6.80,-9,,,,,-5.40,,-6.60,-8.10,-5.30,-5.10,-6.80,,,-5.90,,,-10.40,,,-5.20,-6.40,-7.50,-5,-6.60,-8.30,
2008-12-30 23:50,-6.60,-8.37,-4.05,-7.50,-5.52,-6.78,-6.24,-9.20,0.54,-10.96,-2.65,-6.95,-0.81,-5.48,-5.99,-5.31,-8.25,0.02,-16.30,-7.14,-3.87,0.05,-13.88,,-9.83,-6.64,-2.26,0.18,-12.63,-2.70,-4.99,-7.08,-1.74,-15.49,-15.04,-12.48,-11.64,-13.39,-3.56,-13.75,-1.80,,-5.52,-8.28,-13.20,-11.95,-7,-4.52,-8.47,-11.14,-15.63,-13.28,-12.28,-9.67,-14.75,-9.84,-12.80,-16.20,-10.46,-17.25,-16.14,-18.30,-11.20,-3.77,-12.89,-2.38,-1.71,4.38,4.70,2.61,5.94,-3.35,-6.68,-9.10,-0.58,-2.91,-8,-2.69,-2.87,-3.54,-5.64,-4.43,-8.84,-7.18,-9.12,-6.87,-8.88,-9.40,-8.14,-9.21,-2.64,-12.15,-9.85,-9.50,-11.07,-8.68,-7.04,-9.35,-8.65,-8.80,-10.98,-12.33,-8.70,-3.69,-2.84,-4.30,-5.54,-5.90,-7.55,-8.33,-6.75,-9.66,-4.69,-7.95,-8.91,-10.20,-8.90,-6.92,-8.71,-9.52,-10.60,-7.41,-7.77,-10.95,-8.31,-5.32,-3.90,-7.65,-6.20,-9.20,-9.40,,-8.60,-5.30,-9.30,-8,-9.30,,,,,,,-6.10,-8.20,,-9.20,-8.80,-7.30,-9.35,,,,,,,,-6.60,-6.70,-8.20,-6.60,-9.10,,,,,-5.60,,-6.70,-8.40,-5.20,-5.20,,,,-5.90,,,-10.50,,,-5.30,-6.20,-7.90,-5.10,-7,-9,
2008-12-31 00:00,-6.20,-7.45,-3.75,-6.47,-5.85,-6.77,-6.19,-9.20,1.03,-10.92,-2.47,-6.95,-1.05,-5.77,-5.79,-5.24,-8.85,0.12,,-6.64,-3.92,0.14,-13.86,,-9.36,-6.75,-3.78,0,-12.73,-2.70,-5.97,-7.06,-1.38,-15.42,-15.13,-12.56,-11.71,-13.62,-3.91,-13.77,-1.90,,-5.57,-8.24,-13.40,-11.57,-7.40,-4.50,-8.96,-11.13,-15.67,-13.20,-12.35,-9.49,-14.46,-9.58,-12.67,-16.30,-10.16,-17.36,-16.31,-18.30,-11.42,-3.77,-13.11,-2.49,-1.73,4.24,4.10,2.98,5.86,-3.45,-6.68,-9.46,-0.49,-3.40,-8.30,-2.47,-2.85,-3.09,-6.01,-4.49,-8.96,-7.43,-9.23,-6.75,-9.08,-9.50,-7.98,-9.37,-2.47,-12.16,-9.91,-9.50,-11.01,-8.89,-7.07,-9.37,-8.70,-8.85,-11.10,-12.24,-8.72,-3.86,-3.01,-4.53,-5.45,-5.80,-6.44,-8.38,-6.87,-9.68,-4.68,-8.01,-8.85,-10.33,-8.90,-7.18,-8.77,-10.56,-10.80,-7.17,-8.31,-10.73,-8.34,-5.24,-4,-7.59,-6.05,-9.22,-9.40,-6,-8.70,-5.20,-9.10,-8,-9.20,-9.70,0.20,-3.50,-6.30,-1.90,-6.10,-6.30,-8.40,-8.70,-9.30,-8.50,-6.90,-9.30,-10.20,-3.90,-0.30,-5.10,-4.90,-3.50,-4.60,-6.60,-6.80,-8.10,-6.50,-8.90,-9.20,-6.70,-6.10,-4,-5.60,-7.10,-6.50,-8.70,-5.20,-5.30,-6.90,-10,-10.20,-6.20,-8.10,-9.30,-10.40,-5.10,-5.60,-5.30,-6.40,-7.80,-5.30,-5.70,-8.60,-6.10
2008-12-31 00:10,-5.60,-2.95,-3.64,-6.29,-5.90,-7.16,-5.97,-9.20,0.84,-10.93,-1.80,-7.05,-1.05,-5.26,-5.80,-5.34,-8.04,-0.01,-16.20,-6.99,-3.75,0.05,-13.94,,-8.94,-6.72,-3.48,0.01,-12.75,-2.50,-6.41,-7.04,-1.39,-15.37,-15.30,-12.48,-11.65,-13.56,-4.07,-13.59,-2.10,,-5.98,-8.24,-13.20,-11.55,-7.30,-4.64,-9.53,-11.15,-15.65,-13.07,-12.59,-9.46,-14.55,-9.63,-12.55,-16.30,-10.20,-17.30,-16.27,-18.40,-11,-3.86,-13.35,-2.50,-1.75,4.35,5.10,2.71,5.94,-3.38,-6.36,-9.66,-0.32,-3.11,-8.40,-2.68,-2.78,-2.44,-7.03,-4.90,-8.74,-7.54,-9.40,-6.91,-9.06,-9.40,-8.11,-9.51,-2.51,-12.17,-10.15,-9.70,-11.41,-8.90,-7.37,-9.54,-8.64,-8.87,-11.05,-12.20,-8.73,-3.94,-3.27,-4.74,-5.50,-5.90,-7.35,-8.63,-7,-9.95,-4.62,-8.14,-8.87,-10.12,-8.90,-7.39,-8.73,-10.71,-11.20,-7.03,-8.37,-10.69,-8.39,-5.25,-4.20,-7.50,-6.03,-9.30,-9.40,,-8.80,-5.20,-9,-8,-9,,,,,,,-6.20,-8.40,,-9.20,-8.50,-6.80,-9.21,,,,,,,,-6.30,-6.80,-8.50,-6.50,-8.90,,,,,-5.60,,-6.30,-9,-5.20,-5.30,-6.80,,,-6.30,,,-10.40,,,-5.50,-6.80,-7.70,-5.30,-5.70,-8.50,
2008-12-31 00:20,-6.70,-1.34,-3.32,-6.55,-5.70,-7.22,-5.40,-8.90,0.65,-11.02,-1.93,-7.01,-1.06,-5.36,-5.67,-5.48,-8.23,0.38,-16.10,-6.86,-3.99,0.04,-14.06,,-9.25,-6.79,-3.25,0.10,-12.69,-2.40,-6.22,-7.14,-1.38,-15.25,-15.46,-12.41,-11.75,-13.33,-4.05,-13.68,-1.90,,-5.78,-8.20,-13.50,-12.15,-7.60,-4.82,-9.77,-11.23,-15.59,-12.93,-12.75,-9.54,-14.48,-9.77,-12.67,-16.20,-9.83,-17.27,-16.33,-18.50,-10.98,-4.03,-13.60,-2.54,-1.68,4.47,4.90,2.61,5.88,-3.35,-6.53,-9.83,-0.36,-3.41,-8.50,-2.93,-2.59,-2.45,-7.62,-5.20,-8.90,-7.49,-9.49,-6.83,-8.96,-9.40,-8.38,-9.37,-2.42,-12.29,-10.25,-9.80,-11.04,-8.93,-7.63,-9.49,-8.76,-8.92,-11.15,-12.20,-8.88,-4.06,-3.29,-4.75,-5.53,-5.80,-7.61,-8.72,-7.12,-10.07,-4.86,-8.31,-8.90,-10.29,-8.70,-7.54,-8.91,-10.66,-11.10,-6.81,-8.57,-10.82,-8.52,-5.33,-4.20,-7.52,-6,-9.80,-9.50,,-8.70,-5.10,-9,-8,-9,,,,,,,-6.30,-8.30,,-9.30,-8.60,-6.70,-9.14,,,,,,,,-6.50,-6.80,-8.50,-6.60,-9.20,,,,,-5.70,,-5.90,-9.20,-5.40,-5.40,-6.80,,,-6.30,,,-10.60,,,-5.60,-6.90,-7.90,-5.40,-5.50,-8.50,
2008-12-31 00:30,-7.50,-1.54,-3.27,-6.46,-5.90,-7.18,-5.63,-9,0.77,-11.07,-2.05,-6.84,-1.21,-5.63,-6.05,-5.84,-7.88,0.50,-16,-6.98,-4.04,0.04,-13.95,,-9.66,-6.61,-2.93,0.99,-12.74,-2.70,-5.94,-7.10,-1.05,-15.18,-15.52,-12.36,-11.84,-13.64,-4.05,-13.83,-2.40,,-6.28,-8.50,-13.80,-12.34,-8.10,-5.41,-10.25,-11.20,-15.68,-12.94,-12.37,-9.65,-14.48,-9.76,-13.09,-16.20,-9.81,-17.32,-16.09,-18.40,-10.73,-3.98,-13.67,-2.20,-1.61,4.36,4.60,2.52,6.10,-3.52,-6.38,-9.77,-0.61,-3.91,-8.50,-2.79,-2.68,-2.59,-7.43,-5.30,-9.05,-7.35,-9.55,-6.01,-8.91,-9.60,-8.53,-9.35,-2.27,-12.42,-10.17,-9.90,-11.25,-8.98,-7.77,-9.46,-8.88,-9.04,-11.26,-12.17,-8.72,-4.25,-3.34,-4.99,-5.57,-5.90,-7.91,-8.80,-7.23,-10.03,-5.16,-8.30,-8.79,-10.11,-8.60,-7.77,-9,-10.90,-10.90,-6.81,-8.69,-10.99,-8.62,-5.34,-4.40,-7.57,-6.23,-10.01,-9.60,,-8.70,-5,-9,-7.90,-9.10,,,,,,,-6.30,-8.90,,-9.40,-8.90,-6.70,-9.15,,,,,,,,-6.70,-6.80,-8.40,-6.70,-9.30,,,,,-5.90,,-6,-9.30,-5.40,-5.50,-6.80,,,-5.80,,,-10.70,,,-5.60,-6.90,-7.80,-5.50,-5.70,-8.70,
2008-12-31 00:40,-7.80,-1.72,-3.12,-6.60,-6.20,-7.05,-5.44,-8.90,0.85,-11.14,-2.20,-6.80,-1.29,-5.78,-5.86,-6,-8.41,0.23,-15.90,-6.98,-4.05,-0.14,-14.19,,-9.33,-6.53,-2.42,1.15,-12.71,-3,-5.56,-7.10,-1.11,-15.45,-15.39,-12.35,-12.03,-13.60,-4.09,-14.09,-2.80,,-5.86,-8.72,-13.50,-12.33,-8.50,-5.94,-10.69,-11.18,-15.86,-13.06,-12.30,-9.42,-14.61,-9.69,-12.84,-16.20,-9.88,-17.36,-16.19,-18.30,-10.54,-3.98,-13.43,-2.14,-1.74,4.28,5.10,2.64,6.03,-3.63,-5.60,-9.70,-1.36,-4.01,-8.30,-2.70,-2.88,-2.44,-6.62,-5.50,-9.03,-6.89,-9.59,-6.37,-9.17,-9.70,-8.37,-9.26,-2.18,-12.47,-10.11,-10,-11.40,-9.26,-7.70,-9.37,-8.75,-9.08,-11.41,-12.11,-9.09,-4.43,-3.15,-5.14,-5.71,-5.90,-7.97,-9.08,-7.10,-10,-5.06,-8.37,-9.03,-10.07,-8.70,-7.89,-8.95,-10.93,-11,-6.65,-8.87,-10.84,-8.48,-5.36,-4.50,-7.71,-6.29,-9.78,-9.80,,-8.60,-5,-9.10,-7.50,-9.50,,,,,,,-6.40,-9,,-9.30,-8.90,-6.80,-9.17,,,,,,,,-6.70,-7,-8.70,-6.60,-9.30,,,,,-5.90,,-6.10,-9.40,-5.60,-5.80,-6.80,,,-5.70,,,-10.50,,,-5.70,-6.90,-7.90,-5.70,-6.20,-8.80,
2008-12-31 00:50,-8.30,-1.23,-2.97,-6.54,-6.40,-6.95,-5.02,-8.90,1.11,-11.05,-2.64,-6.85,-1.42,-5.90,-5.59,-6.01,-6.85,0.31,-15.90,-7.13,-4.23,-0.57,-13.88,,-9.46,-6.67,-2.89,1.36,-12.69,-2.90,-5.81,-7.16,-1.01,-15.58,-15.23,-12.35,-12.08,-13.73,-4.08,-14.04,-2.40,,-6,-8.78,-13.50,-12.35,-8.80,-5.74,-10.80,-11.11,-15.63,-13.13,-12.55,-9.33,-14.89,-9.72,-12.35,-16.30,-10.22,-17.34,-16.29,-18.40,-10.43,-3.96,-13.30,-2.17,-1.98,4.33,5.20,2.64,6.04,-3.65,-5.65,-9.26,-0.94,-3.76,-8.20,-2.87,-2.77,-2.24,-6.45,-5.60,-9.11,-6.95,-9.47,-6.45,-9.23,-9.70,-8.47,-9.09,-2.11,-12.56,-10.07,-10,-11.30,-9.71,-7.61,-9.50,-8.77,-9.10,-11.44,-11.99,-9.04,-4.37,-3.06,-5.27,-5.80,-5.90,-8.35,-9.13,-7.03,-10.01,-5.24,-8.67,-9.19,-10.20,-9,-7.99,-8.98,-10.90,-11,-6.65,-8.69,-10.97,-8.38,-5.37,-4.50,-7.75,-6.16,-8.68,-9.90,,-8.80,-5,-9.20,-7.80,-9.60,,,,,,,-6.50,-9.10,,-9.40,-9.10,-7.30,-9.10,,,,,,,,-6.80,-6.80,-8.70,-6.40,-9.30,,,,,-5.90,,-6.40,-9.10,-5.60,-6,-6.70,,,-5.80,,,-10.50,,,-5.80,-7,-7.90,-5.80,-6.30,-8.90,
2008-12-31 01:00,-8.60,-1.04,-2.29,-6.49,-6.20,-7.04,-4.71,-8.70,1.23,-11.12,-3.25,-7.03,-1.38,-5.65,-5.22,-5.84,-5.82,0.49,-16,-7.15,-4.02,-0.43,-13.96,,-10,-7.08,-2.96,1.81,-12.57,-2.60,-6.57,-7.39,-1.46,-15.27,-15.57,-12.51,-11.96,-13.78,-4.08,-14.14,-2.40,,-5.97,-8.58,-13.40,-12.49,-8.80,-5.31,-10.73,-11.28,-15.61,-13.16,-12.59,-9.36,-15.02,-9.62,-12.81,-16.30,-10.08,-17.29,-16.34,-18.60,-10.35,-3.94,-13.23,-1.99,-2.13,3.55,5.50,2.64,6.06,-3.80,-5.74,-8.90,-0.56,-3.90,-8.60,-2.88,-2.60,-2.50,-6.58,-5.80,-9.06,-7.36,-9.67,-6.58,-8.99,-9.70,-8.57,-9.31,-2,-12.48,-10.25,-10.10,-11.33,-9.50,-7.38,-9.76,-8.91,-9.24,-11.66,-12.11,-8.88,-4.29,-3.32,-5.37,-5.83,-5.90,-8.45,-9.16,-6.79,-10.15,-5.16,-8.50,-8.74,-10.38,-9.40,-8.07,-8.92,-11.08,-11.10,-6.90,-9.09,-11.10,-8.43,-5.36,-4.50,-7.66,-6.26,-8.93,-10.10,-7.30,-8.60,-5.10,-9.60,-8.10,-9.30,-10,-1.70,-3.50,-5.80,-1.30,-6.30,-6.40,-9.10,-8.60,-9.50,-9.20,-7.40,-9.10,,-3.90,0,-6.40,-5.80,-4,-4.20,-6.70,-6.80,-8.70,-6.30,-9.30,-9.50,-6.90,-6.50,-4.40,-5.70,-7.60,-6.70,-8.70,-5.20,-6.30,-6.70,-10.40,-10.60,-6.30,-8.20,-9.50,-10.70,-5,-5.80,-5.70,-7.10,-8.30,-5.90,-6.20,-9,-5.90
2008-12-31 01:10,-8.70,-0.87,-1.89,-6.55,-5.80,-7.03,-4.71,-8.70,1.23,-11.33,-3.13,-7.18,-1.41,-5.69,-6.28,-5.78,-5.33,0.61,-16.10,-7.41,-4.10,-0.03,-14.14,,-10,-6.97,-2.40,1.73,-12.69,-3.20,-6.45,-7.32,-1.42,-15.21,-15.66,-12.55,-12.07,-13.72,-4.23,-14.11,-2.40,,-6.63,-8.54,-13.70,-12.58,-8.90,-5.02,-11.04,-11.29,-15.74,-13.32,-12.97,-9.51,-15.18,-9.76,-13.20,-16.30,-10.33,-17.43,-16.38,-18.70,-10.66,-3.96,-13.42,-1.51,-2.08,2.68,4.70,2.90,5.89,-4,-4.66,-8.79,-0.54,-3.76,-8.50,-3.24,-2.55,-2.97,-6.80,-6.10,-9,-7.79,-9.68,-6.59,-9.01,-9.70,-8.56,-9.59,-2.02,-12.50,-10.22,-10.30,-11.56,-9.31,-7.16,-9.92,-9,-9.31,-11.76,-12.12,-8.99,-4.53,-3.57,-5.78,-5.91,-5.70,-8.62,-9.13,-6.68,-10.46,-5.14,-8.29,-9.08,-10.38,-9,-8.26,-8.76,-11.02,-11,-6.58,-9.12,-11,-8.55,-5.26,-4.60,-7.60,-6.42,-8.63,-10,,-8.70,-5.10,-9.70,-8.20,-9.30,,,,,,,-6.40,-9.20,,-9.40,-9.20,-7.30,-9.15,,,,,,,,-6.60,-6.90,-8.70,-6.50,-9.30,,,,,-5.80,,-7.10,-8.70,-5.10,-6.30,,,,-6.30,,,-10.70,,,-5.70,-7.10,-8.20,-5.90,-6.20,-9,
2008-12-31 01:20,-8.80,-0.26,-2.13,-6.51,-5.80,-7.08,-4.76,-8.60,1.27,-11.19,-2.94,-7.35,-1.51,-5.54,-5.79,-6.03,-4.15,0.66,-16.20,-7.30,-4.08,-0.23,-14.10,,-10.11,-7.08,-2.32,1.42,-12.68,-3.40,-5.92,-7.33,-0.94,-15.48,-15.52,-12.87,-12.09,-13.51,-4.40,-14.16,-1.80,,-6.79,-8.89,-14.30,-12.62,-8.70,-4.83,-11.32,-11.34,-15.54,-13.35,-13.31,-9.67,-15.43,-9.77,-12.98,-16.30,-10.31,-17.28,-16.37,-18.80,-10.33,-3.97,-13.41,-1.36,-1.99,3.50,4.30,3.09,5.17,-4.18,-5.49,-8.82,-0.38,-3.73,-8.60,-3.85,-2.54,-3.07,-6.79,-5.90,-9.16,-7.57,-9.56,-6.44,-9.01,-9.80,-8.73,-9.71,-1.83,-12.47,-10.23,-10.30,-11.58,-9.29,-7.24,-10.14,-9.01,-9.24,-11.80,-12.11,-9.19,-4.53,-3.59,-5.80,-5.89,-5.80,-8.81,-9.15,-6.51,-10.36,-5.28,-8.16,-9.35,-10.33,-8.90,-8.38,-8.80,-11.16,-10.90,-6.65,-9.24,-11.19,-8.89,-5.19,-4.70,-7.33,-6.65,-8.02,-10.20,,-8.70,-5,-10,-8.40,-9.80,,,,,,,-6.50,-9.10,,-9.40,-9.30,-7.30,-9.21,,,,,,,,-6.40,-7,-8.70,-6.70,-9.30,,,,,-6,,-7.30,-8.80,-5,-6.50,-6.70,,,-6.30,,,-10.90,,,-5.70,-7.30,-8.40,-5.90,-5.80,-8.70,
2008-12-31 01:30,-8.80,0.45,-0.96,-6.37,-5.80,-7.13,-4.92,-8.40,1.32,-11.31,-3.05,-7.01,-1.40,-5.53,-5.70,-6.15,-3.70,0.58,-16.30,-7.49,-4.14,-0.46,-14.49,,-10.12,-6.85,-2.27,1.24,-12.81,-3.50,-6,-7.38,-1.02,-15.41,-15.67,-13.09,-11.93,-13.63,-4.16,-14.27,-1.80,,-6.72,-8.76,-13.90,-12.39,-8.30,-4.75,-11.17,-11.34,-15.36,-13.37,-12.75,-9.57,-15.09,-9.92,-12.96,-16.20,-10.61,-17.41,-16.31,-18.70,-10.30,-3.97,-13.65,-1.34,-2.01,3.44,4.30,2.96,5.35,-4.25,-6.18,-9.24,-0.29,-2.88,-8.70,-4.19,-2.49,-2.81,-6.72,-5.70,-9.10,-7.10,-9.82,-6.67,-9.13,-9.90,-8.87,-9.74,-1.85,-12.61,-10.26,-10.40,-11.45,-9.05,-7.46,-10.17,-9.17,-9.21,-11.28,-12.07,-9.38,-4.63,-3.71,-5.54,-5.74,-5.80,-8.68,-9.07,-6.66,-10.29,-5.42,-8.19,-9.28,-10.37,-9.10,-8.35,-9.12,-11.10,-11,-6.65,-9.23,-11.22,-8.95,-5.27,-4.80,-7.35,-6.56,-7.68,-10.40,,-8.70,-4.90,-10,-8.30,-9.70,,,,,,,-6.40,-9.10,,-9.40,-9.20,-7.50,-9.21,,,,,,,,-6.70,-7,-8.80,-6.70,-9.40,,,,,-6.10,,-7,-8.80,-4.90,-6.60,-6.90,,,-6.20,,,-10.80,,,-5.80,-7.40,-8.40,-6,-6,-8.60,
2008-12-31 01:40,-8.90,1.14,-0.28,-6.39,-5.70,-7.08,-5.01,-8.60,1.21,-11.28,-2.73,-6.91,-1.35,-5.47,-5.77,-6.13,-3.73,0.62,-16.30,-7.44,-4.12,-0.75,-14.40,,-9.95,-6.61,-2.54,1.15,-12.90,-3.20,-6.23,-7.32,-1.37,-15.72,-15.80,-13.06,-11.84,-13.67,-4.04,-14.14,-1.30,,-7.65,-8.37,-13.60,-11.90,-8.40,-4.62,-10.76,-11.47,-15.57,-13.47,-12.57,-9.67,-14.89,-9.94,-13.03,-15.90,-10.95,-17.44,-16.40,-18.80,-9.99,-3.92,-13.44,-1.63,-2.03,1.43,4.70,2.86,4.44,-4.30,-5.98,-8.94,-0.14,-2.77,-8.90,-4.22,-2.40,-2.91,-6.62,-5.90,-9.15,-7.03,-9.84,-6.83,-9.17,-10,-8.71,-9.90,-1.60,-12.73,-10.26,-10.50,-11.35,-9,-7.36,-10.20,-9.15,-9.12,-11.28,-12.10,-9.18,-4.77,-3.65,-5.63,-5.81,-5.70,-8.77,-8.95,-6.76,-10.11,-5.30,-8.15,-9.24,-10.52,-9.10,-8.43,-9.43,-11.11,-10.80,-6.80,-9.29,-11.19,-9.14,-5.42,-4.80,-7.51,-6.47,-7.68,-10.40,,-8.80,-4.90,-9.70,-8.50,-9.80,,,,,,,-6.40,-9.10,,-9.60,,-7.80,-9.28,,,,,,,,-6.80,-7.10,-8.80,-6.30,-9.30,,,,,-5.90,,-6.50,-8.90,-4.80,-6.50,-7,,,-6.50,,,-10.80,,,-5.70,-7.40,-8,-6.10,-5.80,-8,
2008-12-31 01:50,-9.10,1.32,-0.80,-6.21,-5.70,-7.30,-5.16,-8.70,1.32,-11.29,-2.86,-6.64,-1.20,-5.58,-6.17,-6.17,-4.25,0.75,-16.30,-7.13,-4.23,-0.80,-14.58,,-9.98,-6.60,-2.34,1.17,-12.91,-2.40,-5.96,-7.19,-2.11,-16.14,-15.58,-13.30,-11.74,-13.53,-4.21,-14.12,-1.30,,-6.73,-9.21,-13.70,-12.14,-8.80,-4.70,-10.66,-11.46,-15.83,-13.60,-12.89,-9.68,-14.98,-10.02,-13.29,-16.10,-10.90,-17.51,-16.39,-18.90,-9.76,-3.88,-13.25,-2.29,-1.77,-0.24,4.40,2.60,4.59,-4.23,-6.46,-8.59,-0.17,-2.56,-9.10,-4.35,-2.54,-2.62,-6.61,-6,-9.19,-7.09,-9.97,-6.71,-9.26,-10.10,-8.65,-10.02,-1.55,-12.76,-10.45,-10.60,-11.53,-9.17,-7.52,-10.33,-9.24,-9.21,-11.52,-12.11,-8.94,-5.18,-3.63,-5.50,-5.81,-5.70,-8.65,-9.09,-6.81,-9.79,-5.28,-8.12,-9.45,-10.60,-9.20,-8.57,-9.51,-10.87,-10.80,-6.78,-9.16,-11.21,-9.35,-5.55,-4.80,-7.57,-6.62,-7.68,-10.10,,-8.90,-4.90,-9.60,-8.40,-9.50,,,,,,,-6.20,-8.60,,-10,-8.80,-7.70,-9.33,,,,,,,,-7,-7.20,-8.90,-6.20,-9.10,,,,,-5.90,,-6.20,-9.10,-4.70,-6.50,-7.10,,,-6.60,,,-10.80,,,-5.80,-7.60,-7.80,-6.20,-6,-8.70,
2008-12-31 02:00,-9.10,1.44,-1.55,-5.86,-5.40,-6.88,-5.13,-8.80,1.37,-11.29,-2.92,-6.78,-1.09,-5.34,-6.40,-6.16,-4.37,0.70,-16.40,-7.26,-4.09,-0.18,-14.63,,-10.13,-6.54,-3.53,1.30,-12.82,-2.10,-5.98,-7.02,-2.02,-16.16,-15.75,-13.55,-11.92,-13.26,-4.02,-14.21,-1.80,,-7.13,-8.91,-14.10,-12,-8.90,-4.95,-10.81,-11.45,-15.40,-13.55,-12.88,-9.59,-14.82,-10,-12.96,-16.10,-10.49,-17.44,-16.42,-19,-9.68,-3.85,-12.96,-2.45,-2.29,-1.38,4.40,2.48,4.38,-4.05,-5.99,-8.63,-0.10,-2.93,-8.90,-4.16,-2.53,-2.58,-6.67,-5.90,-9.46,-8.18,-9.94,-6.40,-9.30,-10,-8.87,-10.08,-1.53,-12.78,-10.04,-10.60,-11.39,-9.17,-7.63,-10.30,-9.14,-9.42,-11.47,-12.24,-8.80,-5.25,-3.64,-5.44,-5.85,-5.30,-8.65,-9.17,-6.93,-9.80,-5.39,-8.06,-9.53,-10.46,-9.40,-8.73,-9.96,-10.94,-10.70,-6.87,-9.25,-11.27,-9.40,-5.59,-4.60,-7.63,-6.71,-7.70,-9.70,-7.40,-8.90,-5,-10,-8.30,-9.60,,-4,-3.30,-6,-1.60,-5.90,-6.20,-8.10,-9,-10.60,-8.30,-7.70,-9.50,-10.60,-4.20,-1.50,-7.70,-5.30,-4.30,-3.60,-6.80,-7.30,-8.90,-6.20,-9.10,-10.60,-6.50,-7.40,-4.40,-6.20,-7.50,-6,-9.30,-4.60,-7.10,-7.10,-10.30,-10.70,-6.50,-7.70,-9.90,-10.90,-5.40,-5.90,-5.90,-7.60,-7.90,-6.30,-5.60,-9.10,-6
2008-12-31 02:10,-9,1.76,-1.42,-5.24,-5.30,-6.87,-5.16,-8.80,1.46,-11.30,-3.20,-6.83,-0.90,-5.79,-5.83,-5.97,-4.65,0.53,-16.50,-7.08,-4.07,-0.03,-14.72,,-9.83,-6.57,-3.34,1.75,-12.88,-2,-6.19,-7.14,-1.61,-15.97,-16.10,-13.80,-12.18,-13.59,-4.08,-14.42,-2.60,,-7.10,-8.91,-13.90,-12.36,-9.50,-5.55,-10.98,-11.43,-15.46,-13.62,-13.25,-9.62,-14.87,-10.08,-13.14,-16,-10.30,-17.58,-16.45,-19,-9.94,-3.92,-13.18,-2.11,-2.34,-2.01,4.40,2.47,4.12,-4.06,-6.50,-8.18,-0.57,-3.41,-9.10,-4.01,-2.47,-2.84,-6.60,-5.78,-9.46,-8.14,-9.98,-6.34,-9.21,-10,-9.22,-10.02,-1.71,-12.89,-10.45,-10.60,-11.48,-9.29,-7.64,-10.31,-9.14,-9.46,-11.45,-12.22,-9.18,-5.06,-3.66,-5.26,-5.85,-5.20,-8.52,-9.23,-6.97,-9.92,-5.67,-8.24,-9.14,-10.51,-9.30,-8.80,-9.94,-11.11,-10.90,-7.17,-9.57,-11.24,-9.21,-5.45,-4.70,-7.56,-6.40,-7.97,-9.70,,-9,-5,-10.10,-8.40,-9.80,,,,,,,-6.20,-8.10,,-10.60,-8.30,-7.60,-9.95,,,,,,,,-7,-7.20,-9,-6.20,-9.10,,,,,-6.20,,-6.10,-9.60,-4.50,-7.20,-7.10,,,-6.50,,,-10.90,,,-5.80,-7.60,-8,-6.30,-5.70,-9.20,
2008-12-31 02:20,-9,1.81,-0.06,-4.97,-5.20,-6.69,-5.20,-8.80,1.49,-11.15,-3.52,-6.81,-0.77,-5.76,-6.08,-6.08,-4.89,0.58,-16.50,-7.13,-4.14,-0.13,-14.81,,-10.26,-6.89,-3.10,2.18,-12.91,-1.90,-6.18,-7.27,-1.25,-16.02,-16.01,-13.93,-12.35,-13.77,-4.19,-14.35,-2.30,,-7.30,-8.97,-14,-12.48,-9.90,-5.92,-10.84,-11.19,-14.99,-13.73,-13.45,-9.54,-14.82,-9.98,-13.09,-16.10,-10.05,-17.62,-16.58,-19.20,-10.03,-3.83,-13.56,-1.86,-1.99,-2.25,5.20,2.21,3.46,-4.22,-5.77,-7.93,-1.08,-3.78,-8.80,-4.01,-2.29,-2.76,-6.72,-5.72,-9.36,-7.99,-10.15,-6.27,-9.34,-10.10,-9.23,-9.92,-1.84,-12.89,-10.61,-10.80,-11.51,-9.05,-7.44,-10.28,-9.15,-9.57,-11.54,-12.11,-9.43,-5.08,-3.90,-5.46,-5.79,-5.20,-8.49,-9.31,-7.03,-9.85,-6.06,-8.14,-9.36,-10.38,-9.50,-8.95,-9.96,-11.12,-10.90,-6.91,-9.50,-11.36,-9.20,-5.40,-4.80,-7.43,-6.30,-7.80,-9.40,,-9.10,-4.90,-10.20,-8.80,-9.70,,,,,,,-6.40,-7.90,,-10.10,-8,-7.50,-10.09,,,,,,,,-7.10,-7.30,-8.90,-6.20,-9.20,,,,,-6.30,,-6.20,-9.50,-4.50,-7.30,-7.20,,,-6.80,,,-10.90,,,-5.90,-7.80,-8.40,-6.20,-5.70,-9.40,
2008-12-31 02:30,-9,1.76,1.27,-5.05,-5.20,-6.57,-5.18,-8.60,1.53,-11.27,-3.43,-6.98,-0.53,-5.77,-6.33,-5.98,-4.60,0.71,-16.50,-7.03,-4.13,-0.31,-14.70,,-10.17,-6.91,-3.32,1.95,-12.96,-1.90,-6.36,-7.37,-0.47,-15.86,-16.02,-14.39,-12.27,-13.96,-4.38,-14.69,-2.30,,-6.87,-8.99,-13.90,-12.50,-10.10,-6.08,-10.60,-11.16,-14.59,-13.82,-13.29,-9.30,-15.01,-9.94,-13.19,-16.10,-10.37,-17.65,-16.59,-19,-9.89,-3.89,-13.52,-1.75,-1.59,-2.27,5.30,2.05,2.18,-4.39,-5.32,-8.27,-0.55,-3.66,-8.90,-3.89,-2.30,-2.33,-6.89,-5.79,-9.43,-7.90,-10.11,-5.49,-9.56,-10.10,-9.11,-9.99,-1.71,-12.86,-10.63,-10.80,-11.42,-9.37,-7.21,-10.35,-9.31,-9.55,-11.45,-12.13,-9.48,-5.39,-4,-5.62,-5.93,-5.20,-8.36,-9.14,-7.13,-9.79,-5.99,-8.23,-9.46,-10.50,-9.50,-8.89,-10.01,-10.99,-11.10,-6.72,-9.54,-11.36,-9.31,-5.63,-4.80,-7.37,-6.25,-7.94,-9.90,,-9,-5.10,-10.20,-8.80,-9.60,,,,,,,-6.60,-8.60,,-10.20,-7.70,-7.30,-10.13,,,,,,,,-7,-7.20,-9,-6.40,-9.30,,,,,-6.20,,-6.50,-9.30,-4.60,-7.10,-7.30,,,-6.90,,,-10.90,,,-6,-7.70,-8.60,-6.10,-5.80,-9.30,
2008-12-31 02:40,-9.10,1.97,1.95,-5.21,-5,-6.51,-4.87,-8.60,1.55,-11.32,-3.24,-7.01,-0.65,-5.79,-6.59,-5.79,-4.79,0.68,-16.50,-7.44,-4.22,-0.89,-14.81,,-10.11,-7.07,-2.67,1.75,-13,-1.90,-6.51,-7.61,-0.48,-15.98,-16.21,-14.20,-12.23,-13.95,-4.43,-14.77,-2.30,,-7.40,-9.18,-13.80,-12.66,-10.30,-6.56,-10.59,-11.08,-14.69,-13.95,-12.71,-9.19,-15.05,-10.05,-13.06,-16.20,-10.97,-17.63,-16.52,-18.90,-9.95,-4.01,-13.33,-1.69,-1.59,-3.18,5,1.86,1.73,-4.69,-4.34,-8.43,-0.21,-3,-9,-3.74,-2.46,-2.08,-6.97,-5.80,-9.56,-7.89,-10.15,-4.77,-9.50,-10.10,-9.32,-9.99,-1.52,-12.95,-10.72,-10.80,-11.66,-9.65,-7.24,-10.33,-9.20,-9.43,-11.51,-12.26,-9.43,-5.60,-4.21,-5.79,-6.09,-5.10,-8.38,-8.60,-7.32,-9.73,-5.78,-8.43,-9.47,-10.42,-9.40,-8.98,-10.14,-10.95,-11.30,-6.72,-9.55,-11.07,-9.41,-5.68,-4.90,-7.42,-6.42,-7.89,-10,,-8.70,-4.90,-10.30,-8.80,-9.60,,,,,,,-6.70,-8.80,,-10.80,-7.40,-7.40,-10.16,,,,,,,,-6.80,-7.30,-9,-6.40,-9.10,,,,,-6,,-6.30,-9.20,-4.60,-7.30,-7.50,,,-6.60,,,-10.90,,,-6,-7.80,-8.40,-6.20,-5.80,-9.10,
2008-12-31 02:50,-9.30,2.11,1.22,-4.83,-5,-6.64,-4.87,-8.80,1.62,-11.24,-3.16,-6.73,-0.65,-5.45,-6.39,-5.59,-4.60,0.60,-16.60,-7.13,-4.21,-1.52,-14.90,,-9.88,-6.88,-2.64,1.05,-13.07,-1.80,-6.84,-7.54,-0.60,-15.97,-15.94,-13.60,-12.18,-13.97,-4.59,-14.62,-2.20,,-7.63,-8.78,-13.80,-12.62,-10.40,-6.71,-10.59,-11.07,-15.09,-13.98,-13.27,-9.19,-14.75,-10.01,-13.21,-16.20,-11.13,-17.61,-16.42,-19,-9.71,-4.24,-13.40,-1.35,-0.97,-3.40,5,1.96,-0.11,-4.46,-4.79,-7.98,-0.11,-3.05,-9,-3.58,-2.18,-1.82,-7.10,-5.50,-9.43,-8.27,-10.17,-4.37,-9.47,-10.10,-9.27,-10.09,-1.54,-12.91,-10.92,-10.80,-11.71,-9.52,-7.36,-10.34,-9.02,-9.54,-11.24,-12.02,-9.17,-5.96,-4.54,-6,-6.13,-4.90,-8.68,-8.54,-7.28,-10.13,-5.69,-8.66,-9.36,-10.51,-9.50,-9.02,-10.58,-11,-11.40,-6.94,-9.67,-11.07,-9.59,-5.76,-4.80,-7.44,-6.54,-7.62,-9.90,,-8.80,-4.90,-10.10,-8.60,-9.60,,,,,,,-6.70,-9.40,,-11,-7.80,-7.40,-10.21,,,,,,,,-6.80,-7.20,-9,-6.30,-9.20,,,,,-6.20,,-6.20,-8.90,-4.50,-7.40,-7.40,,,-6.50,,,-10.90,,,-6.10,-7.80,-8.70,-6.10,-5.80,-8.80,
2008-12-31 03:00,-9.40,2.11,1.33,-4.30,-4.90,-6.42,-5.03,-8.90,1.75,-11.26,-2.80,-6.71,-0.55,-5.81,-6.29,-5.46,-4.55,0.70,-16.70,-7.26,-4.23,-1.18,-14.91,,-10.32,-6.90,-2.55,1.77,-13.13,-2.20,-6.92,-7.44,-0.81,-15.79,-15.75,-13.44,-12.06,-13.96,-4.50,-14.43,-2,,-7.07,-8.71,-13.80,-12.53,-10.50,-7.03,-10.86,-11,-14.60,-14.15,-13.44,-8.89,-14.42,-10.12,-13.35,-16.20,-10.62,-17.75,-16.54,-19.20,-9.75,-4.31,-13.35,-1.09,0.63,-2.92,4.80,1.93,-0.28,-4.47,-5.45,-8.26,-0.15,-3.46,-9.10,-3.48,-2.16,-1.99,-6.94,-5.50,-9.61,-8.28,-10.06,-3.96,-9.39,-10,-9.10,-10.17,-1.84,-13.02,-10.99,-10.80,-11.58,-9.65,-7.44,-10.37,-8.90,-9.62,-11.42,-11.85,-9.10,-5.86,-4.72,-6.18,-6.16,-4.90,-8.57,-8.69,-7.40,-10.26,-5.81,-8.61,-9.22,-10.84,-9.40,-9.38,-10.51,-10.84,-11.10,-6.68,-9.81,-11.42,-9.68,-5.76,-5,-7.42,-6.34,-7.85,-10.20,-7.10,-8.90,-5,-9.90,-8.10,-9.50,,-5.30,-3.20,-6,-1.60,-5.90,-6.80,-9.40,-9.10,-10.70,-8.30,-7.50,-9.70,,-3.60,-5.10,-8.20,-6.60,-4.50,-4.10,-6.90,-7.20,-9.10,-6.60,-9.10,-10.20,-7.20,-6.90,-5.40,-6.30,-8.70,-6.70,-8.80,-4.50,-7.60,-7.50,-10.50,-10.80,-7,-9.10,,-11,,-6,-6.10,-7.70,-9,-6.20,-5.90,-8.10,-6.50
2008-12-31 03:10,-9.50,2.12,-0.62,-4.41,-4.70,-6.18,-5.23,-8.80,1.87,-11.10,-2.52,-6.79,-0.47,-5.87,-6.19,-5.49,-4.84,0.65,-16.80,-7.03,-4.02,-0.96,,,-10.13,-7.28,-2.92,1.74,-13.01,-2.20,-6.75,-7.54,-0.87,-15.85,-15.62,-13.60,-12.12,-14.07,-4.16,-14.49,-2.60,,-6.81,-8.76,-13.90,-12.18,-10.50,-7.78,-10.60,-10.95,-14.40,-14.23,-13.06,-8.97,-14.17,-10.21,-13.63,-16.20,-10.64,-17.70,-16.54,-19.20,-9.63,-4.28,-13.06,-1.27,-0.60,0.32,4.80,1.95,-0.73,-4.61,-6.29,-8.59,-0.09,-3.21,-9.20,-3.50,-3.30,-2.59,-6.85,-5.50,-9.64,-8.17,-10.11,-3.61,-9.40,-10,-9.27,-10.09,-1.89,-13.17,-10.83,-10.80,-11.56,-9.57,-7.33,-10.38,-8.92,-9.76,-11.58,-11.89,-9.16,-5.94,-4.55,-6.18,-6.26,-4.90,-7.78,-8.58,-7.47,-10.17,-5.77,-8.67,-9.32,-10.97,-9.20,-9.37,-10.52,-10.59,-10.90,-6.74,-9.90,-11.37,-9.82,-5.59,-5.10,-7.41,-6.67,-9.05,-10.30,,-9,-5,-10.20,-7.80,-8.90,,,,,,,-6.80,-9,,-10.60,-8.30,-7.90,-10.03,,,,,,,,-6.90,-7.30,-9.40,-6.70,-9.10,,,,,-6.30,,-6.10,-8.70,-4.50,-7.60,-7.50,,,-7,,,-11.10,,,-6.20,-8,-9.20,-6.20,-5.90,-8,
2008-12-31 03:20,-9.60,1.95,-1.35,-4.02,-5.10,-6.17,-5.44,-8.70,1.71,-10.99,-2.53,-7.05,-0.41,-5.81,-5.96,-5.65,-4.54,0.49,-16.90,-6.91,-4.11,-0.69,,,-9.62,-7.41,-3.42,1.60,-13.01,-2.20,-6.86,-7.56,-0.64,-15.73,-15.65,-13.56,-12.50,-14.15,-3.90,-14.55,-2.10,,-6.95,-8.82,-13.60,-12.28,-10.50,-8.48,-10.57,-10.93,-14.02,-14.27,-13.43,-9.27,-13.95,-10.08,-13.60,-16,-10.47,-17.78,-16.51,-19.20,-9.48,-4.26,-12.84,-1.70,-0.66,1.99,4.60,1.89,-1.62,-4.39,-6.73,-8.76,-0.06,-2.77,-9.10,-3.62,-2.60,-2.56,-6.90,-5.60,-9.42,-8.55,-10.14,-4.04,-9.43,-9.90,-9.34,-10.28,-2.20,-13.25,-10.82,-10.70,-11.62,-9.68,-7.31,-10.41,-8.95,-9.81,-11.56,-11.76,-9.24,-5.90,-4.04,-6.16,-6.41,-4.90,-6.87,-8.59,-7.54,-10.05,-5.92,-8.85,-9.52,-11.03,-9.20,-9.53,-10.65,-10.32,-9.80,-6.68,-9.80,-11.54,-9.80,-5.64,-5.10,-7.37,-6.50,-9.50,-10.10,,-8.80,-5.10,-10.30,-8,-9.40,,,,,,,-6.70,-9,,-10.40,-8.90,-8.20,-10.03,,,,,,,,-7.20,-7.40,-9.40,-6.90,-8.90,,,,,-6.20,,-6,-8.70,-4.50,-7.50,-7.50,,,-6.80,,,-11.10,,,-6.10,-8.20,-9.20,-6.20,-5.90,-7.70,
2008-12-31 03:30,-9.80,2.03,-0.23,-3.78,-5,-5.95,-5.62,-8.80,1.75,-11.04,-2.59,-7.06,-0.48,-5.68,-6.34,-5.61,-6.24,0.30,-17.30,-6.92,-4.11,-0.60,,,-9.76,-6.96,-3.41,1.04,-13.08,-2.40,-7.13,-7.63,-0.47,-15.70,-15.34,-13.34,-12.43,-14.03,-3.83,-14.75,-2,,-6.35,-8.62,-13.60,-12.57,-10.40,-8.95,-10.69,-10.87,-13.86,-14.52,-13.59,-9.41,-13.84,-10.20,-13.39,-15.90,-10.50,-17.81,-16.29,-19.30,-9.24,-4.35,-12.88,-1.95,-0.57,2.17,5.30,2,-1.88,-4.48,-6.55,-8.69,0.02,-2.58,-9.10,-4.11,-1.80,-2.36,-7.15,-5.50,-9.57,-8.62,-10.23,-3.86,-9.66,-9.90,-9.39,-10.44,-1.79,-13.31,-10.76,-10.90,-11.77,-9.43,-7.54,-10.43,-9.02,-9.76,-11.72,-11.79,-9.29,-5.94,-4.12,-6.08,-6.26,-5,-6.30,-8.90,-7.55,-10.43,-6.27,-9.01,-9.59,-10.60,-9.40,-9.62,-10.67,-10.54,-9.50,-6.79,-9.66,-11.33,-9.80,-5.57,-5,-7.56,-6.41,-9.79,-10,,-8.90,-5.10,-10.50,-7.90,-9.70,,,,,,,-6.70,-9.20,,-10.60,-8.90,-8.20,-10.26,,,,,,,,-7.30,-7.40,-9.50,-7.10,-8.90,,,,,-6.20,,-6.10,-9.20,-4.60,-7.60,-7.60,,,-6.80,,,-11.10,,,-6.40,-8.30,-9.20,-6.30,-5.80,-7.90,
2008-12-31 03:40,-9.90,-1.26,1.59,-3.69,-5.10,-6.08,-5.65,-8.70,1.60,,-2.58,-6.86,-0.55,-5.81,-6.35,-4.87,-7.71,0.35,-17.40,-6.93,-4.17,-0.38,,,-10.11,-7.03,-3.02,1.05,-13.12,-2.30,-7.02,-7.73,-0.65,-15.83,-15.05,-13.28,-12.64,-13.99,-3.98,-14.77,-1.90,,-7.33,-8.85,-13.90,-12.74,-10.50,-8.93,-10.81,-10.72,-14.48,-14.62,-13.76,-9.49,-14.17,-10.15,-13.22,-15.90,-10.37,-17.74,-16.24,-19.30,-9.35,-4.36,-13.26,-1.85,-0.51,2.22,4.80,1.99,-1.86,-4.50,-6.50,-8.49,0.05,-2.40,-9.10,-4.31,-1.80,-2.07,-6.90,-5.50,-9.49,-8.82,-10.27,-5.05,-9.65,-10,-9.39,-10.44,-1.34,-13.42,-10.77,-10.90,-11.56,-9.81,-7.95,-10.49,-9.16,-9.63,-11.79,-11.71,-9.43,-5.78,-4.17,-5.98,-6.16,-5,-7.32,-9.01,-7.62,-10.28,-6.75,-9.02,-9.60,-10.71,-9,-9.49,-10.28,-10.57,-9.50,-6.83,-9.08,-11.23,-9.77,-5.59,-5,-7.62,-6.62,-9.10,-10.10,,-8.80,-5,-10.60,-8.10,-9.30,,,,,,,-6.60,-8.40,,-10.80,-8.90,-8.50,-10.68,,,,,,,,-7.30,-7.50,-9.20,-7.10,-8.90,,,,,-6.30,,-6.60,-9.60,-4.70,-7.50,-7.60,,,-6.70,,,-11.10,,,-6.30,-8.30,-9,-6.20,-5.80,-8.50,
2008-12-31 03:50,-9.90,-4.67,2.02,-2.82,-5,-6.26,-5.85,-8.80,1.75,,-2.77,-6.66,-0.86,-5.77,-6.32,-4.53,-7.29,0.49,-17.40,-6.80,-4.23,-0.55,,,-10.21,-7.04,-2.13,1.20,-13.23,-2.50,-6.29,-7.78,-0.79,-15.81,-14.96,-13.37,-12.74,-14.04,-4.17,-14.69,-1.90,,-6.60,-8.85,-13.60,-12.87,-10.40,-8.25,-10.77,-10.76,-14.56,-14.62,-13.97,-9.54,-14.31,-10.17,-13.56,-15.30,-10.26,-17.67,-16.14,-19.30,-9.44,-4.36,-13.09,-1.45,-0.86,2.53,6,1.94,-1.75,-4.46,-6.63,-8.07,0.06,-2.30,-9.20,-3.81,-1.80,-2.04,-6.92,-5.70,-9.80,-9,-10.21,-6.37,-9.60,-10.10,-9.54,-10.55,-0.94,-13.50,-10.86,-10.90,-11.51,-9.74,-8.24,-10.39,-9.25,-9.53,-11.69,-11.65,-9.53,-5.67,-4.51,-5.47,-5.98,-4.90,-8.07,-9.14,-7.68,-10.57,-6.76,-9.11,-9.68,-10.84,-9.10,-9.50,-10.22,-10.68,-9.90,-7.33,-8.48,-11.42,-9.74,-5.67,-5,-7.43,-6.70,-8.29,-10.30,,-8.90,-5.10,-10.40,-8.10,-9,,,,,,,-6.60,-8.20,,-11,-9.30,-8.30,-10.82,,,,,,,,-7.30,-7.40,-9.70,-6.70,-9,,,,,-6.40,,-6.70,-9.40,-4.60,-7.30,-7.70,,,-6.80,,,-11.20,,,-6.40,-8.30,-9.10,-6.30,-6,-8.50,
2008-12-31 04:00,-9.80,-4.78,1.96,-3.20,-4.80,-6.25,-6.15,-8.80,1.63,-11.31,-3.12,-6.31,-0.84,-5.74,-5.98,-4.28,-6.13,0.08,-17.40,-7.18,-4.23,-0.05,-14.70,,-10.37,-7.31,-1.76,1.21,-13.26,-2.40,-5.93,-7.72,-0.71,-15.86,-14.81,-13.58,-12.50,-14.07,-4.34,-14.86,-1.90,,-6.82,-8.88,-13.60,-12.86,-10.40,-7.84,-10.66,-10.71,-14.69,-14.70,-13.87,-9.44,-14.66,-10.23,-13.80,-14.40,-10.43,-17.72,-16.15,-19.20,-9.56,-4.37,-12.94,-1.34,-1.29,2.78,5.80,2.04,-2.01,-4.52,-6.56,-7.46,0.11,-2.49,-9.30,-3.95,-2.30,-1.72,-6.98,-5.60,-9.63,-10.07,-9.81,-6.98,-9.53,-10.20,-9.57,-10.56,-0.64,-13.58,-10.87,-11,-11.19,-9.61,-8.32,-10.43,-9.29,-9.58,-11.74,-11.64,-9.33,-5.27,-4.66,-5.45,-5.95,-4.90,-8.10,-9.24,-7.96,-10.31,-6.36,-9.14,-9.89,-10.98,-9,-9.49,-10.39,-10.89,-9.80,-7.48,-8.45,-11.49,-9.79,-5.55,-5.10,-7.51,-6.67,-7.69,-10.50,-6.70,-9,-5,-10.50,-8.20,-9.30,-11.30,-6,-4.30,-5.10,-2.20,-6.30,-6.80,-8.20,-9.60,-10.60,-9.20,-8.50,-10.60,-10.90,-3,-5.60,-8.20,-7.30,-4.90,-4.60,-7.20,-7.40,-9.90,-6.80,-9.40,-10.20,-7,-5.50,-5.60,-6.60,-7.80,-6.70,-9,-4.40,-7.20,-7.80,-10.50,-11.40,-6.70,-8.30,,-11.40,-5.80,-6.50,-6.50,-8.40,-9.20,-6.40,-6,-9.20,-6.50
2008-12-31 04:10,-9.90,-2.53,1.78,-3.25,-4.80,-6.16,-6.47,-8.50,1.52,-11.37,-3.23,-6.32,-0.83,-5.49,-6.22,-4.24,-5.70,0.19,-17.30,-7.33,-4.20,0.24,-14.47,,-10.92,-7.51,-3.25,1.53,-13.18,-2.60,-5.99,-7.76,-1.65,-15.91,-14.73,-13.55,-12.39,-14.15,-4.33,-14.87,-1.90,,-7.22,-9.02,-14,-12.87,-10.40,-7.93,-10.56,-10.75,-14.63,-14.69,-13.57,-9.39,-14.96,-10.27,-13.32,-14.20,-10.61,-17.81,-16.22,-19.30,-9.27,-4.39,-12.78,-1.50,-1.11,2.71,5.20,1.80,-2.30,-4.49,-6.85,-7.30,0.08,-3.44,-9.50,-4.38,-2.39,-1.82,-7.21,-5.60,-9.75,-9.36,-9.82,-7.32,-9.38,-10.40,-9.59,-10.64,-0.33,-13.50,-10.88,-11.10,-11.34,-9.58,-8.27,-10.50,-9.30,-9.67,-11.82,-11.76,-9.20,-5.10,-4.65,-5.23,-6.10,-5,-8.03,-9.43,-8.29,-10.25,-6.25,-9.30,-10.15,-11.01,-9,-9.58,-10.27,-10.79,-9.90,-7.48,-8.59,-11.12,-9.70,-5.80,-5.30,-7.64,-6.82,-9.38,-10.20,,-8.70,-4.90,-10.20,-8.20,-10.40,,,,,,,-6.70,-8.50,,-10.60,-9.20,-8.70,-10.68,,,,,,,,-7.30,-7.60,-10,-6.70,-9.50,,,,,-6.60,,-7.10,-9,-4.50,-7.20,-7.90,,,-6.70,,,-11.40,,,-6.60,-8.60,-9.30,-6.40,-6,-9.20,
2008-12-31 04:20,-9.90,-4.41,0.57,-3.47,-5,-6.04,-6.47,-8.40,1.55,-11.40,-3.69,-6.40,-0.72,-5.33,-6.50,-3.86,-6.35,0.19,-17.20,-6.76,-4.32,0.34,-14.54,,-10.45,-7.55,-2.62,1.70,-13.28,-2.60,-6.33,-7.86,-1.66,-15.96,-14.59,-13.66,-12.35,-14.26,-4.36,-14.65,-2.20,,-7.78,-9.24,-14,-12.68,-10.30,-8.14,-10.53,-10.65,-14.43,-14.64,-13.35,-9.48,-15.25,-10.32,-13.41,-13.40,-10.89,-17.81,-16.36,-19.40,-9.52,-4.43,-13.26,-1.27,-1.21,2.64,5.40,1.65,-2.16,-4.29,-6.82,-7.74,0.01,-3.52,-9.50,-4.63,-1.58,-1.90,-7.25,-5.50,-9.68,-8.10,-10,-7.28,-9.34,-10.40,-9.79,-10.68,-0.34,-13.40,-10.89,-11.10,-11.36,-9.77,-8.28,-10.53,-9.14,-9.62,-11.76,-11.90,-9.59,-4.67,-4.38,-5.07,-6.40,-5.10,-7.80,-9.60,-8.61,-10.26,-6.92,-9.16,-10.17,-10.83,-8.90,-9.71,-10.22,-10.80,-10,-7.46,-9.09,-11.36,-9.65,-5.91,-5.40,-7.73,-6.50,-9.68,-9.90,,-8.50,-4.90,-9.80,-8.40,-10.10,,,,,,,-6.70,-9.60,,-10.50,-9.70,-8.70,-10.56,,,,,,,,-7.50,-7.60,-10.10,-6.40,-9.60,,,,,-6.70,,-7.30,-9.60,-4.20,-7,-7.70,,,-6.60,,,-11.40,,,-6.60,-8.50,-9.20,-6.50,-6.10,-9.60,
2008-12-31 04:30,-10,-5.90,-0.02,-3.35,-5,-5.99,-6.60,-8.20,1.59,-11.35,-3.67,-6.07,-0.75,-5.85,-6.01,-4.35,-5.26,-0.01,-17,-6.48,-4.30,0.14,-14.59,,-10.31,-7.57,-2.69,1.82,-13.37,-2.70,-6.42,-7.75,-1.66,-16.09,-14.48,-13.64,-12.57,-14.34,-4.11,-14.90,-2.20,,-6.95,-9.32,-13.70,-12.65,-10.30,-8.29,-10.53,-10.59,-14.23,-14.76,-13.47,-9.57,-15.51,-10.38,-13.72,-12.60,-10.95,-17.89,-16.37,-19.50,-9.79,-4.44,-13.12,-1.43,-1.51,2.70,5.70,1.38,-2.21,-4.53,-6.80,-7.77,-0.01,-3.59,-9.30,-4.77,-1.52,-1.68,-7.25,-5.50,-9.85,-8.26,-10.15,-7.09,-9.68,-10.40,-9.82,-10.62,-0.27,-12.76,-10.96,-11.20,-11.53,-9.87,-8.40,-10.51,-9.17,-9.69,-11.91,-11.99,-9.76,-4.84,-4.25,-5.07,-6.44,-5,-7.49,-9.68,-8.53,-10.19,-7.55,-9.28,-10.32,-11.04,-8.30,-9.77,-10.28,-10.70,-9.90,-7.51,-9.53,-11.34,-9.55,-5.76,-5.40,-7.98,-6.78,-9.69,-9.80,,-8.60,-5,-9.90,-8.20,-9.70,,,,,,,-6.80,-9.90,,-10.90,-9.90,-9,-10.38,,,,,,,,-7.50,-7.80,-10,-6.20,-9.60,,,,,-6.70,,-7,-9.80,-4.10,-7,-7.50,,,-7,,,-11.30,,,-6.70,-8.70,-9.30,-6.40,-6.20,-9.20,
2008-12-31 04:40,-10.10,-6.29,-0.66,-3.48,-5.10,-6.07,-6.17,-8.20,1.60,-11.40,-3.37,-6.31,-0.68,-5.67,-6.13,-4.21,-4.69,0.01,-17,-6.60,-4.29,0.63,-14.77,,-10.17,-7.66,-2.63,1.97,-13.42,-2.60,-6.74,-7.92,-1.82,-16.13,-14.45,-13.65,-12.51,-14.45,-4.07,-14.67,-2.20,,-7.56,-9.38,-13.70,-12.71,-10.30,-8.24,-10.55,-10.57,-14.75,-14.91,-13.62,-9.64,-15.48,-10.23,-13.85,-13.10,-11,-17.90,-16.14,-19.50,-9.97,-4.36,-12.94,-1.45,-2.28,2.67,5.50,1.24,-1.62,-4.54,-6.55,-7.65,0.13,-3.71,-9.20,-4.73,-1.59,-1.63,-7.30,-5.60,-9.94,-8.73,-10.31,-7.12,-9.60,-10.50,-9.84,-10.62,-0.39,-12.55,-10.92,-11.20,-11.52,-9.73,-8.43,-10.51,-9.10,-9.77,-11.95,-11.58,-9.75,-4.84,-4.27,-5.19,-6.46,-5,-7.30,-9.71,-8.84,-10.29,-7.56,-9.39,-10.40,-10.95,-8.20,-9.98,-10.17,-11.03,-9.60,-7.10,-9.43,-11.44,-9.62,-5.65,-5.30,-8.12,-6.49,-9.65,-10.10,,-8.80,-5.10,-10,-8.30,-9.70,,,,,,,-6.40,-9.80,,-10.70,-9.80,-9,-10.22,,,,,,,,-7.90,-7.70,-10,-6.20,-9.40,,,,,-6.80,,-6.90,-9.70,-4.20,-7.10,-7.70,,,-7.20,,,-11.30,,,-6.70,-8.60,-9.20,-6.50,-6.30,-9.30,
2008-12-31 04:50,-10.20,-6.65,-1.27,-3.88,-5.10,-6.27,-5.70,-8.20,1.51,-11.54,-2.99,-6.46,-0.77,-5.46,-5.87,-3.84,-4.06,0.01,-17,-6.63,-4.33,0.28,-14.91,,-9.83,-7.80,-2.68,1.88,-13.51,-2.80,-7.17,-8.09,-1.83,-16.09,-14.49,-14.01,-12.66,-14.65,-3.40,-14.77,-2.50,,-7.16,-9.46,-13.40,-12.82,-10.20,-8.28,-10.51,-10.51,-14.92,-14.90,-13.65,-9.77,-15.61,-10.24,-13.81,-14.30,-10.83,-17.86,-16.08,-19.40,-10.14,-4.40,-12.85,-1.79,-1.74,2.61,4.90,1.01,-2.02,-4.47,-5.84,-7.53,0.15,-3.44,-9.30,-4.42,-1.53,-1.67,-7.24,-5.80,-9.93,-8.94,-10.33,-7.31,-9.76,-10.60,-9.81,-10.61,-0.35,-12.70,-10.87,-11.20,-11.49,-9.51,-8.04,-10.48,-8.86,-9.83,-11.88,-11.31,-9.74,-4.84,-4.28,-5.52,-6.42,-5,-7.18,-9.68,-8.95,-10.20,-7.65,-9.37,-10.46,-11.02,-8,-10.02,-10.41,-11.04,-9.60,-7.09,-8.93,-11.66,-9.78,-5.36,-5.30,-8.28,-6.78,-9.96,-10.10,,-8.80,-5.20,-10.10,-8.50,-10,,,,,,,-6.50,-9.70,,-10.50,-9.90,-9,-10.15,,,,,,,,-7.90,-7.70,-10.10,-6.10,-9.40,,,,,-6.80,,-6.80,-9.60,-4.30,-7.10,-7.80,,,-7.40,,,-11.40,,,-6.70,-8.50,-9.20,-6.50,-6.40,-9.40,
2008-12-31 05:00,-10.10,-6.51,-0.89,-4.14,-4.91,-6.44,-5.60,-8.20,1.54,-11.41,-2.82,-6.12,-0.81,-5.72,-4.75,-3.70,-4.12,-0.01,-17.10,-6.81,-4.43,0.22,-14.99,,-9.80,-7.75,-2.44,1.89,-13.45,-3,-7.57,-7.81,-1.65,-15.96,-14.45,-14.38,-13.15,-14.64,-3.36,-14.86,-2.40,,-7.91,-9.56,-13.70,-12.97,-10.10,-8.44,-10.61,-10.49,-14.88,-14.94,-13.36,-9.94,-15.98,-10.32,-13.63,-15,-10.97,-18.03,-15.69,-19.60,-10.21,-4.25,-12.58,-1.95,-3.05,2.57,4.90,1.15,-2.64,-4.41,-6.22,-7.72,0.18,-3.50,-9.40,-4.21,-1.60,-1.51,-7.25,-6,-9.83,-8.26,-10.45,-7.29,-9.92,-10.60,-9.82,-10.58,0.23,-12.99,-10.75,-11.10,-11.48,-10.21,-7.65,-10.58,-8.70,-9.73,-11.92,-11.23,-9.85,-5.07,-4.32,-5.82,-6.49,-5,-7.27,-9.62,-9.17,-10.55,-7.97,-9.31,-10.39,-11.09,-7.90,-10.19,-10.42,-10.80,-9.50,-7.11,-8.38,-11.66,-9.82,-5.30,-5.40,-8.20,-6.82,-9.48,-10.30,-6.20,-9,-5.10,-9.90,-8.90,-9.90,,-6.60,-3.90,-5,-1.50,-6.60,-6.50,-9.80,-9.60,-11.30,-10,-9.10,-10.30,,-3.70,-6.90,-7.40,-6.50,-4.90,-4.60,-7.60,-7.70,-10,-6.10,-9.70,-10.30,-7.40,-5.80,-5.70,-6.90,-8.30,-6.90,-9.70,-4.80,-7.60,-8,-11,-11.50,-7.30,-7.80,-10.60,-11.40,-5.90,-6.70,-6.80,-8.40,-9.10,-6.60,-6.80,-9.40,-7.30
2008-12-31 05:10,-10.20,-5.39,0.52,-4.26,-4.90,-6.55,-5.50,-8.20,1.65,-11.48,-3.02,-6.19,-0.87,-5.25,-5.38,-4.17,-4.39,-0.28,-17.20,-6.61,-4.50,0.38,-15.06,,-10.42,-7.80,-2.69,1.67,-13.45,-3.20,-7.86,-7.89,-1.55,-15.89,-14.34,-14.77,-13.17,-14.50,-3.46,-15.06,-2.60,,-7.35,-9.89,-13.90,-13.24,-10.10,-8.35,-10.31,-10.47,-14.86,-14.83,-12.83,-10.01,-16.09,-10.45,-13.80,-15.70,-10.79,-18.03,-15.42,-19.70,-9.89,-4.23,-12.55,-2.05,-2.93,2.84,4.90,1,-2.56,-4.26,-6.70,-7.72,0.03,-3.61,-9.60,-3.87,-1.90,-1.62,-7.31,-5.87,-9.82,-8.17,-10.34,-6.47,-9.86,-10.70,-9.85,-10.54,0.48,-13.21,-10.71,-11,-11.56,-10,-7.60,-10.60,-8.59,-9.71,-11.94,-11.43,-9.84,-5.29,-4.61,-5.91,-6.42,-5,-8.06,-9.60,-9.04,-10.19,-7.76,-9.22,-10.54,-11.02,-7.80,-10.08,-10.33,-10.42,-9.30,-7.49,-8.08,-11.46,-9.82,-5.45,-5.40,-8.24,-7.02,-8.58,-10.30,,-8.80,-5.30,-10,-9.10,-10.10,,,,,,,-6.50,-9.90,,-11.30,-10,-9.20,-10.71,,,,,,,,-7.40,-7.90,-10,-6.30,-9.70,,,,,-7,,-7.50,-9.80,-4.80,-7.60,-8.20,,,-7.40,,,-11.40,,,-6.90,-8.10,-9,-6.60,-6.70,-9.40,
2008-12-31 05:20,-10.30,-0.15,0.94,-4.40,-4.90,-6.51,-5.78,-8.20,1.65,-11.55,-2.98,-6.29,-0.96,-5.43,-5.43,-4.54,-5.85,-0.18,-17.30,-6.94,-4.50,0.33,-15.17,,-10.55,-7.80,-3.33,1.94,-13.47,-3.20,-8.02,-7.98,-1.63,-15.88,-14.16,-14.97,-13.18,-14.38,-3.53,-15.02,-2.30,,-6.84,-9.96,-14,-13.41,-10,-7.98,-10.23,-10.51,-14.65,-14.76,-12.25,-9.99,-16.07,-10.55,-13.98,-15.50,-10.42,-18.03,-15.19,-19.70,-9.57,-4.24,-12.78,-2.33,-1.67,2.56,5.10,0.71,-3.01,-4.21,-6.68,-7.60,0.04,-3.17,-9.60,-3.49,-2,-1.58,-7.43,-5.85,-10,-7.81,-10.24,-3.86,-9.94,-10.60,-9.99,-10.51,0.51,-13.28,-11.02,-11.20,-11.55,-9.88,-7.41,-10.58,-8.60,-9.73,-11.96,-11.55,-9.82,-5.45,-5.62,-5.78,-6.28,-5,-7.72,-9.61,-8.66,-10.11,-7.51,-9.34,-10.62,-11.02,-7.80,-10.12,-10.28,-10.59,-9.40,-8.06,-7.84,-11.35,-9.69,-5.67,-5.30,-8.37,-6.88,-8.41,-10.20,,-9.10,-5.20,-10.10,-9.20,-10.20,,,,,,,-6.40,-9.80,,-10.60,-9.80,-9.30,-10.80,,,,,,,,-7,-7.90,-10.10,-6.60,-9.80,,,,,-7.10,,-7.90,-10.10,-4.90,-7.90,-8.20,,,-7.60,,,-11.30,,,-6.80,-8.40,-8.80,-6.60,-6.40,-9.40,
2008-12-31 05:30,-10.50,1.51,1.65,-4.37,-4.60,-6.29,-5.71,-7.60,1.74,-11.51,-2.78,-6.07,-0.95,-5.35,-5.91,-4.43,-6.92,-0.20,-17.50,-6.80,-4.56,-0.12,-15.26,,-10.55,-7.77,-3.11,2.09,-13.49,-3.30,-8.22,-7.92,-1.56,-15.65,-14.18,-14.76,-13.09,-14.37,-3.89,-14.87,-2.30,,-7.77,-9.91,-13.50,-13.38,-10,-7.94,-10.36,-10.51,-14.47,-14.81,-12.74,-9.98,-15.95,-10.50,-14.07,-15.40,-10.92,-18.08,-15.20,-19.70,-9.47,-4.15,-12.83,-2.19,-1.57,2.69,4.50,0.80,-3.35,-4.16,-6.92,-7.40,0,-2.57,-9.40,-3.57,-2,-1.70,-7.43,-5.90,-10.01,-6.85,-10.37,-3.03,-9.80,-10.60,-9.98,-10.44,0.78,-13.31,-11.26,-11.30,-11.57,-9.85,-7.48,-10.49,-8.61,-9.72,-11.90,-11.51,-10.04,-5.52,-5.65,-5.57,-6.07,-5.10,-7.52,-9.63,-8.41,-10.37,-7.96,-9.42,-10.67,-10.99,-8,-10.21,-10.16,-10.58,-9.50,-8.33,-7.70,-11.53,-9.84,-5.84,-5.20,-8.39,-6.84,-8.16,-10.40,,-9.10,-5.20,-10.30,-9.20,-10,,,,,,,-6.50,-9.80,,-10.90,-9.70,-9.30,-10.90,,,,,,,,-7,-7.90,-10.20,-6.70,-9.80,,,,,-7.20,,-7.90,-10.10,-4.90,-7.90,-8.40,,,-7.80,,,-11.40,,,-6.80,-8.20,-9.20,-6.60,-6.30,-9.20,
2008-12-31 05:40,-10.50,1.34,1.50,-4.28,-4.60,-6.19,-6.01,-7.30,1.81,-11.47,-2.75,-5.81,-0.93,-5.40,-5.93,-4.59,-7.24,-0.08,-17.40,-6.40,-4.48,-0.03,-15.34,,-10.76,-7.76,-2.46,2.39,-13.49,-3.40,-8.47,-7.86,-1.55,-15.58,-14.27,-14.88,-12.74,-14.44,-4.03,-14.79,-2.10,,-7.24,-10.10,-13.90,-13.42,-10,-8,-10.44,-10.36,-14.54,-15.02,-12.98,-9.94,-15.91,-10.40,-13.47,-16,-10.79,-18.11,-15.36,-19.50,-9.61,-4.04,-12.59,-1.63,-1.42,2.48,4.80,0.74,-2.36,-4.11,-7.59,-7.41,-0.14,-2.63,-9.50,-3.87,-1.90,-1.36,-7.41,-5.51,-10.24,-6.51,-10.28,-3.05,-9.73,-10.80,-9.85,-10.53,0.78,-13.46,-11.39,-11.50,-11.64,-10.08,-7.72,-10.32,-8.54,-9.84,-11.95,-11.47,-10.08,-5.58,-5.43,-5.13,-5.99,-5.20,-7.86,-9.53,-8.34,-10.39,-8.20,-9.01,-10.68,-11.07,-8.10,-10.17,-10.18,-10.43,-9.40,-7.93,-7.64,-11.59,-9.95,-5.89,-5.20,-8.38,-7.06,-7.91,-10.60,,-8.90,-5.20,-10.50,-9,-9.90,,,,,,,-6.20,-9.80,,-11.10,-10,-9.30,-10.96,,,,,,,,-6.60,-8.10,-10.10,-6.50,-10,,,,,-7.10,,-8.20,-9.90,-4.70,-7.40,-8.40,,,-7.90,,,-11.40,,,-6.80,-8,-9.40,-6.60,-6.30,-9.40,
2008-12-31 05:50,-10.50,-3.01,0.62,-4.22,-4.70,-6.19,-5.15,-7.20,1.75,-11.66,-2.87,-5.86,-0.83,-5.46,-5.71,-4.43,-6.45,-0.07,-17.40,-6.96,-4.52,-0.11,-15.16,,-10.25,-7.68,-2.34,2.51,-13.53,-3.60,-8.63,-7.88,-1.78,-15.60,-14.36,-15.07,-12.81,-14.38,-3.82,-14.98,-2.40,,-6.61,-10.11,-13.80,-13.50,-9.90,-8.24,-10.34,-10.30,-14.53,-14.94,-12.91,-9.80,-16.10,-10.43,-14.07,-16.40,-10.59,-18.07,-15.66,-19.60,-9.74,-4.05,-12.18,-1.12,-1.86,2.31,4.50,0.99,0.49,-4.10,-7.52,-7.72,-0.12,-2.78,-9.50,-4.03,-1.70,-1.63,-7.49,-5.38,-9.99,-6.77,-10.38,-3.12,-9.99,-10.80,-9.84,-10.48,0.55,-13.53,-11.28,-11.40,-11.56,-10.22,-7.68,-10.09,-8.62,-9.75,-12.07,-11.46,-10.10,-5.56,-5.09,-5.06,-5.97,-5.50,-8.08,-9.52,-8.43,-10.52,-8.36,-8.63,-10.84,-11.13,-8,-10.30,-10.39,-10.50,-9.20,-7.68,-7.73,-11.52,-9.90,-5.53,-5.30,-8.43,-6.69,-7.57,-10.70,,-9.10,-5,-10.50,-9.20,-9.60,,,,,,,-6.10,-10.10,,-11.10,-10.10,-9.50,-10.95,,,,,,,,-7.10,-8,-10,-6.70,-9.90,,,,,-6.90,,-7.90,-9.70,-4.70,-7.50,-8.40,,,-7.90,,,-11.30,,,-6.80,-8.20,-9.30,-6.70,-6.40,-9.30,
2008-12-31 06:00,-10,-6,0.36,-5,-5,-6.21,-4.47,-7.40,1.74,-11.46,-2.89,-6.22,-0.70,-6,-6.01,-4,-5,0.02,-17,-6.70,-5,-0.54,-15.18,-8,-10,-8,-1.83,2.60,-13,-4,-9,-8,-2.23,-15,-14.52,-14,-13,-14,-4,-14,-2,-3,-7,-11,-13.80,-13.39,-10,-8.68,-10,-10.32,-14,-15,-12.89,-9.68,-16.16,-10,-13,-16,-11,-18.02,-15.77,-20,-9.68,-4.11,-12.01,-1.33,-2.28,2.30,4.10,1.01,1.49,-4.10,-7.14,-7.74,0.23,-2.94,-9.60,-3.95,-2,-2,-7.55,-5,-10.02,-7,-10.29,-3,-9,-10.90,-9.78,-10.50,0.37,-13.45,-11,-11.50,-12,-10.04,-7.70,-9.91,-8.66,-9.68,-11.97,-11.40,-10.20,-5.70,-5.33,-4.76,-5.99,-5.70,-8.38,-9.46,-8.59,-10.71,-8.53,-8.64,-10.92,-11.14,-7.90,-10.24,-10.46,-10.59,-9.20,-7.68,-8.07,-11.79,-9.87,-5.60,-5.20,-8.45,-6.40,-7.67,-10.60,-7,-9,-5,-10.40,-8.90,-10.20,-10.70,-7,-4,-3,-1,-6.40,-6,-10.10,-9.80,-11,-9.80,-9.70,-10.70,,-4.10,-5,-7,-5.40,-4.80,-3.20,-7.30,-8,-9.90,-6.90,-10.10,-10.60,-7.70,-7,-5.70,-7.10,-7.80,-7.50,-9.40,-4.80,-7.80,-8.40,-11.10,-11.70,-8.30,-8,,-11.20,-6.50,-6.80,-6.90,-8.30,-9.50,-6.70,-6.50,-9.40,-7.50
2008-12-31 06:10,-10.30,-6.11,0.20,-4.57,-4.50,-6.34,-4.54,-7.50,1.91,-11.50,-2.80,-6.51,-0.72,-5.92,-5.79,-4.80,-6.04,0.10,-17.40,-6.66,-4.53,-0.02,-15.45,,-9.98,-7.72,-2.33,2.65,-13.33,-3.50,-8.69,-7.65,-1.84,-15.79,-14.57,-14.56,-12.87,-14.18,-3.42,-14.77,-2.80,,-6.45,-10.33,-14.10,-13.33,-9.80,-8.85,-10.36,-10.35,-14.34,-14.79,-13.09,-9.33,-15.99,-10.48,-14.01,-15.30,-11,-18.13,-15.87,-19.70,-9.66,-4.18,-12.23,-1.60,-1.43,2.46,4.30,0.60,0.45,-4.30,-7.48,-7.22,0.20,-3.03,-9.80,-3.69,-1.97,-1.94,-7.62,-5.22,-10.21,-6.83,-10.20,-2.88,-9.89,-10.60,-9.96,-10.52,0.61,-13.30,-11.17,-11.50,-11.75,-9.98,-7.54,-10.20,-8.52,-9.80,-11.88,-11.75,-10.17,-5.74,-5.55,-4.67,-6.11,-5.50,-8.39,-9.65,-8.98,-10.82,-8.42,-8.42,-10.78,-10.96,-7.80,-10.23,-10.39,-10.56,-9.20,-7.72,-8.15,-11.54,-9.80,-5.51,-5.30,-8.35,-6.41,-7.88,-10.60,,-8.80,-4.60,-9.80,-9.10,-9.90,,,,,,,-6.50,-10.30,,-11,-10,-9.90,-10.89,,,,,,,,-7.20,-8,-10.10,-6.90,-10.10,,,,,-7.10,,-7.50,-9.80,-4.80,-7.80,-8.60,,,-8.30,,,-11.30,,,-7,-8.50,-9.60,-6.70,-6.50,-9.40,
2008-12-31 06:20,-10.20,-6.57,1.13,-4.70,-4.70,-6.81,-4.37,-7,1.89,-11.69,-2.66,-6.41,-0.65,-5.43,-5.25,-4.81,-5.02,0.25,-17.50,-6.55,-4.56,0.33,-15.33,,-9.56,-7.64,-2.85,2.61,-13.21,-3.20,-8.66,-7.68,-2.01,-15.77,-14.55,-14,-12.85,-14.41,-3.56,-14.80,-2.60,,-6.80,-10.39,-13.70,-13.25,-9.70,-8.89,-10.39,-10.30,-14.17,-14.90,-13.35,-9.21,-15.75,-10.49,-13.89,-15.80,-11.03,-18.12,-15.89,-19.90,-9.75,-4.13,-12.39,-1.93,-1.70,2.52,4.50,0.50,2.37,-4.27,-7.81,-7.16,0.12,-2.84,-9.30,-3.23,-2.12,-1.71,-7.57,-5.07,-10.29,-6.87,-10.35,-2.96,-9.76,-10.50,-9.98,-10.41,1,-13.52,-11.33,-11.50,-11.87,-9.41,-7.32,-10.31,-8.75,-9.79,-11.64,-11.76,-10.18,-5.97,-5.60,-4.95,-6.35,-5.40,-8.13,-9.51,-9.15,-10.91,-8.33,-8.24,-10.95,-11,-7.90,-10.44,-10.34,-10.44,-9,-7.48,-8.54,-11.64,-9.77,-5.43,-5.20,-8.34,-6.13,-8.26,-10.40,,-8.70,-5.10,-10,-8.70,-9.80,,,,,,,-6.40,-10.40,,-11.50,-10,-9.90,-10.94,,,,,,,,-7.10,-7.90,-10.50,-6.90,-10.10,,,,,-6.90,,-7.40,-9,-5,-8,-8.60,,,-8.20,,,-11.40,,,-7.10,-8.40,-9.40,-6.70,-6.30,-9.70,
2008-12-31 06:30,-10.40,-6.60,2.16,-4.95,-4.80,-6.53,-3.94,-6.70,1.76,-11.65,-2.93,-6.33,-0.65,-5.56,-4.94,-4.80,-4.98,0.05,-17.50,-6.86,-4.58,0.03,-15.01,,-9.53,-7.64,-2.03,2.77,-13.14,-3.10,-8.73,-7.60,-1.70,-15.80,-14.56,-14.25,-12.62,-14.56,-3.64,-14.90,-2.20,,-7.02,-10.43,-13.90,-13.29,-9.80,-8.79,-10.46,-10.19,-14.35,-14.79,-13.31,-9.23,-15.56,-10.74,-13.65,-15,-11.36,-18.12,-15.99,-19.90,-9.48,-4.09,-12.26,-1.56,-2.14,2.47,4.10,0.56,3.26,-4.20,-7.73,-7.36,-0.23,-2.92,-9.30,-2.90,-2.04,-1.88,-7.59,-5.03,-10.28,-6.86,-10.42,-2.87,-10.04,-10.40,-10.01,-10.46,1.19,-13.73,-11.40,-11.40,-11.94,-9.54,-7.16,-10.42,-8.78,-9.74,-11.70,-11.71,-10.18,-6.03,-5.82,-5.44,-6.46,-5.50,-7.98,-9.58,-9.30,-11.06,-7.94,-8.11,-10.73,-10.96,-8.10,-10.63,-10.28,-10.39,-9.20,-7.41,-8.94,-11.90,-10.08,-5.40,-5.20,-8.40,-5.97,-9.46,-10.60,,-8.90,-5,-10,-8,-9.70,,,,,,,-6.40,-10.10,,-11.60,-10,-9.90,-11.01,,,,,,,,-7.50,-7.90,-10.50,-6.90,-10.10,,,,,-6.90,,-7.20,-9.10,-5.10,-8.20,-8.60,,,-8.30,,,-11.40,,,-7,-8.60,-9.60,-6.70,-6.30,-9.60,
2008-12-31 06:40,-10.60,-4.07,2.49,-4.92,-4.70,-6.43,-4.10,-6.60,1.69,-11.75,-2.91,-6.12,-0.65,-5.40,-4.31,-5.05,-4.87,0.16,-17.60,-6.76,-4.64,-0.49,-14.86,,-9.45,-7.66,-1.59,2.73,-13.13,-2.90,-8.77,-7.58,-1.46,-15.81,-14.63,-14.31,-12.86,-14.33,-3.85,-14.89,-1.90,,-6.93,-10.38,-14,-13.10,-9.80,-8.83,-10.57,-10.28,-14.40,-14.94,-13.34,-9.23,-15.89,-10.73,-13.99,-14.70,-11.34,-18.16,-15.94,-19.80,-9.80,-3.93,-12.03,-1.37,-2.59,2.37,3.70,0.85,2.81,-4.38,-7.35,-7.77,-0.30,-3,-9.50,-3.03,-2.10,-2.07,-7.54,-4.84,-10.29,-6.84,-10.30,-2.95,-9.91,-10.40,-9.91,-10.62,0.96,-13.73,-11.18,-11.10,-11.88,-9.49,-7.07,-10.67,-8.75,-9.66,-11.76,-11.71,-10.23,-5.78,-6.16,-5.74,-6.44,-5.60,-8.16,-9.71,-9.40,-11.03,-6.99,-8.04,-11.03,-11.14,-8.30,-10.52,-10.39,-10.46,-9.40,-7.40,-9.23,-11.43,-10.01,-5.43,-5.30,-8.29,-6.28,-9.97,-10.70,,-9,-5,-10.10,-8.40,-9.60,,,,,,,-6.40,-9.90,,-11.60,-10.10,-10,-10.74,,,,,,,,-7.30,-7.90,-10.20,-7,-10.10,,,,,-6.80,,-7,-9.30,-5.10,-8,-8.60,,,-8,,,-11.40,,,-6.90,-8.60,-9.80,-6.80,-6.50,-9.50,
2008-12-31 06:50,-10.70,0.63,2.60,-4.80,-4.50,-6.25,-4.18,-6.30,1.80,-11.65,-3.02,-5.85,-0.72,-5.53,-4.57,-5.01,-4.82,0.53,-17.60,-7.20,-4.61,-1.17,-15.08,,-9.53,-7.35,-0.86,2.96,-13.05,-2.90,-8.83,-7.71,-1.15,-15.71,-14.75,-14.40,-12.67,-14.39,-4.06,-14.85,-2.60,,-7.06,-10.46,-14.10,-12.99,-9.80,-8.90,-10.38,-10.27,-14.26,-14.91,-13.05,-9.12,-15.68,-10.44,-13.94,-13,-10.62,-18.08,-15.53,-19.60,-9.82,-3.75,-11.74,-2.35,-0.62,2.22,3.70,0.81,3.37,-4.23,-7.44,-7.85,-0.21,-3.05,-9.50,-3.14,-2.30,-2.02,-7.57,-4.58,-10.31,-6.65,-10.33,-3.06,-9.91,-10.50,-9.88,-10.64,0.94,-13.73,-11.08,-11,-11.82,-9.40,-6.89,-10.40,-8.92,-9.68,-11.65,-11.50,-10.25,-5.79,-6.64,-5.71,-6.47,-5.40,-8.29,-9.76,-9.50,-10.93,-6.55,-8.19,-10.77,-11.15,-8.30,-10.61,-10.29,-10.66,-9.50,-7.49,-9.34,-11.35,-9.90,-5.46,-5.20,-8.30,-6.56,-9.93,-10.80,,-8.80,-5.60,-10.50,-8.60,-10.60,,,,,,,-6.50,-10.10,,-11.50,-10.10,-10,-10.70,,,,,,,,-7.70,-7.90,-10.10,-6.80,-10.20,,,,,-7.20,,-6.80,-9.30,-5.10,-7.80,-8.80,,,-8,,,-11.30,,,-6.90,-8.60,-9.60,-6.70,-6.40,-9.30,
2008-12-31 07:00,-10.70,1.93,2.61,-4.69,-4.40,-6.12,-3.91,-6.10,1.97,-11.67,-2.74,-5.71,-0.61,-5.64,-4.50,-4.93,-4.46,0.28,-17.60,-6.95,-4.66,-0.80,-15.18,,-9.98,-6.68,-0.55,3.62,-12.59,-3,-8.86,-7.58,-0.63,-15.75,-14.85,-14.51,-12.63,-14.50,-4.14,-14.61,-2.70,,-7.38,-10.45,-14.20,-12.85,-9.80,-8.80,-10.35,-10.17,-14.17,-14.87,-13.25,-9.17,-15.93,-10.45,-14.04,-12.50,-10.32,-17.93,-15.55,-19.60,-10.04,-3.49,-11.69,-1.89,-1.84,2.34,3.40,0.66,1.61,-4.28,-7.34,-7.61,-0.19,-2.56,-9.60,-2.60,-2.40,-2.41,-7.98,-4.66,-10.14,-5.88,-10.45,-3.24,-9.83,-10.50,-9.93,-10.72,1.25,-13.66,-11.19,-11,-11.67,-9.42,-6.62,-10.33,-8.85,-9.71,-11.47,-11.53,-10.19,-5.52,-6.69,-5.66,-6.55,-5.40,-8.22,-9.66,-9.50,-10.58,-6.23,-8.23,-10.76,-11.15,-8.40,-10.72,-10.31,-10.35,-9.50,-7.98,-9.40,-11.79,-9.85,-5.58,-5.30,-8.21,-6.67,-9.88,-10.70,-6.70,-8.80,-5.80,-10.60,-8.30,-10.40,,-7.20,-4.30,-1.60,-0.40,-6.30,-6.60,-10.10,-9.80,-11.40,-10,-9.80,-9.70,-10.50,-3.20,-6.50,-7.90,-6.40,-4.80,-2.10,-7.60,-7.60,-9.90,-6.70,-9.70,-11,-7.90,-8.30,-5.70,-7.20,-8,-6.40,-9.20,-5,-7.70,-8.70,-10.80,-12,-7.60,-8.20,-11.20,-9.90,-6.30,-7.30,-6.80,-8.50,-9.70,-6.70,-6.40,-8.90,-7.40
2008-12-31 07:10,-10.60,2.16,2.65,-4.71,-4.06,-6.30,-4.48,-6.20,2.20,-11.66,-3.04,-5.32,-0.46,-4.90,-4.57,-4.91,-4.34,0.55,-17.60,-6.68,-4.78,-0.90,-15.11,,-9.82,-6.02,-1.17,4.25,-11.96,-3.10,-8.85,-7.59,-1.59,-15.72,-15.03,-14.59,-13.01,-14.49,-4.02,-14.47,-2.30,,-7.13,-10.47,-13.70,-12.59,-9.70,-8.85,-10.43,-10.15,-14.15,-14.82,-12.30,-9.27,-15.88,-10.55,-14.20,-12.30,-10.65,-17.95,-15.55,-19.50,-9.32,-3.38,-11.78,-1.43,-2.80,2.33,4,0.49,0.71,-4.31,-7.37,-7.08,-0.32,-2.43,-9.60,-2.25,-2.51,-2.25,-8.31,-4.56,-10.21,-5.96,-10.41,-3.22,-9.86,-10.70,-9.82,-10.62,1.51,-13.46,-11.13,-10.50,-11.42,-9.32,-6.59,-10.23,-8.82,-9.75,-11.32,-11.60,-10.18,-5.58,-6.49,-5.89,-6.39,-5.30,-7.55,-9.55,-9.51,-9.98,-5.98,-8.08,-10.91,-11.16,-8.40,-10.59,-10.21,-10.15,-9.50,-7.91,-9.33,-11.87,-9.85,-5.74,-5.30,-8.27,-6.59,-10.08,-10.60,,-8.60,-5.40,-10.40,-8,-9.70,,,,,,,-6.60,-9.80,,-11.40,-10,-9.70,-10.60,,,,,,,,-7.20,-7.60,-9.50,-6.50,-9.70,,,,,-7.30,,-6.20,-9,-5,-7.60,-8.70,,,-7.60,,,-9.90,,,-6.80,-8.60,-9.70,-6.60,-6.30,-9,
2008-12-31 07:20,-10.40,2.46,1.73,-4.75,-4.07,-6.24,-4.50,-6.10,2.31,-11.57,-3.22,-5.43,-0.38,-4.84,-4.27,-4.83,-3.98,0.38,-17.70,-6.81,-4.73,-0.55,-15.15,,-9.44,-5.99,-1.07,4.54,-11.92,-3,-8.45,-7.56,-1.60,-15.53,-15.16,-14.50,-13.12,-14.49,-3.88,-14.40,-2.30,,-6.27,-10.66,-13.40,-12.19,-9.70,-8.69,-10.32,-10.10,-13.89,-14.53,-11.99,-8.76,-15.52,-10.33,-13.84,-12,-10.73,-17.76,-14.94,-19.40,-9.30,-3.13,-12.06,-0.97,-2.78,2.43,3.80,0.48,-1,-4.41,-6.65,-6.68,-0.42,-2.44,-9.10,-2.17,-2.25,-2.04,-8.60,-4.30,-10.11,-6.28,-10.29,-3.03,-9.52,-10.60,-9.63,-10.48,1.83,-13.38,-10.64,-10,-10.88,-9.54,-6.23,-9.83,-8.56,-9.71,-10.99,-11.62,-10.24,-5.28,-6.91,-6.15,-6.19,-5,-6.68,-9.30,-9.45,-9.54,-5.92,-7.89,-10.70,-10.97,-8.50,-10.41,-10.02,-10.22,-9.60,-7.74,-9.35,-11.55,-9.97,-5.77,-5.30,-8.36,-6.71,-9.88,-10.40,,-8.60,-5.30,-10.40,-8.10,-8.90,,,,,,,-6.40,-9.70,,-10.90,-9.80,-9.50,-10.52,,,,,,,,-7.10,-7.50,-9.10,-6,-9.70,,,,,-7.30,,-5.90,-8.60,-4.90,-7.60,-8.70,,,-7.50,,,-9.10,,,-6.80,-8.30,-9.70,-6.50,-6.20,-9,
2008-12-31 07:30,-10.10,2.76,1.85,-4.65,-3.79,-6.32,-4.39,-5.80,2.48,-11.38,-2.35,-5.33,-0.53,-4.92,-4.04,-4.57,-3.89,0.30,-17.80,-6.75,-4.74,-0.58,-15.04,,-9.62,-5.91,-0.76,4.34,-10.88,-2.90,-8.07,-7.65,-0.92,-15.55,-15.11,-14.51,-12.84,-14.36,-3.70,-14.08,-2.30,,-6.03,-10.42,-12.80,-11.95,-9.60,-8.12,-10.27,-10.09,-13.82,-14.17,-11.92,-8.13,-15.01,-10.33,-13.29,-11.40,-9.93,-17.34,-14.68,-19.10,-8.51,-2.98,-11.99,-1.35,-2.86,2.60,4.20,0.49,-0.28,-4.51,-6.16,-6.56,-1.27,-2.02,-8.60,-2.34,-2.13,-2.37,-8.54,-3.94,-9.78,-6.71,-9.85,-2.92,-9.43,-10.40,-9.47,-10.45,2.29,-13.22,-10.32,-9.60,-10.15,-9.36,-6.09,-9.32,-7.99,-9.69,-10.47,-10.84,-10.21,-5.18,-6.93,-6.16,-6.23,-4.80,-6.27,-9.06,-9.27,-9.47,-6.02,-7.75,-10.77,-10.86,-8.40,-10.40,-10.03,-10.04,-9.40,-7.79,-9.01,-11.15,-9.75,-5.79,-5.10,-8.26,-6.66,-9.39,-10.30,,-8.70,-5.20,-10.20,-8.20,-8.80,,,,,,,-6.30,-9.50,,-10.70,-9.10,-9.30,-10.08,,,,,,,,-7.40,-7.20,-9.30,-5.50,-9.50,,,,,-7.30,,-5.70,-8.30,-4.60,-7.60,,,,-7.30,,,-8.50,,,-6.70,-8.30,-9.70,-6.50,-6.20,-9.10,
2008-12-31 07:40,-9.70,2.89,1.27,-4.10,-3.75,-6.32,-4.09,-5.50,2.73,-11.07,-1.41,-5.05,-0.48,-4.89,-3.96,-4.35,-4.49,0.27,-17.70,-6.41,-4.69,0.59,-14.97,,-9.55,-5.99,-0.28,4.37,-10.65,-2.90,-8.08,-7.63,-0.36,-15.64,-15.15,-14.53,-12.67,-14.24,-3.67,-14,-1.90,,-5.66,-10.38,-12.60,-11.36,-9.60,-7.87,-10.32,-10,-13.83,-13.73,-12.02,-7.81,-14.30,-10.15,-12.71,-11.20,-9.89,-16.67,-14.34,-18.60,-7.70,-2.94,-11.61,-1.93,-2.43,2.55,4.40,0.44,0.04,-4.25,-5.50,-6.29,-0.96,-1.63,-8.30,-1.90,-2.06,-2.27,-8.25,-3.69,-8.98,-6.03,-9.44,-2.82,-9.16,-9.80,-9.22,-10.36,2.95,-12.86,-9.89,-9.30,-9.21,-7.41,-5.96,-8.80,-7.59,-9.50,-9.97,-10.38,-10.04,-5.19,-6.69,-6.09,-6.21,-4.80,-6.58,-8.59,-8.98,-9.11,-5.97,-7.66,-10.73,-10.77,-8.40,-10.47,-9.78,-9.64,-9,-7.41,-8.07,-10.86,-9.57,-5.78,-5.10,-8.16,-6.48,-9.24,-10.30,,-8.40,-5.10,-10,-7.90,-8.40,,,,,,,-6.10,-8.80,,-10.20,-9.10,-8.90,-9.20,,,,,,,,-6.60,-7.10,-8.90,-5.10,-9.10,,,,,-7,,-5.40,-8,-4.60,-7.70,-8.60,,,-7.30,,,-8.40,,,-6.70,-8.20,-9.70,-6.40,-6.30,-9.40,
2008-12-31 07:50,-9.20,2.98,1.22,-3.25,-3.64,-6.77,-3.57,-5,2.83,-10.54,-1.38,-5.12,-0.54,-4.48,-4.31,-4.11,-4.46,0.43,-17.60,-6.43,-4.56,1.09,-14.48,,-8.91,-5.78,0.50,4.80,-9.42,-2.60,-7.90,-7.37,-0.13,-15.55,-14.97,-14.49,-12.76,-14.37,-3.30,-14.16,-1.70,,-5.66,-10.08,-12.30,-10.97,-9.60,-7.71,-10.36,-10.01,-13.58,-13.33,-11.37,-7.67,-13.34,-9.80,-12.04,-10.90,-9.17,-15.89,-13.86,-17.70,-7.77,-2.85,-11.36,-1.97,-0.59,2.61,4.40,0.35,0.14,-4.10,-4.74,-6.02,-0.54,-1.29,-7.90,-1.74,-1.92,-1.75,-7.23,-3.30,-8.31,-5.51,-8.70,-2.39,-8.50,-9.30,-8.97,-10.45,3.24,-12.33,-9.21,-8.80,-8.63,-5.24,-5.92,-8.36,-7.26,,-8.84,-9.87,-9.81,-5.01,-6.53,-6.07,-6.09,-4.60,-6.38,-7.81,-8.57,-8.49,-5.95,-7.52,-10.56,-10.65,-8.30,-10.10,-9.59,-9.59,-8.60,-7.25,-7.78,-10.67,-9.33,-5.63,-5,-8,-6.72,-9.83,-10.20,,-8.30,-5.20,-9,-7.70,-8.10,,,,,,,-5.90,-8.20,,-9.90,-7.30,-8.70,-8.29,,,,,,,,-5.90,-6.90,-8.40,-4.80,-8.80,,,,,-6.60,,-5,-7.70,-4.60,-7.90,-8.60,,,-7.20,,,-7.90,,,-6.60,-7.90,-9.50,-6.40,-6.20,-9.60,
2008-12-31 08:00,-8.80,3.18,1.08,-2.41,-3.30,-6.74,-3.27,-4.50,2.95,-9.99,-1.20,-4.88,-0.54,-4.49,-4.64,-4,-4.50,0.33,-17.50,-5.68,-4.49,1.43,-13.86,,-8.62,-5.37,0.85,4.41,-7.62,-2.10,-7.67,-7.12,-0.15,-15.29,-14.95,-14.64,-12.56,-14.23,-3.01,-13.77,-1.60,,-5.48,-9.82,-11.90,-10.30,-9.50,-7.51,-10.30,-9.92,-13.14,-12.88,-10.53,-7.56,-12.92,-9.59,-11.68,-10.60,-8.37,-14.72,-13.26,-16.80,-7.39,-2.71,-11.10,-2.59,-0.14,2.58,4.40,0.36,-0.50,-4.15,-4.03,-5.37,-0.60,-1.19,-7.40,-1.61,-1.84,-1.54,-6.89,-2.99,-7.79,-5.55,-8.13,-1.75,-8.20,-8.90,-8.71,-10.24,3.36,-11.82,-8.63,-8.10,-7.53,-4.42,-5.79,-7.97,-6.88,,-7.86,-9.35,-9.72,-4.61,-6.10,-5.82,-5.89,-4.20,-5.62,-7.13,-7.87,-7.99,-6.07,-7.33,-10.47,-10.38,-7.90,-9.84,-9.13,-9.20,-8.30,-7.04,-7.67,-10.09,-9.13,-5.42,-5.20,-7.78,-6.62,-9.68,-9.70,-4,-7.60,-4.90,-8.70,-7.70,-8.10,-7.40,-6.90,-4.80,-0.30,-1.60,-5.60,-5.70,-8,-8.30,-8.70,-6.40,-8.30,-6.40,-7.10,-2.30,-5.50,-6.10,-3.30,-4.30,-1.90,-5.80,-6.60,-7.40,-4.60,-8.10,-10.70,-7.80,-7.90,-5,-6.20,-6.50,-4.70,-7.40,-4.70,-7.70,-8.30,-10.60,-11.80,-6.40,-8.30,,-7.30,-6.40,-7,-6.60,-7.70,-9.20,-6.50,-6,-9.10,-7.50
2008-12-31 08:10,-8.40,3.28,1.41,-1.20,-2.90,-6.45,-3.05,-4.10,3.05,-9.39,-1.10,-4.43,-0.51,-4.87,-4.12,-3.84,-4.19,0.13,-17.30,-5.34,-4.44,2,-13.33,,-7.90,-4.75,0.95,3.81,-6.30,-2,-7.17,-6.96,0.07,-14.87,-14.81,-14.44,-11.69,-13.98,-2.44,-13.93,-1.50,,-5.65,-9.81,-11.40,-9.69,-9.40,-7.17,-10.21,-9.87,-12.68,-12.33,-10.15,-7.32,-12.41,-9.28,-10.91,-10.30,-8.40,-13.75,-12.53,-16.20,-6.28,-2.68,-10.73,-2.01,-0.54,2.64,4.10,0.47,-1.07,-4.21,-3.86,-4.62,-0.29,-0.88,-6.90,-1.32,-1.72,-1.39,-6.41,-2.64,-7.36,-5.66,-7.79,-1.54,-8.13,-8.50,-8.27,-9.97,3.68,-11.36,-8.13,-7.40,-6.75,-5.02,-5.51,-7.50,-6.47,-8.63,-7.12,-8.75,-9.32,-3.99,-5.71,-5.07,-5.56,-3.90,-4.87,-6.45,-7.28,-7.49,-6.11,-7.04,-10.21,-9.98,-7.40,-9.32,-8.84,-8.85,-8,-6.69,-6.98,-9.64,-8.97,-5.39,-5,-7.62,-6.15,-8.89,-9.30,,-6.80,-4.80,-8,-7.40,-7.50,,,,,,,-5.40,-7.30,,-8.70,-6.40,-7.90,-6.96,,,,,,,,-5.40,-6.50,-6.90,-4.30,-8.10,,,,,-6.10,,-4.10,-7,-4.70,-7.60,-8,,,-6.40,,,-7.30,,,-6.70,-7.60,-8.70,-6.40,-5.90,-9.10,
2008-12-31 08:20,-7.80,3.52,2.08,-0.26,-2.70,-5.43,-2.71,-3.70,3.03,-8.83,-0.94,-3.95,-0.54,-4.68,-2.58,-3.67,-4.01,0.24,-17.10,-5.13,-4.41,2.21,-12.32,,-7.32,-4.89,1.06,3.80,-5.67,-2.20,-7.12,-6.56,0.59,-14.70,-14.65,-14.16,-11.62,-13.67,-1.75,-13.64,-1.20,,-5.94,-9.56,-11,-9.14,-9.40,-6.95,-10.10,-9.81,-12.39,-11.94,-9.63,-6.81,-11.65,-8.92,-10.35,-9.50,-8.32,-12.77,-11.38,-15.40,-5.46,-2.69,-10.30,-0.53,-1.29,2.81,4.10,0.73,-1.60,-3.95,-3.39,-3.77,0.24,-0.56,-6.50,-0.72,-1.64,-1.20,-6.88,-2.42,-7.07,-5.37,-7.58,-1.27,-7.89,-8,-7.91,-9.90,3.88,-11.02,-7.48,-6.60,-6,-5.43,-5.21,-7.03,-5.99,-8.26,-6.38,-8.33,-8.41,-3.38,-5.64,-4.43,-5.19,-3.60,-4.19,-5.71,-7.19,-7.11,-6.16,-6.90,-10.07,-9.60,-7.10,-9.09,-8.37,-8.44,-7.50,-6.34,-6.50,-8.97,-8.74,-5.44,-4.50,-7.27,-6.16,-7.83,-9.10,,-6.30,-4.80,-7.90,-6.90,-6.70,,,,,,,-4.80,-6.50,,-8.10,-6,-7.50,-6.24,,,,,,,,-4.90,-6.10,-6.20,-4.20,-7.80,,,,,-5.80,,-3.70,-6.60,-4.80,-7.10,-7.80,,,-6.10,,,-6.70,,,-6.70,-7.40,-8.30,-6.20,-5.80,-8.90,
2008-12-31 08:30,-6.60,3.70,3.10,0.20,-2.70,-4.85,-2.76,-3.30,3.19,-8.08,-0.73,-3.17,-0.34,-3.87,-1.83,-3.27,-3.38,0.16,-16.60,-4.14,-4.26,2.85,-11.42,,-6.50,-5.01,1.11,4.05,-5.39,-1.90,-7.05,-6.30,0.58,-14.54,-14.40,-13.70,-11.17,-13.42,-1.13,-13.44,-1.20,,-5.89,-9.19,-10.50,-8.73,-9.30,-6.97,-10.21,-9.78,-12.15,-11.62,-8.89,-6.47,-10.85,-8.17,-9.72,-8.80,-7.60,-12.17,-10.37,-14.90,-5,-2.58,-9.84,0.01,-0.91,3,3.90,0.73,-1.41,-3.69,-2.84,-3.24,0.14,-0.40,-5.70,-0.09,-1.45,-0.95,-6.42,-2.19,-6.62,-4.78,-7,-1.13,-7.47,-7.80,-7.50,-9.71,4.40,-10.65,-7,-5.90,-5.47,-5.27,-4.80,-6.76,-6.21,-7.76,-4.97,-7.95,-7.95,-2.76,-5.40,-3.54,-4.61,-3.30,-3.86,-4.89,-7.05,-6.24,-6.13,-6.71,-9.47,-8.89,-6.70,-8.59,-8.10,-7.85,-7.20,-5.90,-5.89,-8.59,-8.63,-5.45,-4.20,-7.10,-6.33,-7.30,-8.60,,-5.90,-5.10,-7.50,-6.70,-7,,,,,,,-4.30,-6,,-7.80,-4.20,-7.10,-5.56,,,,,,,,-4,-5.70,-5.50,-3.90,-7.40,,,,,-5.30,,-3.20,-6.10,-4.80,-6.90,-7.30,,,-5.80,,,-6.50,,,-6.60,-7,-8.20,-6.10,-5.60,-8.60,
2008-12-31 08:40,-5.10,3.96,4.33,0.52,-2.70,-3.85,-2.48,-3,3.38,-7.30,-0.11,-2.69,-0.36,-3.18,-0.87,-3.08,-3.33,-0.07,-16.10,-4.02,-4.35,3.68,-11.05,,-5.79,-4.46,1.43,3.60,-5.23,-2,-6.75,-5.84,0.40,-14.01,-14.03,-13.40,-11,-12.87,-0.60,-13.12,-1.60,,-6.82,-8.80,-10.50,-8.33,-9.20,-6.83,-10.13,-9.71,-11.83,-11.10,-8.57,-6.02,-9.95,-7.63,-9.38,-8.30,-7.06,-11.30,-9.58,-14.50,-4.51,-2.53,-9.52,0.06,-0.51,3.17,3.60,0.85,-1.32,-3.72,-2.84,-2.84,0.55,-0.20,-5.10,0.69,-1.11,-0.95,-5.90,-1.97,-6.28,-4.11,-6.37,-0.79,-7.15,-7.50,-7.06,-9.08,4.52,-10.06,-6.40,-5.30,-4.58,-3.64,-4.25,-6.54,-5.92,-7,-3.60,-7.53,-7.63,-2.43,-5.11,-2.80,-3.99,-3,-3.56,-4.38,-6.68,-6.22,-5.99,-6.59,-8.90,-7.78,-6.20,-8.24,-7.91,-7.47,-6.60,-5.47,-5.41,-8.27,-7.99,-5.13,-4.10,-6.75,-6.26,-6.93,-8.40,,-5.50,-5.30,-6.70,-6.60,-6.70,,,,,,,-3.60,-5.10,,-7.70,-3.70,-6.70,-5.18,,,,,,,,-3.10,-5.50,-5,-4,-7.10,,,,,-4.90,,-2.90,-5.70,-4.60,-6.60,-6.70,,,-5.60,,,-5.90,,,-6.40,-6.70,-7.80,-5.90,-5.50,-7.90,
2008-12-31 08:50,-3.80,4.12,4.49,0.85,-2.50,-3.23,-2.10,-2.60,3.49,-6.61,0.62,-2.57,-0.47,-2.95,0.47,-2.72,-4.08,-0.01,-15.60,-3.74,-4.13,3.55,-10.23,,-5.16,-4.27,1.78,3.65,-4.93,-2.30,-6.50,-5.31,0.69,-13.97,-13.85,-13.27,-10.81,-12.41,-0.29,-12.66,-1.60,,-6.92,-8.51,-9.50,-7.94,-9.10,-7.04,-10.18,-9.66,-11.70,-10.35,-8.04,-5.28,-9.25,-7.20,-9.30,-7.90,-6.99,-10.63,-9.25,-13.10,-4.68,-2.48,-9.28,0.22,-0.77,3.32,3.40,1.16,-1.78,-3.70,-2.13,-2.15,0.97,0.15,-5,1.13,-0.78,-0.73,-5.96,-1.82,-5.91,-3.43,-5.85,-0.79,-6.71,-7.20,-6.57,-8.72,4.66,-9.42,-6.26,-5.40,-3.76,-2.83,-3.73,-5.94,-5.43,-5.85,-3.06,-7.14,-7.19,-2.09,-4.02,-2.05,-3.36,-2.70,-3.18,-3.94,-6.28,-5.72,-5.71,-6.30,-8.48,-7.08,-5.80,-7.93,-7.54,-7.30,-6.30,-5.12,-5.06,-8.29,-7.58,-4.97,-3.80,-6.25,-5.89,-6.66,-8.10,,-4.60,-5.50,-6.50,-6.50,-6.10,,,,,,,-2.80,-4.20,,-7.30,-3.40,-6.50,-4.30,,,,,,,,-2.60,-5.40,-4.70,-3.90,-6.40,,,,,-4.40,,-2.70,-5.50,-4.60,-6.40,-6.10,,,-5.30,,,-5.60,,,-6.30,-6.60,-7.50,-5.70,-5.30,-7.50,
2008-12-31 09:00,-2.60,4.13,4.30,1.12,-2.40,-2.79,-1.88,-2,3.59,-6.06,1.46,-1.62,-0.28,-2.63,1.45,-2.36,-3.78,0.31,-14.90,-2.95,-3.71,3.35,-9.42,,-4.66,-3.95,1.96,4.28,-4.50,-2.40,-6.24,-5.23,1.76,-13.88,-13.79,-13.08,-10.59,-12.13,0.38,-12.41,-1.70,,-6.95,-8.35,-9.30,-7.72,-9,-6.93,-10.01,-9.62,-11.42,-9.86,-7.62,-4.82,-8.46,-7.08,-8.71,-7.90,-6.01,-9.73,-8.54,-11.90,-5.53,-2.43,-8.74,-0.26,-0.40,3.53,3.80,1.36,-1.70,-3.41,-1.50,-1.73,1.03,0.56,-4.50,1.10,-0.70,-0.26,-5.43,-1.56,-5.40,-2.77,-5.02,-0.74,-6.19,-6.70,-6.13,-8.21,4.44,-8.89,-6.32,-4.40,-3.39,-2.46,-3.19,-5.48,-5.53,-5.14,-2.49,-6.81,-6.61,-1.76,-3.80,-1.52,-2.70,-2.50,-2.87,-3.54,-5.86,-5.21,-5.39,-5.95,-8.16,-6.51,-5.60,-7.59,-7.07,-6.80,-6,-4.91,-4.83,-7.88,-7.33,-4.58,-3.60,-5.81,-5.51,-5.94,-7.30,-1.90,-3.70,-5.30,-6.10,-6,-5.30,-3.60,-4.20,-5,0.40,-0.10,-3.50,-2.30,-4,-5.40,-4.70,-2.50,-6.40,-3.20,-4,-2.70,-2.80,-3.40,-0.20,-2.30,1.40,-2.20,-5.10,-4.20,-3.70,-5.40,-9.40,-5,-4.20,-3.60,-3.70,-4,-2.30,-5.10,-4.40,-5.70,-5.70,-8,-9.70,-4.60,-6.20,-6.40,-5,-5.30,-6,-6.10,-6.40,-7.20,-5.30,-5.10,-7,-7.10
2008-12-31 09:10,-0.50,4.34,4.64,1.09,-2.40,-2.62,-1.27,-1.50,3.62,-5.62,1,-1.51,-0.36,-1.77,2.65,-1.97,-3.24,0.35,-14.20,-2.04,-3.48,2.85,-8.93,,-4.32,-3.60,2.26,4.54,-4.34,-2.20,-6.32,-4.95,2.24,-13.43,-13.48,-12.73,-10.23,-11.70,1.05,-12.16,-1.40,,-6.69,-8.36,-8.80,-7.41,-8.90,-6.88,-10.03,-9.59,-10.98,-9.02,-6.86,-4.35,-7.76,-6.42,-8.13,-7.80,-5.55,-8.68,-8.25,-11.60,-5.71,-2.42,-8.46,-0.34,-0.62,3.74,3.70,1.42,-0.52,-3.40,-0.84,-0.89,0.70,1.18,-4,0.84,-0.51,-0.25,-4.58,-1.60,-4.82,-1.52,-4.64,-0.44,-5.88,-6.40,-5.78,-7.86,4.59,-8.24,-5.78,-3.50,-2.91,-2.33,-3.04,-5.21,-5.21,-4.37,-2.12,-6.33,-6.13,-1.44,-3.45,-1.14,-2.17,-2.30,-2.95,-3.10,-5.49,-4.65,-5.17,-5.75,-7.65,-6.19,-5.50,-7.04,-6.83,-6.55,-5.70,-4.45,-4.54,-6.54,-6.93,-4.05,-3.30,-5.36,-5.14,-5.30,-6.10,,-3.20,-4.90,-5.90,-6,-5.30,,,,,,,-1.80,-2.50,,-4.60,-2.40,-6,-3.11,,,,,,,,-1.70,-4.90,-3.80,-3.40,-5.40,,,,,-3.60,,-2,-4.60,-4.40,-5.70,-5.30,,,-4.60,,,-5,,,-5.80,-6,-6.70,-5.30,-5.10,-7,
2008-12-31 09:20,1.30,4.40,4.95,1,-2.40,-3.08,-0.99,-1.10,3.65,-5.17,-0.69,-0.75,-0.33,-1.29,2.36,-2.05,-2.96,0.54,-13.50,-1.60,-3.34,2.86,-8.62,,-3.62,-2.95,2.63,4.94,-4.13,-2,-6.10,-4.68,2.41,-13.15,-13.05,-12.17,-9.93,-11.41,0.57,-11.85,-0.70,,-6.46,-8.11,-8,-7.18,-8.90,-6.77,-10,-9.44,-10.82,-8.07,-7.40,-3.78,-7.11,-6.01,-7.51,-7.20,-5.46,-7.94,-7.95,-11.10,-5.59,-2.44,-7.80,-0.52,-0.94,3.98,3.90,1.41,0.21,-3.38,-0.32,0.06,0.76,1.80,-3.50,1.05,-0.47,0,-3.93,-1.50,-4.21,-0.37,-3.99,-0.46,-5.41,-6,-5.39,-7.05,4.61,-7.35,-5.27,-3,-2.74,-2.22,-2.66,-4.67,-4.40,-3.64,-1.60,-6.28,-5.98,-1.37,-2.93,-0.78,-1.80,-2,-2.93,-2.62,-5.03,-3.88,-4.87,-5.59,-7.13,-5.51,-5.30,-6.56,-6.56,-6.48,-5.40,-4.05,-4.25,-5.89,-6.59,-3.84,-3.10,-5.02,-4.81,-5,-5.70,,-2.40,-4.10,-5.60,-5.80,-4.90,,,,,,,-1.30,-2.30,,-4,-2.10,-5.50,-2.67,,,,,,,,-1,-4.50,-3.40,-3.20,-4.80,,,,,-3.30,,-1.70,-4.20,-4.20,-5.20,-5,,,-4.30,,,-4.50,,,-5.50,-5.80,-6.10,-5.20,-4.90,-5.80,
2008-12-31 09:30,2.30,4.45,5.02,0.90,-2.30,-2.87,-0.70,-0.70,3.73,-4.25,-1.48,-0.03,-0.20,-1.12,2.95,-1.91,-2.89,0.63,-12.90,-1.22,-3.07,2.72,-8.14,,-3.08,-2.73,2.99,5.25,-3.97,-2,-5.90,-4.17,2.24,-11.98,-12.59,-12.24,-9.44,-11.11,0.59,-11.43,-1,,-6.66,-7.89,-7.50,-6.67,-8.90,-6.80,-9.98,-9.37,-10.69,-7.14,-6.29,-3.19,-6.03,-5.35,-6.78,-7.10,-4.45,-7.36,-7.74,-10.60,-5.32,-2.36,-7.43,-0.26,-1.14,3.87,3.90,1.17,1.63,-3.12,0.29,1.46,0.92,2.31,-3.10,1.25,-0.59,0.14,-2.97,-1.30,-3.74,-0.13,-3.70,-0.44,-4.88,-5.90,-5.01,-6.73,4.95,-6.70,-5.04,-2.60,-2.34,-2.09,-2.29,-4.30,-4.13,-2.94,-0.90,-6.31,-5.63,-0.85,-2.33,-0.45,-1.14,-1.60,-2.74,-2.22,-4.80,-3.98,-4.79,-5.42,-6.53,-5.12,-5,-6,-6.36,-5.88,-5.10,-3.80,-4.15,-5.68,-6.54,-3.54,-2.90,-4.67,-4.68,-4.79,-5.50,,-1.60,-4.80,-5.50,-5.40,-4.40,,,,,,,-0.80,-1.40,,-3.50,-1.60,-5.50,-2.24,,,,,,,,-0.30,-4.20,-3.10,-3,-4.10,,,,,-2.90,,-1.40,-3.70,-4.10,-5,-4.60,,,-4.10,,,-4.30,,,-5.10,-5.60,-6,-4.90,-4.70,-5.50,
2008-12-31 09:40,2.90,4.49,4.81,0.98,-2.30,-3.06,-0.24,-0.30,3.61,-3.23,-1.38,0.27,0.16,-0.98,3.19,-1.71,-2.87,0.64,-12.40,-1.44,-3.27,3.15,-7.76,,-2.78,-2.85,3.21,5.12,-3.74,-1.90,-5.57,-3.97,2.53,-11.78,-12.52,-12.44,-8.92,-10.36,0.81,-11.09,-1.30,,-6.94,-7.83,-6.50,-6.63,-8.90,-6.89,-9.83,-9.44,-10.41,-5.89,-5.47,-2.45,-5.14,-5.48,-6.01,-6.50,-4.25,-6.41,-7.46,-9.70,-4.99,-2.48,-7.11,-0.51,-0.83,3.70,3.90,0.99,1.16,-3.19,0.80,2.18,1.04,2.41,-2.40,1.03,-0.51,0.71,-1.95,-1.20,-3.32,0.28,-3.66,-0.14,-4.29,-5.70,-4.65,-6.64,5.49,-5.95,-4.84,-2.40,-2.02,-1.94,-2.09,-4.09,-4,-2.38,0.01,-6.03,-5.12,-0.41,-2.08,-0.10,-0.21,-1.30,-1.98,-1.66,-4.47,-3.93,-4.57,-5.20,-5.53,-4.82,-4.90,-4.60,-5.93,-5.31,-4.80,-3.08,-4.07,-5.10,-6.34,-3.43,-2.50,-4.39,-4.33,-4.59,-5.20,,-3,-4.90,-4.40,-5.10,-3.60,,,,,,,-0.40,-1.20,,-3.20,-1.40,-5,-1.45,,,,,,,,0,-3.80,-2.70,-2.80,-3.40,,,,,-2.50,,-1.10,-3.30,-3.80,-4.60,-4.30,,,-3.70,,,-4,,,-4.90,-5.30,-6.20,-4.60,-4.60,-5.10,
2008-12-31 09:50,3.40,4.41,4.86,1.27,-2.30,-3.08,-0.21,0.60,3.53,-2.44,-0.59,0.49,0.31,-0.64,2.94,-1.89,-2.87,0.63,-11.90,-0.92,-2.75,3.13,-7.91,,-2.32,-2.59,3.56,5.14,-3.47,-1.70,-5.38,-3.48,2.52,-10.99,-11.76,-12.18,-8.76,-9.51,0.96,-10.69,-1.10,,-6.54,-7.42,-6.60,-6.36,-8.80,-6.86,-9.65,-9.25,-10.25,-5.20,-4.74,-1.82,-4.59,-5.36,-5.46,-6.70,-3.73,-5.72,-7.07,-8.70,-4.54,-2.59,-6.46,-0.62,-0.56,3.50,4,1.12,1.08,-3.24,1.14,3.22,1.55,2.96,-1.60,1.04,-0.29,1.06,-1.31,-1,-2.82,0.20,-3.54,-0.03,-3.23,-5.40,-4.24,-6.44,5.42,-5.25,-4.47,-2,-1.46,-1.67,-1.94,-3.72,-3.72,-2.02,0.59,-5.61,-4.55,-0.11,-1.23,0.14,0.54,-1,-1.30,-1.11,-3.89,-3.05,-4.32,-4.73,-5.24,-4.75,-4.80,-3.72,-5.48,-4.96,-4.50,-2.97,-3.90,-4.73,-6.05,-3.09,-2,-4.12,-3.77,-4.61,-5.10,,-1.30,-5.10,-3.80,-5.30,-4,,,,,,,-0.20,-0.50,,-3,-1.30,-4.80,-1.30,,,,,,,,0.30,-3.60,-2.50,-2.40,-2.80,,,,,-2.20,,-0.70,-2.90,-3.70,-4.30,-4.10,,,-3.50,,,-3.40,,,-4.60,-5.30,-5.70,-4.40,-4.50,-5.30,
2008-12-31 10:00,3.60,4.34,5.10,1.35,-2.30,-2.69,-0.22,1.20,3.52,-2.17,1.42,1.95,0.20,-0.18,2.93,-1.81,-2.56,0.73,-11.40,-0.79,-1.85,3.05,-7.01,,-1.93,-1.92,3.96,5.38,-3.17,-1.40,-5.21,-2.95,2.49,-10.64,-11.10,-11.59,-8.40,-8.97,1.01,-10.24,-0.90,,-6.68,-7.38,-5.80,-6.21,-8.70,-7,-9.49,-9.27,-9.88,-4.66,-4.39,-1.26,-4.13,-4.33,-5.02,-6.60,-3.50,-5.60,-6.64,-7.80,-4.46,-2.73,-5.65,-0.89,-0.40,3.49,4,-0.12,1.42,-3.10,1.85,3.78,1.76,3.23,-1.10,1.28,-0.22,1.54,-0.98,-0.80,-2.52,0.80,-3.67,0.26,-2.52,-5.30,-3.63,-6.04,5.45,-4.35,-4.10,-1.60,-1.41,-1.51,-1.70,-3.22,-3.30,-1.34,0.59,-5.22,-4.08,0.18,-0.71,0.44,0.91,-0.60,-0.94,-0.87,-3.68,-2.57,-3.94,-4.53,-4.89,-4.63,-4.60,-3.46,-5.21,-4.39,-4.30,-2.47,-3.64,-3.85,-5.69,-2.83,-1.70,-3.84,-3.83,-4.33,-4.80,0.20,-0.70,-5,-3.60,-5,-3.20,-0.20,-1.50,-5.50,0.90,1.50,-1.20,0.10,-1.10,-2.90,-2.20,-1.30,-4.50,-1.20,-0.50,-3,-2.80,-1.30,2,-0.60,2.50,0.60,-3.40,-2.20,-2.50,-1.90,-5.80,-3.60,-2.30,-1.40,-1.80,-2.10,-0.40,-2.50,-3.40,-3.50,-3.80,,-6.40,-3.20,-4.40,-4,-2.90,-3.10,-4.80,-4.50,-5.10,-5.60,-4,-4.10,-5.30,-5.70
2008-12-31 10:10,3.80,4.24,5.08,1.34,-2.20,-2.67,-0.52,1.80,3.59,-2,1.97,2.41,0.38,0.11,3.13,-1.56,-2.46,0.78,-11.20,-0.74,-1.18,2.81,-6.12,,-1.66,-1.59,4.50,5.19,-2.88,-1.10,-4.85,-2.47,2.29,-10.23,-10.55,-11.33,-7.18,-8.32,0.92,-9.97,-1.10,,-6.32,-7.23,-4.90,-6,-8.70,-7.13,-9.48,-9.22,-9.88,-3.80,-3.81,-1.16,-3.72,-3.60,-4.43,-6.50,-2.32,-4.97,-6.22,-7.70,-4.55,-2.78,-4.86,-0.66,-0.38,3.63,3.60,-0.31,1.24,-3.20,2.43,3.88,1.82,3.56,-0.50,1.65,-0.10,1.91,-0.77,-0.50,-2.26,0.80,-3.15,0.31,-2.14,-4.70,-3.31,-5.56,5.47,-3.38,-3.67,-1.40,-1.27,-1.29,-1.45,-2.57,-3.25,-0.90,0.95,-4.73,-3.63,0.52,-0.51,0.80,1.39,-0.20,-0.33,-0.46,-3.18,-2.24,-3.66,-4.36,-4.74,-4.42,-4.60,-3.21,-4.90,-3.92,-4,-2.40,-3.37,-3.10,-5.37,-2.62,-1.30,-3.60,-3.55,-4.31,-4.60,,-1.30,-5.10,-3.20,-4.90,-2.60,,,,,,,0.30,-1.10,,-2.20,-1.30,-4.30,-1.02,,,,,,,,1,-3,-1.90,-2.20,-1.90,,,,,-1.80,,-0.30,-1.90,-3.40,-3.40,-3.40,,,-3.20,,,-2.90,,,-4.20,-4.60,-5.50,-4,-4.10,-5.40,
2008-12-31 10:20,4,4.22,4.77,1.57,-2.20,-2.64,-0.63,2,3.61,-1.39,1.73,2.36,0.74,0.42,3.44,-1.66,-2.61,0.63,-10.90,-0.28,-0.52,2.66,-6,,-1.59,-1.47,4.49,5,-2.50,-0.80,-3.92,-2.10,1.74,-10.41,-10.26,-11,-6.39,-8.66,1.31,-9.61,-1,,-7.34,-6.86,-5.20,-5.70,-8.60,-7.35,-9.51,-9.17,-9.93,-3.61,-3.49,-1.07,-3.18,-3.69,-4.33,-6.40,-2.23,-4.11,-5.99,-7,-4.84,-2.76,-4.21,-0.51,-0.20,3.74,3.70,0.44,1.55,-3.19,3.05,4.01,1.80,3.98,-0.10,2.16,0.10,2.24,-0.53,-0.40,-1.98,1.20,-2.81,0.69,-1.65,-4.60,-2.95,-5.10,5.93,-2.59,-3.24,-1.10,-0.70,-1.12,-1.10,-2.05,-3.10,-1.15,0.91,-4.53,-3.07,0.62,-0.18,1.24,1.79,0.30,0.16,-0.04,-2.87,-1.81,-3.22,-4.10,-4.35,-4.21,-4.40,-3.18,-4.64,-3.70,-3.80,-2.01,-2.90,-2.49,-5.12,-2.47,-0.50,-3.24,-3.05,-4.27,-4.40,,-1.40,-5.10,-2.60,-4.90,-2.60,,,,,,,0.50,-0.50,,-1.80,-0.90,-4.30,-0.73,,,,,,,,1.30,-2.50,-1.60,-1.90,-1.60,,,,,-1.70,,0,-1.20,-3.10,-3.10,-3,,,-2.90,,,-2.20,,,-4,-4.30,-5.30,-3.80,-4.10,-5.20,
2008-12-31 10:30,4.40,4.24,4.25,1.58,-2.20,-2.52,-0.34,2.90,3.78,-0.99,1.29,2.44,0.51,1.17,3.94,-1.84,-2.63,0.67,-10.20,0.07,0.02,3.06,-5.81,,-1.29,-1.26,4.50,4.91,-2.17,-0.60,-4.02,-1.77,1.20,-10.25,-9.86,-10.77,-6.24,-8.08,1.09,-9.47,-1.10,,-7,-6.84,-4.40,-5.37,-8.60,-7.35,-9.49,-9.18,-9.87,-3.21,-1.87,-0.77,-2.39,-3.45,-3.62,-6.10,-1.24,-3.41,-5.79,-6.70,-4.89,-2.82,-4.01,-0.76,-0.13,3.63,3.20,1.36,1.68,-2.97,3.52,4.12,1.94,4.47,0.40,2.46,0.10,2.72,-0.34,-0.20,-1.51,1.61,-2.38,0.77,-1.10,-4.30,-2.62,-4.92,5.70,-2.18,-3.22,-0.70,-0.47,-0.43,-0.83,-1.92,-2.90,-1.43,0.61,-4.59,-2.62,0.88,-0.01,1.44,2.26,0.60,0.59,0.32,-2.56,-2.43,-3.05,-4.10,-3.95,-4.08,-4.20,-2.98,-4.48,-3.54,-3.70,-1.74,-2.69,-2.38,-4.65,-2.37,-0.30,-2.99,-3.13,-3.85,-4.40,,-0.70,-5.30,-2.70,-4.80,-1.80,,,,,,,0.80,-0.30,,-1.90,-0.60,-3.60,-0.40,,,,,,,,1.70,-2.20,-1.60,-1.80,-1.50,,,,,-1.60,,0,-0.80,-3,-3.20,-2.50,,,-2.80,,,-1.80,,,-3.80,-4,-4.70,-3.50,-4,-5,
2008-12-31 10:40,4.60,4.27,4.19,1.69,-2.20,-2.49,-0.11,2.60,3.89,-0.43,1.60,2.93,0.53,1.79,3.55,-1.59,-2.70,0.54,-9.40,0.40,0.27,3.19,-5.40,,-0.86,-0.81,5.26,4.87,-1.81,-0.40,-4.04,-1.40,1.19,-10.15,-9.86,-10.50,-6.10,-8.42,1.60,-9.37,-1.10,,-2.80,-6.98,-3.30,-5,-8.40,-7.29,-9.69,-9.20,-9.69,-2.79,-0.92,-0.60,-1.84,-2.38,-2.42,-6.20,-0.87,-3.11,-5.20,-6.10,-4.79,-2.93,-3.52,-0.90,-0.38,3.80,2.50,0.93,1.60,-2.96,3.89,4.16,2.21,4.55,0.90,2.67,0,3.23,-0.13,0,-1.09,2.18,-2.10,0.99,-0.63,-4,-2.28,-4.81,5.65,-1.98,-2.71,-0.60,-0.35,-0.31,-0.52,-1.77,-2.72,-1.40,0.58,-4.20,-2.22,1.31,0.16,1.77,2.66,0.90,1.05,0.56,-2.25,-2.30,-2.96,-3.90,-4.13,-3.97,-4,-2.79,-4.05,-3.20,-3.60,-1.29,-2.38,-1.98,-4.52,-2.29,0.40,-2.63,-2.73,-3.68,-4.20,,0,-5.20,-3,-4.80,-2.80,,,,,,,1.10,0.10,,-1.80,-0.30,-3.50,-0.08,,,,,,,,2,-1.50,-1.30,-1.50,-1.30,,,,,-1.30,,0.20,-0.70,-3,-2.20,-2.20,,,-2.60,,,-1.90,,,-3.60,-3.70,-4.60,-3.30,-3.80,-4.50,
2008-12-31 10:50,4.80,4.34,4.23,1.80,-2.10,-2.42,0.10,2.80,3.85,0.01,3.02,3,0.69,2.15,4.19,-0.85,-2.81,0.49,-8.70,-0.32,1.07,3.39,-4.53,,0.13,-0.43,5.29,5.02,-1.57,-0.20,-4.15,-1.19,1.32,-9.83,-9.44,-10.11,-5.93,-8.03,2.03,-9.06,-1,,0.22,-6.80,-3.10,-4.98,-8.30,-7.26,-9.62,-9.14,-9.59,-1.28,-1.10,-0.38,-1.68,-1.90,-1.41,-5.80,-0.63,-2.86,-4.78,-5.50,-4.71,-2.91,-2.90,-0.95,-0.40,3.73,1.80,0.51,2.07,-2.92,4.86,3.90,2.22,4.92,1.30,2.89,0.20,3.40,0.11,0.20,-0.49,2.08,-1.78,1.23,-0.32,-3.50,-1.97,-4.50,5.40,-1.73,-2.13,-0.40,-0.07,0.04,-0.55,-1.44,-2.51,-1.16,0.55,-4.05,-1.88,1.56,-0.13,1.93,3.02,1.10,1.41,0.87,-1.91,-1.77,-2.91,-3.66,-4.01,-3.84,-3.90,-2.61,-3.75,-2.78,-3.50,-0.91,-2.12,-1.92,-4.26,-2.05,1.30,-2.62,-2.65,-3.73,-4.20,,0,-5.20,-3.10,-4.10,-2.90,,,,,,,1.30,-0.10,,-1.60,0.40,-3.10,-0.20,,,,,,,,2.10,-1.10,-1.20,-1.20,-1,,,,,-1.20,,0.60,-0.30,-2.90,-1.30,-2,,,-2.70,,,-1.80,,,-3.30,-3.60,-4.30,-3.20,-3.70,-4.60,
2008-12-31 11:00,5,4.35,4.06,1.89,-2.10,-2.28,0.21,3,3.94,0.41,4.34,3.11,0.81,3.10,4.18,-0.34,-2.17,0.44,-8,-0.29,1.15,3.84,-4.11,,0.51,-0.09,5.26,5.03,-1.64,0.20,-4.01,-0.91,1.89,-9.60,-8.83,-9.89,-5.56,-7.85,2.33,-9.09,-0.80,,0.50,-6.58,-3.20,-4.73,-8.40,-7.33,-9.55,-9.08,-9.43,-0.35,0.24,-0.03,-1.26,-1.59,-0.42,-5.70,-0.69,-2.93,-4.46,-5.40,-4.62,-3.03,-3.09,-0.91,-0.48,3.46,1.60,-1.40,2.26,-2.74,5.77,3.72,2.03,4.67,1.70,3.17,0.05,3.55,0.28,0.50,-0.16,2.18,-1.15,1.65,-0.07,-2.80,-1.59,-4.29,4.97,-1.59,-2.15,-0.20,0.39,-0.03,-0.43,-1.15,-2.27,-0.75,0.61,-3.81,-0.69,2.05,0.10,2.01,3.32,1.50,1.63,1.08,-1.34,-1.12,-2.91,-3.62,-3.86,-3.72,-3.70,-2.42,-3.46,-2.70,-3.30,-1.04,-1.96,-1.73,-3.99,-2.12,1,-2.53,-2.48,-3.57,-4.10,2.40,1.40,-4.90,-2.80,-4.10,-3,0.20,0,-5.20,1.50,2.30,1.20,1.50,0.20,0,-1,0.80,-3,-0.30,-0.10,-1.40,-1.40,-0.10,3.50,0.60,3.50,2.40,-1.10,-0.90,-1,-0.40,-3.10,-2.60,-0.10,0,-0.90,0.40,0.80,0,-2.70,-1.20,-1.80,-4.30,-4.60,-2.80,-2.80,-2.40,-1.30,-1.40,-3.10,-3.10,-3.40,-4.40,-2.60,-3.50,-4.40,-4.80
2008-12-31 11:10,5.20,4.45,4.25,1.99,-2.10,-2,0.35,3.40,4.07,0.72,5.02,3.02,0.79,4,5.10,-0.03,-2.16,0.42,-7.80,-0.02,1.17,3.84,-3.79,,0.28,0.35,5.04,5.04,-1.62,0.50,-3.95,-0.57,2.47,-9.35,-8.20,-9.56,-5.34,-7.69,2,-9.13,-0.60,,0.71,-6.45,-2.50,-4.42,-8.20,-7.22,-9.62,-9.19,-9.41,-0.50,0.38,0.15,-1.07,-1.48,0.79,-5.60,-0.47,-2.41,-3.66,-4.40,-4.56,-3.29,-3.43,-0.88,-0.47,3.03,2,-1.88,2.28,-2.64,6.21,4.12,2.07,4.38,2.20,3.55,0.10,3.44,0.60,0.70,0.37,2.36,-0.59,1.74,0.22,-2.40,-1.17,-4.01,4.36,-1.48,-1.82,0,0.56,0,-0.28,-0.87,-2.10,-0.34,0.78,-3.82,-0.74,0.88,0.38,2.33,3.56,1.50,1.81,1.11,-0.81,-0.95,-2.95,-3.38,-3.66,-3.56,-3.50,-2.05,-3.22,-2.39,-3.10,-1.05,-1.76,-1.50,-3.82,-2.06,0.80,-2.43,-2.18,-3.34,-4,,0.70,-5,-2.20,-4.10,-2.80,,,,,,,1.80,0.20,,-1,0.80,-2.90,-0.17,,,,,,,,2.50,-0.50,-0.70,-0.70,-0.40,,,,,-0.90,,0.80,0,-2.70,-1.30,-1.50,,,-2.80,,,-1.20,,,-2.90,-3.10,-4.20,-2.50,-3.40,-4.40,
2008-12-31 11:20,5.30,4.44,4.32,1.85,-2,-1.62,0.29,3.90,3.91,1.08,4.53,3.12,0.23,3.81,5.54,-0.06,-2.08,0.71,-7.40,0.13,0.52,3.79,-3.27,,0.43,0.47,4.99,5.04,-1.54,0.80,-3.69,-0.12,2.75,-8.60,-7.63,-9.37,-5,-7.50,1.75,-8.94,-0.50,,0.12,-6.22,-2,-4.37,-8,-7.23,-9.48,-9.10,-9.56,-0.42,0.56,0.40,-0.55,-1.90,1.42,-5.50,-0.35,-1.28,-3.08,-3.60,-4.36,-3.44,-3.38,-0.98,-0.78,2.72,1.40,-2.05,2.39,-2.54,6.30,4.06,2.02,4.65,3.10,4.11,0.21,3.59,0.70,0.80,0.62,2.46,-0.10,1.80,0.63,-2.40,-0.79,-3.77,4.35,-1.39,-1.34,0.10,0.71,0.12,-0.18,-0.74,-1.75,-0.04,1.57,-3.38,-0.29,0.31,0.74,2.38,3.50,1.90,2.24,1.15,-0.32,-0.77,-2.76,-2.96,-3.21,-3.46,-3.30,-1.87,-2.91,-2.53,-3,-1.01,-1.70,-1.48,-3.66,-2.01,1.20,-2.19,-1.88,-3.13,-3.90,,0.80,-5,-2,-3.60,-2.50,,,,,,,2,0.50,,-0.60,1,-2.70,-0.16,,,,,,,,2.60,-0.30,-0.40,-0.70,0.10,,,,,-0.60,,1.10,0.10,-2.60,-1.30,-1.20,,,-2.50,,,-1.40,,,-2.90,-3,-3.80,-2.20,-3.40,-4.10,
2008-12-31 11:30,5.40,4.52,4.25,1.76,-2.10,-1.08,0.12,3.90,3.78,1.70,4.66,3.35,0.18,3.52,5.54,-0.05,-2.14,0.66,-6.60,0.01,0.20,3.90,-3.70,,0.72,0.68,5.12,5.22,-1.46,1.30,-3.58,-0.03,2.63,-7.52,-7.07,-9.09,-4.48,-7.22,1.39,-9.08,-0.60,,-1.24,-5.89,-1,-4.24,-8,-7.39,-9.46,-9.07,-9.40,-0.40,1.14,0.57,-0.33,-1.78,1.35,-5.30,0.49,-0.81,-2.84,-3,-4.09,-3.61,-3.25,-1.17,-0.83,2.74,1.50,-2.19,2.52,-2.43,6.41,3.76,1.87,4.58,2.90,4.45,0.35,3.53,0.88,1.20,1.08,2.54,0.26,1.88,0.82,-1.90,-0.54,-3.51,4.25,-0.99,-1.64,0.20,0.82,-0.03,-0.04,-0.40,-1.37,0.10,1.32,-2.98,-0.06,-0.53,1.11,2.80,3.65,2,2.40,1.27,-0.04,-0.65,-2.18,-3,-3.16,-3.37,-3.40,-1.55,-2.70,-2.33,-2.80,-0.74,-1.40,-1.32,-3.49,-2.05,1,-2.09,-1.55,-3.01,-3.90,,2.60,-5,-1.70,-3,-1.90,,,,,,,2.30,0.90,,-0.20,1.20,-2.40,-0.01,,,,,,,,2.80,0.50,-0.10,-0.60,0.20,,,,,-0.50,,1.40,0.30,-2.60,-1.10,-0.80,,,-2.60,,,-1.30,,,-2.80,-2.80,-3.80,-1.90,-3.20,-3.60,
2008-12-31 11:40,5.50,4.58,4.51,1.67,-2.10,-1.02,0.24,4.20,3.73,1.92,4.84,3.30,0.36,4.37,5.78,-0.25,-1.96,0.55,-6.20,0.23,0.26,4,-3.30,,0.40,0.76,5.64,5.47,-1.31,1.40,-3.59,0.23,2.75,-7.24,-6.47,-8.52,-3.96,-6.83,1.25,-8.65,-0.60,,-2.81,-5.73,-0.90,-4.02,-8,-7.53,-9.57,-8.94,-9.24,-0.35,2.11,0.80,-0.47,-1.86,1.44,-5.50,0.93,-0.23,-3.24,-2.70,-3.88,-3.77,-3.06,-1.38,-0.50,2.89,1.40,-2,2.35,-2.61,6.34,3.56,1.65,4.47,3,5.18,0.78,3.48,1.03,1.40,1.30,2.68,0.47,1.98,0.54,-1.70,-0.26,-3.26,4.06,-0.59,-1.17,0.40,0.74,0.21,0.08,-0.19,-0.92,-0.09,1.36,-2.85,0.26,-0.46,1.07,2.95,3.71,2.20,2.82,1.54,0.09,-0.48,-2.05,-2.82,-2.90,-3.25,-3.20,-1.27,-2.58,-2.05,-2.70,-0.59,-1.10,-1.27,-3.23,-1.79,0.90,-2.01,-1.33,-2.85,-3.80,,3.30,-5.10,-1.50,-4,-1.60,,,,,,,2.30,1.40,,0,1.10,-2.40,0.08,,,,,,,,3,0.90,0.30,-0.20,0.50,,,,,-0.30,,1.60,0.60,-2.50,-1.10,-0.60,,,-2.50,,,-1,,,-2.50,-2.70,-3.80,-1.50,-3.10,-2.90,
2008-12-31 11:50,5.50,4.69,4.67,1.58,-1.98,-1.01,0.64,4.10,3.76,2.16,4.75,3.63,0.49,4.65,5.60,-0.12,-1.89,0.42,-6.10,0.57,-0.37,4.44,-2.93,,0.35,0.91,5.57,5.21,-1.14,1.60,-3.53,0.09,2.29,-6.51,-6.15,-7.88,-3.87,-6.48,1.04,-8.08,-0.60,,-3.43,-5.55,-0.50,-4.13,-8.10,-7.66,-9.47,-9.09,-9.30,-0.33,2.11,0.80,-0.46,-1.79,1.85,-6,2.02,-0.19,-2.72,-2.50,-3.79,-4.01,-2.80,-1.64,-0.39,2.88,1.50,-1.87,2.25,-2.74,6.31,3.64,1.81,4.85,3.20,6.02,1,3.48,1.14,1.50,1.71,2.97,1.19,1.81,0.57,-1.20,-0.11,-3.08,3.85,-0.31,-0.89,0.60,0.94,0.30,0.07,-0.33,-0.41,-0.13,1.49,-2.84,0.21,-0.25,1.39,3.05,3.83,2.30,3.03,1.87,0.31,-0.27,-1.96,-2.61,-2.10,-3.19,-3.10,-1.10,-2.35,-2,-2.70,-0.72,-1.07,-0.77,-3,-1.65,0.90,-1.80,-1.54,-2.53,-3.70,,2,-5.20,-1.40,-4.60,-1.70,,,,,,,2.30,1.70,,0.40,1.20,-2.50,0.05,,,,,,,,3.10,0.90,0.70,-0.20,0.50,,,,,-0.10,,1.50,0.60,-2.50,-1.20,-0.20,,,-2.10,,,-1.20,,,-2.30,-2.50,-3.60,-1.60,-2.90,-2.70,
2008-12-31 12:00,5.50,4.69,4.77,1.48,-1.80,-0.81,0.77,4,3.63,2.61,4.57,4.07,0.47,4.71,5.67,0.31,-1.91,0.43,-5.70,0.59,-0.33,4.09,-2.12,,0.54,1.08,5.32,5.09,-0.94,1.50,-3.42,-0.09,1.59,-5.21,-5.33,-7.48,-4.05,-6.04,0.78,-7.84,-0.80,,-4.05,-5.69,-0.30,-4.01,-8.30,-7.70,-9.53,-9.12,-9.21,-0.22,1.74,0.64,-0.16,-1.53,2.03,-6.30,2.62,0.06,-2.50,-1.70,-3.69,-4.30,-2.77,-1.80,-0.29,2.81,1.70,-1.48,2.40,-2.64,6.41,3.63,2,5.03,3.20,5.72,1.21,3.61,1.31,1.60,2.14,3.28,1.36,1.79,0.72,-1.30,-0.24,-2.73,3.70,-0.21,-0.90,0.50,1.08,0.17,-0.06,-0.28,0.10,-0.20,1.71,-2.61,0.33,0.02,1.32,3.09,3.89,2.40,2.77,2,0.33,-0.23,-1.82,-2.45,-1.71,-3.18,-3,-0.80,-2.54,-1.80,-2.40,-0.58,-1.04,-0.65,-2.89,-1.60,0.90,-1.73,-1,-2.39,-3.60,4.30,0.50,-5.20,-1.40,-4.60,-1.70,1.60,0.30,-4.60,1.10,2.60,2.20,2.50,2.10,1,1,1.40,-2.30,0.10,1.90,-0.50,-0.20,0.60,4.20,1.70,3.80,3.10,1.20,0.90,-0.10,0.60,-1.30,-1,0.60,1,0.10,1.30,1.60,0.90,-2.30,-1,0,-3,-2.80,-2,-2.30,-1.40,-0.90,-0.60,-1.80,-2.40,-2.40,-2.60,-1,-2.90,-2.80,-4.50
2008-12-31 12:10,5.50,4.63,4.82,1.49,-1.70,-0.61,0.87,4.10,3.65,2.95,4.67,4.05,0.54,3.53,5.72,0.58,-2.28,0.73,-6.10,1.08,-0.16,4.13,-1.92,,0.75,1.15,5.22,5.36,-1.10,1.40,-3.60,0.27,1.50,-4.75,-5.61,-6.86,-3.85,-5.66,0.82,-7.73,-0.40,,-4.02,-5.69,-0.80,-3.69,-8.30,-7.59,-9.35,-9.07,-9.33,-0.09,1.83,0.72,0.16,-1.23,2.21,-6.30,2.96,0.13,-2.58,0.30,-3.84,-4.61,-2.96,-1.95,-0.57,2.94,1.90,-1.57,2.61,-2.72,6.22,3.60,2.04,4.93,3.20,5.24,1.13,3.53,1.42,1.60,2.25,3.36,1.05,1.83,1.13,-1,-0.33,-2.45,3.50,-0.04,-0.60,0.80,1.14,0.35,0.10,0.10,0.37,-0.12,1.90,-2.41,0.31,0.33,1.36,3.21,4.15,2.40,3.37,1.99,0.42,-0.30,-1.73,-2.28,-1.73,-3.10,-3,-0.78,-2.30,-1.56,-2.20,-0.61,-1.02,-0.67,-2.59,-1.15,1,-1.75,-1.04,-2.32,-3.60,,-0.30,-5.10,-1.20,-4.60,-1.70,,,,,,,2.50,2.30,,0.90,1.40,-1.80,0.36,,,,,,,,3.30,1.40,1,0,0.60,,,,,0.10,,1.80,0.70,-2.30,-1,-0.20,,,-1.90,,,-0.90,,,-2.30,-2.30,-2.40,-1,-2.90,-2.90,
2008-12-31 12:20,5.70,4.54,4.73,1.62,-1.60,-0.34,1.44,4.10,3.72,3.24,5.16,4.06,0.51,3.47,5.69,0.64,-2.33,0.53,-6.10,0.90,-1.02,3.34,-1.87,,0.60,0.93,5.19,5.46,-1.27,1.40,-3.78,0.42,1.21,-4.70,-6.01,-6.25,-3.79,-5.32,0.61,-7.75,-0.70,,-4.68,-5.49,-0.50,-3.54,-8.40,-7.60,-9.09,-9.06,-9.47,-0.08,2.19,0.71,0.22,-1.03,2.44,-6.40,2.83,0.16,-3.32,1.10,-4.25,-4.70,-2.79,-2.31,-0.67,2.66,1.90,-2.12,2.60,-2.52,5.97,3.34,2.18,4.96,2.90,5.02,1.20,3.24,1.80,1.60,2.33,3.66,1.09,2.05,1.57,-1,-0.65,-1.96,3.26,0.06,-0.33,0.90,0.82,0.30,0.17,0.09,0.85,-0.07,1.83,-1.99,0.17,0.91,1.34,3.35,4.27,2.40,3.26,1.90,0.33,-0.20,-1.75,-2.10,-1.93,-2.99,-2.90,-0.47,-2.32,-1.36,-2,-0.60,-1.16,-0.43,-2.55,-1.08,1.20,-1.94,-1.15,-2.09,-3.50,,-0.70,-5.10,-1.20,-4.70,-1.50,,,,,,,2.70,2.20,,1,1.90,-1.60,0.68,,,,,,,,3.30,1.70,1.20,0.30,0.80,,,,,0.30,,2,1.10,-2,-0.90,-0.10,,,-1.90,,,-0.80,,,-2.10,-2.30,-2.10,-1,-2.90,-2.80,
2008-12-31 12:30,5.40,4.49,4.47,1.56,-1.60,-0.18,1.73,4.20,3.74,3.98,5.10,3.85,0.45,3.64,5.91,0.07,-2.43,0.40,-5.90,-0.32,-1.06,2.43,-1.57,,0.96,1.03,5.35,4.93,-1.21,1.40,-3.92,0.18,1.17,-5.59,-6.03,-6.03,-3.70,-4.69,0.78,-7.74,-1.10,,-4.56,-5.41,-0.80,-3.42,-8.50,-7.68,-9.04,-9.12,-9.45,-0.14,3.16,0.43,-0.01,-0.43,2.62,-6.80,2.75,-0.08,-3.89,1.20,-4.68,-4.79,-2.70,-2.53,-0.63,2.44,2.20,-2.42,2.54,-2.49,5.74,2.36,1.93,4.79,3.30,4.86,0.91,3.08,2.02,1.70,2.58,3.54,1.69,2.02,1.87,-0.90,-0.47,-1.75,2.67,0.33,-0.36,0.80,0.62,0.37,0.10,0.37,0.84,0.10,2.14,-1.83,0.10,1.46,1.54,3.49,4.32,2.50,3.15,1.95,0.25,-0.17,-1.59,-2.12,-2.02,-2.73,-2.90,-0.38,-2.51,-1.20,-2,-0.55,-1.28,-0.28,-2.49,-1.13,1.50,-1.88,-0.98,-2.19,-3.50,,0,-5.20,-1.40,-4.60,-1.50,,,,,,,2.70,2.30,,1,1.70,-1.60,0.68,,,,,,,,3.30,2,1.30,0.20,0.90,,,,,0.40,,2,1.40,-2,-0.80,-0.10,,,-1.80,,,-0.50,,,-2.10,-2.30,-1.90,-1.10,-2.70,-2.90,
2008-12-31 12:40,5.30,4.44,4.27,1.51,-1.60,-0.15,1.32,4,3.66,4.22,5.32,3.94,0.35,3.17,5.87,0.07,-2.26,0.34,-5.60,-0.90,-1.26,1.75,-1.59,,1.43,0.80,5.23,4.58,-1.19,1.50,-4.06,0.03,1,-5.76,-6.02,-5.96,-3.65,-4.68,0.82,-7.58,-1.30,,-4.43,-5.25,-0.70,-3.47,-8.60,-7.74,-9.14,-9.14,-9.50,-0.16,3.04,0.31,-0.10,-0.28,2.46,-7.30,2.57,-0.03,-4.53,1.10,-4.88,-4.53,-2.63,-2.67,-0.77,2.31,2.50,-2.66,2.28,-2.53,5.44,2.73,1.81,4.64,3.80,4.45,0.79,3.35,2.16,1.80,2.80,3.37,1.82,1.89,1.79,-0.80,-0.14,-1.21,2.62,0.46,-0.46,1.20,0.51,0.22,0.38,0.32,0.80,0.19,1.98,-1.48,0.35,1.58,1.78,3.43,4.30,2.60,3.61,2.07,0.33,-0.12,-1.45,-2.27,-1.96,-2.91,-2.80,-0.61,-2.47,-1.25,-2,-0.57,-1.29,-0.15,-2.63,-1.15,1.80,-2.16,-0.95,-2.21,-3.50,,0.40,-5.30,-1.20,-4.90,-1.40,,,,,,,2.70,2.30,,1,1.90,-1.50,0.63,,,,,,,,3.40,2.20,1.50,0,0.80,,,,,0.50,,2.10,1.10,-1.70,-0.70,-0.30,,,-1.70,,,-0.30,,,-2,-2.20,-1.90,-1.30,-2.70,-2.90,
2008-12-31 12:50,5.10,4.40,4.21,1.50,-1.60,-0.07,1.24,4,3.73,4.43,5.55,3.66,0.22,1.76,5.80,-0.10,-2.15,0.16,-5.50,-0.69,-1.74,1.64,-2.16,,1.47,0.55,5.35,4.56,-1.29,1.40,-4.35,0.12,0.93,-5.59,-5.91,-6.06,-3.83,-4.27,0.88,-7.81,-1.30,,-4.29,-5.32,-0.90,-3.50,-8.50,-7.89,-9.17,-9.17,-9.38,-0.26,2.94,0.15,-0.56,0.11,1.97,-7.60,2.68,0.07,-4.61,0.90,-4.91,-4.53,-2.75,-3.02,-0.69,2.18,2.50,-2.75,2.30,-2.52,5.15,3.14,1.77,4.64,3.90,4.32,0.78,3.02,2.14,2,2.98,3.45,1.76,1.90,1.47,-0.60,-0.06,-0.42,2.66,0.60,-0.22,1.20,0.39,0.51,0.44,0.51,0.67,-0.03,2.03,-1.13,0.60,1.39,1.76,3.49,4.34,2.60,3.83,1.97,0.36,-0.19,-1.37,-2.40,-1.85,-3.16,-2.80,-0.48,-2.35,-1.33,-1.90,-0.50,-1.29,-0.20,-2.44,-1.29,1.90,-2.18,-1.16,-2.18,-3.50,,0.10,-5,-1.30,-4.90,-1.60,,,,,,,2.90,2,,1,1.50,-1.40,0.58,,,,,,,,3.40,2.30,1.70,0,0.80,,,,,0.70,,2.10,1,-1.70,-0.50,-0.40,,,-1.70,,,-0.20,,,-2.10,-2,-1.90,-1.40,-2.70,-2.80,
2008-12-31 13:00,5.10,4.40,4.17,1.42,-1.60,-0.21,1.26,4.20,3.55,4.17,5.51,3.67,0.10,0.98,5.66,-0.02,-2.29,0.17,-4.90,-0.65,-1.97,2.22,-2.47,,1.54,0.43,5.96,4.42,-1.50,1.10,-4.75,-0.05,0.77,-5.07,-5.94,-5.62,-3.91,-4.45,1.35,-7.86,-1.40,,-4.30,-5.43,-1.20,-3.74,-8.50,-8.05,-9.08,-9.14,-9.45,-0.57,3.16,-0.06,-1.13,0.09,1.40,-7.50,2.19,-0.26,-4.66,0.80,-5.03,-4.64,-2.93,-3.40,-0.59,2,1.90,-2.74,2.29,-2.67,5.11,2.81,1.87,4.68,3.80,4.14,0.82,2.97,2.18,2,2.91,3.61,1.44,2.05,1.54,-0.80,-0.21,-0.36,2.75,0.56,-0.15,1.10,0.05,0.28,0.28,0.66,0.63,-0.13,2.07,-0.92,1.02,1.36,1.47,3.50,4.39,2.50,4.02,2.11,0.29,-0.19,-1.27,-2.48,-1.85,-3.32,-2.90,-0.37,-2.37,-1.49,-1.90,-0.45,-1.35,-0.31,-2.35,-1.32,1.60,-2.20,-1.40,-2.16,-3.50,4.30,0,-5.20,-1.20,-5.70,-1.50,0.90,0.20,-3.40,0.30,2.80,2.30,3,2.30,1.70,1.10,1.40,-1.40,0,1.70,-0.20,0.20,0.40,5.90,2.40,3.60,3.40,2.20,1.60,0,0.60,-1,-1.30,0.90,1.10,0.60,2.40,2.10,1,-2,-0.20,-0.50,,-2.70,-1.40,-2.20,-0.90,-0.70,0,-1.20,-2,-2,-1.80,-1.60,-2.60,-2.60,-4.40
2008-12-31 13:10,5.10,4.29,4.01,1.36,-1.60,0.07,1.15,4.20,3.38,4.26,5.42,3.63,0.03,0.49,5.49,0.04,-2.26,0.27,-4.30,-0.70,-2.28,2.72,-2.14,,1.60,0.27,6.10,4.20,-1.65,1.10,-4.99,-0.16,0.61,-4.10,-5.49,-5.56,-3.63,-4.43,1.38,-7.88,-1.40,,-4.54,-5.52,-1.70,-4.05,-8.60,-8.22,-9.03,-9.12,-9.47,-0.82,3.37,-0.33,-1.70,0.65,1.05,-7.50,2.17,-0.32,-5.23,0.60,-4.88,-4.59,-3.16,-3.70,-0.52,1.86,1.60,-2.64,1.97,-2.81,4.78,1.65,1.58,4.69,3.90,4.13,0.70,2.84,2.15,2.10,2.88,3.93,1.08,2.05,1.60,-0.70,-0.18,-0.52,2.64,0.35,-0.23,1.20,0.06,-0.01,-0.01,0.65,0.59,-0.05,1.88,-1.27,1.19,1.46,1.56,3.39,4.40,2.40,4.14,2.15,0.22,-0.20,-1.22,-2.52,-1.91,-3.30,-2.90,-0.28,-2.45,-1.42,-2.10,-0.48,-1.45,-0.43,-2.39,-1.36,1.30,-2.29,-1.49,-2.01,-3.60,,0.60,-5.20,-1.20,-5.70,-1.50,,,,,,,2.80,2.20,,1,1.40,-1.40,0.02,,,,,,,,3.40,2.20,1.40,-0.10,0.60,,,,,0.60,,2.20,1.10,-2,-0.20,-0.50,,,-1.50,,,-0.90,,,-2.10,-2.40,-1.60,-1.60,-2.60,-2.70,
2008-12-31 13:20,5,4.07,4,1.29,-1.70,-0.04,1,3.90,3.15,4.44,5.35,3.70,-0.03,-0.30,5.15,-0.05,-2.19,0.45,-4,-0.98,-2.39,2.03,-1.50,,1.55,0.14,5.58,4.16,-1.81,0.90,-5.11,-0.07,0.82,-3.94,-5.36,-5.75,-3.56,-3.93,1.43,-8.04,-1.40,,-4.36,-5.76,-2.40,-4.15,-8.70,-8.21,-9.11,-9.26,-9.65,-0.92,3,-0.63,-2.52,0.62,0.80,-7.50,1.76,-0.76,-6.96,0.40,-4.99,-4.51,-3.36,-3.92,-0.70,1.40,1.30,-2.71,1.44,-2.99,4.48,1.17,1.33,4.45,4.10,3.98,0.50,2.81,2,2.20,2.89,3.99,0.66,1.97,1.74,-0.70,-0.21,-0.64,2.35,0.03,-0.32,0.90,-0.01,0.02,-0.13,0.39,0.50,-0.02,1.75,-0.91,1.04,1.31,1.49,3.31,4.38,2.30,4.33,2.13,0.09,-0.26,-1.17,-2.65,-1.94,-3.24,-3,-0.32,-2.48,-1.68,-2.30,-1.06,-1.55,-0.59,-2.24,-1.49,1.40,-2.44,-1.74,-2.07,-3.60,,0.60,-5.40,-1.20,-5.90,-1.70,,,,,,,2.80,1.80,,0.90,1.20,-1.30,-0.26,,,,,,,,3.40,2.10,1.30,-0.20,0.50,,,,,0.60,,2.20,0.90,-2.10,-0.40,-0.40,,,-1.60,,,-1.40,,,-2.10,-3,-1.60,-1.70,-2.70,-3.10,
2008-12-31 13:30,5,4,4.05,1.18,-1.90,0.16,0.62,3.70,3.06,4.65,5.45,3.62,-0.04,-0.76,4.60,-0.47,-2.43,0.21,-3.90,-1.24,-2.62,1.19,-1.57,,1.09,0,5.25,3.69,-1.98,0.70,-5.44,-0.16,0.47,-4.19,-5.53,-6.22,-3.61,-4.04,0.77,-8.38,-1.70,,-4.55,-5.92,-2.80,-4.14,-8.70,-8.23,-9.24,-9.23,-9.80,-1.27,2.77,-0.72,-3.67,0.44,0.36,-7.40,1.28,-1.16,-8.05,-0.30,-5.50,-4.55,-3.52,-4.11,-0.81,1.18,1.20,-3.02,0.97,-3.29,4.31,0.86,1.12,4.12,4,3.72,0.40,2.75,1.85,2.10,2.62,3.77,0.23,1.90,1.90,-0.60,-0.36,-0.63,2.56,-0.10,-0.29,1.10,-0.13,-0.34,-0.24,0.49,0.35,-0.11,1.65,-1.14,0.78,1.07,1.05,3.33,4.18,2.30,4.35,2.09,-0.08,-0.43,-1.17,-2.63,-2.20,-3.09,-3.10,-0.52,-2.59,-1.90,-2.50,-1.08,-1.75,-0.67,-2.21,-1.70,1.40,-2.62,-1.94,-2.18,-3.80,,0,-5.50,-1.20,-6.20,-2,,,,,,,2.80,1.70,,0.80,0.60,-1.40,-0.47,,,,,,,,3.50,1.90,1,-0.30,0.30,,,,,0.30,,1.90,0.70,-2.20,-0.40,-0.20,,,-1.60,,,-1.60,,,-2.10,-3.10,-1.70,-1.80,-2.80,-3.30,
2008-12-31 13:40,4.80,3.79,3.94,1.14,-2,0.54,0.56,2.80,2.89,4.08,5.35,3.47,-0.06,-0.87,4.55,-0.71,-2.72,0.10,-4,-1.63,-2.62,0.76,-2.22,,1.05,-0.09,4.97,3.34,-2.25,0.60,-5.68,-0.36,0.01,-4.85,-5.55,-6.10,-3.72,-4.39,0.52,-8.45,-1.60,,-4.44,-6.18,-3.90,-4.29,-8.90,-8.37,-9.26,-9.27,-9.78,-1.46,2.79,-0.96,-4.55,0.48,0.29,-7.30,0.48,-1.61,-7.80,-0.90,-5.42,-4.53,-3.77,-4.30,-1.03,0.96,0.70,-3.61,0.52,-3.47,4.20,0.69,0.64,4.07,4,3.53,0.20,2.64,1.76,2,2.43,3.58,-0.09,1.71,1.85,-0.50,-0.50,-0.62,2.89,0.04,-0.42,0.90,-0.39,-0.32,-0.39,0.37,0.01,-0.01,1.12,-1.46,0.77,1.36,0.63,3.17,4.11,2.10,4.33,1.97,-0.17,-0.55,-1.31,-2.85,-2.21,-3.17,-3.20,-0.74,-2.70,-1.98,-2.70,-1.32,-2.14,-1.24,-2.42,-1.82,1.20,-2.91,-1.88,-2.15,-4.20,,0.40,-5.10,-1.30,-6.50,-2.30,,,,,,,2.70,1.60,,0.70,0.40,-1.40,-0.62,,,,,,,,3.40,1.80,0.80,-0.40,0.20,,,,,0.20,,1.70,0.40,-2.20,-0.50,-0.20,,,-1.70,,,-2.30,,,-2.10,-3.30,-1.70,-1.90,-2.90,-3.30,
2008-12-31 13:50,4.50,3.71,3.68,1.07,-2.20,0.40,0.60,1.90,2.75,3.53,5.20,3.35,-0.12,-1.28,4.49,-0.88,-2.61,0.25,-4.40,-1.76,-2.74,0.93,-2.42,,1.14,-0.21,4.93,3.22,-2.61,0.30,-5.99,-0.52,0.08,-5.10,-5.63,-6.49,-4.07,-4.39,0.35,-8.65,-1.60,,-4.56,-6.33,-5.10,-4.71,-8.90,-8.58,-9.16,-9.31,-9.85,-1.64,2.59,-1.13,-5.35,0.45,0.03,-7.50,-0.22,-2.45,-7.72,-1.20,-5.38,-4.72,-4.08,-4.52,-1.34,0.67,0.60,-3.81,-0.27,-3.51,3.84,0.59,0.18,3.98,3.60,3.20,0,2.59,1.67,1.80,2.05,3.43,-0.51,1.49,1.67,-0.60,-0.58,-0.17,2.62,-0.14,-0.63,0.50,-0.54,-0.83,-0.51,0.01,-0.21,-0.01,0.71,-1.68,0.62,1.28,0.27,2.90,4.05,1.90,3.96,1.66,-0.36,-0.77,-1.51,-2.98,-2.47,-3.42,-3.30,-0.86,-2.92,-2.10,-2.90,-1.30,-2.35,-1.32,-2.50,-2.13,0.90,-3.16,-2.36,-2.43,-4.70,,-0.10,-4,-1.40,-6.40,-2.50,,,,,,,2.60,1.80,,0.50,0.20,-1.40,-0.75,,,,,,,,3.30,1.50,0.50,-0.50,0,,,,,0.10,,1.40,0.10,-2.20,-0.50,-0.30,,,-1.80,,,-2.50,,,-2.20,-3.60,-1.80,-2,-3,-3.50,
2008-12-31 14:00,4.50,3.55,3.62,1.12,-2.20,0.20,0.52,1.60,2.57,3.15,5.11,3.12,-0.05,-1.50,4.32,-0.83,-2.17,0.26,-4.90,-1.80,-2.86,0.84,-2.69,,0.95,-0.46,4.80,2.89,-2.98,0,-6.23,-0.82,-0.02,-5.37,-5.93,-6.57,-4.58,-4.92,-0.18,-8.64,-1.40,,-4.95,-6.37,-5.10,-5.20,-9,-8.65,-9.26,-9.44,-10.03,-1.74,1.70,-1.11,-5.83,-0.04,0.14,-7.90,-1.51,-3.19,-8.05,-1.30,-5.64,-4.90,-4.09,-4.77,-1.27,0.51,0.40,-3.84,-0.85,-3.57,3.50,0.37,-0.42,3.83,3.30,3.04,-0.10,2.46,1.45,1.70,1.52,3.15,-0.98,1.32,1.23,-0.60,-0.63,-0.63,2.17,-0.38,-0.73,-0.20,-0.86,-1.02,-0.75,-0.29,-0.37,-0.15,0.43,-2.06,0.72,0.41,0.15,2.73,3.78,1.70,3.91,0.99,-0.65,-0.97,-1.63,-3.06,-2.61,-3.96,-3.50,-1.12,-3.13,-2.35,-3.20,-1.27,-2.53,-1.53,-2.79,-2.51,0.60,-3.59,-2.34,-2.59,-5.10,2.80,-0.80,-4.10,-1.70,-6.70,-2.70,-0.20,0.30,-2.60,-0.50,2.50,1.20,2.30,1.80,0.70,-0.20,0.20,-1.50,-1,,-0.10,0.70,-0.20,4.50,2.20,2.80,3.10,1.20,0.20,-0.70,-0.90,-1.40,-1.60,0.50,0.80,-0.30,1.50,1.10,-0.10,-2.40,-0.90,-0.20,-3.70,-3.40,-2,-3.20,-2.10,-3.90,-0.20,-1.50,-2.30,-3.90,-2.50,-2.30,-3.10,-3.50,-4.90
2008-12-31 14:10,4.20,3.39,3.73,0.99,-2.20,0.27,0.38,1.40,2.51,2.78,4.67,3.08,0.10,-1.43,4.46,-0.68,-2.14,0.46,-5.30,-2.08,-2.90,0.43,-3.45,,0.73,-0.53,4,2.81,-3.35,-0.20,-6.42,-0.89,0.19,-5.90,-6.07,-6.44,-5.08,-5.31,-0.56,-9.01,-1.20,,-4.69,-6.63,-5.90,-5.42,-9,-8.63,-9.41,-9.51,-10.29,-1.90,0.84,-1.23,-6.33,-0.69,-0.01,-8.30,-2.13,-3.97,-8.53,-1.40,-6.25,-5.12,-4.32,-4.80,-1.27,0.29,0.30,-4.20,-1.35,-3.80,3.05,0.04,-0.90,3.55,2.90,2.93,-0.30,2.21,1.03,1.50,0.82,2.96,-1.26,0.89,0.81,-0.90,-0.69,-1.02,2.16,-0.61,-0.75,-0.80,-1.17,-1.34,-1.10,-0.50,-0.66,-0.38,-0.08,-2.35,0.45,-0.26,-0.06,2.58,3.46,1.40,3.35,0.38,-0.75,-1.18,-1.68,-3.22,-2.65,-4.23,-3.70,-1.73,-3.27,-2.60,-3.40,-1.72,-2.63,-2.19,-2.92,-2.54,0.50,-3.95,-2.63,-2.84,-5.60,,-1.50,-4,-1.90,-7,-3.10,,,,,,,1.90,1.30,,-0.20,0.20,-1.70,-1.30,,,,,,,,2.80,0.90,-0.60,-0.80,-1,,,,,-0.30,,0.60,-0.50,-2.40,-0.90,-0.40,,,-2.10,,,-3.90,,,-2.40,-4.40,-2.60,-2.30,-3.10,-3.50,
2008-12-31 14:20,3.90,3.15,3.63,0.93,-2.40,0.06,0.28,1.70,2.52,2.02,4.42,3.02,0.04,-1.96,4.10,-0.59,-2.30,0.58,-5.60,-2.62,-3.04,0.41,-4.47,,0.72,-0.50,3.62,2.76,-3.65,-0.60,-6.63,-1.29,0.08,-6.04,-6.69,-6.45,-5.25,-5.64,-0.90,-9.06,-0.80,,-4.98,-6.83,-5.50,-5.44,-9.10,-8.76,-9.18,-9.42,-10.50,-2.38,1.31,-1.37,-6.76,-1.02,-0.51,-8.70,-2.39,-4.67,-9.03,-1.80,-6.47,-5.31,-4.50,-4.89,-1.38,-0.03,-0.10,-4.46,-1.58,-4.03,2.77,-0.46,-1.20,3.50,2.70,2.79,-0.70,2.29,0.69,1.30,0.28,2.89,-1.63,0.77,0.32,-1.30,-0.96,-1.15,2.23,-1.08,-0.98,-1.20,-1.47,-1.79,-1.18,-0.96,-0.84,-0.61,-0.67,-2.63,-0.04,-0.83,-0.17,2.36,3.15,1,3.19,-0.12,-0.86,-1.46,-1.82,-3.47,-2.80,-4.44,-4,-2.32,-3.34,-3,-3.60,-2.12,-2.73,-2.68,-3.32,-2.84,0.30,-4.19,-2.53,-3.25,-5.90,,-2.20,-3.70,-2.30,-7.10,-3.70,,,,,,,1.60,0.80,,-0.50,-0.20,-1.90,-1.38,,,,,,,,2.50,0.60,-1.10,-1.10,-1.20,,,,,-0.40,,0.20,-0.80,-2.60,-1.10,-0.60,,,-2.20,,,-4.50,,,-2.50,-4.80,-3.10,-2.40,-3.20,-3.50,
2008-12-31 14:30,3.60,3.14,3.50,0.72,-2.40,-0.18,0.27,1.50,2.60,1.18,4.18,2.65,-0.03,-2.09,3.99,-1.04,-2.19,0.46,-5.90,-3.24,-3.16,-0.08,-4.93,,0.43,-0.52,3.59,2.61,-4.01,-0.80,-6.88,-1.63,-0.09,-6.71,-7.10,-6.46,-5.39,-5.94,-1.46,-9.30,-0.90,,-5.58,-7.01,-7.30,-5.80,-9.20,-8.72,-9.19,-9.48,-10.76,-2.66,0.88,-1.59,-7.44,-1.54,-1.58,-8.90,-3.12,-5.32,-9.97,-2,-7.54,-5.51,-4.82,-4.91,-1.76,-0.32,-0.60,-4.75,-1.74,-4.10,2.05,-1.02,-1.21,3.12,3.70,2.34,-0.90,2,0.85,0.40,-0.16,2.73,-2.12,0.54,-0.08,-1.60,-1.22,-1.42,2.16,-1.67,-1.40,-1.80,-1.88,-2.35,-1.41,-1.44,-1.17,-0.90,-1.26,-2.93,-0.71,-1.06,-0.20,1.84,2.60,0.70,3.03,-0.52,-1.07,-1.75,-1.97,-3.60,-3.10,-4.54,-4.20,-2.75,-3.46,-3.26,-3.90,-2.48,-3.06,-2.79,-3.40,-3.13,0,-4.39,-2.48,-3.64,-6.20,,-2.60,-3.70,-2.60,-7.50,-4,,,,,,,1.20,0.90,,-0.50,-0.80,-2.20,-1.73,,,,,,,,2.40,0.10,-1.40,-1.20,-1.70,,,,,-0.60,,-0.10,-1,-2.70,-1.30,-1,,,-2.30,,,-4.70,,,-2.60,-4.80,-3.50,-2.60,-3.40,-3.50,
2008-12-31 14:40,3.20,3.22,3.62,0.70,-2.50,-0.35,0.17,1.50,2.43,0.26,4.44,2.30,-0.26,-2.27,3.62,-1.38,-2.67,0.48,-6.20,-3.65,-3.36,-0.18,-5.99,,0.14,-0.57,3.24,2.25,-4.35,-1,-7.20,-1.89,-0.25,-7.44,-7.70,-6.68,-5.49,-6.32,-1.77,-9.72,-1,,-6.14,-7.22,-8.50,-6.45,-9.10,-8.78,-9.38,-9.53,-10.87,-3.16,0.59,-1.85,-7.78,-2.18,-2.21,-9.10,-4.18,-6.16,-10.39,-2.10,-7.91,-5.68,-5.24,-5.01,-2.16,-0.27,-0.90,-5.32,-1.97,-4.26,1.94,-1.41,-1.44,2.88,3.60,1.65,-1.20,1.94,0.67,0.30,-0.41,2.24,-2.50,0.10,-0.40,-1.90,-1.43,-1.58,2.19,-2.22,-1.55,-2.10,-2.35,-2.51,-1.48,-1.67,-1.45,-1.18,-1.82,-3.36,-0.90,-1.06,-0.35,1.31,2.10,0.50,2.57,-0.82,-1.24,-2,-2.37,-3.46,-3.51,-4.54,-4.30,-3.09,-3.66,-3.18,-4.30,-2.53,-3.34,-3.15,-3.68,-3.21,-0.40,-4.84,-2.73,-3.82,-6.20,,-3.10,-3.70,-3.10,-7.70,-4.30,,,,,,,0.90,-0.30,,-0.90,-1.10,-2.50,-2,,,,,,,,2,-0.10,-1.80,-1.30,-1.90,,,,,-0.80,,-0.30,-1.20,-3,-1.50,-1.60,,,-2.70,,,-5,,,-2.70,-4.90,-3.60,-2.80,-3.50,-3.70,
2008-12-31 14:50,2.30,3.02,3.82,0.53,-2.60,-0.44,-0.05,1.60,2.13,-0.50,4.37,2.06,-0.53,-2.76,3.31,-1.81,-2.85,0.66,-6.60,-3.49,-3.45,0.02,-6.51,,-0.07,-0.70,2.74,2.14,-4.73,-1.20,-7.59,-2.18,-0.23,-7.88,-8.36,-6.83,-5.76,-6.66,-2.14,-9.89,-1.10,,-6.33,-7.53,-8.50,-6.67,-9.20,-8.75,-9.41,-9.49,-11.23,-3.62,0.06,-1.83,-8.26,-2.40,-2.47,-9.20,-4.83,-6.58,-10.61,-2.30,-6.92,-5.86,-5.51,-5.12,-2.51,-0.46,-1.20,-5.69,-2.31,-4.59,1.70,-1.62,-1.45,2.48,3.50,1.18,-1.50,1.54,0.72,-0.20,-0.75,1.56,-2.82,-0.32,-0.82,-2.50,-1.65,-1.61,2.06,-2.50,-1.39,-2.50,-2.59,-2.74,-1.55,-1.88,-1.70,-1.24,-2.13,-3.71,-1.61,-1.39,-0.28,0.94,1.50,0.10,2.45,-1,-1.34,-2.25,-2.65,-3.70,-4.03,-5.10,-4.60,-3.29,-3.87,-3.35,-4.90,-2.90,-3.59,-3.75,-3.85,-3.36,-0.70,-5.16,-2.91,-3.97,-6.30,,-3.50,-3.90,-3.60,-7.70,-4.60,,,,,,,0.70,-1.40,,-1.20,-1.30,-2.60,-2.31,,,,,,,,1.60,-0.50,-1.80,-1.60,-2.40,,,,,-0.90,,-0.40,-1.50,-3.10,-1.80,-1.80,,,-2.80,,,-5.10,,,-2.80,-4.80,-4,-3,-3.60,-4,
2008-12-31 15:00,1.20,2.72,3.82,0.48,-2.60,-0.40,-0.26,2.10,2.14,-1.13,3.81,1.81,-0.63,-2.76,3.35,-2.25,-2.97,0.56,-7.20,-4.11,-3.47,-0.10,-6.57,,-0.49,-0.80,2.52,2.24,-4.97,-1.20,-8.04,-2.43,-0.36,-8,-8.77,-6.78,-6.07,-6.94,-2.35,-10.03,-1,,-6.64,-7.38,-9.80,-6.97,-9.10,-8.79,-9.32,-9.48,-11.36,-4.01,-0.46,-2.05,-8.65,-2.79,-2.93,-9.40,-4.54,-7.12,-10.55,-2.50,-8.26,-6.01,-5.53,-5.31,-2.71,-0.65,-1.10,-5.98,-2.40,-4.61,0.88,-1.80,-1.31,2.30,3.40,1.19,-1.80,1.15,0,-0.40,-0.99,1.41,-3.37,-0.29,-1.11,-2.90,-1.65,-1.71,1.79,-2.86,-2.11,-2.70,-2.94,-3.24,-1.71,-1.89,-2.10,-1.50,-2.34,-3.94,-2.17,-1.74,-0.57,0.54,1.10,-0.30,2.36,-1.20,-1.44,-2.54,-2.81,-3.76,-4.03,-5.38,-4.70,-3.48,-4.15,-3.64,-5.20,-2.81,-3.81,-4.01,-3.97,-3.41,-0.70,-5.13,-3.22,-4.23,-6.40,0.30,-3.60,-3.70,-3.90,-7.90,-4.70,,-2.80,-2.10,-2.10,1.90,-0.90,0.60,-1.10,-1.70,-1.60,-1.60,-2.70,-2.80,-1.80,-1.30,-1,-2.50,0.60,1.60,1.10,1.60,-0.60,-1.90,-1.60,-2.70,-4.20,-2.60,-1,-0.60,-1.50,-0.90,-0.50,-1.90,-3.70,-2.40,-2.20,-6.70,-5.90,-3.20,-4.20,-3.60,-4.60,-1.80,-2.50,-2.90,-4.40,-4.10,-3.30,-3.70,-3.80,-5.60
2008-12-31 15:10,0.60,2.56,3.43,0.53,-2.80,-0.54,-0.04,1.90,2.05,-1.54,4.10,1.76,-0.56,-2.88,3.15,-2.57,-2.92,0.65,-7.90,-4.15,-3.54,-0.66,-6.50,,-0.68,-0.94,3.09,2.30,-5.15,-1.30,-7.99,-2.49,-0.79,-8.05,-9.59,-6.99,-6.51,-7.12,-2.52,-10.38,-1.50,,-6.62,-7.61,-8,-7.34,-9.10,-8.79,-9.23,-9.53,-11.29,-4.24,-1.07,-2.29,-9.09,-3.04,-3.32,-9.60,-4.99,-7.71,-10.43,-3.40,-9.23,-6.13,-5.84,-5.22,-2.78,-0.82,-1.30,-6.25,-2.40,-4.65,0.35,-2.22,-1.04,2.09,3.20,1.15,-2,1.11,-0.21,-0.90,-1.29,0.63,-3.79,-0.10,-1.39,-3.10,-1.77,-1.97,1.83,-3.31,-2.88,-3.10,-3.20,-3.25,-1.77,-2.10,-2.52,-1.78,-2.80,-4.19,-2.57,-1.93,-0.88,0.45,0.96,-1,2.25,-1.38,-1.63,-2.80,-2.94,-4.17,-3.98,-5.47,-4.80,-3.51,-4.29,-3.96,-5.50,-2.83,-3.84,-3.98,-4.24,-3.34,-0.90,-5.29,-3.36,-4.43,-6.50,,-4.10,-4.50,-4.30,-7.90,-5,,,,,,,0.30,-1.50,,-1.70,-1.60,-2.80,-2.83,,,,,,,,1.30,-0.70,-1.90,-1.80,-2.70,,,,,-1.50,,-0.70,-1.90,-3.70,-2.50,-2.70,,,-3.20,,,-4.60,,,-2.90,-4.60,-4.30,-3.30,-3.70,-3.90,
2008-12-31 15:20,0,2.30,3.22,0.47,-2.90,-0.93,-0.06,1.70,1.84,-1.85,3.82,1.81,-0.62,-3.01,3.23,-2.96,-2.84,0.60,-8.50,-4.17,-3.65,-0.82,-6.82,,-0.73,-1.05,2.66,2.34,-5.33,-1.80,-7.94,-2.32,-0.92,-8.42,-9.79,-6.88,-6.93,-7.39,-2.71,-10.43,-1.90,,-6.53,-7.66,-9.10,-7.58,-9.20,-8.82,-9.18,-9.49,-11.62,-4.42,-1.53,-2.49,-9.47,-3.26,-3.72,-9.70,-5.20,-8.16,-10.68,-3.70,-9.55,-6.08,-6.13,-5.07,-2.94,-1.17,-1.60,-6.48,-2.36,-4.73,-0.30,-2.66,-1.34,1.86,2.90,0.53,-2.20,0.93,-0.28,-1.30,-1.75,0.09,-4.03,-0.27,-1.62,-3.10,-1.82,-2.19,1.69,-3.79,-2.97,-3.20,-3.61,-3.87,-2.01,-2.41,-2.54,-2.15,-2.64,-4.35,-2.97,-1.96,-1.42,0.39,0.81,-1.20,1.89,-1.53,-1.88,-3.08,-3.17,-4.30,-3.96,-5.58,-5,-3.73,-4.45,-4.20,-5.80,-2.82,-3.74,-4.22,-4.51,-3.61,-1,-5.51,-3.19,-4.67,-6.60,,-4.50,-4.70,-4.50,-8.10,-5.40,,,,,,,0.10,-1.80,,-1.90,-2,-3,-2.89,,,,,,,,1.10,-1,-1.90,-2,-2.70,,,,,-1.80,,-1,-2,-3.90,-3,-3.10,,,-3.30,,,-4.30,,,-3,-5.10,-4.60,-3.50,-3.90,-4.20,
2008-12-31 15:30,-0.40,2.62,2.55,0.54,-3.10,-1.21,-0.22,1.40,1.76,-2.29,2.55,1.77,-0.66,-3.27,3.39,-3.26,-3.59,0.82,-9.10,-4.18,-3.90,-0.79,-6.53,,-0.85,-1.12,2.28,2.08,-5.54,-2.40,-8,-2.48,-0.89,-8.76,-10.15,-6.87,-7.08,-7.75,-2.80,-10.73,-1.80,,-6.49,-7.81,-8.60,-7.75,-9.10,-8.80,-9.24,-9.56,-11.94,-4.49,-2.11,-2.56,-9.65,-3.37,-4.33,-9.70,-5.54,-8.69,-10.90,-5,-9.81,-5.96,-6.30,-5.02,-3.23,-1.32,-1.70,-6.82,-2.54,-5.04,-0.36,-3.03,-1.51,1.96,2.20,0.09,-2.30,0.62,-1.26,-1.70,-2.08,-0.07,-4.10,-0.51,-1.78,-3.70,-1.91,-2.24,1.54,-4.17,-2.88,-3.50,-3.79,-4.10,-2.46,-2.66,-2.44,-2.25,-2.73,-4.60,-3.27,-1.95,-1.78,-0.09,0.72,-1.20,1.75,-1.70,-1.94,-3.38,-3.08,-4.35,-3.92,-6.10,-5.10,-3.95,-4.55,-4.23,-5.90,-2.83,-3.63,-4.12,-4.61,-4,-1,-5.67,-3.31,-4.73,-6.70,,-4.60,-4.30,-4.80,-8.30,-5.60,,,,,,,-0.10,-2.70,,-2.20,-2.30,-3.10,-3.02,,,,,,,,1.10,-1.40,-2.10,-2.20,-2.80,,,,,-2.10,,-1.20,-2.10,-4.20,-3.10,-3.40,,,-3.20,,,-4.50,,,-3.10,-5.60,-4.60,-3.70,-3.80,-4.50,
2008-12-31 15:40,-0.80,2.54,1.69,0.44,-3.20,-1.45,-0.34,1.20,1.77,-2.46,2.11,1.78,-0.59,-3.28,3.43,-3.42,-3.78,1.25,-9.30,-4.49,-3.97,-0.88,-6.07,,-0.97,-1.31,1.64,1.59,-5.66,-2.70,-8.21,-2.73,-0.90,-9.13,-10.63,-7.10,-7.03,-7.89,-2.94,-10.88,-1.70,,-6.61,-7.96,-8.80,-7.99,-9.10,-8.72,-9.29,-9.55,-11.99,-4.77,-2.54,-2.79,-9.91,-3.76,-4.89,-9.90,-5.92,-9.17,-11,-4.50,-9.79,-5.67,-6.54,-5,-3.47,-1.68,-2,-7.03,-2.80,-5.13,0.09,-2.78,-1.86,1.79,1.80,-0.21,-2.50,0.42,-1.94,-1.60,-2.36,-0.48,-4.43,-0.69,-1.85,-4.30,-1.87,-2.34,1.39,-4.46,-2.95,-3.90,-4.08,-4.25,-2.88,-2.88,-3.03,-2.39,-2.96,-4.84,-3.91,-1.86,-1.36,-0.37,0.43,-1.40,1.23,-1.78,-2.14,-3.52,-3.73,-4.37,-3.96,-6.40,-5.10,-4,-4.79,-4.29,-6.10,-3.13,-3.63,-3.63,-4.84,-4.19,-1.10,-5.72,-3.42,-4.61,-6.70,,-4.80,-4.50,-5.10,-8.20,-5.80,,,,,,,-0.30,-2.60,,-2.20,-2.60,-3.20,-3.27,,,,,,,,0.80,-1.50,-2.10,-2.40,-3.20,,,,,-2.10,,-1.40,-2.30,-4.40,-3.50,-3.80,,,-3.20,,,-4.80,,,-3.50,-5.80,-4.80,-3.80,-4,-4.60,
2008-12-31 15:50,-1.10,2.31,1.11,0.34,-3.30,-1.96,-0.38,0.30,1.67,-2.88,1.21,1.59,-0.69,-3.34,3.53,-3.74,-3.60,1.27,-9.60,-5.20,-3.99,-0.80,-6.61,,-1.11,-1.61,1.81,2.16,-5.80,-2.90,-8.44,-3.01,-0.96,-9.62,-11.02,-7.27,-7.39,-8.29,-2.81,-10.73,-1.30,,-6.40,-7.94,-8.20,-8.20,-9.20,-8.83,-9.30,-9.60,-12.08,-4.78,-2.69,-3.26,-10.25,-4.05,-5.17,-10.10,-6,-9.57,-11.10,-4.30,-9.63,-5.55,-6.75,-4.91,-3.35,-2.14,-1.80,-7.22,-2.72,-5.16,-0.17,-2.95,-1.88,1.55,1.40,-0.24,-2.70,0.29,-2.22,-1.70,-2.50,-0.65,-4.69,-1.25,-2.22,-4.50,-2.01,-2.35,1.54,-4.81,-3.01,-4.10,-4.21,-4.36,-3.05,-2.99,-3.39,-2.75,-3.01,-5.17,-4.12,-1.76,-0.79,-0.62,0.30,-1.60,0.75,-1.89,-2.24,-3.58,-4.26,-4.42,-4.34,-6.41,-5.20,-4.15,-4.99,-4.23,-6.40,-3.27,-3.76,-3.66,-5.30,-4.31,-1.30,-5.51,-3.19,-4.59,-7,,-4.80,-4.40,-5.20,-8.10,-6.10,,,,,,,-0.50,-2.50,,-2.40,-2.80,-3.20,-3.49,,,,,,,,0.60,-1.70,-2.20,-2.50,-3.30,,,,,-2.30,,-1.40,-2.50,-4.70,-4,-4,,,-3.20,,,-4.30,,,-3.60,-5.60,-5.10,-4,-4,-4.70,
2008-12-31 16:00,-1.30,2.30,0.54,0.34,-3.40,-2.30,-0.38,-0.60,1.64,-3.14,0.78,1.74,-0.75,-3.27,3.35,-4.11,-3.88,1.50,-10,-4.70,-3.85,-0.89,-7.10,,-1.28,-1.87,1.62,2.34,-5.97,-3,-8.50,-3.73,-1.14,-9.92,-11.23,-7.39,-7.32,-8.39,-2.65,-10.70,-0.80,,-7.47,-8.07,-9,-8.38,-9.20,-8.81,-9.27,-9.62,-12.25,-4.95,-2.90,-3.79,-10.26,-4.16,-5.20,-10.20,-5.99,-9.86,-11.32,-3.80,-9.38,-5.13,-7,-4.72,-3.29,-2.28,-2.30,-7.31,-2.66,-5.24,-0.64,-3.35,-2.14,1.28,0.80,-0.42,-2.70,0.56,-1.85,-1.83,-2.62,-0.85,-4.80,-1.13,-2.54,-4.50,-2.17,-2.40,1.53,-5.11,-3.20,-4.30,-4.40,-4.67,-3.17,-3.25,-3.33,-3,-2.58,-5.39,-4.48,-1.83,-0.66,-0.84,0.24,-1.60,0.20,-1.91,-2.53,-3.95,-4.98,-4.66,-4.91,-6.82,-5.20,-4.40,-5.12,-4.22,-6.40,-3.21,-3.70,-3.74,-5.63,-4.45,-1.50,-5.57,-3.17,-4.43,-7.10,0.30,-5.10,-3.70,-5.50,-8.20,-6.40,,-3.90,0,-2.80,1.10,-1.60,-0.60,-2.30,-3.10,-3,-3,-3.20,-3.80,,-1.90,-2.70,-4.30,-0.20,0.40,0.20,0.40,-1.80,-2.60,-2.70,-3.20,-5.90,-4.10,-4.40,-2.60,-2.60,-2.10,-1.50,-2.60,-5,-4.60,-4.30,-7.70,-7.60,-3.40,-5.30,,-5.40,-2.30,-3.10,-3.70,-5.20,-5.50,-4.40,-4.70,-5.30,-7.30
2008-12-31 16:10,-1.50,2.06,0.18,0.07,-3.60,-2.67,-0.51,-1,1.60,-3.34,0.32,1.49,-0.70,-3.38,3.49,-4.04,-3.41,1.62,-10.70,-5.19,-3.79,-1.35,-6.95,,-1.32,-1.95,1.59,2.02,-6.08,-3,-8.72,-4.10,-1.13,-10.42,-11.54,-7.62,-7.69,-8.61,-2.91,-10.87,-0.50,,-7.08,-8.07,-9.60,-8.61,-9.20,-8.91,-9.35,-9.64,-12.42,-4.98,-3.23,-4.10,-10.26,-4.57,-5.52,-10.20,-6.39,-10.11,-11.34,-4.20,-9.33,-5.01,-7.18,-4.81,-3.44,-2.40,-3,-7.43,-2.57,-5.18,-0.74,-3.76,-2.23,0.79,0.60,-0.35,-2.68,0.72,-1.33,-2.50,-3,-1.09,-4.99,-1.09,-2.67,-4.80,-2.18,-2.67,1.26,-5.54,-3.50,-4.60,-4.75,-4.90,-3.29,-3.58,-3.25,-3.35,-2.24,-5.49,-4.68,-1.84,-0.85,-1.03,-0.01,-1.60,0.11,-1.97,-2.79,-3.87,-5.47,-4.76,-4.83,-7.15,-5.30,-4.44,-5.43,-4.29,-6.20,-3.10,-3.68,-3.76,-5.82,-4.44,-1.50,-5.78,-3.33,-4.45,-7,,-5.40,-3.70,-5.70,-8.10,-6.50,,,,,,,-0.70,-3.70,,-3,-3.10,-3.30,-3.96,,,,,,,,0,-1.90,-2.80,-2.90,-3.20,,,,,-2.70,,-1.70,-2.80,-5,-4.60,-4.70,,,-3.40,,,-5.40,,,-3.70,-4.80,-5.60,-4.40,-4.80,-5.20,
2008-12-31 16:20,-1.90,2.26,0.02,-0.10,-3.60,-2.72,-0.29,-1.20,1.76,-3.69,-0.14,1.27,-0.73,-3.39,3.74,-4.16,-3.33,1.64,-10.90,-4.94,-3.83,-1.19,-6.83,,-1.56,-2.11,1.51,1.91,-6.12,-3.20,-8.84,-4.51,-1,-10.73,-11.51,-7.96,-7.86,-8.86,-2.99,-10.83,-0.80,,-6.70,-8.16,-8.80,-8.81,-9.20,-8.92,-9.34,-9.63,-12.74,-4.88,-3.28,-4.18,-10.22,-4.73,-5.83,-10.20,-6.65,-10.42,-11.26,-3.60,-9.39,-4.83,-7.33,-4.76,-3.31,-2.48,-3.50,-7.72,-2.82,-5.34,-1.09,-4.09,-2.22,0.68,0.40,-0.62,-2.86,0.80,-1.64,-3.20,-3.04,-1.83,-5.30,-1.25,-2.88,-5.10,-2.40,-2.75,1.21,-5.91,-3.83,-4.90,-5.12,-4.95,-3.57,-3.70,-3.40,-3.73,-1.92,-5.66,-5,-1.66,-1.19,-1.17,-0.11,-1.30,-0.47,-1.78,-2.91,-3.91,-5.81,-4.86,-5.19,-7.49,-5.50,-4.43,-5.63,-4.43,-6.10,-2.81,-3.48,-4.70,-6.13,-4.51,-1.60,-6.03,-3.60,-4.43,-7.20,,-5.70,-3.80,-5.90,-8.20,-6.70,,,,,,,-0.80,-3.30,,-3,-3.40,-3.30,-4.41,,,,,,,,0.20,-2.20,-3.10,-3.30,-2.80,,,,,-3.40,,-1.80,-3.30,-4.80,-5,-4.90,,,-3.50,,,-5.80,,,-3.80,-4.40,-5.70,-4.50,-5,-5.20,
2008-12-31 16:30,-2,2.38,-0.11,-0.14,-3.70,-2.52,-0.45,-1.40,1.56,-3.65,-0.44,0.95,-0.64,-3.08,3.55,-4.24,-3.69,1.64,-11,-5.51,-4.02,-1.05,-7.38,,-1.68,-2.16,1.22,1.58,-6.23,-3.40,-8.78,-5.09,-0.82,-10.88,-11.50,-8.13,-7.81,-8.89,-3.11,-10.64,-1.10,,-7.94,-8.22,-9.40,-9.04,-9.20,-8.84,-9.32,-9.57,-12.83,-5.06,-3.08,-4.12,-10.56,-4.85,-6.23,-10.10,-6.67,-10.69,-11.07,-5.30,-8.84,-4.83,-7.63,-4.78,-3.42,-2.34,-3.50,-7.83,-3.39,-5.55,-0.38,-4.23,-2.20,0.61,-0.20,-0.89,-2.97,0.99,-2.13,-3.10,-2.83,-2.48,-5.38,-1.18,-3.01,-5.40,-2.56,-2.87,0.92,-6.18,-3.93,-5.10,-5.25,-5.30,-3.50,-3.49,-3.68,-4.01,-1.95,-5.74,-5.28,-1.73,-1.48,-1.08,-0.39,-1,-0.79,-1.50,-3.09,-3.95,-6.12,-5,-5.83,-7.90,-5.50,-4.58,-5.64,-4.63,-6.40,-2.93,-3.43,-5.13,-6.15,-4.47,-1.80,-6.32,-3.77,-4.39,-7.20,,-5.70,-4.10,-6.20,-8.60,-6.90,,,,,,,-0.90,-3,,-3.10,-3.70,-3.60,,,,,,,,,0.10,-2.40,-2.90,-3.50,-2.70,,,,,-3.60,,-2,-3,-4.10,-5.40,-5.10,,,-3.70,,,-6.10,,,-3.80,-4.20,-6,-4.60,-5,-5.70,
2008-12-31 16:40,-2.20,2.51,-0.35,-0.12,-3.70,-2.40,-0.41,-1.60,1.65,,-0.37,0.60,-0.46,-3.32,2.80,-4.24,-3.75,1.56,-11.30,-5.50,-3.94,-0.95,-7.31,,-1.86,-2.08,1.02,1.74,-6.40,-3.60,-8.90,-5.32,-1.20,-11.32,-11.77,-8.28,-7.87,-8.86,-3.04,-10.55,-0.90,,-7.73,-8.53,-10.50,-9.01,-9.20,-8.93,-9.43,-9.52,-12.95,-5.13,-3.22,-4.02,-10.95,-5,-6.22,-10.10,-6.38,-11,-10.86,-6.90,-7.54,-4.79,-7.80,-4.86,-3.55,-2.41,-3.30,-8,-3.46,-5.83,-0.44,-4.54,-2.39,0.58,-0.60,-0.98,-3.20,0.88,-2.73,-3.90,-2.74,-2.45,-5.33,-1.19,-3.11,-5.60,-2.67,-3.04,0.04,-6.34,-4.04,-5.30,-5.36,-5.27,-3.61,-3.42,-3.55,-4.28,-2.02,-6.03,-5.69,-1.77,-1.49,-1.20,-0.60,-1,-0.93,-1.48,-3.26,-4.25,-6.34,-4.96,-6.15,-7.82,-5.40,-4.68,-5.42,-4.98,-6.60,-3.17,-3.42,-5.22,-6.12,-4.48,-2,-6.37,-3.98,-4.34,-7.30,,-5.80,-4.10,-6.30,-8.60,-7,,,,,,,-1.10,-3.20,,-3.30,-4,-3.60,,,,,,,,,0,-2.60,-3.10,-3.70,-2.70,,,,,-3.70,,-2.10,-2.80,-3.80,-5.60,,,,-4,,,-6.50,,,-3.70,-4,-6.20,-4.70,-5,-5.30,
2008-12-31 16:50,-2.40,2.35,-0.26,-0.09,-3.80,-2.56,-0.52,-1.90,1.67,,-0.37,0.32,-0.59,-3.76,2.99,-4.32,-3.80,1.35,-11.50,-5.22,-3.96,-0.76,-7.56,,-2.07,-2.10,0.67,1.65,-6.42,-3.80,-8.87,-5.55,-1.32,-11.27,-11.74,-8.40,-8.08,-8.80,-2.58,-10.61,-0.90,,-7.28,-8.38,-10.20,-8.98,-9.20,-8.99,-9.48,-9.55,-13.09,-5.29,-3.42,-4.20,-11.11,-5.13,-6.45,-10.10,-6.83,-11.12,-10.83,-7.70,-8.38,-4.62,-7.95,-4.94,-3.75,-2.80,-3.10,-8.26,-3.75,-5.93,-0.85,-4.80,-2.49,0.69,-1.20,-1.35,-3.36,0.97,-2.10,-3.70,-2.71,-2.35,-5.32,-1.55,-3.52,-5.80,-2.84,-2.87,-0.05,-6.72,-4.19,-5.30,-5.78,-5.32,-3.77,-3.66,-3.51,-4.57,-2.29,-6.25,-5.87,-1.81,-1.71,-1.53,-0.74,-1.10,-1.08,-1.59,-3.45,-4.24,-6.56,-5.14,-6.05,-7.90,-5.50,-4.64,-5.64,-5.15,-7.10,-3.37,-3.60,-5.57,-6.16,-4.19,-2.10,-6.36,-4.22,-4.33,-7.40,,-6,-4.30,-6.40,-8.70,-7.30,,,,,,,-1.20,-4.40,,-3.40,-4.10,-3.60,,,,,,,,,-0.10,-2.90,-3.10,-3.50,-2.80,,,,,-3.40,,-2.20,-2.90,-3.80,-5.60,-5.60,,,-4.30,,,-6.70,,,-3.70,-3.90,-6.40,-4.80,-4.80,-5.10,
2008-12-31 17:00,-2.60,2.16,1.01,-0.19,-4.10,-2.51,-0.30,-2.20,1.52,-3.93,-0.67,0.41,-0.72,-3.55,2.86,-4.29,-3.84,1.50,-11.50,-5.55,-3.99,-0.49,-7.49,,-2.10,-2.27,0.41,1.73,-6.52,-3.90,-8.86,-5.62,-1.46,-11.47,-11.97,-8.74,-8.43,-8.95,-2.50,-10.68,-1.10,,-6.53,-8.31,-10,-9.14,-9.20,-9.09,-9.46,-9.49,-13.26,-5.63,-3.71,-4.24,-11.19,-5.37,-7.20,-10.10,-6.28,-11.26,-11.22,-8.30,-9,-4.90,-8.13,-4.86,-3.70,-2.40,-3.50,-8.46,-4.04,-5.93,-1.54,-4.87,-2.56,0.71,-0.70,-1.89,-2.98,1.24,-1.69,-3.20,-2.99,-2.36,-5.64,-1.49,-3.85,-5.80,-3.16,-3.21,-0.04,-7.09,-4.32,-5.60,-5.80,-5.35,-3.57,-3.44,-3.74,-4.78,-2.57,-6.58,-6.03,-1.82,-1.75,-2.02,-0.88,-1.10,-1.25,-1.56,-3.44,-4.68,-6.73,-5.09,-6.17,-7.96,-5.70,-4.83,-5.91,-5.21,-7.60,-3.73,-3.91,-6.07,-6.28,-4.15,-2.20,-6.33,-4.26,-4.18,-7.60,-2.30,-6.10,-4.50,-6.60,-8.90,-7.60,,-5.60,-0.90,-3.70,0.60,-2.80,-1.50,-4.50,-4.40,-3.70,-4.30,-3.80,-4.90,,-3.20,-5.20,-6,-1.60,-0.50,0.10,0,-2.90,-3.10,-3.60,-2.80,-7,-4.50,-4.90,-1.50,-3.70,-1.80,-2.40,-2.80,-3.80,-5.80,-5.80,-9.10,-8.10,-4.40,-6.30,-5.40,-7.20,-2.90,-3.80,-3.80,-3.60,-6.60,-4.80,-5.10,-5.20,-6.60
2008-12-31 17:10,-2.80,1.82,1.24,-0.26,-4.30,-2.44,-1.22,-2.50,1.55,-3.81,-0.57,0.12,-0.89,-3.67,2.66,-4.49,-4.83,1.70,-11.50,-5.46,-3.89,-0.18,-7.40,,-2.35,-2.46,0.31,1.38,-6.57,-3.90,-9.05,-5.84,-0.89,-11.70,-12.19,-8.89,-8.65,-9.16,-2.91,-10.66,-1.20,,-5.89,-8.43,-9.80,-9.42,-9.10,-9.18,-9.41,-9.48,-13.34,-6.07,-3.95,-4.51,-11.47,-5.70,-7.27,-10,-6.50,-11.49,-12.13,-8.10,-9.20,-5,-8.43,-4.98,-3.60,-2.51,-3.20,-8.44,-4.26,-6.19,-1.77,-4.81,-2.73,0.65,-1,-2.20,-2.91,0.78,-1.67,-2.80,-3.12,-2.38,-5.68,-1.46,-4.11,-5.90,-3.37,-3.60,0.04,-7.27,-4.40,-5.80,-5.98,-5.39,-3.45,-3.34,-3.67,-4.97,-2.82,-6.96,-6.14,-1.88,-2,-2.36,-1.12,-1.10,-1.46,-1.50,-3.61,-4.93,-6.83,-5.18,-6.65,-7.70,-5.80,-5.14,-6.19,-5.62,-7.70,-4.14,-3.86,-6.30,-6.49,-4.18,-2.50,-6.35,-4.19,-4.19,-7.50,,-6.30,-4.60,-6.80,-9.20,-7.70,,,,,,,-1.50,-4.80,,-3.70,-4.30,-3.80,-5,,,,,,,,-0.20,-2.90,-3.10,-3.70,-2.80,,,,,-3.70,,-2.50,-2.90,-3.80,-5.80,-6.10,,,-4.40,,,-7.20,,,-3.80,-3.70,-6.50,-4.80,-5.20,-5.30,
2008-12-31 17:20,-3,2.30,1.67,-0.14,-4.50,-2.75,-1.75,-2.70,1.52,-3.83,-0.64,0.27,-0.87,-3.67,1.89,-4.38,-5.10,1.62,-11.50,-5.23,-3.96,-1.01,-7.98,,-2.46,-2.59,-0.03,1.50,-6.55,-4.10,-9.17,-6.16,-0.09,-11.67,-12.37,-8.98,-8.60,-9.29,-3.21,-10.48,-1.10,,-5.67,-8.44,-9.50,-9.63,-9.10,-9.13,-9.27,-9.52,-13.48,-6.35,-4.23,-4.64,-11.66,-5.86,-7.67,-9.90,-6.86,-11.69,-12.13,-7.60,-9.34,-4.90,-8.58,-4.97,-3.70,-2.71,-3.30,-8.33,-4.03,-6.42,-2.21,-4.94,-3,0.49,-1.30,-1.98,-3.26,0.71,-1.87,-2.70,-2.87,-2.70,-5.94,-1.62,-4.20,-5.60,-3.78,-3.74,0.11,-7.56,-4.56,-5.70,-6.34,-5.46,-3.48,-3.49,-3.91,-5.19,-2.83,-7.27,-6.31,-2.25,-1.88,-2.23,-1.31,-1,-1.83,-1.34,-3.97,-4.82,-7.06,-5.30,-6.79,-8.25,-6,-5.55,-6.21,-5.90,-7.60,-4.11,-3.54,-6.62,-6.90,-4.22,-2.50,-6.65,-4.42,-4.33,-7.20,,-6.20,-4.70,-7.10,-9,-7.80,,,,,,,-1.80,-5.20,,-3.80,-4.30,-4.10,-5.29,,,,,,,,-0.30,-2.80,-3,-3.50,-3,,,,,-4.10,,-2.70,-2.90,-3.90,-5.90,-6.20,,,-4.40,,,-7.30,,,-3.80,-4.40,-6.60,-4.50,-5,-6,
2008-12-31 17:30,-3.10,2.33,1.80,-0.31,-4.60,-2.83,-2.45,-2.90,1.63,-3.86,-0.75,0.20,-0.85,-3.96,1.32,-4.43,-4.71,1.63,-11.40,-5.71,-3.89,-1.01,-8.76,,-2.62,-2.69,-0.44,1.50,-6.54,-4.50,-9.08,-6.23,-0.01,-11.96,-12.49,-9.05,-8.49,-9.33,-3.19,-10.38,-1.30,,-5.15,-8.42,-10,-9.70,-9.10,-9.09,-9.27,-9.51,-13.54,-6.28,-4.48,-4.78,-11.87,-6.03,-7.78,-9.90,-7.31,-12.03,-11.56,-7.60,-9.90,-4.83,-8.60,-5.11,-3.89,-2.98,-3.70,-8.55,-4.33,-6.46,-2.06,-4.92,-3.09,0.59,-1.70,-1.74,-3.22,0.68,-1.79,-2.70,-2.79,-3.13,-6.18,-1.65,-4.51,-5.60,-4.42,-3.86,0.42,-7.83,-4.81,-5.90,-6.35,-5.51,-3.61,-3.70,-4.71,-5.31,-2.87,-7.13,-6.56,-2.64,-2.24,-2.38,-1.40,-1,-1.82,-1.37,-4.35,-4.85,-7.03,-5.19,-6.46,-7.77,-6.20,-5.73,-6.17,-6.21,-7.50,-3.90,-3.70,-6.88,-6.77,-4.39,-2.30,-6.94,-4.09,-4.37,-7.40,,-6.40,-4.80,-7.30,-8.90,-7.90,,,,,,,-1.80,-4.90,,-3.90,-4,-4.40,-5.52,,,,,,,,-0.20,-2.80,-3,-3.20,-2.90,,,,,-4.10,,-2.80,-3,-3.90,-6.20,-6.30,,,-4.80,,,-7.40,,,-3.80,-5.10,-6.70,-4.50,-5.40,-6.10,
2008-12-31 17:40,-3.40,1.77,1.67,-0.50,-4.70,-2.88,-2.66,-3.10,1.53,-4.37,-0.86,0.28,-0.96,-3.66,0.53,-4.62,-4.52,1.53,-11.10,-5.34,-4.01,-1.82,-8.27,,-2.86,-2.81,-0.57,1.23,-6.61,-4.70,-9.04,-6.38,-0.27,-12.16,-12.76,-9.32,-8.82,-9.32,-3.04,-10.27,-1.60,,-5.17,-8.37,-10.20,-10.13,-9.10,-9.08,-9.33,-9.51,-13.62,-6.70,-4.63,-5.02,-11.98,-6.07,-8.28,-9.90,-7.62,-11.96,-11.02,-7.90,-10.39,-4.63,-8.69,-5.20,-4.08,-2.84,-3.80,-8.80,-4.56,-6.64,-1.97,-5.31,-3.19,0.15,-2,-2.07,-3.13,0.53,-1.88,-2.90,-3.13,-3.11,-6.29,-1.64,-4.81,-5.40,-4.50,-4.09,0.48,-8.12,-5.09,-6.20,-6.29,-5.79,-3.47,-3.83,-4.65,-5.31,-2.50,-7.22,-6.85,-2.79,-2.94,-2.57,-1.50,-1.20,-1.81,-1.48,-4.67,-5.04,-7.12,-5.25,-6.66,-8.14,-6.30,-5.91,-6.01,-6.46,-7.80,-3.27,-3.78,-6.98,-6.68,-4.52,-2.30,-7.11,-4.20,-4.44,-7.60,,-6.40,-4.50,-7.30,-9.10,-8,,,,,,,-2,-5.20,,-4.20,-4.10,-4.60,-5.67,,,,,,,,-0.20,-2.60,-3.20,-3.20,-3.20,,,,,-3.50,,-2.90,-3.30,-4.10,-6.50,,,,-4.70,,,-7.70,,,-3.90,-5.60,-6.60,-4.60,-5.80,-6,
2008-12-31 17:50,-3.50,1.82,1.61,-0.69,-4.70,-2.79,-2.82,-3.60,1.54,-5.02,-0.81,0.23,-0.89,-3.40,-0.37,-4.45,-4.22,1.38,-11.10,-5.91,-4.26,-1.68,-7.76,,-2.99,-2.77,-0.76,1.22,-6.68,-4.90,-9.04,-6.60,-0.62,-12.21,-12.86,-9.53,-8.53,-9.38,-2.91,-10.25,-1,,-5.36,-8.34,-11.10,-10.06,-9.10,-9.03,-9.30,-9.54,-13.77,-6.58,-4.85,-5.22,-12.22,-6.24,-8.42,-9.90,-8.21,-12.15,-10.57,-8.10,-9.85,-4.65,-8.85,-5.58,-3.80,-2.87,-3.70,-8.99,-4.49,-6.79,-2.20,-5.67,-3.82,-0.16,-2.10,-2.35,-3.25,0.46,-1.96,-3.20,-3.41,-3.26,-6.65,-1.88,-4.70,-6.40,-4.13,-4.25,0.12,-8.19,-5.17,-6.20,-6.49,-5.73,-3.51,-3.94,-4.52,-5.13,-2.38,-7.77,-6.93,-2.94,-3.14,-2.91,-1.69,-1.50,-1.71,-1.69,-4.73,-5.06,-7.54,-5.50,-7.08,-7.47,-6.30,-6.02,-5.68,-6.22,-8.10,-3.30,-3.66,-6.91,-6.51,-4.39,-2.80,-7.18,-4.17,-4.32,-7.30,,-6.50,-4.50,-7.40,-9,-8.10,,,,,,,-2.50,-5.70,,-4.40,-4,-4.90,-5.76,,,,,,,,-0.30,-2.70,-3.30,-3.30,-3.60,,,,,-4,,-2.90,-3.60,-4.30,-6.50,-6.30,,,-4.80,,,-7.90,,,-3.80,-6,-6.70,-4.40,-6.20,-6,
2008-12-31 18:00,-3,1.81,1.09,-1,-5,-2.87,-2.96,-3.70,1.53,-5.11,-0.96,0.38,-1.03,-4,-0.24,-6,-5,1.19,-11,-5.68,-4,-0.82,-7.84,-1,-3,-3,-0.91,1.41,-7,-5,-10,-6.95,-0.58,-11,-12.82,-9,-8,-10,-3,-10,-2,-6,-6,-8,-10.40,-10.36,-9,-9.11,-9.08,-9.57,-13,-7,-4.83,-5.38,-11.89,-6,-8,-10,-9,-12.40,-10.97,-8,-9.54,-4.29,-9.05,-5.17,-4.03,-3.03,-3.70,-9.05,-4.66,-6.84,-2.53,-6.05,-3.99,-0.52,-1.90,-2.63,-3.49,0.27,-5,-3,-3.51,-3.43,-6.90,-1.80,-7,-6.80,-4.26,-4.47,0.07,-8.38,-6,-6.40,-6.67,-5.78,-3.58,-4.09,-4.52,-5.17,-2.55,-7.44,-7.05,-3.28,-2.95,-3.43,-1.72,-1.90,-1.85,-1.70,-4.83,-5.46,-7.70,-5.66,-7.29,-7.04,-6.40,-5.73,-5.67,-6.18,-8.20,-3.37,-3.75,-7.16,-6.71,-4.10,-2.30,-7.10,-4,-4.29,-6.90,-4,-7,-4,-7.40,-8.80,-8.20,-2.20,-7.10,0,-4.60,0,-3.70,-2.50,-5,-5.60,-4.80,-4.10,-5.10,-5.80,,-3.70,-4.40,-6.80,-2.20,-1,0.60,-0.40,-2.80,-3.20,-3.30,-3.90,-7.90,-5.30,-6.30,-1.70,-4,-4.20,-2.90,-4.10,-4.60,-6.70,-5.90,-9.20,-9.50,-4.80,-5.50,-6.20,-7.80,-3.10,-4.50,-3.80,-6.10,-6.60,-3.30,-5.80,-5.90,-6.80
2008-12-31 18:10,-3.80,1.60,0.54,-0.79,-5,-2.97,-3.07,-3.80,1.57,-5.49,-0.97,0.37,-0.97,-3.73,0.62,-4.29,-4.86,1.08,-11.30,-5.86,-4.40,-0.14,-8.21,,-3.40,-2.81,-0.77,1.56,-6.67,-5.40,-9.10,-7.12,-0.49,-12.70,-12.92,-10.60,-8.56,-9.47,-2.87,-10.22,-0.70,,-4.70,-8.48,-10,-10.16,-9.10,-8.98,-9.26,-9.59,-13.68,-5.62,-4.83,-5.86,-12,-6.90,-9.01,-9.90,-8.99,-12.51,-10.37,-8.20,-9.70,-4.01,-9.30,-4.96,-4.22,-3.28,-4.30,-9.22,-4.49,-7.16,-2.83,-6.35,-4.16,-0.60,-1.90,-2.76,-3.58,0.08,-1.89,-2.80,-3.75,-3.27,-6.95,-1.51,-5.29,-6.90,-4.42,-4.63,0.07,-8.53,-5.69,-6.40,-6.47,-5.78,-3.95,-4.21,-4.51,-5.22,-2.49,-7.44,-7.38,-3.46,-3.05,-3.63,-1.66,-2.10,-1.74,-1.36,-4.76,-5.86,-7.04,-5.76,-7.46,-7.55,-6.50,-6.11,-5.88,-6.08,-8.40,-3.70,-3.82,-7.57,-6.71,-3.94,-3,-7.13,-4.73,-4.19,-6.90,,-6.70,-3.80,-7.60,-8.90,-8.20,,,,,,,-2.40,-5.10,,-4.90,-4.10,-5.20,-5.94,,,,,,,,-0.60,-3,-3.20,-3.40,-3.90,,,,,-4.10,,-3.10,-4.60,-4.70,-6.60,-6.20,,,-4.90,,,-7.80,,,-3.60,-6.30,-6.70,-3.30,-5.90,-5.90,
2008-12-31 18:20,-4,1.42,0.75,-0.78,-5.10,-2.90,-2.72,-3.80,1.43,-5.87,-0.99,0.14,-0.89,-4.19,0.24,-4.31,-4.86,0.95,-11.30,-6.15,-4.09,-1.06,-9.31,,-3.57,-2.80,-0.99,1.36,-6.69,-5.70,-9.16,-7.30,-0.22,-12.87,-13.21,-10.09,-9.08,-9.46,-2.92,-10.23,-0.20,,-4.98,-8.24,-10.50,-10.09,-9.10,-8.91,-9.11,-9.50,-13.58,-5.30,-5.05,-6.26,-11.97,-6.92,-9.47,-10,-9.18,-12.78,-9.90,-8.60,-10.52,-4.12,-9.22,-4.91,-4.21,-3.45,-4,-9.30,-4.93,-7.32,-2.92,-6.69,-4.40,-0.94,-2.30,-2.60,-3.81,0.27,-2.31,-2.80,-4.15,-3.26,-6.80,-1.35,-5.27,-7,-4.59,-4.75,-0.15,-8.87,-5.85,-6.60,-6.26,-5.83,-4.12,-4.47,-4.52,-5.27,-2.78,-7.34,-7.44,-3.59,-3.10,-3.67,-1.80,-2.40,-1.68,-1.19,-4.87,-6.06,-6.76,-5.95,-7.69,-7.85,-6.50,-6.40,-6.28,-6.59,-8.60,-3.70,-3.78,-7.40,-6.89,-3.74,-3.10,-7.27,-4.58,-4.27,-7,,-6.80,-3.80,-7.80,-8.90,-8.40,,,,,,,-2.30,-5.60,,-5.40,-4.10,-5.30,-5.95,,,,,,,,-0.70,-3.20,-3.30,-3.50,-4,,,,,-4.20,,-3.20,-4.80,-4.80,-6.50,-6.50,,,-5.20,,,-8.10,,,-3.60,-6.20,-7,-2.70,-6.10,-6,
2008-12-31 18:30,-4.20,1.12,1.29,-0.94,-5.30,-3.01,-2.71,-4,1.46,-5.86,-0.95,0.17,-0.86,-4.14,0.28,-4.16,-5.15,0.91,-11.40,-6.05,-4,-1.57,-9.37,,-3.82,-2.89,-0.96,0.43,-6.73,-6.10,-9.24,-7.42,-0.13,-13.65,-13.20,-9.97,-9.31,-9.69,-3.22,-10.05,0.20,,-5.15,-8.40,-10.50,-9.92,-9.10,-8.99,-9.22,-9.48,-13.53,-5.45,-5.24,-6.68,-12.12,-7.18,-9.57,-9.90,-8.99,-12.99,-9.59,-8.70,-11.12,-4.16,-9.19,-4.98,-4.05,-3.84,-4.40,-9.43,-5.16,-7.35,-3.05,-6.89,-4.63,-1.23,-2.80,-2.71,-3.92,0.07,-2.48,-2.80,-4.37,-3.55,-6.98,-1.42,-5.33,-6.90,-4.66,-4.65,-0.65,-9.01,-5.98,-6.90,-6.23,-5.87,-4.37,-4.61,-4.67,-5.56,-3.04,-7.38,-7.56,-3.87,-3.52,-3.53,-1.96,-2.50,-1.77,-1.03,-4.89,-6.24,-6.83,-5.98,-7.66,-7.86,-6.70,-6.44,-6.69,-6.95,-8.40,-3.84,-3.86,-7.61,-7.19,-3.54,-2.80,-7.41,-4.73,-4.38,-6.80,,-7,-3.50,-8,-8.90,-8.60,,,,,,,-2.30,-6.10,,-5.30,-4,-5.70,-6,,,,,,,,-0.80,-3.30,-3.30,-3.40,-3.90,,,,,-4.70,,-3.30,-4.80,-4.80,-6.60,-6.60,,,-5.30,,,-8.10,,,-3.60,-5.90,-6.90,-2.70,-6.50,-6.30,
2008-12-31 18:40,-4.40,1.23,1.27,-1.12,-5.40,-3.22,-2.80,-4.20,1.65,-6.20,-1.08,0.19,-0.69,-4.58,0.93,-4.18,-5.16,0.98,-11.60,-6.21,-4.02,-1.38,-9.49,,-3.89,-2.91,-0.90,0.37,-6.74,-6.30,-9.32,-7.43,-0.05,-13.52,-13.46,-10.85,-9.37,-9.96,-3.20,-10.06,-0.10,,-5.84,-8.37,-10.60,-9.99,-9.10,-9.05,-9.36,-9.60,-13.50,-5.60,-5.33,-7.02,-12.25,-7.19,-9.73,-10,-9.43,-13.12,-9.55,-8.60,-11.44,-4.28,-9.36,-4.88,-3.98,-4.22,-4.90,-9.48,-5.08,-7.34,-3.29,-7.01,-4.82,-1.34,-2.70,-2.47,-4.28,0.27,-2.25,-2.66,-4.61,-3.68,-7.14,-1.42,-5.57,-7.10,-4.72,-4.76,-0.97,-9.26,-6.15,-7,-6.28,-5.96,-4.40,-4.83,-4.80,-6.01,-3.12,-7.59,-7.54,-4.21,-3.90,-3.58,-2.02,-2.60,-2.23,-0.90,-4.91,-6.22,-6.51,-6.08,-7.87,-8.18,-6.90,-6.63,-6.94,-6.56,-8.40,-4.05,-3.96,-7.94,-7.12,-3.45,-2.50,-7.45,-4.66,-4.36,-6.70,,-6.80,-3.70,-7.90,-8.80,-8.80,,,,,,,-2.60,-5.80,,-5.40,-4.10,-5.90,-5.97,,,,,,,,-0.90,-3.40,-3.50,-3.40,-3.80,,,,,-5,,-3.10,-5.20,-4.70,-6.80,-6.80,,,-5.70,,,-8.20,,,-3.60,-6.10,-6.90,-3,-6.40,-6.30,
2008-12-31 18:50,-4.70,0.98,1.30,-1.25,-5.40,-3.37,-3.08,-4.30,1.56,-6.60,-1.07,0.21,-0.70,-4.52,1.34,-4.68,-4.98,0.85,-11.60,-6.31,-3.96,-1.20,-9.78,,-3.91,-2.81,-1.07,1.03,-6.74,-6.50,-9.34,-7.51,0.14,-13.48,-13.44,-11.21,-9.36,-10,-3.02,-9.89,-0.40,,-6.16,-8.35,-10.90,-10.18,-9.20,-9.05,-9.40,-9.68,-13.36,-5.75,-5.36,-7.13,-12.33,-7.53,-10.05,-9.90,-9.11,-13.33,-9.15,-8.60,-11.63,-4.10,-9.43,-5.09,-3.97,-4.25,-4.70,-9.65,-5.10,-7.39,-3.64,-7.07,-4.98,-1.52,-2.60,-2.13,-4.44,0.09,-2.27,-2.62,-4.67,-3.52,-7.41,-1.47,-5.87,-7.10,-4.94,-4.83,-0.36,-9.33,-6.33,-7,-6.65,-5.92,-4.37,-4.99,-4.92,-6.51,-3.11,-7.73,-7.86,-4.61,-3.27,-3.70,-2.13,-2.60,-2.25,-0.86,-4.95,-5.60,-6.19,-6.12,-7.88,-8.20,-6.90,-6.97,-7.10,-6.45,-8.70,-3.71,-3.80,-7.97,-6.76,-3.42,-2.70,-7.39,-4.51,-4.50,-6.80,,-7.10,-4,-7.90,-8.60,-8.90,,,,,,,-2.80,-6.20,,-5.40,-4.20,-6.10,-6.04,,,,,,,,-1,-3.20,-3.40,-3.40,-3.50,,,,,-5.10,,-3,-5.30,-4.80,-7.30,-7,,,-5.40,,,-8.40,,,-3.40,-5.70,-7.20,-2.80,-5.90,-5.80,
2008-12-31 19:00,-4.80,0.66,1.38,-1.42,-5.60,-3.59,-2.93,-4.30,1.42,-6.72,-0.94,0.33,-0.68,-4.55,2.44,-4.76,-4.86,0.84,-11.50,-6.48,-3.82,-1.12,-10.15,,-3.80,-2.79,-1.04,2.24,-6.77,-6.80,-9.29,-7.60,0.35,-13.83,-13.67,-10.73,-9.34,-10,-3.03,-9.52,-0.20,,-5.55,-8.22,-11.40,-10.17,-9.10,-9.03,-9.33,-9.60,-13.59,-5.88,-5.82,-7.10,-12.44,-7.77,-10.33,-9.90,-8.71,-13.57,-9.06,-6.40,-11.76,-3.90,-9.60,-5.32,-4.40,-4.36,-4.50,-9.77,-5.41,-7.43,-3.84,-7.19,-4.98,-1.63,-2.70,-2.15,-4.70,0.32,-2.76,-2.52,-4.86,-3.25,-7.57,-1.74,-5.94,-7.40,-5.13,-5.24,0.08,-9.49,-6.53,-7,-6.74,-5.91,-4.26,-5.31,-4.96,-6.54,-3.31,-8.03,-7.84,-4.76,-3.34,-3.78,-2.41,-2.80,-2.13,-1.15,-5.02,-5.34,-6.47,-6.44,-7.92,-8.30,-6.90,-7.33,-7.17,-6.35,-8.80,-3.82,-3.65,-8.08,-6.82,-3.63,-2.90,-7.39,-4.86,-4.64,-7,-4.60,-7,-4.10,-8,-8.50,-9.20,-3.10,-6.30,-0.30,-5.40,-1.30,-4.20,-2.80,-6,-6.20,-5.60,-4.30,-6.20,-6,-3.10,-4.30,-6,-7.80,-2.70,-1.80,0.20,-1.20,-3.40,-3.30,-3.60,-3.20,-8.50,-5.60,-7.10,-2.50,-4.80,-4.50,-3,-5.60,-4.90,-7.20,-7.10,,-10.30,-5.50,-5.30,-7.50,-8.50,,-4.80,-3.60,-5.80,-7.50,-2.80,-6.30,-5.60,-7.50
2008-12-31 19:10,-5,0.56,1.42,-1.43,-5.70,-3.47,-2.92,-4.30,1.31,-6.89,-1.21,0.36,-0.89,-3.82,1.88,-4.86,-4.93,0.64,-11.70,-6.71,-3.75,-0.51,-10.30,,-4.03,-3.05,-1.26,1.65,-6.80,-6.90,-9.36,-7.61,0.22,-13.72,-13.44,-10.93,-9.41,-10.13,-3.32,-9.82,-0.30,,-5.84,-8.25,-11.30,-9.95,-9.20,-9.05,-9.19,-9.64,-13.62,-5.83,-6.28,-6.44,-12.45,-8,-10.47,-10,-8.12,-13.72,-9.15,-3.40,-11.72,-3.95,-9.60,-5.56,-4.28,-4.39,-4.50,-9.77,-5.05,-7.55,-3.93,-7.38,-5.17,-1.68,-2.90,-2.24,-4.90,0.40,-2.69,-2.56,-5.03,-3.35,-7.51,-1.85,-5.96,-7.70,-5.07,-5.40,0.65,-9.69,-6.64,-7,-6.59,-5.86,-4.24,-5.44,-4.78,-6.85,-3.23,-8.45,-7.97,-4.94,-3.35,-3.84,-2.75,-3,-2.48,-1.17,-4.91,-5.02,-6.76,-6.49,-8.25,-8.16,-7.10,-7.43,-7.35,-6.55,-8.70,-3.97,-3.73,-8.25,-6.84,-3.74,-3.10,-7.40,-4.86,-4.71,-6.60,,-7.50,-4,-8,-8.50,-9.40,,,,,,,-2.80,-5.10,,-5.60,-4.40,-6.40,-6.22,,,,,,,,-1,-3.60,-3.60,-3.60,-3.20,,,,,-4.80,,-3.10,-6.40,-4.90,-7.30,-7.20,,,-5.50,,,-8.50,,,-3.80,-6.10,-7.60,-2.80,-6.20,-5.60,
2008-12-31 19:20,-5.20,0.77,1.58,-1.48,-5.80,-3.50,-2.86,-4.50,1.28,-7.04,-1.23,0.22,-1.25,-4.85,1.64,-5.02,-4.85,0.60,-12.10,-6.41,-3.93,-0.35,-10.50,,-4.03,-2.86,-1.38,1.70,-6.82,-6.90,-9.25,-7.71,0.43,-13.74,-13.35,-10.68,-9.16,-10.21,-3.70,-9.86,-0.30,,-5.22,-8.25,-11.10,-9.34,-9.10,-9.05,-9.16,-9.67,-13.40,-5.85,-6.49,-5.69,-12.22,-8.20,-10.66,-10,-6.34,-13.87,-9.68,-2.70,-11.48,-3.78,-9.65,-5.62,-4.80,-4.43,-4.30,-9.92,-5.38,-7.49,-4.10,-7.50,-5.33,-1.78,-2.80,-2.26,-5.10,0.18,-3.04,-2.68,-5.24,-3.63,-7.45,-1.82,-6.17,-7.80,-5.07,-5.49,0.83,-9.86,-6.84,-7.10,-6.62,-5.82,-4.50,-5.47,-4.67,-6.76,-2.36,-8.61,-8.05,-4.99,-3.74,-3.81,-3.12,-3.30,-2.43,-1.30,-5.30,-4.67,-6.78,-6.48,-8.43,-8.47,-7.40,-7.44,-7.65,-6.74,-8.60,-3.72,-3.67,-8.02,-7.02,-3.93,-3.20,-7.27,-4.77,-4.89,-6.70,,-7.30,-3.90,-8.20,-8.60,-9.60,,,,,,,-2.60,-5.80,,-5.80,-4.90,-6.60,-6.32,,,,,,,,-1,-3.70,-3.90,-3.70,-3.10,,,,,-5.20,,-3.20,-5.90,-4.80,-7.40,-7.30,,,-5.50,,,-8.50,,,-3.80,-5.70,-7.90,-2.70,-6.50,-6.30,
2008-12-31 19:30,-5.30,0.87,1.60,-1.60,-5.90,-3.48,-3.01,-4.60,1.35,-7.06,-1.53,0.20,-1.60,-5.01,2.12,-5.27,-4.91,0.66,-12.50,-6.18,-3.93,-0.45,-10.51,,-4.11,-2.54,-1.46,1.36,-6.83,-7.20,-9.29,-7.88,0.23,-13.72,-13.69,-10.65,-8.98,-10.21,-3.85,-9.62,0.80,,-4.64,-8.17,-11.60,-9.47,-9.20,-9.04,-9.23,-9.73,-13.53,-6,-6.20,-5.46,-12.31,-8.44,-10.93,-9.90,-4.20,-14,-11.48,-2.70,-11.70,-3.59,-9.58,-5.59,-4.93,-4.80,-4.70,-10.15,-5.42,-7.66,-4.30,-7.70,-5.40,-1.88,-3,-2.26,-5.30,0.22,-3.32,-2.92,-5.22,-3.77,-7.68,-1.81,-6.20,-7.50,-5.05,-6.10,0.83,-10.01,-7.08,-7.10,-6.73,-5.83,-4.68,-5.55,-4.87,-6.86,-1.97,-8.54,-8.16,-5.44,-4.04,-4.31,-3.08,-3.50,-2.19,-1.35,-5.57,-4.44,-6.61,-6.58,-8.55,-8.24,-7.80,-7.62,-7.84,-7.65,-8.50,-3.91,-3.70,-8.28,-7,-4.13,-3.20,-7.32,-5.09,-4.93,-6.70,,-7.40,-3.60,-8.20,-8.40,-9.50,,,,,,,-2.40,-6.20,,-6,-5.10,-6.60,-6.33,,,,,,,,-1.10,-3.80,-4.10,-3.80,-3.20,,,,,-4.60,,-3.40,-5.90,-4.90,-7.40,-7.50,,,-5.90,,,-8.50,,,-3.80,-5.50,-8.10,-2.80,-6.70,-6.10,
2008-12-31 19:40,-5.30,0.81,1.78,-1.71,-5.80,-3.80,-3.10,-4.80,1.11,-7.11,-1.79,0.22,-1.74,-5.08,2.54,-5.40,-4.92,0.40,-12.80,-6.39,-3.99,-0.82,-10.65,,-4.09,-2.51,-1.39,0.83,-6.80,-7.30,-9.38,-8.15,-0.09,-13.73,-13.95,-11.06,-9.44,-10.14,-3.69,-9.77,0.90,,-4.70,-8.32,-11.20,-9.94,-9,-9.03,-9.09,-9.68,-13.53,-5.96,-6.52,-5.32,-12.56,-8.58,-11.07,-9.90,-2.26,-14.17,-12.19,-2.70,-11.77,-3.91,-9.68,-5.63,-4.84,-5.06,-4.60,-10.25,-5.71,-7.72,-4.38,-7.70,-5.83,-1.92,-3.70,-2.60,-5.50,0.12,-3.26,-3.08,-5.23,-3.57,-7.81,-1.88,-6.40,-7.60,-5.23,-6.81,0.72,-10.10,-7.20,-7.20,-6.90,-5.88,-4.84,-5.60,-4.91,-6.83,-1.80,-8.49,-7.65,-5.42,-4.14,-4.72,-3.13,-3.70,-2.31,-1.51,-5.71,-4.44,-6.47,-6.44,-8.42,-8.85,-7.90,-7.94,-7.92,-7.91,-8.30,-4.03,-3.86,-8.09,-7.44,-4.24,-3,-7.33,-5.03,-4.95,-6.50,,-7.40,-3.30,-8.10,-8.40,-9.70,,,,,,,-2.40,-6.20,,-6.50,-5,-6.80,-6.30,,,,,,,,-1.20,-3.90,-4.50,-4,-3.40,,,,,-5,,-3.50,-6.30,-5.10,-7.40,-7.60,,,-5.90,,,-8,,,-3.70,-6,-7.90,-2.50,-6.70,-6.40,
2008-12-31 19:50,-5.40,0.78,2,-1.64,-5.80,-3.93,-3.33,-4.90,0.92,-7.37,-2.03,0.15,-1.96,-5.17,2.02,-5.44,-5.45,0.27,-13.10,-6.52,-3.95,-1.63,-10.99,,-4.11,-2.82,-1.63,0.73,-6.78,-7.60,-9.40,-8.28,-0.12,-14.04,-14.03,-11.11,-9.78,-10.34,-3.68,-9.91,0.50,,-4.41,-8.28,-12,-9.90,-9,-8.97,-9.12,-9.68,-13.42,-5.91,-6.27,-5.42,-12.74,-8.64,-11.13,-9.90,-2.27,-14.25,-12.08,-2.70,-11.76,-4.09,-9.92,-5.70,-4.96,-5.57,-4.50,-10.24,-5.62,-7.60,-4.40,-7.87,-5.85,-2.28,-4,-2.97,-5.60,0.02,-3.20,-3.30,-5.57,-3.82,-7.98,-1.99,-6.74,-8.20,-5.45,-7.03,0.51,-10.30,-7.38,-7.30,-6.89,-5.75,-5.21,-5.70,-5.46,-6.92,-1.70,-8.83,-7.11,-5.58,-4.23,-4.91,-2.82,-3.90,-2.96,-1.86,-5.83,-4.46,-6.33,-6.72,-8.14,-8.76,-7.80,-8.15,-7.93,-8.03,-8.30,-4.01,-3.98,-8.45,-7.21,-4.43,-2.70,-7.52,-5.21,-5.02,-6.60,,-7.30,-2.80,-8.30,-8.40,-9.90,,,,,,,-2.40,-6.20,,-6.30,-4.70,-6.90,-6.31,,,,,,,,-1.20,-4.10,-4.70,-4.30,-3.40,,,,,-5.10,,-3.40,-6.30,-5.20,-7.20,-7.60,,,-6,,,-7.80,,,-3.70,-6.10,-7.50,-2.40,-6.80,-6.50,
2008-12-31 20:00,-5.50,0.76,1.75,-1.64,-5.90,-3.73,-3.72,-5,0.90,-7.23,-2.07,0.15,-1.92,-5.28,2.75,-5.74,-6,0.25,-13,-7.10,-3.83,-1.36,-11.10,,-4.29,-3.49,-1.60,1.33,-6.83,-7.70,-9.26,-8.41,-0.30,-14.29,-14.08,-11.33,-9.76,-10.33,-3.97,-10,0.50,,-3.84,-8.16,-11.30,-10.29,-9,-9.04,-9.23,-9.74,-13.28,-6.07,-6.37,-5.32,-12.63,-8.86,-11.15,-9.90,-2.73,-14.34,-12.48,-2.60,-11.79,-4.35,-10.03,-5.95,-5.16,-5.87,-4.80,-10.23,-5.63,-7.66,-4.44,-7.82,-6.16,-2.63,-3.80,-3.43,-5.70,-0.18,-2.98,-3.50,-5.65,-4.20,-7.74,-1.98,-6.73,-8.40,-5.56,-7,0.66,-10.46,-7.50,-7.40,-6.66,-5.89,-5.48,-5.85,-6.13,-6.87,-1.72,-8.49,-7.76,-5.55,-4.22,-5.07,-2.62,-4.20,-3.74,-2.11,-5.83,-4.41,-6.43,-6.88,-8.37,-8.24,-7.50,-8.21,-8.21,-8.41,-8.20,-3.91,-4.03,-8.70,-7.19,-4.63,-2.60,-7.68,-5.36,-5.22,-6.40,-5.10,-7.30,-2.70,-8.40,-8.40,-10.10,-3.50,-6.80,-1.10,-6.50,-2.10,-5.10,-2.50,-7,-7.30,-6.70,-4.70,-7,-6.10,,-4.90,-6.10,-8.30,-3.30,-2.90,-0.10,-1.30,-4.20,-4.40,-4.60,-3.70,-8.90,-5.70,-7.40,-2.80,-5.10,-5.30,-3.30,-5.90,-5.40,-5.70,-7.80,-10.50,-11.20,-6,-5.50,-7.60,-7,,-5.40,-3.70,-5.80,-7.10,-2.10,-6.80,-6.60,-6.90
2008-12-31 20:10,-5.60,0.67,1.63,-1.60,-5.90,-3.59,-3.74,-5.10,0.72,-6.93,-2.18,-0.04,-2.03,-5.20,2.50,-5.98,-5.77,0.35,-12.90,-7.05,-3.87,-1.05,-11.28,,-4.40,-3.78,-1.85,1.91,-6.83,-7.80,-9.46,-8.38,-0.53,-14.20,-14.07,-11.70,-9.45,-10.38,-4.11,-10.20,0.30,,-4.36,-8.36,-11.40,-9.88,-9,-8.99,-9.25,-9.73,-13.42,-5.99,-6.39,-5.54,-11.74,-8.86,-11.38,-9.90,-3.68,-14.48,-12.38,-2.60,-11.54,-4.45,-10.17,-6.13,-5.16,-5.85,-5.30,-10.33,-5.61,-7.74,-4.53,-7.86,-6.49,-2.70,-3.90,-3.70,-5.78,-0.72,-3.16,-3.70,-5.86,-4.47,-7.24,-1.93,-6.75,-8.60,-5.52,-7.14,0.49,-10.56,-7.86,-7.60,-6.66,-5.99,-5.44,-6.02,-5.98,-6.80,-1.70,-8.47,-8.16,-5.75,-4.33,-5.45,-2.37,-4.40,-3.43,-2.30,-5.86,-4.16,-6.50,-6.76,-8.49,-8.42,-7.50,-8.34,-8.55,-8.74,-8.20,-3.60,-3.96,-9.07,-7.11,-4.80,-2.70,-7.82,-5.24,-5.32,-6.50,,-7.50,-2.50,-8.60,-8.60,-10.10,,,,,,,-2.60,-7,,-6.70,-4.70,-7.20,-6.25,,,,,,,,-1.50,-4.30,-4.20,-4.60,-3.70,,,,,-5.20,,-3.40,-5.10,-5.40,-5.80,,,,-6,,,-7,,,-3.90,-5.50,-7,-2.10,-6.90,-6.60,
2008-12-31 20:20,-5.60,0.65,1.69,-1.64,-5.90,-3.65,-3.30,-5,0.53,-6.60,-2.35,-0.45,-2.24,-4.86,2.50,-5.71,-5.47,0.28,-13,-6.76,-3.72,-1.60,-11.41,,-4.63,-4.04,-2.06,1.06,-6.84,-7.90,-9.54,-8.55,-0.61,-14.07,-13.91,-11.58,-9.83,-10.29,-4.34,-10.14,1,,-4.29,-8.36,-12.50,-9.90,-9.10,-9.01,-9.29,-9.74,-13.24,-6.06,-6.86,-5.70,-10.60,-8.90,-11.56,-9.80,-4.13,-14.62,-12.60,-2.40,-11.36,-4.40,-10.05,-6.37,-5.34,-5.75,-5.80,-10.42,-5.86,-7.78,-4.62,-7.92,-6.69,-2.67,-3.50,-3.81,-6.01,-0.86,-3.25,-3.80,-5.73,-4.67,-7.62,-2.06,-6.72,-8.70,-5.50,-7.18,0.48,-10.66,-7.95,-7.80,-6.71,-5.99,-5.45,-6.17,-5.76,-6.69,-1.68,-8.66,-8.17,-5.88,-4.45,-5.63,-2.10,-4.40,-2.69,-2.44,-5.71,-3.90,-6.97,-6.55,-8.87,-8.71,-7.30,-8.50,-8.91,-8.75,-8.40,-3.45,-4.15,-9.22,-7.07,-5.18,-2.80,-7.79,-5.31,-5.39,-6.60,,-7.70,-2.60,-8.60,-8.60,-10.20,,,,,,,-2.80,-6.70,,-6.80,-4.60,-7.30,-6.28,,,,,,,,-1.40,-4.30,-4.20,-4.60,-3.90,,,,,-5.60,,-3.30,-4.60,-5.50,-6.90,-8,,,-5.70,,,-6.80,,,-3.80,-5.70,-7.40,-1.80,-7,-6.80,
2008-12-31 20:30,-5.80,-1.66,1.05,-1.80,-5.90,-3.88,-3.23,-4.90,0.58,-6.83,-2.57,-0.35,-2.06,-5.09,2.07,-5.87,-5.01,0.12,-13,-6.64,-3.69,-2.03,-11.67,,-4.57,-4.02,-2.04,0.43,-6.86,-7.90,-9.41,-8.75,-0.67,-13.99,-14.09,-11.47,-10.46,-10.78,-4.11,-9.98,1.20,,-4.15,-8.48,-12,-9.51,-9.10,-9.03,-9.30,-9.77,-13.15,-6.15,-6.55,-5.85,-11.28,-9.04,-11.19,-9.80,-2.97,-14.80,-11.86,-2.30,-11.28,-4.75,-8.88,-6.29,-5.37,-5.95,-6,-10.30,-5.93,-7.91,-4.70,-7.93,-6.76,-2.90,-4,-4.24,-6.14,-0.96,-3.45,-4.10,-6,-4.76,-7.76,-2.22,-7,-8.60,-5.71,-7.08,0.38,-10.80,-8,-7.90,-6.75,-5.91,-5.67,-6.36,-6.08,-6.80,-1.84,-8.73,-7.94,-5.87,-4.65,-6.13,-2.11,-4.40,-3.02,-2.49,-5.71,-3.94,-7,-6.54,-8.87,-8.70,-7.30,-8.64,-9.05,-7.43,-8.40,-3.62,-4.26,-9.19,-7.20,-5.22,-2.90,-7.75,-5.67,-5.53,-6.80,,-7.80,-2.90,-8.80,-8.60,-10.30,,,,,,,-2.90,-6.40,,-6.60,-4.70,-7.60,-6.27,,,,,,,,-1.40,-4.40,-4.20,-5,-4.10,,,,,-5.70,,-3.50,-4.30,-5.60,-7.20,-8.20,,,-5.70,,,-6.30,,,-3.70,-5.70,-7.60,-1.90,-7.60,-6.50,
2008-12-31 20:40,-5.90,-4.61,0.43,-1.95,-5.90,-3.89,-3.70,-4.80,0.46,-7.56,-2.82,0.06,-2.03,-5.11,1.72,-5.95,-4.96,-0.04,-13.10,-7.02,-3.65,-1.84,-12.07,,-4.66,-3.96,-2.07,0.35,-6.76,-8,-9.28,-8.91,-0.14,-14.56,-14.50,-12,-10.08,-11,-3.93,-10.12,1.20,,-4.19,-8.35,-12.10,-7.75,-9.20,-9.11,-9.24,-9.78,-13.18,-6.13,-6.39,-5.87,-11.97,-9.29,-11.23,-9.70,-2.62,-14.93,-11.09,-2.50,-11.38,-5.18,-8.18,-6.31,-5.35,-5.97,-5.80,-10.40,-6.01,-7.74,-4.97,-7.85,-7.04,-3,-4.20,-4.51,-6.21,-1.33,-3.58,-4.30,-6.29,-4.93,-8.10,-2.55,-7.04,-8.80,-6.06,-6.96,0.27,-10.94,-8.65,-8,-6.80,-5.93,-5.76,-6.43,-6.50,-6.95,-1.96,-8.62,-6.71,-5.67,-4.62,-6.62,-2.34,-4.30,-3.32,-2.73,-5.96,-4.08,-6.94,-6.57,-8.91,-8.80,-7.30,-8.58,-9,-7.63,-8.40,-3.55,-4.37,-9.25,-7.31,-5.18,-3,-7.79,-6.05,-5.81,-6.80,,-7.90,-2.70,-8.90,-8.60,-10.20,,,,,,,-3.10,-7.40,,-7.40,-4.70,-7.60,-6.26,,,,,,,,-1.80,-4.60,-4.40,-4.90,-3.90,,,,,-6,,-3.60,-4.20,-5.50,-6.50,-8.10,,,-6.20,,,-6.60,,,-3.90,-5.80,-7.70,-1.80,-8,-6.70,
2008-12-31 20:50,-6,-4.95,0.47,-2.06,-6.20,-4.13,-4.04,-4.90,0.52,-7.98,-2.98,-0.01,-2.15,-5.36,1.96,-6.17,-5,-0.46,-13.30,-6.98,-3.97,-2.01,-12.30,,-5.05,-3.93,-2.16,0.15,-6.81,-8.10,-9.45,-9.07,-0.23,-14.58,-14.53,-11.41,-9.56,-10.86,-3.86,-10.46,1.70,,-3.58,-8.34,-12.30,-9.01,-9.30,-9.19,-9.26,-9.86,-13.11,-6.18,-6.31,-6.17,-12.31,-9.48,-11.62,-9.70,-2.19,-15.02,-10.16,-2.20,-11.44,-5.68,-7.78,-6.36,-5.43,-6.31,-5.70,-10.41,-6.01,-7.66,-5.09,-7.78,-7.19,-3.04,-4.40,-4.81,-6.26,-1.65,-3.63,-4.40,-6.56,-5.22,-8.20,-2.89,-7.11,-8.70,-6.20,-6.99,0.37,-11.08,-9.19,-8.10,-6.90,-5.93,-5.64,-6.61,-6.74,-6.87,-2.25,-8.71,-6.21,-5.35,-4.76,-6.94,-2.35,-4.10,-4.96,-2.86,-5.90,-3.98,-7.06,-6.63,-9.36,-8.73,-7.50,-8.56,-9,-7.97,-8.40,-3.52,-4.21,-9.21,-7.30,-4.94,-3.10,-7.68,-6.23,-5.92,-7.20,,-7.80,-2.60,-8.90,-8.60,-10.20,,,,,,,-3.30,-7.90,,-7.80,-4.80,-7.80,-6.27,,,,,,,,-2,-4.60,-4.50,-4.90,-3.90,,,,,-5.80,,-3.70,-4.10,-5.60,-5.90,-8.20,,,-5.70,,,-7.60,,,-4.20,-5.80,-8,-1.70,-8.10,-6.90,
2008-12-31 21:00,-6.20,-5.70,-0.05,-2.14,-6.60,-3.85,-3.96,-5,0.45,-8.38,-2.84,-0.15,-2.36,-5.38,1.86,-6.36,-5.09,-0.58,-13.50,-7.12,-4.09,-2.27,-12.44,,-5.24,-3.80,-2.35,-0.39,-6.86,-8.30,-9.25,-8.95,-0.25,-14.65,-14.56,-10.82,-10.35,-10.98,-4.02,-10.74,1.20,,-3.66,-8.52,-12,-8.82,-9.30,-9.21,-9.44,-9.75,-12.81,-6.17,-6.68,-6.49,-12.39,-9.78,-11.80,-9.70,-2.65,-15.20,-9.79,-2.40,-11.50,-6.17,-7.34,-6.62,-5.62,-6.19,-6.20,-10.26,-5.99,-7.68,-4.93,-7.78,-7.24,-3.25,-4.70,-4.88,-6.34,-2,-3.69,-4.50,-6.65,-5.22,-8.13,-3.06,-7.34,-8.60,-6.24,-7.45,0.27,-11,-9.17,-8.20,-6.86,-5.91,-5.62,-6.65,-6.85,-6.94,-2.48,-8.77,-7.07,-5.67,-4.80,-7.32,-2.48,-4,-5.41,-3.04,-5.97,-3.83,-7.03,-6.63,-9.13,-9.06,-7.30,-8.78,-9,-8.58,-8.40,-3.17,-4.24,-9.29,-7.25,-4.45,-3.30,-7.62,-6.40,-5.86,-7.20,-6.80,-7.80,-2.50,-8.80,-8.70,-10.40,-4,-7.50,-1,-6.80,-3.80,-5.60,-3.60,-6.80,-7.20,-7.40,-4.90,-7.90,-6,,-5.10,-7.40,-8.90,-4.10,-4.10,-0.40,-2,-4.80,-4.50,-4.90,-3.90,-6.40,-7.60,-8,-3.60,-5.60,-4.90,-3.80,-4.30,-5.50,-5.90,-8.20,-11,-11.80,-6.70,-6.30,-8.30,-7.90,-4.10,-5.70,-4.80,-5.80,-8.40,-1.80,-7.80,-6.30,-7.10
2008-12-31 21:10,-6.40,-6.06,0.04,-2.46,-7.10,-3.73,-4.23,-5.20,0.35,-8.55,-2.79,-0.24,-2.46,-5.39,1.88,-6.86,-4.91,-0.76,-13.60,-7.02,-3.95,-2.77,-12.74,,-5.16,-3.78,-2.48,-0.84,-6.83,-8.40,-9.12,-8.39,-0.39,-14.87,-14.95,-11.09,-10.19,-11.21,-4.24,-11.19,1.40,,-3.11,-8.63,-12,-9.06,-9.30,-9.18,-9.41,-9.79,-12.84,-6.23,-7.08,-6.56,-12.56,-9.93,-9.21,-9.70,-2.80,-15.37,-9.48,-2.60,-11.52,-6.53,-7.54,-6.72,-5.53,-6.24,-7,-10.48,-6.15,-7.74,-4.62,-7.87,-7.44,-3.49,-4.60,-4.93,-6.37,-2.24,-3.69,-4.80,-6.49,-5.36,-8.03,-3.39,-7.46,-8.80,-6.22,-8.20,0.40,-11.21,-9.13,-8.40,-6.80,-5.98,-5.60,-6.81,-6.90,-7.31,-2.68,-8.92,-7.91,-6,-4.87,-7.42,-2.61,-4.10,-5.82,-3.20,-5.77,-3.77,-6.96,-6.93,-9.11,-9.15,-7.40,-8.99,-8.68,-9.18,-8.50,-3.13,-4.44,-9.11,-7.76,-4.25,-3.20,-7.68,-6.35,-6.02,-7.10,,-8.10,-2.40,-9,-8.60,-10.30,,,,,,,-3.80,-6.50,,-7.40,-4.90,-8,-6.32,,,,,,,,-2.40,-4.90,-4.60,-5.10,-4,,,,,-5.60,,-3.80,-4.50,-5.50,-6,-8.20,,,-6.70,,,-7.80,,,-4.90,-6.20,-8.80,-1.80,-7.80,-6.30,
2008-12-31 21:20,-6.50,-6.69,0.80,-2.64,-7.40,-3.79,-5.07,-5.20,0.48,-8.70,-2.85,-0.20,-2.53,-5.73,0.39,-7.19,-4.93,-0.76,-13.20,-7.08,-3.75,-2.12,-12.75,,-5.15,-3.46,-2.78,-1.19,-6.88,-8.40,-9.21,-8.75,-0.13,-14.87,-15.14,-11.33,-10.19,-11.16,-4.43,-11.30,0.90,,-3.23,-8.55,-12.20,-8.24,-9.30,-9.23,-9.33,-9.87,-12.90,-6.30,-7.28,-6.59,-12.79,-10.10,-6.49,-9.70,-4.18,-15.37,-9.79,-2.60,-11.42,-6.36,-7.83,-6.82,-5.46,-6.26,-7.30,-10.57,-6.17,-7.72,-4.67,-8,-7.56,-3.47,-4.60,-4.88,-6.27,-2.18,-4.08,-4.90,-6.67,-5.62,-8.32,-3.57,-7.49,-8.90,-6.28,-8.73,0.15,-11.37,-9.28,-8.60,-6.92,-5.93,-5.70,-6.95,-7.09,-6.81,-2.81,-9.36,-7.09,-6.08,-4.88,-7.05,-2.65,-4.20,-5.72,-3.34,-6,-3.81,-7.16,-6.94,-9.19,-9.41,-7.50,-9.15,-9.07,-8.92,-8.70,-3.35,-4.62,-9.09,-8.51,-4.07,-3,-7.79,-6.30,-5.97,-7.10,,-8.10,-2.30,-9,-8.50,-10.20,,,,,,,-4,-5.60,,-8,-5.10,-8,-6.28,,,,,,,,-2.90,-5,-4.70,-5.30,-4.10,,,,,-5.80,,-3.90,-4.50,-5.50,-6,-8.30,,,-6.30,,,-7,,,-4.80,-6.20,-8.40,-1.50,-7.80,-6.10,
2008-12-31 21:30,-6.60,-6.90,0.88,-3.06,-7.60,-4,-5.64,-5.20,0.50,-8.77,-2.94,-0.01,-2.62,-5.64,-0.95,-7.44,-4.80,-1.40,-13.10,-6.93,-3.59,-2.42,-12.74,,-5.09,-3.55,-2.95,-1.04,-6.86,-8.40,-9.50,-8.95,0,-14.87,-15.19,-11.20,-10.50,-11.62,-4.70,-11.78,0.80,,-3.28,-8.30,-12.70,-7.24,-9.30,-9.32,-9.27,-9.87,-13,-6.23,-7.63,-6.63,-13.10,-10.30,-5.53,-9.70,-3.96,-15.51,-11.05,-2.80,-11.40,-6.02,-7.81,-7.08,-5.62,-6.41,-7.20,-10.73,-5.81,-7.80,-4.72,-7.93,-7.49,-3.69,-4.90,-5.02,-6.30,-2.29,-4.31,-5,-7.05,-5.75,-8.49,-3.72,-7.34,-8.90,-6.25,-9.16,0.13,-11.52,-9.31,-8.80,-7.02,-5.91,-5.95,-7.07,-7.10,-5.96,-2.80,-9.38,-6.94,-6.31,-5.06,-6.77,-2.69,-4.30,-5.47,-3.51,-5.96,-3.92,-7.28,-6.97,-9.37,-9.19,-8,-9.29,-9.23,-9.11,-8.90,-3.33,-5.01,-9.17,-8.11,-4.04,-3,-7.76,-6.18,-6.05,-7.20,,-8.10,-2.40,-9,-8.60,-10.20,,,,,,,-4.10,-5.10,,-8.20,-5.10,-8,-6.33,,,,,,,,-3.10,-5.10,-4.80,-5.40,-4.50,,,,,-5.70,,-4.10,-4.50,-5.70,-6.10,-8.50,,,-6.50,,,-5.90,,,-4.60,-5.60,-8.50,-1.20,-7.80,-6.20,
2008-12-31 21:40,-6.60,-6.97,0.67,-3.22,-7.90,-4.07,-6.19,-5.40,0.54,-8.92,-2.92,0.09,-2.52,-5.64,-1.58,-7.48,-4.90,-1.32,-13.20,-7.05,-3.45,-2.38,-13.13,,-5.12,-3.60,-3.23,-0.89,-6.73,-8.60,-9.63,-9.28,0.45,-14.96,-15.12,-11.30,-10.58,-12.23,-4.85,-11.94,1,,-3.02,-8.50,-12.50,-7.39,-9.40,-9.16,-9.57,-9.77,-13.11,-6.20,-7.08,-6.68,-12.81,-10.30,-5.56,-9.70,-3.12,-15.45,-10.92,-2.90,-11.43,-6.26,-8.30,-7.09,-5.66,-6.62,-7,-10.91,-6.07,-7.89,-4.79,-7.97,-7.54,-3.80,-4.80,-5.18,-6.42,-2.22,-4.55,-5,-7.32,-5.79,-8.44,-3.92,-7.55,-9,-6.38,-9.37,0.23,-11.61,-9.41,-9,-6.95,-6.06,-6.05,-7.22,-7.03,-5.62,-2.94,-9.60,-6.48,-6.25,-5.22,-6.41,-2.58,-4.20,-4.88,-3.64,-5.98,-4.12,-7.22,-7.27,-9.32,-8.91,-8.20,-9.34,-9.41,-9.38,-8.90,-3.49,-4.71,-9.54,-7.83,-3.91,-2.90,-7.73,-5.99,-6.05,-7.30,,-8.30,-2.30,-9.10,-8.70,-10.30,,,,,,,-4.20,-5.20,,-8,-5.20,-7.90,-6.50,,,,,,,,-3.10,-5.40,-4.90,-5.50,-4.60,,,,,-5.70,,-4.20,-4.50,-5.70,-6.10,-8.70,,,-6.50,,,-5.60,,,-4.70,-5.80,-8.50,-0.90,-8,-6.40,
2008-12-31 21:50,-6.80,-6.99,0.51,-3.40,-7.80,-4.05,-6.35,-5.40,0.51,-8.98,-3.01,-0.18,-2.46,-5.55,-1.61,-7.37,-6.55,-1.13,-13.20,-7.65,-3.25,-2.29,-13.22,,-5.12,-3.76,-3.32,-0.81,-6.68,-8.30,-9.80,-9.40,0.46,-15.10,-14.91,-11.52,-10.60,-12.32,-5.24,-11.92,1.20,,-3.11,-8.47,-13,-7.59,-9.30,-9.31,-9.49,-9.74,-12.98,-6.35,-6.83,-6.75,-12.81,-10.26,-5.38,-9.70,-3.24,-15.54,-9.95,-3.20,-11.51,-5.86,-8.33,-6.91,-5.57,-6.51,-7,-10.98,-6.27,-7.98,-4.78,-7.85,-7.43,-3.75,-5,-5.30,-6.50,-2.28,-4.84,-5.10,-7.41,-5.96,-7.95,-4.05,-7.72,-9.30,-6.35,-9.56,-0.08,-11.78,-9.50,-9.10,-6.88,-6.02,-6.33,-7.60,-6.78,-5.23,-2.95,-9.63,-6,-6.16,-5.26,-6.53,-3.12,-4.50,-4.77,-3.88,-6.09,-4.30,-7.27,-7.32,-9.44,-8.89,-8.50,-9.35,-9.26,-9.38,-8.10,-3.66,-4.58,-9.59,-8.76,-3.72,-2.90,-7.88,-6.16,-6.19,-7.60,,-8.40,-2.20,-9.40,-8.80,-10.60,,,,,,,-4.20,-5.20,,-8.20,-5.30,-7.90,-6.32,,,,,,,,-3.50,-5.20,-5,-5.70,-4.80,,,,,-6,,-4.30,-4.50,-5.80,-6.30,-8.80,,,-6.60,,,-5.90,,,-4.60,-6.50,-8.30,-1,-8.50,-6.50,
2008-12-31 22:00,-6.90,-6.79,0.38,-3.61,-8.10,-4.30,-6.55,-5.50,0.30,-9.17,-3.15,-0.70,-2.59,-5.80,-1.39,-7.30,-7.26,-1.56,-13.40,-7.53,-3.13,-2.34,-13.31,,-5.18,-4.01,-3.35,-0.56,-6.73,-8.50,-9.68,-9.56,0.43,-15.06,-14.59,-11.88,-9.95,-12.40,-5.18,-11.95,1.20,,-3.12,-8.54,-12.70,-7.77,-9.30,-9.26,-9.36,-9.74,-13,-6.47,-7,-6.92,-13.13,-10.36,-5.16,-9.70,-3.14,-15.64,-9.76,-2.90,-11.56,-6.44,-8.99,-7.16,-5.46,-6.46,-7.20,-10.99,-6.46,-7.92,-4.94,-7.79,-7.57,-3.65,-5,-5.36,-6.53,-2.73,-5.07,-5.10,-7.49,-6.26,-7.59,-4.17,-7.88,-9.30,-6.37,-9.61,-0.25,-11.89,-9.84,-9.20,-7.10,-6.01,-6.46,-7.63,-6.89,-5.08,-3.25,-9.78,-6.12,-6.29,-5.43,-6.70,-3.17,-4.40,-4.89,-4.01,-6.06,-4.26,-7.27,-7.36,-9.60,-8.36,-8.70,-9.38,-9.16,-9.58,-9.20,-3.65,-4.58,-9.60,-8.91,-3.81,-2.80,-8.01,-6.33,-6.26,-8,-8.10,-8.30,-2,-9.50,-9.20,-10.70,-5.20,-8.70,-2.30,-7.10,-4.80,-5.90,-4.50,-5.10,-8.40,-9.20,-5.30,-8,-6.30,-3.80,-5.60,-8.10,-8.90,-5,-4.50,-1.90,-3.60,-5.30,-5.30,-5.80,-4.80,-6.50,-6.70,-7.70,-4.30,-5.40,-3.70,-4.40,-4.60,-6.20,-6.60,-8.80,-9.70,-12.30,-6.50,-6.80,-8.80,-6.10,-4.90,-5.40,-4.50,-6.30,-8.50,-1.20,-9,-6.90,-9
2008-12-31 22:10,-7,-6.92,0.29,-3.75,-7.90,-4.47,-6.85,-5.70,0.19,-9.34,-3.10,-1.25,-2.52,-5.64,-0.69,-7.08,-8.23,-1.94,-13.60,-7.90,-2.99,-2.68,-13.49,,-5.59,-4.35,-3.61,-0.46,-6.84,-8.50,-9.48,-9.74,0.83,-15.03,-14.89,-11.98,-9.32,-12.38,-5.22,-12.02,1.60,,-2.48,-8.39,-13.20,-7.84,-9.30,-9.25,-9.38,-9.65,-13.22,-6.46,-6.86,-7.01,-13.47,-10.55,-5.05,-9.70,-4.08,-15.70,-9.35,-2.90,-11.47,-6.20,-9.56,-7.41,-5.40,-6.50,-7.40,-11.07,-6.32,-8.17,-5.06,-7.82,-7.71,-3.81,-5.30,-5.53,-6.50,-2.86,-5.39,-5.06,-7.32,-6.20,-7.81,-4.18,-7.89,-9,-6.26,-9.49,-0.37,-11.97,-9.89,-9.10,-7.24,-6.13,-6.44,-7.56,-6.94,-4.69,-3.39,-9.95,-6.35,-6.29,-5.39,-6.79,-3.47,-4.30,-5.19,-4.11,-5.92,-4.18,-7.19,-7.47,-9.63,-8.33,-8.90,-9.41,-9.12,-9.42,-9.50,-3.73,-4.76,-9.74,-8.82,-3.84,-2.70,-8.04,-6.29,-6.76,-8.30,,-8.40,-1.90,-9.40,-9,-10.60,,,,,,,-4.60,-5.10,,-9.20,-5.30,-7.90,-6.38,,,,,,,,-3.30,-5.50,-5.90,-5.80,-4.80,,,,,-5.40,,-4.50,-4.60,-6.30,-6.60,-8.80,,,-6.60,,,-6,,,-4.40,-6.30,-8.50,-1.10,-9,-6.90,
2008-12-31 22:20,-7,-7.08,0.32,-3.85,-8,-4.60,-7.13,-5.80,-0.04,-9.44,-3.15,-1.50,-2.54,-5.61,-0.64,-7.49,-8.12,-1.24,-13.80,-7.78,-2.96,-3.16,-13.67,,-5.57,-4.51,-3.67,-0.49,-6.85,-8.50,-9.51,-9.79,0.25,-14.93,-15.16,-11.78,-10.05,-12.52,-5.03,-12.40,1.30,,-2.94,-8.50,-13,-7.52,-9.20,-9.21,-9.35,-9.75,-13.26,-6.69,-6.85,-6.98,-13.52,-10.63,-5.05,-9.70,-4.16,-15.71,-9.60,-3.30,-11.45,-5.94,-9.95,-7.31,-5.30,-6.57,-7.60,-11.10,-6.63,-8.04,-5.04,-7.88,-7.72,-4,-5.30,-5.69,-6.40,-2.74,-5.72,-5.12,-7.58,-6.46,-8.13,-4.31,-8.17,-8.90,-6.34,-9.41,-0.39,-11.99,-9.79,-9.20,-7.19,-6.14,-6.56,-7.64,-7.28,-4.65,-3.43,-10.09,-6.40,-5.98,-5.34,-7.13,-3.39,-4.10,-5.72,-4.28,-5.97,-4.21,-7.13,-7.39,-9.78,-8.52,-9.10,-9.41,-9.24,-9.41,-9.50,-3.82,-4.80,-9.86,-8.84,-3.91,-2.70,-8.15,-6.30,-7.03,-8.10,,-8.30,-1.70,-9.40,-8.60,-10.40,,,,,,,-4.80,-5.40,,-8.90,-5.40,-7.90,-6.50,,,,,,,,-3.50,-5.60,-6.10,-5.80,-4.80,,,,,-6.20,,-4.60,-4.60,-6.40,-6.50,-8.70,,,-7.10,,,-5.70,,,-4.40,-5.90,-8.50,-0.80,-9,-7.10,
2008-12-31 22:30,-7,-7.11,0.27,-4.12,-8,-4.63,-7.16,-6.30,-0.32,-9.61,-3.15,-1.70,-2.50,-5.38,-0.91,-7.84,-8.44,-1.15,-13.90,-7.92,-2.85,-2.63,-13.76,,-5.71,-4.62,-4,-0.66,-6.99,-8.50,-9.36,-9.78,0.18,-15.24,-15.16,-12.17,-10.79,-12.52,-4.91,-12.82,0.50,,-3.15,-8.54,-13,-7.34,-9.20,-9.18,-9.32,-9.70,-13.06,-6.62,-6.08,-6.86,-13.77,-10.76,-5.50,-9.60,-3.63,-15.83,-10.02,-3.50,-11.83,-6.03,-10.39,-7.43,-5.51,-6.45,-7.70,-11.06,-6.55,-8.16,-5.04,-7.94,-7.82,-3.91,-5.30,-5.83,-6.50,-2.92,-5.92,-5.29,-7.79,-6.69,-8.55,-4.57,-8.24,-9.10,-6.37,-9.45,-0.26,-12.02,-10.02,-9.10,-7.10,-6.17,-6.64,-7.64,-7.36,-4.75,-3.48,-10.08,-6.43,-5.79,-5.39,-7.17,-3.42,-4.10,-5.97,-4.56,-5.95,-4.14,-7.25,-7.27,-10.15,-8.14,-9.20,-9.50,-9.46,-8.62,-9.40,-3.76,-4.93,-9.80,-9.04,-4.09,-2.70,-8.09,-6.35,-6.92,-7.70,,-8.20,-1.90,-9.40,-8.80,-10.80,,,,,,,-5,-5.40,,-8.40,-5.50,-7.90,-6.58,,,,,,,,-3.60,-5.90,-6.20,-6,-4.90,,,,,-6.10,,-4.50,-4.60,-6.40,-6.50,-8.80,,,-7.30,,,-5.60,,,-4.30,-5.70,-8.50,-0.80,-9,-7.30,
2008-12-31 22:40,-7,-6.61,0.19,-4.45,-8.40,-4.88,-7.21,-6.50,-0.41,-9.57,-3.19,-1.85,-2.57,-4.99,-1.14,-7.70,-8.23,-1.14,-13.90,-7.51,-3.01,-2.40,-13.71,,-5.82,-4.39,-4.04,-0.66,-7.06,-8.50,-9.34,-9.79,0.17,-15.53,-15.03,-12.19,-10.42,-12.95,-4.63,-12.94,1.30,,-2.74,-8.47,-12.70,-8.54,-9.10,-9.21,-9.44,-9.61,-13.35,-6.62,-5.38,-6.87,-13.84,-10.98,-6.28,-9.60,-2.96,-15.92,-10.79,-3.40,-12.56,-5.64,-10.46,-7.70,-5.42,-6.36,-7.80,-10.98,-6.60,-8.10,-5.06,-7.96,-7.99,-4.06,-5.30,-6.18,-6.50,-2.90,-6.14,-5.26,-7.99,-6.72,-8.67,-4.76,-7.91,-9.30,-6.52,-9.37,-0.25,-12.10,-10.12,-9.10,-7.18,-6.18,-6.78,-7.60,-7.12,-4.95,-3.69,-9.93,-6.02,-5.68,-5.25,-7.31,-3.80,-3.80,-6.08,-4.57,-5.95,-4.29,-7.30,-6.89,-10.15,-8.50,-8.90,-9.71,-9.56,-9.12,-9.50,-4.46,-5.15,-10.02,-8.87,-4.29,-2.80,-7.74,-6.23,-6.96,-7.70,,-8.30,-2.50,-9.50,-9.10,-11.10,,,,,,,-5.10,-5.50,,-8.50,-5.50,-8,-6.65,,,,,,,,-3.60,-6.30,-6.30,-6.10,-5.30,,,,,-6.20,,-4.70,-4.70,-6.40,-6.60,-9,,,-7.30,,,-5.90,,,-4.30,-5.70,-8.40,-0.90,-9.10,-7.10,
2008-12-31 22:50,-7,-6.62,-0.01,-4.43,-8.30,-5.20,-7.39,-6.60,-0.51,-9.61,-3.32,-2.07,-2.54,-5.43,-1.41,-7.62,-8.29,-1.25,-13.70,-7.48,-3.02,-2.95,-13.76,,-6.22,-4.45,-4.37,-0.90,-7.06,-8.20,-9.44,-9.71,0.04,-15.73,-14.88,-12.14,-10.34,-12.47,-4.87,-12.88,1,,-3.15,-8.52,-13,-8.97,-9.10,-9.25,-9.44,-9.60,-13.24,-6.50,-4.76,-6.93,-13.92,-11.02,-7.60,-9.60,-2.65,-16.04,-11.18,-3.70,-13.12,-6.11,-10.48,-7.76,-5.39,-6.36,-7.60,-10.99,-6.41,-8.17,-5.12,-8.04,-8.11,-4.05,-5.30,-6.12,-6.60,-3.03,-6.18,-5.49,-8.29,-6.67,-8.91,-4.87,-7.81,-9.50,-6.67,-9.41,-0.51,-12.20,-10.03,-9.10,-7.10,-6.22,-6.85,-7.79,-7.14,-5.05,-3.91,-9.89,-5.63,-5.67,-5.26,-7.54,-3.79,-3.20,-5.96,-4.54,-6.08,-4.30,-7.40,-6.59,-10.03,-8.86,-8.70,-9.87,-9.66,-9.66,-9.90,-4.42,-5.16,-9.86,-8.97,-4.40,-3,-7.44,-6.23,-7.79,-7.80,,-8.10,-2.90,-9.60,-9.20,-11.20,,,,,,,-5.20,-5.60,,-8.70,-5.50,-8,-6.70,,,,,,,,-3.70,-6,-6.60,-6.20,-5.20,,,,,-5.70,,-4.80,-4.70,-6.40,-6.60,-9,,,-7,,,-5.70,,,-4.20,-5.60,-8.20,-1,-9.10,-7.40,
2008-12-31 23:00,-7,-6.76,-0.25,-4.12,-8.50,-5.59,-7.46,-6.80,-0.62,-9.87,-3.61,-2.18,-2.30,-5.08,0.53,-8.50,-7.49,-2.13,-13.60,-8.04,-3.12,-3.20,-14.14,,-6.13,-4.53,-4.35,-1.22,-7.07,-8.20,-9.65,-9.86,0.37,-15.80,-15.01,-12.09,-10.67,-12.65,-5.30,-12.90,1.50,,-4.06,-8.54,-13.60,-8.88,-9.10,-9.19,-9.30,-9.67,-13.24,-6.66,-4.14,-6.73,-13.99,-10.88,-8.36,-9.70,-2.49,-16.09,-10.39,-3.90,-13.31,-6.37,-10.55,-7.84,-5.54,-6.47,-7.30,-11.21,-6.65,-8.07,-5.04,-8.11,-8.14,-4.13,-5.30,-6.18,-6.70,-3.39,-6.30,-5.71,-8.47,-6.62,-9.08,-4.74,-8.39,-9.50,-6.76,-9.25,-0.61,-12.38,-10.09,-9.10,-7.11,-6.30,-6.92,-7.83,-7.52,-5.15,-4.15,-9.91,-5.60,-5.82,-5.30,-7.54,-3.73,-2.90,-5.94,-4.52,-6.01,-4.06,-7.36,-6.46,-10.51,-9.15,-8.30,-9.71,-9.61,-10.07,-10,-4.27,-5.36,-9.51,-9.10,-4.53,-3,-6.37,-5.77,-8.12,-8,-8.50,-8.50,-3.10,-9.60,-9.30,-10.70,,-9.50,-2.20,-6.80,-5.50,-6.10,-5.30,-5.70,-8.60,-8.90,-5.60,-8.10,-6.60,-4.80,-5.80,-8.70,-9.50,-5.40,-4.90,-3.20,-4,-5.80,-6.80,-6.30,-5.30,-6.70,-7.10,-7.80,-4.50,-5.80,-4,-4.90,-4.90,-6.40,-6.80,-9.10,,-11.70,-7,-7.60,-7.80,-5.50,,-5.70,-4.20,-5.80,-8,-1,-9.40,-7.50,-8.20
2008-12-31 23:10,-7.10,-7.16,-0.27,-4.04,-8.60,-5.98,-7.46,-7.10,-0.71,-9.95,-3.76,-2.73,-2.31,-5.19,0.12,-9,-8.60,-2.06,-13.60,-7.86,-3.09,-3.08,-14.19,,-6.15,-4.63,-4.37,-0.90,-7.06,-8.40,-9.71,-9.94,0.29,-15.72,-15.39,-12.46,-10.67,-12.55,-5.53,-12.84,1.20,,-3.86,-8.48,-13.10,-9.71,-9.10,-9.10,-9.55,-9.71,-13.30,-6.61,-4.71,-6.68,-13.91,-10.72,-8.71,-9.70,-2.66,-16.04,-9.87,-3.90,-12.19,-6.19,-10.38,-7.91,-5.45,-6.31,-6.80,-11.11,-6.95,-8.06,-5.02,-8.24,-8.34,-4.14,-5.40,-6.09,-6.60,-3.89,-6.36,-6,-8.52,-6.86,-8.89,-4.74,-8.30,-9.70,-6.97,-9.04,-0.73,-12.44,-10.24,-9.20,-7.31,-6.19,-7.05,-7.75,-7.60,-5.26,-4.25,-9.91,-5.83,-5.99,-5.42,-7.56,-3.94,-2.50,-5.66,-4.48,-6.08,-4.21,-7.27,-6.44,-10.66,-9.21,-8.20,-9.42,-9.97,-9.64,-10,-4.05,-5.44,-9.90,-9.18,-4.71,-3,-5.39,-6.28,-8.44,-8.10,,-8.80,-3,-9.60,-9.40,-10.90,,,,,,,-5.40,-5.70,,-8.90,-5.60,-8.10,-6.64,,,,,,,,-3.90,-5.90,-6.50,-6.40,-5.30,,,,,-5.80,,-5,-4.90,-6.40,-6.80,-9.20,,,-7,,,-5.50,,,-4.20,-6,-8.40,-1,-9.40,-7.50,
2008-12-31 23:20,-7.10,-7.33,-0.44,-4.25,-8.60,-6.19,-7.59,-7.20,-0.94,-10.06,-3.89,-2.80,-2.48,-5.06,-1.51,-8.83,-9.62,-2.54,-13.60,-7.76,-3.17,-3.21,-14.28,,-6.09,-5.13,-4.51,-1.02,-7.11,-8.40,-9.59,-9.82,-0.03,-15.76,-15.74,-12.57,-10.65,-12.64,-5.46,-12.97,1.60,,-4.29,-8.61,-13.40,-10.03,-9,-9.08,-9.38,-9.72,-12.99,-6.71,-4.67,-6.71,-13.53,-10.73,-9.37,-9.70,-2.66,-16.22,-10.23,-4.10,-12.64,-5.69,-10.45,-8.01,-5.56,-6.53,-6.60,-11.28,-6.74,-8.16,-5.03,-8.35,-8.41,-4.05,-5.30,-6.26,-6.80,-4.39,-6.45,-6.10,-8.34,-7.06,-9.24,-4.64,-8.58,-9.80,-7.41,-8.95,-0.77,-12.58,-10.44,-9.30,-7.27,-6.23,-7.18,-8.28,-7.29,-5.36,-4.18,-10.07,-5.69,-6.20,-5.44,-7.91,-4.72,-2.40,-5.74,-4.48,-6.27,-4.31,-7.20,-6.46,-10.60,-9.05,-8.10,-9.08,-10.02,-9.72,-9.80,-4.08,-5.19,-9.90,-9.75,-4.88,-3.20,-5.15,-6.42,-8.54,-8.20,,-8.40,-3,-9.50,-9.30,-11,,,,,,,-5.50,-5.80,,-9,-5.60,-8.20,-6.58,,,,,,,,-3.80,-6.10,-6.60,-6.50,-5.20,,,,,-5.70,,-4.90,-5.10,-6.40,-6.80,-9.30,,,-7.10,,,-5.90,,,-4.10,-6.20,-8.60,-1.20,-9.30,-7,
2008-12-31 23:30,-7.10,-7.52,-0.69,-4.39,-9.11,-6.22,-7.64,-7.30,-1.30,-10.10,-3.84,-2.94,-2.63,-5.40,-1.32,-8.60,-10.09,-2.40,-13.60,-7.81,-3.28,-3.53,-14.29,,-6.20,-5.35,-4.70,-1.85,-7.24,-8.50,-9.58,-9.87,0.26,-15.90,-15.67,-12.20,-9.76,-12.79,-5.13,-13.15,1.40,,-3.65,-8.79,-13.30,-9.79,-9.20,-9.15,-9.44,-9.67,-13,-6.93,-4.34,-6.66,-12.94,-11.12,-10.01,-9.70,-2.93,-16.33,-10.36,-4.10,-12.85,-6.08,-10.47,-8.23,-5.37,-6.72,-6.30,-11.34,-6.45,-8.13,-4.91,-8.24,-8.51,-4.14,-5.10,-6.60,-6.80,-4.58,-6.47,-6.20,-8.26,-7.05,-9.13,-4.68,-8.65,-9.90,-7.43,-8.87,-0.65,-12.63,-10.53,-9.30,-7.21,-6.22,-7.32,-8.74,-7.06,-5.49,-4.14,-9.97,-5.99,-6.09,-5.36,-8.14,-4.99,-2.50,-5.62,-4.50,-6.21,-4.43,-7.37,-6.53,-10.60,-9.35,-8.10,-9.23,-9.99,-9.62,-10.10,-3.93,-5.19,-9.98,-9.92,-4.99,-3.10,-5.02,-6.46,-8.07,-8.20,,-8.40,-3.10,-9.70,-9.20,-11,,,,,,,-5.70,-6,,-9.20,-5.70,-8.30,-6.73,,,,,,,,-4,-6.30,-6.50,-6.60,-5.30,,,,,-4.90,,-4.90,-5.10,-6.40,-6.80,-9.30,,,-7.10,,,-5.70,,,-3.90,-6.20,-8.10,-1.40,-9.30,-6.90,
2008-12-31 23:40,-7.10,-7.59,-0.76,-4.57,-9.08,-6.44,-7.82,-7.40,-1.68,-10.32,-3.82,-2.89,-3.07,-5.62,-1.44,-8.31,-10.34,-2.84,-13.50,-7.76,-3.34,-3.38,-14.13,,-6.14,-5.36,-4.98,-2.37,-7.14,-8.70,-9.53,-10.06,0.18,-16.21,-15.63,-12.05,-10.61,-13.03,-5.08,-13.24,1.70,,-3.84,-8.61,-13.30,-9.09,-9.20,-9.15,-9.59,-9.69,-13.08,-7.03,-4.18,-6.75,-12.43,-11.05,-9.45,-9.70,-2.92,-16.46,-10.21,-4.10,-12.32,-6.12,-10.44,-8.39,-5.49,-6.98,-5.90,-11.35,-6.68,-8.16,-4.95,-8.12,-8.47,-4.20,-5.30,-6.60,-6.70,-4.66,-6.54,-6.20,-7.57,-6.99,-9.25,-4.73,-8.63,-10,-7.25,-8.92,-0.74,-12.73,-10.53,-9.30,-7.29,-6.23,-7.16,-8.80,-7.03,-5.56,-4.49,-10.10,-5.97,-6.12,-5.55,-8.02,-4.43,-2.40,-5.80,-4.45,-6.28,-4.46,-7.82,-6.59,-10.12,-9.53,-8.30,-9.04,-10.01,-8.36,-10.40,-4.46,-5.34,-9.98,-9.60,-4.98,-3,-4.94,-6.06,-7.65,-8.20,,-8.20,-3.40,-9.90,-8.90,-10.90,,,,,,,-5.90,-6.10,,-9.70,-5.70,-8.30,-6.56,,,,,,,,-4.60,-6.30,-6.40,-6.70,-5.20,,,,,-4.70,,-4.90,-5.20,-6.30,-7,-9.10,,,-6.90,,,-6,,,-3.80,-5.70,-7.70,-1.40,-9.30,-7.20,
2008-12-31 23:50,-7.10,-7.58,-0.77,-4.69,-9,-6.62,-8.13,-7.50,-1.57,-10.45,-3.44,-2.97,-3.20,-5.77,-2.17,-8.84,-9.98,-2.90,-13.30,-7.72,-3.22,-3.47,-14.06,,-6.10,-5.56,-5.16,-2.60,-7.17,-8.70,-9.47,-10.22,0.23,-16.26,-15.46,-12.41,-10.71,-13.15,-5.47,-13.25,1.60,,-3.56,-8.92,-13.40,-8.16,-9.20,-9.23,-9.48,-9.67,-13.01,-7.09,-3.61,-6.82,-11.12,-10.95,-10.29,-9.70,-3.02,-16.40,-10.08,-4.10,-13.03,-6.03,-10.51,-8.29,-5.40,-7.41,-6,-11.40,-6.81,-8.13,-4.99,-8.13,-8.32,-4.18,-5.70,-6.62,-6.70,-4.90,-6.53,-6.27,-6.61,-7.08,-9.41,-4.73,-8.63,-9.90,-7.28,-9.09,-0.70,-12.81,-10.68,-8.90,-7.23,-6.31,-7.30,-9.23,-6.98,-5.63,-4.94,-10.27,-5.89,-5.98,-5.64,-8.04,-4.82,-2.30,-6.11,-4.58,-6.49,-4.50,-7.96,-6.78,-10.22,-9.81,-8.50,-9.57,-10.13,-9.30,-10.40,-4.61,-5.35,-10.14,-9.30,-4.74,-3,-4.96,-5.91,-7.55,-8.30,,-8.50,-3.70,-9.90,-9.10,-10.90,,,,,,,-5.90,-6.40,,-9.40,-5.70,-8.40,-6.61,,,,,,,,-5.20,-5.70,-6.40,-6.80,-5.10,,,,,-4.80,,-5,-5.30,-6.30,-7,-8.70,,,-6.90,,,-6,,,-3.80,-5,-7.70,-1.30,-9.50,-8.20,
